F1-X,F1-Y,F2-X,F2-Y,F3-X,F3-Y,MIX1-X,MIX1-Y
-4136,-10000,-8954,-5050,2078,2543,-3011,-10000
-4136,-10000,-8886,-5122,2128,2605,-2938,-10000
-4136,-10000,-8818,-5195,2178,2669,-2867,-10000
-4136,-10000,-8750,-5269,2227,2734,-2794,-10000
-4136,-10000,-8680,-5343,2277,2801,-2721,-10000
-4136,-10000,-8610,-5419,2327,2870,-2647,-10000
-4136,-10000,-8539,-5495,2375,2942,-2572,-10000
-4136,-10000,-8467,-5571,2424,3015,-2496,-10000
-4136,-10000,-8397,-5647,2473,3091,-2420,-10000
-4136,-10000,-8326,-5722,2522,3168,-2347,-10000
-4136,-10000,-8256,-5798,2572,3246,-2271,-10000
-4136,-10000,-8185,-5874,2620,3326,-2196,-10000
-4136,-10000,-8114,-5951,2669,3408,-2122,-10000
-4136,-10000,-8043,-6026,2717,3492,-2047,-10000
-4136,-10000,-7974,-6100,2765,3578,-1973,-10000
-4136,-10000,-7905,-6175,2812,3666,-1900,-10000
-4136,-10000,-7836,-6248,2859,3757,-1829,-10000
-4136,-10000,-7768,-6321,2905,3849,-1756,-10000
-4136,-10000,-7701,-6393,2950,3944,-1685,-10000
-4136,-10000,-7634,-6465,2995,4040,-1615,-10000
-4136,-10000,-7567,-6536,3040,4138,-1544,-10000
-4136,-10000,-7502,-6606,3085,4237,-1475,-10000
-4136,-10000,-7437,-6676,3129,4338,-1407,-10000
-4136,-10000,-7374,-6743,3173,4442,-1339,-10000
-4136,-10000,-7312,-6810,3216,4548,-1275,-10000
-4136,-10000,-7251,-6875,3259,4657,-1209,-10000
-4136,-10000,-7191,-6940,3303,4767,-1146,-10000
-4136,-10000,-7132,-7003,3345,4878,-1085,-10000
-4136,-10000,-7075,-7065,3385,4991,-1024,-10000
-4136,-10000,-7019,-7124,3424,5106,-965,-10000
-4136,-10000,-6965,-7183,3462,5224,-907,-10000
-4136,-10000,-6912,-7240,3501,5345,-850,-10000
-4136,-10000,-6859,-7296,3541,5468,-794,-10000
-4136,-10000,-6808,-7350,3579,5591,-740,-10000
-4136,-10000,-6759,-7403,3616,5716,-689,-10000
-4136,-10000,-6712,-7454,3652,5843,-640,-10000
-4136,-10000,-6666,-7503,3687,5970,-592,-10000
-4136,-10000,-6622,-7550,3722,6100,-543,-10000
-4136,-10000,-6580,-7596,3755,6232,-499,-10000
-4136,-10000,-6540,-7638,3788,6366,-457,-10000
-4136,-10000,-6502,-7679,3820,6502,-418,-10000
-4136,-10000,-6465,-7718,3852,6639,-379,-10000
-4136,-10000,-6430,-7756,3883,6777,-340,-10000
-4136,-10000,-6396,-7792,3913,6916,-306,-10000
-4136,-10000,-6365,-7825,3942,7057,-272,-10000
-4136,-10000,-6336,-7856,3971,7199,-242,-10000
-4136,-10000,-6309,-7885,4000,7342,-213,-10000
-4136,-10000,-6283,-7914,4026,7486,-186,-10000
-4136,-10000,-6259,-7939,4051,7631,-159,-10000
-4136,-10000,-6237,-7963,4075,7776,-137,-10000
-4136,-10000,-6218,-7983,4098,7921,-118,-10000
-4136,-10000,-6201,-8001,4121,8067,-98,-10000
-4136,-10000,-6186,-8018,4144,8214,-84,-10000
-4136,-10000,-6172,-8033,4166,8361,-69,-10000
-4136,-10000,-6159,-8046,4186,8508,-54,-10000
-4136,-10000,-6148,-8058,4206,8654,-42,-10000
-4136,-10000,-6139,-8068,4226,8800,-32,-10000
-4136,-10000,-6132,-8076,4244,8943,-25,-10000
-4136,-10000,-6127,-8081,4260,9085,-20,-10000
-4136,-10000,-6124,-8084,4276,9231,-18,-10000
-4136,-10000,-6122,-8086,4292,9383,-15,-10000
-4136,-10000,-6122,-8086,4308,9533,-15,-10000
-4136,-10000,-6124,-8084,4322,9657,-18,-10000
-4136,-10000,-6126,-8082,4332,9734,-20,-10000
-4136,-10000,-6129,-8079,4336,9753,-23,-10000
-4136,-10000,-6133,-8074,4339,9753,-28,-10000
-4136,-10000,-6139,-8068,4341,9746,-32,-10000
-4136,-10000,-6146,-8061,4343,9745,-40,-10000
-4136,-10000,-6154,-8052,4345,9748,-50,-10000
-4136,-10000,-6162,-8043,4347,9750,-57,-10000
-4136,-10000,-6172,-8032,4347,9750,-69,-10000
-4136,-10000,-6183,-8020,4347,9750,-81,-10000
-4136,-10000,-6196,-8007,4347,9750,-93,-10000
-4136,-10000,-6209,-7993,4345,9750,-108,-10000
-4136,-10000,-6223,-7979,4342,9750,-120,-10000
-4136,-10000,-6236,-7964,4339,9751,-135,-10000
-4136,-10000,-6250,-7949,4336,9751,-150,-10000
-4136,-10000,-6265,-7933,4332,9751,-167,-10000
-4136,-10000,-6280,-7917,4326,9751,-181,-10000
-4136,-10000,-6296,-7900,4318,9752,-198,-10000
-4136,-10000,-6312,-7882,4308,9753,-216,-10000
-4136,-10000,-6329,-7864,4298,9753,-235,-10000
-4136,-10000,-6346,-7846,4287,9754,-252,-10000
-4136,-10000,-6362,-7829,4274,9755,-269,-10000
-4136,-10000,-6379,-7811,4260,9756,-286,-10000
-4136,-10000,-6396,-7793,4243,9757,-306,-10000
-4136,-10000,-6414,-7774,4225,9758,-323,-10000
-4136,-10000,-6431,-7755,4206,9759,-343,-10000
-4136,-10000,-6449,-7736,4186,9760,-360,-10000
-4136,-10000,-6466,-7718,4165,9761,-379,-10000
-4136,-10000,-6481,-7697,4143,9763,-399,-10000
-4136,-10000,-6496,-7675,4118,9764,-418,-10000
-4136,-10000,-6515,-7658,4092,9766,-435,-10000
-4136,-10000,-6540,-7647,4066,9768,-450,-10000
-4136,-10000,-6557,-7629,4039,9769,-469,-10000
-4136,-10000,-6550,-7587,4011,9771,-496,-10000
-4136,-10000,-6492,-7500,3980,9773,-540,-10000
-4136,-10000,-6393,-7374,3949,9775,-601,-10000
-4136,-10000,-6273,-7231,3917,9776,-667,-10000
-4136,-10000,-6156,-7089,3885,9779,-736,-10000
-4136,-10000,-6048,-6955,3855,9780,-799,-10000
-4136,-10000,-5943,-6824,3823,9782,-860,-10000
-4136,-10000,-5838,-6694,3790,9784,-921,-10000
-4136,-10000,-5733,-6566,3756,9786,-982,-10000
-4136,-10000,-5630,-6440,3723,9788,-1041,-10000
-4136,-10000,-5529,-6316,3690,9790,-1099,-10000
-4136,-10000,-5430,-6194,3659,9792,-1158,-10000
-4136,-10000,-5331,-6073,3627,9794,-1214,-10000
-4136,-10000,-5235,-5954,3595,9796,-1270,-10000
-4136,-10000,-5141,-5837,3563,9798,-1326,-10000
-4136,-10000,-5050,-5723,3532,9800,-1380,-10000
-4136,-10000,-4959,-5611,3501,9802,-1431,-10000
-4136,-10000,-4868,-5500,3470,9804,-1485,-10000
-4136,-10000,-4778,-5392,3440,9806,-1534,-10000
-4136,-10000,-4690,-5286,3411,9808,-1585,-10000
-4136,-10000,-4604,-5182,3382,9809,-1634,-10000
-4136,-10000,-4521,-5079,3354,9811,-1683,-10000
-4136,-10000,-4438,-4976,3327,9813,-1729,-10000
-4136,-10000,-4356,-4875,3301,9814,-1778,-10000
-4136,-10000,-4277,-4777,3275,9816,-1825,-10000
-4136,-10000,-4198,-4683,3249,9817,-1868,-10000
-4136,-10000,-4120,-4589,3223,9819,-1912,-10000
-4136,-10000,-4044,-4496,3197,9821,-1956,-10000
-4136,-10000,-3970,-4405,3173,9822,-1998,-10000
-4136,-10000,-3897,-4315,3150,9823,-2042,-10000
-4136,-10000,-3827,-4228,3127,9825,-2081,-10000
-4136,-10000,-3757,-4144,3104,9826,-2122,-10000
-4136,-10000,-3689,-4060,3082,9828,-2161,-10000
-4136,-10000,-3621,-3977,3060,9829,-2200,-10000
-4136,-10000,-3554,-3897,3039,9830,-2237,-10000
-4136,-10000,-3489,-3818,3018,9831,-2274,-10000
-4136,-10000,-3424,-3740,2998,9833,-2310,-10000
-4136,-10000,-3361,-3664,2977,9834,-2347,-10000
-4136,-10000,-3299,-3588,2958,9835,-2381,-10000
-4136,-10000,-3239,-3516,2938,9836,-2415,-10000
-4136,-10000,-3180,-3444,2920,9837,-2450,-10000
-4138,-10000,-3122,-3373,2901,9839,-2482,-10000
-4140,-10000,-3065,-3305,2883,9840,-2517,-10000
-4139,-10000,-3008,-3239,2866,9841,-2547,-10000
-4133,-10000,-2952,-3174,2848,9842,-2572,-10000
-4133,-10000,-2899,-3110,2830,9843,-2600,-10000
-4150,-10000,-2847,-3046,2813,9844,-2646,-10000
-4203,-10000,-2797,-2984,2796,9845,-2732,-10000
-4286,-10000,-2747,-2922,2779,9846,-2844,-10000
-4383,-10000,-2698,-2862,2763,9847,-2967,-10000
-4479,-10000,-2649,-2806,2748,9848,-3090,-10000
-4569,-10000,-2601,-2750,2734,9849,-3205,-10000
-4656,-10000,-2554,-2695,2720,9850,-3316,-10000
-4742,-10000,-2508,-2641,2705,9851,-3426,-10000
-4828,-10000,-2464,-2589,2690,9851,-3537,-10000
-4911,-10000,-2419,-2538,2676,9852,-3645,-10000
-4993,-10000,-2376,-2487,2661,9853,-3748,-10000
-5073,-10000,-2335,-2438,2646,9854,-3852,-10000
-5151,-10000,-2296,-2390,2633,9855,-3953,-10000
-5227,-10000,-2256,-2344,2620,9856,-4051,-10000
-5301,-10000,-2217,-2298,2609,9856,-4145,-10000
-5374,-10000,-2177,-2253,2598,9857,-4239,-10000
-5445,-10000,-2139,-2209,2586,9858,-4329,-10000
-5515,-10000,-2102,-2166,2575,9859,-4420,-10000
-5583,-10000,-2065,-2124,2564,9859,-4508,-10000
-5649,-10000,-2030,-2081,2553,9860,-4593,-10000
-5714,-10000,-1994,-2040,2543,9861,-4677,-10000
-5778,-10000,-1960,-2000,2531,9861,-4758,-10000
-5841,-10000,-1926,-1962,2520,9862,-4839,-10000
-5903,-10000,-1892,-1925,2510,9862,-4918,-10000
-5964,-10000,-1860,-1888,2500,9863,-4995,-10000
-6022,-9969,-1828,-1851,2490,9864,-5070,-10000
-6075,-9859,-1796,-1814,2480,9864,-5139,-10000
-6129,-9751,-1765,-1779,2471,9865,-5210,-10000
-6190,-9649,-1736,-1745,2463,9866,-5285,-10000
-6248,-9548,-1707,-1712,2455,9866,-5360,-10000
-6301,-9448,-1678,-1678,2446,9866,-5428,-10000
-6297,-9322,-1649,-1644,2437,9867,-5439,-10000
-6234,-9167,-1619,-1612,2428,9868,-5394,-9874
-6130,-8994,-1590,-1581,2420,9868,-5305,-9689
-6017,-8816,-1563,-1550,2412,9869,-5210,-9499
-5911,-8645,-1538,-1521,2404,9869,-5122,-9320
-5814,-8481,-1512,-1492,2396,9869,-5040,-9144
-5717,-8319,-1485,-1463,2389,9870,-4958,-8972
-5620,-8160,-1459,-1435,2382,9870,-4876,-8801
-5523,-8004,-1434,-1408,2375,9871,-4795,-8634
-5430,-7851,-1410,-1381,2367,9871,-4716,-8473
-5339,-7701,-1387,-1354,2360,9872,-4641,-8312
-5249,-7555,-1363,-1326,2353,9872,-4565,-8156
-5161,-7411,-1339,-1300,2346,9873,-4492,-8001
-5074,-7270,-1316,-1274,2339,9873,-4421,-7851
-4990,-7130,-1295,-1249,2333,9873,-4348,-7704
-4906,-6994,-1274,-1225,2326,9874,-4279,-7558
-4823,-6861,-1252,-1203,2320,9874,-4209,-7417
-4741,-6731,-1230,-1180,2315,9874,-4139,-7276
-4661,-6604,-1208,-1158,2310,9875,-4071,-7141
-4584,-6479,-1187,-1135,2305,9875,-4006,-7007
-4510,-6356,-1167,-1113,2299,9876,-3944,-6875
-4436,-6235,-1148,-1092,2292,9876,-3879,-6747
-4362,-6117,-1129,-1071,2286,9876,-3818,-6620
-4289,-6002,-1110,-1050,2280,9877,-3756,-6499
-4216,-5888,-1091,-1029,2276,9877,-3695,-6377
-4145,-5776,-1072,-1008,2271,9877,-3636,-6256
-4076,-5667,-1054,-989,2266,9877,-3576,-6139
-4009,-5561,-1036,-971,2261,9878,-3519,-6026
-3943,-5457,-1019,-952,2256,9878,-3464,-5914
-3877,-5355,-1004,-934,2251,9878,-3407,-5807
-3812,-5255,-987,-915,2247,9879,-3354,-5700
-3749,-5158,-971,-898,2243,9879,-3300,-5595
-3688,-5062,-954,-882,2239,9879,-3247,-5490
-3629,-4968,-937,-866,2235,9879,-3197,-5392
-3571,-4876,-923,-849,2231,9880,-3148,-5294
-3514,-4786,-908,-831,2227,9880,-3099,-5197
-3458,-4698,-894,-815,2223,9880,-3055,-5103
-3402,-4612,-879,-800,2219,9880,-3005,-5009
-3348,-4527,-864,-785,2216,9880,-2960,-4919
-3295,-4444,-850,-770,2212,9881,-2913,-4830
-3242,-4362,-836,-755,2208,9881,-2869,-4743
-3190,-4283,-823,-740,2204,9881,-2826,-4658
-3139,-4206,-810,-726,2201,9881,-2782,-4575
-3089,-4130,-797,-714,2198,9882,-2738,-4493
-3040,-4054,-785,-701,2195,9882,-2697,-4412
-2993,-3981,-773,-689,2191,9882,-2657,-4333
-2946,-3910,-761,-677,2188,9882,-2616,-4260
-2900,-3841,-748,-664,2186,9882,-2575,-4184
-2853,-3773,-735,-652,2183,9883,-2535,-4109
-2808,-3704,-722,-639,2182,9883,-2497,-4034
-2765,-3637,-710,-627,2179,9883,-2459,-3964
-2722,-3571,-701,-615,2176,9883,-2423,-3892
-2681,-3507,-691,-604,2172,9883,-2390,-3825
-2639,-3444,-680,-593,2168,9884,-2352,-3757
-2598,-3382,-668,-583,2165,9884,-2316,-3690
-2557,-3322,-656,-572,2163,9884,-2282,-3624
-2518,-3262,-644,-560,2161,9884,-2246,-3558
-2480,-3203,-634,-549,2157,9884,-2214,-3497
-2442,-3145,-626,-539,2154,9884,-2185,-3436
-2405,-3087,-618,-529,2151,9884,-2150,-3375
-2368,-3032,-609,-520,2149,9885,-2120,-3314
-2333,-2977,-598,-510,2148,9885,-2088,-3254
-2298,-2925,-587,-501,2145,9885,-2060,-3198
-2263,-2873,-577,-491,2141,9885,-2031,-3140
-2228,-2820,-569,-482,2138,9885,-1998,-3086
-2193,-2769,-562,-472,2136,9885,-1970,-3031
-2160,-2720,-554,-463,2135,9885,-1942,-2979
-2128,-2672,-545,-454,2133,9886,-1914,-2928
-2097,-2624,-536,-446,2131,9886,-1888,-2874
-2065,-2575,-527,-437,2128,9886,-1860,-2823
-2034,-2528,-518,-429,2126,9886,-1832,-2771
-2003,-2483,-509,-421,2125,9886,-1807,-2723
-1973,-2440,-501,-414,2124,9886,-1781,-2677
-1944,-2397,-494,-407,2121,9886,-1754,-2629
-1916,-2354,-486,-399,2119,9887,-1729,-2583
-1888,-2312,-477,-391,2117,9887,-1707,-2539
-1862,-2272,-469,-384,2115,9887,-1684,-2492
-1835,-2232,-461,-377,2115,9887,-1661,-2450
-1808,-2192,-455,-370,2114,9887,-1637,-2407
-1781,-2153,-448,-363,2112,9887,-1613,-2365
-1755,-2115,-443,-355,2110,9887,-1593,-2326
-1730,-2078,-436,-347,2109,9887,-1573,-2287
-1706,-2042,-430,-339,2107,9887,-1552,-2248
-1682,-2007,-423,-333,2105,9887,-1532,-2209
-1659,-1971,-416,-328,2103,9887,-1512,-2169
-1636,-1937,-409,-324,2102,9887,-1489,-2131
-1612,-1903,-403,-318,2101,9887,-1469,-2096
-1588,-1871,-397,-311,2100,9887,-1447,-2060
-1565,-1839,-391,-305,2099,9888,-1427,-2026
-1542,-1808,-385,-299,2098,9888,-1407,-1994
-1521,-1776,-379,-293,2096,9888,-1390,-1959
-1500,-1745,-373,-288,2094,9888,-1372,-1926
-1480,-1715,-368,-283,2092,9888,-1355,-1893
-1460,-1686,-362,-278,2091,9888,-1337,-1861
-1439,-1657,-357,-272,2091,9888,-1320,-1829
-1419,-1628,-352,-268,2091,9888,-1300,-1798
-1399,-1600,-347,-264,2089,9888,-1282,-1770
-1379,-1573,-343,-259,2087,9888,-1267,-1739
-1361,-1546,-337,-254,2086,9888,-1251,-1710
-1344,-1519,-332,-249,2086,9888,-1235,-1680
-1328,-1492,-327,-245,2086,9888,-1221,-1651
-1311,-1467,-322,-240,2085,9888,-1207,-1624
-1294,-1441,-318,-236,2083,9889,-1193,-1597
-1276,-1417,-313,-231,2081,9889,-1176,-1571
-1259,-1393,-308,-227,2081,9889,-1162,-1543
-1242,-1368,-303,-222,2080,9889,-1147,-1518
-1225,-1344,-298,-218,2078,9889,-1131,-1490
-1210,-1321,-294,-214,2076,9889,-1119,-1466
-1195,-1300,-290,-210,2075,9889,-1107,-1442
-1180,-1279,-286,-207,2074,9889,-1092,-1420
-1164,-1258,-283,-204,2073,9889,-1079,-1396
-1148,-1237,-280,-201,2072,9889,-1063,-1375
-1133,-1216,-275,-197,2072,9889,-1051,-1352
-1118,-1196,-271,-193,2071,9889,-1038,-1329
-1104,-1177,-267,-188,2071,9889,-1025,-1309
-1091,-1156,-263,-185,2070,9889,-1015,-1286
-1078,-1137,-259,-181,2068,9890,-1002,-1267
-1064,-1118,-255,-178,2067,9890,-992,-1246
-1050,-1100,-251,-174,2067,9890,-980,-1224
-1037,-1082,-248,-171,2067,9890,-968,-1207
-1024,-1064,-244,-168,2067,9890,-958,-1186
-1013,-1045,-241,-165,2065,9890,-946,-1167
-1001,-1027,-238,-161,2063,9890,-937,-1146
-988,-1010,-234,-159,2062,9890,-925,-1129
-975,-993,-232,-156,2062,9890,-913,-1109
-964,-976,-229,-153,2061,9890,-903,-1092
-953,-960,-226,-150,2061,9890,-893,-1074
-942,-944,-223,-147,2060,9890,-885,-1058
-930,-929,-220,-145,2060,9890,-874,-1040
-920,-914,-217,-143,2060,9890,-865,-1025
-909,-899,-215,-140,2059,9890,-855,-1009
-899,-885,-212,-137,2057,9890,-847,-993
-887,-870,-208,-133,2056,9890,-836,-976
-875,-856,-204,-130,2057,9890,-827,-960
-864,-841,-201,-129,2057,9890,-816,-943
-854,-826,-199,-128,2057,9890,-806,-927
-845,-812,-196,-126,2056,9890,-797,-911
-835,-799,-193,-125,2056,9890,-788,-898
-826,-786,-189,-122,2055,9890,-778,-882
-816,-773,-186,-120,2056,9890,-770,-866
-807,-759,-184,-118,2055,9890,-762,-853
-797,-745,-182,-116,2054,9891,-754,-839
-788,-732,-180,-114,2052,9891,-744,-823
-778,-719,-178,-112,2052,9891,-737,-810
-768,-707,-175,-110,2052,9891,-727,-798
-760,-694,-172,-107,2051,9891,-722,-783
-751,-683,-169,-104,2050,9891,-714,-771
-744,-672,-166,-102,2049,9891,-706,-758
-735,-662,-164,-99,2048,9891,-700,-748
-727,-651,-162,-97,2047,9891,-693,-737
-719,-640,-159,-95,2047,9891,-684,-723
-711,-629,-157,-93,2047,9891,-679,-711
-704,-617,-155,-91,2047,9891,-672,-698
-695,-607,-152,-88,2047,9891,-666,-687
-687,-597,-150,-86,2047,9891,-657,-677
-679,-587,-148,-85,2047,9891,-650,-665
-671,-578,-147,-83,2046,9891,-643,-655
-664,-569,-144,-81,2045,9891,-638,-646
-657,-559,-142,-78,2044,9891,-632,-634
-650,-548,-139,-77,2043,9891,-625,-623
-642,-536,-137,-75,2042,9891,-617,-607
-634,-525,-135,-74,2042,9891,-612,-596
-627,-515,-133,-73,2042,9891,-604,-587
-619,-505,-132,-72,2042,9891,-596,-577
-611,-496,-130,-72,2042,9891,-589,-565
-603,-487,-127,-71,2042,9891,-582,-555
-597,-477,-125,-68,2042,9891,-576,-544
-591,-468,-124,-65,2042,9891,-572,-534
-585,-460,-122,-63,2042,9891,-566,-526
-578,-451,-119,-62,2042,9891,-560,-517
-571,-441,-118,-60,2043,9891,-555,-505
-565,-433,-117,-57,2042,9891,-549,-496
-560,-425,-116,-55,2041,9891,-546,-488
-555,-417,-115,-55,2039,9891,-542,-480
-551,-408,-112,-55,2039,9891,-535,-469
-546,-401,-110,-55,2039,9891,-531,-461
-541,-393,-108,-54,2039,9891,-526,-454
-535,-385,-107,-53,2038,9891,-521,-444
-530,-379,-106,-52,2037,9891,-517,-437
-524,-372,-105,-51,2037,9891,-511,-430
-518,-365,-104,-50,2037,9891,-506,-423
-513,-359,-102,-48,2038,9891,-501,-416
-508,-353,-100,-47,2038,9891,-496,-408
-504,-347,-99,-45,2037,9891,-495,-402
-499,-341,-98,-44,2037,9891,-490,-396
-495,-334,-97,-44,2037,9891,-487,-389
-491,-327,-97,-43,2037,9891,-482,-382
-487,-321,-96,-42,2037,9891,-478,-375
-482,-317,-94,-41,2037,9891,-473,-369
-477,-311,-93,-40,2037,9891,-471,-363
-471,-306,-92,-39,2037,9891,-465,-358
-466,-299,-90,-38,2037,9891,-460,-351
-463,-294,-89,-36,2037,9891,-457,-346
-460,-288,-88,-36,2037,9891,-454,-338
-456,-282,-87,-35,2037,9891,-450,-332
-451,-277,-86,-33,2038,9891,-449,-327
-447,-272,-84,-32,2037,9891,-444,-321
-442,-266,-83,-30,2037,9891,-439,-316
-438,-260,-81,-28,2037,9891,-435,-307
-434,-254,-80,-28,2038,9891,-432,-301
-430,-249,-79,-27,2038,9891,-430,-296
-426,-244,-79,-27,2037,9891,-426,-291
-422,-239,-78,-25,2036,9891,-422,-285
-418,-233,-77,-24,2034,9892,-418,-279
-415,-227,-75,-23,2034,9892,-415,-271
-411,-222,-73,-24,2034,9892,-411,-266
-406,-216,-71,-24,2034,9892,-406,-258
-401,-212,-69,-22,2033,9892,-402,-253
-397,-207,-69,-20,2032,9892,-399,-249
-395,-202,-68,-17,2032,9892,-397,-244
-392,-198,-67,-15,2032,9892,-397,-239
-389,-194,-66,-14,2033,9892,-394,-235
-386,-190,-66,-14,2033,9892,-391,-230
-382,-185,-66,-14,2033,9892,-388,-225
-378,-179,-65,-13,2033,9892,-384,-220
-375,-173,-63,-12,2032,9892,-380,-211
-372,-168,-61,-12,2031,9892,-378,-206
-369,-163,-61,-12,2030,9892,-375,-202
-367,-160,-61,-12,2029,9892,-373,-198
-364,-156,-60,-11,2029,9892,-371,-195
-360,-152,-57,-11,2029,9892,-367,-189
-356,-148,-54,-10,2029,9892,-362,-184
-351,-144,-54,-10,2029,9892,-356,-177
-347,-139,-54,-10,2028,9892,-351,-172
-343,-134,-54,-10,2027,9892,-350,-169
-340,-129,-53,-9,2027,9892,-347,-162
-338,-125,-52,-8,2027,9892,-345,-158
-335,-121,-51,-8,2028,9892,-343,-153
-332,-117,-51,-8,2028,9892,-339,-150
-328,-114,-50,-7,2027,9892,-335,-146
-326,-110,-49,-6,2028,9892,-333,-144
-323,-107,-48,-5,2028,9892,-330,-140
-321,-103,-48,-4,2028,9892,-329,-135
-319,-99,-48,-4,2028,9892,-327,-131
-317,-97,-47,-4,2028,9892,-324,-126
-314,-94,-45,-2,2028,9892,-324,-124
-310,-91,-44,-1,2028,9892,-321,-122
-307,-88,-44,-1,2028,9892,-317,-118
-304,-84,-44,-1,2028,9892,-314,-114
-302,-81,-44,-1,2028,9892,-312,-111
-301,-78,-43,0,2028,9892,-311,-108
-299,-74,-42,0,2028,9892,-310,-104
-298,-71,-41,1,2027,9892,-308,-101
-294,-68,-40,1,2027,9892,-305,-96
-291,-65,-39,1,2027,9892,-302,-92
-289,-63,-37,2,2028,9892,-300,-90
-286,-59,-37,3,2028,9892,-300,-86
-284,-57,-37,4,2027,9892,-297,-84
-281,-55,-36,4,2026,9892,-295,-83
-279,-54,-35,4,2024,9892,-292,-78
-276,-51,-34,6,2023,9892,-290,-75
-275,-48,-33,7,2022,9892,-288,-73
-272,-45,-33,8,2023,9892,-289,-70
-269,-43,-34,8,2023,9892,-285,-67
-266,-39,-34,8,2023,9892,-281,-64
-264,-37,-34,7,2023,9892,-278,-61
-263,-35,-33,7,2023,9892,-277,-59
-261,-33,-32,7,2023,9892,-275,-58
-260,-31,-30,9,2023,9892,-273,-56
-257,-28,-29,10,2023,9892,-274,-50
-256,-24,-29,10,2023,9892,-273,-46
-255,-20,-28,9,2023,9892,-269,-42
-254,-18,-28,8,2023,9892,-268,-40
-252,-17,-27,8,2023,9892,-266,-39
-249,-16,-27,7,2023,9892,-263,-37
-247,-15,-27,7,2023,9892,-261,-36
-245,-13,-27,7,2023,9892,-260,-34
-245,-10,-27,8,2023,9892,-258,-31
-244,-6,-26,9,2023,9892,-258,-28
-242,-3,-25,10,2024,9892,-257,-21
-241,0,-24,10,2025,9892,-256,-19
-239,0,-23,11,2024,9892,-253,-19
-237,1,-22,12,2023,9892,-251,-18
-234,2,-21,13,2023,9892,-251,-17
-233,4,-21,13,2024,9892,-247,-14
-232,7,-21,13,2026,9892,-246,-12
-231,9,-21,13,2026,9892,-249,-9
-231,11,-20,14,2024,9892,-249,-7
-230,14,-20,14,2023,9892,-247,-4
-228,16,-19,14,2024,9892,-245,-2
-226,17,-20,14,2024,9892,-244,-1
-224,19,-20,14,2024,9892,-241,0
-223,21,-20,14,2023,9892,-240,2
-223,23,-19,15,2023,9892,-240,7
-223,25,-17,17,2023,9892,-240,8
-222,25,-16,18,2023,9892,-239,9
-221,26,-16,18,2023,9892,-238,9
-219,28,-16,18,2023,9892,-236,12
-219,30,-16,18,2023,9892,-236,14
-218,32,-16,18,2023,9892,-236,17
-217,34,-16,18,2023,9892,-234,18
-215,35,-16,18,2023,9892,-233,18
-214,35,-16,18,2023,9892,-231,19
-213,36,-16,17,2023,9892,-230,19
-212,36,-16,18,2023,9892,-229,19
-211,37,-15,18,2023,9892,-229,20
-209,38,-14,20,2023,9892,-229,21
-208,38,-13,21,2023,9892,-228,24
-208,38,-12,21,2023,9892,-228,24
-208,38,-12,21,2023,9892,-228,24
-209,39,-13,21,2023,9892,-229,25
-210,41,-13,21,2023,9892,-230,26
-209,43,-13,21,2023,9892,-229,29
-208,45,-12,21,2023,9892,-228,31
-206,45,-13,21,2023,9892,-227,31
-205,43,-13,21,2023,9892,-225,30
-205,42,-13,21,2023,9892,-225,29
-205,42,-13,21,2023,9892,-225,29
-204,43,-13,21,2023,9892,-224,30
-202,45,-13,21,2023,9892,-222,31
-201,46,-13,21,2023,9892,-220,32
-201,46,-13,21,2023,9892,-220,32
-201,46,-13,21,2023,9892,-222,32
-202,46,-13,21,2023,9892,-222,32
-202,47,-13,21,2023,9892,-223,34
-202,47,-12,21,2023,9892,-222,34
-202,47,-12,21,2023,9892,-222,34
-202,47,-13,21,2023,9892,-222,34
-202,47,-13,21,2023,9892,-222,34
-202,47,-13,21,2023,9892,-222,34
-202,47,-12,21,2023,9892,-222,34
-202,47,-12,21,2024,9892,-222,34
-202,47,-11,22,2025,9892,-222,34
-202,47,-11,22,2024,9892,-222,34
-202,47,-11,22,2023,9892,-222,34
-202,47,-11,22,2023,9892,-222,34
-202,47,-12,21,2023,9892,-222,34
-202,47,-12,21,2023,9892,-222,34
-202,47,-13,21,2023,9892,-222,34
-202,47,-13,21,2023,9892,-222,34
-202,47,-13,21,2023,9892,-222,34
-202,47,-13,21,2023,9892,-222,31
-202,47,-12,21,2023,9892,-222,34
-202,47,-12,22,2023,9892,-222,34
-202,47,-11,22,2023,9892,-222,34
-202,47,-11,21,2023,9892,-222,34
-202,47,-12,21,2023,9892,-222,34
-202,47,-14,22,2023,9892,-222,31
-202,46,-15,23,2023,9892,-224,30
-201,46,-15,23,2023,9892,-223,30
-201,45,-15,23,2023,9892,-223,29
-201,46,-15,24,2023,9892,-223,30
-202,46,-15,24,2023,9892,-224,30
-202,47,-16,24,2023,9892,-224,31
-202,47,-16,25,2023,9892,-224,29
-202,47,-16,25,2023,9892,-224,29
-202,47,-16,25,2023,9892,-224,31
-202,47,-15,23,2023,9892,-224,31
-202,47,-14,21,2023,9892,-222,31
-202,47,-13,21,2023,9892,-222,31
-202,47,-14,21,2023,9892,-222,31
-202,46,-14,23,2023,9892,-224,30
-201,46,-14,25,2023,9892,-223,30
-201,46,-14,25,2023,9892,-223,30
-201,45,-13,23,2023,9892,-224,29
-201,45,-13,22,2023,9892,-220,29
-200,44,-11,22,2023,9892,-220,31
-199,45,-11,22,2023,9892,-219,31
-198,45,-13,23,2023,9892,-218,29
-197,45,-14,23,2023,9892,-217,29
-197,45,-14,22,2023,9892,-217,29
-197,43,-12,22,2023,9892,-217,30
-198,43,-11,22,2023,9892,-218,30
-199,45,-11,22,2023,9892,-219,31
-200,46,-11,22,2023,9892,-220,32
-201,47,-11,22,2023,9892,-220,34
-202,47,-12,22,2023,9892,-222,34
-202,47,-12,21,2023,9892,-223,34
-202,47,-12,21,2023,9892,-222,34
-202,46,-12,21,2023,9892,-222,32
-202,47,-11,22,2023,9892,-222,34
-202,47,-11,22,2023,9892,-222,34
-203,48,-12,21,2023,9892,-223,35
-202,48,-13,21,2023,9892,-223,35
-202,48,-13,21,2023,9892,-223,35
-203,49,-13,21,2023,9892,-223,35
-204,50,-12,21,2023,9892,-224,36
-205,50,-12,21,2023,9892,-225,36
-206,50,-13,21,2023,9892,-227,37
-205,51,-13,21,2023,9892,-225,37
-205,51,-13,21,2023,9892,-225,37
-204,51,-13,21,2023,9892,-224,37
-203,50,-13,21,2023,9892,-224,36
-202,48,-13,21,2023,9892,-223,35
-202,47,-13,21,2023,9892,-223,34
-202,46,-13,21,2023,9892,-222,32
-202,47,-13,21,2023,9892,-222,34
-202,47,-13,21,2023,9892,-222,34
-202,47,-13,21,2023,9892,-222,34
-202,47,-13,21,2023,9892,-222,34
-202,47,-13,21,2023,9892,-222,34
-202,47,-13,21,2023,9892,-222,34
-202,46,-13,21,2023,9892,-222,32
-201,46,-13,21,2023,9892,-220,32
-201,44,-13,21,2023,9892,-220,31
-201,44,-13,21,2023,9892,-220,30
-200,44,-13,21,2023,9892,-220,30
-199,44,-13,21,2023,9892,-219,31
-197,45,-13,21,2023,9892,-217,31
-195,45,-13,21,2023,9892,-216,31
-195,44,-13,21,2023,9892,-214,31
-195,45,-13,21,2023,9892,-216,31
-196,46,-12,21,2023,9892,-217,32
-197,48,-12,21,2023,9892,-217,35
-198,49,-13,21,2023,9892,-218,36
-199,48,-13,21,2023,9892,-219,35
-200,46,-13,21,2023,9892,-220,32
-201,45,-12,21,2023,9892,-220,31
-202,45,-12,21,2023,9892,-222,31
-202,46,-11,22,2023,9892,-222,32
-202,47,-11,22,2023,9892,-222,34
-202,47,-11,22,2023,9892,-222,34
-202,47,-10,23,2023,9892,-222,34
-202,47,-10,23,2023,9892,-222,34
-202,47,-11,22,2023,9892,-222,34
-202,47,-11,22,2023,9892,-222,34
-202,47,-10,23,2023,9892,-222,34
-202,46,-10,24,2023,9892,-223,32
-201,47,-10,23,2023,9892,-222,34
-200,48,-10,23,2023,9892,-220,34
-199,48,-10,23,2024,9892,-219,35
-199,48,-10,23,2025,9892,-219,35
-199,48,-10,23,2024,9892,-219,35
-199,48,-10,23,2023,9892,-219,35
-198,49,-10,23,2023,9892,-218,35
-197,49,-10,24,2022,9892,-218,36
-197,49,-10,23,2023,9892,-218,36
-198,50,-11,22,2023,9892,-218,36
-198,49,-11,22,2024,9892,-218,36
-198,49,-11,23,2025,9892,-218,35
-197,49,-10,23,2024,9892,-218,35
-198,50,-11,22,2023,9892,-218,36
-198,50,-11,22,2023,9892,-218,37
-199,52,-11,23,2023,9892,-219,39
-200,54,-11,24,2023,9892,-223,40
-200,54,-12,26,2023,9892,-223,37
-200,53,-14,27,2023,9892,-225,37
-200,54,-14,27,2023,9892,-225,37
-199,54,-15,26,2023,9892,-222,39
-197,56,-14,25,2023,9892,-220,40
-196,58,-11,24,2023,9892,-217,45
-196,59,-9,24,2023,9892,-217,45
-197,59,-8,25,2023,9892,-218,46
-198,60,-10,26,2023,9892,-220,46
-198,60,-13,26,2023,9892,-220,45
-197,61,-14,24,2023,9892,-219,45
-195,62,-14,22,2023,9892,-214,46
-193,62,-12,22,2023,9892,-213,48
-193,62,-10,23,2023,9892,-213,48
-193,62,-9,24,2023,9892,-213,48
-194,62,-10,24,2023,9892,-214,48
-193,62,-10,23,2023,9892,-213,48
-192,63,-10,23,2023,9892,-213,50
-191,63,-9,24,2023,9892,-212,50
-191,64,-9,25,2023,9892,-211,51
-190,64,-9,25,2023,9892,-211,51
-191,64,-9,24,2023,9892,-211,51
-191,64,-9,24,2023,9892,-211,51
-190,64,-9,24,2023,9892,-211,51
-189,65,-8,25,2023,9892,-209,51
-189,65,-6,27,2023,9892,-212,53
-189,65,-5,27,2023,9892,-212,53
-190,65,-5,28,2023,9892,-213,53
-189,65,-5,28,2023,9892,-212,53
-187,65,-5,28,2023,9892,-211,54
-187,66,-6,27,2023,9892,-209,56
-186,66,-6,27,2023,9892,-209,56
-186,66,-7,26,2023,9892,-209,53
-186,66,-6,27,2023,9892,-209,56
-185,67,-6,27,2023,9892,-208,56
-185,67,-5,28,2023,9892,-208,56
-185,67,-5,28,2023,9892,-208,56
-185,67,-5,27,2023,9892,-208,56
-185,67,-5,27,2023,9892,-208,56
-184,68,-5,27,2023,9892,-207,57
-182,68,-5,28,2023,9892,-205,58
-180,69,-5,27,2022,9892,-203,58
-180,69,-5,27,2021,9892,-203,58
-180,69,-5,27,2021,9892,-203,58
-181,69,-5,27,2021,9892,-203,58
-180,69,-5,27,2022,9892,-203,58
-180,69,-5,27,2023,9892,-202,58
-179,70,-5,27,2023,9892,-202,59
-179,72,-5,27,2023,9892,-202,61
-179,74,-5,27,2023,9892,-202,63
-179,76,-5,27,2023,9892,-202,65
-179,76,-5,27,2023,9892,-202,65
-178,76,-5,27,2023,9892,-201,65
-178,75,-5,27,2023,9892,-201,64
-179,76,-5,27,2023,9892,-202,65
-180,77,-5,27,2021,9892,-202,67
-180,79,-5,27,2021,9892,-203,68
-180,81,-5,27,2020,9892,-203,70
-178,82,-5,27,2020,9892,-201,72
-177,83,-5,27,2020,9892,-200,72
-176,83,-5,27,2020,9893,-200,72
-176,83,-5,27,2020,9892,-200,72
-176,83,-5,27,2021,9892,-200,72
-177,82,-5,27,2021,9892,-200,72
-177,82,-5,27,2021,9892,-200,72
-176,83,-5,27,2022,9892,-200,72
-175,83,-5,28,2022,9892,-198,73
-173,84,-5,28,2023,9892,-197,73
-172,85,-5,28,2023,9892,-196,74
-172,85,-5,27,2023,9892,-195,74
-172,85,-6,27,2023,9892,-195,74
-172,85,-5,28,2023,9892,-196,74
-172,85,-4,28,2023,9892,-196,74
-172,85,-3,30,2023,9892,-196,74
-172,85,-2,31,2023,9892,-196,74
-172,85,-1,31,2023,9892,-196,74
-171,84,-2,31,2023,9892,-195,73
-170,82,-2,31,2023,9892,-194,72
-170,80,-2,31,2021,9892,-194,69
-170,80,-2,31,2019,9893,-194,69
-170,81,-2,31,2017,9893,-194,70
-171,82,-2,31,2017,9893,-194,72
-171,83,-2,31,2019,9893,-195,73
-172,84,-2,31,2022,9892,-195,73
-172,84,-2,31,2023,9892,-195,74
-172,85,-2,31,2022,9892,-196,74
-172,85,-2,31,2020,9893,-196,74
-172,85,-2,31,2018,9893,-195,74
-172,85,-2,31,2017,9893,-195,74
-172,85,-2,31,2018,9893,-196,74
-172,85,-3,30,2018,9893,-196,74
-172,85,-3,29,2018,9893,-195,74
-172,84,-3,29,2018,9893,-195,74
-172,85,-3,29,2018,9893,-195,74
-173,86,-4,29,2019,9893,-196,75
-174,88,-5,28,2020,9893,-197,78
-174,89,-5,28,2020,9892,-197,78
-174,88,-5,28,2020,9893,-197,78
-173,87,-4,28,2020,9893,-197,76
-173,88,-4,29,2019,9893,-197,76
-174,89,-4,29,2019,9893,-197,78
-174,89,-4,28,2020,9893,-197,79
-174,89,-5,28,2020,9892,-197,79
-174,89,-5,28,2022,9892,-197,79
-174,89,-5,27,2023,9892,-197,79
-174,89,-6,27,2023,9892,-197,78
-173,88,-6,27,2023,9892,-197,76
-173,88,-5,28,2023,9892,-197,76
-174,88,-4,28,2023,9892,-197,78
-174,89,-3,30,2023,9892,-197,78
-174,88,-3,30,2023,9892,-197,78
-173,86,-3,30,2023,9892,-196,75
-173,86,-3,29,2023,9892,-196,75
-173,86,-4,29,2023,9892,-196,75
-173,87,-4,29,2023,9892,-197,76
-174,89,-5,28,2023,9892,-197,78
-174,89,-5,28,2023,9892,-197,79
-174,89,-5,28,2023,9892,-197,79
-174,88,-4,29,2023,9892,-197,78
-173,86,-3,30,2023,9892,-196,75
-172,85,-3,30,2023,9892,-195,74
-172,84,-3,30,2023,9892,-195,74
-172,84,-4,28,2023,9892,-195,74
-172,85,-5,28,2023,9892,-196,74
-173,86,-6,27,2023,9892,-196,75
-173,86,-5,27,2023,9892,-196,75
-173,86,-5,27,2023,9892,-196,75
-172,85,-5,27,2023,9892,-196,74
-172,85,-5,28,2023,9892,-195,74
-172,85,-4,28,2023,9892,-195,74
-172,85,-4,28,2023,9892,-195,74
-172,85,-5,28,2023,9892,-196,74
-172,85,-5,28,2023,9892,-196,74
-172,85,-5,28,2023,9892,-195,74
-172,85,-4,28,2023,9892,-195,74
-172,85,-4,28,2023,9892,-195,74
-172,85,-5,28,2023,9892,-196,74
-172,85,-6,27,2023,9892,-196,74
-172,84,-6,27,2023,9892,-195,74
-171,83,-5,28,2023,9892,-195,73
-171,82,-4,28,2021,9892,-194,72
-171,82,-4,29,2020,9892,-194,72
-171,83,-4,28,2020,9892,-195,73
-171,83,-5,28,2020,9892,-195,73
-171,82,-5,27,2020,9892,-194,72
-171,82,-5,27,2020,9892,-194,72
-171,82,-5,27,2020,9892,-194,72
-171,83,-5,28,2020,9892,-195,72
-171,82,-5,28,2020,9892,-194,72
-170,82,-5,27,2020,9892,-194,72
-171,82,-5,27,2021,9892,-194,72
-171,83,-5,27,2023,9892,-195,73
-172,85,-5,28,2023,9892,-195,74
-172,85,-5,28,2023,9892,-196,74
-172,85,-4,29,2023,9892,-196,74
-172,85,-3,30,2023,9892,-195,74
-172,85,-2,30,2023,9892,-196,74
-172,85,-2,30,2023,9892,-196,74
-172,85,-3,30,2023,9892,-196,74
-172,85,-3,30,2023,9892,-195,74
-172,85,-3,30,2023,9892,-196,74
-173,84,-2,30,2023,9892,-197,73
-175,83,-2,31,2023,9892,-198,73
-176,85,-2,31,2023,9892,-202,74
-175,87,-2,31,2023,9892,-198,76
-174,88,-2,31,2023,9892,-197,76
-173,86,-2,31,2023,9892,-196,75
-172,85,-2,31,2023,9892,-198,74
-173,86,-2,31,2023,9892,-196,75
-173,87,-2,30,2023,9892,-197,76
-174,88,-1,30,2023,9892,-197,79
-174,88,-1,29,2023,9892,-197,79
-174,88,-1,30,2023,9892,-197,80
-173,89,-2,30,2023,9892,-196,79
-172,91,-2,31,2023,9892,-195,80
-170,92,-2,31,2023,9892,-194,81
-170,91,-2,31,2023,9892,-194,80
-170,91,-2,31,2023,9892,-194,80
-170,91,-2,31,2024,9892,-194,80
-170,91,-2,31,2025,9892,-194,80
-169,92,-2,31,2026,9892,-192,81
-167,93,-2,31,2026,9892,-190,83
-166,93,-2,31,2026,9892,-189,83
-166,94,-2,31,2025,9892,-189,84
-166,93,-2,31,2024,9892,-191,83
-166,93,-2,31,2024,9892,-189,83
-166,93,-1,29,2024,9892,-190,85
-166,93,0,28,2023,9892,-187,85
-166,93,0,28,2023,9892,-187,85
-166,93,0,28,2023,9892,-187,85
-166,93,-1,29,2023,9892,-190,85
-166,94,-1,30,2023,9892,-189,84
-166,94,-1,29,2023,9892,-190,86
-166,93,0,28,2023,9892,-187,85
-166,93,0,28,2023,9892,-186,85
-166,93,0,28,2023,9892,-187,85
-167,95,0,28,2023,9892,-187,86
-167,97,0,28,2023,9892,-189,89
-168,98,0,28,2023,9892,-189,90
-168,98,0,28,2023,9892,-190,90
-169,98,0,29,2023,9892,-192,90
-169,97,-1,30,2023,9892,-192,86
-170,97,-1,30,2023,9892,-194,89
-169,97,0,29,2023,9892,-192,89
-169,98,0,28,2023,9892,-190,90
-168,98,0,28,2023,9892,-189,90
-168,98,2,28,2023,9892,-189,90
-168,98,2,29,2023,9892,-190,92
-169,98,2,30,2023,9892,-192,90
-168,98,0,32,2023,9892,-191,90
-167,97,-1,32,2022,9892,-194,86
-166,95,-2,31,2021,9892,-192,85
-166,93,-2,31,2021,9892,-189,83
-166,93,-2,31,2021,9892,-189,83
-166,94,-2,31,2022,9892,-189,84
-165,94,-2,31,2023,9892,-187,84
-164,95,-2,31,2023,9892,-190,84
-164,94,-2,31,2023,9892,-187,84
-166,94,-2,31,2023,9892,-189,84
-166,93,-2,31,2023,9892,-190,83
-166,93,-2,31,2023,9892,-190,83
-166,93,-2,31,2023,9892,-189,83
-165,94,-2,31,2023,9892,-187,84
-164,95,-2,31,2023,9892,-187,84
-163,95,-2,31,2023,9892,-186,84
-164,95,-2,31,2023,9892,-187,84
-163,95,-2,31,2023,9892,-186,84
-163,95,-2,31,2023,9892,-186,85
-162,96,-2,31,2023,9892,-185,85
-161,96,-2,31,2023,9892,-185,85
-161,96,-2,31,2023,9892,-185,85
-162,96,-2,31,2023,9892,-185,85
-162,96,-2,31,2023,9892,-185,85
-162,96,-2,31,2023,9892,-185,85
-161,96,-2,31,2023,9892,-185,85
-161,96,-2,31,2023,9892,-185,85
-161,96,-2,31,2023,9892,-185,85
-161,96,-2,31,2023,9892,-185,85
-161,96,-2,30,2023,9892,-185,85
-161,96,-2,31,2023,9892,-185,85
-162,96,0,32,2023,9892,-187,85
-162,96,0,33,2023,9892,-187,87
-161,96,0,33,2023,9892,-187,87
-160,97,0,32,2023,9892,-186,86
-159,97,-2,31,2023,9892,-183,86
-159,98,-2,30,2023,9892,-183,87
-159,98,-2,31,2023,9892,-183,87
-159,97,-2,31,2023,9892,-183,87
-158,98,-2,31,2023,9892,-181,87
-157,98,-2,31,2023,9892,-180,87
-158,100,-2,31,2023,9892,-181,89
-159,101,-2,31,2023,9892,-185,91
-160,102,-2,31,2023,9892,-184,92
-160,103,-1,29,2023,9892,-184,95
-159,103,0,28,2023,9892,-180,95
-159,103,0,28,2023,9892,-180,95
-159,103,-1,29,2023,9892,-183,95
-159,103,-2,31,2023,9892,-183,92
-159,103,-2,31,2023,9892,-185,92
-159,103,-2,31,2023,9892,-183,92
-159,103,-2,31,2023,9892,-183,92
-159,103,-2,31,2023,9892,-183,92
-159,103,-2,31,2023,9892,-183,92
-159,103,-2,31,2023,9892,-185,92
-159,103,-2,31,2023,9892,-183,92
-160,103,-2,31,2023,9892,-184,92
-159,103,-2,31,2023,9892,-183,92
-159,101,-1,31,2023,9892,-183,91
-158,100,-1,32,2023,9892,-184,89
-157,98,0,32,2023,9892,-183,87
-157,98,0,32,2023,9892,-183,90
-157,98,-2,31,2022,9892,-180,87
-157,98,-2,30,2021,9892,-181,87
-157,98,-2,31,2021,9892,-181,87
-157,98,-1,32,2021,9892,-183,87
-157,98,0,33,2022,9892,-183,90
-157,98,1,34,2022,9892,-183,90
-157,98,1,34,2021,9892,-183,90
-157,98,1,34,2021,9892,-183,90
-157,98,1,34,2022,9892,-183,90
-157,98,1,34,2022,9892,-184,90
-157,98,1,34,2021,9892,-184,90
-157,98,1,34,2020,9893,-183,90
-157,98,1,34,2019,9893,-183,90
-157,98,1,34,2019,9893,-183,90
-158,100,1,34,2019,9893,-184,91
-159,101,1,34,2019,9893,-185,93
-159,103,0,34,2020,9893,-185,95
-160,103,1,34,2020,9892,-186,95
-159,103,1,34,2021,9892,-185,95
-159,103,1,34,2021,9892,-185,95
-160,102,0,34,2021,9892,-186,95
-160,102,1,34,2020,9892,-186,95
-159,103,1,34,2020,9892,-185,95
-159,103,2,33,2021,9892,-185,95
-159,103,2,33,2023,9892,-183,95
-161,102,2,34,2023,9892,-187,93
-162,101,2,34,2023,9892,-189,92
-163,99,2,34,2023,9892,-190,91
-164,98,1,32,2023,9892,-187,90
-163,99,0,31,2023,9892,-186,91
-161,100,-1,31,2023,9892,-185,89
-160,101,-1,32,2023,9892,-186,90
-160,101,0,33,2023,9892,-186,92
-162,100,0,33,2023,9892,-187,92
-162,99,0,32,2023,9892,-187,89
-161,98,-2,31,2023,9892,-185,87
-159,98,-2,31,2023,9892,-183,87
-159,99,-2,31,2023,9892,-183,89
-160,101,-2,31,2023,9892,-184,90
-162,101,-2,31,2023,9892,-186,90
-163,99,-2,31,2023,9892,-187,89
-162,97,-2,31,2023,9892,-186,87
-162,96,-2,31,2023,9892,-185,85
-162,96,-2,31,2023,9892,-185,85
-162,96,-2,31,2023,9892,-185,85
-162,96,-2,31,2023,9892,-185,86
-160,97,-2,31,2023,9892,-184,86
-159,97,-2,31,2023,9892,-183,87
-157,98,-2,31,2023,9892,-181,87
-157,98,-2,31,2023,9892,-180,87
-157,98,-2,31,2023,9892,-180,87
-157,98,-1,32,2023,9892,-184,87
-157,98,0,32,2023,9892,-184,87
-157,98,0,32,2023,9892,-183,90
-157,98,0,32,2023,9892,-183,90
-157,98,0,33,2023,9892,-184,90
-157,98,0,33,2023,9892,-183,90
-157,98,0,33,2023,9892,-183,90
-157,98,0,33,2023,9892,-183,90
-157,98,0,33,2023,9892,-184,90
-158,99,0,34,2023,9892,-184,91
-158,100,0,33,2023,9892,-184,92
-159,101,0,32,2023,9892,-185,92
-159,102,0,32,2023,9892,-185,93
-159,102,0,33,2023,9892,-185,95
-159,103,0,33,2022,9892,-185,95
-159,103,0,33,2022,9892,-185,95
-159,103,0,32,2021,9892,-185,95
-160,102,-2,31,2021,9892,-184,92
-160,102,-2,30,2021,9892,-184,92
-159,103,-2,31,2021,9892,-183,92
-159,103,-2,31,2022,9892,-183,92
-159,103,-2,31,2022,9892,-183,92
-160,102,-2,31,2021,9892,-184,92
-161,102,-2,31,2019,9893,-184,91
-161,102,-2,31,2018,9893,-185,91
-161,102,-2,31,2019,9893,-184,91
-159,102,-2,31,2021,9892,-183,91
-159,103,-1,31,2023,9892,-183,92
-160,103,0,32,2023,9892,-186,95
-162,103,0,32,2021,9892,-187,92
-163,102,-1,32,2019,9893,-190,92
-163,102,-2,31,2019,9893,-186,91
-161,102,-2,31,2021,9892,-185,92
-160,104,-1,32,2023,9892,-186,93
-161,106,0,33,2023,9892,-186,97
-161,106,0,33,2023,9892,-186,97
-161,104,0,32,2023,9892,-184,96
-160,103,1,32,2023,9892,-184,95
-159,102,2,33,2023,9892,-185,93
-159,103,1,34,2023,9892,-185,95
-159,103,0,35,2023,9892,-185,95
-158,104,0,33,2023,9892,-184,96
-158,104,0,32,2023,9892,-181,96
-159,103,1,32,2023,9892,-183,95
-160,102,2,33,2023,9892,-184,93
-159,102,1,34,2023,9892,-185,95
-158,104,0,35,2023,9892,-184,96
-158,106,0,35,2023,9892,-184,97
-158,107,1,34,2023,9892,-184,98
-159,107,2,33,2023,9892,-183,100
-158,107,2,33,2023,9892,-181,98
-157,108,2,33,2023,9892,-184,100
-157,109,1,34,2023,9892,-184,101
-158,109,0,34,2023,9892,-184,101
-158,109,0,34,2022,9892,-184,101
-158,109,1,34,2021,9892,-184,101
-157,109,1,34,2021,9892,-184,101
-157,109,1,34,2021,9892,-184,101
-158,109,0,34,2021,9892,-184,101
-159,108,1,34,2021,9892,-185,101
-159,108,1,34,2021,9892,-185,100
-159,108,1,34,2020,9892,-185,101
-158,109,1,34,2020,9892,-184,101
-157,109,1,34,2019,9893,-184,101
-157,109,1,34,2018,9893,-184,101
-157,109,1,34,2020,9893,-184,101
-158,109,1,34,2021,9892,-184,101
-158,109,1,34,2021,9892,-184,101
-157,109,0,34,2019,9893,-184,101
-157,109,0,33,2018,9893,-184,101
-157,109,0,33,2019,9893,-184,101
-157,109,0,33,2021,9892,-184,101
-157,109,1,34,2023,9892,-184,101
-157,109,1,34,2022,9892,-184,101
-157,109,0,33,2021,9892,-184,101
-157,109,0,33,2019,9893,-184,101
-157,109,0,33,2019,9893,-184,101
-157,109,0,33,2020,9892,-184,101
-157,109,0,33,2021,9892,-184,101
-158,109,0,32,2021,9892,-184,101
-158,109,0,32,2021,9892,-184,98
-158,109,0,33,2021,9892,-184,101
-156,110,1,34,2021,9892,-183,102
-154,111,1,34,2021,9892,-180,103
-153,111,0,34,2020,9892,-180,103
-154,111,0,33,2019,9893,-180,103
-155,110,0,32,2018,9893,-181,102
-156,110,1,32,2018,9893,-180,102
-157,110,2,32,2018,9893,-180,102
-156,110,2,33,2018,9893,-183,102
-156,110,1,34,2018,9893,-181,102
-155,111,0,34,2018,9893,-181,102
-153,111,0,34,2018,9893,-180,103
-153,112,1,34,2020,9893,-179,103
-153,112,1,34,2020,9892,-179,103
-153,111,1,34,2019,9893,-180,103
-153,111,0,34,2018,9893,-180,103
-153,112,1,34,2018,9893,-179,103
-153,112,1,34,2019,9893,-179,103
-153,112,1,34,2021,9892,-179,103
-153,112,1,34,2023,9892,-179,103
-153,112,1,34,2023,9892,-180,103
-153,112,1,34,2023,9892,-179,103
-153,112,1,34,2023,9892,-179,103
-153,112,1,34,2023,9892,-179,103
-153,112,1,34,2023,9892,-180,104
-154,113,1,34,2023,9892,-180,104
-154,113,1,34,2023,9892,-180,106
-154,113,1,34,2023,9892,-180,104
-153,112,1,34,2023,9892,-180,104
-153,112,1,34,2023,9892,-179,103
-153,112,1,34,2023,9892,-179,103
-153,112,1,34,2023,9892,-179,103
-153,112,1,34,2023,9892,-180,103
-153,112,1,34,2023,9892,-179,103
-153,112,1,34,2023,9892,-179,103
-153,112,1,34,2023,9892,-179,103
-153,112,1,34,2023,9892,-179,103
-153,112,1,34,2023,9892,-179,103
-153,112,1,34,2023,9892,-179,103
-153,112,0,34,2023,9892,-179,103
-153,112,1,34,2023,9892,-179,103
-153,112,1,34,2023,9892,-179,103
-153,112,1,34,2023,9892,-179,103
-153,111,0,34,2023,9892,-180,103
-154,111,0,34,2023,9892,-180,103
-153,112,1,34,2022,9892,-179,103
-152,112,2,33,2022,9892,-177,104
-150,113,2,33,2021,9892,-174,106
-149,114,1,33,2021,9892,-175,106
-148,114,1,34,2021,9892,-175,106
-149,114,1,34,2020,9892,-175,106
-149,114,1,33,2019,9893,-175,106
-149,114,2,33,2019,9893,-173,106
-149,114,2,33,2019,9893,-173,106
-149,114,1,34,2020,9892,-175,106
-149,114,0,34,2021,9892,-175,106
-148,113,1,34,2021,9892,-175,106
-149,114,1,34,2021,9892,-175,106
-149,114,1,34,2020,9892,-175,107
-149,115,1,34,2019,9893,-175,107
-150,115,0,34,2018,9893,-177,107
-149,115,1,34,2018,9893,-175,107
-149,115,2,35,2018,9893,-175,107
-149,115,2,36,2018,9893,-175,107
-149,115,2,35,2018,9893,-175,107
-149,115,1,34,2018,9893,-175,107
-150,115,0,34,2018,9893,-177,107
-151,117,1,34,2018,9893,-177,109
-151,118,2,35,2018,9893,-178,109
-151,118,2,35,2018,9893,-178,109
-151,117,2,36,2018,9893,-177,109
-150,117,2,36,2018,9893,-177,108
-151,117,2,35,2018,9893,-177,108
-150,116,2,35,2019,9893,-177,108
-149,116,1,34,2020,9892,-175,108
-148,116,1,35,2021,9892,-175,108
-148,116,2,35,2022,9892,-174,108
-149,116,3,34,2023,9892,-175,108
-150,116,3,34,2023,9892,-177,108
-150,116,3,35,2023,9892,-177,108
-151,117,3,36,2023,9892,-177,108
-151,118,3,36,2023,9892,-178,109
-151,119,2,36,2023,9892,-178,111
-151,119,2,35,2023,9892,-178,111
-151,118,2,35,2023,9892,-178,109
-150,116,3,36,2023,9892,-177,108
-149,116,3,37,2023,9892,-175,108
-147,117,4,36,2023,9892,-173,109
-145,117,4,35,2023,9892,-172,109
-145,117,3,34,2023,9892,-172,109
-144,116,3,33,2023,9892,-168,108
-145,116,2,33,2023,9892,-169,108
-145,117,2,33,2023,9892,-169,109
-146,118,2,33,2023,9892,-169,109
-145,118,2,33,2023,9892,-169,109
-144,116,2,33,2023,9892,-168,108
-143,117,2,33,2023,9892,-167,109
-143,119,2,33,2023,9892,-167,111
-143,121,2,33,2022,9892,-167,113
-143,123,2,33,2021,9892,-169,115
-142,122,1,34,2021,9892,-169,114
-142,122,0,34,2021,9892,-168,114
-142,121,0,34,2023,9892,-168,113
-142,121,0,34,2023,9892,-168,113
-141,121,1,34,2023,9892,-168,113
-141,120,1,34,2022,9892,-167,112
-141,120,0,34,2021,9892,-168,112
-143,120,1,34,2020,9892,-169,113
-145,121,1,34,2019,9893,-172,113
-147,121,1,34,2018,9893,-173,113
-148,121,1,34,2018,9893,-174,113
-147,120,1,34,2019,9893,-173,112
-146,119,0,34,2021,9892,-173,112
-146,119,1,34,2023,9892,-172,111
-145,118,2,35,2023,9892,-172,111
-146,118,3,36,2023,9892,-173,111
-146,119,4,37,2023,9892,-173,112
-147,120,4,37,2021,9892,-173,113
-147,121,3,36,2019,9893,-173,113
-147,121,3,36,2018,9893,-173,113
-147,120,3,36,2019,9893,-173,113
-147,120,2,35,2021,9892,-173,113
-147,120,2,36,2022,9892,-173,113
-147,120,3,36,2021,9892,-173,112
-147,120,4,37,2020,9893,-173,113
-147,120,3,37,2019,9893,-173,113
-147,120,3,36,2020,9893,-173,113
-147,120,3,36,2021,9892,-173,112
-147,120,4,37,2023,9892,-174,112
-147,120,4,38,2023,9892,-175,112
-146,121,4,38,2023,9892,-174,113
-144,122,4,37,2023,9892,-170,114
-142,122,4,37,2023,9892,-169,114
-143,122,4,37,2023,9892,-169,114
-144,122,4,38,2023,9892,-173,114
-144,122,4,38,2022,9892,-173,114
-144,121,4,37,2021,9892,-170,113
-144,121,5,36,2021,9892,-170,115
-143,120,7,35,2021,9892,-167,114
-143,121,8,34,2022,9892,-167,115
-143,122,7,34,2023,9892,-167,117
-144,122,5,35,2023,9892,-170,117
-145,121,4,35,2023,9892,-172,115
-147,120,5,35,2023,9892,-173,115
-148,120,6,35,2023,9892,-172,114
-147,120,8,34,2023,9892,-172,114
-146,120,8,34,2023,9892,-170,115
-145,121,8,34,2023,9892,-169,115
-145,121,8,34,2023,9892,-169,115
-146,121,8,34,2023,9892,-169,115
-146,120,7,35,2023,9892,-170,115
-147,120,5,35,2023,9892,-173,114
-147,120,3,34,2023,9892,-173,112
-147,120,2,33,2023,9892,-173,113
-147,120,3,34,2023,9892,-173,113
-147,120,4,35,2023,9892,-173,114
-147,120,4,36,2023,9892,-173,112
-147,121,3,35,2023,9892,-173,113
-146,121,1,34,2023,9892,-172,113
-145,121,0,34,2023,9892,-172,113
-144,121,0,34,2023,9892,-170,113
-145,122,1,34,2023,9892,-172,114
-146,123,1,34,2023,9892,-172,115
-145,125,1,34,2023,9892,-172,117
-144,126,1,34,2023,9892,-170,118
-143,125,1,34,2023,9892,-169,117
-143,123,1,34,2023,9892,-169,115
-144,122,1,34,2023,9892,-170,114
-146,123,1,34,2023,9892,-173,115
-146,122,1,34,2023,9892,-173,114
-146,121,1,34,2023,9892,-173,113
-146,121,0,34,2023,9892,-172,113
-145,121,1,34,2023,9892,-172,113
-144,122,1,34,2023,9892,-170,114
-143,123,0,34,2023,9892,-169,115
-142,123,0,34,2023,9892,-168,115
-142,122,0,34,2023,9892,-169,114
-143,123,1,34,2023,9892,-169,115
-143,123,2,33,2023,9892,-169,115
-142,122,2,33,2023,9892,-167,114
-142,121,2,33,2023,9892,-168,113
-141,120,2,33,2023,9892,-166,112
-141,119,3,32,2023,9892,-166,112
-141,119,4,31,2023,9892,-166,114
-140,119,4,30,2023,9892,-162,114
-140,120,4,31,2023,9892,-161,114
-138,122,5,32,2023,9892,-162,117
-137,123,6,33,2022,9892,-162,118
-137,124,6,33,2021,9892,-162,118
-137,124,6,32,2021,9892,-162,118
-137,124,5,32,2021,9892,-162,118
-138,125,6,32,2022,9892,-162,119
-138,125,8,34,2023,9892,-162,119
-140,124,8,34,2023,9892,-163,119
-141,123,8,34,2023,9892,-166,118
-142,122,7,34,2023,9892,-167,117
-143,122,7,34,2023,9892,-167,117
-143,123,7,34,2022,9892,-167,118
-142,122,8,34,2021,9892,-167,117
-142,122,8,34,2020,9893,-167,117
-142,122,7,34,2019,9893,-167,117
-143,124,7,35,2020,9893,-167,118
-144,126,6,35,2021,9892,-170,120
-145,127,5,36,2023,9892,-172,122
-145,127,5,37,2023,9892,-172,122
-145,127,6,36,2023,9892,-172,122
-145,127,7,35,2023,9892,-169,122
-145,127,7,34,2023,9892,-169,122
-145,127,7,35,2021,9892,-169,122
-145,127,5,36,2020,9893,-172,122
-145,127,4,38,2019,9893,-174,119
-145,127,4,38,2020,9893,-174,119
-145,127,4,38,2021,9892,-174,119
-145,127,4,37,2022,9892,-172,119
-145,127,4,37,2023,9892,-172,119
-145,127,4,37,2023,9892,-172,119
-145,127,4,38,2023,9892,-174,119
-145,127,4,38,2023,9892,-174,119
-145,127,4,37,2023,9892,-172,119
-145,127,4,37,2023,9892,-172,119
-145,127,4,37,2021,9892,-172,119
-145,126,4,38,2019,9893,-174,118
-143,124,4,38,2019,9893,-172,117
-141,123,4,37,2021,9892,-168,115
-139,124,3,36,2023,9892,-166,117
-138,125,3,36,2023,9892,-164,117
-138,125,3,37,2023,9892,-164,118
-138,125,4,37,2023,9892,-164,118
-138,125,4,36,2023,9892,-164,117
-138,125,4,36,2023,9892,-164,117
-138,125,5,35,2023,9892,-164,119
-138,125,5,36,2023,9892,-164,120
-138,125,5,37,2023,9892,-164,117
-137,124,4,38,2023,9892,-167,115
-137,123,4,38,2023,9892,-166,115
-137,124,4,37,2023,9892,-164,115
-138,125,4,37,2023,9892,-164,117
-138,125,4,38,2023,9892,-167,118
-138,125,4,37,2023,9892,-164,118
-138,125,4,37,2023,9892,-164,117
-138,125,4,38,2023,9892,-167,117
-138,125,4,38,2023,9892,-167,117
-138,125,4,37,2022,9892,-164,117
-138,125,5,36,2021,9892,-164,119
-138,125,6,36,2021,9892,-164,120
-138,125,6,36,2021,9892,-164,120
-138,125,4,37,2021,9892,-164,117
-138,125,4,38,2020,9893,-167,117
-138,125,4,38,2018,9893,-167,117
-139,126,5,38,2017,9893,-166,118
-140,128,7,37,2018,9893,-167,123
-140,129,8,36,2020,9892,-167,124
-141,130,8,36,2021,9892,-168,124
-141,129,6,37,2021,9892,-168,124
-140,129,4,38,2020,9893,-169,122
-140,129,4,37,2018,9893,-167,122
-140,129,5,37,2018,9893,-167,124
-140,129,6,36,2019,9893,-167,124
-140,129,5,37,2021,9892,-167,124
-141,129,5,37,2022,9892,-168,124
-142,128,5,37,2021,9892,-169,123
-144,128,6,37,2020,9892,-170,123
-144,128,6,37,2020,9892,-170,123
-143,127,6,39,2020,9892,-172,122
-141,128,5,39,2019,9893,-170,123
-140,127,4,38,2018,9893,-169,119
-140,126,4,37,2017,9893,-167,118
-140,125,4,37,2018,9893,-167,118
-140,124,4,37,2019,9893,-166,117
-139,125,4,38,2021,9892,-168,117
-139,124,5,38,2023,9892,-168,119
-140,124,6,39,2023,9892,-169,119
-141,124,5,38,2023,9892,-169,119
-140,124,5,38,2023,9892,-167,115
-139,122,4,37,2023,9892,-166,114
-138,121,4,37,2023,9892,-164,113
-138,122,4,37,2023,9892,-164,114
-139,123,5,38,2023,9892,-166,115
-140,124,5,38,2023,9892,-169,118
-141,122,6,39,2023,9892,-169,117
-140,120,5,38,2023,9892,-169,115
-140,120,5,38,2023,9892,-167,112
-140,122,4,37,2023,9892,-167,114
-141,123,4,37,2023,9892,-167,115
-141,124,4,37,2022,9892,-168,117
-141,124,4,38,2021,9892,-170,117
-141,125,4,38,2021,9892,-169,117
-140,126,4,37,2021,9892,-167,118
-140,127,4,37,2022,9892,-167,119
-140,128,4,37,2023,9892,-167,120
-140,129,4,38,2023,9892,-169,122
-141,129,4,38,2023,9892,-170,122
-141,129,4,37,2023,9892,-168,122
-140,129,6,36,2023,9892,-167,124
-140,129,7,35,2023,9892,-167,124
-140,129,7,36,2023,9892,-167,124
-140,129,6,36,2023,9892,-167,124
-140,130,5,36,2023,9892,-167,124
-139,130,6,35,2023,9892,-166,124
-139,130,7,36,2023,9892,-166,125
-140,130,8,39,2023,9892,-167,124
-140,129,8,41,2023,9892,-169,124
-140,129,7,41,2023,9892,-169,124
-140,130,7,40,2023,9892,-169,124
-139,130,8,39,2021,9892,-166,125
-139,130,8,39,2021,9892,-166,125
-140,130,8,39,2020,9892,-169,124
-140,128,7,39,2020,9892,-169,123
-139,126,7,39,2020,9892,-168,120
-138,125,8,39,2020,9893,-164,119
-138,125,9,39,2020,9893,-164,119
-139,125,9,39,2020,9893,-166,119
-138,125,9,38,2019,9893,-164,120
-137,126,10,37,2019,9893,-164,123
-135,126,10,36,2020,9892,-162,124
-134,127,8,37,2021,9892,-161,122
-133,127,7,38,2021,9892,-161,122
-134,127,7,38,2021,9892,-161,122
-134,127,9,37,2021,9892,-161,122
-134,127,10,36,2021,9892,-161,124
-134,127,8,36,2022,9892,-161,122
-134,127,6,36,2023,9892,-161,122
-134,127,4,37,2023,9892,-163,119
-133,127,4,38,2023,9892,-162,119
-134,127,4,38,2023,9892,-163,119
-135,126,4,38,2023,9892,-164,119
-137,126,4,38,2023,9892,-166,118
-139,126,4,37,2023,9892,-166,118
-140,126,4,38,2023,9892,-168,119
-140,127,4,37,2023,9892,-167,119
-140,128,4,37,2023,9892,-167,120
-140,129,4,37,2023,9892,-167,122
-140,130,4,37,2023,9892,-167,122
-141,129,4,37,2023,9892,-168,122
-140,129,4,37,2023,9892,-167,122
-140,129,4,37,2023,9892,-167,122
-140,129,4,37,2023,9892,-167,122
-140,129,4,37,2023,9892,-167,122
-140,129,4,37,2023,9892,-167,122
-140,129,4,37,2023,9892,-167,122
-140,129,4,37,2023,9892,-167,122
-140,129,4,37,2023,9892,-167,122
-140,129,4,37,2023,9892,-167,122
-140,130,4,38,2023,9892,-169,122
-141,130,4,37,2023,9892,-168,122
-140,129,4,37,2022,9892,-167,122
-140,128,4,37,2021,9892,-167,120
-139,126,4,38,2021,9892,-168,118
-138,125,4,38,2021,9892,-167,117
-138,124,4,37,2021,9892,-164,117
-138,125,5,37,2020,9893,-164,119
-137,126,6,36,2018,9893,-163,120
-135,127,6,35,2017,9893,-162,122
-135,126,7,35,2018,9893,-159,122
-137,126,7,34,2018,9893,-161,120
-138,125,8,34,2018,9893,-162,119
-138,125,8,34,2018,9893,-162,119
-137,126,8,34,2018,9893,-161,120
-135,126,8,34,2018,9893,-159,122
-134,127,7,34,2018,9893,-158,122
-134,127,7,35,2018,9893,-158,122
-135,127,6,35,2018,9893,-162,122
-137,126,7,35,2018,9893,-161,120
-138,125,7,34,2019,9893,-162,119
-138,124,8,34,2020,9892,-162,119
-138,125,8,34,2021,9892,-162,119
-139,126,7,34,2020,9892,-163,122
-140,128,8,34,2019,9893,-164,123
-140,128,8,34,2019,9893,-164,123
-140,128,7,34,2020,9892,-164,123
-140,128,7,35,2021,9892,-164,123
-140,129,5,36,2021,9892,-167,124
-140,130,4,37,2021,9892,-167,122
-140,130,4,38,2021,9892,-169,122
-140,129,4,38,2021,9892,-169,122
-140,129,4,37,2022,9892,-167,122
-140,129,4,37,2023,9892,-167,122
-140,129,4,37,2023,9892,-167,122
-140,129,4,38,2023,9892,-169,122
-140,129,4,37,2023,9892,-167,122
-140,129,4,37,2023,9892,-167,122
-140,129,4,37,2023,9892,-167,122
-140,129,4,37,2023,9892,-167,122
-140,129,4,37,2022,9892,-167,122
-140,129,4,37,2021,9892,-167,122
-140,129,4,37,2021,9892,-167,122
-140,129,4,37,2021,9892,-167,122
-140,129,4,37,2022,9892,-167,122
-140,129,4,37,2023,9892,-167,122
-140,129,4,37,2023,9892,-167,122
-141,129,4,37,2022,9892,-168,122
-140,129,4,37,2021,9892,-167,122
-139,130,4,37,2021,9892,-166,122
-137,131,4,37,2021,9892,-164,123
-136,131,4,38,2022,9892,-166,124
-136,132,4,37,2023,9892,-163,124
-136,132,4,37,2023,9892,-163,124
-137,132,4,37,2023,9892,-163,124
-136,132,4,38,2023,9892,-166,124
-135,131,4,38,2023,9892,-164,123
-135,128,4,37,2023,9892,-162,120
-136,126,5,36,2023,9892,-162,120
-137,125,6,36,2023,9892,-163,120
-137,126,5,36,2023,9892,-164,120
-136,127,4,37,2023,9892,-162,119
-134,127,4,38,2023,9892,-163,119
-133,127,4,38,2023,9892,-162,119
-135,127,4,37,2023,9892,-161,119
-137,126,5,36,2023,9892,-164,120
-138,125,6,36,2023,9892,-164,119
-139,125,6,36,2023,9892,-166,119
-138,125,6,36,2023,9892,-164,119
-138,125,5,36,2023,9892,-164,119
-138,125,6,36,2023,9892,-164,119
-138,125,6,35,2023,9892,-164,119
-138,125,6,35,2023,9892,-164,119
-137,126,5,36,2022,9892,-164,120
-137,126,4,37,2021,9892,-163,118
-137,126,5,36,2021,9892,-164,120
-138,125,6,35,2022,9892,-164,119
-138,125,7,34,2022,9892,-162,119
-138,125,7,34,2021,9892,-162,119
-138,125,7,35,2020,9893,-162,119
-138,125,6,35,2020,9893,-164,119
-138,125,6,35,2021,9892,-164,119
-139,125,5,36,2023,9892,-166,119
-138,125,4,37,2022,9892,-164,117
-137,126,4,37,2019,9893,-163,118
-135,126,6,36,2018,9893,-162,122
-134,127,7,35,2018,9893,-158,122
-134,128,7,35,2019,9893,-158,123
-134,127,7,36,2020,9893,-161,122
-134,127,6,36,2020,9893,-161,122
-134,127,5,36,2020,9892,-161,122
-134,129,5,36,2021,9892,-161,123
-136,130,6,36,2021,9892,-162,125
-138,130,7,37,2020,9893,-164,125
-140,130,7,39,2018,9893,-169,125
-139,130,7,39,2018,9893,-168,124
-138,130,7,38,2020,9893,-164,125
-137,132,6,36,2021,9892,-163,126
-136,132,5,36,2021,9892,-163,126
-136,131,4,38,2020,9892,-166,124
-136,130,4,38,2018,9893,-164,123
-136,130,6,36,2017,9893,-162,125
-136,130,7,35,2018,9893,-162,125
-135,130,6,35,2019,9893,-162,124
-134,129,5,36,2020,9892,-161,124
-134,127,5,37,2019,9893,-161,119
-135,126,5,36,2019,9893,-162,120
-137,126,6,35,2019,9893,-163,120
-138,125,7,35,2019,9893,-162,120
-139,125,6,36,2020,9893,-166,119
-139,125,4,38,2020,9892,-168,117
-138,125,4,38,2021,9892,-167,117
-137,126,3,37,2021,9892,-163,118
-137,126,3,36,2021,9892,-163,118
-137,126,3,37,2020,9893,-163,118
-138,125,4,37,2019,9893,-164,117
-138,125,3,37,2020,9893,-164,117
-138,125,3,36,2021,9892,-164,117
-138,125,3,36,2023,9892,-164,117
-138,125,4,37,2023,9892,-164,117
-138,125,5,38,2023,9892,-164,118
-139,127,5,38,2023,9892,-166,119
-140,128,4,37,2023,9892,-169,120
-140,128,3,36,2023,9892,-166,120
-139,127,3,36,2023,9892,-166,119
-139,126,4,36,2023,9892,-166,119
-140,128,5,36,2023,9892,-167,123
-140,129,7,36,2023,9892,-167,124
-141,130,7,35,2023,9892,-166,124
-140,130,7,34,2023,9892,-164,124
-140,129,8,34,2023,9892,-164,124
-140,129,8,34,2023,9892,-164,124
-140,129,8,34,2023,9892,-164,124
-140,129,8,34,2023,9892,-164,124
-140,129,8,34,2023,9892,-164,124
-140,129,7,34,2023,9892,-164,124
-140,129,7,35,2023,9892,-164,124
-140,129,6,35,2023,9892,-167,124
-140,130,7,35,2023,9892,-164,124
-141,130,7,34,2022,9892,-166,124
-140,129,8,34,2021,9892,-164,124
-140,128,8,34,2021,9892,-164,123
-139,126,8,34,2022,9892,-163,120
-138,125,7,34,2023,9892,-162,119
-138,125,7,34,2023,9892,-162,119
-138,125,8,34,2022,9892,-162,119
-138,125,8,34,2021,9892,-162,120
-138,125,7,34,2021,9892,-162,120
-138,125,7,34,2021,9892,-162,119
-138,125,7,34,2021,9892,-162,119
-138,125,8,34,2022,9892,-162,119
-137,126,8,34,2022,9892,-162,120
-137,126,7,34,2021,9892,-161,120
-137,126,7,35,2021,9892,-162,120
-138,125,6,35,2021,9892,-164,119
-138,125,6,36,2022,9892,-164,119
-138,125,5,37,2023,9892,-164,119
-138,125,4,37,2023,9892,-164,117
-138,125,4,38,2023,9892,-167,118
-138,125,4,38,2022,9892,-167,118
-138,125,4,37,2021,9892,-164,117
-138,125,4,37,2021,9892,-164,117
-138,125,4,37,2021,9892,-164,117
-139,126,4,37,2022,9892,-166,118
-140,128,4,37,2023,9892,-167,120
-140,129,4,38,2023,9892,-169,122
-141,130,4,38,2023,9892,-170,122
-140,129,4,37,2023,9892,-167,122
-140,129,5,36,2023,9892,-167,124
-141,129,5,36,2023,9892,-168,124
-141,129,5,37,2023,9892,-168,124
-140,129,4,37,2023,9892,-167,122
-139,129,5,36,2023,9892,-166,123
-138,128,6,35,2023,9892,-164,123
-139,129,7,35,2023,9892,-163,123
-140,130,7,35,2023,9892,-164,124
-141,131,6,36,2023,9892,-168,125
-142,131,5,37,2023,9892,-168,126
-141,130,4,38,2023,9892,-170,123
-140,130,4,38,2023,9892,-169,122
-140,129,4,37,2023,9892,-167,122
-140,129,6,37,2023,9892,-167,124
-140,129,7,37,2023,9892,-167,124
-140,130,7,38,2023,9892,-167,124
-140,129,6,39,2023,9892,-169,124
-140,129,4,39,2023,9892,-169,122
-140,130,4,37,2023,9892,-169,122
-141,130,5,36,2023,9892,-168,124
-140,129,7,35,2023,9892,-164,124
-140,128,9,36,2023,9892,-164,125
-139,126,8,36,2021,9892,-166,120
-138,125,7,36,2020,9893,-164,119
-138,125,7,36,2019,9893,-164,119
-138,125,7,34,2020,9892,-162,119
-138,125,8,33,2020,9892,-163,123
-138,125,8,34,2020,9892,-162,120
-138,125,7,35,2019,9893,-164,119
-138,125,5,37,2018,9893,-164,119
-138,125,4,37,2019,9893,-164,117
-138,125,4,38,2020,9893,-167,117
-138,125,4,38,2019,9893,-167,117
-138,125,4,37,2018,9893,-164,117
-139,125,4,37,2018,9893,-166,117
-140,124,4,37,2018,9893,-166,117
-140,124,4,38,2018,9893,-168,117
-139,124,4,37,2018,9893,-166,117
-140,124,4,37,2018,9893,-167,115
-141,123,4,37,2018,9893,-168,115
-143,124,4,37,2018,9893,-169,117
-144,126,4,37,2018,9893,-170,118
-144,127,4,37,2018,9893,-170,119
-144,128,4,37,2018,9893,-170,120
-143,129,4,37,2018,9893,-169,120
-142,129,4,37,2018,9893,-169,120
-142,128,4,37,2018,9893,-169,120
-143,126,4,38,2018,9893,-172,119
-142,126,4,37,2018,9893,-169,118
-141,127,4,37,2018,9893,-168,119
-140,129,4,37,2018,9893,-167,122
-141,129,4,38,2018,9893,-170,122
-144,128,4,38,2018,9893,-173,120
-145,127,4,37,2018,9893,-172,119
-145,127,5,36,2018,9893,-172,122
-144,127,5,36,2018,9893,-170,122
-142,129,5,37,2017,9893,-168,123
-140,129,4,37,2018,9893,-167,122
-140,130,5,37,2020,9892,-167,124
-140,129,6,36,2021,9892,-167,124
-140,129,7,36,2021,9892,-167,124
-140,129,6,36,2019,9893,-167,124
-140,129,5,36,2018,9893,-167,124
-140,129,4,36,2019,9893,-167,124
-140,130,5,34,2021,9892,-164,124
-140,130,7,33,2022,9892,-164,124
-140,129,7,33,2022,9892,-164,124
-140,128,6,34,2021,9892,-164,123
-140,128,5,35,2021,9892,-167,123
-140,128,6,35,2021,9892,-164,123
-140,129,7,34,2020,9893,-164,123
-140,128,7,32,2018,9893,-164,123
-140,127,5,32,2017,9893,-164,122
-140,128,4,33,2018,9893,-164,123
-140,129,4,35,2018,9893,-167,122
-141,130,4,35,2018,9893,-168,125
-141,130,6,34,2018,9893,-166,124
-140,128,6,35,2018,9893,-164,123
-138,126,5,36,2019,9893,-166,120
-137,126,5,37,2020,9893,-163,118
-137,127,5,37,2019,9893,-164,122
-139,129,6,36,2019,9893,-166,123
-140,130,7,35,2019,9893,-164,124
-141,129,7,35,2019,9893,-166,124
-140,128,7,35,2020,9893,-164,123
-139,126,7,34,2020,9893,-163,122
-139,126,7,35,2020,9892,-163,120
-139,126,6,36,2020,9892,-166,120
-139,126,5,36,2021,9892,-166,120
-139,126,5,37,2020,9892,-166,120
-139,126,5,36,2020,9892,-166,120
-139,126,6,36,2019,9893,-166,120
-139,126,6,35,2018,9893,-166,120
-139,127,7,34,2017,9893,-163,122
-140,128,8,33,2017,9893,-164,125
-140,129,8,34,2018,9893,-164,124
-140,129,7,34,2019,9893,-164,123
-140,128,6,35,2020,9892,-167,123
-139,127,6,35,2020,9893,-166,122
-139,127,7,35,2019,9893,-163,122
-140,127,7,34,2020,9893,-164,122
-141,127,8,34,2020,9892,-166,122
-142,127,8,34,2022,9892,-166,122
-142,128,7,34,2023,9892,-166,123
-141,129,6,35,2023,9892,-168,124
-140,130,6,35,2023,9892,-167,124
-140,130,7,35,2023,9892,-164,124
-140,130,7,34,2023,9892,-164,124
-140,129,7,34,2023,9892,-164,124
-140,128,7,35,2023,9892,-164,123
-140,128,6,35,2023,9892,-167,123
-139,127,6,35,2023,9892,-166,122
-139,126,7,34,2023,9892,-163,120
-138,125,8,34,2021,9892,-162,120
-138,125,8,34,2020,9892,-162,119
-138,125,7,34,2019,9893,-162,119
-138,125,7,34,2020,9893,-162,119
-138,125,7,34,2019,9893,-162,120
-138,125,8,34,2018,9893,-162,119
-138,125,8,34,2018,9893,-162,119
-138,125,7,34,2018,9893,-162,119
-138,125,7,35,2018,9893,-162,119
-138,125,6,35,2018,9893,-164,119
-138,125,6,36,2018,9893,-164,119
-138,125,5,36,2018,9893,-164,119
-138,125,5,36,2018,9893,-164,119
-138,125,6,36,2018,9893,-164,119
-139,125,6,35,2018,9893,-166,119
-140,124,7,35,2018,9893,-164,119
-141,123,6,35,2018,9893,-168,118
-142,123,5,36,2018,9893,-168,118
-142,123,4,37,2018,9893,-168,115
-141,123,4,38,2018,9893,-170,115
-140,124,4,38,2018,9893,-168,117
-139,124,4,37,2018,9893,-166,117
-141,123,5,36,2017,9893,-167,118
-142,122,6,36,2018,9893,-169,117
-143,122,5,36,2020,9893,-169,117
-143,122,4,37,2021,9892,-169,114
-142,122,4,38,2022,9892,-172,114
-142,122,4,37,2022,9892,-169,114
-142,122,5,36,2021,9892,-169,117
-143,123,6,36,2021,9892,-169,118
-142,122,5,36,2022,9892,-169,117
-142,122,4,37,2022,9892,-169,114
-142,122,4,38,2021,9892,-172,114
-143,123,4,38,2021,9892,-172,115
-143,124,4,38,2022,9892,-172,117
-143,124,4,37,2023,9892,-169,117
-143,124,5,36,2023,9892,-169,118
-143,123,6,36,2023,9892,-169,118
-143,124,5,36,2023,9892,-169,118
-144,125,4,37,2023,9892,-170,117
-144,126,4,37,2023,9892,-170,118
-144,126,5,37,2023,9892,-170,120
-144,126,6,36,2023,9892,-172,120
-145,126,6,35,2023,9892,-172,120
-144,126,7,35,2023,9892,-168,120
-143,126,7,34,2023,9892,-167,120
-140,126,8,34,2023,9892,-164,120
-139,126,8,34,2023,9892,-163,120
-138,125,7,34,2024,9892,-162,120
-138,125,7,34,2025,9892,-162,119
-138,125,8,34,2024,9892,-162,119
-138,125,8,34,2023,9892,-162,119
-138,125,8,34,2023,9892,-162,119
-138,125,7,35,2023,9892,-162,119
-138,125,5,36,2023,9892,-164,119
-138,125,4,38,2023,9892,-167,117
-138,125,4,37,2023,9892,-164,117
-138,125,5,37,2023,9892,-164,119
-138,125,6,36,2023,9892,-164,119
-138,125,6,36,2023,9892,-164,119
-138,125,4,37,2021,9892,-164,117
-138,125,4,37,2019,9893,-167,117
-138,125,4,38,2018,9893,-167,117
-138,125,6,39,2019,9893,-167,119
-138,125,7,40,2020,9893,-167,119
-138,125,7,39,2020,9893,-167,119
-138,125,5,39,2018,9893,-167,119
-138,125,5,38,2018,9893,-164,117
-138,125,5,38,2018,9893,-167,119
-138,125,5,39,2018,9893,-167,119
-138,125,6,39,2018,9893,-167,119
-140,124,5,38,2018,9893,-166,117
-141,123,4,37,2018,9893,-168,115
-142,123,4,38,2018,9893,-170,115
-142,123,4,38,2018,9893,-170,115
-141,123,4,38,2018,9893,-169,115
-141,124,5,37,2018,9893,-168,118
-142,123,7,35,2018,9893,-166,118
-143,122,8,34,2018,9893,-167,117
-143,122,8,34,2019,9893,-167,117
-143,123,8,34,2020,9893,-167,118
-142,125,8,34,2019,9893,-166,119
-140,126,8,34,2020,9892,-164,120
-139,126,8,34,2021,9892,-163,120
-138,126,7,34,2023,9892,-163,120
-139,126,7,33,2023,9892,-163,120
-140,127,7,32,2023,9892,-164,122
-140,128,6,33,2023,9892,-164,123
-140,128,5,34,2023,9892,-164,123
-140,128,4,36,2023,9892,-167,120
-140,128,4,36,2023,9892,-167,123
-140,128,6,35,2023,9892,-167,123
-140,128,8,34,2023,9892,-164,123
-140,128,8,34,2023,9892,-164,125
-140,129,7,35,2023,9892,-164,124
-140,130,5,37,2023,9892,-167,124
-140,130,4,37,2022,9892,-169,122
-140,130,3,37,2021,9892,-169,122
-140,130,3,36,2021,9892,-167,122
-140,129,3,36,2021,9892,-167,122
-140,128,4,37,2022,9892,-167,120
-139,126,4,38,2023,9892,-168,118
-138,125,4,38,2023,9892,-167,117
-138,125,4,37,2023,9892,-164,117
-138,125,4,37,2023,9892,-164,117
-138,125,4,37,2022,9892,-164,118
-138,125,4,38,2021,9892,-167,118
-139,125,4,37,2021,9892,-166,117
-139,124,4,37,2021,9892,-166,117
-140,124,4,37,2022,9892,-166,117
-139,124,4,37,2023,9892,-166,117
-140,124,4,37,2023,9892,-167,117
-141,123,4,38,2023,9892,-169,115
-142,123,4,38,2023,9892,-170,115
-143,122,4,37,2023,9892,-169,114
-143,122,4,37,2023,9892,-169,114
-142,122,4,37,2023,9892,-169,114
-141,123,5,38,2023,9892,-168,115
-139,124,5,38,2023,9892,-168,119
-138,125,6,39,2023,9892,-167,119
-138,125,5,38,2023,9892,-167,119
-138,125,5,38,2023,9892,-167,119
-138,125,5,38,2023,9892,-167,119
-138,125,6,39,2023,9892,-167,119
-138,125,5,38,2023,9892,-167,119
-138,125,5,38,2023,9892,-164,117
-138,125,4,37,2023,9892,-164,117
-138,125,4,37,2023,9892,-164,117
-138,125,4,37,2024,9892,-164,117
-138,125,4,38,2025,9892,-167,117
-138,125,4,38,2024,9892,-167,117
-138,125,4,37,2023,9892,-164,117
-138,125,4,37,2023,9892,-164,117
-138,125,4,37,2023,9892,-164,117
-138,125,4,37,2022,9892,-164,117
-138,125,4,37,2021,9892,-164,117
-138,125,4,37,2021,9892,-164,117
-138,125,4,38,2022,9892,-167,117
-138,125,4,37,2022,9892,-164,117
-138,125,4,37,2022,9892,-164,118
-138,125,4,37,2020,9892,-164,117
-138,125,4,38,2020,9892,-167,117
-138,125,4,38,2020,9892,-167,117
-138,125,4,37,2022,9892,-164,118
-139,126,5,36,2023,9892,-166,120
-140,127,6,36,2021,9892,-167,122
-140,127,5,36,2020,9893,-167,122
-139,127,4,37,2018,9893,-166,119
-139,126,4,38,2017,9893,-168,118
-139,126,4,38,2017,9893,-168,119
-140,128,4,37,2018,9893,-167,120
-142,129,6,36,2019,9893,-168,124
-144,128,7,35,2020,9893,-168,123
-144,126,7,34,2020,9893,-168,120
-144,124,7,35,2019,9893,-168,119
-143,123,6,35,2018,9893,-169,118
-144,124,7,35,2019,9893,-168,119
-144,126,7,34,2021,9892,-168,120
-143,127,7,35,2023,9892,-167,122
-142,128,5,36,2022,9892,-169,123
-142,129,4,37,2020,9892,-169,120
-143,128,4,38,2020,9892,-173,120
-143,128,4,38,2020,9892,-172,120
-142,128,4,37,2022,9892,-169,120
-140,129,4,37,2023,9892,-167,122
-140,130,4,37,2023,9892,-167,122
-140,129,4,38,2023,9892,-169,122
-140,129,4,37,2023,9892,-167,122
-140,129,4,37,2023,9892,-167,122
-140,129,4,37,2023,9892,-167,122
-140,129,4,37,2022,9892,-167,122
-140,129,4,38,2020,9892,-169,122
-141,129,4,37,2020,9892,-168,122
-140,129,4,37,2020,9892,-167,122
-139,130,4,37,2020,9892,-166,123
-138,131,4,38,2021,9892,-167,123
-138,131,4,38,2021,9892,-167,123
-138,130,4,37,2021,9892,-166,123
-139,130,6,36,2021,9892,-166,124
-139,130,7,35,2021,9892,-166,124
-140,130,7,36,2022,9892,-167,124
-140,130,5,36,2023,9892,-167,124
-140,129,5,35,2023,9892,-167,124
-140,129,5,34,2023,9892,-164,124
-140,129,6,34,2022,9892,-164,124
-140,129,5,36,2021,9892,-167,124
-140,129,4,38,2021,9892,-169,122
-140,129,4,38,2021,9892,-169,122
-140,129,4,37,2022,9892,-167,122
-140,129,5,36,2023,9892,-167,124
-140,130,5,36,2023,9892,-167,124
-141,130,5,37,2023,9892,-168,124
-140,129,5,37,2023,9892,-167,124
-140,128,5,37,2023,9892,-167,123
-139,126,5,36,2021,9892,-166,120
-138,125,5,36,2020,9893,-164,119
-138,125,5,37,2019,9893,-164,119
-138,125,5,37,2020,9892,-164,119
-138,125,5,36,2020,9892,-164,120
-138,125,6,36,2020,9892,-164,120
-138,125,6,36,2021,9892,-164,119
-138,125,5,36,2021,9892,-164,119
-138,125,5,37,2023,9892,-164,119
-138,125,4,37,2023,9892,-164,117
-138,125,5,36,2023,9892,-164,119
-138,125,6,35,2023,9892,-164,119
-138,125,8,34,2023,9892,-162,119
-138,125,8,34,2023,9892,-162,119
-138,125,7,34,2023,9892,-162,119
-138,125,6,36,2022,9892,-164,119
-138,125,5,36,2021,9892,-164,119
-138,125,5,36,2021,9892,-164,119
-138,125,6,36,2022,9892,-164,119
-138,125,6,35,2023,9892,-164,119
-138,125,6,35,2023,9892,-164,119
-138,125,6,35,2021,9892,-164,119
-138,125,7,35,2019,9893,-162,119
-138,125,7,34,2019,9893,-162,119
-138,125,8,34,2021,9892,-162,119
-138,125,8,34,2023,9892,-162,119
-138,125,8,34,2023,9892,-162,119
-137,126,7,34,2022,9892,-161,120
-137,126,8,34,2019,9893,-161,120
-137,125,8,34,2017,9893,-161,120
-138,125,8,34,2018,9893,-162,119
-137,126,8,34,2019,9893,-161,120
-136,127,8,34,2020,9892,-159,122
-135,126,8,34,2020,9892,-159,122
-136,126,7,34,2021,9892,-161,120
-138,125,7,33,2020,9892,-162,120
-140,126,6,33,2020,9892,-164,120
-140,127,7,33,2019,9893,-164,122
-140,128,8,33,2018,9893,-164,123
-139,128,8,34,2018,9893,-163,123
-140,128,7,35,2019,9893,-167,123
-142,128,5,36,2021,9892,-168,123
-144,128,4,38,2023,9892,-173,120
-145,127,4,37,2023,9892,-172,119
-145,127,5,36,2023,9892,-172,122
-145,127,6,36,2023,9892,-172,122
-145,127,5,36,2023,9892,-172,122
-145,127,5,37,2023,9892,-172,119
-145,127,4,38,2023,9892,-174,119
-145,127,4,37,2023,9892,-174,119
-145,127,3,36,2023,9892,-172,119
-144,128,3,36,2022,9892,-170,120
-143,128,3,36,2021,9892,-169,120
-142,128,4,37,2021,9892,-170,120
-141,127,4,38,2021,9892,-170,119
-141,127,4,38,2022,9892,-170,119
-142,127,4,37,2023,9892,-168,119
-141,128,4,37,2023,9892,-168,120
-140,128,4,37,2023,9892,-167,120
-139,127,4,38,2023,9892,-168,119
-139,126,4,37,2023,9892,-166,118
-140,126,4,37,2023,9892,-167,118
-141,125,4,37,2023,9892,-167,118
-140,125,4,38,2023,9892,-168,117
-139,125,4,37,2023,9892,-166,117
-138,125,4,37,2023,9892,-164,117
-138,125,4,37,2023,9892,-164,117
-138,125,4,38,2023,9892,-167,118
-138,125,4,38,2023,9892,-167,117
-138,125,4,37,2023,9892,-164,117
-138,125,5,36,2023,9892,-164,119
-138,125,7,35,2023,9892,-162,119
-138,125,7,34,2023,9892,-162,119
-138,125,8,34,2023,9892,-162,120
-138,125,8,34,2023,9892,-162,120
-138,125,8,34,2023,9892,-162,119
-137,124,8,34,2023,9892,-162,118
-137,123,7,34,2022,9892,-161,118
-138,124,7,35,2021,9892,-162,119
-138,125,6,35,2021,9892,-164,119
-137,124,7,35,2021,9892,-162,118
-137,122,7,34,2022,9892,-161,117
-136,121,8,34,2023,9892,-161,115
-136,120,8,34,2023,9892,-159,114
-136,120,8,34,2022,9892,-159,115
-136,121,7,34,2021,9892,-159,115
-137,122,7,34,2021,9892,-161,117
-138,123,7,34,2021,9892,-162,118
-139,124,8,34,2023,9892,-163,119
-140,125,8,34,2023,9892,-164,119
-140,124,8,34,2021,9892,-164,119
-140,124,7,35,2019,9893,-164,119
-140,124,5,36,2018,9893,-166,119
-139,124,4,38,2019,9893,-168,117
-139,125,4,38,2022,9892,-168,117
-138,125,4,37,2023,9892,-164,117
-138,125,5,36,2022,9892,-164,120
-138,126,6,36,2019,9893,-166,120
-139,127,5,36,2018,9893,-166,122
-141,126,4,37,2019,9893,-168,119
-143,127,4,38,2020,9892,-172,119
-144,127,4,38,2021,9892,-173,119
-142,129,4,37,2020,9892,-169,120
-141,129,4,37,2019,9893,-168,122
-140,130,4,37,2018,9893,-167,122
-140,129,4,37,2017,9893,-167,122
-140,129,4,37,2018,9893,-167,122
-140,129,4,38,2019,9893,-169,122
-140,129,4,38,2020,9892,-169,122
-140,129,4,37,2021,9892,-167,122
-140,129,5,36,2022,9892,-167,124
-140,129,7,35,2023,9892,-164,124
-140,129,7,34,2023,9892,-164,124
-140,129,8,34,2023,9892,-164,124
-140,129,8,34,2021,9892,-164,124
-140,129,7,34,2021,9892,-164,124
-140,129,7,34,2021,9892,-164,124
-140,129,7,34,2022,9892,-164,124
-140,129,8,34,2023,9892,-164,124
-140,129,8,34,2023,9892,-164,124
-140,129,8,34,2023,9892,-164,124
-141,129,8,34,2023,9892,-166,124
-140,129,8,34,2023,9892,-164,124
-139,130,8,34,2023,9892,-163,124
-138,131,8,34,2023,9892,-162,125
-137,131,8,34,2023,9892,-162,125
-138,131,7,34,2023,9892,-162,125
-139,130,8,34,2023,9892,-163,125
-140,130,8,34,2023,9892,-164,124
-138,129,7,34,2023,9892,-163,123
-136,128,7,33,2023,9892,-161,123
-134,127,6,33,2023,9892,-158,122
-133,127,6,34,2023,9892,-158,123
-134,127,6,35,2023,9892,-158,123
-134,127,6,34,2023,9892,-158,122
-133,126,6,33,2023,9892,-158,120
-133,126,6,33,2023,9892,-157,120
-133,126,6,35,2023,9892,-159,120
-134,127,6,36,2023,9892,-161,122
-135,127,5,37,2023,9892,-162,122
-137,126,4,37,2022,9892,-163,118
-138,125,3,36,2021,9892,-164,117
-139,125,3,36,2020,9892,-166,117
-138,125,3,36,2019,9893,-164,117
-138,125,4,37,2018,9893,-164,117
-138,125,4,38,2018,9893,-167,117
-138,125,4,38,2018,9893,-167,117
-139,126,4,37,2018,9893,-166,119
-140,128,4,37,2018,9893,-167,120
-140,129,4,37,2018,9893,-167,122
-140,128,4,38,2018,9893,-169,120
-140,128,4,37,2018,9893,-167,120
-141,127,4,37,2018,9893,-168,119
-142,127,4,37,2018,9893,-168,119
-141,127,4,37,2017,9893,-168,119
-140,128,4,37,2018,9893,-167,120
-140,128,4,37,2019,9893,-167,120
-140,129,4,37,2021,9892,-167,122
-140,130,4,37,2023,9892,-167,122
-141,129,4,37,2023,9892,-168,122
-140,129,4,37,2023,9892,-167,122
-140,129,4,37,2023,9892,-167,122
-140,129,4,37,2023,9892,-167,122
-140,129,4,37,2023,9892,-167,122
-140,129,4,37,2023,9892,-167,122
-140,129,4,37,2023,9892,-167,122
-140,129,4,37,2023,9892,-167,122
-140,129,4,37,2023,9892,-167,122
-140,129,4,37,2023,9892,-167,122
-140,129,4,38,2023,9892,-169,122
-140,129,4,37,2023,9892,-167,122
-140,129,4,37,2023,9892,-167,122
-140,129,4,37,2023,9892,-167,122
-140,129,4,38,2023,9892,-169,122
-140,129,4,38,2023,9892,-169,122
-140,130,4,37,2023,9892,-167,122
-141,130,5,36,2023,9892,-168,124
-140,129,6,35,2023,9892,-167,124
-140,128,7,34,2023,9892,-164,123
-139,127,8,33,2023,9892,-163,124
-139,126,8,34,2023,9892,-163,120
-139,126,7,34,2022,9892,-163,122
-139,126,7,35,2021,9892,-163,120
-139,125,6,35,2021,9892,-166,120
-138,125,7,35,2021,9892,-162,119
-138,124,6,35,2022,9892,-164,119
-138,125,5,36,2023,9892,-164,119
-140,126,4,37,2023,9892,-167,118
-142,127,4,38,2023,9892,-170,119
-143,128,4,38,2023,9892,-172,120
-143,129,4,37,2022,9892,-169,122
-142,129,4,37,2021,9892,-169,120
-142,128,4,37,2021,9892,-169,120
-142,128,4,38,2022,9892,-172,120
-142,129,4,37,2022,9892,-168,120
-141,129,4,37,2022,9892,-168,122
-140,129,4,37,2020,9892,-167,122
-140,129,4,37,2020,9892,-167,122
-140,129,4,37,2020,9892,-167,122
-140,129,4,38,2022,9892,-169,122
-140,129,4,37,2023,9892,-167,122
-140,129,4,37,2022,9892,-167,122
-140,129,4,37,2020,9893,-167,122
-140,129,4,38,2018,9893,-169,122
-140,129,4,38,2017,9893,-169,122
-140,129,4,37,2018,9893,-167,122
-140,129,5,37,2018,9893,-167,124
-140,129,6,36,2018,9893,-167,124
-140,129,6,35,2018,9893,-167,124
-140,129,6,36,2018,9893,-167,124
-140,129,5,37,2018,9893,-167,124
-140,129,4,37,2018,9893,-167,122
-140,130,4,38,2018,9893,-169,122
-140,129,4,38,2018,9893,-169,122
-142,129,4,37,2018,9893,-168,120
-144,127,4,37,2018,9893,-170,119
-145,127,4,37,2018,9893,-172,119
-145,127,4,38,2018,9893,-174,119
-145,127,4,37,2018,9893,-172,119
-145,127,4,37,2018,9893,-172,119
-145,127,4,37,2018,9893,-172,119
-144,127,4,37,2018,9893,-170,119
-142,129,4,37,2018,9893,-168,120
-140,129,4,37,2018,9893,-167,122
-140,130,4,37,2018,9893,-167,122
-140,129,4,37,2018,9893,-167,122
-140,129,4,37,2018,9893,-167,122
-140,129,4,37,2018,9893,-167,122
-140,129,4,37,2018,9893,-167,122
-140,129,4,37,2018,9893,-167,122
-140,129,4,37,2018,9893,-167,122
-141,129,4,37,2018,9893,-168,122
-140,129,4,37,2018,9893,-167,122
-139,130,4,37,2018,9893,-166,122
-137,131,4,37,2018,9893,-164,123
-136,131,4,37,2018,9893,-163,124
-136,132,4,37,2018,9893,-163,124
-136,132,4,37,2018,9893,-163,124
-136,131,4,37,2018,9893,-163,124
-136,131,4,37,2018,9893,-163,124
-136,132,4,37,2018,9893,-163,124
-136,132,4,37,2018,9893,-163,124
-136,131,4,37,2018,9893,-163,124
-137,131,4,37,2018,9893,-164,123
-139,130,4,37,2018,9893,-166,122
-140,129,4,37,2018,9893,-167,122
-141,129,4,37,2018,9893,-168,122
-140,129,4,37,2018,9893,-167,122
-140,129,4,37,2018,9893,-167,122
-140,129,4,37,2018,9893,-167,122
-140,129,4,37,2018,9893,-167,122
-140,129,4,37,2018,9893,-167,122
-140,130,4,37,2018,9893,-167,122
-141,130,4,37,2020,9893,-168,122
-142,129,4,37,2020,9892,-168,120
-141,127,4,37,2019,9893,-168,119
-140,126,4,37,2018,9893,-167,118
-139,126,4,37,2017,9893,-166,118
-139,127,4,37,2019,9893,-166,119
-139,127,4,37,2022,9892,-166,119
-139,127,4,37,2023,9892,-166,119
-139,126,4,37,2021,9892,-166,118
-138,125,4,37,2020,9893,-164,117
-138,125,4,37,2020,9893,-164,117
-138,125,4,37,2021,9892,-164,117
-138,125,4,37,2022,9892,-164,117
-138,125,4,37,2022,9892,-164,118
-138,125,4,37,2021,9892,-164,117
-138,125,4,37,2021,9892,-164,117
-138,125,4,37,2022,9892,-164,117
-138,125,4,37,2023,9892,-164,117
-138,125,4,37,2023,9892,-164,117
-138,125,4,37,2023,9892,-164,117
-138,125,4,37,2022,9892,-164,117
-138,125,4,37,2021,9892,-164,117
-138,125,4,37,2021,9892,-164,117
-138,125,4,37,2022,9892,-164,117
-138,125,4,37,2022,9892,-164,117
-138,125,4,37,2022,9892,-164,117
-138,125,4,37,2021,9892,-164,117
-138,125,4,37,2021,9892,-164,117
-138,125,4,37,2022,9892,-164,117
-138,125,4,37,2023,9892,-164,117
-138,125,4,37,2023,9892,-164,118
-138,125,4,37,2023,9892,-164,117
-138,125,4,37,2023,9892,-164,117
-138,125,4,37,2023,9892,-164,117
-138,126,4,37,2023,9892,-164,118
-139,126,4,37,2023,9892,-166,118
-139,127,4,37,2023,9892,-166,119
-139,126,4,37,2023,9892,-166,118
-138,126,4,37,2023,9892,-164,118
-138,125,4,38,2023,9892,-167,117
-138,125,4,38,2023,9892,-167,117
-138,125,4,37,2022,9892,-164,117
-138,126,4,37,2022,9892,-164,118
-139,126,4,37,2021,9892,-166,118
-139,126,5,38,2021,9892,-166,119
-139,127,5,38,2021,9892,-168,122
-139,127,6,39,2021,9892,-168,122
-139,126,5,38,2022,9892,-168,120
-138,126,5,38,2022,9892,-164,118
-138,126,4,37,2023,9892,-164,118
-139,126,4,37,2023,9892,-166,119
-139,127,4,37,2023,9892,-166,119
-140,128,4,38,2023,9892,-169,120
-140,128,4,38,2023,9892,-169,120
-140,128,4,37,2023,9892,-167,120
-140,129,4,37,2023,9892,-167,122
-140,129,4,38,2023,9892,-169,122
-140,128,4,38,2023,9892,-169,120
-140,127,4,37,2022,9892,-167,119
-141,127,5,36,2022,9892,-168,122
-142,128,7,35,2021,9892,-167,123
-142,129,7,34,2021,9892,-167,124
-141,129,7,35,2021,9892,-166,124
-140,128,6,35,2021,9892,-167,123
-140,128,6,35,2022,9892,-167,123
-140,128,7,34,2022,9892,-164,123
-140,129,8,34,2023,9892,-164,124
-141,129,8,34,2023,9892,-166,124
-140,130,7,34,2023,9892,-164,124
-140,129,7,34,2023,9892,-164,124
-140,129,8,34,2022,9892,-164,124
-140,129,8,34,2021,9892,-164,124
-140,129,7,34,2021,9892,-164,124
-140,129,6,35,2021,9892,-167,124
-140,129,5,36,2022,9892,-167,124
-140,129,5,36,2023,9892,-167,124
-140,129,6,35,2023,9892,-167,124
-140,129,7,34,2023,9892,-164,124
-140,129,7,35,2023,9892,-164,124
-140,129,6,35,2023,9892,-167,124
-140,129,7,35,2023,9892,-164,124
-140,129,7,34,2022,9892,-164,124
-140,129,7,34,2022,9892,-164,124
-140,129,6,35,2021,9892,-167,124
-140,129,5,36,2021,9892,-167,124
-140,129,5,36,2021,9892,-167,124
-140,129,7,36,2021,9892,-167,124
-140,129,7,35,2022,9892,-167,124
-140,129,6,36,2023,9892,-167,124
-140,129,4,37,2023,9892,-167,122
-140,129,4,38,2022,9892,-169,122
-140,129,4,38,2021,9892,-169,122
-140,129,5,38,2020,9892,-169,124
-140,129,7,40,2019,9893,-169,124
-140,129,8,41,2018,9893,-169,124
-140,130,8,41,2018,9893,-169,124
-141,130,8,41,2019,9893,-170,124
-140,129,8,41,2021,9892,-169,124
-140,128,7,41,2023,9892,-169,123
-139,126,7,40,2022,9892,-168,120
-138,125,7,39,2021,9892,-167,119
-138,125,8,39,2019,9893,-167,119
-138,125,9,39,2019,9893,-164,119
-137,126,9,40,2020,9892,-167,120
-136,126,7,40,2021,9892,-166,120
-135,126,7,40,2021,9892,-164,122
-135,126,7,40,2021,9892,-164,122
-136,126,6,39,2020,9892,-164,120
-137,126,6,39,2020,9892,-166,120
-137,126,6,39,2020,9892,-167,120
-137,126,5,39,2020,9892,-167,120
-137,126,5,38,2020,9893,-167,120
-137,126,5,38,2019,9893,-163,118
-137,126,4,37,2019,9893,-163,118
-136,126,4,37,2020,9892,-163,118
-136,126,4,37,2021,9892,-162,118
-136,126,4,38,2022,9892,-164,118
-136,126,4,38,2022,9892,-166,118
-138,127,4,37,2021,9892,-164,119
-140,128,4,37,2021,9892,-167,120
-140,129,4,37,2020,9892,-167,122
-141,130,4,37,2019,9893,-168,122
-140,130,4,37,2018,9893,-167,122
-140,129,4,37,2019,9893,-167,122
-140,129,4,37,2020,9892,-167,122
-140,129,4,37,2020,9892,-167,122
-140,129,4,37,2020,9892,-167,122
-140,129,4,37,2021,9892,-167,122
-140,129,4,37,2022,9892,-167,122
-140,129,4,37,2022,9892,-167,122
-140,129,4,37,2021,9892,-167,122
-140,129,4,37,2020,9892,-167,122
-140,129,4,37,2020,9893,-167,122
-140,130,4,37,2019,9893,-167,122
-141,130,4,37,2019,9893,-168,122
-140,129,4,37,2018,9893,-167,122
-140,128,4,37,2018,9893,-166,120
-139,126,4,37,2019,9893,-166,118
-139,126,4,37,2020,9892,-166,119
-140,128,4,37,2019,9893,-167,120
-140,129,4,37,2018,9893,-167,122
-140,128,4,37,2018,9893,-167,120
-139,126,4,37,2019,9893,-166,118
-138,125,4,37,2020,9892,-164,118
-138,127,4,37,2020,9893,-164,119
-138,129,4,37,2018,9893,-164,120
-137,130,4,37,2018,9893,-164,122
-135,128,4,37,2017,9893,-162,120
-134,127,4,37,2018,9893,-161,119
-134,127,4,37,2019,9893,-161,119
-136,127,4,37,2020,9893,-162,119
-138,128,4,37,2020,9893,-164,120
-139,129,4,37,2019,9893,-166,120
-138,128,4,37,2018,9893,-164,120
-137,126,4,37,2020,9893,-164,118
-138,126,4,38,2021,9892,-167,118
-139,126,4,37,2021,9892,-166,118
-140,128,4,37,2020,9893,-167,120
-140,129,4,37,2018,9893,-167,122
-139,130,4,38,2018,9893,-168,123
-137,131,4,38,2019,9893,-167,123
-136,131,4,37,2020,9893,-163,124
-136,132,5,36,2019,9893,-163,126
-136,131,5,36,2020,9892,-163,126
-136,130,5,37,2021,9892,-163,125
-136,130,5,37,2023,9892,-162,124
-135,129,5,37,2023,9892,-162,124
-134,128,5,36,2022,9892,-161,123
-134,127,6,36,2021,9892,-161,122
-134,128,6,36,2021,9892,-161,123
-134,128,5,36,2022,9892,-161,123
-135,129,4,36,2023,9892,-162,120
-135,128,3,35,2023,9892,-162,120
-135,129,2,35,2023,9892,-162,122
-135,130,1,35,2023,9892,-162,123
-136,131,2,35,2023,9892,-162,124
-137,132,3,36,2023,9892,-163,124
-138,131,3,36,2022,9892,-164,124
-139,130,4,37,2021,9892,-166,122
-140,129,3,37,2020,9892,-167,122
-141,129,3,36,2020,9892,-168,120
-141,129,3,36,2020,9892,-168,122
-141,130,4,37,2021,9892,-168,123
-142,133,3,37,2022,9892,-169,125
-143,133,3,36,2021,9892,-169,125
-143,134,1,36,2020,9893,-173,126
-144,133,1,37,2018,9893,-173,125
-145,132,3,38,2017,9893,-174,124
-145,132,4,38,2017,9893,-174,124
-145,133,4,38,2018,9893,-174,125
-144,133,3,36,2019,9893,-170,125
-142,132,2,35,2019,9893,-169,124
-141,131,2,35,2020,9893,-168,124
-141,130,3,36,2019,9893,-168,123
-142,130,4,37,2019,9893,-169,122
-143,130,5,38,2019,9893,-169,122
-142,129,4,37,2020,9893,-169,122
-141,129,3,36,2020,9892,-168,122
-140,129,2,35,2020,9893,-167,122
-140,129,2,35,2020,9893,-167,122
-141,129,2,36,2020,9893,-168,122
-140,129,3,36,2020,9893,-167,122
-140,129,4,37,2020,9893,-169,122
-140,129,3,37,2019,9893,-167,122
-140,129,3,36,2020,9893,-167,122
-141,129,3,36,2020,9892,-168,122
-140,130,4,37,2020,9892,-169,122
-140,130,4,38,2020,9892,-169,123
-137,131,5,37,2019,9893,-164,123
-136,130,5,36,2020,9892,-162,125
-134,129,6,36,2021,9892,-161,123
-134,127,5,36,2021,9892,-161,122
-134,127,5,37,2020,9892,-161,119
-134,127,4,38,2018,9893,-163,119
-134,127,4,38,2017,9893,-163,119
-134,127,4,38,2018,9893,-163,119
-134,127,4,38,2018,9893,-163,119
-134,127,4,37,2018,9893,-161,119
-134,127,4,38,2018,9893,-163,119
-134,127,4,37,2018,9893,-161,119
-134,127,5,38,2018,9893,-161,119
-134,127,5,38,2018,9893,-163,122
-134,127,6,39,2018,9893,-163,122
-134,127,5,38,2018,9893,-163,122
-134,127,5,38,2018,9893,-163,122
-134,127,5,38,2018,9893,-163,122
-134,127,6,39,2018,9893,-163,122
-133,127,5,38,2018,9893,-163,122
-133,127,5,38,2018,9893,-159,119
-135,128,4,37,2019,9893,-162,120
-137,130,4,37,2020,9892,-163,122
-139,130,4,37,2019,9893,-166,122
-141,130,4,38,2018,9893,-170,122
-141,129,4,38,2018,9893,-170,122
-140,129,4,37,2019,9893,-167,122
-140,129,4,37,2020,9892,-167,122
-140,129,4,37,2021,9892,-167,122
-140,129,4,37,2020,9892,-167,122
-141,129,4,37,2019,9893,-168,122
-141,131,4,38,2018,9893,-170,123
-142,132,4,37,2019,9893,-169,124
-142,132,4,37,2021,9892,-169,124
-142,132,4,37,2022,9892,-169,124
-142,132,4,38,2022,9892,-172,124
-144,133,4,38,2021,9892,-173,125
-145,133,4,37,2021,9892,-172,125
-146,132,3,36,2022,9892,-173,124
-146,131,3,36,2021,9892,-173,123
-144,129,3,36,2021,9892,-170,122
-142,128,3,37,2022,9892,-169,120
-140,129,3,37,2022,9892,-167,122
-140,130,3,36,2021,9892,-167,122
-140,130,3,37,2020,9893,-167,122
-141,130,3,37,2018,9893,-168,122
-140,129,3,36,2017,9893,-167,122
-140,128,3,36,2018,9893,-167,120
-139,126,3,36,2018,9893,-166,118
-138,125,4,37,2018,9893,-164,118
-138,125,4,38,2018,9893,-167,117
-138,125,4,38,2018,9893,-167,117
-138,125,4,37,2019,9893,-164,118
-138,125,4,37,2020,9892,-164,118
-138,125,4,37,2021,9892,-164,118
-138,125,4,38,2021,9892,-167,117
-138,124,4,37,2021,9892,-164,117
-137,123,4,37,2021,9892,-163,115
-137,122,4,37,2020,9892,-163,114
-136,121,4,37,2020,9892,-163,113
-136,121,4,37,2020,9892,-162,113
-136,122,4,37,2021,9892,-163,114
-137,122,4,37,2022,9892,-163,114
-137,123,4,37,2022,9892,-163,115
-137,123,4,37,2021,9892,-163,115
-137,123,4,37,2020,9892,-163,115
-137,122,4,37,2019,9893,-163,114
-137,123,4,37,2019,9893,-163,115
-138,124,4,37,2019,9893,-164,117
-138,125,4,37,2020,9892,-164,117
-138,125,4,37,2021,9892,-164,117
-138,125,4,37,2023,9892,-164,117
-138,125,4,38,2023,9892,-167,118
-139,126,4,37,2023,9892,-166,119
-140,128,4,37,2023,9892,-166,120
-140,128,4,37,2023,9892,-167,120
-140,128,4,38,2023,9892,-169,120
-140,128,4,38,2023,9892,-169,120
-140,129,4,37,2023,9892,-167,122
-140,130,6,36,2023,9892,-167,124
-140,130,7,35,2023,9892,-164,124
-140,129,7,35,2023,9892,-164,124
-140,129,6,36,2023,9892,-167,124
-141,130,4,37,2023,9892,-168,122
-141,130,4,38,2023,9892,-170,123
-141,131,4,38,2023,9892,-170,123
-141,130,4,38,2023,9892,-170,123
-140,130,4,37,2023,9892,-167,122
-140,130,4,37,2023,9892,-167,122
-141,130,5,37,2023,9892,-168,125
-141,131,6,36,2022,9892,-168,125
-141,130,6,35,2021,9892,-168,125
-141,130,7,35,2021,9892,-166,124
-140,129,7,34,2022,9892,-164,124
-140,129,8,34,2022,9892,-164,124
-140,129,8,34,2021,9892,-164,124
-141,130,8,34,2021,9892,-166,124
-140,130,8,34,2022,9892,-164,124
-140,129,7,34,2023,9892,-164,124
-140,128,7,35,2023,9892,-164,123
-140,128,6,35,2021,9892,-167,123
-140,128,6,35,2020,9893,-167,123
-140,129,7,35,2020,9893,-164,123
-140,128,6,35,2020,9892,-167,123
-139,127,6,36,2021,9892,-166,122
-139,126,5,37,2020,9892,-166,120
-139,127,4,37,2020,9893,-166,119
-140,128,4,38,2019,9893,-168,120
-139,127,4,38,2019,9893,-168,119
-139,126,4,37,2020,9892,-166,118
-138,125,4,37,2021,9892,-164,117
-138,125,4,37,2022,9892,-164,117
-139,126,4,38,2022,9892,-168,118
-140,128,4,37,2021,9892,-167,120
-141,129,4,37,2021,9892,-168,122
-141,130,4,37,2021,9892,-168,122
-140,130,4,37,2021,9892,-167,122
-140,130,4,37,2021,9892,-167,122
-140,129,4,37,2020,9892,-167,122
-142,129,4,37,2020,9893,-168,120
-144,127,4,37,2019,9893,-170,119
-145,127,4,37,2020,9892,-172,119
-145,128,4,37,2021,9892,-172,120
-146,129,4,37,2021,9892,-173,122
-147,130,4,37,2020,9892,-173,122
-146,130,4,37,2018,9893,-173,123
-145,131,4,37,2017,9893,-172,123
-144,131,4,37,2017,9893,-170,123
-143,132,4,37,2018,9893,-170,124
-144,132,4,37,2020,9893,-170,124
-146,132,4,37,2020,9892,-173,124
-146,132,4,37,2019,9893,-173,124
-146,133,4,37,2018,9893,-173,125
-144,133,4,37,2018,9893,-170,125
-142,132,4,37,2019,9893,-169,124
-141,131,4,37,2020,9892,-168,123
-140,129,4,37,2021,9892,-167,122
-140,129,4,37,2022,9892,-167,122
-140,129,4,37,2023,9892,-167,122
-141,129,4,37,2023,9892,-168,122
-140,130,4,37,2021,9892,-167,122
-140,129,4,38,2019,9893,-169,122
-140,129,4,37,2019,9893,-167,122
-140,129,4,37,2021,9892,-167,122
-140,129,4,37,2023,9892,-167,122
-140,129,4,38,2023,9892,-169,122
-140,130,4,38,2023,9892,-169,122
-141,129,4,37,2023,9892,-168,122
-141,129,5,36,2023,9892,-168,123
-142,128,6,36,2022,9892,-169,123
-144,128,5,36,2021,9892,-170,123
-145,129,5,37,2021,9892,-172,122
-146,130,4,38,2022,9892,-175,123
-145,131,4,38,2023,9892,-174,123
-143,130,4,37,2023,9892,-170,123
-143,130,4,38,2021,9892,-172,123
-143,130,4,38,2019,9893,-172,122
-143,129,4,37,2019,9893,-173,122
-143,129,3,36,2021,9892,-169,120
-142,128,3,36,2023,9892,-169,120
-142,128,3,36,2023,9892,-168,120
-142,128,4,37,2023,9892,-169,120
-142,129,4,38,2023,9892,-170,122
-140,130,4,38,2023,9892,-169,122
-140,129,4,37,2023,9892,-167,122
-141,127,4,37,2022,9892,-168,119
-143,126,4,38,2021,9892,-172,118
-144,125,4,38,2021,9892,-173,117
-143,126,4,37,2021,9892,-169,118
-140,126,4,37,2022,9892,-167,119
-139,126,4,38,2023,9892,-168,119
-138,126,4,38,2023,9892,-167,118
-140,124,3,39,2023,9892,-168,117
-141,123,3,39,2023,9892,-169,115
-141,123,3,39,2023,9892,-170,115
-141,124,4,39,2023,9892,-170,117
-142,125,5,39,2021,9892,-170,117
-143,125,5,40,2020,9893,-172,117
-144,124,4,40,2020,9893,-173,115
-143,123,3,39,2021,9892,-172,115
-141,123,3,39,2022,9892,-170,115
-140,124,3,38,2021,9892,-168,117
-139,124,4,38,2020,9892,-168,117
-140,124,4,38,2019,9893,-169,117
-139,124,4,38,2018,9893,-168,117
-139,125,4,37,2019,9893,-166,117
-138,125,4,38,2020,9893,-167,117
-138,125,4,38,2019,9893,-167,117
-138,125,4,37,2018,9893,-164,117
-139,125,4,37,2018,9893,-166,117
-138,125,4,37,2019,9893,-164,117
-137,126,4,37,2020,9892,-164,118
-136,126,4,37,2020,9893,-163,118
-136,126,4,37,2018,9893,-162,118
-136,126,4,37,2018,9893,-162,118
-137,125,4,37,2018,9893,-163,118
-139,126,4,37,2018,9893,-166,118
-140,128,4,37,2018,9893,-167,120
-139,130,4,37,2018,9893,-166,122
-138,131,4,37,2018,9893,-164,124
-137,131,4,37,2018,9893,-164,123
-139,130,4,37,2017,9893,-166,123
-140,129,4,37,2018,9893,-167,122
-141,129,4,37,2020,9892,-168,122
-140,129,4,37,2021,9892,-167,122
-140,129,4,37,2021,9892,-167,122
-140,129,4,37,2019,9893,-167,122
-140,129,4,37,2018,9893,-167,122
-140,129,4,37,2019,9893,-167,122
-140,129,4,37,2020,9892,-167,122
-140,129,4,38,2021,9892,-169,122
-140,129,4,38,2021,9892,-169,122
-140,129,4,37,2022,9892,-167,122
-140,129,4,37,2023,9892,-167,122
-140,129,4,37,2023,9892,-167,122
-140,129,5,38,2021,9892,-167,122
-140,129,5,38,2019,9893,-169,124
-140,129,6,39,2018,9893,-169,124
-140,129,5,38,2019,9893,-169,124
-140,129,5,38,2020,9893,-167,122
-140,129,4,38,2019,9893,-169,122
-140,129,4,37,2018,9893,-167,122
-140,130,4,37,2018,9893,-167,122
-141,130,4,38,2019,9893,-170,122
-140,129,5,38,2020,9893,-169,122
-140,128,6,39,2019,9893,-169,123
-139,126,7,39,2019,9893,-168,120
-138,125,7,38,2019,9893,-164,119
-138,125,7,36,2020,9893,-164,119
-138,125,7,35,2019,9893,-164,119
-138,125,6,36,2018,9893,-164,120
-138,125,4,38,2018,9893,-167,118
-138,125,4,38,2018,9893,-167,117
-138,125,4,38,2018,9893,-167,117
-138,125,6,36,2018,9893,-164,119
-138,125,6,36,2018,9893,-164,119
-138,125,5,36,2018,9893,-164,119
-138,125,4,37,2018,9893,-164,117
-138,125,4,38,2018,9893,-167,117
-138,125,4,38,2018,9893,-167,118
-138,125,4,37,2018,9893,-164,117
-138,125,4,37,2018,9893,-164,117
-138,125,4,38,2018,9893,-167,117
-138,126,4,38,2018,9893,-167,118
-139,126,4,37,2018,9893,-166,118
-139,127,4,37,2018,9893,-166,119
-139,126,4,38,2018,9893,-168,118
-138,126,4,38,2018,9893,-167,118
-138,125,4,37,2018,9893,-164,117
-138,125,3,36,2017,9893,-164,117
-138,125,3,36,2018,9893,-164,117
-138,125,3,36,2019,9893,-164,117
-138,125,4,37,2021,9892,-164,117
-138,125,4,38,2023,9892,-167,117
-138,125,4,38,2023,9892,-167,117
-138,125,4,38,2023,9892,-167,117
-138,125,4,37,2023,9892,-164,117
-139,125,4,37,2023,9892,-166,117
-140,124,4,38,2023,9892,-169,117
-141,123,4,38,2023,9892,-170,115
-142,123,3,39,2023,9892,-170,115
-142,123,3,39,2023,9892,-170,115
-141,123,3,39,2023,9892,-169,115
-140,124,4,38,2023,9892,-168,117
-140,124,4,37,2023,9892,-167,117
-141,123,4,37,2023,9892,-167,115
-141,123,4,37,2023,9892,-168,115
-140,124,4,38,2023,9892,-169,117
-139,125,4,38,2023,9892,-168,117
-138,125,4,37,2023,9892,-164,117
-138,125,4,37,2023,9892,-164,117
-138,125,4,37,2023,9892,-164,117
-139,125,4,37,2022,9892,-166,117
-140,124,4,37,2021,9892,-167,117
-141,123,4,37,2020,9892,-168,115
-141,123,4,37,2019,9893,-168,115
-141,123,4,37,2018,9893,-167,115
-141,125,4,37,2018,9893,-167,118
-142,127,4,37,2019,9893,-168,119
-144,127,4,37,2020,9892,-170,119
-145,127,4,38,2019,9893,-174,119
-145,127,4,37,2018,9893,-172,119
-145,127,4,37,2018,9893,-172,119
-144,127,4,37,2018,9893,-170,119
-143,128,4,38,2018,9893,-172,120
-144,127,4,38,2018,9893,-173,119
-144,127,4,37,2018,9893,-170,119
-145,127,5,36,2018,9893,-172,122
-145,127,6,36,2018,9893,-172,122
-145,127,5,36,2018,9893,-172,122
-145,127,4,37,2018,9893,-172,119
-145,127,4,38,2018,9893,-174,119
-145,127,4,38,2018,9893,-174,119
-145,127,4,37,2018,9893,-172,119
-145,127,4,37,2018,9893,-172,119
-145,127,4,37,2017,9893,-172,119
-145,127,4,38,2018,9893,-174,119
-145,127,4,37,2020,9893,-172,119
-145,127,4,38,2021,9892,-174,119
-145,127,4,37,2022,9892,-172,119
-145,127,4,37,2021,9892,-172,119
-145,127,4,38,2020,9892,-174,119
-145,127,4,38,2020,9892,-174,119
-145,127,4,38,2021,9892,-174,119
-145,127,4,37,2023,9892,-172,119
-144,126,5,37,2023,9892,-170,120
-142,125,6,36,2023,9892,-168,119
-141,123,7,36,2023,9892,-168,118
-141,123,7,37,2023,9892,-168,118
-142,123,6,38,2023,9892,-168,118
-142,123,4,38,2023,9892,-170,115
-141,123,4,38,2023,9892,-170,115
-141,123,5,36,2023,9892,-168,118
-141,123,7,35,2023,9892,-164,118
-140,124,8,34,2023,9892,-163,119
-138,125,8,34,2021,9892,-163,122
-138,125,7,34,2019,9893,-162,119
-138,125,7,35,2018,9893,-162,119
-138,125,6,36,2018,9893,-164,119
-138,125,5,36,2019,9893,-164,119
-138,125,5,36,2020,9892,-164,119
-138,125,5,36,2020,9893,-164,119
-138,125,5,36,2018,9893,-164,119
-139,126,5,36,2018,9893,-166,120
-140,128,4,37,2018,9893,-167,120
-140,129,4,38,2018,9893,-169,122
-141,130,4,38,2018,9893,-170,122
-140,130,4,38,2018,9893,-169,122
-140,129,4,37,2018,9893,-167,122
-140,129,4,37,2018,9893,-167,122
-141,129,4,38,2018,9893,-170,120
-143,128,4,37,2018,9893,-169,120
-143,128,4,37,2018,9893,-169,120
-143,128,4,37,2018,9893,-169,120
-141,129,4,38,2018,9893,-170,120
-140,129,4,38,2018,9893,-169,122
-140,129,4,37,2018,9893,-167,122
-140,129,3,37,2018,9893,-167,122
-141,129,3,36,2018,9893,-168,122
-141,129,2,35,2018,9893,-168,122
-140,129,1,35,2018,9893,-167,122
-140,128,1,34,2018,9893,-167,120
-140,128,2,35,2018,9893,-167,120
-140,127,3,36,2018,9893,-167,119
-140,128,3,36,2018,9893,-166,120
-140,128,3,36,2018,9893,-166,120
-140,128,3,37,2018,9893,-167,120
-141,129,4,37,2018,9893,-168,120
-142,129,4,38,2018,9893,-170,122
-142,129,4,38,2018,9893,-172,120
-142,127,4,38,2018,9893,-170,119
-141,125,4,38,2018,9893,-169,118
-140,124,4,38,2018,9893,-168,117
-139,124,6,36,2018,9893,-166,119
-139,125,7,35,2018,9893,-163,119
-138,125,7,34,2018,9893,-162,120
-138,125,7,35,2019,9893,-162,120
-138,125,5,36,2020,9892,-164,120
-139,125,5,36,2019,9893,-166,119
-140,124,6,35,2018,9893,-166,119
-140,124,7,34,2018,9893,-164,119
-139,124,8,34,2018,9893,-163,119
-139,125,8,34,2018,9893,-163,120
-139,126,7,34,2018,9893,-163,120
-140,126,7,34,2018,9893,-164,120
-141,125,7,34,2018,9893,-164,120
-140,125,8,34,2018,9893,-163,119
-138,125,8,34,2018,9893,-162,119
-138,125,8,34,2018,9893,-162,119
-139,124,8,34,2018,9893,-163,119
-140,124,8,34,2018,9893,-164,119
-142,125,7,34,2018,9893,-166,119
-143,126,7,34,2018,9893,-168,120
-143,128,8,34,2018,9893,-168,123
-142,129,8,34,2018,9893,-167,124
-141,130,8,34,2018,9893,-166,124
-140,130,7,34,2018,9893,-164,124
-140,129,7,35,2018,9893,-164,124
-140,128,6,35,2018,9893,-167,123
-140,127,6,35,2018,9893,-167,122
-140,128,7,36,2018,9893,-167,123
-140,129,7,36,2018,9893,-167,124
-141,130,7,35,2018,9893,-166,124
-140,129,6,33,2017,9893,-164,124
-140,128,5,31,2018,9893,-164,123
-140,128,3,32,2020,9893,-164,120
-140,128,3,34,2021,9892,-167,120
-140,128,3,37,2021,9892,-167,120
-140,128,4,38,2021,9892,-169,120
-140,128,4,38,2021,9892,-169,120
-140,128,4,37,2021,9892,-167,120
-140,128,3,36,2020,9892,-167,120
-140,128,2,35,2020,9892,-167,120
-140,128,1,35,2021,9892,-167,120
-140,128,2,35,2022,9892,-167,120
-140,128,3,36,2022,9892,-167,120
-140,127,3,36,2022,9892,-167,119
-141,127,2,36,2021,9892,-167,119
-141,126,2,35,2021,9892,-167,118
-141,126,2,35,2022,9892,-167,118
-140,126,3,36,2023,9892,-167,119
-141,126,4,37,2023,9892,-168,118
-142,126,4,38,2023,9892,-172,118
-143,126,4,38,2023,9892,-172,119
-143,128,4,37,2023,9892,-169,120
-142,129,5,36,2023,9892,-169,123
-142,129,6,36,2023,9892,-169,123
-143,128,5,37,2023,9892,-170,123
-144,127,4,37,2023,9892,-170,119
-144,127,4,38,2023,9892,-173,119
-143,128,4,38,2023,9892,-172,120
-143,128,5,37,2023,9892,-170,123
-144,127,6,36,2023,9892,-170,122
-143,128,5,36,2023,9892,-170,123
-142,129,4,37,2023,9892,-169,120
-141,128,4,38,2023,9892,-170,120
-142,127,6,39,2023,9892,-170,122
-143,126,7,40,2023,9892,-172,120
-143,126,7,40,2023,9892,-172,122
-141,126,6,39,2023,9892,-170,122
-139,126,4,38,2023,9892,-168,119
-138,125,4,37,2023,9892,-164,118
-138,125,3,37,2023,9892,-167,117
-138,125,4,38,2023,9892,-167,117
-138,125,7,37,2023,9892,-164,119
-138,124,9,37,2023,9892,-164,120
-137,122,9,37,2023,9892,-163,119
-136,121,7,37,2023,9892,-162,115
-136,120,4,38,2023,9892,-164,113
-136,121,4,38,2023,9892,-164,113
-136,121,4,38,2023,9892,-164,113
-136,121,4,38,2023,9892,-164,113
-136,121,4,38,2023,9892,-164,113
-136,121,4,38,2023,9892,-164,113
-136,121,4,37,2023,9892,-162,113
-136,121,4,37,2023,9892,-162,113
-136,121,4,38,2023,9892,-164,113
-136,121,4,38,2023,9892,-164,113
-136,120,4,37,2021,9892,-162,113
-136,121,5,36,2020,9892,-162,115
-137,122,5,36,2020,9892,-163,117
-137,124,5,37,2020,9892,-164,118
-138,125,4,37,2020,9892,-164,117
-138,126,5,37,2019,9893,-166,120
-138,125,6,36,2019,9893,-164,120
-138,125,6,35,2019,9893,-164,119
-138,125,6,36,2019,9893,-164,119
-138,125,5,36,2019,9893,-164,119
-138,125,4,37,2019,9893,-164,117
-138,125,4,38,2019,9893,-167,117
-138,125,4,38,2020,9893,-167,117
-138,125,4,37,2019,9893,-164,117
-138,125,5,36,2018,9893,-164,119
-138,125,5,36,2018,9893,-164,119
-138,125,5,37,2018,9893,-164,119
-138,125,4,37,2018,9893,-164,117
-138,125,5,36,2018,9893,-164,119
-138,125,6,35,2018,9893,-164,119
-139,125,7,35,2018,9893,-163,119
-139,124,6,36,2018,9893,-166,119
-140,124,4,38,2018,9893,-169,117
-139,124,4,38,2018,9893,-168,117
-139,125,4,37,2018,9893,-166,117
-138,125,5,36,2018,9893,-164,119
-138,125,6,36,2018,9893,-164,119
-138,125,5,36,2017,9893,-164,119
-138,125,4,37,2018,9893,-164,117
-138,125,4,38,2020,9893,-167,117
-138,125,4,38,2021,9892,-167,117
-138,125,4,37,2021,9892,-164,117
-138,125,4,37,2021,9892,-164,117
-138,125,4,37,2021,9892,-164,117
-138,125,4,38,2022,9892,-167,117
-138,125,4,37,2023,9892,-164,117
-138,125,4,37,2023,9892,-164,117
-138,125,4,37,2022,9892,-164,117
-138,125,4,37,2021,9892,-164,117
-138,125,4,38,2021,9892,-167,117
-138,125,4,37,2021,9892,-164,117
-138,125,4,37,2022,9892,-164,117
-138,125,4,37,2023,9892,-164,118
-140,126,4,38,2023,9892,-168,118
-141,127,4,38,2023,9892,-170,119
-141,127,4,37,2023,9892,-168,119
-140,126,3,36,2023,9892,-167,118
-139,125,2,35,2023,9892,-166,117
-138,125,2,36,2023,9892,-164,117
-138,125,3,36,2023,9892,-164,117
-138,125,3,36,2023,9892,-164,118
-138,125,3,34,2023,9892,-164,117
-138,125,4,33,2022,9892,-162,119
-138,125,5,34,2021,9892,-162,119
-138,125,5,36,2021,9892,-164,119
-138,125,5,38,2021,9892,-164,119
-138,125,5,37,2022,9892,-164,119
-138,125,6,35,2022,9892,-164,120
-138,125,7,35,2021,9892,-162,119
-138,125,5,36,2021,9892,-164,119
-138,125,4,38,2020,9892,-167,117
-139,126,4,38,2020,9892,-168,118
-140,128,5,37,2020,9892,-167,123
-139,130,6,36,2021,9892,-166,124
-139,131,5,36,2021,9892,-166,125
-139,130,4,37,2021,9892,-166,123
-140,130,4,38,2020,9892,-169,122
-141,129,4,38,2019,9893,-170,122
-141,129,4,37,2018,9893,-168,122
-140,130,4,37,2018,9893,-167,122
-139,130,4,37,2018,9893,-166,122
-139,130,4,38,2018,9893,-168,123
-139,130,4,37,2018,9893,-166,122
-140,130,4,37,2018,9893,-167,122
-140,129,4,37,2018,9893,-167,122
-140,129,4,38,2018,9893,-169,122
-140,129,4,38,2018,9893,-169,122
-140,129,4,37,2018,9893,-167,122
-140,129,4,37,2018,9893,-167,122
-140,129,4,37,2018,9893,-167,122
-140,129,5,38,2018,9893,-167,122
-140,129,5,38,2018,9893,-169,124
-140,129,6,39,2018,9893,-169,124
-140,129,5,38,2018,9893,-169,124
-140,129,5,38,2018,9893,-167,122
-140,129,4,37,2018,9893,-167,122
-140,129,4,37,2018,9893,-167,122
-140,129,4,37,2019,9893,-167,122
-140,130,4,38,2020,9892,-169,122
-141,130,4,38,2019,9893,-170,122
-140,130,4,37,2018,9893,-167,122
-140,128,4,37,2017,9893,-167,120
-139,126,4,37,2018,9893,-166,118
-138,125,4,37,2019,9893,-164,117
-138,125,4,37,2020,9892,-164,117
-138,126,4,37,2020,9893,-164,118
-139,127,4,37,2018,9893,-166,119
-140,128,4,37,2017,9893,-167,120
-140,128,4,37,2017,9893,-167,120
-140,128,4,37,2018,9893,-167,120
-138,128,4,37,2019,9893,-166,120
-137,130,4,37,2020,9892,-163,122
-136,131,4,37,2021,9892,-163,123
-136,132,4,38,2022,9892,-166,124
-136,132,4,38,2021,9892,-166,124
-136,131,4,38,2020,9893,-166,124
-136,131,4,37,2018,9893,-163,124
-136,131,4,37,2018,9893,-163,124
-136,132,4,38,2018,9893,-166,124
-136,132,5,38,2018,9893,-166,126
-136,131,6,39,2018,9893,-166,126
-136,131,7,39,2018,9893,-166,126
-136,131,6,39,2019,9893,-166,126
-136,132,5,38,2020,9892,-166,124
-136,132,4,38,2019,9893,-166,124
-136,131,4,37,2018,9893,-163,124
-137,130,4,37,2018,9893,-163,122
-137,127,4,38,2017,9893,-166,119
-136,126,4,38,2017,9893,-166,119
-137,127,4,38,2018,9893,-166,119
-137,127,5,37,2020,9892,-164,122
-138,127,6,36,2021,9892,-164,122
-138,126,6,35,2021,9892,-164,120
-137,126,6,36,2020,9893,-164,120
-137,125,5,37,2018,9893,-163,120
-137,126,4,37,2017,9893,-163,118
-137,125,5,36,2019,9893,-164,120
-137,126,6,36,2021,9892,-164,120
-137,127,7,35,2023,9892,-163,122
-137,128,7,35,2023,9892,-161,123
-137,127,6,34,2023,9892,-162,122
-137,126,5,34,2022,9892,-162,120
-137,126,4,35,2021,9892,-163,120
-135,126,4,37,2020,9892,-162,119
-134,127,4,38,2019,9893,-163,119
-134,128,4,38,2018,9893,-163,120
-134,127,3,36,2018,9893,-161,119
-134,127,2,35,2018,9893,-161,119
-134,127,1,34,2018,9893,-161,119
-135,129,0,34,2018,9893,-162,122
-136,130,1,34,2018,9893,-162,123
-137,130,1,34,2018,9893,-163,122
-137,128,1,34,2018,9893,-163,120
-136,126,1,34,2018,9893,-163,118
-136,126,0,34,2018,9893,-162,118
-135,126,1,34,2018,9893,-162,118
-135,126,2,35,2018,9893,-162,118
-137,126,3,36,2018,9893,-163,118
-139,126,4,37,2018,9893,-166,118
-140,128,5,38,2018,9893,-167,120
-141,129,4,38,2018,9893,-170,122
-140,130,4,37,2018,9893,-167,122
-139,130,4,37,2018,9893,-166,123
-139,130,4,37,2018,9893,-166,123
-139,130,4,38,2018,9893,-168,122
-140,130,4,37,2018,9893,-167,122
-140,129,4,37,2018,9893,-167,122
-140,129,4,37,2018,9893,-167,122
-140,129,4,37,2018,9893,-167,122
-140,129,4,37,2018,9893,-167,122
-140,129,4,37,2018,9893,-167,122
-140,129,4,37,2018,9893,-167,122
-140,129,4,37,2018,9893,-167,122
-140,129,4,37,2018,9893,-167,122
-140,129,4,37,2018,9893,-167,122
-140,129,4,37,2018,9893,-167,122
-140,129,4,37,2018,9893,-167,122
-140,129,4,37,2018,9893,-167,122
-140,129,4,37,2018,9893,-167,122
-140,129,4,37,2018,9893,-167,122
-140,129,4,38,2018,9893,-169,122
-140,129,4,37,2018,9893,-167,122
-140,129,4,37,2018,9893,-167,122
-140,129,4,37,2018,9893,-167,122
-140,129,4,38,2018,9893,-169,122
-141,129,4,38,2018,9893,-170,120
-142,128,4,37,2018,9893,-169,120
-143,128,5,37,2018,9893,-169,123
-144,127,6,36,2018,9893,-170,122
-144,127,6,35,2018,9893,-172,122
-144,127,7,35,2017,9893,-168,122
-142,128,6,35,2018,9893,-169,123
-140,129,6,35,2019,9893,-167,124
-140,130,7,35,2021,9892,-164,124
-140,129,7,35,2023,9892,-164,124
-140,129,6,35,2023,9892,-167,124
-140,129,6,36,2023,9892,-167,124
-140,129,5,36,2023,9892,-167,124
-140,129,5,36,2023,9892,-167,124
-140,129,5,36,2023,9892,-167,124
-140,129,5,37,2023,9892,-167,124
-140,130,6,36,2023,9892,-167,124
-140,130,6,35,2023,9892,-167,124
-140,129,6,34,2023,9892,-164,124
-140,128,4,35,2023,9892,-167,123
-140,127,3,36,2023,9892,-167,119
-140,128,3,37,2023,9892,-167,120
-139,130,4,36,2023,9892,-166,124
-139,130,5,35,2023,9892,-166,125
-140,130,5,35,2023,9892,-167,125
-140,130,4,34,2023,9892,-167,124
-140,129,3,34,2023,9892,-167,122
-140,129,1,34,2023,9892,-167,122
-140,129,2,35,2023,9892,-167,122
-140,129,3,36,2023,9892,-167,122
-140,129,3,37,2023,9892,-167,122
-140,129,3,36,2021,9892,-167,122
-140,129,3,36,2019,9893,-167,122
-140,129,3,35,2018,9893,-167,122
-140,129,5,35,2017,9893,-167,124
-140,129,5,36,2018,9893,-167,124
-140,129,5,37,2018,9893,-167,122
-140,129,4,38,2018,9893,-169,122
-140,129,4,38,2018,9893,-169,122
-140,129,4,37,2018,9893,-167,122
-140,129,4,37,2018,9893,-167,122
-140,129,4,38,2018,9893,-169,122
-140,129,4,38,2018,9893,-169,122
-141,129,4,37,2018,9893,-168,122
-141,130,4,37,2018,9893,-168,122
-140,129,4,37,2018,9893,-167,122
-140,128,4,37,2018,9893,-167,120
-139,127,4,37,2018,9893,-166,119
-139,126,4,37,2018,9893,-166,118
-139,126,4,37,2018,9893,-166,118
-137,127,4,38,2018,9893,-167,119
-136,127,4,37,2018,9893,-162,119
-135,126,4,37,2018,9893,-162,119
-135,126,4,37,2019,9893,-162,119
-135,126,4,38,2020,9892,-164,119
-134,127,4,38,2019,9893,-163,119
-134,127,4,37,2018,9893,-161,119
-134,127,3,36,2018,9893,-161,119
-134,127,2,35,2018,9893,-161,119
-134,127,2,36,2018,9893,-161,119
-134,127,3,36,2018,9893,-161,119
-134,127,4,37,2018,9893,-161,119
-134,127,4,36,2018,9893,-161,122
-134,127,4,35,2018,9893,-161,122
-134,127,4,36,2018,9893,-161,119
-134,127,4,37,2018,9893,-161,119
-134,127,4,38,2018,9893,-163,119
-134,127,4,38,2018,9893,-163,119
-134,129,4,37,2018,9893,-161,120
-136,130,4,37,2018,9893,-162,123
-137,131,4,37,2018,9893,-164,124
-138,131,4,38,2018,9893,-168,123
-139,130,4,37,2018,9893,-166,123
-139,130,4,37,2018,9893,-166,122
-140,130,4,37,2018,9893,-167,122
-141,130,4,37,2018,9893,-168,123
-142,131,4,37,2018,9893,-168,123
-141,130,4,37,2018,9893,-168,123
-141,130,4,37,2018,9893,-168,122
-140,129,4,37,2018,9893,-167,122
-140,129,4,37,2018,9893,-167,122
-140,129,4,37,2018,9893,-167,122
-142,129,4,37,2018,9893,-168,122
-142,128,4,37,2018,9893,-169,120
-143,128,4,37,2018,9893,-169,120
-144,127,4,38,2018,9893,-173,119
-145,127,4,38,2018,9893,-174,119
-145,127,4,38,2018,9893,-174,119
-145,127,4,37,2018,9893,-172,119
-144,126,4,37,2018,9893,-170,118
-143,124,4,38,2018,9893,-172,117
-143,122,6,39,2018,9893,-172,117
-143,122,7,39,2018,9893,-172,117
-142,122,7,39,2018,9893,-172,117
-141,124,6,39,2018,9893,-170,118
-140,124,5,39,2019,9893,-169,119
-139,125,5,38,2020,9893,-168,119
-140,124,6,38,2019,9893,-166,119
-140,124,6,36,2019,9893,-166,119
-140,124,6,35,2019,9893,-167,119
-140,124,6,36,2019,9893,-166,119
-140,125,5,36,2020,9893,-166,119
-139,126,4,38,2020,9892,-168,118
-139,126,4,38,2021,9892,-168,118
-139,126,4,38,2021,9892,-168,119
-139,127,4,37,2021,9892,-166,119
-140,127,5,36,2020,9892,-167,122
-140,128,6,36,2019,9893,-167,123
-140,128,5,36,2020,9893,-167,123
-139,127,4,37,2020,9893,-166,119
-139,127,4,38,2019,9893,-168,119
-140,128,4,38,2018,9893,-169,120
-140,130,4,37,2018,9893,-167,122
-140,129,4,37,2017,9893,-167,122
-140,128,4,37,2017,9893,-167,120
-140,128,4,38,2018,9893,-168,120
-140,128,4,37,2020,9893,-167,120
-140,129,4,37,2021,9892,-167,122
-140,130,4,37,2022,9892,-167,122
-141,130,4,37,2022,9892,-168,122
-141,130,4,37,2021,9892,-168,122
-140,129,4,37,2021,9892,-167,122
-140,128,4,37,2023,9892,-167,120
-139,126,4,37,2023,9892,-166,119
-138,125,4,37,2023,9892,-164,117
-138,124,4,37,2021,9892,-164,117
-138,125,4,37,2021,9892,-164,117
-138,126,4,37,2021,9892,-164,118
-139,126,4,38,2022,9892,-168,118
-139,127,4,38,2023,9892,-168,119
-139,126,4,38,2023,9892,-168,118
-138,126,4,37,2023,9892,-164,118
-138,125,4,37,2023,9892,-164,117
-138,125,4,38,2023,9892,-167,117
-138,125,6,39,2023,9892,-167,119
-138,125,7,40,2023,9892,-167,120
-138,125,7,40,2023,9892,-167,119
-138,125,6,39,2023,9892,-167,119
-138,125,4,38,2023,9892,-167,117
-138,125,4,37,2023,9892,-164,117
-138,125,4,37,2023,9892,-164,117
-138,125,4,38,2023,9892,-167,117
-138,125,4,38,2023,9892,-167,117
-138,125,4,38,2023,9892,-167,117
-138,125,4,37,2023,9892,-164,118
-138,125,4,37,2023,9892,-164,118
-138,125,4,37,2023,9892,-164,117
-138,125,4,37,2023,9892,-164,117
-138,125,4,37,2023,9892,-164,117
-139,126,4,37,2023,9892,-166,118
-140,128,4,37,2022,9892,-167,120
-140,129,4,37,2020,9892,-167,122
-141,130,4,37,2020,9892,-168,122
-140,130,4,37,2020,9892,-167,122
-140,129,4,37,2022,9892,-167,122
-140,129,4,37,2023,9892,-167,122
-141,129,4,37,2023,9892,-168,122
-141,129,4,37,2023,9892,-168,120
-142,129,4,37,2023,9892,-168,120
-142,129,4,37,2023,9892,-169,122
-143,130,4,37,2023,9892,-170,122
-144,130,4,38,2022,9892,-174,122
-144,129,4,38,2020,9892,-173,122
-143,129,4,37,2020,9892,-169,122
-140,129,4,37,2020,9892,-167,122
-140,130,4,37,2022,9892,-167,122
-140,129,5,38,2023,9892,-167,122
-141,129,5,38,2023,9892,-170,124
-141,129,6,39,2023,9892,-170,124
-140,129,5,38,2023,9892,-169,124
-140,129,5,38,2023,9892,-167,122
-140,129,4,37,2023,9892,-167,122
-140,130,4,37,2023,9892,-167,122
-141,130,4,37,2023,9892,-168,122
-140,129,4,38,2023,9892,-169,122
-140,128,6,39,2023,9892,-169,123
-139,126,7,39,2021,9892,-168,120
-138,125,7,39,2019,9893,-167,119
-138,125,6,39,2019,9893,-167,119
-138,125,5,39,2021,9892,-167,119
-138,125,5,38,2023,9892,-167,120
-137,126,6,37,2023,9892,-164,120
-137,126,7,36,2022,9892,-163,120
-137,126,6,35,2021,9892,-164,120
-138,125,6,36,2021,9892,-164,119
-138,125,5,37,2022,9892,-164,119
-138,125,5,37,2023,9892,-164,117
-138,125,5,37,2023,9892,-164,120
-138,125,6,36,2023,9892,-164,119
-138,125,6,35,2023,9892,-164,119
-138,125,6,36,2023,9892,-164,119
-139,126,5,37,2023,9892,-166,120
-140,128,4,37,2023,9892,-167,120
-140,129,5,37,2022,9892,-167,124
-141,130,5,36,2021,9892,-168,124
-140,130,5,36,2021,9892,-167,124
-140,129,4,37,2021,9892,-167,122
-141,129,4,38,2022,9892,-170,122
-142,129,4,38,2023,9892,-170,120
-142,128,4,37,2023,9892,-169,120
-142,128,4,37,2023,9892,-169,120
-142,129,4,37,2021,9892,-169,120
-143,128,4,38,2019,9893,-172,120
-143,128,4,37,2018,9893,-169,120
-142,127,4,37,2017,9893,-168,119
-141,127,4,37,2018,9893,-167,119
-141,126,4,37,2018,9893,-167,118
-142,126,4,37,2018,9893,-169,118
-144,125,4,37,2018,9893,-170,117
-144,124,4,38,2018,9893,-173,115
-143,123,4,38,2018,9893,-172,115
-142,122,4,37,2018,9893,-169,114
-142,122,4,37,2018,9893,-169,114
-142,122,4,37,2018,9893,-169,114
-143,123,4,38,2018,9893,-172,115
-143,123,3,38,2018,9893,-172,115
-144,124,3,39,2018,9893,-173,117
-144,125,3,39,2018,9893,-173,118
-144,126,3,39,2018,9893,-173,118
-144,127,3,39,2018,9893,-173,119
-144,128,3,38,2018,9893,-173,120
-144,128,4,38,2018,9893,-173,120
-143,128,4,39,2018,9893,-172,120
-142,128,3,39,2018,9893,-172,120
-142,128,2,39,2019,9893,-172,120
-142,128,3,39,2020,9892,-172,120
-141,129,4,39,2021,9892,-170,120
-141,129,4,38,2022,9892,-170,122
-140,129,4,37,2023,9892,-167,122
-140,129,3,36,2023,9892,-167,122
-140,129,3,36,2023,9892,-167,122
-140,129,3,37,2023,9892,-167,122
-140,129,4,37,2023,9892,-169,122
-140,129,4,38,2023,9892,-169,122
-140,129,4,38,2023,9892,-169,122
-140,130,4,37,2023,9892,-167,122
-140,130,4,37,2023,9892,-167,122
-139,130,4,38,2023,9892,-168,122
-139,130,4,38,2023,9892,-168,123
-139,130,4,37,2023,9892,-166,123
-139,130,3,36,2023,9892,-166,123
-140,130,3,36,2023,9892,-167,123
-140,129,3,36,2023,9892,-167,122
-140,128,4,37,2023,9892,-167,120
-139,127,4,38,2023,9892,-168,119
-139,126,4,38,2021,9892,-168,118
-139,126,4,37,2020,9892,-166,118
-139,126,4,37,2019,9893,-166,118
-139,125,4,37,2020,9893,-166,118
-138,125,4,38,2019,9893,-167,117
-138,125,4,37,2018,9893,-164,117
-138,125,4,37,2018,9893,-164,117
-138,125,4,37,2018,9893,-164,118
-138,125,4,37,2018,9893,-164,117
-138,125,4,37,2018,9893,-164,117
-138,125,4,37,2018,9893,-164,117
-138,125,4,37,2018,9893,-164,118
-138,125,4,37,2018,9893,-164,118
-138,125,4,37,2018,9893,-164,117
-138,125,4,37,2018,9893,-164,117
-138,125,4,37,2018,9893,-164,117
-139,126,4,37,2018,9893,-166,119
-140,128,4,37,2018,9893,-167,120
-140,129,4,38,2018,9893,-169,122
-140,128,4,37,2018,9893,-167,120
-139,126,4,37,2018,9893,-166,118
-139,126,4,37,2018,9893,-166,118
-141,127,4,38,2018,9893,-170,119
-142,128,4,38,2018,9893,-172,120
-142,129,4,37,2018,9893,-168,120
-140,128,5,36,2018,9893,-167,123
-140,128,6,36,2018,9893,-167,123
-140,128,5,36,2018,9893,-167,123
-140,128,4,37,2018,9893,-166,120
-139,126,4,38,2018,9893,-168,119
-138,125,4,38,2018,9893,-167,117
-138,125,4,37,2019,9893,-164,117
-138,125,4,37,2019,9893,-164,117
-138,125,4,37,2020,9893,-164,118
-138,125,4,38,2020,9892,-167,118
-138,125,4,37,2021,9892,-164,117
-138,125,4,37,2021,9892,-164,117
-138,125,4,37,2020,9892,-164,117
-138,125,4,38,2018,9893,-167,117
-138,125,4,38,2017,9893,-167,117
-138,125,4,38,2018,9893,-167,117
-138,125,4,37,2018,9893,-164,117
-138,125,4,37,2018,9893,-164,117
-138,125,4,37,2018,9893,-164,117
-138,125,3,39,2018,9893,-167,117
-138,125,2,40,2018,9893,-169,118
-138,125,1,41,2018,9893,-169,115
-138,125,2,40,2018,9893,-169,117
-138,125,3,39,2018,9893,-167,117
-138,125,4,38,2018,9893,-167,118
-139,126,3,38,2018,9893,-168,119
-140,128,3,39,2018,9893,-168,120
-140,128,3,39,2018,9893,-169,120
-140,128,4,38,2018,9893,-169,120
-140,128,4,37,2018,9893,-167,120
-140,128,4,37,2018,9893,-166,120
-140,128,4,37,2018,9893,-166,120
-140,128,4,38,2017,9893,-169,120
-140,129,4,38,2018,9893,-169,122
-140,130,4,37,2020,9892,-167,122
-140,130,4,37,2021,9892,-167,122
-141,129,4,37,2021,9892,-168,122
-140,130,4,37,2020,9893,-167,122
-140,129,4,38,2017,9893,-169,122
-140,128,4,37,2018,9893,-167,120
-140,127,4,37,2020,9893,-166,119
-140,126,4,37,2021,9892,-166,119
-139,127,4,38,2021,9892,-168,119
-138,129,4,38,2020,9893,-168,122
-138,131,4,37,2020,9893,-164,123
-138,131,6,36,2021,9892,-164,125
-138,129,6,35,2023,9892,-164,124
-137,127,6,35,2023,9892,-164,122
-136,126,6,36,2022,9892,-162,120
-135,126,5,36,2021,9892,-162,120
-137,126,6,36,2020,9892,-163,120
-138,126,6,36,2019,9893,-166,120
-140,126,6,36,2018,9893,-167,120
-139,127,6,36,2018,9893,-166,122
-138,128,6,36,2019,9893,-164,123
-138,129,6,35,2020,9892,-166,124
-139,130,6,35,2019,9893,-166,124
-140,130,6,36,2018,9893,-167,124
-141,129,6,36,2018,9893,-168,124
-140,129,8,36,2018,9893,-167,124
-140,129,8,36,2018,9893,-167,124
-140,129,7,35,2018,9893,-164,124
-140,129,7,36,2018,9893,-167,124
-140,129,8,36,2018,9893,-167,124
-140,129,10,36,2018,9893,-167,126
-140,129,10,36,2018,9893,-164,126
-140,129,9,35,2018,9893,-164,126
-140,129,8,35,2018,9893,-164,124
-140,129,7,36,2018,9893,-167,124
-141,129,7,36,2018,9893,-168,124
-141,129,8,36,2018,9893,-168,123
-142,128,8,35,2018,9893,-167,123
-142,128,7,35,2018,9893,-167,123
-142,128,5,36,2018,9893,-169,123
-143,128,4,37,2018,9893,-169,120
-144,128,4,38,2017,9893,-173,120
-144,128,4,38,2018,9893,-173,120
-142,128,4,37,2020,9893,-169,120
-141,128,4,37,2021,9892,-167,120
-140,128,4,37,2021,9892,-167,120
-140,128,4,38,2021,9892,-169,120
-140,128,4,37,2022,9892,-167,120
-140,128,4,37,2022,9892,-167,120
-140,128,4,37,2021,9892,-167,120
-140,128,4,37,2021,9892,-167,120
-139,127,4,37,2021,9892,-166,119
-139,127,4,37,2022,9892,-166,119
-139,126,4,37,2023,9892,-166,119
-139,126,4,37,2023,9892,-166,118
-139,126,4,37,2023,9892,-166,118
-138,126,4,37,2023,9892,-164,118
-138,125,4,37,2023,9892,-164,117
-138,125,4,37,2023,9892,-164,117
-138,125,4,37,2023,9892,-164,117
-139,125,4,37,2023,9892,-166,118
-139,127,4,37,2023,9892,-166,119
-140,128,4,37,2023,9892,-167,120
-140,127,4,37,2023,9892,-167,119
-139,126,4,37,2023,9892,-166,119
-139,126,4,37,2023,9892,-166,118
-139,128,4,37,2023,9892,-166,120
-140,130,4,37,2023,9892,-167,122
-140,131,4,37,2021,9892,-167,123
-139,130,4,37,2020,9892,-166,123
-138,129,4,37,2020,9893,-164,122
-138,128,4,37,2020,9893,-164,120
-138,127,4,37,2019,9893,-164,119
-139,128,4,37,2018,9893,-166,120
-140,128,4,37,2018,9893,-167,120
-140,127,4,38,2019,9893,-169,119
-139,126,4,37,2019,9893,-166,119
-139,126,4,37,2020,9893,-166,119
-140,128,4,37,2020,9892,-166,120
-140,129,4,38,2021,9892,-169,122
-141,130,4,38,2021,9892,-170,122
-141,129,4,37,2020,9892,-168,122
-140,129,5,36,2020,9893,-167,124
-140,129,7,35,2020,9892,-164,124
-140,129,7,34,2020,9892,-164,124
-140,129,8,34,2020,9892,-164,124
-140,129,8,34,2020,9893,-164,124
-141,129,8,34,2019,9893,-166,123
-142,128,7,34,2020,9893,-167,123
-143,128,6,35,2021,9892,-169,123
-144,127,6,36,2022,9892,-170,122
-144,127,5,36,2023,9892,-172,122
-145,127,5,36,2023,9892,-172,122
-145,127,5,37,2023,9892,-172,122
-145,127,4,37,2023,9892,-172,119
-143,128,4,37,2023,9892,-169,120
-142,129,5,37,2023,9892,-168,123
-140,129,6,36,2023,9892,-167,124
-140,130,5,36,2023,9892,-167,124
-140,129,4,37,2023,9892,-167,122
-140,129,4,38,2023,9892,-169,122
-140,129,4,38,2023,9892,-169,122
-140,129,4,38,2023,9892,-169,122
-140,129,4,37,2023,9892,-167,122
-140,129,3,37,2023,9892,-167,122
-140,129,3,37,2023,9892,-167,122
-140,129,3,36,2023,9892,-167,122
-140,129,3,36,2023,9892,-167,122
-140,129,2,36,2023,9892,-167,122
-140,129,3,36,2023,9892,-167,122
-140,129,3,36,2023,9892,-167,122
-140,129,3,36,2023,9892,-167,122
-140,129,2,35,2023,9892,-167,122
-140,129,1,34,2023,9892,-167,122
-140,129,2,35,2023,9892,-167,122
-140,129,3,36,2023,9892,-167,122
-141,129,4,38,2023,9892,-170,122
-141,130,5,38,2023,9892,-168,122
-140,129,4,38,2023,9892,-169,122
-140,128,4,37,2023,9892,-167,120
-139,126,4,37,2023,9892,-166,118
-138,125,4,37,2023,9892,-164,117
-139,124,4,38,2023,9892,-168,117
-140,124,4,37,2023,9892,-167,117
-141,124,4,37,2023,9892,-167,115
-142,123,4,37,2023,9892,-168,115
-142,122,4,37,2023,9892,-169,114
-142,122,4,37,2023,9892,-169,114
-142,123,4,37,2023,9892,-168,115
-141,123,4,37,2023,9892,-167,115
-140,124,4,37,2023,9892,-167,117
-139,125,4,37,2023,9892,-166,117
-138,125,4,37,2023,9892,-164,117
-138,125,4,38,2023,9892,-167,117
-139,124,4,37,2023,9892,-166,117
-142,123,4,37,2023,9892,-168,115
-143,122,4,37,2023,9892,-169,114
-142,123,4,38,2023,9892,-170,115
-140,124,5,38,2023,9892,-166,117
-138,125,4,37,2023,9892,-164,117
-138,125,3,36,2023,9892,-164,117
-138,125,2,36,2023,9892,-164,117
-138,125,2,35,2021,9892,-164,117
-138,125,2,35,2020,9893,-164,117
-138,125,2,36,2018,9893,-164,117
-138,125,2,36,2017,9893,-164,117
-138,125,2,35,2017,9893,-164,117
-138,125,1,35,2018,9893,-164,117
-139,126,1,35,2020,9892,-166,118
-140,128,2,35,2021,9892,-167,120
-140,129,3,36,2021,9892,-167,122
-140,130,3,37,2020,9893,-167,122
-140,130,3,37,2018,9893,-167,123
-139,130,3,36,2019,9893,-166,123
-139,130,3,36,2020,9893,-166,122
-140,130,3,36,2020,9893,-167,122
-140,129,3,37,2019,9893,-167,122
-140,129,4,37,2017,9893,-167,122
-140,129,5,37,2017,9893,-167,124
-140,129,6,36,2018,9893,-167,124
-140,129,5,37,2020,9892,-167,124
-140,129,4,37,2021,9892,-167,122
-140,129,4,38,2021,9892,-169,122
-140,129,4,38,2020,9892,-169,122
-140,129,4,37,2018,9893,-167,122
-140,129,4,37,2017,9893,-167,122
-140,129,4,37,2018,9893,-167,122
-140,129,4,38,2018,9893,-169,122
-140,129,4,37,2018,9893,-167,122
-140,129,4,37,2018,9893,-167,122
-140,129,4,37,2018,9893,-167,122
-140,129,4,37,2018,9893,-167,122
-140,129,4,37,2018,9893,-167,122
-140,129,4,37,2019,9893,-167,122
-140,129,4,37,2020,9892,-167,122
-140,129,4,37,2019,9893,-167,122
-140,129,4,37,2018,9893,-167,122
-140,129,4,37,2018,9893,-167,122
-140,129,4,37,2018,9893,-167,122
-140,129,4,37,2018,9893,-167,122
-140,129,4,37,2018,9893,-167,122
-140,130,4,37,2018,9893,-167,122
-141,130,4,37,2019,9893,-168,122
-140,129,4,37,2020,9892,-167,122
-140,128,4,37,2019,9893,-167,120
-139,126,4,37,2018,9893,-166,118
-138,125,4,37,2018,9893,-164,117
-138,124,4,37,2018,9893,-164,117
-138,125,4,37,2018,9893,-164,117
-137,126,4,38,2018,9893,-166,118
-135,127,4,37,2018,9893,-162,119
-134,127,4,37,2018,9893,-161,119
-134,128,4,37,2018,9893,-161,120
-134,127,4,38,2018,9893,-163,119
-134,127,4,38,2018,9893,-163,119
-134,127,4,37,2018,9893,-161,119
-134,128,3,36,2018,9893,-161,120
-135,129,3,36,2018,9893,-162,122
-135,129,3,36,2020,9893,-162,122
-135,128,4,37,2020,9893,-162,120
-134,127,4,38,2019,9893,-163,119
-134,127,4,38,2019,9893,-163,119
-134,129,4,37,2020,9893,-161,120
-135,130,4,37,2021,9892,-162,123
-136,131,4,37,2021,9892,-163,123
-137,130,4,37,2020,9892,-163,122
-137,128,4,37,2020,9892,-163,120
-137,126,4,37,2020,9892,-163,119
-138,127,4,38,2021,9892,-167,119
-138,129,4,38,2021,9892,-168,122
-139,130,4,37,2021,9892,-166,122
-139,129,3,36,2022,9892,-166,122
-139,127,3,36,2023,9892,-166,119
-138,125,3,36,2023,9892,-164,117
-138,125,3,37,2022,9892,-164,117
-138,125,3,37,2021,9892,-164,117
-138,125,3,36,2021,9892,-164,118
-138,125,3,37,2022,9892,-164,117
-138,125,3,37,2022,9892,-164,117
-138,125,3,36,2022,9892,-164,117
-139,126,3,36,2020,9893,-166,119
-140,128,3,36,2018,9893,-167,120
-140,129,4,37,2017,9893,-167,122
-140,128,4,38,2018,9893,-169,120
-140,128,4,38,2018,9893,-168,120
-140,128,4,37,2018,9893,-167,120
-140,129,4,37,2018,9893,-167,122
-140,130,4,38,2018,9893,-169,122
-140,130,4,38,2018,9893,-169,122
-140,129,4,37,2018,9893,-167,122
-140,129,5,37,2018,9893,-167,124
-140,129,6,36,2018,9893,-167,124
-140,129,6,35,2018,9893,-167,124
-140,129,7,35,2018,9893,-164,124
-140,129,7,34,2018,9893,-164,124
-140,129,8,34,2018,9893,-164,124
-140,129,7,34,2018,9893,-164,124
-140,129,7,35,2018,9893,-164,124
-140,129,6,35,2018,9893,-167,124
-140,129,6,35,2018,9893,-167,124
-141,129,6,35,2018,9893,-168,124
-141,129,7,35,2018,9893,-166,124
-140,129,7,35,2019,9893,-164,124
-140,128,6,35,2020,9893,-167,123
-140,128,5,36,2019,9893,-167,123
-140,128,4,37,2019,9893,-167,120
-142,128,5,37,2019,9893,-168,123
-142,129,6,36,2020,9893,-169,123
-142,129,6,35,2021,9892,-168,124
-141,129,6,36,2022,9892,-168,124
-141,129,5,37,2023,9892,-168,123
-143,128,4,38,2023,9892,-172,120
-145,127,4,37,2023,9892,-172,119
-145,127,5,36,2023,9892,-172,122
-145,127,5,36,2023,9892,-172,122
-145,127,5,37,2023,9892,-172,122
-145,127,5,37,2023,9892,-172,122
-145,127,5,36,2023,9892,-172,122
-145,126,5,34,2023,9892,-169,122
-144,126,4,33,2023,9892,-168,120
-144,125,3,34,2023,9892,-170,118
-144,126,3,36,2023,9892,-170,118
-144,127,3,36,2023,9892,-170,119
-145,127,2,36,2023,9892,-172,119
-145,127,2,35,2023,9892,-172,119
-145,127,3,36,2023,9892,-172,119
-145,127,4,37,2023,9892,-172,119
-145,127,4,38,2023,9892,-174,119
-145,127,3,37,2023,9892,-172,119
-145,127,3,36,2023,9892,-172,119
-145,127,3,36,2023,9892,-172,119
-145,127,4,37,2023,9892,-172,119
-145,127,5,38,2023,9892,-174,122
-144,126,4,38,2023,9892,-173,118
-142,125,3,36,2023,9892,-168,117
-139,124,2,35,2023,9892,-166,117
-138,125,2,35,2023,9892,-164,117
-138,125,3,36,2023,9892,-164,117
-138,125,4,37,2023,9892,-164,118
-138,125,5,38,2023,9892,-164,117
-138,125,4,38,2023,9892,-167,117
-138,125,4,37,2023,9892,-164,117
-138,125,4,37,2023,9892,-164,117
-138,125,4,37,2023,9892,-164,117
-138,125,4,38,2023,9892,-167,117
-138,125,4,38,2023,9892,-167,117
-138,125,4,37,2023,9892,-164,117
-138,125,5,36,2023,9892,-164,119
-138,125,7,35,2023,9892,-162,119
-138,125,7,34,2023,9892,-162,119
-138,125,8,34,2023,9892,-162,119
-138,125,8,34,2023,9892,-162,119
-138,125,7,34,2023,9892,-162,119
-138,125,8,34,2023,9892,-162,119
-138,125,8,34,2023,9892,-162,119
-138,125,7,34,2023,9892,-162,119
-138,125,7,35,2023,9892,-164,119
-138,125,6,35,2023,9892,-164,119
-138,125,7,35,2023,9892,-162,119
-138,125,7,34,2023,9892,-162,119
-138,125,8,34,2023,9892,-162,119
-138,125,8,34,2023,9892,-163,122
-138,125,8,33,2023,9892,-162,119
-138,125,6,33,2023,9892,-162,119
-138,125,5,34,2023,9892,-162,119
-138,125,4,36,2022,9892,-164,119
-139,124,4,37,2022,9892,-166,117
-141,123,3,37,2021,9892,-168,115
-142,122,2,36,2021,9892,-169,114
-143,122,2,35,2021,9892,-169,114
-143,122,3,36,2021,9892,-169,114
-142,122,4,37,2022,9892,-169,114
-142,122,4,38,2021,9892,-172,114
-142,122,4,38,2020,9893,-172,114
-143,122,4,37,2018,9893,-169,114
-142,122,4,37,2017,9893,-169,114
-142,122,4,37,2018,9893,-169,114
-142,122,4,37,2018,9893,-169,114
-142,122,4,38,2018,9893,-172,114
-142,122,5,38,2018,9893,-169,114
-142,122,4,38,2018,9893,-172,114
-142,122,3,36,2018,9893,-169,114
-143,123,2,35,2018,9893,-169,115
-143,123,1,34,2019,9893,-169,115
-142,122,2,35,2020,9893,-169,114
-141,121,3,36,2020,9893,-168,113
-141,120,4,37,2019,9893,-167,112
-141,120,4,37,2020,9893,-167,112
-141,121,3,36,2020,9892,-168,113
-142,122,2,35,2022,9892,-169,114
-143,123,1,35,2023,9892,-169,115
-143,123,1,35,2023,9892,-169,115
-143,122,2,35,2023,9892,-169,114
-142,122,2,35,2023,9892,-169,114
-142,123,2,35,2023,9892,-168,115
-143,122,2,35,2023,9892,-169,114
-144,122,1,35,2022,9892,-170,114
-146,121,2,35,2021,9892,-172,113
-147,120,2,35,2021,9892,-173,113
-147,120,3,34,2021,9892,-174,112
-147,120,3,34,2023,9892,-173,112
-147,120,3,34,2023,9892,-173,113
-147,120,2,35,2023,9892,-173,113
-147,120,2,34,2021,9892,-173,113
-147,120,2,33,2020,9892,-170,112
-147,120,3,32,2020,9892,-170,113
-147,120,3,31,2020,9892,-170,115
-147,120,4,31,2020,9892,-170,115
-147,120,3,32,2019,9893,-170,113
-147,120,2,32,2018,9893,-170,113
-147,120,2,33,2018,9893,-170,113
-147,120,1,33,2018,9893,-173,113
-147,120,1,34,2018,9893,-173,113
-147,120,1,34,2018,9893,-173,113
-147,120,2,33,2018,9893,-170,113
-147,120,3,32,2018,9893,-170,113
-147,120,3,32,2018,9893,-170,113
-147,120,2,33,2018,9893,-170,113
-147,120,2,33,2018,9893,-170,113
-147,120,2,32,2018,9893,-170,113
-147,121,3,32,2018,9893,-170,113
-147,121,3,32,2018,9893,-170,113
-147,120,2,32,2018,9893,-170,112
-146,119,1,33,2018,9893,-173,112
-146,119,1,34,2018,9893,-172,111
-145,118,0,34,2018,9893,-172,111
-145,117,0,34,2018,9893,-172,109
-144,116,1,34,2018,9893,-170,108
-144,116,1,34,2018,9893,-170,108
-145,116,1,34,2018,9893,-172,108
-145,116,1,34,2018,9893,-172,108
-145,116,1,34,2017,9893,-172,108
-144,116,1,34,2018,9893,-170,108
-144,116,1,34,2020,9892,-170,108
-145,116,0,34,2021,9892,-172,108
-146,115,1,34,2021,9892,-172,107
-148,115,2,36,2020,9893,-174,107
-149,115,3,36,2018,9893,-175,107
-150,115,3,36,2017,9893,-177,107
-150,115,3,36,2019,9893,-177,107
-150,115,2,35,2020,9892,-177,107
-150,115,2,35,2021,9892,-177,107
-150,116,1,35,2020,9892,-177,108
-150,116,1,35,2019,9893,-177,108
-150,116,2,35,2018,9893,-177,108
-150,115,3,36,2018,9893,-177,107
-149,115,3,36,2019,9893,-175,107
-149,114,2,36,2020,9893,-175,106
-150,113,1,34,2019,9893,-177,104
-152,112,0,34,2019,9893,-179,104
-153,112,1,34,2019,9893,-179,103
-154,112,1,34,2019,9893,-180,103
-153,111,1,34,2019,9893,-180,103
-153,112,1,34,2019,9893,-179,103
-153,112,1,34,2019,9893,-179,103
-153,112,1,34,2020,9893,-179,103
-153,112,1,34,2019,9893,-179,103
-153,112,1,34,2018,9893,-179,103
-153,112,1,34,2018,9893,-179,103
-153,112,1,34,2019,9893,-179,103
-153,112,1,34,2020,9892,-179,103
-153,112,1,34,2020,9893,-179,103
-153,111,1,34,2018,9893,-180,103
-153,112,1,34,2017,9893,-180,103
-153,112,1,34,2018,9893,-180,104
-153,112,1,34,2019,9893,-179,103
-152,110,1,34,2020,9893,-179,102
-152,108,1,34,2019,9893,-178,100
-152,106,1,34,2019,9893,-178,98
-152,106,1,34,2019,9893,-179,97
-152,106,1,34,2019,9893,-178,98
-151,107,1,34,2019,9893,-178,100
-151,107,1,34,2019,9893,-178,100
-151,107,1,34,2019,9893,-178,98
-153,106,1,34,2019,9893,-179,98
-153,106,1,34,2019,9893,-179,97
-154,105,1,34,2019,9893,-180,97
-155,105,1,34,2019,9893,-181,97
-155,105,1,34,2019,9893,-181,97
-155,105,1,34,2020,9892,-181,97
-155,105,0,34,2020,9892,-181,97
-155,105,0,33,2020,9893,-181,97
-155,105,0,33,2019,9893,-181,97
-155,105,0,33,2018,9893,-181,97
-155,105,0,34,2018,9893,-181,97
-155,105,1,34,2018,9893,-181,97
-156,104,1,34,2018,9893,-183,96
-158,103,1,34,2018,9893,-184,95
-159,103,1,34,2018,9893,-185,95
-160,102,1,34,2018,9893,-186,95
-160,102,1,34,2018,9893,-186,95
-159,103,1,34,2018,9893,-185,95
-159,103,1,34,2018,9893,-185,95
-159,103,1,34,2018,9893,-185,95
-160,102,1,34,2019,9893,-186,95
-159,103,1,34,2020,9892,-185,95
-159,103,1,34,2020,9893,-185,95
-159,103,1,34,2018,9893,-185,95
-159,101,1,34,2017,9893,-185,93
-159,100,1,34,2018,9893,-185,92
-160,99,1,34,2020,9892,-186,91
-160,98,1,34,2021,9892,-186,90
-162,98,0,33,2021,9892,-187,90
-162,97,0,33,2020,9892,-189,90
-162,97,-1,32,2020,9892,-189,86
-162,97,-1,32,2020,9892,-187,86
-161,96,0,32,2021,9892,-187,85
-161,96,0,33,2021,9892,-187,87
-163,95,0,33,2021,9892,-189,87
-165,94,0,32,2022,9892,-189,86
-166,93,-1,30,2023,9892,-190,85
-166,93,-1,29,2023,9892,-190,85
-166,93,-1,30,2022,9892,-190,85
-166,94,-2,31,2021,9892,-189,84
-166,94,-2,32,2021,9892,-191,84
-166,93,-2,31,2022,9892,-191,83
-165,92,-1,29,2022,9892,-189,84
-164,91,0,28,2021,9892,-185,84
-164,91,0,28,2020,9892,-185,83
-164,91,0,28,2019,9893,-185,83
-164,91,-1,29,2019,9893,-187,83
-164,90,-1,30,2019,9893,-187,79
-163,89,-2,31,2018,9893,-186,79
-164,89,-2,31,2018,9893,-187,79
-164,89,-2,31,2018,9893,-190,79
-163,90,-2,31,2018,9893,-186,79
-163,90,-2,31,2018,9893,-186,79
-164,89,-2,31,2018,9893,-187,79
-165,89,-2,31,2020,9893,-187,78
-167,88,-1,31,2021,9892,-190,78
-168,87,-1,32,2021,9892,-194,76
-168,87,0,32,2021,9892,-194,76
-168,87,-1,32,2021,9892,-194,76
-168,87,-1,31,2022,9892,-191,76
-168,87,-2,31,2023,9892,-191,76
-168,87,-2,31,2023,9892,-191,76
-168,87,-2,31,2023,9892,-191,76
-168,87,-2,31,2023,9892,-191,76
-168,87,-2,31,2023,9892,-191,76
-168,87,-2,31,2023,9892,-191,76
-168,87,-2,31,2023,9892,-191,76
-168,87,-2,31,2023,9892,-191,76
-168,87,-2,31,2023,9892,-191,76
-169,86,-2,31,2023,9892,-192,76
-169,86,-2,31,2023,9892,-192,75
-170,86,-2,31,2023,9892,-194,75
-171,85,-2,31,2023,9892,-195,74
-172,85,-3,30,2023,9892,-195,74
-172,85,-3,29,2023,9892,-196,74
-172,85,-4,29,2023,9892,-196,74
-172,85,-5,28,2021,9892,-195,74
-172,85,-5,28,2020,9892,-195,74
-172,85,-5,27,2019,9893,-196,74
-173,85,-5,27,2019,9893,-196,74
-172,85,-5,28,2019,9893,-196,74
-172,83,-5,28,2019,9893,-195,73
-170,82,-5,28,2019,9893,-194,72
-170,81,-5,27,2020,9893,-194,70
-170,80,-5,27,2021,9892,-194,69
-171,79,-5,27,2022,9892,-195,69
-172,79,-5,27,2023,9892,-195,69
-173,80,-5,27,2023,9892,-196,69
-173,81,-5,27,2023,9892,-196,70
-173,82,-5,27,2021,9892,-197,72
-174,81,-5,27,2021,9892,-197,70
-174,79,-5,28,2021,9892,-197,69
-174,78,-5,28,2022,9892,-197,68
-174,78,-5,27,2023,9892,-197,67
-174,78,-5,27,2023,9892,-197,68
-174,79,-5,27,2023,9892,-197,68
-174,79,-5,28,2023,9892,-197,68
-174,78,-4,28,2023,9892,-197,68
-175,78,-4,29,2023,9892,-198,67
-176,77,-4,28,2023,9892,-198,67
-177,77,-5,28,2023,9892,-200,65
-177,76,-5,27,2023,9892,-201,65
-178,76,-5,27,2023,9892,-201,65
-179,76,-5,27,2023,9892,-202,65
-179,76,-5,28,2023,9892,-202,65
-178,76,-5,28,2023,9892,-201,65
-178,76,-5,27,2023,9892,-201,65
-178,76,-5,27,2023,9892,-201,65
-180,75,-5,27,2023,9892,-203,64
-182,74,-5,27,2023,9892,-205,63
-182,72,-5,28,2023,9892,-206,62
-182,72,-5,27,2023,9892,-206,61
-181,71,-5,27,2023,9892,-205,61
-182,72,-5,27,2023,9892,-205,61
-182,72,-5,28,2023,9892,-206,62
-184,73,-5,28,2023,9892,-207,62
-185,73,-6,27,2023,9892,-208,62
-185,72,-7,27,2023,9892,-208,62
-186,72,-7,27,2022,9892,-209,58
-187,72,-6,27,2021,9892,-209,61
-187,71,-6,27,2020,9892,-211,61
-187,71,-6,27,2019,9893,-211,61
-187,71,-7,27,2018,9893,-209,58
-187,71,-8,27,2018,9893,-209,58
-187,72,-10,26,2019,9893,-211,58
-187,72,-10,25,2020,9892,-211,58
-187,71,-10,25,2019,9893,-209,58
-186,70,-9,24,2018,9893,-207,57
-186,68,-9,24,2018,9893,-206,54
-186,67,-9,24,2018,9893,-207,53
-186,66,-9,25,2018,9893,-207,52
-187,65,-9,24,2018,9893,-208,52
-188,65,-9,24,2018,9893,-208,52
-189,65,-9,24,2018,9893,-209,52
-189,65,-9,24,2018,9893,-209,52
-189,65,-9,24,2018,9893,-209,51
-188,64,-9,24,2019,9893,-209,51
-189,61,-9,24,2020,9892,-209,47
-190,59,-9,24,2020,9892,-211,45
-191,58,-9,24,2020,9892,-212,45
-192,58,-9,24,2019,9893,-212,45
-191,59,-9,24,2019,9893,-212,45
-191,58,-9,24,2020,9893,-211,45
-190,57,-9,24,2020,9892,-211,43
-191,55,-10,23,2022,9892,-212,41
-193,54,-10,23,2023,9892,-213,40
-194,53,-10,23,2023,9892,-214,40
-194,53,-9,24,2023,9892,-214,39
-194,52,-8,25,2022,9892,-214,39
-193,51,-9,24,2021,9892,-213,37
-193,51,-10,23,2021,9892,-213,37
-193,51,-12,21,2021,9892,-213,37
-193,52,-12,21,2022,9892,-213,39
-193,52,-12,21,2023,9892,-213,39
-193,51,-11,22,2023,9892,-213,37
-193,51,-11,22,2023,9892,-213,37
-193,51,-12,21,2023,9892,-213,37
-193,51,-13,21,2023,9892,-213,37
-193,51,-13,21,2023,9892,-213,37
-193,51,-13,21,2023,9892,-213,37
-193,51,-13,21,2023,9892,-213,35
-193,51,-12,21,2023,9892,-213,37
-193,51,-11,22,2023,9892,-213,37
-193,52,-10,23,2023,9892,-213,39
-193,51,-10,23,2023,9892,-213,37
-195,51,-11,22,2023,9892,-214,37
-196,50,-12,21,2023,9892,-217,36
-198,49,-12,21,2023,9892,-218,36
-198,50,-11,22,2023,9892,-218,36
-197,49,-11,22,2023,9892,-218,36
-196,48,-12,21,2023,9892,-217,35
-196,46,-13,21,2023,9892,-216,32
-197,45,-13,21,2023,9892,-217,31
-198,44,-13,21,2023,9892,-218,31
-200,44,-12,21,2023,9892,-220,30
-202,43,-12,21,2023,9892,-222,30
-203,42,-13,21,2023,9892,-223,28
-204,40,-13,21,2023,9892,-224,26
-204,40,-12,21,2023,9892,-224,26
-203,39,-13,21,2023,9892,-223,25
-202,38,-13,21,2023,9892,-222,24
-202,36,-13,21,2023,9892,-222,20
-202,35,-13,21,2023,9892,-223,21
-205,34,-12,21,2023,9892,-224,20
-206,34,-13,21,2023,9892,-227,20
-206,34,-14,20,2023,9892,-227,18
-206,34,-15,19,2023,9892,-225,18
-206,34,-16,19,2023,9892,-225,18
-207,33,-17,20,2023,9892,-227,17
-209,32,-16,20,2023,9892,-229,15
-210,31,-15,19,2023,9892,-230,15
-211,31,-14,18,2023,9892,-228,14
-210,31,-15,18,2023,9892,-228,15
-210,31,-17,19,2023,9892,-230,15
-210,32,-18,19,2023,9892,-230,15
-210,32,-17,18,2023,9892,-230,15
-210,31,-17,18,2023,9892,-228,15
-211,31,-16,18,2023,9892,-229,14
-213,30,-16,18,2023,9892,-230,13
-214,29,-16,18,2023,9892,-231,13
-215,28,-16,18,2023,9892,-233,12
-216,28,-16,18,2023,9892,-233,12
-216,28,-16,18,2023,9892,-233,12
-216,28,-16,18,2023,9892,-233,12
-216,28,-17,18,2023,9892,-233,12
-217,28,-17,18,2023,9892,-238,12
-219,27,-18,19,2023,9892,-239,10
-220,27,-17,19,2023,9892,-239,10
-219,27,-17,18,2023,9892,-236,10
-218,26,-16,18,2023,9892,-235,9
-217,24,-16,18,2023,9892,-234,8
-216,22,-16,18,2023,9892,-234,6
-216,22,-16,18,2023,9892,-233,6
-216,22,-16,18,2023,9892,-234,6
-218,22,-17,16,2023,9892,-235,6
-220,21,-19,15,2023,9892,-238,4
-221,20,-19,14,2023,9892,-238,1
-220,19,-19,15,2023,9892,-238,3
-219,17,-19,15,2023,9892,-236,1
-219,16,-19,15,2023,9892,-236,0
-220,15,-19,14,2023,9892,-236,-3
-222,14,-20,14,2023,9892,-239,-3
-223,14,-20,14,2023,9892,-240,-4
-223,14,-20,15,2023,9892,-240,-4
-223,14,-20,15,2023,9892,-240,-4
-223,14,-21,16,2023,9892,-240,-4
-224,13,-21,15,2023,9892,-241,-4
-226,12,-21,16,2023,9892,-242,-6
-227,11,-21,16,2023,9892,-244,-7
-227,11,-22,17,2023,9892,-247,-7
-229,10,-22,17,2023,9892,-249,-8
-230,10,-22,17,2023,9892,-250,-8
-231,9,-23,18,2023,9892,-251,-9
-232,9,-24,18,2023,9892,-251,-12
-233,8,-24,17,2023,9892,-252,-13
-233,7,-25,17,2023,9892,-252,-14
-234,4,-24,17,2023,9892,-253,-17
-234,2,-23,18,2023,9892,-253,-18
-234,1,-23,18,2023,9892,-253,-19
-235,2,-23,18,2023,9892,-255,-19
-235,2,-23,18,2023,9892,-255,-19
-235,2,-23,18,2023,9892,-255,-19
-236,1,-24,17,2023,9892,-256,-20
-238,0,-25,15,2023,9892,-257,-20
-238,0,-26,14,2023,9892,-257,-20
-238,0,-26,15,2023,9892,-257,-20
-237,0,-25,16,2023,9892,-256,-20
-238,0,-24,17,2022,9892,-257,-20
-239,0,-24,17,2023,9892,-258,-21
-241,-1,-24,17,2024,9892,-260,-23
-242,-1,-25,15,2026,9892,-261,-23
-242,-1,-26,14,2027,9892,-261,-23
-242,-1,-27,14,2027,9892,-261,-23
-243,-3,-27,14,2026,9892,-262,-25
-243,-6,-27,14,2024,9892,-262,-28
-244,-7,-27,15,2023,9892,-263,-29
-244,-8,-26,14,2023,9892,-263,-30
-244,-8,-26,14,2024,9892,-263,-30
-244,-7,-27,14,2026,9892,-263,-29
-244,-8,-28,14,2026,9892,-261,-29
-244,-8,-28,14,2025,9892,-261,-30
-245,-8,-27,13,2024,9892,-262,-30
-246,-9,-27,12,2024,9892,-263,-30
-246,-9,-28,11,2025,9892,-263,-31
-247,-10,-29,11,2027,9892,-263,-32
-247,-12,-29,11,2028,9892,-264,-36
-249,-12,-28,11,2027,9892,-266,-34
-250,-11,-27,10,2026,9892,-264,-32
-251,-11,-27,8,2024,9892,-266,-32
-252,-12,-27,7,2024,9892,-266,-34
-252,-13,-27,7,2025,9892,-266,-35
-252,-14,-27,8,2026,9892,-266,-36
-252,-15,-28,8,2025,9892,-266,-37
-252,-16,-28,9,2024,9892,-266,-39
-253,-18,-29,10,2023,9892,-269,-40
-254,-19,-29,10,2023,9892,-271,-41
-255,-19,-28,10,2023,9892,-269,-41
-256,-20,-28,9,2023,9892,-271,-42
-257,-22,-28,9,2023,9892,-271,-43
-257,-24,-29,10,2023,9892,-274,-46
-257,-25,-30,11,2023,9892,-273,-50
-257,-26,-30,12,2023,9892,-273,-51
-258,-26,-30,11,2023,9892,-274,-51
-260,-27,-30,11,2023,9892,-275,-52
-261,-28,-30,11,2023,9892,-278,-52
-263,-28,-30,11,2023,9892,-279,-53
-263,-29,-30,11,2023,9892,-279,-53
-263,-30,-30,11,2023,9892,-279,-54
-263,-33,-30,11,2023,9892,-279,-57
-263,-34,-30,11,2023,9892,-279,-58
-263,-35,-30,11,2023,9892,-279,-59
-263,-35,-30,11,2023,9892,-279,-59
-264,-35,-30,11,2023,9892,-280,-59
-266,-36,-30,11,2024,9892,-281,-61
-267,-37,-30,11,2024,9892,-283,-62
-268,-37,-30,11,2024,9892,-284,-62
-269,-38,-30,11,2025,9892,-285,-62
-270,-38,-30,11,2026,9892,-286,-63
-271,-39,-31,10,2026,9892,-288,-63
-272,-39,-33,9,2026,9892,-288,-64
-273,-40,-34,8,2025,9892,-289,-64
-275,-40,-34,7,2025,9892,-289,-65
-276,-41,-34,8,2026,9892,-292,-65
-276,-42,-34,8,2027,9892,-292,-67
-275,-43,-34,8,2028,9892,-291,-67
-274,-44,-34,8,2028,9892,-290,-69
-274,-45,-34,8,2027,9892,-290,-70
-275,-47,-33,8,2027,9892,-291,-72
-277,-47,-34,8,2027,9892,-292,-72
-278,-48,-35,7,2028,9892,-291,-73
-278,-48,-36,6,2028,9892,-291,-75
-278,-48,-36,5,2028,9892,-291,-75
-278,-47,-36,6,2028,9892,-291,-74
-279,-49,-36,5,2028,9892,-292,-75
-280,-51,-37,5,2028,9892,-294,-78
-281,-53,-37,4,2028,9892,-295,-80
-281,-54,-37,4,2028,9892,-294,-80
-281,-53,-37,4,2028,9892,-294,-80
-281,-53,-37,4,2028,9892,-294,-80
-282,-54,-37,4,2028,9892,-295,-81
-283,-56,-37,4,2028,9892,-296,-84
-283,-58,-37,4,2028,9892,-296,-85
-283,-60,-37,4,2028,9892,-296,-87
-284,-62,-37,4,2028,9892,-297,-89
-285,-63,-37,4,2028,9892,-297,-90
-286,-63,-37,4,2028,9892,-299,-91
-286,-64,-37,4,2028,9892,-300,-91
-287,-63,-37,4,2028,9892,-300,-91
-288,-64,-37,5,2028,9892,-301,-91
-289,-65,-37,4,2028,9892,-302,-92
-290,-67,-37,4,2028,9892,-302,-93
-289,-69,-38,4,2028,9892,-302,-96
-290,-71,-39,3,2028,9892,-303,-98
-291,-72,-39,3,2028,9892,-303,-100
-292,-72,-40,2,2028,9892,-302,-100
-293,-72,-39,0,2028,9892,-303,-100
-293,-72,-40,0,2028,9892,-303,-100
-294,-73,-40,0,2028,9892,-305,-101
-296,-74,-41,1,2028,9892,-306,-101
-297,-75,-41,2,2028,9892,-310,-102
-297,-74,-40,2,2028,9892,-310,-102
-297,-74,-39,3,2028,9892,-311,-102
-298,-75,-40,2,2028,9892,-311,-103
-299,-77,-40,1,2028,9892,-310,-104
-299,-80,-41,1,2028,9892,-310,-107
-299,-82,-41,1,2028,9892,-310,-109
-300,-82,-41,1,2028,9892,-311,-109
-302,-83,-40,1,2028,9892,-312,-109
-303,-83,-40,1,2028,9892,-313,-111
-303,-85,-41,1,2028,9892,-313,-112
-302,-87,-42,0,2028,9892,-312,-117
-303,-88,-43,0,2028,9892,-313,-118
-304,-90,-43,0,2028,9892,-314,-120
-305,-90,-42,0,2028,9892,-316,-120
-306,-90,-42,0,2028,9892,-316,-120
-306,-90,-43,0,2028,9892,-316,-120
-307,-90,-44,-1,2028,9892,-317,-120
-308,-92,-45,-2,2028,9892,-318,-122
-309,-93,-44,-1,2028,9892,-319,-124
-310,-97,-44,-1,2028,9892,-319,-126
-310,-98,-44,-1,2028,9892,-321,-128
-311,-99,-44,-1,2028,9892,-321,-129
-312,-99,-44,-1,2028,9892,-322,-129
-312,-99,-44,-1,2028,9892,-322,-129
-313,-100,-44,-1,2028,9892,-323,-130
-315,-100,-44,-1,2028,9892,-324,-130
-316,-101,-44,-1,2028,9892,-325,-131
-316,-102,-44,-1,2028,9892,-325,-131
-316,-103,-44,-1,2028,9892,-327,-133
-318,-104,-46,-3,2028,9892,-328,-134
-321,-105,-47,-3,2028,9892,-330,-136
-323,-107,-47,-4,2028,9892,-330,-137
-323,-109,-46,-3,2028,9892,-333,-139
-322,-110,-46,-3,2028,9892,-333,-140
-322,-111,-46,-3,2028,9892,-332,-141
-324,-111,-47,-3,2028,9892,-334,-141
-325,-112,-48,-4,2028,9892,-333,-145
-327,-112,-48,-4,2028,9892,-334,-145
-327,-112,-48,-5,2027,9892,-334,-145
-327,-112,-48,-4,2028,9892,-334,-145
-328,-113,-48,-4,2028,9892,-335,-146
-329,-114,-49,-3,2028,9892,-339,-147
-330,-116,-50,-3,2027,9892,-340,-148
-331,-116,-50,-2,2027,9892,-340,-150
-330,-116,-50,-2,2028,9892,-340,-148
-330,-116,-50,-2,2029,9892,-339,-150
-329,-118,-50,-2,2030,9892,-339,-151
-330,-119,-50,-2,2029,9892,-340,-152
-331,-121,-51,-1,2028,9892,-344,-153
-333,-121,-52,-1,2028,9892,-345,-157
-335,-122,-51,-1,2029,9892,-346,-157
-336,-124,-51,0,2030,9892,-347,-159
-336,-127,-52,-1,2029,9892,-347,-162
-335,-128,-52,-2,2028,9892,-347,-163
-335,-128,-53,-4,2027,9892,-344,-163
-335,-128,-54,-6,2027,9892,-344,-163
-336,-129,-54,-6,2028,9892,-346,-164
-338,-129,-55,-5,2028,9892,-347,-164
-339,-130,-55,-4,2028,9892,-349,-166
-340,-131,-55,-4,2027,9892,-349,-167
-341,-131,-55,-4,2028,9892,-350,-167
-342,-132,-55,-5,2028,9892,-351,-167
-343,-133,-54,-5,2028,9892,-352,-168
-343,-134,-53,-6,2028,9892,-350,-169
-344,-135,-53,-7,2028,9892,-351,-168
-345,-137,-53,-7,2028,9892,-352,-169
-346,-138,-52,-7,2028,9892,-352,-170
-346,-139,-52,-7,2028,9892,-352,-172
-347,-140,-52,-8,2028,9892,-354,-173
-349,-140,-52,-7,2028,9892,-356,-174
-350,-141,-53,-7,2028,9892,-357,-177
-350,-141,-54,-6,2028,9892,-360,-177
-349,-143,-54,-5,2028,9892,-358,-178
-348,-145,-54,-5,2028,9892,-357,-180
-349,-146,-53,-6,2028,9892,-358,-181
-351,-147,-53,-6,2028,9892,-361,-183
-353,-147,-55,-7,2028,9892,-360,-183
-353,-147,-56,-7,2028,9892,-362,-183
-352,-148,-57,-7,2028,9892,-361,-185
-352,-148,-57,-6,2028,9892,-361,-186
-353,-148,-57,-7,2028,9892,-362,-186
-355,-150,-58,-7,2028,9892,-363,-187
-355,-151,-58,-8,2028,9892,-365,-190
-355,-154,-58,-8,2028,9892,-365,-191
-356,-155,-59,-7,2028,9892,-365,-194
-357,-157,-58,-8,2028,9892,-366,-195
-358,-157,-58,-8,2028,9892,-367,-195
-359,-157,-58,-7,2027,9892,-368,-195
-360,-158,-58,-8,2028,9892,-368,-196
-361,-159,-60,-9,2028,9892,-369,-197
-363,-159,-61,-10,2027,9892,-369,-197
-365,-160,-61,-10,2027,9892,-371,-198
-365,-161,-61,-10,2027,9892,-372,-200
-366,-162,-61,-10,2028,9892,-372,-201
-366,-165,-62,-11,2029,9892,-372,-203
-366,-166,-62,-11,2029,9892,-373,-205
-367,-168,-63,-11,2029,9892,-373,-206
-368,-168,-62,-11,2029,9892,-374,-206
-369,-168,-62,-11,2029,9892,-375,-207
-370,-169,-62,-11,2030,9892,-377,-207
-372,-169,-63,-11,2031,9892,-378,-208
-373,-170,-63,-12,2032,9892,-379,-208
-375,-171,-63,-12,2033,9892,-382,-209
-376,-172,-62,-12,2033,9892,-383,-211
-378,-172,-61,-13,2032,9892,-382,-211
-379,-173,-61,-14,2032,9892,-383,-212
-380,-176,-62,-14,2032,9892,-383,-214
-380,-177,-64,-14,2033,9892,-384,-216
-382,-179,-65,-14,2033,9892,-388,-220
-383,-179,-65,-13,2033,9892,-389,-220
-384,-180,-66,-14,2033,9892,-390,-222
-385,-181,-66,-14,2033,9892,-390,-223
-385,-182,-65,-15,2033,9892,-391,-223
-386,-183,-65,-15,2033,9892,-390,-224
-388,-184,-64,-16,2033,9892,-391,-223
-389,-186,-65,-15,2033,9892,-393,-227
-390,-188,-65,-14,2033,9892,-396,-229
-390,-190,-66,-14,2033,9892,-396,-231
-390,-191,-67,-15,2033,9892,-396,-231
-389,-192,-67,-15,2033,9892,-395,-233
-389,-193,-67,-16,2033,9892,-391,-234
-389,-195,-65,-15,2033,9892,-393,-236
-390,-197,-64,-15,2033,9892,-394,-235
-392,-199,-65,-15,2033,9892,-395,-240
-393,-201,-67,-16,2032,9892,-396,-242
-393,-203,-68,-17,2032,9892,-396,-244
-394,-204,-69,-17,2032,9892,-397,-245
-395,-204,-68,-17,2033,9892,-397,-245
-395,-205,-68,-17,2033,9892,-399,-246
-397,-205,-68,-17,2033,9892,-400,-246
-399,-206,-68,-17,2031,9892,-402,-247
-401,-206,-68,-17,2029,9892,-404,-247
-401,-208,-68,-17,2028,9892,-405,-249
-401,-209,-68,-17,2029,9892,-405,-251
-402,-211,-69,-18,2031,9892,-405,-252
-402,-213,-69,-18,2031,9892,-405,-255
-403,-215,-69,-18,2029,9892,-406,-256
-403,-216,-69,-18,2028,9892,-406,-257
-404,-218,-69,-18,2028,9892,-407,-260
-404,-220,-69,-18,2030,9892,-407,-261
-406,-220,-69,-18,2031,9892,-408,-261
-407,-220,-70,-18,2031,9892,-410,-263
-408,-220,-71,-19,2031,9892,-411,-264
-409,-222,-71,-20,2031,9892,-412,-266
-410,-223,-72,-20,2031,9892,-412,-267
-411,-224,-72,-21,2032,9892,-413,-267
-411,-225,-73,-21,2033,9892,-413,-269
-411,-227,-72,-21,2033,9892,-413,-272
-412,-230,-72,-21,2033,9892,-415,-273
-413,-231,-72,-21,2032,9892,-416,-274
-413,-230,-74,-22,2032,9892,-413,-274
-414,-230,-75,-23,2033,9892,-413,-274
-414,-231,-76,-24,2033,9892,-415,-274
-415,-233,-77,-25,2033,9892,-416,-279
-416,-236,-76,-25,2033,9892,-416,-283
-417,-238,-76,-24,2033,9892,-417,-281
-418,-239,-76,-24,2033,9892,-418,-283
-419,-239,-76,-25,2033,9892,-419,-285
-421,-240,-77,-25,2033,9892,-421,-286
-423,-241,-78,-26,2033,9892,-423,-288
-424,-244,-78,-26,2033,9892,-424,-290
-425,-246,-79,-27,2033,9892,-426,-292
-426,-248,-80,-28,2033,9892,-426,-295
-428,-249,-80,-28,2033,9892,-426,-295
-429,-250,-80,-28,2033,9892,-426,-296
-430,-252,-80,-28,2033,9892,-429,-299
-430,-254,-80,-28,2033,9892,-430,-301
-431,-256,-80,-28,2033,9892,-430,-302
-432,-257,-80,-28,2033,9892,-432,-303
-433,-258,-80,-28,2033,9892,-433,-305
-435,-259,-80,-28,2033,9892,-432,-305
-436,-260,-80,-28,2033,9892,-435,-307
-437,-262,-80,-28,2033,9892,-437,-308
-438,-263,-80,-27,2033,9892,-438,-311
-439,-265,-82,-28,2033,9892,-439,-314
-440,-267,-83,-28,2033,9892,-439,-316
-441,-267,-83,-28,2033,9892,-441,-317
-443,-268,-82,-29,2033,9892,-440,-314
-444,-269,-81,-30,2033,9892,-441,-316
-445,-271,-82,-30,2033,9892,-443,-318
-445,-274,-84,-30,2033,9892,-441,-323
-446,-275,-86,-28,2033,9892,-445,-327
-448,-276,-87,-27,2033,9892,-448,-328
-450,-278,-86,-27,2033,9892,-452,-330
-451,-280,-86,-28,2032,9892,-451,-329
-452,-283,-86,-30,2033,9892,-451,-333
-453,-284,-88,-32,2033,9892,-450,-336
-454,-285,-89,-32,2033,9892,-450,-338
-456,-287,-89,-33,2032,9892,-452,-339
-458,-289,-88,-34,2032,9892,-455,-339
-460,-292,-87,-34,2033,9892,-456,-341
-462,-295,-87,-34,2034,9892,-458,-345
-465,-297,-88,-33,2034,9892,-461,-349
-467,-298,-90,-34,2035,9891,-463,-350
-470,-299,-90,-36,2036,9891,-463,-351
-472,-300,-91,-37,2037,9891,-466,-352
-473,-301,-91,-38,2038,9891,-467,-354
-475,-304,-91,-38,2038,9891,-468,-356
-477,-306,-90,-38,2037,9891,-471,-358
-478,-309,-91,-37,2037,9891,-472,-361
-480,-310,-91,-38,2037,9891,-473,-363
-481,-313,-91,-38,2038,9891,-476,-365
-483,-315,-90,-38,2038,9891,-477,-368
-485,-318,-90,-37,2037,9891,-478,-369
-486,-319,-91,-38,2037,9891,-479,-372
-487,-321,-92,-39,2037,9891,-480,-373
-487,-323,-93,-40,2038,9891,-480,-375
-488,-325,-93,-40,2038,9891,-479,-378
-488,-328,-93,-40,2037,9891,-482,-380
-489,-330,-93,-40,2036,9891,-480,-383
-490,-332,-94,-41,2035,9891,-482,-384
-491,-333,-94,-41,2036,9891,-482,-385
-492,-335,-94,-41,2037,9891,-483,-388
-493,-338,-94,-41,2038,9891,-484,-390
-495,-339,-94,-41,2038,9891,-485,-393
-497,-341,-94,-41,2036,9891,-488,-394
-498,-342,-95,-42,2035,9891,-488,-395
-498,-344,-97,-43,2034,9892,-489,-399
-499,-346,-97,-44,2034,9892,-490,-401
-501,-348,-98,-45,2034,9892,-491,-404
-502,-350,-98,-44,2034,9892,-493,-405
-503,-352,-97,-44,2034,9892,-494,-407
-504,-354,-97,-44,2033,9892,-495,-410
-506,-357,-98,-45,2034,9892,-496,-412
-509,-359,-99,-45,2036,9891,-499,-415
-510,-359,-99,-45,2037,9891,-500,-415
-511,-359,-99,-45,2038,9891,-501,-415
-512,-360,-99,-46,2038,9891,-502,-416
-514,-363,-100,-46,2037,9891,-501,-418
-516,-366,-101,-47,2037,9891,-504,-422
-517,-368,-101,-47,2037,9891,-505,-423
-519,-369,-101,-48,2038,9891,-506,-427
-521,-371,-102,-49,2037,9891,-509,-428
-523,-373,-104,-50,2037,9891,-511,-432
-525,-376,-105,-51,2037,9891,-513,-434
-527,-379,-105,-51,2037,9891,-515,-437
-528,-381,-105,-51,2037,9891,-516,-439
-529,-383,-105,-51,2037,9891,-517,-440
-531,-386,-105,-51,2037,9891,-518,-444
-534,-389,-104,-51,2037,9891,-522,-446
-538,-391,-105,-51,2037,9891,-526,-449
-541,-393,-106,-52,2037,9891,-528,-451
-543,-395,-108,-53,2037,9891,-531,-455
-544,-397,-110,-53,2037,9891,-532,-458
-546,-401,-110,-53,2037,9891,-533,-461
-548,-404,-109,-53,2037,9891,-534,-465
-550,-407,-109,-53,2037,9891,-537,-467
-552,-409,-109,-54,2038,9891,-537,-469
-554,-411,-111,-54,2038,9891,-540,-472
-556,-413,-113,-54,2037,9891,-543,-476
-558,-416,-115,-55,2037,9891,-545,-479
-560,-419,-116,-54,2037,9891,-546,-482
-561,-422,-116,-54,2038,9891,-548,-485
-563,-425,-115,-54,2039,9891,-550,-488
-565,-427,-115,-54,2039,9891,-551,-490
-568,-429,-115,-54,2038,9891,-555,-493
-570,-432,-116,-55,2038,9891,-556,-495
-571,-435,-118,-56,2037,9891,-557,-501
-573,-437,-119,-57,2039,9891,-560,-502
-575,-438,-119,-57,2041,9891,-562,-504
-578,-440,-119,-57,2041,9891,-565,-506
-580,-442,-119,-57,2041,9891,-567,-509
-583,-446,-119,-57,2039,9891,-570,-512
-585,-448,-119,-57,2038,9891,-571,-515
-587,-451,-120,-58,2038,9891,-573,-517
-589,-453,-122,-59,2038,9891,-576,-520
-591,-455,-124,-59,2039,9891,-577,-524
-592,-458,-124,-60,2040,9891,-576,-527
-593,-461,-123,-60,2041,9891,-577,-527
-593,-462,-122,-61,2042,9891,-577,-529
-594,-465,-122,-61,2043,9891,-578,-532
-596,-468,-124,-62,2042,9891,-579,-537
-599,-471,-125,-63,2041,9891,-582,-540
-600,-475,-126,-64,2040,9891,-584,-544
-601,-478,-126,-64,2041,9891,-584,-546
-601,-480,-126,-64,2042,9891,-582,-549
-602,-481,-127,-65,2042,9891,-583,-550
-604,-483,-128,-66,2041,9891,-584,-551
-605,-485,-130,-68,2040,9891,-585,-556
-608,-488,-130,-68,2041,9891,-588,-557
-610,-492,-130,-67,2042,9891,-590,-561
-612,-495,-129,-67,2042,9891,-593,-563
-614,-498,-130,-67,2042,9891,-595,-567
-617,-501,-131,-68,2042,9891,-596,-572
-618,-503,-132,-70,2042,9891,-598,-574
-619,-505,-133,-71,2042,9891,-596,-577
-621,-509,-133,-71,2042,9891,-599,-581
-623,-512,-133,-71,2042,9891,-601,-583
-627,-515,-133,-71,2042,9891,-605,-587
-631,-518,-134,-72,2042,9891,-609,-589
-633,-521,-136,-73,2042,9891,-611,-593
-635,-524,-137,-74,2042,9891,-612,-598
-638,-526,-137,-75,2042,9891,-615,-600
-641,-529,-136,-75,2042,9891,-618,-601
-644,-532,-135,-75,2042,9891,-620,-604
-646,-534,-136,-76,2043,9891,-621,-606
-647,-537,-137,-76,2043,9891,-622,-609
-648,-540,-137,-76,2044,9891,-623,-615
-651,-543,-137,-76,2044,9891,-626,-617
-654,-546,-137,-77,2044,9891,-628,-618
-657,-550,-137,-79,2044,9891,-631,-622
-659,-552,-138,-79,2043,9891,-631,-625
-661,-555,-139,-79,2043,9891,-636,-629
-663,-558,-140,-78,2044,9891,-637,-633
-664,-561,-142,-78,2045,9891,-639,-636
-667,-564,-143,-79,2047,9891,-642,-642
-671,-568,-144,-80,2048,9891,-645,-645
-674,-572,-144,-81,2048,9891,-648,-649
-677,-575,-145,-82,2047,9891,-651,-653
-678,-578,-147,-83,2045,9891,-650,-655
-679,-580,-147,-84,2045,9891,-650,-657
-680,-584,-147,-84,2046,9891,-651,-661
-683,-588,-148,-84,2047,9891,-654,-665
-685,-592,-148,-85,2047,9891,-656,-670
-687,-596,-150,-86,2047,9891,-659,-676
-689,-599,-151,-87,2047,9891,-660,-679
-691,-603,-151,-87,2047,9891,-662,-683
-693,-608,-151,-87,2047,9891,-665,-688
-695,-611,-152,-88,2047,9891,-666,-692
-698,-614,-154,-90,2047,9891,-666,-694
-700,-617,-155,-91,2047,9891,-668,-697
-703,-621,-155,-91,2047,9891,-671,-700
-707,-625,-155,-91,2047,9891,-675,-706
-710,-630,-155,-91,2047,9891,-678,-710
-711,-634,-155,-92,2047,9891,-679,-716
-713,-637,-157,-93,2047,9891,-681,-720
-715,-641,-158,-94,2047,9891,-682,-723
-718,-645,-158,-94,2047,9891,-686,-728
-722,-648,-158,-94,2047,9891,-689,-731
-724,-651,-159,-95,2047,9891,-689,-734
-726,-654,-161,-96,2047,9891,-692,-737
-727,-659,-162,-97,2047,9891,-693,-744
-730,-663,-162,-98,2047,9891,-695,-749
-733,-668,-162,-97,2047,9891,-699,-753
-736,-671,-161,-97,2047,9891,-700,-754
-737,-674,-162,-97,2047,9891,-703,-760
-740,-677,-163,-98,2047,9891,-705,-762
-743,-680,-164,-100,2047,9891,-708,-766
-747,-684,-166,-101,2047,9891,-712,-770
-751,-688,-166,-101,2047,9891,-715,-773
-753,-691,-166,-100,2047,9891,-717,-777
-755,-695,-166,-99,2047,9891,-719,-783
-756,-699,-168,-100,2047,9891,-721,-787
-758,-703,-169,-102,2047,9891,-722,-792
-761,-707,-169,-104,2047,9891,-722,-795
-765,-710,-169,-104,2047,9891,-726,-798
-769,-713,-170,-103,2048,9891,-731,-802
-773,-716,-172,-102,2048,9891,-738,-808
-777,-720,-175,-102,2049,9891,-740,-811
-778,-723,-176,-103,2049,9891,-742,-814
-780,-726,-176,-104,2049,9891,-744,-817
-783,-730,-177,-105,2050,9891,-747,-823
-787,-734,-178,-106,2050,9891,-750,-828
-790,-738,-179,-107,2049,9891,-751,-832
-794,-743,-180,-107,2049,9891,-755,-837
-797,-746,-180,-108,2050,9891,-759,-841
-801,-750,-182,-109,2050,9891,-761,-844
-803,-753,-183,-110,2051,9891,-764,-847
-805,-755,-183,-111,2051,9891,-766,-849
-807,-759,-184,-112,2052,9891,-767,-855
-809,-763,-185,-113,2052,9891,-767,-860
-813,-768,-186,-113,2052,9891,-771,-864
-816,-772,-187,-114,2052,9891,-775,-869
-820,-777,-187,-115,2052,9891,-777,-874
-823,-781,-189,-116,2052,9891,-781,-878
-826,-786,-190,-117,2052,9891,-783,-885
-829,-790,-191,-119,2053,9891,-787,-889
-832,-795,-193,-119,2056,9890,-787,-894
-836,-798,-193,-120,2057,9890,-792,-897
-840,-802,-194,-121,2057,9890,-794,-902
-843,-805,-194,-121,2057,9890,-798,-905
-845,-810,-195,-121,2057,9890,-800,-909
-846,-815,-195,-122,2057,9890,-802,-914
-849,-820,-195,-122,2057,9890,-803,-920
-852,-824,-196,-123,2057,9890,-806,-926
-856,-829,-197,-124,2057,9890,-811,-931
-860,-835,-198,-125,2057,9890,-813,-937
-863,-840,-200,-126,2057,9890,-815,-943
-866,-845,-201,-127,2057,9890,-817,-948
-870,-849,-201,-127,2057,9890,-821,-952
-873,-853,-201,-127,2057,9890,-825,-955
-877,-856,-202,-128,2058,9890,-828,-959
-880,-861,-204,-129,2059,9890,-831,-966
-883,-866,-204,-130,2058,9890,-834,-971
-886,-870,-205,-130,2057,9890,-837,-975
-889,-874,-204,-130,2057,9890,-841,-980
-892,-879,-205,-130,2057,9890,-844,-985
-895,-884,-205,-131,2057,9890,-847,-990
-898,-888,-206,-132,2057,9890,-847,-993
-902,-892,-207,-134,2057,9890,-850,-997
-906,-896,-208,-137,2057,9890,-852,-1001
-910,-900,-208,-138,2057,9890,-855,-1005
-914,-905,-209,-139,2057,9890,-859,-1010
-917,-911,-210,-139,2057,9890,-863,-1019
-921,-915,-211,-140,2057,9890,-866,-1024
-926,-920,-212,-141,2057,9890,-869,-1027
-929,-924,-212,-143,2057,9890,-872,-1032
-933,-928,-213,-144,2057,9890,-876,-1036
-936,-932,-214,-144,2057,9890,-878,-1041
-939,-937,-215,-145,2057,9890,-881,-1046
-941,-942,-216,-146,2057,9890,-881,-1051
-944,-948,-216,-147,2057,9890,-885,-1057
-948,-954,-217,-148,2057,9890,-888,-1064
-953,-960,-219,-148,2057,9890,-893,-1070
-957,-965,-220,-149,2057,9890,-897,-1076
-960,-971,-220,-150,2057,9890,-899,-1082
-963,-976,-221,-151,2057,9890,-903,-1087
-965,-981,-222,-152,2057,9890,-902,-1092
-968,-986,-224,-152,2056,9890,-908,-1099
-972,-992,-226,-153,2057,9890,-911,-1105
-977,-998,-228,-153,2058,9890,-916,-1112
-981,-1004,-228,-154,2060,9890,-920,-1120
-984,-1009,-229,-155,2062,9890,-920,-1126
-986,-1014,-229,-156,2062,9890,-922,-1130
-990,-1018,-231,-156,2062,9890,-926,-1135
-993,-1022,-233,-157,2062,9890,-930,-1138
-996,-1026,-234,-158,2062,9890,-932,-1146
-1000,-1033,-235,-159,2062,9890,-936,-1152
-1005,-1039,-236,-160,2062,9890,-941,-1158
-1009,-1044,-237,-161,2062,9890,-946,-1163
-1013,-1047,-238,-161,2062,9890,-949,-1167
-1016,-1051,-239,-163,2062,9890,-949,-1170
-1019,-1056,-240,-164,2062,9890,-953,-1175
-1023,-1062,-240,-164,2062,9890,-957,-1184
-1028,-1067,-240,-164,2062,9890,-961,-1190
-1033,-1073,-241,-165,2062,9890,-966,-1195
-1036,-1077,-243,-166,2061,9890,-969,-1199
-1038,-1082,-244,-168,2062,9890,-971,-1204
-1041,-1087,-246,-169,2063,9890,-971,-1209
-1045,-1093,-247,-170,2065,9890,-975,-1218
-1050,-1099,-249,-172,2067,9890,-980,-1224
-1055,-1103,-250,-172,2067,9890,-985,-1229
-1058,-1108,-251,-173,2067,9890,-988,-1232
-1061,-1113,-251,-174,2067,9890,-991,-1237
-1065,-1119,-252,-175,2067,9890,-992,-1243
-1069,-1126,-253,-176,2067,9890,-996,-1253
-1072,-1132,-254,-177,2067,9890,-999,-1259
-1076,-1138,-256,-177,2067,9890,-1003,-1265
-1080,-1142,-259,-177,2067,9890,-1009,-1273
-1085,-1147,-262,-176,2067,9890,-1014,-1278
-1089,-1152,-263,-177,2067,9890,-1019,-1285
-1093,-1157,-263,-180,2067,9890,-1020,-1287
-1097,-1163,-262,-182,2067,9890,-1021,-1293
-1100,-1170,-261,-184,2067,9890,-1024,-1301
-1103,-1178,-261,-184,2067,9890,-1027,-1308
-1107,-1185,-263,-185,2067,9890,-1031,-1315
-1112,-1192,-264,-185,2067,9890,-1035,-1323
-1116,-1198,-265,-187,2067,9890,-1040,-1331
-1121,-1204,-266,-188,2067,9890,-1042,-1337
-1126,-1210,-268,-189,2067,9890,-1046,-1344
-1130,-1215,-270,-191,2067,9890,-1051,-1348
-1134,-1222,-271,-193,2067,9890,-1054,-1356
-1137,-1229,-272,-194,2068,9890,-1055,-1366
-1141,-1236,-273,-194,2069,9890,-1059,-1372
-1145,-1243,-273,-195,2070,9890,-1063,-1379
-1149,-1248,-274,-195,2070,9889,-1066,-1384
-1153,-1254,-276,-196,2071,9889,-1070,-1391
-1157,-1261,-277,-198,2071,9889,-1075,-1397
-1162,-1268,-278,-199,2071,9889,-1076,-1407
-1167,-1275,-280,-201,2071,9889,-1081,-1413
-1172,-1281,-282,-202,2071,9889,-1087,-1419
-1177,-1287,-284,-202,2071,9889,-1091,-1428
-1181,-1293,-285,-203,2071,9889,-1095,-1434
-1185,-1299,-285,-203,2071,9889,-1099,-1441
-1190,-1307,-286,-204,2071,9889,-1104,-1449
-1196,-1313,-288,-205,2071,9889,-1109,-1455
-1201,-1320,-289,-206,2073,9889,-1114,-1464
-1206,-1327,-290,-207,2075,9889,-1119,-1472
-1210,-1333,-292,-208,2076,9889,-1124,-1478
-1215,-1340,-293,-209,2077,9889,-1129,-1485
-1220,-1347,-296,-209,2076,9889,-1132,-1494
-1225,-1354,-298,-211,2076,9889,-1137,-1501
-1229,-1361,-299,-212,2076,9889,-1140,-1508
-1235,-1367,-299,-214,2076,9889,-1146,-1514
-1241,-1374,-299,-217,2076,9889,-1148,-1522
-1246,-1381,-300,-220,2076,9889,-1151,-1529
-1250,-1390,-301,-221,2076,9889,-1154,-1538
-1254,-1398,-303,-223,2076,9889,-1158,-1547
-1257,-1406,-305,-224,2076,9889,-1162,-1556
-1262,-1412,-306,-225,2076,9889,-1164,-1562
-1268,-1418,-307,-226,2078,9889,-1169,-1568
-1273,-1424,-308,-227,2080,9889,-1175,-1574
-1277,-1431,-309,-228,2081,9889,-1179,-1584
-1282,-1439,-310,-229,2081,9889,-1184,-1591
-1287,-1447,-311,-230,2081,9889,-1186,-1600
-1292,-1454,-313,-231,2081,9889,-1191,-1607
-1298,-1460,-314,-233,2081,9889,-1197,-1613
-1303,-1467,-316,-234,2081,9889,-1202,-1622
-1307,-1474,-318,-236,2081,9889,-1206,-1629
-1311,-1482,-319,-237,2081,9889,-1207,-1638
-1315,-1489,-320,-238,2081,9889,-1210,-1645
-1321,-1498,-321,-239,2081,9889,-1217,-1654
-1327,-1507,-322,-240,2081,9889,-1223,-1666
-1332,-1515,-323,-241,2083,9889,-1228,-1674
-1337,-1523,-325,-243,2085,9888,-1230,-1682
-1341,-1529,-327,-245,2085,9888,-1234,-1688
-1346,-1536,-328,-246,2083,9889,-1239,-1696
-1352,-1544,-329,-247,2081,9889,-1245,-1705
-1358,-1553,-329,-247,2080,9889,-1250,-1713
-1363,-1561,-330,-248,2081,9889,-1256,-1722
-1369,-1568,-332,-249,2083,9889,-1258,-1729
-1373,-1576,-334,-251,2085,9888,-1263,-1738
-1378,-1584,-336,-253,2086,9888,-1267,-1748
-1383,-1592,-338,-254,2086,9888,-1272,-1756
-1389,-1599,-339,-256,2086,9888,-1275,-1763
-1396,-1606,-340,-257,2086,9888,-1282,-1771
-1403,-1614,-341,-258,2086,9888,-1289,-1781
-1408,-1622,-343,-259,2086,9888,-1293,-1789
-1413,-1630,-344,-259,2086,9888,-1298,-1796
-1418,-1638,-346,-260,2086,9888,-1303,-1807
-1424,-1646,-348,-261,2086,9888,-1309,-1816
-1431,-1654,-350,-263,2085,9888,-1317,-1823
-1437,-1661,-350,-265,2086,9888,-1319,-1831
-1442,-1669,-351,-266,2087,9888,-1324,-1838
-1447,-1676,-353,-267,2089,9888,-1330,-1849
-1453,-1684,-355,-269,2091,9888,-1334,-1857
-1460,-1693,-358,-271,2091,9888,-1340,-1866
-1465,-1702,-360,-274,2091,9888,-1345,-1877
-1471,-1711,-361,-276,2091,9888,-1347,-1886
-1476,-1719,-361,-277,2091,9888,-1353,-1894
-1482,-1727,-362,-278,2091,9888,-1358,-1903
-1488,-1735,-364,-279,2090,9888,-1364,-1910
-1495,-1743,-366,-281,2091,9888,-1368,-1921
-1501,-1751,-369,-284,2092,9888,-1375,-1929
-1507,-1760,-371,-285,2094,9888,-1381,-1938
-1514,-1769,-373,-286,2096,9888,-1387,-1950
-1520,-1778,-375,-287,2096,9888,-1394,-1959
-1526,-1788,-376,-288,2096,9888,-1396,-1970
-1532,-1798,-378,-289,2096,9888,-1402,-1981
-1538,-1807,-379,-291,2096,9888,-1408,-1991
-1544,-1816,-382,-293,2096,9888,-1414,-2000
-1550,-1825,-383,-295,2096,9888,-1418,-2009
-1557,-1834,-385,-296,2096,9888,-1424,-2020
-1563,-1842,-387,-298,2096,9888,-1430,-2028
-1570,-1851,-389,-300,2096,9888,-1436,-2038
-1576,-1860,-390,-301,2096,9888,-1440,-2049
-1581,-1871,-392,-303,2096,9888,-1446,-2060
-1587,-1881,-393,-306,2096,9888,-1449,-2070
-1593,-1891,-394,-308,2096,9888,-1453,-2081
-1598,-1900,-396,-309,2096,9888,-1460,-2089
-1605,-1909,-398,-311,2095,9888,-1463,-2100
-1612,-1918,-400,-312,2096,9888,-1470,-2110
-1619,-1928,-402,-314,2097,9888,-1478,-2120
-1626,-1939,-404,-316,2099,9888,-1484,-2133
-1633,-1950,-405,-318,2099,9888,-1489,-2144
-1639,-1960,-406,-319,2099,9888,-1494,-2155
-1645,-1969,-408,-320,2099,9888,-1500,-2165
-1651,-1977,-409,-321,2100,9887,-1506,-2172
-1658,-1987,-411,-324,2101,9887,-1510,-2185
-1665,-1998,-414,-325,2101,9887,-1517,-2196
-1672,-2009,-415,-327,2101,9887,-1524,-2207
-1678,-2020,-416,-328,2101,9887,-1530,-2220
-1686,-2029,-417,-329,2101,9887,-1535,-2230
-1693,-2039,-419,-331,2100,9887,-1541,-2240
-1700,-2050,-421,-333,2100,9887,-1549,-2251
-1706,-2060,-423,-334,2101,9887,-1555,-2264
-1713,-2071,-425,-336,2102,9887,-1558,-2275
-1720,-2081,-426,-338,2104,9887,-1566,-2285
-1727,-2092,-429,-339,2105,9887,-1573,-2298
-1734,-2102,-430,-341,2106,9887,-1579,-2308
-1740,-2114,-432,-343,2106,9887,-1583,-2320
-1746,-2125,-434,-344,2105,9887,-1589,-2331
-1754,-2135,-437,-347,2105,9887,-1596,-2345
-1762,-2146,-440,-350,2106,9887,-1601,-2356
-1770,-2158,-442,-352,2106,9887,-1610,-2369
-1778,-2169,-444,-354,2107,9887,-1617,-2380
-1786,-2180,-445,-355,2108,9887,-1623,-2392
-1793,-2191,-447,-357,2109,9887,-1629,-2403
-1801,-2203,-449,-359,2110,9887,-1637,-2418
-1809,-2215,-452,-361,2110,9887,-1643,-2430
-1817,-2228,-455,-364,2110,9887,-1650,-2445
-1825,-2240,-457,-366,2112,9887,-1656,-2458
-1834,-2252,-460,-369,2114,9887,-1665,-2471
-1843,-2264,-463,-372,2115,9887,-1672,-2484
-1850,-2276,-465,-374,2116,9887,-1678,-2496
-1858,-2288,-467,-375,2115,9887,-1685,-2511
-1867,-2301,-469,-377,2115,9887,-1694,-2524
-1876,-2314,-470,-378,2115,9887,-1702,-2537
-1884,-2327,-472,-380,2115,9887,-1709,-2551
-1893,-2340,-474,-382,2115,9887,-1716,-2565
-1900,-2352,-477,-385,2115,9887,-1724,-2578
-1909,-2363,-480,-387,2115,9887,-1729,-2591
-1917,-2375,-482,-389,2115,9887,-1738,-2603
-1926,-2388,-484,-391,2116,9887,-1744,-2617
-1935,-2401,-485,-392,2117,9887,-1752,-2633
-1944,-2414,-487,-394,2118,9887,-1762,-2646
-1953,-2426,-490,-397,2119,9887,-1771,-2657
-1962,-2438,-493,-400,2120,9886,-1777,-2672
-1970,-2450,-496,-403,2120,9886,-1784,-2684
-1979,-2463,-498,-404,2120,9886,-1790,-2700
-1987,-2476,-500,-406,2120,9886,-1799,-2713
-1995,-2489,-502,-408,2121,9886,-1806,-2725
-2004,-2501,-503,-411,2124,9886,-1812,-2739
-2013,-2515,-505,-413,2125,9886,-1821,-2755
-2022,-2528,-509,-415,2125,9886,-1828,-2768
-2031,-2540,-511,-417,2125,9886,-1835,-2783
-2039,-2553,-513,-420,2125,9886,-1844,-2795
-2047,-2566,-514,-424,2125,9886,-1849,-2808
-2055,-2580,-515,-427,2125,9886,-1855,-2823
-2065,-2594,-518,-428,2125,9886,-1864,-2838
-2074,-2608,-522,-429,2126,9886,-1873,-2854
-2084,-2621,-525,-431,2128,9886,-1882,-2869
-2093,-2635,-527,-435,2130,9886,-1889,-2883
-2102,-2649,-530,-438,2130,9886,-1895,-2898
-2111,-2663,-532,-440,2130,9886,-1905,-2913
-2120,-2677,-534,-443,2130,9886,-1911,-2928
-2129,-2691,-536,-445,2129,9886,-1920,-2943
-2138,-2706,-538,-448,2130,9886,-1925,-2957
-2146,-2721,-540,-451,2131,9886,-1933,-2974
-2157,-2735,-544,-453,2133,9886,-1944,-2989
-2168,-2750,-546,-456,2135,9885,-1953,-3007
-2179,-2764,-549,-458,2135,9885,-1962,-3022
-2188,-2779,-551,-460,2135,9885,-1970,-3035
-2196,-2793,-553,-462,2135,9885,-1977,-3053
-2205,-2808,-555,-464,2135,9885,-1986,-3068
-2215,-2823,-558,-467,2134,9886,-1993,-3086
-2226,-2838,-562,-470,2135,9885,-2004,-3100
-2237,-2853,-565,-473,2136,9885,-2011,-3118
-2247,-2869,-568,-476,2138,9885,-2021,-3134
-2257,-2884,-570,-478,2140,9885,-2032,-3150
-2269,-2900,-572,-480,2140,9885,-2041,-3167
-2280,-2915,-574,-482,2139,9885,-2052,-3183
-2290,-2930,-577,-485,2139,9885,-2059,-3202
-2298,-2946,-580,-487,2139,9885,-2066,-3217
-2307,-2963,-583,-491,2141,9885,-2072,-3236
-2317,-2979,-587,-494,2143,9885,-2082,-3253
-2328,-2996,-590,-497,2144,9885,-2093,-3272
-2339,-3012,-592,-499,2145,9885,-2102,-3289
-2349,-3029,-595,-501,2145,9885,-2111,-3305
-2359,-3046,-597,-504,2144,9885,-2119,-3325
-2370,-3062,-600,-506,2144,9885,-2130,-3342
-2381,-3079,-604,-510,2145,9885,-2137,-3361
-2391,-3096,-608,-514,2146,9885,-2147,-3381
-2402,-3113,-612,-517,2146,9885,-2155,-3398
-2414,-3130,-614,-519,2147,9885,-2166,-3418
-2426,-3145,-616,-521,2148,9885,-2179,-3432
-2438,-3161,-619,-524,2150,9884,-2188,-3448
-2449,-3178,-622,-527,2151,9884,-2198,-3468
-2460,-3196,-626,-530,2151,9884,-2207,-3490
-2471,-3215,-629,-534,2150,9884,-2216,-3508
-2482,-3233,-632,-536,2151,9884,-2226,-3526
-2494,-3250,-634,-538,2153,9884,-2237,-3546
-2505,-3267,-637,-540,2155,9884,-2248,-3563
-2517,-3283,-640,-543,2156,9884,-2257,-3582
-2529,-3301,-644,-547,2156,9884,-2266,-3599
-2541,-3319,-646,-551,2156,9884,-2276,-3618
-2554,-3338,-648,-554,2157,9884,-2288,-3640
-2565,-3358,-650,-557,2158,9884,-2297,-3661
-2577,-3377,-652,-559,2160,9884,-2308,-3680
-2590,-3395,-655,-562,2161,9884,-2318,-3700
-2603,-3412,-658,-567,2162,9884,-2329,-3718
-2616,-3430,-662,-571,2164,9884,-2341,-3737
-2628,-3448,-665,-574,2164,9884,-2351,-3756
-2640,-3467,-669,-577,2166,9884,-2362,-3778
-2652,-3487,-672,-580,2167,9884,-2371,-3797
-2664,-3506,-676,-584,2169,9884,-2382,-3819
-2676,-3524,-680,-587,2169,9884,-2392,-3838
-2688,-3541,-684,-591,2169,9884,-2402,-3857
-2702,-3559,-686,-593,2169,9884,-2415,-3878
-2716,-3578,-689,-596,2170,9883,-2429,-3897
-2729,-3597,-691,-598,2171,9883,-2440,-3917
-2742,-3618,-695,-602,2172,9883,-2452,-3940
-2754,-3637,-700,-606,2173,9883,-2461,-3962
-2766,-3656,-704,-610,2173,9883,-2470,-3980
-2779,-3676,-708,-613,2174,9883,-2482,-4004
-2793,-3696,-711,-616,2174,9883,-2493,-4023
-2806,-3716,-714,-619,2175,9883,-2507,-4046
-2819,-3737,-719,-623,2177,9883,-2517,-4071
-2831,-3759,-723,-627,2179,9883,-2529,-4093
-2844,-3780,-726,-631,2179,9883,-2539,-4116
-2857,-3801,-729,-634,2179,9883,-2548,-4137
-2870,-3821,-732,-638,2179,9883,-2558,-4160
-2883,-3842,-735,-642,2181,9883,-2572,-4181
-2896,-3863,-739,-645,2182,9883,-2581,-4205
-2909,-3885,-743,-648,2182,9883,-2594,-4229
-2923,-3907,-748,-650,2183,9883,-2608,-4251
-2938,-3930,-752,-653,2183,9883,-2622,-4277
-2953,-3951,-755,-657,2184,9883,-2634,-4298
-2966,-3972,-757,-661,2185,9882,-2645,-4322
-2979,-3994,-759,-666,2187,9882,-2655,-4344
-2992,-4016,-762,-671,2188,9882,-2664,-4366
-3006,-4038,-765,-674,2189,9882,-2675,-4391
-3021,-4060,-769,-677,2189,9882,-2690,-4412
-3036,-4081,-773,-680,2190,9882,-2702,-4437
-3050,-4102,-778,-685,2192,9882,-2714,-4460
-3065,-4124,-782,-689,2193,9882,-2728,-4482
-3080,-4148,-786,-693,2194,9882,-2740,-4509
-3095,-4172,-790,-696,2195,9882,-2755,-4536
-3109,-4195,-794,-699,2197,9882,-2766,-4559
-3122,-4216,-797,-703,2198,9882,-2777,-4582
-3137,-4237,-801,-708,2198,9882,-2789,-4604
-3153,-4259,-802,-713,2198,9882,-2801,-4626
-3168,-4283,-805,-717,2200,9881,-2815,-4653
-3183,-4306,-809,-722,2201,9881,-2827,-4676
-3198,-4331,-815,-726,2203,9881,-2841,-4703
-3213,-4354,-820,-730,2204,9881,-2852,-4730
-3228,-4379,-823,-734,2204,9881,-2867,-4754
-3242,-4403,-827,-737,2206,9881,-2879,-4781
-3258,-4426,-830,-740,2208,9881,-2891,-4804
-3273,-4449,-833,-745,2210,9881,-2906,-4831
-3289,-4474,-837,-750,2211,9881,-2920,-4856
-3306,-4499,-842,-754,2212,9881,-2933,-4884
-3323,-4525,-847,-758,2213,9881,-2950,-4912
-3339,-4551,-851,-761,2213,9881,-2963,-4940
-3355,-4576,-855,-766,2214,9881,-2976,-4965
-3370,-4600,-859,-771,2216,9880,-2988,-4992
-3386,-4625,-863,-777,2217,9880,-3001,-5018
-3404,-4651,-868,-782,2218,9880,-3016,-5046
-3421,-4677,-872,-787,2219,9880,-3031,-5075
-3438,-4705,-876,-791,2221,9880,-3044,-5103
-3454,-4731,-881,-794,2222,9880,-3060,-5133
-3470,-4758,-885,-798,2223,9880,-3073,-5162
-3487,-4784,-890,-803,2224,9880,-3089,-5190
-3502,-4811,-896,-808,2226,9880,-3101,-5217
-3519,-4838,-901,-813,2228,9880,-3115,-5247
-3535,-4864,-905,-817,2229,9880,-3128,-5277
-3552,-4891,-909,-821,2230,9880,-3145,-5306
-3570,-4918,-913,-825,2230,9880,-3160,-5333
-3588,-4946,-919,-829,2231,9880,-3175,-5363
-3605,-4973,-924,-835,2232,9880,-3189,-5394
-3623,-5000,-928,-841,2233,9880,-3204,-5423
-3641,-5028,-931,-847,2235,9879,-3219,-5451
-3658,-5056,-935,-851,2237,9879,-3233,-5479
-3677,-5084,-939,-854,2239,9879,-3252,-5510
-3695,-5112,-945,-859,2240,9879,-3266,-5542
-3713,-5140,-950,-864,2242,9879,-3282,-5572
-3731,-5169,-955,-870,2242,9879,-3297,-5601
-3749,-5198,-959,-874,2242,9879,-3311,-5633
-3766,-5227,-964,-878,2242,9879,-3326,-5665
-3784,-5256,-969,-883,2243,9879,-3343,-5695
-3802,-5285,-974,-889,2245,9879,-3359,-5725
-3822,-5314,-980,-893,2247,9879,-3375,-5758
-3841,-5344,-985,-897,2249,9879,-3391,-5791
-3859,-5374,-989,-902,2250,9878,-3409,-5822
-3877,-5404,-993,-907,2251,9878,-3424,-5853
-3896,-5434,-997,-914,2251,9878,-3437,-5886
-3916,-5465,-1001,-920,2252,9878,-3454,-5918
-3936,-5498,-1007,-926,2253,9878,-3471,-5953
-3956,-5531,-1012,-930,2255,9878,-3488,-5988
-3975,-5563,-1017,-935,2257,9878,-3504,-6024
-3994,-5596,-1022,-940,2258,9878,-3523,-6059
-4014,-5628,-1028,-945,2260,9878,-3540,-6093
-4034,-5661,-1034,-951,2261,9878,-3557,-6129
-4054,-5694,-1041,-956,2262,9878,-3574,-6165
-4076,-5727,-1046,-962,2263,9878,-3592,-6198
-4097,-5760,-1051,-968,2265,9877,-3610,-6235
-4118,-5794,-1054,-974,2266,9877,-3625,-6268
-4138,-5827,-1059,-980,2267,9877,-3643,-6305
-4159,-5861,-1064,-986,2268,9877,-3662,-6341
-4182,-5894,-1070,-991,2269,9877,-3681,-6377
-4205,-5928,-1076,-997,2271,9877,-3703,-6413
-4227,-5963,-1083,-1002,2271,9877,-3722,-6451
-4248,-5997,-1088,-1008,2273,9877,-3740,-6489
-4269,-6032,-1093,-1014,2275,9877,-3758,-6524
-4290,-6068,-1098,-1021,2277,9877,-3774,-6562
-4312,-6104,-1103,-1029,2280,9877,-3792,-6601
-4334,-6139,-1109,-1035,2281,9877,-3808,-6639
-4356,-6175,-1116,-1040,2283,9877,-3830,-6678
-4378,-6211,-1122,-1045,2284,9877,-3848,-6716
-4401,-6246,-1127,-1051,2285,9876,-3868,-6753
-4424,-6282,-1132,-1058,2287,9876,-3889,-6790
-4447,-6319,-1137,-1065,2289,9876,-3906,-6831
-4469,-6356,-1143,-1073,2292,9876,-3925,-6867
-4491,-6394,-1149,-1079,2294,9876,-3941,-6909
-4514,-6432,-1157,-1085,2295,9876,-3963,-6952
-4537,-6471,-1164,-1091,2296,9876,-3984,-6993
-4561,-6509,-1170,-1097,2297,9876,-4005,-7035
-4585,-6547,-1174,-1104,2299,9876,-4023,-7072
-4610,-6585,-1179,-1111,2302,9875,-4044,-7113
-4633,-6623,-1185,-1118,2304,9875,-4062,-7154
-4657,-6661,-1192,-1125,2305,9875,-4083,-7195
-4681,-6699,-1200,-1132,2307,9875,-4104,-7236
-4705,-6738,-1207,-1138,2309,9875,-4124,-7278
-4730,-6777,-1213,-1146,2311,9875,-4146,-7320
-4755,-6818,-1219,-1154,2314,9875,-4166,-7363
-4779,-6859,-1225,-1162,2317,9874,-4184,-7407
-4803,-6899,-1232,-1169,2319,9874,-4205,-7450
-4828,-6939,-1238,-1174,2320,9874,-4227,-7492
-4855,-6979,-1244,-1179,2320,9874,-4253,-7535
-4881,-7020,-1250,-1185,2321,9874,-4276,-7578
-4907,-7062,-1257,-1192,2323,9874,-4298,-7624
-4932,-7105,-1264,-1198,2326,9874,-4321,-7669
-4958,-7147,-1271,-1206,2328,9874,-4340,-7715
-4983,-7189,-1277,-1213,2330,9873,-4362,-7760
-5008,-7231,-1283,-1221,2331,9873,-4382,-7805
-5033,-7274,-1290,-1228,2333,9873,-4404,-7848
-5060,-7318,-1296,-1235,2336,9873,-4427,-7894
-5088,-7362,-1302,-1243,2338,9873,-4449,-7942
-5116,-7407,-1309,-1252,2340,9873,-4472,-7989
-5143,-7452,-1317,-1261,2341,9873,-4495,-8037
-5170,-7497,-1325,-1269,2343,9873,-4517,-8087
-5197,-7542,-1333,-1276,2344,9873,-4541,-8135
-5225,-7586,-1340,-1282,2346,9873,-4565,-8183
-5254,-7632,-1345,-1290,2348,9873,-4591,-8231
-5281,-7679,-1351,-1298,2350,9872,-4613,-8279
-5309,-7726,-1358,-1306,2353,9872,-4637,-8329
-5337,-7774,-1366,-1314,2355,9872,-4659,-8382
-5366,-7822,-1374,-1322,2358,9872,-4686,-8434
-5397,-7871,-1382,-1329,2360,9872,-4713,-8484
-5427,-7919,-1389,-1337,2362,9872,-4736,-8535
-5456,-7968,-1396,-1345,2364,9872,-4762,-8587
-5484,-8016,-1405,-1354,2365,9871,-4785,-8639
-5514,-8065,-1413,-1363,2367,9871,-4812,-8692
-5545,-8115,-1421,-1372,2370,9871,-4836,-8746
-5576,-8167,-1430,-1380,2372,9871,-4864,-8800
-5607,-8219,-1438,-1387,2375,9871,-4892,-8856
-5639,-8271,-1446,-1395,2377,9871,-4918,-8912
-5670,-8323,-1454,-1405,2380,9870,-4943,-8967
-5703,-8375,-1463,-1415,2382,9870,-4970,-9022
-5736,-8427,-1471,-1425,2385,9870,-4997,-9078
-5768,-8481,-1481,-1434,2387,9870,-5027,-9137
-5800,-8535,-1489,-1442,2389,9870,-5055,-9194
-5833,-8590,-1497,-1451,2392,9870,-5081,-9251
-5868,-8645,-1505,-1461,2394,9869,-5111,-9310
-5903,-8700,-1513,-1470,2396,9869,-5142,-9370
-5936,-8755,-1521,-1479,2399,9869,-5169,-9427
-5969,-8810,-1530,-1488,2401,9869,-5196,-9486
-6002,-8868,-1538,-1499,2404,9869,-5223,-9547
-6035,-8925,-1547,-1508,2406,9869,-5251,-9607
-6070,-8983,-1556,-1518,2409,9869,-5283,-9670
-6105,-9041,-1565,-1528,2411,9869,-5311,-9731
-6140,-9097,-1574,-1539,2414,9869,-5340,-9790
-6173,-9154,-1583,-1549,2417,9868,-5367,-9852
-6209,-9212,-1592,-1558,2421,9868,-5398,-9913
-6248,-9272,-1601,-1568,2424,9868,-5433,-9977
-6284,-9332,-1609,-1578,2426,9868,-5462,-10000
-6306,-9386,-1617,-1588,2428,9868,-5478,-10000
-6309,-9429,-1626,-1598,2430,9867,-5477,-10000
-6294,-9462,-1635,-1609,2433,9867,-5457,-10000
-6275,-9494,-1645,-1620,2437,9867,-5433,-10000
-6256,-9525,-1655,-1631,2440,9867,-5409,-10000
-6239,-9558,-1665,-1641,2443,9867,-5388,-10000
-6223,-9591,-1673,-1651,2446,9866,-5366,-10000
-6206,-9623,-1682,-1662,2448,9866,-5345,-10000
-6189,-9656,-1691,-1673,2450,9866,-5323,-10000
-6171,-9689,-1700,-1683,2453,9866,-5300,-10000
-6153,-9723,-1709,-1694,2457,9866,-5277,-10000
-6134,-9757,-1719,-1705,2460,9866,-5254,-10000
-6116,-9792,-1729,-1716,2462,9866,-5230,-10000
-6098,-9827,-1738,-1728,2465,9865,-5207,-10000
-6079,-9861,-1748,-1739,2468,9865,-5182,-10000
-6061,-9895,-1758,-1750,2471,9865,-5158,-10000
-6043,-9930,-1769,-1762,2474,9865,-5135,-10000
-6024,-9966,-1780,-1774,2478,9865,-5111,-10000
-6005,-10000,-1791,-1786,2481,9864,-5088,-10000
-5986,-10000,-1801,-1797,2484,9864,-5063,-10000
-5966,-10000,-1810,-1808,2487,9864,-5039,-10000
-5946,-10000,-1821,-1818,2491,9864,-5014,-10000
-5926,-10000,-1832,-1830,2494,9864,-4989,-10000
-5906,-10000,-1843,-1843,2497,9863,-4964,-10000
-5886,-10000,-1853,-1855,2499,9863,-4939,-10000
-5866,-10000,-1863,-1867,2502,9863,-4912,-10000
-5846,-10000,-1874,-1879,2505,9863,-4887,-10000
-5825,-10000,-1885,-1890,2508,9863,-4862,-10000
-5804,-10000,-1896,-1902,2512,9862,-4836,-10000
-5784,-10000,-1908,-1914,2515,9862,-4810,-10000
-5763,-10000,-1918,-1927,2518,9862,-4782,-10000
-5742,-10000,-1929,-1941,2521,9862,-4757,-10000
-5720,-10000,-1940,-1953,2525,9862,-4727,-10000
-5699,-10000,-1951,-1966,2529,9861,-4701,-10000
-5677,-10000,-1962,-1977,2533,9861,-4674,-10000
-5655,-10000,-1974,-1990,2536,9861,-4647,-10000
-5633,-10000,-1987,-2003,2539,9861,-4618,-10000
-5610,-10000,-1998,-2017,2542,9861,-4591,-10000
-5588,-10000,-2009,-2029,2546,9860,-4563,-10000
-5565,-10000,-2021,-2042,2549,9860,-4533,-10000
-5542,-10000,-2033,-2056,2553,9860,-4505,-10000
-5518,-10000,-2047,-2070,2557,9860,-4475,-10000
-5495,-10000,-2059,-2085,2562,9859,-4444,-10000
-5472,-10000,-2071,-2099,2565,9859,-4414,-10000
-5449,-10000,-2082,-2113,2569,9859,-4384,-10000
-5425,-10000,-2094,-2127,2573,9859,-4354,-10000
-5400,-10000,-2107,-2140,2578,9859,-4325,-10000
-5376,-10000,-2121,-2155,2583,9858,-4293,-10000
-5351,-10000,-2133,-2171,2588,9858,-4261,-10000
-5327,-10000,-2146,-2186,2591,9858,-4229,-10000
-5302,-10000,-2158,-2201,2594,9857,-4198,-10000
-5277,-10000,-2171,-2216,2598,9857,-4167,-10000
-5252,-10000,-2184,-2230,2602,9857,-4135,-10000
-5227,-10000,-2197,-2244,2608,9857,-4105,-10000
-5201,-10000,-2211,-2259,2612,9856,-4072,-10000
-5175,-10000,-2223,-2275,2616,9856,-4039,-10000
-5150,-10000,-2236,-2290,2619,9856,-4006,-10000
-5124,-10000,-2248,-2305,2622,9856,-3973,-10000
-5098,-10000,-2261,-2320,2627,9855,-3939,-10000
-5072,-10000,-2273,-2335,2632,9855,-3906,-10000
-5046,-10000,-2286,-2350,2637,9855,-3874,-10000
-5020,-10000,-2301,-2365,2640,9855,-3841,-10000
-4994,-10000,-2315,-2382,2643,9855,-3808,-10000
-4967,-10000,-2328,-2398,2646,9854,-3774,-10000
-4940,-10000,-2341,-2414,2651,9854,-3740,-10000
-4914,-10000,-2354,-2428,2656,9854,-3706,-10000
-4887,-10000,-2367,-2444,2662,9853,-3671,-10000
-4860,-10000,-2381,-2460,2666,9853,-3637,-10000
-4833,-10000,-2394,-2477,2669,9853,-3603,-10000
-4805,-10000,-2408,-2494,2672,9853,-3565,-10000
-4778,-10000,-2422,-2510,2676,9852,-3531,-10000
-4751,-10000,-2436,-2525,2680,9852,-3499,-10000
-4723,-10000,-2451,-2541,2685,9852,-3464,-10000
-4696,-10000,-2465,-2557,2690,9851,-3430,-10000
-4668,-10000,-2478,-2573,2695,9851,-3394,-10000
-4640,-10000,-2493,-2589,2700,9851,-3359,-10000
-4613,-10000,-2508,-2605,2705,9851,-3325,-10000
-4585,-10000,-2522,-2621,2710,9850,-3289,-10000
-4557,-10000,-2536,-2638,2714,9850,-3254,-10000
-4528,-10000,-2549,-2655,2719,9850,-3216,-10000
-4500,-10000,-2562,-2671,2724,9849,-3180,-10000
-4471,-10000,-2576,-2688,2729,9849,-3143,-10000
-4441,-10000,-2591,-2705,2734,9849,-3106,-10000
-4412,-10000,-2607,-2723,2738,9849,-3070,-10000
-4382,-10000,-2623,-2741,2741,9848,-3029,-10000
-4352,-10000,-2638,-2758,2746,9848,-2993,-10000
-4322,-10000,-2652,-2775,2751,9848,-2955,-10000
-4292,-10000,-2667,-2794,2757,9848,-2916,-10000
-4261,-10000,-2682,-2812,2761,9847,-2878,-10000
-4228,-10000,-2696,-2831,2765,9847,-2835,-10000
-4194,-10000,-2711,-2849,2770,9847,-2794,-10000
-4164,-10000,-2726,-2866,2774,9846,-2753,-10000
-4143,-10000,-2743,-2884,2779,9846,-2725,-10000
-4134,-10000,-2759,-2902,2785,9846,-2710,-10000
-4134,-10000,-2775,-2921,2791,9845,-2700,-10000
-4137,-10000,-2790,-2940,2797,9845,-2695,-10000
-4137,-10000,-2806,-2959,2803,9845,-2685,-10000
-4137,-10000,-2823,-2979,2808,9844,-2675,-10000
-4136,-10000,-2841,-2998,2812,9844,-2667,-10000
-4136,-10000,-2859,-3017,2816,9844,-2657,-10000
-4136,-10000,-2875,-3036,2822,9844,-2650,-10000
-4136,-10000,-2890,-3056,2828,9843,-2640,-10000
-4136,-10000,-2906,-3076,2835,9843,-2630,-10000
-4136,-10000,-2922,-3097,2841,9842,-2620,-10000
-4136,-10000,-2940,-3117,2847,9842,-2611,-10000
-4136,-10000,-2957,-3136,2851,9842,-2603,-10000
-4136,-10000,-2974,-3156,2856,9841,-2594,-10000
-4136,-10000,-2991,-3176,2862,9841,-2584,-10000
-4136,-10000,-3008,-3196,2869,9840,-2574,-10000
-4136,-10000,-3025,-3216,2875,9840,-2564,-10000
-4136,-10000,-3042,-3238,2880,9840,-2555,-10000
-4136,-10000,-3059,-3259,2885,9840,-2545,-10000
-4136,-10000,-3076,-3280,2890,9839,-2535,-10000
-4136,-10000,-3094,-3302,2896,9839,-2525,-10000
-4136,-10000,-3112,-3323,2902,9839,-2515,-10000
-4136,-10000,-3131,-3344,2908,9838,-2506,-10000
-4136,-10000,-3149,-3365,2913,9838,-2496,-10000
-4136,-10000,-3167,-3386,2919,9837,-2486,-10000
-4136,-10000,-3186,-3407,2924,9837,-2476,-10000
-4136,-10000,-3204,-3428,2929,9837,-2467,-10000
-4136,-10000,-3222,-3449,2934,9837,-2459,-10000
-4136,-10000,-3240,-3470,2940,9836,-2447,-10000
-4136,-10000,-3257,-3492,2947,9836,-2437,-10000
-4136,-10000,-3276,-3515,2953,9835,-2428,-10000
-4136,-10000,-3295,-3538,2960,9835,-2415,-10000
-4136,-10000,-3314,-3560,2967,9835,-2406,-10000
-4136,-10000,-3333,-3582,2973,9834,-2396,-10000
-4136,-10000,-3352,-3604,2978,9834,-2386,-10000
-4136,-10000,-3372,-3627,2983,9834,-2376,-10000
-4136,-10000,-3392,-3651,2988,9833,-2364,-10000
-4136,-10000,-3412,-3676,2996,9833,-2352,-10000
-4136,-10000,-3432,-3700,3004,9832,-2342,-10000
-4136,-10000,-3452,-3725,3011,9832,-2330,-10000
-4136,-10000,-3471,-3748,3017,9832,-2318,-10000
-4136,-10000,-3491,-3772,3022,9831,-2308,-10000
-4136,-10000,-3512,-3796,3028,9831,-2296,-10000
-4136,-10000,-3534,-3820,3036,9830,-2286,-10000
-4136,-10000,-3556,-3845,3044,9830,-2274,-10000
-4136,-10000,-3578,-3870,3051,9830,-2264,-10000
-4136,-10000,-3599,-3896,3057,9829,-2252,-10000
-4136,-10000,-3619,-3922,3064,9829,-2240,-10000
-4136,-10000,-3641,-3947,3071,9828,-2227,-10000
-4136,-10000,-3664,-3972,3079,9828,-2215,-10000
-4136,-10000,-3686,-3998,3086,9827,-2205,-10000
-4136,-10000,-3708,-4025,3093,9827,-2191,-10000
-4136,-10000,-3729,-4052,3100,9826,-2179,-10000
-4136,-10000,-3751,-4079,3108,9826,-2166,-10000
-4136,-10000,-3774,-4105,3116,9826,-2154,-10000
-4136,-10000,-3798,-4134,3124,9825,-2142,-10000
-4136,-10000,-3823,-4162,3132,9825,-2127,-10000
-4136,-10000,-3847,-4189,3140,9824,-2115,-10000
-4136,-10000,-3871,-4217,3147,9824,-2103,-10000
-4136,-10000,-3895,-4246,3155,9823,-2091,-10000
-4136,-10000,-3918,-4275,3163,9822,-2076,-10000
-4136,-10000,-3942,-4303,3171,9822,-2064,-10000
-4136,-10000,-3966,-4333,3179,9822,-2049,-10000
-4136,-10000,-3990,-4362,3186,9821,-2034,-10000
-4136,-10000,-4015,-4391,3193,9821,-2022,-10000
-4136,-10000,-4040,-4420,3200,9820,-2008,-10000
-4136,-10000,-4065,-4451,3208,9820,-1993,-10000
-4136,-10000,-4089,-4483,3216,9819,-1978,-10000
-4136,-10000,-4113,-4514,3225,9819,-1964,-10000
-4136,-10000,-4137,-4545,3233,9818,-1949,-10000
-4136,-10000,-4162,-4575,3241,9818,-1934,-10000
-4136,-10000,-4188,-4606,3249,9817,-1920,-10000
-4136,-10000,-4214,-4637,3257,9817,-1905,-10000
-4136,-10000,-4241,-4669,3266,9816,-1890,-10000
-4136,-10000,-4267,-4699,3274,9816,-1876,-10000
-4136,-10000,-4293,-4730,3283,9815,-1864,-10000
-4136,-10000,-4319,-4761,3292,9815,-1849,-10000
-4136,-10000,-4345,-4795,3299,9814,-1832,-10000
-4136,-10000,-4371,-4828,3307,9814,-1817,-10000
-4136,-10000,-4397,-4861,3315,9813,-1800,-10000
-4136,-10000,-4423,-4893,3324,9813,-1785,-10000
-4136,-10000,-4451,-4925,3333,9812,-1771,-10000
-4136,-10000,-4478,-4957,3342,9812,-1756,-10000
-4136,-10000,-4506,-4989,3350,9811,-1741,-10000
-4136,-10000,-4534,-5022,3358,9811,-1727,-10000
-4136,-10000,-4562,-5057,3366,9810,-1710,-10000
-4136,-10000,-4589,-5091,3375,9810,-1693,-10000
-4136,-10000,-4616,-5125,3384,9809,-1678,-10000
-4136,-10000,-4644,-5159,3393,9808,-1661,-10000
-4136,-10000,-4674,-5192,3402,9808,-1646,-10000
-4136,-10000,-4703,-5227,3411,9808,-1632,-10000
-4136,-10000,-4731,-5262,3421,9807,-1615,-10000
-4136,-10000,-4759,-5296,3429,9806,-1597,-10000
-4136,-10000,-4787,-5331,3437,9806,-1580,-10000
-4136,-10000,-4816,-5366,3446,9805,-1566,-10000
-4136,-10000,-4845,-5402,3455,9805,-1549,-10000
-4136,-10000,-4875,-5438,3465,9804,-1532,-10000
-4136,-10000,-4905,-5474,3475,9804,-1514,-10000
-4136,-10000,-4935,-5510,3485,9803,-1497,-10000
-4136,-10000,-4966,-5547,3494,9802,-1480,-10000
-4136,-10000,-4997,-5585,3504,9802,-1463,-10000
-4136,-10000,-5028,-5623,3514,9801,-1444,-10000
-4136,-10000,-5058,-5660,3523,9801,-1427,-10000
-4136,-10000,-5088,-5697,3533,9800,-1409,-10000
-4136,-10000,-5118,-5734,3543,9799,-1392,-10000
-4136,-10000,-5150,-5773,3553,9799,-1375,-10000
-4136,-10000,-5183,-5812,3562,9798,-1356,-10000
-4136,-10000,-5216,-5851,3572,9797,-1336,-10000
-4136,-10000,-5247,-5890,3582,9797,-1319,-10000
-4136,-10000,-5278,-5927,3592,9796,-1302,-10000
-4136,-10000,-5311,-5966,3603,9796,-1285,-10000
-4136,-10000,-5343,-6006,3613,9795,-1265,-10000
-4136,-10000,-5375,-6047,3624,9794,-1246,-10000
-4136,-10000,-5407,-6088,3635,9794,-1226,-10000
-4136,-10000,-5439,-6129,3645,9793,-1207,-10000
-4136,-10000,-5472,-6169,3655,9793,-1187,-10000
-4136,-10000,-5505,-6210,3665,9792,-1168,-10000
-4136,-10000,-5539,-6252,3675,9791,-1148,-10000
-4136,-10000,-5572,-6293,3684,9791,-1129,-10000
-4136,-10000,-5607,-6334,3694,9790,-1109,-10000
-4136,-10000,-5642,-6375,3704,9790,-1090,-10000
-4136,-10000,-5676,-6417,3713,9789,-1070,-10000
-4136,-10000,-5710,-6459,3723,9788,-1051,-10000
-4136,-10000,-5744,-6502,3733,9788,-1031,-10000
-4136,-10000,-5778,-6544,3743,9787,-1009,-10000
-4136,-10000,-5813,-6587,3752,9786,-990,-10000
-4136,-10000,-5848,-6630,3762,9786,-970,-10000
-4136,-10000,-5884,-6673,3772,9785,-950,-10000
-4136,-10000,-5920,-6717,3782,9785,-931,-10000
-4136,-10000,-5956,-6761,3791,9784,-909,-10000
-4136,-10000,-5993,-6805,3801,9784,-889,-10000
-4136,-10000,-6028,-6848,3811,9783,-867,-10000
-4136,-10000,-6064,-6891,3821,9783,-848,-10000
-4136,-10000,-6100,-6936,3832,9782,-826,-10000
-4136,-10000,-6136,-6982,3842,9781,-804,-10000
-4136,-10000,-6173,-7027,3852,9780,-784,-10000
-4136,-10000,-6210,-7071,3862,9780,-762,-10000
-4136,-10000,-6247,-7115,3871,9779,-743,-10000
-4136,-10000,-6284,-7160,3880,9779,-721,-10000
-4136,-10000,-6322,-7205,3889,9778,-701,-10000
-4136,-10000,-6361,-7251,3900,9778,-679,-10000
-4136,-10000,-6398,-7296,3912,9777,-657,-10000
-4136,-10000,-6434,-7341,3921,9776,-638,-10000
-4136,-10000,-6471,-7387,3929,9776,-616,-10000
-4136,-10000,-6510,-7434,3938,9775,-594,-10000
-4136,-10000,-6550,-7481,3948,9775,-572,-10000
-4136,-10000,-6584,-7524,3960,9774,-552,-10000
-4136,-10000,-6605,-7553,3972,9773,-535,-10000
-4136,-10000,-6609,-7569,3982,9772,-528,-10000
-4136,-10000,-6602,-7574,3990,9772,-521,-10000
-4136,-10000,-6594,-7578,3997,9772,-516,-10000
-4136,-10000,-6588,-7583,4005,9771,-511,-10000
-4136,-10000,-6584,-7590,4015,9771,-504,-10000
-4136,-10000,-6579,-7596,4025,9770,-499,-10000
-4136,-10000,-6573,-7603,4035,9769,-491,-10000
-4136,-10000,-6568,-7608,4045,9769,-487,-10000
-4136,-10000,-6563,-7614,4053,9768,-482,-10000
-4136,-10000,-6558,-7619,4061,9768,-477,-10000
-4136,-10000,-6553,-7624,4069,9767,-472,-10000
-4136,-10000,-6548,-7630,4077,9767,-465,-10000
-4136,-10000,-6542,-7636,4085,9766,-460,-10000
-4136,-10000,-6537,-7642,4094,9766,-455,-10000
-4136,-10000,-6531,-7648,4103,9765,-448,-10000
-4136,-10000,-6525,-7654,4112,9765,-443,-10000
-4136,-10000,-6520,-7660,4119,9764,-435,-10000
-4136,-10000,-6515,-7665,4127,9764,-430,-10000
-4136,-10000,-6510,-7670,4134,9763,-426,-10000
-4136,-10000,-6505,-7676,4142,9763,-421,-10000
-4136,-10000,-6499,-7682,4150,9762,-413,-10000
-4136,-10000,-6492,-7689,4159,9762,-406,-10000
-4136,-10000,-6486,-7696,4166,9761,-401,-10000
-4136,-10000,-6481,-7701,4175,9761,-396,-10000
-4136,-10000,-6476,-7706,4183,9760,-389,-10000
-4136,-10000,-6471,-7712,4190,9760,-384,-10000
-4136,-10000,-6466,-7718,4196,9759,-379,-10000
-4136,-10000,-6460,-7724,4202,9759,-372,-10000
-4136,-10000,-6454,-7730,4209,9759,-367,-10000
-4136,-10000,-6449,-7736,4217,9758,-362,-10000
-4136,-10000,-6443,-7741,4224,9758,-355,-10000
-4136,-10000,-6438,-7748,4230,9757,-350,-10000
-4136,-10000,-6432,-7754,4235,9757,-343,-10000
-4136,-10000,-6427,-7760,4241,9757,-338,-10000
-4136,-10000,-6422,-7765,4248,9756,-333,-10000
-4136,-10000,-6416,-7771,4254,9756,-325,-10000
-4136,-10000,-6411,-7776,4260,9756,-321,-10000
-4136,-10000,-6406,-7782,4264,9755,-316,-10000
-4136,-10000,-6400,-7788,4269,9755,-308,-10000
-4136,-10000,-6395,-7794,4274,9755,-303,-10000
-4136,-10000,-6389,-7800,4279,9754,-299,-10000
-4136,-10000,-6383,-7806,4283,9754,-291,-10000
-4136,-10000,-6378,-7811,4287,9754,-286,-10000
-4136,-10000,-6373,-7817,4290,9754,-281,-10000
-4136,-10000,-6368,-7823,4293,9754,-274,-10000
-4136,-10000,-6362,-7829,4297,9753,-269,-10000
-4136,-10000,-6357,-7834,4300,9753,-264,-10000
-4136,-10000,-6352,-7839,4302,9753,-260,-10000
-4136,-10000,-6348,-7844,4304,9753,-255,-10000
-4136,-10000,-6343,-7849,4307,9753,-250,-10000
-4136,-10000,-6337,-7856,4310,9753,-242,-10000
-4136,-10000,-6331,-7862,4312,9752,-238,-10000
-4136,-10000,-6327,-7867,4313,9752,-233,-10000
-4136,-10000,-6323,-7871,4313,9752,-228,-10000
-4136,-10000,-6319,-7875,4313,9752,-223,-10000
-4136,-10000,-6315,-7879,4314,9752,-220,-10000
-4136,-10000,-6310,-7885,4316,9752,-213,-10000
-4136,-10000,-6305,-7890,4318,9752,-208,-10000
-4136,-10000,-6300,-7895,4318,9752,-203,-10000
-4136,-10000,-6296,-7900,4318,9752,-198,-10000
-4136,-10000,-6291,-7905,4318,9752,-194,-10000
-4136,-10000,-6287,-7909,4316,9752,-189,-10000
-4136,-10000,-6283,-7914,4315,9752,-186,-10000
-4136,-10000,-6278,-7919,4313,9752,-179,-10000
-4136,-10000,-6273,-7924,4313,9752,-177,-10000
-4136,-10000,-6269,-7929,4313,9752,-172,-10000
-4136,-10000,-6266,-7932,4313,9752,-167,-10000
-4136,-10000,-6263,-7936,4313,9752,-164,-10000
-4136,-10000,-6258,-7940,4313,9752,-159,-10000
-4136,-10000,-6254,-7945,4313,9752,-155,-10000
-4136,-10000,-6249,-7950,4311,9752,-150,-10000
-4136,-10000,-6245,-7954,4310,9753,-145,-10000
-4136,-10000,-6242,-7957,4308,9753,-142,-10000
-4136,-10000,-6239,-7961,4307,9753,-140,-10000
-4136,-10000,-6236,-7964,4308,9753,-135,-10000
-4136,-10000,-6233,-7968,4308,9753,-133,-10000
-4136,-10000,-6229,-7971,4309,9753,-128,-10000
-4136,-10000,-6226,-7975,4308,9753,-125,-10000
-4136,-10000,-6223,-7978,4307,9753,-123,-10000
-4136,-10000,-6219,-7982,4304,9753,-118,-10000
-4136,-10000,-6216,-7986,4303,9753,-115,-10000
-4136,-10000,-6213,-7989,4303,9753,-111,-10000
-4136,-10000,-6209,-7993,4303,9753,-108,-10000
-4136,-10000,-6205,-7997,4302,9753,-103,-10000
-4136,-10000,-6203,-8000,4300,9753,-101,-10000
-4136,-10000,-6200,-8002,4299,9753,-98,-10000
-4136,-10000,-6198,-8005,4298,9753,-96,-10000
-4136,-10000,-6196,-8007,4298,9753,-93,-10000
-4136,-10000,-6193,-8011,4297,9753,-91,-10000
-4136,-10000,-6190,-8014,4297,9753,-86,-10000
-4136,-10000,-6187,-8016,4295,9754,-84,-10000
-4136,-10000,-6185,-8019,4294,9754,-81,-10000
-4136,-10000,-6183,-8022,4294,9754,-79,-10000
-4136,-10000,-6179,-8025,4293,9754,-76,-10000
-4136,-10000,-6177,-8027,4293,9753,-74,-10000
-4136,-10000,-6175,-8030,4292,9752,-72,-10000
-4136,-10000,-6173,-8031,4290,9752,-69,-10000
-4136,-10000,-6172,-8033,4287,9754,-69,-10000
-4136,-10000,-6170,-8035,4285,9756,-67,-10000
-4136,-10000,-6169,-8037,4283,9751,-64,-10000
-4136,-10000,-6167,-8038,4282,9731,-62,-10000
-4136,-10000,-6165,-8040,4278,9693,-62,-10000
-4136,-10000,-6164,-8042,4274,9645,-59,-10000
-4136,-10000,-6162,-8044,4269,9596,-57,-10000
-4136,-10000,-6160,-8045,4264,9551,-54,-10000
-4136,-10000,-6159,-8046,4259,9509,-54,-10000
-4136,-10000,-6159,-8046,4253,9466,-54,-10000
-4136,-10000,-6159,-8046,4248,9423,-54,-10000
-4136,-10000,-6159,-8046,4244,9379,-54,-10000
-4136,-10000,-6159,-8046,4240,9335,-54,-10000
-4136,-10000,-6159,-8046,4235,9290,-54,-10000
-4136,-10000,-6159,-8046,4229,9246,-54,-10000
-4136,-10000,-6159,-8046,4224,9204,-54,-10000
-4136,-10000,-6159,-8046,4219,9161,-54,-10000
-4136,-10000,-6159,-8046,4215,9117,-54,-10000
-4136,-10000,-6159,-8046,4211,9069,-54,-10000
-4136,-10000,-6160,-8045,4206,9021,-54,-10000
-4136,-10000,-6161,-8044,4201,8976,-57,-10000
-4136,-10000,-6163,-8043,4194,8933,-59,-10000
-4136,-10000,-6164,-8041,4188,8889,-59,-10000
-4136,-10000,-6165,-8040,4182,8844,-62,-10000
-4136,-10000,-6167,-8038,4176,8799,-62,-10000
-4136,-10000,-6169,-8037,4170,8752,-64,-10000
-4136,-10000,-6170,-8035,4164,8704,-67,-10000
-4136,-10000,-6172,-8033,4159,8656,-67,-10000
-4136,-10000,-6174,-8031,4154,8609,-69,-10000
-4136,-10000,-6176,-8028,4147,8562,-72,-10000
-4136,-10000,-6178,-8026,4140,8515,-74,-10000
-4136,-10000,-6180,-8024,4133,8470,-76,-10000
-4136,-10000,-6183,-8021,4127,8425,-79,-10000
-4136,-10000,-6186,-8018,4121,8380,-84,-10000
-4136,-10000,-6189,-8014,4114,8333,-86,-10000
-4136,-10000,-6193,-8011,4106,8286,-91,-10000
-4136,-10000,-6196,-8007,4100,8239,-93,-10000
-4136,-10000,-6199,-8004,4094,8192,-96,-10000
-4136,-10000,-6203,-8000,4087,8148,-101,-10000
-4136,-10000,-6207,-7995,4080,8104,-106,-10000
-4136,-10000,-6212,-7990,4073,8059,-111,-10000
-4136,-10000,-6216,-7986,4066,8010,-115,-10000
-4136,-10000,-6219,-7982,4060,7960,-118,-10000
-4136,-10000,-6223,-7978,4053,7909,-123,-10000
-4136,-10000,-6228,-7972,4046,7860,-128,-10000
-4136,-10000,-6233,-7967,4038,7813,-133,-10000
-4136,-10000,-6238,-7962,4030,7767,-137,-10000
-4136,-10000,-6244,-7956,4022,7721,-145,-10000
-4136,-10000,-6249,-7950,4015,7674,-150,-10000
-4136,-10000,-6256,-7943,4007,7624,-157,-10000
-4136,-10000,-6263,-7936,3999,7574,-164,-10000
-4136,-10000,-6268,-7929,3991,7526,-169,-10000
-4136,-10000,-6273,-7924,3982,7481,-177,-10000
-4136,-10000,-6279,-7918,3972,7436,-181,-10000
-4136,-10000,-6285,-7911,3963,7390,-189,-10000
-4136,-10000,-6292,-7903,3955,7342,-196,-10000
-4136,-10000,-6300,-7895,3947,7295,-203,-10000
-4136,-10000,-6308,-7887,3938,7251,-211,-10000
-4136,-10000,-6316,-7879,3929,7206,-220,-10000
-4136,-10000,-6324,-7870,3919,7158,-228,-10000
-4136,-10000,-6331,-7862,3911,7108,-238,-10000
-4136,-10000,-6340,-7853,3903,7059,-245,-10000
-4136,-10000,-6348,-7844,3895,7014,-255,-10000
-4136,-10000,-6357,-7835,3885,6973,-264,-10000
-4136,-10000,-6365,-7826,3875,6931,-272,-10000
-4136,-10000,-6374,-7817,3865,6887,-281,-10000
-4136,-10000,-6382,-7807,3856,6841,-291,-10000
-4136,-10000,-6391,-7798,3847,6797,-301,-10000
-4136,-10000,-6400,-7788,3838,6755,-308,-10000
-4136,-10000,-6409,-7778,3829,6713,-318,-10000
-4136,-10000,-6419,-7768,3819,6669,-330,-10000
-4136,-10000,-6429,-7757,3808,6622,-340,-10000
-4136,-10000,-6439,-7747,3798,6575,-350,-10000
-4136,-10000,-6449,-7736,3788,6531,-362,-10000
-4136,-10000,-6460,-7724,3779,6492,-372,-10000
-4136,-10000,-6471,-7712,3770,6453,-384,-10000
-4136,-10000,-6482,-7700,3760,6413,-396,-10000
-4136,-10000,-6493,-7689,3751,6371,-406,-10000
-4136,-10000,-6503,-7678,3741,6328,-418,-10000
-4136,-10000,-6514,-7665,3732,6285,-430,-10000
-4136,-10000,-6526,-7653,3722,6244,-443,-10000
-4136,-10000,-6538,-7640,3711,6203,-455,-10000
-4136,-10000,-6550,-7628,3700,6164,-467,-10000
-4136,-10000,-6561,-7615,3690,6124,-479,-10000
-4136,-10000,-6573,-7603,3679,6083,-491,-10000
-4136,-10000,-6585,-7589,3669,6042,-506,-10000
-4136,-10000,-6599,-7575,3657,6000,-518,-10000
-4136,-10000,-6612,-7561,3646,5957,-533,-10000
-4136,-10000,-6626,-7546,3635,5913,-548,-10000
-4136,-10000,-6639,-7532,3624,5870,-562,-10000
-4136,-10000,-6652,-7518,3613,5828,-577,-10000
-4136,-10000,-6666,-7503,3601,5787,-589,-10000
-4136,-10000,-6680,-7488,3588,5745,-606,-10000
-4136,-10000,-6694,-7473,3576,5703,-621,-10000
-4136,-10000,-6709,-7457,3565,5663,-636,-10000
-4136,-10000,-6723,-7442,3555,5624,-650,-10000
-4136,-10000,-6737,-7426,3543,5583,-665,-10000
-4136,-10000,-6753,-7410,3531,5541,-682,-10000
-4136,-10000,-6769,-7393,3518,5498,-699,-10000
-4136,-10000,-6785,-7375,3505,5455,-716,-10000
-4136,-10000,-6801,-7358,3491,5412,-733,-10000
-4136,-10000,-6816,-7342,3478,5370,-750,-10000
-4136,-10000,-6832,-7325,3465,5328,-765,-10000
-4136,-10000,-6848,-7307,3453,5287,-784,-10000
-4136,-10000,-6866,-7288,3441,5246,-802,-10000
-4136,-10000,-6884,-7269,3428,5206,-821,-10000
-4136,-10000,-6902,-7250,3415,5165,-841,-10000
-4136,-10000,-6918,-7232,3400,5124,-858,-10000
-4136,-10000,-6935,-7214,3387,5084,-875,-10000
-4136,-10000,-6953,-7196,3374,5045,-894,-10000
-4136,-10000,-6971,-7175,3361,5005,-914,-10000
-4136,-10000,-6991,-7155,3347,4965,-933,-10000
-4136,-10000,-7009,-7135,3333,4925,-953,-10000
-4136,-10000,-7028,-7115,3319,4884,-972,-10000
-4136,-10000,-7046,-7095,3305,4845,-992,-10000
-4136,-10000,-7065,-7076,3290,4806,-1011,-10000
-4136,-10000,-7084,-7055,3276,4768,-1033,-10000
-4136,-10000,-7102,-7035,3261,4730,-1053,-10000
-4136,-10000,-7122,-7014,3246,4692,-1073,-10000
-4136,-10000,-7141,-6993,3232,4654,-1095,-10000
-4136,-10000,-7162,-6971,3217,4615,-1114,-10000
-4136,-10000,-7181,-6950,3203,4578,-1136,-10000
-4136,-10000,-7201,-6929,3188,4541,-1156,-10000
-4136,-10000,-7221,-6908,3174,4504,-1178,-10000
-4136,-10000,-7242,-6886,3158,4468,-1199,-10000
-4136,-10000,-7263,-6863,3143,4431,-1221,-10000
-4136,-10000,-7284,-6841,3128,4394,-1243,-10000
-4136,-10000,-7304,-6818,3114,4357,-1265,-10000
-4136,-10000,-7325,-6796,3099,4321,-1287,-10000
-4136,-10000,-7346,-6774,3083,4286,-1309,-10000
-4136,-10000,-7367,-6751,3068,4251,-1331,-10000
-4136,-10000,-7389,-6728,3053,4217,-1356,-10000
-4136,-10000,-7410,-6705,3039,4181,-1378,-10000
-4136,-10000,-7432,-6682,3025,4146,-1400,-10000
-4136,-10000,-7454,-6658,3009,4111,-1424,-10000
-4136,-10000,-7475,-6635,2993,4077,-1446,-10000
-4136,-10000,-7497,-6612,2977,4043,-1468,-10000
-4136,-10000,-7519,-6588,2962,4010,-1492,-10000
-4136,-10000,-7541,-6565,2947,3977,-1514,-10000
-4136,-10000,-7564,-6541,2932,3943,-1539,-10000
-4136,-10000,-7586,-6516,2918,3910,-1563,-10000
-4136,-10000,-7609,-6491,2902,3877,-1588,-10000
-4136,-10000,-7632,-6467,2885,3844,-1612,-10000
-4136,-10000,-7654,-6443,2869,3812,-1637,-10000
-4136,-10000,-7677,-6419,2852,3780,-1658,-10000
-4136,-10000,-7699,-6395,2837,3749,-1683,-10000
-4136,-10000,-7722,-6370,2822,3717,-1707,-10000
-4136,-10000,-7745,-6346,2807,3686,-1732,-10000
-4136,-10000,-7768,-6322,2791,3653,-1756,-10000
-4136,-10000,-7791,-6297,2774,3622,-1781,-10000
-4136,-10000,-7814,-6272,2757,3591,-1805,-10000
-4136,-10000,-7837,-6247,2741,3560,-1829,-10000
-4136,-10000,-7861,-6222,2724,3530,-1854,-10000
-4136,-10000,-7885,-6196,2708,3501,-1878,-10000
-4136,-10000,-7908,-6171,2691,3471,-1905,-10000
-4136,-10000,-7932,-6145,2675,3441,-1929,-10000
-4136,-10000,-7957,-6119,2658,3411,-1956,-10000
-4136,-10000,-7980,-6094,2642,3381,-1981,-10000
-4136,-10000,-8004,-6069,2625,3351,-2005,-10000
-4136,-10000,-8027,-6043,2609,3322,-2030,-10000
-4136,-10000,-8051,-6017,2593,3294,-2056,-10000
-4136,-10000,-8076,-5991,2576,3267,-2081,-10000
-4136,-10000,-8100,-5965,2560,3239,-2108,-10000
-4136,-10000,-8124,-5940,2544,3212,-2132,-10000
-4136,-10000,-8147,-5915,2527,3184,-2157,-10000
-4136,-10000,-8170,-5890,2511,3157,-2181,-10000
-4136,-10000,-8194,-5865,2494,3130,-2205,-10000
-4136,-10000,-8218,-5839,2478,3104,-2232,-10000
-4136,-10000,-8242,-5813,2462,3078,-2257,-10000
-4136,-10000,-8266,-5787,2446,3052,-2284,-10000
-4136,-10000,-8289,-5763,2429,3027,-2308,-10000
-4136,-10000,-8312,-5737,2413,3002,-2332,-10000
-4136,-10000,-8337,-5712,2397,2976,-2357,-10000
-4136,-10000,-8360,-5686,2381,2952,-2381,-10000
-4136,-10000,-8384,-5661,2365,2929,-2408,-10000
-4136,-10000,-8407,-5636,2349,2906,-2432,-10000
-4136,-10000,-8430,-5611,2333,2883,-2457,-10000
-4136,-10000,-8453,-5587,2316,2859,-2481,-10000
-4136,-10000,-8475,-5563,2300,2835,-2503,-10000
-4136,-10000,-8497,-5539,2284,2812,-2528,-10000
-4136,-10000,-8520,-5515,2268,2789,-2552,-10000
-4136,-10000,-8543,-5490,2252,2767,-2576,-10000
-4136,-10000,-8566,-5465,2236,2744,-2601,-10000
-4136,-10000,-8589,-5441,2220,2721,-2625,-10000
-4136,-10000,-8612,-5417,2204,2700,-2647,-10000
-4136,-10000,-8634,-5392,2188,2679,-2672,-10000
-4136,-10000,-8657,-5367,2172,2658,-2696,-10000
-4136,-10000,-8680,-5343,2158,2637,-2721,-10000
-4136,-10000,-8702,-5320,2142,2616,-2743,-10000
-4136,-10000,-8724,-5296,2126,2595,-2767,-10000
-4136,-10000,-8746,-5272,2109,2574,-2791,-10000
-4136,-10000,-8769,-5247,2092,2553,-2816,-10000
-4136,-10000,-8792,-5223,2076,2533,-2838,-10000
-4136,-10000,-8814,-5200,2060,2513,-2862,-10000
-4136,-10000,-8836,-5176,2045,2493,-2887,-10000
-4136,-10000,-8858,-5152,2029,2473,-2909,-10000
-4136,-10000,-8880,-5128,2013,2452,-2933,-10000
-4136,-10000,-8903,-5104,1997,2432,-2957,-10000
-4136,-10000,-8925,-5081,1981,2412,-2979,-10000
-4136,-10000,-8947,-5057,1966,2393,-3004,-10000
-4136,-10000,-8969,-5034,1950,2374,-3026,-10000
-4136,-10000,-8990,-5010,1933,2356,-3048,-10000
-4136,-10000,-9013,-4987,1916,2338,-3072,-10000
-4136,-10000,-9035,-4963,1898,2319,-3097,-10000
-4136,-10000,-9057,-4939,1881,2301,-3118,-10000
-4136,-10000,-9078,-4916,1865,2282,-3143,-10000
-4136,-10000,-9100,-4893,1850,2265,-3165,-10000
-4136,-10000,-9122,-4870,1835,2248,-3187,-10000
-4136,-10000,-9143,-4846,1818,2231,-3211,-10000
-4136,-10000,-9165,-4823,1801,2213,-3233,-10000
-4136,-10000,-9186,-4801,1784,2196,-3255,-10000
-4136,-10000,-9207,-4778,1767,2179,-3277,-10000
-4136,-10000,-9228,-4756,1750,2161,-3299,-10000
-4136,-10000,-9249,-4733,1733,2143,-3321,-10000
-4136,-10000,-9270,-4710,1716,2127,-3346,-10000
-4136,-10000,-9291,-4688,1699,2111,-3368,-10000
-4136,-10000,-9312,-4665,1683,2096,-3389,-10000
-4136,-10000,-9333,-4643,1667,2081,-3411,-10000
-4136,-10000,-9353,-4621,1651,2064,-3433,-10000
-4136,-10000,-9374,-4599,1635,2048,-3455,-10000
-4136,-10000,-9395,-4577,1617,2033,-3477,-10000
-4136,-10000,-9415,-4555,1600,2018,-3497,-10000
-4136,-10000,-9435,-4533,1583,2002,-3519,-10000
-4136,-10000,-9455,-4512,1568,1987,-3541,-10000
-4136,-10000,-9475,-4490,1551,1973,-3563,-10000
-4136,-10000,-9495,-4469,1535,1960,-3582,-10000
-4136,-10000,-9514,-4448,1518,1946,-3602,-10000
-4136,-10000,-9533,-4429,1502,1933,-3621,-10000
-4136,-10000,-9551,-4409,1486,1919,-3641,-10000
-4136,-10000,-9569,-4390,1470,1905,-3661,-10000
-4136,-10000,-9588,-4370,1455,1891,-3680,-10000
-4136,-10000,-9606,-4350,1440,1878,-3700,-10000
-4136,-10000,-9624,-4331,1424,1865,-3719,-10000
-4136,-10000,-9642,-4312,1409,1853,-3739,-10000
-4136,-10000,-9659,-4294,1394,1841,-3756,-10000
-4136,-10000,-9675,-4276,1378,1829,-3773,-10000
-4136,-10000,-9692,-4258,1362,1817,-3790,-10000
-4136,-10000,-9709,-4240,1347,1807,-3809,-10000
-4136,-10000,-9725,-4223,1332,1796,-3827,-10000
-4136,-10000,-9741,-4206,1318,1786,-3844,-10000
-4136,-10000,-9756,-4189,1304,1775,-3858,-10000
-4136,-10000,-9771,-4173,1289,1763,-3875,-10000
-4136,-10000,-9786,-4157,1274,1752,-3890,-10000
-4136,-10000,-9801,-4142,1260,1742,-3905,-10000
-4136,-10000,-9815,-4126,1246,1732,-3922,-10000
-4136,-10000,-9830,-4111,1233,1723,-3936,-10000
-4136,-10000,-9844,-4095,1219,1713,-3951,-10000
-4136,-10000,-9858,-4080,1204,1703,-3966,-10000
-4136,-10000,-9871,-4066,1190,1694,-3980,-10000
-4136,-10000,-9883,-4053,1177,1684,-3993,-10000
-4136,-10000,-9895,-4041,1163,1674,-4005,-10000
-4136,-10000,-9907,-4028,1148,1666,-4017,-10000
-4136,-10000,-9919,-4014,1134,1657,-4032,-10000
-4136,-10000,-9931,-4001,1121,1648,-4044,-10000
-4136,-10000,-9944,-3988,1106,1638,-4056,-10000
-4136,-10000,-9956,-3975,1092,1630,-4071,-10000
-4136,-10000,-9967,-3963,1078,1622,-4083,-10000
-4136,-10000,-9978,-3951,1065,1616,-4093,-10000
-4136,-10000,-9989,-3940,1053,1608,-4105,-10000
-4136,-10000,-9999,-3929,1040,1599,-4115,-10000
-4136,-10000,-10000,-3918,1026,1590,-4124,-10000
-4136,-10000,-10000,-3907,1012,1582,-4132,-10000
-4136,-10000,-10000,-3897,999,1576,-4139,-10000
-4136,-10000,-10000,-3887,985,1569,-4146,-10000
-4136,-10000,-10000,-3876,972,1563,-4154,-10000
-4136,-10000,-10000,-3866,959,1555,-4161,-10000
-4136,-10000,-10000,-3854,946,1547,-4168,-10000
-4136,-10000,-10000,-3844,934,1540,-4176,-10000
-4136,-10000,-10000,-3836,921,1534,-4181,-10000
-4136,-10000,-10000,-3833,908,1529,-4183,-10000
-4136,-10000,-10000,-3825,896,1523,-4190,-10000
-4136,-10000,-10000,-3801,883,1517,-4207,-10000
-4136,-10000,-10000,-3751,870,1510,-4242,-10000
-4136,-10000,-9996,-3681,858,1504,-4290,-10000
-4136,-10000,-9925,-3601,845,1498,-4327,-10000
-4136,-10000,-9855,-3523,833,1492,-4361,-10000
-4136,-10000,-9790,-3449,820,1487,-4395,-10000
-4136,-10000,-9726,-3376,808,1481,-4427,-10000
-4138,-10000,-9661,-3303,795,1476,-4463,-10000
-4140,-10000,-9594,-3231,784,1471,-4497,-10000
-4138,-10000,-9528,-3160,772,1466,-4525,-10000
-4133,-10000,-9463,-3088,761,1461,-4550,-10000
-4133,-10000,-9399,-3017,749,1456,-4582,-10000
-4151,-10000,-9334,-2945,737,1451,-4632,-10000
-4203,-10000,-9268,-2875,725,1447,-4716,-10000
-4284,-10000,-9201,-2806,714,1443,-4828,-10000
-4378,-10000,-9135,-2738,703,1439,-4950,-10000
-4470,-10000,-9070,-2671,692,1434,-5072,-10000
-4557,-10000,-9005,-2603,680,1430,-5185,-10000
-4643,-10000,-8941,-2537,668,1426,-5300,-10000
-4729,-10000,-8876,-2470,658,1421,-5416,-10000
-4815,-10000,-8812,-2405,649,1418,-5528,-10000
-4899,-10000,-8748,-2341,639,1415,-5639,-10000
-4981,-10000,-8683,-2278,627,1413,-5746,-10000
-5062,-10000,-8619,-2215,615,1409,-5853,-10000
-5142,-10000,-8553,-2151,604,1406,-5960,-10000
-5222,-10000,-8488,-2087,593,1402,-6065,-10000
-5302,-10000,-8423,-2025,584,1398,-6172,-10000
-5380,-10000,-8360,-1964,574,1395,-6274,-10000
-5456,-10000,-8297,-1903,564,1394,-6374,-10000
-5532,-10000,-8233,-1843,553,1391,-6474,-10000
-5607,-10000,-8168,-1783,542,1389,-6572,-10000
-5682,-10000,-8103,-1724,531,1385,-6670,-10000
-5757,-10000,-8037,-1666,520,1381,-6767,-10000
-5829,-10000,-7972,-1607,509,1377,-6863,-10000
-5901,-10000,-7907,-1548,499,1374,-6956,-10000
-5972,-10000,-7842,-1490,489,1372,-7049,-10000
-6042,-9932,-7778,-1434,479,1370,-7141,-10000
-6111,-9801,-7713,-1377,470,1369,-7232,-10000
-6180,-9671,-7648,-1320,459,1367,-7322,-10000
-6248,-9544,-7584,-1263,449,1365,-7411,-10000
-6316,-9417,-7519,-1206,439,1362,-7500,-10000
-6382,-9293,-7454,-1151,430,1359,-7585,-10000
-6446,-9171,-7389,-1096,421,1356,-7669,-10000
-6510,-9052,-7324,-1042,412,1355,-7752,-10000
-6572,-8934,-7260,-989,401,1355,-7834,-10000
-6634,-8818,-7194,-936,391,1354,-7914,-10000
-6695,-8703,-7128,-884,382,1352,-7992,-10000
-6756,-8588,-7062,-832,374,1350,-8072,-10000
-6816,-8475,-6998,-780,366,1348,-8149,-10000
-6875,-8365,-6933,-729,356,1347,-8225,-10000
-6932,-8257,-6869,-678,346,1346,-8299,-10000
-6988,-8152,-6804,-627,336,1346,-8373,-10000
-7043,-8050,-6739,-577,326,1344,-8445,-10000
-7096,-7949,-6674,-527,318,1343,-8513,-10000
-7150,-7848,-6610,-479,310,1342,-8583,-10000
-7202,-7749,-6546,-430,302,1341,-8651,-10000
-7255,-7651,-6482,-382,292,1342,-8719,-10000
-7305,-7556,-6418,-334,282,1342,-8785,-10000
-7354,-7464,-6355,-287,272,1341,-8849,-10000
-7402,-7374,-6292,-242,264,1340,-8908,-10000
-7449,-7285,-6229,-198,256,1339,-8971,-10000
-7496,-7198,-6166,-153,247,1339,-9029,-10000
-7541,-7112,-6104,-108,238,1340,-9089,-10000
-7585,-7029,-6041,-65,230,1340,-9145,-10000
-7628,-6948,-5978,-23,222,1340,-9198,-10000
-7670,-6870,-5917,18,215,1338,-9253,-10000
-7711,-6793,-5856,58,207,1337,-9305,-10000
-7750,-6719,-5796,98,199,1337,-9355,-10000
-7789,-6646,-5736,137,190,1338,-9407,-9985
-7827,-6573,-5677,175,183,1338,-9455,-9890
-7865,-6503,-5617,212,176,1339,-9505,-9794
-7901,-6435,-5559,250,168,1339,-9552,-9702
-7936,-6370,-5501,288,160,1340,-9598,-9610
-7970,-6306,-5443,323,151,1340,-9641,-9524
-8002,-6245,-5386,357,143,1341,-9682,-9436
-8034,-6184,-5328,391,137,1341,-9724,-9349
-8066,-6125,-5270,424,130,1342,-9761,-9266
-8096,-6068,-5214,457,124,1342,-9801,-9186
-8126,-6012,-5159,488,117,1343,-9840,-9103
-8155,-5957,-5105,519,110,1343,-9844,-9024
-8183,-5905,-5050,550,102,1344,-9846,-8946
-8211,-5854,-4995,581,94,1344,-9847,-8872
-8237,-5804,-4941,611,88,1344,-9848,-8797
-8260,-5753,-4889,640,82,1344,-9850,-8723
-8282,-5704,-4837,669,76,1344,-9851,-8651
-8309,-5659,-4785,696,71,1345,-9852,-8583
-8338,-5618,-4734,723,64,1347,-9853,-8515
-8362,-5574,-4682,749,56,1349,-9855,-8447
-8357,-5515,-4629,775,50,1350,-9856,-8368
-8290,-5424,-4578,801,45,1350,-9857,-8252
-8175,-5310,-4527,826,39,1351,-9859,-8113
-8040,-5186,-4477,850,34,1351,-9829,-7966
-7908,-5066,-4427,875,27,1353,-9702,-7820
-7784,-4953,-4378,899,20,1355,-9582,-7683
-7663,-4842,-4327,921,14,1356,-9464,-7545
-7541,-4732,-4277,943,9,1357,-9347,-7408
-7419,-4622,-4227,966,4,1358,-9227,-7273
-7299,-4514,-4179,988,-1,1358,-9112,-7141
-7180,-4408,-4131,1010,-8,1359,-8995,-7010
-7062,-4304,-4084,1030,-14,1360,-8882,-6882
-6945,-4201,-4037,1050,-19,1362,-8767,-6755
-6831,-4101,-3989,1069,-24,1364,-8656,-6629
-6719,-4003,-3942,1088,-30,1366,-8542,-6507
-6608,-3907,-3895,1106,-37,1367,-8434,-6386
-6498,-3812,-3848,1126,-43,1367,-8326,-6268
-6389,-3720,-3801,1145,-49,1367,-8219,-6150
-6281,-3631,-3755,1163,-53,1369,-8114,-6036
-6175,-3542,-3710,1180,-57,1371,-8006,-5925
-6071,-3454,-3664,1195,-62,1373,-7901,-5813
-5966,-3367,-3620,1210,-67,1374,-7796,-5702
-5863,-3282,-3576,1226,-72,1375,-7694,-5593
-5763,-3201,-3532,1242,-77,1377,-7595,-5490
-5663,-3122,-3488,1257,-82,1379,-7495,-5387
-5565,-3043,-3446,1271,-86,1380,-7396,-5285
-5467,-2966,-3403,1285,-91,1381,-7296,-5186
-5370,-2890,-3359,1299,-96,1383,-7197,-5086
-5276,-2814,-3315,1313,-101,1385,-7102,-4987
-5182,-2740,-3272,1326,-105,1386,-7008,-4890
-5089,-2667,-3230,1339,-110,1387,-6914,-4795
-4996,-2595,-3189,1351,-115,1389,-6817,-4699
-4905,-2526,-3148,1362,-120,1391,-6723,-4610
-4816,-2459,-3106,1373,-124,1392,-6631,-4519
-4728,-2393,-3064,1382,-128,1393,-6539,-4430
-4640,-2327,-3023,1393,-133,1395,-6447,-4343
-4552,-2262,-2984,1404,-138,1397,-6357,-4256
-4466,-2197,-2945,1414,-142,1399,-6270,-4170
-4382,-2134,-2905,1424,-146,1401,-6183,-4084
-4300,-2074,-2865,1433,-149,1403,-6096,-4002
-4219,-2015,-2826,1442,-153,1405,-6013,-3922
-4139,-1957,-2788,1451,-158,1407,-5929,-3844
-4060,-1899,-2750,1460,-163,1408,-5846,-3764
-3982,-1842,-2712,1469,-166,1409,-5764,-3686
-3904,-1786,-2674,1478,-169,1410,-5683,-3609
-3827,-1732,-2638,1485,-173,1412,-5600,-3537
-3751,-1679,-2601,1492,-177,1414,-5520,-3463
-3675,-1627,-2564,1499,-182,1416,-5438,-3389
-3601,-1575,-2527,1505,-185,1418,-5361,-3317
-3530,-1526,-2490,1511,-188,1420,-5283,-3248
-3460,-1478,-2455,1516,-191,1422,-5207,-3181
-3390,-1431,-2420,1521,-196,1423,-5134,-3114
-3321,-1384,-2385,1527,-201,1425,-5058,-3048
-3253,-1339,-2351,1532,-206,1427,-4985,-2982
-3187,-1294,-2317,1535,-209,1430,-4912,-2918
-3123,-1251,-2283,1537,-212,1432,-4842,-2855
-3060,-1208,-2249,1540,-215,1435,-4770,-2794
-2995,-1166,-2215,1544,-218,1436,-4701,-2733
-2930,-1124,-2182,1548,-222,1437,-4630,-2673
-2869,-1084,-2150,1552,-225,1438,-4563,-2614
-2810,-1046,-2118,1556,-228,1440,-4497,-2558
-2752,-1009,-2087,1558,-231,1442,-4433,-2503
-2695,-973,-2055,1561,-234,1444,-4370,-2450
-2638,-938,-2023,1561,-237,1445,-4303,-2395
-2581,-902,-1992,1561,-241,1447,-4240,-2341
-2525,-867,-1961,1562,-244,1450,-4176,-2287
-2471,-832,-1931,1563,-247,1451,-4115,-2235
-2418,-799,-1901,1564,-250,1452,-4054,-2186
-2367,-768,-1872,1564,-252,1453,-3995,-2137
-2317,-737,-1843,1564,-254,1455,-3939,-2088
-2266,-707,-1814,1564,-256,1457,-3879,-2042
-2216,-677,-1786,1564,-259,1460,-3823,-1997
-2167,-647,-1759,1565,-262,1462,-3767,-1951
-2119,-619,-1733,1565,-266,1463,-3711,-1908
-2073,-592,-1706,1565,-269,1464,-3657,-1865
-2027,-567,-1680,1564,-271,1465,-3606,-1825
-1984,-542,-1652,1562,-273,1467,-3552,-1782
-1940,-517,-1625,1560,-275,1469,-3499,-1740
-1896,-491,-1600,1558,-278,1471,-3447,-1700
-1853,-467,-1575,1557,-281,1473,-3397,-1660
-1811,-443,-1550,1556,-285,1474,-3348,-1623
-1770,-420,-1526,1553,-286,1476,-3298,-1584
-1729,-397,-1501,1550,-288,1478,-3248,-1546
-1689,-375,-1475,1548,-289,1481,-3199,-1507
-1650,-352,-1450,1546,-291,1483,-3153,-1472
-1611,-329,-1426,1544,-294,1485,-3105,-1433
-1573,-307,-1403,1541,-297,1485,-3057,-1398
-1535,-286,-1380,1537,-299,1486,-3014,-1362
-1498,-265,-1357,1533,-300,1489,-2967,-1328
-1462,-244,-1333,1530,-301,1492,-2922,-1291
-1425,-223,-1310,1527,-303,1494,-2876,-1257
-1390,-203,-1286,1523,-306,1495,-2832,-1221
-1355,-184,-1263,1519,-308,1496,-2788,-1190
-1321,-166,-1240,1514,-310,1497,-2745,-1156
-1287,-146,-1219,1510,-312,1499,-2701,-1124
-1254,-126,-1197,1506,-314,1501,-2661,-1091
-1220,-107,-1174,1501,-315,1503,-2616,-1055
-1187,-89,-1152,1495,-318,1504,-2573,-1025
-1154,-71,-1131,1490,-321,1506,-2531,-994
-1123,-53,-1109,1485,-324,1508,-2491,-964
-1092,-35,-1088,1481,-325,1510,-2451,-932
-1062,-17,-1067,1476,-326,1511,-2412,-902
-1033,-1,-1047,1471,-327,1513,-2373,-872
-1004,14,-1027,1466,-329,1515,-2335,-844
-975,28,-1007,1461,-331,1516,-2297,-816
-947,43,-987,1455,-333,1519,-2260,-789
-921,57,-968,1449,-336,1520,-2224,-762
-894,71,-949,1444,-337,1521,-2188,-738
-869,85,-930,1439,-339,1522,-2155,-711
-843,98,-911,1433,-340,1523,-2121,-684
-818,112,-892,1426,-341,1526,-2085,-661
-795,124,-873,1419,-342,1528,-2052,-636
-773,136,-855,1413,-343,1531,-2020,-611
-750,148,-837,1406,-345,1532,-1987,-589
-726,160,-820,1400,-347,1534,-1955,-566
-704,173,-803,1393,-350,1535,-1922,-542
-682,184,-787,1386,-350,1537,-1892,-520
-661,195,-771,1378,-351,1538,-1861,-498
-640,206,-755,1371,-352,1539,-1831,-477
-619,218,-738,1364,-354,1541,-1800,-455
-599,228,-721,1358,-355,1542,-1771,-432
-579,239,-705,1351,-356,1543,-1741,-410
-560,249,-691,1344,-357,1544,-1712,-393
-542,259,-677,1337,-358,1546,-1685,-373
-523,267,-661,1330,-360,1547,-1657,-355
-506,275,-646,1322,-360,1550,-1630,-336
-488,284,-631,1314,-361,1551,-1604,-317
-471,293,-617,1306,-363,1552,-1577,-297
-454,304,-603,1299,-364,1553,-1551,-279
-439,314,-590,1291,-366,1554,-1528,-260
-424,322,-578,1283,-368,1556,-1503,-244
-409,330,-564,1275,-368,1558,-1479,-225
-394,337,-551,1268,-369,1560,-1455,-209
-379,345,-538,1260,-371,1562,-1430,-191
-363,354,-524,1253,-372,1563,-1406,-175
-348,361,-511,1245,-373,1563,-1384,-157
-334,369,-498,1237,-373,1563,-1359,-142
-321,376,-486,1228,-374,1564,-1337,-125
-309,383,-474,1219,-375,1566,-1315,-111
-296,390,-461,1210,-376,1568,-1293,-96
-282,397,-449,1203,-378,1569,-1270,-79
-270,403,-438,1195,-380,1570,-1248,-64
-258,410,-428,1187,-382,1572,-1229,-51
-247,416,-417,1179,-383,1573,-1208,-36
-237,421,-405,1170,-383,1574,-1189,-24
-226,427,-393,1161,-383,1575,-1168,-10
-214,432,-383,1153,-382,1577,-1147,2
-204,438,-372,1145,-383,1578,-1130,15
-194,445,-363,1136,-384,1578,-1110,30
-185,452,-353,1127,-386,1579,-1092,45
-176,459,-343,1120,-387,1580,-1075,59
-166,465,-333,1112,-387,1582,-1055,70
-156,470,-323,1104,-386,1584,-1038,83
-147,474,-314,1095,-387,1584,-1020,95
-138,479,-305,1086,-389,1583,-1002,107
-130,483,-297,1077,-390,1583,-987,117
-121,487,-289,1069,-392,1584,-968,126
-113,492,-280,1062,-392,1586,-953,139
-104,498,-271,1054,-392,1587,-937,150
-97,505,-261,1046,-392,1589,-922,164
-90,510,-253,1038,-391,1589,-907,177
-84,514,-245,1030,-391,1589,-893,186
-77,517,-238,1021,-391,1590,-876,194
-70,518,-231,1012,-393,1592,-863,201
-63,521,-223,1004,-395,1593,-845,211
-56,524,-216,995,-396,1595,-832,219
-50,529,-208,987,-396,1595,-819,229
-44,533,-201,979,-396,1596,-805,238
-37,535,-195,971,-396,1596,-791,245
-29,537,-189,962,-396,1596,-773,252
-23,540,-183,953,-396,1597,-760,261
-19,545,-177,943,-396,1597,-747,271
-15,548,-171,935,-397,1599,-736,279
-10,550,-164,928,-399,1599,-723,286
-6,551,-157,921,-401,1599,-711,292
-1,553,-151,913,-401,1599,-700,300
1,557,-147,904,-401,1601,-689,308
5,561,-142,895,-401,1602,-678,317
9,564,-137,886,-400,1604,-667,323
13,566,-131,878,-400,1604,-656,329
18,567,-125,871,-401,1604,-644,336
22,570,-119,863,-402,1604,-633,345
26,574,-113,855,-404,1604,-622,352
29,578,-108,846,-404,1604,-611,362
33,581,-103,838,-404,1604,-600,371
37,584,-98,831,-404,1606,-589,377
41,588,-94,824,-404,1607,-581,383
44,591,-90,817,-405,1608,-570,390
46,594,-86,808,-405,1608,-560,396
49,596,-81,798,-405,1608,-548,404
53,599,-76,788,-405,1609,-537,412
56,603,-72,780,-405,1609,-527,421
60,607,-68,773,-405,1609,-516,427
63,610,-64,765,-405,1609,-509,433
65,613,-60,757,-405,1609,-499,441
67,617,-55,748,-405,1611,-489,448
69,621,-50,740,-405,1613,-480,457
70,625,-46,732,-405,1614,-472,466
73,629,-43,724,-406,1613,-462,472
76,632,-40,716,-407,1612,-454,478
80,635,-37,708,-408,1612,-443,483
83,637,-34,700,-409,1614,-433,490
85,641,-29,693,-409,1615,-423,496
86,644,-26,685,-410,1615,-417,505
88,648,-23,676,-409,1614,-408,511
90,650,-21,667,-408,1614,-399,516
92,653,-18,659,-408,1614,-390,522
94,657,-15,651,-408,1614,-383,528
96,661,-12,643,-409,1614,-374,537
98,664,-10,635,-410,1614,-367,543
100,667,-10,626,-410,1614,-358,545
101,668,-8,617,-410,1614,-349,550
102,669,-7,609,-409,1615,-341,554
102,672,-4,601,-409,1615,-336,559
103,675,-1,594,-410,1614,-329,567
103,678,0,587,-410,1614,-324,570
103,681,0,579,-410,1614,-318,576
104,684,1,571,-409,1615,-311,581
104,686,3,564,-409,1616,-306,585
105,688,5,557,-409,1616,-300,590
106,690,7,549,-409,1616,-291,595
106,692,9,541,-409,1615,-286,599
106,694,10,532,-410,1614,-279,604
104,695,11,524,-410,1614,-274,605
104,697,11,517,-410,1614,-269,609
105,699,10,511,-409,1615,-267,611
106,701,11,503,-409,1615,-258,616
106,703,12,494,-410,1614,-253,621
106,705,14,485,-410,1614,-246,625
105,706,16,477,-410,1614,-240,628
105,708,17,470,-410,1614,-235,633
106,711,18,464,-410,1614,-229,636
106,713,19,457,-410,1614,-224,640
108,715,21,449,-410,1614,-216,645
109,716,22,441,-410,1614,-209,649
110,718,22,434,-410,1614,-203,650
109,719,21,427,-409,1614,-200,655
108,722,21,421,-408,1614,-196,657
106,724,21,414,-408,1614,-192,660
105,726,21,405,-408,1614,-189,665
105,729,23,397,-409,1614,-181,670
105,732,24,389,-410,1615,-177,676
106,735,24,382,-410,1615,-170,678
106,736,23,375,-410,1614,-167,682
105,737,22,368,-410,1613,-163,683
104,739,21,361,-410,1611,-159,686
102,741,21,354,-408,1609,-156,690
101,743,22,345,-407,1609,-148,694
101,744,22,336,-405,1609,-142,695
100,747,21,327,-404,1609,-139,700
98,749,21,320,-405,1610,-135,703
97,751,21,313,-405,1610,-131,708
97,754,21,306,-405,1609,-128,710
95,755,20,299,-405,1608,-124,711
93,757,18,291,-405,1606,-122,716
90,758,18,284,-405,1606,-120,717
87,760,17,276,-405,1606,-114,719
86,761,17,267,-405,1606,-111,723
86,762,18,259,-405,1605,-104,727
83,764,18,251,-404,1604,-102,728
80,765,18,245,-402,1604,-100,732
78,767,17,239,-401,1603,-100,734
76,770,15,231,-400,1602,-97,737
74,773,13,223,-401,1601,-93,740
72,776,12,215,-401,1600,-89,745
69,776,12,208,-401,1600,-87,745
67,777,11,201,-401,1599,-84,745
66,777,11,193,-401,1597,-80,749
65,780,10,185,-401,1596,-76,751
64,782,8,177,-401,1594,-73,754
64,784,6,171,-401,1594,-68,756
63,785,5,163,-400,1594,-64,760
62,787,5,154,-397,1594,-58,761
60,787,4,145,-396,1594,-56,765
57,789,4,138,-396,1594,-53,766
54,790,3,132,-396,1592,-51,770
53,792,3,125,-397,1591,-47,772
52,795,1,118,-397,1590,-43,775
51,797,-1,110,-397,1589,-40,777
49,798,-2,103,-395,1587,-37,778
46,798,-3,96,-393,1585,-35,781
44,800,-2,88,-392,1584,-32,782
42,802,-3,81,-392,1584,-29,784
40,804,-6,74,-392,1583,-26,787
37,805,-8,66,-392,1582,-25,788
36,806,-9,58,-393,1581,-21,792
34,807,-10,50,-392,1579,-18,792
33,808,-12,41,-391,1577,-14,793
30,808,-13,33,-389,1575,-12,795
27,809,-15,26,-388,1574,-8,797
23,810,-16,18,-387,1574,-7,798
20,813,-18,9,-387,1574,-4,800
18,815,-18,0,-386,1572,-3,805
15,815,-19,-7,-384,1570,1,805
12,815,-20,-14,-383,1569,3,805
9,816,-21,-21,-383,1568,2,809
7,817,-23,-28,-383,1568,4,810
4,819,-25,-36,-383,1567,9,813
1,820,-27,-45,-382,1565,12,814
-1,821,-28,-53,-380,1564,13,815
-4,822,-29,-60,-379,1563,14,817
-8,823,-30,-68,-378,1562,17,819
-11,824,-31,-75,-377,1561,18,820
-15,826,-32,-83,-375,1558,19,821
-19,828,-34,-91,-374,1556,21,826
-22,830,-35,-98,-374,1555,24,828
-26,832,-36,-106,-374,1554,24,830
-30,833,-37,-114,-374,1553,25,833
-35,834,-38,-122,-373,1552,25,834
-38,835,-40,-130,-371,1550,26,836
-41,836,-41,-138,-370,1547,29,837
-44,838,-43,-146,-370,1544,30,842
-48,840,-44,-154,-369,1543,34,843
-53,841,-46,-162,-368,1543,34,844
-57,842,-47,-170,-367,1542,35,845
-60,843,-49,-179,-366,1540,37,848
-63,844,-50,-187,-365,1538,39,849
-67,844,-51,-194,-364,1536,39,850
-72,845,-52,-201,-362,1534,40,853
-75,845,-53,-209,-361,1532,43,854
-78,847,-54,-217,-361,1529,46,855
-82,848,-56,-226,-361,1528,47,856
-86,848,-59,-235,-360,1527,47,856
-91,848,-61,-243,-358,1525,50,856
-96,849,-62,-252,-357,1522,50,859
-100,849,-63,-260,-355,1519,51,860
-104,850,-62,-269,-354,1518,53,863
-108,851,-62,-278,-352,1517,57,866
-111,851,-63,-286,-350,1516,58,866
-115,851,-65,-294,-349,1515,59,866
-119,850,-66,-302,-348,1513,61,866
-122,850,-69,-310,-347,1511,62,866
-126,852,-71,-319,-346,1509,63,871
-130,854,-71,-328,-344,1507,67,872
-134,856,-71,-338,-343,1504,69,876
-138,856,-71,-347,-343,1501,73,876
-141,855,-73,-355,-342,1499,74,878
-145,855,-75,-364,-340,1496,75,878
-150,855,-77,-372,-337,1494,75,878
-155,856,-78,-381,-335,1492,78,878
-159,857,-78,-391,-334,1491,81,883
-161,858,-78,-400,-332,1489,84,886
-165,859,-79,-408,-331,1486,85,887
-169,859,-81,-415,-330,1484,86,887
-175,859,-82,-423,-329,1482,85,888
-181,860,-83,-433,-328,1481,86,891
-187,860,-83,-442,-327,1479,87,894
-192,861,-83,-451,-325,1476,86,894
-198,861,-84,-459,-324,1473,89,894
-203,860,-86,-467,-322,1470,87,896
-209,860,-88,-475,-321,1469,87,896
-214,860,-88,-484,-319,1467,86,896
-220,861,-88,-494,-318,1465,87,899
-226,862,-89,-502,-316,1462,89,903
-232,862,-90,-511,-315,1458,89,903
-237,861,-90,-520,-314,1455,91,902
-242,860,-90,-529,-312,1453,91,903
-247,860,-91,-538,-310,1452,92,905
-252,860,-92,-545,-309,1450,92,905
-259,861,-92,-553,-307,1448,91,907
-264,861,-93,-562,-306,1445,92,909
-270,861,-93,-572,-304,1443,91,909
-275,860,-94,-581,-302,1440,93,911
-279,861,-95,-589,-299,1438,95,911
-283,863,-95,-598,-298,1435,98,916
-288,864,-95,-607,-297,1433,98,917
-293,864,-95,-615,-296,1430,100,920
-299,863,-96,-624,-294,1427,100,919
-304,863,-97,-631,-292,1425,98,921
-310,863,-98,-639,-291,1423,98,921
-315,863,-99,-646,-289,1421,97,921
-321,864,-100,-654,-288,1419,98,925
-327,864,-101,-663,-286,1417,98,925
-332,864,-102,-673,-284,1415,101,927
-337,863,-102,-682,-281,1412,100,926
-343,863,-101,-691,-280,1409,101,928
-349,863,-101,-700,-279,1405,103,931
-354,863,-102,-708,-277,1403,102,931
-358,864,-103,-716,-275,1401,103,932
-362,863,-104,-724,-272,1398,107,933
-366,861,-104,-733,-270,1396,107,931
-371,860,-104,-741,-268,1392,109,932
-376,859,-104,-751,-266,1389,109,935
-381,860,-104,-760,-263,1386,112,935
-386,860,-104,-769,-263,1384,114,938
-391,859,-105,-778,-261,1382,114,937
-397,857,-107,-787,-259,1379,113,937
-403,856,-108,-795,-256,1376,114,937
-408,856,-107,-803,-255,1374,114,939
-414,856,-106,-811,-253,1371,113,938
-419,855,-105,-819,-252,1369,115,939
-426,853,-107,-827,-250,1366,114,938
-431,852,-108,-834,-249,1364,113,939
-437,852,-108,-843,-247,1361,115,939
-442,852,-108,-852,-245,1358,114,943
-447,852,-108,-861,-243,1355,117,944
-453,852,-109,-869,-242,1351,115,944
-458,852,-110,-877,-240,1348,115,944
-464,852,-110,-885,-238,1346,117,947
-469,852,-110,-895,-235,1343,115,947
-475,852,-111,-903,-233,1341,118,949
-480,852,-111,-911,-231,1338,118,949
-485,851,-111,-918,-229,1335,117,950
-491,850,-110,-925,-228,1333,117,952
-496,849,-109,-933,-225,1330,119,952
-501,849,-109,-942,-223,1328,119,954
-505,849,-110,-950,-221,1324,122,954
-509,849,-111,-958,-220,1320,123,957
-514,849,-112,-967,-219,1318,123,957
-519,848,-111,-975,-218,1315,125,958
-524,847,-110,-983,-216,1312,125,959
-529,848,-110,-990,-214,1310,125,960
-533,848,-110,-997,-212,1308,125,963
-538,847,-111,-1004,-210,1305,125,961
-543,846,-111,-1011,-209,1302,125,960
-549,845,-111,-1018,-207,1299,125,961
-553,844,-111,-1025,-204,1295,125,961
-559,843,-111,-1033,-202,1291,124,963
-564,842,-110,-1040,-199,1288,126,964
-569,842,-110,-1047,-198,1285,125,964
-574,843,-110,-1054,-197,1283,125,968
-579,843,-111,-1061,-195,1281,126,968
-583,843,-112,-1070,-194,1279,126,968
-587,843,-111,-1078,-192,1275,130,970
-592,842,-111,-1084,-190,1272,130,971
-597,841,-111,-1091,-187,1269,128,970
-602,841,-112,-1097,-185,1267,128,970
-605,841,-113,-1104,-183,1263,129,972
-609,840,-113,-1111,-182,1260,130,972
-613,840,-113,-1117,-181,1256,131,975
-618,840,-113,-1124,-178,1253,131,974
-623,839,-115,-1131,-176,1250,131,974
-626,838,-116,-1137,-174,1246,130,972
-629,838,-116,-1142,-173,1244,131,975
-633,837,-115,-1149,-172,1242,133,974
-638,836,-115,-1156,-170,1239,133,975
-643,835,-116,-1163,-167,1236,133,974
-648,834,-118,-1169,-165,1232,130,974
-652,834,-119,-1174,-164,1228,130,974
-655,834,-119,-1179,-163,1224,130,976
-658,832,-118,-1184,-162,1221,133,974
-662,831,-117,-1190,-160,1218,133,975
-668,829,-118,-1196,-159,1216,130,974
-673,829,-120,-1202,-156,1214,130,972
-677,828,-121,-1208,-154,1211,128,972
-679,827,-121,-1213,-152,1207,130,974
-682,825,-120,-1217,-151,1204,130,972
-686,823,-121,-1222,-150,1200,131,970
-689,821,-122,-1228,-148,1197,130,968
-692,820,-122,-1235,-145,1194,133,969
-695,818,-122,-1240,-144,1190,135,968
-698,817,-122,-1244,-142,1187,134,966
-701,816,-123,-1248,-141,1184,133,965
-704,816,-124,-1252,-140,1180,133,968
-708,815,-124,-1257,-138,1177,131,966
-711,815,-124,-1261,-137,1174,133,966
-715,813,-124,-1266,-135,1172,131,965
-719,812,-125,-1269,-133,1170,130,965
-722,809,-126,-1274,-132,1167,129,964
-725,809,-128,-1279,-131,1164,129,963
-727,809,-129,-1283,-129,1160,129,963
-730,809,-129,-1287,-128,1157,129,963
-733,810,-130,-1290,-126,1153,128,964
-736,809,-130,-1293,-125,1150,128,963
-738,807,-130,-1297,-124,1148,128,960
-741,805,-130,-1303,-122,1145,130,961
-744,804,-130,-1308,-119,1143,129,960
-746,802,-130,-1311,-117,1140,130,959
-748,801,-130,-1314,-116,1137,130,960
-750,800,-131,-1317,-116,1133,130,959
-753,801,-132,-1320,-115,1130,130,959
-756,801,-133,-1323,-114,1128,126,957
-759,800,-135,-1326,-112,1125,126,957
-761,800,-135,-1329,-110,1123,126,957
-763,801,-134,-1332,-109,1120,128,959
-764,802,-134,-1335,-107,1116,129,960
-766,803,-134,-1338,-106,1113,129,961
-767,802,-136,-1340,-105,1110,128,960
-769,802,-137,-1343,-103,1106,129,960
-770,803,-138,-1345,-102,1103,128,961
-772,803,-137,-1348,-101,1100,129,961
-774,804,-138,-1350,-99,1097,129,963
-776,804,-139,-1351,-97,1095,126,963
-777,805,-140,-1351,-96,1093,126,964
-777,806,-140,-1352,-95,1090,125,965
-777,807,-141,-1353,-94,1086,125,966
-778,808,-142,-1354,-93,1083,125,966
-778,809,-143,-1355,-92,1080,124,965
-779,811,-144,-1355,-90,1076,125,968
-780,812,-145,-1356,-89,1073,125,969
-780,813,-146,-1358,-87,1070,125,969
-780,812,-147,-1358,-86,1067,125,968
-780,812,-148,-1358,-84,1065,124,968
-780,813,-148,-1358,-83,1062,125,969
-779,814,-147,-1358,-82,1060,125,970
-777,815,-147,-1358,-82,1058,128,971
-777,816,-147,-1358,-82,1055,128,971
-777,816,-149,-1358,-81,1051,128,969
-779,816,-152,-1358,-79,1048,124,970
-780,817,-153,-1358,-78,1045,123,969
-779,819,-154,-1357,-77,1042,124,970
-777,820,-154,-1356,-76,1040,124,971
-775,820,-155,-1355,-75,1038,125,971
-774,821,-157,-1355,-73,1035,126,970
-773,821,-158,-1355,-73,1031,126,970
-773,821,-159,-1354,-74,1028,124,970
-773,822,-159,-1352,-72,1025,125,970
-771,824,-160,-1350,-71,1022,124,970
-770,827,-159,-1348,-69,1020,123,974
-769,829,-160,-1345,-69,1018,124,976
-767,830,-161,-1343,-70,1015,123,976
-766,831,-163,-1341,-70,1013,122,975
-764,831,-165,-1340,-68,1010,122,975
-762,832,-166,-1338,-67,1006,123,974
-760,834,-168,-1337,-66,1003,123,975
-758,835,-169,-1335,-65,1001,123,974
-755,836,-170,-1331,-65,1000,123,975
-754,837,-171,-1327,-65,998,122,974
-751,838,-173,-1324,-63,995,122,975
-749,840,-174,-1322,-61,991,122,974
-746,841,-176,-1320,-61,987,123,975
-743,843,-177,-1318,-61,985,125,975
-740,845,-178,-1314,-62,983,123,976
-737,846,-180,-1309,-62,982,124,975
-734,847,-181,-1305,-61,980,122,974
-732,849,-182,-1301,-59,977,122,975
-730,850,-183,-1298,-58,973,122,977
-728,852,-183,-1295,-57,970,120,976
-725,854,-184,-1291,-58,968,122,979
-721,856,-185,-1286,-58,967,120,979
-717,857,-186,-1282,-58,965,122,980
-715,859,-187,-1278,-59,962,122,979
-712,861,-187,-1274,-58,959,119,981
-709,863,-188,-1270,-57,957,120,980
-705,864,-190,-1265,-55,955,122,981
-701,865,-192,-1260,-54,954,122,980
-697,867,-194,-1255,-54,951,120,979
-694,869,-195,-1250,-54,948,120,979
-690,871,-196,-1244,-54,946,119,981
-686,874,-197,-1238,-55,943,119,981
-682,874,-199,-1233,-54,941,118,979
-678,874,-200,-1228,-54,938,119,979
-674,874,-201,-1222,-53,936,118,976
-671,875,-202,-1216,-52,934,117,975
-667,877,-203,-1210,-51,932,115,977
-664,879,-204,-1205,-50,930,113,976
-661,881,-205,-1199,-50,929,114,979
-658,882,-207,-1192,-50,927,111,977
-653,885,-209,-1184,-50,926,111,977
-649,888,-210,-1177,-51,924,109,977
-644,890,-211,-1171,-51,921,109,977
-639,891,-212,-1165,-51,918,109,979
-634,891,-213,-1158,-51,916,109,976
-629,892,-215,-1150,-51,914,107,975
-625,894,-217,-1143,-51,912,107,975
-621,897,-219,-1136,-51,911,106,975
-615,900,-221,-1129,-51,909,104,975
-608,902,-222,-1121,-52,908,107,975
-602,903,-221,-1114,-52,906,108,976
-597,904,-222,-1106,-52,904,106,975
-592,906,-224,-1099,-52,902,106,974
-587,909,-226,-1092,-52,899,106,975
-581,913,-228,-1085,-52,898,107,976
-576,915,-230,-1077,-52,896,104,976
-571,918,-231,-1068,-52,894,102,976
-565,921,-232,-1059,-53,892,103,979
-560,924,-233,-1051,-53,889,101,980
-554,927,-234,-1043,-53,888,102,980
-549,929,-235,-1036,-53,888,100,980
-543,932,-235,-1027,-53,887,100,983
-537,935,-237,-1019,-53,885,100,983
-531,936,-238,-1010,-53,882,97,982
-526,938,-241,-1001,-53,880,95,982
-521,940,-242,-991,-54,878,96,979
-516,942,-244,-983,-54,878,93,980
-509,945,-244,-975,-54,877,95,981
-504,948,-245,-967,-54,875,92,981
-499,950,-246,-959,-54,874,93,981
-494,953,-248,-950,-54,872,91,981
-488,955,-249,-941,-54,870,90,981
-481,957,-251,-932,-54,869,89,981
-475,960,-252,-924,-54,867,90,983
-469,962,-252,-917,-54,866,92,983
-462,965,-254,-908,-54,864,91,983
-455,968,-254,-898,-55,862,90,985
-450,971,-255,-887,-55,860,89,985
-444,974,-256,-877,-54,860,86,986
-438,977,-256,-868,-54,859,86,988
-432,981,-257,-859,-55,857,85,990
-425,984,-260,-849,-57,856,84,991
-419,988,-262,-840,-58,855,84,990
-412,991,-263,-831,-59,854,83,991
-406,995,-263,-821,-58,852,81,994
-399,998,-264,-811,-59,851,83,994
-392,1000,-266,-802,-60,850,80,994
-385,1002,-268,-792,-60,849,80,993
-378,1004,-268,-782,-61,848,83,993
-371,1007,-269,-773,-61,846,83,994
-365,1011,-269,-763,-60,845,81,996
-358,1015,-271,-753,-60,843,80,997
-352,1018,-273,-744,-61,841,79,998
-345,1020,-274,-734,-62,841,79,997
-339,1022,-274,-724,-64,840,78,997
-333,1024,-274,-714,-66,838,76,998
-327,1027,-275,-705,-66,837,75,999
-320,1031,-277,-697,-66,835,76,1001
-314,1034,-278,-688,-66,835,75,1002
-308,1037,-279,-679,-66,835,74,1002
-302,1039,-279,-668,-65,835,73,1002
-296,1042,-279,-659,-66,834,72,1004
-289,1045,-280,-650,-68,832,73,1005
-283,1049,-281,-640,-70,831,72,1007
-277,1052,-283,-630,-71,831,70,1007
-271,1055,-284,-621,-72,830,69,1008
-266,1058,-284,-612,-72,829,68,1008
-260,1061,-284,-603,-71,827,68,1011
-255,1064,-285,-595,-71,826,65,1011
-249,1065,-287,-586,-71,825,64,1010
-243,1066,-288,-575,-72,824,63,1009
-236,1068,-289,-565,-73,823,63,1009
-231,1071,-289,-555,-74,821,61,1009
-224,1074,-288,-546,-75,821,61,1013
-218,1078,-288,-537,-75,821,62,1014
-211,1081,-288,-527,-76,820,61,1014
-206,1084,-288,-517,-77,818,58,1018
-201,1087,-289,-507,-77,816,57,1018
-195,1090,-289,-498,-76,816,56,1018
-187,1092,-289,-490,-77,816,58,1018
-180,1095,-289,-481,-78,816,58,1020
-172,1097,-289,-471,-80,815,58,1020
-166,1100,-289,-462,-82,813,59,1020
-161,1102,-291,-453,-83,812,57,1020
-156,1105,-292,-444,-82,811,54,1024
-152,1108,-292,-434,-82,810,52,1024
-146,1110,-292,-426,-82,808,52,1024
-140,1113,-291,-418,-82,807,53,1026
-135,1116,-291,-410,-82,806,51,1027
-130,1119,-292,-401,-83,807,52,1030
-125,1122,-293,-391,-84,807,50,1030
-119,1125,-293,-381,-86,805,48,1031
-113,1128,-292,-373,-88,804,46,1031
-108,1131,-292,-365,-88,802,46,1033
-104,1133,-293,-357,-87,802,45,1033
-101,1135,-293,-349,-87,802,41,1036
-96,1137,-292,-339,-87,802,41,1036
-90,1140,-291,-331,-89,802,40,1038
-84,1143,-292,-323,-91,800,41,1038
-79,1146,-293,-315,-93,799,39,1040
-74,1149,-293,-307,-93,799,39,1042
-70,1151,-292,-299,-93,798,39,1042
-65,1152,-291,-291,-93,798,37,1043
-60,1152,-290,-282,-92,797,36,1043
-55,1154,-291,-273,-93,796,34,1042
-50,1155,-291,-265,-94,795,34,1041
-45,1156,-291,-257,-97,793,34,1042
-40,1157,-289,-249,-98,793,34,1041
-36,1159,-289,-242,-98,793,34,1042
-30,1160,-288,-235,-98,793,34,1043
-26,1162,-287,-227,-98,793,34,1043
-21,1163,-287,-219,-97,793,31,1043
-17,1163,-285,-210,-98,793,30,1043
-14,1162,-285,-202,-99,792,26,1041
-10,1162,-285,-193,-102,790,25,1038
-5,1163,-285,-187,-103,788,24,1040
0,1166,-285,-180,-104,788,25,1042
3,1168,-283,-175,-103,788,26,1044
6,1170,-281,-169,-103,788,24,1046
9,1170,-281,-162,-103,788,23,1043
13,1170,-281,-155,-103,788,21,1043
18,1170,-281,-148,-103,788,21,1041
23,1173,-280,-142,-104,789,24,1044
26,1175,-278,-137,-105,789,23,1047
30,1177,-278,-131,-106,789,24,1048
33,1177,-277,-125,-107,787,23,1046
37,1177,-275,-118,-108,785,21,1046
40,1177,-273,-112,-108,784,23,1046
43,1178,-271,-106,-108,784,20,1047
45,1179,-271,-100,-110,784,18,1048
48,1180,-272,-93,-112,784,15,1046
51,1180,-271,-88,-113,784,15,1047
54,1181,-270,-82,-114,783,14,1047
58,1182,-268,-76,-113,783,15,1048
61,1183,-267,-70,-113,783,14,1049
65,1183,-265,-65,-113,782,15,1049
69,1182,-263,-60,-113,781,17,1048
72,1181,-263,-56,-113,780,17,1047
75,1181,-262,-52,-113,779,18,1047
78,1180,-261,-48,-115,779,15,1046
81,1180,-258,-42,-117,780,17,1046
84,1180,-256,-36,-118,780,17,1046
86,1179,-254,-32,-119,780,17,1046
90,1179,-253,-27,-119,780,15,1046
93,1179,-253,-22,-118,778,15,1046
96,1178,-252,-17,-118,776,17,1041
98,1176,-250,-13,-119,775,17,1042
101,1174,-248,-9,-119,775,17,1041
103,1173,-246,-5,-119,775,17,1040
105,1173,-245,0,-119,775,17,1038
108,1172,-244,4,-118,775,14,1038
110,1171,-242,9,-119,775,13,1037
112,1171,-241,13,-120,775,13,1037
114,1170,-240,16,-122,773,13,1036
117,1169,-238,20,-123,772,13,1036
119,1167,-236,24,-124,770,13,1033
120,1166,-233,28,-124,770,12,1032
122,1163,-232,32,-124,770,10,1030
124,1162,-231,36,-124,770,13,1029
126,1161,-231,39,-124,770,10,1027
129,1159,-228,44,-124,770,10,1025
130,1157,-226,49,-124,770,10,1025
132,1155,-223,54,-123,770,9,1024
133,1155,-222,57,-124,770,8,1024
136,1154,-220,60,-125,770,10,1022
137,1153,-218,62,-127,770,9,1021
139,1151,-216,65,-129,770,12,1022
140,1149,-215,68,-129,771,10,1020
143,1147,-213,72,-129,770,10,1018
144,1145,-212,75,-129,770,9,1016
146,1143,-210,77,-129,770,12,1014
147,1141,-207,80,-129,770,12,1015
147,1138,-204,83,-129,770,10,1011
147,1136,-202,85,-129,770,10,1009
148,1133,-200,88,-129,770,8,1009
149,1131,-198,91,-129,770,7,1007
151,1129,-195,95,-129,770,9,1005
153,1126,-193,98,-129,770,8,1002
154,1123,-191,101,-129,770,7,1002
155,1120,-190,104,-129,770,8,998
155,1116,-187,106,-128,771,6,994
156,1113,-184,106,-128,771,9,994
156,1110,-181,106,-130,771,9,993
158,1106,-178,107,-132,769,10,990
159,1102,-175,109,-134,767,13,988
161,1099,-172,113,-134,766,12,985
163,1096,-169,115,-133,767,14,985
163,1093,-167,117,-132,768,14,981
163,1089,-166,119,-131,767,12,977
163,1085,-164,121,-131,766,12,974
164,1082,-161,122,-132,766,13,972
164,1079,-157,124,-133,766,13,972
164,1076,-154,125,-134,766,13,969
165,1072,-151,125,-134,766,14,968
167,1067,-150,126,-134,766,15,963
169,1063,-148,128,-134,766,18,959
170,1060,-146,130,-134,766,17,958
169,1055,-143,131,-134,766,17,953
168,1051,-140,131,-134,766,18,952
168,1046,-138,132,-134,766,18,949
169,1043,-135,133,-134,766,18,946
170,1040,-133,133,-134,766,19,944
171,1036,-130,134,-134,766,20,942
171,1031,-127,135,-134,766,20,939
171,1026,-125,136,-134,766,20,933
172,1020,-123,138,-134,766,21,927
172,1016,-120,138,-134,766,21,926
172,1012,-118,139,-134,766,21,925
173,1008,-115,139,-134,766,23,920
174,1002,-113,140,-134,766,24,916
175,997,-110,142,-134,766,25,911
176,991,-106,143,-134,766,26,909
176,985,-102,143,-134,766,29,905
176,979,-99,142,-134,766,29,902
177,974,-97,143,-134,766,31,897
177,969,-96,144,-134,766,29,892
176,963,-93,144,-134,766,29,888
176,957,-90,144,-134,766,31,882
175,951,-87,144,-134,766,30,878
175,946,-84,143,-133,766,32,876
174,942,-82,143,-133,767,32,872
173,938,-79,144,-133,767,31,870
172,932,-76,144,-133,767,32,867
172,926,-72,144,-133,768,32,861
172,921,-68,144,-133,769,35,858
172,915,-65,144,-133,770,35,855
172,910,-62,144,-133,771,35,852
171,904,-60,143,-133,771,36,845
170,898,-57,142,-133,771,39,842
170,892,-53,141,-133,771,39,839
170,887,-50,142,-133,771,39,836
170,881,-47,142,-133,771,41,831
171,876,-46,142,-134,771,41,827
171,870,-43,141,-134,771,41,822
171,865,-40,141,-133,771,45,820
171,860,-36,141,-133,771,45,816
171,854,-32,140,-132,771,47,814
171,848,-30,140,-131,771,47,808
170,842,-27,139,-130,770,48,804
170,837,-24,139,-129,770,51,802
169,831,-20,139,-129,771,51,795
170,826,-18,139,-128,772,51,793
169,820,-16,138,-128,772,53,789
169,814,-13,138,-129,772,53,783
168,808,-9,137,-128,772,54,780
167,802,-6,137,-128,772,53,777
167,796,-3,137,-128,773,56,773
167,789,0,137,-128,774,57,766
168,782,0,136,-128,775,57,759
167,774,2,134,-128,776,59,754
166,768,6,134,-128,775,61,749
166,762,9,134,-128,775,59,747
164,757,13,134,-129,775,61,743
163,751,15,133,-129,775,59,737
162,744,18,132,-128,775,62,733
162,737,21,131,-127,775,62,726
162,730,24,131,-127,775,64,721
162,723,27,131,-127,775,63,717
160,717,29,130,-126,775,65,714
159,711,32,128,-125,775,64,708
159,704,36,126,-124,775,67,704
159,698,38,125,-123,775,69,699
158,692,41,125,-123,774,68,693
157,686,43,124,-124,775,69,689
155,680,46,123,-123,777,70,686
154,673,49,121,-123,779,69,679
152,667,52,120,-123,780,69,676
151,661,54,119,-123,778,70,672
151,655,56,118,-123,777,70,666
151,650,59,115,-123,777,74,664
151,644,62,113,-123,778,76,660
151,637,65,113,-124,780,78,655
151,629,68,112,-123,780,80,648
151,622,70,111,-122,780,81,643
151,616,73,110,-120,780,84,639
150,610,75,109,-118,780,83,634
149,605,78,108,-118,780,85,631
149,599,81,107,-118,780,86,627
148,593,84,105,-119,780,86,623
148,587,87,104,-119,780,87,618
147,581,89,103,-118,780,90,615
147,575,91,103,-118,780,90,609
146,570,94,101,-119,780,91,605
145,564,97,100,-119,780,93,603
144,558,100,99,-118,779,92,599
143,552,103,97,-117,779,93,593
142,545,105,97,-116,780,92,588
141,539,108,96,-115,781,95,585
141,534,111,95,-114,782,96,579
140,529,112,94,-113,780,96,577
139,524,115,94,-113,779,95,572
138,518,117,93,-113,779,96,568
137,511,120,92,-113,780,97,563
135,505,122,90,-113,783,96,557
133,499,124,88,-113,784,97,555
132,495,126,86,-113,784,98,550
131,490,129,85,-113,784,100,548
130,484,132,85,-114,784,98,545
130,478,135,84,-113,784,102,539
131,472,136,83,-112,784,102,534
131,466,137,82,-110,784,104,528
130,460,139,80,-108,784,104,526
130,455,141,79,-108,784,106,521
128,450,144,78,-108,784,107,518
128,444,147,76,-108,784,107,515
127,438,148,76,-109,784,108,509
126,433,150,75,-108,784,108,504
125,429,151,74,-107,784,108,502
124,425,152,73,-105,784,108,498
122,419,153,71,-103,784,109,493
121,415,155,69,-103,784,108,490
120,410,156,68,-103,784,109,485
119,405,158,66,-104,784,111,483
118,401,161,65,-104,784,109,480
117,396,164,65,-103,783,111,476
116,391,166,64,-103,784,109,474
115,387,168,63,-103,785,112,469
115,382,169,62,-104,786,112,467
115,378,169,61,-103,784,114,463
114,374,172,58,-102,784,115,461
114,370,173,57,-100,785,115,457
113,365,175,55,-98,787,118,455
112,360,176,53,-98,788,119,450
111,355,177,52,-98,789,118,445
111,352,180,52,-98,789,118,444
111,348,183,52,-98,788,120,440
111,345,185,51,-98,788,120,440
109,341,186,49,-98,788,122,437
108,338,186,47,-98,788,123,435
107,335,188,46,-98,788,122,433
106,331,190,46,-98,788,120,429
105,327,191,45,-99,789,122,427
104,322,192,44,-98,790,122,422
104,319,193,43,-97,790,123,421
104,317,194,41,-95,789,124,419
104,315,196,40,-93,789,125,417
103,312,196,38,-93,790,125,417
102,308,197,38,-93,791,126,413
101,305,199,39,-93,791,125,410
100,302,202,39,-93,790,124,410
100,299,204,38,-93,788,124,407
100,296,205,38,-93,789,126,404
99,292,205,37,-93,791,126,402
98,290,205,37,-93,793,125,397
96,288,205,37,-93,793,124,395
95,287,205,36,-92,793,123,396
95,284,207,35,-91,793,125,394
94,281,208,34,-90,793,124,391
93,279,208,33,-89,793,123,391
91,277,208,34,-88,793,120,386
90,276,208,34,-88,792,119,385
89,274,208,34,-88,792,119,384
89,272,209,33,-88,792,122,384
88,270,210,31,-88,793,120,382
88,268,211,30,-88,792,123,380
88,267,212,30,-88,792,123,382
87,267,211,30,-88,792,122,379
86,267,211,30,-88,793,120,379
85,267,211,30,-89,792,120,379
85,265,211,30,-88,792,120,377
86,263,211,30,-87,793,120,375
86,262,211,30,-85,794,122,374
87,261,211,30,-83,794,122,373
87,262,212,29,-83,793,122,377
86,261,213,29,-83,793,122,375
87,261,213,28,-83,794,122,375
86,261,214,28,-83,794,124,375
86,263,214,27,-83,794,123,378
85,265,215,27,-83,793,123,382
84,266,215,27,-83,792,122,380
84,266,213,26,-83,792,122,380
84,266,212,25,-83,792,122,380
84,266,211,23,-83,792,124,380
84,267,211,23,-83,792,124,382
83,269,211,23,-83,792,123,383
82,270,211,24,-83,791,122,384
82,271,211,24,-83,792,122,385
81,272,211,23,-83,794,120,386
80,273,211,23,-83,796,120,388
80,274,211,23,-83,795,119,389
80,275,211,23,-83,794,119,390
79,276,211,23,-82,794,118,390
78,278,211,23,-81,795,118,393
78,278,211,23,-80,796,117,393
78,279,211,23,-79,796,118,394
79,280,211,23,-80,794,118,394
78,281,210,24,-80,793,115,395
77,282,209,26,-80,793,114,394
77,284,208,27,-79,794,112,396
77,286,207,27,-78,794,112,399
78,289,208,27,-78,794,112,400
78,290,208,27,-78,793,113,401
77,290,208,27,-78,792,112,402
76,291,207,28,-78,792,111,402
75,292,205,30,-79,793,108,402
75,296,204,30,-80,794,107,405
76,299,203,30,-80,795,108,408
76,302,203,29,-79,796,108,411
75,303,202,31,-79,797,104,411
75,305,201,32,-78,797,104,412
75,307,198,32,-78,797,104,413
76,310,198,31,-78,797,106,415
76,312,197,31,-78,797,106,416
76,313,197,32,-78,797,103,417
76,314,197,35,-78,797,103,418
77,315,195,35,-78,797,101,419
78,317,194,35,-78,797,102,418
78,319,193,35,-78,797,102,421
77,321,192,37,-78,797,98,423
76,323,191,38,-78,796,98,422
77,325,191,38,-78,796,98,424
78,327,188,38,-78,797,100,427
78,329,187,38,-78,798,97,426
78,331,185,39,-78,800,97,428
78,333,185,39,-78,800,97,430
78,336,184,40,-78,798,95,433
79,339,182,41,-78,797,96,433
79,342,180,43,-78,797,93,434
79,345,178,44,-78,798,91,437
79,348,177,45,-78,798,91,440
80,351,177,46,-78,798,92,443
80,354,175,48,-78,798,90,443
80,356,173,50,-78,800,86,443
79,359,171,51,-79,802,86,446
79,363,170,53,-81,802,84,450
80,367,169,54,-81,802,85,451
82,372,168,55,-81,802,84,456
82,375,166,57,-82,802,81,457
81,378,165,58,-82,802,80,460
79,382,164,59,-81,802,76,463
80,385,163,61,-80,802,76,465
81,390,162,63,-79,802,75,469
82,394,160,64,-79,802,76,471
83,397,158,65,-80,802,74,474
83,401,155,64,-82,802,74,476
82,405,152,65,-83,802,74,479
82,409,150,67,-83,802,72,480
83,412,149,71,-83,802,67,484
83,416,148,73,-83,802,65,485
83,421,146,74,-83,802,65,490
84,426,144,74,-83,802,65,493
84,431,142,75,-83,802,63,499
84,436,140,77,-83,802,61,500
84,439,139,80,-83,802,58,504
85,442,137,82,-84,804,59,504
85,445,136,83,-85,804,57,507
86,448,134,83,-86,804,58,507
89,452,130,83,-86,803,58,512
90,455,127,84,-87,802,59,512
91,459,126,86,-88,802,58,513
92,462,124,88,-88,802,57,517
93,466,123,90,-87,802,57,518
92,469,121,91,-87,803,54,522
92,473,119,93,-87,804,51,523
93,477,118,95,-87,805,52,527
93,480,116,97,-87,806,50,527
94,483,115,98,-87,807,48,531
95,486,113,101,-87,807,47,531
95,489,111,102,-87,807,47,534
95,491,108,103,-87,807,45,534
95,494,105,103,-89,807,45,534
95,497,103,104,-91,807,41,537
94,500,101,105,-92,807,39,537
94,503,99,108,-93,808,39,540
95,508,97,110,-92,808,35,543
96,512,95,113,-92,809,35,544
97,515,92,115,-92,810,34,548
98,518,90,117,-92,811,32,548
98,521,87,119,-91,812,30,549
99,524,84,121,-92,812,28,551
99,527,82,122,-93,813,25,551
99,529,80,123,-95,813,25,551
99,533,78,124,-97,813,24,555
100,536,75,126,-97,813,21,556
101,539,73,128,-97,813,20,556
102,541,71,131,-97,813,19,559
103,543,70,132,-97,813,20,560
103,545,68,133,-97,813,18,560
104,549,65,134,-97,813,18,561
104,553,62,136,-97,812,17,563
104,557,59,137,-98,812,14,567
104,561,57,138,-99,813,12,568
105,563,55,140,-100,815,12,571
106,565,53,143,-100,816,10,570
108,568,50,146,-101,816,10,571
108,572,49,148,-102,815,8,574
108,575,47,149,-102,814,6,576
107,577,46,151,-101,816,2,577
107,579,44,153,-101,817,2,577
108,581,42,154,-101,818,1,579
110,585,39,155,-101,818,0,581
111,588,36,156,-101,818,1,581
112,592,33,157,-101,817,0,584
112,595,31,158,-103,818,0,585
112,598,30,160,-105,818,-2,588
112,601,29,161,-106,818,-2,589
112,605,28,162,-107,818,-4,593
113,609,26,164,-106,818,-6,594
115,613,24,167,-106,818,-7,598
116,615,22,170,-106,818,-8,598
116,618,20,171,-106,818,-8,601
116,622,18,171,-107,818,-10,603
116,625,16,170,-108,818,-10,606
116,629,14,171,-109,818,-10,607
117,633,11,173,-110,818,-12,609
118,636,10,175,-111,818,-14,612
118,639,8,177,-111,818,-17,612
119,642,7,179,-111,818,-15,615
119,645,5,180,-111,818,-18,618
119,649,3,181,-111,818,-20,620
118,653,0,182,-111,818,-21,621
118,657,-1,184,-112,819,-24,625
119,659,-3,185,-115,819,-25,625
119,661,-5,187,-116,819,-25,626
120,663,-6,187,-116,819,-24,626
121,665,-6,187,-116,819,-23,628
121,668,-8,188,-116,819,-25,632
121,671,-10,190,-116,819,-28,632
122,673,-12,192,-116,819,-30,633
123,675,-14,194,-115,819,-29,633
125,679,-15,195,-116,819,-29,637
127,682,-16,196,-117,819,-28,638
127,686,-18,198,-119,819,-30,642
126,688,-19,200,-121,819,-32,642
126,690,-20,201,-121,819,-34,643
126,692,-20,201,-121,819,-32,645
127,694,-21,200,-121,819,-32,648
128,697,-23,199,-121,819,-31,650
129,700,-26,200,-121,819,-34,650
128,702,-28,202,-121,819,-34,650
128,704,-29,203,-121,819,-36,653
127,705,-30,204,-120,819,-37,654
128,708,-30,205,-121,820,-39,656
128,711,-32,206,-122,819,-39,656
128,713,-33,207,-124,817,-39,659
128,715,-33,208,-126,816,-41,660
127,716,-33,208,-126,816,-42,662
127,718,-34,208,-126,818,-42,661
129,720,-36,208,-126,819,-41,664
130,722,-39,208,-126,818,-42,662
129,723,-40,209,-126,818,-42,664
128,724,-41,208,-126,818,-43,665
128,725,-41,209,-125,818,-45,666
129,726,-41,209,-126,818,-43,667
130,727,-43,211,-127,816,-45,666
131,729,-44,212,-129,816,-43,667
131,731,-44,212,-130,816,-43,670
130,732,-44,212,-131,816,-45,670
129,733,-44,213,-131,815,-48,671
128,733,-46,214,-131,815,-48,668
128,735,-48,214,-131,814,-48,671
129,737,-50,213,-131,815,-48,671
129,740,-52,213,-131,815,-50,673
130,742,-53,214,-131,815,-50,676
130,743,-54,216,-131,815,-52,673
130,744,-54,216,-131,815,-52,675
130,744,-54,216,-131,815,-52,675
130,745,-54,216,-131,815,-52,676
129,747,-54,216,-131,815,-53,681
129,748,-54,216,-131,815,-53,682
130,749,-54,216,-132,815,-52,681
131,750,-57,216,-133,815,-51,681
131,750,-59,216,-134,815,-51,678
131,751,-60,215,-135,815,-51,679
130,751,-59,214,-135,815,-52,679
130,752,-58,213,-136,815,-50,683
130,753,-59,212,-136,815,-50,684
129,754,-60,212,-136,815,-51,682
128,754,-61,212,-136,815,-52,682
127,753,-62,211,-136,815,-52,682
127,752,-62,210,-136,815,-52,681
126,751,-62,210,-136,815,-53,679
126,751,-62,209,-136,815,-53,679
125,750,-61,209,-136,815,-54,678
126,750,-61,209,-136,815,-53,678
126,749,-61,209,-136,815,-51,677
126,748,-62,208,-136,815,-51,676
126,746,-64,207,-136,815,-51,675
125,744,-64,207,-136,815,-52,673
124,742,-64,207,-136,815,-52,671
125,740,-63,206,-137,815,-52,668
125,737,-62,204,-137,815,-50,666
125,735,-61,202,-137,815,-50,666
124,733,-61,202,-138,815,-48,664
124,731,-61,202,-139,815,-51,662
124,729,-62,203,-140,815,-51,660
123,727,-61,202,-140,815,-51,657
122,725,-61,201,-139,815,-50,656
122,723,-59,200,-139,815,-50,654
121,720,-58,198,-140,815,-48,654
120,717,-58,198,-141,815,-50,650
119,714,-58,199,-141,815,-51,648
117,711,-58,199,-140,815,-52,644
116,708,-57,197,-140,815,-53,642
115,706,-57,195,-140,815,-51,639
115,704,-57,194,-140,815,-52,638
114,702,-56,194,-140,815,-50,638
114,700,-54,194,-140,815,-51,636
113,697,-53,193,-140,815,-51,633
112,694,-51,192,-140,815,-50,633
112,691,-51,191,-140,815,-50,629
110,687,-51,190,-140,815,-51,626
109,684,-50,188,-140,815,-50,622
108,681,-50,187,-140,815,-51,620
107,678,-49,187,-140,815,-50,618
106,675,-48,186,-140,815,-50,615
106,672,-47,185,-140,815,-50,612
106,668,-46,183,-140,815,-47,611
106,665,-44,182,-140,815,-47,607
105,660,-43,181,-140,815,-46,604
105,656,-43,180,-140,815,-46,599
104,652,-43,178,-140,815,-45,598
104,649,-41,176,-140,815,-42,594
103,644,-39,175,-140,815,-43,593
101,639,-37,173,-140,815,-42,588
100,634,-37,172,-140,815,-43,582
99,629,-36,170,-141,815,-42,579
99,625,-34,170,-141,815,-42,576
99,622,-31,169,-140,815,-40,574
98,618,-29,168,-139,815,-41,571
97,614,-28,166,-139,815,-39,570
95,609,-27,166,-139,815,-41,565
94,605,-26,164,-139,815,-40,560
93,601,-25,163,-139,815,-41,559
93,596,-25,161,-139,815,-39,554
93,591,-25,158,-139,815,-35,549
93,586,-25,155,-137,815,-32,544
92,581,-23,153,-136,815,-34,542
90,577,-20,153,-135,815,-32,540
89,573,-17,152,-136,815,-31,535
88,567,-15,150,-136,815,-32,533
87,561,-14,148,-136,815,-31,527
87,555,-14,145,-136,815,-29,523
87,549,-11,144,-136,815,-26,517
88,544,-9,143,-136,815,-25,513
87,538,-7,142,-136,815,-23,509
85,534,-4,140,-136,815,-25,506
83,529,-2,139,-136,815,-25,505
82,524,0,137,-136,815,-24,499
81,518,0,136,-136,815,-24,493
81,511,0,134,-136,815,-21,489
80,504,2,133,-136,815,-23,482
79,498,4,131,-134,815,-21,479
78,493,7,129,-132,814,-20,473
77,487,8,126,-131,815,-18,471
76,480,10,124,-130,816,-17,466
76,473,11,122,-130,817,-14,458
76,466,13,121,-131,818,-14,451
75,460,16,120,-131,818,-12,448
73,454,19,120,-130,818,-14,444
70,449,22,119,-130,818,-15,441
68,443,25,117,-130,818,-14,435
67,437,27,114,-130,819,-13,432
67,430,29,112,-130,820,-10,427
67,423,30,110,-130,820,-8,421
66,416,32,108,-131,820,-8,416
65,410,33,107,-131,820,-7,410
64,404,35,104,-130,820,-6,407
63,399,38,102,-130,820,-3,401
62,392,40,100,-129,820,-2,397
59,385,42,97,-128,820,-3,393
57,379,43,96,-127,819,-4,385
55,372,45,94,-126,819,-4,379
55,367,46,93,-126,819,-2,377
54,361,50,91,-126,819,-3,373
54,354,54,90,-126,819,-1,369
53,347,57,88,-126,819,1,365
53,339,59,86,-126,819,3,356
53,332,61,85,-126,819,3,352
52,326,61,84,-126,819,4,345
51,320,62,83,-126,819,3,340
50,314,63,82,-126,821,4,336
49,308,65,79,-125,822,7,330
48,302,68,77,-124,823,8,327
48,296,70,74,-122,822,10,323
48,291,72,72,-120,821,13,318
48,285,74,71,-120,820,13,314
48,280,76,70,-121,819,15,310
47,274,79,69,-121,819,14,306
46,267,82,68,-121,819,15,302
45,261,84,67,-121,819,15,296
43,257,86,65,-121,819,17,294
41,252,88,62,-121,819,17,290
39,248,90,60,-119,819,17,288
38,242,91,59,-117,819,18,281
38,236,93,57,-116,819,19,278
38,230,94,55,-115,819,21,272
38,226,97,53,-116,819,23,271
36,222,99,50,-116,819,24,269
35,217,101,49,-116,817,25,264
34,212,102,47,-116,815,26,261
33,206,104,45,-116,814,26,255
33,200,105,43,-116,813,29,251
32,194,107,42,-116,813,30,246
32,188,109,40,-115,814,30,242
31,182,110,38,-114,814,31,236
31,177,112,36,-113,814,34,234
31,172,114,35,-112,813,36,229
30,168,116,32,-112,813,36,227
29,162,118,30,-112,813,37,224
26,156,120,28,-112,813,37,218
24,151,121,26,-111,813,37,214
22,146,122,25,-110,813,36,209
21,143,122,23,-108,814,37,207
21,140,124,21,-108,814,39,206
19,136,127,20,-108,813,37,202
18,131,129,18,-108,812,39,200
18,126,130,17,-107,810,41,195
16,121,132,15,-107,810,40,192
14,116,134,13,-107,809,41,187
12,111,136,11,-107,809,41,185
10,107,137,10,-107,809,41,181
9,103,138,9,-105,810,40,177
9,99,139,8,-103,811,40,175
9,93,140,6,-101,811,42,169
8,87,142,4,-101,812,43,166
7,83,144,2,-101,812,46,162
7,79,145,0,-101,812,46,161
7,75,147,0,-101,812,48,157
6,71,148,-1,-102,811,47,155
4,67,149,-2,-102,810,48,151
3,64,150,-3,-101,810,47,148
3,61,151,-5,-100,810,50,145
3,57,152,-6,-98,809,50,144
3,53,154,-7,-97,808,52,140
2,49,155,-9,-97,809,53,139
0,46,156,-11,-97,811,52,135
0,42,155,-14,-97,813,52,131
-1,38,156,-16,-97,813,54,126
-1,33,156,-18,-97,813,54,125
-1,30,157,-18,-97,811,57,122
-2,28,158,-19,-97,809,56,119
-3,25,159,-20,-97,808,54,117
-5,23,160,-21,-96,809,53,117
-7,20,161,-22,-95,809,53,113
-9,17,162,-23,-96,809,53,111
-11,14,163,-25,-95,808,52,109
-12,11,163,-27,-94,807,53,108
-11,10,163,-27,-92,807,54,107
-11,10,163,-27,-92,807,54,106
-11,8,163,-27,-92,807,54,104
-13,6,163,-29,-92,807,53,102
-13,4,163,-31,-92,807,56,101
-13,3,164,-32,-92,807,56,100
-12,2,164,-33,-91,807,58,98
-13,0,165,-34,-90,808,58,98
-14,-1,166,-36,-89,807,59,96
-14,-2,166,-37,-88,806,58,96
-15,-2,166,-38,-88,804,58,96
-15,-2,165,-39,-87,802,58,96
-16,-3,165,-40,-87,802,59,95
-18,-3,166,-42,-88,802,58,95
-19,-4,167,-43,-88,802,59,96
-20,-5,169,-44,-87,802,58,96
-19,-4,170,-45,-87,802,61,98
-19,-4,170,-47,-88,802,62,98
-19,-4,170,-48,-88,802,64,98
-19,-4,168,-49,-87,802,63,96
-20,-5,167,-50,-86,802,63,95
-22,-6,166,-50,-84,802,61,93
-23,-7,167,-50,-83,802,59,93
-24,-7,168,-51,-82,802,59,96
-24,-7,169,-53,-83,802,62,96
-24,-7,171,-54,-83,802,62,96
-24,-7,170,-54,-83,802,62,96
-23,-6,169,-55,-83,802,64,96
-24,-7,168,-56,-83,802,64,96
-25,-7,168,-58,-83,801,63,95
-27,-8,169,-60,-83,800,63,95
-28,-8,169,-61,-83,799,64,95
-29,-7,168,-63,-83,798,63,95
-29,-7,167,-64,-81,797,63,96
-29,-5,166,-64,-80,797,63,97
-30,-5,165,-65,-79,797,63,97
-30,-4,164,-66,-79,797,63,98
-31,-3,163,-67,-80,797,62,100
-32,-2,163,-67,-80,797,61,101
-33,-1,162,-67,-80,797,59,98
-36,-2,162,-68,-79,797,59,98
-37,-1,161,-69,-79,797,58,100
-39,0,160,-70,-78,796,56,101
-39,0,159,-71,-78,795,56,102
-39,1,158,-72,-78,795,56,102
-39,1,157,-73,-79,794,56,102
-39,2,156,-73,-79,793,56,101
-41,3,155,-73,-78,792,54,102
-41,5,153,-74,-77,791,53,104
-42,7,152,-75,-76,792,52,106
-43,8,152,-76,-75,792,54,107
-44,9,151,-77,-75,792,53,108
-45,10,151,-76,-74,791,52,107
-45,13,151,-75,-73,791,50,109
-45,16,150,-75,-73,790,50,112
-44,18,148,-75,-73,790,51,114
-44,20,147,-76,-74,790,51,114
-44,21,145,-77,-74,790,51,115
-46,23,145,-77,-74,789,50,117
-47,26,144,-78,-74,788,48,119
-46,28,144,-79,-74,787,48,122
-46,30,144,-79,-74,787,51,124
-45,32,142,-79,-74,788,50,125
-45,35,141,-79,-74,789,50,128
-46,37,139,-80,-74,788,48,129
-45,40,137,-81,-74,787,50,131
-45,42,136,-81,-74,787,50,131
-45,44,135,-80,-74,787,50,133
-46,45,135,-80,-74,787,48,134
-46,46,134,-81,-74,787,48,135
-46,48,133,-83,-72,787,48,137
-47,50,132,-83,-70,787,47,139
-48,51,130,-82,-69,787,46,137
-48,53,129,-81,-68,787,43,140
-48,55,127,-81,-69,787,45,139
-47,57,125,-82,-69,787,45,141
-47,59,124,-83,-69,787,45,142
-49,61,123,-82,-69,787,43,145
-50,63,122,-81,-69,787,40,145
-51,65,120,-81,-69,787,39,146
-52,66,119,-82,-69,787,37,147
-52,67,117,-83,-69,787,37,146
-54,69,116,-82,-69,786,36,148
-54,72,115,-81,-69,785,36,151
-53,75,115,-79,-69,784,34,155
-50,78,114,-79,-69,783,36,155
-50,80,112,-79,-69,783,37,156
-49,82,110,-79,-69,783,37,156
-50,85,107,-79,-69,782,34,159
-51,89,106,-78,-69,782,34,161
-51,92,105,-77,-68,781,30,163
-51,95,104,-75,-68,781,30,167
-52,98,104,-75,-68,781,30,169
-52,101,102,-75,-68,781,28,169
-51,104,99,-75,-68,781,28,173
-50,107,97,-75,-68,781,29,173
-49,110,96,-75,-68,781,30,177
-49,113,96,-74,-67,781,28,180
-49,117,95,-73,-66,781,28,184
-50,121,93,-72,-65,781,24,185
-50,124,92,-70,-65,781,24,187
-49,127,91,-69,-65,782,23,191
-49,129,91,-68,-66,781,23,191
-48,133,90,-68,-66,780,23,194
-48,136,88,-68,-67,778,23,197
-48,139,86,-68,-66,777,20,198
-48,142,83,-68,-66,776,21,201
-47,144,82,-67,-65,777,21,201
-46,147,81,-66,-65,777,20,203
-45,150,80,-64,-65,777,21,207
-44,153,79,-63,-65,777,20,207
-43,154,78,-62,-65,777,20,208
-43,155,77,-61,-65,777,18,209
-43,157,76,-60,-65,777,18,208
-43,160,75,-59,-65,777,18,212
-43,163,75,-59,-65,777,15,216
-42,166,74,-58,-65,777,17,218
-42,169,72,-57,-65,777,17,218
-41,171,70,-56,-65,777,15,220
-40,173,69,-55,-65,777,15,223
-40,175,69,-54,-65,777,14,224
-40,179,69,-52,-65,777,14,225
-40,182,68,-51,-65,777,12,228
-39,185,67,-50,-65,777,13,231
-38,188,66,-50,-65,777,13,234
-37,190,66,-49,-65,777,12,234
-36,192,65,-48,-65,777,13,236
-35,195,63,-46,-65,777,12,239
-34,196,62,-45,-65,776,12,238
-34,198,61,-44,-65,775,9,240
-34,201,60,-43,-65,775,9,242
-35,204,60,-43,-65,775,9,245
-34,206,59,-42,-65,775,7,246
-33,208,58,-41,-65,775,8,247
-33,209,57,-39,-65,774,8,249
-33,211,57,-39,-65,773,6,250
-32,213,56,-38,-65,772,7,250
-31,215,55,-37,-65,771,7,251
-30,216,53,-36,-65,772,7,253
-29,218,52,-34,-65,772,7,252
-28,220,52,-32,-65,772,6,255
-29,221,53,-30,-65,772,2,256
-30,223,53,-28,-65,772,1,257
-30,225,53,-27,-65,772,2,260
-29,227,52,-26,-65,772,0,262
-28,230,51,-26,-64,771,1,262
-28,232,50,-25,-63,771,1,264
-27,234,49,-24,-64,771,0,266
-25,235,48,-23,-65,772,1,267
-24,235,46,-21,-65,772,0,264
-22,236,45,-19,-65,772,-1,266
-22,238,44,-18,-65,772,0,266
-21,241,43,-18,-65,772,0,268
-21,243,43,-17,-65,772,-1,271
-19,244,41,-16,-63,771,0,271
-17,244,41,-14,-61,771,0,269
-16,245,40,-12,-60,771,1,269
-15,247,40,-10,-61,771,-1,272
-16,249,40,-9,-64,771,-2,274
-17,250,39,-9,-65,772,-4,274
-16,251,39,-8,-64,772,-3,275
-14,252,39,-7,-63,772,-2,277
-13,254,39,-5,-63,771,-3,275
-14,255,38,-4,-65,770,-4,277
-14,256,36,-3,-65,768,-7,275
-14,258,35,-2,-65,767,-7,278
-13,260,34,-1,-65,766,-6,279
-12,262,34,0,-65,767,-7,281
-12,263,35,0,-65,767,-8,283
-13,263,36,2,-65,767,-8,283
-13,263,36,4,-65,767,-10,283
-14,265,34,6,-65,767,-14,281
-13,267,33,7,-65,767,-13,284
-12,269,32,7,-65,767,-12,286
-11,271,33,8,-65,767,-12,288
-11,271,35,10,-65,767,-14,288
-12,271,35,12,-65,767,-14,289
-12,272,33,14,-65,767,-18,289
-11,274,32,15,-65,767,-19,289
-10,276,31,16,-65,767,-18,290
-9,277,32,17,-65,767,-17,291
-8,277,33,18,-65,767,-15,291
-9,277,34,18,-65,767,-17,291
-9,277,33,19,-65,767,-19,291
-9,276,31,21,-65,766,-19,291
-9,276,31,22,-65,765,-21,288
-7,277,32,23,-65,765,-20,291
-7,280,33,24,-65,765,-19,294
-6,282,34,25,-65,766,-19,296
-6,283,34,27,-65,767,-21,297
-7,284,33,29,-65,767,-24,296
-7,283,32,30,-65,767,-24,295
-7,283,32,30,-65,767,-24,295
-7,283,32,29,-65,767,-24,295
-7,283,32,29,-65,766,-24,295
-7,283,31,31,-65,765,-24,295
-6,284,29,32,-65,765,-25,294
-4,285,29,34,-65,765,-24,294
-3,285,29,35,-65,766,-25,295
-2,286,31,35,-65,767,-24,295
-2,285,32,36,-65,767,-25,297
-3,285,32,36,-65,765,-25,297
-3,285,31,38,-65,763,-25,295
-3,286,30,39,-65,762,-28,295
-3,286,28,40,-65,761,-28,295
-3,285,28,40,-65,762,-28,295
-2,285,28,40,-65,762,-26,295
-2,285,30,41,-65,763,-26,295
-3,287,31,43,-65,764,-30,296
-5,289,31,45,-65,765,-32,297
-5,290,30,46,-65,764,-35,300
-4,291,30,46,-65,764,-34,300
-2,292,30,46,-65,764,-31,301
0,292,31,47,-65,765,-30,301
0,292,32,49,-65,764,-32,302
0,292,32,50,-65,763,-32,301
0,292,32,51,-65,762,-32,301
0,292,32,50,-65,762,-32,301
0,292,32,50,-65,762,-32,301
0,292,32,50,-65,762,-31,302
0,293,34,51,-65,762,-31,302
1,293,35,53,-65,762,-30,302
2,294,35,55,-65,762,-31,303
3,295,34,56,-65,762,-31,303
3,295,34,56,-65,762,-30,303
3,294,34,56,-65,762,-30,303
3,295,33,56,-65,762,-31,303
2,296,33,57,-65,762,-35,302
1,297,33,58,-65,763,-35,303
3,298,35,60,-65,764,-34,307
4,299,36,61,-65,763,-31,308
5,300,37,61,-65,762,-31,310
6,301,36,61,-65,762,-30,311
5,301,36,61,-65,762,-31,311
5,301,36,61,-65,762,-31,311
5,301,36,61,-65,762,-31,311
5,301,36,61,-65,763,-31,311
5,301,37,61,-65,766,-31,311
5,301,38,62,-65,767,-34,311
5,301,39,63,-65,767,-34,311
5,301,39,63,-65,765,-34,311
5,301,39,63,-65,765,-34,311
5,301,39,63,-65,766,-34,310
5,301,39,63,-65,767,-34,311
4,302,39,64,-65,767,-35,312
3,304,40,64,-65,765,-36,316
3,305,40,64,-65,763,-36,317
3,306,40,64,-65,763,-36,318
3,306,40,64,-65,765,-36,317
3,305,39,64,-65,766,-36,314
3,305,40,64,-65,767,-36,314
2,306,41,65,-65,767,-36,317
3,306,42,66,-65,767,-36,318
4,306,43,67,-65,767,-35,318
4,306,44,67,-65,767,-35,318
3,306,43,67,-65,767,-35,318
2,307,42,68,-65,767,-39,318
2,309,41,70,-65,767,-40,318
3,311,41,72,-65,767,-41,321
4,312,42,74,-65,767,-40,322
5,312,43,74,-65,767,-39,324
5,312,44,74,-65,767,-39,323
4,312,44,74,-65,767,-40,323
4,312,43,74,-65,767,-40,323
4,312,43,74,-65,767,-40,323
4,312,43,74,-65,767,-40,323
4,312,43,74,-65,766,-40,324
4,312,43,74,-65,766,-40,323
5,310,44,74,-65,767,-39,322
6,309,44,75,-65,769,-40,321
7,307,45,75,-65,770,-40,319
7,307,45,75,-65,770,-40,318
7,308,45,75,-65,770,-39,319
7,308,46,76,-65,770,-39,319
7,308,46,76,-65,771,-40,319
6,307,46,76,-65,772,-41,318
4,306,47,77,-65,772,-42,318
3,305,47,77,-65,772,-43,317
3,304,46,76,-65,772,-43,316
3,304,45,75,-65,772,-43,316
3,304,45,75,-65,772,-42,316
4,304,46,76,-65,772,-42,316
4,303,47,78,-65,772,-42,314
3,300,47,78,-65,772,-42,312
2,299,46,77,-65,772,-45,311
1,299,46,76,-65,772,-45,310
2,299,45,75,-65,772,-45,311
2,300,46,76,-65,772,-43,311
2,300,45,75,-65,772,-43,312
1,299,44,75,-65,772,-45,311
1,297,44,74,-65,772,-42,308
2,296,44,74,-65,771,-42,307
3,295,45,75,-65,771,-42,306
3,294,45,75,-65,772,-42,306
3,294,44,75,-65,773,-43,306
2,294,45,75,-65,773,-42,306
0,293,45,74,-65,773,-43,305
0,292,46,73,-65,772,-45,303
-1,292,46,74,-66,771,-45,303
0,292,46,75,-67,771,-47,303
0,292,46,76,-66,772,-47,303
0,292,45,76,-65,772,-47,303
0,292,45,75,-65,772,-47,303
0,292,45,76,-65,772,-47,303
0,292,46,76,-65,772,-47,303
0,292,46,75,-65,772,-47,303
0,292,46,75,-66,772,-45,303
0,292,46,74,-68,772,-45,303
0,292,46,75,-70,772,-45,303
0,292,47,77,-71,772,-47,303
0,292,47,78,-70,772,-47,303
0,292,47,78,-68,772,-47,303
0,292,47,77,-66,772,-47,303
0,292,47,77,-65,772,-47,303
0,293,47,77,-65,772,-46,305
0,293,47,78,-66,772,-46,305
0,293,47,77,-67,772,-46,305
0,292,47,77,-67,772,-47,303
0,292,47,77,-67,772,-47,303
0,292,47,77,-68,772,-47,303
0,292,47,77,-69,772,-47,303
0,292,47,77,-69,772,-47,303
0,293,47,77,-68,772,-47,305
0,292,47,77,-67,772,-47,303
0,291,47,77,-67,772,-47,302
0,289,47,77,-67,772,-46,301
1,288,47,77,-67,772,-45,299
1,288,47,77,-66,771,-45,299
1,288,47,77,-67,771,-45,299
1,288,47,77,-68,772,-45,299
1,288,47,77,-68,773,-45,300
1,288,47,77,-67,774,-45,300
1,288,47,77,-67,773,-45,300
1,288,47,77,-67,772,-45,299
1,287,47,77,-68,771,-45,299
2,286,47,77,-67,772,-45,297
1,287,47,77,-67,773,-45,299
1,288,47,77,-66,774,-45,299
1,288,47,77,-66,775,-45,300
1,288,47,77,-67,774,-45,300
1,288,47,77,-66,773,-45,299
1,288,47,77,-65,772,-45,299
1,288,47,77,-65,773,-45,300
1,288,47,77,-64,774,-45,300
1,288,47,77,-65,775,-45,299
1,288,47,77,-65,775,-45,299
1,288,47,77,-66,775,-45,299
0,289,47,77,-66,776,-46,301
0,291,47,77,-66,777,-47,302
-1,292,47,77,-66,777,-48,303
-2,292,47,77,-66,777,-48,303
-2,290,47,78,-66,777,-48,302
-1,290,47,77,-66,777,-48,301
0,291,47,77,-65,777,-47,302
0,291,47,77,-66,777,-46,302
0,289,47,78,-67,777,-46,301
1,288,47,78,-68,777,-45,300
1,288,47,77,-68,777,-45,299
1,288,48,76,-68,777,-45,302
1,288,48,76,-69,777,-42,302
0,288,48,77,-69,777,-46,299
0,287,47,77,-68,777,-47,299
-1,286,49,77,-67,777,-47,300
-2,286,50,76,-66,777,-46,300
-3,285,51,76,-67,777,-47,300
-3,285,49,77,-68,777,-50,299
-2,285,47,78,-70,777,-50,297
-1,286,48,77,-69,777,-48,297
-1,286,50,76,-68,777,-45,300
-1,286,52,75,-68,777,-46,300
-2,286,52,75,-68,777,-46,300
-3,285,51,74,-69,777,-47,300
-3,286,51,74,-68,777,-47,300
-3,286,51,75,-68,777,-47,300
-2,285,51,76,-68,776,-47,300
-2,284,50,77,-68,777,-46,299
-1,283,50,77,-68,777,-46,297
-1,282,50,76,-69,779,-46,296
-1,282,50,75,-69,780,-46,296
-1,282,49,75,-68,780,-46,296
0,282,48,76,-66,779,-45,296
0,281,48,76,-66,778,-45,295
0,281,49,75,-68,778,-45,295
0,281,50,75,-69,780,-45,295
0,282,48,76,-70,781,-43,296
0,281,47,77,-70,781,-47,292
-1,281,47,78,-68,780,-48,292
-3,280,48,79,-68,780,-50,291
-4,279,48,79,-68,780,-51,290
-5,279,48,78,-68,780,-52,290
-5,279,48,78,-69,780,-51,290
-5,280,48,78,-68,780,-51,291
-4,279,48,79,-66,780,-51,290
-4,278,48,78,-66,780,-51,289
-3,276,48,78,-67,780,-50,288
-2,274,47,77,-69,781,-48,286
-2,274,47,77,-70,782,-48,285
-2,274,47,77,-69,782,-48,286
-3,275,47,78,-69,782,-50,286
-3,275,47,78,-69,781,-50,286
-2,274,47,77,-69,780,-48,285
0,272,47,77,-69,778,-47,283
0,271,47,77,-69,778,-46,281
0,270,47,77,-69,780,-46,281
-1,270,47,77,-69,781,-47,281
-3,269,47,77,-69,781,-50,280
-4,268,47,77,-69,779,-51,279
-5,268,47,77,-69,777,-51,279
-4,268,47,77,-69,776,-51,279
-4,268,47,77,-69,776,-51,280
-4,269,47,78,-69,777,-51,280
-5,268,48,78,-69,778,-51,279
-5,266,47,77,-69,780,-51,278
-4,264,46,76,-69,782,-51,275
-3,263,45,75,-69,782,-50,275
-4,264,45,75,-69,782,-51,275
-6,264,45,75,-69,782,-52,275
-7,263,44,75,-69,782,-53,274
-7,262,44,75,-69,782,-53,273
-6,261,45,75,-69,782,-52,273
-6,262,45,75,-69,782,-52,273
-6,261,45,75,-69,782,-52,273
-6,260,44,74,-69,782,-50,272
-4,259,43,74,-69,782,-48,271
-3,257,43,74,-69,782,-47,269
-4,257,43,74,-69,782,-47,268
-5,256,44,74,-69,782,-48,268
-7,256,44,74,-69,782,-51,267
-8,255,43,74,-69,782,-52,267
-9,255,43,74,-69,782,-52,267
-8,255,43,74,-69,782,-52,267
-8,255,43,74,-69,782,-52,266
-7,254,43,74,-69,782,-51,266
-7,253,43,74,-69,782,-51,264
-8,252,43,74,-69,782,-52,263
-10,250,43,74,-69,781,-53,261
-10,249,43,74,-69,781,-53,260
-10,248,43,74,-69,782,-54,260
-10,248,43,74,-69,783,-54,260
-10,248,43,74,-69,784,-53,260
-10,248,43,74,-69,784,-53,260
-10,248,43,74,-69,783,-54,260
-10,249,43,74,-69,783,-54,260
-11,249,43,74,-69,784,-54,260
-10,248,43,74,-69,786,-54,260
-10,247,43,74,-69,787,-53,258
-9,245,43,74,-69,786,-52,257
-8,244,43,74,-69,785,-51,256
-7,244,43,74,-69,785,-51,256
-8,244,43,74,-69,785,-52,255
-9,243,43,74,-69,786,-53,255
-11,242,43,74,-69,787,-54,253
-12,242,44,74,-69,787,-56,252
-13,242,43,74,-69,787,-56,252
-12,242,43,75,-69,787,-58,250
-12,242,41,76,-69,787,-58,251
-12,242,40,76,-69,787,-58,251
-13,242,40,75,-69,787,-58,251
-14,241,40,76,-69,787,-59,250
-14,239,41,77,-69,787,-63,247
-14,237,42,77,-69,787,-63,246
-13,236,42,77,-69,787,-58,245
-12,236,40,76,-69,787,-58,245
-12,236,38,75,-69,787,-58,242
-13,234,37,73,-69,787,-58,241
-13,232,39,72,-69,787,-56,241
-12,231,39,71,-69,787,-56,239
-12,230,39,72,-69,787,-56,239
-12,231,39,72,-69,787,-56,240
-12,231,39,72,-69,787,-56,240
-11,230,38,73,-69,787,-57,239
-10,228,38,73,-69,787,-56,236
-10,226,38,72,-69,787,-56,233
-11,225,38,71,-69,787,-54,234
-13,225,37,71,-69,787,-56,231
-14,224,37,72,-69,787,-59,230
-14,224,38,72,-69,787,-59,230
-14,224,39,72,-69,787,-57,233
-15,223,39,72,-69,787,-58,231
-16,222,38,73,-69,787,-62,228
-18,220,37,74,-69,787,-63,227
-18,219,36,75,-69,787,-63,225
-17,218,37,75,-69,787,-62,224
-16,218,37,74,-69,787,-61,224
-16,217,36,75,-69,787,-62,224
-17,217,37,75,-69,787,-63,223
-19,216,37,74,-69,787,-64,222
-20,216,37,73,-69,787,-65,222
-21,216,38,73,-69,787,-67,222
-21,215,38,74,-69,787,-65,222
-20,214,37,74,-69,787,-65,220
-18,212,36,74,-69,787,-64,218
-18,211,36,74,-69,787,-63,217
-18,211,35,73,-69,787,-63,217
-20,212,36,73,-69,787,-65,218
-22,211,36,74,-69,787,-68,217
-23,210,37,75,-69,787,-69,216
-23,209,37,74,-69,787,-68,214
-22,209,37,74,-69,787,-68,214
-22,209,37,74,-69,787,-68,216
-22,209,37,74,-69,787,-68,216
-22,207,37,75,-69,787,-67,213
-22,205,36,74,-69,787,-68,211
-23,202,36,73,-69,787,-69,208
-24,202,35,73,-69,787,-69,208
-25,202,36,74,-69,787,-69,208
-25,202,36,75,-69,787,-70,208
-25,202,37,74,-69,787,-70,208
-25,200,37,72,-70,787,-70,206
-26,197,36,70,-71,787,-68,203
-27,195,36,69,-71,787,-69,202
-27,195,36,69,-71,787,-69,202
-26,195,37,70,-70,787,-69,202
-26,194,36,70,-70,787,-69,201
-26,192,35,70,-69,787,-69,198
-27,190,34,70,-71,787,-69,196
-28,188,34,69,-72,787,-70,195
-29,188,35,69,-72,787,-72,195
-30,188,35,69,-71,786,-73,195
-30,188,35,69,-70,785,-73,194
-31,187,34,69,-70,783,-73,192
-31,185,35,69,-71,783,-74,191
-31,184,36,68,-71,784,-73,190
-32,183,36,68,-71,784,-72,189
-32,182,36,68,-72,784,-74,187
-32,181,35,69,-74,784,-74,187
-33,181,35,69,-75,784,-75,186
-34,180,35,69,-74,783,-76,186
-35,180,35,69,-72,783,-76,186
-35,180,35,69,-71,784,-78,186
-35,180,34,69,-71,785,-78,186
-35,180,34,70,-72,786,-76,186
-35,180,34,70,-72,786,-76,186
-35,180,34,70,-72,785,-78,186
-36,179,34,70,-73,784,-78,185
-37,177,33,71,-74,784,-81,183
-38,175,33,72,-74,784,-83,181
-39,174,34,72,-74,785,-84,180
-39,174,34,72,-74,786,-84,180
-39,174,34,72,-74,787,-84,180
-39,173,34,71,-74,787,-84,179
-38,173,33,71,-74,787,-83,177
-38,173,33,71,-74,787,-83,179
-39,173,33,71,-74,786,-84,179
-40,172,33,71,-74,785,-85,178
-40,170,33,71,-74,785,-85,177
-40,168,33,71,-74,785,-85,174
-39,166,33,71,-74,787,-84,173
-39,166,33,71,-74,787,-83,170
-39,166,32,70,-74,787,-84,170
-40,167,32,70,-74,787,-85,170
-41,166,32,70,-74,787,-85,169
-41,164,32,70,-73,787,-85,168
-41,162,32,70,-72,787,-85,166
-40,160,33,71,-72,787,-85,164
-41,160,33,71,-72,787,-85,163
-41,160,32,70,-73,787,-86,163
-42,160,31,69,-74,787,-84,163
-42,158,30,68,-74,787,-84,162
-42,156,29,67,-74,786,-84,159
-42,154,29,67,-74,785,-84,157
-42,153,30,68,-74,785,-84,157
-43,153,31,69,-74,785,-85,157
-43,154,31,69,-74,785,-85,157
-44,153,30,68,-74,786,-86,157
-45,152,30,68,-74,787,-86,156
-45,152,31,69,-74,787,-87,156
-46,152,32,70,-73,786,-90,155
-47,151,32,70,-72,785,-91,155
-47,151,31,69,-72,785,-89,155
-47,151,30,68,-72,786,-89,155
-47,151,29,67,-73,787,-89,155
-47,151,29,68,-74,786,-89,155
-47,151,30,68,-74,785,-89,155
-47,151,29,68,-74,784,-89,155
-48,151,29,68,-74,783,-90,153
-50,150,30,68,-74,784,-92,153
-52,149,31,68,-74,785,-93,152
-51,148,31,69,-74,787,-93,152
-51,148,31,68,-74,787,-92,151
-50,147,30,68,-74,785,-92,151
-51,146,29,68,-74,783,-93,148
-53,144,29,68,-74,782,-95,147
-54,142,29,68,-74,783,-96,146
-55,142,29,68,-74,786,-96,145
-55,141,30,68,-74,787,-97,145
-56,141,30,68,-74,786,-98,145
-57,141,29,68,-74,784,-98,145
-57,140,28,66,-74,784,-100,144
-57,139,27,65,-74,785,-98,142
-57,137,28,66,-74,786,-98,140
-57,136,28,66,-74,786,-98,139
-58,134,28,67,-74,786,-100,137
-59,132,28,66,-74,785,-101,135
-58,131,26,65,-74,785,-100,131
-57,130,26,64,-74,785,-98,130
-57,129,26,64,-74,785,-98,129
-58,129,26,65,-74,786,-100,129
-60,128,26,65,-74,786,-102,129
-62,127,26,65,-74,786,-103,128
-64,126,26,64,-74,785,-104,126
-65,125,26,65,-74,786,-107,125
-66,125,26,65,-74,786,-107,125
-66,125,26,65,-74,786,-107,125
-66,124,26,64,-74,785,-107,124
-67,123,26,64,-74,785,-108,123
-68,121,26,65,-75,786,-109,122
-69,121,26,66,-75,787,-111,122
-70,121,25,68,-75,787,-113,122
-71,120,24,69,-75,787,-114,120
-73,119,23,69,-75,787,-117,118
-75,118,22,68,-75,787,-119,115
-77,115,23,68,-75,787,-120,113
-77,113,23,68,-75,787,-120,112
-77,113,23,68,-76,787,-120,111
-76,113,22,68,-76,787,-120,111
-77,114,22,68,-76,787,-120,112
-78,113,23,68,-77,787,-122,112
-80,112,23,68,-77,787,-123,112
-82,109,22,68,-76,787,-125,107
-83,106,20,68,-75,787,-129,104
-83,104,18,68,-75,785,-129,100
-84,104,17,67,-77,785,-130,98
-86,103,18,65,-79,786,-130,98
-89,102,19,65,-79,787,-131,100
-90,101,19,66,-79,787,-134,98
-92,100,17,67,-79,788,-137,95
-93,98,15,68,-79,787,-139,93
-94,95,14,68,-79,787,-140,90
-97,92,14,67,-79,786,-142,86
-100,90,15,67,-79,785,-145,85
-101,90,14,67,-79,786,-146,85
-103,89,14,66,-79,787,-148,81
-103,87,12,65,-79,786,-148,79
-104,84,12,65,-79,784,-146,76
-105,82,12,65,-79,782,-151,74
-108,80,12,65,-79,782,-153,73
-110,79,12,65,-79,782,-156,72
-112,78,12,65,-79,782,-157,70
-112,76,11,64,-79,782,-156,69
-113,74,10,63,-79,782,-156,67
-114,72,7,63,-79,782,-158,62
-115,68,6,64,-80,782,-161,58
-118,66,7,64,-81,782,-163,56
-120,63,7,63,-82,782,-166,53
-122,60,7,61,-81,782,-164,50
-123,57,5,60,-82,782,-166,47
-124,54,3,60,-83,782,-167,43
-125,51,2,61,-83,782,-169,39
-126,47,2,62,-84,783,-172,35
-128,43,2,62,-84,783,-173,30
-129,39,2,62,-84,781,-174,26
-132,36,0,61,-84,779,-177,23
-134,33,-1,61,-84,778,-179,18
-138,31,-3,61,-84,777,-183,15
-140,28,-4,61,-84,778,-185,13
-143,25,-4,60,-84,778,-186,9
-144,21,-5,60,-84,778,-187,3
-145,18,-6,60,-84,778,-189,0
-147,14,-7,59,-84,778,-191,-3
-149,10,-7,59,-84,778,-194,-8
-152,6,-8,59,-84,778,-196,-12
-154,2,-9,60,-84,778,-200,-15
-156,-1,-10,61,-84,778,-202,-21
-158,-4,-11,60,-84,778,-203,-25
-160,-9,-12,59,-84,776,-206,-30
-163,-14,-14,58,-84,774,-209,-35
-166,-20,-16,57,-85,773,-212,-43
-169,-25,-18,57,-86,773,-214,-48
-172,-29,-18,56,-86,773,-218,-52
-176,-32,-18,56,-86,773,-222,-56
-179,-36,-18,55,-86,773,-224,-59
-182,-41,-19,55,-86,773,-225,-64
-184,-47,-21,54,-86,773,-227,-74
-187,-53,-22,52,-86,773,-229,-79
-189,-58,-23,51,-86,773,-231,-85
-193,-64,-24,50,-88,773,-235,-90
-196,-68,-25,50,-89,773,-239,-95
-200,-74,-27,50,-90,772,-242,-103
-203,-80,-28,50,-90,770,-245,-109
-206,-87,-29,49,-90,768,-249,-115
-209,-94,-30,48,-90,768,-251,-123
-213,-102,-31,47,-90,768,-255,-130
-216,-109,-32,47,-90,769,-257,-140
-220,-117,-34,47,-90,769,-261,-148
-223,-124,-36,46,-90,768,-264,-158
-226,-131,-37,45,-89,767,-267,-166
-230,-138,-39,43,-90,765,-268,-173
-233,-145,-40,41,-92,763,-272,-179
-237,-153,-42,40,-93,763,-275,-187
-241,-162,-44,40,-93,763,-279,-200
-245,-172,-46,41,-93,764,-285,-212
-249,-182,-49,40,-92,763,-289,-222
-252,-191,-51,39,-92,762,-292,-230
-255,-199,-53,37,-93,760,-292,-241
-258,-209,-54,36,-95,759,-295,-251
-262,-219,-54,35,-95,758,-300,-261
-267,-228,-56,33,-95,759,-303,-271
-271,-238,-58,32,-95,759,-308,-279
-276,-246,-61,31,-95,759,-312,-290
-280,-255,-64,31,-95,757,-316,-302
-285,-265,-67,30,-95,755,-321,-312
-289,-276,-69,29,-95,754,-325,-325
-293,-287,-70,28,-95,754,-329,-336
-296,-297,-72,25,-96,754,-329,-347
-300,-308,-74,24,-96,753,-333,-358
-305,-320,-75,22,-95,751,-338,-372
-310,-332,-77,20,-96,749,-340,-384
-314,-344,-79,19,-96,748,-344,-396
-318,-354,-81,18,-96,749,-347,-410
-321,-365,-83,17,-97,750,-350,-421
-326,-378,-87,16,-98,749,-355,-435
-331,-391,-90,16,-99,748,-362,-449
-337,-405,-92,14,-100,746,-366,-466
-341,-419,-92,14,-101,745,-369,-479
-345,-432,-93,12,-101,744,-373,-493
-349,-445,-95,11,-101,744,-377,-505
-354,-459,-97,9,-101,743,-382,-522
-360,-473,-99,7,-101,741,-385,-537
-365,-487,-101,7,-101,740,-390,-550
-369,-500,-103,6,-101,740,-394,-566
-374,-513,-106,4,-101,739,-399,-579
-379,-527,-109,3,-101,738,-402,-595
-383,-542,-112,1,-101,736,-407,-614
-388,-558,-115,0,-102,735,-412,-628
-393,-573,-116,-1,-103,735,-416,-644
-398,-589,-118,-3,-103,734,-418,-660
-404,-605,-120,-5,-103,733,-423,-678
-410,-622,-123,-8,-104,732,-427,-695
-415,-639,-126,-10,-105,730,-432,-715
-419,-655,-128,-12,-106,728,-437,-732
-424,-672,-130,-14,-106,726,-438,-748
-430,-688,-133,-17,-105,726,-443,-766
-435,-705,-135,-19,-105,725,-449,-783
-441,-722,-137,-21,-107,725,-451,-802
-447,-740,-140,-23,-107,724,-457,-822
-451,-759,-142,-25,-107,722,-461,-841
-456,-777,-144,-28,-107,720,-463,-861
-462,-795,-147,-30,-107,718,-468,-878
-469,-813,-149,-32,-107,717,-474,-897
-475,-831,-151,-34,-107,716,-479,-917
-481,-848,-154,-36,-108,715,-484,-935
-486,-867,-156,-39,-109,715,-489,-955
-491,-885,-159,-41,-110,714,-491,-975
-496,-905,-161,-43,-110,712,-496,-994
-503,-925,-164,-46,-110,711,-500,-1018
-509,-945,-167,-48,-111,708,-506,-1037
-515,-964,-170,-50,-112,708,-511,-1059
-520,-983,-173,-52,-112,707,-516,-1077
-524,-1002,-175,-54,-113,706,-517,-1099
-528,-1023,-178,-56,-113,704,-521,-1120
-534,-1045,-181,-57,-113,703,-527,-1145
-541,-1066,-184,-59,-113,701,-533,-1167
-546,-1087,-187,-62,-113,701,-535,-1189
-551,-1107,-189,-65,-114,700,-539,-1209
-556,-1127,-192,-67,-113,698,-542,-1229
-561,-1147,-195,-69,-113,696,-546,-1252
-567,-1168,-199,-72,-114,694,-552,-1275
-573,-1189,-203,-75,-114,693,-557,-1296
-579,-1208,-206,-79,-115,692,-561,-1318
-585,-1228,-209,-81,-116,691,-566,-1339
-590,-1250,-211,-83,-117,690,-570,-1363
-597,-1271,-213,-85,-118,689,-576,-1384
-603,-1293,-216,-88,-119,687,-578,-1408
-608,-1313,-219,-91,-119,685,-583,-1428
-612,-1333,-222,-93,-119,683,-587,-1449
-617,-1355,-224,-95,-119,680,-589,-1473
-623,-1375,-226,-97,-119,678,-594,-1494
-629,-1395,-228,-100,-119,677,-598,-1513
-635,-1416,-231,-102,-119,677,-603,-1536
-640,-1436,-234,-105,-119,677,-607,-1557
-646,-1458,-237,-107,-120,676,-611,-1580
-651,-1479,-239,-110,-120,674,-616,-1602
-657,-1499,-242,-112,-120,671,-621,-1626
-662,-1520,-245,-115,-120,668,-623,-1646
-666,-1541,-248,-118,-120,666,-627,-1669
-671,-1562,-250,-119,-122,664,-629,-1690
-675,-1582,-252,-121,-123,663,-633,-1711
-680,-1602,-254,-122,-124,662,-638,-1733
-686,-1622,-256,-125,-124,661,-640,-1754
-691,-1642,-258,-129,-124,660,-643,-1773
-696,-1663,-260,-133,-124,658,-645,-1795
-701,-1685,-261,-136,-124,656,-650,-1816
-707,-1706,-263,-139,-126,655,-653,-1840
-713,-1727,-267,-142,-126,653,-659,-1861
-718,-1747,-270,-144,-126,651,-661,-1883
-723,-1766,-272,-146,-126,650,-665,-1903
-727,-1786,-274,-149,-126,648,-668,-1923
-731,-1807,-276,-151,-126,648,-671,-1947
-735,-1828,-278,-153,-126,647,-675,-1967
-740,-1848,-280,-155,-126,645,-678,-1987
-745,-1867,-282,-156,-126,642,-681,-2006
-750,-1885,-285,-159,-127,640,-686,-2027
-756,-1904,-288,-162,-129,638,-692,-2045
-762,-1922,-291,-164,-130,637,-694,-2066
-767,-1940,-293,-166,-131,635,-699,-2085
-771,-1959,-296,-169,-130,634,-703,-2106
-776,-1978,-298,-171,-131,633,-705,-2125
-780,-1997,-300,-173,-132,632,-709,-2143
-785,-2015,-303,-175,-133,631,-710,-2164
-789,-2032,-305,-177,-133,629,-715,-2181
-794,-2049,-307,-180,-132,627,-719,-2202
-798,-2067,-310,-182,-133,625,-721,-2219
-803,-2084,-312,-184,-133,622,-726,-2236
-808,-2101,-314,-186,-133,620,-730,-2255
-813,-2117,-316,-188,-133,619,-732,-2271
-818,-2131,-318,-189,-133,619,-737,-2286
-821,-2146,-320,-191,-135,618,-739,-2302
-825,-2163,-321,-193,-136,616,-743,-2320
-829,-2180,-323,-195,-137,614,-744,-2337
-834,-2195,-325,-196,-137,613,-749,-2353
-838,-2210,-326,-198,-137,611,-753,-2370
-841,-2223,-329,-200,-138,610,-754,-2384
-843,-2237,-331,-202,-139,608,-755,-2397
-844,-2251,-334,-204,-139,607,-756,-2413
-847,-2264,-336,-206,-139,605,-756,-2426
-851,-2277,-337,-208,-139,603,-760,-2440
-855,-2290,-338,-208,-139,601,-764,-2452
-858,-2303,-339,-210,-139,600,-766,-2468
-861,-2315,-342,-212,-139,600,-766,-2480
-863,-2326,-344,-214,-140,599,-769,-2491
-867,-2337,-346,-216,-141,597,-772,-2504
-870,-2348,-347,-217,-142,595,-775,-2515
-873,-2358,-348,-217,-143,593,-777,-2526
-875,-2369,-349,-218,-144,592,-777,-2536
-878,-2379,-350,-220,-145,591,-781,-2547
-882,-2388,-352,-221,-145,590,-783,-2558
-885,-2398,-354,-223,-144,589,-786,-2568
-887,-2407,-355,-224,-144,588,-786,-2578
-889,-2417,-356,-225,-145,586,-788,-2587
-891,-2427,-357,-226,-145,584,-789,-2597
-894,-2436,-357,-226,-145,582,-792,-2607
-896,-2444,-358,-227,-145,581,-794,-2617
-897,-2450,-359,-228,-145,581,-795,-2624
-898,-2457,-360,-229,-147,581,-795,-2630
-898,-2462,-361,-230,-149,580,-795,-2635
-899,-2468,-362,-231,-150,578,-794,-2641
-902,-2473,-364,-232,-151,576,-797,-2646
-904,-2478,-365,-233,-151,574,-799,-2653
-906,-2483,-365,-233,-150,573,-802,-2658
-907,-2488,-365,-234,-151,571,-802,-2664
-908,-2493,-366,-234,-151,570,-803,-2669
-909,-2497,-367,-235,-151,568,-804,-2673
-910,-2500,-367,-235,-151,567,-805,-2675
-911,-2501,-367,-235,-151,566,-805,-2677
-911,-2503,-367,-235,-151,565,-806,-2678
-912,-2504,-367,-235,-151,563,-808,-2680
-913,-2507,-367,-235,-152,562,-808,-2683
-914,-2509,-368,-234,-155,560,-809,-2685
-915,-2510,-369,-233,-156,559,-811,-2689
-915,-2510,-370,-232,-157,558,-813,-2689
-916,-2510,-369,-232,-157,557,-813,-2688
-915,-2510,-369,-233,-156,556,-813,-2688
-914,-2509,-369,-233,-156,554,-811,-2688
-912,-2508,-370,-232,-156,552,-809,-2686
-911,-2507,-370,-231,-156,552,-808,-2685
-910,-2505,-370,-231,-157,551,-808,-2684
-909,-2503,-370,-232,-158,549,-806,-2681
-909,-2501,-370,-232,-160,547,-806,-2679
-909,-2499,-370,-232,-162,546,-806,-2677
-907,-2494,-370,-232,-162,544,-804,-2673
-904,-2489,-371,-232,-162,543,-802,-2667
-901,-2484,-370,-232,-162,542,-799,-2662
-899,-2479,-369,-231,-162,541,-797,-2657
-899,-2474,-368,-229,-162,540,-799,-2652
-899,-2468,-367,-228,-162,538,-799,-2644
-897,-2461,-367,-228,-162,538,-798,-2638
-895,-2455,-366,-228,-164,536,-795,-2630
-893,-2448,-365,-227,-165,534,-793,-2624
-890,-2441,-364,-226,-166,533,-791,-2617
-888,-2433,-363,-225,-166,533,-789,-2608
-885,-2424,-363,-225,-167,534,-786,-2600
-883,-2415,-362,-224,-168,533,-784,-2591
-881,-2406,-361,-223,-168,532,-784,-2581
-879,-2397,-359,-221,-168,530,-783,-2570
-878,-2387,-357,-219,-168,529,-782,-2559
-875,-2376,-355,-217,-168,528,-780,-2550
-872,-2365,-354,-216,-168,528,-780,-2535
-870,-2353,-353,-215,-167,527,-777,-2523
-867,-2341,-352,-214,-168,525,-775,-2511
-865,-2328,-350,-213,-169,524,-772,-2498
-862,-2316,-348,-211,-172,523,-772,-2484
-859,-2303,-346,-209,-173,524,-770,-2470
-856,-2290,-345,-208,-173,524,-766,-2458
-851,-2277,-345,-206,-173,524,-762,-2445
-847,-2264,-344,-205,-173,524,-761,-2431
-843,-2250,-343,-202,-173,522,-756,-2418
-840,-2236,-342,-200,-173,520,-756,-2403
-837,-2221,-340,-197,-173,519,-756,-2388
-833,-2206,-338,-195,-173,519,-753,-2371
-828,-2191,-336,-192,-173,519,-748,-2357
-824,-2175,-333,-190,-173,520,-747,-2340
-820,-2159,-332,-189,-175,519,-743,-2321
-817,-2143,-330,-188,-177,518,-740,-2304
-814,-2126,-328,-186,-179,516,-739,-2288
-809,-2109,-327,-183,-179,514,-736,-2271
-805,-2092,-326,-179,-178,514,-734,-2254
-800,-2074,-325,-176,-178,514,-732,-2237
-795,-2057,-322,-173,-179,515,-727,-2216
-789,-2039,-320,-171,-180,515,-723,-2198
-784,-2020,-317,-169,-180,514,-719,-2180
-779,-2001,-315,-167,-180,514,-715,-2158
-774,-1981,-314,-166,-180,514,-712,-2138
-769,-1962,-312,-163,-182,515,-709,-2119
-764,-1943,-309,-161,-183,515,-703,-2097
-757,-1923,-307,-159,-184,515,-699,-2077
-751,-1903,-304,-157,-183,514,-694,-2055
-747,-1884,-302,-154,-183,513,-689,-2036
-742,-1863,-300,-151,-184,513,-687,-2015
-736,-1841,-299,-147,-185,513,-684,-1993
-730,-1820,-297,-143,-186,513,-681,-1971
-724,-1798,-295,-140,-187,512,-678,-1947
-719,-1777,-292,-138,-187,511,-673,-1926
-713,-1756,-289,-136,-187,511,-668,-1903
-708,-1735,-286,-133,-188,512,-666,-1881
-703,-1713,-284,-131,-189,512,-661,-1859
-698,-1691,-281,-128,-189,512,-659,-1834
-693,-1669,-278,-125,-188,512,-654,-1812
-688,-1648,-275,-123,-188,511,-650,-1789
-683,-1627,-273,-121,-189,511,-648,-1768
-677,-1605,-270,-118,-188,511,-642,-1746
-671,-1582,-267,-113,-188,513,-639,-1721
-665,-1559,-265,-108,-188,515,-636,-1698
-660,-1535,-262,-104,-190,516,-633,-1673
-655,-1513,-260,-101,-192,516,-631,-1649
-650,-1491,-258,-100,-193,515,-626,-1627
-643,-1468,-255,-97,-194,515,-621,-1604
-637,-1446,-251,-94,-193,515,-617,-1579
-631,-1423,-248,-91,-193,515,-611,-1554
-626,-1399,-245,-89,-193,515,-609,-1530
-621,-1376,-243,-86,-193,515,-604,-1507
-615,-1353,-241,-84,-193,515,-599,-1481
-608,-1330,-238,-81,-193,515,-595,-1458
-601,-1308,-234,-77,-193,515,-592,-1433
-595,-1285,-230,-74,-193,515,-585,-1411
-589,-1263,-226,-71,-193,515,-582,-1385
-582,-1240,-224,-68,-193,515,-576,-1362
-576,-1217,-222,-66,-195,515,-570,-1336
-571,-1193,-220,-63,-197,516,-567,-1313
-565,-1170,-218,-59,-198,516,-565,-1290
-560,-1148,-215,-57,-198,516,-560,-1265
-552,-1127,-213,-55,-198,516,-555,-1243
-545,-1105,-210,-52,-198,516,-549,-1223
-538,-1084,-208,-48,-198,516,-544,-1199
-531,-1063,-205,-44,-198,516,-539,-1178
-524,-1042,-201,-43,-198,516,-533,-1154
-518,-1020,-198,-42,-198,516,-528,-1132
-513,-998,-196,-39,-198,516,-523,-1108
-507,-977,-193,-35,-198,516,-521,-1086
-501,-957,-189,-32,-198,516,-513,-1064
-494,-936,-186,-30,-198,516,-510,-1043
-487,-917,-184,-28,-199,516,-502,-1021
-480,-896,-182,-25,-202,516,-499,-1001
-474,-875,-180,-21,-203,516,-496,-979
-468,-855,-178,-18,-203,516,-490,-959
-463,-834,-175,-17,-203,516,-485,-936
-458,-814,-171,-15,-203,516,-482,-915
-453,-794,-168,-12,-203,516,-479,-893
-448,-774,-166,-8,-203,516,-477,-872
-442,-754,-163,-5,-203,517,-471,-850
-436,-734,-161,-2,-203,518,-468,-831
-430,-715,-159,0,-203,517,-462,-811
-425,-697,-156,0,-203,516,-457,-791
-418,-679,-153,2,-203,516,-451,-772
-411,-661,-150,3,-204,516,-445,-751
-406,-642,-146,6,-205,516,-443,-730
-402,-623,-143,10,-206,516,-438,-711
-396,-605,-141,14,-207,516,-435,-693
-390,-586,-140,16,-207,517,-433,-675
-384,-569,-138,18,-208,518,-427,-654
-379,-551,-135,18,-208,518,-422,-637
-373,-535,-131,19,-208,517,-416,-618
-367,-519,-128,20,-208,516,-410,-599
-361,-503,-125,22,-208,516,-404,-583
-355,-487,-123,25,-208,517,-399,-567
-351,-472,-121,27,-208,518,-397,-550
-346,-456,-119,29,-208,517,-394,-534
-342,-441,-117,30,-208,517,-389,-520
-336,-427,-115,32,-208,517,-384,-502
-331,-413,-112,35,-207,519,-380,-488
-325,-399,-110,37,-207,521,-375,-472
-320,-385,-108,39,-207,522,-373,-457
-315,-372,-105,40,-208,521,-366,-445
-311,-360,-103,41,-208,521,-362,-430
-306,-349,-101,42,-207,521,-357,-418
-302,-337,-98,43,-207,521,-354,-404
-297,-324,-96,44,-207,521,-351,-391
-293,-310,-93,45,-209,521,-347,-375
-289,-298,-92,47,-211,521,-344,-362
-284,-287,-90,49,-212,521,-339,-351
-279,-277,-89,50,-213,521,-336,-341
-275,-266,-87,52,-213,521,-333,-328
-271,-256,-84,53,-212,522,-329,-318
-266,-245,-82,54,-211,523,-324,-303
-262,-234,-79,55,-210,523,-321,-294
-256,-223,-78,55,-209,522,-316,-283
-252,-213,-76,55,-210,521,-308,-269
-248,-202,-75,56,-211,522,-307,-258
-244,-191,-74,57,-212,524,-303,-249
-240,-181,-72,59,-212,527,-300,-235
-235,-171,-70,61,-212,527,-295,-225
-231,-161,-68,63,-212,526,-292,-216
-226,-152,-66,64,-212,525,-289,-206
-221,-143,-65,65,-212,524,-284,-195
-216,-133,-64,67,-212,525,-279,-185
-212,-123,-62,68,-212,526,-278,-175
-208,-114,-60,70,-212,527,-274,-164
-203,-104,-59,71,-212,527,-269,-155
-198,-94,-58,72,-212,526,-264,-144
-194,-86,-56,72,-213,526,-260,-134
-191,-77,-52,72,-213,526,-257,-123
-188,-68,-50,73,-214,526,-255,-112
-184,-59,-47,75,-213,526,-251,-102
-179,-50,-46,76,-212,526,-246,-93
-174,-43,-45,77,-212,526,-241,-86
-170,-35,-44,78,-213,526,-238,-78
-168,-26,-43,80,-216,526,-238,-67
-165,-18,-42,81,-217,527,-234,-59
-161,-12,-40,82,-217,527,-231,-52
-157,-6,-38,82,-217,527,-227,-43
-153,1,-35,82,-217,526,-222,-36
-150,8,-32,83,-217,526,-218,-26
-146,16,-31,83,-217,527,-214,-19
-142,22,-29,85,-217,528,-213,-13
-139,27,-29,86,-216,530,-209,-8
-137,32,-28,87,-216,530,-207,-2
-135,36,-27,87,-216,530,-206,3
-133,41,-26,87,-216,531,-203,8
-130,46,-23,86,-216,531,-198,15
-126,50,-21,86,-216,530,-195,19
-123,54,-19,88,-216,530,-191,24
-121,58,-18,90,-216,530,-190,30
-119,61,-17,90,-216,531,-189,34
-117,65,-16,89,-216,532,-186,37
-114,68,-15,88,-216,532,-183,41
-110,72,-13,88,-216,531,-177,47
-107,75,-11,88,-216,531,-174,50
-105,78,-9,89,-216,531,-173,53
-104,81,-9,89,-216,531,-170,58
-102,83,-9,89,-216,531,-169,58
-99,87,-9,88,-216,531,-167,64
-97,90,-8,87,-216,531,-164,68
-95,92,-7,86,-216,531,-161,69
-94,93,-7,86,-216,531,-159,72
-93,95,-6,87,-216,531,-158,73
-91,98,-5,89,-216,531,-158,79
-87,102,-3,90,-216,531,-155,83
-86,105,-2,89,-216,531,-151,86
-85,108,-1,87,-217,532,-150,87
-84,109,0,86,-217,533,-146,92
-82,111,0,86,-216,534,-145,93
-78,113,0,87,-216,533,-141,96
-76,115,2,88,-216,531,-141,98
-75,118,3,89,-218,531,-141,101
-75,120,3,90,-220,533,-141,103
-73,121,3,91,-221,535,-139,104
-70,122,5,91,-221,535,-136,108
-68,124,7,92,-220,534,-133,109
-67,126,9,90,-220,533,-130,114
-67,128,10,90,-219,534,-130,115
-67,130,10,89,-219,534,-130,118
-66,131,10,89,-219,534,-129,119
-65,131,10,90,-218,533,-128,119
-62,132,9,90,-218,533,-125,119
-61,132,10,89,-217,535,-124,120
-59,132,10,88,-218,536,-119,120
-58,131,12,87,-220,535,-119,122
-58,130,14,87,-221,534,-119,120
-58,129,16,88,-222,535,-119,120
-57,129,16,89,-221,536,-118,119
-56,130,17,89,-221,537,-117,123
-54,131,17,89,-221,537,-115,124
-54,132,16,89,-221,537,-114,123
-53,132,16,89,-221,537,-114,123
-53,130,16,89,-221,537,-113,122
-52,129,16,89,-221,537,-113,119
-51,127,18,88,-221,537,-109,120
-50,125,19,87,-221,537,-108,118
-49,124,20,85,-221,537,-107,117
-49,123,19,84,-221,537,-104,117
-48,123,17,83,-221,537,-104,117
-49,123,17,81,-221,537,-104,117
-49,123,18,79,-221,537,-102,119
-48,122,19,79,-221,537,-101,118
-47,120,20,78,-221,537,-98,115
-46,119,20,79,-221,537,-100,114
-45,119,20,79,-221,537,-98,115
-45,120,20,78,-221,537,-98,115
-45,119,20,78,-221,537,-98,115
-45,118,19,79,-221,537,-98,113
-45,115,19,79,-221,537,-98,112
-44,114,20,79,-221,537,-97,109
-44,114,20,77,-221,537,-95,109
-44,114,21,75,-221,537,-92,111
-44,115,20,73,-221,537,-92,111
-44,115,20,71,-221,537,-90,111
-43,113,19,71,-221,537,-92,108
-43,111,19,72,-221,537,-92,107
-44,109,19,72,-221,537,-92,104
-44,108,19,72,-221,537,-92,104
-45,108,20,72,-221,537,-93,103
-45,107,19,71,-221,537,-91,102
-45,105,19,71,-221,537,-90,101
-44,103,19,72,-221,537,-92,98
-43,102,19,72,-221,537,-91,98
-42,101,19,71,-221,537,-87,97
-43,98,20,71,-221,537,-89,97
-44,96,21,69,-221,537,-90,93
-44,93,22,68,-221,537,-87,92
-44,93,23,68,-221,537,-87,91
-44,93,23,68,-221,537,-87,91
-45,92,22,68,-221,537,-87,90
-46,90,22,68,-221,537,-89,87
-46,87,23,68,-221,537,-89,86
-46,86,23,68,-221,537,-89,84
-47,85,23,68,-221,537,-90,83
-48,83,22,68,-221,537,-91,81
-48,80,22,66,-221,537,-91,79
-47,79,23,65,-221,537,-87,80
-48,79,24,65,-221,537,-89,80
-49,78,25,65,-221,537,-89,79
-50,76,25,64,-221,537,-90,78
-50,74,24,62,-221,537,-89,75
-50,73,23,61,-221,537,-89,74
-50,72,22,61,-221,537,-87,73
-49,71,23,60,-221,537,-86,73
-48,70,24,60,-221,537,-86,70
-47,68,23,60,-221,536,-85,69
-46,68,24,60,-221,535,-85,69
-47,67,25,59,-221,535,-83,68
-48,66,26,58,-221,535,-84,69
-49,64,26,57,-221,536,-84,68
-50,63,25,56,-221,537,-85,67
-50,61,24,56,-221,537,-83,63
-50,62,23,55,-221,537,-83,63
-49,62,23,55,-221,537,-83,63
-49,62,23,55,-221,537,-81,63
-49,60,23,54,-221,535,-81,62
-49,58,22,54,-221,533,-83,59
-50,56,22,54,-221,532,-83,57
-51,55,22,54,-221,533,-84,56
-51,54,22,54,-221,534,-84,54
-51,51,22,54,-221,533,-84,52
-52,49,22,54,-221,532,-85,51
-53,48,22,54,-221,531,-85,50
-54,48,23,53,-221,531,-86,50
-54,49,23,53,-221,532,-86,52
-53,49,23,53,-221,532,-85,50
-53,47,22,54,-221,532,-85,48
-53,45,23,54,-221,532,-86,46
-54,43,23,53,-221,532,-86,46
-54,40,24,52,-221,532,-84,43
-54,38,25,51,-221,532,-84,42
-55,37,24,52,-221,532,-85,41
-56,36,24,52,-221,532,-86,40
-57,36,25,51,-221,532,-87,39
-57,36,25,51,-221,532,-87,39
-57,34,25,51,-221,532,-87,37
-57,32,24,52,-221,532,-87,35
-58,30,25,52,-221,532,-87,32
-59,28,25,51,-221,532,-89,31
-60,28,25,50,-221,532,-90,31
-61,28,25,49,-221,532,-89,31
-62,27,23,48,-221,530,-90,30
-64,26,22,47,-222,528,-91,30
-64,26,21,47,-222,527,-91,26
-64,26,22,47,-222,527,-91,30
-64,27,23,46,-222,527,-91,30
-63,27,24,45,-222,527,-89,30
-63,26,25,44,-222,527,-89,31
-64,25,26,44,-222,527,-89,30
-66,23,25,43,-222,527,-91,29
-68,23,24,43,-222,527,-92,26
-67,22,23,41,-222,527,-90,25
-66,21,22,41,-222,527,-89,24
-66,20,21,40,-222,527,-89,23
-67,19,21,40,-222,527,-90,23
-68,18,22,40,-222,527,-91,21
-69,17,22,40,-222,527,-91,20
-69,14,22,40,-222,527,-91,18
-69,12,21,40,-222,527,-91,15
-71,11,21,41,-222,527,-93,14
-72,11,22,40,-222,526,-95,14
-72,11,22,39,-222,525,-95,14
-72,10,23,37,-222,524,-91,15
-72,7,24,36,-222,523,-91,13
-73,5,24,36,-222,522,-92,10
-74,4,24,36,-222,522,-93,9
-74,4,24,36,-222,522,-93,9
-74,3,24,36,-222,522,-93,8
-74,1,24,36,-222,522,-93,7
-75,0,23,35,-222,522,-95,4
-75,-2,23,35,-222,522,-92,3
-76,-3,23,35,-222,522,-93,2
-76,-5,23,35,-222,522,-93,0
-77,-7,22,34,-222,521,-93,-2
-78,-8,22,34,-222,520,-95,-3
-79,-8,21,33,-222,519,-96,-3
-78,-8,21,33,-222,518,-95,-2
-78,-8,21,33,-222,517,-95,-2
-78,-8,22,33,-222,517,-95,-2
-79,-9,22,33,-222,517,-96,-3
-81,-10,21,33,-222,517,-98,-4
-83,-10,21,33,-222,517,-100,-4
-83,-10,21,33,-222,516,-100,-4
-82,-10,21,34,-222,516,-100,-4
-82,-11,22,33,-222,516,-98,-6
-82,-14,21,33,-222,515,-98,-8
-83,-16,20,32,-223,514,-101,-13
-85,-17,20,32,-223,513,-102,-14
-85,-17,21,33,-223,512,-102,-14
-84,-17,21,33,-223,512,-101,-12
-83,-18,21,32,-223,512,-101,-12
-83,-18,20,30,-223,511,-98,-13
-85,-19,19,29,-223,510,-100,-15
-86,-20,18,29,-223,511,-101,-17
-87,-22,19,28,-223,512,-101,-19
-87,-23,20,28,-223,513,-101,-18
-87,-24,20,28,-223,511,-101,-19
-87,-24,20,28,-222,509,-102,-19
-88,-24,20,28,-222,507,-102,-19
-89,-25,21,28,-221,507,-103,-19
-89,-26,21,28,-222,507,-103,-20
-90,-28,20,28,-223,507,-104,-21
-89,-28,20,27,-223,507,-103,-23
-89,-29,19,26,-223,507,-101,-24
-89,-30,19,26,-223,508,-101,-24
-90,-31,19,26,-223,508,-102,-25
-91,-32,19,26,-223,507,-106,-29
-92,-34,18,25,-223,506,-104,-30
-93,-36,17,24,-223,504,-104,-34
-93,-39,17,24,-223,502,-106,-36
-94,-39,17,24,-223,502,-106,-36
-95,-39,16,25,-223,502,-106,-36
-95,-39,16,25,-223,503,-107,-36
-95,-41,16,25,-223,502,-107,-37
-96,-44,17,25,-223,502,-108,-41
-97,-46,17,25,-223,502,-108,-42
-97,-46,16,25,-223,503,-108,-43
-97,-46,15,23,-223,503,-108,-42
-96,-47,14,23,-224,502,-107,-43
-97,-49,14,22,-224,501,-108,-46
-98,-51,14,22,-223,499,-109,-48
-99,-53,15,21,-222,498,-108,-50
-99,-52,14,20,-222,497,-108,-50
-99,-52,14,20,-222,498,-108,-50
-99,-52,14,20,-223,498,-108,-48
-100,-53,14,20,-224,498,-109,-50
-101,-55,14,20,-224,498,-111,-52
-101,-57,14,20,-224,498,-111,-54
-101,-59,14,20,-224,498,-111,-56
-101,-59,14,20,-224,498,-109,-57
-101,-59,14,20,-222,497,-109,-56
-101,-59,14,20,-220,498,-109,-56
-101,-59,14,20,-220,498,-109,-56
-102,-59,14,20,-222,497,-111,-57
-103,-60,14,20,-224,496,-112,-57
-104,-60,14,20,-224,494,-112,-57
-104,-61,14,20,-224,493,-113,-58
-104,-62,13,19,-224,492,-113,-59
-103,-64,13,18,-224,493,-112,-62
-103,-65,13,19,-224,493,-112,-62
-103,-66,14,20,-224,493,-112,-63
-104,-66,14,20,-224,493,-113,-63
-106,-67,14,20,-224,493,-114,-64
-107,-68,14,20,-224,493,-115,-64
-107,-68,14,20,-224,492,-115,-65
-108,-68,13,19,-223,492,-117,-64
-108,-68,13,18,-222,491,-117,-65
-110,-69,13,19,-223,490,-118,-67
-111,-71,14,20,-224,489,-119,-68
-112,-74,14,20,-224,488,-120,-72
-112,-76,14,20,-224,488,-120,-73
-113,-77,14,20,-224,488,-122,-74
-113,-76,14,20,-224,488,-122,-74
-114,-76,14,20,-225,488,-123,-74
-115,-77,14,20,-224,488,-123,-74
-116,-80,13,21,-223,488,-126,-80
-116,-82,12,23,-221,487,-128,-81
-116,-83,11,23,-220,487,-126,-83
-115,-83,10,22,-221,487,-126,-83
-116,-83,10,21,-222,488,-126,-84
-116,-85,12,21,-223,488,-126,-85
-117,-88,12,19,-224,487,-125,-87
-117,-90,12,18,-224,486,-125,-90
-118,-90,10,17,-224,485,-126,-90
-119,-91,9,17,-224,484,-128,-91
-120,-93,9,18,-224,484,-128,-92
-120,-95,10,18,-224,484,-129,-95
-120,-96,10,17,-224,484,-128,-96
-119,-97,11,17,-224,483,-128,-96
-119,-97,10,16,-224,483,-126,-97
-119,-100,9,16,-224,483,-128,-100
-120,-102,9,16,-224,483,-129,-102
-121,-104,10,16,-224,483,-129,-104
-120,-106,10,16,-224,483,-128,-106
-119,-107,10,16,-224,483,-124,-107
-118,-109,8,15,-224,482,-124,-109
-119,-111,6,14,-224,481,-126,-113
-120,-113,6,14,-224,480,-125,-115
-121,-114,6,14,-224,480,-126,-117
-121,-115,6,15,-224,480,-129,-118
-120,-117,5,16,-224,480,-128,-119
-119,-118,4,17,-224,479,-126,-120
-119,-119,4,16,-225,479,-126,-120
-119,-119,6,15,-225,478,-126,-120
-121,-119,7,13,-225,478,-126,-119
-122,-119,7,12,-225,478,-128,-119
-123,-120,6,12,-225,478,-128,-120
-124,-121,6,12,-225,478,-129,-123
-125,-121,4,13,-225,478,-130,-124
-127,-122,3,14,-225,478,-134,-124
-127,-123,2,15,-225,478,-135,-128
-127,-124,2,16,-225,478,-136,-129
-126,-126,3,16,-225,478,-134,-128
-127,-128,2,15,-225,478,-134,-133
-128,-129,1,14,-224,478,-136,-134
-130,-130,0,14,-224,478,-137,-134
-130,-129,1,14,-223,478,-137,-134
-130,-129,1,15,-224,478,-137,-134
-131,-130,1,14,-224,478,-139,-135
-132,-131,0,14,-225,478,-140,-136
-133,-132,0,14,-225,478,-141,-137
-133,-133,0,14,-225,477,-141,-139
-134,-135,0,15,-225,475,-145,-140
-135,-137,-1,16,-225,473,-145,-144
-135,-139,-2,16,-225,473,-145,-147
-135,-142,-2,16,-225,473,-145,-150
-135,-143,-1,16,-225,473,-145,-151
-137,-144,-1,16,-225,473,-146,-151
-138,-145,-2,16,-225,473,-147,-152
-138,-146,-3,16,-225,473,-147,-153
-137,-148,-4,16,-225,473,-146,-155
-136,-148,-4,17,-225,473,-145,-156
-135,-150,-3,17,-225,473,-147,-157
-137,-151,-1,17,-225,473,-146,-159
-137,-154,-2,16,-225,473,-146,-162
-137,-155,-2,14,-225,473,-147,-163
-138,-156,-3,13,-225,473,-145,-163
-139,-156,-3,12,-225,473,-146,-164
-141,-157,-2,12,-225,473,-147,-162
-141,-159,-1,12,-225,473,-148,-164
-141,-162,0,12,-225,473,-147,-167
-140,-162,0,12,-225,473,-147,-168
-140,-162,-1,12,-225,473,-146,-168
-140,-162,-3,12,-225,473,-146,-169
-140,-162,-5,13,-225,473,-146,-169
-139,-164,-5,12,-225,473,-146,-172
-139,-166,-4,11,-225,473,-146,-174
-139,-168,-3,11,-225,472,-146,-175
-140,-169,-3,11,-225,471,-146,-177
-141,-169,-4,12,-225,471,-147,-177
-142,-169,-5,13,-225,471,-151,-177
-142,-169,-6,14,-225,472,-151,-177
-142,-169,-6,14,-225,472,-151,-179
-141,-169,-6,14,-225,472,-151,-179
-141,-170,-6,14,-225,472,-150,-178
-141,-173,-6,14,-225,473,-151,-180
-143,-175,-6,14,-225,473,-152,-183
-144,-176,-6,14,-225,471,-152,-186
-144,-176,-6,14,-225,470,-153,-186
-144,-176,-6,14,-225,469,-153,-185
-144,-175,-6,14,-225,469,-153,-183
-144,-175,-6,13,-225,470,-153,-183
-144,-175,-6,14,-225,470,-153,-185
-144,-175,-7,15,-225,470,-153,-185
-144,-175,-8,16,-225,469,-156,-185
-144,-175,-9,17,-225,468,-156,-185
-144,-175,-10,17,-225,468,-156,-187
-144,-175,-10,18,-225,468,-156,-187
-144,-175,-10,17,-225,469,-156,-187
-144,-175,-9,17,-225,468,-156,-185
-144,-175,-8,16,-225,468,-156,-185
-144,-176,-7,15,-225,468,-153,-186
-144,-176,-7,15,-225,468,-153,-186
-144,-175,-7,15,-225,468,-153,-185
-144,-175,-7,14,-225,468,-152,-185
-144,-176,-7,14,-225,468,-152,-185
-144,-177,-7,15,-225,468,-153,-187
-145,-180,-8,16,-225,468,-157,-191
-146,-182,-9,17,-225,468,-157,-192
-146,-183,-8,16,-225,468,-157,-194
-146,-182,-7,16,-225,468,-157,-192
-145,-182,-7,14,-225,468,-155,-192
-146,-182,-6,14,-225,468,-155,-192
-147,-183,-6,14,-225,469,-156,-191
-148,-185,-6,14,-225,469,-157,-194
-148,-187,-6,14,-225,468,-157,-195
-148,-188,-6,14,-225,467,-157,-198
-148,-189,-7,13,-225,466,-157,-200
-148,-191,-8,11,-225,467,-157,-201
-149,-193,-10,11,-225,468,-158,-203
-150,-195,-10,10,-225,467,-156,-205
-150,-196,-10,10,-225,465,-156,-206
-149,-197,-9,10,-226,463,-156,-207
-149,-199,-9,10,-226,463,-156,-209
-151,-201,-10,11,-226,463,-159,-211
-152,-202,-10,11,-226,464,-161,-212
-152,-202,-11,11,-226,464,-161,-212
-151,-203,-10,11,-226,463,-159,-213
-151,-206,-10,11,-226,463,-159,-216
-153,-208,-10,11,-226,463,-161,-218
-154,-209,-11,11,-226,463,-162,-219
-154,-209,-12,12,-225,463,-162,-222
-153,-210,-12,13,-225,463,-164,-223
-154,-212,-12,14,-226,463,-164,-225
-155,-214,-13,14,-227,464,-166,-227
-155,-216,-14,13,-227,464,-167,-228
-155,-217,-15,11,-227,463,-163,-229
-155,-218,-16,11,-226,462,-163,-234
-154,-219,-17,10,-226,460,-162,-234
-154,-219,-17,11,-227,458,-162,-234
-153,-220,-16,11,-228,459,-162,-235
-153,-221,-16,11,-229,460,-161,-236
-153,-223,-16,11,-228,461,-162,-239
-154,-225,-16,10,-226,460,-162,-240
-156,-226,-16,11,-226,459,-164,-241
-157,-227,-17,11,-228,458,-166,-242
-158,-229,-16,10,-229,458,-167,-244
-158,-231,-15,10,-229,459,-166,-244
-158,-233,-14,8,-227,458,-163,-246
-158,-233,-13,7,-226,458,-163,-246
-159,-233,-13,7,-227,459,-164,-246
-161,-234,-14,6,-229,459,-166,-247
-161,-236,-15,6,-231,459,-167,-249
-160,-238,-14,6,-232,457,-166,-251
-160,-239,-14,7,-231,455,-166,-252
-161,-240,-13,7,-230,454,-166,-253
-162,-242,-13,7,-229,454,-167,-255
-162,-244,-13,7,-229,454,-168,-257
-162,-246,-13,7,-228,454,-168,-258
-162,-246,-13,7,-228,454,-167,-260
-161,-246,-13,7,-228,454,-167,-258
-162,-246,-13,7,-228,454,-167,-258
-162,-246,-13,7,-228,454,-167,-258
-163,-246,-13,7,-228,454,-168,-260
-164,-247,-13,7,-229,454,-169,-260
-164,-247,-13,7,-228,452,-169,-260
-165,-248,-13,7,-228,450,-170,-261
-166,-248,-13,7,-228,449,-170,-261
-166,-249,-13,7,-228,448,-172,-261
-166,-248,-13,7,-228,449,-172,-261
-166,-248,-13,7,-228,449,-172,-261
-166,-248,-13,7,-228,449,-172,-261
-165,-249,-13,7,-228,449,-170,-262
-164,-251,-13,7,-230,449,-169,-264
-164,-252,-13,7,-231,449,-169,-266
-164,-253,-13,7,-232,449,-169,-266
-164,-252,-13,7,-232,448,-169,-266
-163,-252,-13,7,-231,446,-168,-264
-164,-252,-13,7,-231,444,-169,-266
-166,-253,-14,6,-232,444,-170,-266
-166,-254,-15,5,-231,444,-169,-267
-166,-255,-15,5,-231,444,-168,-268
-165,-257,-15,5,-231,444,-168,-269
-165,-258,-15,5,-231,444,-167,-271
-165,-259,-16,4,-232,444,-168,-272
-166,-259,-17,3,-232,444,-168,-272
-166,-260,-17,3,-231,444,-168,-272
-165,-260,-17,3,-230,444,-168,-273
-165,-260,-16,4,-230,444,-168,-273
-165,-260,-16,4,-230,444,-168,-273
-165,-261,-17,3,-231,444,-167,-273
-164,-262,-17,4,-230,444,-167,-274
-164,-263,-16,4,-230,445,-167,-275
-163,-264,-16,4,-231,444,-166,-277
-163,-263,-16,4,-231,442,-166,-277
-164,-263,-17,4,-232,441,-167,-277
-165,-264,-17,4,-232,441,-168,-277
-166,-265,-16,3,-232,442,-168,-278
-166,-265,-16,3,-232,442,-169,-278
-166,-265,-15,3,-232,441,-169,-278
-168,-263,-16,3,-232,440,-170,-277
-169,-263,-16,4,-232,440,-172,-275
-169,-263,-17,4,-232,441,-172,-275
-169,-264,-16,4,-232,441,-172,-277
-168,-266,-16,3,-232,440,-170,-278
-167,-266,-15,3,-232,439,-170,-279
-168,-266,-14,2,-232,439,-168,-279
-168,-266,-14,1,-232,439,-168,-275
-168,-266,-13,0,-232,440,-168,-275
-168,-266,-13,0,-232,439,-168,-275
-168,-266,-13,0,-232,439,-168,-275
-168,-266,-14,1,-232,439,-168,-275
-168,-266,-14,2,-232,439,-168,-279
-168,-266,-14,2,-232,439,-168,-279
-168,-266,-14,1,-232,439,-168,-277
-168,-264,-13,0,-232,439,-168,-274
-168,-262,-13,0,-232,439,-168,-272
-167,-260,-14,1,-232,439,-167,-271
-166,-259,-16,3,-232,440,-168,-272
-166,-259,-17,4,-232,440,-168,-272
-166,-259,-17,4,-232,439,-168,-272
-166,-259,-17,4,-232,438,-168,-272
-166,-260,-16,4,-232,437,-168,-272
-166,-260,-16,4,-232,438,-168,-273
-166,-259,-16,4,-232,438,-168,-272
-165,-257,-17,4,-232,438,-168,-269
-164,-254,-16,4,-232,437,-167,-267
-164,-252,-17,3,-232,436,-167,-266
-164,-252,-16,4,-232,435,-167,-264
-163,-252,-16,4,-232,434,-166,-264
-164,-253,-16,4,-232,434,-167,-266
-164,-253,-17,3,-232,434,-167,-266
-164,-252,-17,3,-232,434,-167,-266
-162,-252,-16,4,-232,434,-166,-264
-161,-251,-15,5,-232,434,-163,-263
-159,-251,-14,6,-232,434,-164,-263
-159,-250,-13,7,-232,434,-164,-263
-160,-249,-13,7,-232,434,-166,-262
-162,-247,-13,7,-232,434,-167,-260
-162,-246,-13,7,-232,435,-167,-258
-161,-245,-13,7,-232,435,-166,-258
-159,-244,-13,7,-232,434,-164,-257
-158,-243,-13,7,-232,433,-163,-256
-158,-240,-13,7,-232,431,-163,-252
-158,-236,-13,7,-232,430,-163,-249
-157,-234,-12,8,-232,429,-163,-244
-156,-232,-10,9,-232,430,-162,-242
-155,-231,-10,10,-232,430,-161,-241
-154,-229,-9,10,-232,430,-159,-239
-154,-227,-9,10,-232,430,-159,-238
-152,-225,-10,10,-232,430,-158,-235
-150,-223,-10,10,-232,430,-156,-233
-149,-221,-10,10,-232,430,-155,-231
-149,-219,-9,10,-232,430,-155,-229
-149,-217,-10,10,-232,430,-155,-227
-149,-215,-10,10,-232,430,-155,-225
-148,-213,-10,10,-232,430,-155,-223
-148,-211,-10,10,-232,430,-153,-220
-148,-209,-9,10,-232,429,-153,-219
-148,-207,-9,10,-233,428,-153,-217
-148,-205,-9,10,-233,426,-153,-216
-148,-204,-10,10,-233,426,-155,-213
-148,-202,-10,10,-233,426,-155,-212
-148,-200,-9,10,-233,426,-155,-209
-147,-197,-9,11,-233,425,-153,-207
-146,-195,-8,12,-233,425,-155,-206
-145,-194,-7,12,-233,424,-155,-203
-144,-192,-7,13,-233,425,-153,-202
-144,-190,-6,14,-233,425,-152,-197
-143,-188,-6,14,-233,425,-152,-196
-142,-186,-6,14,-233,425,-151,-194
-140,-184,-6,14,-233,425,-150,-192
-139,-182,-6,14,-233,425,-148,-190
-137,-179,-6,14,-233,425,-146,-186
-137,-178,-6,14,-233,425,-146,-185
-137,-177,-6,14,-233,425,-146,-185
-136,-177,-6,13,-233,425,-145,-184
-135,-175,-6,14,-233,425,-144,-183
-133,-172,-5,14,-233,425,-142,-179
-133,-168,-3,16,-233,424,-142,-175
-133,-165,-2,17,-233,423,-142,-173
-132,-164,-2,17,-233,422,-141,-172
-130,-163,-3,17,-233,422,-142,-170
-129,-160,-3,17,-233,422,-137,-168
-127,-157,-3,17,-233,422,-139,-164
-126,-154,-1,18,-233,421,-137,-161
-125,-151,0,19,-233,420,-137,-156
-124,-148,0,21,-233,419,-136,-153
-122,-146,0,22,-233,419,-137,-153
-122,-144,-1,23,-233,420,-136,-151
-122,-141,-1,23,-233,421,-136,-148
-121,-137,0,22,-233,422,-136,-145
-120,-135,0,21,-233,421,-133,-140
-118,-133,0,20,-233,420,-130,-137
-116,-130,0,20,-233,419,-129,-135
-115,-128,0,21,-233,419,-128,-133
-115,-126,1,21,-233,420,-128,-130
-115,-123,2,22,-233,420,-128,-128
-114,-120,3,22,-233,420,-126,-125
-113,-116,3,23,-233,420,-125,-120
-112,-113,4,24,-233,420,-128,-118
-112,-111,4,24,-233,420,-125,-115
-112,-109,4,24,-234,420,-125,-114
-112,-108,4,24,-234,420,-125,-112
-112,-105,4,24,-235,420,-126,-109
-111,-102,3,23,-234,420,-124,-107
-111,-99,4,24,-234,420,-124,-103
-110,-95,5,25,-233,420,-125,-100
-109,-92,7,26,-233,420,-124,-95
-108,-90,7,27,-233,420,-123,-92
-107,-88,8,27,-233,420,-123,-91
-107,-86,8,27,-233,420,-123,-87
-107,-83,7,27,-233,419,-123,-85
-106,-80,7,27,-233,419,-122,-83
-105,-78,7,27,-233,418,-122,-80
-104,-75,8,27,-233,418,-120,-78
-103,-73,8,28,-234,418,-119,-75
-102,-71,10,29,-234,417,-118,-73
-102,-68,11,30,-236,415,-120,-70
-101,-66,11,31,-236,415,-119,-68
-98,-64,11,30,-236,415,-117,-65
-96,-61,11,30,-234,415,-114,-63
-94,-59,11,30,-234,415,-113,-62
-94,-57,11,31,-233,415,-113,-59
-94,-54,11,30,-233,415,-113,-56
-94,-51,11,30,-233,415,-113,-53
-94,-48,11,30,-234,415,-113,-50
-93,-45,12,32,-235,415,-112,-47
-93,-42,12,34,-235,415,-112,-45
-93,-39,12,36,-234,415,-114,-41
-92,-37,12,37,-234,415,-113,-39
-90,-35,12,37,-235,415,-112,-36
-89,-32,12,36,-236,415,-111,-34
-87,-29,13,36,-236,415,-108,-31
-86,-27,13,34,-235,415,-106,-26
-86,-25,14,34,-235,415,-104,-24
-86,-22,15,36,-236,415,-107,-21
-85,-18,16,37,-238,415,-107,-18
-84,-15,17,38,-239,415,-106,-14
-83,-12,18,37,-238,415,-104,-9
-82,-10,18,37,-237,415,-104,-9
-82,-8,17,38,-237,415,-103,-8
-81,-6,16,39,-237,415,-106,-6
-80,-2,17,41,-237,415,-104,-1
-78,1,18,42,-235,415,-102,2
-76,5,19,43,-233,415,-101,6
-74,8,20,42,-233,415,-98,12
-74,11,21,42,-234,415,-98,14
-73,14,21,43,-237,415,-97,18
-72,18,21,44,-238,415,-97,21
-70,21,22,44,-238,415,-95,25
-68,25,23,45,-238,415,-93,29
-67,28,24,45,-238,415,-92,31
-66,32,24,45,-239,415,-91,35
-66,35,25,44,-238,415,-91,37
-65,38,25,44,-237,415,-90,43
-63,42,26,45,-234,415,-87,47
-61,46,27,47,-234,415,-89,51
-61,49,26,49,-234,415,-89,54
-60,52,26,50,-237,415,-90,56
-58,55,26,50,-238,415,-89,58
-57,58,26,50,-239,415,-85,64
-55,60,26,49,-238,415,-84,67
-54,63,26,50,-238,415,-81,67
-53,65,26,50,-238,416,-81,69
-52,67,26,49,-239,416,-80,70
-52,70,27,50,-238,417,-80,76
-52,73,27,50,-236,417,-80,79
-51,75,28,53,-235,417,-83,81
-51,79,29,54,-235,419,-81,85
-51,82,29,54,-236,420,-81,87
-50,85,29,54,-238,420,-81,91
-50,87,29,54,-238,420,-81,93
-50,90,29,54,-238,420,-80,96
-49,91,29,54,-238,420,-80,97
-48,93,29,54,-238,420,-79,100
-47,96,29,54,-238,420,-78,102
-45,99,30,55,-238,420,-76,104
-44,101,32,57,-238,420,-78,107
-44,103,32,57,-238,420,-78,109
-43,106,33,57,-238,420,-76,112
-42,108,32,57,-238,420,-75,114
-41,110,33,58,-238,421,-74,117
-41,112,33,59,-239,422,-74,118
-41,114,33,60,-240,422,-78,120
-41,116,32,59,-240,422,-75,122
-39,119,32,58,-238,421,-74,124
-38,121,33,57,-237,420,-73,126
-38,123,34,58,-236,420,-72,131
-38,125,34,58,-236,420,-73,133
-38,127,33,59,-237,420,-73,133
-37,129,33,61,-238,420,-73,135
-35,131,32,61,-238,420,-72,136
-33,133,33,61,-238,420,-70,139
-33,135,34,60,-238,420,-67,144
-32,137,35,60,-238,420,-67,146
-32,139,36,60,-238,420,-67,148
-31,142,36,61,-238,420,-65,151
-30,144,36,61,-238,420,-64,152
-29,146,36,61,-238,420,-63,155
-28,147,36,61,-238,420,-63,156
-29,148,36,61,-238,420,-63,156
-29,148,36,61,-238,420,-63,157
-29,150,36,61,-238,420,-63,158
-28,152,36,60,-238,420,-63,161
-27,155,36,61,-238,420,-62,164
-26,157,37,61,-238,420,-61,166
-25,158,39,63,-238,420,-62,167
-25,160,40,64,-238,420,-62,170
-25,161,40,64,-238,420,-62,173
-24,163,40,64,-238,420,-62,174
-23,165,40,64,-238,420,-61,175
-22,166,40,64,-238,420,-59,178
-23,168,40,64,-238,420,-61,179
-23,169,40,64,-238,420,-61,180
-24,169,40,64,-238,420,-62,180
-24,169,39,64,-238,421,-61,178
-23,169,40,64,-238,422,-61,180
-23,171,41,65,-238,422,-61,183
-24,173,43,66,-237,421,-61,185
-23,175,43,66,-236,421,-61,186
-23,176,41,65,-237,421,-61,186
-22,176,40,64,-238,423,-59,185
-21,176,39,64,-238,425,-59,185
-21,176,40,64,-238,426,-59,187
-21,176,41,63,-238,425,-59,186
-21,175,41,63,-238,425,-56,186
-21,174,41,63,-238,425,-58,185
-20,173,40,64,-238,425,-58,185
-20,173,39,65,-238,425,-57,181
-20,172,39,64,-236,425,-57,180
-19,171,41,63,-235,425,-54,183
-19,171,42,61,-235,425,-54,183
-19,171,43,61,-235,425,-54,183
-20,172,42,61,-237,425,-54,183
-19,171,41,62,-238,425,-54,183
-19,171,40,64,-238,425,-57,183
-19,171,40,64,-237,425,-57,183
-19,171,41,63,-235,425,-57,183
-19,171,42,61,-235,425,-54,183
-19,171,42,61,-235,426,-54,183
-19,171,42,61,-236,427,-54,183
-19,171,41,62,-238,427,-54,183
-19,171,40,63,-238,427,-57,183
-19,171,40,64,-238,428,-57,183
-19,171,41,63,-238,429,-57,183
-19,172,41,62,-238,430,-54,183
-19,172,41,63,-238,430,-57,183
-19,172,40,64,-237,430,-57,183
-19,171,39,64,-236,430,-57,180
-19,171,41,63,-235,430,-57,183
-19,172,42,61,-236,430,-54,183
-18,172,43,61,-237,430,-53,184
-18,173,42,61,-238,430,-52,184
-17,173,42,61,-238,430,-52,184
-17,173,42,61,-237,430,-52,184
-17,173,43,61,-236,430,-52,184
-18,173,43,60,-236,430,-50,186
-18,172,43,60,-236,430,-51,186
-19,172,43,60,-237,430,-52,186
-20,171,43,61,-236,430,-54,183
-19,170,43,61,-236,430,-53,181
-17,169,43,60,-236,430,-50,183
-17,167,43,60,-237,430,-50,181
-18,166,43,60,-238,430,-51,180
-20,166,43,60,-238,430,-52,179
-22,165,43,60,-237,430,-54,179
-21,165,43,60,-237,430,-54,179
-21,164,43,60,-238,430,-53,175
-20,162,42,59,-238,430,-52,173
-20,160,42,59,-237,430,-52,172
-22,159,42,59,-236,430,-54,170
-23,158,43,60,-234,430,-56,169
-24,159,43,60,-234,430,-56,173
-24,159,43,61,-234,430,-56,172
-23,157,43,60,-235,430,-54,170
-23,155,43,60,-235,430,-54,166
-23,153,42,59,-235,432,-54,164
-23,152,42,59,-234,433,-56,163
-24,152,42,59,-235,433,-57,163
-25,152,42,59,-236,431,-58,163
-25,151,41,58,-237,430,-58,163
-25,151,39,57,-238,431,-57,162
-24,150,39,57,-237,432,-57,161
-24,149,39,57,-236,431,-56,161
-23,148,40,57,-236,430,-56,159
-25,147,39,57,-236,430,-57,158
-26,146,39,57,-235,430,-58,157
-27,144,39,57,-234,430,-59,155
-26,142,40,56,-233,430,-58,153
-25,141,41,55,-234,430,-54,152
-25,139,41,55,-235,430,-54,153
-25,137,41,55,-236,430,-54,148
-26,135,40,56,-235,430,-58,146
-26,133,39,57,-234,430,-58,145
-26,131,39,57,-234,430,-58,142
-25,128,39,57,-233,430,-57,140
-26,126,40,57,-232,430,-58,136
-28,123,40,57,-233,430,-59,134
-29,120,39,57,-234,430,-61,131
-31,117,39,56,-236,430,-62,129
-31,114,38,53,-236,430,-61,125
-32,111,38,51,-234,430,-59,122
-34,108,38,51,-233,430,-63,119
-36,107,37,52,-233,430,-65,118
-37,105,37,52,-234,430,-67,117
-38,103,38,52,-234,430,-67,114
-39,100,38,51,-233,430,-65,112
-40,97,39,51,-232,430,-67,108
-43,94,39,51,-232,430,-69,106
-44,93,39,50,-232,430,-70,103
-45,91,38,49,-233,430,-72,102
-46,90,37,48,-232,430,-72,101
-46,87,36,47,-232,430,-69,98
-45,84,35,46,-232,430,-69,96
-45,82,36,47,-232,430,-69,93
-46,80,36,46,-232,430,-69,91
-47,78,36,47,-232,430,-70,89
-48,75,36,47,-232,430,-72,86
-48,72,36,47,-232,430,-72,83
-47,69,36,46,-232,430,-70,80
-47,67,35,46,-232,430,-70,78
-47,65,33,45,-232,430,-70,73
-47,62,32,43,-232,430,-70,70
-48,60,33,42,-232,430,-69,72
-49,58,33,42,-232,430,-70,69
-50,56,33,43,-232,430,-74,64
-52,54,32,43,-232,430,-75,63
-54,52,33,43,-232,429,-76,61
-54,50,34,41,-233,428,-75,61
-55,47,36,40,-233,428,-73,58
-55,46,36,39,-233,428,-74,57
-56,43,36,40,-232,429,-74,54
-57,41,34,41,-232,430,-78,52
-57,39,33,41,-232,430,-78,50
-58,36,33,39,-232,429,-78,47
-58,33,33,38,-233,428,-76,45
-59,31,33,37,-233,427,-76,41
-61,28,32,36,-233,427,-79,39
-62,27,32,36,-233,427,-80,37
-63,25,32,36,-233,426,-81,36
-62,24,32,37,-233,426,-80,35
-62,21,31,38,-233,427,-80,30
-64,19,29,39,-233,428,-84,28
-65,16,28,40,-233,429,-85,24
-67,14,28,40,-233,429,-86,23
-68,13,28,40,-233,428,-87,21
-67,11,29,40,-233,428,-87,19
-68,10,28,40,-232,429,-87,18
-68,8,28,39,-232,430,-89,15
-69,6,27,39,-233,429,-89,12
-69,5,27,38,-233,428,-89,10
-70,3,26,37,-233,426,-90,8
-71,1,25,37,-233,426,-90,7
-72,0,25,37,-233,425,-91,6
-72,0,25,37,-233,425,-91,6
-71,0,25,37,-233,425,-91,4
-70,-2,25,37,-233,425,-90,3
-71,-3,25,37,-233,425,-91,1
-72,-5,25,37,-233,425,-92,0
-73,-7,24,36,-233,425,-92,-2
-72,-9,24,36,-233,425,-92,-3
-72,-10,23,35,-233,425,-89,-4
-71,-10,22,34,-233,424,-89,-4
-72,-10,22,33,-233,423,-89,-4
-71,-10,21,33,-233,423,-89,-4
-71,-11,21,33,-233,423,-87,-6
-71,-14,22,33,-233,423,-89,-8
-72,-16,22,33,-233,422,-89,-10
-73,-17,21,33,-233,420,-90,-12
-74,-17,21,33,-233,419,-91,-12
-74,-16,22,33,-233,419,-91,-10
-73,-16,22,34,-233,420,-90,-10
-72,-18,23,35,-233,420,-92,-12
-72,-20,24,36,-233,420,-91,-14
-72,-21,23,35,-233,420,-90,-15
-74,-23,22,34,-233,420,-91,-18
-75,-23,22,34,-233,420,-92,-18
-76,-23,22,34,-233,420,-92,-18
-76,-23,23,35,-233,418,-92,-17
-75,-23,22,34,-233,416,-92,-18
-76,-25,22,34,-233,415,-92,-19
-77,-28,21,33,-233,415,-93,-23
-78,-30,21,33,-233,415,-95,-24
-78,-30,22,33,-233,415,-95,-25
-77,-30,22,33,-233,415,-93,-24
-78,-30,21,33,-233,415,-95,-24
-79,-30,21,33,-233,414,-96,-24
-81,-32,22,33,-234,414,-97,-26
-81,-33,21,34,-234,413,-98,-28
-80,-35,21,33,-233,413,-97,-32
-79,-36,20,33,-234,413,-96,-34
-79,-37,20,32,-234,412,-96,-34
-81,-37,21,32,-235,411,-97,-34
-83,-38,21,32,-236,410,-100,-35
-84,-39,19,33,-235,410,-101,-35
-84,-40,17,34,-234,410,-102,-37
-83,-42,15,35,-234,410,-101,-41
-81,-43,14,34,-233,410,-100,-42
-81,-43,15,33,-234,410,-100,-42
-81,-43,16,32,-234,410,-97,-42
-82,-43,16,32,-234,410,-98,-42
-82,-43,16,32,-234,410,-101,-42
-83,-44,16,32,-234,410,-98,-43
-83,-45,16,30,-234,410,-100,-45
-83,-46,15,28,-234,410,-97,-43
-84,-47,15,28,-234,410,-97,-43
-85,-47,15,28,-234,410,-98,-43
-85,-48,17,29,-234,409,-98,-45
-84,-48,18,29,-234,409,-101,-45
-83,-49,18,30,-235,409,-100,-46
-83,-50,16,30,-236,409,-100,-46
-83,-50,13,31,-236,408,-100,-48
-84,-50,11,31,-236,407,-102,-51
-84,-50,11,31,-236,406,-102,-51
-84,-50,13,31,-237,405,-100,-48
-83,-50,14,31,-236,405,-100,-48
-83,-49,15,32,-235,405,-102,-48
-84,-50,15,33,-234,405,-102,-48
-85,-50,14,34,-234,405,-103,-50
-87,-51,14,34,-234,405,-106,-51
-88,-52,14,33,-234,405,-107,-51
-88,-52,14,33,-234,405,-107,-52
-88,-52,14,33,-235,405,-107,-51
-88,-52,14,34,-236,405,-107,-51
-88,-52,14,33,-236,405,-107,-51
-88,-52,14,33,-236,405,-107,-51
-88,-52,14,33,-236,405,-107,-51
-88,-52,14,34,-236,405,-107,-51
-88,-52,14,34,-237,405,-107,-51
-88,-52,14,34,-237,405,-107,-51
-88,-52,14,33,-236,405,-107,-52
-88,-52,14,33,-235,405,-107,-52
-88,-52,14,34,-234,405,-107,-52
-88,-52,14,35,-235,405,-109,-51
-88,-52,13,35,-236,405,-109,-53
-89,-53,13,36,-237,406,-111,-54
-90,-55,13,35,-238,406,-112,-57
-90,-57,14,35,-237,405,-112,-57
-90,-59,14,35,-237,404,-112,-58
-90,-59,13,35,-238,404,-111,-58
-90,-59,13,34,-239,404,-108,-58
-90,-58,13,33,-239,405,-108,-58
-90,-58,14,32,-237,406,-108,-58
-90,-58,14,33,-235,406,-108,-58
-90,-59,15,34,-235,405,-108,-58
-90,-58,15,34,-237,405,-108,-58
-90,-58,14,34,-238,405,-108,-58
-90,-58,14,33,-239,406,-108,-58
-90,-59,14,32,-239,406,-109,-58
-91,-59,14,33,-239,405,-109,-58
-91,-59,13,32,-238,404,-109,-59
-91,-59,12,32,-238,404,-109,-59
-91,-59,11,31,-237,404,-109,-61
-91,-59,11,30,-238,404,-109,-61
-91,-59,11,30,-239,404,-109,-61
-91,-59,11,30,-239,404,-109,-61
-91,-61,11,31,-239,405,-109,-63
-91,-63,12,31,-238,404,-109,-63
-92,-65,13,32,-237,404,-111,-64
-93,-65,12,31,-238,404,-111,-64
-93,-64,11,31,-239,405,-111,-67
-93,-63,11,30,-240,406,-112,-65
-93,-64,11,30,-239,406,-111,-65
-93,-64,11,30,-237,405,-111,-65
-93,-64,11,30,-235,404,-112,-65
-93,-62,11,30,-234,402,-112,-64
-94,-61,11,30,-235,402,-112,-63
-94,-61,11,30,-238,404,-112,-63
-94,-62,11,31,-239,405,-112,-64
-93,-62,12,31,-239,406,-112,-62
-93,-62,12,32,-239,406,-112,-62
-93,-61,12,31,-239,405,-111,-61
-93,-60,12,31,-239,405,-112,-59
-93,-60,12,31,-238,405,-112,-59
-94,-59,13,32,-238,405,-112,-59
-94,-58,14,33,-237,405,-113,-58
-94,-57,14,33,-236,405,-113,-57
-95,-57,14,33,-236,405,-113,-57
-95,-56,14,33,-236,405,-113,-56
-94,-55,15,34,-237,405,-112,-54
-93,-54,15,34,-238,405,-111,-53
-92,-54,15,34,-238,405,-111,-53
-92,-54,14,33,-239,405,-111,-53
-93,-54,14,33,-239,405,-111,-54
-93,-54,15,34,-239,405,-111,-53
-91,-54,14,33,-239,405,-109,-53
-89,-52,14,33,-239,405,-108,-52
-88,-52,14,33,-239,405,-107,-52
-88,-52,14,33,-239,405,-107,-51
-88,-52,14,33,-239,405,-107,-51
-88,-52,14,33,-238,405,-107,-52
-88,-52,14,33,-238,405,-107,-52
-86,-52,14,33,-237,405,-106,-51
-85,-50,14,33,-238,405,-103,-50
-84,-48,14,33,-238,405,-103,-47
-85,-46,14,33,-239,405,-103,-46
-86,-45,14,33,-239,405,-104,-45
-86,-45,14,33,-239,405,-104,-45
-86,-45,14,33,-239,405,-106,-45
-86,-44,14,33,-239,405,-106,-43
-86,-42,14,33,-239,405,-104,-41
-85,-40,14,33,-239,405,-103,-39
-84,-38,14,33,-238,405,-103,-37
-84,-37,14,33,-236,405,-103,-36
-85,-36,14,33,-236,405,-104,-35
-86,-35,14,33,-237,405,-106,-34
-86,-34,15,34,-238,405,-106,-34
-86,-34,15,34,-239,405,-106,-34
-87,-33,14,34,-238,405,-106,-32
-87,-33,14,34,-235,405,-107,-32
-87,-32,14,34,-234,405,-107,-31
-86,-30,15,34,-235,405,-106,-30
-85,-28,16,35,-237,405,-104,-28
-84,-28,17,36,-238,405,-106,-28
-84,-28,16,37,-238,405,-106,-28
-84,-28,15,38,-238,405,-106,-28
-84,-26,15,39,-238,405,-108,-25
-83,-23,15,39,-239,405,-107,-23
-82,-21,16,39,-239,405,-106,-21
-82,-21,16,39,-239,405,-106,-20
-82,-21,16,40,-239,405,-106,-20
-83,-21,15,40,-239,405,-107,-20
-83,-21,14,41,-239,405,-107,-23
-83,-19,15,41,-239,405,-107,-21
-82,-18,14,41,-238,405,-106,-20
-81,-16,15,40,-238,405,-106,-15
-80,-15,15,40,-237,405,-104,-14
-80,-14,15,40,-238,405,-104,-13
-80,-14,14,41,-238,405,-104,-17
-80,-15,14,41,-239,405,-104,-17
-80,-15,15,40,-239,405,-104,-14
-80,-15,16,39,-239,405,-104,-14
-79,-14,17,38,-239,405,-101,-13
-77,-13,17,38,-239,405,-98,-12
-76,-13,16,39,-239,405,-100,-12
-75,-12,15,40,-239,406,-100,-12
-76,-12,15,40,-239,406,-100,-12
-76,-12,17,38,-239,405,-98,-12
-76,-13,18,37,-239,404,-97,-9
-76,-13,18,37,-239,402,-97,-9
-76,-12,18,37,-239,402,-97,-9
-76,-11,18,37,-239,404,-98,-10
-77,-10,18,37,-239,405,-98,-9
-77,-10,18,37,-239,404,-98,-9
-78,-9,18,37,-239,402,-100,-6
-78,-8,18,37,-239,401,-100,-4
-78,-8,18,37,-239,400,-100,-4
-77,-7,18,37,-239,401,-98,-4
-76,-7,18,37,-239,401,-98,-3
-76,-5,18,37,-239,401,-98,-2
-76,-3,18,37,-239,401,-98,-1
-76,-2,18,37,-239,401,-98,1
-76,-1,18,37,-239,401,-98,1
-76,-1,18,37,-239,401,-98,1
-76,-2,18,37,-239,401,-98,1
-76,-2,18,37,-239,401,-98,1
-76,-1,18,37,-239,401,-98,1
-77,0,18,37,-239,401,-100,0
-78,0,18,37,-239,401,-100,3
-78,1,19,38,-239,401,-100,4
-76,1,20,40,-239,401,-98,4
-75,2,20,42,-239,401,-100,6
-74,4,21,42,-239,401,-98,7
-74,5,21,41,-239,401,-96,8
-74,5,21,41,-239,401,-98,8
-74,4,20,42,-239,401,-98,7
-74,4,19,43,-239,401,-98,4
-75,4,19,43,-239,401,-100,4
-75,6,19,43,-239,400,-100,7
-75,8,20,42,-239,400,-100,12
-73,10,20,42,-239,399,-98,14
-72,11,21,42,-239,398,-97,14
-72,11,20,43,-239,397,-96,12
-72,10,19,43,-239,396,-97,12
-72,11,19,43,-239,396,-97,12
-72,13,19,43,-239,396,-96,14
-71,16,20,43,-239,396,-96,17
-70,17,21,43,-239,396,-95,20
-70,18,22,43,-239,396,-95,20
-70,18,23,44,-239,396,-95,21
-71,19,24,45,-239,396,-96,21
-72,20,24,44,-239,396,-97,24
-72,21,24,43,-239,396,-97,25
-73,22,23,41,-239,396,-95,25
-72,22,23,41,-239,396,-95,25
-72,22,24,42,-239,396,-95,25
-72,22,25,43,-239,396,-97,28
-73,21,25,44,-239,396,-97,28
-74,21,25,45,-239,396,-98,24
-74,21,24,45,-239,396,-98,24
-73,21,24,45,-239,396,-98,24
-72,21,24,45,-239,396,-97,25
-72,22,23,46,-239,396,-100,25
-73,21,22,47,-239,396,-101,25
-75,20,21,47,-239,396,-103,23
-77,19,22,47,-239,396,-104,23
-77,19,22,47,-239,396,-104,23
-77,20,22,47,-239,396,-104,23
-77,20,22,47,-240,396,-104,23
-76,19,21,47,-239,396,-103,20
-76,18,20,46,-239,394,-103,19
-75,17,19,45,-240,392,-102,18
-74,15,19,45,-240,391,-102,17
-74,15,20,45,-241,391,-101,15
-75,14,21,46,-242,391,-102,18
-76,14,22,47,-241,391,-103,18
-77,14,21,46,-240,391,-104,17
-78,13,20,45,-240,391,-104,14
-78,13,19,45,-239,391,-106,13
-79,13,19,45,-240,391,-106,13
-80,12,19,45,-240,391,-107,13
-82,12,18,44,-240,391,-108,13
-83,10,18,44,-239,391,-109,10
-84,8,18,44,-240,391,-111,9
-84,6,18,44,-240,391,-112,7
-85,4,18,44,-241,391,-112,4
-85,4,17,45,-242,391,-112,4
-85,4,17,45,-241,391,-112,4
-86,4,18,45,-240,391,-113,4
-88,3,18,45,-241,391,-114,3
-89,0,17,45,-242,390,-115,1
-90,-1,15,45,-243,389,-117,-3
-90,-3,14,44,-242,388,-117,-6
-91,-3,14,42,-241,387,-118,-6
-92,-4,13,42,-240,386,-118,-7
-92,-6,12,43,-240,386,-119,-8
-92,-8,12,43,-240,386,-119,-10
-93,-10,11,43,-240,386,-120,-12
-95,-11,11,42,-240,386,-122,-13
-97,-12,10,41,-240,386,-123,-14
-98,-15,9,41,-240,386,-125,-19
-99,-18,8,41,-240,386,-125,-23
-100,-19,8,41,-240,386,-126,-24
-101,-20,8,41,-240,386,-128,-25
-104,-22,8,41,-240,386,-130,-26
-106,-25,8,41,-240,386,-133,-29
-108,-28,8,41,-240,384,-135,-32
-110,-30,8,41,-240,383,-136,-35
-111,-32,7,40,-241,383,-137,-36
-113,-34,5,38,-242,383,-139,-39
-114,-36,4,38,-242,383,-140,-43
-115,-38,4,37,-242,382,-139,-46
-116,-40,4,37,-242,381,-140,-47
-117,-42,4,38,-243,381,-144,-50
-119,-44,5,38,-244,382,-144,-52
-122,-47,4,37,-244,382,-145,-54
-123,-50,3,36,-244,381,-147,-58
-125,-53,2,35,-243,380,-148,-61
-126,-57,1,34,-243,379,-150,-64
-127,-61,1,34,-244,379,-151,-68
-129,-64,1,34,-245,377,-152,-72
-131,-68,0,33,-246,377,-155,-75
-133,-72,-1,32,-246,377,-156,-83
-136,-76,-2,31,-245,376,-156,-86
-138,-79,-2,31,-244,376,-158,-90
-140,-83,-2,31,-244,375,-162,-93
-141,-87,-2,31,-244,375,-162,-97
-143,-92,-3,30,-245,374,-163,-102
-146,-98,-4,28,-246,373,-167,-108
-149,-103,-6,28,-246,372,-169,-113
-152,-108,-7,28,-246,372,-172,-122
-155,-114,-8,28,-246,372,-174,-126
-158,-118,-8,27,-246,372,-178,-131
-161,-122,-9,25,-246,372,-178,-135
-164,-127,-10,23,-246,372,-181,-140
-168,-133,-12,21,-246,372,-185,-146
-172,-141,-14,20,-246,370,-189,-156
-175,-148,-15,19,-246,368,-191,-163
-178,-153,-16,18,-246,367,-192,-169
-181,-159,-17,17,-246,367,-195,-174
-184,-164,-18,15,-246,367,-198,-180
-188,-171,-20,14,-246,367,-202,-190
-193,-179,-22,11,-246,366,-203,-197
-197,-187,-25,10,-246,364,-208,-206
-202,-195,-26,8,-246,362,-212,-217
-206,-203,-27,7,-246,362,-217,-224
-211,-212,-28,7,-246,362,-219,-233
-216,-220,-29,5,-246,363,-224,-241
-221,-228,-31,3,-246,362,-229,-249
-226,-236,-33,2,-246,361,-234,-260
-230,-245,-34,1,-247,359,-238,-268
-234,-255,-35,0,-247,357,-239,-279
-239,-266,-37,0,-247,357,-244,-290
-244,-278,-38,-2,-247,357,-249,-303
-250,-289,-40,-6,-247,356,-252,-316
-255,-300,-42,-10,-247,354,-255,-327
-260,-310,-43,-13,-247,352,-257,-336
-265,-321,-44,-14,-247,352,-262,-347
-270,-333,-45,-15,-247,352,-266,-360
-275,-345,-46,-16,-247,353,-271,-372
-281,-358,-49,-18,-247,352,-277,-388
-287,-371,-51,-20,-247,351,-280,-401
-293,-384,-53,-23,-247,349,-285,-413
-298,-396,-55,-25,-247,347,-288,-428
-303,-409,-56,-26,-247,346,-292,-441
-308,-423,-58,-27,-248,344,-299,-456
-315,-438,-60,-29,-248,343,-305,-473
-323,-453,-63,-32,-248,342,-310,-488
-330,-468,-65,-36,-248,341,-313,-502
-336,-482,-67,-39,-248,339,-321,-517
-342,-497,-69,-42,-248,338,-323,-534
-348,-512,-71,-45,-248,337,-328,-550
-354,-529,-74,-48,-248,336,-332,-566
-361,-546,-76,-51,-248,335,-336,-585
-369,-563,-79,-53,-248,333,-344,-603
-377,-580,-81,-55,-248,332,-351,-620
-384,-597,-84,-58,-249,331,-356,-640
-390,-617,-87,-61,-249,330,-362,-660
-397,-636,-88,-64,-248,328,-366,-679
-402,-656,-89,-68,-247,326,-368,-699
-409,-675,-91,-72,-247,324,-372,-721
-418,-693,-94,-75,-247,322,-380,-739
-426,-713,-98,-77,-249,321,-386,-761
-434,-733,-100,-80,-249,320,-394,-781
-441,-754,-102,-84,-249,319,-397,-803
-448,-776,-104,-88,-248,317,-402,-825
-456,-798,-107,-92,-246,315,-407,-849
-464,-821,-110,-96,-246,313,-412,-872
-472,-844,-113,-101,-246,311,-417,-896
-480,-867,-115,-105,-246,309,-423,-919
-488,-891,-116,-108,-245,307,-428,-944
-497,-914,-119,-110,-245,305,-437,-969
-506,-939,-121,-112,-245,303,-445,-993
-515,-964,-123,-116,-245,302,-450,-1021
-524,-991,-126,-122,-245,300,-456,-1048
-532,-1018,-129,-126,-245,297,-462,-1075
-542,-1045,-132,-130,-245,295,-469,-1105
-552,-1073,-135,-133,-246,293,-478,-1132
-561,-1099,-138,-137,-246,292,-485,-1159
-571,-1127,-140,-142,-246,290,-491,-1190
-579,-1155,-143,-146,-246,288,-498,-1218
-588,-1185,-146,-150,-246,285,-502,-1247
-598,-1215,-149,-154,-246,282,-510,-1280
-608,-1244,-151,-158,-246,280,-517,-1309
-618,-1273,-155,-164,-247,278,-523,-1339
-627,-1302,-158,-170,-247,276,-528,-1370
-636,-1333,-162,-176,-247,274,-534,-1401
-644,-1365,-166,-180,-247,272,-539,-1436
-653,-1398,-168,-184,-247,269,-548,-1468
-663,-1429,-171,-187,-248,266,-554,-1500
-672,-1459,-173,-192,-248,263,-560,-1530
-682,-1490,-176,-197,-248,260,-566,-1563
-690,-1522,-179,-203,-246,258,-570,-1595
-699,-1554,-183,-208,-245,256,-576,-1628
-709,-1587,-187,-213,-243,252,-583,-1663
-719,-1621,-191,-219,-243,249,-589,-1700
-729,-1655,-195,-224,-244,246,-596,-1734
-737,-1689,-198,-229,-244,244,-601,-1771
-746,-1723,-201,-234,-244,242,-607,-1805
-755,-1756,-205,-238,-244,240,-614,-1838
-765,-1790,-208,-243,-244,236,-620,-1875
-774,-1825,-212,-249,-245,233,-626,-1909
-782,-1860,-215,-255,-245,231,-631,-1944
-789,-1896,-217,-260,-245,229,-633,-1983
-798,-1932,-221,-266,-245,226,-638,-2019
-807,-1967,-224,-271,-244,224,-644,-2055
-818,-2003,-228,-277,-244,220,-651,-2093
-828,-2039,-231,-281,-244,216,-659,-2128
-837,-2076,-233,-286,-244,213,-665,-2166
-846,-2113,-236,-291,-243,211,-671,-2205
-855,-2152,-239,-298,-242,209,-675,-2244
-863,-2190,-243,-305,-241,207,-677,-2282
-873,-2227,-247,-312,-242,204,-683,-2323
-882,-2264,-250,-318,-242,201,-689,-2359
-892,-2300,-252,-322,-242,197,-697,-2396
-902,-2337,-255,-327,-242,194,-703,-2432
-910,-2374,-258,-332,-242,191,-706,-2471
-919,-2410,-262,-339,-242,187,-711,-2508
-928,-2447,-264,-345,-243,184,-715,-2545
-939,-2484,-267,-350,-243,181,-722,-2583
-948,-2521,-269,-356,-243,178,-730,-2619
-957,-2558,-273,-363,-242,174,-732,-2659
-964,-2595,-276,-368,-240,171,-737,-2696
-972,-2631,-279,-373,-239,167,-742,-2732
-980,-2665,-281,-377,-238,165,-747,-2769
-987,-2700,-283,-382,-239,162,-750,-2804
-995,-2735,-286,-386,-239,160,-755,-2839
-1003,-2770,-290,-392,-240,158,-760,-2877
-1011,-2804,-293,-398,-240,155,-762,-2911
-1019,-2838,-296,-404,-239,151,-767,-2945
-1026,-2871,-298,-409,-239,147,-771,-2978
-1032,-2903,-301,-414,-238,143,-775,-3012
-1038,-2934,-303,-418,-238,139,-777,-3044
-1044,-2966,-305,-422,-237,136,-781,-3075
-1050,-2997,-307,-428,-236,133,-781,-3106
-1057,-3027,-309,-433,-236,130,-784,-3137
-1063,-3057,-312,-437,-236,128,-788,-3166
-1069,-3084,-315,-441,-236,126,-792,-3197
-1076,-3112,-317,-444,-237,123,-798,-3223
-1082,-3139,-318,-448,-237,120,-802,-3250
-1087,-3165,-319,-451,-237,117,-803,-3277
-1091,-3190,-322,-455,-236,114,-804,-3302
-1095,-3214,-326,-459,-234,110,-808,-3328
-1100,-3238,-328,-463,-233,107,-809,-3353
-1105,-3262,-329,-467,-233,103,-811,-3377
-1110,-3284,-330,-470,-233,101,-815,-3399
-1115,-3306,-331,-474,-234,98,-816,-3421
-1119,-3326,-333,-477,-234,96,-817,-3441
-1123,-3345,-335,-480,-234,92,-821,-3460
-1126,-3363,-336,-482,-234,89,-821,-3481
-1129,-3381,-336,-484,-234,86,-821,-3496
-1132,-3399,-337,-487,-234,83,-823,-3514
-1134,-3415,-339,-490,-234,81,-823,-3534
-1137,-3429,-340,-493,-234,79,-823,-3547
-1140,-3443,-341,-496,-235,76,-827,-3560
-1143,-3455,-342,-498,-235,73,-827,-3573
-1145,-3467,-342,-499,-235,70,-830,-3585
-1147,-3477,-342,-499,-234,68,-830,-3595
-1148,-3487,-343,-502,-232,66,-830,-3604
-1150,-3496,-344,-505,-231,63,-828,-3613
-1153,-3504,-345,-508,-230,60,-831,-3621
-1156,-3511,-346,-508,-231,57,-833,-3629
-1156,-3517,-347,-508,-231,54,-833,-3635
-1155,-3522,-346,-508,-231,52,-833,-3640
-1155,-3525,-346,-509,-231,50,-832,-3643
-1156,-3528,-345,-509,-231,47,-831,-3646
-1156,-3530,-345,-509,-231,44,-831,-3648
-1155,-3531,-346,-509,-232,42,-833,-3650
-1153,-3532,-346,-509,-232,40,-831,-3650
-1152,-3531,-346,-509,-232,37,-830,-3648
-1152,-3527,-346,-509,-232,33,-830,-3645
-1150,-3523,-346,-509,-232,30,-826,-3641
-1148,-3518,-346,-509,-233,28,-826,-3636
-1145,-3513,-345,-508,-233,27,-823,-3630
-1143,-3507,-343,-507,-233,25,-821,-3621
-1141,-3500,-342,-505,-233,23,-819,-3615
-1138,-3491,-341,-504,-233,20,-816,-3607
-1135,-3482,-339,-503,-233,18,-814,-3597
-1133,-3471,-338,-503,-233,15,-811,-3586
-1130,-3461,-337,-501,-234,13,-811,-3576
-1127,-3450,-336,-498,-234,10,-811,-3563
-1124,-3437,-334,-495,-234,8,-809,-3549
-1120,-3422,-333,-493,-234,5,-806,-3535
-1116,-3405,-332,-492,-233,3,-803,-3518
-1112,-3388,-331,-491,-232,1,-799,-3501
-1108,-3371,-330,-488,-231,0,-798,-3483
-1104,-3355,-328,-486,-232,-1,-794,-3466
-1099,-3337,-326,-484,-233,-3,-789,-3447
-1093,-3318,-324,-482,-234,-6,-787,-3427
-1086,-3297,-321,-480,-233,-8,-780,-3404
-1080,-3276,-319,-478,-232,-11,-775,-3383
-1073,-3254,-319,-475,-231,-13,-771,-3360
-1067,-3230,-318,-472,-230,-14,-767,-3337
-1061,-3206,-316,-469,-231,-16,-764,-3313
-1055,-3181,-313,-465,-232,-18,-758,-3288
-1048,-3155,-310,-460,-233,-20,-754,-3259
-1040,-3129,-307,-455,-233,-23,-749,-3233
-1032,-3101,-305,-452,-234,-24,-744,-3205
-1025,-3073,-303,-449,-234,-26,-739,-3177
-1018,-3044,-302,-446,-235,-27,-734,-3145
-1012,-3014,-300,-443,-234,-29,-731,-3116
-1006,-2984,-298,-438,-233,-30,-727,-3086
-999,-2952,-296,-433,-232,-33,-723,-3054
-992,-2920,-294,-429,-231,-36,-722,-3022
-983,-2889,-292,-423,-232,-38,-716,-2989
-974,-2857,-288,-417,-232,-39,-710,-2955
-965,-2824,-285,-412,-232,-39,-705,-2922
-957,-2791,-281,-406,-232,-40,-700,-2889
-950,-2757,-278,-402,-232,-42,-695,-2852
-941,-2721,-275,-397,-232,-44,-689,-2817
-932,-2686,-272,-392,-234,-45,-686,-2782
-923,-2651,-269,-386,-236,-47,-681,-2744
-914,-2616,-266,-379,-237,-49,-677,-2708
-905,-2580,-263,-373,-238,-50,-671,-2673
-895,-2545,-258,-368,-238,-52,-664,-2635
-884,-2509,-254,-363,-238,-53,-656,-2598
-875,-2472,-251,-359,-238,-55,-650,-2559
-866,-2434,-249,-354,-238,-57,-644,-2522
-858,-2396,-248,-349,-238,-60,-639,-2484
-848,-2359,-245,-343,-238,-62,-634,-2447
-838,-2323,-241,-337,-238,-63,-628,-2408
-829,-2287,-237,-332,-238,-64,-622,-2371
-820,-2249,-233,-326,-238,-65,-616,-2331
-810,-2212,-229,-321,-238,-67,-609,-2294
-800,-2176,-226,-315,-238,-68,-603,-2258
-791,-2139,-222,-309,-238,-68,-599,-2219
-782,-2102,-219,-303,-238,-68,-593,-2181
-773,-2063,-216,-298,-238,-69,-587,-2142
-764,-2025,-212,-293,-239,-71,-581,-2102
-754,-1989,-208,-289,-239,-72,-573,-2065
-744,-1952,-205,-283,-239,-73,-567,-2026
-733,-1915,-201,-277,-239,-75,-562,-1989
-724,-1878,-198,-271,-239,-76,-556,-1949
-715,-1840,-194,-265,-239,-77,-550,-1911
-705,-1803,-191,-260,-239,-78,-543,-1873
-695,-1766,-187,-255,-239,-79,-537,-1834
-685,-1729,-184,-251,-239,-81,-529,-1798
-675,-1692,-179,-246,-239,-83,-523,-1757
-665,-1655,-175,-241,-239,-85,-516,-1717
-656,-1618,-172,-236,-240,-86,-510,-1680
-646,-1582,-169,-231,-240,-87,-502,-1644
-637,-1546,-165,-225,-240,-87,-496,-1606
-627,-1509,-160,-218,-240,-87,-493,-1569
-617,-1474,-156,-212,-240,-89,-485,-1532
-606,-1439,-153,-207,-240,-91,-477,-1496
-596,-1404,-150,-202,-240,-92,-471,-1461
-587,-1369,-147,-197,-240,-92,-465,-1424
-578,-1335,-143,-192,-240,-92,-458,-1390
-568,-1301,-138,-187,-240,-93,-451,-1353
-559,-1268,-134,-181,-240,-96,-445,-1319
-549,-1236,-131,-176,-240,-97,-441,-1285
-541,-1204,-127,-171,-240,-97,-433,-1253
-531,-1173,-124,-166,-240,-97,-427,-1219
-522,-1141,-120,-161,-240,-97,-423,-1187
-513,-1111,-117,-155,-240,-98,-417,-1154
-504,-1082,-112,-151,-241,-101,-408,-1126
-496,-1054,-108,-147,-241,-102,-404,-1096
-488,-1026,-104,-142,-241,-102,-399,-1066
-480,-997,-101,-136,-241,-102,-393,-1036
-470,-968,-97,-131,-239,-104,-389,-1007
-461,-943,-94,-127,-238,-105,-380,-979
-452,-918,-90,-124,-238,-106,-374,-954
-445,-894,-87,-121,-239,-105,-368,-927
-438,-869,-83,-118,-240,-106,-365,-899
-430,-844,-79,-114,-240,-107,-357,-875
-422,-821,-75,-110,-239,-107,-351,-849
-414,-798,-72,-105,-239,-107,-345,-826
-405,-775,-69,-99,-238,-107,-340,-803
-397,-753,-65,-95,-238,-108,-335,-778
-390,-732,-61,-91,-238,-108,-330,-755
-383,-712,-57,-88,-236,-109,-324,-736
-378,-692,-53,-85,-236,-108,-322,-712
-372,-673,-50,-80,-236,-109,-318,-693
-366,-653,-47,-77,-236,-110,-312,-671
-359,-634,-43,-75,-237,-112,-306,-649
-351,-616,-39,-72,-236,-112,-301,-632
-345,-599,-36,-68,-236,-112,-295,-611
-339,-582,-33,-64,-236,-112,-291,-594
-333,-565,-28,-61,-236,-112,-289,-574
-327,-549,-23,-59,-236,-112,-280,-556
-320,-534,-19,-57,-236,-112,-277,-539
-314,-520,-15,-55,-237,-112,-271,-526
-308,-507,-13,-52,-237,-112,-266,-510
-304,-492,-9,-48,-236,-112,-263,-495
-299,-478,-5,-45,-235,-112,-261,-478
-293,-463,-1,-41,-234,-112,-256,-460
-287,-449,1,-38,-234,-112,-252,-446
-282,-437,3,-36,-234,-112,-247,-434
-277,-423,5,-34,-235,-112,-242,-418
-273,-410,9,-31,-237,-112,-241,-405
-269,-398,13,-28,-237,-112,-238,-390
-265,-387,18,-27,-235,-112,-234,-377
-260,-377,22,-25,-233,-112,-229,-365
-255,-368,25,-23,-231,-112,-224,-355
-250,-357,28,-20,-231,-112,-222,-341
-245,-347,31,-17,-231,-112,-218,-332
-240,-338,34,-14,-231,-112,-216,-319
-236,-328,37,-11,-231,-112,-211,-310
-232,-318,41,-8,-232,-112,-209,-297
-228,-309,45,-6,-232,-112,-206,-285
-223,-300,50,-4,-231,-113,-201,-274
-218,-292,55,-1,-230,-112,-196,-264
-213,-285,59,1,-228,-111,-191,-256
-208,-276,62,4,-226,-109,-189,-245
-204,-268,65,6,-226,-108,-185,-238
-199,-260,68,7,-226,-107,-180,-227
-195,-252,71,9,-227,-108,-177,-219
-192,-245,75,11,-227,-108,-174,-209
-188,-238,79,14,-226,-108,-172,-200
-184,-232,83,18,-226,-108,-168,-191
-180,-226,86,21,-226,-108,-167,-185
-176,-220,90,25,-226,-106,-163,-177
-173,-214,93,28,-226,-104,-163,-170
-169,-208,98,30,-227,-103,-159,-162
-165,-202,103,32,-226,-103,-155,-153
-161,-195,108,34,-225,-103,-151,-145
-158,-189,112,37,-223,-103,-148,-135
-156,-184,115,41,-221,-102,-148,-130
-153,-180,117,43,-220,-100,-146,-126
-149,-177,120,45,-221,-98,-145,-120
-145,-173,123,46,-221,-98,-141,-117
-142,-168,127,49,-221,-98,-137,-109
-139,-164,131,52,-220,-97,-135,-102
-136,-160,136,55,-220,-96,-134,-97
-131,-157,140,58,-218,-93,-130,-93
-127,-154,143,60,-218,-92,-126,-87
-124,-151,146,62,-218,-90,-125,-85
-122,-148,148,65,-218,-89,-123,-79
-119,-146,151,68,-217,-88,-123,-78
-117,-143,155,72,-216,-87,-120,-72
-113,-139,159,75,-215,-86,-119,-65
-110,-136,162,76,-215,-84,-117,-62
-107,-133,167,78,-215,-82,-113,-57
-105,-131,171,80,-215,-81,-112,-52
-102,-129,175,83,-215,-79,-109,-48
-99,-126,179,87,-215,-77,-108,-46
-94,-123,182,90,-215,-75,-103,-39
-90,-118,185,94,-214,-75,-102,-35
-88,-114,188,98,-213,-74,-102,-30
-87,-111,191,102,-211,-73,-103,-24
-85,-107,194,106,-209,-71,-104,-20
-81,-102,197,110,-209,-70,-101,-13
-76,-97,200,114,-209,-69,-98,-8
-72,-93,204,117,-209,-68,-96,-2
-69,-90,207,120,-209,-66,-93,1
-68,-87,210,123,-209,-65,-92,6
-66,-83,213,126,-209,-64,-93,9
-63,-79,216,128,-209,-64,-91,17
-60,-74,219,131,-208,-62,-90,21
-56,-70,222,133,-205,-60,-85,28
-53,-66,225,137,-204,-59,-85,31
-50,-63,229,141,-203,-58,-83,37
-49,-60,231,144,-204,-57,-84,40
-46,-57,234,147,-204,-57,-84,42
-43,-56,236,149,-204,-56,-81,47
-41,-54,239,152,-203,-55,-81,48
-39,-52,241,156,-203,-54,-79,51
-38,-49,242,159,-204,-52,-80,53
-36,-46,245,162,-203,-51,-80,59
-33,-44,247,164,-203,-50,-79,61
-31,-44,250,167,-202,-49,-76,64
-29,-43,253,169,-201,-49,-76,64
-27,-42,255,172,-200,-48,-74,65
-24,-40,257,173,-199,-47,-74,70
-21,-39,259,175,-198,-46,-72,72
-19,-37,260,176,-198,-44,-69,73
-17,-36,263,177,-198,-42,-68,76
-15,-36,264,180,-198,-41,-68,78
-13,-34,265,183,-198,-41,-65,79
-12,-32,265,185,-198,-41,-67,81
-12,-29,266,186,-198,-40,-67,84
-10,-27,267,187,-196,-38,-65,85
-8,-26,270,190,-194,-36,-65,87
-5,-24,271,192,-193,-36,-63,89
-4,-22,273,195,-192,-36,-64,92
-3,-20,274,196,-192,-35,-64,95
-3,-18,274,196,-193,-33,-63,97
-1,-16,276,197,-193,-32,-61,100
0,-14,277,197,-192,-31,-59,101
2,-11,277,198,-192,-30,-58,103
3,-8,277,200,-192,-28,-59,107
4,-6,277,203,-193,-27,-61,109
5,-3,278,205,-192,-27,-59,112
6,-2,278,207,-191,-27,-61,113
7,0,279,208,-188,-25,-61,114
8,1,280,208,-187,-24,-58,117
10,3,280,208,-187,-22,-57,119
11,5,279,207,-187,-22,-56,122
13,7,280,207,-186,-22,-54,124
15,10,280,208,-185,-21,-52,126
16,12,280,209,-185,-19,-51,129
17,15,278,211,-185,-17,-53,131
18,17,278,212,-185,-17,-52,134
19,19,277,213,-184,-17,-53,133
21,22,278,213,-183,-18,-50,136
22,25,277,212,-182,-18,-47,139
24,28,277,212,-181,-16,-46,141
24,30,276,211,-182,-14,-46,145
24,33,276,210,-181,-13,-46,147
24,36,276,211,-180,-13,-46,150
24,39,275,212,-178,-13,-48,153
25,43,274,214,-177,-13,-47,157
26,45,273,215,-176,-11,-50,157
27,48,271,214,-176,-10,-48,159
28,50,271,213,-177,-10,-45,161
28,52,270,211,-177,-10,-45,163
28,55,269,211,-176,-10,-45,167
28,59,267,212,-175,-9,-45,168
28,63,266,213,-173,-8,-47,172
28,67,264,213,-172,-8,-47,173
29,70,263,213,-171,-8,-46,177
31,73,262,211,-171,-9,-45,179
31,75,260,209,-171,-9,-45,183
31,79,259,208,-172,-8,-42,185
31,83,258,207,-172,-7,-42,187
30,86,256,206,-171,-7,-42,191
31,90,256,205,-170,-6,-42,194
31,93,254,204,-168,-5,-42,197
31,95,253,203,-166,-4,-42,200
32,98,251,202,-166,-4,-41,200
32,101,249,202,-166,-4,-41,203
32,104,247,201,-166,-4,-41,203
31,106,245,200,-166,-4,-42,206
30,108,242,199,-166,-4,-43,208
31,110,240,198,-165,-4,-42,207
32,112,238,196,-164,-4,-40,209
32,115,237,194,-163,-4,-40,212
31,118,236,193,-162,-4,-40,212
30,119,234,192,-162,-4,-41,214
29,120,233,191,-161,-4,-42,214
29,120,231,189,-161,-4,-40,214
29,121,228,187,-162,-4,-40,213
28,121,226,184,-162,-4,-37,213
28,123,224,183,-161,-4,-39,214
27,125,222,181,-160,-4,-40,214
26,126,221,180,-158,-4,-41,216
25,128,219,178,-157,-4,-39,217
25,129,217,176,-156,-4,-40,218
24,129,215,174,-156,-4,-40,217
25,129,213,173,-156,-4,-40,216
25,129,212,171,-157,-4,-37,216
24,130,210,169,-157,-4,-37,214
23,132,209,168,-156,-4,-39,217
22,133,206,166,-155,-4,-40,218
22,133,204,165,-153,-4,-40,216
22,133,201,163,-151,-5,-37,216
22,133,198,162,-151,-5,-37,213
21,134,196,161,-151,-5,-37,214
20,137,194,161,-151,-5,-41,214
20,138,192,160,-151,-5,-40,216
20,138,191,158,-152,-5,-40,216
20,138,189,156,-152,-5,-39,216
20,137,187,155,-151,-5,-36,213
19,137,186,153,-150,-5,-37,212
16,137,183,151,-148,-5,-40,212
15,137,182,150,-147,-5,-42,209
14,138,180,148,-146,-5,-42,211
14,139,178,147,-147,-5,-41,211
14,140,177,145,-147,-5,-41,212
14,140,177,144,-147,-5,-41,212
13,140,175,144,-147,-5,-41,209
13,140,173,143,-147,-5,-41,209
13,141,170,144,-147,-5,-41,208
13,142,168,143,-147,-5,-41,209
12,142,166,142,-145,-5,-42,207
11,141,164,140,-143,-5,-42,206
10,139,163,139,-142,-5,-45,205
9,137,163,139,-141,-5,-45,202
9,137,162,138,-142,-5,-45,202
9,137,161,137,-142,-5,-45,202
9,138,159,136,-142,-5,-42,201
8,137,159,134,-142,-5,-43,200
6,136,157,134,-142,-5,-46,198
5,134,156,133,-142,-5,-46,197
5,133,155,131,-142,-5,-46,196
6,133,153,130,-140,-5,-43,192
5,131,153,129,-138,-5,-43,191
4,130,152,129,-137,-6,-45,190
3,129,151,130,-137,-6,-48,189
2,128,149,131,-137,-6,-48,186
2,126,147,130,-137,-6,-50,184
1,124,144,129,-137,-6,-50,179
1,122,143,127,-137,-6,-51,178
0,122,142,126,-137,-6,-51,177
1,122,142,126,-137,-6,-47,177
1,121,142,126,-137,-6,-50,177
0,119,143,126,-137,-6,-51,175
-1,119,142,126,-136,-6,-53,174
-2,119,141,127,-135,-6,-54,174
-3,120,139,127,-134,-6,-54,173
-3,120,137,126,-133,-6,-54,173
-4,119,136,125,-132,-6,-56,172
-5,116,136,125,-132,-6,-57,169
-6,115,136,126,-132,-6,-57,167
-6,114,136,126,-132,-6,-58,167
-6,115,137,125,-132,-4,-57,167
-5,115,137,123,-132,-4,-54,167
-5,114,135,121,-132,-5,-54,167
-6,112,133,121,-132,-6,-56,164
-8,111,133,121,-132,-5,-57,161
-9,111,133,121,-132,-3,-58,161
-10,111,134,121,-132,-1,-59,163
-9,111,134,120,-132,-1,-58,164
-9,111,132,120,-132,-1,-58,161
-8,110,131,119,-132,-1,-58,159
-9,107,130,118,-132,-1,-58,157
-10,105,130,117,-132,-1,-57,155
-11,104,130,117,-132,-1,-58,153
-11,104,129,117,-132,-1,-61,155
-11,104,127,116,-130,-1,-61,152
-11,105,126,115,-128,-1,-57,152
-11,104,126,113,-127,0,-57,155
-12,102,128,112,-126,0,-56,152
-13,99,129,113,-127,0,-57,150
-13,98,128,113,-127,0,-59,148
-13,97,126,113,-127,1,-59,145
-13,97,124,112,-126,2,-59,145
-14,96,123,110,-126,3,-58,144
-14,93,124,110,-126,3,-58,141
-15,91,124,109,-127,2,-58,139
-15,91,124,109,-127,2,-59,139
-15,91,123,108,-126,2,-59,139
-16,90,122,107,-125,3,-61,137
-18,88,120,106,-125,2,-59,136
-18,86,121,106,-125,3,-59,134
-18,85,121,106,-125,3,-59,133
-17,84,121,106,-123,3,-58,131
-17,83,119,105,-122,2,-58,130
-17,81,118,104,-121,2,-58,126
-18,79,117,103,-122,2,-59,124
-18,78,117,102,-122,3,-59,123
-19,77,117,103,-122,6,-61,123
-21,77,116,102,-121,7,-62,123
-22,76,115,101,-121,7,-62,122
-23,75,115,100,-121,7,-62,120
-24,75,116,99,-121,7,-62,120
-24,75,116,98,-121,7,-62,120
-25,75,117,97,-122,7,-61,120
-26,74,116,96,-122,7,-63,122
-28,73,115,94,-121,7,-64,118
-29,71,115,93,-120,7,-63,117
-30,69,114,93,-118,7,-63,114
-30,66,113,92,-117,7,-63,112
-29,65,112,91,-118,7,-63,111
-28,63,111,90,-118,7,-62,108
-28,62,110,90,-118,7,-62,106
-28,62,110,89,-117,7,-62,104
-30,61,109,87,-117,7,-62,106
-31,59,109,86,-118,7,-62,102
-32,56,108,84,-119,7,-63,98
-33,54,106,83,-118,7,-62,97
-34,53,104,82,-117,7,-62,96
-34,53,104,82,-116,7,-62,96
-33,52,103,82,-116,7,-64,92
-33,50,103,83,-116,7,-64,90
-34,47,103,83,-117,7,-65,87
-35,46,101,82,-116,7,-67,86
-36,46,100,80,-116,7,-64,87
-37,48,99,79,-116,7,-65,89
-37,50,99,79,-117,6,-65,90
-38,51,99,79,-117,5,-67,92
-38,51,99,79,-116,4,-67,92
-38,51,98,78,-115,3,-67,91
-38,50,96,77,-114,2,-67,89
-38,51,95,76,-113,2,-67,89
-39,53,95,75,-114,2,-68,91
-39,54,95,75,-113,2,-67,92
-39,56,95,76,-112,2,-67,93
-38,57,95,77,-112,2,-67,95
-38,59,94,78,-112,2,-67,97
-38,61,94,77,-112,2,-67,98
-38,62,94,75,-112,0,-67,100
-39,62,93,73,-111,0,-64,101
-39,62,93,72,-110,0,-64,100
-39,62,91,72,-111,-1,-64,100
-38,62,89,73,-112,-2,-64,97
-38,62,87,73,-112,-2,-67,97
-39,62,86,72,-111,-3,-67,95
-39,61,86,70,-109,-2,-65,97
-42,61,87,68,-107,-2,-65,96
-43,60,87,67,-107,-3,-67,96
-43,59,86,67,-107,-3,-67,95
-43,58,84,68,-108,-2,-69,91
-41,57,83,67,-108,-2,-68,90
-40,56,84,67,-107,-2,-64,89
-39,56,84,66,-107,-2,-63,89
-39,56,84,67,-107,-2,-64,90
-39,56,83,68,-107,-2,-65,90
-40,56,81,68,-107,-2,-67,89
-41,55,79,66,-107,-2,-67,86
-40,55,79,65,-107,-2,-64,85
-40,54,79,65,-107,-2,-63,85
-39,54,79,65,-107,-2,-63,84
-40,54,79,65,-107,-2,-65,85
-40,55,77,65,-108,-2,-67,85
-40,56,75,64,-108,-2,-67,84
-40,56,74,63,-108,-2,-64,84
-40,55,74,63,-106,-3,-63,84
-40,55,74,63,-104,-3,-63,84
-40,55,75,63,-102,-3,-63,84
-40,56,75,62,-103,-3,-64,84
-40,55,73,62,-104,-3,-63,84
-40,55,72,62,-104,-3,-65,84
-40,55,70,63,-104,-3,-65,81
-40,55,68,64,-103,-3,-65,81
-40,55,67,63,-102,-2,-65,81
-40,55,67,63,-102,-1,-65,81
-40,55,67,63,-102,0,-65,81
-40,55,67,63,-103,0,-65,81
-40,55,68,63,-102,1,-67,81
-40,55,67,63,-102,1,-65,81
-40,55,67,63,-102,1,-65,81
-40,55,67,62,-102,1,-65,81
-40,55,66,62,-102,1,-67,79
-40,55,65,61,-102,1,-67,79
-40,55,64,60,-102,1,-65,79
-39,56,64,60,-102,1,-65,79
-39,56,64,59,-102,1,-64,80
-38,56,65,61,-102,1,-64,80
-38,57,64,62,-102,1,-64,80
-38,57,62,63,-102,1,-65,80
-37,57,61,63,-102,1,-65,78
-38,57,60,64,-102,1,-65,78
-39,56,60,63,-102,1,-68,76
-40,55,61,63,-102,1,-68,76
-40,56,61,63,-102,1,-68,76
-38,56,61,63,-102,1,-67,78
-38,57,61,64,-102,1,-65,78
-38,57,61,63,-102,1,-67,78
-39,56,60,62,-102,1,-68,76
-40,55,58,61,-101,1,-69,76
-40,55,57,60,-100,1,-68,76
-39,56,57,60,-100,1,-68,76
-39,56,57,60,-100,1,-67,78
-39,56,57,60,-99,1,-68,76
-40,55,57,60,-99,1,-68,76
-40,55,57,60,-99,1,-69,76
-40,55,56,61,-99,1,-69,74
-40,55,54,61,-99,1,-72,73
-40,55,51,61,-98,1,-70,72
-40,55,50,61,-97,1,-70,72
-40,56,50,60,-97,1,-72,72
-40,55,50,60,-97,1,-72,70
-41,55,50,60,-97,1,-72,70
-42,54,50,60,-97,1,-73,70
-43,54,50,60,-97,1,-74,70
-44,54,50,60,-97,1,-75,69
-45,53,50,60,-97,1,-75,69
-44,52,50,60,-97,1,-75,68
-43,50,50,60,-97,1,-74,65
-42,49,50,60,-97,1,-73,64
-42,49,50,60,-97,1,-73,64
-42,49,50,60,-97,1,-73,64
-43,49,50,60,-97,1,-74,64
-44,48,50,60,-97,1,-74,64
-43,47,50,60,-97,1,-74,63
-42,45,50,60,-97,1,-73,61
-41,44,49,59,-97,1,-69,61
-41,44,49,59,-97,1,-69,59
-42,43,48,58,-97,1,-69,59
-43,43,47,57,-97,1,-70,59
-43,43,46,57,-97,1,-72,58
-44,42,46,57,-97,1,-73,56
-45,42,46,57,-97,0,-73,56
-44,42,46,57,-97,-2,-73,58
-44,43,46,57,-97,-3,-72,58
-45,42,46,57,-98,-3,-73,58
-46,41,46,57,-98,-3,-74,54
-47,41,45,58,-97,-3,-75,54
-48,41,45,58,-96,-3,-78,54
-47,41,46,58,-95,-3,-75,54
-47,40,46,57,-95,-3,-75,53
-48,39,45,56,-95,-3,-75,52
-47,37,43,56,-95,-3,-75,50
-47,36,41,57,-94,-3,-76,46
-46,35,41,58,-93,-3,-76,46
-46,36,40,58,-93,-3,-76,46
-46,36,40,57,-94,-4,-76,47
-47,36,39,57,-95,-5,-76,46
-46,36,39,57,-94,-6,-76,47
-46,36,39,57,-93,-7,-76,46
-46,36,39,57,-93,-8,-76,46
-46,36,40,57,-93,-8,-76,46
-46,36,39,57,-93,-8,-76,46
-46,36,39,57,-93,-8,-76,46
-46,35,39,57,-93,-8,-76,46
-47,36,39,57,-93,-8,-76,46
-46,35,39,57,-93,-8,-76,46
-46,36,39,57,-93,-8,-76,46
-46,36,39,57,-93,-8,-76,46
-47,36,39,57,-93,-8,-76,46
-47,35,39,57,-93,-8,-78,46
-48,34,39,57,-93,-10,-78,45
-48,33,39,57,-93,-12,-79,43
-49,32,39,57,-93,-13,-79,42
-50,32,40,57,-93,-14,-80,43
-51,33,39,57,-93,-13,-81,43
-51,34,39,58,-93,-13,-81,45
-51,33,37,60,-93,-13,-84,42
-50,32,36,61,-93,-13,-83,41
-50,31,36,61,-93,-13,-83,40
-50,30,36,61,-93,-13,-83,39
-49,30,36,61,-93,-13,-81,39
-49,30,36,60,-93,-13,-81,39
-49,31,37,60,-93,-13,-81,39
-50,32,38,59,-93,-13,-83,40
-50,32,37,60,-93,-15,-83,41
-50,32,36,60,-93,-16,-83,40
-50,32,36,61,-93,-17,-83,40
-50,32,36,61,-93,-16,-83,41
-50,33,36,61,-93,-15,-83,41
-51,33,36,60,-93,-16,-84,42
-51,33,36,60,-93,-17,-84,42
-51,33,35,60,-93,-18,-84,42
-50,33,35,59,-93,-17,-83,41
-50,33,35,59,-93,-14,-83,41
-50,33,34,58,-93,-13,-83,41
-50,33,34,58,-94,-14,-83,41
-50,33,35,59,-94,-17,-83,41
-51,33,35,59,-93,-18,-84,42
-51,34,34,58,-93,-17,-84,42
-50,33,33,57,-91,-15,-83,39
-50,32,32,57,-90,-13,-83,37
-49,30,32,57,-90,-13,-81,36
-49,29,33,57,-90,-13,-81,35
-48,29,33,57,-92,-14,-81,35
-48,29,33,57,-92,-14,-81,35
-49,29,32,57,-91,-14,-81,35
-49,27,32,57,-91,-13,-81,32
-50,25,32,57,-91,-13,-83,30
-51,23,32,57,-92,-13,-83,29
-52,21,32,57,-93,-13,-84,28
-53,19,32,57,-92,-13,-85,25
-53,17,32,57,-92,-13,-85,23
-54,15,32,57,-92,-14,-86,21
-54,15,32,57,-93,-13,-86,20
-55,14,32,57,-92,-13,-87,20
-56,14,32,57,-90,-13,-89,19
-56,13,32,57,-90,-14,-89,18
-56,11,32,57,-90,-14,-89,17
-56,11,32,57,-90,-13,-89,17
-56,11,32,57,-90,-12,-87,17
-55,11,32,57,-90,-10,-87,17
-55,10,32,57,-90,-9,-87,15
-57,9,32,57,-89,-8,-89,14
-58,8,32,57,-88,-8,-90,14
-58,9,32,57,-88,-9,-90,14
-57,11,32,57,-89,-9,-90,17
-57,13,32,57,-90,-9,-89,18
-57,13,32,57,-90,-8,-89,19
-57,13,32,57,-90,-8,-89,19
-56,14,32,57,-88,-8,-87,19
-54,15,32,57,-88,-8,-86,21
-53,17,32,57,-88,-9,-85,23
-54,19,32,57,-90,-8,-86,25
-55,20,33,57,-90,-8,-87,26
-55,20,33,57,-91,-8,-87,26
-54,21,32,57,-90,-9,-86,26
-52,21,32,57,-90,-9,-84,28
-50,22,32,57,-90,-8,-83,28
-49,23,33,57,-90,-7,-81,31
-50,25,34,58,-90,-5,-81,32
-50,27,33,59,-89,-6,-81,32
-49,28,31,61,-88,-7,-84,34
-49,29,30,61,-88,-7,-84,32
-49,29,29,62,-88,-6,-86,32
-48,29,31,62,-88,-4,-84,35
-47,29,31,61,-88,-3,-83,35
-46,30,31,59,-88,-3,-80,36
-44,31,31,59,-88,-4,-76,37
-44,31,31,59,-88,-4,-79,37
-44,31,30,60,-88,-4,-79,37
-44,31,29,61,-88,-3,-79,35
-45,31,29,61,-88,-3,-80,35
-46,30,29,61,-88,-3,-80,34
-47,30,29,61,-88,-3,-81,34
-47,30,30,61,-88,-3,-81,34
-46,30,30,62,-88,-3,-81,36
-46,30,31,62,-88,-3,-83,36
-47,30,30,61,-88,-3,-81,34
-48,29,29,61,-88,-3,-83,32
-49,28,29,61,-88,-3,-84,32
-49,29,30,61,-88,-3,-84,32
-48,29,31,62,-88,-3,-84,35
-48,29,31,62,-88,-3,-84,35
-48,29,30,61,-88,-3,-83,32
-49,29,29,61,-88,-3,-84,32
-48,29,29,61,-88,-3,-83,32
-48,29,30,61,-88,-3,-83,32
-49,29,31,62,-88,-3,-84,35
-49,30,31,62,-88,-3,-84,36
-49,31,31,62,-88,-3,-84,36
-50,32,29,61,-88,-3,-85,35
-50,32,29,60,-88,-4,-85,36
-51,33,29,61,-88,-3,-86,36
-50,33,31,62,-88,-3,-85,39
-49,34,32,63,-88,-3,-86,40
-48,35,33,64,-88,-4,-85,41
-47,37,32,63,-88,-4,-85,42
-48,39,32,63,-88,-3,-86,45
-49,40,32,63,-88,-2,-86,46
-47,40,33,64,-88,-1,-85,46
-46,42,33,64,-88,-1,-84,47
-45,43,33,64,-88,-1,-83,50
-46,45,33,64,-88,-1,-84,51
-46,46,33,64,-88,0,-84,52
-46,47,33,64,-88,0,-84,53
-44,48,33,64,-88,0,-81,54
-43,50,33,64,-88,0,-81,56
-43,52,33,64,-88,0,-81,58
-43,54,33,64,-88,0,-81,59
-42,55,33,65,-88,0,-80,61
-41,55,33,65,-88,0,-79,62
-40,55,33,64,-88,0,-78,62
-39,56,33,64,-87,0,-76,62
-38,57,33,64,-87,0,-75,63
-37,59,34,65,-87,0,-75,64
-37,61,34,67,-87,0,-78,67
-38,62,34,68,-87,0,-79,68
-39,62,34,68,-87,0,-79,68
-39,62,34,68,-87,0,-79,68
-39,62,33,68,-87,0,-79,68
-39,63,32,68,-87,0,-79,67
-39,65,31,66,-87,0,-80,69
-39,67,31,65,-87,0,-76,73
-38,68,32,66,-87,0,-76,74
-39,68,33,69,-87,0,-79,74
-40,67,33,71,-87,2,-83,73
-41,66,33,72,-87,4,-84,70
-41,66,33,71,-87,5,-84,69
-41,66,33,71,-87,6,-84,72
-40,65,33,71,-87,5,-83,72
-39,65,33,71,-87,5,-83,72
-40,65,33,71,-87,5,-83,69
-41,64,33,71,-87,5,-84,69
-42,62,33,71,-87,5,-85,68
-43,60,33,71,-87,5,-85,65
-42,59,33,71,-87,7,-85,65
-43,59,33,71,-87,9,-85,65
-44,59,33,71,-87,10,-86,65
-46,58,33,71,-87,10,-89,64
-46,56,33,71,-87,10,-89,62
-46,54,33,71,-87,10,-89,59
-45,53,33,71,-87,10,-87,59
-44,53,34,71,-87,10,-87,58
-45,53,33,71,-87,10,-87,59
-45,53,32,70,-87,11,-87,57
-45,53,31,68,-87,14,-85,57
-45,53,30,68,-87,15,-85,57
-44,52,29,67,-86,15,-84,56
-44,51,29,68,-86,15,-84,54
-43,50,30,68,-87,15,-84,54
-43,50,30,68,-87,15,-83,53
-42,49,30,68,-87,15,-83,52
-42,49,29,68,-86,15,-83,52
-42,49,29,68,-87,15,-83,52
-42,49,29,68,-86,15,-83,52
-42,49,29,68,-86,15,-83,52
-42,49,29,68,-86,15,-83,52
-42,49,29,68,-87,15,-83,52
-42,49,29,68,-87,14,-83,52
-42,49,29,68,-86,15,-83,52
-42,49,29,68,-86,16,-83,52
-42,49,29,68,-86,18,-83,52
-42,49,29,68,-86,19,-83,52
-42,49,29,68,-86,20,-83,52
-42,49,30,68,-86,20,-83,52
-42,48,29,68,-86,19,-83,52
-42,49,29,68,-86,18,-83,52
-43,50,29,68,-86,18,-84,54
-44,52,30,68,-86,18,-84,56
-44,51,30,68,-86,19,-84,54
-43,50,29,67,-86,20,-84,54
-43,50,28,67,-86,20,-84,53
-44,51,28,66,-86,20,-84,54
-44,52,28,67,-86,19,-85,56
-44,54,29,67,-86,19,-84,57
-44,55,30,68,-86,19,-84,59
-44,57,30,68,-86,20,-84,61
-43,59,29,68,-86,21,-84,63
-43,60,29,68,-86,21,-84,63
-43,60,29,68,-86,22,-83,63
-43,59,29,68,-86,23,-83,63
-43,59,30,68,-86,24,-83,63
-42,61,29,68,-86,25,-83,65
-41,65,29,69,-86,25,-84,68
-40,66,28,69,-86,24,-83,68
-41,66,28,70,-86,24,-84,68
-41,67,28,70,-86,24,-84,68
-41,67,28,70,-86,25,-84,70
-40,69,28,72,-86,24,-86,70
-39,71,28,73,-86,24,-84,72
-38,72,29,74,-86,24,-84,73
-38,73,29,75,-86,24,-84,74
-39,73,30,75,-86,24,-84,76
-39,73,30,75,-86,25,-85,76
-40,74,30,75,-86,25,-85,75
-39,74,29,75,-86,24,-85,75
-38,75,30,75,-86,24,-84,75
-36,76,30,75,-86,24,-81,80
-36,78,30,75,-86,25,-81,81
-36,79,30,75,-86,26,-81,83
-36,79,30,75,-86,26,-81,80
-37,79,29,74,-86,25,-83,80
-37,81,30,75,-86,25,-83,81
-38,83,31,75,-86,25,-84,86
-39,84,32,77,-86,28,-87,87
-39,84,34,78,-86,29,-87,87
-39,84,34,78,-86,29,-87,87
-38,84,33,78,-86,28,-86,87
-36,87,32,77,-86,27,-85,90
-36,89,32,77,-86,28,-85,92
-36,90,32,76,-86,29,-83,93
-37,90,32,76,-86,29,-83,93
-37,90,32,77,-86,29,-85,93
-38,92,33,77,-86,29,-86,95
-39,93,33,78,-86,29,-87,96
-39,95,34,78,-86,29,-87,98
-38,96,34,78,-86,29,-86,100
-36,97,34,78,-86,29,-84,100
-35,97,33,78,-86,29,-83,101
-35,97,33,78,-86,29,-83,101
-35,97,34,78,-86,29,-83,101
-33,97,33,78,-86,29,-81,101
-32,98,33,78,-86,29,-80,102
-31,101,33,78,-86,29,-80,104
-32,102,33,78,-86,29,-80,106
-33,104,34,78,-86,29,-81,107
-33,104,34,78,-86,29,-81,107
-32,104,33,78,-86,29,-80,108
-30,105,33,78,-86,29,-78,108
-29,107,33,78,-86,29,-78,111
-30,109,34,78,-86,29,-79,112
-31,110,34,79,-86,29,-79,114
-30,111,35,79,-86,29,-79,114
-28,112,35,79,-86,29,-76,115
-27,112,34,79,-86,29,-75,115
-26,113,35,79,-86,29,-75,117
-27,114,36,80,-86,29,-75,117
-26,115,36,80,-86,30,-75,120
-25,117,36,80,-86,32,-74,120
-24,118,34,79,-86,33,-73,122
-24,119,34,78,-86,33,-73,123
-25,119,34,79,-86,32,-73,123
-25,119,36,80,-86,31,-74,123
-25,119,36,80,-86,31,-73,125
-25,119,36,80,-86,32,-73,125
-24,119,36,80,-86,34,-73,125
-24,119,37,81,-85,35,-73,125
-25,119,37,81,-86,34,-74,125
-26,119,37,81,-86,34,-74,124
-28,117,37,81,-86,34,-76,123
-28,115,37,81,-86,34,-78,122
-28,114,37,81,-86,34,-76,120
-26,112,36,80,-86,34,-75,118
-26,111,36,80,-86,34,-74,114
-27,110,36,80,-86,34,-75,113
-28,108,37,81,-86,34,-76,114
-29,107,37,82,-86,34,-78,113
-29,106,37,82,-86,34,-78,112
-29,104,37,81,-86,34,-78,109
-30,101,36,80,-86,34,-79,107
-31,97,36,80,-86,34,-79,101
-32,94,35,79,-86,34,-80,98
-32,93,34,79,-86,34,-80,96
-32,91,34,78,-86,34,-80,95
-32,89,33,78,-86,34,-80,92
-32,86,33,78,-86,34,-80,89
-32,83,34,78,-86,34,-80,86
-33,82,34,78,-86,34,-80,85
-34,81,33,78,-86,34,-81,84
-35,79,32,77,-86,34,-83,83
-36,78,31,75,-86,34,-81,81
-35,77,30,75,-86,34,-80,80
-35,76,29,74,-86,34,-80,78
-36,75,29,75,-86,34,-81,75
-37,74,29,76,-86,34,-85,75
-39,73,28,76,-86,34,-86,74
-39,72,29,76,-86,34,-86,74
-39,72,29,75,-86,34,-84,74
-39,73,30,74,-86,34,-84,76
-39,74,30,75,-86,34,-85,75
-40,76,28,76,-86,33,-87,76
-41,77,27,77,-86,32,-89,78
-41,77,27,77,-86,31,-89,78
-41,77,28,76,-86,30,-89,78
-40,79,29,75,-86,29,-86,80
-39,82,30,74,-86,29,-85,85
-39,83,30,75,-86,30,-84,85
-39,84,29,75,-86,31,-86,85
-39,84,28,76,-86,31,-86,85
-39,83,28,77,-86,31,-86,85
-39,83,27,78,-86,31,-86,85
-39,83,27,78,-86,30,-86,85
-39,84,28,77,-86,30,-86,85
-39,84,28,77,-86,29,-86,85
-39,83,27,78,-86,29,-86,85
-39,83,26,78,-86,29,-89,81
-39,83,26,78,-86,29,-89,81
-39,84,27,78,-86,29,-86,85
-39,84,28,78,-86,29,-86,85
-39,84,29,78,-86,29,-87,85
-40,83,29,80,-86,29,-90,84
-40,82,29,81,-86,29,-90,83
-40,79,30,81,-86,29,-90,80
-40,78,30,81,-86,29,-90,79
-41,77,30,82,-86,29,-91,78
-41,77,30,82,-86,29,-91,78
-41,78,30,82,-86,29,-91,79
-41,77,30,81,-86,29,-91,78
-40,76,29,80,-86,29,-90,76
-40,75,28,79,-86,29,-90,76
-40,76,27,78,-86,29,-91,76
-41,77,26,78,-86,29,-91,75
-41,77,26,78,-86,29,-91,75
-41,77,27,78,-86,29,-91,78
-41,77,27,78,-86,29,-91,78
-41,77,27,78,-86,29,-91,78
-41,77,26,78,-86,29,-91,75
-41,77,26,78,-86,30,-91,75
-40,78,26,78,-86,29,-90,76
-39,78,26,78,-86,28,-89,76
-39,78,26,78,-86,25,-89,76
-39,79,26,78,-86,24,-90,76
-39,79,26,78,-86,25,-90,78
-39,81,26,78,-87,26,-89,79
-38,80,26,78,-88,27,-87,79
-37,80,26,78,-87,26,-87,79
-36,79,26,78,-86,25,-86,78
-36,79,26,78,-86,24,-86,78
-36,79,26,78,-86,24,-86,78
-37,79,26,78,-86,24,-87,78
-38,79,26,78,-86,25,-89,78
-38,79,27,78,-86,25,-89,79
-37,77,27,77,-86,24,-85,79
-36,76,28,77,-86,24,-84,76
-36,74,27,77,-86,24,-84,75
-37,73,27,78,-86,24,-87,74
-38,73,26,78,-86,24,-87,72
-38,73,26,78,-86,24,-89,72
-39,73,26,78,-86,24,-89,72
-40,72,26,78,-86,24,-90,70
-42,71,26,78,-86,25,-92,69
-43,71,26,78,-86,24,-93,69
-43,70,26,78,-86,24,-93,69
-43,70,26,78,-86,24,-93,69
-43,71,26,78,-86,25,-93,69
-43,71,26,78,-86,25,-93,69
-43,70,26,78,-86,24,-93,69
-43,69,26,78,-86,23,-93,67
-44,66,26,78,-86,21,-95,64
-45,64,26,78,-86,21,-95,63
-45,63,26,78,-86,21,-95,62
-45,64,26,78,-86,21,-95,62
-45,64,26,78,-86,20,-95,63
-45,64,26,78,-86,19,-95,63
-45,64,26,78,-86,19,-95,63
-45,64,27,78,-86,19,-95,64
-45,64,28,77,-86,20,-92,64
-45,64,28,77,-86,20,-92,64
-45,64,27,77,-86,19,-92,64
-45,64,26,78,-86,19,-95,63
-45,64,27,78,-86,19,-95,64
-46,63,27,77,-86,19,-93,64
-48,62,28,77,-86,19,-95,63
-49,62,28,77,-86,19,-96,63
-50,61,27,78,-86,19,-100,62
-51,61,26,79,-86,19,-101,59
-52,59,26,78,-86,19,-102,57
-52,57,25,77,-86,19,-102,54
-51,55,25,77,-86,19,-98,53
-50,53,25,77,-86,19,-101,52
-51,51,25,77,-86,19,-101,50
-52,50,24,76,-86,19,-100,48
-53,48,23,75,-86,19,-100,46
-53,47,23,75,-86,19,-100,45
-52,46,23,75,-86,19,-100,43
-52,44,23,75,-86,19,-100,42
-54,43,23,75,-86,19,-101,41
-55,41,24,74,-86,19,-102,39
-55,38,25,72,-86,19,-100,39
-56,35,26,71,-86,19,-101,35
-55,32,26,71,-86,19,-100,32
-56,31,25,72,-86,19,-100,31
-55,31,25,73,-86,19,-100,31
-54,31,25,72,-86,19,-98,31
-54,29,26,72,-86,19,-98,30
-54,28,26,71,-86,20,-98,29
-55,27,26,71,-86,19,-100,28
-55,27,26,71,-86,19,-100,28
-55,27,26,71,-86,19,-100,28
-55,27,25,71,-86,20,-100,28
-55,25,25,69,-86,20,-97,25
-57,24,25,69,-86,19,-98,24
-57,24,25,70,-86,18,-100,25
-58,26,25,70,-86,18,-100,26
-57,28,25,70,-86,18,-100,29
-57,28,24,69,-86,19,-98,29
-57,27,24,69,-86,20,-98,28
-57,27,25,70,-86,20,-98,28
-56,28,26,71,-86,19,-100,29
-55,31,25,71,-86,19,-100,31
-55,32,25,70,-86,19,-100,32
-55,31,25,70,-86,20,-100,32
-57,30,26,71,-86,19,-101,31
-58,29,27,71,-86,19,-102,30
-60,28,26,72,-86,19,-104,29
-60,28,25,72,-86,19,-104,29
-59,29,24,73,-86,19,-106,26
-59,29,24,74,-86,19,-106,26
-61,28,24,74,-86,19,-107,26
-62,26,24,74,-86,19,-108,24
-62,24,23,75,-86,19,-109,21
-61,22,23,75,-86,19,-108,20
-61,21,23,75,-86,19,-108,19
-61,19,23,75,-86,19,-108,17
-62,16,22,74,-86,19,-109,14
-64,14,20,72,-86,19,-111,12
-65,11,19,72,-86,19,-112,7
-65,8,19,71,-86,19,-112,3
-65,5,19,71,-86,19,-109,1
-65,2,20,72,-86,19,-112,-2
-65,0,19,72,-86,19,-112,-4
-66,-1,19,72,-86,19,-112,-6
-66,-3,19,71,-86,19,-109,-7
-66,-6,20,70,-86,19,-109,-8
-67,-9,21,69,-86,19,-111,-10
-68,-11,21,69,-86,19,-112,-13
-68,-14,21,69,-86,19,-112,-15
-68,-16,22,69,-86,19,-112,-18
-68,-18,22,68,-86,19,-109,-19
-68,-19,22,67,-86,19,-109,-21
-70,-20,20,65,-86,19,-111,-23
-71,-21,19,65,-86,19,-112,-23
-72,-21,19,65,-86,19,-113,-23
-71,-21,19,65,-86,19,-112,-24
-71,-22,19,65,-86,19,-112,-24
-70,-22,19,65,-86,19,-112,-24
-70,-22,19,65,-86,19,-112,-24
-71,-23,19,65,-86,19,-112,-25
-70,-24,19,65,-86,19,-111,-25
-69,-24,19,65,-86,19,-111,-26
-70,-24,19,65,-86,19,-111,-25
-70,-23,19,65,-86,19,-111,-25
-71,-22,19,65,-86,19,-112,-24
-72,-21,19,65,-86,19,-113,-23
-71,-21,19,65,-86,19,-112,-23
-70,-20,19,65,-86,19,-111,-23
-68,-20,19,65,-86,19,-109,-21
-67,-18,19,65,-86,19,-108,-20
-67,-17,19,65,-86,19,-108,-19
-67,-15,19,65,-86,19,-108,-18
-68,-13,19,65,-86,19,-109,-15
-68,-11,19,65,-86,19,-109,-13
-68,-10,19,65,-86,19,-109,-12
-67,-8,20,65,-86,19,-108,-10
-66,-7,20,66,-86,19,-107,-9
-65,-6,20,65,-86,20,-106,-8
-64,-4,21,66,-86,20,-104,-7
-63,-2,21,67,-86,20,-104,-4
-62,0,23,68,-86,19,-103,-2
-60,1,23,68,-86,19,-102,0
-59,3,23,68,-86,20,-101,2
-58,6,22,68,-86,21,-100,4
-58,7,23,68,-86,22,-100,6
-58,8,23,68,-86,22,-100,6
-56,8,23,68,-86,21,-97,7
-55,9,21,69,-86,21,-98,7
-55,10,20,70,-86,21,-98,9
-56,12,20,70,-86,23,-100,10
-57,13,21,70,-86,24,-101,12
-57,14,23,70,-86,25,-101,12
-56,14,24,71,-86,25,-100,13
-54,16,24,72,-86,24,-98,14
-54,18,23,72,-86,24,-98,17
-54,20,23,72,-86,25,-98,19
-56,22,24,73,-86,25,-100,20
-57,23,25,73,-86,24,-101,24
-57,24,25,73,-86,25,-102,25
-56,25,24,73,-86,26,-103,24
-54,26,24,74,-86,27,-101,24
-53,26,24,74,-87,26,-100,25
-53,28,25,73,-88,25,-97,26
-54,30,24,73,-87,24,-101,28
-55,31,24,74,-86,24,-102,29
-55,31,24,73,-86,25,-102,30
-55,31,26,74,-87,26,-100,31
-55,31,28,75,-88,28,-102,31
-56,32,28,77,-87,29,-103,32
-56,33,26,77,-86,30,-103,31
-55,34,24,76,-86,29,-102,32
-54,36,22,75,-86,29,-101,34
-55,36,22,74,-86,29,-102,35
-56,36,23,75,-86,29,-103,35
-56,36,25,75,-86,29,-103,35
-55,36,26,76,-86,29,-102,37
-53,37,26,75,-86,29,-100,37
-53,38,25,75,-86,29,-100,39
-53,38,25,75,-86,29,-101,36
-54,39,26,76,-86,29,-101,40
-54,39,28,76,-86,29,-101,40
-54,39,29,77,-86,29,-101,40
-52,39,29,76,-86,29,-100,40
-51,38,27,75,-86,29,-98,39
-50,39,24,75,-86,29,-97,37
-50,39,23,75,-86,28,-97,37
-49,40,24,76,-86,27,-96,39
-49,40,25,77,-86,28,-96,39
-49,40,25,77,-86,29,-98,39
-49,39,25,77,-86,29,-98,37
-49,39,25,77,-86,30,-98,37
-49,39,26,78,-86,29,-98,37
-49,40,27,78,-86,29,-98,41
-49,40,27,78,-86,28,-98,41
-49,40,26,78,-86,28,-98,39
-49,40,26,78,-86,27,-98,39
-49,40,26,78,-86,27,-98,39
-49,40,27,78,-86,28,-98,41
-49,40,27,78,-86,28,-98,41
-49,39,26,78,-86,29,-98,37
-49,40,25,77,-86,29,-98,39
-48,40,25,77,-86,29,-96,39
-49,40,25,77,-86,29,-98,39
-51,40,26,78,-86,29,-101,39
-53,40,27,78,-86,29,-102,41
-53,39,27,78,-86,29,-102,40
-50,39,26,78,-86,28,-100,37
-49,40,26,78,-86,28,-98,39
-49,41,26,78,-86,28,-98,39
-50,42,27,78,-86,28,-100,42
-50,42,26,78,-86,27,-100,41
-51,43,26,78,-86,27,-101,41
-51,44,26,78,-86,27,-101,42
-51,44,26,78,-86,28,-101,42
-52,44,26,78,-86,28,-101,42
-51,44,26,78,-86,28,-101,42
-50,45,26,78,-86,27,-100,43
-48,46,26,78,-86,28,-97,43
-47,46,26,78,-86,29,-97,45
-47,46,26,78,-86,29,-97,45
-48,45,26,78,-86,28,-97,43
-48,44,26,78,-86,26,-97,42
-48,44,26,78,-86,26,-97,42
-49,44,26,78,-86,26,-98,42
-50,43,26,78,-86,27,-100,41
-50,41,26,78,-86,26,-100,40
-49,40,26,78,-86,26,-98,39
-48,39,26,78,-86,26,-98,37
-48,40,26,78,-86,28,-97,39
-49,40,26,78,-86,29,-98,39
-50,39,26,78,-86,28,-100,37
-52,39,26,78,-86,27,-102,37
-53,37,26,78,-86,26,-102,36
-53,36,27,78,-86,27,-102,37
-51,35,26,78,-86,28,-101,32
-51,33,25,79,-86,28,-101,31
-51,32,24,80,-86,26,-103,31
-53,32,24,80,-86,25,-104,30
-54,32,25,79,-86,24,-103,30
-54,32,26,79,-86,24,-103,30
-55,31,26,79,-86,25,-104,30
-55,31,25,79,-87,25,-104,29
-55,31,25,79,-88,24,-104,29
-56,30,25,80,-88,25,-106,29
-57,30,25,80,-87,26,-108,28
-57,29,24,80,-86,28,-109,28
-58,29,24,80,-86,29,-111,28
-59,28,24,81,-87,30,-111,26
-60,28,23,82,-88,30,-112,26
-60,28,23,82,-87,29,-112,26
-59,28,23,82,-86,29,-111,24
-59,28,22,80,-86,29,-111,24
-59,28,22,78,-86,29,-108,24
-60,28,22,79,-86,29,-109,24
-60,28,23,79,-86,29,-109,26
-59,28,25,79,-86,29,-108,26
-58,29,25,79,-86,29,-107,28
-56,30,24,80,-86,29,-106,28
-55,31,23,80,-86,29,-107,29
-55,31,23,78,-87,29,-104,29
-55,31,24,76,-88,29,-102,29
-55,31,24,75,-89,29,-102,29
-55,31,24,75,-90,29,-102,29
-55,31,25,77,-89,29,-102,29
-55,31,26,79,-89,29,-104,29
-54,31,26,80,-90,29,-103,30
-53,32,25,80,-90,29,-102,30
-53,32,25,79,-89,29,-102,30
-52,32,25,78,-88,29,-101,31
-51,33,25,77,-87,29,-100,31
-50,33,25,77,-88,29,-97,31
-50,33,25,77,-89,29,-97,31
-51,33,24,76,-89,29,-97,31
-51,33,24,76,-88,29,-98,31
-51,33,25,77,-87,29,-98,31
-51,33,26,78,-87,29,-100,31
-50,33,27,79,-88,29,-100,34
-50,33,27,78,-88,29,-100,34
-51,33,26,78,-88,29,-100,31
-51,35,26,78,-87,29,-101,32
-52,35,26,78,-86,29,-101,34
-52,36,26,79,-86,29,-102,34
-52,36,26,78,-86,29,-102,34
-52,36,26,78,-86,29,-102,34
-52,36,26,78,-86,29,-102,35
-53,37,27,78,-86,29,-102,39
-54,39,26,78,-86,29,-103,37
-55,41,25,79,-87,29,-104,39
-55,42,24,81,-88,29,-107,40
-55,42,23,82,-87,29,-107,37
-55,42,23,82,-86,29,-107,37
-55,41,23,82,-86,29,-107,37
-56,42,23,82,-86,29,-108,37
-56,43,23,82,-86,29,-108,39
-56,46,23,82,-86,29,-108,41
-54,48,23,82,-87,30,-107,43
-54,49,23,82,-88,30,-106,45
-54,49,23,82,-87,29,-106,45
-53,48,23,82,-86,29,-106,43
-52,49,23,82,-86,29,-104,47
-50,50,23,82,-86,30,-102,48
-49,51,23,82,-86,31,-101,50
-50,52,23,82,-86,31,-102,48
-50,52,23,81,-86,31,-102,51
-48,53,23,82,-86,30,-101,51
-48,52,25,83,-86,29,-100,51
-48,51,25,84,-87,29,-100,50
-48,50,25,84,-88,29,-101,48
-48,49,25,83,-87,30,-101,47
-48,47,25,83,-87,30,-100,46
-48,46,25,84,-88,29,-100,45
-48,45,26,85,-88,29,-103,43
-49,45,26,85,-89,29,-103,43
-49,44,25,84,-88,30,-101,42
-49,41,25,84,-88,30,-101,40
-50,38,25,84,-87,29,-102,36
-50,35,25,84,-87,28,-102,34
-50,33,25,83,-87,26,-102,31
-50,31,24,83,-88,25,-102,30
-50,30,23,82,-88,24,-102,28
-51,28,23,82,-87,25,-103,24
-53,26,23,82,-86,25,-104,23
-54,25,23,82,-86,25,-106,23
-54,23,23,82,-86,25,-106,20
-55,20,23,82,-86,25,-106,15
-55,18,23,82,-86,25,-107,13
-56,15,23,82,-86,24,-107,10
-57,14,24,80,-86,25,-108,12
-58,12,25,79,-86,25,-107,10
-59,10,25,79,-88,25,-108,8
-60,8,25,81,-88,23,-111,7
-59,7,24,81,-88,21,-111,4
-58,7,23,80,-87,20,-109,4
-59,7,23,78,-86,19,-108,4
-60,6,24,76,-86,19,-107,4
-62,5,24,76,-86,20,-108,3
-63,4,23,77,-86,20,-112,2
-64,4,21,77,-86,20,-113,0
-63,5,20,77,-86,19,-112,1
-63,5,21,77,-86,18,-112,1
-63,4,21,77,-87,17,-112,0
-62,3,21,76,-88,17,-112,0
-62,3,21,76,-89,18,-111,-1
-63,3,21,77,-88,18,-112,-1
-63,4,23,78,-87,17,-112,2
-62,5,23,79,-86,15,-111,3
-60,6,24,79,-87,14,-109,4
-59,7,22,78,-87,15,-108,4
-58,7,22,77,-87,15,-107,6
-59,7,21,78,-87,15,-108,2
-59,6,21,79,-86,15,-108,2
-59,7,21,79,-86,15,-108,2
-60,8,22,78,-87,15,-108,6
-60,10,24,78,-87,14,-109,8
-61,11,25,79,-87,11,-111,9
-61,12,26,80,-87,10,-111,9
-61,11,24,81,-87,10,-113,9
-61,11,23,82,-87,10,-113,7
-61,11,23,82,-87,10,-113,7
-61,13,23,82,-87,10,-112,8
-59,14,23,82,-87,10,-111,13
-58,16,23,82,-87,10,-109,12
-58,17,23,82,-87,10,-109,13
-59,17,23,82,-87,10,-111,13
-59,18,23,82,-87,10,-111,13
-59,19,23,82,-87,10,-111,15
-57,22,23,82,-87,10,-109,18
-56,25,23,82,-87,8,-108,23
-55,28,23,82,-87,7,-107,26
-54,30,23,82,-87,6,-106,28
-54,31,23,82,-87,6,-106,26
-52,32,23,82,-87,7,-104,29
-52,34,23,82,-87,7,-103,30
-51,38,24,83,-87,6,-103,36
-52,43,26,84,-87,5,-104,41
-52,48,27,85,-87,5,-106,46
-51,52,26,86,-87,5,-106,50
-50,56,25,88,-87,5,-107,52
-48,60,23,89,-87,5,-106,56
-47,64,23,89,-87,5,-104,61
-45,68,23,88,-87,5,-102,64
-45,71,25,88,-88,6,-102,67
-45,75,26,88,-89,7,-103,73
-46,79,27,90,-89,8,-103,76
-46,82,27,92,-89,9,-106,80
-44,85,27,93,-87,10,-104,84
-42,87,27,92,-87,10,-102,85
-40,89,27,92,-87,10,-100,87
-39,91,27,92,-87,10,-98,90
-39,93,27,92,-87,10,-98,91
-39,94,26,92,-87,10,-100,92
-39,95,27,92,-87,10,-100,93
-38,95,28,93,-87,10,-98,93
-36,96,29,94,-87,10,-96,95
-35,97,30,94,-87,10,-95,95
-36,96,29,94,-87,10,-96,95
-38,95,30,94,-88,10,-98,93
-39,95,30,95,-89,10,-100,93
-40,95,31,95,-90,11,-101,93
-39,94,31,95,-89,12,-100,92
-38,93,31,96,-88,13,-98,91
-37,92,31,95,-87,14,-97,90
-37,90,31,95,-86,14,-97,89
-38,90,31,95,-86,15,-98,87
-39,89,31,96,-86,15,-100,87
-40,87,31,96,-88,15,-101,86
-41,86,31,95,-91,14,-101,85
-41,85,30,93,-92,14,-101,83
-43,83,29,92,-90,13,-100,81
-43,81,28,91,-89,12,-101,80
-43,80,27,91,-88,11,-101,79
-42,79,28,91,-89,10,-100,78
-42,79,28,91,-90,10,-100,78
-43,78,28,91,-89,10,-101,76
-44,76,28,90,-88,10,-102,74
-45,75,29,90,-87,10,-102,73
-45,73,29,90,-88,10,-102,72
-44,72,28,90,-89,10,-102,70
-44,70,27,92,-90,10,-104,69
-46,69,26,92,-90,9,-106,64
-46,67,27,93,-90,7,-106,65
-46,65,27,92,-89,5,-106,63
-46,63,27,92,-88,5,-106,62
-47,61,27,90,-87,5,-104,59
-47,59,27,89,-87,5,-104,57
-48,56,26,89,-87,4,-106,53
-48,52,24,89,-88,2,-106,48
-49,50,23,89,-87,0,-106,45
-50,46,23,89,-87,0,-107,41
-52,42,24,88,-88,0,-109,37
-53,37,25,88,-89,0,-111,35
-54,33,25,87,-90,-2,-108,31
-55,30,25,85,-89,-3,-109,28
-55,27,24,83,-88,-4,-107,25
-56,23,23,82,-88,-5,-108,19
-57,19,23,81,-88,-7,-109,17
-59,14,23,82,-88,-8,-111,9
-60,10,23,82,-88,-9,-112,8
-62,6,23,82,-89,-10,-113,2
-65,3,22,81,-88,-11,-115,-1
-66,0,21,79,-88,-13,-118,-4
-67,-3,20,79,-89,-15,-118,-8
-68,-7,19,78,-89,-17,-117,-10
-68,-10,20,78,-89,-18,-119,-14
-70,-13,20,79,-89,-18,-122,-18
-72,-17,20,79,-89,-19,-123,-21
-72,-20,20,78,-89,-22,-123,-25
-71,-22,20,78,-89,-25,-122,-26
-70,-24,19,79,-89,-27,-120,-29
-70,-26,20,79,-90,-28,-120,-30
-72,-27,20,78,-90,-28,-120,-31
-73,-27,20,77,-89,-28,-122,-31
-74,-28,20,76,-88,-29,-122,-32
-73,-29,19,76,-88,-31,-122,-34
-72,-31,18,76,-88,-33,-120,-35
-71,-32,17,76,-88,-33,-119,-39
-71,-32,16,75,-88,-33,-119,-39
-71,-31,16,75,-88,-34,-119,-37
-72,-30,16,75,-88,-35,-120,-36
-73,-30,16,75,-88,-35,-120,-36
-74,-30,17,76,-89,-36,-122,-37
-74,-30,18,77,-90,-36,-123,-35
-73,-29,20,78,-89,-36,-124,-34
-73,-29,20,79,-87,-36,-124,-34
-74,-30,20,79,-85,-35,-124,-35
-75,-32,20,78,-84,-33,-125,-36
-76,-33,18,77,-84,-33,-124,-39
-76,-34,17,76,-85,-33,-124,-39
-75,-34,17,76,-86,-33,-123,-39
-75,-34,18,77,-88,-32,-123,-39
-76,-36,20,78,-88,-30,-126,-41
-76,-39,20,79,-87,-28,-126,-43
-76,-42,19,78,-86,-27,-124,-47
-76,-44,18,77,-87,-25,-124,-48
-76,-46,17,76,-88,-23,-124,-51
-77,-48,17,76,-89,-21,-125,-52
-78,-50,16,75,-89,-20,-125,-58
-78,-54,16,75,-89,-18,-126,-61
-79,-56,16,75,-89,-17,-126,-63
-79,-57,16,75,-89,-15,-126,-64
-79,-59,16,75,-88,-13,-126,-65
-80,-61,16,75,-88,-12,-128,-68
-80,-63,16,75,-88,-10,-128,-70
-81,-64,16,75,-88,-8,-129,-72
-81,-65,16,75,-88,-7,-129,-73
-82,-66,16,75,-88,-5,-130,-73
-83,-68,16,75,-88,-3,-130,-75
-84,-69,16,75,-88,-2,-131,-76
-85,-68,16,75,-88,0,-133,-75
-85,-68,16,75,-87,0,-133,-75
-86,-67,15,75,-87,2,-134,-74
-85,-67,15,74,-87,4,-133,-74
-84,-67,16,73,-87,5,-129,-72
-83,-65,18,72,-87,5,-128,-70
-82,-63,18,71,-87,7,-128,-68
-83,-62,16,70,-87,9,-128,-67
-82,-60,15,70,-87,11,-128,-67
-80,-58,14,69,-87,12,-123,-65
-79,-56,15,68,-87,13,-122,-61
-78,-54,17,69,-87,14,-120,-58
-77,-50,18,71,-86,16,-120,-54
-77,-48,19,72,-86,18,-123,-52
-76,-44,20,72,-86,19,-122,-48
-75,-39,20,72,-86,19,-120,-43
-74,-33,19,72,-86,20,-119,-37
-72,-28,18,72,-86,21,-118,-32
-71,-25,18,73,-86,23,-117,-29
-69,-21,18,74,-86,24,-115,-26
-68,-18,18,75,-86,25,-117,-23
-68,-14,19,77,-86,26,-117,-18
-68,-10,20,79,-86,28,-119,-14
-67,-5,20,79,-87,29,-118,-9
-65,-1,20,78,-88,30,-117,-6
-64,2,19,78,-88,30,-113,-1
-64,6,20,78,-89,29,-115,2
-64,9,21,79,-88,29,-115,4
-63,12,22,81,-88,31,-114,8
-61,15,23,82,-89,33,-113,10
-60,17,24,82,-90,34,-112,15
-59,18,23,82,-90,35,-111,15
-60,19,23,82,-89,35,-111,14
-61,20,23,82,-89,34,-113,15
-61,22,23,82,-89,34,-113,18
-61,23,23,82,-90,34,-112,21
-59,24,25,83,-91,35,-111,21
-57,24,25,84,-91,35,-111,23
-56,24,26,86,-91,34,-111,23
-57,24,25,86,-90,34,-111,23
-59,24,24,86,-90,34,-113,19
-61,24,23,87,-89,35,-118,19
-62,24,23,88,-89,35,-119,19
-62,23,23,89,-89,34,-119,19
-62,22,24,89,-89,33,-118,18
-61,22,23,89,-88,31,-118,18
-61,22,23,88,-87,30,-118,18
-61,21,24,87,-88,29,-118,17
-61,18,24,85,-89,29,-115,17
-62,16,25,83,-89,30,-113,14
-63,15,24,82,-88,30,-114,13
-64,15,23,82,-87,30,-115,13
-64,15,23,82,-88,29,-115,10
-65,13,23,82,-89,29,-115,9
-65,11,23,82,-89,29,-115,7
-65,9,23,82,-87,29,-115,7
-65,7,23,82,-86,29,-115,6
-64,6,23,82,-87,29,-115,1
-63,5,23,82,-89,29,-114,1
-63,5,23,82,-90,29,-114,1
-63,5,23,82,-88,29,-114,1
-65,4,23,82,-86,29,-115,0
-66,3,23,82,-85,29,-118,-1
-67,1,23,82,-86,29,-118,-2
-67,0,23,82,-87,29,-118,-3
-66,0,23,82,-88,29,-118,-4
-65,0,23,82,-87,29,-117,-4
-65,-1,23,82,-86,29,-117,-6
-65,-1,23,82,-86,29,-117,-6
-65,-1,23,82,-86,29,-117,-6
-65,-1,23,82,-86,29,-117,-6
-65,-1,23,82,-86,29,-117,-6
-65,-1,23,82,-86,29,-117,-6
-65,-1,23,82,-86,29,-117,-6
-65,-1,23,82,-86,29,-117,-6
-65,-1,23,82,-86,29,-115,-6
-65,-1,23,82,-86,29,-117,-6
-66,0,23,82,-86,29,-118,-4
-67,1,23,82,-86,29,-118,-2
-66,3,23,82,-86,31,-118,-1
-65,4,23,82,-86,32,-115,0
-63,4,23,82,-86,32,-114,0
-63,5,23,82,-86,32,-114,3
-64,6,23,82,-86,33,-115,1
-65,8,22,83,-86,34,-119,3
-66,10,22,83,-86,34,-119,6
-66,11,22,83,-86,33,-117,7
-65,13,23,83,-86,32,-117,8
-65,14,24,84,-86,32,-119,9
-64,15,24,85,-86,34,-118,13
-64,15,25,86,-85,35,-118,13
-63,15,25,86,-86,35,-117,13
-63,16,24,86,-87,34,-117,12
-64,17,23,86,-88,32,-120,13
-65,18,22,85,-89,31,-119,14
-66,19,22,83,-89,31,-119,15
-65,19,22,82,-89,32,-117,14
-64,19,22,81,-89,34,-115,14
-63,19,23,83,-89,35,-114,15
-63,20,23,85,-90,35,-117,15
-62,22,23,86,-91,34,-119,18
-62,23,23,87,-91,34,-119,19
-63,25,24,86,-90,34,-117,20
-64,26,25,86,-90,35,-118,24
-64,27,25,86,-90,34,-118,25
-64,26,25,88,-90,34,-120,21
-64,26,24,88,-90,34,-120,21
-64,26,24,88,-90,35,-120,21
-63,26,25,87,-90,34,-120,21
-63,27,25,87,-90,34,-119,23
-63,29,24,89,-90,34,-119,24
-63,31,23,89,-90,35,-119,26
-62,32,23,89,-90,35,-119,28
-63,33,23,89,-90,34,-119,29
-62,35,23,89,-90,33,-119,30
-62,36,24,89,-90,32,-118,32
-61,39,24,90,-90,33,-118,34
-60,40,25,90,-90,34,-117,35
-59,40,25,90,-90,35,-117,35
-58,40,25,90,-90,33,-115,36
-57,41,25,90,-90,31,-114,37
-56,43,26,91,-91,29,-113,39
-56,44,26,91,-91,29,-113,40
-57,44,26,91,-91,29,-113,42
-57,45,27,92,-90,30,-117,43
-58,46,27,92,-90,31,-117,43
-58,46,27,92,-91,32,-117,45
-57,46,27,92,-91,31,-117,45
-57,46,27,92,-90,30,-117,45
-57,46,27,92,-90,29,-117,45
-57,46,27,92,-89,29,-117,45
-57,46,27,92,-90,29,-117,45
-57,46,26,93,-90,30,-117,42
-57,46,25,93,-91,30,-117,42
-58,46,25,94,-91,30,-117,42
-57,46,25,93,-91,29,-117,42
-57,45,26,93,-90,29,-117,41
-56,43,26,93,-89,29,-115,39
-55,42,26,93,-89,29,-114,37
-55,42,26,93,-90,29,-114,37
-56,42,25,93,-90,29,-115,37
-55,42,26,93,-90,29,-114,37
-54,41,26,93,-88,29,-114,36
-54,39,26,92,-88,29,-113,34
-54,37,27,92,-88,29,-114,35
-56,36,27,92,-87,29,-115,34
-57,35,27,92,-86,29,-117,34
-58,35,27,92,-86,29,-117,34
-57,35,26,92,-87,29,-117,31
-57,36,26,93,-90,29,-117,31
-57,35,26,93,-91,29,-117,31
-57,35,26,93,-90,29,-117,31
-57,35,26,93,-88,29,-117,31
-57,35,26,93,-87,29,-117,31
-58,35,26,93,-89,29,-117,30
-58,35,26,93,-90,29,-118,30
-59,34,27,93,-92,30,-118,32
-58,35,27,92,-92,30,-118,32
-58,35,26,91,-91,29,-114,30
-58,35,25,90,-90,29,-115,30
-59,34,24,90,-87,29,-115,30
-59,35,24,90,-86,29,-115,30
-58,35,25,90,-86,29,-114,31
-57,36,25,90,-87,29,-114,31
-57,35,25,90,-90,29,-113,31
-57,35,25,90,-91,29,-114,30
-58,35,25,90,-91,29,-114,31
-58,36,25,90,-91,29,-114,32
-58,39,25,90,-91,29,-114,35
-57,41,26,91,-91,29,-115,37
-56,43,27,92,-90,29,-115,41
-57,45,27,92,-90,29,-117,42
-58,46,27,92,-89,29,-117,43
-58,47,26,93,-90,29,-118,43
-58,50,25,93,-90,29,-118,46
-57,53,25,94,-91,29,-117,48
-57,56,24,95,-91,29,-119,51
-57,57,24,95,-91,29,-119,53
-57,59,24,96,-91,29,-119,54
-57,61,24,96,-91,29,-119,57
-56,64,24,95,-91,29,-118,59
-55,66,23,95,-91,29,-117,62
-54,68,24,96,-91,29,-117,64
-54,70,25,97,-91,29,-117,65
-54,71,26,98,-91,29,-115,67
-53,72,27,99,-91,29,-118,68
-53,75,28,99,-90,29,-118,70
-52,76,27,99,-90,29,-117,72
-52,78,27,99,-89,29,-117,73
-50,78,27,99,-90,29,-115,74
-49,78,27,99,-90,29,-114,74
-48,79,27,99,-91,29,-113,74
-47,79,27,99,-91,29,-112,75
-47,79,27,99,-91,29,-112,75
-48,79,27,99,-91,30,-113,75
-48,79,27,99,-91,30,-113,75
-48,79,27,99,-91,29,-113,74
-47,78,27,99,-89,29,-112,74
-46,76,27,99,-87,30,-111,72
-45,75,27,99,-86,30,-111,70
-46,74,27,99,-87,29,-111,69
-48,73,27,99,-88,28,-113,69
-50,73,27,99,-89,26,-114,69
-50,73,27,99,-88,25,-114,68
-49,71,27,99,-88,24,-113,67
-48,70,27,99,-87,25,-112,65
-49,68,27,99,-88,25,-113,63
-50,67,27,99,-89,25,-115,62
-51,66,27,99,-90,25,-115,62
-51,65,27,99,-91,25,-115,61
-50,63,27,99,-91,25,-115,59
-50,61,27,99,-91,25,-115,57
-51,58,27,99,-91,25,-115,54
-53,55,27,99,-91,25,-118,51
-55,54,27,99,-91,25,-119,50
-55,53,27,99,-90,25,-119,48
-56,53,27,99,-89,25,-120,48
-56,53,27,98,-90,25,-118,48
-56,51,26,98,-90,24,-118,46
-57,48,26,98,-90,23,-119,43
-57,46,26,98,-89,22,-119,42
-58,46,26,97,-88,21,-119,41
-58,46,25,97,-88,20,-119,41
-57,46,24,96,-89,20,-119,42
-57,46,23,95,-90,20,-119,42
-57,46,24,95,-90,20,-119,42
-58,46,24,96,-89,20,-119,42
-58,46,24,96,-87,20,-120,42
-57,46,24,95,-87,20,-119,42
-56,46,24,95,-88,20,-118,42
-55,48,24,95,-90,20,-117,43
-54,50,24,95,-90,20,-115,46
-55,52,24,95,-89,20,-117,47
-55,53,24,95,-87,20,-117,48
-54,53,24,95,-86,19,-117,48
-53,54,24,95,-86,19,-114,50
-52,56,24,95,-87,20,-114,52
-53,58,24,95,-87,20,-114,54
-54,60,24,95,-87,20,-115,56
-54,59,24,95,-87,20,-115,54
-54,59,24,95,-87,20,-115,54
-54,59,24,96,-86,19,-115,54
-54,61,24,96,-86,19,-117,57
-55,62,24,95,-86,19,-117,58
-55,63,24,95,-88,20,-117,58
-55,62,24,95,-90,20,-117,58
-55,62,24,96,-91,20,-117,57
-54,61,25,96,-90,20,-117,57
-54,61,25,97,-88,20,-117,57
-54,60,25,97,-88,20,-117,56
-54,60,25,97,-89,20,-117,56
-54,60,25,97,-90,18,-117,56
-54,61,25,96,-90,17,-117,56
-54,61,24,96,-90,16,-115,57
-54,60,24,96,-91,17,-117,56
-56,59,25,96,-92,17,-118,54
-57,59,25,97,-92,16,-119,54
-57,60,25,97,-90,15,-119,56
-57,61,25,97,-88,15,-119,57
-57,61,26,97,-87,15,-119,57
-57,60,26,97,-87,15,-119,56
-58,59,26,98,-89,15,-120,54
-59,58,26,98,-90,15,-122,54
-60,59,26,98,-90,15,-122,54
-60,61,27,98,-89,15,-125,56
-60,62,26,98,-89,15,-123,57
-59,62,26,98,-88,14,-122,58
-57,63,26,98,-87,13,-119,58
-56,64,27,99,-88,13,-120,59
-55,64,27,99,-89,14,-120,59
-56,64,27,99,-90,15,-120,59
-56,64,27,99,-90,15,-120,59
-56,64,27,99,-91,14,-120,59
-56,64,27,99,-90,13,-120,59
-55,64,26,100,-89,14,-119,59
-53,65,26,100,-88,14,-117,61
-52,66,26,100,-89,14,-117,62
-52,68,27,99,-90,14,-117,63
-53,69,26,100,-91,13,-118,64
-54,70,26,100,-91,13,-118,65
-54,71,25,101,-90,13,-119,67
-54,70,25,101,-89,12,-119,65
-54,70,25,101,-90,13,-118,65
-54,70,25,101,-90,14,-120,63
-54,70,24,102,-90,15,-120,63
-54,70,24,103,-90,15,-122,63
-54,70,24,103,-90,15,-120,63
-54,70,25,103,-91,15,-120,63
-54,70,25,104,-91,15,-120,63
-54,71,25,103,-90,15,-120,64
-54,71,24,103,-90,15,-122,64
-55,70,24,102,-90,15,-122,63
-55,68,24,102,-91,15,-122,62
-55,66,24,103,-92,15,-122,59
-55,64,25,103,-92,15,-122,57
-55,64,25,104,-91,15,-122,57
-56,64,25,103,-91,15,-123,57
-57,63,24,103,-91,15,-124,56
-59,62,24,102,-91,15,-126,56
-60,61,24,102,-92,15,-126,54
-60,60,24,102,-92,15,-126,53
-59,59,24,103,-91,15,-125,52
-58,57,24,102,-90,15,-124,50
-59,56,24,102,-90,15,-125,48
-61,54,24,102,-90,15,-128,47
-61,53,24,103,-90,15,-128,46
-61,52,24,103,-90,15,-128,45
-61,51,24,102,-90,15,-128,45
-60,51,23,101,-90,15,-126,43
-60,51,22,101,-90,15,-126,43
-60,50,23,101,-90,15,-126,43
-59,50,24,102,-90,15,-125,42
-59,48,24,103,-90,15,-125,41
-59,45,23,101,-91,15,-125,39
-60,43,21,100,-92,16,-126,36
-60,41,20,99,-92,15,-124,34
-60,39,20,99,-92,13,-124,32
-59,38,20,99,-92,12,-125,31
-59,36,20,99,-92,12,-123,29
-60,32,20,99,-92,14,-124,25
-61,28,20,99,-92,16,-126,20
-61,24,21,100,-91,15,-128,17
-62,20,20,99,-90,14,-128,13
-63,17,20,98,-90,11,-126,10
-64,14,19,96,-90,10,-128,7
-65,9,18,94,-92,12,-126,0
-67,4,18,95,-92,13,-130,-4
-68,1,18,94,-91,13,-129,-8
-69,-2,19,93,-90,12,-130,-9
-70,-6,19,91,-89,11,-129,-13
-72,-10,18,90,-88,11,-130,-18
-73,-14,16,89,-87,12,-131,-24
-73,-17,16,89,-87,12,-131,-26
-74,-19,16,89,-88,12,-133,-29
-75,-21,17,89,-89,11,-134,-29
-77,-23,17,89,-90,10,-135,-30
-78,-25,17,89,-89,10,-136,-32
-79,-27,16,89,-89,10,-137,-36
-80,-29,16,89,-89,10,-137,-39
-81,-31,16,89,-88,10,-139,-41
-81,-33,16,89,-88,10,-139,-42
-81,-33,16,89,-88,10,-139,-43
-81,-34,16,89,-88,10,-139,-43
-81,-34,16,89,-89,10,-139,-43
-81,-34,17,89,-88,10,-139,-41
-81,-34,17,88,-87,10,-139,-41
-81,-34,18,87,-86,10,-136,-41
-81,-34,18,88,-87,10,-139,-41
-81,-34,17,89,-89,10,-139,-41
-81,-33,16,89,-89,10,-139,-43
-83,-33,16,89,-88,10,-141,-42
-84,-33,17,89,-87,10,-142,-41
-85,-33,18,88,-88,10,-142,-41
-84,-33,18,87,-90,10,-139,-41
-83,-33,17,88,-92,10,-141,-40
-82,-32,17,89,-92,10,-140,-40
-82,-32,16,89,-91,10,-140,-42
-82,-32,16,89,-88,10,-140,-42
-82,-32,16,89,-86,10,-140,-42
-82,-32,16,89,-86,10,-140,-42
-82,-32,16,89,-87,10,-140,-42
-82,-32,16,89,-89,10,-140,-42
-82,-32,16,89,-89,10,-140,-42
-81,-32,16,89,-88,10,-139,-41
-79,-30,16,89,-87,10,-136,-40
-78,-30,16,89,-87,10,-136,-40
-77,-29,16,89,-88,10,-135,-39
-77,-30,17,89,-89,10,-135,-37
-78,-30,17,89,-88,10,-135,-37
-78,-30,17,89,-87,10,-136,-37
-78,-29,16,89,-87,10,-136,-39
-78,-28,15,90,-87,10,-136,-37
-79,-27,15,90,-87,10,-139,-37
-79,-26,17,91,-87,10,-140,-36
-79,-26,18,92,-87,10,-140,-34
-80,-25,19,93,-87,10,-140,-32
-80,-25,18,94,-88,10,-140,-32
-81,-24,17,94,-89,11,-141,-34
-82,-23,16,93,-90,12,-142,-32
-82,-21,16,94,-91,13,-142,-31
-81,-20,17,95,-92,14,-144,-30
-80,-18,17,96,-92,15,-144,-29
-79,-16,17,96,-91,15,-142,-26
-80,-14,17,96,-90,15,-142,-24
-80,-12,17,96,-89,15,-142,-23
-79,-10,17,96,-89,15,-142,-20
-78,-8,17,96,-90,15,-141,-18
-77,-6,17,96,-90,15,-141,-15
-77,-3,17,96,-90,15,-140,-13
-76,0,17,96,-90,15,-140,-10
-76,2,16,96,-90,15,-140,-7
-76,5,17,96,-91,15,-140,-4
-76,7,18,97,-91,15,-139,-2
-76,10,20,98,-90,15,-140,3
-75,14,21,98,-90,15,-139,7
-74,17,22,98,-90,15,-137,9
-73,20,22,98,-91,15,-136,13
-72,22,21,98,-92,15,-135,15
-70,25,21,98,-92,15,-134,18
-68,28,21,98,-91,15,-133,20
-66,32,21,99,-91,15,-130,24
-65,36,20,99,-91,15,-131,29
-65,39,21,100,-91,15,-131,31
-65,41,21,100,-91,15,-131,34
-63,43,21,100,-92,14,-130,36
-61,45,21,100,-92,12,-128,37
-59,47,21,101,-92,10,-126,40
-59,49,23,101,-92,10,-125,42
-60,50,25,101,-92,10,-126,43
-60,51,25,102,-92,10,-126,46
-60,50,25,102,-92,10,-126,43
-60,50,24,102,-92,10,-126,43
-60,50,25,102,-92,10,-126,43
-60,50,25,101,-92,10,-124,46
-60,50,25,101,-92,10,-124,46
-60,51,25,101,-92,10,-124,46
-60,50,26,100,-92,10,-124,46
-59,50,26,100,-92,11,-123,45
-58,47,26,100,-92,10,-123,42
-59,46,26,100,-92,9,-124,41
-60,44,25,101,-92,7,-124,40
-61,44,25,102,-92,7,-128,37
-61,45,24,102,-92,7,-128,37
-61,45,24,103,-92,7,-128,37
-62,44,24,103,-91,6,-129,37
-62,44,24,102,-90,5,-129,37
-62,44,24,102,-91,5,-129,36
-62,43,24,102,-91,5,-129,36
-61,42,24,103,-91,5,-128,35
-61,41,24,103,-90,5,-128,34
-61,41,24,103,-91,5,-128,34
-60,41,24,102,-92,5,-126,34
-60,41,24,102,-92,5,-126,34
-61,41,24,103,-92,5,-128,34
-61,42,25,103,-92,5,-128,35
-61,43,26,104,-92,5,-128,37
-61,43,26,104,-92,5,-128,37
-60,41,26,104,-92,5,-126,36
-60,39,25,103,-92,5,-126,32
-61,39,24,103,-92,5,-126,31
-61,39,24,102,-92,6,-128,31
-61,39,24,102,-92,6,-128,32
-60,39,24,103,-92,6,-126,32
-59,39,24,103,-92,5,-125,32
-60,40,24,103,-92,5,-126,32
-60,41,24,102,-92,6,-126,34
-61,43,24,102,-92,7,-128,36
-62,43,24,102,-92,7,-129,36
-62,43,24,102,-92,8,-129,36
-61,42,24,102,-92,10,-128,35
-61,43,24,102,-92,10,-128,36
-61,44,24,102,-91,10,-128,36
-59,45,24,103,-91,9,-125,39
-57,46,24,103,-90,8,-124,40
-58,48,24,102,-90,9,-124,41
-59,49,24,102,-92,10,-125,42
-61,50,24,103,-93,10,-128,43
-60,51,25,104,-92,10,-126,43
-59,51,26,104,-90,10,-125,46
-57,52,26,104,-88,10,-123,47
-56,53,25,104,-88,10,-123,46
-56,54,25,104,-90,10,-123,47
-57,56,26,104,-92,10,-124,51
-58,57,27,106,-92,10,-128,52
-58,57,28,106,-91,10,-128,52
-58,57,28,106,-90,10,-128,53
-59,58,27,106,-88,10,-128,53
-59,59,27,106,-88,10,-128,54
-58,61,27,106,-89,10,-128,56
-57,62,27,106,-90,10,-126,57
-57,63,27,106,-92,10,-126,58
-57,63,27,106,-92,10,-126,58
-57,63,27,107,-92,10,-126,58
-56,64,26,107,-92,10,-125,57
-55,66,25,108,-92,10,-124,58
-54,68,25,108,-92,10,-126,61
-54,70,24,109,-92,12,-126,63
-54,72,24,109,-92,13,-126,64
-55,73,24,109,-92,14,-128,67
-56,74,24,109,-92,14,-128,67
-57,75,24,109,-92,14,-129,68
-57,75,24,109,-92,14,-129,68
-56,74,24,109,-91,15,-128,67
-56,73,24,109,-91,15,-128,65
-54,72,24,109,-91,15,-126,64
-54,71,24,110,-91,15,-125,63
-54,70,24,109,-91,15,-125,63
-54,68,25,108,-91,15,-126,62
-55,66,26,107,-91,15,-125,58
-56,62,27,106,-91,15,-125,57
-57,58,28,106,-91,15,-124,53
-57,53,27,106,-91,15,-126,48
-58,49,26,105,-91,15,-128,45
-59,45,25,104,-91,15,-125,39
-60,42,24,103,-91,15,-126,35
-60,38,24,102,-91,15,-126,31
-60,34,24,102,-92,15,-126,26
-61,28,24,103,-92,15,-126,20
-62,22,24,103,-91,15,-128,15
-64,17,23,102,-90,15,-130,9
-66,12,22,101,-90,16,-131,4
-67,8,21,101,-90,17,-134,1
-68,4,21,100,-91,16,-134,-2
-70,0,20,99,-92,16,-135,-7
-71,-3,21,99,-92,15,-135,-10
-72,-6,21,98,-91,15,-136,-13
-73,-10,21,98,-91,15,-136,-17
-74,-13,21,98,-91,15,-136,-20
-75,-15,21,98,-91,15,-137,-23
-75,-18,21,96,-91,15,-136,-25
-75,-20,21,93,-91,15,-136,-26
-76,-22,21,92,-91,15,-134,-29
-76,-23,21,93,-91,15,-136,-30
-77,-24,21,93,-91,15,-137,-31
-79,-25,21,93,-92,14,-139,-32
-80,-25,20,93,-92,12,-140,-32
-80,-25,20,92,-92,12,-141,-32
-80,-25,20,92,-92,12,-137,-32
-79,-27,20,92,-90,11,-137,-34
-79,-29,20,93,-88,10,-140,-37
-81,-31,19,93,-88,10,-141,-39
-83,-31,18,95,-90,10,-145,-41
-84,-29,17,96,-92,10,-146,-40
-84,-29,16,96,-92,10,-146,-39
-83,-30,17,96,-90,10,-146,-40
-82,-32,17,96,-89,10,-145,-42
-82,-32,17,96,-88,10,-145,-42
-81,-32,17,96,-89,10,-144,-42
-82,-32,17,96,-88,10,-145,-42
-83,-32,17,96,-87,10,-146,-42
-85,-34,17,96,-87,10,-147,-43
-86,-34,17,96,-88,10,-148,-45
-86,-35,17,96,-89,10,-148,-45
-86,-34,17,96,-90,10,-150,-45
-86,-34,17,96,-91,11,-150,-45
-86,-34,17,96,-92,14,-150,-45
-86,-34,17,96,-91,15,-148,-45
-85,-34,17,96,-90,15,-147,-43
-83,-32,17,96,-90,15,-146,-42
-83,-31,17,96,-90,15,-145,-41
-83,-29,17,96,-91,15,-146,-39
-84,-28,17,96,-90,15,-147,-37
-84,-28,17,96,-90,15,-147,-37
-83,-27,17,96,-89,15,-146,-37
-82,-25,17,96,-89,15,-145,-35
-81,-23,17,96,-90,15,-145,-32
-81,-20,17,96,-91,16,-144,-30
-79,-18,17,96,-92,17,-142,-28
-78,-15,17,95,-92,18,-141,-25
-77,-13,17,96,-91,19,-140,-23
-77,-11,18,97,-91,20,-140,-21
-77,-9,19,98,-91,20,-140,-19
-77,-6,20,99,-91,20,-141,-14
-77,-3,21,99,-91,20,-142,-10
-75,0,21,99,-91,20,-141,-7
-75,2,20,99,-91,20,-137,-4
-74,4,20,99,-91,20,-137,-2
-74,7,21,99,-91,20,-140,0
-72,9,20,99,-91,20,-136,2
-71,11,20,99,-91,20,-137,4
-70,14,20,99,-91,20,-136,7
-70,16,21,100,-91,20,-136,9
-69,19,23,101,-91,20,-135,12
-69,22,24,102,-91,20,-135,15
-68,26,24,103,-91,20,-134,19
-66,29,23,104,-91,18,-133,21
-66,30,21,105,-91,16,-135,20
-67,32,20,106,-91,15,-137,23
-67,34,20,107,-92,14,-137,25
-66,38,21,106,-91,15,-135,28
-65,41,21,105,-91,15,-134,34
-64,44,22,105,-91,15,-133,37
-64,47,22,106,-91,15,-133,40
-64,50,22,107,-91,15,-135,42
-63,53,22,108,-91,15,-134,43
-61,56,23,109,-92,14,-133,48
-60,58,24,109,-92,12,-131,51
-59,60,24,109,-92,10,-131,52
-60,60,24,109,-92,10,-131,53
-59,60,24,109,-92,10,-131,53
-58,61,24,109,-92,10,-130,54
-57,63,24,109,-92,11,-129,56
-56,64,24,109,-92,10,-128,57
-55,63,24,109,-92,9,-126,56
-54,61,24,109,-92,7,-126,53
-54,59,24,109,-92,5,-125,52
-54,59,24,109,-92,5,-125,52
-55,59,24,109,-92,5,-126,52
-56,58,24,109,-92,6,-128,51
-57,56,24,109,-92,6,-129,48
-57,54,24,109,-92,4,-129,47
-57,52,24,109,-93,2,-129,45
-57,50,24,109,-93,1,-129,42
-58,47,24,109,-92,1,-130,40
-60,45,24,109,-91,0,-131,39
-61,44,24,109,-91,0,-133,37
-62,44,24,109,-90,-2,-134,37
-62,44,24,109,-89,-4,-134,37
-63,43,24,109,-88,-4,-135,36
-64,41,24,109,-89,-3,-136,34
-65,40,24,109,-90,-3,-136,32
-65,39,24,109,-91,-5,-136,31
-65,39,24,109,-90,-7,-136,32
-65,40,24,109,-90,-9,-137,34
-66,42,24,109,-90,-9,-137,35
-66,42,24,109,-90,-8,-137,35
-66,42,24,109,-89,-8,-137,35
-66,41,24,109,-89,-8,-137,34
-66,41,24,109,-90,-10,-137,34
-66,42,24,109,-90,-12,-137,35
-66,44,24,109,-91,-13,-137,36
-65,46,24,109,-91,-14,-136,39
-64,48,25,110,-91,-13,-136,41
-64,49,25,110,-90,-14,-136,41
-65,50,25,111,-90,-14,-136,42
-65,51,25,110,-89,-16,-136,45
-64,54,26,111,-89,-16,-136,47
-63,56,27,112,-89,-16,-135,50
-62,58,27,112,-89,-16,-136,51
-62,61,28,113,-89,-17,-136,53
-61,63,28,113,-89,-18,-135,56
-61,65,28,112,-89,-18,-135,58
-60,68,27,113,-89,-18,-134,62
-59,72,27,113,-89,-18,-134,64
-57,74,27,113,-89,-18,-131,67
-55,77,28,112,-89,-18,-130,69
-55,79,28,112,-89,-17,-126,72
-55,82,28,113,-90,-15,-129,75
-55,85,27,114,-90,-15,-129,78
-54,88,25,115,-90,-15,-131,81
-52,91,24,116,-90,-15,-129,81
-51,94,25,116,-90,-14,-129,86
-51,96,27,116,-91,-13,-128,89
-52,97,28,118,-93,-13,-129,90
-52,99,28,119,-93,-14,-130,91
-53,99,27,119,-92,-13,-133,91
-53,98,26,119,-91,-12,-130,91
-53,98,27,119,-92,-10,-130,91
-53,99,27,119,-93,-10,-130,91
-52,99,28,120,-93,-10,-133,91
-51,98,28,120,-93,-9,-131,91
-51,96,28,119,-93,-9,-128,89
-51,92,27,118,-93,-8,-128,85
-51,90,26,117,-93,-8,-129,83
-51,87,25,117,-93,-7,-129,80
-51,85,25,118,-93,-5,-128,75
-51,81,25,117,-93,-4,-128,74
-52,77,25,116,-93,-3,-129,68
-53,73,24,116,-93,-2,-130,63
-53,69,24,116,-93,0,-130,59
-53,65,24,116,-92,0,-130,56
-54,61,24,116,-92,0,-130,51
-56,57,24,115,-92,1,-133,47
-58,53,25,113,-92,2,-133,46
-60,49,24,112,-92,4,-134,41
-60,44,24,111,-92,5,-134,37
-61,41,23,111,-92,6,-133,34
-61,39,23,111,-92,6,-135,29
-62,38,22,111,-92,7,-136,28
-64,36,22,112,-92,9,-137,26
-66,32,23,112,-92,10,-140,23
-67,29,23,111,-92,11,-141,19
-67,26,22,109,-92,10,-139,17
-68,25,22,108,-92,10,-139,15
-68,24,21,107,-92,10,-139,14
-69,22,22,107,-92,10,-140,12
-70,20,21,107,-92,10,-141,9
-70,18,21,107,-92,10,-141,8
-70,17,20,106,-92,10,-141,7
-70,18,21,106,-92,10,-139,8
-70,18,21,106,-92,10,-139,8
-71,17,21,106,-91,12,-142,7
-72,17,21,106,-90,13,-142,7
-71,17,21,106,-90,14,-140,7
-70,17,21,106,-90,13,-139,8
-70,18,21,106,-91,14,-139,8
-70,18,20,106,-92,15,-141,8
-70,18,19,107,-92,15,-141,8
-70,17,20,107,-92,15,-141,7
-70,17,20,107,-92,15,-141,7
-69,18,19,108,-91,15,-140,8
-68,21,18,108,-90,15,-141,8
-67,23,18,109,-90,15,-141,10
-68,24,19,110,-90,15,-141,14
-68,24,21,109,-91,15,-139,14
-68,24,22,109,-92,15,-139,14
-69,26,21,111,-92,15,-142,15
-69,28,20,112,-91,15,-142,18
-68,29,20,113,-91,15,-142,19
-67,29,21,112,-91,15,-141,19
-66,28,22,112,-91,15,-140,19
-65,29,22,112,-91,15,-139,19
-66,30,21,113,-91,15,-140,20
-66,31,21,113,-91,15,-142,21
-66,31,20,113,-91,15,-142,20
-66,30,20,112,-91,15,-140,20
-66,31,20,111,-91,15,-140,20
-67,32,21,111,-91,15,-141,23
-68,33,22,111,-91,15,-141,23
-68,34,22,112,-91,15,-141,24
-67,34,22,112,-91,15,-141,24
-68,34,21,112,-91,15,-141,24
-70,34,21,112,-91,15,-144,24
-72,33,20,113,-91,15,-148,24
-72,33,20,113,-91,15,-148,23
-72,33,21,112,-91,15,-145,23
-71,33,22,112,-91,15,-145,24
-71,33,22,112,-91,15,-145,23
-72,33,22,112,-91,15,-146,23
-73,33,21,112,-91,15,-146,23
-71,33,20,113,-91,15,-147,23
-69,33,20,113,-91,15,-145,23
-67,33,21,113,-91,15,-141,24
-67,34,22,112,-91,15,-141,24
-68,35,23,111,-92,14,-140,28
-68,36,24,110,-92,12,-140,28
-68,36,24,109,-92,10,-139,29
-66,36,24,109,-92,10,-137,29
-64,37,24,109,-92,10,-135,30
-63,39,24,110,-92,10,-134,32
-63,42,25,111,-92,10,-134,35
-63,45,25,111,-92,10,-135,37
-64,47,25,111,-92,10,-135,40
-63,49,25,111,-92,10,-135,41
-62,51,25,111,-92,10,-134,45
-61,55,26,111,-92,10,-133,48
-59,60,27,112,-92,10,-131,52
-58,65,27,113,-92,10,-133,57
-57,69,27,114,-92,10,-131,62
-57,74,26,114,-92,10,-131,67
-57,78,25,115,-92,10,-131,70
-55,83,25,116,-92,10,-133,73
-54,87,25,117,-92,10,-131,80
-52,91,27,119,-92,10,-129,84
-51,96,29,119,-92,10,-128,89
-49,99,30,119,-92,12,-126,92
-47,103,29,119,-92,14,-125,96
-46,106,28,119,-91,15,-124,100
-46,109,28,120,-91,15,-125,102
-44,112,28,120,-91,15,-124,104
-44,114,29,120,-91,15,-124,107
-44,116,29,121,-91,17,-124,108
-45,118,30,122,-91,18,-125,111
-44,119,31,122,-91,18,-124,112
-44,120,32,123,-91,18,-124,113
-44,120,32,123,-91,18,-124,113
-45,119,32,123,-91,19,-125,112
-46,118,32,123,-91,20,-126,111
-46,118,32,123,-91,20,-126,111
-46,117,32,123,-91,20,-125,109
-45,116,31,123,-91,20,-125,108
-45,113,30,124,-91,19,-128,106
-46,110,30,124,-91,19,-128,103
-46,108,31,124,-91,20,-125,101
-46,105,31,123,-91,22,-126,98
-48,103,31,124,-91,23,-128,96
-49,101,30,124,-91,23,-131,93
-51,98,28,124,-91,22,-133,91
-52,95,28,123,-91,21,-135,87
-53,93,28,121,-91,23,-133,86
-54,91,29,121,-91,25,-133,84
-54,88,29,121,-91,25,-134,81
-55,85,27,121,-91,25,-134,78
-56,82,26,121,-91,25,-135,72
-56,79,26,121,-91,25,-136,69
-57,76,28,120,-91,25,-136,69
-58,74,29,119,-91,25,-135,67
-58,71,28,120,-91,25,-137,64
-59,70,25,120,-91,25,-137,61
-59,68,23,120,-91,25,-137,58
-60,67,22,119,-91,25,-139,57
-60,65,23,117,-91,25,-140,56
-61,63,23,118,-91,25,-140,53
-61,61,22,119,-91,25,-140,52
-60,61,22,119,-91,25,-140,51
-60,61,23,118,-91,25,-139,52
-60,62,24,116,-91,25,-136,52
-60,61,25,116,-91,25,-137,52
-61,61,25,117,-91,25,-137,52
-61,61,24,119,-92,26,-141,51
-62,60,25,119,-93,27,-141,51
-61,61,25,118,-92,26,-139,51
-61,61,25,117,-91,25,-137,52
-60,61,24,116,-91,25,-136,52
-60,61,24,117,-91,25,-136,52
-60,61,23,117,-91,25,-136,52
-60,61,24,117,-91,25,-137,52
-60,61,23,118,-91,25,-140,52
-60,61,22,119,-91,25,-139,52
-60,61,21,119,-91,25,-139,50
-60,61,22,119,-91,25,-140,52
-61,61,23,118,-91,25,-140,52
-61,61,23,117,-91,25,-137,52
-60,61,24,117,-91,24,-136,52
-59,61,24,117,-91,23,-136,51
-60,60,24,117,-91,23,-136,51
-61,60,23,117,-91,23,-137,50
-62,58,23,117,-91,23,-139,48
-63,56,23,117,-91,23,-140,47
-63,55,24,117,-91,22,-140,46
-62,54,24,116,-91,22,-139,45
-62,54,24,116,-91,22,-139,45
-62,54,25,116,-91,21,-139,45
-62,53,24,116,-91,20,-139,43
-61,53,24,116,-91,20,-137,43
-59,53,24,116,-91,20,-136,43
-58,54,24,116,-91,20,-135,45
-57,55,25,116,-91,20,-134,46
-57,57,25,117,-91,20,-134,50
-57,59,26,117,-91,20,-134,52
-57,61,25,117,-91,20,-134,54
-56,64,26,118,-91,20,-133,57
-56,67,27,119,-91,20,-133,61
-56,71,28,119,-91,20,-133,63
-54,75,28,120,-91,20,-134,68
-52,78,28,120,-91,20,-131,70
-51,81,28,119,-91,21,-130,74
-50,85,28,119,-91,22,-130,78
-50,89,28,120,-91,23,-130,81
-50,93,28,119,-91,24,-129,86
-48,96,28,119,-91,25,-128,89
-46,98,28,120,-91,25,-126,91
-46,101,29,121,-91,25,-125,93
-46,104,31,122,-91,25,-125,96
-46,107,32,123,-91,25,-125,100
-45,110,32,123,-91,25,-125,102
-44,112,31,124,-91,25,-126,104
-45,114,30,125,-91,24,-128,107
-44,116,30,125,-91,25,-126,108
-44,118,30,125,-91,26,-126,111
-43,120,29,125,-91,28,-126,113
-43,121,29,126,-91,29,-125,114
-43,122,29,127,-90,30,-128,115
-43,124,31,129,-90,30,-129,117
-43,125,32,130,-91,29,-128,118
-43,126,32,130,-91,29,-128,119
-42,127,32,130,-91,29,-126,119
-42,128,32,130,-90,30,-126,122
-42,130,32,130,-91,29,-126,123
-42,132,32,130,-91,29,-128,124
-43,132,32,130,-91,29,-128,125
-43,132,32,130,-91,29,-128,124
-42,132,32,130,-91,29,-128,124
-41,132,32,130,-91,29,-126,125
-39,133,32,130,-90,30,-124,126
-39,133,32,130,-90,30,-124,126
-40,133,32,130,-90,30,-125,125
-42,132,32,130,-91,29,-128,124
-43,132,32,130,-91,29,-129,124
-43,132,31,129,-90,30,-128,125
-42,132,31,129,-90,31,-128,124
-41,131,31,129,-90,32,-126,124
-41,129,31,129,-90,32,-126,122
-41,126,31,129,-90,33,-126,119
-43,126,30,128,-90,34,-128,118
-44,125,29,127,-90,35,-129,118
-45,125,29,127,-90,35,-130,118
-46,124,29,127,-90,34,-130,117
-46,122,28,127,-90,34,-131,115
-47,120,28,126,-91,34,-133,111
-48,118,28,126,-91,35,-134,108
-49,116,28,126,-90,34,-134,107
-50,115,28,126,-90,34,-135,106
-50,113,28,126,-90,34,-135,103
-50,111,28,126,-91,34,-135,101
-50,108,28,126,-92,35,-135,98
-51,107,28,126,-93,35,-135,97
-50,106,28,126,-92,35,-135,96
-50,105,28,126,-91,34,-135,95
-51,103,28,126,-90,34,-135,93
-52,101,28,126,-90,34,-136,91
-52,99,28,126,-90,34,-137,90
-53,98,28,126,-91,34,-137,89
-53,99,28,126,-91,34,-137,89
-52,99,28,126,-90,34,-137,90
-52,99,28,126,-90,34,-136,89
-52,98,28,126,-90,34,-136,89
-53,97,28,126,-90,34,-135,90
-55,95,28,126,-90,34,-140,86
-56,95,27,127,-90,34,-140,85
-57,95,26,129,-90,34,-144,85
-56,95,25,130,-90,34,-144,83
-56,96,24,130,-90,34,-144,84
-56,95,25,130,-90,34,-142,83
-56,95,25,130,-90,35,-142,85
-56,95,26,129,-90,34,-144,85
-56,96,26,129,-90,34,-144,86
-57,97,26,129,-90,34,-144,86
-57,97,26,128,-91,35,-142,87
-57,96,27,128,-90,35,-141,86
-56,96,27,128,-90,34,-141,86
-55,97,26,128,-90,32,-140,87
-54,99,26,129,-90,31,-139,90
-53,102,26,128,-91,32,-137,92
-52,106,27,128,-92,33,-137,96
-51,109,27,128,-93,34,-135,100
-49,113,28,127,-92,34,-134,103
-47,116,28,126,-91,33,-131,107
-46,120,28,126,-90,33,-128,113
-46,125,28,126,-90,34,-130,115
-46,130,28,129,-90,35,-131,120
-45,136,29,130,-90,35,-133,126
-42,141,31,131,-90,33,-128,134
-39,146,32,130,-91,31,-124,139
-36,152,31,130,-92,30,-122,145
-34,158,30,132,-93,29,-123,148
-33,164,29,134,-92,30,-124,155
-33,169,30,136,-91,30,-124,159
-31,173,32,137,-92,30,-122,167
-28,178,33,138,-92,30,-119,170
-26,182,35,139,-92,30,-118,175
-25,186,36,140,-91,30,-119,179
-25,191,36,140,-91,29,-119,184
-25,196,36,140,-91,29,-119,190
-24,201,34,141,-91,29,-118,194
-22,204,33,142,-90,30,-115,197
-20,205,33,143,-90,30,-115,195
-19,206,33,142,-91,30,-113,197
-19,209,33,143,-92,28,-115,200
-19,212,33,144,-93,27,-115,202
-20,214,35,146,-92,26,-118,207
-19,216,36,147,-91,27,-118,209
-18,217,36,147,-91,26,-117,209
-16,217,36,147,-91,25,-115,211
-16,217,36,147,-91,25,-115,211
-16,218,36,147,-91,25,-114,211
-15,218,36,147,-91,25,-114,211
-14,218,36,147,-92,25,-113,212
-15,218,36,147,-93,25,-114,211
-16,218,36,147,-94,25,-114,211
-16,217,36,147,-95,25,-115,211
-16,217,37,148,-95,25,-115,211
-16,217,37,148,-95,25,-115,211
-16,217,37,148,-94,25,-115,211
-16,217,36,148,-93,25,-115,211
-17,217,37,148,-93,25,-115,211
-18,216,37,148,-94,24,-117,209
-19,216,37,148,-94,21,-118,209
-20,216,36,148,-93,20,-119,209
-20,215,37,148,-93,20,-119,208
-20,214,37,148,-91,20,-118,207
-19,212,37,148,-91,20,-118,206
-20,210,36,147,-91,20,-118,203
-21,209,36,147,-93,20,-119,202
-22,209,36,147,-93,20,-120,202
-23,209,36,147,-93,20,-122,202
-24,208,36,147,-91,20,-123,201
-25,207,36,147,-91,20,-124,200
-26,205,36,147,-92,21,-124,197
-25,204,36,147,-93,20,-124,197
-25,202,36,147,-95,19,-124,196
-25,201,36,147,-95,17,-124,194
-26,199,35,146,-95,15,-123,192
-27,197,33,144,-93,15,-123,187
-27,195,32,144,-92,15,-123,186
-26,195,32,143,-91,15,-123,186
-26,195,32,144,-91,15,-122,186
-26,196,32,144,-92,15,-123,186
-27,196,32,144,-92,14,-123,186
-27,195,32,143,-92,12,-123,186
-25,194,33,143,-92,10,-122,185
-25,193,33,142,-92,10,-120,184
-24,191,33,143,-92,10,-120,181
-25,190,32,143,-92,11,-122,181
-27,189,32,143,-92,10,-123,180
-28,189,33,142,-92,9,-124,179
-29,189,34,141,-92,7,-123,183
-28,189,35,141,-92,6,-122,183
-28,189,35,140,-92,5,-122,181
-29,187,36,140,-92,5,-123,180
-30,184,36,140,-92,4,-124,178
-31,182,35,140,-92,2,-124,175
-31,182,35,140,-92,1,-124,175
-30,182,35,140,-92,0,-124,175
-30,181,36,140,-93,0,-124,174
-30,179,36,140,-93,-2,-124,172
-31,175,36,140,-93,-3,-124,168
-30,172,36,140,-93,-3,-124,166
-30,170,35,140,-93,-3,-123,163
-30,168,35,140,-93,-3,-123,161
-31,166,36,140,-93,-5,-124,158
-33,163,36,140,-93,-7,-126,156
-34,160,36,140,-93,-8,-126,153
-34,157,35,140,-93,-8,-126,150
-34,155,34,140,-93,-8,-126,147
-35,152,32,139,-93,-8,-128,142
-36,150,31,138,-93,-10,-126,140
-38,147,31,137,-93,-12,-128,137
-39,144,32,137,-93,-13,-130,137
-41,142,32,137,-93,-13,-131,135
-42,139,32,137,-93,-13,-133,133
-43,137,32,137,-93,-14,-134,130
-44,134,32,137,-93,-16,-134,128
-44,132,32,137,-93,-18,-135,125
-45,130,32,137,-93,-18,-135,123
-46,130,32,137,-93,-18,-136,123
-48,129,31,136,-93,-18,-139,119
-50,128,29,134,-93,-18,-140,118
-50,126,28,133,-93,-18,-140,117
-50,124,28,133,-93,-18,-137,114
-49,122,28,133,-93,-18,-136,113
-48,122,28,133,-93,-18,-139,113
-48,123,28,133,-94,-20,-139,113
-49,123,28,133,-94,-21,-136,113
-49,123,28,133,-94,-22,-136,113
-48,123,28,133,-94,-22,-136,113
-49,122,28,133,-94,-21,-139,113
-49,122,28,133,-94,-21,-139,113
-49,122,28,133,-94,-22,-136,113
-48,123,28,133,-94,-23,-136,113
-48,123,28,133,-94,-23,-136,113
-49,123,28,134,-94,-23,-139,113
-50,122,27,134,-94,-23,-140,113
-52,121,27,135,-94,-23,-141,111
-52,119,27,134,-94,-23,-142,109
-52,118,28,134,-94,-23,-142,108
-51,116,28,133,-94,-23,-139,107
-50,115,28,133,-94,-23,-137,104
-49,113,28,133,-94,-23,-136,103
-48,112,28,133,-94,-23,-137,102
-48,112,28,133,-94,-23,-137,102
-48,112,28,133,-94,-23,-135,102
-49,110,28,133,-94,-23,-136,101
-50,108,28,133,-94,-23,-136,98
-50,105,28,133,-94,-23,-137,96
-51,103,28,133,-94,-23,-139,93
-52,101,28,133,-94,-23,-140,91
-52,99,28,133,-94,-23,-140,89
-51,97,28,133,-94,-23,-141,87
-51,96,29,134,-94,-23,-140,86
-52,94,28,133,-93,-23,-141,84
-53,93,28,132,-93,-24,-140,83
-53,91,26,131,-92,-23,-140,81
-53,89,25,130,-93,-22,-140,76
-54,87,25,130,-93,-19,-141,78
-55,86,26,131,-94,-18,-142,76
-56,85,26,131,-94,-18,-144,75
-56,84,26,131,-93,-18,-142,74
-55,83,25,130,-93,-18,-142,73
-56,82,25,130,-93,-18,-142,69
-58,81,25,130,-93,-18,-145,69
-59,80,25,130,-93,-18,-146,68
-59,79,25,130,-93,-18,-146,67
-58,79,24,131,-93,-18,-145,67
-58,79,23,131,-93,-18,-147,67
-58,79,24,131,-93,-16,-145,67
-59,79,25,130,-93,-14,-145,67
-59,79,25,130,-93,-13,-146,69
-58,79,25,130,-93,-13,-145,67
-58,78,23,131,-93,-13,-147,65
-58,75,22,132,-93,-12,-147,63
-59,73,23,132,-93,-10,-147,61
-61,72,24,132,-93,-8,-150,59
-62,71,24,131,-93,-8,-148,59
-64,71,23,132,-93,-8,-152,58
-65,71,21,132,-93,-7,-153,58
-65,70,21,131,-93,-5,-155,54
-66,68,21,130,-93,-2,-152,56
-66,66,21,128,-93,0,-152,53
-66,64,21,127,-92,1,-153,51
-66,62,21,126,-92,2,-150,50
-67,60,21,126,-92,4,-151,47
-68,57,21,127,-92,5,-152,45
-68,55,21,127,-92,7,-155,43
-67,54,21,127,-92,9,-153,41
-67,52,21,126,-92,10,-151,40
-68,51,21,126,-92,12,-151,39
-69,51,21,126,-92,14,-153,39
-71,51,21,127,-91,16,-155,39
-71,50,21,126,-91,18,-155,37
-70,49,21,126,-91,20,-155,36
-69,47,21,126,-92,22,-153,35
-68,46,21,127,-93,23,-152,34
-68,45,21,127,-93,25,-152,32
-70,45,21,126,-92,27,-153,32
-72,44,22,126,-91,28,-156,32
-73,44,22,126,-92,30,-156,31
-73,43,22,126,-93,30,-157,31
-73,43,22,126,-93,30,-157,31
-73,43,22,126,-93,31,-156,31
-73,43,22,126,-92,33,-156,31
-73,43,22,126,-92,34,-157,31
-73,43,23,125,-93,35,-156,31
-72,44,24,125,-95,36,-156,35
-71,45,24,125,-96,38,-155,35
-70,45,22,125,-95,39,-153,32
-70,45,21,126,-93,40,-153,32
-70,45,19,126,-93,40,-153,32
-70,45,20,126,-93,39,-153,32
-70,46,21,126,-93,39,-155,34
-70,47,21,127,-93,40,-157,35
-69,49,22,126,-94,39,-153,36
-69,50,22,126,-95,39,-152,37
-68,52,22,125,-95,40,-152,40
-68,54,22,126,-95,41,-152,41
-68,56,21,126,-95,43,-151,43
-68,57,21,127,-95,44,-151,45
-67,59,21,127,-94,45,-151,47
-66,62,22,127,-95,45,-150,50
-66,65,22,128,-95,44,-152,53
-65,68,23,128,-95,44,-152,56
-66,71,22,128,-95,45,-152,58
-66,73,23,128,-95,45,-152,61
-66,76,24,129,-95,44,-152,64
-66,79,25,130,-95,44,-152,67
-66,82,25,130,-95,45,-152,73
-65,85,25,130,-94,46,-152,73
-64,87,24,131,-94,48,-151,74
-63,89,23,131,-94,50,-152,76
-61,92,24,131,-94,50,-148,80
-61,96,25,130,-94,50,-147,84
-60,99,25,130,-94,48,-147,89
-59,101,25,130,-95,46,-146,91
-57,102,25,130,-95,45,-145,90
-57,104,25,132,-94,46,-146,91
-56,106,26,133,-93,47,-146,93
-55,108,27,133,-93,48,-145,98
-54,109,26,133,-93,48,-144,100
-53,110,26,133,-94,47,-142,100
-53,110,27,134,-95,47,-142,100
-53,110,28,134,-95,46,-142,100
-53,109,28,134,-95,46,-142,100
-53,109,27,135,-94,46,-142,100
-53,110,26,135,-93,46,-142,97
-53,110,26,136,-93,48,-142,97
-53,109,27,135,-93,48,-142,100
-52,108,27,134,-94,48,-141,98
-51,107,27,135,-95,46,-140,97
-50,105,26,135,-95,44,-140,93
-52,104,27,135,-95,45,-142,95
-53,103,27,134,-94,46,-142,93
-53,102,28,133,-94,46,-142,92
-50,102,28,133,-94,46,-137,92
-49,102,28,133,-94,45,-136,92
-50,104,28,133,-94,46,-137,93
-52,104,28,133,-94,48,-139,95
-52,105,28,134,-94,48,-141,95
-52,105,28,135,-94,46,-141,95
-51,107,26,136,-95,45,-142,95
-50,109,25,137,-95,44,-142,96
-50,111,25,137,-95,44,-141,98
-49,113,25,137,-94,45,-141,101
-50,115,26,138,-95,45,-142,103
-51,117,26,138,-95,44,-144,104
-51,120,26,138,-95,43,-144,108
-51,123,27,138,-95,43,-144,111
-50,126,27,139,-95,43,-142,113
-50,128,28,139,-95,43,-142,115
-49,130,28,139,-95,41,-141,118
-47,133,28,139,-95,40,-140,122
-46,137,28,140,-95,39,-139,128
-46,139,29,140,-95,39,-139,130
-47,140,29,140,-95,40,-140,130
-47,140,28,140,-95,40,-140,131
-46,141,28,140,-95,38,-139,131
-46,142,28,140,-95,36,-141,133
-45,143,28,140,-95,35,-140,134
-45,145,28,140,-95,34,-137,135
-45,146,28,140,-95,35,-137,136
-45,147,28,140,-95,35,-137,137
-44,146,28,140,-95,35,-139,134
-43,144,28,141,-96,35,-139,133
-43,142,27,142,-96,35,-137,130
-43,142,28,141,-95,35,-137,130
-43,143,28,141,-94,35,-137,133
-42,143,28,140,-93,35,-135,134
-43,142,28,140,-94,33,-135,133
-44,142,28,140,-95,31,-136,133
-46,141,29,141,-96,30,-141,131
-47,141,29,141,-96,29,-142,131
-47,140,30,141,-96,30,-142,130
-46,139,30,141,-96,30,-141,129
-45,137,29,141,-96,30,-140,128
-45,136,29,141,-95,30,-140,126
-45,136,30,141,-94,30,-140,126
-44,136,31,142,-94,28,-140,126
-43,135,32,143,-95,26,-139,125
-43,133,32,143,-95,25,-139,124
-44,131,31,143,-95,25,-139,122
-45,130,31,142,-94,25,-140,120
-46,128,32,143,-94,25,-140,118
-45,126,32,143,-95,25,-140,117
-44,125,31,143,-96,24,-139,115
-45,124,30,141,-96,21,-140,114
-47,124,29,140,-96,20,-140,114
-50,122,28,140,-96,20,-142,112
-51,120,28,140,-96,20,-144,111
-51,117,29,140,-96,20,-144,107
-51,114,29,140,-97,19,-144,104
-52,112,28,140,-96,17,-144,102
-53,110,28,140,-95,16,-145,100
-54,109,29,140,-95,15,-146,98
-55,107,29,140,-95,14,-147,97
-55,103,28,140,-96,12,-147,93
-55,100,28,139,-97,11,-147,87
-55,97,26,138,-97,10,-147,85
-56,95,25,137,-97,9,-147,83
-57,93,25,137,-97,7,-148,80
-57,91,25,137,-96,6,-150,79
-58,89,25,137,-95,5,-150,76
-58,88,25,137,-96,4,-150,75
-57,87,25,137,-96,2,-148,75
-57,86,25,137,-96,1,-150,74
-58,86,25,137,-95,0,-150,74
-60,88,25,137,-93,0,-152,75
-60,89,25,137,-93,1,-152,76
-59,90,25,137,-92,1,-151,78
-58,90,25,137,-93,0,-150,78
-58,90,25,137,-93,-2,-150,78
-60,91,26,138,-93,-3,-151,79
-61,94,26,138,-93,-4,-153,81
-61,97,26,138,-93,-3,-153,85
-61,100,25,137,-93,-3,-152,87
-59,103,26,138,-93,-3,-151,91
-58,107,28,139,-93,-3,-150,95
-57,111,28,140,-93,-3,-148,101
-57,115,29,140,-93,-3,-150,104
-57,118,29,140,-93,-3,-150,108
-57,120,28,140,-93,-3,-150,111
-56,123,28,140,-93,-3,-148,113
-54,125,28,140,-93,-5,-148,115
-52,127,29,141,-93,-7,-147,117
-52,129,30,142,-93,-8,-147,119
-51,131,31,142,-93,-9,-146,120
-50,133,30,142,-93,-8,-145,123
-48,135,30,143,-93,-8,-144,125
-47,137,29,145,-93,-8,-145,124
-46,139,29,147,-93,-8,-144,126
-45,141,28,148,-93,-10,-145,129
-44,143,29,148,-93,-12,-144,130
-43,143,29,147,-93,-13,-141,131
-43,144,29,147,-93,-13,-141,131
-44,145,29,147,-93,-13,-141,133
-43,147,29,147,-93,-14,-141,135
-42,148,29,147,-93,-16,-140,136
-41,149,29,147,-93,-18,-139,137
-40,149,29,147,-93,-18,-137,137
-40,149,29,147,-93,-18,-137,137
-40,149,29,147,-93,-18,-137,137
-41,149,29,147,-93,-18,-139,137
-42,148,29,147,-94,-19,-140,136
-43,146,29,147,-94,-21,-140,134
-43,144,29,147,-94,-23,-141,133
-43,143,29,147,-94,-23,-141,130
-44,141,29,147,-94,-23,-141,129
-45,140,29,147,-94,-23,-142,128
-45,138,29,147,-94,-24,-142,125
-45,136,29,147,-94,-26,-142,124
-45,134,29,148,-94,-28,-145,122
-46,131,29,147,-94,-28,-142,119
-47,128,28,146,-94,-28,-144,115
-48,125,26,145,-94,-28,-146,112
-50,122,25,144,-94,-28,-147,109
-51,120,25,144,-94,-28,-148,106
-52,117,25,144,-94,-27,-150,104
-54,114,25,144,-94,-28,-151,101
-54,110,26,143,-94,-29,-151,97
-55,107,27,142,-94,-31,-150,95
-56,104,27,142,-94,-32,-150,92
-56,102,28,141,-94,-33,-151,90
-57,100,28,140,-94,-33,-151,90
-57,98,28,139,-94,-33,-150,86
-58,96,26,138,-94,-33,-150,84
-60,94,25,137,-94,-32,-151,83
-60,93,26,138,-94,-31,-152,80
-60,91,26,138,-94,-31,-151,79
-59,90,26,138,-94,-31,-151,78
-58,89,25,137,-94,-31,-150,76
-59,90,25,137,-94,-29,-151,78
-60,91,25,137,-94,-28,-151,79
-61,93,25,137,-94,-28,-152,80
-61,94,25,137,-94,-28,-152,81
-60,95,25,137,-94,-28,-152,83
-59,97,26,138,-94,-26,-151,85
-58,99,27,138,-94,-25,-151,87
-59,101,26,138,-94,-23,-151,89
-59,101,25,139,-94,-22,-153,89
-59,103,23,140,-94,-21,-153,87
-58,105,23,141,-94,-19,-152,90
-57,107,23,141,-94,-18,-152,92
-55,109,24,141,-94,-18,-150,96
-54,109,25,141,-93,-18,-148,97
-53,109,25,143,-93,-18,-150,97
-53,110,25,144,-93,-17,-150,97
-54,111,25,144,-94,-14,-151,98
-54,112,25,144,-95,-13,-151,100
-52,112,25,144,-95,-13,-148,100
-50,112,25,144,-95,-13,-147,100
-49,111,25,144,-93,-13,-146,98
-51,110,25,144,-93,-13,-147,98
-53,110,25,144,-93,-13,-150,97
-54,110,25,144,-94,-13,-151,97
-53,109,25,144,-96,-14,-150,97
-52,109,25,144,-96,-13,-148,96
-51,107,25,144,-96,-12,-147,95
-52,105,25,144,-94,-10,-148,92
-53,103,25,144,-93,-8,-150,91
-54,103,25,144,-93,-8,-151,91
-54,103,25,144,-93,-8,-151,91
-55,103,25,144,-93,-8,-152,91
-56,103,25,144,-93,-8,-153,90
-58,101,25,144,-93,-8,-155,89
-58,100,25,144,-93,-8,-156,87
-57,97,25,144,-93,-8,-155,85
-57,97,25,144,-93,-8,-153,84
-56,96,25,144,-93,-7,-153,84
-58,96,25,144,-93,-6,-155,84
-60,95,25,144,-93,-5,-157,83
-61,94,25,144,-93,-4,-157,83
-61,94,25,144,-93,-3,-158,81
-61,94,25,144,-93,-3,-158,81
-61,94,25,144,-93,-3,-157,81
-61,94,25,144,-92,-3,-157,81
-61,94,25,144,-93,-3,-157,81
-61,94,25,144,-95,-3,-158,81
-61,94,25,144,-96,-3,-157,81
-61,94,25,144,-96,-3,-157,81
-61,94,25,144,-94,-3,-157,83
-61,95,25,144,-93,-3,-158,83
-61,94,24,143,-93,-3,-157,79
-60,93,24,142,-94,-3,-157,78
-59,91,24,143,-94,-3,-156,76
-59,91,25,144,-93,-3,-156,79
-59,91,26,144,-92,-3,-156,79
-60,93,25,144,-92,-3,-157,80
-61,93,24,143,-93,-3,-157,79
-61,94,24,143,-95,-3,-157,79
-61,94,25,143,-96,-3,-157,80
-61,94,25,143,-96,-3,-158,81
-61,94,24,143,-95,-3,-157,79
-61,94,23,142,-93,-3,-157,79
-61,94,23,141,-92,-3,-157,79
-61,94,23,141,-93,-3,-158,79
-61,94,23,141,-93,-3,-158,79
-61,94,23,142,-93,-3,-157,80
-60,95,23,142,-92,-3,-157,80
-58,96,24,142,-93,-3,-155,81
-57,96,25,143,-95,-3,-153,81
-56,97,25,144,-96,-3,-153,85
-57,98,25,144,-96,-3,-155,86
-58,99,25,144,-94,-3,-155,86
-58,100,25,144,-93,-3,-156,87
-58,99,25,144,-93,-3,-156,87
-58,100,25,144,-94,-3,-156,87
-59,101,25,144,-95,-3,-156,89
-59,101,25,144,-94,-3,-156,89
-59,101,25,144,-93,-3,-156,89
-59,101,25,144,-93,-3,-156,89
-59,101,25,144,-94,-3,-156,89
-59,101,25,144,-94,-3,-156,89
-59,101,25,144,-94,-3,-156,89
-59,101,25,144,-94,-3,-156,89
-59,101,25,144,-94,-3,-156,89
-59,101,25,144,-95,-5,-156,89
-59,101,25,144,-96,-7,-156,89
-59,101,25,144,-96,-8,-156,89
-59,101,25,144,-95,-9,-156,89
-60,100,25,144,-94,-8,-157,87
-62,99,25,144,-93,-8,-159,86
-63,98,26,144,-93,-8,-159,85
-64,98,27,145,-93,-8,-161,86
-64,100,27,145,-93,-8,-161,87
-65,101,26,144,-93,-8,-162,89
-65,103,26,144,-94,-8,-162,90
-65,104,26,144,-95,-8,-162,91
-64,104,28,146,-94,-8,-161,91
-63,104,29,147,-93,-8,-159,91
-62,104,29,148,-93,-8,-162,91
-62,104,29,147,-93,-9,-159,92
-62,106,29,147,-94,-8,-158,93
-61,109,29,147,-95,-7,-158,96
-61,111,28,147,-94,-5,-161,98
-60,112,28,147,-93,-3,-159,100
-59,112,29,147,-94,-3,-156,100
-57,112,29,147,-95,-3,-155,100
-56,113,28,147,-95,-2,-156,101
-56,115,28,148,-95,0,-155,103
-56,117,27,149,-94,0,-156,104
-57,119,26,150,-94,1,-157,103
-57,119,26,150,-94,1,-157,103
-57,118,26,150,-93,1,-159,103
-57,118,26,150,-93,0,-159,103
-57,118,26,150,-93,0,-157,103
-57,119,27,149,-93,1,-157,107
-57,121,26,150,-94,2,-157,106
-57,122,26,150,-95,4,-159,107
-57,122,25,151,-96,5,-159,107
-58,123,25,151,-97,6,-159,108
-57,124,25,151,-97,6,-159,109
-56,124,25,151,-97,6,-158,109
-57,124,25,151,-97,6,-158,109
-57,124,25,151,-97,6,-159,108
-59,123,25,151,-97,6,-161,108
-59,122,25,151,-95,5,-162,107
-59,121,25,151,-93,5,-161,106
-58,120,25,151,-92,5,-161,104
-57,118,25,151,-93,5,-159,103
-57,118,25,151,-95,5,-159,103
-57,117,26,149,-96,5,-156,102
-56,116,27,147,-95,5,-156,103
-55,114,26,146,-94,5,-152,101
-55,112,25,145,-95,5,-152,100
-55,110,24,145,-96,5,-155,95
-55,109,24,145,-97,6,-152,93
-56,108,25,144,-96,5,-153,92
-56,106,25,144,-93,5,-153,93
-56,104,26,144,-93,5,-152,92
-56,102,25,144,-93,5,-153,90
-57,100,25,144,-93,5,-155,87
-59,97,25,144,-93,5,-156,85
-60,95,25,144,-94,5,-156,83
-61,93,25,144,-95,5,-157,80
-61,90,25,144,-97,6,-158,75
-62,89,24,145,-97,6,-158,74
-62,86,24,145,-96,5,-161,72
-62,83,24,145,-95,5,-158,68
-62,79,25,144,-94,5,-158,63
-63,75,25,144,-94,5,-159,62
-65,72,26,144,-94,5,-161,59
-66,69,25,144,-94,5,-163,57
-67,67,24,143,-94,5,-163,52
-67,65,23,142,-95,5,-163,50
-68,62,22,140,-96,5,-161,47
-68,59,21,140,-96,5,-162,43
-70,56,22,140,-95,5,-163,41
-71,54,22,140,-95,5,-164,39
-72,52,22,140,-95,5,-166,36
-73,50,22,140,-96,5,-167,35
-73,47,22,140,-97,6,-167,32
-73,45,22,140,-97,6,-167,30
-73,43,22,140,-97,5,-167,29
-74,43,22,140,-96,5,-168,28
-75,42,22,140,-95,5,-169,26
-77,42,21,140,-96,5,-170,26
-78,43,21,140,-96,5,-172,28
-79,44,21,139,-96,5,-172,29
-79,45,21,140,-95,5,-173,30
-79,46,21,140,-95,5,-173,31
-78,46,21,140,-95,5,-172,31
-77,48,20,140,-95,5,-170,34
-77,51,21,140,-94,5,-170,36
-77,52,23,139,-93,5,-170,37
-76,53,24,138,-93,5,-168,41
-75,55,24,138,-94,5,-167,42
-74,57,23,139,-95,5,-168,42
-74,60,23,139,-94,5,-168,45
-73,62,23,140,-93,6,-167,47
-73,64,22,140,-94,5,-167,48
-72,66,22,140,-95,5,-166,51
-71,69,21,140,-95,5,-164,53
-69,71,22,141,-94,6,-163,56
-68,74,23,142,-92,6,-164,58
-68,75,24,143,-92,5,-164,61
-68,78,25,144,-94,4,-164,65
-67,82,26,144,-96,3,-163,69
-65,85,26,144,-97,5,-162,72
-64,87,25,144,-96,5,-161,74
-64,89,24,145,-95,5,-161,74
-64,91,23,147,-95,4,-163,76
-63,94,22,147,-95,3,-162,79
-62,98,21,148,-96,2,-161,80
-61,100,22,148,-96,2,-159,85
-60,102,23,148,-96,2,-162,87
-59,104,25,150,-96,1,-161,89
-58,106,26,151,-96,0,-161,91
-58,109,25,151,-96,0,-159,93
-58,111,25,150,-96,0,-161,96
-58,112,24,149,-96,1,-159,97
-57,113,25,150,-96,1,-158,98
-55,114,25,150,-96,0,-157,100
-55,114,26,151,-96,1,-157,100
-55,114,26,151,-96,1,-157,100
-55,114,25,151,-97,1,-157,100
-55,114,25,151,-96,1,-157,98
-56,113,25,151,-94,1,-158,98
-58,112,25,151,-93,1,-159,97
-59,112,25,151,-94,1,-161,97
-60,111,25,151,-95,1,-162,96
-59,111,25,151,-95,1,-161,96
-58,110,25,151,-93,1,-159,95
-58,109,25,151,-92,1,-159,93
-57,108,25,151,-93,1,-159,93
-57,108,25,151,-94,1,-159,92
-57,107,25,151,-94,1,-158,92
-57,108,25,151,-94,1,-158,92
-57,109,25,151,-92,1,-159,93
-58,109,25,151,-92,1,-159,95
-58,110,25,151,-94,1,-161,95
-59,109,26,150,-96,1,-161,95
-58,110,26,150,-96,1,-159,95
-57,111,27,149,-95,1,-157,98
-56,113,27,149,-94,0,-156,101
-56,115,27,149,-93,1,-156,103
-57,117,27,149,-94,1,-156,104
-57,118,26,150,-94,1,-159,103
-57,119,26,151,-94,0,-159,103
-57,120,25,151,-93,0,-158,104
-56,122,25,151,-93,1,-158,107
-55,125,26,151,-93,2,-157,111
-54,127,27,152,-93,2,-157,112
-54,129,28,153,-94,2,-156,117
-53,131,28,153,-94,1,-156,119
-53,134,28,153,-94,2,-155,122
-52,136,28,153,-96,4,-155,124
-51,138,29,154,-97,6,-153,125
-50,139,29,154,-96,6,-152,126
-49,141,29,154,-93,6,-151,129
-49,143,29,154,-92,5,-151,131
-49,144,29,154,-92,5,-151,133
-50,145,29,154,-94,5,-152,133
-49,145,29,154,-96,6,-152,133
-48,145,30,155,-97,5,-152,133
-46,146,31,155,-96,5,-151,134
-46,146,30,155,-95,5,-151,134
-48,146,29,154,-95,5,-151,134
-49,145,29,154,-97,6,-151,133
-49,143,29,154,-97,6,-151,131
-48,142,29,154,-97,6,-151,129
-48,140,29,154,-96,5,-151,128
-50,138,29,154,-95,5,-152,126
-50,137,29,154,-96,5,-152,125
-50,135,29,154,-96,5,-152,123
-50,133,29,154,-96,5,-153,120
-51,131,29,154,-96,5,-153,119
-52,129,29,154,-96,5,-153,117
-52,126,29,154,-95,5,-155,114
-53,124,28,153,-93,5,-156,112
-55,121,27,152,-92,5,-157,107
-57,119,27,152,-93,5,-158,104
-57,118,28,153,-95,5,-159,106
-57,117,28,153,-97,6,-159,104
-56,115,27,152,-98,6,-157,101
-55,114,25,151,-97,6,-157,98
-55,114,25,150,-95,6,-157,100
-54,116,26,151,-93,6,-156,101
-54,119,28,153,-92,5,-156,106
-53,121,29,154,-91,5,-155,108
-52,122,29,154,-91,5,-155,111
-52,125,29,154,-93,6,-153,113
-52,128,29,154,-94,7,-153,115
-52,132,29,154,-95,7,-153,120
-52,137,29,154,-95,7,-155,125
-52,141,29,154,-94,7,-155,129
-51,145,30,155,-94,9,-156,133
-50,150,32,156,-95,10,-155,137
-49,154,33,158,-96,10,-153,142
-47,159,33,158,-97,11,-152,146
-46,162,33,157,-97,12,-151,150
-45,165,33,157,-97,14,-150,152
-43,168,34,158,-96,15,-148,156
-42,172,35,160,-95,15,-147,162
-40,176,36,161,-94,15,-148,166
-39,179,37,161,-95,17,-147,169
-39,182,36,161,-96,18,-147,172
-38,184,36,161,-96,20,-146,174
-38,185,36,161,-96,21,-146,175
-38,186,36,161,-96,20,-146,177
-38,187,36,161,-96,20,-146,177
-39,188,36,161,-96,20,-147,178
-39,188,36,161,-96,21,-147,179
-38,187,36,161,-96,22,-146,178
-38,185,36,160,-96,23,-144,175
-39,184,36,161,-96,24,-147,174
-40,182,35,162,-96,24,-147,170
-41,182,34,163,-96,25,-152,170
-42,182,33,164,-96,27,-152,169
-42,180,33,164,-96,28,-152,168
-42,177,35,163,-96,30,-150,166
-43,174,35,162,-95,30,-151,162
-43,171,34,162,-95,30,-151,158
-44,169,32,162,-96,30,-152,157
-45,169,32,163,-96,29,-156,157
-46,169,32,163,-95,30,-156,156
-45,168,31,162,-95,31,-152,156
-44,166,31,160,-95,32,-151,153
-44,164,30,159,-95,32,-152,151
-46,162,31,159,-95,32,-153,150
-47,162,31,160,-95,31,-155,150
-48,162,30,160,-95,32,-156,147
-48,162,30,160,-95,33,-156,147
-47,162,30,160,-95,35,-155,147
-47,161,30,160,-95,35,-155,148
-46,159,31,159,-95,35,-153,147
-46,157,32,158,-95,35,-151,145
-47,157,33,157,-95,35,-152,145
-48,156,32,158,-95,35,-153,144
-49,156,32,158,-95,35,-153,144
-50,156,31,159,-95,35,-157,144
-50,155,31,159,-95,34,-157,144
-49,154,31,159,-95,35,-157,141
-48,153,32,159,-95,36,-153,140
-47,151,33,158,-95,38,-152,139
-47,151,33,157,-95,39,-152,139
-46,150,32,156,-95,40,-151,137
-46,148,30,155,-95,40,-151,136
-46,146,29,155,-95,39,-151,134
-48,145,28,155,-95,40,-152,130
-49,144,28,155,-95,40,-153,130
-49,143,28,155,-95,39,-153,129
-49,141,28,156,-95,38,-155,126
-50,139,27,156,-95,38,-155,124
-50,137,27,156,-95,38,-155,122
-50,135,28,155,-95,39,-155,120
-50,133,29,154,-95,40,-156,122
-51,132,29,154,-95,40,-153,120
-53,130,29,154,-95,39,-155,118
-53,127,29,154,-95,40,-155,115
-53,125,28,154,-95,40,-156,112
-54,123,28,153,-95,39,-156,111
-56,122,28,153,-95,38,-158,109
-56,120,28,153,-95,37,-158,107
-57,117,28,153,-95,37,-159,104
-57,114,28,152,-95,37,-158,102
-58,112,27,152,-95,37,-159,97
-59,112,28,153,-95,36,-161,98
-61,111,28,153,-95,35,-163,98
-62,110,28,153,-95,35,-164,97
-63,108,27,152,-95,35,-164,93
-62,106,26,151,-95,35,-164,91
-61,105,25,150,-95,35,-163,90
-61,104,25,151,-95,35,-163,90
-61,105,26,151,-95,35,-163,90
-62,107,26,151,-95,35,-164,91
-63,107,25,151,-95,35,-164,91
-63,106,25,151,-95,35,-164,91
-63,105,25,151,-95,35,-164,90
-63,104,25,151,-95,35,-164,89
-63,104,26,151,-95,35,-164,89
-63,104,26,151,-95,33,-164,89
-62,105,25,151,-95,31,-164,90
-62,105,25,151,-95,30,-163,90
-61,105,25,151,-96,29,-163,90
-61,105,26,151,-96,30,-163,90
-61,105,27,152,-96,30,-163,90
-61,105,27,152,-96,30,-163,90
-61,105,27,152,-95,30,-163,90
-61,105,26,151,-94,30,-163,90
-61,105,25,151,-94,30,-163,90
-61,105,25,151,-94,30,-163,90
-62,105,25,151,-95,30,-163,90
-61,105,26,151,-95,30,-163,90
-61,104,26,151,-94,30,-162,89
-59,102,25,151,-94,30,-161,87
-59,101,25,151,-95,30,-161,86
-60,100,25,151,-96,30,-162,85
-62,99,25,151,-96,28,-163,84
-63,98,25,151,-96,27,-164,84
-64,98,25,151,-96,26,-166,84
-65,98,24,152,-96,27,-167,83
-66,97,25,152,-96,28,-168,81
-67,95,25,152,-96,28,-168,80
-66,93,25,151,-96,26,-168,78
-65,92,24,151,-96,25,-167,76
-65,92,22,152,-96,25,-169,74
-65,92,21,153,-96,25,-169,74
-65,92,21,155,-96,25,-172,74
-65,92,22,155,-96,25,-169,74
-65,92,22,154,-96,25,-169,74
-65,92,22,154,-96,25,-169,74
-65,92,22,155,-96,25,-169,74
-67,93,22,155,-96,25,-170,75
-67,95,22,154,-96,25,-170,78
-66,97,23,154,-96,25,-170,79
-65,98,24,153,-96,25,-169,83
-64,98,24,152,-96,25,-168,84
-64,100,25,151,-96,25,-166,85
-63,102,25,151,-96,25,-166,86
-63,104,25,151,-96,25,-164,90
-62,106,26,151,-96,24,-164,91
-63,108,26,151,-96,23,-164,92
-63,109,27,152,-96,24,-166,95
-64,111,27,154,-96,23,-168,96
-63,114,27,155,-96,22,-167,98
-62,116,27,156,-96,20,-166,101
-60,117,27,157,-95,20,-167,102
-59,118,26,158,-94,20,-166,102
-58,119,25,158,-95,20,-166,104
-58,121,25,158,-96,20,-166,106
-60,123,26,158,-96,20,-167,108
-60,123,25,158,-96,20,-167,108
-60,122,25,158,-96,20,-167,107
-59,121,26,157,-96,20,-166,106
-57,120,27,157,-97,20,-163,104
-54,120,27,156,-96,20,-158,104
-53,120,27,157,-94,21,-159,104
-53,121,26,158,-93,20,-159,106
-53,121,25,158,-92,18,-159,106
-53,121,26,158,-92,17,-161,106
-53,120,27,157,-93,16,-159,106
-52,119,27,156,-95,17,-157,104
-52,117,27,157,-95,18,-158,102
-52,116,26,157,-94,18,-158,101
-52,115,26,157,-93,17,-158,100
-52,115,27,157,-93,15,-156,101
-53,115,27,157,-95,15,-159,101
-54,115,26,157,-96,15,-161,100
-55,114,24,156,-97,15,-162,96
-55,114,23,156,-95,15,-162,96
-55,114,24,156,-94,15,-162,96
-55,114,25,156,-95,16,-162,100
-56,113,25,156,-96,15,-163,98
-56,111,24,156,-97,14,-163,93
-56,109,24,155,-97,12,-163,92
-57,109,25,156,-97,11,-163,93
-58,110,26,158,-97,10,-164,95
-59,112,26,158,-97,10,-166,96
-60,112,25,157,-95,10,-167,97
-59,112,25,156,-93,10,-166,97
-59,112,25,156,-91,10,-166,96
-59,112,25,156,-92,10,-166,96
-60,112,25,156,-93,10,-167,97
-59,112,25,157,-95,11,-166,96
-59,111,25,157,-95,10,-166,96
-59,112,26,158,-94,9,-166,97
-60,113,26,158,-93,7,-167,98
-61,115,26,158,-93,6,-168,100
-61,116,26,158,-93,5,-168,101
-62,116,26,158,-93,5,-168,101
-61,116,26,158,-93,6,-168,101
-62,116,26,158,-94,6,-168,101
-62,115,26,158,-95,6,-169,101
-61,116,26,158,-95,6,-168,101
-60,116,25,158,-94,5,-167,101
-59,118,25,158,-93,5,-166,102
-58,119,26,157,-93,6,-164,104
-59,122,27,157,-93,7,-166,107
-60,122,27,156,-93,9,-164,107
-60,123,27,156,-93,10,-164,108
-58,123,26,157,-93,11,-166,108
-56,124,25,158,-94,10,-163,109
-55,125,25,158,-94,10,-162,109
-55,125,26,157,-95,10,-162,109
-55,125,27,157,-94,10,-159,109
-55,125,27,156,-94,10,-159,109
-56,125,27,157,-93,10,-163,109
-56,125,25,158,-93,10,-163,109
-55,125,25,158,-93,12,-162,109
-54,126,27,157,-93,14,-161,111
-52,126,29,156,-93,15,-157,114
-52,126,31,155,-93,16,-157,114
-54,126,29,156,-94,15,-158,113
-55,125,27,157,-94,15,-159,109
-56,125,25,158,-94,15,-163,109
-56,125,25,158,-93,15,-163,109
-55,125,25,158,-94,17,-162,109
-55,125,26,158,-96,19,-162,109
-55,125,27,159,-96,20,-162,109
-55,124,28,159,-95,21,-162,108
-55,121,28,157,-93,20,-162,106
-56,119,28,157,-93,20,-161,104
-56,117,26,157,-93,20,-163,102
-56,115,26,158,-92,20,-162,100
-56,112,26,158,-92,20,-162,97
-57,109,26,157,-93,20,-163,93
-58,107,27,156,-94,20,-162,91
-59,104,27,157,-95,20,-163,89
-60,102,26,158,-94,20,-167,86
-60,99,25,158,-93,20,-166,84
-60,96,25,157,-92,20,-167,79
-62,92,24,155,-93,20,-166,75
-64,88,23,153,-94,20,-168,70
-66,85,23,153,-94,20,-169,70
-67,82,23,153,-93,20,-170,64
-68,78,22,154,-92,20,-172,61
-68,73,22,155,-92,20,-172,56
-69,70,22,155,-93,20,-175,52
-70,67,22,155,-93,20,-174,50
-72,66,21,153,-92,20,-175,48
-73,64,20,151,-91,20,-177,46
-73,62,20,150,-91,20,-174,45
-74,60,20,149,-91,20,-175,42
-75,58,21,148,-91,20,-177,41
-75,59,22,148,-91,20,-174,43
-76,59,22,148,-91,20,-174,43
-75,59,22,147,-91,20,-174,43
-75,59,22,147,-91,20,-174,43
-75,59,22,148,-91,20,-174,43
-76,59,22,148,-91,20,-174,43
-76,58,22,147,-91,20,-174,43
-75,58,22,147,-91,20,-174,43
-74,60,22,148,-91,20,-173,45
-73,62,22,148,-91,20,-172,47
-73,64,22,147,-91,20,-172,48
-73,65,22,147,-91,20,-172,50
-72,67,22,148,-91,20,-170,52
-71,68,23,148,-92,21,-173,53
-71,71,25,150,-93,20,-172,56
-71,72,25,151,-93,18,-173,57
-71,72,26,151,-93,17,-173,57
-70,73,26,151,-93,16,-172,58
-69,75,25,151,-93,17,-170,59
-69,77,25,151,-94,17,-170,62
-69,79,25,151,-96,17,-170,64
-70,79,25,151,-96,17,-170,64
-70,79,25,151,-95,16,-170,64
-69,78,25,151,-93,16,-170,63
-68,77,25,151,-92,15,-169,62
-68,76,25,151,-93,15,-169,61
-68,75,25,151,-93,15,-169,61
-68,76,25,151,-93,15,-169,61
-67,76,25,151,-93,15,-168,61
-68,75,25,151,-93,15,-169,59
-68,73,25,151,-93,15,-169,58
-70,72,25,151,-93,14,-170,57
-71,72,25,151,-93,13,-173,57
-72,72,25,151,-93,12,-173,57
-73,71,25,151,-93,11,-174,56
-74,69,25,151,-93,11,-175,54
-74,67,26,151,-92,12,-175,51
-74,65,26,151,-92,12,-175,50
-73,65,25,151,-92,12,-174,50
-73,65,25,150,-92,11,-174,51
-73,66,23,148,-92,10,-174,51
-74,66,22,148,-92,10,-173,51
-75,65,22,147,-92,10,-173,50
-75,64,22,147,-92,10,-173,50
-74,64,22,148,-92,10,-173,48
-73,64,22,148,-92,10,-172,48
-73,64,22,147,-92,10,-172,50
-73,65,22,147,-92,10,-172,50
-73,66,22,147,-92,12,-172,51
-74,65,22,147,-92,13,-173,51
-73,65,22,147,-92,14,-172,50
-73,65,22,147,-92,14,-172,51
-73,66,22,148,-92,14,-172,51
-73,65,22,148,-92,13,-172,50
-73,65,22,148,-92,14,-172,50
-73,65,22,148,-92,14,-172,51
-73,67,22,147,-92,14,-172,52
-72,70,21,148,-91,15,-174,52
-71,72,21,148,-91,15,-173,54
-70,73,21,149,-91,15,-170,56
-68,74,21,149,-91,15,-169,56
-67,74,22,150,-91,15,-168,59
-67,75,23,151,-92,15,-168,61
-68,76,23,152,-92,15,-172,58
-69,77,24,152,-92,15,-173,62
-69,78,25,152,-91,15,-170,63
-68,79,25,152,-91,15,-169,64
-66,80,24,152,-92,15,-168,65
-65,81,23,153,-93,15,-169,67
-65,81,23,154,-94,15,-168,63
-65,81,22,154,-94,15,-169,63
-65,81,23,153,-94,15,-169,64
-63,82,25,152,-93,15,-164,67
-62,82,25,151,-92,15,-163,67
-62,83,25,151,-91,15,-163,68
-64,83,25,151,-91,15,-166,68
-66,84,24,152,-92,15,-168,69
-66,86,23,153,-92,15,-170,70
-66,86,23,154,-92,15,-170,69
-66,86,22,154,-91,15,-170,69
-67,86,23,154,-91,15,-170,68
-67,85,23,153,-91,15,-172,69
-68,85,24,152,-91,15,-169,70
-68,86,25,151,-91,15,-169,72
-69,89,25,152,-91,15,-170,74
-69,90,24,152,-91,15,-173,75
-68,91,23,153,-91,15,-172,75
-67,91,24,152,-91,15,-168,75
-66,91,25,151,-91,15,-168,75
-65,92,25,151,-91,15,-167,76
-65,94,25,152,-91,15,-167,79
-64,96,23,153,-91,15,-168,81
-63,98,23,153,-91,15,-167,81
-62,101,23,154,-91,15,-167,84
-62,103,23,154,-91,15,-166,86
-62,106,23,154,-91,15,-167,89
-63,108,22,154,-91,15,-167,91
-62,110,22,155,-91,15,-167,92
-61,112,23,155,-91,15,-168,95
-60,115,25,156,-91,15,-167,100
-58,118,27,157,-91,15,-166,102
-58,120,27,156,-91,15,-162,104
-57,122,27,157,-91,15,-164,107
-56,124,26,157,-91,15,-163,109
-56,126,27,159,-91,15,-163,111
-57,128,28,160,-91,15,-164,113
-57,129,29,161,-91,15,-164,114
-57,131,30,161,-91,15,-164,117
-56,134,29,161,-91,15,-163,119
-56,136,29,161,-91,15,-163,120
-55,136,29,161,-91,15,-163,122
-55,136,29,161,-91,15,-163,120
-56,136,29,161,-91,15,-163,120
-56,136,29,161,-91,15,-163,120
-56,136,29,161,-91,15,-163,120
-56,136,29,161,-91,15,-163,120
-56,136,29,161,-91,15,-163,120
-55,136,29,161,-91,15,-163,120
-55,137,29,161,-91,15,-163,122
-56,136,29,161,-91,15,-163,120
-56,134,29,161,-91,16,-163,119
-57,131,29,161,-91,17,-164,115
-57,130,29,161,-91,16,-164,114
-58,129,29,161,-91,15,-164,114
-57,129,29,161,-91,15,-164,113
-57,128,30,161,-91,15,-164,113
-56,126,29,161,-91,15,-163,112
-55,126,28,160,-91,15,-162,111
-55,124,27,159,-91,15,-162,109
-56,123,27,159,-91,15,-163,108
-57,120,27,159,-91,15,-164,106
-57,119,27,159,-91,15,-164,103
-57,118,26,158,-91,15,-164,102
-57,118,26,158,-91,16,-164,103
-57,119,26,158,-91,17,-164,103
-57,119,26,158,-91,18,-164,103
-57,119,26,158,-91,17,-164,103
-57,118,26,158,-91,18,-164,103
-57,118,26,158,-91,18,-164,103
-57,118,26,158,-91,20,-164,103
-56,119,26,158,-91,20,-163,103
-55,121,26,158,-91,20,-162,106
-54,123,25,157,-91,20,-162,108
-54,127,26,158,-91,19,-161,112
-54,130,27,159,-91,20,-161,114
-54,133,28,160,-91,21,-162,118
-55,135,29,161,-91,23,-162,119
-54,137,29,161,-91,25,-162,122
-53,138,30,162,-91,27,-163,123
-52,141,30,162,-91,28,-159,126
-51,144,30,162,-91,29,-161,129
-50,149,30,162,-90,30,-159,134
-48,154,31,162,-90,31,-158,141
-48,159,32,163,-90,33,-158,146
-47,162,33,164,-90,34,-157,150
-46,165,33,165,-91,34,-157,152
-46,167,34,166,-91,35,-157,155
-46,169,35,166,-90,36,-157,157
-46,172,35,166,-90,38,-156,159
-45,175,36,167,-90,39,-155,163
-43,177,36,169,-92,40,-156,166
-42,180,34,170,-93,40,-157,168
-42,182,33,171,-93,41,-157,167
-42,183,33,172,-92,43,-157,168
-42,184,33,171,-92,44,-157,169
-42,185,33,171,-92,45,-157,170
-40,187,33,171,-93,45,-156,172
-39,188,33,171,-92,44,-155,173
-39,189,33,171,-92,44,-155,174
-39,188,33,171,-93,44,-155,174
-39,188,33,171,-95,44,-155,174
-39,189,33,171,-95,44,-155,174
-40,189,33,171,-93,45,-156,174
-39,188,33,171,-91,46,-155,174
-39,187,33,171,-89,46,-153,173
-38,185,33,171,-90,45,-153,170
-38,184,33,171,-91,45,-153,169
-40,183,33,171,-92,46,-155,168
-41,181,33,171,-91,47,-157,167
-43,180,33,171,-90,48,-158,166
-43,177,33,171,-90,48,-158,163
-43,176,33,171,-90,47,-158,161
-44,175,33,171,-90,47,-159,159
-44,173,33,171,-90,47,-159,158
-45,171,32,170,-90,48,-161,156
-45,169,32,170,-90,49,-159,155
-45,167,31,169,-90,49,-159,152
-45,165,30,169,-89,49,-159,150
-46,163,30,168,-90,49,-158,148
-48,162,29,168,-92,49,-161,147
-49,161,29,168,-93,49,-162,146
-50,159,30,168,-93,50,-162,145
-50,157,30,168,-92,49,-163,142
-51,155,29,168,-90,49,-164,140
-52,154,28,167,-89,49,-164,139
-53,152,27,166,-89,49,-166,135
-52,151,27,166,-90,49,-164,134
-52,149,28,166,-91,49,-164,134
-52,147,29,166,-92,49,-164,131
-53,144,29,166,-93,49,-166,129
-54,143,28,165,-93,49,-166,128
-54,142,28,163,-93,49,-163,126
-53,141,28,162,-93,49,-163,125
-53,139,29,161,-93,49,-163,124
-54,137,28,162,-93,49,-164,122
-55,135,28,163,-91,49,-166,120
-56,136,27,163,-90,49,-166,120
-56,136,28,162,-89,49,-166,122
-55,136,28,162,-90,49,-166,120
-56,134,28,162,-90,49,-166,119
-57,131,28,163,-90,49,-167,115
-58,129,28,163,-90,49,-167,114
-58,129,28,162,-89,49,-167,113
-57,129,28,160,-90,49,-164,114
-57,129,27,158,-92,49,-164,114
-57,129,26,158,-93,49,-164,114
-59,129,27,159,-93,49,-166,113
-61,128,28,160,-92,49,-168,113
-62,127,28,160,-90,49,-169,112
-61,125,27,159,-89,49,-168,111
-60,124,26,158,-90,49,-167,108
-60,123,25,157,-90,49,-167,108
-60,122,26,158,-90,49,-167,107
-60,122,26,158,-90,49,-167,107
-59,122,26,158,-90,49,-166,107
-58,120,26,158,-90,49,-164,104
-57,118,26,158,-90,49,-164,103
-58,117,26,158,-90,49,-166,102
-60,116,26,158,-90,49,-167,101
-61,116,26,158,-90,49,-168,101
-62,116,26,158,-90,49,-169,101
-62,116,26,158,-90,49,-168,101
-61,116,26,158,-90,49,-168,101
-62,116,26,158,-90,49,-168,101
-62,116,26,158,-90,49,-168,101
-61,116,26,158,-90,49,-168,101
-60,116,27,158,-90,49,-167,101
-60,117,27,159,-90,49,-167,102
-60,116,27,159,-90,49,-167,101
-61,116,28,159,-90,49,-168,101
-62,116,28,160,-90,49,-168,101
-62,116,28,159,-90,49,-168,101
-62,116,27,159,-90,49,-168,101
-62,116,27,159,-90,49,-168,101
-61,116,28,160,-90,49,-168,101
-60,116,29,161,-90,49,-167,101
-59,117,30,161,-90,49,-166,102
-57,118,29,161,-90,49,-164,103
-57,119,29,161,-90,49,-163,103
-57,118,29,161,-90,49,-164,103
-57,118,29,161,-90,49,-164,103
-59,117,29,161,-90,49,-166,102
-59,117,29,161,-90,50,-166,102
-58,118,29,161,-90,49,-166,102
-57,118,28,160,-90,48,-164,103
-57,118,28,160,-90,46,-164,103
-57,118,28,160,-90,44,-164,103
-57,118,29,161,-90,44,-164,103
-57,118,29,161,-90,44,-164,103
-57,118,29,161,-90,44,-164,103
-57,118,29,161,-90,45,-164,103
-57,118,29,161,-90,44,-164,103
-57,118,29,161,-90,43,-164,103
-56,119,29,161,-90,41,-163,104
-54,120,29,161,-90,39,-162,104
-53,120,29,161,-90,39,-159,106
-52,121,29,161,-90,39,-159,106
-53,121,29,161,-90,39,-159,106
-54,120,29,161,-90,38,-161,106
-55,121,28,162,-90,36,-164,106
-56,121,28,162,-91,34,-166,106
-56,122,27,163,-91,34,-166,107
-55,124,28,162,-90,35,-164,108
-55,125,28,162,-90,35,-164,109
-55,125,29,161,-90,33,-162,109
-55,125,29,161,-91,31,-162,109
-55,125,29,161,-92,30,-162,109
-56,126,29,161,-93,30,-163,111
-57,128,29,161,-93,30,-163,113
-57,129,29,161,-93,30,-164,114
-58,130,29,161,-93,28,-164,114
-58,129,29,161,-92,27,-164,114
-57,129,29,161,-91,25,-164,114
-57,129,29,161,-91,24,-167,114
-57,129,28,162,-91,23,-167,114
-57,129,27,163,-91,21,-167,114
-57,129,25,163,-91,20,-169,112
-58,129,25,162,-92,20,-167,112
-58,130,26,162,-91,20,-167,112
-57,129,27,163,-91,20,-167,114
-57,128,26,164,-91,20,-168,111
-55,127,26,165,-91,18,-167,109
-54,126,26,165,-91,16,-166,108
-54,125,26,164,-91,15,-166,108
-55,125,26,164,-91,15,-167,107
-55,125,26,164,-91,15,-167,107
-55,125,26,164,-91,15,-167,107
-55,125,26,164,-92,14,-167,107
-56,124,26,164,-92,12,-168,107
-57,124,26,164,-92,10,-169,107
-58,124,26,164,-92,10,-169,107
-57,124,26,164,-92,10,-169,106
-57,122,26,164,-92,10,-169,104
-57,120,26,164,-92,11,-168,102
-57,119,26,164,-92,10,-169,101
-57,118,26,164,-92,10,-169,101
-57,118,26,164,-92,9,-169,101
-57,119,26,165,-92,9,-169,101
-57,119,26,165,-92,9,-169,101
-57,118,26,164,-92,9,-169,101
-57,118,27,164,-91,9,-169,103
-57,118,27,163,-90,7,-167,103
-57,118,28,162,-91,7,-167,103
-57,118,28,162,-92,7,-167,103
-57,118,29,161,-92,7,-164,103
-58,118,29,161,-92,6,-166,102
-60,116,29,161,-92,7,-167,101
-61,116,29,161,-92,7,-168,101
-62,115,28,160,-92,8,-169,101
-62,116,28,160,-92,9,-168,101
-61,116,28,160,-92,10,-168,101
-61,116,28,159,-92,10,-168,101
-61,116,28,159,-92,10,-168,101
-61,116,27,159,-92,10,-168,101
-61,116,27,159,-92,10,-168,101
-62,115,26,158,-92,10,-169,101
-63,115,26,158,-92,10,-169,100
-63,115,27,159,-92,10,-170,100
-63,116,28,160,-92,10,-169,101
-61,116,28,160,-92,10,-168,101
-61,115,27,159,-92,10,-168,100
-61,112,27,159,-92,10,-168,97
-62,110,28,159,-92,10,-169,95
-62,110,29,161,-92,10,-169,95
-61,111,30,162,-92,10,-169,96
-60,112,29,162,-92,10,-169,97
-60,111,28,160,-92,10,-167,96
-61,109,27,158,-92,10,-168,93
-62,106,26,158,-92,10,-169,91
-61,105,26,160,-92,10,-170,90
-61,105,26,162,-92,12,-170,87
-62,105,25,164,-92,13,-173,87
-62,105,23,163,-92,13,-174,87
-62,103,22,161,-92,13,-172,85
-61,101,22,161,-92,13,-169,84
-61,100,23,162,-92,13,-169,83
-62,99,24,162,-92,13,-173,81
-63,98,24,162,-92,13,-174,81
-63,97,23,162,-92,13,-172,80
-62,95,22,161,-92,14,-170,78
-61,94,22,161,-92,14,-169,76
-61,94,22,161,-92,14,-169,76
-61,94,23,161,-92,14,-170,76
-62,93,22,161,-92,12,-172,76
-64,91,22,161,-92,11,-173,74
-64,89,23,161,-92,10,-173,72
-63,87,23,161,-92,10,-172,69
-63,87,22,161,-92,10,-172,69
-63,87,21,160,-92,10,-172,70
-63,88,21,160,-92,10,-172,70
-63,88,21,160,-92,10,-172,70
-63,88,22,161,-92,10,-172,70
-64,87,23,161,-92,10,-173,69
-66,86,23,161,-92,10,-175,68
-68,85,22,161,-92,10,-177,68
-68,86,22,161,-92,10,-177,69
-68,89,22,161,-92,10,-177,72
-67,91,22,161,-92,11,-175,73
-67,92,22,161,-92,10,-175,74
-67,91,22,161,-92,9,-175,73
-67,91,22,161,-92,7,-175,73
-66,91,22,161,-92,7,-174,74
-65,92,22,161,-92,7,-174,74
-65,92,22,161,-92,7,-174,74
-65,92,22,161,-92,6,-174,74
-65,92,22,161,-92,5,-174,74
-65,92,22,161,-92,5,-174,74
-65,92,23,161,-92,5,-174,74
-65,92,23,160,-92,6,-174,74
-65,92,24,160,-92,6,-174,74
-65,92,23,160,-92,5,-174,74
-65,92,23,161,-92,5,-174,74
-65,92,22,161,-92,5,-174,74
-65,92,22,161,-92,5,-174,74
-65,92,22,161,-92,5,-174,74
-66,93,22,161,-92,5,-174,75
-67,95,22,161,-92,5,-175,78
-68,96,22,161,-92,5,-177,79
-68,97,22,161,-92,5,-177,79
-68,96,23,161,-92,5,-177,79
-68,96,23,160,-92,6,-177,79
-68,96,23,160,-92,6,-177,79
-68,96,23,160,-92,5,-177,79
-68,96,23,161,-92,5,-177,79
-68,96,23,160,-92,5,-177,79
-68,96,24,159,-92,6,-177,79
-68,96,24,159,-92,7,-177,79
-68,96,24,160,-92,7,-177,78
-67,96,23,160,-92,7,-177,78
-68,96,24,160,-92,6,-177,79
-68,97,24,159,-92,7,-177,80
-69,99,25,159,-92,8,-175,81
-70,100,24,159,-91,9,-179,83
-70,101,24,159,-90,9,-179,83
-69,101,24,159,-91,9,-178,84
-67,102,25,159,-92,10,-173,85
-65,102,25,159,-92,10,-172,85
-66,103,23,160,-92,10,-175,85
-66,104,23,161,-92,10,-175,86
-67,105,22,162,-92,10,-178,87
-66,106,22,161,-92,10,-175,89
-64,106,22,161,-92,11,-173,89
-62,106,23,161,-92,12,-172,89
-62,107,24,162,-92,13,-170,89
-61,109,25,164,-92,14,-173,91
-61,111,26,164,-92,14,-173,93
-60,112,26,165,-91,15,-172,95
-59,112,26,165,-91,15,-170,95
-59,112,26,164,-91,16,-170,95
-60,113,26,164,-91,17,-172,96
-61,114,26,164,-91,18,-173,96
-61,115,26,164,-91,19,-173,97
-60,115,26,165,-91,20,-172,97
-58,116,26,165,-91,20,-169,98
-57,118,26,164,-91,20,-169,101
-57,119,25,163,-91,20,-168,101
-57,119,24,162,-91,21,-167,101
-57,118,24,162,-91,21,-167,101
-57,118,25,163,-91,21,-169,101
-57,118,26,164,-91,22,-169,101
-57,118,27,165,-91,23,-169,101
-57,118,26,164,-91,25,-169,101
-57,118,25,164,-91,25,-169,101
-57,118,25,163,-91,25,-169,101
-57,118,24,163,-91,25,-169,101
-57,118,25,163,-91,25,-169,101
-57,118,24,163,-91,25,-169,101
-57,118,24,162,-91,25,-167,101
-57,118,23,161,-91,25,-167,101
-57,118,22,161,-91,25,-167,101
-57,118,22,161,-91,25,-167,101
-57,118,24,162,-91,25,-169,101
-57,118,25,163,-91,26,-169,101
-57,118,25,164,-91,27,-169,101
-57,118,25,163,-91,28,-169,101
-57,118,24,162,-91,28,-169,101
-57,118,24,163,-91,29,-169,101
-57,119,25,164,-90,30,-169,101
-58,119,26,164,-90,30,-169,102
-58,120,26,165,-90,30,-169,102
-59,121,26,165,-91,29,-170,103
-60,121,26,165,-91,28,-172,103
-59,122,26,165,-91,28,-172,104
-58,123,26,164,-91,26,-170,106
-57,126,26,164,-91,26,-169,108
-57,128,26,165,-91,27,-168,111
-57,130,27,166,-91,28,-169,112
-58,131,28,167,-91,29,-170,115
-59,132,29,168,-91,28,-172,117
-59,134,30,168,-91,26,-170,119
-57,137,30,168,-91,25,-169,122
-57,139,29,168,-91,24,-169,124
-58,140,29,168,-91,25,-173,125
-58,140,28,169,-91,25,-173,125
-57,141,28,169,-91,25,-172,123
-55,141,28,169,-91,25,-169,126
-54,142,29,168,-91,25,-168,126
-53,142,29,168,-91,25,-166,128
-54,144,29,168,-91,25,-167,129
-55,145,29,168,-91,25,-168,130
-56,147,29,168,-91,25,-168,131
-56,147,29,168,-91,25,-168,131
-56,147,29,168,-91,25,-168,131
-56,147,29,168,-91,25,-168,131
-56,147,30,168,-91,25,-168,131
-56,147,30,168,-91,25,-168,131
-56,147,29,168,-91,25,-168,131
-55,145,28,167,-91,25,-167,130
-54,144,28,166,-91,25,-167,129
-54,143,29,167,-91,25,-166,128
-54,142,29,168,-91,25,-166,126
-53,141,30,168,-91,25,-167,126
-52,140,28,167,-91,25,-164,125
-52,138,27,165,-91,25,-164,123
-52,137,27,163,-91,25,-162,122
-54,135,27,163,-91,25,-163,120
-54,133,27,163,-91,25,-163,118
-54,132,26,164,-91,25,-166,114
-53,131,26,165,-91,25,-164,113
-52,130,26,165,-91,25,-164,113
-53,128,26,164,-91,25,-164,111
-54,126,26,164,-91,26,-166,108
-55,124,26,164,-91,27,-167,107
-56,124,26,164,-91,28,-168,107
-57,124,26,164,-91,29,-169,107
-58,124,26,164,-91,29,-170,107
-59,123,26,164,-91,29,-170,106
-58,121,26,164,-91,28,-170,103
-58,119,26,164,-91,28,-169,102
-57,118,26,164,-91,28,-169,101
-58,118,26,164,-91,29,-170,100
-60,116,26,164,-90,30,-172,98
-61,115,26,164,-90,30,-173,97
-60,113,26,164,-91,29,-172,95
-59,112,26,164,-91,29,-170,95
-59,112,26,164,-91,29,-170,93
-60,111,26,164,-90,30,-172,93
-61,109,26,164,-91,29,-173,91
-62,107,26,164,-91,29,-174,90
-63,104,26,164,-91,29,-174,86
-64,101,26,165,-91,29,-175,84
-64,100,26,165,-91,29,-175,83
-64,98,26,164,-91,29,-175,81
-63,99,25,163,-91,29,-174,81
-63,98,24,162,-90,30,-174,81
-64,97,23,162,-91,29,-173,79
-65,94,24,162,-91,29,-177,76
-65,92,25,163,-91,29,-177,74
-65,91,25,163,-90,30,-177,74
-67,91,24,162,-90,30,-175,73
-68,91,23,161,-91,29,-178,73
-70,90,22,161,-91,28,-179,72
-69,88,22,161,-91,26,-178,70
-68,86,23,161,-91,27,-177,69
-67,86,23,161,-91,28,-177,68
-67,85,23,161,-91,28,-175,67
-67,85,22,161,-91,27,-175,68
-67,86,22,161,-91,25,-177,68
-68,85,22,161,-91,24,-177,68
-68,85,22,161,-91,24,-177,67
-68,85,22,161,-91,25,-177,67
-67,85,22,161,-90,25,-175,68
-67,85,22,161,-90,25,-175,68
-68,85,22,161,-90,23,-177,67
-69,85,23,161,-89,21,-178,67
-71,84,23,161,-90,20,-179,65
-72,83,22,161,-90,20,-180,65
-71,82,21,160,-90,20,-180,64
-71,81,21,160,-91,20,-179,63
-70,80,22,160,-92,19,-179,62
-71,79,22,161,-91,16,-180,62
-73,79,22,160,-90,15,-181,61
-74,78,21,160,-88,15,-183,61
-75,77,21,160,-89,15,-184,59
-74,77,22,161,-90,15,-183,59
-73,76,23,161,-90,14,-181,58
-73,76,23,161,-89,11,-181,58
-73,76,22,161,-89,10,-181,58
-74,76,22,161,-90,10,-183,58
-74,76,22,161,-92,10,-183,58
-73,76,22,161,-92,10,-181,58
-74,76,22,161,-91,9,-183,58
-74,76,22,161,-90,7,-183,58
-74,76,22,161,-90,5,-183,58
-74,76,22,161,-92,5,-183,58
-74,76,22,161,-93,5,-183,58
-74,76,22,161,-93,6,-183,58
-74,78,22,161,-92,6,-183,59
-74,80,22,161,-90,5,-183,62
-75,82,22,161,-90,4,-183,64
-75,81,22,161,-91,2,-184,63
-74,82,22,161,-92,1,-183,64
-73,82,22,161,-93,0,-181,64
-72,84,22,161,-93,0,-181,67
-73,86,22,161,-91,0,-181,68
-74,87,22,161,-88,0,-183,69
-74,88,22,161,-87,0,-183,70
-75,87,22,161,-89,0,-184,69
-74,87,22,161,-91,0,-183,69
-73,88,22,161,-92,0,-181,70
-71,89,22,161,-92,0,-179,70
-70,90,22,161,-90,0,-179,72
-70,91,22,161,-90,1,-179,73
-72,93,22,161,-90,0,-180,75
-72,94,22,161,-90,0,-181,76
-71,95,22,161,-89,-2,-180,78
-69,96,22,161,-89,-2,-178,78
-68,96,23,161,-89,-2,-177,79
-67,96,23,161,-90,-1,-177,79
-68,96,22,161,-90,-1,-177,79
-68,96,22,161,-90,-2,-177,78
-68,96,22,162,-89,-2,-177,78
-66,97,23,162,-89,-2,-178,79
-65,99,25,164,-90,-1,-177,81
-65,102,26,164,-92,-1,-177,84
-66,103,26,165,-93,-1,-178,85
-66,103,26,165,-91,0,-178,85
-65,103,25,165,-89,0,-177,85
-65,104,25,166,-87,0,-177,86
-64,105,24,167,-89,0,-178,87
-63,108,23,167,-91,0,-178,87
-63,109,23,168,-92,0,-177,89
-62,111,23,168,-91,0,-177,90
-61,112,23,168,-90,0,-175,92
-61,115,23,168,-89,0,-175,95
-61,116,23,168,-89,0,-175,96
-60,117,23,168,-89,0,-174,97
-59,118,23,168,-90,0,-173,97
-58,119,24,169,-90,0,-174,100
-58,121,24,169,-91,0,-174,101
-58,123,24,169,-91,0,-173,106
-58,126,25,169,-91,0,-172,108
-57,128,26,169,-91,0,-172,111
-57,129,27,170,-91,0,-172,112
-56,130,27,172,-91,0,-173,112
-54,131,26,172,-91,0,-172,113
-54,133,26,172,-89,0,-170,115
-55,134,26,171,-88,0,-172,117
-55,135,26,171,-87,0,-172,118
-54,137,26,171,-87,1,-172,119
-54,139,26,171,-89,2,-170,122
-53,141,26,171,-90,2,-170,123
-53,142,26,171,-90,2,-170,125
-54,143,26,171,-91,2,-170,125
-54,142,26,171,-92,4,-170,125
-54,142,26,171,-91,5,-170,125
-54,142,26,171,-90,6,-170,125
-53,142,26,171,-89,5,-170,125
-54,142,26,171,-88,5,-170,125
-54,142,26,171,-87,5,-170,125
-54,142,26,171,-87,5,-170,125
-54,143,26,171,-89,5,-170,125
-53,142,26,171,-90,5,-170,125
-53,141,26,171,-91,5,-170,123
-52,139,26,171,-90,5,-169,122
-51,138,26,171,-90,5,-168,120
-51,138,26,171,-88,5,-168,120
-51,138,26,171,-87,7,-168,120
-50,137,26,171,-87,8,-167,119
-51,135,26,172,-87,10,-168,117
-52,132,26,172,-88,10,-169,114
-53,131,26,171,-89,10,-170,113
-53,131,27,170,-88,10,-167,114
-52,132,28,169,-87,10,-167,117
-52,133,29,168,-87,10,-166,118
-52,132,29,168,-86,10,-166,117
-53,132,28,169,-87,10,-167,114
-53,131,28,169,-87,10,-168,114
-53,131,28,169,-88,10,-168,114
-53,131,28,169,-89,10,-168,114
-53,131,29,169,-88,10,-167,117
-53,131,29,168,-87,10,-167,117
-53,131,29,168,-87,10,-166,117
-53,131,29,168,-87,10,-166,117
-53,131,29,168,-87,10,-166,117
-53,131,29,168,-87,10,-166,117
-53,131,29,168,-87,10,-164,117
-53,131,29,168,-87,10,-166,117
-53,131,29,168,-87,10,-166,117
-53,131,29,168,-87,10,-166,117
-53,131,29,168,-87,10,-164,117
-53,132,29,168,-87,12,-164,117
-54,132,29,168,-87,14,-166,117
-54,131,29,168,-87,15,-167,115
-56,128,29,168,-87,14,-168,113
-56,126,29,168,-87,13,-168,111
-56,125,29,168,-87,12,-168,109
-55,125,29,168,-87,12,-167,109
-55,125,29,168,-87,14,-167,109
-54,124,29,168,-87,15,-167,108
-55,121,29,168,-86,15,-167,106
-56,119,29,168,-86,15,-168,104
-57,118,29,168,-87,15,-169,103
-57,118,30,168,-87,15,-169,103
-57,117,30,168,-87,15,-169,102
-57,115,29,168,-86,15,-168,100
-57,113,29,167,-87,15,-168,98
-57,112,28,166,-87,15,-169,97
-58,112,28,166,-87,15,-170,97
-59,112,27,165,-87,15,-170,95
-60,112,26,165,-87,15,-172,95
-60,110,26,164,-87,15,-172,92
-61,107,26,164,-87,15,-173,90
-61,105,26,164,-87,15,-173,87
-61,104,26,165,-87,15,-173,87
-61,105,26,165,-87,15,-173,87
-61,105,26,164,-87,15,-173,87
-63,104,26,164,-87,15,-174,87
-65,103,26,164,-87,15,-177,85
-65,103,26,164,-87,15,-177,85
-66,102,26,164,-87,15,-178,85
-66,103,26,164,-87,15,-177,85
-65,103,26,164,-87,15,-177,85
-65,103,26,164,-87,15,-177,85
-66,103,26,164,-87,15,-178,85
-66,103,26,164,-87,15,-178,85
-66,103,26,164,-87,15,-177,85
-66,103,26,164,-87,15,-177,85
-65,103,26,164,-87,15,-177,85
-65,104,26,165,-86,15,-177,86
-65,107,26,165,-86,15,-177,90
-64,110,26,164,-86,15,-175,92
-64,114,26,164,-87,15,-175,96
-64,116,26,165,-87,14,-175,98
-62,120,25,166,-86,15,-174,102
-61,123,23,167,-86,16,-175,106
-60,126,23,168,-86,18,-174,106
-59,130,25,168,-86,19,-174,112
-58,134,26,169,-86,20,-173,117
-58,140,27,170,-86,20,-173,122
-57,144,27,172,-86,20,-174,126
-55,149,26,172,-86,21,-173,131
-53,154,26,172,-86,21,-170,136
-51,158,26,171,-86,22,-168,141
-50,163,26,171,-86,23,-167,145
-50,167,27,172,-86,24,-167,150
-49,170,29,174,-86,24,-167,152
-48,173,30,175,-86,24,-166,156
-46,176,30,175,-86,25,-163,161
-45,179,30,175,-86,26,-163,162
-46,183,30,175,-86,28,-163,166
-46,187,30,174,-86,29,-163,169
-45,191,30,175,-86,30,-163,173
-43,192,31,176,-86,29,-161,177
-42,193,32,177,-86,29,-162,178
-40,194,33,178,-86,29,-161,179
-39,195,34,178,-86,29,-159,180
-39,198,34,178,-86,29,-159,183
-39,199,33,178,-86,29,-159,184
-40,201,33,178,-86,29,-161,186
-41,203,33,178,-86,31,-162,187
-42,204,33,178,-86,33,-162,189
-43,204,33,178,-86,34,-163,189
-42,204,34,178,-85,35,-162,189
-41,204,33,178,-86,34,-161,189
-39,205,32,179,-86,34,-159,190
-38,206,32,180,-86,34,-161,191
-37,206,31,181,-86,34,-159,189
-38,206,31,181,-86,34,-161,189
-38,207,32,181,-86,34,-162,192
-39,208,34,181,-86,34,-162,192
-39,209,33,180,-86,34,-162,194
-39,209,32,180,-86,34,-163,192
-40,210,30,182,-86,34,-163,192
-39,211,30,183,-86,34,-164,194
-38,211,32,183,-86,34,-164,194
-37,212,32,184,-86,34,-163,194
-37,213,33,184,-86,34,-163,196
-37,216,33,185,-86,34,-163,201
-38,217,34,185,-86,34,-163,202
-38,217,34,185,-86,34,-164,202
-38,217,34,185,-86,34,-164,202
-37,217,34,185,-85,36,-162,202
-35,219,34,185,-85,36,-161,203
-33,219,34,185,-85,37,-159,205
-33,219,34,185,-85,36,-159,205
-34,220,34,185,-85,37,-159,205
-34,220,34,185,-85,38,-159,205
-33,222,34,185,-85,39,-159,207
-32,224,34,185,-85,39,-158,208
-31,225,33,185,-85,39,-157,211
-31,226,34,185,-85,39,-157,211
-31,226,34,184,-85,39,-155,211
-32,226,35,184,-85,39,-156,212
-32,227,36,184,-85,39,-156,212
-32,227,36,185,-85,39,-158,213
-33,229,37,186,-85,39,-158,214
-32,230,37,187,-85,39,-158,216
-32,231,38,187,-85,38,-158,217
-31,231,39,187,-85,37,-157,219
-30,232,39,187,-85,38,-156,219
-30,232,38,187,-85,39,-156,218
-30,234,36,187,-85,39,-156,219
-31,235,36,187,-85,39,-157,220
-32,237,36,187,-85,39,-157,222
-31,238,37,188,-85,39,-157,223
-30,238,37,188,-85,39,-156,223
-29,238,37,188,-85,39,-155,223
-28,238,37,188,-85,39,-155,224
-28,239,37,188,-85,38,-153,224
-27,239,37,188,-85,36,-153,224
-28,239,37,188,-86,34,-153,224
-28,239,37,188,-86,34,-153,224
-28,239,37,188,-86,34,-153,224
-26,240,37,188,-86,34,-152,225
-25,241,37,188,-86,34,-151,225
-23,242,36,187,-86,34,-150,227
-22,242,36,187,-86,34,-148,227
-23,242,36,187,-86,34,-150,227
-25,241,37,188,-86,34,-151,225
-27,239,38,189,-86,34,-155,224
-28,239,37,189,-86,34,-156,224
-28,239,37,188,-86,34,-153,224
-28,239,36,187,-86,34,-153,224
-28,240,37,186,-86,34,-153,225
-29,238,37,186,-86,34,-155,224
-30,236,37,186,-86,33,-156,222
-30,234,36,187,-86,32,-156,219
-30,233,35,187,-86,33,-156,218
-30,232,34,186,-86,32,-156,218
-31,231,35,184,-86,31,-157,217
-32,230,36,182,-86,29,-156,216
-32,228,37,181,-86,29,-153,216
-32,226,37,181,-86,29,-153,213
-32,224,37,181,-86,30,-153,211
-33,222,37,181,-86,29,-153,209
-33,220,37,182,-86,28,-157,207
-33,218,37,182,-86,26,-156,206
-33,216,37,181,-86,24,-153,203
-34,213,36,180,-86,24,-155,197
-35,209,34,179,-86,25,-156,195
-36,205,34,178,-86,25,-157,190
-36,201,34,179,-86,23,-157,186
-37,197,34,180,-86,21,-159,181
-38,193,33,180,-86,19,-161,178
-39,190,33,180,-86,19,-159,175
-40,187,33,178,-86,20,-159,172
-40,183,33,178,-86,19,-161,168
-41,178,34,178,-86,18,-161,163
-43,174,34,178,-86,17,-163,158
-45,170,32,177,-86,15,-164,156
-46,167,31,176,-87,14,-166,152
-47,164,30,175,-87,13,-164,146
-48,160,30,174,-87,12,-166,142
-48,156,30,175,-87,10,-166,139
-49,152,30,175,-88,9,-166,135
-50,148,30,175,-87,6,-167,133
-50,144,30,175,-86,3,-168,126
-51,141,30,174,-84,1,-168,124
-52,140,29,174,-83,0,-169,122
-53,138,29,173,-83,0,-170,120
-55,137,29,174,-84,-1,-172,119
-55,136,28,173,-86,-2,-172,118
-55,134,28,173,-86,-3,-172,117
-54,133,26,172,-85,-4,-170,115
-54,133,26,171,-84,-6,-170,115
-54,134,26,171,-83,-7,-172,117
-55,136,26,172,-83,-8,-172,118
-56,136,26,172,-83,-9,-173,119
-56,136,26,171,-84,-10,-173,118
-55,136,26,171,-84,-12,-172,118
-54,136,26,171,-84,-14,-170,118
-53,137,27,172,-83,-14,-169,120
-52,140,27,173,-83,-14,-169,122
-53,141,28,173,-84,-15,-169,124
-54,142,28,172,-84,-17,-170,125
-54,142,27,171,-84,-19,-170,124
-54,142,27,170,-84,-19,-168,125
-53,144,27,169,-84,-18,-168,126
-52,147,28,170,-84,-18,-167,129
-52,149,28,171,-84,-18,-169,131
-51,150,29,173,-84,-20,-168,133
-51,149,29,173,-84,-22,-168,131
-52,149,28,174,-84,-23,-169,131
-52,149,29,174,-84,-24,-169,131
-51,149,30,174,-84,-24,-168,131
-51,149,30,175,-84,-23,-168,131
-52,149,30,175,-84,-23,-169,131
-53,148,30,175,-84,-24,-169,130
-54,146,30,175,-84,-24,-170,129
-54,144,30,175,-84,-23,-172,126
-54,140,30,175,-84,-23,-172,123
-55,137,30,175,-84,-23,-172,120
-56,134,30,175,-84,-24,-173,117
-58,130,30,175,-84,-25,-175,115
-60,126,30,175,-84,-25,-177,108
-61,122,29,174,-84,-25,-178,103
-62,117,27,172,-84,-24,-179,100
-64,113,26,171,-84,-23,-180,95
-66,110,26,171,-84,-23,-183,92
-68,106,26,172,-84,-23,-184,89
-69,102,26,172,-84,-25,-185,85
-70,97,25,170,-84,-27,-186,80
-70,92,24,169,-84,-28,-184,74
-70,88,23,168,-84,-28,-184,68
-71,84,22,168,-84,-27,-184,64
-73,82,23,168,-84,-27,-186,62
-75,81,23,168,-84,-27,-189,61
-76,81,23,168,-84,-26,-189,61
-76,81,23,168,-84,-25,-190,61
-76,81,22,167,-84,-24,-190,61
-76,81,20,166,-84,-23,-189,61
-76,81,19,165,-84,-23,-189,61
-76,80,19,164,-84,-24,-189,59
-76,81,19,165,-84,-24,-190,61
-76,82,19,165,-84,-23,-190,62
-76,84,19,165,-84,-23,-190,64
-76,86,19,165,-84,-24,-189,65
-75,89,19,164,-84,-24,-189,68
-74,91,19,165,-84,-23,-187,72
-73,95,21,166,-84,-22,-186,74
-71,98,21,167,-84,-20,-185,78
-69,103,21,167,-84,-18,-183,83
-67,106,21,166,-84,-18,-181,86
-66,109,21,166,-84,-19,-180,89
-65,112,21,167,-84,-19,-179,92
-65,115,22,168,-84,-17,-179,95
-64,119,23,168,-84,-15,-178,98
-62,122,24,169,-83,-14,-175,102
-60,127,25,170,-83,-14,-177,109
-58,131,26,171,-83,-14,-175,113
-56,134,27,172,-83,-12,-173,117
-55,135,26,171,-83,-10,-172,118
-54,137,26,171,-83,-9,-170,119
-54,138,26,171,-83,-9,-170,120
-53,141,27,172,-83,-9,-170,123
-52,143,29,174,-83,-7,-169,125
-51,144,30,175,-83,-6,-168,126
-50,145,30,175,-83,-4,-167,130
-49,144,30,175,-83,-3,-166,126
-49,144,30,175,-83,-2,-167,126
-49,144,30,175,-83,0,-167,126
-48,145,30,175,-83,0,-166,128
-46,146,30,175,-83,0,-163,129
-45,147,30,175,-83,0,-162,129
-45,147,30,175,-83,1,-162,129
-45,147,30,175,-83,3,-162,129
-45,147,30,175,-82,5,-162,129
-45,147,30,175,-82,5,-162,129
-45,147,30,175,-82,5,-162,129
-46,146,30,175,-82,6,-163,129
-48,145,30,175,-82,8,-166,128
-49,144,30,175,-82,9,-166,126
-50,144,30,175,-82,10,-167,126
-49,144,30,175,-82,11,-167,126
-49,144,30,175,-82,13,-166,126
-49,144,30,175,-82,14,-166,126
-49,144,30,174,-82,15,-167,126
-49,144,29,174,-82,15,-166,126
-49,144,28,174,-82,14,-166,126
-49,144,28,175,-82,14,-169,126
-50,144,27,175,-82,16,-170,126
-51,144,27,174,-82,18,-168,126
-51,144,26,172,-81,20,-168,126
-51,144,26,171,-81,20,-168,126
-52,143,26,171,-82,19,-169,125
-53,143,26,171,-82,19,-169,125
-53,143,26,172,-82,19,-170,125
-53,143,28,173,-81,21,-170,125
-52,143,29,173,-81,23,-169,125
-50,144,29,174,-81,24,-168,126
-51,145,28,173,-81,24,-168,128
-53,147,26,172,-81,24,-169,129
-54,148,25,172,-81,24,-172,130
-54,148,24,173,-81,25,-172,128
-54,148,25,173,-81,26,-170,130
-54,149,27,173,-81,27,-170,131
-54,151,29,174,-81,28,-172,134
-55,153,30,175,-81,29,-172,135
-54,154,30,175,-81,29,-172,139
-54,154,30,175,-81,29,-170,136
-54,153,30,175,-81,28,-170,136
-54,153,30,175,-81,29,-170,136
-54,153,30,175,-81,31,-170,135
-54,153,30,175,-81,32,-172,136
-54,154,30,175,-81,34,-170,136
-54,153,30,175,-81,34,-170,135
-53,152,30,175,-81,34,-170,135
-53,151,30,175,-81,34,-170,134
-52,150,30,175,-82,34,-169,133
-52,150,30,175,-83,34,-169,135
-52,150,30,175,-83,34,-169,133
-51,149,29,173,-81,35,-168,131
-51,148,27,172,-80,36,-168,130
-51,145,26,172,-80,37,-168,128
-53,144,27,172,-80,38,-169,126
-54,142,29,173,-82,38,-170,124
-53,141,29,174,-84,38,-170,123
-52,139,28,173,-85,37,-169,122
-51,138,26,172,-85,38,-168,120
-52,137,26,171,-84,39,-169,120
-54,136,26,171,-83,39,-170,118
-55,135,26,172,-82,39,-172,117
-54,133,26,172,-80,39,-170,115
-54,132,26,172,-80,39,-170,114
-54,130,26,171,-81,39,-170,113
-55,129,25,171,-82,39,-172,111
-56,126,25,170,-83,39,-173,108
-57,124,24,169,-82,40,-174,107
-58,123,24,169,-80,42,-173,103
-59,121,23,168,-80,43,-173,101
-58,120,22,168,-80,44,-172,100
-57,118,22,169,-82,44,-172,98
-58,117,23,168,-82,44,-172,97
-60,117,24,167,-82,44,-174,100
-62,116,25,166,-81,43,-173,98
-64,115,25,166,-80,44,-175,98
-65,114,24,166,-80,43,-179,96
-65,113,24,167,-80,43,-179,95
-65,110,24,166,-80,43,-179,92
-65,108,25,166,-80,43,-177,91
-66,108,24,166,-80,43,-180,90
-68,107,24,167,-80,43,-181,90
-68,107,24,167,-80,43,-183,90
-69,106,23,168,-80,44,-184,86
-70,104,23,168,-80,44,-184,84
-71,102,24,167,-80,44,-184,84
-70,101,25,166,-80,43,-181,83
-70,100,26,164,-80,43,-181,83
-70,101,26,164,-80,44,-181,83
-70,101,26,165,-80,45,-181,83
-70,101,25,166,-80,47,-181,83
-70,101,25,166,-80,48,-181,83
-70,100,25,165,-80,49,-181,83
-69,99,25,164,-80,49,-180,81
-68,98,25,163,-80,48,-179,80
-68,97,25,164,-80,48,-180,80
-69,98,24,165,-80,48,-180,80
-69,99,23,166,-80,49,-183,81
-68,100,23,166,-80,48,-179,83
-68,101,24,165,-80,48,-179,83
-68,101,25,165,-80,48,-180,83
-70,101,24,165,-80,48,-181,83
-70,101,23,166,-80,48,-184,80
-70,100,22,167,-80,48,-184,80
-70,100,22,166,-80,48,-184,80
-70,100,22,164,-80,48,-181,83
-70,101,23,164,-80,49,-181,83
-69,101,23,166,-80,48,-183,84
-67,102,22,168,-80,48,-180,81
-66,103,21,168,-80,48,-179,83
-65,103,20,166,-80,49,-179,83
-65,103,19,165,-80,49,-179,83
-66,103,19,164,-80,48,-179,83
-66,103,19,165,-80,47,-179,83
-66,103,19,165,-80,47,-179,83
-65,103,19,165,-80,47,-179,83
-65,102,20,165,-80,48,-179,83
-65,103,20,164,-80,47,-177,83
-66,104,21,163,-80,47,-178,84
-67,106,20,164,-80,46,-179,86
-68,107,19,164,-80,46,-181,86
-68,107,19,165,-80,47,-181,87
-68,107,20,166,-80,47,-181,86
-68,107,22,167,-80,48,-181,87
-68,108,22,168,-80,49,-183,87
-69,109,23,169,-80,49,-184,89
-69,110,23,168,-80,49,-183,90
-68,111,24,167,-80,48,-183,93
-67,113,24,167,-80,47,-181,95
-66,114,24,167,-80,46,-180,96
-66,114,23,168,-80,46,-180,93
-66,114,23,168,-80,46,-180,93
-65,114,24,167,-80,47,-179,96
-63,115,25,166,-80,46,-174,97
-61,116,25,166,-80,45,-173,98
-61,116,25,166,-80,44,-173,98
-61,116,25,166,-80,45,-173,98
-62,116,26,165,-80,45,-174,98
-62,116,26,165,-80,45,-173,98
-60,116,25,166,-80,44,-172,98
-59,118,26,167,-80,43,-173,100
-58,119,27,167,-80,43,-172,102
-58,122,27,166,-80,43,-170,104
-59,122,28,166,-80,44,-172,107
-60,123,28,166,-80,45,-172,108
-60,122,29,167,-80,46,-172,107
-59,122,29,168,-80,45,-172,107
-60,122,29,168,-80,44,-172,107
-60,122,29,167,-80,43,-172,107
-59,122,28,166,-80,43,-172,107
-58,123,28,167,-80,43,-169,108
-56,124,29,168,-80,44,-168,109
-56,126,30,168,-80,44,-168,111
-57,128,30,168,-80,43,-169,113
-57,129,29,168,-80,43,-169,114
-57,130,29,168,-80,43,-168,114
-55,130,29,168,-80,43,-167,115
-54,131,30,168,-80,43,-166,117
-53,133,29,168,-80,43,-166,118
-53,134,28,169,-80,43,-167,117
-51,136,28,170,-80,43,-166,118
-51,137,28,171,-80,43,-166,119
-51,137,28,171,-80,43,-166,120
-51,138,28,172,-80,43,-168,120
-51,140,28,173,-80,43,-168,123
-50,143,28,173,-80,43,-167,125
-49,144,27,173,-80,43,-167,126
-49,145,27,172,-80,43,-166,128
-49,144,27,172,-80,43,-166,126
-49,144,27,172,-80,43,-167,126
-50,146,29,173,-80,43,-167,128
-51,148,30,175,-80,43,-168,130
-51,149,30,175,-80,43,-168,134
-50,150,30,175,-80,43,-168,133
-50,151,30,175,-80,43,-168,134
-52,152,30,175,-80,43,-169,135
-53,153,30,175,-80,43,-170,136
-54,154,30,175,-80,43,-172,136
-54,153,30,175,-80,43,-172,136
-54,153,30,175,-80,43,-170,135
-54,153,30,174,-80,43,-170,136
-54,153,29,174,-80,44,-170,136
-54,153,29,174,-80,44,-172,136
-54,153,29,173,-80,43,-172,136
-54,153,28,173,-80,43,-170,135
-54,152,28,173,-80,43,-170,135
-53,151,28,173,-80,44,-170,134
-52,150,28,173,-80,45,-169,133
-52,150,29,173,-80,45,-169,133
-51,150,28,173,-80,46,-168,133
-52,149,26,172,-80,46,-169,131
-53,148,26,171,-80,45,-169,130
-54,146,26,171,-80,45,-170,129
-54,144,26,172,-80,44,-172,126
-54,142,26,172,-80,43,-170,124
-53,141,26,171,-80,43,-170,123
-52,140,26,171,-80,43,-169,122
-51,138,26,171,-80,44,-168,120
-50,137,26,171,-80,44,-167,119
-51,135,26,171,-80,43,-168,117
-52,132,26,171,-80,43,-169,114
-52,130,26,171,-80,43,-169,113
-52,128,26,171,-80,43,-169,111
-51,127,26,171,-80,44,-168,109
-51,127,26,171,-80,44,-168,109
-51,127,26,171,-80,43,-168,109
-50,127,26,172,-80,42,-167,109
-51,126,26,172,-80,40,-168,108
-51,125,26,171,-80,39,-168,107
-52,125,27,170,-80,38,-167,107
-52,126,28,170,-80,39,-166,108
-51,127,27,170,-80,39,-166,109
-51,129,27,171,-80,39,-168,112
-52,130,26,172,-80,39,-169,113
-54,131,27,171,-80,39,-170,113
-54,133,27,170,-80,39,-168,115
-53,135,28,169,-80,39,-168,118
-52,137,30,170,-80,39,-167,123
-52,140,32,170,-80,39,-167,124
-53,141,32,170,-80,39,-167,126
-53,142,31,171,-81,39,-168,128
-54,144,31,172,-81,39,-168,129
-53,147,32,172,-80,39,-167,131
-52,149,33,172,-79,39,-167,134
-50,151,34,171,-79,39,-166,139
-50,154,33,171,-78,39,-166,139
-50,155,32,173,-76,39,-167,140
-50,156,31,173,-76,39,-167,141
-50,156,31,173,-76,39,-167,141
-48,156,32,173,-78,39,-166,141
-46,157,32,173,-79,39,-162,142
-45,158,31,173,-79,39,-162,142
-44,158,30,174,-79,37,-162,144
-45,158,29,175,-77,36,-166,140
-46,157,30,175,-76,36,-164,140
-48,156,30,175,-75,36,-166,139
-50,156,30,175,-75,37,-167,139
-50,155,30,175,-76,37,-167,137
-50,154,30,175,-76,35,-168,136
-50,151,30,175,-76,34,-168,133
-51,148,30,175,-76,33,-168,133
-51,145,31,174,-76,34,-168,130
-52,143,31,172,-75,35,-167,128
-54,140,29,170,-75,36,-168,125
-54,136,28,170,-75,35,-169,119
-55,133,27,171,-76,34,-172,115
-56,130,27,171,-76,33,-173,112
-57,127,27,170,-76,33,-170,109
-56,124,27,168,-76,34,-170,107
-57,121,26,167,-76,34,-172,103
-58,118,25,168,-76,34,-172,100
-60,115,24,169,-76,33,-174,95
-61,112,23,170,-76,33,-178,92
-62,109,23,169,-76,34,-177,89
-62,106,24,167,-75,35,-175,89
-62,103,25,165,-75,36,-173,85
-63,100,26,165,-75,35,-174,83
-65,98,26,164,-76,34,-177,80
-66,97,27,165,-76,33,-178,79
-67,95,26,164,-76,33,-178,76
-66,93,25,164,-76,33,-178,75
-67,91,22,163,-76,34,-178,74
-68,90,21,163,-76,34,-179,69
-69,90,22,163,-76,33,-180,72
-70,90,24,163,-76,33,-181,72
-70,90,25,163,-76,33,-181,72
-70,90,25,163,-76,33,-181,72
-71,89,23,162,-76,33,-180,72
-71,88,22,162,-76,33,-180,70
-70,87,22,161,-76,33,-179,69
-69,87,22,161,-76,33,-178,69
-68,88,23,161,-76,33,-178,70
-69,89,23,161,-76,33,-178,70
-70,89,23,161,-76,33,-179,72
-70,90,22,161,-76,33,-179,72
-70,90,22,161,-76,33,-179,72
-69,90,23,161,-76,33,-178,72
-70,89,24,162,-76,33,-181,72
-70,90,25,163,-76,34,-181,72
-70,90,25,164,-76,34,-181,72
-68,90,25,163,-76,33,-180,73
-66,91,25,164,-76,33,-178,73
-65,92,26,164,-76,33,-177,74
-66,93,26,165,-76,34,-177,75
-67,95,26,165,-75,35,-179,78
-68,96,26,164,-75,36,-179,79
-67,97,26,164,-75,35,-178,79
-65,98,26,164,-76,34,-175,80
-63,98,26,164,-76,33,-174,81
-63,99,26,164,-76,33,-174,81
-64,100,26,164,-75,35,-175,83
-65,100,26,164,-75,38,-175,83
-65,101,26,165,-75,38,-177,83
-65,102,26,165,-75,37,-177,84
-65,103,26,164,-75,36,-177,85
-66,103,26,164,-75,36,-178,85
-66,103,26,164,-75,36,-178,85
-66,103,25,165,-75,36,-177,85
-66,102,25,166,-75,36,-177,84
-65,103,25,166,-75,35,-177,85
-65,105,25,166,-75,37,-177,87
-64,108,25,165,-75,38,-175,90
-64,109,26,164,-75,39,-175,91
-63,109,26,164,-75,37,-175,92
-64,110,25,165,-75,36,-175,92
-65,111,25,166,-75,37,-177,92
-65,112,25,166,-75,38,-177,95
-66,114,25,166,-75,39,-178,96
-65,115,25,165,-75,39,-177,97
-63,115,26,164,-75,38,-174,98
-62,116,26,164,-75,38,-173,98
-62,116,26,165,-75,38,-173,98
-61,116,26,165,-75,39,-173,98
-60,116,26,165,-75,38,-172,98
-59,118,26,164,-75,38,-170,100
-58,120,26,164,-75,38,-169,102
-59,122,26,165,-75,38,-170,104
-59,123,27,166,-75,38,-170,106
-59,123,27,166,-75,38,-170,108
-58,124,27,165,-75,38,-169,106
-58,125,26,165,-75,39,-169,108
-58,127,27,165,-75,39,-170,109
-57,129,28,167,-75,39,-169,114
-56,130,29,168,-75,38,-168,115
-54,131,30,168,-75,38,-166,115
-54,133,30,168,-75,39,-166,118
-55,134,29,168,-75,40,-167,119
-55,135,29,168,-75,41,-167,120
-54,137,29,168,-75,42,-167,122
-54,139,29,168,-75,42,-166,124
-53,141,29,168,-75,42,-164,126
-53,142,29,168,-75,41,-166,128
-54,143,29,168,-75,42,-166,128
-54,142,29,168,-75,42,-167,128
-54,142,29,168,-75,43,-166,128
-52,143,29,168,-75,43,-167,128
-50,144,28,169,-75,43,-166,129
-50,145,28,169,-75,43,-164,128
-49,145,28,169,-75,43,-163,130
-48,143,29,168,-75,43,-163,128
-47,141,29,168,-75,43,-159,126
-47,141,29,168,-75,43,-159,125
-47,141,29,168,-75,43,-159,126
-47,142,29,168,-75,43,-159,126
-48,142,30,168,-75,43,-159,126
-48,140,29,168,-75,43,-161,125
-50,138,28,169,-75,43,-164,120
-51,138,27,170,-75,43,-166,120
-52,138,27,170,-75,43,-167,120
-52,138,28,169,-75,43,-167,120
-51,138,28,169,-75,43,-166,120
-50,137,28,169,-75,43,-166,122
-51,134,29,169,-75,43,-166,119
-52,132,29,168,-75,43,-167,117
-53,131,29,168,-75,43,-166,115
-54,131,29,168,-75,43,-166,115
-53,131,29,168,-75,43,-166,117
-53,131,29,168,-75,43,-164,117
-53,132,29,168,-75,43,-166,117
-54,132,29,168,-75,43,-166,117
-54,131,29,168,-75,43,-166,115
-54,129,29,168,-75,43,-167,114
-54,127,30,168,-75,43,-166,112
-54,125,30,168,-75,43,-166,111
-55,125,29,168,-75,43,-167,109
-57,124,29,167,-75,43,-168,109
-59,124,27,166,-75,43,-170,106
-59,123,26,165,-75,43,-170,106
-59,121,25,164,-75,43,-172,103
-60,119,26,165,-75,43,-172,101
-60,117,26,165,-75,43,-172,100
-61,115,26,164,-75,43,-172,97
-61,113,26,165,-75,43,-172,96
-61,111,25,166,-75,43,-172,93
-61,108,24,167,-75,43,-175,91
-62,106,24,167,-75,43,-175,89
-63,104,25,166,-75,43,-178,86
-64,103,26,165,-75,43,-175,85
-65,102,25,163,-75,42,-175,84
-65,100,24,162,-75,42,-173,83
-65,97,22,162,-75,42,-174,80
-65,95,22,161,-75,41,-174,78
-66,93,22,161,-75,40,-175,76
-66,92,23,161,-75,39,-174,75
-65,92,23,161,-75,38,-174,74
-65,90,22,161,-75,38,-173,73
-65,89,22,161,-75,39,-174,72
-67,87,22,161,-75,39,-175,69
-68,86,23,161,-75,39,-177,68
-68,86,22,161,-75,38,-178,69
-68,87,21,163,-75,38,-179,67
-68,88,20,164,-75,38,-180,68
-68,88,20,164,-75,38,-180,68
-68,87,21,162,-75,39,-179,67
-68,87,22,161,-75,38,-177,69
-68,86,23,161,-75,38,-177,69
-68,86,21,162,-75,39,-179,67
-68,86,21,163,-75,39,-179,65
-67,85,20,163,-75,39,-178,64
-67,85,21,163,-75,38,-178,64
-68,86,21,162,-75,37,-179,65
-68,87,22,161,-75,37,-177,69
-68,87,22,161,-75,36,-177,69
-68,86,22,161,-75,36,-177,69
-68,85,22,161,-75,37,-177,68
-68,85,22,161,-75,38,-177,67
-68,85,22,161,-75,38,-177,68
-67,85,22,161,-75,37,-175,68
-66,84,22,161,-75,35,-175,67
-66,82,22,161,-76,33,-174,64
-66,80,22,161,-76,33,-175,63
-68,79,22,161,-75,35,-177,61
-69,79,22,161,-75,36,-178,61
-70,79,22,161,-75,35,-179,61
-69,79,22,161,-76,34,-178,61
-69,79,22,161,-76,34,-178,61
-69,79,22,161,-75,35,-178,61
-70,79,22,161,-75,35,-178,61
-70,79,22,161,-75,35,-178,61
-68,77,22,161,-75,34,-177,59
-66,76,22,161,-75,35,-175,58
-66,75,22,161,-75,35,-174,58
-66,76,22,161,-75,36,-175,58
-67,78,22,161,-75,36,-175,61
-67,80,22,161,-75,36,-175,63
-65,81,22,161,-75,36,-174,64
-65,81,22,161,-75,34,-173,64
-65,81,22,161,-76,34,-173,63
-65,81,22,161,-75,35,-174,63
-66,82,22,161,-75,36,-174,64
-66,84,22,161,-75,37,-175,67
-66,86,22,161,-75,37,-175,68
-65,88,22,161,-75,37,-174,70
-65,90,22,161,-75,38,-174,73
-65,93,22,161,-75,39,-173,76
-64,97,23,161,-75,39,-173,79
-63,100,23,161,-75,39,-172,83
-62,104,22,161,-75,38,-172,86
-62,106,22,161,-75,38,-170,89
-62,109,23,161,-75,39,-170,91
-61,112,24,162,-75,40,-170,95
-60,115,25,164,-75,42,-172,97
-59,119,26,164,-75,43,-170,101
-58,123,26,165,-75,44,-170,106
-57,129,26,165,-75,43,-169,112
-55,134,26,164,-75,43,-167,117
-53,139,26,164,-75,43,-166,122
-52,142,26,164,-75,45,-164,124
-51,145,26,165,-75,47,-163,128
-50,150,27,166,-75,48,-163,135
-49,154,29,167,-75,48,-161,139
-47,157,29,168,-75,48,-159,142
-46,159,29,168,-75,50,-158,145
-45,162,30,168,-75,52,-158,147
-45,165,31,169,-75,53,-159,150
-44,168,32,170,-75,53,-158,153
-43,171,33,171,-75,53,-158,156
-42,173,34,172,-74,54,-157,161
-41,175,33,171,-74,56,-157,159
-40,177,33,171,-74,58,-156,162
-38,179,33,171,-74,58,-153,164
-37,180,34,172,-74,58,-152,168
-36,183,35,172,-74,58,-151,170
-36,185,35,173,-74,58,-151,173
-35,187,34,172,-74,57,-151,175
-34,189,33,171,-74,58,-150,174
-34,191,33,171,-74,59,-150,177
-32,194,34,172,-74,61,-148,181
-31,197,36,173,-74,63,-146,184
-30,199,37,175,-74,63,-146,186
-29,201,37,175,-74,63,-145,189
-29,204,37,175,-74,63,-145,191
-29,207,37,174,-74,63,-145,195
-28,210,37,174,-74,62,-144,197
-26,213,37,175,-74,63,-141,200
-24,215,37,175,-74,64,-140,203
-23,217,37,174,-74,66,-139,206
-23,220,36,174,-74,68,-140,208
-24,223,37,175,-74,68,-140,211
-24,226,38,176,-74,68,-142,214
-24,228,39,177,-74,68,-142,216
-23,230,40,177,-74,67,-142,220
-23,231,39,177,-74,68,-141,219
-22,233,39,177,-74,69,-141,220
-21,234,39,177,-73,71,-140,222
-21,236,40,177,-73,72,-140,227
-20,236,40,178,-73,73,-139,227
-20,236,40,178,-73,73,-139,227
-20,235,40,178,-73,72,-139,225
-20,234,40,178,-73,72,-139,224
-20,232,40,178,-73,73,-139,223
-21,230,40,178,-73,74,-139,220
-21,227,41,178,-73,74,-140,218
-22,224,40,178,-73,74,-140,214
-22,222,39,177,-73,75,-140,209
-23,218,38,175,-73,76,-141,206
-25,213,37,175,-73,77,-141,201
-27,207,37,174,-73,78,-142,195
-29,200,37,174,-73,78,-145,187
-31,193,36,173,-73,77,-146,180
-33,186,34,172,-73,77,-148,174
-35,180,33,171,-73,78,-150,166
-37,174,33,171,-73,78,-152,159
-39,167,33,171,-73,77,-153,152
-40,159,32,170,-73,75,-155,145
-41,150,31,169,-73,74,-156,135
-43,142,30,168,-73,74,-156,128
-46,135,29,168,-73,76,-158,119
-49,128,29,167,-73,78,-161,113
-51,122,27,166,-74,78,-163,107
-52,116,26,164,-73,76,-163,98
-53,109,25,164,-72,74,-164,92
-55,103,23,163,-70,72,-167,85
-57,98,23,161,-70,72,-166,80
-59,94,22,159,-72,72,-168,76
-61,90,22,156,-73,73,-168,73
-63,86,22,154,-74,73,-167,69
-64,83,23,154,-74,73,-168,65
-65,81,22,155,-73,72,-169,64
-65,81,21,155,-73,71,-172,63
-65,81,21,156,-73,69,-172,63
-66,80,20,156,-74,70,-172,63
-67,80,21,156,-73,71,-173,62
-68,81,21,155,-73,71,-174,63
-69,83,22,155,-73,70,-173,65
-69,86,22,154,-74,68,-173,68
-69,88,23,154,-74,67,-173,70
-68,90,22,155,-74,68,-173,73
-68,93,21,155,-74,68,-174,75
-67,97,20,156,-74,68,-173,76
-65,101,20,157,-74,68,-172,80
-65,103,21,158,-74,68,-172,86
-64,106,23,159,-74,68,-173,89
-64,109,24,159,-74,68,-173,91
-63,113,25,159,-74,68,-172,95
-61,116,25,159,-74,68,-168,98
-60,119,25,159,-74,68,-167,102
-59,121,24,159,-74,68,-166,103
-59,123,25,159,-74,68,-166,106
-58,123,26,159,-74,68,-166,108
-57,124,28,160,-74,68,-164,109
-56,125,29,161,-74,68,-163,109
-56,124,30,161,-74,68,-163,109
-57,124,29,161,-74,68,-167,108
-58,124,28,162,-74,66,-167,108
-59,123,28,162,-74,64,-168,108
-59,122,28,163,-74,63,-168,107
-59,119,28,163,-74,62,-169,103
-60,116,28,162,-74,63,-169,101
-60,113,28,160,-74,63,-167,98
-60,109,27,159,-74,63,-167,95
-61,105,25,159,-74,63,-168,87
-63,100,24,159,-74,63,-172,83
-64,96,25,159,-74,61,-170,79
-65,93,25,157,-74,59,-170,76
-65,91,23,156,-74,58,-172,74
-65,88,21,155,-74,57,-172,70
-66,84,21,155,-74,58,-173,67
-68,79,21,155,-74,58,-174,62
-69,75,22,155,-74,58,-175,57
-71,72,22,154,-74,57,-174,54
-72,69,22,154,-74,54,-175,52
-73,67,22,154,-75,53,-177,50
-73,66,22,155,-75,53,-177,48
-73,65,22,155,-75,53,-177,47
-75,65,21,153,-75,54,-178,47
-76,64,20,152,-75,53,-180,46
-78,63,19,151,-75,52,-181,46
-78,63,18,151,-75,50,-181,45
-78,63,19,151,-75,48,-181,45
-78,63,19,151,-75,48,-181,45
-78,63,19,151,-75,48,-181,45
-78,63,19,151,-75,48,-181,45
-78,63,19,151,-75,48,-181,45
-78,63,19,151,-75,48,-181,46
-78,63,19,151,-75,47,-181,46
-78,63,19,151,-75,46,-181,45
-78,63,19,151,-75,45,-181,45
-78,63,19,151,-75,44,-181,46
-77,65,19,151,-75,43,-180,47
-76,67,19,151,-75,43,-179,50
-75,68,19,151,-75,43,-179,51
-75,68,19,151,-75,43,-179,51
-75,69,20,152,-75,43,-179,51
-75,69,20,152,-75,43,-179,52
-75,70,20,152,-74,43,-178,52
-73,71,20,152,-73,43,-177,53
-72,72,21,153,-74,42,-175,54
-72,73,22,154,-75,41,-175,56
-72,76,22,154,-76,41,-175,58
-71,78,21,153,-76,40,-174,61
-70,79,21,153,-75,39,-174,62
-69,79,21,153,-74,38,-173,61
-68,79,22,154,-73,38,-172,62
-67,80,22,154,-73,39,-170,63
-65,83,22,154,-73,39,-168,65
-63,86,22,154,-73,39,-167,68
-63,87,22,154,-74,38,-167,70
-63,88,22,154,-75,38,-167,70
-63,88,22,154,-75,38,-167,70
-63,89,22,154,-76,39,-167,72
-61,92,22,154,-76,39,-166,74
-60,95,22,154,-75,38,-164,78
-59,97,22,154,-76,37,-163,80
-58,100,22,154,-76,36,-162,83
-57,101,22,154,-75,36,-161,84
-56,103,22,154,-74,35,-161,85
-56,104,23,155,-74,34,-159,87
-56,105,23,155,-75,33,-161,87
-57,107,24,155,-74,33,-163,90
-57,109,23,155,-73,34,-161,91
-56,112,24,156,-71,33,-162,95
-56,115,25,156,-71,33,-162,100
-57,117,25,157,-72,33,-163,102
-57,118,26,158,-75,33,-164,103
-57,118,26,158,-76,33,-164,103
-56,119,26,158,-75,33,-163,103
-55,121,26,158,-73,33,-162,106
-55,123,26,158,-72,33,-162,108
-56,126,25,158,-73,33,-163,111
-56,129,25,158,-74,33,-163,114
-54,131,26,158,-73,33,-162,115
-52,133,28,158,-73,33,-159,118
-50,133,30,159,-73,33,-157,120
-49,133,30,160,-73,33,-156,120
-49,134,30,161,-72,34,-156,119
-48,136,29,161,-72,34,-158,122
-47,138,29,161,-71,33,-155,124
-47,140,29,161,-71,33,-155,125
-47,141,29,161,-71,33,-155,126
-48,142,29,161,-71,34,-155,128
-47,144,29,161,-71,36,-155,129
-46,146,29,161,-71,37,-153,131
-45,147,29,161,-71,37,-152,133
-45,147,29,161,-71,35,-152,133
-45,148,29,161,-71,33,-152,134
-46,151,29,161,-71,33,-153,136
-44,153,29,161,-71,35,-152,139
-43,153,29,161,-71,36,-150,137
-41,151,29,161,-71,36,-148,136
-40,149,29,161,-71,35,-147,134
-40,148,29,161,-71,35,-147,134
-41,150,29,161,-71,36,-148,135
-43,153,29,161,-71,38,-150,137
-43,154,29,161,-71,39,-151,139
-42,153,29,161,-71,38,-150,137
-41,150,29,161,-71,38,-148,135
-42,149,29,161,-71,38,-150,134
-43,148,29,161,-71,38,-151,133
-45,147,29,161,-71,38,-152,131
-46,145,29,161,-71,38,-156,130
-46,143,30,161,-71,38,-153,128
-47,140,29,161,-71,38,-155,125
-47,138,28,160,-71,38,-155,123
-49,136,26,159,-71,38,-156,122
-50,133,25,159,-71,38,-157,117
-51,131,24,159,-71,38,-158,113
-53,128,25,159,-71,38,-161,111
-55,124,26,159,-72,39,-162,108
-57,120,26,158,-73,38,-163,106
-57,117,25,156,-72,38,-163,102
-57,114,23,155,-71,38,-161,96
-57,111,22,155,-71,38,-162,93
-59,108,23,155,-71,39,-163,91
-61,106,24,155,-71,38,-167,89
-62,103,23,156,-71,37,-168,85
-62,99,22,156,-71,35,-168,81
-62,96,21,156,-72,34,-168,79
-63,93,21,155,-73,33,-169,75
-63,91,21,154,-72,33,-167,73
-64,89,20,152,-72,34,-168,72
-64,88,19,151,-72,34,-168,70
-65,86,18,151,-72,34,-168,69
-65,85,19,151,-72,33,-169,67
-66,83,19,151,-72,33,-169,65
-65,81,18,151,-72,33,-169,63
-65,81,18,152,-72,33,-169,61
-65,81,17,152,-73,33,-168,61
-65,81,18,152,-73,33,-168,61
-65,81,18,151,-73,33,-168,63
-65,81,19,151,-73,33,-169,63
-66,82,18,151,-74,33,-169,64
-66,84,19,151,-74,33,-170,67
-66,86,20,152,-73,33,-170,69
-65,88,21,154,-73,33,-169,70
-65,90,22,154,-73,33,-168,73
-64,93,23,155,-73,33,-168,75
-63,94,22,154,-73,33,-167,76
-63,97,22,155,-74,33,-167,80
-63,100,22,155,-75,33,-167,83
-62,103,22,154,-75,33,-166,86
-61,107,23,153,-74,33,-166,91
-60,110,24,151,-73,33,-162,95
-59,113,25,152,-72,33,-161,98
-58,116,24,154,-73,33,-162,101
-57,120,25,157,-75,34,-163,102
-56,123,25,158,-75,34,-163,108
-55,127,27,157,-74,34,-162,112
-54,130,28,155,-73,33,-158,114
-53,131,29,154,-73,33,-155,119
-52,132,29,154,-74,34,-153,120
-51,134,29,154,-74,35,-153,122
-50,137,29,155,-73,36,-156,124
-51,138,30,155,-72,36,-156,125
-52,138,30,155,-72,37,-157,126
-51,138,30,155,-72,38,-156,125
-50,139,31,155,-72,39,-155,126
-48,140,32,156,-73,39,-152,128
-47,140,32,157,-74,39,-152,128
-48,140,32,157,-75,38,-153,128
-50,139,32,156,-74,38,-155,126
-51,138,32,156,-72,38,-156,125
-51,137,32,157,-71,38,-156,124
-50,135,32,157,-70,39,-155,123
-48,134,31,156,-70,41,-153,122
-49,133,31,155,-71,41,-153,120
-50,133,31,155,-70,40,-155,120
-52,132,31,156,-71,39,-156,120
-54,132,31,156,-71,39,-158,119
-55,130,31,155,-72,39,-159,118
-56,128,30,155,-72,42,-161,115
-56,126,29,154,-72,43,-158,114
-56,125,29,154,-71,44,-158,112
-56,124,29,154,-70,43,-158,112
-56,122,29,154,-70,43,-158,109
-56,121,29,154,-70,43,-158,108
-57,119,29,154,-71,43,-158,107
-57,118,29,154,-71,43,-158,106
-56,117,29,154,-70,43,-158,104
-56,115,28,153,-70,44,-158,103
-56,113,27,152,-70,46,-158,98
-57,111,26,151,-70,48,-159,96
-57,109,25,150,-70,48,-159,93
-57,107,25,151,-70,48,-159,92
-57,105,26,151,-70,48,-159,90
-58,103,26,151,-70,48,-159,87
-59,101,25,151,-70,48,-161,86
-59,100,25,151,-70,48,-161,85
-60,99,25,151,-70,48,-161,84
-61,96,25,151,-70,48,-162,81
-62,93,25,151,-70,48,-163,79
-63,91,25,151,-70,48,-164,76
-64,89,26,151,-70,48,-166,74
-65,86,26,151,-70,48,-167,72
-65,84,25,151,-70,48,-167,69
-65,83,25,150,-70,49,-167,68
-65,81,23,148,-70,50,-167,67
-66,80,22,147,-70,51,-164,64
-68,78,22,147,-70,52,-167,63
-69,75,22,147,-70,53,-168,61
-70,72,22,148,-70,53,-169,57
-70,69,22,148,-70,53,-169,53
-70,65,22,147,-70,53,-168,50
-70,61,21,146,-70,53,-168,43
-70,58,20,145,-70,53,-169,40
-72,55,19,144,-70,53,-170,37
-74,52,18,144,-70,53,-173,35
-75,48,18,143,-70,53,-173,30
-75,42,17,143,-70,53,-174,25
-76,36,16,142,-70,53,-172,19
-78,31,16,141,-70,52,-173,14
-80,27,15,141,-70,53,-175,9
-82,22,15,140,-69,54,-178,2
-83,18,15,141,-69,56,-179,0
-85,13,15,140,-69,57,-180,-6
-86,9,14,140,-69,58,-181,-10
-87,5,12,138,-69,58,-183,-14
-88,0,11,137,-69,57,-184,-19
-90,-3,11,137,-69,57,-185,-24
-91,-8,11,137,-69,57,-185,-28
-93,-12,11,138,-69,58,-187,-32
-95,-16,11,138,-70,57,-190,-36
-96,-19,11,137,-70,57,-191,-40
-97,-22,11,136,-69,57,-189,-42
-97,-24,12,133,-69,57,-186,-45
-97,-25,12,132,-69,57,-186,-43
-97,-27,12,131,-70,57,-186,-45
-98,-29,11,131,-71,58,-187,-50
-100,-30,11,131,-71,58,-189,-50
-101,-29,11,131,-71,58,-190,-50
-101,-28,11,131,-70,58,-191,-48
-101,-25,11,131,-71,58,-190,-46
-99,-24,11,131,-72,58,-189,-45
-98,-22,11,130,-72,57,-187,-42
-97,-20,11,130,-72,58,-187,-41
-97,-17,11,131,-72,59,-187,-37
-97,-14,12,131,-73,61,-187,-34
-97,-11,14,133,-74,63,-186,-29
-95,-7,14,134,-74,63,-185,-25
-93,-4,15,134,-75,63,-184,-21
-93,-1,15,134,-74,63,-183,-19
-93,1,14,134,-74,63,-183,-15
-92,4,14,134,-73,63,-183,-13
-91,7,14,133,-72,63,-181,-9
-90,11,15,134,-73,63,-180,-6
-89,14,16,135,-74,63,-179,-2
-87,18,17,136,-74,63,-180,1
-85,22,18,137,-74,63,-178,7
-84,25,18,137,-74,64,-177,10
-83,29,18,137,-74,65,-177,10
-82,32,18,137,-74,66,-175,14
-80,36,19,138,-73,67,-173,20
-78,39,21,140,-72,68,-170,24
-77,43,22,140,-72,68,-170,28
-76,47,22,140,-72,68,-169,32
-75,52,21,140,-73,68,-169,36
-75,55,21,140,-74,68,-168,40
-74,58,23,141,-74,68,-170,43
-73,61,24,143,-74,68,-169,46
-72,65,25,144,-72,68,-168,52
-69,69,25,144,-72,68,-166,56
-68,73,25,145,-71,68,-164,58
-66,76,24,145,-72,68,-162,61
-66,79,24,145,-73,68,-164,64
-66,82,24,145,-74,68,-163,67
-65,85,25,145,-74,68,-162,70
-63,87,25,145,-74,68,-159,72
-60,89,24,145,-74,68,-159,74
-59,91,23,146,-74,68,-158,76
-60,93,22,147,-74,68,-158,78
-60,95,22,148,-74,68,-161,80
-60,95,23,149,-74,68,-161,80
-59,96,23,149,-74,68,-161,80
-59,95,23,148,-74,68,-158,80
-60,95,23,147,-74,68,-158,80
-61,94,23,146,-74,67,-159,79
-61,94,24,145,-74,66,-158,79
-61,94,25,144,-74,65,-158,79
-61,94,25,144,-74,64,-157,81
-61,94,25,144,-74,63,-157,80
-61,95,24,145,-74,63,-158,80
-62,93,23,146,-74,63,-161,79
-63,91,22,147,-74,63,-162,75
-64,89,22,147,-74,63,-163,74
-64,89,22,147,-74,63,-163,74
-65,90,23,147,-74,63,-163,75
-65,90,23,146,-74,63,-163,75
-65,91,24,145,-74,63,-161,75
-65,91,24,145,-74,63,-164,76
-65,91,23,147,-74,63,-164,76
-65,92,22,148,-74,62,-164,76
-65,92,22,148,-74,61,-164,76
-65,93,23,146,-74,60,-163,78
-63,95,24,145,-74,59,-159,80
-61,98,25,144,-74,60,-158,85
-60,101,25,144,-74,60,-157,89
-60,102,25,144,-74,59,-157,90
-61,104,25,144,-74,58,-157,91
-60,106,25,144,-74,58,-157,93
-58,108,25,144,-74,58,-155,96
-56,112,24,145,-74,58,-153,97
-56,115,24,145,-74,58,-152,101
-56,119,25,145,-74,58,-153,104
-55,123,26,145,-74,58,-152,111
-53,127,28,146,-74,58,-150,114
-50,129,29,147,-74,58,-147,117
-49,132,29,147,-74,58,-146,119
-47,134,29,148,-74,58,-147,122
-47,137,28,148,-74,58,-147,124
-46,139,26,149,-74,58,-146,124
-46,142,26,150,-74,58,-148,128
-46,145,28,151,-74,58,-148,133
-43,147,30,151,-74,58,-144,135
-42,149,32,151,-74,58,-142,139
-42,151,32,152,-74,58,-145,139
-42,152,30,153,-74,58,-145,140
-43,154,29,154,-74,58,-147,141
-42,154,29,154,-74,58,-145,142
-40,155,30,153,-74,58,-142,142
-39,157,30,153,-74,58,-142,145
-40,159,30,153,-74,58,-142,146
-41,160,30,154,-74,58,-144,147
-41,161,31,154,-74,58,-144,148
-41,160,32,155,-74,58,-144,148
-40,161,33,154,-74,58,-142,151
-39,161,32,153,-74,58,-142,151
-38,162,32,153,-74,58,-141,150
-37,162,32,154,-74,58,-140,150
-37,162,33,155,-74,58,-140,152
-36,162,35,155,-74,58,-139,153
-37,162,36,154,-74,58,-140,152
-38,162,36,154,-75,58,-141,152
-39,161,36,154,-74,58,-141,151
-38,162,36,154,-74,58,-140,152
-37,162,35,153,-74,58,-137,153
-37,163,34,153,-75,58,-137,153
-38,162,34,152,-75,58,-137,152
-39,159,33,151,-74,58,-139,150
-39,157,33,151,-72,58,-140,147
-39,156,32,150,-71,58,-139,146
-39,155,32,150,-71,58,-139,146
-39,154,32,150,-73,58,-140,145
-40,152,33,151,-75,58,-140,142
-40,149,33,151,-75,58,-140,140
-40,147,32,150,-73,58,-140,137
-40,145,32,150,-71,58,-140,136
-41,144,32,150,-69,58,-141,134
-42,141,33,151,-69,58,-142,131
-43,139,33,151,-69,57,-142,129
-43,135,32,150,-70,57,-142,125
-43,131,31,149,-70,58,-144,122
-44,127,30,148,-69,59,-144,115
-46,124,30,148,-69,61,-145,112
-47,122,30,148,-69,62,-146,109
-48,119,30,148,-69,62,-148,107
-49,116,29,148,-69,61,-148,103
-49,113,29,147,-69,61,-146,101
-49,110,29,147,-70,61,-146,97
-50,107,29,147,-71,61,-146,95
-51,105,28,146,-71,62,-148,92
-54,102,26,145,-71,62,-151,90
-56,98,25,144,-70,63,-153,86
-58,95,25,144,-69,63,-155,80
-58,92,25,144,-69,62,-155,78
-59,90,26,144,-69,62,-156,78
-59,87,27,143,-69,62,-153,75
-60,85,26,140,-69,63,-155,73
-61,84,25,139,-69,63,-155,72
-61,83,23,139,-69,62,-155,69
-61,83,22,139,-69,61,-155,68
-60,82,23,139,-69,59,-155,67
-61,80,22,140,-69,60,-155,65
-62,79,22,140,-69,61,-156,64
-62,78,21,140,-69,61,-156,63
-62,79,22,140,-69,59,-156,64
-63,79,24,138,-69,58,-155,67
-64,80,25,137,-69,59,-156,68
-64,81,24,138,-69,59,-156,69
-62,83,23,139,-69,59,-157,68
-61,83,22,140,-69,58,-156,69
-60,83,23,139,-69,57,-155,69
-61,83,24,138,-69,57,-152,70
-61,83,24,138,-69,57,-152,70
-61,83,24,138,-69,58,-156,72
-61,85,23,139,-69,58,-156,70
-61,85,23,139,-69,57,-156,70
-62,85,24,138,-69,57,-156,73
-62,85,24,138,-69,57,-156,73
-61,85,23,139,-69,57,-156,70
-61,86,22,140,-69,57,-155,72
-60,86,22,140,-69,57,-155,72
-60,85,22,140,-69,57,-155,70
-60,83,23,139,-69,57,-155,69
-61,83,23,139,-69,57,-155,68
-61,83,24,138,-69,57,-153,70
-61,85,25,137,-69,57,-153,73
-60,86,24,138,-69,58,-152,74
-60,85,24,138,-69,57,-151,73
-60,85,24,138,-69,57,-152,73
-61,83,25,137,-69,57,-152,72
-61,83,25,137,-69,58,-152,70
-60,82,25,137,-69,58,-152,69
-59,81,25,137,-69,57,-151,68
-59,80,25,137,-69,56,-151,68
-59,80,25,137,-69,56,-151,68
-59,80,25,137,-69,56,-151,68
-59,79,25,137,-69,57,-150,67
-58,79,25,137,-69,58,-150,67
-58,79,25,137,-69,58,-150,67
-58,79,24,136,-69,57,-150,67
-58,79,24,136,-69,57,-150,67
-58,79,24,136,-69,57,-150,67
-59,79,25,137,-69,58,-151,67
-60,79,25,137,-69,57,-151,67
-60,78,25,137,-69,57,-151,65
-59,78,25,137,-69,57,-151,65
-59,79,25,137,-69,57,-151,67
-60,80,25,137,-69,57,-151,68
-62,81,25,137,-69,57,-153,69
-62,83,25,137,-69,57,-153,70
-61,83,25,137,-69,57,-153,70
-61,83,25,137,-69,57,-152,70
-61,83,25,137,-69,57,-152,70
-61,85,25,137,-69,57,-153,73
-62,86,25,137,-69,57,-155,74
-63,88,25,137,-69,57,-155,75
-64,87,25,137,-69,57,-156,75
-63,87,25,137,-69,57,-155,75
-62,88,25,137,-69,57,-153,75
-61,91,25,137,-69,57,-152,79
-61,93,25,137,-69,57,-152,80
-61,94,25,137,-69,57,-152,81
-61,93,25,137,-69,57,-152,81
-60,93,25,137,-69,57,-152,80
-60,93,25,137,-69,57,-152,80
-61,94,25,137,-69,57,-152,81
-61,94,25,137,-69,57,-153,81
-61,94,25,137,-69,57,-152,83
-60,95,25,137,-69,57,-151,83
-58,96,25,137,-69,57,-150,84
-57,96,25,137,-69,57,-148,84
-56,97,25,137,-69,57,-148,84
-57,96,25,137,-69,57,-148,84
-57,96,25,137,-69,57,-148,84
-57,96,25,137,-69,58,-148,84
-57,96,25,137,-69,58,-148,84
-57,96,26,136,-69,57,-146,84
-57,96,26,136,-69,57,-146,84
-57,97,26,136,-69,57,-148,84
-56,97,25,137,-69,58,-148,85
-55,97,26,136,-69,59,-147,85
-55,97,27,135,-69,60,-145,87
-55,97,28,133,-69,59,-145,87
-57,98,27,133,-69,58,-146,87
-59,99,26,133,-69,58,-148,87
-60,100,25,135,-69,58,-150,87
-59,101,25,136,-69,60,-151,89
-57,102,25,137,-69,61,-150,90
-56,102,25,137,-69,61,-147,90
-55,103,25,137,-69,62,-147,91
-56,102,25,137,-69,63,-148,90
-57,101,25,137,-69,63,-150,89
-58,101,26,136,-69,63,-150,89
-58,101,26,136,-69,63,-147,89
-58,102,26,136,-69,62,-147,90
-57,101,26,135,-69,61,-147,89
-57,100,27,135,-69,61,-146,90
-57,98,27,134,-69,61,-146,89
-56,97,28,134,-69,60,-146,86
-57,96,27,134,-69,60,-146,86
-57,96,27,135,-69,60,-146,86
-57,97,26,136,-69,61,-146,84
-57,97,26,136,-69,61,-146,85
-57,96,25,135,-69,59,-146,84
-56,95,25,134,-69,58,-146,83
-55,93,27,133,-69,58,-145,84
-54,93,28,133,-69,61,-144,83
-54,92,29,133,-69,63,-141,81
-56,91,29,133,-69,63,-142,81
-57,91,28,134,-69,62,-147,81
-59,90,27,135,-69,61,-148,80
-59,90,25,135,-69,61,-148,78
-59,90,24,133,-69,61,-148,78
-59,90,24,132,-69,62,-148,78
-59,90,26,132,-69,61,-146,80
-59,90,27,132,-69,61,-146,80
-59,90,28,132,-70,61,-146,80
-59,90,27,133,-69,62,-146,80
-59,90,27,133,-67,63,-146,80
-59,90,28,133,-66,63,-146,80
-59,90,28,133,-66,62,-146,80
-59,90,28,133,-67,63,-146,80
-59,90,27,132,-69,63,-146,80
-59,90,26,131,-70,62,-146,80
-59,90,26,131,-69,61,-146,80
-58,90,26,131,-69,61,-145,80
-57,91,26,131,-69,61,-144,81
-56,91,26,131,-69,62,-144,81
-57,91,26,131,-69,62,-144,81
-58,90,28,132,-69,61,-145,80
-58,89,28,133,-69,61,-145,79
-57,86,28,133,-69,60,-145,76
-57,85,26,131,-69,60,-144,75
-56,86,25,130,-69,60,-142,73
-56,86,25,130,-69,59,-144,74
-58,85,25,130,-69,59,-145,73
-59,83,25,130,-69,61,-146,73
-59,80,25,130,-69,62,-146,68
-59,79,24,131,-69,63,-145,67
-58,79,23,131,-69,63,-147,67
-58,79,24,131,-69,62,-145,67
-58,79,24,130,-69,62,-145,67
-59,79,25,130,-69,62,-145,67
-59,77,25,130,-69,63,-146,64
-60,74,25,130,-69,62,-146,62
-61,72,25,130,-69,62,-147,61
-61,72,25,130,-69,62,-147,59
-61,72,25,130,-69,62,-147,59
-61,72,25,130,-69,62,-147,61
-61,72,25,130,-69,62,-147,61
-61,72,25,130,-69,63,-147,61
-61,72,25,130,-69,62,-147,61
-61,72,25,130,-69,62,-147,61
-60,72,25,130,-69,62,-147,59
-60,72,25,130,-69,63,-147,59
-61,72,25,130,-69,63,-147,61
-61,74,25,130,-69,62,-148,62
-63,75,25,130,-69,61,-150,63
-63,76,25,130,-69,61,-150,64
-61,77,25,130,-69,61,-148,64
-60,79,25,130,-69,62,-146,69
-59,80,25,129,-69,63,-146,70
-60,82,26,129,-69,63,-144,72
-61,83,27,128,-69,61,-145,73
-61,83,28,127,-69,60,-146,74
-61,83,28,126,-69,59,-145,74
-61,83,28,126,-70,59,-145,73
-61,83,27,127,-70,60,-145,73
-61,83,27,128,-69,61,-145,73
-61,83,27,128,-68,62,-145,73
-61,83,28,126,-66,61,-145,73
-61,83,27,126,-65,59,-142,73
-61,83,27,125,-65,59,-142,73
-61,83,27,126,-64,60,-142,73
-61,83,28,126,-64,62,-145,73
-61,83,28,127,-64,63,-145,73
-61,83,28,127,-65,63,-145,75
-61,83,28,126,-66,63,-145,73
-61,83,28,126,-66,62,-142,73
-61,83,27,126,-66,61,-142,74
-61,84,27,125,-65,60,-142,74
-61,83,28,126,-64,61,-142,73
-61,81,28,126,-64,62,-144,72
-62,79,27,126,-64,63,-145,69
-63,77,27,125,-65,63,-145,67
-63,76,27,126,-65,62,-145,67
-63,76,28,126,-65,61,-147,67
-62,75,28,126,-65,60,-146,65
-61,74,27,126,-64,61,-142,64
-61,72,26,124,-64,62,-142,63
-61,71,25,123,-64,62,-144,61
-63,70,24,123,-65,62,-145,59
-64,68,25,123,-66,62,-146,58
-64,67,25,123,-66,62,-146,57
-63,67,25,123,-66,62,-145,57
-62,66,25,123,-65,62,-144,56
-63,65,25,123,-64,62,-145,56
-63,65,25,123,-64,62,-145,56
-64,65,25,123,-64,62,-146,54
-65,65,25,123,-65,62,-147,54
-66,64,25,123,-65,62,-147,54
-66,63,25,123,-64,62,-147,53
-66,61,25,123,-64,62,-147,52
-66,61,25,123,-64,62,-147,51
-65,60,25,123,-64,63,-146,50
-65,59,25,123,-64,62,-146,50
-64,59,24,122,-64,60,-146,50
-63,60,22,121,-65,59,-145,50
-63,61,21,120,-64,59,-141,48
-62,61,21,119,-64,61,-141,48
-62,59,21,120,-64,61,-141,47
-61,57,21,120,-64,61,-140,45
-61,56,21,120,-64,61,-140,43
-61,55,21,120,-64,61,-140,43
-61,55,21,120,-64,61,-140,42
-62,55,21,120,-64,61,-141,43
-61,56,21,120,-64,61,-140,43
-61,56,21,120,-64,61,-140,43
-61,55,21,120,-64,62,-140,43
-62,55,21,120,-64,62,-141,42
-62,55,21,120,-64,62,-141,42
-62,55,21,120,-64,62,-141,42
-62,55,21,120,-64,62,-141,42
-62,54,21,120,-64,62,-141,42
-62,55,21,120,-64,61,-141,42
-63,56,21,120,-64,61,-142,43
-64,58,21,120,-64,61,-142,46
-65,59,21,120,-64,62,-144,47
-65,60,21,120,-64,61,-144,47
-65,59,21,120,-64,59,-144,47
-64,59,21,120,-65,57,-144,47
-65,59,21,120,-65,58,-144,47
-65,59,21,120,-64,59,-144,46
-65,59,21,120,-64,60,-144,47
-63,60,21,120,-64,61,-142,47
-61,61,21,120,-64,62,-140,48
-60,61,21,120,-64,62,-139,50
-60,61,21,120,-64,62,-139,50
-60,62,21,120,-64,62,-139,50
-61,62,21,120,-64,62,-140,51
-61,63,21,120,-64,62,-140,51
-61,63,21,120,-64,61,-140,51
-61,63,21,120,-64,60,-140,51
-61,63,21,120,-64,61,-142,51
-61,62,21,120,-64,62,-140,51
-60,62,22,118,-64,62,-140,52
-60,61,23,117,-64,62,-136,52
-60,61,23,117,-64,62,-136,52
-60,61,22,118,-64,62,-140,52
-61,61,22,119,-64,62,-140,52
-61,61,22,119,-64,62,-140,52
-60,61,22,118,-64,62,-139,52
-60,61,23,118,-64,62,-139,52
-60,61,23,118,-64,62,-140,52
-61,61,23,117,-64,62,-137,52
-62,61,24,116,-64,62,-139,51
-63,60,25,116,-64,62,-140,50
-63,58,25,116,-64,62,-140,48
-63,57,24,116,-64,62,-139,47
-61,57,23,115,-64,62,-137,47
-60,58,23,115,-64,62,-136,48
-60,58,23,115,-64,62,-136,48
-61,56,23,115,-64,62,-137,47
-62,55,22,114,-64,62,-139,45
-63,54,20,114,-64,62,-139,42
-63,54,18,115,-64,62,-142,42
-63,56,18,116,-64,62,-142,43
-62,59,20,117,-64,62,-141,46
-61,61,22,116,-65,62,-139,51
-60,62,24,117,-64,62,-137,52
-60,62,24,117,-64,62,-136,52
-60,61,23,118,-64,62,-140,52
-61,61,23,117,-65,62,-137,52
-60,61,24,117,-65,62,-137,52
-59,63,24,116,-64,62,-136,53
-58,65,24,116,-63,62,-135,54
-58,66,24,116,-62,62,-135,57
-57,67,24,116,-63,62,-134,57
-56,68,24,116,-64,62,-133,58
-55,70,25,116,-65,62,-133,61
-55,72,24,116,-64,64,-131,62
-55,73,24,116,-64,66,-131,64
-54,75,24,116,-64,67,-131,65
-53,77,25,116,-64,66,-130,67
-53,78,25,117,-64,65,-130,69
-54,80,26,117,-64,65,-130,73
-54,81,26,117,-64,67,-131,74
-53,82,26,118,-64,67,-130,74
-51,83,26,118,-64,67,-129,75
-51,85,27,119,-64,67,-128,78
-51,86,27,119,-64,67,-128,79
-50,89,27,119,-64,67,-128,81
-50,90,27,119,-64,67,-126,83
-48,90,27,119,-64,67,-125,83
-47,90,27,119,-64,67,-124,83
-48,90,27,119,-63,67,-125,83
-48,90,28,119,-62,67,-128,83
-48,90,28,119,-63,67,-128,83
-48,90,27,119,-64,67,-125,83
-48,91,27,118,-64,67,-125,84
-49,94,27,119,-64,67,-126,86
-48,95,28,119,-64,68,-125,89
-47,97,28,120,-64,68,-126,90
-47,96,28,120,-64,69,-126,89
-48,96,28,120,-64,69,-128,89
-49,95,28,119,-64,67,-126,87
-49,95,27,119,-64,66,-126,87
-47,96,27,118,-64,67,-124,89
-46,97,27,119,-64,68,-123,90
-46,97,28,119,-64,71,-123,90
-47,96,28,120,-64,72,-126,89
-49,95,28,120,-64,72,-129,87
-49,95,28,119,-64,72,-129,89
-48,96,28,119,-64,72,-128,89
-46,97,28,119,-64,72,-125,90
-45,97,28,119,-64,72,-125,90
-46,97,28,119,-64,72,-125,90
-46,98,28,120,-64,72,-126,91
-48,100,28,120,-64,72,-128,92
-48,101,28,119,-64,72,-128,93
-48,100,27,119,-64,72,-125,92
-46,98,26,118,-64,72,-124,91
-45,99,26,118,-64,73,-123,92
-44,101,26,118,-64,74,-122,93
-44,103,27,119,-63,75,-122,96
-44,104,28,119,-62,74,-124,97
-44,104,28,120,-61,75,-124,96
-44,103,28,120,-62,75,-124,96
-44,103,28,119,-63,77,-124,96
-44,103,28,119,-64,77,-124,96
-44,103,28,120,-64,77,-124,96
-44,103,28,120,-63,77,-124,96
-44,103,28,119,-63,77,-122,96
-44,103,29,118,-63,77,-122,96
-44,103,29,118,-64,77,-122,96
-44,103,29,119,-63,77,-122,96
-43,104,28,119,-63,77,-123,97
-42,104,28,120,-63,77,-122,97
-41,104,28,119,-64,78,-119,97
-40,105,29,118,-63,79,-118,98
-40,106,30,118,-63,78,-117,101
-39,105,29,117,-63,77,-117,98
-39,104,27,118,-64,76,-115,97
-39,104,26,118,-64,77,-115,97
-39,104,25,118,-63,78,-117,95
-39,105,25,117,-62,79,-117,98
-39,106,26,116,-61,79,-117,98
-40,106,26,115,-62,78,-114,98
-39,105,28,115,-63,79,-114,98
-39,105,28,115,-64,80,-114,98
-39,105,28,115,-64,80,-114,98
-39,106,27,114,-63,80,-114,98
-39,105,26,113,-61,80,-114,98
-41,105,27,113,-61,80,-115,98
-43,104,28,113,-62,80,-118,97
-44,103,29,114,-63,80,-119,98
-43,104,30,115,-63,80,-118,100
-41,105,29,115,-62,81,-115,101
-41,105,28,114,-61,82,-115,98
-42,104,28,113,-61,82,-117,97
-44,103,28,112,-61,82,-119,96
-44,103,28,112,-61,82,-119,96
-44,103,28,113,-62,82,-119,96
-44,103,28,113,-63,82,-119,96
-44,103,28,113,-64,82,-119,96
-44,103,28,112,-63,82,-119,96
-44,103,28,112,-61,80,-119,96
-44,103,28,112,-60,78,-119,96
-44,103,28,112,-60,79,-119,96
-44,103,28,112,-61,80,-119,96
-44,103,28,112,-63,81,-119,96
-44,103,28,112,-63,81,-119,96
-44,103,28,112,-62,80,-119,96
-44,103,28,112,-61,78,-119,96
-44,103,28,112,-62,78,-119,96
-44,103,28,112,-63,79,-119,96
-45,103,28,112,-64,80,-120,96
-46,102,28,112,-63,82,-120,96
-45,103,28,112,-62,82,-120,96
-44,103,28,112,-61,80,-119,96
-44,104,28,112,-61,78,-119,97
-44,103,28,112,-61,78,-119,96
-43,102,28,113,-61,80,-118,95
-42,101,28,113,-61,82,-117,95
-43,101,27,112,-62,83,-118,93
-44,101,27,112,-63,82,-117,93
-45,100,26,111,-64,81,-118,92
-45,99,27,112,-63,80,-118,92
-44,98,28,113,-63,80,-119,91
-43,98,28,113,-62,80,-118,91
-43,98,27,112,-61,81,-115,91
-45,97,25,110,-61,82,-117,91
-46,97,25,110,-61,82,-118,90
-46,97,26,111,-62,82,-119,90
-46,97,28,112,-62,82,-120,90
-45,97,28,113,-61,82,-119,91
-44,98,28,113,-59,81,-119,91
-43,97,28,113,-59,81,-118,91
-44,98,27,112,-60,82,-119,91
-44,99,27,112,-61,82,-117,92
-44,101,26,112,-61,81,-117,95
-44,103,26,112,-61,80,-119,96
-44,104,27,112,-60,80,-119,97
-44,104,29,112,-60,80,-117,100
-44,103,30,111,-61,82,-117,98
-44,103,30,110,-61,82,-117,98
-44,103,29,111,-61,82,-117,98
-44,103,28,112,-61,80,-117,98
-44,103,28,112,-59,79,-117,98
-44,103,29,111,-58,80,-117,98
-44,103,30,110,-58,81,-114,98
-44,103,31,109,-58,82,-114,98
-44,103,31,109,-59,82,-114,98
-44,103,31,109,-61,82,-114,98
-44,103,31,109,-61,82,-114,98
-44,103,31,109,-62,82,-114,98
-44,104,30,110,-61,82,-114,100
-44,103,29,111,-60,82,-117,98
-43,102,30,110,-60,82,-113,97
-42,100,31,110,-60,82,-112,96
-42,99,32,109,-59,81,-112,95
-42,99,31,109,-59,81,-112,95
-42,99,30,108,-58,81,-112,95
-42,99,29,107,-58,81,-112,95
-41,98,28,107,-58,81,-111,93
-40,96,28,107,-58,81,-111,91
-39,95,28,107,-58,81,-109,91
-39,94,29,107,-58,81,-109,90
-39,94,30,107,-58,81,-109,90
-39,94,31,107,-58,81,-107,92
-39,95,31,105,-59,81,-107,93
-39,95,30,103,-60,82,-107,93
-39,94,30,102,-60,82,-104,92
-40,93,31,102,-60,82,-104,91
-41,90,31,102,-59,81,-106,89
-41,88,31,102,-58,81,-107,86
-41,87,31,102,-58,81,-106,85
-41,88,31,102,-58,81,-107,86
-41,89,31,102,-58,81,-107,86
-42,90,31,102,-58,81,-107,87
-42,90,31,102,-58,81,-107,87
-43,88,31,102,-58,81,-108,86
-44,86,31,102,-58,81,-109,85
-46,86,31,102,-58,81,-111,84
-46,86,31,102,-58,81,-112,85
-46,87,31,102,-58,81,-112,85
-46,87,31,102,-58,81,-111,85
-45,86,31,102,-58,81,-111,85
-46,86,31,102,-58,81,-111,84
-47,85,31,102,-58,81,-112,83
-47,85,31,102,-58,81,-112,83
-47,85,31,102,-58,81,-112,84
-46,86,31,102,-58,81,-111,84
-45,86,31,102,-58,81,-111,84
-45,86,31,102,-58,81,-109,84
-46,86,31,102,-58,81,-111,84
-46,86,30,102,-58,81,-112,84
-47,85,30,101,-58,81,-112,83
-46,84,30,101,-58,81,-112,81
-45,82,29,101,-58,81,-109,80
-45,81,29,101,-58,81,-109,76
-46,79,28,102,-58,81,-111,75
-47,79,29,103,-58,81,-114,75
-48,79,29,103,-58,81,-115,74
-48,79,29,101,-58,81,-113,74
-47,79,28,100,-58,81,-112,75
-48,80,27,99,-58,81,-113,75
-47,79,28,100,-58,81,-112,75
-47,78,29,101,-58,81,-112,76
-46,76,30,101,-58,81,-111,74
-45,75,29,100,-58,81,-111,70
-45,75,27,99,-58,81,-109,70
-45,75,27,98,-58,81,-108,70
-47,74,27,99,-58,81,-112,70
-48,74,27,99,-58,81,-113,69
-48,73,27,99,-58,81,-113,69
-48,73,27,99,-58,81,-113,69
-48,73,27,99,-58,81,-113,69
-49,73,27,99,-58,81,-114,68
-50,73,27,99,-58,81,-114,68
-50,73,27,99,-58,81,-114,68
-50,72,27,99,-58,81,-114,68
-49,72,28,99,-58,81,-114,68
-50,73,28,100,-58,81,-114,68
-50,74,29,100,-58,81,-115,69
-51,76,28,100,-58,82,-115,72
-52,76,28,99,-58,81,-117,72
-51,76,27,98,-58,81,-114,72
-51,75,27,98,-58,81,-113,70
-51,75,28,99,-58,82,-115,72
-52,76,28,100,-58,82,-117,72
-52,77,29,100,-58,81,-117,73
-52,78,28,100,-58,80,-117,73
-51,77,28,99,-58,79,-115,73
-49,76,27,99,-58,79,-114,72
-48,76,27,98,-58,79,-111,72
-48,78,27,98,-58,80,-111,73
-47,79,27,99,-58,80,-112,75
-46,80,28,100,-58,80,-111,76
-45,81,30,101,-58,80,-109,79
-44,81,31,102,-58,81,-109,79
-44,81,31,102,-58,82,-108,79
-43,82,31,102,-58,82,-108,80
-42,82,31,102,-58,82,-107,80
-40,83,31,102,-58,81,-104,81
-39,84,31,102,-58,81,-104,83
-40,85,31,102,-58,82,-104,84
-40,87,31,102,-58,81,-106,85
-40,88,31,102,-58,81,-104,86
-38,90,31,102,-58,81,-103,89
-37,92,31,102,-58,81,-102,91
-36,94,31,102,-58,81,-102,92
-36,96,31,102,-57,81,-102,93
-36,97,31,102,-56,81,-101,95
-35,99,31,102,-57,81,-100,97
-34,101,31,102,-58,81,-98,100
-32,103,31,102,-58,81,-97,102
-32,105,31,102,-58,81,-97,103
-31,106,31,102,-58,81,-96,104
-30,108,31,102,-59,81,-96,107
-29,111,31,102,-58,81,-95,109
-28,113,31,102,-57,81,-93,112
-28,115,31,102,-54,81,-93,113
-29,117,31,102,-54,81,-95,115
-29,118,32,103,-55,81,-95,117
-29,120,33,104,-57,81,-95,119
-28,122,34,105,-58,81,-96,120
-28,125,35,106,-57,81,-96,123
-28,126,35,106,-57,81,-96,124
-28,128,34,105,-57,81,-96,126
-27,131,34,105,-57,81,-95,129
-25,134,34,105,-58,81,-93,133
-24,136,34,106,-59,82,-92,134
-23,137,36,106,-59,82,-91,137
-23,138,37,108,-58,82,-92,139
-23,140,38,109,-57,81,-92,140
-22,142,38,109,-55,81,-90,144
-21,145,38,109,-54,81,-89,146
-19,148,38,108,-55,83,-87,148
-18,150,39,108,-56,85,-87,151
-18,152,39,107,-56,86,-86,153
-18,155,40,109,-54,85,-86,156
-18,157,40,111,-53,84,-89,158
-17,160,41,112,-53,84,-89,162
-16,162,42,112,-53,86,-87,166
-15,165,43,112,-53,86,-84,168
-15,167,43,111,-53,86,-84,170
-14,169,42,111,-53,86,-83,172
-13,171,41,112,-53,86,-85,173
-13,173,41,112,-53,86,-84,174
-12,176,42,113,-53,86,-84,179
-12,177,44,115,-53,86,-84,181
-12,179,45,115,-53,86,-84,183
-12,181,45,116,-53,86,-86,185
-11,184,45,116,-53,86,-83,187
-10,186,46,115,-53,86,-83,190
-9,188,47,113,-53,87,-79,194
-8,189,48,112,-53,90,-78,195
-7,190,48,112,-53,91,-76,196
-7,189,47,113,-53,91,-76,195
-7,189,47,113,-53,91,-76,195
-7,189,47,113,-53,91,-76,195
-7,189,48,112,-53,91,-76,195
-7,189,48,112,-53,91,-76,195
-7,190,48,112,-53,91,-76,196
-7,190,49,112,-53,91,-76,196
-7,189,49,112,-53,91,-76,195
-6,188,48,112,-53,91,-75,195
-5,186,47,111,-53,91,-74,192
-4,185,46,109,-53,91,-72,191
-5,184,45,109,-53,91,-72,190
-7,184,45,108,-53,91,-74,187
-10,182,45,108,-53,90,-76,185
-11,180,45,109,-53,91,-78,186
-12,178,45,109,-53,92,-79,184
-12,176,45,108,-53,94,-79,179
-14,174,45,108,-53,96,-80,178
-15,172,45,109,-53,96,-83,178
-16,169,45,109,-52,96,-83,173
-17,168,45,109,-51,96,-84,172
-18,165,44,108,-51,96,-85,168
-20,162,42,106,-51,96,-86,166
-21,158,41,105,-51,96,-87,162
-21,155,41,105,-51,96,-87,158
-20,153,40,106,-50,96,-86,156
-21,151,39,108,-49,95,-90,151
-23,148,38,109,-47,95,-91,148
-25,144,37,109,-47,95,-93,145
-25,141,36,108,-47,95,-93,141
-25,137,36,107,-49,96,-93,137
-25,133,36,106,-51,96,-93,134
-26,130,35,107,-52,96,-95,129
-29,128,35,106,-51,96,-97,126
-32,125,35,106,-51,96,-100,123
-33,122,35,106,-51,96,-101,120
-34,118,34,105,-52,96,-102,117
-34,114,33,105,-51,96,-102,112
-35,110,31,104,-50,96,-102,108
-36,106,29,104,-49,95,-103,102
-38,102,28,104,-50,96,-106,98
-40,98,28,105,-50,96,-107,93
-40,94,29,105,-50,96,-108,90
-41,90,29,104,-49,95,-108,85
-42,86,29,102,-47,95,-107,81
-43,83,27,101,-47,95,-107,79
-44,80,25,101,-48,95,-108,75
-45,77,24,102,-49,95,-112,70
-46,73,24,102,-50,96,-113,67
-47,68,24,101,-49,95,-114,62
-49,64,24,100,-48,95,-113,57
-50,60,24,101,-47,95,-117,53
-51,57,23,101,-48,95,-118,50
-52,54,21,101,-49,95,-119,47
-54,50,20,99,-50,96,-120,42
-56,46,20,99,-50,96,-120,39
-57,42,20,99,-51,96,-122,35
-60,39,21,99,-53,96,-126,32
-62,37,21,100,-53,96,-129,30
-63,34,20,99,-51,96,-128,26
-64,30,19,98,-49,94,-128,20
-66,27,18,97,-48,92,-130,18
-68,24,17,96,-49,91,-131,14
-70,21,17,96,-51,90,-134,12
-72,18,17,95,-52,91,-135,8
-73,14,16,95,-52,91,-136,4
-74,11,15,94,-51,91,-137,2
-75,9,15,94,-51,91,-139,0
-75,7,14,93,-52,91,-136,-1
-76,5,13,93,-53,91,-137,-4
-77,2,13,93,-53,91,-137,-7
-78,0,13,93,-52,91,-139,-10
-79,-3,13,92,-51,91,-140,-13
-80,-5,12,91,-51,91,-141,-18
-80,-7,11,91,-51,91,-141,-20
-81,-10,11,90,-52,91,-142,-21
-82,-10,11,90,-53,91,-142,-23
-83,-10,11,90,-53,91,-144,-23
-83,-10,10,90,-53,91,-144,-23
-82,-11,9,90,-53,91,-142,-24
-81,-13,9,89,-53,91,-141,-25
-80,-14,10,88,-53,91,-139,-26
-80,-15,12,86,-53,90,-137,-24
-80,-15,13,86,-53,90,-136,-24
-80,-14,13,86,-53,89,-136,-24
-80,-14,12,86,-53,89,-139,-24
-80,-15,11,87,-53,89,-139,-26
-80,-15,12,87,-53,88,-137,-24
-79,-14,12,86,-53,88,-137,-23
-78,-11,13,85,-53,88,-134,-21
-78,-9,13,86,-53,87,-134,-19
-78,-8,13,86,-53,86,-134,-18
-78,-8,13,86,-53,86,-136,-18
-77,-7,13,86,-53,86,-133,-17
-76,-6,12,86,-53,86,-134,-15
-75,-3,13,86,-53,86,-131,-13
-76,0,14,86,-53,86,-135,-9
-77,2,15,88,-53,86,-135,-7
-77,5,14,89,-53,86,-135,-4
-76,7,13,90,-53,86,-136,-2
-74,9,12,91,-53,86,-135,-2
-74,12,14,91,-53,86,-135,2
-75,15,14,91,-53,86,-136,6
-76,18,14,91,-53,86,-137,8
-75,20,13,92,-53,86,-136,10
-74,21,13,93,-53,86,-135,9
-72,23,13,93,-53,86,-135,12
-71,26,14,93,-53,86,-135,17
-70,30,14,93,-53,86,-134,20
-69,33,14,93,-53,86,-133,24
-68,35,14,94,-53,86,-133,25
-67,36,16,95,-53,86,-131,26
-65,36,17,96,-53,86,-129,26
-64,37,17,96,-53,86,-128,28
-63,39,17,96,-53,86,-126,30
-62,42,17,96,-53,86,-126,32
-62,43,17,96,-53,86,-126,34
-62,44,17,96,-54,86,-126,35
-63,45,17,96,-54,86,-126,36
-62,48,17,96,-55,86,-126,39
-61,50,18,97,-54,86,-125,40
-60,50,18,97,-53,86,-124,41
-60,51,18,98,-53,86,-124,41
-60,51,18,97,-54,86,-124,41
-61,51,19,97,-55,86,-125,42
-61,52,19,98,-54,86,-125,42
-61,53,20,99,-54,86,-128,46
-61,54,20,100,-54,86,-128,47
-59,56,21,99,-55,86,-125,50
-58,57,21,98,-56,86,-123,50
-57,57,22,97,-56,86,-122,51
-58,57,22,97,-54,86,-122,50
-58,57,22,97,-53,86,-123,50
-58,57,23,97,-53,86,-123,50
-58,57,23,96,-53,86,-120,53
-58,57,24,95,-54,86,-120,52
-57,57,24,95,-55,86,-119,53
-56,58,24,95,-54,86,-118,53
-56,60,24,96,-53,86,-118,56
-56,62,25,97,-53,86,-118,58
-56,64,25,97,-53,86,-118,59
-56,64,25,97,-54,86,-118,59
-56,64,25,97,-55,86,-118,59
-56,64,26,98,-54,86,-118,59
-56,64,27,98,-53,86,-120,59
-56,64,26,98,-53,86,-118,59
-55,64,26,98,-53,86,-119,59
-54,65,25,99,-54,86,-119,61
-53,65,25,100,-55,86,-118,61
-53,65,27,100,-54,86,-117,61
-52,66,27,100,-54,86,-117,62
-51,66,27,98,-53,86,-113,62
-51,66,26,98,-53,86,-113,62
-52,66,26,97,-53,86,-114,62
-52,66,26,98,-53,86,-117,62
-52,66,27,99,-53,86,-117,62
-51,66,27,99,-53,86,-115,62
-51,65,27,99,-53,86,-115,61
-51,65,27,99,-53,86,-115,61
-51,65,27,99,-53,86,-115,61
-50,64,27,99,-53,86,-115,59
-50,63,27,99,-53,86,-114,59
-50,62,27,99,-53,86,-114,58
-50,62,27,98,-53,86,-112,58
-50,63,26,98,-54,86,-112,58
-50,63,26,97,-54,86,-112,59
-50,64,26,98,-55,86,-112,59
-51,65,27,98,-55,86,-113,61
-51,66,27,99,-53,86,-115,62
-52,66,26,98,-52,86,-114,62
-52,66,26,98,-53,86,-114,62
-51,66,26,98,-55,86,-113,62
-51,66,25,97,-57,86,-113,62
-52,66,25,97,-58,86,-114,62
-52,66,25,97,-57,86,-114,62
-51,66,25,97,-55,86,-113,62
-50,67,26,98,-53,86,-112,62
-50,67,26,98,-53,86,-112,62
-50,66,25,97,-53,86,-113,62
-51,66,25,96,-53,86,-113,62
-50,67,24,96,-53,86,-113,62
-49,67,24,95,-53,86,-111,63
-47,68,24,95,-53,86,-109,64
-47,68,24,95,-53,86,-109,64
-47,68,24,95,-53,86,-109,64
-47,68,24,96,-53,86,-109,64
-47,68,25,97,-53,86,-109,64
-47,68,26,97,-53,86,-109,64
-47,68,26,98,-53,86,-109,64
-47,68,26,98,-53,86,-109,64
-47,68,26,98,-53,86,-109,64
-47,68,26,97,-53,86,-109,64
-47,68,26,98,-53,86,-109,64
-47,68,26,98,-53,86,-109,64
-47,68,27,98,-53,86,-109,64
-47,68,27,99,-53,86,-112,64
-48,68,27,99,-53,86,-113,63
-49,68,27,99,-53,86,-114,63
-50,67,27,99,-53,86,-114,63
-50,66,27,99,-53,86,-115,62
-51,65,26,98,-53,86,-113,61
-50,63,25,97,-54,86,-112,58
-50,62,24,97,-54,86,-112,58
-50,63,25,97,-55,86,-112,58
-50,63,26,97,-54,86,-112,59
-50,63,27,97,-54,86,-112,58
-50,62,27,97,-53,86,-112,58
-49,61,27,96,-53,86,-112,57
-49,62,27,96,-53,86,-111,57
-49,61,25,95,-53,86,-112,57
-50,61,24,95,-53,86,-113,57
-53,60,24,95,-53,86,-114,56
-54,59,24,96,-54,88,-115,54
-54,59,25,97,-54,90,-117,54
-54,60,25,97,-55,90,-115,56
-53,60,25,97,-54,88,-114,56
-52,60,24,96,-54,86,-114,56
-51,61,23,96,-53,86,-113,57
-51,61,24,95,-53,86,-113,57
-51,62,24,95,-53,86,-113,57
-52,62,24,96,-53,86,-114,58
-51,63,24,96,-53,86,-113,58
-50,63,24,95,-53,86,-113,58
-50,63,24,95,-53,86,-112,58
-50,63,24,95,-53,86,-112,58
-50,63,23,96,-53,87,-112,58
-50,63,23,96,-53,88,-112,58
-50,63,24,95,-53,87,-112,58
-50,63,24,95,-53,86,-112,58
-50,64,24,96,-53,86,-112,59
-51,65,23,96,-53,86,-113,61
-51,66,23,96,-53,86,-113,59
-52,66,22,97,-53,86,-117,59
-52,66,22,97,-53,86,-117,59
-51,66,22,97,-53,86,-115,59
-52,66,23,97,-53,86,-117,59
-52,67,24,98,-53,86,-117,63
-53,69,26,97,-53,86,-115,64
-54,70,26,98,-53,86,-118,65
-54,71,26,100,-53,86,-119,67
-54,70,25,101,-53,86,-122,65
-54,70,25,102,-53,86,-120,63
-53,71,26,100,-53,86,-117,67
-51,72,27,99,-53,86,-115,68
-49,72,27,98,-53,86,-112,68
-49,73,27,99,-53,86,-114,68
-49,72,27,99,-53,86,-114,68
-50,72,27,99,-53,86,-114,68
-50,72,27,99,-53,86,-114,68
-48,73,27,99,-54,86,-113,69
-46,74,27,99,-54,86,-112,69
-45,75,27,99,-55,86,-111,70
-45,75,28,100,-54,86,-109,70
-45,75,30,101,-54,86,-109,73
-45,75,31,102,-53,86,-111,73
-45,75,30,103,-53,86,-113,73
-45,75,29,104,-53,86,-113,70
-45,75,29,104,-53,86,-113,70
-45,75,28,104,-53,86,-113,70
-45,75,28,104,-53,86,-112,70
-44,74,28,103,-53,86,-112,69
-44,73,29,102,-53,86,-109,69
-44,74,29,102,-53,86,-109,69
-45,75,28,101,-53,86,-109,70
-45,75,27,101,-53,86,-111,70
-45,75,28,101,-53,86,-111,72
-45,75,29,101,-53,86,-111,70
-45,75,31,102,-53,86,-109,73
-45,74,30,102,-53,86,-109,72
-44,73,29,101,-53,86,-109,72
-43,72,29,101,-53,86,-108,68
-43,72,29,101,-53,86,-108,67
-44,72,29,101,-53,86,-108,68
-45,74,28,100,-54,86,-109,69
-45,73,27,99,-54,86,-109,69
-44,72,27,99,-55,86,-108,68
-43,71,27,99,-55,86,-107,67
-43,71,27,99,-55,86,-107,67
-45,71,27,99,-55,86,-109,67
-48,72,27,99,-54,86,-112,67
-49,72,27,99,-54,86,-113,68
-48,71,27,99,-53,86,-112,67
-45,72,27,99,-53,86,-109,67
-44,73,27,99,-54,86,-108,68
-44,74,27,99,-54,86,-109,69
-45,75,27,99,-55,86,-111,70
-47,74,27,99,-54,87,-112,70
-47,74,27,99,-54,86,-112,69
-46,74,27,99,-53,84,-112,69
-46,75,27,99,-53,83,-111,70
-45,75,27,99,-53,82,-111,70
-45,75,27,99,-53,83,-109,70
-45,75,26,100,-53,84,-109,70
-46,75,26,100,-55,86,-111,70
-46,76,25,101,-56,86,-111,72
-47,78,25,102,-56,85,-114,72
-47,79,24,102,-55,84,-114,73
-48,80,24,103,-54,84,-115,73
-47,79,24,103,-55,84,-114,73
-48,79,24,102,-57,83,-115,72
-48,79,24,102,-57,83,-115,72
-47,79,24,102,-56,83,-114,73
-46,80,24,103,-55,85,-113,73
-44,81,24,102,-54,85,-112,74
-43,81,24,103,-55,83,-111,74
-43,82,24,103,-56,82,-111,75
-43,81,24,102,-56,81,-111,74
-43,81,24,102,-54,81,-111,74
-43,81,24,102,-54,81,-111,74
-43,81,24,103,-54,81,-111,74
-43,81,25,103,-55,81,-111,74
-43,81,25,104,-56,82,-111,74
-43,82,26,104,-56,82,-111,78
-42,82,27,105,-56,81,-109,78
-41,82,27,106,-57,81,-111,78
-42,82,28,106,-58,81,-112,78
-43,82,28,106,-58,82,-113,78
-43,81,27,106,-58,83,-113,76
-43,81,28,106,-58,83,-113,76
-43,81,28,106,-58,83,-113,76
-43,81,27,106,-58,82,-113,76
-43,82,27,105,-58,81,-111,78
-43,82,26,104,-58,81,-111,78
-43,81,25,104,-58,82,-111,74
-43,82,25,103,-58,82,-111,75
-42,82,25,104,-58,82,-109,75
-42,83,25,104,-58,81,-109,76
-43,83,25,103,-58,81,-111,76
-42,84,24,103,-58,82,-109,76
-41,84,24,102,-58,83,-108,78
-40,86,24,102,-58,83,-107,79
-40,87,24,102,-58,83,-107,80
-41,88,24,103,-58,82,-108,81
-41,88,24,103,-58,81,-108,81
-41,88,24,103,-58,81,-108,81
-42,89,24,102,-58,81,-109,83
-43,91,24,102,-58,82,-111,85
-43,93,24,103,-58,82,-111,86
-40,94,23,104,-58,81,-111,87
-39,94,21,105,-58,81,-109,85
-39,95,21,106,-58,81,-108,85
-40,96,21,105,-58,81,-109,86
-41,98,21,105,-58,81,-111,91
-42,99,22,105,-58,81,-112,92
-42,99,21,107,-58,81,-114,90
-42,99,22,108,-58,81,-114,90
-42,100,22,108,-58,81,-114,90
-41,101,23,108,-58,81,-114,95
-40,103,24,109,-58,81,-112,96
-39,104,24,109,-58,81,-112,97
-39,106,24,110,-58,81,-112,98
-39,106,24,109,-58,81,-112,98
-40,106,24,109,-58,81,-112,98
-40,105,24,109,-58,81,-112,98
-40,106,24,109,-58,81,-112,98
-39,106,24,109,-58,81,-112,100
-38,106,24,109,-58,81,-111,100
-38,106,24,109,-58,81,-111,100
-38,106,24,109,-58,81,-111,100
-38,108,24,109,-58,81,-111,101
-38,110,24,109,-58,81,-111,103
-38,112,24,109,-58,81,-111,106
-37,113,24,109,-58,81,-111,106
-37,112,24,109,-58,81,-111,106
-37,112,24,109,-58,81,-111,104
-38,112,24,109,-58,81,-111,106
-38,114,24,109,-58,81,-111,107
-39,115,24,109,-58,81,-112,108
-39,115,24,109,-58,81,-112,108
-39,115,24,109,-60,82,-112,108
-39,115,24,109,-62,82,-112,108
-40,116,24,109,-63,82,-113,109
-40,116,24,109,-64,82,-113,109
-40,117,24,109,-63,82,-113,111
-39,117,24,109,-63,82,-112,111
-37,118,25,110,-63,82,-109,111
-36,118,26,111,-63,82,-108,112
-35,119,26,112,-63,82,-108,112
-36,120,26,111,-63,82,-108,113
-37,122,25,110,-63,82,-111,115
-38,123,24,109,-63,82,-111,115
-38,123,24,110,-63,83,-111,117
-38,123,24,112,-63,84,-113,117
-38,123,23,113,-63,83,-113,114
-38,123,22,114,-63,82,-115,113
-38,123,21,114,-63,82,-115,114
-38,123,21,113,-63,81,-115,114
-36,123,21,112,-62,81,-112,114
-34,124,21,113,-63,82,-109,115
-34,126,21,114,-65,84,-112,117
-36,127,21,115,-67,85,-113,118
-38,129,21,115,-68,85,-115,120
-38,130,21,115,-68,84,-115,122
-36,131,20,115,-67,83,-113,119
-33,131,18,115,-66,83,-111,119
-33,131,18,116,-65,84,-113,119
-34,130,18,117,-65,84,-114,119
-35,130,17,117,-66,84,-115,119
-34,131,16,116,-67,84,-114,119
-33,131,15,114,-68,84,-111,117
-32,132,14,113,-68,84,-109,118
-31,132,14,113,-68,83,-108,118
-31,132,13,114,-68,82,-111,118
-31,132,11,116,-68,81,-112,115
-32,132,11,117,-68,82,-114,115
-32,131,10,117,-68,84,-115,114
-33,131,10,117,-68,86,-115,114
-32,131,10,116,-69,86,-115,114
-32,132,9,115,-71,84,-114,115
-31,132,8,115,-72,83,-112,115
-31,132,7,115,-71,82,-114,113
-32,132,5,117,-72,82,-114,113
-32,132,3,117,-72,83,-117,113
-32,132,2,116,-73,83,-117,111
-32,132,1,115,-73,82,-114,111
-32,132,0,114,-72,83,-114,111
-31,132,0,114,-73,83,-114,111
-31,132,0,113,-74,82,-113,111
-32,132,0,113,-76,81,-114,111
-33,131,-1,112,-78,79,-115,109
-35,130,-2,110,-79,78,-117,108
-35,130,-3,110,-78,77,-114,108
-33,131,-4,110,-78,78,-115,107
-31,132,-6,109,-78,78,-114,108
-31,132,-9,109,-78,78,-113,106
-32,131,-11,109,-78,78,-115,104
-35,130,-12,108,-79,78,-117,101
-36,130,-13,108,-82,79,-118,101
-36,130,-14,107,-83,78,-118,101
-36,130,-14,106,-83,77,-118,101
-36,130,-15,105,-83,75,-118,101
-36,130,-16,103,-83,73,-115,101
-36,130,-17,101,-83,73,-115,101
-36,129,-18,101,-83,73,-115,101
-35,128,-20,100,-83,73,-115,97
-35,128,-21,100,-85,72,-114,97
-35,129,-23,99,-87,70,-115,97
-36,130,-24,98,-88,68,-115,98
-37,130,-25,96,-89,68,-114,98
-37,127,-26,93,-89,69,-114,93
-37,125,-29,90,-88,69,-112,91
-37,125,-31,88,-88,67,-112,91
-37,127,-32,86,-88,65,-109,93
-37,129,-32,85,-89,64,-109,95
-37,129,-33,84,-89,64,-109,93
-37,130,-35,83,-89,64,-109,93
-37,129,-35,81,-89,62,-107,93
-36,129,-36,79,-89,61,-107,92
-37,129,-37,78,-89,59,-104,93
-38,130,-38,77,-89,58,-106,95
-39,132,-39,77,-89,59,-106,96
-38,133,-39,76,-91,59,-106,97
-38,134,-40,76,-92,60,-106,98
-39,136,-40,75,-93,59,-106,97
-40,137,-40,75,-92,58,-107,98
-40,138,-39,75,-93,56,-108,102
-40,139,-37,73,-94,54,-106,103
-39,139,-36,73,-94,54,-104,106
-38,139,-36,72,-94,54,-103,106
-38,140,-36,72,-94,54,-103,107
-38,141,-36,73,-94,54,-103,108
-37,142,-35,74,-94,54,-103,109
-36,142,-33,76,-94,54,-102,108
-35,141,-31,77,-94,54,-103,108
-33,142,-30,78,-96,55,-98,111
-32,144,-29,79,-98,54,-100,113
-31,146,-28,80,-99,54,-98,114
-29,146,-28,82,-100,55,-100,115
-28,145,-28,85,-99,56,-98,114
-27,145,-26,88,-98,58,-100,114
-26,146,-24,91,-99,60,-101,114
-25,148,-23,94,-100,60,-100,117
-24,151,-21,97,-102,60,-101,120
-22,153,-21,100,-103,59,-103,123
-21,155,-19,101,-104,60,-102,124
-20,155,-18,104,-105,62,-102,124
-17,156,-18,107,-107,64,-102,125
-14,158,-18,111,-108,65,-102,126
-11,159,-18,114,-109,65,-102,129
-9,160,-17,117,-110,65,-100,129
-7,161,-17,119,-111,67,-100,130
-5,163,-19,122,-112,68,-100,129
-4,165,-22,124,-113,70,-101,129
-2,168,-25,125,-114,71,-102,130
-1,170,-28,125,-115,71,-101,133
1,172,-31,126,-117,71,-101,131
3,173,-33,126,-119,70,-98,130
4,175,-36,127,-122,71,-100,131
3,179,-40,127,-124,70,-101,133
2,182,-44,126,-126,71,-102,134
2,185,-49,125,-127,73,-104,135
2,187,-54,123,-129,75,-104,134
1,190,-58,121,-130,75,-103,134
0,193,-65,117,-132,73,-106,135
-3,197,-71,113,-134,72,-108,136
-6,200,-79,108,-135,71,-108,136
-8,201,-85,104,-137,72,-111,134
-10,203,-92,100,-138,72,-113,133
-13,204,-100,96,-141,71,-113,131
-16,207,-107,91,-144,69,-115,129
-20,210,-114,85,-146,68,-117,130
-23,213,-121,79,-147,66,-118,130
-26,214,-128,72,-149,64,-119,129
-30,215,-135,65,-151,61,-118,128
-33,215,-142,57,-154,59,-119,125
-37,216,-149,50,-156,58,-120,124
-41,216,-156,41,-158,57,-119,122
-46,217,-164,33,-159,55,-120,120
-50,218,-170,27,-161,52,-123,118
-53,218,-175,21,-163,49,-122,117
-57,218,-180,14,-165,46,-123,113
-60,217,-185,7,-167,44,-123,112
-62,215,-190,2,-168,43,-123,108
-65,213,-195,-3,-169,41,-123,103
-69,212,-198,-8,-170,38,-122,102
-72,210,-201,-13,-172,36,-123,101
-75,208,-203,-18,-173,33,-124,98
-79,206,-204,-21,-176,31,-124,97
-81,204,-204,-23,-177,29,-126,93
-83,200,-204,-23,-179,26,-129,91
-84,197,-204,-23,-181,24,-130,87
-85,194,-204,-23,-183,22,-130,84
-85,191,-203,-24,-184,21,-128,81
-84,187,-201,-25,-186,19,-128,80
-84,182,-197,-24,-188,18,-126,74
-84,176,-194,-21,-191,15,-126,72
-84,170,-190,-17,-193,13,-129,65
-82,166,-186,-12,-195,11,-130,63
-80,162,-180,-8,-195,10,-128,62
-78,157,-175,-2,-195,8,-128,59
-77,152,-169,2,-196,7,-129,57
-76,146,-162,8,-198,7,-130,53
-74,139,-157,13,-199,5,-130,48
-71,133,-151,19,-200,3,-130,45
-68,127,-144,25,-202,2,-130,42
-66,122,-137,32,-203,3,-130,39
-65,116,-128,39,-205,2,-133,36
-64,111,-118,46,-207,1,-133,35
-62,105,-109,54,-209,0,-133,32
-60,99,-101,60,-210,-1,-134,31
-58,93,-94,65,-210,-2,-135,28
-57,87,-88,71,-210,-1,-134,24
-56,81,-82,76,-210,-1,-135,20
-55,76,-76,82,-211,-1,-136,18
-54,72,-68,88,-213,-1,-137,15
-53,69,-60,93,-215,-3,-136,18
-53,65,-51,97,-216,-4,-139,17
-53,61,-43,100,-215,-4,-139,17
-53,56,-37,103,-215,-4,-139,14
-54,52,-32,106,-215,-3,-139,13
-54,49,-27,108,-215,-3,-140,13
-54,47,-22,110,-215,-4,-140,13
-55,43,-16,111,-215,-6,-137,12
-56,40,-10,111,-215,-6,-139,13
-57,37,-4,112,-215,-6,-137,13
-57,35,0,113,-215,-6,-139,13
-58,33,2,113,-215,-6,-139,13
-58,30,6,113,-215,-6,-136,10
-60,29,10,112,-215,-6,-137,13
-61,29,14,111,-215,-6,-137,14
-63,28,18,111,-215,-6,-136,17
-65,28,22,110,-215,-6,-136,18
-66,27,25,108,-215,-6,-135,19
-67,26,27,106,-215,-6,-136,21
-69,26,31,105,-215,-6,-135,24
-70,25,34,104,-215,-6,-134,23
-71,23,38,102,-215,-6,-133,23
-72,22,40,100,-216,-6,-131,24
-72,21,42,97,-216,-6,-129,26
-72,21,44,96,-215,-6,-129,26
-72,22,47,96,-214,-6,-126,30
-72,22,51,95,-212,-6,-126,32
-72,22,55,93,-210,-6,-124,34
-72,21,58,92,-210,-6,-122,36
-72,22,62,91,-210,-6,-119,40
-72,22,65,90,-210,-5,-117,40
-72,22,67,90,-209,-4,-117,42
-72,21,69,89,-207,-5,-117,41
-71,19,73,88,-206,-4,-113,41
-70,18,77,89,-205,-3,-112,42
-70,17,82,90,-204,-2,-109,45
-70,18,86,90,-202,-1,-109,47
-70,18,90,91,-200,0,-109,50
-70,17,96,92,-200,0,-107,51
-68,15,102,95,-200,2,-106,52
-67,12,108,98,-198,4,-107,52
-66,10,113,101,-197,5,-106,52
-65,7,119,103,-195,8,-104,54
-64,6,126,106,-194,10,-104,56
-63,4,133,109,-193,13,-103,57
-61,4,140,112,-191,15,-101,61
-59,3,146,117,-190,17,-98,63
-56,1,152,122,-189,20,-98,63
-54,-1,160,128,-187,23,-98,63
-51,-3,169,133,-186,25,-98,65
-49,-5,177,139,-184,28,-96,65
-46,-6,185,145,-183,32,-96,67
-44,-8,191,152,-182,36,-97,68
-42,-11,198,159,-180,39,-96,67
-39,-13,205,165,-178,43,-96,69
-36,-14,212,172,-177,46,-96,70
-33,-16,220,179,-176,50,-96,72
-30,-18,228,186,-174,54,-97,73
-26,-19,236,193,-172,59,-96,73
-23,-21,241,201,-170,64,-96,74
-21,-22,246,208,-168,68,-98,75
-19,-22,252,215,-167,72,-98,78
-15,-23,259,222,-166,75,-97,80
-11,-24,267,229,-164,78,-98,81
-8,-25,272,236,-162,81,-97,83
-7,-25,277,242,-161,84,-98,83
-5,-25,280,248,-160,88,-102,85
-3,-25,283,253,-160,93,-102,85
0,-26,286,258,-159,96,-102,84
1,-26,289,263,-157,99,-102,84
2,-26,290,267,-155,101,-103,84
2,-25,290,268,-154,104,-103,85
2,-22,289,269,-153,107,-106,87
3,-19,289,270,-151,110,-106,90
3,-17,287,271,-149,113,-104,92
3,-16,285,271,-147,115,-104,91
3,-15,283,271,-146,116,-108,92
1,-13,281,269,-145,116,-109,91
-1,-11,277,265,-144,116,-109,93
-5,-8,272,261,-143,116,-112,93
-9,-6,267,256,-141,116,-113,93
-12,-4,263,252,-138,117,-117,93
-15,-2,257,246,-136,117,-117,92
-18,0,251,239,-134,117,-115,96
-22,3,245,231,-133,117,-117,97
-27,7,239,223,-131,117,-117,98
-32,10,233,215,-128,116,-117,98
-37,15,226,206,-126,116,-119,101
-42,19,218,197,-125,115,-119,103
-46,23,209,188,-123,113,-122,104
-51,26,201,180,-121,111,-120,102
-55,28,193,172,-119,110,-123,102
-59,30,186,162,-117,109,-122,101
-63,32,177,152,-115,108,-122,101
-67,35,168,144,-114,106,-123,102
-70,39,159,136,-112,103,-120,101
-73,44,152,129,-110,101,-120,103
-75,48,145,120,-108,99,-122,104
-79,51,140,112,-106,98,-119,108
-82,54,133,105,-104,96,-118,108
-85,56,127,98,-103,93,-119,108
-86,59,120,92,-102,90,-118,108
-88,61,114,87,-102,89,-119,108
-89,63,108,83,-102,89,-118,107
-89,64,103,81,-101,88,-118,106
-89,67,99,79,-99,86,-118,106
-88,70,95,76,-97,84,-117,107
-88,72,92,75,-95,82,-117,107
-89,74,89,73,-94,80,-118,109
-88,75,86,74,-93,79,-117,107
-86,75,84,74,-92,79,-118,108
-84,76,82,75,-93,79,-115,106
-81,78,81,77,-93,79,-115,107
-79,79,80,80,-93,77,-115,108
-77,80,80,83,-91,75,-115,108
-75,82,79,86,-90,74,-117,109
-73,82,79,89,-88,73,-114,109
-70,82,79,92,-88,73,-113,107
-67,82,79,94,-88,73,-113,107
-64,82,80,97,-88,74,-112,107
-62,82,81,100,-88,75,-111,107
-61,83,83,104,-88,77,-112,108
-59,84,85,108,-88,78,-113,112
-58,85,86,112,-88,79,-114,112
-57,85,87,116,-88,79,-117,111
-55,86,87,119,-88,78,-115,111
-54,87,87,122,-88,78,-117,112
-53,88,89,124,-86,78,-115,113
-52,88,90,126,-84,78,-118,113
-50,86,90,129,-83,78,-118,112
-49,85,91,131,-83,79,-117,111
-49,86,91,133,-83,82,-119,111
-50,87,93,134,-83,83,-120,114
-52,88,94,134,-83,83,-122,115
-50,88,94,135,-83,83,-120,115
-48,86,94,135,-82,83,-118,114
-47,85,94,135,-82,83,-117,112
-48,84,94,134,-81,84,-118,112
-50,83,93,133,-79,86,-120,111
-50,83,92,132,-79,87,-120,108
-50,83,91,131,-78,88,-118,108
-49,83,90,131,-77,88,-117,108
-50,83,89,130,-77,87,-118,108
-51,83,88,129,-77,87,-119,108
-53,82,87,128,-78,87,-120,107
-54,81,86,127,-78,89,-122,103
-54,81,84,126,-77,91,-123,103
-54,82,83,124,-76,92,-119,104
-54,81,82,121,-74,93,-119,103
-55,79,81,119,-72,92,-118,102
-56,76,80,118,-72,92,-118,98
-56,75,79,117,-72,92,-119,97
-57,74,77,115,-72,92,-117,95
-56,75,75,114,-71,92,-117,95
-56,75,73,112,-70,93,-117,95
-55,73,72,110,-69,94,-115,91
-54,72,70,109,-68,93,-112,89
-54,70,68,107,-68,93,-112,87
-54,70,67,106,-67,92,-112,87
-54,70,66,105,-67,93,-112,85
-54,70,64,105,-67,95,-112,85
-54,70,62,104,-67,97,-112,85
-54,70,60,104,-67,97,-112,83
-54,71,59,102,-68,97,-112,84
-54,70,59,101,-67,97,-112,83
-53,69,58,101,-66,97,-108,83
-53,67,57,100,-64,96,-108,80
-53,65,55,100,-62,96,-111,75
-54,64,53,101,-62,96,-112,74
-54,64,52,101,-62,96,-112,74
-54,65,51,102,-62,96,-114,73
-55,66,49,102,-62,96,-115,74
-57,67,47,102,-62,96,-117,73
-58,68,45,102,-62,96,-118,73
-59,68,44,102,-62,97,-119,74
-58,68,45,101,-62,97,-118,74
-58,68,45,102,-62,96,-118,74
-57,68,44,103,-62,96,-119,74
-57,69,42,104,-62,96,-119,72
-57,68,41,105,-62,97,-122,72
-57,68,41,106,-62,97,-123,72
-58,69,41,105,-63,99,-123,72
-57,70,41,105,-62,100,-123,73
-57,71,41,105,-61,100,-122,74
-55,71,40,106,-58,99,-120,74
-54,71,39,108,-57,99,-122,72
-54,71,38,109,-57,100,-122,72
-54,72,37,109,-57,101,-122,73
-55,73,38,109,-57,101,-123,73
-56,74,38,109,-57,101,-123,74
-56,74,38,108,-57,101,-124,74
-56,75,37,108,-57,101,-124,75
-56,75,37,108,-57,101,-124,75
-56,75,37,108,-57,101,-123,75
-56,75,36,107,-57,101,-123,75
-57,74,36,107,-57,101,-124,74
-57,74,36,107,-57,101,-125,74
-58,74,36,108,-57,101,-125,74
-57,74,37,108,-57,101,-125,74
-57,75,36,107,-57,101,-124,75
-56,75,34,106,-57,101,-123,73
-55,73,34,105,-57,101,-123,72
-54,72,34,105,-57,101,-122,69
-54,70,35,106,-57,101,-122,68
-54,70,35,106,-57,101,-120,68
-54,70,34,106,-57,101,-122,68
-54,71,33,107,-57,101,-122,69
-54,71,33,107,-57,101,-122,69
-54,70,33,107,-57,101,-120,68
-54,70,33,107,-57,101,-120,68
-54,70,32,108,-57,101,-123,68
-54,70,31,109,-57,101,-123,65
-54,70,31,109,-57,101,-123,65
-54,70,31,109,-57,101,-123,65
-55,70,31,109,-56,101,-124,65
-56,69,31,109,-55,101,-125,64
-57,69,30,108,-55,101,-126,64
-57,69,29,108,-56,101,-126,64
-58,68,30,108,-55,101,-128,63
-58,68,31,109,-54,101,-128,63
-58,68,31,109,-53,101,-128,63
-59,70,32,109,-53,101,-129,65
-60,72,31,109,-54,101,-129,67
-60,72,31,109,-54,101,-130,68
-60,71,30,108,-54,101,-130,67
-59,69,30,108,-53,101,-129,64
-58,68,30,108,-52,101,-128,63
-58,68,31,109,-52,101,-128,63
-58,68,32,109,-52,101,-128,63
-58,68,32,110,-53,101,-128,63
-59,68,31,109,-54,101,-128,63
-58,68,30,108,-54,101,-128,63
-57,68,29,107,-54,101,-126,64
-55,69,28,107,-53,101,-125,64
-54,70,28,107,-52,101,-124,65
-54,71,28,106,-52,101,-123,65
-54,70,28,106,-53,101,-123,65
-54,69,28,107,-54,101,-123,64
-54,67,29,107,-54,101,-123,63
-54,67,28,107,-54,101,-124,62
-54,68,28,106,-53,101,-124,63
-55,68,27,106,-52,101,-124,63
-55,68,27,106,-52,101,-124,63
-54,66,27,106,-52,101,-124,62
-54,65,28,106,-52,101,-123,61
-53,65,28,106,-52,101,-123,61
-53,65,27,106,-52,101,-123,61
-54,65,27,106,-52,101,-123,61
-54,65,27,106,-52,101,-124,59
-55,64,27,106,-52,101,-124,59
-55,64,27,106,-52,101,-124,59
-55,64,27,106,-52,101,-125,59
-54,64,27,106,-52,101,-124,59
-53,65,27,106,-52,101,-123,61
-52,66,27,106,-52,101,-122,62
-52,66,27,106,-52,101,-122,62
-53,65,27,106,-52,101,-122,61
-53,65,27,106,-52,101,-123,61
-54,65,28,105,-52,101,-120,61
-55,66,27,106,-52,101,-125,62
-57,67,26,107,-52,101,-126,59
-57,68,25,108,-52,101,-129,61
-57,69,24,109,-52,101,-129,62
-56,69,25,108,-52,101,-128,62
-55,71,25,108,-52,101,-128,64
-56,73,26,109,-52,101,-128,65
-56,74,27,112,-52,101,-128,67
-56,75,27,113,-52,101,-130,68
-56,75,28,113,-52,101,-130,68
-55,76,28,112,-52,101,-128,69
-54,78,29,112,-52,101,-126,73
-53,79,29,111,-52,101,-125,75
-52,81,28,112,-52,101,-124,76
-51,83,28,112,-52,101,-123,75
-50,83,27,113,-52,101,-125,76
-50,84,27,113,-52,101,-124,76
-49,86,28,112,-52,101,-124,79
-49,88,28,112,-52,101,-123,81
-48,90,28,113,-52,101,-123,83
-47,90,28,113,-52,101,-122,84
-48,90,28,112,-52,101,-123,84
-49,91,28,112,-52,101,-124,84
-50,93,28,112,-52,101,-124,86
-49,95,28,113,-52,101,-124,87
-47,97,29,114,-52,101,-122,92
-46,97,29,114,-52,101,-120,92
-45,97,28,114,-52,101,-120,90
-46,97,28,113,-52,101,-120,90
-46,97,28,112,-52,101,-120,90
-46,97,28,112,-52,101,-120,90
-46,97,28,113,-52,101,-120,90
-46,97,28,113,-52,101,-120,90
-46,97,28,113,-52,101,-120,90
-46,97,28,112,-52,100,-118,92
-46,97,29,111,-52,99,-118,92
-46,97,30,111,-52,99,-118,92
-46,97,32,111,-52,99,-115,92
-46,97,32,111,-52,100,-115,95
-46,97,32,112,-52,101,-118,92
-45,95,30,113,-52,101,-118,91
-45,95,30,114,-52,101,-119,90
-45,94,31,115,-52,101,-119,90
-45,95,33,114,-52,101,-118,90
-45,94,33,114,-51,99,-117,92
-44,94,33,115,-50,97,-117,90
-43,93,32,115,-51,97,-118,89
-43,92,32,116,-52,99,-118,87
-45,92,32,115,-52,101,-119,87
-47,91,32,115,-52,101,-122,86
-48,90,32,115,-52,101,-123,85
-48,90,32,116,-52,101,-123,85
-47,90,31,116,-52,100,-122,86
-46,91,31,116,-52,99,-122,86
-46,93,32,116,-52,99,-120,89
-46,95,31,116,-52,99,-122,91
-46,97,30,115,-52,99,-120,92
-46,97,30,115,-52,97,-120,92
-46,97,30,115,-52,96,-120,92
-46,96,30,114,-52,95,-122,92
-46,97,30,113,-52,95,-118,92
-44,97,29,112,-52,96,-117,92
-43,98,28,112,-52,97,-115,93
-42,100,28,112,-52,98,-114,93
-43,102,28,113,-52,97,-118,96
-44,104,27,113,-52,96,-119,97
-44,104,27,112,-52,95,-119,97
-44,103,28,113,-52,95,-119,96
-44,103,29,114,-52,96,-119,98
-43,104,30,115,-52,98,-118,100
-41,106,31,116,-52,99,-117,102
-41,109,32,116,-52,99,-117,104
-42,110,32,116,-52,97,-117,106
-42,110,31,116,-52,96,-118,106
-42,110,30,115,-53,96,-117,106
-40,110,30,115,-52,97,-115,106
-39,112,30,115,-52,99,-114,107
-38,112,31,116,-52,100,-113,108
-37,112,32,116,-52,101,-112,108
-37,112,32,116,-52,101,-113,108
-38,112,31,116,-52,99,-113,108
-38,112,31,116,-51,97,-113,108
-38,112,31,116,-50,95,-113,108
-38,114,31,116,-51,96,-113,109
-39,114,31,116,-52,97,-114,109
-38,113,31,116,-52,99,-113,109
-38,112,31,116,-52,100,-113,108
-37,112,31,116,-52,99,-112,107
-37,112,31,116,-52,98,-112,108
-38,112,31,116,-53,98,-113,108
-39,113,31,116,-52,100,-114,108
-42,112,31,116,-52,100,-117,108
-42,111,31,116,-51,100,-118,107
-43,110,31,116,-50,99,-118,106
-42,110,31,116,-50,99,-117,106
-42,110,31,116,-50,100,-117,106
-42,110,31,116,-50,101,-117,106
-42,110,31,116,-51,101,-117,106
-42,110,31,116,-52,101,-117,106
-42,110,31,116,-52,100,-117,106
-42,110,31,116,-52,100,-117,106
-42,110,31,116,-51,99,-117,106
-42,110,31,116,-50,97,-117,106
-42,110,31,116,-51,97,-117,106
-42,110,31,116,-51,96,-117,106
-42,110,31,116,-50,97,-117,106
-42,110,31,116,-49,99,-117,106
-42,110,31,116,-48,101,-117,106
-42,110,31,116,-49,101,-117,106
-42,110,31,116,-50,101,-117,106
-42,110,31,116,-52,99,-117,106
-42,110,31,116,-53,99,-117,106
-42,110,31,116,-52,99,-117,106
-42,110,31,116,-52,100,-117,106
-42,110,31,116,-52,101,-117,106
-42,110,31,116,-52,101,-117,106
-42,110,31,116,-52,101,-117,106
-42,110,31,116,-52,101,-117,106
-42,110,31,116,-50,101,-117,106
-42,110,31,116,-50,101,-117,106
-42,110,31,116,-51,101,-117,106
-42,110,31,116,-52,101,-117,106
-42,110,31,116,-52,101,-117,106
-42,110,31,116,-51,101,-117,106
-42,110,31,116,-49,100,-117,106
-41,110,31,116,-47,100,-117,106
-42,110,31,116,-48,100,-117,106
-43,109,31,116,-49,101,-118,104
-45,108,31,116,-50,101,-120,103
-46,108,31,116,-51,101,-122,103
-46,108,31,116,-52,101,-122,103
-46,108,31,116,-53,101,-122,103
-46,108,31,116,-52,101,-120,103
-46,106,31,116,-51,101,-120,102
-46,105,31,116,-50,101,-122,101
-47,105,31,116,-50,101,-122,101
-46,105,31,116,-52,101,-122,101
-45,105,31,116,-53,100,-120,101
-44,105,30,117,-53,101,-119,101
-44,105,29,118,-52,102,-122,98
-44,104,29,118,-50,104,-122,97
-45,103,29,118,-50,105,-123,96
-47,102,29,118,-49,106,-124,95
-49,102,29,118,-50,106,-126,95
-50,103,28,119,-50,105,-126,96
-50,103,28,119,-52,105,-128,96
-49,103,29,119,-52,105,-126,96
-47,103,30,117,-52,105,-125,98
-45,103,31,116,-52,105,-120,98
-44,103,32,116,-51,105,-119,98
-43,103,31,116,-50,105,-118,98
-44,104,31,116,-50,105,-119,100
-46,106,31,116,-50,105,-120,102
-46,108,31,116,-52,105,-122,103
-47,109,31,116,-52,105,-122,104
-46,112,31,116,-52,105,-122,107
-45,113,31,116,-50,105,-120,109
-44,115,31,116,-50,105,-119,111
-44,114,31,116,-50,105,-119,109
-43,114,31,116,-51,105,-119,109
-43,115,31,116,-52,105,-118,111
-43,116,31,116,-52,105,-118,112
-43,119,31,116,-52,105,-118,114
-43,120,31,116,-52,105,-118,115
-43,121,31,116,-52,105,-118,117
-42,121,31,116,-52,105,-117,117
-42,121,31,116,-50,105,-117,117
-42,121,31,116,-49,105,-118,117
-43,121,31,116,-48,105,-118,117
-42,121,31,116,-49,105,-118,117
-41,120,31,116,-50,105,-117,115
-40,118,31,116,-51,105,-115,113
-40,116,31,116,-51,105,-115,112
-41,116,31,116,-51,105,-117,112
-43,115,31,116,-50,105,-118,111
-44,114,31,116,-49,106,-119,109
-44,113,31,116,-50,106,-119,108
-42,111,31,116,-50,105,-118,107
-41,110,31,116,-50,105,-117,106
-41,109,31,116,-50,105,-117,104
-44,109,32,117,-51,106,-119,104
-47,109,32,118,-51,107,-124,104
-48,109,31,119,-50,108,-126,104
-48,107,30,117,-50,107,-125,102
-46,104,30,116,-51,106,-122,100
-46,102,30,115,-51,105,-122,97
-48,101,30,114,-50,105,-123,97
-48,101,29,114,-49,105,-123,96
-48,100,29,114,-49,106,-123,95
-48,97,29,114,-50,106,-123,93
-49,95,28,113,-50,105,-124,89
-50,94,28,113,-49,105,-125,87
-50,94,27,113,-49,105,-125,86
-50,93,27,113,-50,105,-125,86
-49,93,28,112,-51,105,-124,85
-50,91,28,113,-51,105,-124,84
-50,90,28,113,-50,105,-125,83
-50,89,27,113,-49,105,-125,81
-51,88,27,114,-48,105,-125,81
-52,88,26,114,-48,105,-126,81
-52,88,27,114,-49,105,-126,80
-52,88,26,114,-50,105,-126,81
-53,88,25,115,-49,105,-128,80
-52,88,24,116,-48,105,-129,78
-51,88,24,117,-47,105,-128,79
-49,89,25,117,-47,105,-126,80
-48,90,25,117,-47,105,-125,83
-47,90,26,118,-47,105,-124,83
-48,90,25,117,-47,105,-125,83
-48,90,25,117,-47,105,-125,80
-48,90,24,116,-47,105,-125,80
-48,90,24,116,-47,105,-125,80
-47,90,24,116,-47,105,-124,80
-48,90,25,116,-47,105,-125,81
-48,91,25,116,-47,105,-125,81
-49,93,24,116,-48,105,-126,84
-50,94,24,117,-49,106,-126,85
-50,95,24,116,-48,105,-128,85
-50,95,25,115,-47,104,-128,87
-50,94,27,114,-47,103,-125,87
-50,94,27,113,-47,103,-125,87
-50,95,28,112,-47,103,-123,87
-50,94,28,112,-47,104,-125,87
-50,94,27,113,-47,104,-125,87
-50,95,27,113,-47,103,-125,87
-51,96,27,113,-47,102,-125,89
-52,97,28,112,-47,101,-126,90
-52,99,28,112,-47,102,-128,91
-52,99,28,112,-47,103,-128,92
-53,99,28,112,-47,104,-128,91
-53,99,28,112,-47,104,-128,91
-53,98,27,113,-47,102,-128,91
-51,97,27,113,-47,101,-126,90
-50,96,28,112,-47,100,-125,89
-50,94,28,112,-47,100,-125,87
-51,93,28,112,-47,101,-126,86
-53,93,27,113,-47,101,-128,86
-54,92,27,114,-47,100,-129,85
-54,91,26,114,-47,100,-129,84
-53,89,26,114,-47,100,-128,81
-52,88,26,114,-47,100,-126,80
-52,87,26,114,-47,100,-126,80
-52,88,26,115,-47,100,-126,80
-52,88,25,115,-47,100,-126,81
-53,88,26,115,-47,100,-128,81
-53,87,26,114,-47,100,-128,80
-53,86,26,114,-47,100,-128,79
-52,84,26,114,-47,100,-126,76
-52,83,26,114,-47,100,-126,75
-53,82,27,114,-47,100,-128,75
-54,81,27,113,-47,100,-129,74
-55,81,28,112,-47,100,-129,74
-54,80,28,112,-47,100,-129,73
-52,78,28,112,-47,100,-126,72
-51,77,27,113,-47,100,-126,70
-52,76,27,113,-47,100,-126,69
-53,76,28,113,-47,100,-128,69
-55,75,28,113,-47,100,-130,68
-56,75,27,112,-47,100,-130,68
-57,74,26,111,-47,100,-129,67
-56,74,25,111,-47,100,-128,67
-56,75,26,111,-47,100,-128,68
-56,75,26,111,-47,100,-128,68
-56,74,27,112,-47,100,-128,67
-56,75,25,111,-47,100,-128,68
-56,75,24,110,-47,100,-128,68
-56,75,24,109,-47,100,-128,68
-56,73,24,109,-47,100,-128,67
-56,71,24,109,-47,100,-128,64
-57,68,24,110,-47,101,-129,62
-58,67,23,110,-47,101,-130,58
-58,68,23,111,-47,100,-133,58
-59,69,23,110,-47,99,-131,59
-60,71,24,110,-47,98,-131,64
-61,73,24,109,-47,99,-133,65
-61,73,24,109,-47,100,-133,65
-60,71,24,109,-47,101,-131,64
-59,69,24,109,-47,101,-130,62
-58,68,24,109,-47,101,-130,61
-58,67,24,109,-47,101,-130,61
-59,69,24,109,-47,100,-130,62
-59,72,24,109,-47,99,-130,64
-57,74,24,109,-47,98,-129,67
-57,75,24,109,-47,99,-129,68
-56,75,24,109,-47,100,-128,68
-56,75,24,109,-47,101,-128,68
-56,75,24,109,-47,101,-128,68
-56,74,24,109,-47,100,-128,67
-57,75,24,109,-47,100,-129,68
-57,76,24,109,-47,100,-129,69
-57,78,24,109,-47,100,-129,72
-55,80,24,109,-47,100,-128,73
-54,82,24,109,-47,100,-126,74
-54,82,24,109,-47,100,-126,74
-54,81,24,109,-47,100,-126,74
-54,81,24,109,-47,100,-126,74
-54,81,25,110,-47,100,-126,74
-54,81,25,110,-47,100,-126,74
-53,82,25,111,-47,100,-125,74
-51,83,25,110,-47,100,-123,75
-50,83,26,111,-47,100,-122,76
-50,84,27,112,-47,100,-122,76
-50,83,27,112,-47,100,-125,76
-50,83,28,113,-47,100,-124,76
-48,84,28,113,-47,100,-123,76
-47,85,28,112,-47,100,-122,78
-46,87,28,112,-47,100,-120,80
-47,89,28,112,-47,100,-122,83
-48,90,28,112,-47,100,-123,84
-48,90,28,112,-47,100,-123,84
-48,90,28,113,-47,100,-123,83
-48,90,29,114,-47,100,-123,85
-49,91,29,114,-47,100,-124,86
-49,93,29,114,-47,100,-124,89
-49,95,28,113,-47,100,-124,87
-48,95,27,113,-47,100,-123,89
-47,96,28,114,-47,100,-123,89
-47,96,30,115,-47,100,-122,91
-46,98,32,116,-47,100,-122,93
-47,100,32,116,-47,100,-123,96
-48,101,31,117,-47,100,-123,96
-48,101,30,117,-47,100,-123,97
-48,101,29,116,-47,100,-123,93
-48,101,29,115,-47,100,-123,93
-48,101,30,116,-47,100,-123,96
-48,101,30,117,-47,101,-125,93
-48,101,29,118,-47,101,-125,93
-48,101,29,119,-47,100,-125,93
-48,101,30,118,-47,100,-125,96
-48,101,30,117,-47,101,-125,96
-48,101,29,117,-47,102,-125,93
-48,101,28,117,-47,104,-125,93
-48,100,28,116,-47,105,-125,92
-47,99,29,116,-47,106,-122,92
-46,98,28,116,-47,105,-122,91
-46,98,27,116,-47,105,-124,91
-47,97,25,115,-47,105,-125,90
-48,95,26,114,-47,105,-123,89
-47,94,27,113,-47,105,-122,87
-46,93,28,112,-47,105,-119,86
-46,93,28,113,-47,105,-122,86
-47,92,27,113,-47,105,-122,85
-48,91,27,113,-47,105,-123,84
-48,90,28,112,-47,105,-123,84
-48,90,28,112,-47,105,-123,83
-48,90,27,113,-47,105,-123,84
-48,90,27,113,-47,105,-123,84
-48,90,28,112,-47,105,-123,84
-48,90,28,112,-47,105,-120,84
-48,90,28,113,-47,105,-123,84
-48,90,27,114,-47,105,-123,83
-48,90,25,115,-47,105,-125,83
-48,90,23,115,-47,105,-125,80
-48,90,24,114,-47,105,-123,81
-48,90,25,113,-47,105,-123,84
-48,90,26,114,-47,105,-123,83
-49,89,25,115,-47,105,-126,83
-49,89,25,116,-47,105,-126,79
-49,90,25,115,-47,105,-126,83
-49,91,25,115,-47,105,-123,84
-49,93,25,115,-47,105,-126,86
-50,94,25,116,-47,105,-128,85
-50,95,25,116,-47,105,-128,85
-49,95,25,116,-47,105,-126,89
-47,97,25,115,-47,105,-123,90
-47,98,25,115,-47,106,-122,91
-47,100,25,115,-47,107,-122,92
-47,100,27,114,-47,108,-123,93
-48,101,28,114,-46,109,-123,93
-48,101,29,113,-46,110,-123,96
-48,101,29,114,-46,110,-123,96
-48,101,28,114,-46,110,-123,93
-49,102,28,115,-46,110,-124,95
-48,104,28,116,-46,110,-123,97
-47,107,29,116,-46,110,-122,100
-46,108,30,117,-46,110,-124,101
-46,108,29,119,-46,110,-123,101
-46,108,28,120,-46,110,-125,101
-46,108,28,119,-46,110,-126,101
-46,108,28,119,-46,110,-124,101
-46,108,29,119,-46,110,-124,101
-46,108,29,118,-46,110,-123,101
-46,108,29,118,-46,110,-124,101
-46,108,29,119,-46,110,-124,101
-46,108,29,119,-46,110,-124,101
-47,109,30,120,-46,110,-126,102
-47,109,30,120,-46,110,-124,102
-47,109,30,119,-46,110,-124,102
-46,108,29,119,-46,110,-124,101
-46,108,29,120,-46,110,-126,101
-46,108,30,122,-46,110,-126,101
-46,108,31,123,-46,110,-126,101
-46,108,31,122,-46,110,-126,101
-46,108,30,122,-46,110,-126,101
-46,108,29,121,-46,110,-126,101
-46,108,29,121,-46,110,-126,101
-46,108,29,120,-46,110,-126,101
-46,108,29,120,-46,110,-126,101
-46,108,29,120,-46,110,-125,101
-46,108,29,121,-46,110,-126,101
-46,108,31,122,-46,110,-126,101
-46,108,32,123,-46,110,-126,101
-46,108,31,122,-46,110,-125,101
-46,108,29,121,-46,110,-125,101
-46,108,28,119,-46,110,-126,101
-47,107,28,119,-46,110,-124,100
-49,106,28,119,-46,111,-129,98
-50,106,28,120,-46,112,-130,98
-51,105,28,119,-46,113,-130,98
-50,104,28,119,-46,113,-130,97
-49,102,28,120,-46,112,-129,95
-48,101,28,120,-46,112,-128,95
-48,101,28,119,-46,113,-128,93
-49,100,27,118,-46,114,-126,92
-50,98,25,117,-46,114,-128,89
-51,96,26,117,-46,113,-129,89
-50,94,27,119,-46,112,-128,87
-49,93,28,119,-46,111,-129,85
-50,90,27,119,-46,110,-129,84
-51,89,25,118,-46,110,-128,79
-52,88,24,116,-46,110,-129,79
-53,87,25,115,-46,112,-130,80
-53,86,26,115,-46,112,-128,79
-53,84,27,114,-46,112,-128,76
-54,81,27,114,-46,111,-129,74
-55,79,26,114,-47,110,-130,72
-56,77,26,114,-46,110,-130,69
-56,75,27,114,-46,110,-130,68
-56,73,28,113,-46,110,-130,65
-56,71,28,112,-47,110,-130,64
-57,69,27,112,-47,112,-129,62
-57,67,26,111,-46,114,-129,59
-57,65,25,111,-45,114,-129,58
-56,64,25,110,-45,112,-128,57
-55,64,24,109,-45,110,-128,57
-56,64,24,109,-46,110,-128,57
-57,64,24,109,-47,110,-129,57
-59,62,24,109,-47,110,-130,54
-59,60,24,109,-46,110,-131,53
-60,59,24,109,-46,110,-131,52
-60,60,24,109,-46,111,-131,53
-60,61,24,109,-47,112,-131,54
-60,61,24,109,-46,112,-133,54
-60,62,24,109,-46,112,-133,54
-60,61,24,109,-46,111,-133,54
-60,61,24,109,-46,110,-133,54
-61,61,24,109,-46,110,-133,53
-60,61,24,109,-46,110,-133,54
-60,64,24,109,-46,110,-131,57
-59,66,24,109,-46,110,-130,59
-58,68,24,109,-46,110,-130,61
-58,68,25,110,-46,110,-130,61
-58,68,25,110,-46,110,-130,61
-59,69,25,111,-46,111,-131,62
-60,71,25,110,-46,112,-131,63
-59,73,25,110,-46,112,-131,65
-57,74,25,111,-46,112,-129,67
-56,75,26,111,-46,111,-128,68
-56,74,26,112,-46,110,-128,67
-56,75,26,111,-46,110,-128,68
-57,75,25,111,-46,110,-129,68
-56,77,25,110,-46,110,-128,70
-54,79,25,111,-46,110,-126,72
-53,79,25,111,-47,110,-125,73
-53,79,25,112,-46,110,-128,72
-54,78,23,112,-46,110,-128,69
-54,77,22,112,-47,110,-129,68
-55,76,23,111,-47,110,-129,67
-56,76,24,112,-47,110,-130,69
-57,76,26,112,-46,110,-129,69
-57,76,27,112,-45,110,-129,69
-57,75,26,110,-45,110,-129,68
-56,74,24,110,-45,110,-128,67
-56,75,23,110,-45,110,-128,65
-56,75,23,111,-45,110,-130,65
-55,74,23,111,-45,110,-126,67
-55,72,24,110,-45,110,-126,64
-55,70,24,109,-45,110,-128,63
-56,69,24,109,-45,110,-128,62
-57,68,24,109,-45,110,-129,62
-56,68,24,109,-44,110,-128,61
-56,66,24,109,-43,110,-128,58
-55,64,24,109,-43,110,-128,57
-56,63,24,109,-43,110,-128,56
-56,64,24,109,-43,110,-128,57
-57,63,24,109,-43,110,-129,56
-59,62,24,109,-43,110,-130,56
-60,61,24,109,-43,110,-131,54
-61,61,24,109,-43,110,-133,54
-60,61,24,109,-43,110,-133,54
-60,61,24,109,-42,110,-131,54
-60,61,24,109,-42,110,-131,54
-60,61,24,109,-41,110,-131,54
-60,61,24,109,-42,110,-131,54
-60,61,24,109,-43,108,-133,54
-60,61,24,109,-43,107,-133,54
-60,61,24,109,-43,106,-133,54
-60,61,24,109,-44,106,-131,54
-60,61,24,109,-44,107,-131,54
-60,61,24,109,-45,107,-133,54
-62,60,24,109,-45,108,-134,53
-63,60,24,109,-44,108,-135,52
-63,60,24,109,-43,107,-135,52
-61,61,24,109,-42,106,-134,53
-61,61,24,109,-42,105,-133,54
-61,61,24,109,-42,105,-134,53
-63,60,24,109,-42,105,-135,52
-63,60,24,109,-43,105,-135,52
-62,61,24,109,-45,105,-134,53
-61,61,24,109,-47,105,-133,54
-61,61,24,109,-47,105,-133,53
-62,61,24,109,-47,105,-134,53
-62,61,24,109,-47,105,-134,53
-61,61,24,109,-46,105,-133,54
-60,61,24,109,-44,105,-131,54
-60,61,24,109,-44,105,-131,54
-60,61,24,109,-45,105,-131,54
-60,61,24,109,-46,105,-131,54
-60,61,24,109,-46,105,-131,54
-61,61,24,109,-46,105,-133,54
-61,61,24,109,-45,105,-133,54
-60,61,23,110,-46,105,-131,52
-59,62,23,111,-46,105,-134,52
-57,63,22,111,-47,105,-131,53
-56,64,22,111,-47,105,-130,54
-56,65,22,112,-47,105,-130,56
-57,65,22,112,-47,105,-131,56
-57,66,22,112,-47,105,-131,57
-57,67,22,112,-46,105,-131,58
-58,68,21,112,-46,105,-133,58
-59,68,21,113,-45,105,-133,58
-58,68,22,114,-46,105,-135,58
-57,68,23,115,-46,105,-134,58
-55,69,24,116,-47,105,-131,59
-55,72,25,116,-47,105,-131,62
-55,74,25,116,-47,105,-131,64
-56,75,24,116,-47,106,-133,65
-57,75,24,116,-47,105,-134,65
-56,75,24,116,-47,104,-133,65
-56,74,24,116,-47,102,-133,64
-56,75,24,116,-45,102,-133,65
-55,75,24,116,-44,101,-131,65
-54,75,24,116,-44,101,-131,65
-54,76,24,116,-45,102,-130,67
-54,75,25,116,-47,104,-131,65
-55,75,25,115,-47,105,-131,68
-56,75,25,115,-48,106,-130,68
-56,75,25,115,-47,105,-133,68
-56,74,25,115,-45,104,-133,67
-56,74,25,115,-43,101,-133,67
-56,75,25,115,-42,100,-133,68
-56,75,25,115,-43,100,-133,68
-56,76,25,115,-44,101,-134,69
-57,76,25,115,-45,102,-134,69
-59,75,25,115,-44,102,-136,68
-60,75,25,116,-43,101,-136,68
-60,75,25,116,-42,100,-137,65
-60,74,24,114,-43,100,-134,64
-59,73,24,112,-44,100,-134,65
-60,72,24,109,-44,101,-131,65
-61,72,23,110,-43,100,-133,63
-61,73,21,112,-42,100,-135,63
-61,72,21,113,-42,100,-137,63
-60,71,21,112,-44,100,-134,62
-59,69,23,110,-46,100,-130,59
-58,68,24,109,-46,100,-130,61
-58,68,24,109,-44,100,-130,61
-58,68,23,110,-43,100,-130,58
-57,67,21,112,-43,100,-131,57
-57,65,21,113,-43,100,-134,56
-56,64,21,113,-44,100,-133,54
-56,63,21,112,-44,100,-130,53
-57,63,22,111,-45,100,-131,53
-57,63,23,110,-46,100,-129,53
-57,63,23,110,-46,100,-129,56
-56,63,23,111,-44,100,-130,53
-56,62,22,112,-42,100,-130,53
-58,61,21,113,-42,100,-133,51
-59,60,20,113,-44,100,-136,51
-60,59,21,113,-46,99,-136,50
-59,58,21,113,-47,98,-133,48
-59,59,21,113,-46,99,-133,50
-59,60,21,113,-46,100,-134,50
-60,61,21,113,-46,100,-136,52
-61,62,21,113,-46,99,-135,52
-60,61,21,113,-46,98,-135,52
-60,61,21,113,-46,99,-134,52
-60,61,21,113,-46,100,-134,52
-60,61,21,113,-47,101,-134,52
-60,61,21,113,-47,101,-135,52
-60,61,21,113,-47,100,-135,52
-60,61,21,113,-47,100,-135,52
-60,61,21,113,-47,100,-135,52
-60,61,21,113,-47,101,-134,52
-60,61,21,113,-47,100,-135,52
-61,63,21,113,-47,100,-135,53
-62,65,21,113,-47,100,-136,54
-63,65,21,113,-47,101,-137,56
-63,66,21,113,-47,101,-140,57
-61,66,21,113,-47,100,-139,57
-59,67,21,113,-47,98,-136,58
-58,68,21,113,-47,97,-133,58
-58,68,21,112,-47,97,-133,58
-59,69,21,113,-47,99,-136,59
-60,71,19,114,-47,98,-136,59
-59,73,18,116,-47,97,-139,61
-57,74,18,116,-47,96,-136,62
-56,75,19,114,-47,97,-133,63
-56,75,20,113,-47,98,-130,65
-56,74,21,113,-47,99,-130,64
-56,75,22,114,-47,98,-133,65
-55,75,23,115,-47,97,-131,65
-53,76,24,116,-47,97,-130,67
-52,76,25,117,-47,97,-129,67
-52,77,25,116,-47,96,-129,68
-52,78,24,116,-47,95,-129,69
-54,80,24,116,-47,95,-130,70
-54,81,25,116,-47,96,-131,72
-54,82,25,117,-47,97,-131,74
-55,81,26,117,-47,97,-131,74
-54,81,25,117,-47,97,-131,72
-53,82,25,117,-47,97,-130,72
-51,83,25,117,-47,97,-128,73
-50,83,26,117,-47,97,-126,76
-49,83,25,117,-47,96,-126,76
-50,84,25,116,-47,95,-126,74
-51,85,24,116,-47,95,-128,75
-51,86,24,116,-47,96,-128,76
-51,86,24,116,-47,96,-128,76
-51,86,25,116,-47,95,-128,76
-51,86,25,116,-47,95,-128,76
-52,86,24,116,-47,96,-129,76
-52,87,24,116,-47,97,-129,78
-51,89,24,117,-47,97,-128,79
-49,90,24,116,-47,97,-126,80
-48,90,25,115,-47,96,-123,84
-47,90,27,114,-47,95,-122,84
-47,90,28,113,-47,95,-122,83
-48,90,27,113,-47,96,-123,84
-49,91,25,115,-47,97,-124,84
-49,93,24,116,-47,98,-126,84
-49,95,24,117,-47,98,-125,85
-47,96,25,117,-47,98,-125,89
-46,97,27,116,-47,97,-124,90
-46,98,28,115,-47,96,-120,91
-45,99,28,115,-47,96,-120,92
-44,101,29,116,-47,96,-119,93
-44,102,29,118,-47,97,-122,95
-44,104,29,119,-47,98,-122,97
-44,107,28,120,-47,99,-124,100
-43,109,28,120,-47,100,-123,102
-42,110,28,120,-47,101,-122,103
-42,109,28,119,-47,101,-119,102
-42,110,28,119,-47,101,-119,103
-41,112,28,120,-47,100,-122,104
-41,115,29,121,-47,99,-120,108
-40,116,30,122,-47,98,-120,109
-39,117,30,122,-47,99,-119,111
-40,117,29,121,-47,100,-120,111
-40,117,29,121,-47,101,-120,111
-41,118,30,122,-47,101,-120,112
-41,119,31,122,-47,100,-122,113
-41,120,32,123,-47,100,-122,115
-42,120,32,123,-47,100,-122,113
-43,119,32,123,-47,100,-123,112
-44,118,32,123,-47,100,-124,111
-46,118,31,122,-47,100,-126,111
-46,118,31,122,-47,100,-126,111
-46,117,30,122,-47,100,-126,111
-44,116,29,121,-47,100,-124,108
-44,115,29,120,-47,100,-124,107
-44,114,28,120,-47,100,-124,107
-45,113,28,120,-47,100,-125,106
-46,112,28,120,-47,100,-126,104
-46,110,28,119,-47,100,-125,102
-45,109,29,119,-47,100,-123,102
-45,108,30,117,-47,100,-123,103
-45,107,30,117,-47,100,-122,102
-45,105,30,117,-47,100,-122,98
-44,103,29,118,-47,100,-122,96
-44,101,29,118,-47,100,-122,95
-44,101,31,116,-47,101,-119,96
-44,100,31,116,-47,101,-119,96
-44,99,30,117,-47,100,-122,95
-44,98,29,118,-47,100,-122,91
-45,97,29,119,-47,100,-123,90
-47,96,29,119,-47,101,-124,89
-47,96,28,119,-47,102,-125,89
-47,96,28,119,-47,102,-124,89
-46,95,29,119,-47,102,-124,87
-46,93,29,118,-47,101,-123,85
-46,91,29,118,-47,100,-124,84
-47,90,28,119,-47,100,-124,83
-48,90,28,120,-47,100,-128,83
-48,90,27,120,-47,101,-128,83
-48,90,27,119,-47,101,-125,83
-48,90,28,117,-47,100,-125,83
-48,90,29,116,-47,100,-123,84
-48,90,30,117,-47,100,-123,85
-48,90,28,117,-47,100,-125,83
-47,89,26,117,-47,100,-124,81
-47,88,25,118,-47,100,-124,79
-47,89,26,119,-47,100,-124,81
-48,90,28,119,-47,100,-125,83
-49,90,28,119,-47,100,-126,83
-50,90,27,119,-47,100,-126,83
-51,89,26,118,-47,100,-128,83
-51,88,25,117,-47,100,-128,79
-51,86,25,116,-47,100,-129,76
-51,85,25,116,-47,100,-128,75
-50,83,25,117,-47,100,-128,76
-50,83,26,117,-47,100,-126,76
-49,83,25,117,-47,101,-126,74
-50,83,25,117,-47,101,-126,74
-51,83,25,117,-47,101,-128,75
-53,82,26,118,-47,100,-130,75
-54,82,27,119,-47,100,-131,74
-55,81,27,119,-47,101,-131,74
-54,80,27,119,-47,101,-130,73
-51,79,26,118,-47,103,-128,72
-50,78,25,117,-47,103,-128,68
-50,77,25,117,-47,103,-128,68
-52,77,25,116,-47,102,-129,69
-52,77,26,116,-47,100,-129,69
-52,77,27,116,-47,100,-129,70
-51,77,27,116,-47,101,-129,70
-52,77,28,117,-47,102,-129,69
-53,76,28,118,-47,103,-130,69
-55,75,27,116,-47,104,-133,68
-56,75,26,115,-47,104,-133,68
-57,74,25,115,-47,104,-134,67
-56,75,25,115,-47,104,-133,68
-56,75,25,116,-47,105,-133,65
-57,75,25,116,-47,106,-134,68
-58,75,26,117,-48,106,-135,68
-59,75,26,117,-49,106,-135,68
-60,75,26,116,-49,105,-136,68
-60,73,25,116,-48,105,-136,67
-60,72,25,116,-46,104,-137,63
-60,71,24,116,-45,103,-136,61
-59,69,24,116,-44,102,-136,59
-58,68,25,117,-44,101,-135,58
-58,68,25,116,-44,104,-135,58
-58,68,24,116,-44,105,-135,58
-58,68,23,115,-45,105,-135,59
-58,68,22,114,-45,104,-135,58
-60,68,22,114,-46,102,-136,58
-61,66,22,114,-47,101,-137,57
-62,66,22,114,-47,102,-139,56
-63,65,21,113,-47,103,-140,56
-62,66,21,113,-47,103,-136,57
-63,66,21,112,-47,103,-137,57
-64,65,21,113,-47,102,-137,56
-63,64,21,113,-47,102,-140,53
-62,62,21,114,-47,101,-139,52
-61,61,22,114,-47,100,-137,52
-61,61,22,114,-47,100,-137,51
-63,60,22,115,-47,101,-140,51
-65,59,23,115,-47,102,-141,50
-64,58,23,115,-47,102,-141,48
-63,56,22,115,-47,102,-140,46
-62,55,21,113,-47,101,-136,45
-62,54,21,112,-47,100,-136,45
-62,54,21,113,-47,100,-136,45
-62,55,21,113,-47,100,-139,45
-62,55,21,113,-47,101,-139,46
-61,56,21,113,-47,101,-135,46
-61,55,21,112,-47,100,-135,46
-61,55,23,110,-47,100,-133,46
-62,55,24,109,-47,100,-134,48
-61,55,24,109,-47,100,-133,48
-61,56,24,109,-47,100,-133,48
-61,55,24,110,-47,100,-133,48
-61,55,24,110,-47,100,-133,48
-61,56,24,109,-47,100,-133,48
-61,57,24,109,-47,100,-133,50
-61,60,25,109,-47,100,-133,52
-60,61,25,111,-47,100,-133,54
-60,62,25,113,-47,100,-135,54
-61,61,25,115,-47,100,-137,54
-60,61,25,114,-47,100,-134,54
-59,62,25,113,-47,100,-134,54
-57,63,26,112,-47,100,-131,56
-56,63,25,112,-47,100,-130,56
-56,64,24,113,-47,100,-130,57
-57,65,23,114,-47,100,-131,56
-57,66,23,115,-46,100,-134,57
-57,68,23,115,-45,100,-134,59
-55,70,23,115,-46,100,-133,61
-54,71,22,114,-47,100,-131,62
-55,72,22,114,-47,100,-131,63
-55,73,23,115,-47,100,-133,63
-56,74,24,116,-47,100,-133,64
-55,75,25,116,-47,100,-131,65
-54,76,25,116,-47,100,-130,67
-53,78,24,116,-47,100,-130,68
-53,80,24,116,-46,100,-130,70
-53,82,24,116,-45,100,-130,73
-52,84,25,116,-46,100,-129,75
-51,86,25,116,-47,100,-129,76
-52,88,24,116,-47,100,-129,78
-53,90,24,116,-48,100,-130,80
-52,91,25,116,-47,100,-129,81
-51,93,25,117,-47,100,-129,86
-51,95,27,119,-46,100,-128,87
-50,96,28,120,-45,100,-130,89
-50,98,27,121,-44,100,-130,91
-49,100,27,121,-43,100,-129,92
-49,101,27,121,-43,101,-129,93
-49,103,28,120,-43,100,-129,96
-48,104,28,119,-44,98,-128,97
-47,106,28,119,-44,96,-125,100
-46,108,28,120,-45,96,-126,101
-46,109,29,121,-46,97,-126,102
-47,111,30,122,-47,99,-128,103
-49,112,31,122,-48,101,-129,104
-49,112,31,122,-47,101,-129,104
-47,113,30,122,-47,101,-128,106
-45,113,30,122,-47,100,-125,106
-44,114,31,122,-47,100,-124,107
-44,114,32,123,-47,100,-124,107
-44,114,32,123,-47,100,-124,107
-44,114,32,123,-47,100,-124,107
-43,115,32,123,-47,100,-123,108
-41,116,32,123,-47,100,-122,109
-40,116,32,123,-47,100,-120,109
-39,117,32,123,-47,100,-119,111
-40,117,32,123,-47,100,-120,109
-40,116,32,123,-47,100,-120,109
-39,115,32,123,-47,100,-119,108
-39,115,32,123,-47,100,-119,108
-39,115,32,123,-47,100,-119,108
-39,115,32,123,-47,100,-119,108
-38,114,32,123,-47,100,-118,107
-38,112,32,123,-47,100,-118,106
-37,112,32,123,-47,100,-117,104
-37,112,32,123,-47,100,-117,106
-38,112,32,123,-47,100,-118,106
-39,112,32,123,-47,100,-119,104
-40,110,32,123,-47,100,-120,103
-42,110,32,123,-47,100,-122,103
-42,110,32,123,-47,100,-122,103
-42,110,32,123,-47,100,-122,103
-42,110,32,123,-47,100,-122,103
-43,108,31,122,-47,100,-123,102
-44,107,30,122,-47,100,-124,100
-45,105,29,121,-47,100,-124,98
-44,104,29,120,-47,100,-124,97
-44,103,28,120,-47,100,-124,96
-44,103,28,119,-47,100,-124,96
-45,103,28,119,-47,100,-124,96
-45,102,28,120,-47,100,-125,95
-45,103,28,120,-47,100,-125,96
-46,102,28,119,-47,100,-125,95
-47,102,27,119,-47,100,-124,95
-48,101,26,118,-47,100,-125,95
-48,101,25,117,-47,100,-125,93
-47,100,26,117,-47,100,-125,92
-46,98,25,117,-47,100,-124,91
-46,98,25,116,-47,100,-124,89
-46,98,24,116,-47,100,-124,89
-46,98,25,116,-47,100,-124,89
-46,97,25,117,-47,100,-123,87
-46,96,26,118,-47,100,-124,89
-47,96,27,118,-47,100,-124,89
-47,96,27,119,-47,100,-125,89
-47,96,28,119,-47,100,-126,89
-46,97,28,120,-47,100,-125,90
-46,97,28,120,-47,100,-125,90
-47,96,28,119,-47,100,-128,89
-49,95,28,119,-47,100,-129,87
-49,95,28,119,-47,100,-129,87
-48,96,28,119,-47,100,-128,89
-46,98,28,119,-47,100,-126,91
-47,100,28,119,-47,100,-126,92
-48,101,28,119,-47,100,-128,93
-48,101,28,119,-47,100,-128,95
-48,101,28,119,-47,100,-128,93
-48,101,28,119,-47,100,-128,93
-48,101,28,119,-47,100,-128,93
-49,102,28,120,-47,100,-129,95
-49,105,28,120,-47,100,-129,97
-47,107,28,119,-47,100,-128,100
-46,108,28,119,-47,100,-124,101
-46,108,28,120,-47,100,-125,101
-46,107,29,121,-47,100,-125,100
-46,108,30,122,-47,100,-126,101
-46,109,30,122,-47,100,-125,102
-45,112,29,121,-47,100,-125,106
-44,114,29,121,-47,100,-124,107
-44,115,30,122,-47,100,-124,107
-44,115,31,122,-47,100,-124,107
-44,114,32,123,-47,100,-124,109
-43,115,32,123,-47,100,-123,108
-43,115,32,123,-47,100,-123,108
-41,115,32,123,-47,100,-122,108
-40,115,32,123,-47,100,-120,108
-39,115,32,123,-47,101,-119,108
-39,116,31,122,-47,101,-119,109
-39,116,31,122,-47,100,-119,109
-39,115,30,122,-47,100,-119,108
-38,114,31,122,-47,100,-118,107
-39,112,30,122,-47,101,-119,104
-40,110,29,121,-47,102,-120,103
-42,109,28,120,-47,102,-122,102
-42,110,28,119,-47,102,-119,103
-42,110,28,119,-47,101,-122,103
-42,110,28,120,-47,100,-122,103
-42,110,28,120,-47,100,-122,103
-41,109,28,119,-47,101,-122,102
-41,106,28,119,-47,100,-120,100
-41,105,28,119,-47,100,-122,98
-42,104,28,119,-47,100,-122,97
-43,104,28,119,-47,102,-123,97
-43,104,28,119,-47,104,-123,96
-44,103,28,120,-47,105,-124,96
-44,103,28,120,-47,104,-124,96
-45,103,28,120,-47,102,-125,96
-47,102,28,119,-47,102,-124,95
-48,101,27,119,-47,103,-125,93
-48,100,26,119,-47,105,-125,92
-46,98,27,119,-47,106,-124,91
-47,96,28,118,-47,105,-124,89
-48,95,29,118,-47,105,-125,87
-50,94,29,119,-47,105,-128,87
-50,94,28,119,-47,105,-128,87
-50,95,27,119,-47,105,-128,87
-50,94,27,119,-47,105,-129,87
-50,94,27,119,-47,105,-128,87
-51,93,27,119,-47,105,-129,86
-53,93,28,118,-47,105,-130,85
-54,92,28,117,-47,105,-131,85
-55,92,28,116,-47,105,-131,85
-54,92,29,116,-47,105,-129,87
-54,92,31,116,-47,105,-129,87
-54,92,31,115,-47,105,-129,87
-54,92,30,115,-47,105,-129,87
-54,92,28,115,-47,105,-129,85
-54,92,27,115,-47,105,-129,85
-54,92,27,116,-47,105,-131,85
-55,92,28,117,-47,105,-131,85
-54,92,29,116,-47,105,-129,87
-53,93,30,115,-47,105,-128,89
-52,93,30,114,-47,105,-126,89
-51,93,30,114,-47,105,-126,89
-52,93,30,115,-47,105,-126,89
-51,93,30,115,-47,105,-126,89
-50,94,30,115,-47,105,-125,90
-50,94,30,115,-47,105,-125,90
-50,95,30,117,-47,105,-125,90
-50,95,30,118,-47,105,-128,87
-50,94,29,119,-47,105,-128,87
-49,93,29,119,-47,105,-126,86
-48,92,29,118,-47,105,-125,85
-48,91,29,118,-47,105,-125,84
-50,90,29,119,-47,105,-126,84
-52,90,28,119,-47,105,-129,83
-53,90,28,120,-47,105,-133,83
-52,90,28,120,-47,105,-131,83
-50,90,28,120,-47,105,-129,84
-48,90,28,119,-47,105,-128,83
-49,90,28,119,-47,105,-128,83
-49,89,28,120,-47,105,-129,83
-49,89,28,119,-47,105,-129,83
-49,90,28,119,-47,105,-129,83
-49,90,28,119,-47,105,-129,83
-50,90,28,119,-46,105,-129,83
-49,89,28,119,-46,105,-129,83
-48,90,28,119,-45,105,-128,83
-48,90,28,119,-46,105,-128,83
-48,90,28,119,-46,105,-128,84
-48,91,28,119,-47,105,-128,84
-48,91,28,119,-47,105,-128,84
-49,91,28,119,-47,105,-128,84
-50,91,28,119,-47,105,-130,84
-52,91,28,119,-47,105,-131,84
-54,91,28,119,-47,105,-133,84
-54,89,28,119,-47,105,-133,83
-52,88,28,119,-47,105,-131,81
-52,87,28,119,-47,105,-131,80
-52,87,28,119,-47,105,-131,80
-52,88,28,119,-47,105,-131,80
-52,88,28,119,-47,105,-131,80
-52,88,28,119,-47,105,-131,81
-53,88,28,119,-47,105,-133,81
-52,88,28,119,-47,105,-131,80
-52,86,28,119,-47,105,-131,79
-50,85,28,120,-47,105,-130,78
-50,84,28,120,-47,105,-129,76
-50,83,28,119,-47,105,-129,76
-51,83,27,119,-47,105,-128,75
-53,82,25,117,-47,105,-130,75
-54,81,25,116,-47,105,-131,72
-54,81,24,116,-47,105,-131,72
-54,81,24,116,-47,105,-131,72
-54,82,25,116,-47,105,-131,72
-54,81,25,116,-47,105,-131,72
-53,80,25,116,-47,105,-130,70
-53,78,24,116,-47,105,-130,68
-53,76,24,116,-47,105,-130,67
-55,75,24,116,-47,105,-131,65
-56,75,25,116,-47,105,-133,65
-57,75,25,116,-47,105,-134,65
-56,75,24,116,-47,105,-133,65
-55,73,23,115,-47,105,-133,64
-54,72,23,115,-47,105,-131,62
-54,70,23,115,-47,105,-130,61
-54,70,23,115,-47,105,-130,61
-55,69,23,115,-47,105,-131,59
-57,69,22,115,-47,105,-134,59
-59,68,21,114,-47,105,-135,59
-58,68,21,113,-47,105,-133,58
-57,66,23,113,-47,105,-131,57
-56,65,25,114,-47,105,-130,58
-57,65,26,114,-47,105,-131,58
-59,65,26,115,-47,105,-134,58
-61,66,25,115,-47,105,-137,59
-61,67,25,115,-47,105,-137,59
-60,68,25,115,-47,105,-134,61
-58,67,26,114,-47,105,-133,61
-59,67,26,115,-47,107,-134,61
-62,68,25,115,-46,108,-139,61
-63,69,24,116,-46,108,-140,59
-62,72,24,116,-47,108,-139,62
-61,72,24,116,-47,107,-137,63
-60,72,24,116,-47,107,-137,63
-60,72,24,116,-47,107,-136,63
-59,73,24,116,-47,106,-136,63
-58,75,24,116,-47,105,-135,65
-58,78,24,116,-47,104,-135,68
-58,79,24,116,-47,105,-135,69
-57,80,24,116,-47,107,-134,70
-56,81,25,116,-46,109,-133,72
-54,81,25,116,-46,110,-131,72
-54,81,24,116,-47,109,-131,72
-54,81,24,116,-47,107,-131,72
-54,81,24,116,-46,105,-131,72
-55,81,25,116,-46,104,-131,72
-55,83,25,117,-45,105,-131,75
-55,85,26,118,-46,107,-131,78
-53,87,25,117,-46,109,-130,78
-53,88,25,116,-47,110,-130,79
-52,88,24,116,-47,111,-129,79
-52,88,24,116,-46,110,-129,78
-52,88,25,118,-46,110,-129,78
-53,87,26,119,-46,110,-133,78
-52,88,25,120,-47,110,-131,78
-51,88,25,119,-46,110,-130,79
-49,89,25,118,-46,110,-126,80
-48,90,25,117,-46,110,-125,83
-47,90,25,117,-46,110,-124,80
-48,90,25,116,-46,110,-125,80
-48,90,24,116,-46,110,-125,80
-48,90,24,116,-46,110,-125,80
-48,90,24,116,-46,110,-125,80
-48,90,25,116,-46,110,-125,81
-48,90,25,117,-46,110,-125,83
-48,90,26,118,-46,110,-125,83
-48,90,25,117,-46,110,-125,83
-48,90,25,116,-46,110,-125,81
-48,91,24,116,-46,110,-125,81
-49,92,24,116,-46,110,-126,83
-50,92,25,116,-46,110,-128,83
-51,93,26,117,-46,110,-129,85
-53,93,26,118,-46,110,-130,86
-54,93,25,117,-46,110,-131,86
-54,92,24,116,-46,110,-131,83
-54,92,24,116,-46,110,-131,83
-54,92,25,117,-46,110,-131,83
-54,92,27,119,-46,110,-131,85
-54,92,28,120,-46,110,-134,85
-55,92,28,120,-46,110,-134,85
-55,92,27,119,-46,110,-133,85
-54,92,25,117,-46,110,-131,83
-53,92,24,116,-46,110,-130,83
-51,94,25,116,-46,110,-129,84
-51,96,25,117,-46,110,-128,86
-51,97,26,117,-46,110,-128,90
-52,97,26,117,-46,110,-129,90
-53,97,26,118,-46,110,-130,90
-54,97,27,119,-46,110,-131,90
-54,98,28,119,-46,110,-131,91
-53,99,28,120,-46,110,-133,91
-52,99,28,120,-46,110,-131,92
-52,99,28,119,-46,110,-133,91
-53,98,28,119,-46,110,-133,91
-53,98,28,119,-46,110,-133,91
-51,99,28,119,-46,110,-131,92
-49,100,28,119,-46,110,-129,93
-48,101,28,119,-46,110,-128,93
-48,101,28,119,-46,110,-128,93
-48,101,28,119,-46,110,-128,93
-48,101,28,119,-46,110,-128,93
-48,101,28,119,-46,110,-128,93
-48,101,28,120,-46,110,-128,93
-48,101,28,120,-46,110,-128,93
-47,101,28,119,-46,110,-126,95
-46,102,28,119,-46,110,-125,95
-45,102,28,119,-47,110,-125,95
-45,103,28,120,-46,110,-125,96
-45,102,29,120,-46,110,-125,95
-45,102,29,121,-46,110,-125,95
-45,103,29,120,-47,110,-125,96
-44,103,28,120,-47,110,-124,96
-44,103,29,120,-46,110,-124,96
-44,103,30,121,-45,110,-124,96
-44,103,31,122,-45,110,-124,96
-44,103,31,122,-45,110,-124,96
-44,103,30,122,-46,110,-124,96
-44,103,30,121,-47,110,-124,96
-43,103,29,121,-47,110,-123,96
-44,103,29,121,-46,110,-124,96
-45,103,30,121,-46,110,-125,96
-46,102,31,122,-46,110,-126,95
-48,101,30,122,-47,110,-128,93
-49,101,30,121,-46,110,-129,93
-48,101,29,120,-46,110,-128,93
-48,101,28,120,-46,110,-128,93
-46,102,28,119,-46,110,-126,95
-46,102,28,119,-46,110,-126,95
-47,102,28,119,-46,110,-126,95
-48,101,28,120,-46,110,-128,93
-48,100,28,120,-46,110,-128,92
-47,99,28,119,-46,110,-128,92
-47,98,28,119,-46,110,-126,91
-46,97,28,119,-46,110,-125,90
-46,97,28,119,-46,110,-125,90
-47,98,28,119,-46,110,-126,91
-47,100,28,119,-46,110,-128,92
-47,99,28,119,-46,110,-128,92
-47,98,28,119,-46,110,-126,91
-47,98,28,119,-46,110,-126,91
-47,99,28,119,-46,110,-128,92
-48,101,28,119,-46,110,-128,93
-48,101,28,119,-46,111,-128,95
-48,101,28,120,-46,112,-128,95
-48,101,28,120,-46,112,-128,93
-48,101,28,119,-46,112,-125,93
-47,100,27,119,-46,111,-124,92
-47,100,27,118,-46,110,-124,92
-48,100,27,119,-46,110,-125,92
-49,100,28,119,-46,110,-126,93
-51,100,28,120,-46,110,-131,92
-52,97,28,120,-46,110,-131,90
-51,95,28,119,-46,111,-131,89
-50,94,28,119,-46,112,-130,87
-50,94,28,119,-46,112,-130,87
-50,94,28,119,-46,112,-130,87
-50,94,28,119,-46,112,-130,87
-50,94,28,119,-46,112,-130,87
-50,95,28,119,-46,113,-130,87
-50,95,28,119,-46,114,-130,87
-50,94,28,119,-46,115,-130,87
-49,93,28,119,-46,115,-129,86
-49,93,28,119,-46,114,-129,85
-49,93,28,119,-46,113,-129,86
-50,94,28,119,-46,113,-130,87
-50,95,28,119,-46,115,-130,87
-50,95,28,119,-46,115,-130,87
-50,94,28,119,-46,115,-130,87
-50,94,28,119,-46,115,-130,87
-50,94,28,119,-46,115,-130,87
-50,94,28,119,-46,115,-130,87
-50,94,28,119,-46,115,-130,87
-51,96,28,119,-46,115,-130,89
-52,97,28,119,-46,115,-131,90
-52,99,28,119,-46,115,-131,92
-51,100,28,119,-46,115,-130,93
-50,100,28,119,-46,115,-129,93
-49,100,28,119,-46,115,-129,93
-49,101,28,119,-46,115,-129,93
-50,101,28,119,-46,115,-130,95
-51,103,28,119,-46,115,-131,96
-52,104,28,119,-46,115,-131,97
-51,105,28,119,-46,115,-130,98
-50,106,28,119,-46,115,-130,98
-50,105,28,119,-46,115,-130,98
-51,105,28,119,-46,115,-130,98
-50,104,28,119,-46,115,-130,97
-48,103,28,119,-46,115,-128,96
-45,104,28,119,-46,115,-125,97
-44,105,28,119,-46,115,-124,97
-46,106,28,119,-46,115,-125,98
-47,106,28,119,-46,116,-126,98
-47,105,28,119,-46,117,-126,98
-46,104,28,119,-46,116,-126,97
-44,103,28,119,-46,115,-124,96
-43,103,28,119,-46,115,-123,96
-43,103,28,119,-46,115,-123,96
-44,103,28,119,-46,115,-124,96
-45,103,28,119,-46,115,-125,96
-47,102,28,119,-46,115,-126,95
-48,101,28,119,-46,116,-128,93
-48,99,28,119,-46,117,-128,92
-46,98,28,119,-46,116,-126,91
-46,97,28,119,-46,115,-125,90
-46,97,28,120,-46,115,-125,90
-47,96,28,119,-46,116,-126,89
-48,94,28,119,-46,119,-128,87
-49,91,28,119,-46,119,-128,84
-50,90,28,120,-46,119,-129,83
-50,88,28,120,-46,118,-130,81
-51,87,28,119,-46,119,-131,80
-52,84,28,118,-46,119,-129,76
-52,81,29,116,-46,120,-126,74
-52,78,28,115,-46,119,-126,70
-54,76,26,115,-46,118,-130,69
-55,75,25,116,-46,118,-131,65
-56,74,24,117,-46,118,-133,64
-57,73,24,116,-46,119,-134,63
-57,70,24,116,-46,119,-134,61
-58,68,24,116,-46,118,-135,59
-60,67,25,116,-46,116,-136,57
-61,65,25,115,-46,115,-137,58
-61,63,26,115,-46,115,-135,56
-60,62,25,115,-46,116,-137,54
-60,61,24,115,-46,116,-136,51
-61,59,23,115,-46,117,-137,50
-62,57,23,113,-46,117,-136,47
-63,56,23,112,-46,118,-137,46
-63,56,22,112,-46,118,-137,46
-62,57,21,113,-46,117,-136,47
-60,58,20,113,-46,115,-136,48
-59,59,21,113,-46,115,-133,50
-58,58,22,112,-46,115,-131,48
-58,57,22,112,-46,115,-133,48
-59,58,21,112,-46,115,-133,48
-60,60,21,112,-46,115,-134,51
-59,62,21,113,-46,115,-136,52
-57,64,21,113,-46,115,-134,54
-56,64,21,113,-46,115,-130,54
-56,64,21,113,-46,115,-133,54
-57,65,21,113,-46,115,-134,56
-58,67,21,112,-46,115,-133,57
-57,69,21,112,-45,115,-131,59
-55,70,22,112,-44,115,-129,61
-54,70,22,113,-45,115,-128,61
-54,70,22,114,-46,115,-130,61
-54,72,23,115,-46,115,-131,62
-56,73,24,116,-47,115,-133,64
-56,75,24,116,-46,115,-133,65
-57,75,23,115,-46,115,-134,65
-56,75,23,115,-45,115,-133,65
-56,74,23,115,-44,115,-133,64
-56,75,24,116,-45,115,-133,65
-57,76,25,116,-46,115,-134,67
-58,78,25,116,-47,115,-135,68
-58,79,24,116,-46,115,-135,69
-59,79,24,116,-45,115,-136,70
-58,79,24,116,-43,115,-135,69
-58,79,24,116,-43,115,-135,69
-58,79,24,116,-43,115,-135,69
-58,79,24,116,-44,115,-135,69
-58,79,24,116,-44,115,-135,69
-58,79,24,116,-42,115,-135,69
-58,79,24,116,-42,115,-135,69
-58,79,24,116,-43,115,-135,69
-58,79,24,116,-45,115,-135,69
-58,79,24,116,-45,115,-135,69
-58,79,24,116,-45,115,-135,69
-59,79,24,116,-43,115,-136,69
-58,79,24,116,-43,115,-135,69
-57,80,24,116,-43,115,-135,70
-55,81,24,116,-45,115,-133,72
-54,81,24,116,-46,115,-131,72
-54,81,24,116,-45,115,-131,72
-54,81,25,116,-45,115,-131,72
-54,81,25,116,-45,115,-131,72
-54,83,24,116,-46,115,-130,73
-52,84,24,116,-46,115,-129,75
-51,86,24,116,-44,115,-129,76
-51,87,25,116,-43,115,-129,78
-51,88,25,117,-43,115,-128,79
-50,89,26,118,-43,115,-126,81
-48,90,27,118,-44,115,-125,83
-47,92,27,119,-44,115,-124,85
-46,95,28,119,-44,115,-123,87
-46,97,28,120,-43,115,-125,90
-46,97,28,120,-43,115,-126,90
-46,97,28,119,-43,115,-126,90
-46,98,28,119,-43,115,-126,91
-46,100,28,119,-44,115,-125,92
-45,101,28,120,-45,115,-124,95
-44,103,29,120,-45,115,-124,96
-43,103,29,121,-43,115,-123,96
-43,104,30,122,-42,115,-123,97
-42,106,31,122,-41,115,-122,100
-41,108,31,123,-43,115,-120,101
-41,110,32,123,-43,115,-122,103
-42,111,32,123,-43,115,-123,104
-43,113,32,123,-42,115,-124,106
-45,115,32,123,-41,115,-125,108
-46,117,31,123,-41,115,-126,109
-46,119,30,124,-41,115,-129,112
-45,119,30,124,-42,115,-128,112
-43,120,30,124,-42,115,-125,113
-42,121,31,123,-41,115,-123,114
-42,121,32,123,-41,117,-122,114
-42,121,32,123,-41,118,-122,114
-42,121,32,123,-41,119,-123,114
-42,121,31,123,-41,118,-123,114
-43,121,31,123,-41,116,-123,114
-43,122,32,123,-41,115,-123,115
-43,122,32,123,-41,116,-123,115
-43,122,32,123,-41,118,-123,115
-43,121,32,123,-41,119,-123,114
-42,121,32,123,-41,119,-123,117
-42,121,32,123,-41,118,-123,114
-42,120,31,122,-41,118,-122,113
-41,119,29,120,-41,118,-122,113
-41,118,28,120,-41,118,-120,112
-41,118,28,119,-41,117,-118,111
-41,118,28,120,-41,115,-120,111
-40,118,28,120,-41,115,-120,111
-40,117,28,120,-41,116,-120,111
-40,116,28,119,-41,118,-120,109
-40,114,28,120,-41,118,-120,107
-41,112,28,120,-41,118,-122,104
-42,110,28,119,-41,118,-122,103
-42,109,29,118,-41,119,-119,102
-42,110,30,117,-41,120,-119,103
-42,110,30,117,-41,120,-119,106
-43,109,30,117,-41,120,-118,104
-44,107,30,117,-41,119,-122,102
-44,104,30,117,-41,118,-122,97
-44,103,29,118,-41,118,-122,96
-44,103,28,119,-41,118,-124,96
-45,102,28,120,-41,119,-124,95
-46,101,28,120,-41,120,-126,93
-47,99,28,119,-41,120,-126,92
-47,98,28,119,-41,120,-126,91
-46,97,28,119,-41,119,-126,90
-46,97,28,120,-41,118,-125,90
-46,96,28,119,-41,118,-125,89
-46,97,28,119,-42,118,-125,90
-46,98,28,119,-43,118,-126,91
-46,98,28,119,-43,118,-126,91
-47,98,28,119,-43,119,-126,91
-46,97,28,119,-42,119,-125,90
-46,96,28,119,-41,119,-125,89
-45,97,28,119,-41,118,-125,90
-45,99,28,119,-41,118,-125,91
-46,101,28,119,-42,118,-125,93
-47,102,28,119,-41,119,-126,95
-48,102,28,119,-41,120,-128,95
-47,101,28,119,-41,120,-126,95
-45,102,28,120,-41,119,-125,95
-44,103,28,119,-41,119,-124,96
-44,104,28,119,-41,119,-124,97
-45,105,28,120,-41,119,-124,98
-45,106,28,120,-41,119,-125,98
-46,107,28,120,-41,119,-125,100
-46,107,28,119,-41,119,-124,100
-46,108,29,119,-41,119,-123,101
-45,108,29,118,-41,119,-123,102
-43,109,30,119,-41,119,-120,102
-42,110,30,121,-41,119,-122,103
-41,110,30,122,-41,119,-122,103
-42,110,30,122,-41,119,-122,103
-42,110,30,121,-41,119,-122,103
-42,110,29,121,-41,119,-122,103
-42,110,30,121,-41,119,-122,103
-42,110,30,122,-41,119,-122,103
-42,110,32,123,-41,119,-122,103
-42,110,32,123,-41,119,-122,103
-41,112,32,123,-41,119,-120,104
-40,113,32,123,-41,119,-120,107
-40,114,32,123,-41,119,-120,107
-41,115,32,123,-41,119,-120,108
-40,114,32,123,-41,119,-120,107
-39,113,32,123,-41,119,-119,107
-38,113,32,123,-41,119,-118,107
-38,114,32,123,-41,119,-118,107
-40,114,32,123,-42,119,-120,107
-41,115,32,123,-43,119,-122,108
-42,114,32,123,-43,119,-122,107
-42,112,32,123,-42,119,-122,104
-42,110,32,123,-42,119,-122,103
-42,109,32,123,-42,119,-122,102
-42,109,31,122,-43,119,-122,102
-42,110,31,122,-43,119,-122,103
-42,110,30,122,-42,119,-122,103
-41,110,31,122,-41,119,-122,103
-41,109,30,122,-41,119,-122,102
-41,106,29,121,-41,119,-122,100
-43,104,28,120,-41,119,-123,97
-44,103,28,119,-41,119,-122,96
-44,103,28,119,-41,119,-124,96
-44,104,28,120,-41,119,-124,97
-44,104,28,120,-41,119,-124,96
-44,101,28,119,-41,120,-124,95
-45,99,28,119,-41,120,-125,91
-46,97,28,119,-41,120,-125,90
-46,96,28,119,-41,119,-125,89
-46,97,28,119,-41,119,-125,90
-46,97,28,119,-41,120,-125,90
-46,97,28,120,-41,121,-125,90
-46,97,28,120,-41,122,-125,90
-46,96,28,119,-41,122,-125,89
-46,94,27,119,-41,122,-124,87
-46,93,25,117,-41,120,-123,86
-45,93,25,116,-41,120,-123,84
-45,92,25,117,-41,121,-123,83
-46,91,25,117,-41,123,-123,84
-47,90,26,117,-41,122,-124,83
-48,90,26,118,-41,122,-125,83
-48,90,27,119,-41,121,-125,83
-48,90,28,119,-41,122,-128,83
-48,90,28,120,-41,124,-128,83
-48,91,28,120,-42,125,-128,84
-47,92,28,119,-43,125,-126,85
-47,93,28,120,-42,124,-126,86
-47,92,28,120,-41,124,-126,85
-47,90,28,119,-41,124,-124,84
-48,90,29,119,-41,124,-125,83
-48,91,29,118,-41,124,-125,84
-49,93,29,119,-41,124,-126,86
-50,95,28,119,-41,124,-128,87
-50,94,28,120,-41,124,-130,87
-50,94,28,120,-41,124,-130,87
-50,94,28,120,-42,124,-130,87
-50,95,28,119,-42,125,-130,87
-50,94,28,119,-43,125,-130,87
-50,93,28,120,-43,124,-130,85
-50,90,28,120,-44,123,-130,84
-50,89,28,120,-44,123,-130,81
-51,88,28,119,-43,122,-128,81
-52,88,29,119,-41,123,-129,81
-52,88,29,118,-41,123,-129,81
-51,87,29,119,-41,123,-129,80
-51,85,28,119,-41,123,-128,78
-51,83,28,119,-41,122,-128,76
-53,82,29,118,-41,122,-130,74
-54,81,30,117,-43,121,-131,76
-54,80,31,117,-45,120,-131,75
-53,79,30,117,-46,120,-130,72
-52,77,29,116,-45,120,-126,70
-51,77,28,115,-43,119,-126,69
-53,76,28,114,-41,120,-128,69
-55,75,29,114,-41,120,-130,70
-56,75,29,114,-41,119,-130,70
-57,75,28,113,-41,119,-131,68
-57,75,27,113,-41,119,-131,68
-56,75,27,113,-41,119,-130,68
-55,73,28,112,-41,120,-130,67
-54,72,28,113,-41,120,-129,64
-54,70,28,113,-41,119,-128,63
-54,70,28,112,-41,118,-128,63
-54,70,28,112,-41,116,-128,63
-54,71,28,112,-41,115,-129,64
-54,72,28,112,-41,114,-129,64
-54,72,27,113,-41,115,-129,64
-54,72,27,113,-41,115,-129,64
-55,72,27,113,-41,115,-129,65
-55,73,28,112,-41,115,-130,65
-56,75,28,112,-41,115,-130,68
-56,75,27,113,-41,115,-130,68
-56,75,27,114,-41,115,-130,68
-56,74,26,115,-41,113,-130,67
-56,74,25,115,-42,111,-130,67
-56,75,25,115,-42,110,-133,68
-56,75,26,115,-42,109,-130,68
-56,74,28,115,-42,110,-130,67
-57,74,29,116,-42,110,-131,67
-59,73,29,116,-42,110,-134,68
-61,73,28,115,-42,110,-135,65
-61,72,26,114,-42,110,-135,65
-60,71,25,115,-42,110,-136,64
-59,70,24,116,-42,110,-136,61
-60,68,24,117,-42,109,-136,58
-61,66,24,117,-42,108,-137,57
-61,64,25,116,-42,107,-139,54
-61,62,25,115,-42,106,-137,56
-61,61,25,115,-42,107,-137,54
-60,61,25,115,-42,106,-137,54
-60,61,25,115,-42,105,-136,54
-60,60,25,114,-42,105,-134,53
-60,58,25,113,-42,105,-134,51
-61,56,25,114,-42,105,-135,48
-62,55,25,115,-42,105,-139,47
-63,54,25,116,-42,105,-139,45
-62,54,25,117,-42,105,-139,43
-61,52,24,116,-42,105,-137,42
-60,51,24,115,-42,105,-136,41
-60,50,23,115,-42,105,-136,41
-60,50,22,114,-42,105,-136,41
-60,51,21,114,-42,105,-136,41
-60,50,21,113,-42,105,-134,41
-60,50,21,113,-42,105,-134,40
-60,50,21,113,-42,105,-134,41
-61,52,21,113,-42,105,-135,42
-61,54,21,113,-42,105,-135,45
-59,57,21,113,-42,105,-136,47
-58,57,22,114,-42,105,-135,48
-57,57,22,114,-42,105,-134,47
-57,57,21,114,-42,105,-134,47
-58,57,21,113,-42,105,-135,47
-59,58,22,114,-42,105,-135,48
-60,60,22,115,-42,105,-136,51
-60,61,23,116,-42,105,-137,52
-60,61,23,115,-42,105,-137,52
-60,61,25,114,-42,105,-134,54
-60,61,27,113,-42,105,-134,54
-61,63,28,113,-42,105,-135,56
-62,65,27,114,-42,105,-136,57
-62,66,26,114,-42,105,-136,58
-63,66,27,114,-42,105,-137,59
-62,66,27,113,-42,105,-136,59
-62,66,27,113,-42,105,-136,58
-62,66,26,114,-42,105,-136,58
-63,65,25,115,-42,105,-137,58
-63,66,25,115,-42,105,-137,58
-62,66,26,114,-42,105,-136,59
-61,66,26,114,-42,105,-135,59
-59,67,26,115,-42,105,-134,61
-58,68,25,115,-42,105,-135,61
-58,68,25,115,-42,105,-133,62
-59,69,26,114,-42,105,-133,62
-59,70,27,113,-42,105,-134,63
-60,71,26,114,-42,105,-134,63
-60,72,25,115,-42,106,-136,64
-60,72,24,116,-42,107,-137,63
-61,72,24,116,-42,106,-137,63
-61,72,25,115,-42,106,-137,65
-60,72,25,115,-42,106,-135,65
-59,72,25,115,-42,107,-136,65
-59,74,26,115,-42,108,-134,67
-59,75,26,114,-42,109,-133,68
-58,76,27,112,-42,110,-130,69
-57,76,26,111,-42,110,-129,69
-56,75,27,112,-42,110,-128,68
-56,74,27,112,-42,110,-130,67
-56,74,28,113,-42,110,-130,67
-57,76,28,113,-42,110,-131,69
-58,78,28,113,-42,110,-133,70
-57,79,27,112,-42,110,-133,72
-57,80,27,112,-42,110,-129,73
-56,80,26,112,-42,110,-128,73
-55,81,27,112,-42,110,-128,74
-54,81,27,112,-42,110,-129,74
-54,81,28,113,-42,110,-129,74
-54,82,28,113,-42,110,-129,74
-53,82,28,113,-42,110,-128,74
-52,82,27,113,-42,110,-126,74
-52,83,26,114,-42,110,-126,75
-52,84,25,115,-42,110,-126,76
-52,86,25,116,-42,109,-129,79
-50,89,25,117,-42,110,-128,81
-49,90,27,119,-42,111,-126,83
-48,90,28,120,-41,113,-128,84
-48,90,28,120,-41,115,-128,83
-48,90,28,120,-41,115,-128,83
-48,90,28,119,-41,115,-128,83
-47,91,28,120,-41,115,-126,84
-46,93,28,119,-41,115,-125,86
-45,96,28,119,-41,115,-125,89
-46,97,28,119,-41,115,-125,90
-46,97,28,119,-41,115,-125,90
-46,97,28,119,-41,115,-125,90
-45,99,28,120,-41,115,-125,91
-44,101,28,120,-41,115,-124,93
-44,103,28,119,-41,115,-124,96
-44,104,28,119,-42,115,-124,97
-45,104,28,119,-42,115,-124,97
-45,105,28,120,-41,115,-124,97
-44,107,29,120,-41,115,-124,100
-43,108,29,121,-41,115,-123,102
-42,110,30,122,-42,116,-122,103
-43,109,31,122,-43,117,-123,102
-43,109,31,122,-43,118,-123,102
-43,109,31,122,-43,117,-123,102
-43,111,30,122,-42,115,-123,104
-43,113,31,122,-41,115,-123,106
-44,114,31,122,-41,116,-124,107
-44,115,32,123,-41,118,-124,107
-44,115,32,123,-41,119,-124,107
-44,114,32,123,-41,120,-124,107
-44,114,32,123,-41,120,-124,107
-45,113,32,123,-41,119,-125,106
-46,113,32,123,-41,119,-126,106
-45,113,32,123,-41,119,-125,106
-44,114,32,123,-41,119,-124,107
-44,114,32,123,-41,119,-124,107
-44,115,32,123,-41,119,-124,107
-44,115,32,123,-41,119,-124,107
-44,114,32,123,-41,119,-124,107
-43,113,31,122,-41,119,-124,106
-42,111,31,122,-41,119,-123,104
-42,110,30,122,-41,119,-123,103
-43,111,31,122,-41,119,-123,104
-43,111,31,122,-41,119,-123,104
-43,111,32,123,-43,119,-123,104
-42,110,32,123,-45,120,-123,103
-42,110,32,123,-45,120,-122,103
-42,110,32,123,-43,119,-122,103
-42,110,32,123,-41,119,-122,103
-42,110,32,123,-41,119,-122,103
-42,110,32,123,-42,119,-122,103
-41,110,31,122,-43,119,-122,103
-40,111,31,122,-43,119,-120,104
-41,112,30,122,-42,119,-120,104
-42,112,30,122,-41,119,-122,106
-43,113,30,122,-41,119,-123,106
-43,114,30,122,-41,119,-123,107
-41,115,31,122,-41,119,-122,108
-40,117,32,123,-41,119,-120,109
-40,117,32,123,-41,119,-120,109
-40,116,31,122,-41,120,-120,109
-41,115,30,122,-41,120,-122,108
-42,115,30,122,-41,119,-123,108
-43,115,31,122,-41,118,-123,107
-44,114,32,123,-41,116,-124,107
-44,114,32,123,-41,116,-124,107
-44,114,32,123,-41,117,-124,107
-44,114,32,123,-41,117,-124,107
-44,114,32,123,-41,117,-124,107
-44,114,32,123,-41,116,-124,107
-44,114,32,123,-41,115,-124,107
-44,114,32,123,-41,115,-124,107
-44,114,32,123,-41,114,-124,107
-44,114,32,123,-41,115,-124,107
-44,114,31,122,-41,115,-124,107
-44,115,30,122,-41,116,-124,107
-44,114,30,122,-41,116,-124,107
-43,113,31,122,-41,116,-124,106
-43,111,31,123,-41,116,-123,104
-42,110,31,122,-41,116,-122,103
-42,109,30,119,-41,117,-119,102
-42,110,30,119,-41,119,-119,103
-42,110,30,119,-41,120,-119,103
-42,110,29,120,-41,119,-122,103
-42,110,29,121,-41,118,-122,103
-42,110,28,120,-41,118,-122,103
-42,110,28,119,-41,118,-122,103
-42,110,28,120,-41,119,-122,103
-42,110,28,120,-41,120,-122,103
-42,110,28,119,-41,120,-119,103
-42,110,29,119,-41,119,-119,103
-42,110,29,118,-41,119,-119,103
-43,109,29,119,-41,119,-120,102
-43,109,28,119,-41,119,-120,102
-43,109,28,119,-41,119,-120,102
-42,110,29,119,-41,119,-119,103
-42,110,29,118,-41,119,-119,103
-42,110,29,118,-41,119,-119,103
-42,110,29,118,-41,119,-119,103
-42,110,28,119,-41,119,-119,103
-42,110,28,119,-41,119,-119,103
-42,110,28,120,-41,119,-122,103
-42,110,28,120,-41,119,-122,103
-42,110,28,119,-41,120,-122,103
-42,110,28,119,-41,120,-122,103
-42,110,28,120,-41,119,-122,103
-42,110,28,120,-41,119,-122,103
-42,110,28,119,-41,120,-122,103
-42,110,28,119,-41,121,-122,103
-42,110,28,120,-41,123,-122,103
-41,109,27,121,-41,124,-122,102
-40,107,26,121,-41,125,-120,97
-39,106,27,121,-41,125,-119,98
-39,105,28,120,-41,124,-119,98
-39,105,28,119,-41,124,-117,98
-41,105,28,119,-41,124,-118,98
-43,104,27,121,-41,124,-123,97
-44,104,25,122,-41,124,-126,93
-44,104,24,123,-41,124,-126,93
-44,103,25,123,-41,124,-126,93
-43,102,25,122,-41,124,-125,92
-42,101,25,122,-41,124,-124,91
-42,99,25,122,-41,124,-124,89
-43,98,25,122,-41,124,-125,89
-45,97,25,122,-41,124,-126,87
-46,97,25,122,-41,124,-128,87
-46,97,25,122,-41,124,-129,87
-47,96,25,123,-41,124,-129,86
-48,94,25,122,-41,124,-130,85
-50,91,27,121,-41,124,-129,84
-51,88,28,120,-41,124,-130,81
-52,87,28,119,-41,124,-129,80
-52,88,27,119,-41,124,-129,80
-53,88,26,119,-41,124,-130,81
-53,87,26,118,-41,124,-130,80
-54,85,25,117,-41,124,-131,75
-54,83,25,116,-41,124,-131,73
-54,81,24,116,-41,124,-131,72
-55,79,24,116,-41,124,-131,69
-55,77,24,116,-41,124,-133,67
-56,75,25,116,-41,124,-133,65
-57,74,24,116,-41,124,-134,64
-56,73,24,117,-41,124,-133,63
-57,71,24,116,-41,124,-134,62
-57,69,25,114,-41,124,-131,62
-57,67,25,113,-41,124,-131,61
-56,65,25,113,-41,124,-130,58
-55,63,25,112,-41,124,-129,56
-54,60,24,112,-41,124,-129,53
-55,59,24,112,-41,124,-129,52
-56,57,24,112,-41,124,-130,51
-58,57,24,112,-41,124,-131,50
-59,57,23,111,-41,124,-133,47
-58,57,23,111,-41,124,-133,47
-57,56,23,110,-41,124,-129,48
-56,54,24,110,-41,124,-128,47
-56,53,24,109,-41,124,-128,46
-57,52,24,109,-41,124,-129,45
-59,51,24,109,-41,124,-130,45
-60,51,24,109,-41,124,-131,43
-60,50,24,109,-41,124,-131,43
-59,49,24,109,-41,124,-130,41
-60,46,24,109,-41,124,-131,40
-61,46,24,109,-41,124,-133,39
-63,47,24,109,-41,124,-135,40
-63,48,24,109,-40,124,-135,41
-63,48,24,109,-39,124,-134,41
-62,48,24,109,-38,124,-134,41
-61,48,24,109,-39,124,-133,41
-61,49,24,109,-40,124,-133,42
-62,50,24,109,-41,124,-134,42
-63,50,24,109,-41,124,-134,42
-63,49,24,110,-41,124,-134,42
-61,49,24,110,-41,124,-133,42
-60,50,24,109,-41,124,-131,43
-60,52,23,108,-41,124,-131,45
-61,54,22,108,-41,124,-133,43
-62,54,22,110,-40,124,-136,45
-63,55,22,112,-39,124,-136,46
-63,56,22,112,-39,124,-137,47
-64,57,22,110,-39,124,-135,48
-64,59,21,109,-40,124,-136,50
-64,60,21,111,-41,124,-137,51
-64,61,21,112,-41,124,-137,52
-64,64,21,113,-41,124,-140,53
-64,65,21,112,-41,124,-137,56
-63,65,22,111,-41,124,-137,56
-61,67,23,111,-41,124,-135,57
-60,69,22,111,-41,124,-134,59
-60,71,21,112,-41,124,-134,62
-61,72,21,113,-41,124,-135,63
-61,72,21,113,-41,124,-137,63
-59,73,20,113,-41,124,-134,63
-57,74,21,113,-41,124,-134,64
-57,76,22,114,-41,124,-134,67
-57,78,24,115,-41,124,-134,68
-58,79,25,115,-41,124,-135,72
-59,79,26,115,-41,124,-134,72
-58,81,25,115,-41,124,-135,74
-57,83,25,116,-41,124,-134,74
-56,86,25,116,-41,124,-134,76
-56,86,25,115,-41,124,-131,79
-57,86,26,114,-40,124,-131,79
-56,86,27,114,-39,124,-131,79
-55,86,26,114,-39,124,-130,79
-53,86,26,114,-39,124,-128,79
-51,85,27,114,-40,124,-125,78
-49,83,27,113,-41,124,-124,76
-48,84,28,112,-41,124,-123,76
-47,85,28,112,-41,124,-122,79
-46,87,28,112,-40,124,-120,80
-46,87,27,113,-39,124,-120,80
-46,88,27,113,-39,124,-122,81
-46,87,28,112,-40,124,-122,80
-46,87,28,112,-40,124,-122,80
-46,87,28,112,-40,124,-120,80
-46,86,28,112,-39,124,-120,79
-45,86,28,112,-38,124,-120,79
-46,87,28,112,-39,124,-120,80
-47,89,28,113,-40,124,-122,83
-48,90,28,113,-40,124,-123,84
-48,90,28,112,-39,124,-123,84
-48,90,27,112,-38,124,-123,84
-48,90,28,113,-37,124,-123,84
-48,90,29,114,-37,124,-123,85
-49,90,30,115,-39,124,-124,85
-50,89,30,115,-40,124,-124,84
-49,89,30,115,-41,124,-124,84
-48,90,30,115,-41,124,-123,85
-48,91,31,116,-41,124,-123,86
-49,93,32,116,-41,124,-124,89
-50,94,32,116,-41,124,-125,90
-50,95,31,116,-41,124,-125,90
-50,94,30,117,-41,125,-128,90
-50,94,30,117,-41,125,-128,87
-50,94,29,118,-41,124,-126,87
-49,95,29,118,-41,122,-126,89
-49,95,29,118,-41,121,-126,87
-49,95,29,118,-41,121,-126,87
-48,95,29,118,-41,122,-125,89
-48,97,29,118,-41,124,-125,90
-48,100,29,119,-41,125,-125,92
-48,101,28,119,-41,125,-125,95
-48,102,28,120,-41,124,-128,95
-48,101,28,120,-41,124,-128,93
-48,100,28,119,-41,125,-128,93
-48,101,28,119,-39,125,-128,93
-48,103,28,119,-38,124,-128,96
-47,106,28,120,-37,122,-126,98
-45,106,28,120,-38,121,-125,100
-44,105,28,119,-39,120,-122,98
-44,103,29,119,-40,120,-122,96
-44,103,29,118,-39,121,-122,96
-43,104,29,119,-38,122,-120,97
-41,105,28,119,-36,123,-118,98
-40,106,28,120,-37,123,-119,98
-39,106,28,120,-38,123,-119,98
-39,105,28,119,-38,122,-117,98
-40,106,27,119,-38,123,-117,100
-40,107,27,118,-38,124,-118,100
-41,107,27,119,-37,124,-118,101
-40,107,28,119,-36,124,-118,101
-40,106,28,120,-36,124,-119,100
-39,105,28,120,-37,124,-119,98
-39,105,28,119,-39,125,-119,98
-40,106,28,119,-39,124,-119,98
-40,107,28,119,-39,122,-120,101
-41,109,28,119,-40,121,-120,102
-42,110,28,119,-41,121,-122,103
-42,110,28,119,-41,122,-123,103
-42,110,28,119,-41,124,-122,103
-42,110,28,119,-41,125,-122,103
-40,110,28,119,-41,125,-120,103
-39,112,28,119,-41,125,-119,104
-38,112,28,119,-41,124,-118,106
-37,112,28,119,-41,124,-117,106
-37,112,28,119,-41,123,-118,106
-38,112,28,119,-41,123,-118,106
-38,112,28,119,-41,122,-118,106
-38,112,28,119,-41,122,-118,106
-37,112,28,119,-41,123,-118,106
-37,112,28,119,-41,123,-118,106
-37,112,28,119,-41,124,-118,106
-38,112,28,119,-41,125,-118,104
-39,112,28,119,-41,125,-119,106
-39,112,28,119,-41,125,-119,106
-40,112,28,119,-41,124,-120,106
-40,113,28,119,-41,123,-120,106
-40,113,28,119,-41,122,-120,106
-40,114,28,119,-41,123,-120,107
-39,115,28,119,-41,124,-119,108
-39,115,28,119,-41,125,-119,108
-38,115,28,119,-40,125,-118,108
-38,113,28,119,-39,125,-118,107
-38,112,28,119,-39,124,-118,106
-39,112,28,119,-40,123,-119,104
-40,110,28,119,-41,122,-120,103
-42,110,28,119,-41,123,-122,103
-42,110,28,119,-41,124,-122,103
-42,110,28,119,-41,125,-122,103
-42,110,28,119,-41,125,-122,103
-42,110,28,119,-41,124,-122,103
-42,110,28,120,-40,124,-122,103
-42,110,28,119,-39,124,-122,103
-41,110,28,119,-39,124,-122,103
-41,109,28,119,-39,124,-122,102
-41,106,28,120,-39,124,-122,100
-43,104,28,120,-39,124,-123,97
-43,103,28,119,-39,124,-120,96
-44,103,29,119,-38,124,-122,96
-44,103,29,118,-38,124,-122,96
-44,104,29,119,-37,124,-122,97
-44,103,28,119,-38,124,-122,96
-44,103,28,120,-39,124,-124,96
-44,103,28,120,-41,124,-124,96
-44,103,28,119,-42,124,-124,96
-44,103,28,119,-41,124,-124,96
-44,103,28,119,-39,124,-124,96
-44,103,28,120,-38,124,-124,96
-44,103,28,119,-38,124,-124,96
-44,103,28,119,-39,124,-124,96
-45,104,28,120,-39,124,-124,97
-46,106,28,119,-40,124,-125,100
-46,108,28,119,-40,124,-126,101
-46,108,28,120,-39,124,-126,101
-46,108,28,120,-37,124,-126,101
-46,108,28,120,-36,124,-126,101
-46,108,28,119,-36,124,-123,101
-46,108,29,119,-38,124,-124,101
-46,108,29,118,-39,124,-124,101
-46,108,29,119,-40,124,-124,101
-46,108,29,118,-40,124,-123,101
-46,108,30,117,-39,124,-123,103
-46,108,31,116,-38,124,-122,103
-47,107,32,116,-37,124,-123,103
-48,107,31,116,-37,124,-123,102
-47,106,31,116,-38,124,-122,101
-45,104,31,116,-38,124,-120,100
-43,103,31,116,-37,124,-118,98
-43,103,31,116,-37,124,-118,98
-44,103,31,116,-38,124,-119,98
-45,103,31,116,-39,124,-120,98
-46,103,31,116,-41,124,-122,98
-46,102,31,116,-41,124,-120,97
-45,101,31,116,-41,124,-120,96
-45,99,30,117,-41,124,-123,95
-45,97,30,117,-41,124,-122,91
-45,97,30,117,-41,124,-120,92
-46,95,31,116,-41,124,-120,91
-46,93,31,116,-39,124,-120,89
-46,91,31,117,-38,124,-122,86
-46,89,30,118,-38,124,-124,84
-46,86,30,117,-39,124,-124,79
-47,85,29,116,-39,124,-122,79
-48,84,28,115,-39,124,-123,78
-50,84,27,114,-38,124,-124,76
-51,83,26,114,-37,124,-126,75
-52,81,27,114,-37,124,-126,74
-53,79,27,114,-37,124,-128,72
-54,76,26,114,-39,124,-129,69
-55,75,25,115,-39,124,-131,68
-55,73,25,116,-39,124,-131,64
-55,71,25,116,-37,124,-131,62
-55,70,25,115,-36,124,-133,63
-57,69,25,114,-37,124,-131,62
-58,68,23,113,-39,124,-133,58
-58,67,21,113,-41,124,-133,57
-58,65,21,112,-41,124,-133,54
-59,62,21,112,-39,124,-133,52
-60,61,22,112,-39,124,-135,51
-61,61,22,112,-39,124,-136,51
-62,61,21,112,-40,124,-136,51
-63,60,21,112,-41,124,-137,51
-63,58,22,112,-41,124,-136,48
-62,56,23,111,-41,124,-136,47
-62,55,23,110,-41,124,-134,46
-62,54,23,111,-41,124,-136,45
-64,54,23,111,-41,124,-137,45
-65,52,23,110,-41,124,-136,45
-65,50,24,110,-41,125,-136,42
-64,48,23,110,-40,125,-136,39
-64,48,22,110,-39,124,-136,39
-65,46,21,108,-39,123,-136,36
-66,43,21,106,-40,123,-137,34
-65,40,20,106,-40,123,-136,31
-65,38,19,107,-41,124,-136,29
-64,37,19,108,-41,123,-135,28
-65,37,20,107,-41,122,-136,28
-67,36,21,106,-41,121,-137,26
-68,34,21,106,-41,121,-139,24
-67,32,20,107,-41,121,-139,23
-66,31,18,107,-41,121,-137,21
-66,30,18,105,-41,121,-137,20
-65,29,18,104,-41,121,-134,20
-65,28,18,103,-41,121,-134,18
-65,26,19,104,-40,120,-134,17
-67,24,19,105,-39,119,-135,14
-68,24,19,105,-38,119,-136,14
-68,24,18,104,-39,119,-137,14
-68,24,17,103,-40,120,-136,14
-68,24,17,103,-41,120,-136,14
-68,24,18,103,-42,119,-136,14
-68,23,19,104,-42,119,-136,14
-68,24,18,104,-41,119,-136,14
-67,26,17,103,-39,119,-136,17
-66,28,17,102,-38,119,-135,19
-66,30,17,103,-38,119,-135,20
-66,31,18,104,-39,119,-135,21
-67,32,20,105,-41,119,-135,23
-66,34,21,106,-42,119,-135,24
-65,36,21,106,-41,119,-136,26
-64,39,21,106,-41,119,-133,30
-63,42,21,106,-41,119,-131,32
-62,45,20,106,-41,119,-131,35
-62,48,21,106,-41,119,-131,39
-62,51,21,107,-41,119,-134,41
-62,54,23,108,-41,119,-134,47
-61,56,24,109,-41,119,-133,50
-61,60,25,110,-41,119,-133,52
-60,63,24,109,-41,119,-131,56
-59,66,24,109,-41,119,-131,59
-59,69,24,109,-41,119,-130,62
-58,72,24,109,-41,120,-130,65
-57,74,24,109,-41,120,-129,67
-57,76,26,110,-40,119,-130,69
-57,77,28,110,-39,119,-130,73
-57,79,29,111,-40,119,-130,74
-57,82,31,110,-40,120,-129,78
-55,85,31,109,-40,121,-124,80
-53,87,31,109,-39,121,-123,83
-52,88,31,109,-40,122,-122,84
-52,88,31,109,-40,121,-122,84
-52,88,30,110,-41,121,-122,84
-52,88,29,111,-42,121,-124,83
-53,87,29,112,-41,122,-125,83
-52,88,29,111,-40,123,-124,84
-50,89,30,110,-39,124,-120,84
-49,90,31,109,-39,125,-118,85
-48,90,32,109,-39,125,-118,85
-49,90,32,109,-40,124,-119,87
-51,89,32,110,-40,124,-120,87
-52,88,31,112,-39,124,-124,83
-52,86,30,113,-39,124,-126,81
-51,85,29,114,-39,124,-125,80
-50,83,29,112,-39,124,-122,79
-50,83,30,111,-40,124,-122,79
-50,83,30,110,-41,124,-122,79
-50,83,30,112,-41,124,-123,79
-50,83,29,114,-40,124,-124,79
-49,83,28,114,-39,125,-124,75
-49,82,28,113,-39,125,-124,74
-50,80,28,112,-39,124,-124,73
-51,79,28,112,-39,123,-125,72
-52,77,28,112,-38,122,-126,70
-52,76,28,113,-36,123,-126,69
-52,77,28,113,-37,124,-126,69
-52,77,28,112,-39,125,-126,69
-52,77,28,112,-41,125,-126,70
-52,77,28,112,-40,124,-126,70
-52,77,28,112,-39,124,-126,69
-52,77,28,112,-38,124,-126,69
-52,77,28,112,-39,124,-126,69
-52,77,28,112,-40,124,-126,69
-52,77,28,112,-40,124,-126,69
-52,77,28,112,-40,124,-126,69
-52,77,28,112,-39,124,-126,70
-52,77,28,112,-39,124,-126,70
-52,77,28,112,-39,124,-126,69
-52,77,28,112,-38,124,-126,69
-52,77,28,112,-38,124,-126,69
-52,77,28,112,-38,124,-126,70
-53,78,28,112,-37,124,-128,70
-53,79,28,112,-36,124,-128,72
-51,79,28,112,-36,124,-126,72
-49,79,28,112,-36,123,-124,72
-48,79,28,112,-38,122,-123,72
-47,79,28,113,-38,123,-122,73
-47,79,28,113,-37,124,-122,73
-48,79,27,112,-36,124,-123,73
-48,79,27,112,-36,124,-120,73
-48,79,27,112,-36,124,-120,73
-47,79,27,112,-36,124,-119,73
-47,79,26,111,-36,124,-119,72
-48,79,25,111,-36,124,-120,73
-48,81,24,109,-36,124,-120,74
-49,82,24,109,-36,124,-122,75
-50,83,24,109,-36,124,-122,76
-50,83,24,109,-36,124,-122,75
-49,82,24,110,-36,124,-122,75
-49,82,24,109,-37,124,-120,75
-48,84,24,109,-38,124,-120,76
-48,84,25,110,-37,123,-120,78
-49,84,25,110,-37,122,-122,78
-49,83,25,111,-36,121,-122,76
-49,84,25,111,-36,120,-120,78
-47,85,26,110,-36,121,-119,78
-46,86,27,109,-36,122,-118,79
-45,86,27,108,-36,122,-114,81
-45,86,27,109,-36,121,-118,79
-46,86,26,110,-36,119,-118,79
-46,86,25,110,-36,119,-118,79
-46,86,25,111,-36,119,-118,79
-46,86,25,111,-36,119,-118,79
-46,85,27,110,-36,119,-119,78
-47,85,29,109,-36,119,-117,80
-47,86,31,109,-36,119,-117,83
-47,88,30,110,-36,119,-117,84
-47,89,29,112,-36,119,-119,85
-47,89,27,113,-36,119,-122,83
-47,89,27,113,-36,119,-122,83
-48,90,28,112,-36,119,-120,85
-48,90,29,111,-36,119,-120,86
-46,91,29,111,-36,119,-119,86
-45,92,30,111,-36,119,-117,87
-44,93,29,111,-37,119,-117,89
-45,96,29,111,-38,119,-118,91
-46,97,28,112,-38,119,-118,92
-45,98,28,112,-38,118,-118,91
-43,98,29,112,-37,117,-115,93
-41,99,30,112,-36,118,-114,95
-40,100,30,113,-36,119,-113,95
-39,102,29,113,-36,120,-114,97
-39,104,29,114,-36,119,-114,100
-38,107,30,115,-36,118,-113,102
-37,109,31,116,-36,116,-112,104
-37,111,32,116,-37,116,-112,106
-37,112,32,116,-38,116,-112,108
-37,114,31,116,-39,116,-112,109
-36,117,31,116,-38,115,-112,112
-36,119,32,116,-37,114,-112,115
-36,122,32,116,-36,114,-112,118
-36,124,31,116,-36,116,-112,119
-36,126,31,116,-36,118,-112,122
-36,128,32,116,-37,118,-111,124
-35,130,32,117,-38,116,-111,125
-34,131,33,118,-39,115,-109,126
-33,131,33,118,-38,114,-108,126
-32,132,33,118,-37,114,-107,128
-32,133,33,118,-36,115,-107,129
-33,135,34,118,-36,115,-108,131
-34,136,35,119,-37,114,-112,134
-34,137,35,120,-38,114,-112,135
-34,137,35,119,-39,115,-112,135
-33,136,34,118,-38,114,-109,131
-34,136,33,118,-37,114,-109,131
-34,136,34,118,-36,115,-109,131
-34,136,35,119,-36,115,-112,131
-33,136,35,119,-36,115,-112,134
-33,137,34,118,-37,114,-109,133
-34,137,32,117,-37,114,-109,133
-35,136,32,117,-36,115,-111,131
-36,133,33,118,-37,115,-112,129
-36,131,34,118,-37,117,-112,126
-36,130,33,117,-36,117,-112,125
-36,130,32,116,-36,117,-111,125
-36,130,31,116,-36,115,-111,125
-36,128,31,116,-37,115,-112,124
-37,125,31,116,-38,115,-113,120
-38,123,32,116,-39,115,-113,119
-37,123,31,116,-38,116,-113,118
-37,122,31,116,-37,117,-113,118
-37,120,31,116,-36,118,-113,115
-39,117,31,116,-36,119,-114,113
-39,115,32,116,-36,119,-114,111
-38,114,32,115,-36,120,-113,109
-38,112,32,115,-36,119,-113,108
-38,110,32,115,-36,119,-113,106
-39,108,32,116,-36,118,-113,103
-39,106,31,116,-36,117,-114,102
-40,105,31,116,-36,118,-114,101
-41,105,32,116,-36,119,-115,101
-43,104,31,116,-36,119,-118,100
-44,103,30,115,-36,119,-119,98
-43,102,29,114,-36,119,-118,98
-43,101,29,114,-36,119,-118,97
-43,100,29,114,-36,119,-118,96
-44,99,29,114,-36,119,-119,95
-44,98,28,113,-36,119,-119,91
-45,97,28,112,-36,119,-119,90
-46,97,28,112,-36,119,-120,90
-46,97,28,112,-36,119,-122,90
-46,97,28,113,-36,119,-120,90
-45,96,28,113,-36,119,-120,89
-44,94,28,112,-36,119,-119,87
-43,93,28,112,-36,119,-118,86
-43,92,28,112,-36,119,-118,85
-43,92,28,112,-36,119,-118,85
-43,93,28,112,-36,119,-118,86
-43,93,28,112,-36,119,-118,86
-43,92,28,112,-36,119,-118,85
-45,91,28,112,-36,119,-119,85
-46,91,28,112,-36,119,-122,84
-48,90,27,113,-36,119,-123,84
-48,90,28,112,-36,119,-123,83
-49,90,28,112,-36,119,-123,83
-49,90,28,112,-36,119,-124,83
-49,89,27,113,-36,119,-124,83
-48,88,27,113,-36,119,-123,81
-48,86,28,112,-36,119,-123,79
-48,84,29,112,-36,119,-120,80
-50,83,29,111,-36,119,-122,79
-50,83,29,111,-36,119,-123,79
-50,84,28,111,-36,119,-123,79
-50,84,27,110,-36,119,-122,76
-49,82,27,110,-36,119,-122,75
-49,80,27,108,-36,119,-119,73
-49,78,27,107,-36,119,-119,74
-50,78,26,107,-36,119,-120,70
-51,77,26,107,-36,119,-120,70
-50,76,27,107,-36,119,-120,72
-50,74,26,107,-36,119,-120,67
-51,72,25,108,-36,119,-123,64
-53,71,24,108,-36,119,-124,63
-54,70,24,108,-36,119,-125,63
-54,70,24,108,-36,119,-126,63
-54,70,24,106,-36,119,-124,63
-54,70,25,106,-36,120,-123,63
-54,70,25,106,-36,121,-123,63
-55,69,24,108,-36,121,-126,62
-57,69,24,109,-36,120,-129,62
-58,68,24,110,-36,119,-130,62
-58,68,24,110,-36,119,-130,61
-58,67,25,110,-36,120,-130,59
-57,65,24,109,-36,121,-129,58
-56,64,23,108,-36,121,-128,57
-56,63,21,107,-36,121,-128,53
-56,64,22,107,-36,122,-128,54
-56,64,22,108,-36,122,-128,54
-56,64,23,108,-36,121,-128,57
-56,64,23,108,-36,120,-128,57
-56,64,23,108,-36,120,-128,57
-56,64,23,109,-36,120,-128,57
-55,64,23,108,-36,121,-128,57
-56,64,23,108,-36,121,-128,57
-57,63,23,108,-36,121,-129,56
-59,62,24,109,-36,122,-131,54
-60,61,24,110,-36,123,-131,54
-61,61,23,111,-36,123,-135,52
-61,61,21,112,-36,122,-135,52
-60,61,22,112,-36,120,-134,52
-59,60,23,111,-36,119,-134,51
-60,60,24,110,-36,119,-131,53
-59,60,25,109,-36,121,-131,53
-59,60,25,109,-36,121,-131,53
-59,58,24,109,-36,121,-131,51
-59,57,23,108,-36,119,-131,50
-61,55,22,109,-36,119,-133,46
-62,55,21,110,-36,120,-136,45
-63,54,21,110,-36,121,-136,45
-62,55,20,109,-36,121,-134,45
-62,55,20,107,-36,120,-134,46
-62,55,20,106,-36,120,-134,46
-62,54,21,106,-36,121,-131,45
-62,54,21,106,-36,121,-131,43
-61,52,21,106,-36,120,-133,42
-60,51,20,106,-36,119,-131,41
-60,50,20,106,-36,119,-131,41
-60,50,21,106,-36,119,-129,41
-61,50,21,106,-36,119,-130,40
-62,50,21,106,-36,119,-131,40
-61,50,21,106,-36,119,-130,40
-60,50,21,106,-36,119,-129,41
-60,50,21,106,-36,119,-129,41
-60,50,21,106,-36,119,-129,41
-60,50,21,106,-36,119,-129,41
-60,50,21,106,-36,119,-129,41
-60,50,21,106,-36,119,-129,41
-60,50,21,106,-36,119,-129,41
-60,50,21,106,-36,119,-129,41
-60,50,21,106,-36,119,-131,41
-60,50,21,106,-36,119,-129,41
-60,50,20,106,-36,119,-129,41
-60,50,20,105,-36,119,-129,41
-60,50,19,105,-36,119,-129,41
-60,51,19,105,-36,119,-129,41
-60,51,20,106,-36,119,-129,41
-60,51,21,105,-36,119,-129,41
-60,50,22,105,-36,119,-129,43
-60,50,23,104,-36,119,-129,43
-60,51,23,103,-36,119,-126,43
-61,52,23,104,-36,119,-130,45
-61,54,21,105,-36,119,-130,43
-62,55,20,106,-36,119,-134,45
-62,55,20,106,-36,119,-134,46
-62,55,22,105,-36,119,-131,47
-62,55,24,105,-36,119,-131,47
-63,55,24,105,-36,119,-131,48
-63,56,23,105,-36,119,-133,48
-63,56,21,105,-36,119,-133,47
-61,57,21,105,-36,120,-130,47
-60,58,23,106,-36,121,-130,51
-60,60,24,107,-36,121,-129,53
-60,61,25,108,-36,121,-131,54
-60,62,24,108,-36,119,-133,54
-59,62,24,107,-36,119,-129,54
-57,63,25,106,-36,120,-126,56
-56,64,27,106,-36,121,-125,59
-56,64,27,107,-36,122,-125,57
-56,64,25,108,-36,122,-125,57
-56,64,24,108,-36,122,-128,57
-55,65,24,107,-36,121,-124,57
-53,65,24,108,-36,121,-125,58
-51,66,24,109,-36,121,-123,59
-51,66,24,110,-36,122,-123,58
-52,66,24,110,-36,122,-124,59
-53,68,24,109,-36,121,-125,61
-54,68,24,109,-36,119,-125,62
-53,68,24,109,-36,118,-125,62
-51,69,24,109,-36,119,-123,62
-49,69,24,109,-36,121,-122,62
-50,70,24,109,-36,123,-122,63
-52,71,24,109,-36,124,-124,64
-54,71,24,109,-36,123,-126,64
-54,70,24,109,-36,121,-126,63
-53,69,24,109,-36,121,-125,62
-53,68,24,109,-36,120,-125,62
-53,69,24,109,-36,120,-125,62
-54,70,24,109,-36,120,-125,63
-54,70,24,109,-36,121,-126,63
-54,71,24,109,-36,122,-125,63
-54,71,24,109,-36,123,-125,63
-54,70,24,109,-36,123,-125,63
-54,70,24,109,-36,121,-125,63
-54,70,24,109,-36,120,-125,63
-54,70,24,109,-36,120,-125,63
-54,71,24,109,-36,121,-126,64
-54,72,24,109,-36,122,-126,64
-55,72,24,109,-36,122,-126,64
-54,72,24,109,-36,121,-126,64
-54,71,24,109,-36,120,-126,64
-54,70,24,109,-36,120,-125,63
-54,70,24,109,-36,121,-125,63
-54,70,24,109,-36,121,-126,63
-54,71,24,109,-36,121,-125,63
-53,71,24,109,-36,121,-125,64
-52,71,24,109,-36,120,-124,64
-52,72,24,109,-36,120,-124,64
-52,72,24,109,-36,119,-124,64
-52,72,24,109,-36,119,-124,65
-52,74,24,109,-36,119,-124,67
-51,75,24,109,-36,119,-123,68
-51,76,24,109,-36,119,-124,69
-51,77,24,109,-36,119,-124,69
-52,77,24,109,-36,119,-124,70
-52,77,24,109,-36,119,-124,70
-52,77,24,109,-36,119,-124,69
-52,77,24,109,-36,119,-124,69
-50,77,24,109,-36,119,-123,70
-49,79,24,109,-36,119,-122,72
-49,81,24,109,-36,119,-120,74
-49,82,24,109,-36,119,-120,75
-50,83,24,109,-36,119,-122,76
-50,84,24,109,-36,119,-122,78
-51,85,25,111,-36,119,-123,78
-52,86,26,111,-36,119,-124,79
-52,88,27,112,-36,119,-124,80
-51,89,27,112,-36,119,-123,81
-49,89,27,112,-36,119,-122,83
-48,90,27,112,-36,119,-123,84
-49,91,28,113,-36,119,-123,84
-49,93,28,113,-36,119,-124,86
-49,95,28,112,-36,119,-124,87
-47,96,28,112,-36,119,-123,90
-47,98,28,113,-36,119,-122,91
-47,100,28,113,-36,119,-123,93
-47,101,28,112,-36,119,-123,93
-47,101,27,112,-36,119,-122,95
-46,102,28,113,-36,119,-122,95
-46,104,29,114,-36,119,-122,100
-46,106,30,115,-36,119,-122,101
-46,107,31,116,-36,119,-120,103
-45,108,32,116,-36,119,-120,104
-45,110,32,116,-36,119,-120,106
-45,112,31,116,-36,119,-120,108
-45,113,31,116,-36,119,-120,108
-45,114,31,116,-36,119,-120,109
-44,115,31,116,-36,119,-119,111
-43,116,31,116,-36,119,-118,112
-43,119,31,116,-36,119,-118,114
-42,121,31,116,-36,119,-118,117
-42,121,31,116,-36,119,-118,117
-42,121,31,116,-36,119,-118,117
-42,121,31,116,-36,119,-118,117
-41,121,31,116,-36,119,-115,117
-39,122,31,116,-36,118,-114,118
-38,123,31,116,-36,117,-113,118
-38,123,31,116,-36,118,-113,118
-38,123,31,116,-36,119,-113,119
-36,124,32,116,-36,119,-112,119
-35,125,32,116,-36,118,-111,120
-34,126,31,116,-36,117,-109,122
-33,126,31,116,-36,118,-108,122
-33,125,31,116,-36,119,-108,120
-34,126,32,116,-36,120,-109,122
-35,126,32,117,-36,120,-111,122
-35,128,32,117,-36,119,-111,124
-35,130,32,117,-36,118,-111,125
-33,132,33,118,-36,117,-108,128
-31,132,33,118,-36,118,-107,128
-31,132,33,118,-36,119,-107,128
-32,132,33,117,-36,119,-107,128
-32,132,33,117,-36,119,-107,128
-30,133,33,118,-36,119,-106,129
-28,134,34,118,-36,119,-104,130
-28,135,34,118,-36,119,-103,131
-28,136,34,119,-36,119,-106,131
-28,136,35,119,-36,119,-106,131
-28,136,35,119,-36,119,-106,131
-28,137,35,119,-36,119,-106,133
-29,137,35,119,-36,119,-107,133
-29,137,35,119,-36,119,-107,135
-31,137,35,119,-36,119,-108,133
-32,137,35,120,-36,119,-109,133
-33,137,35,119,-36,119,-111,133
-33,137,35,119,-36,119,-112,135
-33,136,35,119,-36,119,-112,131
-34,137,34,119,-37,120,-112,133
-36,137,33,120,-38,121,-114,133
-38,137,33,120,-38,121,-115,133
-39,135,32,119,-38,121,-117,131
-38,133,32,117,-37,120,-113,129
-36,131,32,116,-36,119,-112,126
-37,129,32,117,-36,119,-112,124
-39,128,32,118,-37,120,-114,123
-41,127,32,119,-38,121,-119,123
-42,126,31,119,-38,121,-120,122
-42,125,31,118,-38,120,-120,120
-42,123,31,117,-37,119,-117,118
-41,121,32,116,-36,119,-117,117
-41,119,32,116,-36,121,-117,115
-41,119,31,116,-36,122,-117,114
-42,118,30,115,-36,122,-117,113
-43,116,28,115,-36,121,-119,109
-44,114,28,116,-36,120,-119,107
-44,112,28,115,-36,120,-119,106
-44,110,29,115,-36,120,-119,106
-44,109,29,114,-36,121,-119,104
-45,108,28,113,-36,122,-120,101
-46,108,28,112,-36,122,-120,101
-45,107,27,113,-36,122,-120,100
-45,105,28,113,-36,121,-119,98
-45,103,28,113,-36,121,-120,96
-46,101,28,113,-36,122,-122,95
-47,100,28,112,-36,124,-122,92
-47,98,28,112,-36,125,-122,91
-46,97,28,112,-36,124,-120,90
-46,96,28,112,-36,124,-120,90
-46,97,28,112,-36,124,-120,90
-46,97,28,113,-36,124,-120,90
-46,97,28,113,-36,124,-120,90
-45,95,27,112,-36,124,-120,89
-44,93,27,112,-36,124,-117,86
-43,92,26,111,-36,124,-115,85
-43,92,27,112,-36,124,-115,85
-44,93,27,112,-36,124,-118,86
-45,93,28,113,-36,124,-120,86
-47,93,28,113,-36,124,-122,86
-49,93,28,112,-36,124,-124,85
-50,93,28,112,-36,124,-125,86
-50,94,28,112,-36,124,-125,87
-50,95,28,112,-36,124,-125,87
-50,95,28,112,-36,124,-125,87
-50,94,28,112,-36,124,-125,87
-50,94,28,112,-36,124,-125,87
-50,94,28,112,-36,124,-125,87
-49,95,27,113,-36,124,-124,87
-47,96,28,112,-36,124,-122,89
-46,97,28,112,-36,124,-120,90
-46,97,28,112,-36,124,-120,90
-45,97,27,113,-36,124,-120,90
-46,97,27,113,-36,124,-120,90
-46,96,28,112,-36,124,-122,90
-47,96,29,112,-36,124,-119,91
-48,95,30,110,-36,124,-120,91
-49,95,30,110,-36,124,-119,90
-49,95,30,110,-36,124,-122,91
-49,95,29,111,-36,124,-122,91
-48,95,29,111,-36,124,-120,91
-49,95,29,111,-36,124,-122,91
-49,95,29,111,-36,124,-122,90
-50,94,30,110,-36,124,-120,90
-50,94,31,109,-36,124,-120,90
-50,94,31,109,-36,124,-120,90
-50,94,31,108,-36,124,-120,90
-51,94,30,108,-36,124,-122,90
-54,93,29,109,-36,124,-124,89
-54,92,28,109,-36,124,-126,87
-54,91,28,110,-36,124,-126,86
-53,89,26,110,-36,124,-125,81
-52,88,25,111,-36,124,-124,80
-52,88,25,110,-36,124,-124,80
-52,88,25,110,-36,124,-124,81
-52,88,26,108,-36,124,-124,80
-51,87,27,108,-36,124,-122,83
-50,86,28,107,-36,124,-120,81
-50,83,28,107,-36,124,-119,79
-50,81,27,107,-36,124,-120,74
-51,79,25,108,-36,124,-120,72
-52,78,25,108,-36,124,-124,70
-52,76,25,108,-36,125,-124,69
-53,75,26,108,-36,126,-122,68
-53,73,27,107,-36,126,-123,68
-54,71,27,106,-36,126,-123,65
-54,68,26,107,-36,125,-123,62
-54,66,26,107,-36,124,-123,59
-55,65,27,107,-36,124,-124,59
-55,64,27,106,-36,125,-125,59
-56,63,27,107,-36,126,-125,58
-55,62,26,107,-36,126,-124,54
-56,61,26,107,-36,126,-125,53
-57,59,27,106,-36,125,-126,54
-58,57,27,106,-36,124,-128,52
-59,57,27,106,-36,124,-128,52
-59,57,27,106,-36,124,-129,52
-59,56,27,106,-36,124,-129,52
-58,55,27,106,-36,124,-128,51
-58,53,27,106,-36,124,-128,48
-58,51,27,106,-36,124,-128,46
-59,50,27,106,-36,124,-129,46
-60,50,27,106,-36,124,-129,46
-60,50,27,107,-36,124,-129,46
-61,50,26,107,-36,124,-130,42
-63,49,25,107,-36,124,-133,41
-64,48,22,106,-36,124,-134,41
-65,48,21,106,-36,124,-134,39
-64,49,20,106,-36,124,-136,39
-64,48,20,106,-36,124,-136,39
-65,46,21,106,-36,124,-134,36
-65,44,21,106,-36,124,-134,34
-65,42,21,106,-36,124,-134,32
-65,42,20,106,-36,124,-136,32
-65,42,21,106,-36,124,-134,32
-66,42,21,106,-36,124,-135,32
-66,42,21,106,-36,124,-135,32
-65,40,21,106,-36,125,-136,31
-65,39,21,106,-36,124,-136,29
-65,37,20,106,-36,123,-134,28
-67,35,19,104,-36,120,-136,25
-68,35,18,104,-36,119,-137,25
-69,35,18,104,-36,119,-137,25
-69,35,19,104,-36,121,-137,25
-68,35,20,104,-36,123,-137,25
-68,34,20,103,-36,123,-136,24
-67,32,19,103,-36,121,-135,23
-66,31,18,103,-36,119,-135,21
-66,30,18,104,-36,119,-135,20
-66,31,18,104,-36,119,-135,21
-66,31,18,104,-36,119,-135,21
-66,31,18,104,-36,120,-135,21
-66,31,17,103,-36,121,-135,21
-66,31,18,102,-36,121,-135,21
-65,31,19,100,-36,121,-131,21
-64,32,21,99,-36,119,-128,25
-64,32,21,99,-36,119,-128,25
-63,32,19,100,-36,119,-129,23
-62,32,17,102,-36,119,-131,23
-62,33,17,103,-36,119,-131,24
-62,34,18,102,-36,118,-131,25
-62,36,19,100,-36,117,-128,26
-61,39,20,99,-36,118,-128,31
-61,41,20,100,-36,119,-128,31
-61,43,20,101,-36,119,-128,32
-61,44,21,102,-36,119,-128,37
-60,47,22,101,-36,119,-126,40
-59,49,23,102,-36,119,-125,42
-58,52,24,102,-36,119,-125,45
-58,54,24,103,-36,119,-124,46
-57,55,24,103,-36,119,-124,48
-57,57,23,102,-36,119,-124,50
-58,60,24,102,-36,119,-125,52
-57,61,25,103,-36,119,-124,54
-56,63,26,105,-36,118,-123,58
-54,65,28,106,-36,117,-124,59
-54,66,28,106,-36,118,-123,62
-53,69,27,106,-36,119,-123,64
-53,72,27,106,-36,120,-123,68
-53,75,28,106,-36,120,-123,70
-52,77,28,106,-36,119,-122,73
-51,78,29,107,-36,118,-120,74
-49,80,28,109,-36,118,-119,75
-48,83,28,111,-36,118,-120,78
-47,85,28,112,-36,118,-119,78
-46,87,28,112,-36,118,-119,83
-47,89,29,112,-36,118,-119,85
-46,91,29,112,-36,118,-119,86
-45,91,27,112,-36,117,-117,85
-44,92,27,113,-36,116,-119,85
-44,93,29,114,-36,115,-119,89
-43,96,31,115,-36,116,-118,91
-43,98,31,116,-36,117,-118,93
-43,101,30,115,-36,118,-118,96
-43,102,29,114,-36,118,-118,97
-44,103,29,114,-36,118,-119,98
-43,104,29,114,-36,119,-118,100
-41,105,28,114,-36,119,-115,98
-39,105,28,113,-36,119,-114,98
-39,106,28,112,-36,119,-114,98
-39,105,28,112,-36,119,-112,101
-39,105,30,110,-36,119,-109,101
-39,105,31,109,-36,119,-109,101
-39,105,31,109,-36,119,-109,101
-39,105,31,109,-36,118,-109,101
-39,105,31,109,-36,117,-109,101
-40,106,31,109,-36,118,-109,101
-40,106,31,109,-36,119,-109,102
-39,105,31,109,-36,119,-109,101
-39,104,31,109,-36,119,-108,100
-37,103,31,109,-36,119,-107,98
-37,101,31,109,-36,119,-107,97
-39,100,31,109,-36,119,-108,96
-40,100,31,109,-36,119,-111,95
-41,100,31,109,-36,119,-112,95
-42,99,31,109,-36,119,-112,95
-42,97,31,109,-36,119,-112,92
-43,94,31,109,-36,119,-113,90
-43,92,31,109,-36,119,-113,87
-43,92,31,109,-36,119,-113,87
-43,93,31,109,-36,119,-113,89
-43,92,30,108,-36,118,-113,87
-44,91,30,108,-36,118,-114,86
-45,88,30,108,-36,118,-114,84
-46,86,31,109,-36,117,-115,81
-47,84,31,109,-36,116,-117,80
-48,83,30,108,-36,115,-118,78
-48,80,28,107,-36,114,-118,76
-48,79,27,106,-36,114,-118,75
-48,79,27,105,-36,115,-115,74
-47,79,27,106,-36,114,-117,75
-47,79,28,106,-36,114,-117,75
-47,78,28,106,-36,115,-117,74
-46,76,27,106,-36,116,-115,72
-45,75,27,106,-36,116,-115,70
-45,75,27,106,-36,116,-114,70
-45,75,27,106,-36,115,-114,70
-45,75,27,106,-36,114,-115,70
-46,75,27,106,-36,114,-115,70
-46,75,26,107,-36,114,-115,68
-45,75,26,107,-36,115,-114,68
-44,76,26,107,-36,115,-114,69
-43,78,27,106,-36,115,-113,74
-43,80,27,106,-36,114,-112,76
-43,81,27,106,-36,114,-113,76
-43,81,27,106,-36,114,-113,76
-43,82,27,106,-36,115,-113,78
-43,83,27,106,-36,116,-113,79
-42,86,27,106,-36,116,-112,81
-41,87,27,105,-36,116,-108,83
-41,89,28,106,-36,115,-111,84
-40,90,28,107,-36,114,-111,86
-40,92,30,108,-36,114,-109,87
-40,94,31,109,-36,114,-109,90
-40,96,32,109,-36,115,-109,92
-39,99,31,109,-36,114,-109,95
-38,102,31,109,-36,114,-108,97
-37,105,31,109,-36,115,-107,101
-38,108,31,110,-36,115,-108,103
-38,111,32,110,-36,114,-108,109
-37,114,33,109,-36,114,-107,112
-36,117,33,108,-36,115,-107,114
-36,119,32,108,-36,116,-106,117
-35,121,32,110,-36,118,-104,117
-34,123,33,112,-36,119,-107,122
-33,127,35,112,-36,120,-106,125
-32,130,36,112,-36,119,-103,129
-32,133,36,111,-36,119,-102,131
-32,136,36,112,-36,119,-102,134
-31,138,35,112,-36,119,-102,136
-30,140,34,112,-36,119,-103,139
-29,142,36,114,-36,119,-103,140
-28,144,37,115,-36,119,-102,142
-27,148,38,115,-35,119,-101,146
-26,150,39,116,-34,119,-100,151
-25,151,38,116,-35,119,-98,150
-24,153,38,115,-36,119,-97,151
-23,153,38,115,-36,120,-96,152
-22,155,38,115,-36,121,-96,153
-22,157,38,116,-34,121,-96,156
-22,159,39,116,-33,120,-96,159
-21,160,40,117,-32,119,-95,161
-20,162,40,118,-33,119,-93,163
-20,164,41,118,-35,120,-96,164
-21,165,42,119,-36,122,-97,166
-22,165,42,119,-35,122,-98,166
-20,166,42,119,-33,121,-96,167
-18,166,42,119,-33,122,-95,167
-17,167,42,119,-34,123,-93,168
-17,168,42,119,-34,124,-93,169
-18,169,42,119,-33,124,-93,169
-18,169,41,119,-32,124,-93,169
-18,169,40,118,-32,124,-91,169
-18,169,39,117,-34,124,-91,169
-18,169,40,117,-35,124,-92,169
-18,169,40,118,-34,124,-92,170
-18,169,41,118,-33,124,-95,170
-18,169,40,117,-34,124,-91,169
-17,168,38,116,-34,124,-90,166
-17,167,38,115,-34,124,-91,166
-18,166,38,115,-33,123,-92,164
-20,166,38,116,-33,124,-93,164
-21,166,38,116,-34,126,-95,164
-21,164,38,115,-34,128,-95,162
-21,161,38,115,-32,129,-95,159
-22,159,38,115,-32,129,-96,157
-23,158,38,115,-32,129,-97,157
-23,159,38,115,-32,129,-97,157
-23,158,38,115,-32,129,-97,157
-25,158,38,115,-31,129,-98,156
-27,157,38,116,-31,129,-100,156
-28,156,38,115,-31,129,-101,155
-28,156,38,116,-31,129,-101,155
-27,155,39,116,-31,129,-100,156
-26,153,38,116,-31,129,-100,152
-27,151,36,115,-31,129,-100,150
-28,150,36,114,-31,129,-101,148
-28,148,37,112,-31,129,-100,146
-28,146,38,112,-31,129,-100,147
-29,144,38,111,-32,129,-100,145
-30,144,37,110,-33,129,-101,145
-31,143,37,110,-32,129,-102,144
-31,142,36,111,-31,129,-102,140
-30,140,36,111,-31,129,-101,139
-30,139,36,112,-31,129,-101,137
-30,138,37,110,-31,129,-101,139
-31,136,38,109,-31,129,-100,136
-32,134,38,108,-31,129,-101,135
-33,131,38,109,-31,129,-101,131
-34,129,38,109,-31,130,-102,130
-34,127,38,109,-31,131,-102,128
-34,125,38,109,-31,130,-102,126
-34,123,37,108,-31,129,-102,124
-34,121,36,106,-31,129,-102,122
-35,118,34,106,-31,129,-103,117
-35,115,33,107,-31,129,-103,113
-35,112,33,107,-31,129,-103,111
-36,109,33,107,-31,129,-103,107
-36,106,33,105,-31,129,-103,104
-37,103,33,104,-31,129,-102,101
-39,101,32,104,-31,130,-103,100
-40,98,32,103,-31,131,-104,97
-40,96,31,103,-31,130,-106,95
-40,93,30,102,-31,129,-104,91
-41,90,30,101,-31,129,-106,87
-42,88,29,101,-31,129,-107,86
-44,86,29,101,-31,129,-109,84
-46,84,29,101,-31,129,-111,81
-47,81,29,101,-31,129,-112,76
-49,79,28,100,-31,129,-114,74
-52,76,27,99,-31,129,-117,72
-54,74,27,99,-31,129,-119,70
-55,72,27,99,-31,129,-120,68
-55,70,27,99,-31,129,-120,65
-56,67,27,99,-31,129,-120,63
-56,65,27,99,-31,130,-120,61
-58,63,27,98,-31,131,-120,58
-59,62,26,98,-31,130,-122,58
-60,61,26,97,-31,129,-122,57
-60,60,25,97,-31,129,-122,56
-60,58,25,96,-31,129,-123,53
-61,56,24,96,-31,129,-123,51
-62,54,24,95,-31,129,-124,50
-62,54,24,95,-31,129,-124,48
-61,53,24,95,-31,129,-123,48
-61,52,24,96,-31,129,-123,47
-60,51,24,96,-31,129,-122,47
-61,50,24,95,-31,129,-123,46
-61,50,24,95,-31,129,-123,45
-61,50,24,95,-31,129,-123,45
-61,50,24,95,-31,129,-123,45
-62,50,24,95,-31,129,-124,46
-63,49,24,95,-31,129,-124,45
-64,47,24,95,-31,129,-125,42
-63,45,24,95,-31,129,-125,40
-61,45,24,95,-31,129,-123,40
-59,45,24,95,-31,129,-120,41
-57,46,24,95,-31,129,-119,42
-57,46,24,95,-31,129,-119,42
-57,46,24,95,-31,129,-119,42
-57,46,24,96,-31,129,-119,42
-58,46,24,96,-31,128,-119,41
-58,46,24,95,-31,127,-120,42
-58,47,24,95,-31,127,-120,42
-57,49,24,95,-31,127,-119,45
-56,50,24,96,-31,128,-118,46
-55,52,25,97,-31,129,-117,47
-55,53,25,97,-31,129,-117,48
-56,53,25,96,-31,129,-118,48
-56,53,24,96,-32,127,-118,48
-56,53,24,96,-31,125,-118,48
-54,53,25,96,-29,124,-115,48
-53,54,25,97,-28,123,-114,50
-52,56,25,97,-28,123,-114,52
-53,58,24,96,-29,124,-114,54
-54,59,24,95,-31,124,-115,54
-54,60,23,95,-31,124,-117,56
-54,59,24,95,-30,124,-115,54
-54,59,24,96,-28,123,-115,54
-54,59,25,96,-28,123,-115,54
-54,59,25,97,-28,123,-115,54
-54,60,26,97,-27,123,-115,56
-54,59,27,98,-27,123,-118,54
-54,59,27,98,-26,123,-115,54
-54,59,26,98,-27,123,-115,54
-54,59,25,97,-28,123,-115,54
-54,60,24,96,-28,124,-115,56
-54,60,23,95,-28,124,-115,56
-54,59,24,95,-28,123,-115,54
-54,59,23,96,-27,124,-115,54
-54,59,24,95,-27,124,-117,54
-54,61,24,96,-26,123,-117,56
-53,62,25,96,-26,122,-115,58
-52,63,25,97,-26,120,-114,59
-52,65,25,98,-27,119,-114,61
-53,65,26,98,-27,118,-114,61
-53,65,28,97,-26,119,-115,63
-52,66,29,97,-27,119,-114,64
-51,66,30,97,-27,119,-113,64
-50,67,29,97,-26,119,-112,64
-50,69,29,96,-26,119,-112,67
-49,71,30,96,-26,119,-108,69
-48,73,31,95,-27,119,-108,72
-47,75,31,95,-28,119,-107,73
-46,76,31,95,-28,119,-106,74
-45,78,31,96,-28,119,-106,76
-44,80,30,95,-27,118,-104,78
-43,81,31,95,-27,117,-103,79
-43,82,31,95,-27,116,-103,80
-43,81,31,96,-27,115,-103,80
-44,82,32,96,-27,114,-103,80
-45,82,32,97,-27,114,-104,80
-44,83,31,96,-27,114,-104,81
-42,84,31,96,-27,114,-102,83
-40,83,31,96,-27,114,-100,81
-40,83,32,97,-27,114,-100,81
-41,82,32,96,-27,114,-101,80
-43,82,31,96,-27,113,-103,80
-43,81,31,95,-27,112,-103,79
-43,80,31,95,-27,112,-103,79
-43,80,31,95,-27,112,-102,79
-43,80,31,95,-27,112,-102,79
-43,80,31,95,-27,111,-102,79
-41,79,30,95,-27,109,-101,78
-40,76,31,96,-27,108,-101,74
-41,73,31,96,-27,109,-101,72
-42,71,30,95,-27,109,-102,69
-43,71,29,94,-27,109,-103,69
-43,71,28,94,-27,109,-103,69
-43,70,27,94,-27,109,-102,65
-43,68,27,94,-27,109,-103,64
-45,66,27,94,-27,109,-104,62
-45,65,27,93,-27,109,-104,63
-45,64,28,93,-27,109,-104,62
-45,64,28,93,-27,109,-104,62
-46,64,28,93,-27,109,-106,62
-48,62,27,92,-27,109,-108,61
-49,61,27,92,-27,109,-109,59
-49,61,28,93,-27,109,-108,58
-48,60,28,93,-27,109,-108,58
-48,59,28,93,-27,109,-108,57
-49,59,27,92,-27,109,-108,57
-50,59,27,92,-27,109,-109,57
-51,58,27,92,-27,108,-111,56
-52,57,27,92,-27,107,-112,56
-52,57,27,92,-27,106,-112,56
-52,59,27,92,-27,105,-112,57
-51,61,27,92,-27,104,-111,59
-49,61,27,92,-27,104,-109,59
-48,61,27,92,-27,104,-108,58
-48,60,27,92,-27,104,-108,58
-49,60,27,92,-27,104,-108,58
-49,61,27,92,-27,104,-108,59
-49,62,27,92,-27,104,-109,61
-50,62,27,92,-27,104,-109,61
-50,61,27,92,-27,104,-109,59
-49,61,27,92,-27,104,-108,59
-48,62,27,92,-27,104,-108,61
-47,65,28,93,-27,104,-107,63
-47,67,28,93,-27,104,-107,65
-47,68,28,93,-27,104,-107,67
-47,69,27,92,-27,104,-107,67
-47,68,28,93,-27,104,-107,67
-47,68,29,94,-27,104,-107,65
-48,68,30,95,-27,105,-107,65
-48,70,31,96,-27,106,-107,68
-47,72,31,95,-27,106,-107,70
-46,74,31,95,-27,106,-107,73
-46,75,30,95,-27,107,-106,73
-45,75,30,96,-27,107,-106,73
-45,75,31,95,-27,107,-104,73
-45,77,32,94,-27,108,-104,78
-44,80,33,93,-27,108,-101,80
-43,82,33,93,-27,109,-101,83
-43,82,32,94,-27,109,-103,83
-43,81,30,95,-27,109,-103,80
-42,82,30,95,-27,108,-102,80
-41,84,31,94,-27,109,-101,83
-41,87,32,93,-27,110,-98,87
-41,88,32,93,-27,111,-98,89
-40,89,32,93,-27,111,-97,90
-38,90,32,93,-27,109,-96,90
-37,90,32,93,-27,108,-95,91
-37,92,32,93,-27,109,-95,92
-39,93,32,93,-27,110,-96,95
-39,94,31,94,-27,112,-100,92
-39,95,31,95,-27,114,-100,93
-38,96,30,95,-27,114,-98,93
-36,96,30,95,-27,114,-96,95
-35,97,31,95,-27,114,-95,95
-35,97,31,95,-27,114,-96,96
-35,97,31,95,-27,113,-95,95
-33,98,30,95,-27,114,-93,96
-32,98,30,96,-27,115,-92,97
-31,100,30,95,-27,117,-91,98
-32,100,31,94,-26,119,-92,98
-33,100,33,93,-25,119,-91,101
-32,100,34,92,-25,119,-90,101
-32,101,34,92,-25,119,-90,101
-33,102,33,93,-26,119,-91,102
-34,102,32,93,-27,118,-92,103
-34,103,32,93,-27,119,-92,104
-33,104,34,92,-26,120,-91,104
-33,104,34,91,-26,122,-89,104
-33,104,34,92,-26,123,-91,104
-33,103,33,93,-26,124,-91,104
-33,103,32,94,-26,124,-93,102
-33,104,31,95,-26,123,-93,102
-33,104,30,96,-26,123,-93,103
-34,105,30,95,-26,124,-95,103
-35,106,31,95,-26,123,-95,104
-35,107,31,96,-26,123,-95,106
-34,108,32,97,-26,124,-95,107
-32,110,32,97,-26,125,-95,108
-31,110,33,98,-26,127,-93,111
-30,110,34,98,-26,129,-93,111
-31,110,34,99,-26,129,-93,111
-31,110,34,99,-26,128,-93,111
-31,110,34,98,-26,128,-93,111
-31,110,34,98,-26,128,-93,111
-31,110,34,98,-26,130,-95,111
-31,110,34,98,-26,132,-93,111
-30,111,34,98,-25,133,-92,112
-28,112,34,98,-25,134,-91,113
-27,112,34,98,-25,133,-90,113
-26,112,34,98,-25,133,-89,113
-26,112,34,98,-25,133,-90,113
-27,112,34,98,-25,133,-90,113
-27,112,34,98,-25,133,-90,113
-27,112,34,98,-25,133,-90,113
-26,112,34,98,-25,133,-90,113
-27,112,34,98,-25,135,-90,113
-27,112,34,98,-25,137,-90,113
-27,112,34,98,-25,138,-90,113
-26,113,34,98,-25,139,-90,113
-26,113,34,98,-25,138,-90,113
-26,112,34,98,-25,138,-90,113
-27,111,34,98,-25,138,-90,112
-29,109,34,98,-25,138,-92,109
-30,109,34,98,-25,138,-93,109
-31,110,34,98,-25,138,-93,111
-31,110,34,98,-25,138,-93,111
-32,110,34,98,-25,138,-95,111
-34,108,34,99,-25,138,-97,109
-35,108,34,99,-25,138,-98,108
-36,108,34,98,-26,138,-98,108
-35,108,33,98,-25,138,-98,108
-35,108,32,96,-23,140,-96,106
-35,108,31,96,-22,141,-96,106
-35,108,30,95,-21,143,-96,106
-35,108,31,95,-23,144,-96,106
-35,108,32,94,-25,143,-96,106
-35,108,33,93,-25,143,-93,108
-35,108,34,92,-25,143,-93,108
-35,108,34,91,-25,143,-91,108
-35,108,34,92,-25,143,-93,108
-35,108,32,93,-25,143,-93,108
-35,108,31,94,-23,143,-95,106
-34,108,32,94,-23,143,-95,109
-34,108,32,93,-24,143,-92,109
-34,108,33,92,-24,143,-92,109
-33,109,33,93,-23,143,-91,109
-32,109,32,93,-22,143,-90,111
-31,110,32,93,-22,143,-89,111
-30,110,33,92,-23,143,-89,111
-31,110,34,92,-25,143,-89,111
-31,110,34,92,-24,143,-89,111
-31,110,34,92,-23,143,-89,111
-31,110,34,92,-23,143,-89,111
-31,110,34,92,-25,143,-89,111
-31,110,34,92,-26,143,-89,111
-31,110,34,92,-25,143,-89,111
-31,110,34,92,-23,143,-89,111
-31,110,33,92,-21,143,-89,111
-31,110,32,93,-21,143,-89,111
-31,110,32,94,-23,143,-91,111
-31,110,31,95,-25,143,-91,108
-31,110,31,95,-25,143,-91,108
-31,110,32,94,-24,143,-92,111
-32,109,32,93,-23,143,-90,111
-32,108,32,93,-23,143,-90,109
-31,108,32,94,-24,143,-92,108
-31,106,32,94,-23,143,-92,107
-32,105,32,93,-22,143,-90,106
-33,104,34,92,-21,143,-91,104
-34,105,35,92,-20,143,-92,106
-35,106,34,92,-20,143,-93,107
-34,107,32,91,-21,143,-92,108
-33,106,32,90,-23,143,-89,107
-33,104,31,90,-23,143,-89,104
-34,102,31,90,-22,143,-90,103
-36,102,31,89,-21,143,-91,102
-36,102,31,88,-21,143,-91,103
-35,103,30,89,-21,143,-90,103
-33,103,30,90,-23,143,-91,102
-32,104,29,92,-24,143,-90,102
-33,104,30,93,-24,143,-93,102
-33,103,31,93,-24,143,-91,102
-33,103,32,93,-23,143,-91,104
-33,103,32,94,-22,143,-93,104
-33,104,32,94,-20,143,-93,104
-33,103,31,94,-20,143,-93,102
-33,103,31,94,-20,143,-93,102
-33,103,31,94,-22,143,-93,102
-33,103,32,94,-24,143,-93,104
-33,103,32,93,-24,143,-91,104
-33,103,32,93,-23,143,-91,104
-33,103,32,93,-22,143,-91,104
-33,103,31,94,-23,143,-93,102
-33,103,31,95,-24,143,-93,102
-33,104,30,95,-23,143,-93,102
-33,104,30,95,-21,143,-93,102
-33,103,31,95,-21,143,-93,102
-33,103,31,95,-21,142,-93,101
-33,103,30,95,-22,141,-93,102
-34,105,30,95,-22,141,-93,103
-35,107,31,95,-21,141,-95,104
-36,108,31,94,-21,142,-96,106
-35,108,32,94,-21,143,-96,108
-35,107,32,93,-22,143,-92,107
-34,106,33,93,-23,143,-92,107
-35,107,34,92,-24,143,-92,107
-35,108,34,92,-25,143,-93,108
-35,108,34,92,-24,143,-93,108
-35,107,34,92,-22,143,-93,108
-34,106,34,92,-20,143,-92,107
-35,106,34,92,-20,143,-92,107
-35,108,34,92,-20,143,-93,108
-36,108,34,92,-20,143,-93,108
-36,108,34,92,-20,143,-93,108
-35,108,34,92,-21,142,-93,108
-35,108,34,92,-20,141,-93,109
-35,108,34,92,-20,141,-93,109
-35,108,34,92,-20,141,-93,108
-36,106,34,92,-20,143,-93,107
-37,103,34,92,-20,143,-95,104
-37,101,34,92,-20,141,-95,102
-38,101,34,92,-20,140,-96,102
-37,101,34,92,-20,139,-95,102
-36,100,33,91,-20,140,-93,101
-36,98,32,90,-20,141,-93,100
-36,97,32,90,-20,142,-91,97
-38,95,31,89,-20,143,-93,96
-39,95,30,88,-20,143,-95,96
-40,95,30,88,-20,143,-95,96
-39,95,30,88,-20,143,-95,96
-39,95,30,88,-20,143,-95,96
-38,94,30,88,-20,143,-93,95
-38,92,30,88,-20,143,-93,93
-38,90,30,88,-20,143,-93,90
-39,87,30,88,-21,143,-95,87
-40,85,30,88,-21,143,-95,86
-39,84,30,88,-22,143,-95,85
-39,83,30,88,-21,143,-93,84
-39,84,30,88,-21,143,-93,85
-40,83,30,88,-20,143,-96,84
-42,82,30,88,-20,143,-97,83
-43,80,30,88,-20,143,-97,81
-42,78,29,87,-20,143,-97,79
-41,77,29,87,-20,143,-96,75
-40,77,29,87,-20,143,-96,78
-41,77,30,88,-20,143,-96,78
-42,75,30,88,-20,143,-97,76
-42,73,29,87,-20,143,-97,72
-43,71,28,86,-20,143,-98,69
-43,70,28,86,-20,143,-98,68
-44,69,27,85,-20,143,-98,68
-44,69,27,85,-20,143,-98,68
-43,68,27,85,-20,143,-98,67
-43,67,27,85,-20,143,-98,65
-44,65,27,85,-20,143,-98,64
-45,64,27,85,-20,143,-100,63
-45,64,27,85,-20,143,-100,62
-45,64,27,85,-20,143,-100,62
-46,64,27,85,-20,143,-101,62
-47,61,27,85,-20,143,-102,59
-47,59,26,85,-20,143,-102,57
-47,57,25,84,-20,143,-102,56
-47,57,25,84,-20,143,-100,56
-47,59,26,84,-20,143,-100,57
-48,59,26,85,-20,143,-102,58
-48,59,27,85,-20,143,-103,57
-47,58,27,85,-20,143,-102,56
-47,57,27,85,-20,143,-102,56
-47,57,28,84,-20,143,-100,56
-47,57,28,84,-20,143,-100,56
-48,57,27,83,-20,143,-101,56
-49,57,27,83,-20,143,-101,54
-48,57,28,82,-20,143,-98,57
-49,56,29,80,-20,143,-98,57
-50,56,28,79,-20,143,-100,57
-51,55,26,79,-20,143,-101,53
-52,55,24,80,-20,143,-104,53
-52,55,24,81,-20,143,-104,53
-51,55,25,80,-20,143,-103,53
-50,55,25,80,-20,143,-101,53
-50,56,26,79,-20,143,-100,54
-49,57,25,79,-20,143,-98,54
-48,57,25,79,-20,143,-98,56
-47,57,25,79,-20,143,-97,56
-47,57,26,79,-20,143,-97,56
-47,57,26,80,-20,143,-97,56
-47,57,27,83,-20,143,-100,56
-48,58,27,85,-20,143,-102,57
-49,61,28,85,-20,143,-101,59
-49,61,28,83,-20,143,-102,62
-50,62,28,83,-20,143,-102,63
-50,61,28,83,-20,143,-102,62
-49,61,27,84,-20,143,-102,59
-48,62,27,85,-20,143,-100,61
-47,63,28,84,-20,143,-100,62
-46,63,28,84,-20,143,-98,62
-46,63,27,84,-20,143,-98,62
-47,64,27,84,-20,143,-100,63
-46,65,28,84,-20,143,-98,64
-46,67,29,83,-20,143,-98,68
-46,68,29,83,-20,143,-98,68
-47,68,28,84,-20,143,-100,67
-48,68,26,85,-20,143,-102,67
-47,68,26,85,-20,143,-102,67
-46,69,28,84,-20,143,-98,67
-45,71,29,83,-20,143,-97,72
-44,74,30,81,-20,143,-95,74
-45,75,30,81,-20,143,-95,75
-46,75,30,81,-20,143,-96,76
-46,75,30,82,-20,143,-96,75
-45,75,30,82,-20,143,-95,75
-44,75,30,82,-20,143,-95,76
-44,75,30,81,-20,143,-93,76
-44,75,30,81,-20,143,-93,76
-44,75,30,81,-20,144,-95,76
-44,75,30,81,-20,145,-93,76
-43,76,30,81,-20,146,-93,76
-42,76,30,81,-20,146,-92,78
-41,77,30,81,-20,146,-91,78
-41,77,30,81,-20,145,-91,78
-41,77,30,81,-20,144,-91,78
-41,77,30,82,-20,144,-91,78
-41,77,30,82,-20,144,-91,78
-41,77,30,82,-20,143,-91,78
-42,76,30,81,-20,143,-92,78
-43,76,30,81,-19,144,-92,76
-42,76,30,82,-18,146,-92,78
-41,77,32,83,-19,146,-91,78
-41,77,32,84,-20,145,-93,78
-41,77,32,83,-20,144,-93,78
-41,77,31,83,-20,144,-93,78
-41,77,31,83,-20,145,-91,78
-41,77,32,83,-20,145,-93,78
-41,77,34,85,-20,144,-93,80
-41,77,34,85,-20,144,-93,80
-41,77,33,85,-20,144,-93,78
-43,76,32,85,-20,144,-95,78
-42,76,31,85,-20,144,-95,76
-41,75,32,85,-20,145,-93,76
-40,75,33,85,-20,145,-93,75
-41,74,34,85,-20,145,-93,78
-43,74,34,84,-20,144,-96,76
-44,73,32,85,-20,143,-97,74
-44,72,31,85,-20,142,-97,73
-43,71,30,84,-20,143,-96,72
-43,70,30,83,-20,144,-95,72
-43,71,30,82,-20,144,-93,72
-43,71,29,82,-20,144,-93,72
-43,71,28,83,-20,145,-96,72
-43,71,28,84,-20,146,-96,69
-42,70,28,84,-20,148,-95,68
-42,69,28,84,-20,147,-95,67
-43,67,29,83,-20,144,-95,68
-44,65,30,81,-21,142,-95,67
-45,64,30,81,-20,143,-95,65
-45,64,30,81,-20,144,-95,64
-45,64,29,83,-20,146,-97,64
-45,64,27,84,-20,146,-97,63
-45,64,27,85,-20,146,-97,63
-45,64,27,84,-20,146,-97,63
-45,64,28,84,-19,147,-97,62
-45,64,28,84,-18,148,-97,63
-45,64,27,85,-18,148,-97,63
-45,64,26,85,-18,146,-100,62
-45,64,25,84,-18,145,-97,62
-45,64,25,83,-19,145,-97,62
-45,65,24,83,-20,145,-97,63
-46,65,25,83,-20,147,-98,63
-46,65,25,84,-21,147,-101,64
-46,65,26,84,-20,147,-98,63
-45,66,27,83,-20,146,-97,64
-45,68,27,83,-18,146,-97,67
-45,69,27,83,-18,146,-97,68
-44,71,27,82,-19,146,-97,69
-43,71,27,80,-20,146,-93,69
-43,71,27,79,-20,147,-93,72
-43,71,28,79,-19,148,-93,72
-43,70,28,81,-18,148,-93,72
-43,70,28,83,-18,148,-96,72
-43,70,29,83,-18,146,-96,72
-43,71,30,82,-18,144,-93,72
-43,71,30,81,-19,143,-93,72
-43,71,30,81,-20,144,-93,72
-43,71,30,81,-20,145,-93,72
-43,71,30,82,-20,146,-93,72
-43,71,30,82,-20,145,-93,72
-42,71,30,82,-20,145,-92,72
-40,72,30,82,-20,145,-90,73
-39,74,30,82,-20,145,-90,75
-40,76,30,82,-20,146,-90,76
-41,77,30,82,-20,147,-91,78
-41,78,30,82,-20,146,-91,79
-41,77,29,82,-20,145,-91,78
-41,77,28,83,-20,143,-93,78
-41,77,29,85,-19,143,-93,78
-41,77,31,86,-18,144,-93,78
-39,78,33,86,-19,146,-92,79
-39,80,34,85,-20,146,-91,84
-39,82,34,85,-20,146,-91,85
-40,83,33,85,-20,147,-92,86
-41,83,32,86,-20,147,-93,84
-40,83,32,86,-20,147,-93,84
-39,83,33,86,-20,146,-92,84
-39,84,33,85,-18,145,-92,87
-39,84,33,84,-17,144,-92,87
-39,84,32,84,-17,144,-91,85
-39,83,33,84,-16,145,-92,86
-39,83,33,84,-17,146,-91,84
-39,83,32,84,-17,147,-91,84
-39,84,32,84,-18,148,-91,85
-38,84,33,84,-20,147,-91,87
-37,85,33,84,-21,145,-90,87
-36,85,34,85,-20,145,-89,89
-35,86,33,84,-18,145,-89,86
-36,87,32,84,-17,145,-89,87
-38,88,32,84,-17,145,-91,89
-40,89,32,83,-16,144,-92,90
-40,89,32,83,-17,143,-91,90
-39,90,31,83,-17,143,-92,90
-37,90,30,83,-18,144,-90,91
-36,90,29,84,-20,146,-90,91
-37,90,31,84,-21,146,-90,91
-37,90,32,84,-20,145,-90,91
-37,90,33,85,-18,143,-90,93
-37,90,33,86,-17,142,-90,91
-36,91,32,86,-17,142,-89,91
-35,91,32,86,-17,143,-89,92
-34,92,32,86,-18,143,-87,92
-33,92,32,86,-19,143,-86,93
-33,93,32,86,-19,143,-86,93
-32,93,31,86,-18,143,-85,93
-32,93,30,86,-19,143,-85,93
-33,93,30,86,-20,143,-89,93
-33,93,30,86,-20,143,-89,93
-33,93,31,86,-19,143,-86,93
-32,93,31,85,-16,143,-85,93
-32,93,32,84,-15,143,-85,93
-33,93,31,85,-17,142,-86,93
-33,93,30,86,-18,143,-89,93
-33,93,30,88,-19,143,-89,93
-32,91,31,88,-18,143,-87,92
-31,90,31,88,-19,144,-86,91
-31,90,31,87,-20,144,-86,91
-33,90,32,87,-21,144,-89,91
-36,91,32,86,-20,143,-89,91
-37,91,33,85,-18,144,-90,91
-37,90,34,85,-17,146,-90,93
-37,90,34,85,-17,147,-90,93
-37,90,34,85,-19,146,-90,93
-37,90,34,84,-20,144,-90,93
-37,90,33,85,-19,144,-90,93
-37,90,32,86,-17,145,-90,91
-37,90,31,87,-15,147,-92,91
-37,90,31,87,-15,147,-92,91
-36,91,32,86,-15,146,-89,91
-34,92,33,86,-15,146,-86,93
-33,93,32,86,-15,146,-86,93
-32,93,32,87,-17,146,-87,93
-32,93,31,88,-18,144,-87,93
-33,93,30,88,-18,143,-89,93
-33,93,30,89,-17,143,-89,93
-33,93,30,89,-17,144,-89,93
-33,93,30,88,-17,146,-89,93
-33,94,30,88,-18,146,-89,95
-33,94,30,88,-18,146,-89,95
-33,94,30,89,-18,145,-89,95
-33,93,30,88,-17,145,-89,93
-32,93,30,88,-17,146,-87,93
-31,93,30,88,-16,147,-86,95
-30,94,30,88,-16,146,-85,96
-28,95,30,88,-15,146,-84,96
-28,95,30,88,-15,146,-84,96
-28,95,30,88,-15,147,-84,96
-28,95,30,88,-15,146,-84,96
-29,95,30,88,-15,144,-84,96
-29,96,30,88,-15,144,-85,97
-29,97,30,88,-15,146,-85,97
-29,96,30,88,-15,147,-85,97
-29,97,30,88,-15,146,-85,97
-30,98,30,88,-15,146,-85,98
-31,99,30,88,-15,146,-86,100
-31,100,30,88,-15,147,-86,101
-31,99,30,88,-15,148,-86,101
-31,99,30,88,-15,148,-86,100
-31,99,30,88,-15,147,-86,100
-31,101,30,88,-15,147,-86,102
-32,102,30,88,-16,147,-87,103
-33,103,30,88,-16,147,-89,104
-33,104,30,88,-17,147,-89,104
-33,104,30,88,-17,147,-89,104
-33,103,31,89,-17,147,-89,104
-33,103,32,90,-17,147,-89,104
-33,104,32,90,-17,147,-91,104
-33,104,33,91,-17,147,-91,104
-33,104,33,91,-17,147,-91,104
-33,104,32,90,-16,147,-91,104
-33,103,32,90,-16,147,-89,104
-32,103,31,89,-17,147,-89,104
-32,104,31,89,-18,148,-87,106
-30,106,31,89,-19,148,-86,107
-30,109,32,90,-18,148,-86,109
-30,110,33,90,-17,147,-86,112
-31,111,33,91,-17,147,-89,112
-31,110,33,91,-17,147,-89,111
-31,110,33,91,-17,147,-89,111
-31,110,32,90,-16,148,-89,111
-31,110,33,90,-15,148,-86,112
-31,110,33,91,-15,147,-89,111
-31,110,34,92,-15,147,-89,111
-31,110,35,92,-15,148,-89,111
-32,111,34,92,-15,149,-90,112
-33,113,32,90,-15,151,-91,114
-33,115,32,90,-15,151,-89,115
-32,115,32,90,-15,149,-87,117
-30,116,32,90,-15,148,-89,117
-29,117,33,91,-15,148,-87,118
-28,117,32,90,-15,151,-86,118
-29,117,32,90,-14,153,-85,118
-29,117,32,90,-15,152,-85,118
-29,116,33,91,-15,151,-87,118
-29,117,33,91,-15,149,-87,118
-28,117,33,91,-15,148,-86,118
-26,118,33,90,-15,148,-81,119
-25,119,33,91,-15,149,-83,120
-24,119,34,91,-15,149,-83,120
-24,119,34,92,-15,151,-83,120
-25,119,34,92,-15,152,-83,120
-25,119,34,92,-14,153,-83,120
-25,119,34,92,-15,152,-83,120
-24,119,34,92,-15,152,-83,120
-23,118,34,92,-15,152,-81,119
-23,116,34,92,-15,152,-81,117
-24,115,34,92,-15,152,-83,117
-26,115,34,92,-15,152,-85,115
-28,115,34,92,-16,152,-86,115
-28,115,34,92,-17,152,-86,115
-27,114,34,92,-16,152,-85,114
-26,113,34,92,-15,152,-85,114
-28,112,34,92,-15,152,-86,113
-30,111,34,92,-15,152,-87,112
-31,110,34,92,-15,152,-89,111
-31,110,34,92,-15,152,-90,111
-31,110,34,92,-15,152,-89,111
-31,111,34,92,-15,152,-89,112
-31,110,34,92,-14,152,-89,111
-32,108,34,92,-15,152,-90,109
-33,107,33,92,-17,152,-91,107
-34,106,33,93,-18,152,-92,107
-35,106,32,93,-18,152,-92,107
-34,105,32,93,-17,152,-92,106
-33,105,32,93,-15,152,-91,106
-33,104,33,93,-14,152,-91,104
-33,104,33,93,-15,152,-91,104
-33,103,32,93,-15,152,-91,104
-33,104,31,94,-15,152,-93,102
-33,104,30,95,-15,152,-93,102
-33,103,30,96,-15,152,-93,102
-33,103,32,94,-15,152,-93,102
-33,104,33,93,-15,152,-91,104
-33,103,33,92,-15,152,-91,104
-33,103,32,91,-15,152,-91,104
-33,103,31,91,-14,153,-91,104
-33,104,30,91,-14,154,-91,102
-34,104,30,91,-14,154,-91,103
-33,105,29,92,-14,153,-91,103
-34,105,27,92,-14,153,-92,103
-34,106,27,93,-15,153,-95,104
-34,106,27,93,-15,154,-95,104
-34,106,29,93,-15,155,-95,104
-34,105,29,92,-14,155,-92,103
-33,106,28,91,-14,155,-91,104
-32,107,28,90,-15,156,-91,106
-32,109,29,89,-17,157,-87,108
-32,110,30,89,-18,158,-87,111
-32,110,31,91,-18,158,-91,111
-34,108,31,93,-17,157,-95,107
-35,108,30,95,-15,157,-96,106
-36,108,29,95,-14,157,-96,106
-35,108,29,94,-14,157,-96,106
-35,108,30,94,-15,157,-96,106
-35,108,31,93,-15,157,-96,106
-35,108,31,93,-15,157,-93,106
-35,108,30,93,-14,157,-96,106
-35,108,30,94,-14,157,-96,106
-35,108,30,95,-14,157,-96,106
-35,108,30,96,-14,157,-96,106
-35,108,30,96,-14,157,-96,106
-35,108,31,95,-14,157,-96,106
-35,108,31,94,-14,157,-96,106
-35,108,33,93,-14,157,-93,108
-35,108,34,92,-14,157,-93,108
-35,108,34,91,-14,157,-93,108
-36,107,34,92,-14,157,-95,108
-37,107,34,92,-14,157,-95,108
-38,107,34,92,-14,157,-96,108
-39,106,34,92,-14,157,-97,107
-39,104,34,92,-14,157,-97,106
-38,102,33,92,-14,157,-96,103
-37,101,33,93,-14,157,-95,102
-37,101,32,93,-14,157,-95,102
-37,101,33,93,-14,157,-95,102
-37,101,33,92,-14,157,-95,102
-37,101,34,92,-14,157,-95,102
-37,101,34,92,-14,157,-95,102
-37,101,34,92,-14,157,-95,102
-37,101,34,92,-14,157,-95,102
-37,101,34,92,-14,157,-95,102
-38,102,34,92,-14,157,-96,102
-37,101,34,92,-14,157,-95,102
-37,100,34,92,-14,157,-95,101
-36,98,34,92,-14,157,-93,98
-35,97,34,92,-14,157,-93,98
-35,97,34,92,-14,157,-92,97
-35,97,34,92,-14,157,-92,97
-35,97,33,92,-14,157,-93,98
-35,97,33,93,-14,157,-93,98
-35,97,33,93,-14,157,-92,97
-35,97,32,93,-14,157,-92,97
-35,97,32,93,-14,157,-92,97
-35,97,32,94,-14,157,-95,97
-35,97,32,94,-14,157,-95,97
-35,97,33,93,-14,157,-92,97
-35,97,34,92,-14,157,-92,98
-35,97,33,93,-14,157,-93,98
-36,96,31,94,-14,157,-96,95
-37,94,29,94,-14,157,-97,92
-38,92,29,94,-14,157,-98,90
-37,90,29,94,-14,157,-97,89
-37,90,31,95,-14,157,-97,89
-37,90,31,96,-14,157,-97,89
-38,90,31,95,-14,157,-98,89
-40,89,29,94,-14,157,-101,87
-41,88,28,93,-14,157,-102,86
-41,88,28,93,-14,157,-102,86
-41,88,30,94,-14,157,-101,86
-41,88,30,95,-14,157,-102,86
-43,87,30,94,-14,157,-102,86
-44,87,29,93,-14,157,-104,85
-45,86,28,93,-14,157,-106,85
-46,85,28,93,-14,157,-106,84
-46,83,28,93,-14,157,-106,81
-47,82,28,93,-14,157,-107,80
-48,81,30,94,-14,157,-108,79
-49,82,31,95,-14,157,-109,80
-49,82,31,96,-14,157,-109,80
-48,81,30,94,-14,157,-108,79
-47,79,28,93,-14,157,-107,78
-47,79,27,92,-14,157,-107,76
-48,79,27,92,-14,157,-108,76
-49,79,27,92,-14,157,-109,76
-50,79,27,92,-14,157,-109,76
-50,78,27,92,-14,157,-109,75
-49,77,27,92,-14,157,-109,75
-49,76,27,92,-14,157,-109,74
-50,76,27,92,-14,156,-111,74
-51,77,27,92,-14,155,-112,75
-52,77,27,92,-14,156,-112,75
-52,77,27,92,-14,157,-112,75
-52,77,27,92,-14,158,-112,75
-52,77,27,92,-14,157,-112,75
-52,76,27,92,-14,156,-112,74
-51,76,27,92,-14,155,-111,74
-50,76,27,92,-14,156,-111,74
-50,76,27,92,-14,157,-109,74
-50,77,27,92,-14,158,-109,75
-50,78,27,92,-14,157,-111,76
-51,78,27,92,-14,155,-111,76
-51,77,27,92,-14,155,-111,75
-50,77,27,92,-14,156,-109,75
-48,77,27,92,-14,157,-108,75
-46,76,27,92,-14,157,-106,74
-46,75,27,92,-14,156,-106,74
-46,75,27,92,-14,155,-106,74
-46,76,27,92,-14,154,-106,74
-46,76,27,92,-14,154,-106,74
-46,76,27,92,-14,155,-106,74
-46,75,27,92,-14,155,-107,73
-47,74,27,92,-14,156,-107,72
-47,74,27,92,-14,156,-107,72
-47,74,27,92,-14,155,-107,72
-46,74,27,92,-14,154,-107,73
-46,74,27,92,-14,153,-107,73
-47,74,27,92,-14,153,-107,72
-48,73,27,92,-14,154,-108,72
-49,73,28,93,-14,155,-109,70
-50,72,29,93,-14,156,-109,70
-50,72,29,94,-14,154,-111,70
-49,72,29,95,-15,152,-109,70
-48,73,28,95,-15,152,-108,72
-46,74,28,96,-14,153,-109,72
-45,75,28,95,-14,154,-106,73
-45,75,30,95,-14,154,-104,73
-45,75,31,95,-14,153,-104,73
-45,75,31,95,-15,152,-106,73
-46,75,31,95,-15,152,-106,73
-46,75,30,95,-14,153,-106,73
-45,75,30,95,-14,154,-104,73
-45,74,31,95,-14,154,-106,73
-45,75,31,95,-14,154,-104,73
-46,76,31,95,-14,154,-106,74
-47,78,31,95,-14,155,-107,76
-48,79,31,95,-14,155,-108,76
-48,79,31,95,-14,155,-108,78
-47,79,31,95,-14,155,-107,78
-46,80,31,95,-14,155,-107,79
-45,82,31,95,-14,155,-104,80
-44,83,31,95,-14,156,-104,81
-43,83,31,95,-14,156,-103,81
-44,83,31,95,-14,156,-104,81
-45,84,31,95,-14,155,-104,83
-45,86,31,95,-14,155,-106,84
-46,86,30,95,-14,154,-106,84
-46,86,31,95,-14,155,-106,84
-46,87,32,96,-14,156,-106,85
-45,88,33,97,-14,157,-104,89
-43,89,34,98,-14,156,-106,89
-42,90,35,99,-14,154,-104,91
-43,91,35,99,-15,152,-106,92
-43,92,34,98,-15,152,-106,92
-43,93,33,97,-14,154,-103,93
-42,93,32,97,-14,156,-104,92
-41,93,33,98,-14,157,-103,95
-40,94,34,98,-14,156,-103,95
-39,94,34,99,-14,154,-102,95
-39,95,34,99,-14,154,-102,96
-39,95,34,99,-14,155,-102,96
-39,95,33,99,-14,157,-102,93
-39,95,32,100,-14,158,-102,93
-39,94,32,101,-14,158,-102,92
-39,94,32,101,-14,157,-104,92
-39,94,32,101,-14,155,-102,92
-39,95,32,100,-14,154,-102,93
-38,95,33,99,-14,154,-101,93
-37,96,34,99,-14,155,-100,96
-38,95,33,99,-14,157,-101,96
-39,95,32,100,-14,158,-102,93
-39,94,32,101,-14,157,-104,92
-39,94,31,101,-14,157,-104,92
-39,95,32,101,-14,157,-104,93
-39,95,33,100,-14,157,-102,93
-39,95,34,99,-14,157,-102,96
-38,95,34,98,-15,157,-101,96
-37,96,34,98,-14,157,-100,96
-37,97,34,98,-14,157,-100,97
-36,98,34,99,-14,157,-100,98
-36,98,33,100,-15,157,-98,100
-36,98,33,100,-15,157,-98,97
-36,99,33,100,-14,157,-98,97
-36,100,34,99,-13,157,-100,101
-38,101,34,98,-13,157,-101,102
-37,101,35,99,-13,157,-100,102
-37,101,36,99,-14,157,-100,102
-36,102,36,100,-15,157,-98,103
-36,103,34,101,-15,157,-100,104
-37,105,32,102,-14,158,-102,103
-38,106,31,102,-14,159,-103,104
-37,108,32,102,-13,159,-102,106
-36,109,34,101,-12,159,-98,109
-36,110,36,100,-13,159,-98,111
-36,111,36,99,-14,160,-100,112
-37,111,35,101,-14,162,-101,112
-38,112,35,102,-14,162,-103,113
-36,113,35,102,-14,162,-102,114
-34,114,36,102,-14,162,-97,114
-33,114,36,101,-14,162,-96,114
-33,115,36,102,-14,162,-96,115
-34,116,36,104,-13,162,-100,117
-35,118,35,106,-12,162,-103,115
-36,119,34,106,-11,162,-103,117
-36,119,34,106,-12,162,-103,118
-35,119,34,105,-13,162,-103,117
-36,119,34,105,-14,162,-103,117
-36,119,34,105,-14,162,-103,117
-36,119,34,106,-13,162,-103,118
-36,119,34,105,-11,162,-103,117
-35,117,34,105,-11,162,-102,115
-34,116,34,105,-12,162,-102,114
-34,116,34,105,-13,162,-102,114
-34,116,34,105,-13,162,-102,114
-34,116,34,105,-13,162,-102,114
-33,115,34,105,-13,162,-101,113
-33,114,34,105,-13,162,-101,113
-34,114,34,105,-13,162,-102,112
-35,114,34,105,-12,162,-103,112
-36,113,34,105,-12,162,-103,112
-36,112,34,105,-13,162,-103,109
-36,109,34,105,-14,162,-103,107
-35,108,34,105,-15,162,-103,106
-35,108,34,105,-14,162,-103,106
-35,108,34,105,-13,162,-103,106
-37,108,34,105,-11,162,-104,106
-38,106,34,105,-10,162,-106,104
-39,104,35,106,-10,162,-106,102
-38,102,35,106,-11,162,-106,101
-37,101,34,105,-13,162,-104,100
-38,100,33,104,-14,162,-103,98
-40,100,32,103,-14,162,-106,98
-41,99,31,102,-13,162,-107,97
-42,99,31,102,-11,162,-107,97
-42,99,31,102,-9,162,-107,97
-42,100,31,102,-9,162,-107,97
-41,99,31,102,-10,162,-107,97
-41,97,31,102,-12,162,-106,96
-40,97,31,102,-13,162,-106,95
-40,96,31,102,-11,163,-106,93
-41,96,30,103,-10,163,-107,93
-42,95,29,104,-9,162,-109,91
-41,94,28,104,-10,162,-108,90
-39,94,28,105,-10,163,-107,90
-39,95,27,106,-11,165,-109,90
-39,95,27,106,-11,166,-109,90
-39,95,27,106,-10,165,-109,90
-39,95,27,106,-9,164,-109,90
-39,95,27,106,-8,163,-109,90
-39,95,27,106,-9,163,-109,90
-39,95,27,106,-11,164,-109,90
-39,94,27,106,-13,164,-109,90
-39,95,27,106,-14,165,-109,91
-40,96,27,106,-13,166,-111,92
-41,97,27,106,-12,166,-111,92
-40,97,28,106,-11,165,-111,93
-39,97,28,106,-10,164,-109,92
-37,98,27,106,-10,163,-107,93
-36,100,27,105,-11,163,-104,96
-37,101,28,106,-11,164,-107,97
-37,102,29,107,-11,166,-107,97
-37,101,30,108,-10,166,-107,97
-37,101,30,108,-10,167,-107,97
-37,101,30,108,-10,167,-107,97
-37,101,30,108,-11,166,-107,97
-37,101,31,109,-12,166,-107,97
-37,101,31,109,-12,166,-107,96
-37,101,31,109,-11,166,-107,97
-38,102,31,109,-11,166,-108,98
-39,104,31,109,-12,167,-109,100
-39,105,31,109,-14,167,-109,101
-40,106,31,109,-15,166,-109,102
-40,106,31,109,-14,166,-109,101
-39,105,31,109,-13,165,-109,101
-39,105,31,109,-13,166,-109,101
-39,105,31,109,-13,166,-109,101
-40,107,31,109,-13,167,-111,102
-41,109,31,109,-12,167,-112,104
-42,110,31,109,-10,166,-113,106
-42,110,31,109,-10,166,-112,106
-41,108,31,109,-10,166,-111,103
-40,107,31,109,-12,166,-111,102
-40,107,31,109,-13,167,-111,103
-41,108,31,109,-12,167,-112,104
-42,109,31,109,-12,168,-112,104
-41,109,31,109,-13,169,-112,104
-39,110,31,109,-14,168,-109,106
-38,110,31,109,-14,167,-108,106
-39,111,31,109,-12,167,-109,106
-40,109,31,109,-11,166,-111,104
-41,108,31,109,-10,166,-112,104
-40,109,31,109,-10,166,-111,104
-39,111,31,109,-10,166,-109,107
-37,112,31,109,-10,168,-108,108
-37,112,31,109,-11,170,-107,108
-37,112,31,109,-12,171,-108,108
-38,112,31,109,-12,170,-108,108
-38,112,31,109,-12,169,-108,108
-37,112,31,109,-11,168,-108,108
-37,112,31,109,-11,168,-108,108
-38,113,31,109,-12,169,-108,108
-39,114,31,109,-13,170,-109,109
-39,115,31,109,-12,170,-109,111
-38,116,31,109,-10,170,-108,112
-37,118,31,109,-9,170,-107,113
-36,119,31,109,-10,171,-106,114
-35,119,31,109,-12,172,-106,115
-35,119,31,109,-12,172,-106,114
-36,119,31,109,-11,171,-106,114
-36,119,31,109,-9,171,-106,114
-36,119,31,109,-9,171,-106,114
-35,119,31,109,-11,171,-106,114
-36,119,31,109,-12,172,-106,114
-36,119,31,109,-13,172,-106,114
-36,119,31,109,-12,171,-106,114
-36,119,31,109,-10,171,-106,114
-36,119,31,109,-9,171,-106,114
-36,119,31,109,-10,171,-106,114
-35,119,32,110,-12,172,-106,117
-36,119,33,112,-12,172,-108,117
-36,119,32,113,-11,171,-108,114
-35,119,32,113,-9,171,-108,114
-35,119,33,112,-8,171,-108,117
-35,119,34,112,-9,171,-108,117
-36,119,34,113,-10,171,-108,117
-37,118,32,115,-11,172,-112,113
-37,118,31,116,-10,171,-112,113
-37,118,31,116,-9,171,-112,113
-37,118,31,116,-10,171,-112,113
-38,118,31,116,-12,172,-113,113
-38,118,31,116,-13,173,-113,113
-37,118,31,116,-13,173,-112,113
-36,118,31,116,-12,173,-112,113
-37,118,31,116,-10,173,-112,114
-39,119,31,116,-9,173,-114,114
-41,120,31,116,-9,174,-117,115
-43,120,31,116,-9,175,-118,115
-42,121,31,116,-10,177,-118,117
-42,121,31,116,-12,177,-117,117
-42,121,31,116,-13,176,-117,117
-42,121,31,116,-12,175,-117,117
-42,120,31,116,-10,174,-117,115
-41,119,31,116,-8,175,-117,114
-41,118,31,116,-9,176,-115,114
-41,118,31,116,-10,177,-115,113
-41,118,31,116,-10,177,-115,113
-41,118,31,116,-10,176,-115,113
-40,117,31,116,-9,176,-115,113
-40,116,31,116,-8,176,-115,112
-40,116,32,116,-8,176,-115,112
-40,117,32,115,-8,176,-115,112
-40,117,32,115,-9,176,-115,113
-39,117,32,115,-9,176,-114,112
-39,115,32,116,-8,176,-114,111
-39,113,31,116,-8,176,-114,108
-40,110,31,116,-8,176,-115,106
-41,110,31,116,-8,176,-117,106
-42,110,31,115,-8,176,-117,106
-42,110,30,115,-8,177,-117,106
-43,109,29,114,-8,176,-118,104
-44,107,28,113,-8,176,-119,101
-45,106,28,113,-8,176,-120,100
-45,105,28,112,-8,177,-120,98
-44,104,28,112,-8,177,-119,97
-45,103,28,112,-8,178,-120,96
-46,102,28,113,-8,179,-122,95
-48,101,28,113,-8,180,-123,93
-48,101,28,112,-8,181,-123,93
-48,100,28,112,-8,181,-123,93
-47,99,28,113,-8,181,-122,92
-46,98,28,113,-8,181,-122,91
-46,98,28,112,-8,181,-122,91
-46,97,27,112,-8,181,-120,90
-46,97,28,113,-8,181,-120,90
-46,97,29,114,-8,181,-120,92
-46,97,30,115,-8,181,-120,92
-46,97,30,115,-8,181,-120,92
-46,97,29,114,-8,181,-120,92
-46,97,28,113,-8,181,-120,90
-46,97,28,113,-8,181,-120,90
-46,97,28,113,-8,181,-120,90
-46,96,29,114,-8,181,-120,91
-45,95,30,114,-8,181,-120,91
-45,94,30,115,-8,181,-119,90
-44,93,30,115,-8,181,-119,89
-44,93,29,114,-8,181,-119,89
-43,92,28,113,-8,181,-118,85
-44,93,28,113,-8,181,-118,86
-44,93,29,114,-8,181,-119,89
-45,94,29,114,-8,181,-119,90
-45,95,29,114,-8,181,-120,91
-46,96,29,114,-8,181,-120,91
-46,97,29,114,-8,181,-120,92
-46,97,29,114,-8,181,-120,92
-46,97,30,115,-8,181,-120,92
-46,97,30,115,-8,181,-120,92
-46,97,30,115,-8,181,-120,92
-46,97,29,114,-8,181,-120,92
-46,97,29,114,-8,181,-120,92
-45,97,29,114,-8,181,-119,92
-44,97,29,114,-8,181,-119,93
-43,98,28,113,-8,181,-118,91
-43,98,28,113,-8,181,-118,91
-43,99,29,114,-8,181,-118,95
-44,100,30,115,-8,181,-119,96
-46,101,31,116,-8,181,-120,96
-46,100,31,117,-8,181,-124,96
-47,100,29,117,-8,181,-125,92
-47,99,27,116,-8,181,-125,92
-47,99,26,117,-8,181,-124,91
-47,99,26,118,-8,181,-124,91
-46,99,27,119,-8,181,-126,92
-47,99,27,119,-8,181,-126,92
-48,98,27,119,-8,181,-125,91
-50,96,28,117,-8,181,-126,89
-50,94,28,118,-8,181,-128,87
-50,94,28,119,-8,181,-128,86
-50,94,28,119,-8,181,-128,87
-50,95,28,118,-8,181,-128,87
-51,94,26,116,-8,181,-129,86
-52,91,25,115,-8,181,-129,84
-53,89,26,117,-8,181,-130,81
-53,88,26,119,-8,181,-130,80
-52,88,26,119,-8,181,-129,80
-52,88,26,118,-8,181,-129,81
-51,87,27,117,-8,181,-129,80
-52,84,28,117,-8,181,-129,78
-53,82,28,116,-8,181,-128,74
-54,80,27,115,-8,181,-128,73
-54,79,25,115,-8,181,-130,72
-53,79,25,117,-8,181,-130,72
-52,78,26,119,-8,180,-131,70
-52,77,27,119,-8,180,-129,70
-52,77,27,117,-8,180,-129,69
-53,76,27,114,-8,179,-128,69
-55,75,27,112,-8,178,-129,68
-56,75,28,112,-8,178,-128,68
-56,75,28,113,-8,178,-130,68
-56,74,28,113,-8,178,-130,67
-56,74,27,113,-8,177,-130,67
-56,74,27,113,-8,176,-130,67
-56,75,28,112,-8,176,-130,68
-55,75,28,112,-8,177,-129,68
-54,76,28,112,-8,178,-128,69
-53,76,28,112,-8,178,-128,69
-54,76,27,113,-8,178,-128,69
-54,77,27,113,-8,177,-129,70
-54,80,27,113,-8,176,-129,73
-54,81,28,112,-8,176,-129,74
-54,82,28,112,-8,177,-126,75
-54,81,28,113,-8,179,-129,74
-54,81,26,114,-8,179,-129,74
-54,81,25,115,-8,179,-131,74
-54,81,24,116,-8,177,-131,72
-53,82,25,116,-8,176,-130,73
-52,84,27,115,-8,176,-129,76
-51,87,28,115,-8,176,-126,80
-52,88,28,117,-8,177,-129,80
-53,88,28,118,-8,179,-130,81
-52,88,29,119,-8,179,-129,81
-51,88,30,119,-8,179,-128,81
-49,89,29,118,-8,177,-126,83
-48,90,28,117,-8,177,-125,83
-47,90,28,116,-8,176,-122,84
-46,91,29,116,-8,176,-120,84
-45,91,30,117,-8,176,-122,84
-44,93,29,119,-8,177,-120,86
-44,94,28,120,-8,177,-124,86
-45,96,28,120,-8,179,-125,89
-46,97,28,120,-8,179,-125,90
-46,97,28,119,-8,179,-126,90
-46,97,28,119,-8,178,-125,90
-46,97,28,119,-8,177,-125,90
-46,96,28,120,-8,176,-125,89
-46,96,28,119,-9,176,-125,89
-45,97,28,119,-9,177,-124,90
-43,100,28,119,-8,178,-123,92
-43,102,28,119,-7,178,-123,95
-43,103,28,119,-6,177,-123,96
-43,102,28,119,-6,177,-123,95
-44,101,28,119,-7,176,-124,93
-44,100,28,119,-7,176,-124,93
-44,101,28,119,-7,177,-124,93
-43,101,28,119,-6,177,-123,93
-42,100,28,119,-7,178,-122,93
-41,99,28,119,-8,178,-122,92
-42,99,28,119,-8,179,-122,92
-42,99,28,119,-7,179,-122,92
-42,99,28,119,-4,179,-122,92
-41,99,28,119,-3,178,-122,92
-42,99,28,119,-5,177,-122,92
-42,99,28,119,-7,178,-122,92
-42,99,28,120,-8,180,-122,92
-42,99,28,120,-9,180,-122,92
-42,99,28,120,-8,179,-122,92
-42,99,28,119,-8,178,-122,92
-42,99,28,119,-8,178,-119,92
-41,99,28,120,-8,179,-122,92
-41,99,27,121,-8,180,-122,92
-41,99,25,122,-7,180,-124,90
-42,99,25,123,-6,180,-124,89
-41,98,25,125,-7,180,-124,89
-41,99,27,126,-8,180,-124,90
-41,101,28,126,-8,180,-125,91
-41,103,28,126,-7,180,-125,93
-42,104,27,126,-7,179,-124,95
-42,105,27,125,-7,178,-124,95
-41,105,27,126,-7,178,-124,95
-40,105,28,126,-7,179,-125,96
-40,105,28,126,-7,180,-123,98
-41,105,29,126,-7,182,-123,98
-41,105,29,125,-8,181,-123,97
-40,105,29,126,-8,181,-123,98
-40,105,28,126,-8,181,-123,98
-41,106,28,126,-8,181,-125,97
-44,107,28,126,-8,181,-129,97
-46,108,28,126,-8,181,-131,98
-47,108,28,126,-7,181,-131,98
-46,108,28,126,-6,181,-131,98
-45,108,28,126,-6,181,-129,98
-43,109,28,126,-6,181,-128,100
-42,110,28,126,-6,181,-126,100
-41,110,28,126,-6,181,-126,101
-42,110,28,126,-5,181,-126,101
-43,111,28,126,-5,181,-128,101
-43,112,28,126,-5,181,-128,102
-43,112,28,126,-6,181,-128,102
-43,112,28,126,-7,181,-128,102
-43,112,28,126,-6,181,-128,102
-42,112,28,126,-5,181,-126,103
-40,114,28,126,-6,181,-125,104
-39,115,28,126,-7,181,-124,106
-39,117,28,126,-8,181,-124,107
-40,117,28,126,-7,181,-125,107
-40,117,28,126,-4,181,-125,107
-40,116,28,126,-3,181,-123,107
-40,116,28,126,-4,181,-125,107
-39,117,29,127,-7,181,-124,111
-37,119,31,129,-8,181,-123,113
-37,122,32,130,-8,181,-122,114
-38,123,32,130,-7,181,-123,117
-39,125,32,130,-5,181,-124,118
-39,126,32,130,-4,182,-124,119
-39,128,32,130,-3,183,-124,120
-37,129,32,130,-4,184,-123,123
-36,130,32,130,-5,185,-122,123
-35,130,32,130,-6,185,-120,123
-36,131,32,130,-5,186,-122,124
-38,133,32,130,-5,186,-123,126
-38,134,32,129,-5,186,-123,126
-38,134,33,129,-4,186,-124,128
-39,134,32,129,-4,186,-124,126
-38,134,32,130,-4,186,-123,128
-37,134,32,129,-4,186,-122,128
-35,136,33,129,-4,186,-120,129
-34,136,32,129,-4,186,-119,129
-33,136,32,130,-4,186,-119,129
-33,136,32,130,-5,186,-119,129
-33,136,32,131,-6,186,-119,129
-34,136,33,131,-6,186,-119,129
-35,136,32,130,-5,186,-120,129
-37,134,32,130,-5,187,-122,128
-38,134,32,131,-5,187,-123,128
-38,134,33,131,-6,188,-124,126
-38,134,33,131,-6,188,-123,126
-38,134,32,130,-5,187,-123,128
-38,134,32,130,-4,187,-123,128
-38,134,32,130,-3,186,-123,128
-38,134,32,130,-3,185,-123,126
-38,134,32,130,-3,186,-123,126
-38,134,32,130,-3,187,-123,126
-38,134,32,130,-3,189,-123,126
-38,134,32,130,-3,191,-123,126
-38,134,32,130,-3,191,-123,126
-38,134,32,130,-3,191,-123,126
-38,134,32,130,-3,191,-123,126
-38,134,32,130,-3,191,-123,126
-38,134,32,130,-3,191,-123,126
-38,134,33,131,-3,191,-123,126
-38,134,33,131,-3,191,-123,126
-38,134,32,131,-3,191,-123,126
-38,134,32,130,-3,191,-123,126
-38,134,32,130,-3,191,-123,128
-38,134,33,131,-3,191,-123,126
-38,134,32,131,-3,191,-123,126
-38,134,31,131,-3,191,-125,126
-38,134,30,131,-3,191,-125,126
-38,134,31,130,-3,191,-123,128
-38,134,31,130,-3,191,-124,126
-39,133,31,131,-3,191,-124,126
-40,133,31,131,-3,191,-128,125
-39,133,30,130,-3,191,-124,126
-39,134,31,130,-3,192,-124,126
-38,134,32,130,-2,193,-123,128
-37,133,33,131,-2,193,-123,126
-36,131,33,131,-2,193,-122,124
-36,130,32,131,-2,193,-122,123
-36,129,32,130,-2,193,-120,123
-36,130,32,130,-2,193,-120,123
-36,130,33,131,-2,194,-122,123
-36,130,32,130,-2,195,-122,123
-36,130,32,130,-2,196,-122,123
-36,130,32,130,-2,196,-122,123
-36,130,33,131,-2,195,-120,123
-35,130,32,130,-2,195,-120,123
-36,130,32,130,-2,195,-122,123
-37,129,32,130,-2,195,-122,122
-39,128,33,131,-2,195,-124,120
-40,127,33,131,-2,195,-125,120
-40,127,32,130,-2,195,-125,120
-40,127,32,130,-2,195,-125,120
-40,128,32,130,-2,195,-125,120
-40,127,32,130,-2,195,-125,120
-39,126,32,130,-2,195,-124,119
-39,126,32,130,-2,195,-124,119
-39,126,32,130,-2,195,-124,119
-39,126,32,130,-2,195,-124,118
-39,125,32,130,-2,195,-124,118
-38,123,32,130,-2,195,-123,117
-37,123,32,130,-2,195,-123,115
-38,123,31,129,-2,195,-123,115
-39,122,30,128,-2,195,-124,115
-40,122,31,129,-2,195,-125,115
-40,122,32,130,-2,195,-125,114
-40,122,32,130,-2,195,-125,114
-40,122,32,130,-2,195,-125,115
-41,122,32,130,-2,195,-126,114
-42,121,32,130,-2,195,-126,114
-42,119,31,129,-2,195,-126,112
-40,117,30,128,-2,195,-125,111
-39,116,31,129,-2,196,-124,109
-40,117,32,130,-2,196,-125,109
-40,118,32,130,-2,195,-125,111
-41,118,32,130,-2,195,-125,111
-41,118,32,130,-2,196,-125,111
-40,117,32,130,-2,197,-125,109
-39,116,32,130,-2,199,-124,109
-39,117,32,130,-2,199,-124,109
-40,116,32,130,-2,197,-125,109
-41,116,32,130,-2,196,-126,109
-43,115,32,130,-2,195,-128,108
-44,114,32,130,-2,195,-129,107
-44,114,32,130,-2,196,-129,107
-44,114,32,130,-2,196,-129,107
-44,114,32,130,-2,196,-129,107
-44,114,32,130,-2,196,-129,107
-44,114,32,130,-2,195,-129,107
-44,114,32,130,-2,195,-129,107
-44,114,32,130,-2,195,-129,107
-44,115,32,130,-2,196,-129,107
-44,115,32,130,-2,197,-129,107
-44,114,31,129,-2,198,-129,107
-43,113,30,128,-2,197,-129,106
-42,111,29,127,-2,196,-128,104
-41,110,29,128,-2,195,-126,103
-42,109,29,127,-2,195,-126,102
-43,109,28,127,-2,195,-128,102
-45,108,28,126,-2,196,-130,98
-46,108,28,126,-2,197,-130,98
-46,107,28,126,-2,198,-131,97
-46,108,28,126,-2,199,-131,98
-46,108,28,126,-2,199,-130,98
-46,108,28,126,-2,198,-130,98
-46,108,28,126,-2,198,-130,98
-46,108,28,126,-2,197,-131,98
-46,108,28,126,-2,197,-131,98
-46,108,28,126,-3,197,-131,98
-46,108,28,126,-2,198,-129,98
-46,108,27,126,-2,199,-129,98
-46,108,27,125,-1,200,-129,98
-46,108,27,126,0,201,-129,98
-46,108,28,126,-1,200,-128,98
-46,108,28,126,-2,200,-130,98
-46,108,28,126,-2,200,-130,98
-46,108,28,126,-2,200,-131,98
-47,108,28,126,-2,200,-131,98
-47,109,28,126,-2,200,-131,100
-46,111,28,126,-2,200,-130,101
-45,113,28,126,-2,200,-130,103
-44,114,28,126,-2,200,-129,104
-44,114,28,126,-2,200,-129,104
-44,115,28,126,-2,200,-129,104
-43,115,29,127,-2,200,-128,108
-41,115,30,128,-2,200,-126,108
-40,116,30,128,-2,200,-125,109
-39,117,31,129,-2,200,-124,109
-39,116,32,130,-2,200,-124,109
-40,116,32,130,-2,200,-125,109
-40,116,32,130,-2,200,-125,109
-40,116,32,130,-2,200,-125,109
-39,116,32,130,-1,200,-124,109
-40,116,32,130,0,200,-125,109
-40,116,32,130,-1,200,-125,109
-40,116,32,130,-2,200,-125,109
-40,116,32,130,-2,200,-125,109
-40,116,32,130,-2,200,-125,109
-40,116,32,130,-2,200,-125,109
-40,116,32,130,-2,200,-125,109
-40,116,32,130,-2,200,-125,109
-40,116,31,129,-1,200,-125,109
-40,116,31,129,0,200,-125,109
-40,116,30,128,0,200,-125,109
-40,116,30,128,0,200,-125,109
-39,116,31,129,-1,200,-124,109
-39,116,31,129,0,200,-124,109
-39,116,32,130,0,200,-124,109
-40,116,32,130,0,200,-125,109
-40,116,32,130,-1,200,-125,109
-40,117,31,129,-2,200,-125,109
-38,117,30,128,-2,200,-123,111
-37,118,31,129,-2,200,-122,111
-37,118,31,130,-2,200,-122,112
-38,119,31,131,-2,200,-123,113
-38,121,30,132,-2,200,-125,114
-38,123,30,132,-2,200,-125,113
-38,123,29,132,-2,200,-125,113
-38,124,29,133,-2,200,-125,114
-38,125,29,132,-2,200,-125,115
-39,126,29,132,-2,200,-126,115
-39,126,30,132,-2,200,-126,117
-39,126,30,133,-2,200,-126,117
-39,126,30,133,-2,200,-126,117
-40,127,30,134,-2,200,-128,118
-40,128,29,134,-2,200,-130,118
-40,128,28,134,-2,200,-130,118
-40,127,27,135,-2,200,-130,118
-40,127,27,135,-2,200,-130,118
-41,129,28,135,-2,200,-130,119
-40,131,28,134,-2,200,-130,122
-39,133,28,133,-2,200,-129,124
-38,134,28,134,-2,200,-129,125
-38,134,26,136,-2,200,-130,123
-38,134,25,137,-2,200,-130,122
-38,133,26,138,-2,200,-130,122
-38,133,26,138,-2,200,-130,122
-39,134,26,138,-2,201,-131,122
-39,136,25,137,-2,200,-131,124
-39,138,25,137,-2,200,-131,125
-37,140,25,137,-2,200,-130,128
-36,140,25,137,-3,201,-128,128
-35,139,24,138,-3,202,-128,126
-35,139,23,139,-4,203,-130,124
-36,140,22,140,-3,203,-130,125
-36,141,23,139,-2,203,-130,126
-34,142,22,140,-2,202,-129,128
-33,142,22,140,-1,201,-129,128
-32,142,21,140,-2,200,-128,128
-32,143,21,140,-4,200,-128,129
-32,144,22,140,-6,200,-128,129
-32,145,22,140,-7,201,-128,130
-32,146,22,140,-7,201,-126,131
-30,148,22,140,-7,201,-125,134
-30,149,22,140,-7,201,-125,135
-30,151,21,140,-7,201,-125,136
-31,152,21,140,-7,201,-126,137
-31,155,22,140,-7,201,-126,140
-30,157,22,140,-7,201,-125,142
-29,159,21,140,-7,201,-125,145
-29,160,21,141,-7,201,-128,146
-30,161,19,143,-7,201,-128,144
-31,162,19,144,-7,201,-131,145
-32,163,18,144,-7,201,-133,146
-32,164,17,143,-8,201,-133,147
-31,166,16,142,-9,201,-129,148
-30,168,16,141,-10,201,-128,151
-30,170,16,142,-11,201,-128,153
-30,171,15,143,-12,201,-130,152
-29,173,13,144,-12,201,-129,153
-27,173,11,144,-12,201,-130,151
-26,173,11,144,-11,201,-129,152
-26,174,10,143,-12,201,-129,152
-26,175,10,142,-14,202,-126,153
-27,175,8,141,-15,201,-128,153
-27,175,7,141,-15,200,-126,153
-27,175,4,143,-15,198,-130,151
-27,177,3,143,-16,196,-130,152
-28,177,2,143,-17,196,-131,151
-28,178,2,142,-17,196,-131,152
-28,178,1,141,-17,197,-131,152
-28,178,0,140,-17,197,-131,151
-28,177,0,139,-17,196,-130,151
-27,177,-3,138,-18,195,-130,147
-27,177,-7,138,-21,193,-130,147
-28,177,-9,137,-22,192,-130,145
-29,177,-11,136,-23,192,-133,145
-30,175,-13,134,-22,192,-133,141
-31,173,-16,131,-22,192,-131,139
-31,172,-18,129,-22,191,-131,139
-33,173,-20,127,-24,189,-133,136
-36,174,-22,126,-26,187,-135,137
-37,174,-24,124,-27,187,-135,137
-37,173,-25,121,-28,186,-133,137
-37,173,-26,117,-27,184,-130,136
-38,173,-28,114,-28,182,-131,136
-40,172,-29,112,-29,180,-130,134
-41,171,-30,111,-30,179,-131,133
-41,169,-31,111,-31,178,-131,130
-41,167,-32,109,-32,177,-131,128
-42,166,-34,107,-33,176,-131,126
-44,165,-36,105,-33,175,-131,124
-46,165,-39,104,-33,173,-134,124
-47,164,-40,102,-33,173,-135,123
-47,163,-41,101,-33,171,-135,122
-48,162,-40,100,-33,169,-133,120
-48,160,-39,99,-33,169,-133,118
-49,158,-38,98,-34,168,-131,117
-49,156,-37,97,-35,168,-131,117
-50,155,-38,97,-36,166,-133,113
-50,154,-38,97,-36,165,-133,112
-51,151,-38,98,-36,164,-134,109
-51,148,-37,99,-36,165,-134,109
-50,146,-35,100,-37,165,-135,107
-49,144,-34,101,-38,165,-134,104
-48,141,-33,102,-39,165,-133,102
-47,139,-31,103,-38,165,-131,102
-46,135,-29,105,-39,166,-130,98
-44,132,-28,108,-40,167,-131,96
-43,130,-29,110,-41,168,-133,93
-43,127,-30,111,-43,169,-133,87
-43,124,-32,112,-45,169,-135,85
-43,122,-32,115,-46,169,-134,83
-41,119,-31,117,-48,169,-135,80
-42,117,-31,119,-50,169,-139,78
-43,115,-32,121,-51,169,-140,74
-44,114,-35,122,-52,170,-142,70
-43,113,-38,122,-53,171,-142,69
-43,111,-42,122,-54,171,-144,64
-43,109,-46,121,-56,171,-144,61
-45,108,-51,120,-59,170,-146,57
-48,108,-57,118,-61,169,-150,54
-51,109,-62,115,-62,170,-152,52
-53,110,-68,112,-64,170,-153,51
-54,111,-75,108,-67,170,-155,47
-56,113,-83,104,-71,169,-155,47
-59,115,-91,99,-74,167,-157,43
-62,118,-99,92,-76,164,-158,43
-66,120,-106,85,-78,162,-159,43
-69,123,-115,78,-79,161,-159,45
-72,126,-123,71,-81,159,-161,42
-77,130,-132,63,-84,157,-163,45
-81,135,-140,56,-87,153,-162,45
-86,140,-149,47,-89,151,-164,47
-90,145,-158,39,-92,148,-167,50
-94,149,-167,31,-95,146,-166,48
-97,152,-175,23,-99,143,-167,50
-100,156,-182,16,-102,138,-167,51
-102,161,-189,10,-104,135,-167,53
-104,165,-195,4,-106,131,-167,54
-107,169,-201,0,-108,129,-167,57
-109,174,-205,-4,-110,126,-166,59
-110,179,-208,-7,-113,122,-167,63
-110,183,-211,-10,-116,119,-168,65
-110,186,-213,-11,-119,116,-166,68
-109,189,-213,-12,-121,113,-164,72
-107,191,-212,-11,-123,111,-162,74
-104,193,-210,-9,-125,109,-162,75
-101,194,-207,-6,-126,107,-158,79
-98,195,-202,-2,-129,104,-158,79
-94,195,-196,3,-131,102,-157,83
-91,195,-189,10,-134,100,-156,87
-87,195,-182,16,-137,97,-155,90
-83,193,-175,23,-139,95,-152,91
-78,191,-167,31,-140,93,-150,91
-74,188,-157,39,-141,91,-151,93
-70,187,-146,50,-142,91,-150,93
-67,185,-136,60,-144,92,-152,97
-64,182,-126,69,-145,92,-153,98
-59,178,-115,79,-148,90,-151,97
-55,173,-104,88,-149,89,-150,97
-51,169,-92,96,-150,87,-148,98
-48,164,-81,104,-151,86,-147,98
-47,158,-70,111,-152,87,-148,97
-46,152,-59,118,-154,89,-151,96
-45,147,-48,125,-155,90,-150,96
-44,142,-37,131,-156,89,-151,96
-43,137,-27,137,-156,88,-150,95
-44,131,-17,141,-155,87,-151,95
-45,126,-7,144,-155,87,-151,93
-46,119,0,147,-155,87,-152,91
-47,111,7,149,-155,88,-153,86
-47,103,14,151,-155,88,-151,81
-47,96,20,152,-155,87,-151,79
-50,89,26,152,-155,87,-151,74
-53,82,33,151,-155,87,-152,72
-57,74,39,150,-156,87,-153,67
-61,66,44,148,-156,87,-156,64
-64,59,48,145,-155,88,-156,59
-66,51,52,142,-155,88,-153,53
-69,43,56,139,-154,87,-153,48
-72,35,60,136,-153,87,-151,42
-75,27,62,133,-152,87,-151,37
-78,21,64,131,-151,87,-153,30
-81,15,66,128,-149,89,-152,28
-86,9,69,126,-147,90,-155,23
-90,2,74,122,-146,92,-156,19
-92,-3,79,120,-145,92,-156,15
-92,-10,83,118,-145,92,-151,13
-92,-16,87,115,-144,93,-148,9
-93,-21,91,114,-143,94,-147,7
-94,-26,95,113,-141,96,-148,4
-96,-30,100,114,-139,98,-147,3
-96,-34,106,115,-137,100,-147,1
-95,-39,112,116,-134,102,-144,0
-93,-42,120,119,-132,104,-142,1
-92,-45,128,122,-130,107,-141,1
-90,-48,137,125,-128,109,-139,3
-87,-50,144,130,-126,111,-136,3
-83,-51,153,136,-125,115,-135,7
-79,-51,160,144,-123,119,-135,9
-75,-51,169,151,-121,125,-134,14
-72,-50,180,159,-119,130,-134,17
-67,-50,191,167,-117,134,-131,23
-62,-49,201,175,-115,139,-129,28
-57,-47,210,184,-112,144,-125,32
-52,-43,218,195,-110,149,-128,39
-47,-39,227,206,-108,155,-128,48
-42,-35,238,216,-105,161,-126,54
-37,-30,248,225,-104,166,-125,64
-31,-27,257,234,-102,172,-123,70
-25,-22,264,244,-101,177,-122,78
-19,-18,269,254,-99,182,-120,85
-14,-11,275,262,-97,187,-120,91
-9,-4,282,270,-96,191,-120,100
-7,1,289,277,-93,196,-120,112
-4,8,294,283,-91,201,-120,119
-2,15,296,288,-88,205,-122,125
0,21,297,292,-86,209,-122,131
0,28,296,295,-84,212,-123,137
1,34,295,296,-83,214,-125,144
2,41,293,296,-81,216,-124,148
1,48,290,295,-78,218,-125,153
0,55,286,293,-75,220,-126,161
0,62,282,289,-74,221,-125,166
-3,70,275,284,-73,223,-128,170
-6,77,267,278,-71,224,-129,173
-10,84,259,272,-68,224,-130,178
-14,91,250,265,-64,224,-131,181
-18,97,242,257,-61,224,-133,183
-21,102,233,249,-59,222,-133,185
-26,108,223,241,-58,220,-134,186
-30,112,211,231,-56,217,-136,185
-34,116,199,220,-54,215,-135,185
-38,120,187,208,-52,213,-134,184
-42,124,176,197,-50,212,-133,185
-45,126,166,188,-49,209,-134,183
-48,129,156,180,-47,207,-135,183
-51,131,147,171,-45,204,-133,180
-54,133,138,162,-43,202,-133,179
-57,134,128,153,-41,199,-130,175
-59,134,119,146,-40,198,-130,170
-60,134,110,141,-38,196,-131,168
-60,133,103,137,-37,194,-131,163
-61,133,96,135,-35,192,-133,159
-62,131,90,133,-33,191,-134,156
-63,128,85,131,-32,191,-134,151
-63,125,81,129,-32,190,-134,145
-63,121,78,128,-32,189,-134,140
-62,118,75,128,-32,188,-133,135
-61,115,72,130,-31,187,-135,129
-59,112,72,132,-29,187,-135,126
-57,108,72,134,-28,187,-135,123
-54,103,73,137,-27,187,-133,118
-54,98,74,140,-27,187,-134,113
-54,94,74,144,-28,187,-136,108
-54,91,75,148,-27,189,-139,103
-52,88,76,152,-27,191,-139,101
-51,85,78,155,-27,192,-140,100
-50,81,79,157,-27,192,-140,96
-50,77,81,160,-27,192,-142,92
-51,74,83,163,-27,193,-145,89
-50,72,86,166,-27,195,-144,90
-49,71,87,168,-25,197,-146,87
-48,70,88,169,-23,199,-145,86
-49,68,90,170,-21,200,-145,85
-50,67,91,172,-21,201,-147,84
-51,66,93,173,-21,202,-148,85
-52,66,94,174,-21,203,-148,85
-52,66,93,174,-21,205,-148,85
-52,66,92,173,-21,206,-148,84
-52,67,92,172,-20,206,-148,86
-53,69,93,172,-19,206,-150,89
-54,70,94,170,-18,206,-148,90
-54,72,94,168,-17,208,-148,91
-54,74,92,166,-16,210,-146,93
-54,77,90,164,-16,211,-146,96
-54,80,89,161,-16,212,-144,100
-54,83,89,159,-16,211,-144,102
-54,85,88,156,-15,210,-142,104
-54,88,86,153,-13,211,-140,108
-54,92,84,151,-11,212,-140,109
-54,96,80,149,-11,214,-140,113
-54,100,76,147,-11,216,-140,114
-54,104,73,145,-11,216,-136,115
-53,108,72,142,-10,216,-135,120
-52,112,71,140,-9,215,-133,124
-51,115,69,138,-8,215,-131,126
-51,117,67,136,-7,215,-131,130
-51,120,65,136,-6,217,-131,130
-50,122,62,136,-6,219,-130,130
-48,125,60,136,-6,220,-129,133
-47,127,58,135,-6,221,-130,135
-47,129,56,134,-6,220,-128,134
-47,131,54,133,-6,220,-128,136
-47,133,53,133,-4,220,-128,139
-46,135,51,133,-2,220,-129,137
-45,136,50,133,-1,220,-128,139
-44,137,48,134,0,220,-128,136
-44,136,46,135,-1,220,-130,136
-45,136,46,136,-1,220,-130,136
-45,136,46,136,-1,220,-130,136
-45,136,46,136,-1,220,-130,136
-45,137,46,137,-1,220,-130,136
-44,136,45,137,-1,222,-133,134
-43,135,42,138,0,223,-131,133
-43,133,40,137,0,224,-131,129
-44,131,39,137,0,223,-131,126
-45,130,38,136,-1,222,-133,125
-46,128,39,136,0,222,-134,124
-45,126,39,136,0,224,-133,122
-46,124,39,137,0,225,-133,119
-47,122,38,137,0,225,-136,117
-48,119,36,139,0,225,-139,112
-50,117,36,140,0,225,-142,109
-50,115,35,140,0,225,-142,107
-50,113,35,140,0,225,-142,106
-50,112,36,140,0,225,-142,104
-51,110,36,140,-1,225,-144,102
-51,108,36,140,0,225,-144,101
-52,107,35,140,0,225,-144,100
-52,105,36,140,0,225,-144,97
-53,103,36,140,-1,224,-145,96
-54,102,36,140,-1,225,-146,95
-53,100,35,139,0,226,-142,92
-52,99,33,138,0,228,-142,91
-52,98,32,137,0,228,-141,91
-54,98,32,136,0,227,-144,91
-56,97,32,137,0,227,-145,90
-57,96,32,137,0,227,-146,89
-56,95,32,137,1,228,-146,87
-56,94,32,137,2,229,-146,86
-57,93,32,137,1,230,-146,86
-57,93,32,137,1,230,-147,86
-58,95,32,136,1,229,-147,87
-57,97,32,137,1,229,-146,89
-56,97,31,138,3,229,-146,87
-56,95,29,140,3,229,-148,85
-56,92,28,140,4,229,-151,83
-57,90,28,140,4,229,-148,80
-59,90,29,139,3,229,-151,80
-60,91,30,139,3,229,-152,81
-60,91,29,139,3,229,-152,81
-59,91,29,140,4,229,-151,81
-59,90,29,140,4,229,-151,80
-58,90,30,139,4,229,-150,80
-58,90,29,139,4,229,-150,80
-59,90,28,139,4,229,-151,80
-60,90,27,139,4,229,-152,78
-62,88,26,138,4,229,-153,75
-63,86,26,138,4,229,-155,74
-62,84,25,137,4,229,-153,72
-61,83,25,137,4,229,-152,70
-60,83,25,137,4,230,-152,70
-61,83,25,137,4,229,-152,70
-62,83,25,137,4,229,-155,70
-64,82,25,137,4,229,-156,69
-64,80,25,137,4,230,-156,68
-63,78,25,137,4,231,-155,65
-63,76,25,137,4,231,-155,64
-64,75,25,137,4,231,-156,63
-65,75,25,137,4,230,-157,63
-67,75,25,137,4,229,-158,62
-68,74,25,137,4,230,-159,62
-67,73,24,136,4,232,-158,61
-65,72,23,135,4,233,-157,59
-65,70,23,135,4,233,-156,58
-65,69,24,135,4,233,-157,57
-66,69,24,136,4,232,-157,57
-67,69,24,136,4,233,-158,57
-66,69,25,137,4,234,-157,57
-65,70,25,137,4,234,-157,57
-65,70,24,136,4,234,-156,58
-65,70,23,135,4,234,-156,58
-65,70,23,135,4,234,-156,58
-65,70,24,136,4,234,-156,58
-65,70,25,137,4,234,-156,57
-65,70,24,136,4,234,-157,57
-65,70,24,136,4,234,-156,58
-64,72,24,136,4,234,-156,59
-63,74,25,137,4,234,-155,62
-63,76,25,137,4,234,-155,64
-64,79,25,137,4,234,-155,67
-64,80,25,137,4,234,-156,68
-64,81,25,137,4,234,-156,69
-62,82,25,137,4,234,-155,70
-61,83,25,137,4,234,-152,72
-60,85,25,137,4,234,-152,73
-59,88,25,137,4,234,-151,75
-59,89,25,137,4,234,-151,76
-57,91,25,137,4,234,-148,79
-57,93,25,137,5,234,-148,80
-56,95,25,137,6,235,-147,83
-57,96,25,137,5,236,-148,84
-57,97,25,137,5,237,-148,85
-55,97,25,137,4,238,-147,85
-54,97,25,137,4,238,-146,85
-52,99,25,137,4,237,-145,86
-53,100,25,137,4,238,-145,87
-54,102,26,138,4,238,-146,90
-55,103,27,138,4,239,-147,91
-55,104,27,139,4,239,-147,91
-54,104,28,140,4,239,-146,93
-53,104,28,140,5,239,-145,93
-52,104,28,140,6,239,-144,95
-51,104,28,139,6,239,-142,92
-51,105,27,139,6,239,-142,93
-52,106,28,139,5,239,-145,93
-55,107,28,140,4,239,-147,97
-57,107,29,140,3,239,-148,97
-57,108,29,140,4,239,-150,97
-57,108,28,140,6,239,-150,97
-57,107,28,140,7,239,-148,97
-57,107,28,140,7,239,-148,97
-57,108,28,140,6,239,-148,97
-57,108,28,140,6,239,-150,98
-57,107,28,140,7,239,-148,97
-56,105,28,140,9,239,-148,96
-56,104,28,140,10,238,-147,95
-56,105,28,140,10,238,-147,95
-56,106,28,140,9,239,-147,96
-56,106,28,140,7,239,-148,96
-57,104,29,140,7,239,-150,93
-58,102,29,140,8,239,-150,92
-59,101,28,140,9,239,-151,91
-59,100,28,139,9,238,-151,87
-58,100,27,138,9,238,-151,87
-59,97,27,138,9,238,-151,85
-59,95,27,139,9,239,-151,83
-61,93,28,139,9,239,-152,80
-61,90,28,139,9,238,-153,78
-61,88,26,138,9,238,-153,76
-62,86,25,137,9,238,-153,74
-63,83,25,137,9,238,-155,72
-64,82,25,137,9,238,-156,69
-65,81,25,137,9,238,-157,68
-64,79,25,137,9,238,-156,67
-64,78,25,137,9,238,-155,65
-64,76,24,138,9,238,-156,63
-65,75,24,139,9,238,-159,62
-67,75,24,138,9,238,-158,62
-68,75,24,137,9,238,-159,62
-67,74,24,136,9,238,-158,62
-66,73,24,136,9,238,-157,61
-65,72,23,137,9,238,-157,59
-65,72,22,137,9,239,-157,57
-66,72,23,137,9,239,-158,59
-67,74,25,137,9,238,-158,62
-67,75,25,137,9,237,-158,63
-67,76,25,137,9,235,-158,64
-66,79,25,137,9,234,-157,67
-65,81,25,137,9,235,-157,69
-65,83,24,138,9,236,-156,70
-64,86,24,138,9,235,-158,73
-64,89,24,138,9,234,-156,76
-63,91,25,137,9,234,-155,79
-63,93,25,137,8,235,-155,81
-62,96,25,137,7,236,-153,84
-61,97,25,137,7,235,-153,85
-60,100,25,137,7,234,-152,87
-58,103,25,136,8,234,-151,90
-57,105,25,137,8,234,-150,93
-58,108,25,140,7,234,-152,96
-58,111,25,141,7,234,-153,98
-58,112,25,141,7,234,-152,100
-57,113,25,140,7,234,-151,101
-56,115,25,139,8,234,-151,102
-56,117,25,141,8,234,-151,104
-57,120,25,144,9,234,-153,108
-56,123,25,144,9,234,-153,111
-55,125,25,144,9,234,-152,113
-56,125,25,144,9,234,-153,113
-55,125,25,144,9,234,-152,113
-54,125,25,144,9,234,-151,113
-53,126,25,144,9,234,-150,114
-52,129,25,144,9,234,-148,117
-52,130,25,144,9,234,-150,118
-53,130,26,145,9,234,-150,118
-53,130,28,146,9,235,-151,118
-53,130,29,147,9,236,-150,118
-51,130,29,148,9,235,-151,118
-49,130,29,147,9,234,-146,118
-48,131,29,147,9,234,-145,119
-48,133,29,147,9,234,-146,120
-49,133,29,147,9,234,-146,122
-49,133,29,147,9,234,-146,120
-48,131,29,147,9,234,-145,119
-47,130,29,147,9,234,-145,118
-47,131,29,147,9,234,-145,119
-48,132,29,147,9,234,-146,120
-49,133,29,147,9,234,-146,120
-48,132,29,147,9,234,-146,120
-48,131,29,147,9,234,-145,118
-47,130,29,147,9,234,-144,117
-46,129,29,147,9,234,-144,117
-46,129,29,147,9,235,-144,117
-46,130,29,147,9,236,-144,117
-48,131,29,147,9,237,-145,119
-48,133,29,147,9,238,-146,120
-48,132,29,147,9,238,-146,120
-47,131,29,147,9,238,-145,119
-46,130,29,147,9,239,-144,118
-46,129,29,147,9,239,-144,117
-48,129,29,147,9,238,-145,117
-50,128,29,147,9,237,-147,115
-51,127,29,147,9,235,-148,115
-51,127,29,147,9,235,-148,114
-51,127,29,147,9,237,-148,114
-51,127,29,147,9,238,-148,114
-51,127,29,147,9,239,-148,115
-51,128,28,147,9,239,-151,115
-51,127,28,147,9,238,-151,114
-50,126,29,147,9,238,-147,113
-50,124,30,146,9,238,-147,112
-48,123,30,146,9,238,-146,113
-48,122,30,146,9,238,-145,109
-49,123,29,147,9,238,-146,111
-51,123,28,147,9,238,-151,111
-51,124,28,147,9,238,-151,112
-50,123,29,147,9,238,-147,111
-49,123,29,147,9,238,-146,111
-48,123,29,147,9,238,-146,111
-49,122,29,147,9,238,-146,109
-52,121,29,147,9,238,-148,108
-53,121,29,147,9,238,-151,108
-54,121,29,147,9,239,-151,108
-53,120,29,148,9,238,-152,108
-52,119,29,147,9,238,-150,107
-51,118,28,146,9,238,-148,106
-51,116,26,145,9,239,-148,104
-52,115,25,144,9,239,-148,103
-54,115,25,144,10,238,-151,102
-54,113,25,144,11,239,-151,101
-54,111,25,144,11,238,-151,98
-53,109,25,144,10,238,-150,97
-52,109,25,144,10,238,-148,97
-53,110,25,144,11,239,-150,97
-54,109,25,144,12,240,-151,97
-56,108,25,144,12,241,-152,96
-56,106,25,144,11,240,-153,93
-55,104,25,144,10,239,-152,92
-55,103,25,144,10,238,-152,91
-56,102,25,144,12,239,-152,90
-57,100,25,144,13,241,-155,87
-58,98,25,144,14,242,-155,85
-57,97,25,144,14,241,-153,84
-56,96,25,144,14,241,-153,84
-56,95,25,144,14,241,-152,83
-57,94,25,144,14,242,-153,81
-58,92,25,144,14,242,-155,80
-59,91,25,144,14,242,-156,79
-60,90,25,144,14,242,-156,78
-60,89,25,144,14,242,-156,76
-61,89,25,144,14,243,-157,76
-61,88,25,144,14,243,-158,75
-62,88,25,144,14,243,-158,75
-63,87,25,144,14,243,-159,75
-63,88,25,144,14,243,-159,75
-63,88,25,144,14,243,-159,75
-63,88,25,144,14,243,-159,75
-62,86,24,143,14,243,-159,72
-61,85,24,142,14,243,-158,69
-61,83,24,143,14,243,-157,68
-61,83,25,144,14,243,-157,70
-61,85,25,144,14,243,-158,72
-62,86,25,144,13,244,-159,74
-63,88,25,144,12,243,-159,75
-64,88,25,144,13,243,-161,75
-63,88,25,144,14,243,-159,75
-62,88,25,144,14,243,-158,75
-60,89,25,144,14,245,-156,76
-59,90,25,144,14,245,-156,78
-59,91,25,144,14,245,-156,79
-61,93,25,144,14,246,-157,80
-61,94,25,144,13,246,-158,81
-60,95,25,144,13,247,-157,83
-58,96,25,144,13,248,-155,84
-57,97,25,144,14,249,-153,84
-57,98,25,144,15,248,-155,86
-58,99,25,144,15,248,-155,86
-58,100,26,146,15,248,-158,87
-59,99,26,148,14,248,-158,86
-58,100,26,147,14,248,-158,87
-57,101,26,146,15,248,-155,89
-56,103,27,145,15,248,-153,90
-55,103,28,146,15,248,-152,91
-54,103,28,147,15,248,-151,91
-54,103,29,148,15,248,-153,91
-54,103,29,148,15,248,-153,91
-55,103,29,147,15,248,-152,90
-56,102,29,147,15,248,-153,90
-56,102,28,146,15,248,-153,90
-56,102,26,145,15,248,-152,90
-55,103,25,144,15,248,-152,90
-56,102,25,144,15,248,-153,90
-57,101,25,144,15,248,-155,89
-59,101,25,144,15,248,-156,89
-60,101,25,144,15,248,-157,89
-59,101,25,144,15,248,-156,89
-58,100,26,144,15,248,-156,87
-58,98,26,145,15,248,-155,86
-58,98,27,145,15,248,-155,86
-58,99,26,145,15,248,-155,87
-58,100,26,144,15,248,-156,87
-59,98,25,144,15,248,-156,86
-61,97,25,144,15,248,-157,84
-62,96,25,144,15,248,-158,83
-63,96,25,144,15,248,-159,84
-63,97,25,144,15,249,-159,85
-61,98,25,144,15,250,-158,85
-59,97,25,144,15,251,-156,85
-57,97,25,144,15,252,-153,85
-57,98,25,144,15,253,-155,86
-58,99,25,144,15,253,-156,87
-59,101,25,144,15,253,-156,89
-58,101,25,144,15,251,-155,89
-57,103,25,144,15,249,-153,90
-56,104,25,144,15,249,-152,92
-56,106,25,144,15,251,-153,93
-55,108,25,144,15,253,-152,96
-54,109,26,145,15,253,-151,97
-54,110,28,146,15,253,-151,98
-54,113,29,147,15,253,-151,101
-54,116,29,148,15,253,-155,103
-54,119,29,148,15,253,-153,106
-53,120,28,147,15,253,-152,108
-51,122,29,147,15,253,-148,109
-51,124,29,147,15,253,-148,112
-51,126,29,147,15,253,-148,113
-51,127,28,148,15,253,-151,114
-50,128,29,149,15,252,-150,115
-48,129,29,150,15,253,-147,117
-47,131,30,151,15,254,-147,118
-48,132,31,151,15,255,-147,120
-49,133,31,152,15,256,-151,122
-49,134,31,152,15,255,-152,122
-48,134,31,153,15,254,-150,122
-46,135,30,153,15,255,-148,123
-45,136,30,153,15,256,-147,124
-44,136,30,153,15,258,-146,124
-45,136,30,153,15,258,-147,124
-45,137,30,153,15,258,-147,125
-46,139,29,154,15,258,-148,126
-47,140,29,154,15,258,-150,128
-47,141,29,154,15,258,-150,129
-46,141,29,154,15,258,-148,129
-45,141,29,154,16,257,-147,129
-45,141,29,154,17,258,-147,129
-46,141,30,155,17,258,-151,129
-46,141,32,157,17,259,-151,129
-46,141,33,157,16,260,-151,129
-44,141,32,156,15,260,-148,129
-43,143,30,155,15,258,-147,130
-43,144,29,154,16,257,-145,131
-44,146,30,155,17,258,-148,134
-45,147,30,155,17,259,-150,135
-45,147,30,155,17,260,-150,135
-45,147,30,155,16,261,-150,135
-45,147,31,155,15,262,-150,135
-45,147,31,156,15,263,-150,135
-45,147,32,157,16,263,-150,135
-45,147,32,156,17,262,-150,135
-45,147,30,155,17,261,-150,135
-45,147,29,154,17,261,-147,135
-45,147,29,154,16,261,-147,135
-44,147,29,154,15,262,-147,135
-45,147,29,154,15,263,-147,135
-46,146,29,154,15,263,-148,134
-48,145,29,154,16,263,-151,133
-49,145,29,154,17,263,-152,133
-50,144,29,154,18,263,-152,133
-49,143,29,154,19,263,-151,131
-47,142,29,154,19,263,-150,129
-46,141,29,154,19,263,-148,129
-47,140,29,154,20,262,-150,128
-48,140,29,154,20,263,-151,128
-50,139,29,154,19,263,-152,126
-51,138,29,154,18,263,-153,126
-52,138,29,154,19,263,-155,125
-51,138,29,154,20,263,-153,125
-50,137,29,154,21,262,-153,125
-50,137,29,154,20,262,-152,124
-50,136,29,154,18,263,-152,123
-50,135,28,153,17,265,-152,123
-49,134,28,153,16,266,-152,122
-49,133,28,153,16,266,-151,122
-49,133,29,154,17,264,-151,120
-49,133,29,154,19,263,-151,122
-49,134,29,154,21,263,-152,122
-50,135,29,154,21,266,-152,123
-50,135,29,154,21,267,-152,123
-50,135,29,154,19,268,-152,123
-49,134,29,154,17,268,-152,122
-49,133,29,154,16,267,-151,122
-49,133,29,154,17,267,-151,122
-49,133,29,154,17,267,-153,122
-49,134,29,154,18,267,-155,122
-49,134,29,154,18,267,-152,122
-49,134,29,154,19,267,-151,122
-48,133,29,154,21,267,-151,120
-48,131,29,155,21,267,-152,118
-48,129,28,155,21,267,-152,114
-49,126,27,155,21,267,-153,112
-49,124,27,154,21,267,-153,109
-49,123,28,153,21,267,-151,108
-48,123,29,154,21,267,-151,111
-49,123,29,154,21,267,-151,111
-50,122,30,155,21,267,-155,109
-51,120,28,154,21,267,-153,108
-51,117,28,153,21,267,-153,102
-51,116,27,152,21,267,-152,101
-50,116,27,152,21,267,-152,101
-50,116,28,153,21,267,-152,101
-52,116,28,153,21,267,-155,103
-54,115,27,152,21,267,-156,100
-55,114,25,151,21,267,-157,100
-55,114,25,150,21,267,-157,98
-55,114,25,151,21,267,-157,98
-55,114,26,153,21,267,-159,98
-55,114,26,154,21,268,-159,98
-55,114,25,153,21,269,-157,100
-55,114,25,151,21,269,-157,100
-55,114,26,151,21,268,-157,100
-55,113,27,152,21,268,-157,98
-55,114,28,153,21,268,-157,102
-56,115,28,153,21,269,-157,103
-55,118,28,153,21,269,-157,103
-54,120,27,152,21,267,-156,104
-53,121,27,152,21,267,-156,106
-53,121,28,152,21,267,-155,108
-53,120,28,153,21,269,-155,108
-53,120,28,153,21,270,-155,108
-53,120,28,153,21,271,-156,108
-53,121,29,154,21,271,-155,108
-52,122,29,154,21,271,-155,111
-51,125,29,154,21,272,-153,113
-51,127,29,154,21,272,-153,114
-51,128,29,154,21,272,-153,115
-51,127,29,154,21,272,-153,115
-51,127,29,154,21,272,-153,114
-51,127,29,154,21,272,-153,114
-51,127,29,154,21,272,-153,114
-51,127,29,154,21,272,-153,115
-51,127,29,154,21,272,-153,114
-51,127,29,154,21,272,-153,114
-51,127,29,154,21,272,-153,114
-51,127,29,154,21,272,-153,115
-51,128,29,154,21,272,-153,115
-50,127,29,154,21,272,-152,115
-50,126,29,154,21,272,-152,113
-51,123,28,153,21,272,-153,111
-51,121,28,153,21,272,-153,109
-52,120,27,152,21,272,-155,106
-53,120,26,151,21,272,-156,106
-55,120,26,151,21,272,-157,106
-56,119,25,151,21,272,-158,104
-57,117,25,151,21,272,-158,102
-56,115,25,151,21,272,-157,101
-55,114,26,151,21,272,-157,98
-56,113,26,151,21,272,-158,98
-58,112,25,151,21,272,-159,97
-59,112,25,151,21,272,-161,97
-59,112,25,151,21,272,-161,96
-59,111,25,151,21,272,-161,96
-58,110,25,151,21,272,-161,95
-59,108,25,151,21,272,-161,93
-59,107,25,151,21,273,-161,92
-58,107,25,151,21,274,-161,92
-58,108,25,151,21,275,-159,93
-58,110,25,151,21,275,-161,95
-59,112,26,151,21,275,-161,96
-59,112,26,151,21,275,-161,97
-60,112,25,151,21,276,-162,97
-60,113,25,150,21,277,-162,97
-60,113,26,151,21,277,-162,97
-60,113,27,152,21,277,-162,97
-60,113,28,153,21,277,-162,101
-60,115,28,153,21,277,-162,102
-58,117,28,153,21,277,-161,104
-57,119,28,153,21,277,-159,106
-57,119,29,154,21,277,-159,106
-57,118,29,154,21,277,-159,106
-57,118,29,154,21,277,-159,106
-57,118,29,154,21,277,-159,106
-57,118,29,154,21,277,-159,106
-57,118,29,154,21,277,-159,106
-57,118,29,154,21,277,-159,106
-56,119,29,154,21,277,-158,107
-55,119,29,154,21,277,-157,107
-56,119,29,154,21,277,-158,107
-57,118,29,154,21,277,-159,106
-58,118,29,154,21,277,-159,106
-57,118,29,154,21,277,-159,106
-56,119,29,154,22,277,-158,107
-54,120,29,154,23,277,-156,108
-53,121,29,154,23,278,-155,108
-53,121,29,154,22,278,-155,108
-53,120,29,154,21,279,-155,108
-53,121,29,154,21,278,-156,108
-54,122,29,154,22,278,-156,109
-54,124,29,154,23,277,-157,112
-54,125,29,154,23,277,-156,113
-52,127,29,154,22,278,-155,114
-51,127,29,154,21,278,-153,115
-50,127,29,154,21,279,-152,115
-51,127,29,154,21,279,-153,114
-51,127,29,154,21,279,-153,114
-51,127,29,154,22,278,-153,115
-52,128,29,154,23,278,-153,115
-52,130,29,154,25,278,-157,118
-53,131,29,154,24,279,-158,119
-54,132,29,154,24,280,-156,119
-54,132,29,154,23,281,-156,119
-53,131,29,154,24,282,-156,119
-53,130,28,155,25,282,-157,115
-52,128,27,157,25,282,-158,113
-50,127,26,158,25,282,-157,112
-50,127,26,157,26,281,-157,112
-51,129,27,156,27,281,-156,114
-53,130,29,157,26,281,-157,118
-54,131,31,157,25,282,-158,119
-53,132,30,158,25,282,-158,119
-52,132,29,157,25,282,-157,120
-50,133,28,155,26,282,-155,118
-49,133,29,155,26,281,-153,122
-48,134,30,155,25,281,-153,122
-49,134,31,155,25,281,-153,122
-49,133,31,155,25,282,-153,122
-49,133,30,155,26,283,-155,122
-50,134,30,155,27,284,-155,122
-49,134,29,154,27,283,-151,122
-47,134,29,154,26,282,-150,122
-46,135,29,154,26,281,-148,123
-46,136,29,154,26,281,-151,123
-47,137,28,155,27,283,-152,122
-47,138,28,156,26,284,-152,124
-47,140,27,156,26,284,-152,125
-47,141,27,156,26,284,-152,126
-47,140,27,156,26,284,-152,125
-47,140,26,157,26,285,-155,125
-47,140,26,158,26,286,-155,125
-46,140,26,158,27,287,-153,125
-47,140,27,157,27,287,-155,125
-48,140,27,156,27,286,-153,125
-50,139,27,156,27,286,-155,124
-51,138,26,157,27,286,-158,123
-52,138,25,158,27,286,-159,123
-51,138,25,158,27,286,-158,123
-51,137,26,158,27,286,-158,122
-51,134,26,158,27,286,-158,119
-52,132,26,158,27,286,-158,117
-53,131,26,158,27,286,-159,117
-54,132,26,158,27,286,-161,117
-55,131,26,158,27,286,-162,115
-55,129,26,158,27,286,-162,113
-55,125,26,158,27,286,-162,109
-54,122,26,158,27,286,-161,107
-54,120,25,157,27,286,-162,104
-56,119,25,156,27,286,-163,103
-56,117,25,156,27,286,-163,102
-56,115,25,157,27,286,-163,100
-57,113,25,157,27,286,-163,98
-58,112,25,156,27,286,-164,97
-59,112,24,156,27,286,-166,95
-60,112,24,155,27,286,-167,93
-59,110,24,156,27,286,-166,92
-57,109,25,156,27,286,-164,93
-57,108,25,157,27,286,-163,92
-57,107,25,157,27,286,-163,92
-57,107,25,157,27,286,-163,92
-57,107,26,158,27,286,-164,92
-57,108,26,158,27,287,-163,92
-56,110,26,158,27,286,-163,95
-56,112,25,156,26,286,-162,97
-55,113,23,155,27,286,-159,96
-55,115,24,155,27,287,-162,97
-54,116,25,156,27,288,-161,101
-54,119,25,157,27,288,-161,103
-53,120,25,157,27,288,-161,106
-53,121,25,156,27,287,-159,106
-51,121,25,156,27,288,-158,106
-50,122,25,157,27,290,-157,107
-50,124,26,158,27,291,-157,109
-50,126,26,158,27,292,-157,112
-51,127,26,158,27,292,-158,112
-51,127,25,157,27,291,-158,112
-51,127,25,157,27,291,-158,112
-51,127,25,156,27,291,-158,112
-51,127,25,157,27,291,-158,112
-51,127,25,157,27,291,-158,112
-52,126,26,158,27,291,-159,112
-53,125,26,158,27,291,-159,109
-54,122,26,158,27,291,-161,107
-55,119,26,158,27,291,-162,104
-55,117,26,158,27,291,-162,102
-55,116,26,158,27,291,-162,101
-55,114,26,158,27,291,-162,98
-56,112,26,158,27,291,-162,97
-56,109,26,158,27,291,-162,95
-56,106,26,158,27,291,-163,91
-57,104,26,158,27,291,-164,89
-58,101,26,158,27,291,-164,86
-58,99,26,158,27,291,-164,84
-57,98,26,158,27,291,-163,83
-57,97,26,158,27,291,-163,81
-58,95,25,158,27,291,-164,80
-60,95,25,158,27,291,-166,80
-61,94,26,157,27,291,-167,79
-61,94,27,157,27,291,-168,79
-61,94,27,156,27,291,-166,79
-61,94,27,157,27,291,-167,79
-61,94,26,157,27,291,-167,79
-61,94,26,157,27,291,-167,79
-61,94,27,157,28,291,-166,79
-62,96,28,156,28,291,-166,80
-61,98,28,155,29,291,-166,83
-60,100,28,153,28,291,-162,87
-59,101,28,153,28,291,-161,89
-60,102,28,153,27,291,-162,90
-61,104,29,154,27,291,-162,91
-60,105,29,154,27,291,-164,92
-59,107,28,153,27,291,-161,93
-57,107,27,152,27,291,-159,92
-55,108,27,152,27,291,-157,93
-54,110,28,152,29,291,-156,98
-54,113,28,153,30,291,-156,98
-55,114,27,155,30,291,-159,100
-55,114,27,155,31,291,-159,98
-55,114,27,155,31,291,-159,98
-55,114,28,154,31,291,-157,98
-54,116,28,153,30,292,-157,103
-54,119,28,153,29,292,-156,107
-53,120,29,154,28,291,-155,108
-53,121,29,154,30,291,-155,109
-53,121,29,154,32,291,-155,108
-53,120,29,154,33,293,-157,108
-53,120,28,155,32,295,-157,106
-53,120,29,157,31,296,-157,106
-53,120,29,156,30,295,-157,108
-53,121,30,156,31,294,-158,108
-54,122,30,155,30,295,-158,109
-54,122,30,155,28,296,-158,109
-54,122,31,156,28,296,-158,109
-54,122,32,157,28,296,-158,109
-54,122,32,157,30,296,-158,109
-54,122,32,156,32,296,-158,109
-54,122,31,156,32,296,-158,109
-54,122,32,157,32,296,-158,109
-54,122,32,157,32,296,-158,109
-53,121,33,158,32,296,-157,108
-53,121,33,158,32,296,-157,108
-53,121,32,158,32,296,-158,108
-54,120,32,158,32,296,-158,107
-55,118,32,159,32,296,-162,104
-56,115,32,159,32,296,-162,102
-55,114,31,159,31,296,-159,101
-55,114,31,158,30,296,-159,101
-55,114,30,157,31,296,-159,101
-56,114,29,157,32,296,-161,101
-56,112,28,157,32,296,-163,97
-56,109,26,158,32,296,-163,95
-56,108,25,158,32,296,-163,92
-57,107,25,158,32,296,-163,92
-57,107,25,158,32,296,-164,92
-57,106,26,158,32,296,-163,91
-55,104,27,157,32,296,-162,90
-55,103,27,156,32,296,-159,89
-54,103,28,155,32,296,-158,87
-55,103,27,156,32,296,-159,87
-55,103,26,157,32,296,-162,87
-54,103,25,158,32,296,-161,87
-55,103,25,158,32,296,-162,89
-55,104,26,158,32,296,-162,89
-57,106,27,157,32,296,-163,91
-57,107,27,156,32,296,-162,92
-57,108,27,157,32,296,-163,92
-56,108,26,157,32,296,-162,92
-54,109,25,158,32,296,-161,93
-53,111,26,158,32,296,-159,96
-54,113,27,159,32,296,-161,97
-55,113,28,160,32,296,-162,98
-56,114,28,160,32,296,-162,100
-56,115,27,159,32,296,-162,100
-55,117,27,159,32,296,-162,102
-54,120,28,160,32,296,-161,104
-54,122,29,161,32,296,-161,107
-54,124,30,161,32,296,-162,108
-55,125,29,162,32,298,-164,109
-54,125,28,162,32,299,-163,111
-53,126,28,162,32,299,-162,112
-52,128,28,162,32,298,-162,113
-52,130,29,161,32,298,-162,115
-52,132,29,161,32,299,-158,117
-50,133,29,161,32,300,-157,118
-50,135,29,161,32,301,-157,120
-50,137,29,161,32,301,-157,123
-51,139,28,162,32,301,-161,124
-52,140,27,163,32,300,-162,125
-53,140,27,164,32,299,-164,125
-53,141,28,162,32,299,-163,126
-53,142,29,161,32,299,-161,126
-54,142,29,161,32,300,-161,128
-54,143,30,161,32,301,-161,128
-54,142,30,162,32,301,-163,128
-54,142,31,162,32,301,-163,130
-53,141,30,162,32,301,-163,126
-52,140,29,162,32,301,-162,125
-51,138,28,162,32,301,-161,123
-50,137,28,162,32,301,-159,122
-50,134,29,161,32,301,-159,119
-52,132,29,161,32,301,-159,117
-55,130,29,161,32,301,-162,115
-57,130,29,161,32,301,-163,114
-57,128,30,161,32,301,-164,113
-56,126,29,161,32,301,-163,111
-56,123,27,161,32,301,-166,108
-56,120,25,161,32,301,-166,103
-57,118,24,160,32,301,-167,101
-58,116,23,160,32,301,-168,98
-59,114,23,160,32,301,-168,96
-59,112,23,161,32,300,-168,95
-59,109,22,161,32,300,-168,92
-61,107,22,162,32,301,-173,90
-65,105,22,163,31,302,-177,87
-66,103,22,164,31,303,-178,85
-66,101,22,163,31,302,-177,83
-65,99,23,162,32,301,-175,81
-64,97,22,161,32,300,-173,80
-65,95,22,161,32,300,-174,78
-66,93,21,160,32,301,-175,76
-66,92,21,160,32,301,-174,72
-65,91,21,160,32,301,-174,74
-65,92,22,161,32,301,-174,74
-65,92,23,161,32,301,-174,74
-65,92,23,161,32,301,-174,74
-66,91,22,161,32,301,-174,74
-65,92,22,161,32,301,-174,74
-64,93,22,161,32,301,-173,75
-63,94,23,161,32,301,-172,76
-63,97,22,161,32,301,-172,79
-63,98,22,161,32,301,-172,81
-63,101,22,161,32,301,-172,84
-62,103,23,162,32,302,-170,86
-62,106,24,162,32,302,-172,89
-63,108,24,162,32,302,-174,91
-64,110,24,162,32,303,-173,92
-64,111,24,162,32,304,-175,93
-62,114,25,163,32,306,-173,96
-60,117,26,164,32,306,-172,100
-59,119,26,165,32,304,-170,102
-59,121,26,165,32,304,-170,103
-59,122,26,164,32,304,-172,104
-58,123,26,164,32,305,-170,106
-57,124,26,165,32,306,-169,107
-55,125,26,165,32,306,-167,107
-55,125,26,164,32,306,-167,107
-55,125,27,164,32,306,-167,109
-55,125,27,163,32,306,-164,109
-55,125,28,162,32,306,-164,109
-56,125,29,162,32,306,-166,111
-55,125,29,161,32,306,-164,109
-54,123,29,162,32,306,-164,108
-54,122,28,162,33,306,-163,107
-54,120,27,163,33,306,-163,104
-56,119,27,164,33,306,-168,103
-57,117,28,164,32,306,-167,102
-59,114,27,163,32,306,-168,98
-60,110,26,163,33,306,-169,92
-61,107,24,162,34,306,-169,89
-62,103,23,161,36,306,-170,86
-63,100,23,160,36,305,-172,83
-64,97,24,160,36,306,-173,79
-65,94,24,160,34,306,-174,76
-65,92,24,160,34,306,-174,74
-66,90,24,161,34,306,-175,73
-67,87,23,161,36,306,-175,69
-68,84,21,160,37,305,-177,65
-69,81,20,159,38,306,-178,61
-69,79,19,158,38,305,-178,58
-70,76,19,158,37,305,-179,56
-71,74,19,158,36,305,-179,53
-71,72,19,158,36,306,-180,52
-71,72,19,158,35,307,-180,51
-72,72,19,158,34,308,-180,52
-73,72,19,158,33,307,-181,52
-74,73,19,158,33,306,-183,53
-74,74,19,158,34,306,-183,53
-73,75,19,158,35,307,-181,54
-73,76,19,158,34,307,-181,56
-74,76,19,158,33,308,-183,56
-75,78,19,158,33,307,-184,57
-75,79,19,158,34,307,-184,59
-75,81,19,158,35,307,-183,61
-73,83,21,159,36,306,-181,62
-72,83,21,160,36,305,-180,65
-72,84,21,160,36,305,-180,67
-73,86,20,159,36,305,-181,65
-73,88,20,159,36,307,-181,68
-72,91,20,159,36,309,-180,70
-70,93,20,159,35,310,-179,73
-68,95,20,159,35,311,-178,75
-68,97,21,159,35,311,-177,76
-68,98,21,160,35,310,-177,80
-68,100,22,161,35,310,-177,81
-67,101,23,162,36,310,-177,84
-66,103,23,161,37,310,-175,86
-65,105,22,161,37,310,-174,87
-65,107,22,161,36,311,-174,90
-63,109,23,162,35,310,-173,91
-62,110,24,162,34,309,-170,92
-61,111,24,162,36,309,-172,93
-60,113,24,162,37,309,-169,95
-61,115,24,162,39,310,-172,97
-60,117,25,163,39,310,-172,100
-59,118,26,164,38,310,-170,101
-57,118,26,165,36,310,-169,101
-57,118,26,165,34,310,-168,101
-57,118,26,164,34,310,-169,101
-58,119,26,164,36,310,-170,102
-59,121,26,164,38,310,-170,103
-58,123,26,165,38,310,-170,106
-57,124,26,165,38,311,-168,107
-55,125,26,165,38,312,-167,107
-55,125,26,164,38,312,-167,108
-55,125,26,164,38,312,-167,108
-55,124,26,165,37,311,-167,107
-54,123,27,166,36,312,-166,106
-53,122,29,167,36,312,-166,107
-54,122,29,168,35,312,-166,107
-56,122,30,168,36,313,-170,107
-57,122,30,168,36,314,-172,107
-58,120,29,168,37,315,-170,104
-59,120,30,168,38,316,-170,104
-59,120,30,168,39,315,-170,106
-59,122,29,168,39,315,-173,107
-59,121,27,168,38,315,-173,103
-58,120,27,168,37,315,-173,102
-58,119,28,168,36,315,-172,102
-57,120,29,168,37,315,-170,104
-56,121,29,167,38,315,-168,106
-56,122,27,166,38,315,-168,104
-57,123,26,165,38,315,-169,106
-57,124,27,166,38,315,-169,106
-57,124,27,166,38,315,-168,107
-55,125,27,166,38,315,-167,107
-55,125,26,165,38,315,-167,107
-55,125,26,164,38,315,-167,107
-56,126,26,164,38,315,-168,108
-56,126,25,165,38,315,-168,109
-55,128,26,166,37,315,-167,111
-54,130,26,167,36,315,-168,112
-53,131,26,166,37,315,-164,113
-53,132,26,166,38,315,-164,114
-54,132,25,166,39,315,-166,114
-54,133,25,168,38,315,-169,115
-55,134,26,169,37,315,-169,117
-54,137,27,169,36,315,-169,119
-53,138,27,168,37,315,-167,120
-51,138,28,168,38,315,-166,120
-51,138,28,168,38,315,-166,123
-51,138,29,168,38,315,-166,123
-52,140,30,168,38,315,-164,124
-51,141,29,168,39,315,-163,126
-50,143,29,168,38,315,-162,128
-49,143,29,168,36,316,-161,128
-48,144,30,168,35,317,-161,129
-49,144,30,168,34,317,-161,129
-49,144,29,168,35,317,-162,129
-50,145,29,168,36,318,-162,130
-50,145,29,168,37,318,-162,130
-50,146,31,169,37,318,-162,130
-50,147,32,170,36,317,-164,131
-50,147,32,173,35,316,-168,133
-51,148,32,174,36,317,-168,133
-52,149,30,173,36,319,-169,134
-52,151,28,171,37,320,-167,133
-52,153,27,170,38,321,-167,135
-51,155,27,172,39,320,-168,137
-50,156,28,174,39,320,-167,139
-49,156,30,175,38,320,-167,139
-49,155,30,175,38,320,-167,140
-49,155,30,175,38,320,-167,137
-50,155,30,175,39,320,-167,137
-50,155,30,175,38,320,-167,137
-50,155,30,175,38,320,-167,137
-48,156,30,175,38,320,-166,139
-46,157,30,174,38,320,-163,140
-45,158,28,174,38,320,-163,140
-46,157,28,174,38,320,-163,140
-48,156,29,174,38,320,-166,139
-50,155,30,174,38,320,-167,140
-50,155,31,173,38,320,-167,140
-50,156,32,172,38,320,-164,141
-50,156,31,171,39,321,-164,141
-49,155,30,170,39,323,-164,140
-48,155,29,170,39,325,-163,140
-49,154,29,169,39,325,-164,139
-50,153,30,168,39,325,-164,139
-52,152,31,168,39,325,-164,137
-52,151,31,169,39,323,-167,136
-52,149,30,170,39,323,-167,134
-51,147,29,172,39,324,-168,130
-50,146,28,172,39,325,-167,128
-49,144,28,171,39,325,-164,126
-49,144,28,170,39,325,-163,126
-49,145,28,169,39,325,-163,128
-49,144,28,169,39,325,-164,126
-50,143,29,169,39,325,-164,128
-51,140,28,169,39,325,-166,123
-51,138,27,171,39,325,-168,120
-51,137,26,171,39,325,-168,119
-51,137,27,171,39,325,-168,119
-50,137,28,169,39,325,-164,122
-50,136,29,168,39,325,-162,120
-50,135,29,168,39,325,-164,119
-49,134,28,169,39,325,-163,117
-49,134,27,170,39,325,-163,117
-48,134,27,171,39,325,-166,117
-49,134,28,170,39,325,-163,117
-50,133,28,169,40,325,-164,118
-51,131,28,169,40,325,-166,113
-51,129,27,170,41,325,-166,111
-51,127,26,171,41,325,-168,109
-51,127,26,171,40,325,-168,109
-51,127,27,171,40,325,-168,109
-50,127,27,170,40,325,-164,109
-51,127,27,170,40,325,-166,109
-52,127,28,170,40,325,-167,109
-54,125,28,169,40,325,-168,111
-55,124,29,168,39,325,-169,108
-54,122,29,168,40,325,-168,107
-53,121,28,169,42,325,-167,103
-53,120,28,170,42,325,-167,103
-54,120,28,170,41,325,-168,102
-56,119,29,169,39,325,-170,104
-57,119,29,168,38,325,-169,103
-57,118,29,167,38,325,-169,103
-57,118,28,166,40,325,-169,103
-57,118,28,167,43,325,-169,103
-57,119,29,168,43,325,-169,103
-57,119,30,168,43,325,-172,103
-57,118,30,168,40,325,-169,103
-58,117,29,168,39,325,-170,102
-59,117,29,168,38,325,-170,102
-59,119,29,168,39,325,-170,103
-59,121,29,168,40,325,-172,106
-60,122,29,168,42,325,-172,107
-60,123,29,168,43,325,-172,108
-58,123,29,168,44,325,-170,108
-56,124,29,168,44,325,-168,109
-56,126,29,168,43,325,-168,111
-57,128,29,168,42,325,-169,113
-58,129,29,168,40,325,-169,114
-58,130,29,168,40,325,-169,114
-56,130,29,168,42,325,-168,114
-54,130,29,168,44,325,-167,115
-54,131,30,168,45,325,-166,117
-54,133,30,168,44,325,-168,118
-53,135,29,168,42,325,-166,119
-52,137,29,168,40,325,-164,123
-52,140,30,168,40,325,-164,124
-53,141,31,169,42,326,-167,126
-54,142,32,170,44,327,-168,128
-54,143,32,172,44,326,-168,128
-53,143,32,173,44,325,-169,128
-51,144,31,174,43,324,-168,129
-49,144,30,174,43,325,-166,129
-47,145,31,173,44,326,-164,130
-46,146,32,172,44,328,-161,131
-45,147,33,172,44,329,-159,131
-45,147,32,172,44,328,-159,131
-45,147,31,173,44,328,-162,131
-45,147,30,174,44,328,-162,131
-45,147,31,174,44,329,-162,131
-45,147,32,173,44,330,-162,133
-45,148,33,172,44,330,-159,133
-45,147,33,171,44,329,-159,131
-46,145,32,171,44,329,-161,130
-46,142,29,172,44,329,-163,128
-46,141,27,173,44,329,-163,123
-47,140,27,173,44,329,-164,123
-48,139,27,173,44,329,-166,122
-49,137,28,171,44,329,-166,120
-50,136,30,170,44,329,-164,120
-50,135,31,169,44,329,-164,119
-50,135,30,170,44,329,-164,120
-50,135,29,170,44,329,-164,120
-49,134,29,171,44,329,-163,119
-49,134,29,171,44,329,-163,119
-49,133,29,171,44,329,-163,118
-49,133,29,172,44,329,-166,115
-49,134,28,173,44,329,-166,117
-50,135,29,174,44,329,-167,118
-50,137,29,175,44,329,-167,119
-51,138,30,175,44,329,-168,120
-52,138,30,175,44,329,-169,120
-51,138,30,175,44,329,-168,120
-51,138,30,175,44,329,-168,120
-51,138,30,175,44,329,-168,120
-50,139,30,175,44,329,-167,122
-50,139,30,175,44,329,-167,124
-50,138,30,175,44,329,-167,120
-51,138,28,176,44,329,-170,120
-52,139,26,177,44,329,-172,122
-53,141,25,177,44,329,-175,122
-54,142,26,177,44,330,-173,123
-54,143,27,177,45,329,-173,125
-54,143,27,177,46,329,-173,125
-54,142,27,176,45,329,-173,125
-54,142,25,175,44,330,-173,123
-54,142,25,175,44,331,-173,123
-53,142,23,175,44,332,-173,123
-54,142,23,175,44,331,-173,123
-54,142,23,175,44,330,-173,123
-54,142,23,175,44,329,-173,123
-54,143,23,175,44,329,-173,123
-53,142,23,175,44,330,-173,123
-53,141,24,174,44,330,-173,122
-54,140,25,173,44,329,-173,120
-55,138,25,173,44,329,-174,118
-56,137,24,173,44,330,-175,117
-56,136,25,173,45,331,-175,115
-56,136,25,173,46,333,-173,118
-55,136,26,172,46,333,-172,118
-55,136,27,172,46,332,-172,118
-55,136,28,173,46,331,-172,118
-55,136,27,173,46,331,-172,118
-55,136,26,172,46,332,-172,118
-56,136,26,172,46,332,-173,118
-56,135,26,171,46,333,-173,118
-55,136,26,171,46,333,-172,118
-54,136,26,172,46,332,-170,119
-53,137,26,172,46,331,-169,120
-51,138,26,171,45,331,-168,120
-51,138,26,171,44,332,-168,120
-51,138,26,171,44,334,-168,120
-51,138,27,172,44,335,-168,120
-52,139,27,172,45,335,-169,122
-53,141,27,172,46,334,-169,124
-52,143,27,172,46,334,-169,125
-50,144,28,173,46,334,-168,126
-49,144,29,174,46,334,-167,126
-49,145,29,174,47,334,-166,128
-50,146,29,174,48,334,-167,129
-51,148,28,174,49,334,-168,130
-52,149,28,174,48,334,-169,131
-52,149,30,174,47,334,-169,131
-52,149,30,175,46,334,-169,134
-51,149,30,175,46,334,-168,131
-51,149,28,176,48,334,-170,131
-51,148,28,177,49,334,-170,130
-51,145,27,177,49,334,-170,128
-52,143,27,177,49,334,-172,125
-53,142,27,177,49,334,-175,124
-53,141,27,178,49,335,-175,123
-52,140,28,178,49,336,-172,122
-53,137,28,177,50,336,-172,120
-54,135,26,177,49,335,-173,118
-53,133,24,176,49,334,-173,113
-53,130,23,176,49,336,-172,111
-53,128,23,175,49,338,-173,108
-54,126,24,174,49,339,-173,106
-55,125,25,173,49,338,-174,104
-55,123,24,174,49,336,-174,103
-55,121,23,175,49,336,-174,101
-56,119,23,175,49,337,-175,100
-57,118,24,174,49,339,-175,98
-57,117,25,173,49,339,-173,100
-57,115,26,172,49,339,-174,97
-58,113,26,171,49,339,-174,95
-59,112,25,170,49,339,-175,93
-60,111,25,170,49,339,-177,93
-59,111,25,171,49,339,-175,93
-59,112,26,171,49,339,-175,93
-60,113,25,170,49,339,-177,96
-61,115,24,169,49,339,-175,95
-62,116,23,168,49,339,-175,96
-61,116,23,169,49,339,-175,96
-62,116,24,169,49,339,-175,98
-62,118,24,169,49,339,-179,100
-63,119,25,170,49,339,-179,101
-63,119,25,170,49,339,-180,101
-63,119,25,170,49,339,-179,101
-62,119,24,169,49,339,-179,102
-62,121,25,169,49,339,-177,103
-61,122,25,170,49,339,-178,104
-61,122,25,170,49,339,-178,104
-59,122,24,169,50,339,-177,103
-58,121,24,169,50,340,-173,101
-58,120,25,170,50,341,-174,102
-58,119,26,171,50,341,-174,102
-57,118,27,172,50,342,-174,101
-57,118,26,172,50,342,-174,101
-57,118,26,171,51,342,-174,101
-57,118,26,171,52,342,-174,101
-57,119,26,171,51,342,-174,101
-57,118,26,171,50,343,-173,101
-57,118,26,171,50,343,-174,101
-59,118,26,171,50,344,-175,100
-61,117,26,172,50,344,-177,100
-61,116,27,172,50,344,-178,98
-61,115,26,171,50,344,-178,97
-60,113,25,170,51,344,-177,95
-59,112,24,169,52,344,-173,95
-59,111,23,168,51,344,-173,91
-59,112,22,168,50,344,-173,91
-60,112,23,168,49,344,-174,92
-59,112,23,168,50,344,-173,92
-59,112,23,168,52,344,-173,91
-59,112,23,168,53,343,-173,91
-59,112,23,168,53,343,-173,91
-59,112,23,168,51,344,-173,91
-60,112,23,168,50,344,-174,92
-59,112,24,169,50,344,-173,95
-59,112,24,169,51,344,-173,91
-59,111,24,169,52,344,-173,91
-60,112,24,169,51,343,-174,92
-61,113,24,170,50,343,-177,92
-61,115,24,170,50,344,-178,97
-60,116,25,169,50,345,-174,98
-58,118,25,169,50,346,-173,100
-57,119,25,171,50,345,-174,101
-58,120,25,172,50,344,-174,100
-58,121,24,174,50,344,-178,101
-59,121,23,175,50,345,-178,101
-59,121,22,175,50,347,-178,101
-59,121,23,175,50,347,-178,101
-59,122,23,175,50,347,-178,102
-58,123,23,175,50,347,-178,103
-57,124,23,175,50,348,-177,103
-57,124,22,175,50,349,-175,103
-56,124,23,175,50,349,-175,104
-56,124,24,173,51,349,-175,104
-56,125,25,173,52,349,-173,107
-56,124,25,173,51,349,-173,107
-58,123,24,173,50,349,-178,103
-60,122,23,175,50,349,-179,102
-60,123,22,176,50,349,-181,102
-59,122,23,175,50,349,-178,102
-59,122,24,173,50,349,-178,101
-59,119,25,172,51,349,-175,101
-60,116,26,172,52,349,-177,98
-61,116,25,172,53,348,-178,98
-62,116,25,173,54,348,-178,96
-62,116,25,173,54,348,-179,96
-63,115,26,172,54,348,-179,97
-63,114,26,171,53,348,-179,96
-62,112,26,171,54,348,-179,93
-63,110,26,171,55,348,-179,92
-63,109,26,172,55,348,-180,91
-63,109,26,172,54,348,-180,91
-64,110,27,172,53,348,-180,92
-64,109,26,171,53,349,-180,91
-64,108,25,170,54,348,-180,90
-65,104,24,169,55,348,-179,86
-66,103,23,168,55,348,-179,83
-66,102,22,168,55,349,-179,81
-66,103,23,168,55,350,-179,83
-66,103,23,168,55,350,-179,83
-66,103,23,168,55,350,-179,83
-66,103,23,168,55,349,-179,83
-66,103,23,168,55,349,-179,83
-66,103,23,168,55,350,-179,83
-65,103,22,169,55,351,-179,83
-65,102,22,169,55,351,-181,83
-66,103,21,169,55,351,-181,83
-66,104,21,169,55,350,-183,84
-66,106,22,169,55,350,-183,86
-65,108,23,171,55,350,-181,87
-64,110,23,173,55,352,-183,90
-63,111,23,174,55,353,-181,91
-62,114,22,174,55,354,-180,93
-60,116,23,173,55,354,-179,96
-59,119,24,171,55,353,-175,100
-59,121,25,172,55,353,-175,103
-59,122,26,173,55,354,-177,104
-59,123,25,173,55,354,-175,106
-57,125,25,173,55,353,-174,108
-55,128,26,172,55,352,-172,111
-54,131,26,172,55,352,-170,113
-54,133,26,173,55,352,-170,115
-55,135,25,173,55,353,-172,114
-55,135,25,172,55,352,-172,115
-56,136,26,172,55,350,-173,118
-56,136,27,172,55,350,-173,119
-56,137,29,174,55,351,-173,119
-56,137,30,175,55,353,-173,120
-56,137,30,175,55,354,-175,119
-56,136,30,175,55,354,-173,118
-55,135,30,174,55,354,-173,120
-55,136,30,175,55,353,-172,118
-55,137,29,177,55,352,-174,119
-56,136,27,177,55,352,-175,118
-56,133,26,177,55,352,-175,115
-57,131,26,174,55,353,-177,113
-57,130,26,171,55,352,-174,112
-58,129,26,171,55,352,-174,112
-57,129,25,172,55,351,-174,112
-58,127,25,173,55,351,-174,109
-59,124,26,173,55,351,-175,106
-60,120,26,172,55,352,-177,102
-61,118,25,171,55,353,-178,97
-62,117,22,170,55,354,-179,97
-62,116,22,169,55,354,-179,96
-62,114,22,168,55,353,-177,93
-62,111,23,168,55,352,-177,91
-63,109,23,168,55,351,-178,89
-65,108,22,169,55,352,-181,89
-67,108,21,169,55,353,-183,87
-68,107,21,169,55,354,-184,87
-68,106,22,169,55,354,-181,85
-66,104,23,168,55,353,-180,84
-65,103,23,168,55,353,-179,83
-65,102,22,168,55,353,-179,83
-65,103,23,168,55,353,-179,83
-66,103,24,169,55,354,-179,83
-66,103,24,170,55,354,-183,83
-65,103,23,170,55,353,-181,83
-64,103,21,170,55,352,-180,83
-63,104,21,170,55,351,-179,84
-62,106,22,171,55,352,-179,86
-63,108,24,171,55,353,-179,89
-63,109,25,171,55,354,-180,91
-64,109,24,170,55,354,-180,89
-64,110,22,169,55,353,-180,90
-64,110,21,169,55,353,-180,90
-65,111,20,170,55,353,-181,91
-65,112,20,172,55,353,-184,91
-65,113,21,173,55,353,-184,90
-64,114,21,173,55,353,-183,93
-63,115,21,172,55,353,-183,95
-63,115,21,170,55,353,-180,95
-64,115,21,169,55,353,-180,95
-64,113,21,170,55,353,-180,92
-63,111,20,171,55,353,-179,89
-61,111,20,172,55,353,-180,89
-60,111,20,171,55,353,-179,89
-59,111,20,170,55,353,-175,91
-60,110,21,169,55,353,-177,90
-61,108,22,169,55,353,-178,89
-62,107,22,168,55,353,-177,86
-62,106,22,168,55,353,-177,85
-61,105,22,169,56,353,-178,85
-61,105,21,169,57,353,-178,85
-61,105,21,169,58,353,-178,85
-61,105,21,169,57,353,-178,85
-61,105,21,169,56,353,-178,85
-61,105,21,170,55,353,-178,85
-61,105,20,171,55,353,-180,83
-61,105,19,172,55,353,-180,83
-61,105,20,172,57,353,-180,83
-61,105,20,171,58,353,-178,83
-61,105,21,170,58,353,-177,85
-61,105,21,170,57,353,-178,85
-62,106,22,171,56,353,-179,86
-63,108,24,172,55,353,-179,87
-62,110,25,173,56,353,-179,92
-61,112,26,172,58,353,-178,93
-60,113,27,172,60,353,-177,96
-61,115,27,172,61,353,-177,97
-61,115,26,173,60,353,-178,97
-62,116,26,174,60,354,-180,98
-61,118,27,174,60,354,-180,100
-60,119,28,174,60,354,-177,101
-59,121,28,173,60,354,-175,103
-58,122,28,173,59,355,-175,104
-58,122,28,173,58,356,-175,104
-57,124,28,174,59,357,-174,107
-56,126,28,175,60,358,-175,108
-55,129,27,177,61,358,-174,111
-54,131,25,177,61,358,-177,111
-54,132,25,178,60,358,-175,112
-53,132,26,178,60,358,-175,112
-53,131,26,178,60,358,-174,112
-53,131,26,178,61,358,-174,111
-53,131,25,177,60,358,-175,112
-54,133,25,177,60,358,-177,112
-55,135,26,178,60,358,-177,114
-54,136,27,179,60,358,-175,118
-53,138,27,179,60,358,-174,120
-51,138,26,178,60,358,-173,118
-51,138,25,177,60,358,-173,118
-51,138,25,177,60,357,-173,118
-51,138,25,177,60,358,-173,118
-51,138,25,177,60,359,-173,118
-51,138,25,177,61,361,-173,118
-51,138,25,177,61,363,-173,118
-51,138,25,177,61,363,-173,118
-51,138,25,177,61,362,-173,118
-51,138,24,176,61,361,-170,118
-51,138,24,176,61,361,-170,118
-52,137,24,176,61,361,-172,118
-54,136,25,177,61,362,-175,115
-55,136,25,177,61,363,-177,115
-56,136,26,178,61,363,-178,115
-56,137,25,177,61,363,-178,117
-56,137,25,177,61,363,-178,117
-56,137,24,176,61,363,-175,117
-56,137,24,176,61,363,-175,117
-56,137,24,176,61,363,-175,117
-56,137,24,176,61,363,-175,117
-57,137,24,176,61,363,-175,117
-57,137,23,175,61,363,-175,117
-56,137,23,175,61,363,-175,117
-56,137,23,175,61,363,-175,117
-56,137,23,175,61,363,-175,117
-56,137,23,175,61,363,-175,117
-56,137,23,175,61,362,-175,117
-56,137,23,175,61,363,-175,117
-56,138,23,175,61,365,-175,118
-56,139,23,175,61,366,-175,119
-56,140,23,175,61,367,-175,120
-55,142,23,175,61,367,-175,122
-54,142,24,176,61,366,-174,122
-54,142,25,177,61,366,-175,123
-53,142,25,177,61,367,-175,123
-53,142,25,177,61,368,-175,123
-54,142,25,177,61,368,-175,122
-54,142,25,177,61,368,-175,123
-54,142,25,177,61,368,-175,123
-53,142,25,177,61,368,-175,123
-54,143,25,177,61,368,-175,123
-54,142,25,177,61,368,-175,122
-54,142,26,178,61,368,-175,122
-53,141,27,179,61,368,-175,123
-53,141,27,179,61,368,-174,123
-53,141,26,178,61,368,-175,122
-54,142,25,177,61,368,-175,122
-54,140,24,176,61,368,-174,120
-54,139,24,176,61,368,-173,119
-52,138,25,177,61,367,-174,118
-51,137,26,178,61,367,-173,118
-52,137,25,177,61,368,-174,118
-54,137,25,176,61,370,-173,117
-55,136,24,176,61,371,-174,115
-56,135,24,176,61,371,-175,115
-56,136,24,176,61,369,-175,115
-55,136,23,175,61,368,-174,115
-55,136,23,175,61,368,-174,115
-55,136,23,175,61,371,-174,115
-56,136,23,175,61,372,-175,115
-55,136,23,175,61,373,-174,115
-55,136,23,175,61,373,-174,115
-55,135,23,175,61,372,-174,115
-56,136,23,175,62,372,-175,115
-57,137,23,175,63,372,-175,117
-57,139,23,175,63,372,-177,119
-56,141,23,175,63,372,-175,120
-55,142,23,175,62,372,-175,122
-54,142,23,175,61,372,-174,123
-53,142,23,175,61,373,-173,123
-52,143,23,175,61,373,-172,123
-51,144,23,175,61,372,-170,124
-50,146,23,175,61,372,-169,126
-50,148,23,175,61,373,-169,128
-51,148,23,175,61,374,-170,128
-51,147,23,175,61,375,-170,128
-51,148,23,175,61,376,-170,128
-50,149,25,176,62,376,-169,129
-49,151,25,177,63,376,-170,130
-47,151,25,177,64,376,-169,131
-46,151,25,176,63,378,-166,131
-47,151,24,176,62,378,-167,131
-49,151,25,177,61,377,-170,130
-50,150,26,178,61,377,-173,130
-52,149,27,179,61,377,-174,131
-51,147,27,179,61,377,-173,130
-50,146,27,178,62,377,-172,126
-49,145,26,178,63,377,-170,125
-49,144,25,177,63,377,-172,124
-50,144,25,176,63,377,-170,124
-51,142,24,176,64,377,-170,122
-52,140,24,176,65,377,-170,120
-52,138,24,176,66,377,-172,118
-53,137,25,176,67,377,-172,117
-53,135,24,176,67,377,-173,115
-54,133,24,176,66,379,-173,113
-54,131,23,175,67,380,-173,112
-55,130,23,175,67,382,-174,111
-56,130,23,175,67,382,-175,111
-57,130,23,175,67,382,-177,109
-57,128,23,175,67,382,-177,107
-57,125,23,175,67,382,-177,104
-58,123,23,175,67,382,-178,103
-59,122,23,175,67,382,-178,102
-60,122,23,175,66,382,-179,102
-60,122,23,175,65,382,-179,102
-60,121,23,175,65,382,-179,101
-61,118,23,175,65,382,-179,98
-61,116,23,175,66,382,-180,96
-63,115,23,175,66,382,-183,95
-65,114,23,175,65,382,-184,93
-66,114,23,175,65,382,-185,93
-66,114,23,175,65,382,-185,93
-66,113,24,174,65,382,-185,93
-66,114,24,173,66,382,-185,93
-66,114,24,174,67,383,-185,93
-66,113,23,175,67,383,-185,93
-66,113,23,175,66,383,-185,93
-66,114,23,175,65,383,-185,93
-66,114,23,175,64,384,-185,93
-66,113,23,175,65,385,-185,93
-67,113,23,175,66,386,-186,92
-68,113,23,175,67,387,-186,92
-67,113,23,175,67,387,-186,92
-67,114,23,175,67,387,-185,93
-66,114,23,175,67,387,-185,93
-65,112,23,175,67,387,-184,92
-64,111,22,174,67,387,-183,90
-64,109,21,173,67,387,-183,89
-64,109,20,172,67,387,-183,86
-63,109,19,171,67,387,-183,86
-64,110,19,172,67,387,-183,87
-64,110,20,172,67,387,-183,87
-63,109,20,172,67,387,-183,86
-63,108,19,172,67,387,-181,85
-62,106,19,172,67,387,-180,84
-61,105,20,172,67,387,-180,83
-61,104,20,172,67,387,-180,81
-61,105,19,171,67,387,-180,83
-61,105,18,171,67,387,-180,83
-61,105,18,170,67,387,-179,83
-61,105,18,171,67,387,-180,83
-63,104,19,171,67,387,-181,81
-65,104,20,172,67,387,-183,81
-65,103,20,172,67,387,-184,80
-66,102,19,172,66,387,-184,79
-66,103,19,172,65,387,-184,80
-67,104,19,172,66,387,-185,81
-67,106,19,172,67,387,-185,83
-67,107,19,172,67,387,-185,85
-66,108,19,172,67,387,-185,86
-66,110,19,172,67,387,-185,87
-66,112,20,171,67,387,-185,90
-66,113,20,171,67,387,-183,93
-66,114,21,170,67,387,-183,93
-66,114,21,171,67,387,-183,93
-67,115,20,171,67,387,-186,92
-68,117,19,172,67,387,-186,95
-67,119,19,172,67,387,-185,96
-65,120,21,173,67,387,-184,100
-65,120,23,173,67,387,-184,100
-64,122,24,173,67,387,-183,101
-64,124,25,173,67,387,-183,103
-63,126,25,173,67,386,-183,106
-63,128,24,173,67,387,-181,108
-64,130,25,173,67,388,-183,109
-64,131,25,173,67,390,-183,111
-64,133,24,173,67,392,-183,113
-63,136,24,174,67,392,-183,115
-62,137,23,175,67,392,-181,117
-62,138,24,176,67,392,-184,118
-61,138,25,177,67,392,-183,118
-59,139,25,177,67,392,-180,119
-58,140,25,177,67,392,-180,119
-58,142,25,177,67,392,-180,122
-58,144,25,176,67,392,-178,124
-57,145,25,176,67,392,-177,125
-55,145,24,176,67,392,-174,125
-54,144,24,176,67,392,-174,124
-54,143,24,176,67,392,-174,123
-54,142,24,176,67,392,-174,123
-53,142,24,176,67,392,-173,123
-52,143,24,176,67,392,-172,123
-52,143,24,176,67,392,-172,123
-52,143,24,176,67,392,-172,123
-53,143,25,177,67,392,-175,123
-54,142,25,177,67,392,-175,123
-54,142,25,177,67,392,-175,122
-54,142,24,176,67,392,-173,123
-53,142,23,175,67,392,-173,123
-53,142,23,175,67,392,-173,123
-54,142,23,175,67,392,-173,123
-55,142,23,175,67,392,-174,122
-57,141,24,176,67,392,-177,120
-57,140,25,176,68,392,-177,119
-57,138,24,176,68,392,-177,118
-57,139,23,175,67,392,-177,118
-57,139,23,175,67,392,-177,119
-57,140,23,175,67,392,-177,119
-57,139,23,175,68,392,-177,119
-57,137,23,175,69,392,-175,117
-56,136,23,175,69,391,-175,117
-56,137,23,175,69,392,-175,117
-56,137,23,175,68,392,-175,117
-56,137,23,175,67,392,-175,118
-56,138,23,175,67,392,-175,118
-57,139,23,175,68,392,-177,118
-58,140,23,175,68,392,-177,119
-58,140,23,175,70,391,-178,120
-57,140,23,175,71,391,-177,120
-56,140,23,175,71,391,-175,120
-55,139,23,175,70,391,-174,119
-55,138,24,176,69,392,-174,118
-56,137,25,177,68,392,-178,117
-56,137,26,178,68,392,-178,117
-56,137,27,179,69,391,-178,119
-57,137,27,178,69,392,-178,117
-57,137,26,178,68,392,-178,117
-56,138,26,178,67,392,-178,118
-56,137,26,178,68,392,-178,117
-56,136,26,179,71,391,-178,115
-56,133,26,178,72,391,-178,113
-57,131,27,177,72,391,-177,113
-57,130,29,176,71,391,-177,112
-58,129,30,175,70,392,-177,111
-58,127,30,174,71,391,-175,112
-59,125,29,174,72,391,-175,107
-60,123,27,173,72,391,-177,104
-60,122,26,172,72,392,-177,104
-60,122,26,171,72,393,-177,104
-60,122,26,171,72,393,-177,104
-61,122,26,172,72,393,-178,104
-61,122,26,172,71,393,-178,103
-61,120,26,171,70,393,-178,102
-61,118,26,171,71,393,-178,100
-61,116,26,171,72,392,-178,98
-61,115,26,171,72,391,-178,97
-62,116,26,171,72,391,-178,98
-61,116,26,171,72,391,-178,98
-61,116,26,171,72,392,-178,98
-61,116,26,171,72,392,-178,98
-62,116,26,171,72,391,-178,98
-61,116,26,171,72,391,-178,98
-61,116,26,172,72,391,-178,98
-61,116,26,172,72,392,-178,98
-61,116,26,171,72,393,-178,98
-62,116,26,171,72,394,-178,98
-62,116,26,172,72,394,-178,98
-62,116,25,173,72,393,-178,96
-61,116,24,174,72,393,-180,96
-61,116,24,173,72,393,-180,96
-62,116,25,173,72,393,-178,96
-63,115,25,173,72,393,-180,95
-65,114,24,174,72,392,-184,93
-65,112,23,175,72,391,-184,92
-65,111,24,174,72,391,-184,90
-64,109,25,173,72,391,-180,89
-65,108,25,173,72,392,-181,91
-66,108,25,173,72,391,-183,90
-68,108,25,173,72,391,-184,90
-68,107,26,172,72,391,-185,89
-69,105,26,171,72,391,-185,87
-69,103,25,170,72,391,-185,85
-70,101,24,169,72,391,-184,83
-69,99,23,168,72,391,-183,79
-68,97,22,168,72,391,-183,76
-69,96,23,168,72,391,-183,75
-71,94,23,168,72,391,-184,74
-71,93,23,168,72,391,-185,73
-71,92,23,168,73,391,-185,72
-71,91,23,168,74,391,-184,72
-70,90,23,168,74,391,-184,70
-71,89,23,168,73,391,-184,69
-71,89,23,168,73,391,-185,68
-72,88,23,168,74,391,-186,68
-73,88,23,168,74,391,-186,68
-73,87,23,168,73,391,-186,67
-74,87,23,168,72,391,-187,67
-75,89,23,168,72,391,-189,68
-76,90,23,168,73,391,-190,70
-76,91,23,168,74,391,-190,72
-75,92,23,168,74,391,-189,72
-73,93,23,168,72,391,-187,73
-72,95,23,168,72,391,-186,75
-73,97,23,168,72,391,-187,76
-74,98,23,168,74,391,-187,78
-74,99,23,168,76,391,-187,79
-74,100,23,168,76,391,-187,80
-73,103,23,168,74,391,-186,83
-72,105,23,168,72,391,-186,85
-72,106,23,168,72,391,-186,86
-72,108,23,168,72,391,-186,87
-71,109,23,168,72,392,-185,89
-70,110,23,168,73,393,-184,90
-68,112,22,168,73,393,-183,91
-67,113,23,168,74,394,-181,93
-67,115,24,170,75,395,-184,95
-68,117,24,171,74,396,-184,97
-68,118,24,172,74,396,-185,97
-68,119,24,171,74,397,-184,98
-67,119,25,171,73,396,-184,101
-67,119,25,172,72,396,-183,101
-67,119,25,173,72,396,-184,101
-67,119,24,172,72,396,-183,98
-65,119,23,169,74,396,-181,98
-64,120,23,168,76,396,-178,100
-63,121,23,168,78,396,-178,101
-64,120,22,169,76,396,-178,100
-65,118,22,169,74,396,-181,97
-65,116,22,169,72,396,-181,96
-66,114,21,169,74,396,-183,93
-65,113,22,169,76,396,-181,93
-65,112,22,169,78,396,-181,92
-65,110,21,169,76,396,-181,90
-67,108,21,169,74,396,-183,87
-68,107,21,169,72,396,-184,86
-68,107,21,169,72,396,-184,86
-67,106,22,169,72,396,-184,86
-66,104,22,169,73,396,-180,84
-67,102,23,168,72,396,-180,81
-68,101,23,168,72,396,-183,80
-70,101,23,168,73,396,-184,80
-71,101,22,168,74,396,-184,80
-70,100,22,168,74,396,-184,80
-69,99,23,168,74,396,-183,79
-69,99,23,168,73,396,-183,79
-69,99,23,168,74,396,-183,79
-70,100,23,168,75,396,-184,80
-70,100,23,168,76,396,-184,80
-70,101,23,168,76,396,-184,80
-69,102,23,168,75,396,-183,83
-68,104,23,168,73,396,-183,84
-68,107,23,168,73,396,-183,87
-68,109,23,168,73,396,-181,89
-66,112,23,168,74,396,-180,91
-65,114,23,168,75,396,-179,93
-64,117,23,168,76,396,-178,96
-63,119,23,168,77,396,-178,98
-63,120,22,168,78,396,-178,100
-64,122,23,168,77,396,-178,102
-63,125,24,169,76,396,-177,104
-62,127,25,170,74,397,-179,109
-62,129,25,170,74,400,-179,111
-63,130,25,170,75,401,-180,112
-65,131,25,170,75,401,-181,113
-65,133,26,171,77,401,-181,114
-64,135,26,172,78,401,-181,117
-63,137,26,172,78,401,-180,119
-62,138,26,171,78,401,-179,120
-62,138,26,171,77,401,-179,120
-61,138,26,171,76,401,-179,120
-61,139,26,171,76,401,-178,120
-61,139,26,171,76,401,-178,120
-60,137,26,171,77,401,-177,119
-60,135,26,171,78,401,-177,117
-59,133,26,171,78,401,-175,115
-57,133,26,171,78,401,-174,115
-56,133,26,171,78,401,-173,115
-55,134,26,171,78,401,-172,117
-55,134,26,172,78,401,-172,117
-55,135,26,172,78,401,-172,117
-55,135,26,171,78,401,-172,118
-55,136,26,171,78,403,-172,118
-54,137,26,172,78,404,-172,119
-53,137,28,173,78,405,-169,119
-51,138,28,173,78,405,-168,120
-50,140,29,174,78,404,-168,123
-50,143,29,173,78,404,-167,125
-49,144,29,174,78,405,-167,126
-48,146,30,174,78,406,-164,128
-47,147,30,175,78,406,-164,130
-46,150,30,175,78,406,-163,133
-46,153,30,175,78,405,-163,136
-46,156,30,175,78,406,-163,139
-45,158,30,175,78,406,-163,140
-45,158,30,175,78,407,-162,141
-45,158,30,175,78,408,-162,140
-45,158,30,175,78,409,-162,140
-45,158,30,175,78,410,-163,140
-46,157,30,175,78,410,-164,140
-48,156,30,175,78,411,-166,139
-49,156,30,175,78,411,-167,139
-49,155,30,175,78,411,-167,140
-49,152,30,175,78,411,-167,135
-51,148,29,173,78,411,-168,130
-53,142,27,172,78,411,-170,125
-54,136,26,172,78,411,-170,119
-55,131,26,171,78,411,-172,113
-56,126,26,171,78,411,-173,108
-58,121,25,170,78,411,-175,103
-60,116,24,169,78,411,-174,98
-61,111,23,168,78,411,-175,91
-62,106,23,168,78,411,-177,86
-65,102,23,168,78,411,-179,81
-66,97,22,167,79,411,-180,76
-67,91,21,166,79,411,-180,72
-66,86,19,165,79,411,-180,65
-67,82,19,164,78,411,-180,62
-68,77,19,165,78,411,-181,57
-70,72,20,165,79,411,-183,52
-71,69,19,165,80,410,-184,50
-71,67,18,164,81,410,-184,47
-71,66,17,162,81,410,-181,43
-73,64,16,162,80,410,-184,41
-74,63,15,161,80,410,-185,41
-76,63,15,161,80,410,-186,40
-77,63,16,162,82,410,-187,40
-78,63,16,162,82,411,-189,40
-78,63,15,162,80,411,-189,41
-78,65,15,163,79,411,-191,42
-78,66,14,163,78,409,-191,43
-77,69,14,162,78,407,-190,46
-76,71,15,162,78,407,-187,48
-76,74,15,162,78,409,-189,51
-76,76,15,164,79,411,-189,53
-75,80,16,166,78,411,-191,57
-75,83,16,168,78,411,-191,59
-75,85,16,169,78,410,-191,63
-74,87,16,169,78,409,-190,64
-73,89,16,169,78,409,-189,67
-72,92,17,167,78,409,-189,69
-71,96,18,166,78,410,-185,73
-70,99,19,165,78,411,-184,79
-70,100,18,166,78,411,-184,78
-70,101,18,166,78,411,-184,78
-69,102,18,166,78,411,-183,80
-67,105,19,165,78,411,-181,85
-65,108,20,166,78,411,-179,89
-65,111,22,167,78,411,-179,91
-65,113,22,168,78,411,-179,92
-65,114,23,169,79,411,-179,93
-63,115,23,168,79,411,-178,95
-62,116,23,168,78,411,-175,96
-61,116,22,168,78,411,-175,96
-62,117,21,169,78,411,-179,97
-63,119,20,171,79,411,-180,98
-63,121,20,171,80,410,-179,101
-61,122,21,169,80,410,-178,102
-60,122,22,168,79,411,-174,102
-59,123,23,168,79,411,-173,103
-59,122,23,168,79,411,-173,102
-60,122,22,168,80,410,-174,102
-60,122,22,168,80,410,-174,102
-60,122,23,168,80,410,-174,102
-59,122,23,168,78,411,-173,102
-60,122,23,168,78,411,-174,102
-60,122,23,168,80,410,-174,102
-60,122,23,168,82,410,-174,102
-60,122,23,168,82,410,-174,102
-60,122,23,168,81,410,-174,102
-60,122,23,168,80,410,-174,102
-60,122,23,168,79,411,-174,102
-60,122,23,168,79,411,-174,102
-60,122,23,168,80,410,-174,102
-59,122,23,168,82,410,-173,102
-59,122,23,168,83,410,-173,102
-59,122,23,168,84,410,-173,102
-60,122,22,168,83,410,-174,102
-60,122,23,168,83,410,-174,102
-60,123,24,169,83,410,-174,106
-58,123,25,170,83,410,-175,106
-56,124,26,171,83,411,-173,106
-55,125,27,172,83,410,-172,107
-56,126,26,172,82,410,-173,108
-57,128,26,171,82,410,-174,111
-57,130,26,171,82,411,-173,112
-55,131,26,171,82,412,-172,113
-54,131,26,171,81,413,-170,113
-53,132,26,171,81,414,-169,114
-52,133,26,172,81,414,-169,115
-52,136,26,172,80,414,-169,118
-51,138,26,171,80,415,-168,120
-51,139,26,171,81,415,-168,122
-51,140,26,171,82,414,-168,123
-51,141,26,172,81,413,-168,124
-51,144,27,172,80,414,-168,126
-51,146,28,173,79,415,-168,128
-51,148,29,173,80,415,-168,130
-52,149,29,174,82,415,-169,131
-52,149,30,174,83,415,-169,131
-50,149,29,173,83,415,-167,131
-48,150,28,173,82,415,-166,133
-47,151,27,172,82,415,-164,134
-47,153,27,172,82,415,-164,135
-49,154,27,172,82,415,-166,136
-50,156,26,172,83,415,-167,139
-50,156,26,172,83,415,-167,139
-50,156,27,172,84,416,-167,139
-49,154,28,173,84,417,-166,136
-48,152,27,172,84,417,-166,135
-47,151,27,172,83,416,-164,134
-47,151,26,171,83,415,-164,134
-47,151,26,171,84,416,-164,134
-47,151,26,171,83,419,-164,134
-49,151,26,172,84,420,-166,134
-50,149,26,172,84,420,-167,131
-50,148,26,171,83,419,-168,130
-50,146,26,171,83,418,-167,129
-50,145,26,171,83,419,-167,128
-50,144,26,171,84,420,-167,126
-51,141,26,171,84,420,-168,124
-52,140,26,171,84,420,-169,122
-51,138,26,171,84,420,-168,120
-51,138,26,172,84,420,-168,120
-52,137,26,172,84,420,-169,120
-54,137,26,171,84,420,-170,119
-55,136,27,170,84,420,-169,118
-56,136,28,170,84,420,-170,118
-56,136,27,170,84,420,-170,118
-55,136,26,171,84,420,-172,118
-55,135,26,172,84,420,-172,118
-56,136,26,172,84,420,-173,118
-57,137,27,172,84,420,-173,120
-57,139,26,171,84,420,-174,122
-57,139,25,170,84,420,-174,122
-56,137,24,169,84,420,-170,117
-57,135,24,169,84,420,-170,115
-58,135,24,169,84,420,-172,115
-60,137,25,170,84,420,-177,119
-61,139,25,170,84,420,-178,122
-61,139,25,170,84,420,-178,122
-59,138,24,169,84,420,-175,120
-58,136,24,169,84,420,-172,117
-58,134,24,169,84,420,-173,117
-60,133,24,169,84,420,-174,113
-60,133,23,168,84,420,-174,113
-60,134,23,168,84,420,-174,114
-59,133,23,168,84,420,-174,113
-59,132,23,168,84,420,-173,112
-60,130,23,168,84,420,-174,109
-61,128,23,168,84,420,-175,108
-61,126,23,168,84,420,-175,106
-61,126,23,168,84,420,-175,106
-60,124,23,168,84,420,-174,103
-60,121,23,168,84,420,-174,101
-60,118,22,168,84,420,-174,98
-62,116,22,167,84,420,-175,96
-63,115,22,166,84,420,-178,95
-65,114,23,166,84,420,-179,96
-65,112,24,167,84,420,-179,95
-66,110,23,168,84,420,-180,90
-67,108,22,168,84,420,-180,87
-67,107,21,167,84,420,-181,86
-68,107,21,167,84,420,-181,86
-70,107,21,167,84,420,-184,86
-71,106,21,166,84,420,-185,85
-72,104,21,166,84,420,-185,84
-71,101,20,166,84,420,-185,81
-70,101,21,166,84,420,-184,80
-70,100,21,165,84,420,-184,80
-70,100,21,163,84,420,-181,80
-70,101,21,162,84,420,-181,80
-70,101,21,162,84,420,-181,80
-69,101,21,163,84,421,-180,81
-67,102,20,163,84,421,-178,81
-66,103,21,164,84,422,-177,83
-65,103,22,163,84,422,-177,83
-65,103,23,162,84,422,-177,85
-66,103,24,162,84,422,-174,85
-66,102,24,163,85,421,-178,85
-65,103,24,164,86,420,-177,85
-65,103,23,165,86,420,-177,85
-62,104,23,164,86,420,-174,86
-61,105,23,163,86,420,-173,87
-61,105,23,165,86,420,-173,87
-61,105,24,166,86,420,-175,87
-61,104,24,168,86,420,-175,87
-61,105,23,168,86,421,-175,85
-62,106,22,168,86,422,-175,86
-63,108,22,168,86,421,-177,87
-64,109,23,168,85,420,-178,89
-64,110,22,168,85,420,-178,90
-63,111,22,168,85,419,-177,91
-61,112,23,168,85,420,-175,92
-61,114,23,167,86,422,-175,95
-61,115,24,166,86,423,-175,97
-61,116,25,166,86,424,-173,98
-62,116,25,166,85,424,-173,98
-62,116,25,166,84,423,-173,98
-62,116,25,166,84,422,-174,98
-62,117,25,165,83,421,-174,100
-62,118,25,164,84,420,-174,101
-62,117,25,163,84,420,-174,100
-63,115,25,164,86,421,-174,98
-65,114,25,164,86,423,-177,96
-66,113,25,164,85,425,-178,96
-67,114,24,163,84,426,-178,96
-66,114,23,162,84,425,-175,96
-65,112,23,162,85,425,-174,95
-64,111,24,162,86,425,-173,93
-65,109,24,163,86,425,-177,91
-67,107,25,163,86,425,-178,90
-67,106,25,163,87,425,-179,87
-67,104,24,162,89,425,-179,86
-66,103,23,161,90,425,-175,85
-65,102,22,161,89,425,-174,85
-65,101,22,161,89,425,-173,84
-64,100,23,161,89,425,-173,83
-65,98,23,161,89,425,-173,80
-66,97,22,161,89,425,-175,79
-68,96,22,161,88,425,-177,78
-68,96,22,161,87,425,-178,78
-68,96,22,161,86,425,-177,79
-66,97,22,161,87,425,-174,79
-65,98,22,161,88,425,-174,80
-65,99,22,162,89,425,-174,81
-66,101,22,162,89,425,-175,83
-67,102,22,161,89,425,-177,84
-67,104,22,161,89,425,-177,86
-66,106,22,161,89,425,-175,89
-65,108,22,162,89,425,-177,91
-64,111,22,163,89,425,-175,93
-64,113,22,164,89,425,-175,96
-63,115,22,163,89,425,-174,97
-62,116,23,162,89,425,-174,98
-62,117,23,162,89,425,-172,100
-62,119,24,162,89,424,-173,102
-61,122,25,163,89,425,-173,104
-59,125,25,164,89,426,-170,107
-58,127,26,165,89,428,-170,109
-57,129,26,165,89,430,-169,112
-57,130,26,165,89,430,-169,112
-56,130,26,164,89,430,-168,113
-55,130,26,164,89,430,-167,113
-54,131,26,164,89,430,-166,113
-53,132,26,164,89,430,-164,114
-52,132,26,164,89,430,-163,114
-50,133,26,164,89,430,-162,115
-50,135,26,164,89,430,-162,118
-50,137,26,164,89,430,-162,119
-51,139,26,164,89,430,-163,122
-52,138,26,164,89,430,-164,120
-51,137,26,164,89,430,-163,119
-50,135,26,164,89,430,-162,118
-48,134,26,164,89,430,-161,117
-49,133,26,164,89,430,-161,115
-50,133,26,164,89,430,-162,115
-52,133,26,164,89,430,-164,115
-53,131,26,164,89,430,-166,114
-53,130,26,164,89,430,-164,113
-52,129,26,164,89,430,-163,111
-51,127,26,164,89,430,-163,109
-51,125,26,164,89,430,-163,107
-52,123,26,164,89,430,-164,106
-53,121,26,164,89,430,-166,103
-54,119,26,164,89,430,-166,102
-56,119,26,164,89,430,-168,101
-57,119,26,164,89,430,-169,101
-57,118,26,164,89,430,-169,101
-57,117,26,165,89,430,-168,100
-56,116,26,165,90,430,-168,98
-56,115,26,164,90,430,-167,98
-57,115,25,164,89,430,-168,97
-58,114,25,163,89,430,-170,96
-60,113,25,164,89,430,-172,96
-61,114,25,164,90,430,-173,96
-61,115,25,164,91,429,-173,97
-61,116,25,163,91,429,-173,98
-60,117,25,164,91,429,-172,100
-59,117,26,164,90,430,-170,100
-58,118,26,165,89,430,-169,101
-57,120,26,165,89,430,-169,102
-57,122,26,164,91,429,-169,104
-56,124,26,164,93,429,-168,107
-55,125,26,164,93,429,-167,107
-55,125,26,164,92,429,-167,107
-56,126,26,164,91,429,-168,108
-56,128,26,164,92,429,-168,111
-55,130,26,164,93,429,-167,113
-54,132,26,165,94,429,-166,114
-53,132,26,165,94,429,-164,114
-53,131,26,164,94,429,-164,114
-53,131,26,164,93,429,-166,114
-54,132,26,164,92,429,-166,114
-54,132,26,165,91,429,-166,114
-53,131,27,166,91,429,-166,114
-53,130,27,166,91,429,-164,113
-51,129,27,166,93,429,-163,111
-50,127,26,165,93,430,-162,109
-51,127,26,164,92,429,-163,109
-52,126,26,164,91,429,-164,109
-54,126,25,165,92,429,-166,108
-55,125,25,166,93,430,-167,107
-55,123,25,166,93,431,-167,106
-54,122,25,166,91,431,-166,104
-53,121,26,165,90,431,-164,103
-54,120,26,164,89,430,-166,102
-56,119,25,163,89,429,-168,101
-57,117,23,162,89,429,-166,100
-56,115,23,162,89,430,-166,97
-55,114,23,162,89,431,-167,96
-54,114,24,162,91,431,-166,96
-55,114,24,162,93,430,-167,96
-56,113,23,162,95,430,-166,96
-57,113,22,161,95,430,-167,95
-59,112,22,161,93,431,-168,93
-61,111,22,161,90,430,-170,93
-63,110,23,161,89,430,-172,92
-64,110,23,161,90,430,-173,92
-64,109,22,161,91,431,-173,91
-63,108,22,161,91,433,-172,90
-62,106,22,161,91,433,-170,89
-63,104,22,161,90,432,-172,87
-65,103,23,161,91,430,-174,86
-65,103,23,162,91,430,-174,85
-65,101,22,161,90,430,-174,84
-64,100,21,160,90,432,-173,83
-64,98,21,159,91,433,-173,79
-63,98,21,158,93,433,-172,81
-63,98,21,157,93,433,-169,80
-61,98,21,157,91,432,-168,80
-59,99,22,158,90,431,-166,81
-58,99,23,159,89,430,-167,81
-58,100,24,159,89,430,-167,83
-59,101,23,159,91,433,-168,84
-60,102,21,158,93,434,-167,85
-61,104,21,158,95,435,-167,86
-61,105,22,159,95,433,-170,87
-61,105,23,160,94,433,-170,87
-62,105,24,161,92,432,-170,87
-62,106,23,161,91,433,-170,89
-62,109,22,161,91,434,-170,91
-61,111,22,161,93,434,-169,93
-60,112,22,161,94,434,-169,95
-59,112,22,161,93,434,-168,95
-59,112,23,162,93,434,-168,93
-60,112,24,162,93,434,-169,95
-61,115,24,162,94,434,-173,97
-61,116,24,162,94,434,-170,98
-62,117,23,162,94,434,-170,100
-61,116,22,161,94,434,-170,98
-61,115,22,161,94,434,-170,97
-60,113,22,161,94,434,-169,95
-59,112,23,161,94,434,-168,95
-58,112,23,161,94,434,-167,95
-57,112,22,161,94,434,-167,95
-58,112,22,161,94,434,-167,95
-59,112,22,161,93,434,-168,95
-59,111,22,161,93,434,-168,93
-59,110,22,162,93,435,-168,92
-58,109,22,161,94,436,-167,91
-57,108,24,160,95,437,-167,91
-57,108,25,159,95,438,-163,90
-58,106,25,158,94,437,-164,91
-60,106,25,156,94,436,-167,91
-62,105,23,155,94,436,-166,87
-62,105,22,155,95,437,-166,87
-61,104,22,154,94,439,-164,86
-59,102,22,154,95,440,-163,85
-58,100,22,154,95,440,-162,83
-59,98,22,154,94,439,-163,80
-61,96,22,154,94,437,-164,79
-61,95,22,154,94,436,-166,78
-62,94,22,154,94,436,-166,76
-61,94,22,154,94,437,-166,76
-61,94,22,154,94,439,-164,76
-61,94,22,154,95,440,-164,76
-61,94,22,154,95,439,-164,76
-61,94,22,154,94,439,-166,76
-62,93,22,154,94,439,-166,76
-64,92,22,154,94,439,-168,75
-65,92,22,154,94,439,-169,74
-66,91,22,154,94,439,-169,74
-65,92,22,154,94,439,-169,74
-65,92,22,154,94,439,-169,74
-65,92,22,154,94,439,-169,74
-65,92,22,154,94,439,-169,74
-65,91,22,154,94,439,-169,74
-65,92,22,154,94,439,-169,74
-66,94,22,154,94,439,-170,76
-67,95,22,154,94,439,-170,78
-67,94,22,154,94,439,-170,76
-66,94,22,154,94,439,-170,76
-66,94,22,154,94,439,-170,76
-67,94,22,154,94,439,-170,76
-67,95,22,154,94,439,-170,78
-66,94,22,154,94,439,-170,76
-65,92,22,154,94,439,-169,74
-65,91,22,154,94,439,-169,74
-65,92,22,154,94,439,-169,74
-65,92,22,154,94,439,-169,75
-66,93,22,154,94,439,-170,75
-67,93,22,154,94,439,-170,75
-66,93,22,154,94,439,-169,75
-65,94,23,155,94,439,-169,76
-64,96,23,155,94,439,-168,79
-63,98,24,156,94,439,-169,81
-63,99,23,155,94,439,-167,81
-63,98,22,154,94,439,-167,81
-63,98,22,154,95,439,-167,81
-63,100,23,155,95,439,-167,83
-63,102,24,156,94,439,-169,85
-63,104,23,155,95,439,-168,86
-62,105,22,154,94,439,-167,87
-62,104,22,154,95,439,-167,87
-61,105,23,155,96,438,-166,87
-61,107,24,156,97,439,-167,90
-60,110,25,156,97,440,-167,95
-59,111,24,156,95,441,-166,93
-59,112,23,155,94,440,-163,95
-60,113,24,155,94,440,-167,96
-60,115,25,156,95,440,-167,100
-59,117,26,158,96,440,-166,102
-57,119,26,158,98,440,-164,103
-56,119,26,158,100,439,-163,104
-54,120,26,158,100,440,-161,104
-53,120,26,158,98,442,-159,106
-52,120,26,158,96,444,-159,106
-53,121,25,158,94,444,-161,106
-54,122,25,159,95,443,-161,104
-55,124,24,159,97,441,-164,106
-54,125,25,159,98,442,-161,108
-52,127,25,158,98,444,-159,112
-51,127,26,157,98,444,-158,112
-50,127,25,158,99,442,-157,113
-51,127,25,159,99,442,-158,109
-51,127,24,159,100,442,-161,109
-51,127,25,159,99,443,-158,109
-51,127,25,158,98,444,-158,113
-51,128,26,157,97,444,-158,113
-51,127,25,158,96,444,-158,112
-52,125,25,159,95,444,-158,108
-52,122,24,159,95,444,-162,104
-53,120,25,159,95,444,-159,103
-53,120,25,158,95,444,-159,106
-53,121,26,158,94,444,-161,106
-54,120,26,158,95,444,-161,104
-55,118,26,158,96,444,-162,103
-57,115,26,158,98,444,-163,100
-59,112,26,158,100,444,-166,97
-59,111,26,158,100,444,-166,96
-59,110,25,157,100,444,-166,95
-57,109,23,155,100,444,-162,91
-57,108,22,154,100,444,-162,90
-58,106,22,154,100,444,-162,89
-59,104,22,154,100,444,-163,86
-60,102,22,154,100,444,-163,85
-60,101,22,154,100,444,-163,83
-59,101,22,154,100,444,-163,83
-59,101,22,154,100,444,-163,84
-59,101,22,154,100,444,-163,84
-58,100,22,154,100,444,-162,83
-58,99,22,154,100,444,-162,81
-59,97,22,154,100,444,-163,80
-60,96,22,154,100,444,-164,78
-61,94,22,155,100,444,-166,76
-61,94,22,155,100,444,-166,76
-61,94,22,154,100,444,-164,76
-61,94,23,153,100,444,-164,76
-61,94,23,153,100,444,-166,79
-62,94,23,153,100,444,-166,76
-63,93,23,154,100,444,-167,75
-63,92,22,155,100,444,-167,74
-64,90,22,155,100,444,-168,73
-64,89,21,153,100,444,-168,72
-64,88,20,152,100,444,-168,70
-63,88,19,151,100,444,-167,70
-63,87,18,151,100,444,-167,70
-63,87,19,151,100,444,-167,70
-63,87,19,151,100,444,-167,70
-63,88,19,151,100,444,-167,70
-64,87,19,151,100,444,-168,69
-65,86,19,151,100,444,-169,69
-65,86,19,151,100,444,-169,69
-65,86,19,151,100,444,-169,69
-64,87,19,151,100,444,-168,69
-63,88,19,151,100,444,-167,70
-63,87,18,151,100,444,-167,70
-63,87,18,151,100,444,-167,69
-63,88,19,151,100,444,-167,70
-64,89,19,150,100,444,-166,72
-65,90,20,149,100,444,-167,73
-66,91,21,149,100,444,-168,73
-67,91,20,149,100,444,-169,74
-67,93,20,149,100,444,-169,75
-67,94,21,149,100,444,-169,76
-67,96,22,150,100,444,-169,79
-68,96,23,151,100,444,-169,81
-68,97,24,151,100,444,-169,81
-68,97,24,150,100,444,-169,83
-68,98,25,150,100,444,-169,83
-68,97,25,150,100,444,-170,83
-68,96,26,151,100,444,-169,81
-68,96,25,151,100,444,-169,81
-66,97,25,151,100,444,-168,81
-65,98,25,151,100,443,-166,83
-64,98,25,151,100,443,-166,84
-63,99,25,151,100,444,-164,84
-63,98,25,151,100,445,-164,84
-63,97,25,151,100,447,-164,81
-62,95,26,151,100,447,-163,80
-61,94,26,151,100,446,-163,79
-61,94,25,151,100,445,-163,79
-61,94,25,150,100,445,-162,79
-60,93,23,148,100,444,-162,78
-60,91,22,148,100,444,-158,76
-60,90,22,147,100,445,-159,74
-62,88,22,147,100,447,-161,73
-62,86,22,148,100,448,-161,72
-62,84,22,148,100,449,-161,69
-61,83,22,147,100,449,-159,68
-60,83,22,147,100,448,-159,68
-61,83,22,147,100,447,-159,68
-61,85,22,147,100,446,-161,69
-62,85,22,147,100,447,-161,70
-62,86,22,147,100,448,-161,70
-62,85,22,147,100,449,-161,70
-63,85,22,147,100,448,-162,70
-64,85,22,147,100,447,-163,70
-66,86,22,147,100,446,-164,70
-67,86,22,147,100,447,-166,70
-67,86,22,147,100,448,-166,70
-66,86,22,147,100,449,-166,72
-66,86,22,147,100,449,-164,70
-66,85,22,147,100,448,-166,70
-67,86,22,147,100,448,-166,70
-67,87,22,147,100,448,-166,72
-66,90,22,147,100,448,-166,75
-65,92,22,147,100,448,-164,76
-65,93,22,147,100,448,-164,78
-65,92,22,147,100,448,-164,76
-65,92,22,147,100,448,-164,76
-65,92,22,147,100,448,-164,76
-65,92,22,147,100,448,-164,76
-65,92,22,147,100,448,-164,76
-65,92,22,147,100,448,-164,76
-65,92,22,147,100,448,-164,78
-65,92,22,147,100,448,-164,76
-65,90,22,147,100,448,-163,75
-64,89,22,147,100,448,-163,74
-64,89,22,147,100,448,-163,74
-64,89,22,147,100,448,-163,74
-64,89,22,147,100,448,-163,74
-63,88,22,147,100,448,-162,73
-63,87,22,147,100,448,-162,72
-63,87,22,147,100,448,-162,72
-63,88,22,147,100,448,-162,73
-64,89,22,147,100,448,-163,74
-64,89,22,147,100,448,-163,74
-64,89,22,147,100,448,-163,74
-63,88,22,147,100,448,-162,73
-64,88,22,147,100,448,-163,73
-65,90,22,147,100,448,-163,75
-64,92,22,147,100,448,-163,78
-62,94,22,147,100,448,-162,79
-61,94,22,147,100,448,-159,79
-61,94,22,147,100,448,-159,79
-61,94,22,147,100,448,-159,79
-61,94,22,147,100,448,-161,79
-61,94,22,147,100,448,-161,79
-61,94,22,147,100,448,-159,79
-60,95,22,147,100,448,-158,80
-59,96,22,147,100,448,-158,80
-59,97,22,147,100,448,-158,81
-60,97,22,147,100,448,-159,81
-60,97,22,147,100,448,-158,81
-58,96,22,147,100,448,-157,81
-57,96,22,147,100,449,-156,81
-56,96,22,147,100,448,-155,81
-57,97,22,147,100,448,-156,81
-59,97,22,147,100,448,-158,83
-60,99,22,147,100,449,-159,84
-60,100,22,148,100,450,-159,85
-60,101,21,148,101,451,-161,84
-59,101,22,147,101,450,-158,86
-59,101,23,146,100,449,-158,86
-59,101,24,145,100,448,-156,86
-59,101,24,145,100,448,-156,86
-59,100,23,146,100,448,-158,85
-59,101,22,147,102,448,-158,86
-58,103,21,148,104,448,-161,85
-58,105,22,148,103,449,-157,91
-57,107,22,148,102,450,-157,92
-57,108,22,148,101,450,-156,93
-56,109,22,147,100,450,-156,95
-56,112,22,147,101,449,-156,97
-56,115,22,148,102,449,-156,101
-56,118,23,148,102,451,-158,103
-54,120,25,150,102,453,-156,104
-52,121,25,151,102,454,-153,107
-51,124,26,151,101,453,-153,109
-51,127,25,151,101,453,-153,112
-52,130,25,151,102,453,-155,115
-52,133,25,150,104,453,-155,118
-52,135,25,151,105,453,-153,120
-50,137,26,152,105,453,-152,122
-50,139,27,154,104,453,-155,124
-49,141,28,155,103,453,-155,126
-49,143,28,155,102,453,-153,129
-48,145,29,155,102,453,-152,133
-46,147,29,154,103,453,-148,134
-45,147,29,154,103,453,-147,135
-45,147,29,154,104,453,-147,135
-45,147,29,154,105,453,-150,135
-44,145,29,154,106,453,-150,133
-43,144,29,154,106,453,-146,131
-43,143,29,154,105,453,-145,130
-43,143,29,154,104,453,-145,130
-43,143,29,154,104,453,-145,130
-42,141,28,153,104,453,-145,129
-42,139,28,153,104,453,-145,126
-43,137,27,152,104,453,-146,122
-44,134,26,152,104,453,-146,119
-45,132,25,151,104,455,-147,118
-45,130,25,151,104,456,-147,115
-45,128,26,150,104,458,-147,113
-45,126,27,149,104,458,-145,114
-46,125,28,148,105,458,-146,113
-47,124,28,148,106,458,-146,112
-48,122,28,148,106,458,-147,109
-49,119,27,149,106,458,-148,107
-49,116,27,149,105,458,-148,103
-50,114,28,149,105,458,-148,102
-49,113,28,148,106,458,-148,101
-49,113,28,146,105,458,-146,101
-48,112,27,145,105,456,-145,100
-50,111,26,146,105,455,-146,98
-51,110,25,147,105,455,-151,96
-53,110,24,147,105,456,-152,95
-53,110,23,147,105,458,-152,95
-53,110,23,147,105,458,-152,95
-53,110,24,147,105,458,-152,95
-53,110,25,147,105,458,-152,95
-53,110,25,147,105,458,-152,95
-53,109,23,147,105,458,-152,95
-53,109,22,147,105,458,-152,95
-53,109,22,147,105,458,-152,95
-53,109,23,146,105,458,-152,95
-53,109,23,146,105,458,-152,95
-53,109,23,147,105,458,-152,95
-53,109,23,147,105,458,-152,95
-53,109,23,147,105,458,-152,95
-53,109,23,146,105,458,-152,95
-53,110,23,146,105,458,-152,95
-53,109,23,146,105,458,-152,95
-53,109,23,146,105,458,-152,95
-53,109,23,146,105,458,-152,95
-53,110,23,146,105,458,-152,95
-52,110,23,146,105,458,-152,95
-53,110,23,146,105,458,-152,95
-54,109,23,146,105,458,-153,95
-56,108,23,146,105,458,-155,93
-56,106,23,146,105,458,-156,91
-55,104,23,146,105,458,-155,90
-55,103,24,145,105,458,-152,89
-56,102,25,144,105,458,-152,87
-57,101,24,145,105,458,-155,86
-59,101,23,146,105,458,-158,86
-60,101,22,147,105,458,-159,85
-59,101,22,147,105,458,-158,86
-59,101,23,147,105,458,-158,86
-59,101,23,146,105,458,-158,85
-60,101,23,146,105,458,-159,85
-61,100,23,146,105,458,-159,85
-61,99,24,145,105,458,-158,84
-62,98,25,144,105,458,-158,83
-62,97,25,144,105,458,-159,81
-62,96,24,145,105,458,-158,81
-62,95,24,145,105,458,-158,80
-61,94,25,144,105,458,-157,80
-61,94,25,144,105,458,-157,81
-61,94,25,144,105,458,-158,81
-61,94,25,144,105,458,-158,81
-61,94,25,144,105,458,-157,83
-59,95,25,144,105,458,-156,83
-58,96,25,144,105,458,-155,84
-58,96,24,143,105,458,-155,81
-59,95,23,142,106,459,-156,80
-60,95,22,140,106,460,-155,80
-60,95,21,140,106,459,-155,80
-58,95,22,140,105,458,-152,80
-57,95,23,142,105,458,-153,80
-55,93,24,143,105,458,-152,79
-56,91,24,143,105,458,-152,76
-57,90,23,142,105,458,-155,75
-59,90,22,140,105,458,-153,75
-59,90,21,140,106,459,-153,75
-58,88,22,140,106,460,-152,74
-58,86,22,140,106,461,-152,72
-59,84,22,140,106,462,-153,69
-60,83,22,140,106,462,-155,69
-61,83,22,140,106,461,-156,68
-61,81,22,140,106,460,-156,67
-62,79,22,141,106,459,-156,64
-63,76,22,141,106,460,-157,62
-64,74,21,140,106,460,-157,59
-64,72,21,139,106,459,-158,57
-64,70,20,140,105,458,-158,54
-66,68,20,141,105,458,-162,52
-68,65,18,141,105,458,-164,47
-70,62,17,141,105,458,-166,45
-71,59,16,140,105,458,-167,42
-71,57,16,140,105,458,-167,40
-72,56,15,140,105,458,-168,39
-73,53,14,141,105,458,-169,32
-75,48,14,140,105,458,-172,28
-78,43,14,139,105,458,-173,23
-79,38,13,139,105,458,-175,18
-81,35,12,138,105,458,-177,14
-83,32,12,138,105,458,-178,12
-85,28,11,137,106,458,-180,8
-86,24,10,136,105,458,-181,3
-88,19,9,135,105,458,-180,-1
-90,13,8,134,105,458,-183,-9
-91,8,7,134,106,458,-184,-14
-92,4,7,133,106,456,-185,-18
-93,0,5,132,105,455,-186,-23
-95,-5,4,131,104,453,-187,-28
-97,-13,4,131,103,453,-190,-35
-101,-20,3,130,103,453,-194,-43
-105,-28,2,128,103,453,-195,-53
-108,-35,0,126,103,454,-197,-61
-111,-42,-1,125,102,453,-200,-67
-112,-48,-2,124,101,452,-201,-74
-114,-54,-2,124,100,450,-203,-80
-116,-62,-3,123,100,448,-202,-87
-117,-69,-4,122,100,448,-203,-97
-119,-76,-6,121,100,448,-206,-104
-122,-83,-8,121,100,449,-208,-111
-125,-89,-9,120,100,448,-211,-119
-128,-95,-10,119,100,447,-214,-125
-130,-101,-12,118,100,445,-216,-131
-130,-108,-14,117,100,444,-216,-141
-132,-115,-16,118,100,443,-217,-147
-134,-121,-17,118,99,442,-222,-155
-137,-126,-16,118,98,440,-222,-159
-138,-130,-16,118,97,439,-223,-163
-139,-133,-17,117,96,438,-224,-167
-139,-136,-18,115,95,439,-224,-169
-140,-139,-19,115,95,439,-224,-174
-140,-140,-20,114,94,438,-225,-177
-140,-141,-20,114,95,436,-225,-177
-140,-140,-19,115,94,434,-225,-177
-141,-139,-19,115,94,434,-227,-175
-142,-138,-19,115,94,434,-227,-174
-143,-137,-20,114,94,434,-228,-173
-143,-135,-20,114,94,433,-228,-170
-144,-131,-19,115,94,431,-229,-167
-144,-126,-18,115,94,429,-229,-159
-143,-122,-17,117,94,429,-229,-155
-141,-117,-16,118,94,429,-227,-151
-139,-112,-16,118,93,430,-227,-146
-138,-107,-16,118,91,429,-227,-140
-138,-101,-15,119,89,428,-225,-134
-137,-94,-13,119,89,426,-223,-128
-134,-87,-12,119,89,425,-220,-118
-130,-80,-12,118,89,424,-217,-111
-126,-72,-11,118,89,425,-213,-103
-124,-66,-9,118,89,425,-211,-93
-123,-59,-7,120,89,425,-209,-87
-121,-53,-6,121,89,425,-207,-80
-119,-46,-5,121,89,425,-206,-74
-116,-41,-4,122,89,425,-202,-69
-113,-36,-3,123,89,423,-200,-63
-110,-31,-2,124,89,421,-200,-57
-109,-26,-2,124,89,420,-198,-52
-108,-22,-1,125,89,419,-197,-47
-106,-17,0,126,87,420,-196,-42
-104,-12,0,127,86,420,-194,-37
-102,-8,0,127,86,420,-192,-34
-102,-5,1,127,86,420,-191,-30
-101,-2,2,128,86,420,-191,-28
-100,0,3,130,85,420,-192,-23
-98,3,4,131,84,420,-190,-19
-97,6,4,131,84,420,-189,-17
-96,7,4,131,84,420,-189,-14
-95,9,4,131,84,419,-187,-13
-95,10,5,131,84,418,-187,-12
-94,12,6,132,84,417,-187,-9
-94,14,6,133,83,416,-186,-8
-93,16,7,133,83,415,-186,-6
-93,17,8,134,83,415,-185,-4
-91,18,7,134,83,415,-184,-4
-90,18,7,133,84,415,-183,-4
-89,18,6,133,84,415,-181,-4
-89,18,7,133,83,415,-181,-3
-90,20,7,134,82,415,-183,-2
-90,22,8,134,82,415,-183,0
-90,23,8,135,82,415,-184,1
-90,24,7,135,83,415,-183,1
-90,24,7,134,84,415,-183,1
-88,24,8,132,84,415,-181,2
-86,25,9,130,84,415,-177,4
-86,26,10,129,83,414,-177,6
-86,27,10,129,82,412,-174,7
-87,29,10,129,80,410,-178,8
-87,30,10,130,79,410,-178,10
-85,32,10,130,78,411,-175,12
-83,34,11,131,78,411,-174,14
-82,37,11,131,79,411,-173,17
-80,39,11,130,79,411,-172,19
-79,42,11,130,79,411,-169,23
-78,45,11,131,78,411,-169,25
-77,48,11,131,78,411,-168,29
-75,52,11,130,79,411,-167,32
-74,55,11,130,80,410,-164,35
-72,59,11,131,81,410,-163,39
-70,63,12,132,81,410,-162,43
-69,68,13,133,81,410,-161,51
-67,73,14,134,80,410,-158,56
-65,77,16,133,79,411,-156,61
-63,82,17,131,80,411,-152,67
-62,86,19,131,82,410,-152,72
-61,90,20,133,82,410,-153,75
-60,95,20,135,82,410,-151,80
-58,100,19,136,80,411,-150,85
-57,104,20,136,79,412,-148,89
-55,107,21,137,78,412,-147,92
-54,110,22,137,78,413,-146,95
-53,113,23,137,79,413,-145,101
-53,116,23,137,79,412,-145,102
-52,120,22,138,79,411,-147,104
-52,123,21,140,78,411,-147,108
-51,125,21,141,78,412,-148,111
-51,127,22,141,78,414,-148,112
-51,127,22,140,79,415,-146,113
-51,127,22,139,79,416,-146,112
-50,128,23,139,79,416,-145,113
-48,129,23,140,79,415,-142,114
-46,130,23,141,79,415,-144,114
-46,130,23,142,79,415,-144,115
-46,130,24,140,79,415,-141,114
-47,127,25,140,79,415,-142,114
-48,125,26,140,79,415,-142,112
-49,123,28,141,79,415,-144,111
-49,122,28,141,79,415,-144,111
-49,122,28,141,79,415,-144,111
-49,121,27,140,79,415,-144,108
-50,119,26,140,79,415,-145,106
-50,116,25,139,79,415,-145,104
-50,115,25,138,79,415,-142,102
-50,113,25,137,79,415,-142,101
-51,111,25,137,79,415,-142,98
-52,108,25,137,79,415,-144,96
-53,106,25,137,79,415,-145,93
-54,103,25,137,79,415,-146,91
-54,101,25,137,79,415,-146,89
-53,100,24,136,79,415,-145,87
-53,99,23,135,79,415,-145,86
-54,98,23,134,79,415,-144,85
-54,96,23,134,79,415,-144,84
-55,93,23,134,79,415,-145,81
-56,91,22,134,79,415,-145,79
-57,91,21,133,79,415,-147,76
-59,90,20,133,79,415,-148,75
-60,88,19,131,79,416,-148,73
-60,85,18,130,79,416,-150,70
-61,83,18,130,79,415,-150,69
-62,82,18,130,79,414,-151,68
-64,82,18,130,78,414,-152,67
-65,80,18,130,78,414,-153,65
-65,77,18,130,79,413,-155,62
-65,73,18,130,79,413,-155,58
-65,71,17,130,79,412,-153,57
-65,70,14,129,78,412,-155,53
-66,69,12,130,77,412,-155,52
-67,67,11,130,77,411,-158,47
-67,65,10,131,77,411,-158,46
-67,63,11,131,76,410,-158,43
-67,61,11,131,75,411,-158,41
-68,59,10,129,74,411,-157,39
-69,57,9,127,75,411,-158,37
-69,56,9,126,75,411,-157,36
-68,55,8,126,75,411,-157,36
-68,54,8,127,74,411,-156,34
-67,52,7,127,73,411,-156,32
-68,51,7,127,73,411,-157,31
-69,51,8,127,73,411,-158,31
-70,51,7,127,74,411,-158,31
-69,51,7,126,73,409,-158,31
-68,52,6,126,73,408,-156,32
-66,52,5,125,73,407,-155,30
-66,53,5,125,73,408,-155,31
-67,54,4,124,73,408,-156,31
-68,55,4,124,73,408,-157,34
-68,57,4,124,72,408,-157,35
-67,60,4,124,72,407,-156,37
-65,63,4,124,72,407,-153,41
-64,66,4,124,71,406,-153,43
-64,69,4,124,70,406,-153,47
-64,72,4,123,68,406,-152,50
-63,75,4,124,68,407,-152,53
-63,78,3,125,68,406,-152,56
-62,83,2,127,68,406,-153,61
-61,87,2,129,68,406,-152,62
-59,91,2,130,68,407,-153,67
-58,96,3,130,68,407,-150,74
-57,100,3,129,68,406,-148,78
-56,104,2,129,68,405,-148,79
-56,107,0,129,68,403,-150,83
-54,110,-1,130,67,401,-148,84
-53,113,-2,131,65,401,-150,86
-52,115,-2,131,63,401,-148,89
-52,118,-2,132,63,402,-148,91
-52,119,-2,131,63,402,-148,92
-52,121,-3,130,63,402,-146,93
-52,122,-4,128,62,401,-146,95
-50,122,-5,128,61,401,-145,95
-49,122,-7,129,61,400,-144,93
-49,122,-9,130,61,399,-146,93
-50,122,-11,129,60,398,-147,90
-52,122,-14,127,58,397,-148,90
-53,121,-15,126,57,396,-150,89
-53,119,-15,124,57,393,-147,87
-53,116,-17,123,58,393,-147,83
-54,115,-20,122,57,392,-147,80
-54,114,-24,122,57,392,-151,78
-55,114,-27,121,56,391,-152,75
-56,113,-29,119,54,389,-153,74
-58,111,-31,117,54,388,-152,72
-61,107,-33,115,53,386,-155,65
-63,105,-36,112,52,384,-155,63
-65,103,-38,110,52,383,-156,62
-66,101,-39,107,53,381,-155,57
-67,98,-41,104,52,380,-153,54
-69,96,-43,101,50,378,-156,52
-72,93,-45,98,48,377,-156,50
-75,92,-48,95,47,375,-158,46
-75,91,-51,92,46,374,-157,45
-76,88,-53,90,46,372,-157,41
-78,84,-53,87,46,370,-157,37
-80,80,-54,85,46,367,-157,34
-83,77,-55,82,46,365,-159,30
-86,74,-56,80,46,364,-159,28
-88,71,-57,79,46,363,-162,21
-89,67,-58,77,46,362,-162,18
-90,62,-58,74,45,361,-161,15
-91,57,-58,72,42,359,-159,10
-94,53,-59,70,41,357,-163,7
-98,49,-59,70,40,355,-167,2
-101,43,-58,69,40,354,-167,-2
-101,38,-57,69,41,354,-167,-8
-101,32,-57,68,40,354,-167,-14
-102,26,-56,68,40,354,-168,-19
-104,21,-56,67,41,353,-167,-23
-107,14,-56,67,41,351,-172,-30
-108,6,-54,68,40,349,-173,-37
-110,0,-54,70,39,349,-175,-45
-112,-8,-54,72,37,350,-179,-53
-114,-15,-54,74,36,350,-181,-62
-115,-22,-55,74,35,350,-184,-69
-115,-29,-56,74,35,350,-184,-76
-115,-37,-56,74,34,350,-184,-84
-115,-44,-57,75,32,350,-184,-91
-116,-50,-58,76,29,350,-185,-100
-117,-56,-59,79,27,351,-189,-106
-118,-62,-61,81,26,350,-191,-114
-118,-68,-64,81,25,349,-195,-120
-119,-74,-68,80,24,347,-195,-129
-120,-78,-73,79,22,346,-196,-135
-121,-81,-78,79,19,346,-197,-140
-122,-83,-82,78,17,346,-201,-145
-123,-86,-86,77,14,344,-201,-150
-124,-88,-93,74,12,343,-202,-155
-126,-89,-101,71,9,342,-203,-161
-127,-88,-108,68,7,341,-205,-163
-130,-87,-115,64,4,341,-208,-164
-133,-85,-122,59,0,339,-208,-167
-137,-83,-130,54,-2,336,-212,-168
-140,-79,-138,49,-4,332,-212,-169
-141,-74,-147,43,-6,329,-212,-166
-143,-66,-154,36,-7,328,-211,-161
-144,-58,-161,29,-10,326,-209,-155
-146,-49,-167,22,-13,324,-209,-148
-148,-40,-175,16,-16,320,-209,-144
-150,-29,-184,11,-19,318,-211,-136
-151,-18,-192,6,-23,316,-209,-130
-150,-8,-199,0,-26,313,-207,-122
-149,3,-204,-5,-28,310,-203,-112
-148,15,-207,-10,-30,305,-200,-100
-146,28,-212,-15,-31,301,-196,-89
-145,42,-216,-18,-33,298,-195,-78
-144,55,-221,-19,-37,295,-194,-67
-142,69,-224,-21,-41,292,-192,-53
-139,84,-225,-23,-44,290,-190,-37
-135,99,-225,-23,-46,288,-184,-23
-130,113,-224,-21,-47,285,-181,-9
-124,127,-221,-19,-49,282,-175,7
-118,139,-218,-16,-52,278,-173,19
-112,152,-214,-13,-55,275,-167,34
-106,164,-209,-8,-58,274,-163,47
-100,177,-203,-3,-60,272,-159,62
-93,188,-197,3,-61,271,-155,76
-85,199,-189,10,-63,269,-151,92
-78,209,-180,18,-65,268,-146,103
-71,217,-171,26,-66,268,-144,114
-64,225,-162,35,-68,268,-140,128
-57,233,-152,44,-70,267,-135,137
-50,240,-143,53,-71,265,-134,150
-43,246,-132,63,-74,263,-131,161
-37,251,-120,74,-75,263,-128,170
-32,254,-108,85,-76,263,-128,175
-25,256,-96,95,-77,264,-124,185
-20,256,-84,103,-78,264,-120,191
-14,256,-74,111,-80,264,-118,192
-9,253,-63,119,-81,264,-115,195
-6,251,-52,126,-82,264,-114,197
-3,249,-41,133,-81,264,-114,200
-2,246,-30,140,-81,264,-115,202
0,242,-20,146,-82,264,-113,203
1,237,-11,151,-83,263,-114,203
3,230,-3,155,-84,264,-112,198
3,223,4,157,-85,266,-109,196
1,215,13,159,-85,267,-112,194
-1,207,21,162,-85,269,-114,187
-4,198,28,164,-84,270,-114,184
-7,190,33,165,-83,269,-118,178
-9,180,38,163,-81,269,-117,172
-12,169,43,161,-81,269,-118,163
-16,157,49,157,-81,269,-115,156
-20,145,54,154,-81,269,-118,146
-24,135,58,152,-81,269,-117,139
-29,126,61,150,-80,269,-119,131
-34,116,62,145,-79,269,-122,124
-39,104,64,140,-78,268,-122,112
-44,94,65,135,-77,268,-122,104
-48,83,68,130,-77,269,-123,95
-52,73,72,126,-76,268,-122,87
-55,62,75,121,-76,268,-120,80
-60,53,76,116,-75,268,-122,73
-63,43,77,112,-73,268,-120,65
-66,34,79,108,-72,269,-120,57
-69,26,83,104,-71,270,-118,51
-72,17,86,100,-69,271,-119,45
-75,9,88,98,-68,272,-120,39
-78,2,90,96,-67,272,-120,34
-79,-3,92,94,-66,273,-119,29
-81,-7,95,92,-65,274,-118,26
-82,-12,101,91,-63,276,-117,24
-83,-16,106,90,-61,279,-118,25
-83,-19,111,92,-59,281,-118,24
-83,-21,116,95,-57,282,-117,21
-81,-23,122,97,-56,284,-115,25
-80,-24,128,100,-54,285,-115,26
-79,-24,135,103,-52,288,-114,29
-77,-24,141,108,-50,290,-112,31
-74,-24,148,113,-48,293,-111,35
-70,-24,155,119,-46,296,-109,40
-65,-23,162,125,-45,300,-107,42
-60,-21,172,131,-44,306,-104,47
-55,-18,182,138,-43,311,-100,56
-50,-13,192,146,-41,315,-97,65
-44,-9,201,156,-39,319,-97,72
-40,-4,209,166,-37,321,-97,79
-35,0,218,176,-35,324,-97,89
-29,5,227,186,-34,329,-96,96
-23,11,236,195,-32,336,-93,104
-16,17,244,205,-31,343,-91,113
-10,22,251,216,-29,349,-92,120
-3,27,258,226,-27,354,-91,128
2,32,265,236,-25,358,-90,136
8,39,271,245,-23,363,-89,145
13,46,278,253,-22,368,-86,155
19,53,284,260,-20,373,-85,164
25,60,290,268,-19,378,-83,170
29,65,294,276,-17,382,-83,179
33,71,297,282,-16,386,-81,184
36,76,299,287,-14,388,-84,190
39,82,300,291,-13,392,-84,195
41,88,301,294,-12,396,-81,201
42,94,301,297,-10,400,-83,207
41,100,300,298,-7,403,-86,213
41,105,298,298,-5,405,-86,216
41,111,295,296,-3,407,-86,222
41,116,291,294,0,409,-86,224
40,121,286,291,0,410,-85,227
37,124,281,289,1,411,-89,228
32,128,275,284,3,410,-90,229
28,131,267,277,6,410,-92,230
25,135,259,268,9,410,-92,228
22,137,250,260,11,410,-93,228
18,139,242,252,13,410,-92,228
13,140,235,244,14,410,-95,225
8,140,227,234,17,409,-95,224
1,141,218,224,20,408,-97,219
-3,142,207,213,22,406,-97,218
-9,142,197,204,24,404,-101,213
-14,141,188,194,25,402,-101,209
-18,139,180,183,25,401,-100,206
-24,138,171,173,27,399,-101,200
-29,137,161,164,30,397,-101,196
-33,136,151,155,32,396,-102,190
-36,133,141,145,33,394,-100,185
-38,130,133,137,35,392,-100,178
-40,128,126,129,36,390,-97,173
-44,125,120,123,38,389,-98,167
-47,122,114,119,39,386,-102,162
-50,117,108,115,41,385,-101,155
-51,112,103,112,42,383,-102,147
-52,108,97,109,44,383,-103,141
-54,105,93,106,46,383,-104,137
-54,102,89,104,47,383,-106,131
-54,98,86,102,47,382,-106,125
-54,94,84,103,47,380,-104,122
-54,91,82,104,47,378,-107,115
-54,87,80,107,47,378,-109,109
-54,83,79,108,48,378,-109,106
-53,80,78,111,49,378,-111,102
-53,76,78,114,48,378,-113,96
-52,73,78,118,49,378,-114,93
-51,70,79,122,50,378,-115,90
-49,68,80,126,52,379,-117,89
-47,67,81,129,53,381,-117,87
-45,66,83,133,52,383,-117,86
-45,64,85,137,52,384,-119,84
-46,62,87,140,52,384,-123,84
-46,60,88,143,52,385,-123,81
-46,58,89,146,52,385,-125,80
-45,56,90,148,52,387,-124,79
-44,55,90,151,52,389,-126,78
-45,54,92,153,53,391,-129,76
-45,53,93,154,54,391,-129,75
-44,51,95,155,56,391,-129,73
-43,50,96,156,57,391,-128,75
-43,50,97,158,58,391,-128,75
-45,50,98,159,58,393,-133,75
-48,51,99,159,57,394,-133,76
-49,51,99,157,58,396,-134,75
-49,51,99,155,58,397,-131,75
-49,50,99,153,58,399,-131,75
-50,50,98,151,57,399,-130,76
-52,49,98,150,58,400,-131,76
-53,49,98,147,60,401,-130,75
-53,48,97,144,62,401,-128,75
-54,48,94,141,63,401,-128,73
-54,48,93,138,64,402,-126,73
-56,47,92,135,63,403,-126,72
-57,46,91,132,63,405,-128,70
-58,46,90,130,63,407,-125,70
-58,46,87,128,65,407,-125,70
-59,45,85,125,67,407,-123,68
-61,45,83,122,68,406,-125,67
-62,44,82,119,69,406,-124,67
-62,43,80,116,68,406,-122,65
-63,43,78,114,68,406,-123,65
-65,42,76,111,68,406,-123,62
-66,42,74,109,69,407,-124,62
-66,42,72,107,70,407,-122,62
-66,41,69,105,71,408,-122,59
-67,39,66,104,72,408,-122,57
-68,37,63,104,73,408,-125,52
-69,35,61,104,73,409,-125,47
-68,35,59,103,73,409,-125,47
-67,34,58,101,73,409,-122,46
-67,32,57,99,73,410,-122,45
-67,30,55,98,73,411,-122,42
-69,29,53,99,74,411,-124,39
-70,28,51,99,75,411,-126,39
-70,27,49,99,76,411,-126,35
-69,25,48,98,77,411,-125,32
-69,24,48,98,77,411,-126,31
-71,22,47,99,77,411,-128,30
-71,21,44,100,78,411,-130,25
-71,18,42,99,79,411,-130,21
-72,17,41,98,79,411,-130,19
-73,16,41,98,79,411,-133,19
-74,15,41,99,78,411,-134,18
-74,14,40,99,78,411,-133,17
-73,12,39,99,79,411,-131,15
-73,10,36,98,78,411,-133,10
-75,9,35,98,78,411,-134,9
-76,8,34,98,78,411,-137,8
-77,9,34,98,78,411,-137,9
-76,8,35,99,78,411,-137,8
-77,7,34,99,78,411,-139,7
-78,5,33,99,78,411,-140,3
-79,4,31,100,78,411,-142,1
-79,3,30,101,78,411,-144,0
-79,2,29,102,78,411,-142,0
-78,2,29,101,78,411,-141,-2
-78,2,28,100,78,411,-141,-2
-77,3,27,99,78,411,-141,-1
-77,3,27,99,78,411,-140,-1
-77,3,27,99,78,411,-141,-1
-77,3,27,99,79,411,-140,-1
-75,3,28,99,79,411,-139,-1
-75,4,27,99,79,411,-139,0
-75,6,26,100,78,411,-139,1
-75,7,24,101,78,411,-141,0
-75,9,23,101,79,411,-141,2
-74,10,23,102,79,411,-140,3
-72,10,23,102,81,410,-139,3
-72,11,23,102,81,410,-137,3
-71,13,23,101,81,410,-137,6
-71,16,23,101,79,411,-136,8
-71,19,23,102,79,411,-137,12
-72,21,24,103,78,410,-137,14
-72,21,24,103,78,409,-139,14
-71,23,24,102,78,408,-137,15
-69,25,24,102,78,409,-135,18
-67,28,24,102,80,410,-133,21
-65,31,24,102,82,411,-131,24
-65,33,24,102,83,409,-131,26
-65,35,24,102,83,407,-131,28
-65,38,24,103,83,405,-131,31
-65,41,24,103,83,407,-131,34
-64,44,24,102,83,409,-130,37
-63,47,24,102,83,411,-129,40
-61,51,24,103,83,410,-128,43
-61,54,25,103,83,409,-128,47
-60,58,26,105,83,408,-126,53
-59,60,27,106,83,409,-129,56
-58,62,28,106,83,410,-128,57
-57,63,28,106,83,411,-126,58
-57,65,27,106,83,411,-126,61
-57,68,27,106,83,410,-126,64
-57,72,27,106,83,410,-126,68
-57,75,27,106,83,410,-126,70
-56,77,28,106,83,410,-125,73
-54,79,28,107,83,410,-124,74
-53,81,30,108,83,410,-123,76
-51,83,31,109,83,410,-120,79
-50,85,31,110,83,410,-120,80
-50,87,31,109,83,410,-120,83
-49,89,32,108,83,410,-119,87
-48,90,32,108,83,410,-115,89
-46,91,33,107,83,410,-114,89
-46,93,32,108,83,410,-113,91
-45,95,32,108,83,410,-114,93
-44,97,32,108,83,410,-114,96
-44,100,32,108,83,410,-114,98
-43,102,32,108,83,410,-113,100
-43,103,32,108,83,410,-113,101
-43,104,32,108,83,410,-113,102
-41,105,32,108,83,410,-112,103
-40,107,33,109,83,410,-111,104
-39,109,33,110,83,410,-109,107
-38,112,34,111,83,410,-108,109
-38,112,35,111,83,410,-108,111
-38,112,36,110,85,410,-108,111
-37,112,37,110,86,410,-108,113
-36,113,38,109,87,410,-104,113
-35,114,38,109,87,410,-102,114
-33,114,38,109,86,410,-101,114
-33,115,38,109,86,411,-101,115
-32,116,38,109,86,413,-101,117
-32,119,38,109,87,415,-100,120
-31,121,38,109,88,415,-100,122
-31,122,38,109,89,415,-100,123
-31,121,38,109,89,415,-100,122
-31,121,38,109,89,415,-100,122
-32,121,38,109,88,415,-100,122
-32,120,38,109,88,415,-101,122
-33,120,38,109,89,415,-101,120
-34,120,38,109,88,415,-102,120
-35,119,38,109,88,415,-102,120
-35,119,38,109,88,415,-102,120
-35,118,38,109,88,415,-103,119
-36,116,38,109,88,415,-104,117
-37,115,38,109,88,415,-106,115
-38,113,38,109,88,415,-106,114
-38,113,38,109,88,415,-106,113
-38,112,38,109,88,415,-106,113
-39,112,38,109,88,415,-107,112
-40,109,38,109,88,415,-108,109
-40,107,37,108,88,415,-108,107
-40,105,36,108,88,415,-108,106
-41,105,36,107,88,415,-109,106
-43,104,35,106,89,415,-111,102
-44,103,35,106,89,415,-112,101
-43,102,34,105,88,415,-111,100
-43,101,34,105,88,415,-111,98
-43,99,34,105,88,415,-111,97
-44,97,34,105,89,415,-112,95
-45,95,35,106,90,415,-113,93
-44,94,35,106,90,414,-112,92
-44,93,34,105,90,414,-112,91
-43,92,33,104,89,415,-111,90
-44,90,32,104,88,417,-109,89
-45,88,32,103,88,418,-111,86
-46,86,32,103,89,418,-111,84
-45,84,32,103,88,418,-109,81
-44,82,31,102,88,419,-108,80
-43,81,31,102,88,419,-108,79
-43,81,31,102,90,420,-108,79
-43,82,31,102,92,420,-108,80
-43,82,31,102,94,419,-108,80
-43,80,31,102,94,419,-107,79
-42,79,31,102,92,419,-107,76
-41,77,31,102,90,419,-106,75
-41,78,31,102,90,419,-106,76
-42,79,31,102,92,419,-107,76
-42,80,31,102,93,419,-107,78
-43,81,31,102,93,419,-107,79
-43,81,31,102,92,419,-108,79
-43,82,31,102,90,419,-108,80
-43,82,31,102,90,419,-108,80
-43,82,31,102,91,419,-108,80
-43,81,30,102,92,419,-108,79
-43,81,30,103,92,419,-108,79
-43,82,29,103,91,419,-111,78
-44,83,29,103,90,419,-112,78
-46,84,29,104,92,419,-113,80
-49,84,29,104,93,419,-115,80
-50,84,28,104,94,419,-118,79
-50,83,28,104,93,419,-118,79
-50,83,28,105,92,419,-117,79
-49,83,28,105,92,419,-117,79
-50,84,27,106,92,419,-120,79
-51,83,27,106,93,419,-122,78
-52,80,27,106,93,419,-122,76
-52,78,27,106,92,419,-122,74
-52,77,28,106,92,419,-122,73
-53,76,28,106,91,419,-123,72
-54,75,27,106,91,419,-124,70
-55,74,26,105,91,419,-123,69
-55,72,25,103,91,419,-122,65
-55,70,24,103,92,419,-122,63
-56,67,24,102,92,419,-123,61
-57,64,24,102,92,419,-124,57
-58,61,24,103,93,419,-125,53
-59,58,24,103,94,419,-126,51
-60,57,24,102,94,419,-126,50
-60,54,24,102,94,419,-126,47
-60,51,24,103,92,419,-126,43
-60,46,24,103,90,419,-126,40
-60,43,24,102,89,420,-126,36
-60,41,23,101,90,419,-126,34
-60,39,21,100,92,419,-126,32
-60,38,21,99,94,419,-126,31
-61,35,20,99,94,419,-128,28
-62,31,20,99,94,419,-126,24
-63,28,21,99,93,419,-130,21
-64,27,20,99,92,419,-130,19
-63,26,20,99,92,419,-130,19
-63,25,20,99,92,419,-130,18
-63,23,21,99,93,419,-128,17
-64,21,21,98,94,419,-128,14
-65,18,20,97,94,419,-129,10
-66,16,19,96,93,419,-129,9
-66,14,18,94,93,419,-128,4
-68,13,18,93,93,419,-129,6
-69,12,20,92,94,419,-130,6
-71,12,21,92,93,419,-130,4
-72,11,20,92,93,419,-134,4
-72,11,20,93,93,420,-134,3
-72,11,20,92,94,420,-133,3
-72,11,20,92,93,419,-130,3
-72,11,20,92,93,418,-130,3
-73,10,20,92,92,418,-135,3
-75,9,19,93,91,418,-136,2
-76,9,18,93,92,419,-137,2
-76,9,18,94,93,420,-137,0
-75,10,17,95,94,420,-139,0
-74,10,17,95,93,419,-137,1
-73,10,18,95,93,418,-136,1
-72,10,19,93,93,418,-134,3
-72,11,20,92,93,419,-134,4
-72,12,20,92,93,419,-131,4
-74,14,20,92,93,418,-133,7
-75,15,20,92,93,416,-136,8
-75,15,19,93,93,415,-136,8
-74,15,18,95,93,415,-137,6
-73,16,16,96,92,417,-136,6
-71,17,17,96,91,418,-135,7
-70,17,18,95,92,417,-134,8
-70,18,18,93,93,416,-131,10
-71,19,19,93,93,415,-131,12
-72,20,19,93,93,414,-134,13
-72,21,19,93,93,414,-134,14
-71,23,18,93,93,415,-133,15
-69,24,18,95,93,416,-133,14
-68,24,17,95,93,417,-131,14
-68,24,17,95,93,416,-131,14
-68,24,19,93,92,415,-129,17
-68,24,20,92,91,414,-128,17
-68,24,20,92,92,414,-128,17
-68,24,20,92,93,415,-128,17
-68,24,20,92,93,415,-129,17
-67,25,20,92,93,414,-128,18
-66,25,20,92,93,414,-128,18
-67,25,20,92,93,415,-125,18
-68,24,20,92,93,416,-126,17
-68,24,20,92,93,417,-128,17
-68,24,20,92,93,416,-128,17
-68,24,20,92,93,415,-126,17
-68,24,20,92,93,414,-126,17
-68,24,20,92,93,415,-126,17
-68,24,20,92,92,416,-128,17
-68,24,20,92,91,417,-128,17
-68,24,20,92,92,416,-128,17
-68,24,20,92,93,415,-129,17
-68,25,20,92,93,414,-129,18
-68,24,20,93,93,414,-130,17
-69,23,20,92,93,415,-131,15
-71,22,20,92,93,415,-130,15
-72,22,20,92,93,415,-134,15
-72,22,21,93,93,415,-133,15
-71,23,21,94,93,415,-131,15
-69,22,21,95,93,415,-130,15
-68,22,22,97,93,415,-131,14
-67,21,22,96,93,415,-128,14
-67,22,22,95,93,415,-128,15
-67,23,23,94,93,414,-129,19
-68,24,23,94,93,415,-130,19
-68,24,23,95,93,416,-129,19
-67,25,22,97,93,417,-131,18
-66,27,21,98,93,418,-130,19
-65,29,22,98,93,417,-129,21
-65,31,22,97,93,416,-129,24
-64,34,22,97,93,415,-128,26
-63,36,22,97,93,415,-128,29
-63,39,21,98,93,416,-126,31
-63,42,21,98,93,417,-126,35
-62,44,22,99,93,417,-126,37
-61,46,21,100,93,417,-128,39
-60,49,21,100,93,416,-126,41
-59,51,22,99,93,416,-123,43
-57,53,22,98,93,418,-122,46
-57,56,22,99,93,419,-122,50
-57,59,21,100,93,418,-124,52
-57,62,21,101,93,416,-124,54
-56,65,22,102,93,415,-123,58
-55,69,24,103,93,416,-122,62
-54,72,25,102,93,418,-122,64
-54,74,25,102,93,419,-122,70
-54,76,25,101,94,420,-118,72
-53,78,25,101,93,420,-118,72
-52,80,24,102,93,419,-119,74
-51,83,25,104,93,419,-119,75
-50,85,26,105,94,419,-120,80
-50,87,28,105,94,419,-117,83
-49,89,29,105,93,419,-117,85
-49,91,29,104,92,419,-117,87
-49,93,28,105,92,419,-117,89
-48,95,28,105,92,419,-115,90
-47,96,27,106,93,419,-118,91
-46,97,27,106,94,420,-117,92
-46,98,27,106,94,419,-115,93
-45,99,28,106,93,419,-115,95
-45,98,27,106,93,419,-115,93
-45,98,27,106,93,420,-115,93
-45,99,27,106,94,421,-114,95
-44,100,28,104,93,422,-112,95
-42,100,30,104,93,421,-109,96
-42,100,31,104,93,420,-109,97
-41,99,31,104,93,419,-109,97
-41,99,31,104,93,419,-109,97
-41,99,30,104,93,419,-109,95
-42,99,30,105,93,420,-109,95
-43,99,31,106,93,419,-111,97
-45,97,32,106,93,419,-112,95
-45,96,32,105,93,419,-113,93
-45,93,32,103,93,419,-109,91
-44,93,32,103,93,419,-109,91
-43,92,33,104,93,420,-108,90
-43,93,34,105,93,419,-111,91
-43,92,34,105,93,419,-111,90
-45,92,33,104,93,419,-113,90
-46,91,32,104,93,420,-112,90
-46,91,32,103,93,421,-112,89
-46,90,32,103,93,421,-111,87
-45,88,32,103,93,421,-111,86
-45,86,31,102,93,422,-111,84
-46,85,31,102,93,422,-111,84
-46,86,31,102,93,423,-111,84
-46,86,31,102,93,423,-111,84
-46,86,31,102,93,423,-111,84
-46,86,31,102,94,424,-111,84
-46,86,31,102,94,425,-111,84
-45,86,31,102,94,425,-109,84
-44,86,31,102,94,424,-109,84
-44,87,31,102,94,424,-109,85
-44,86,31,102,94,424,-109,85
-44,86,31,102,95,424,-108,85
-43,87,31,102,96,424,-107,85
-41,88,30,102,95,424,-107,86
-42,90,29,103,94,424,-109,85
-43,91,29,103,94,424,-111,87
-44,93,30,103,93,424,-109,91
-44,92,30,102,94,424,-109,90
-43,92,30,103,94,424,-108,90
-42,93,28,104,95,424,-109,89
-41,95,28,106,96,424,-112,91
-41,97,27,106,95,424,-112,93
-41,99,27,106,94,424,-111,95
-40,100,27,105,94,425,-108,96
-39,101,28,106,94,426,-109,96
-38,102,28,107,94,426,-108,97
-39,104,30,108,94,428,-108,100
-39,107,31,109,94,428,-109,103
-38,111,32,109,95,427,-108,106
-37,114,31,109,96,427,-107,109
-36,117,31,109,97,428,-107,113
-35,119,31,109,96,429,-106,114
-35,121,31,109,96,429,-106,117
-34,123,31,109,96,429,-104,119
-33,127,32,110,95,429,-103,123
-32,130,32,111,95,429,-102,129
-32,132,33,111,94,429,-102,130
-32,132,34,112,96,429,-102,130
-31,132,36,112,97,429,-102,130
-31,134,36,112,97,429,-102,133
-30,136,36,112,96,429,-101,135
-29,138,35,112,94,429,-100,136
-29,140,35,112,93,429,-100,139
-30,140,36,111,94,429,-101,139
-30,140,36,112,96,429,-101,139
-30,140,35,112,97,429,-103,139
-30,140,34,112,97,429,-103,139
-31,141,34,112,97,429,-104,140
-32,142,34,112,96,429,-104,141
-32,142,34,112,97,430,-104,141
-31,141,35,112,98,430,-104,140
-30,140,36,112,97,430,-101,139
-29,140,36,111,96,431,-100,137
-30,139,36,112,96,431,-101,137
-31,138,35,112,96,432,-104,136
-32,137,34,112,97,432,-106,135
-32,135,34,112,98,432,-106,134
-32,133,35,112,99,431,-106,131
-33,132,35,112,100,431,-106,130
-34,130,35,112,100,431,-107,128
-35,129,34,112,99,432,-108,126
-36,126,35,112,97,433,-108,124
-37,123,35,112,97,433,-109,122
-38,121,35,112,98,434,-111,119
-39,119,35,112,99,434,-112,117
-40,117,35,113,100,434,-113,114
-39,115,34,112,99,434,-112,113
-39,112,33,111,98,434,-109,111
-39,110,32,110,97,434,-109,108
-40,107,32,110,98,434,-111,104
-41,105,32,110,99,434,-111,103
-42,103,32,110,99,434,-112,101
-43,100,32,109,99,434,-113,95
-44,96,31,109,99,434,-114,92
-44,93,31,109,99,434,-114,89
-45,92,31,109,99,434,-115,87
-48,90,32,109,98,434,-118,86
-50,88,31,109,97,434,-119,84
-51,85,30,108,98,434,-120,80
-51,82,28,107,99,434,-120,78
-51,79,27,106,99,434,-122,74
-53,76,27,105,99,434,-120,72
-55,75,27,106,99,433,-124,70
-55,73,28,106,99,432,-125,68
-55,72,28,106,99,432,-124,67
-56,70,26,105,99,432,-123,65
-57,68,25,103,99,433,-124,62
-57,67,24,102,99,434,-124,59
-57,65,24,102,99,434,-124,58
-57,63,24,102,97,434,-124,56
-58,62,24,103,97,434,-125,54
-59,60,24,103,98,434,-126,53
-60,57,23,101,99,434,-126,51
-61,54,21,100,99,434,-128,47
-61,51,21,99,98,434,-128,43
-63,49,20,99,97,433,-128,41
-64,46,20,99,97,433,-128,40
-64,45,20,99,97,432,-129,37
-65,42,20,99,96,431,-131,35
-65,40,20,99,96,430,-131,32
-66,38,21,100,96,429,-133,31
-67,36,20,99,95,429,-131,29
-69,32,19,98,95,429,-133,23
-70,28,18,97,96,429,-134,19
-72,25,17,97,97,429,-135,15
-72,21,16,98,97,429,-139,12
-73,19,15,99,97,429,-139,9
-75,17,15,99,97,429,-141,4
-77,14,14,98,97,429,-144,2
-78,12,15,97,97,429,-145,2
-79,9,16,97,97,429,-142,0
-79,6,14,96,97,429,-142,-3
-80,3,13,95,98,429,-144,-9
-81,0,11,94,99,429,-145,-12
-81,-3,11,94,99,429,-145,-15
-81,-5,10,95,97,429,-145,-18
-82,-8,10,96,95,429,-147,-20
-82,-11,10,96,94,430,-147,-26
-82,-14,10,96,94,430,-147,-29
-83,-18,9,96,95,429,-148,-32
-84,-20,9,95,96,427,-150,-35
-86,-23,9,94,97,426,-148,-35
-87,-26,10,92,98,424,-150,-39
-88,-28,10,90,98,424,-148,-40
-88,-29,10,89,97,424,-148,-42
-89,-31,10,89,96,424,-148,-43
-89,-32,9,89,94,425,-150,-45
-90,-35,9,89,93,425,-150,-47
-90,-36,10,90,94,425,-151,-48
-91,-37,10,89,95,424,-151,-50
-92,-38,10,89,96,423,-152,-51
-93,-40,9,88,95,422,-153,-52
-93,-41,8,87,94,423,-153,-53
-93,-42,7,87,93,423,-153,-54
-93,-42,8,87,93,423,-153,-54
-93,-42,9,88,93,423,-153,-54
-93,-43,9,88,94,423,-153,-54
-93,-43,8,88,94,422,-152,-56
-92,-43,7,87,93,421,-150,-56
-92,-43,7,86,93,420,-150,-57
-92,-41,7,87,93,419,-150,-53
-91,-39,8,88,93,419,-152,-52
-91,-38,10,89,93,419,-152,-50
-91,-36,10,90,93,420,-151,-48
-91,-35,10,90,93,419,-151,-47
-90,-33,10,89,94,419,-151,-46
-90,-31,9,89,94,419,-151,-43
-90,-29,9,89,93,419,-150,-41
-89,-26,10,90,92,419,-148,-39
-88,-24,11,90,92,419,-148,-36
-86,-22,12,91,92,419,-147,-34
-85,-18,13,93,93,419,-145,-31
-84,-15,12,93,94,419,-147,-28
-83,-12,11,95,94,419,-148,-24
-82,-8,11,97,94,419,-147,-20
-81,-5,12,99,93,419,-146,-18
-79,-3,13,100,93,419,-145,-15
-78,0,14,100,94,419,-144,-13
-76,1,13,99,94,419,-142,-10
-75,3,13,99,94,419,-141,-8
-74,7,13,100,93,419,-140,-4
-73,10,14,100,93,419,-140,-1
-72,14,16,100,92,419,-139,4
-71,17,17,100,92,419,-137,8
-70,20,18,100,92,419,-136,10
-68,22,18,101,92,419,-135,13
-68,25,18,102,93,419,-137,15
-68,28,18,102,93,419,-137,19
-68,31,19,101,94,419,-134,21
-66,34,20,99,94,419,-133,28
-65,36,21,98,94,419,-129,29
-65,39,21,99,93,419,-129,31
-64,41,21,101,93,419,-130,34
-63,45,21,103,94,419,-129,37
-61,48,21,103,93,419,-128,41
-61,52,21,101,93,419,-128,45
-60,55,21,101,93,419,-126,47
-60,58,22,101,93,419,-126,51
-58,61,23,103,93,419,-125,53
-57,63,23,104,93,419,-126,56
-55,66,23,104,93,419,-125,59
-55,69,25,104,93,419,-122,63
-56,73,26,104,93,419,-123,68
-56,76,26,105,93,419,-123,72
-55,79,26,105,93,420,-123,75
-54,83,26,105,93,419,-124,78
-52,86,27,105,93,419,-122,83
-52,90,27,106,93,419,-122,85
-52,92,28,106,93,420,-122,87
-52,93,28,106,93,421,-122,89
-52,95,28,107,93,421,-123,91
-52,97,29,107,93,421,-123,92
-51,99,29,107,93,421,-120,95
-50,101,29,108,93,423,-119,96
-48,101,30,108,93,424,-118,96
-48,101,30,108,94,425,-118,97
-48,101,30,108,94,425,-118,97
-48,101,31,109,94,424,-118,97
-48,101,31,109,94,424,-118,96
-47,100,31,109,94,424,-117,95
-46,98,31,109,94,424,-117,93
-46,97,31,109,94,424,-115,92
-47,96,31,109,94,424,-117,91
-48,94,30,108,94,424,-118,90
-48,92,29,108,94,424,-118,87
-47,89,29,107,94,424,-117,85
-47,86,29,108,94,424,-117,81
-48,83,29,107,94,424,-118,78
-49,79,28,107,94,424,-119,75
-51,78,28,106,94,424,-120,73
-52,77,27,106,94,424,-122,73
-53,75,27,106,94,424,-123,70
-53,72,27,106,94,424,-123,68
-54,68,28,106,94,424,-124,64
-55,66,28,106,94,424,-124,61
-56,64,27,105,94,424,-123,59
-57,62,27,105,94,424,-124,58
-58,61,26,104,94,424,-125,56
-59,59,25,104,94,424,-125,52
-58,57,25,103,94,424,-125,50
-57,57,24,103,94,424,-124,50
-57,56,24,102,94,424,-124,48
-57,55,24,102,94,424,-124,48
-58,54,24,102,94,424,-125,47
-59,52,24,103,94,424,-125,45
-59,51,24,103,94,424,-125,45
-58,51,24,102,94,424,-125,43
-59,51,24,102,94,424,-125,43
-60,50,24,102,94,424,-126,43
-60,50,24,102,94,424,-126,42
-60,50,24,102,94,424,-126,43
-61,52,24,102,94,424,-128,45
-61,54,24,102,94,424,-128,46
-62,55,24,103,94,424,-129,47
-63,55,24,103,94,424,-129,48
-62,55,24,102,94,424,-129,47
-62,54,23,101,94,424,-129,47
-62,55,22,101,94,424,-129,47
-62,55,22,101,94,424,-129,48
-63,55,23,101,94,424,-129,48
-64,54,23,101,94,424,-130,47
-64,52,22,101,94,424,-131,45
-65,50,21,100,94,424,-131,42
-65,48,19,100,94,424,-131,39
-66,47,19,101,94,424,-133,37
-67,46,19,100,94,424,-134,36
-68,45,20,99,94,424,-134,37
-68,43,20,99,94,424,-134,36
-68,41,20,100,94,424,-134,31
-68,39,19,100,94,424,-135,29
-69,36,19,100,94,424,-135,26
-69,33,19,101,94,424,-136,23
-70,30,18,102,94,424,-139,20
-70,28,17,103,94,425,-139,19
-70,28,17,103,94,425,-139,19
-70,28,17,101,93,424,-136,19
-71,27,17,100,93,423,-137,17
-72,24,16,100,93,421,-137,14
-72,22,15,101,93,421,-141,9
-73,21,16,102,93,421,-141,12
-72,22,18,102,93,421,-141,12
-71,22,19,101,93,421,-137,13
-69,23,19,101,93,422,-135,14
-68,24,18,101,93,423,-134,14
-68,26,19,101,93,423,-134,17
-68,28,19,100,93,422,-135,18
-68,30,20,99,93,421,-134,23
-67,32,21,99,93,421,-134,24
-66,35,20,99,93,422,-130,28
-65,39,20,99,93,424,-131,31
-63,43,20,99,94,425,-130,36
-62,48,21,101,94,425,-129,41
-62,52,23,101,94,424,-129,45
-61,56,24,102,94,424,-128,48
-59,60,24,102,94,424,-126,53
-57,65,24,103,94,424,-124,58
-55,69,25,103,94,424,-123,63
-54,75,26,104,94,424,-122,70
-54,82,27,105,94,424,-122,78
-53,88,28,106,94,424,-123,84
-52,93,29,107,94,424,-122,89
-50,98,30,108,94,424,-120,93
-49,103,31,109,94,425,-119,98
-46,108,32,109,94,425,-117,103
-45,113,31,109,94,424,-115,108
-44,118,31,109,93,424,-114,113
-43,123,31,109,94,424,-113,118
-41,127,32,110,94,426,-112,125
-40,131,34,112,94,428,-111,129
-39,133,35,112,94,429,-112,131
-39,136,35,113,94,430,-112,134
-38,138,34,114,94,430,-112,136
-37,140,33,114,93,429,-111,135
-37,140,33,113,94,429,-111,139
-36,140,34,112,96,429,-109,139
-34,142,35,112,98,429,-106,140
-34,144,36,113,99,429,-107,141
-35,145,36,116,98,429,-111,144
-36,144,36,118,96,429,-112,142
-37,142,36,119,94,429,-113,140
-37,141,37,117,93,429,-113,139
-36,140,38,116,94,429,-109,139
-35,140,38,115,94,429,-108,140
-36,137,38,115,94,429,-108,135
-36,134,38,116,94,429,-109,131
-38,130,38,116,94,429,-111,128
-39,127,38,116,95,429,-112,125
-38,124,37,115,96,429,-112,122
-37,122,37,114,95,429,-111,120
-37,119,36,114,94,429,-109,117
-38,116,36,113,93,429,-111,114
-39,113,35,112,93,429,-112,111
-40,109,35,112,94,429,-113,107
-42,106,35,112,95,429,-114,103
-42,103,35,112,96,429,-114,101
-42,100,34,112,97,429,-112,98
-43,98,32,110,96,429,-113,96
-44,96,31,109,97,429,-114,92
-45,93,31,109,97,429,-115,89
-46,90,31,109,99,429,-115,85
-46,87,31,109,100,429,-115,83
-47,85,31,109,99,429,-117,81
-49,84,31,109,97,429,-118,80
-51,83,32,109,95,429,-120,79
-52,81,31,109,94,429,-122,76
-53,78,30,108,94,429,-123,74
-54,76,28,107,95,429,-124,72
-55,75,27,106,96,429,-125,70
-56,75,27,105,95,429,-123,70
-56,73,27,106,96,429,-125,69
-55,72,28,106,97,429,-124,67
-55,70,27,106,99,429,-124,65
-56,69,26,107,99,429,-125,62
-58,68,26,107,97,429,-128,61
-59,66,26,107,96,429,-129,59
-60,64,27,106,96,429,-129,59
-60,61,28,106,97,429,-130,57
-61,59,27,107,97,429,-131,54
-61,56,24,108,96,429,-133,50
-61,54,21,107,96,429,-133,45
-61,51,20,107,97,429,-133,41
-61,50,20,106,97,429,-133,40
-62,49,21,106,97,429,-131,40
-64,47,21,106,97,428,-133,37
-64,44,21,106,98,426,-134,35
-64,41,21,107,99,426,-135,31
-65,39,21,106,99,427,-134,29
-65,36,19,105,98,428,-134,26
-66,34,18,104,97,429,-135,25
-68,31,17,103,97,428,-136,21
-69,28,17,103,97,426,-137,18
-70,24,17,103,98,424,-139,14
-71,21,17,103,99,424,-139,12
-71,18,17,103,99,424,-139,9
-71,16,18,102,99,424,-140,6
-71,13,18,101,98,424,-137,3
-72,10,17,100,97,424,-137,1
-72,7,15,99,97,424,-137,-2
-72,4,14,99,97,424,-137,-7
-74,0,14,98,97,424,-140,-10
-76,-1,15,98,97,424,-142,-14
-78,-4,15,97,96,424,-141,-14
-79,-7,16,97,95,424,-142,-17
-79,-10,15,98,94,425,-145,-20
-81,-14,13,99,93,424,-146,-26
-83,-16,12,99,93,423,-148,-28
-84,-17,11,97,94,422,-150,-29
-85,-17,10,96,94,423,-151,-29
-85,-19,10,96,94,424,-151,-34
-86,-21,10,96,94,425,-151,-34
-86,-24,10,96,94,425,-151,-39
-87,-24,10,96,94,425,-152,-39
-87,-23,10,96,94,424,-152,-35
-87,-22,10,95,93,423,-151,-34
-88,-21,11,94,93,421,-151,-34
-88,-20,11,95,93,419,-151,-32
-89,-19,10,96,93,419,-155,-31
-89,-19,9,96,93,419,-155,-34
-89,-20,10,97,93,419,-155,-35
-89,-19,10,96,93,419,-155,-31
-88,-17,11,95,93,420,-151,-30
-87,-15,11,94,93,421,-150,-28
-87,-13,10,95,93,423,-150,-25
-87,-10,10,96,93,423,-153,-23
-87,-9,11,97,93,421,-152,-21
-86,-7,12,99,93,419,-151,-19
-83,-5,14,99,93,419,-150,-18
-83,-3,14,100,93,420,-148,-15
-83,0,13,99,93,421,-148,-12
-83,3,13,99,93,422,-148,-8
-82,6,13,100,93,421,-147,-6
-79,7,14,100,93,420,-145,-4
-78,8,15,101,93,419,-146,-3
-77,10,16,101,93,419,-145,-2
-76,12,16,102,93,419,-145,0
-76,15,17,103,93,420,-145,4
-74,17,17,103,93,419,-142,7
-72,20,18,102,93,419,-141,9
-71,22,18,101,93,419,-137,13
-70,25,18,102,93,419,-139,15
-70,27,18,102,93,419,-139,18
-68,29,18,101,93,419,-135,19
-68,30,19,100,93,419,-134,20
-67,32,19,101,93,419,-134,21
-67,34,19,102,93,419,-136,24
-67,36,20,104,93,419,-136,26
-66,38,21,105,93,419,-135,29
-65,39,22,105,93,419,-134,32
-65,40,22,105,93,419,-134,32
-66,40,21,106,93,419,-135,30
-66,42,20,106,93,419,-137,32
-66,44,20,106,93,419,-137,34
-65,46,21,106,93,419,-134,36
-65,48,21,106,93,419,-135,39
-66,48,21,106,93,419,-137,39
-67,47,21,107,93,419,-139,37
-66,46,22,107,93,419,-137,36
-65,48,21,107,93,420,-137,39
-65,50,21,106,93,419,-136,40
-66,51,22,107,93,419,-137,42
-66,51,23,108,93,419,-137,45
-65,50,23,108,93,420,-137,42
-65,48,22,107,93,421,-136,39
-64,48,21,106,93,422,-134,39
-64,48,20,106,93,421,-134,39
-64,48,21,106,93,420,-134,39
-64,49,21,106,93,419,-133,39
-65,49,21,106,93,420,-134,39
-66,47,21,106,93,421,-135,37
-67,45,21,106,93,422,-136,35
-67,43,21,106,93,421,-136,34
-66,42,21,106,93,420,-135,32
-67,42,21,106,93,419,-135,32
-68,41,21,106,93,419,-136,31
-69,39,21,106,93,420,-137,29
-69,36,21,106,93,422,-137,26
-68,35,21,106,93,423,-137,25
-68,35,21,106,93,423,-137,25
-68,35,21,106,93,421,-137,25
-69,33,21,106,93,420,-137,24
-70,31,21,106,93,419,-139,21
-71,28,20,105,93,419,-140,19
-70,28,19,104,93,420,-139,19
-70,28,18,104,94,420,-139,19
-70,28,18,103,93,419,-139,18
-71,26,17,103,93,419,-140,17
-72,24,17,103,93,419,-141,14
-73,22,17,103,94,419,-141,13
-73,22,17,103,94,419,-141,12
-72,22,17,103,93,419,-141,12
-72,23,17,103,92,419,-141,13
-73,23,16,104,92,419,-141,10
-74,23,14,105,93,419,-145,10
-76,21,14,106,93,419,-147,9
-77,21,14,105,92,419,-148,9
-78,21,15,105,90,419,-150,9
-79,23,15,105,89,420,-150,10
-79,24,14,106,90,419,-150,12
-79,24,13,106,90,419,-150,12
-79,22,13,106,90,419,-150,10
-78,22,14,106,89,420,-148,9
-77,23,14,106,89,420,-148,10
-75,25,14,106,89,420,-146,13
-75,26,14,107,89,420,-148,14
-74,26,14,106,89,420,-145,14
-75,26,13,106,89,420,-146,14
-75,26,14,106,89,420,-146,13
-75,26,15,107,89,420,-148,14
-73,27,16,108,89,420,-147,14
-72,28,17,109,88,420,-145,15
-70,28,18,110,89,420,-144,15
-70,28,18,110,91,419,-144,17
-71,29,17,109,92,419,-145,17
-71,30,17,109,92,419,-145,18
-71,32,17,110,91,419,-145,19
-69,33,17,110,89,420,-142,20
-68,35,17,109,88,420,-142,23
-67,37,18,108,89,420,-139,28
-67,39,20,108,89,420,-137,30
-67,42,22,109,89,420,-137,32
-66,44,23,110,89,420,-137,34
-65,46,23,111,89,420,-139,36
-63,49,23,111,89,420,-137,39
-61,52,23,111,90,419,-135,42
-59,55,23,110,91,419,-130,47
-57,57,24,110,91,420,-129,51
-57,59,24,109,92,419,-129,52
-57,61,24,109,91,419,-129,54
-56,64,24,109,90,419,-128,57
-55,66,24,110,90,420,-126,58
-55,68,24,109,90,421,-126,61
-54,71,24,109,90,421,-126,64
-54,74,24,109,90,421,-125,67
-54,76,25,110,89,420,-125,69
-53,79,27,112,89,421,-125,72
-52,81,28,112,90,422,-126,74
-51,83,28,113,92,423,-125,75
-50,83,28,113,92,423,-125,76
-50,85,28,112,90,423,-125,78
-50,87,28,112,89,423,-124,80
-49,89,28,112,88,423,-124,83
-48,90,28,113,90,423,-123,84
-48,90,28,113,92,424,-123,83
-47,90,28,113,93,425,-122,83
-46,91,28,112,92,425,-122,84
-45,93,27,112,91,424,-120,86
-45,96,28,113,90,424,-120,89
-46,97,29,114,91,424,-120,92
-46,97,30,115,92,424,-120,92
-46,97,31,116,94,424,-120,92
-45,97,32,116,94,424,-119,92
-44,99,32,116,94,424,-119,95
-43,102,31,116,94,424,-118,97
-43,104,31,116,94,424,-118,100
-43,104,32,116,94,425,-118,100
-41,105,31,116,93,425,-115,101
-39,105,31,116,93,424,-114,101
-40,107,31,116,92,424,-114,102
-41,108,32,117,93,424,-117,104
-41,111,34,118,93,426,-117,106
-40,113,35,120,94,428,-118,108
-39,115,34,120,94,429,-117,111
-39,117,32,120,94,430,-117,113
-39,119,31,121,94,430,-117,114
-39,121,31,121,94,429,-119,117
-39,122,33,121,94,428,-117,118
-38,123,34,121,94,427,-115,119
-38,123,34,121,94,428,-115,119
-38,124,33,121,94,429,-115,119
-37,125,32,122,94,430,-118,120
-36,127,31,123,94,430,-117,120
-36,129,31,123,94,429,-115,122
-35,130,32,122,94,429,-115,125
-36,130,33,121,94,429,-114,125
-36,130,33,121,94,429,-114,125
-36,130,33,121,94,429,-114,125
-36,130,33,121,94,429,-114,125
-36,130,32,122,94,429,-115,125
-36,130,32,122,94,429,-115,125
-36,130,32,122,94,429,-117,125
-36,130,32,122,94,430,-117,125
-36,130,31,123,94,430,-117,123
-36,130,31,123,94,431,-115,123
-36,130,32,123,94,432,-115,123
-36,130,32,122,94,433,-117,125
-37,129,33,121,94,434,-114,124
-38,126,33,121,94,434,-115,122
-39,124,34,120,94,434,-117,120
-38,123,35,119,94,434,-115,122
-38,123,35,119,94,434,-115,119
-38,123,34,121,94,434,-115,118
-38,121,33,122,94,434,-118,117
-39,119,33,121,94,434,-117,114
-40,117,33,120,94,434,-118,112
-39,115,31,119,94,434,-117,111
-39,112,29,119,94,434,-117,106
-40,109,28,119,94,434,-117,102
-41,106,29,119,94,434,-119,100
-43,104,30,117,94,434,-120,97
-43,103,30,117,94,434,-120,98
-45,101,29,118,94,434,-122,95
-46,98,29,119,94,434,-124,91
-48,94,30,117,95,434,-125,87
-49,89,30,115,96,434,-124,85
-50,85,29,113,96,434,-122,81
-50,82,28,112,96,434,-123,75
-52,78,27,113,95,434,-126,70
-54,74,27,114,94,434,-129,67
-56,71,27,114,94,434,-130,64
-57,68,26,113,94,434,-131,61
-57,65,24,112,94,434,-131,54
-58,61,22,112,94,434,-133,51
-59,57,21,113,94,434,-133,47
-60,53,20,113,94,434,-136,43
-60,49,20,112,94,434,-134,39
-61,45,18,111,94,434,-135,32
-62,42,18,110,94,434,-136,30
-63,39,17,109,94,434,-137,28
-65,37,17,109,94,434,-139,25
-67,35,18,110,94,434,-141,23
-69,33,17,110,94,434,-142,20
-70,31,17,110,94,434,-144,18
-70,28,18,109,94,434,-144,17
-70,28,18,108,94,434,-141,15
-70,28,18,108,94,433,-141,18
-70,28,18,108,94,432,-141,17
-70,28,18,109,94,433,-144,17
-70,28,17,110,94,434,-144,17
-70,28,17,110,94,434,-144,15
-70,28,17,109,94,434,-144,15
-70,28,17,109,94,434,-144,15
-71,29,17,110,94,434,-145,17
-72,32,17,110,94,434,-146,19
-72,35,18,109,94,434,-146,23
-72,37,18,108,94,434,-142,25
-71,39,18,108,94,434,-142,30
-70,41,18,109,94,434,-144,29
-69,44,18,110,94,434,-142,31
-68,48,21,111,94,434,-142,37
-67,51,23,111,94,434,-139,43
-66,52,24,110,94,434,-137,45
-66,54,23,110,94,434,-137,47
-65,57,21,112,94,434,-140,47
-65,60,21,113,94,434,-141,50
-65,63,21,114,94,434,-141,53
-64,65,23,115,94,434,-141,56
-64,67,24,116,94,434,-140,57
-64,69,25,116,94,434,-141,59
-65,70,25,116,94,434,-141,59
-65,70,24,116,94,434,-142,59
-65,70,24,116,94,434,-142,61
-64,72,24,116,94,434,-141,62
-63,75,24,116,94,434,-140,64
-63,77,24,116,94,434,-140,67
-63,78,25,116,94,434,-140,68
-63,76,25,116,94,434,-140,67
-62,75,24,116,94,434,-139,65
-61,73,24,115,94,434,-137,64
-61,73,23,115,94,434,-137,63
-60,72,22,114,94,434,-136,63
-60,71,21,114,94,434,-136,61
-60,68,21,113,94,434,-134,59
-61,66,21,113,94,434,-136,57
-63,65,21,113,94,434,-137,56
-62,65,21,113,94,434,-136,56
-62,65,21,113,94,434,-136,54
-61,63,21,113,94,434,-135,53
-62,61,21,113,94,434,-136,52
-63,59,21,113,94,434,-137,50
-64,57,21,113,94,434,-137,48
-63,56,21,113,94,434,-137,47
-62,55,21,113,94,434,-136,46
-62,54,21,113,94,434,-136,45
-63,54,21,113,94,434,-137,45
-65,54,21,113,94,434,-139,45
-65,54,21,113,94,434,-139,45
-63,53,21,113,94,434,-137,43
-62,51,21,113,94,434,-136,42
-61,50,21,113,94,434,-135,40
-63,48,21,113,94,434,-136,39
-64,48,21,113,94,434,-139,39
-64,50,21,113,94,434,-139,41
-63,53,21,113,94,434,-137,43
-62,55,21,113,94,434,-136,45
-62,55,21,112,94,434,-136,45
-62,55,21,113,94,434,-136,45
-63,56,22,114,95,434,-139,46
-62,58,23,115,96,434,-139,48
-62,60,24,116,96,434,-139,51
-62,61,25,116,96,434,-139,52
-62,62,24,116,95,434,-139,53
-63,64,24,116,94,434,-140,54
-63,65,24,116,94,434,-140,56
-63,66,24,116,94,434,-140,57
-62,68,24,116,94,434,-139,58
-61,70,24,116,94,434,-139,61
-61,72,24,116,94,434,-137,63
-59,74,25,115,94,434,-136,67
-57,74,25,115,94,434,-131,67
-56,74,26,114,94,434,-130,67
-56,74,27,113,94,434,-130,67
-56,75,27,113,94,434,-130,68
-56,76,28,112,94,434,-130,69
-55,79,28,112,94,434,-128,72
-55,81,28,112,94,434,-129,74
-54,82,27,113,94,434,-129,75
-53,82,27,114,94,434,-128,75
-51,82,26,114,94,434,-125,75
-50,83,27,113,94,434,-124,76
-50,85,27,113,96,434,-125,78
-51,86,27,113,98,434,-126,79
-52,88,27,114,99,434,-126,80
-52,89,28,115,98,435,-126,81
-53,89,28,115,98,436,-128,81
-53,90,28,114,98,437,-128,83
-54,90,28,113,98,437,-129,83
-54,91,29,113,98,437,-129,86
-53,93,30,115,98,437,-128,89
-52,94,30,117,98,437,-129,89
-51,94,30,118,99,438,-129,90
-52,93,30,117,100,439,-129,89
-53,93,31,116,100,439,-128,89
-54,93,31,116,99,439,-129,87
-54,92,31,116,99,439,-129,87
-55,92,31,116,99,439,-130,87
-54,92,31,116,100,439,-129,87
-54,92,31,116,99,439,-129,87
-54,91,30,117,99,439,-131,86
-54,89,30,117,99,439,-131,81
-55,86,30,117,99,439,-133,81
-56,84,31,116,99,439,-130,79
-55,83,31,116,99,439,-129,78
-54,81,31,116,99,439,-129,76
-55,79,32,116,99,439,-129,74
-56,77,32,116,99,439,-130,72
-56,75,31,116,99,439,-130,70
-55,73,30,115,99,439,-130,68
-55,72,29,114,99,439,-129,68
-55,70,28,112,99,439,-130,63
-57,66,27,112,99,439,-131,59
-59,62,28,113,99,439,-134,54
-59,59,28,113,99,439,-134,52
-58,57,28,113,99,439,-133,50
-57,55,27,112,99,439,-129,48
-57,53,25,110,99,439,-129,46
-58,51,24,110,99,439,-130,45
-60,50,24,111,99,439,-131,43
-60,50,24,112,99,439,-134,43
-60,50,24,112,99,439,-134,43
-60,51,23,112,99,439,-134,41
-60,51,22,112,99,439,-134,41
-60,50,22,112,99,439,-134,41
-60,50,23,110,99,439,-131,41
-60,50,24,110,99,439,-131,43
-61,51,23,110,99,439,-133,42
-62,53,21,112,99,439,-136,43
-63,56,21,113,99,439,-136,46
-62,59,21,112,99,439,-136,50
-62,61,22,112,99,439,-136,51
-61,63,21,112,99,439,-135,53
-61,65,21,113,99,439,-136,56
-62,67,22,114,99,439,-139,58
-62,70,23,115,99,439,-139,61
-61,72,23,115,99,439,-137,63
-59,75,23,115,99,439,-136,65
-59,76,24,115,99,439,-135,67
-59,79,24,116,99,439,-136,69
-59,81,24,116,99,439,-136,72
-59,83,25,116,99,439,-136,73
-57,83,25,117,99,439,-135,74
-56,84,27,119,99,439,-133,76
-54,85,28,120,99,439,-134,78
-54,86,28,120,99,439,-133,79
-53,87,28,120,99,439,-133,80
-52,88,28,120,99,439,-131,81
-51,89,27,120,99,439,-130,81
-50,89,26,122,99,439,-130,79
-51,88,26,122,99,439,-130,79
-51,87,26,121,99,438,-131,78
-50,85,27,120,99,438,-130,78
-49,84,28,120,100,439,-129,76
-48,84,27,121,100,440,-128,76
-49,84,25,122,100,441,-130,74
-50,84,25,122,100,440,-131,74
-50,83,27,121,100,439,-130,76
-50,83,27,120,99,438,-129,76
-49,82,27,120,99,438,-129,75
-49,82,27,120,100,439,-129,74
-50,82,27,121,100,440,-130,74
-51,81,26,121,100,441,-130,72
-52,81,25,122,100,440,-134,72
-52,79,26,122,100,439,-134,70
-52,78,27,121,99,438,-131,70
-52,77,28,120,99,438,-131,70
-52,77,27,119,100,439,-129,69
-53,76,25,117,100,440,-130,69
-54,75,24,116,100,441,-131,65
-56,75,24,116,100,440,-133,65
-58,74,24,116,100,439,-135,64
-60,73,24,117,99,438,-136,64
-60,72,24,117,99,438,-137,63
-60,71,23,118,99,439,-139,62
-59,69,23,117,99,439,-136,59
-60,68,23,116,99,439,-136,58
-61,67,23,115,99,438,-137,57
-63,65,23,114,99,438,-140,56
-63,64,23,115,99,439,-140,53
-64,61,22,115,100,440,-141,52
-65,59,21,115,100,442,-141,50
-66,58,20,114,100,442,-142,48
-67,56,20,114,100,440,-144,43
-68,54,19,114,99,439,-144,42
-68,52,19,115,99,438,-145,40
-69,49,18,116,99,438,-147,37
-69,48,18,116,99,439,-148,35
-69,46,18,115,99,439,-147,34
-69,44,19,115,100,439,-146,31
-70,41,19,115,100,440,-146,29
-71,39,19,114,100,441,-147,28
-70,38,19,113,100,440,-146,25
-69,36,18,113,100,439,-145,24
-68,35,18,114,99,438,-145,23
-69,34,18,115,99,438,-148,21
-71,33,18,117,99,439,-150,20
-72,33,18,117,100,439,-151,20
-73,32,18,117,99,439,-152,20
-73,33,18,116,99,439,-151,20
-72,33,17,115,99,439,-151,20
-72,33,16,115,100,439,-151,20
-72,33,15,115,100,439,-151,18
-72,33,16,115,99,439,-151,20
-73,33,17,116,98,439,-151,20
-73,32,18,117,97,439,-152,20
-72,33,18,116,97,439,-151,20
-71,33,17,115,97,439,-150,20
-69,34,16,115,98,439,-148,21
-69,35,17,115,98,439,-147,23
-68,36,18,117,98,438,-147,24
-69,36,18,117,98,437,-147,24
-69,36,16,115,99,436,-147,24
-69,37,15,114,98,435,-146,21
-70,38,15,114,97,435,-146,23
-70,39,16,115,97,435,-148,26
-70,40,18,116,97,434,-148,28
-68,41,18,117,97,434,-146,29
-66,41,18,117,97,433,-145,29
-66,42,18,116,98,434,-145,29
-66,42,18,116,99,434,-145,29
-66,42,18,116,99,434,-145,30
-66,42,17,117,100,434,-145,29
-66,41,18,116,99,434,-145,29
-68,41,18,116,99,434,-146,29
-69,40,17,117,98,434,-147,28
-69,40,17,117,97,434,-148,28
-69,40,17,117,97,434,-147,28
-68,40,18,116,97,434,-147,28
-69,40,18,116,98,434,-147,28
-69,40,18,115,98,434,-146,28
-69,40,18,115,98,434,-145,28
-68,41,19,115,98,434,-144,29
-66,41,21,115,98,434,-142,31
-66,41,23,116,98,434,-142,31
-67,42,25,116,98,434,-142,31
-67,43,25,116,98,434,-144,34
-67,45,25,116,97,434,-144,35
-66,47,24,117,97,434,-142,37
-64,49,23,117,97,434,-141,39
-63,50,23,118,97,434,-142,40
-63,53,23,117,97,434,-139,43
-62,56,24,117,97,434,-139,47
-61,60,24,116,98,434,-137,51
-60,63,25,116,98,434,-136,53
-59,66,25,116,97,434,-136,57
-59,69,24,116,96,434,-135,59
-58,72,24,116,95,434,-135,62
-57,74,24,117,95,434,-134,64
-57,76,23,120,97,434,-136,67
-56,79,23,122,98,434,-139,69
-56,82,23,122,98,434,-137,73
-56,85,23,122,97,433,-137,75
-56,86,24,122,97,432,-139,76
-57,86,24,123,98,430,-139,76
-57,85,25,123,99,430,-139,75
-55,86,25,123,100,431,-137,76
-53,87,25,123,99,432,-135,78
-52,88,25,123,98,432,-134,78
-52,88,25,123,97,432,-134,78
-53,87,25,123,97,432,-135,78
-54,87,25,123,99,431,-136,78
-55,86,25,123,100,431,-136,76
-55,85,25,123,99,430,-136,75
-55,83,25,123,97,429,-136,73
-54,82,25,123,95,429,-136,72
-54,81,25,123,95,429,-136,72
-54,80,25,123,97,429,-135,70
-54,78,25,123,99,429,-135,68
-55,75,25,123,100,429,-136,65
-56,74,25,123,99,429,-137,64
-56,74,25,123,97,431,-137,64
-56,75,25,123,97,432,-137,65
-56,75,25,123,98,432,-137,65
-56,75,25,123,98,431,-137,65
-56,75,25,123,98,429,-137,65
-55,75,25,123,97,429,-136,65
-53,76,25,123,97,429,-135,67
-53,78,25,123,98,429,-135,68
-54,80,24,123,99,429,-135,70
-54,81,25,123,99,430,-136,72
-54,83,26,124,99,432,-136,74
-53,86,27,126,99,434,-135,76
-53,89,28,126,99,434,-137,79
-54,91,28,127,99,434,-139,84
-55,93,28,126,99,434,-140,84
-55,96,28,126,99,434,-140,86
-54,98,28,126,99,434,-139,89
-53,100,28,126,99,434,-137,90
-53,102,28,126,99,434,-137,92
-54,105,28,126,99,434,-139,96
-54,108,28,126,99,434,-139,98
-54,109,28,126,99,434,-139,100
-53,110,28,126,99,434,-137,100
-53,110,28,126,99,434,-137,100
-53,110,28,126,99,434,-137,100
-53,109,28,126,99,434,-137,100
-53,109,28,126,99,434,-137,100
-53,110,28,126,98,434,-137,101
-53,110,28,126,97,434,-137,100
-52,108,28,127,98,434,-137,101
-52,106,28,126,99,434,-137,96
-53,103,27,126,99,434,-135,93
-54,99,26,124,99,434,-136,90
-55,96,25,123,99,434,-137,86
-56,91,24,123,99,434,-137,81
-56,86,24,124,99,434,-139,76
-57,79,22,126,99,434,-141,67
-57,74,21,126,99,434,-141,62
-59,69,19,126,98,434,-144,57
-61,64,19,125,97,434,-145,50
-64,58,18,124,97,434,-147,43
-65,52,18,124,97,434,-148,37
-66,46,18,123,98,434,-150,31
-69,40,16,122,98,434,-152,25
-72,33,15,121,98,434,-156,18
-75,26,14,120,96,434,-156,12
-77,20,14,120,94,434,-157,4
-77,14,13,119,94,433,-158,-1
-77,7,12,118,96,432,-158,-9
-79,2,11,117,97,432,-159,-15
-80,-3,10,117,98,432,-161,-20
-83,-6,10,117,97,431,-163,-24
-85,-10,10,115,96,430,-164,-28
-86,-14,9,114,95,431,-163,-31
-87,-18,8,112,94,432,-164,-36
-89,-23,7,112,94,432,-166,-40
-90,-26,7,113,94,431,-167,-43
-90,-27,7,114,94,430,-168,-45
-90,-28,7,114,94,429,-167,-45
-90,-28,7,113,94,429,-167,-46
-90,-29,7,113,94,429,-168,-47
-91,-29,7,113,94,429,-168,-47
-91,-28,7,113,94,429,-168,-46
-91,-26,7,113,94,429,-168,-43
-92,-24,7,113,94,429,-169,-41
-92,-23,7,113,94,429,-169,-40
-92,-21,7,113,94,429,-169,-39
-90,-18,7,113,94,429,-167,-36
-88,-15,7,113,94,429,-166,-32
-87,-11,7,113,94,429,-166,-29
-87,-7,7,113,94,429,-164,-25
-87,-3,7,113,94,429,-164,-21
-85,0,7,113,94,429,-163,-17
-84,5,8,115,94,429,-162,-12
-82,10,9,115,94,429,-163,-7
-80,13,10,116,94,429,-161,-3
-79,17,11,117,94,429,-159,0
-78,20,12,118,94,429,-159,3
-78,25,13,119,94,429,-158,9
-78,28,14,120,94,429,-158,13
-76,32,14,120,94,429,-157,18
-74,36,14,120,94,429,-156,21
-73,40,14,120,94,429,-153,25
-72,44,15,121,94,429,-153,29
-73,47,15,121,93,429,-157,32
-73,50,15,121,93,429,-157,35
-71,50,16,121,93,429,-155,35
-69,51,17,122,93,429,-153,36
-68,53,18,123,93,429,-152,39
-68,55,18,124,93,429,-152,41
-69,57,18,124,93,429,-152,42
-69,57,18,123,93,429,-152,42
-68,57,18,122,93,429,-152,45
-66,58,20,121,94,429,-147,46
-65,59,21,120,94,429,-144,47
-64,58,21,119,94,430,-142,46
-63,56,21,120,94,430,-141,43
-62,55,21,120,94,429,-141,42
-62,54,21,120,94,428,-144,42
-62,54,21,120,94,428,-141,42
-62,55,21,119,94,428,-141,42
-62,55,22,119,94,427,-141,45
-62,55,22,119,94,426,-141,45
-62,55,22,119,94,426,-141,45
-62,54,21,119,94,427,-141,42
-62,54,21,120,94,429,-144,42
-62,55,23,120,94,430,-141,45
-62,57,26,120,94,430,-141,47
-61,59,28,119,94,429,-140,52
-59,62,28,120,94,429,-139,54
-58,65,28,120,94,429,-137,58
-57,69,28,120,94,429,-136,62
-55,73,28,120,94,429,-134,65
-53,78,28,119,94,429,-133,70
-51,83,28,120,94,429,-131,76
-49,89,29,120,94,429,-129,83
-47,96,30,122,94,430,-126,89
-44,103,32,123,94,430,-124,96
-41,110,33,124,94,431,-122,106
-39,119,34,125,94,432,-119,114
-36,128,35,126,94,432,-119,124
-35,137,35,127,94,432,-118,133
-33,146,36,128,94,433,-117,142
-32,156,37,128,94,434,-114,152
-29,166,39,130,95,434,-113,164
-26,177,40,130,96,434,-111,175
-23,186,42,132,97,435,-109,184
-19,196,42,135,96,435,-106,194
-17,205,42,138,95,436,-106,203
-15,216,42,140,95,436,-107,214
-14,226,43,142,96,437,-106,224
-11,235,46,143,97,438,-103,234
-8,244,49,143,97,439,-100,245
-5,252,50,144,97,439,-97,252
-3,259,50,145,97,440,-95,260
-2,266,49,146,98,442,-97,267
0,272,50,147,100,444,-96,273
0,277,51,148,100,444,-93,278
3,281,52,149,100,443,-92,283
5,284,53,149,100,444,-90,285
7,285,53,150,100,445,-87,286
7,286,53,150,100,447,-87,288
7,285,54,151,100,447,-87,289
7,284,54,151,100,447,-87,288
6,281,54,151,100,447,-89,285
6,278,53,150,100,448,-89,279
5,275,53,149,100,449,-89,277
5,270,53,150,100,448,-89,272
5,264,53,150,100,448,-89,266
4,257,53,150,100,449,-90,258
2,250,52,149,100,450,-91,251
0,242,51,148,100,450,-95,244
-3,235,50,147,100,450,-97,235
-4,226,48,145,101,450,-98,227
-6,216,47,144,101,452,-97,214
-9,205,45,142,100,453,-101,203
-12,194,44,140,100,454,-101,192
-16,183,44,138,100,454,-104,181
-19,173,42,138,101,453,-107,172
-22,163,40,137,102,453,-111,158
-26,153,38,136,102,454,-114,148
-30,143,36,134,102,453,-118,139
-33,133,34,132,101,451,-119,125
-36,122,32,130,100,450,-120,115
-39,112,31,129,100,450,-124,106
-43,102,29,128,100,452,-128,95
-47,92,28,126,100,453,-131,83
-51,83,27,125,101,452,-134,73
-54,73,26,124,102,450,-136,64
-57,65,24,123,102,448,-139,56
-60,57,23,122,101,448,-141,47
-63,49,22,121,101,448,-144,39
-66,41,21,119,101,448,-145,29
-68,34,19,119,102,448,-147,21
-71,26,18,119,101,448,-150,13
-74,19,15,119,101,448,-155,4
-77,13,14,120,100,448,-158,-1
-79,7,13,119,100,448,-159,-9
-80,1,12,118,100,448,-161,-15
-81,-4,11,117,100,448,-162,-21
-83,-10,10,116,100,449,-163,-28
-85,-16,9,115,100,449,-166,-34
-87,-20,8,115,100,448,-167,-37
-88,-24,7,114,100,447,-166,-41
-88,-28,7,113,100,445,-166,-46
-89,-32,7,113,100,444,-166,-50
-90,-35,7,113,100,443,-167,-53
-92,-37,7,114,100,444,-169,-54
-93,-39,7,114,100,444,-170,-56
-95,-39,6,113,100,444,-172,-57
-95,-39,7,111,100,444,-173,-57
-95,-39,7,109,100,444,-169,-57
-95,-39,7,108,100,443,-169,-57
-93,-38,7,106,100,443,-166,-56
-93,-36,7,106,100,442,-166,-53
-92,-34,7,107,100,441,-164,-52
-91,-32,8,108,100,440,-163,-50
-90,-29,9,109,99,439,-166,-47
-90,-25,10,110,99,439,-164,-40
-89,-20,11,110,99,439,-164,-35
-87,-15,10,110,99,439,-163,-30
-85,-9,10,109,99,439,-161,-24
-82,-3,10,110,99,439,-157,-18
-79,3,11,111,99,439,-155,-10
-78,11,13,112,99,439,-153,-3
-76,19,14,113,99,439,-152,4
-73,27,15,115,99,439,-152,12
-70,35,17,115,99,439,-148,23
-68,44,18,117,99,439,-146,32
-66,54,20,119,100,440,-145,42
-64,65,21,120,100,441,-146,53
-61,76,22,121,100,442,-142,63
-58,86,24,122,100,443,-140,76
-55,96,25,122,100,443,-137,86
-52,106,27,123,100,444,-135,96
-49,117,28,125,100,444,-131,109
-46,129,29,127,100,444,-131,122
-43,139,31,129,100,443,-128,131
-40,148,32,131,100,444,-125,141
-38,156,34,132,100,444,-124,148
-36,165,36,133,100,445,-124,159
-33,174,37,134,100,446,-122,169
-30,182,38,135,101,446,-119,178
-29,187,39,136,101,447,-118,183
-28,191,39,137,102,448,-117,186
-27,194,40,138,101,448,-115,189
-25,196,41,139,101,448,-117,191
-23,197,43,139,101,448,-114,195
-22,198,44,139,102,448,-111,196
-22,198,44,139,103,448,-111,196
-23,197,43,139,103,448,-112,195
-24,195,43,139,103,448,-115,194
-25,191,42,140,104,448,-117,189
-26,185,43,140,105,448,-118,183
-29,179,43,140,105,448,-120,178
-32,174,43,140,105,448,-123,173
-35,169,41,139,105,448,-125,164
-36,162,40,137,105,448,-124,157
-37,153,39,136,105,448,-125,148
-38,145,39,135,105,448,-126,140
-40,136,39,134,105,448,-125,131
-43,126,37,133,105,448,-129,120
-46,115,35,132,105,448,-131,111
-50,106,32,131,105,448,-134,98
-52,98,31,130,105,448,-137,91
-54,91,31,129,105,448,-139,84
-55,83,30,126,105,448,-137,75
-56,75,30,123,105,448,-135,68
-58,68,29,121,105,448,-137,61
-60,61,28,119,105,448,-136,54
-62,55,27,119,105,448,-139,47
-65,50,25,117,105,448,-141,40
-67,45,24,116,105,447,-144,35
-68,41,24,116,105,445,-145,31
-69,39,24,116,104,443,-145,29
-69,37,24,116,104,443,-145,26
-69,36,23,115,104,443,-145,26
-70,36,22,114,104,444,-146,26
-72,35,21,113,104,444,-148,25
-73,34,19,114,104,443,-150,21
-74,34,18,115,104,443,-152,21
-74,35,18,117,104,443,-152,23
-73,36,17,117,104,443,-152,24
-73,38,17,117,104,443,-152,25
-72,39,18,116,104,443,-151,26
-72,40,18,117,104,444,-151,28
-72,42,18,117,104,444,-151,30
-72,43,19,119,104,443,-151,31
-73,43,20,119,104,442,-151,31
-74,44,19,118,104,440,-152,31
-74,45,18,117,104,438,-152,32
-73,47,18,117,104,438,-152,35
-71,48,18,117,104,438,-150,36
-69,47,20,119,104,439,-148,35
-68,46,21,120,104,439,-147,34
-69,47,21,120,104,438,-148,35
-70,48,21,120,104,438,-148,36
-70,49,21,120,104,438,-150,36
-70,49,21,120,104,438,-152,36
-70,49,20,121,104,438,-151,36
-71,50,20,121,104,438,-152,37
-71,50,20,121,104,438,-152,37
-71,50,20,121,104,438,-152,39
-71,50,19,122,105,438,-152,39
-71,50,18,123,106,438,-155,36
-71,50,18,123,106,438,-155,35
-71,50,18,123,106,438,-155,35
-71,50,18,124,105,438,-155,35
-69,51,18,124,104,438,-153,36
-69,53,18,123,104,438,-152,39
-68,55,18,122,104,438,-150,42
-68,57,19,122,104,438,-150,45
-68,59,20,124,104,438,-152,47
-68,61,20,125,104,438,-151,48
-67,63,21,125,104,438,-151,51
-67,65,22,123,104,438,-148,53
-67,67,22,123,104,438,-148,54
-66,69,22,125,104,438,-150,57
-65,70,22,126,104,438,-150,58
-65,71,22,126,104,438,-150,58
-67,73,22,126,104,438,-151,61
-68,75,23,125,104,438,-152,63
-68,78,24,124,104,438,-150,68
-66,81,25,123,104,438,-148,70
-65,81,24,123,104,438,-147,72
-66,80,23,124,104,438,-148,70
-68,78,22,125,104,438,-152,65
-68,76,22,126,104,438,-152,63
-67,74,22,126,104,438,-151,62
-67,72,22,126,104,438,-151,61
-67,71,21,126,104,438,-151,58
-68,69,21,127,104,438,-152,57
-68,66,21,127,104,438,-152,54
-68,63,21,127,104,438,-152,51
-68,59,21,127,104,438,-152,47
-69,54,21,127,104,438,-152,42
-70,50,21,127,104,438,-153,37
-70,47,20,126,104,438,-155,35
-72,44,19,125,104,438,-155,31
-73,42,18,123,104,438,-157,26
-75,39,16,122,104,438,-159,24
-77,34,16,122,104,438,-161,19
-79,30,17,122,104,438,-162,14
-78,26,17,122,104,438,-162,10
-78,23,15,121,104,438,-162,8
-78,20,14,121,104,438,-162,4
-79,16,13,121,104,438,-162,-1
-80,13,12,121,103,438,-163,-3
-82,11,13,121,102,438,-164,-6
-83,11,14,121,102,439,-166,-3
-84,10,14,120,101,439,-164,-4
-86,8,13,119,101,438,-166,-7
-86,5,12,118,102,437,-167,-12
-85,4,10,117,104,436,-166,-13
-83,4,10,117,104,437,-164,-12
-82,5,10,117,103,438,-162,-12
-82,6,11,117,101,439,-162,-10
-83,7,11,117,99,439,-163,-9
-83,9,11,117,101,437,-163,-8
-82,11,10,117,103,435,-163,-6
-81,14,10,116,104,434,-162,-3
-80,16,10,117,103,434,-161,-1
-80,19,12,118,101,435,-161,2
-80,22,13,119,101,435,-161,7
-79,25,14,120,101,436,-159,10
-77,28,14,120,102,437,-158,13
-77,32,14,120,102,438,-158,17
-76,37,14,120,102,439,-157,21
-76,42,15,121,102,439,-159,26
-75,46,17,122,102,438,-158,31
-73,51,18,123,102,438,-157,36
-71,54,18,123,101,438,-155,40
-70,59,18,123,100,439,-153,45
-69,64,19,124,99,439,-153,52
-69,70,20,126,99,439,-153,58
-68,74,21,127,100,439,-152,62
-67,78,21,127,100,439,-153,65
-65,81,21,127,100,439,-150,69
-63,84,22,125,100,438,-147,72
-61,87,23,124,100,438,-142,74
-59,90,23,125,99,439,-144,78
-57,93,24,126,99,440,-141,80
-55,96,25,128,100,442,-140,86
-53,98,27,128,102,442,-137,89
-52,101,28,127,103,442,-136,93
-51,104,28,126,103,442,-134,96
-50,105,28,126,101,443,-135,96
-50,106,28,126,100,444,-135,96
-50,105,28,127,101,444,-135,96
-51,105,28,127,102,443,-135,98
-51,107,30,128,103,443,-136,100
-51,109,31,129,102,443,-135,102
-50,111,31,129,101,443,-135,103
-48,112,30,128,100,444,-134,106
-48,112,29,127,100,444,-133,106
-48,112,28,126,100,444,-133,102
-50,111,29,127,100,444,-135,103
-51,110,31,129,100,443,-136,103
-53,110,32,130,100,443,-137,103
-53,110,32,130,100,444,-137,103
-53,109,32,130,100,445,-137,102
-53,108,32,130,100,446,-137,101
-54,105,30,129,100,445,-139,98
-55,103,29,127,100,444,-140,96
-56,102,28,126,100,443,-141,92
-57,100,28,126,100,443,-141,90
-57,98,27,127,101,443,-142,89
-58,96,26,128,102,444,-142,86
-59,93,26,129,101,443,-144,84
-61,91,26,130,100,444,-147,81
-61,87,26,129,100,443,-148,76
-62,83,25,128,99,444,-146,73
-63,79,23,127,100,445,-147,67
-64,76,21,126,101,446,-147,64
-65,74,21,127,101,446,-150,62
-67,71,21,127,102,446,-153,58
-68,67,21,126,101,444,-152,54
-68,63,20,126,100,444,-152,51
-68,59,18,125,100,443,-152,43
-69,54,17,125,100,444,-153,40
-71,50,16,124,100,444,-155,35
-73,46,15,124,100,444,-156,31
-73,42,14,122,100,444,-157,26
-74,38,13,121,100,444,-157,20
-74,32,13,121,100,444,-157,14
-75,27,13,122,100,444,-158,9
-77,23,13,122,100,444,-161,6
-79,20,14,121,100,444,-162,6
-80,18,13,119,100,444,-161,1
-81,15,12,118,100,444,-162,-2
-82,11,10,117,100,444,-162,-6
-83,7,10,117,100,444,-163,-9
-84,4,10,117,100,443,-164,-12
-85,4,11,117,100,442,-166,-13
-85,4,10,116,100,442,-166,-13
-86,2,9,115,100,442,-167,-14
-86,0,9,116,100,442,-167,-17
-87,-2,9,117,100,440,-167,-19
-87,-2,9,118,99,439,-167,-20
-86,-1,8,117,99,438,-167,-19
-85,0,8,115,99,438,-166,-17
-85,3,8,114,99,439,-163,-14
-84,4,9,115,99,439,-164,-13
-84,5,10,117,99,439,-164,-12
-83,6,11,117,99,439,-163,-10
-83,9,11,117,99,439,-163,-8
-82,13,10,117,99,439,-162,-4
-81,17,10,117,99,439,-162,0
-79,22,10,116,99,439,-161,4
-79,26,11,117,99,439,-159,8
-78,30,12,118,99,439,-159,13
-78,35,13,119,99,439,-159,20
-77,40,14,120,99,439,-158,25
-74,46,15,121,99,439,-158,31
-72,52,16,121,99,439,-156,37
-69,58,16,122,99,439,-153,43
-68,63,17,122,99,439,-152,48
-68,68,19,124,99,439,-152,56
-67,74,20,126,99,439,-151,62
-65,81,21,126,99,439,-150,69
-63,88,22,127,99,439,-147,75
-61,94,22,128,99,439,-147,81
-58,100,24,129,99,439,-146,87
-56,106,25,130,99,439,-144,93
-54,111,25,130,99,439,-141,101
-51,117,26,131,100,439,-139,108
-49,123,27,133,100,439,-136,113
-46,129,28,133,100,439,-133,119
-43,133,29,133,99,438,-131,123
-41,137,31,133,99,439,-129,130
-39,140,33,134,100,440,-128,133
-38,144,34,134,101,442,-125,136
-35,148,35,133,102,443,-123,144
-32,154,36,133,103,444,-120,150
-29,159,36,134,102,444,-117,155
-28,164,38,136,101,443,-115,159
-27,168,39,137,100,443,-115,163
-25,172,40,137,100,444,-113,168
-22,177,41,138,101,445,-111,173
-20,182,41,138,104,447,-108,180
-18,187,42,139,105,448,-107,185
-17,191,42,139,105,448,-108,189
-15,196,43,140,105,448,-107,194
-13,201,44,141,105,448,-104,200
-10,205,45,142,105,448,-101,203
-8,210,46,143,105,448,-100,208
-8,216,46,143,105,448,-100,214
-7,222,46,143,105,450,-100,220
-6,229,46,143,105,452,-98,227
-4,234,47,144,105,453,-96,231
-2,237,49,145,105,453,-97,238
-1,241,50,147,105,453,-95,241
0,245,50,147,105,453,-95,245
0,249,50,146,105,454,-93,250
0,252,50,146,105,455,-93,253
0,255,50,147,106,456,-93,256
0,257,50,148,106,457,-93,257
0,258,51,148,106,458,-93,258
0,258,51,148,105,458,-93,258
1,256,51,148,105,458,-93,257
2,255,51,148,106,458,-92,256
2,254,50,148,107,458,-91,255
2,252,50,147,108,458,-91,252
2,249,50,145,108,458,-90,250
1,244,51,144,109,457,-90,245
0,238,51,145,110,458,-91,239
-1,231,52,145,111,459,-93,233
-4,226,51,144,111,461,-96,227
-6,219,51,143,111,462,-98,220
-8,213,50,142,111,463,-97,213
-9,205,48,141,111,463,-98,206
-11,198,47,141,111,462,-101,198
-13,191,46,140,111,462,-102,192
-15,185,46,138,111,462,-104,186
-17,178,46,137,111,462,-103,179
-19,170,46,136,111,462,-104,172
-21,163,45,135,111,462,-107,163
-23,157,44,134,111,462,-108,156
-25,151,42,133,111,462,-111,150
-27,145,40,132,111,462,-113,144
-29,138,39,132,111,462,-114,134
-32,132,38,131,111,462,-117,128
-34,126,37,130,111,463,-119,122
-36,122,37,129,111,463,-118,118
-37,119,36,127,111,462,-119,114
-38,116,35,126,111,462,-120,112
-39,113,35,126,111,462,-122,108
-41,111,35,126,111,464,-123,106
-42,110,35,127,111,466,-124,106
-42,110,35,126,111,467,-124,104
-42,110,34,125,111,468,-122,106
-42,110,33,124,111,467,-122,106
-43,111,32,124,111,467,-123,107
-43,113,31,125,111,467,-126,106
-43,115,31,125,111,467,-125,107
-41,116,32,125,111,467,-124,109
-39,118,33,126,112,467,-122,114
-38,121,34,127,115,467,-120,117
-37,125,34,127,116,467,-120,120
-37,129,34,128,116,467,-119,124
-36,133,35,129,116,466,-119,129
-35,138,34,130,116,467,-120,134
-34,142,34,131,116,469,-119,135
-32,148,34,133,116,470,-120,141
-31,153,35,133,116,472,-119,148
-29,157,37,134,116,472,-117,153
-27,162,38,136,116,472,-115,158
-27,168,39,136,116,472,-115,163
-25,173,39,137,116,472,-113,168
-22,177,39,137,116,472,-111,173
-19,181,40,137,116,472,-108,177
-17,185,41,139,116,472,-106,184
-16,190,42,140,116,472,-107,189
-15,195,43,140,116,472,-107,194
-15,200,44,141,116,473,-107,198
-14,204,45,142,116,474,-106,202
-14,206,46,143,116,475,-104,205
-11,209,46,143,116,476,-103,207
-10,212,46,144,116,476,-101,211
-9,214,46,143,117,477,-101,213
-9,216,46,143,117,477,-101,214
-10,216,46,143,116,477,-101,214
-10,215,46,143,116,477,-102,213
-10,215,46,144,116,477,-101,213
-10,216,45,144,117,477,-103,214
-9,216,45,144,118,477,-103,214
-9,214,45,144,118,476,-103,213
-9,212,45,144,118,477,-101,211
-10,209,45,144,117,478,-104,208
-12,207,45,144,118,480,-106,205
-13,205,44,144,120,481,-107,202
-13,202,43,144,122,481,-107,200
-13,197,42,142,122,481,-104,196
-14,191,42,141,120,481,-104,190
-15,185,42,140,118,481,-106,184
-16,179,42,140,118,481,-107,177
-16,173,42,139,120,481,-104,172
-17,167,40,137,122,481,-106,163
-18,161,39,137,122,481,-107,157
-21,154,38,136,122,481,-108,150
-23,148,38,135,122,481,-112,144
-26,142,37,134,122,481,-114,137
-28,137,36,133,122,481,-117,133
-30,132,35,133,122,481,-118,128
-32,127,34,132,122,481,-117,120
-34,121,33,131,122,481,-119,114
-36,117,32,130,122,481,-120,111
-38,113,32,130,122,481,-123,106
-41,109,32,130,122,481,-125,102
-43,105,31,129,122,481,-128,98
-45,103,29,128,122,481,-130,96
-47,101,28,126,122,481,-131,92
-49,99,28,126,122,481,-131,90
-50,97,28,126,122,481,-134,87
-50,94,28,126,122,481,-135,85
-51,93,28,126,122,481,-135,84
-52,93,28,126,122,482,-136,84
-53,95,28,126,122,483,-137,85
-54,97,28,126,122,483,-139,87
-54,98,28,126,122,482,-139,89
-53,99,28,126,122,482,-137,90
-52,99,28,126,122,482,-134,91
-52,98,28,126,122,483,-136,89
-53,98,27,128,122,484,-137,89
-53,100,26,129,122,485,-140,90
-53,103,26,129,122,486,-137,93
-52,105,27,128,122,486,-136,95
-50,105,28,126,122,486,-135,96
-50,105,27,127,122,486,-135,96
-50,105,26,129,122,486,-137,96
-50,107,25,130,122,484,-137,95
-49,110,25,131,122,484,-136,98
-48,112,26,132,122,484,-135,102
-48,112,27,132,122,486,-135,103
-48,112,28,133,122,486,-135,102
-48,112,28,133,122,486,-137,102
-48,112,27,133,122,486,-135,102
-48,112,26,131,122,486,-135,102
-48,112,27,130,122,486,-135,102
-48,112,29,130,122,486,-134,104
-48,112,30,131,122,486,-136,104
-48,112,29,131,122,486,-135,102
-48,112,27,131,122,486,-135,102
-48,112,26,130,122,486,-135,102
-49,112,27,130,122,486,-136,102
-48,112,28,129,122,486,-133,103
-48,112,29,129,122,486,-133,104
-48,110,30,129,122,486,-133,103
-48,108,32,130,122,486,-133,101
-49,106,32,130,122,486,-134,100
-50,105,32,130,122,486,-135,98
-51,105,32,130,122,486,-135,98
-51,103,30,129,122,486,-136,96
-52,101,29,127,122,486,-136,93
-52,99,28,126,122,486,-137,90
-52,98,28,126,122,486,-135,89
-52,99,28,126,122,486,-137,89
-52,99,28,127,122,487,-137,89
-54,98,28,127,122,487,-139,89
-56,97,28,126,122,488,-140,87
-57,96,28,126,122,487,-141,86
-56,95,28,126,122,487,-139,87
-55,93,28,126,122,487,-140,84
-56,92,27,127,122,487,-140,83
-57,90,26,129,122,487,-145,80
-59,90,25,130,122,487,-146,80
-58,89,25,131,122,487,-145,76
-57,87,25,130,122,488,-144,74
-57,85,24,129,122,487,-145,73
-59,84,22,128,122,486,-146,72
-61,83,21,127,122,485,-145,72
-61,83,21,126,122,486,-146,70
-62,81,21,126,122,487,-146,69
-62,79,21,127,122,490,-146,67
-62,77,21,127,122,491,-146,64
-62,75,21,126,122,491,-146,63
-62,73,21,126,122,490,-146,61
-64,71,21,127,122,487,-147,58
-65,68,22,127,122,486,-150,56
-66,65,21,126,122,486,-151,53
-67,62,20,126,122,486,-151,50
-67,59,19,124,122,486,-151,47
-66,57,18,123,122,486,-150,42
-67,54,18,123,122,486,-151,39
-68,51,18,123,122,486,-152,36
-69,47,18,124,122,486,-153,32
-71,43,18,123,122,486,-155,29
-71,39,17,122,122,486,-155,24
-70,36,15,121,122,486,-153,20
-71,32,14,120,122,486,-152,18
-72,29,14,120,122,486,-152,14
-73,26,14,120,122,486,-153,10
-73,23,14,120,122,486,-153,8
-73,20,13,119,122,486,-153,6
-74,17,13,119,122,486,-155,2
-75,14,14,119,122,486,-156,0
-76,12,14,120,122,486,-157,-2
-77,10,13,119,122,486,-157,-4
-78,8,12,118,122,486,-158,-9
-79,7,11,117,122,486,-159,-9
-80,6,10,116,122,486,-161,-10
-81,7,10,117,122,486,-161,-10
-81,6,11,117,122,486,-162,-10
-82,6,11,117,122,486,-162,-10
-83,5,10,117,122,486,-163,-12
-84,5,10,117,122,486,-164,-12
-84,5,10,117,122,486,-164,-12
-84,4,10,117,122,486,-164,-12
-83,4,10,117,122,486,-163,-12
-82,6,10,117,122,486,-163,-10
-82,7,10,117,122,485,-162,-9
-82,10,11,116,122,484,-159,-7
-83,11,13,114,122,483,-161,-3
-83,11,14,113,122,483,-158,-3
-83,10,14,113,122,484,-158,-3
-83,10,13,114,122,484,-161,-4
-83,10,13,115,122,485,-161,-3
-83,12,14,115,122,484,-161,-2
-82,15,15,117,122,483,-159,1
-81,17,15,119,122,481,-162,2
-81,18,16,119,122,481,-162,3
-81,18,16,118,122,481,-162,2
-81,17,16,118,122,481,-159,2
-81,17,15,119,122,481,-162,2
-81,17,14,120,122,481,-162,2
-81,18,14,120,122,481,-164,2
-81,17,14,120,122,481,-162,2
-81,17,14,120,122,481,-162,2
-81,17,14,120,122,481,-162,2
-81,17,13,119,122,481,-162,2
-81,17,11,118,122,481,-162,0
-81,17,11,117,122,481,-162,0
-81,17,10,116,122,481,-162,0
-81,17,10,117,122,480,-162,0
-81,17,11,117,122,479,-162,0
-81,17,11,117,122,480,-162,0
-80,17,10,117,122,480,-161,0
-81,17,10,117,122,480,-162,0
-83,17,10,117,122,480,-163,0
-84,15,10,117,122,478,-164,-1
-84,13,10,117,121,477,-164,-3
-84,12,10,117,121,477,-164,-4
-84,12,10,117,121,477,-164,-4
-85,14,10,117,121,477,-166,-3
-85,14,10,117,121,477,-166,-2
-85,14,10,117,121,477,-166,-3
-84,12,10,117,121,477,-164,-4
-83,12,10,117,121,477,-164,-4
-83,12,10,117,121,477,-164,-4
-83,12,10,117,121,477,-164,-4
-83,11,10,117,122,476,-164,-6
-83,10,10,117,122,476,-163,-6
-83,10,10,117,121,477,-163,-6
-83,10,10,117,120,477,-163,-6
-83,11,10,117,118,476,-163,-6
-83,11,11,116,116,475,-163,-6
-85,10,11,116,116,475,-163,-7
-86,9,12,115,116,475,-164,-6
-86,7,11,116,118,475,-164,-9
-86,5,11,116,120,473,-166,-12
-85,4,10,117,121,472,-166,-13
-86,3,10,117,120,471,-167,-14
-88,2,10,117,119,472,-168,-14
-90,1,11,117,118,472,-170,-15
-90,2,11,117,117,472,-170,-15
-90,2,10,117,116,470,-170,-14
-89,2,10,116,116,469,-169,-15
-90,0,9,115,116,467,-170,-17
-91,-2,8,115,116,467,-168,-19
-91,-4,8,114,116,467,-169,-21
-92,-4,7,114,116,467,-169,-21
-91,-4,7,113,116,467,-169,-21
-91,-4,7,113,116,467,-169,-21
-91,-4,8,112,116,467,-169,-21
-91,-4,8,112,116,467,-169,-21
-91,-4,8,112,116,466,-169,-21
-91,-4,7,113,116,464,-169,-21
-91,-4,7,113,115,462,-169,-21
-91,-4,7,113,115,462,-169,-21
-91,-4,7,113,115,462,-169,-21
-91,-2,8,114,115,462,-169,-19
-90,0,10,116,115,462,-170,-17
-89,1,10,117,115,462,-169,-15
-88,3,11,117,115,462,-168,-14
-87,4,10,117,115,462,-168,-12
-87,7,10,117,115,462,-167,-9
-87,10,10,116,115,462,-167,-7
-86,13,10,117,115,462,-167,-3
-84,16,11,118,115,462,-166,-1
-83,18,13,119,115,462,-163,1
-82,21,14,120,115,462,-162,6
-81,24,16,119,115,462,-162,9
-80,29,17,117,115,463,-158,17
-79,33,17,117,115,462,-157,20
-77,37,17,117,115,461,-156,25
-75,41,17,119,115,458,-156,29
-73,45,19,120,115,457,-155,32
-72,48,21,120,115,458,-153,36
-70,52,21,120,115,458,-148,40
-68,56,21,120,115,459,-147,43
-67,59,21,120,115,458,-146,47
-65,63,22,121,115,458,-147,51
-64,67,22,121,115,458,-146,54
-63,69,22,121,115,459,-145,59
-62,72,22,121,115,459,-144,62
-61,74,23,122,115,458,-144,64
-61,75,24,123,115,457,-142,65
-60,78,25,123,115,457,-141,68
-58,81,25,123,115,457,-140,72
-57,84,25,123,115,458,-139,74
-57,85,25,123,115,457,-139,75
-56,86,25,123,115,457,-139,76
-55,86,24,123,115,457,-137,76
-54,87,25,123,115,458,-135,78
-52,87,25,125,115,459,-134,78
-52,88,27,126,115,459,-134,79
-51,90,29,126,115,459,-134,83
-51,92,31,124,115,458,-134,85
-50,94,32,123,116,457,-130,87
-49,95,32,122,117,456,-129,91
-47,96,32,123,119,457,-126,89
-46,98,32,123,119,458,-125,91
-44,101,32,123,120,460,-124,93
-44,103,31,123,119,462,-124,96
-43,106,31,122,119,462,-123,98
-43,108,32,123,119,462,-123,101
-43,111,32,124,119,462,-123,107
-42,113,34,125,119,462,-123,109
-41,116,35,126,119,462,-124,111
-39,119,36,126,120,462,-122,114
-39,122,35,126,121,462,-122,118
-38,126,35,126,121,462,-120,122
-37,130,35,126,120,462,-120,126
-36,133,35,126,120,462,-119,129
-36,137,36,127,121,464,-118,133
-34,140,37,128,121,465,-117,135
-32,144,39,130,121,465,-115,142
-31,149,39,130,121,465,-114,147
-30,153,39,130,121,466,-113,151
-28,157,40,131,121,466,-112,156
-27,161,41,132,121,467,-113,159
-25,165,42,132,121,467,-111,163
-24,167,42,133,121,466,-109,166
-22,170,42,133,121,467,-108,168
-21,172,43,133,121,468,-107,170
-21,174,43,134,121,470,-107,172
-20,177,44,134,121,472,-106,175
-19,179,44,134,121,472,-106,178
-19,181,44,134,121,472,-106,180
-19,183,44,135,121,472,-106,181
-20,183,45,135,121,471,-106,184
-20,183,46,136,121,472,-106,184
-18,183,46,137,121,472,-104,184
-17,184,46,137,121,473,-103,185
-16,184,46,136,121,474,-102,185
-17,184,44,135,121,475,-103,185
-18,184,43,133,121,476,-104,183
-19,183,42,133,122,476,-104,181
-19,181,43,134,122,477,-104,179
-18,180,46,134,123,477,-104,180
-18,179,47,133,124,476,-101,179
-18,177,47,131,125,476,-102,178
-19,175,46,129,126,476,-101,175
-20,173,46,129,126,476,-101,174
-21,172,46,129,126,476,-102,173
-22,170,45,130,126,476,-103,170
-24,167,44,130,126,478,-107,168
-25,163,44,131,126,480,-108,163
-25,159,45,131,126,481,-108,159
-27,157,45,130,126,481,-108,157
-29,155,44,128,126,481,-109,156
-31,152,43,127,126,481,-112,153
-33,148,42,126,126,482,-113,148
-34,144,42,127,126,483,-114,145
-35,141,43,127,127,484,-115,141
-36,138,43,127,127,485,-117,139
-38,134,42,127,127,485,-119,135
-41,129,42,126,127,486,-122,130
-43,124,41,125,127,486,-123,122
-43,120,39,124,127,486,-120,118
-44,116,37,123,127,486,-124,114
-44,112,36,123,127,486,-124,107
-46,108,35,123,127,486,-125,103
-47,103,36,123,127,486,-128,98
-49,99,36,122,127,486,-126,97
-50,96,36,122,127,486,-126,91
-51,93,34,121,127,486,-128,89
-53,89,32,120,127,485,-130,85
-55,85,29,119,127,486,-131,78
-56,82,28,120,127,487,-135,74
-57,79,28,120,127,489,-136,72
-58,75,28,119,127,490,-137,68
-60,71,27,119,127,490,-136,64
-61,66,27,118,127,489,-137,59
-62,62,26,118,127,489,-139,56
-64,59,25,117,127,490,-140,50
-65,57,25,116,127,491,-141,47
-66,54,25,116,127,491,-142,45
-67,51,24,116,127,491,-144,41
-68,48,23,116,127,491,-145,37
-69,44,21,115,127,491,-145,34
-69,40,19,115,127,491,-146,28
-70,36,18,115,127,491,-148,24
-72,33,18,116,127,491,-150,20
-73,30,18,116,127,491,-152,18
-74,28,19,116,127,491,-153,17
-75,26,19,115,127,491,-151,14
-74,25,18,114,127,491,-150,12
-74,22,16,113,127,490,-150,9
-75,20,15,113,127,489,-151,6
-78,19,15,114,127,489,-153,4
-80,18,15,115,127,489,-158,3
-81,17,15,115,127,490,-159,2
-80,16,14,114,127,491,-156,1
-79,14,14,113,127,491,-156,0
-79,13,14,113,127,491,-155,-1
-78,13,14,113,127,490,-153,-1
-79,13,14,113,127,489,-155,-1
-79,13,14,113,127,489,-155,-1
-79,13,14,113,127,489,-155,-1
-79,13,14,113,127,490,-155,-1
-79,12,14,113,127,491,-155,-2
-79,13,14,113,127,491,-155,-1
-78,15,14,113,127,491,-155,1
-78,18,14,113,127,491,-153,3
-76,19,15,114,127,491,-152,4
-75,21,17,115,127,491,-153,8
-74,22,18,116,127,491,-152,9
-73,25,18,117,127,491,-151,13
-72,29,18,117,127,491,-151,17
-71,33,18,116,127,491,-150,21
-70,38,17,117,127,491,-148,26
-68,43,18,116,127,491,-147,30
-67,46,17,116,127,491,-146,34
-67,50,18,117,127,491,-146,37
-66,54,18,118,127,491,-145,42
-66,59,20,119,127,491,-145,46
-66,64,21,120,127,491,-145,51
-64,68,22,119,127,491,-144,58
-61,74,22,119,127,491,-141,64
-60,79,21,119,127,491,-139,69
-59,83,21,119,127,491,-139,70
-58,86,23,120,127,491,-137,76
-57,90,25,121,127,491,-136,80
-55,93,26,122,127,491,-137,84
-53,97,26,122,127,491,-133,87
-52,99,27,121,127,491,-131,91
-51,101,28,119,127,490,-131,93
-51,103,28,119,127,491,-129,96
-51,105,29,121,127,492,-130,98
-50,106,29,123,127,494,-130,98
-49,106,30,124,127,495,-131,98
-49,106,31,124,127,496,-131,98
-49,106,31,123,127,496,-129,98
-48,106,32,123,127,495,-128,100
-47,105,32,123,127,495,-126,98
-46,104,32,123,127,495,-126,97
-47,102,32,123,127,495,-126,95
-47,101,31,123,127,495,-128,93
-48,100,30,122,127,495,-128,92
-47,98,30,122,127,495,-126,91
-47,96,31,122,127,495,-126,89
-48,93,32,123,127,495,-128,86
-48,92,31,123,127,495,-128,85
-48,90,30,122,127,495,-128,83
-49,89,30,122,127,495,-129,81
-50,87,31,122,127,495,-129,80
-51,85,32,122,127,495,-130,80
-51,83,30,122,127,495,-131,75
-52,80,28,122,127,495,-131,73
-52,78,26,122,127,495,-134,69
-54,76,25,122,127,495,-133,67
-55,75,27,121,127,495,-134,68
-56,75,28,120,127,495,-135,68
-56,75,27,121,127,495,-135,68
-56,75,25,122,127,495,-137,65
-57,74,25,123,127,495,-139,64
-59,72,24,124,127,495,-140,62
-60,71,24,123,127,495,-141,61
-60,71,24,122,127,495,-141,61
-60,71,23,122,127,495,-141,61
-60,69,22,121,127,495,-142,59
-61,67,22,121,127,495,-142,54
-62,65,21,120,127,495,-141,53
-64,63,21,120,127,495,-142,51
-65,61,21,120,127,495,-144,50
-65,60,21,120,127,496,-144,47
-64,57,21,120,127,496,-142,45
-62,54,20,119,127,495,-141,42
-62,52,18,117,127,494,-141,40
-63,49,18,117,127,492,-142,37
-64,46,17,116,127,492,-144,34
-65,42,18,116,127,492,-144,30
-66,38,18,117,127,492,-145,26
-67,36,18,117,127,491,-146,23
-67,34,18,116,127,491,-146,21
-68,31,18,117,127,490,-146,19
-68,28,18,117,127,491,-147,15
-70,25,18,116,127,491,-148,12
-72,23,17,116,127,491,-150,10
-72,21,16,115,127,491,-151,9
-72,20,15,115,127,491,-150,6
-71,19,14,114,127,491,-148,4
-70,18,14,113,127,491,-146,3
-71,18,14,113,127,491,-146,3
-72,20,14,113,127,491,-147,6
-71,22,14,114,127,491,-150,8
-70,24,15,115,127,491,-148,9
-68,25,16,115,127,491,-147,13
-68,27,17,115,127,491,-146,15
-68,31,18,115,127,491,-144,19
-68,36,19,114,127,491,-144,24
-66,42,20,114,127,490,-142,31
-64,47,21,114,127,491,-140,37
-61,52,22,114,127,491,-137,42
-59,56,23,115,127,492,-135,47
-59,61,23,116,127,492,-135,52
-58,68,24,116,127,492,-135,58
-57,76,24,116,127,492,-134,67
-55,85,25,117,127,493,-131,75
-53,93,27,119,127,493,-133,86
-50,101,28,122,127,493,-130,93
-47,107,29,123,127,492,-126,100
-44,114,30,124,127,492,-126,107
-42,121,31,124,127,494,-124,114
-40,127,31,126,127,495,-123,120
-39,133,32,127,127,496,-122,126
-39,139,32,129,128,496,-124,131
-39,145,33,129,128,495,-124,137
-37,151,35,129,127,495,-120,147
-34,158,37,129,127,495,-117,153
-32,164,39,129,127,495,-115,162
-29,168,39,130,128,495,-113,166
-28,171,39,130,129,495,-112,169
-28,174,39,131,129,497,-112,173
-26,177,41,132,129,499,-113,175
-24,180,42,133,129,500,-109,178
-21,182,43,133,129,501,-107,180
-20,184,42,133,130,501,-106,183
-20,186,42,133,129,500,-106,185
-19,188,42,133,128,500,-106,186
-18,189,42,133,129,501,-104,187
-16,190,42,133,131,502,-102,189
-14,191,42,133,133,502,-101,189
-14,191,43,134,133,503,-100,190
-14,191,45,135,133,504,-101,191
-16,189,45,135,133,505,-102,190
-16,186,45,135,133,505,-102,187
-15,185,44,134,133,505,-102,183
-15,183,43,133,133,505,-101,181
-15,181,42,133,133,505,-101,179
-16,180,42,133,133,505,-102,178
-17,178,42,133,133,505,-103,177
-18,176,42,133,133,505,-104,174
-19,173,42,133,133,505,-104,172
-19,170,43,133,133,505,-106,169
-21,167,42,133,133,505,-107,164
-22,163,41,132,133,505,-108,162
-24,160,40,130,133,505,-108,158
-26,155,39,130,133,505,-109,153
-26,151,39,130,133,506,-109,150
-27,148,39,130,133,507,-111,146
-28,144,39,130,133,506,-112,142
-31,141,37,129,133,505,-113,136
-32,137,36,127,133,506,-115,133
-34,133,35,126,133,508,-117,129
-36,130,35,126,134,510,-119,125
-38,126,34,126,135,510,-120,122
-39,123,33,126,135,510,-122,118
-41,118,33,126,135,509,-123,113
-41,113,32,126,134,508,-124,106
-43,108,31,125,133,507,-125,101
-45,104,30,126,133,507,-128,97
-48,101,29,125,133,508,-130,95
-50,98,29,123,133,509,-133,91
-52,93,29,121,133,508,-131,86
-52,88,29,119,133,506,-129,81
-53,82,28,119,133,505,-130,75
-54,77,27,119,133,505,-131,70
-56,73,25,118,133,506,-135,63
-57,68,23,118,133,508,-136,58
-59,63,22,118,133,508,-139,53
-60,58,23,118,133,507,-139,48
-61,53,23,116,133,506,-137,43
-64,48,22,114,133,506,-140,37
-66,42,21,113,133,506,-140,32
-68,37,21,113,133,505,-141,26
-69,33,21,113,133,505,-145,23
-70,30,21,113,133,505,-146,20
-71,27,20,112,133,505,-145,17
-72,22,18,111,133,505,-146,9
-74,17,18,110,133,505,-147,4
-75,13,17,109,133,505,-148,1
-77,10,17,109,133,505,-150,-2
-79,7,15,110,133,505,-152,-4
-82,4,14,110,133,505,-155,-7
-83,2,14,110,133,505,-156,-9
-83,0,14,110,133,505,-156,-14
-82,-1,13,110,133,505,-156,-15
-82,-3,11,109,133,505,-158,-18
-83,-5,10,109,133,505,-158,-20
-85,-6,11,109,133,505,-159,-21
-85,-7,11,109,133,505,-158,-21
-85,-6,12,108,133,505,-158,-21
-83,-5,11,108,133,505,-156,-20
-82,-4,11,109,133,504,-155,-19
-81,-3,11,109,133,503,-153,-18
-80,-2,12,108,133,502,-153,-17
-81,0,11,108,133,501,-153,-15
-81,1,11,109,133,501,-155,-13
-81,2,10,109,133,501,-157,-12
-81,4,10,110,133,502,-157,-9
-80,7,11,111,133,502,-156,-7
-79,9,12,112,133,502,-155,-4
-78,12,13,112,133,502,-153,-2
-78,15,13,112,133,502,-153,0
-78,18,14,113,133,503,-153,3
-77,21,14,113,133,503,-153,6
-77,23,14,113,133,502,-153,8
-76,27,14,113,133,501,-152,12
-75,30,14,113,133,500,-151,15
-75,33,14,113,133,500,-151,19
-74,36,14,113,133,500,-151,21
-73,37,14,114,133,500,-152,23
-72,39,15,115,133,500,-151,24
-72,40,17,115,133,501,-147,28
-71,43,18,114,133,502,-147,30
-70,45,19,114,133,502,-146,32
-69,47,20,114,133,502,-146,37
-69,48,21,113,133,500,-146,37
-70,48,21,113,133,499,-144,39
-70,49,21,113,133,500,-145,39
-71,50,21,113,133,502,-147,40
-71,51,21,113,133,503,-147,41
-71,50,21,113,133,503,-147,40
-70,49,21,113,133,502,-145,39
-69,47,21,113,133,502,-144,37
-68,46,21,113,133,502,-145,36
-68,46,21,113,133,501,-145,36
-68,45,21,113,133,501,-145,35
-68,42,21,113,133,500,-142,32
-69,39,21,112,133,500,-142,29
-68,36,21,113,133,500,-145,26
-68,35,20,114,133,502,-145,23
-69,34,18,115,133,502,-148,21
-71,32,18,116,133,502,-150,20
-72,29,17,117,133,502,-151,17
-73,27,18,117,133,503,-152,14
-74,25,18,117,133,504,-152,12
-74,23,17,117,133,505,-152,10
-74,21,16,115,133,503,-152,9
-74,19,15,114,133,502,-150,4
-75,16,15,113,133,500,-151,2
-76,14,16,113,133,501,-152,2
-77,13,16,113,133,502,-153,1
-78,12,16,113,133,502,-153,0
-78,11,15,112,133,501,-153,0
-79,10,14,112,133,500,-155,-4
-80,8,14,113,133,500,-156,-6
-81,7,14,113,133,500,-156,-7
-81,6,14,114,133,500,-159,-8
-81,7,14,114,133,500,-159,-7
-82,8,14,113,133,500,-157,-6
-82,9,15,112,133,500,-158,-4
-82,9,16,111,133,500,-156,-2
-82,9,16,111,131,500,-156,-2
-82,9,16,111,129,500,-156,-2
-83,10,16,111,129,500,-156,-2
-83,10,17,110,131,500,-156,-2
-81,10,16,108,133,500,-155,-1
-79,11,15,108,133,500,-152,-1
-78,11,15,108,133,500,-151,0
-79,12,16,108,133,500,-152,0
-82,12,16,109,133,500,-155,0
-83,11,16,108,133,500,-157,-1
-83,10,15,107,132,500,-157,-1
-82,9,14,107,131,500,-153,-2
-81,7,14,107,131,500,-152,-4
-80,6,14,107,131,500,-153,-6
-80,6,14,107,132,500,-153,-6
-81,6,14,107,133,500,-155,-6
-82,6,15,107,133,500,-155,-6
-83,3,16,108,133,499,-156,-8
-84,1,16,109,132,497,-157,-10
-83,0,15,109,131,495,-156,-12
-82,0,14,109,130,495,-156,-14
-82,0,13,109,129,496,-155,-15
-82,-1,12,110,129,497,-157,-17
-83,-3,12,111,130,498,-158,-18
-84,-4,11,111,130,497,-159,-19
-85,-6,10,110,130,496,-159,-20
-85,-6,10,110,130,495,-159,-21
-85,-6,11,111,129,495,-159,-21
-85,-6,12,111,129,495,-159,-21
-85,-6,11,111,129,495,-161,-21
-85,-6,11,110,128,495,-159,-20
-84,-5,10,110,127,495,-159,-20
-82,-4,10,110,127,495,-157,-19
-80,-4,10,110,127,495,-156,-19
-80,-3,10,110,128,495,-156,-18
-81,-3,10,110,128,495,-157,-18
-82,-1,10,110,127,495,-158,-17
-83,0,10,110,127,495,-158,-14
-82,2,10,110,127,495,-157,-12
-81,4,10,110,127,495,-157,-10
-81,6,10,110,127,495,-156,-8
-81,8,10,110,127,495,-156,-6
-81,10,11,110,127,495,-157,-3
-80,11,12,111,127,495,-156,-2
-79,13,12,111,127,495,-155,-1
-78,15,11,111,127,495,-153,1
-76,18,10,111,127,495,-152,3
-74,21,11,111,127,495,-150,6
-73,23,14,111,127,495,-148,8
-72,26,16,111,127,495,-146,13
-72,29,18,110,127,495,-146,17
-71,32,18,109,127,495,-145,19
-70,36,17,109,127,495,-144,23
-68,39,18,111,127,495,-142,26
-67,43,20,112,127,495,-141,32
-65,46,21,113,127,495,-139,37
-63,50,21,113,127,495,-140,40
-61,54,21,113,127,495,-137,43
-60,57,21,113,127,495,-134,48
-59,62,22,114,127,495,-135,53
-58,68,23,115,127,495,-135,58
-57,72,24,116,127,495,-134,63
-56,77,24,118,127,495,-133,68
-54,81,24,119,127,495,-134,72
-51,86,26,120,127,495,-130,76
-49,91,27,120,127,495,-128,84
-47,96,28,119,128,496,-126,89
-46,101,28,120,128,496,-126,95
-46,108,29,120,127,495,-126,101
-45,115,30,122,127,495,-125,107
-42,121,31,123,127,495,-123,114
-39,126,32,123,128,497,-119,122
-37,131,33,124,129,499,-117,126
-35,136,34,125,130,500,-115,131
-34,140,35,126,129,501,-117,135
-32,144,35,126,128,501,-115,140
-31,148,35,126,129,500,-114,144
-29,151,35,126,130,500,-112,147
-28,156,36,127,131,500,-111,152
-27,161,37,128,130,500,-111,156
-26,164,39,130,129,500,-109,162
-26,167,39,130,128,500,-109,166
-25,168,39,130,129,501,-108,167
-24,169,39,130,131,502,-108,167
-23,170,40,130,132,502,-107,168
-23,171,40,130,132,502,-106,169
-22,172,41,130,131,502,-106,170
-21,172,42,131,132,503,-104,170
-21,171,44,132,132,505,-104,172
-21,171,44,131,132,505,-104,172
-21,171,43,130,132,505,-104,172
-21,169,42,128,132,506,-102,168
-22,166,40,128,132,505,-106,164
-22,163,39,129,131,504,-106,162
-22,160,38,130,130,502,-106,158
-23,158,39,130,129,500,-106,156
-23,155,40,129,131,502,-107,152
-25,151,40,129,133,503,-108,148
-26,146,39,128,133,505,-109,144
-27,141,38,128,133,505,-111,140
-29,137,36,127,133,505,-112,133
-30,134,35,126,133,505,-113,129
-32,130,35,126,133,505,-115,126
-34,127,35,126,132,505,-117,123
-36,123,35,126,131,505,-118,119
-38,119,34,126,132,505,-120,114
-39,115,32,124,133,505,-119,111
-41,112,32,123,133,505,-122,104
-42,108,32,123,133,505,-122,101
-44,105,32,123,133,505,-124,98
-45,103,32,123,133,505,-124,96
-46,100,31,122,133,505,-126,92
-48,97,29,120,133,505,-128,90
-49,95,28,120,133,505,-129,89
-50,94,28,120,133,505,-129,87
-50,93,28,119,133,505,-128,86
-50,91,27,119,133,505,-128,84
-51,89,27,118,133,505,-128,81
-51,86,27,119,133,505,-128,79
-51,85,28,119,133,505,-130,78
-51,83,28,120,133,505,-131,75
-53,82,29,119,133,505,-130,74
-54,81,28,117,133,505,-131,74
-54,81,26,116,133,505,-131,74
-54,81,25,116,133,505,-131,72
-54,82,24,116,133,505,-131,72
-55,80,24,116,133,505,-133,70
-56,78,25,116,133,505,-134,69
-57,76,25,116,133,505,-134,67
-57,75,24,116,133,505,-134,65
-57,74,24,116,133,505,-134,64
-59,73,24,116,133,505,-136,63
-60,72,24,116,133,505,-136,62
-59,69,24,116,133,505,-136,59
-59,66,24,116,133,505,-136,57
-59,63,24,116,133,505,-136,53
-60,61,25,116,133,505,-136,52
-60,60,25,116,133,505,-136,50
-60,58,24,116,133,505,-136,48
-61,56,23,115,133,505,-137,46
-62,54,22,114,133,505,-139,43
-62,51,21,113,133,505,-136,41
-62,48,21,112,133,503,-136,39
-62,46,21,113,133,501,-136,36
-64,43,21,113,133,500,-137,34
-65,40,21,113,133,500,-139,30
-68,37,21,113,133,501,-141,28
-68,36,21,113,133,502,-142,25
-69,34,21,113,133,502,-142,24
-69,33,20,112,133,501,-142,23
-69,31,19,112,133,500,-144,21
-70,28,19,111,133,500,-144,17
-71,26,18,110,133,500,-145,13
-72,24,18,110,133,500,-145,12
-72,22,17,109,133,500,-146,9
-74,21,17,110,133,500,-147,8
-75,20,17,110,133,500,-148,8
-76,19,17,110,133,500,-150,7
-76,18,18,110,133,500,-150,6
-75,17,18,110,133,500,-148,4
-75,16,17,110,133,500,-148,4
-75,17,15,110,133,500,-148,4
-76,18,14,110,133,500,-152,3
-76,19,13,109,133,500,-150,4
-77,20,13,108,133,500,-151,6
-77,19,14,108,133,500,-151,7
-76,19,15,110,133,500,-150,7
-75,20,15,112,133,500,-151,8
-74,23,14,113,133,500,-150,8
-74,25,13,113,133,500,-150,9
-74,26,13,111,133,500,-150,10
-75,27,15,109,133,500,-148,14
-74,28,17,109,133,500,-147,15
-73,30,18,110,133,500,-147,18
-72,33,16,111,133,500,-146,20
-72,35,16,111,133,500,-145,23
-71,37,16,111,133,500,-145,25
-71,39,17,110,133,500,-145,26
-70,41,18,110,133,500,-144,29
-69,44,19,111,133,500,-142,31
-68,47,19,112,133,500,-141,37
-66,49,20,112,133,500,-140,39
-66,51,21,113,133,500,-142,41
-65,53,21,113,133,500,-139,43
-64,54,21,113,133,500,-137,45
-63,56,21,113,133,500,-137,46
-62,58,21,113,133,500,-136,48
-61,61,21,113,133,500,-136,51
-61,63,21,113,133,500,-135,53
-62,65,21,113,133,500,-136,54
-62,66,22,114,133,500,-139,56
-63,66,22,114,133,500,-140,56
-63,66,22,115,133,500,-140,56
-63,65,23,115,133,500,-140,56
-62,66,23,115,133,500,-139,56
-63,65,23,115,133,500,-140,56
-63,66,23,115,133,500,-140,56
-63,66,22,114,133,500,-140,56
-62,66,22,114,133,500,-139,56
-61,65,22,114,133,500,-139,56
-61,63,21,114,133,500,-137,53
-62,61,21,113,133,500,-139,51
-62,58,21,113,133,500,-136,48
-62,56,21,113,133,500,-136,46
-62,53,21,113,133,500,-136,43
-62,51,21,113,133,500,-136,41
-62,49,21,113,133,500,-136,40
-64,47,21,113,133,500,-137,37
-64,45,21,113,133,500,-139,35
-65,41,21,113,133,500,-139,31
-65,38,21,113,133,500,-141,28
-66,34,21,113,133,500,-140,24
-67,32,20,112,133,500,-140,21
-68,30,18,111,133,500,-141,18
-69,29,18,110,133,501,-142,17
-70,28,17,109,133,500,-144,17
-70,27,17,110,133,498,-144,15
-69,25,18,110,132,497,-142,13
-69,24,18,110,132,496,-142,12
-71,22,17,109,132,497,-144,9
-72,22,17,110,133,498,-146,9
-72,22,17,110,133,498,-146,9
-72,21,18,109,132,496,-146,9
-72,21,18,108,132,495,-144,9
-72,22,18,108,132,495,-144,12
-72,24,18,108,132,497,-144,12
-71,27,18,109,133,498,-145,14
-69,29,17,110,133,499,-142,17
-67,30,17,110,133,499,-141,18
-67,32,18,110,133,499,-141,20
-68,35,17,109,133,498,-141,23
-68,38,17,109,132,497,-142,25
-68,40,17,110,132,495,-141,28
-67,44,18,111,132,495,-141,31
-67,47,20,112,132,496,-141,37
-67,50,21,113,132,497,-141,40
-67,52,21,113,132,497,-144,42
-66,53,21,113,132,497,-140,43
-66,54,21,113,133,498,-140,45
-65,57,21,113,133,500,-139,47
-65,59,21,113,133,500,-139,50
-65,59,21,113,133,501,-139,50
-65,59,21,113,133,500,-139,50
-64,59,21,113,133,499,-139,50
-65,59,21,113,133,499,-139,50
-65,59,21,113,133,498,-139,50
-65,57,21,113,133,498,-140,47
-66,55,21,113,132,498,-140,45
-67,53,21,113,132,497,-141,42
-66,51,21,113,132,497,-140,41
-66,49,21,113,133,498,-140,39
-66,46,21,113,133,498,-142,36
-68,42,21,113,132,498,-141,32
-70,40,20,112,132,497,-144,30
-71,37,18,111,132,497,-145,25
-72,35,18,110,132,496,-146,23
-72,32,17,109,132,496,-146,19
-72,28,17,109,132,495,-146,17
-72,25,18,110,132,495,-146,13
-73,23,18,110,133,495,-146,10
-74,21,17,109,133,495,-147,8
-75,20,17,109,132,495,-148,8
-76,19,17,110,131,495,-150,7
-77,20,17,110,130,495,-150,7
-77,20,17,109,131,495,-150,7
-77,20,17,109,132,495,-150,7
-76,19,16,108,133,495,-150,7
-76,19,14,108,132,495,-150,7
-77,19,14,108,131,495,-150,4
-77,19,14,109,130,495,-151,4
-77,21,15,110,131,495,-151,8
-76,22,17,110,132,495,-150,9
-75,24,17,109,132,495,-148,12
-74,25,16,108,131,495,-147,13
-74,26,16,108,131,495,-147,14
-75,26,16,108,131,495,-148,14
-75,26,16,109,132,495,-148,14
-75,26,17,109,131,495,-148,14
-76,27,17,109,129,495,-150,14
-76,29,18,110,127,495,-150,17
-75,31,18,110,126,496,-150,19
-74,32,18,110,127,495,-147,20
-73,33,18,110,130,495,-147,20
-73,32,17,109,131,495,-147,20
-75,30,16,108,131,495,-148,18
-75,27,16,108,129,495,-148,15
-75,26,16,108,127,495,-148,13
-75,26,17,109,127,496,-148,13
-74,26,18,110,128,495,-147,14
-75,26,18,110,129,495,-148,14
-75,25,18,110,130,495,-148,12
-76,21,17,109,129,496,-150,9
-76,18,17,109,128,496,-150,6
-76,16,16,108,128,495,-150,3
-77,14,15,108,128,494,-151,2
-78,12,14,107,129,492,-148,0
-79,9,14,106,129,491,-150,-2
-79,6,14,106,129,490,-150,-6
-79,3,13,106,129,491,-150,-8
-80,1,13,107,128,491,-153,-10
-81,0,14,106,128,491,-152,-12
-82,0,15,105,127,491,-152,-13
-82,-2,16,104,127,491,-150,-14
-82,-4,16,104,127,491,-150,-17
-83,-5,15,105,127,491,-153,-18
-83,-5,14,106,127,491,-155,-18
-84,-5,14,106,127,491,-155,-18
-83,-5,15,104,127,491,-155,-18
-83,-5,15,103,127,491,-152,-18
-83,-5,15,102,127,491,-151,-18
-83,-5,14,104,127,491,-153,-18
-82,-4,15,105,127,491,-152,-17
-80,-4,15,105,127,491,-151,-17
-79,-2,14,103,127,491,-147,-14
-79,0,13,101,127,491,-147,-12
-79,3,12,102,127,491,-147,-8
-79,6,12,104,127,491,-150,-8
-78,8,13,107,127,489,-151,-3
-76,11,14,107,127,487,-147,-1
-74,15,14,107,127,486,-145,3
-73,20,14,106,127,487,-144,7
-73,23,14,106,127,489,-144,10
-73,26,13,106,127,489,-144,14
-72,28,14,106,127,487,-144,17
-71,32,15,107,127,486,-145,19
-70,36,16,108,127,487,-144,24
-69,40,18,110,127,489,-142,28
-69,44,18,110,127,491,-142,31
-69,47,17,109,127,491,-144,35
-69,50,17,109,127,490,-144,37
-68,52,18,111,127,489,-142,40
-66,54,20,112,127,488,-140,45
-65,57,21,113,127,489,-139,47
-63,60,21,113,127,490,-140,50
-63,62,21,113,127,491,-137,53
-62,65,21,112,127,491,-136,54
-61,67,21,112,127,491,-135,57
-60,67,21,113,127,490,-134,57
-59,68,22,114,127,489,-135,58
-59,69,22,115,127,489,-135,59
-58,72,23,115,127,489,-135,62
-57,74,22,115,127,490,-134,64
-57,75,22,115,127,491,-134,65
-56,75,23,116,127,491,-133,65
-56,74,24,116,127,491,-133,64
-56,74,25,115,127,491,-133,67
-55,75,27,114,127,491,-130,68
-54,77,28,112,127,491,-128,70
-53,79,27,113,127,491,-128,72
-53,79,27,114,127,491,-128,73
-53,79,26,114,127,491,-128,73
-53,79,26,114,127,491,-128,72
-53,79,27,113,127,491,-128,72
-53,78,28,113,127,491,-128,70
-52,77,28,113,127,491,-126,70
-51,77,27,112,127,491,-126,69
-51,77,27,112,127,491,-124,69
-52,77,26,112,127,491,-124,70
-52,77,27,112,127,491,-124,70
-52,77,26,111,127,491,-124,69
-51,75,26,111,127,491,-124,68
-50,74,25,111,127,491,-122,67
-49,73,25,111,127,491,-122,65
-50,72,25,110,127,491,-122,65
-51,72,25,110,127,491,-123,64
-53,72,24,109,127,490,-124,64
-54,71,24,109,127,489,-125,63
-54,69,24,109,127,488,-125,62
-54,66,24,110,127,489,-125,59
-54,64,24,109,127,491,-126,57
-55,64,24,109,127,491,-128,57
-56,63,24,109,127,490,-128,56
-57,64,23,111,127,489,-129,57
-58,62,23,111,127,489,-133,53
-59,60,22,111,127,490,-134,51
-60,57,21,110,127,490,-134,48
-61,55,21,110,127,489,-135,46
-62,54,21,111,127,488,-136,45
-62,54,21,112,127,487,-136,45
-62,55,21,113,127,487,-139,46
-62,54,21,113,127,489,-139,45
-63,54,21,113,127,490,-137,45
-65,54,21,112,127,491,-139,43
-65,54,20,112,127,489,-140,43
-65,53,19,112,127,487,-140,41
-64,52,20,112,127,486,-139,42
-63,50,21,112,127,485,-137,40
-63,49,21,113,127,486,-136,40
-62,50,21,113,127,486,-136,41
-62,53,21,113,127,486,-136,43
-62,55,21,113,127,486,-136,45
-62,55,21,113,127,486,-136,46
-62,55,21,113,127,486,-136,46
-62,54,21,113,127,486,-136,45
-63,54,21,113,127,486,-139,45
-62,54,21,113,127,486,-136,45
-62,55,21,113,127,486,-139,46
-61,55,21,113,127,486,-135,46
-61,56,19,112,127,486,-135,43
-61,55,18,111,127,486,-135,43
-62,55,18,111,127,486,-136,43
-63,55,20,111,127,486,-136,46
-62,54,21,110,127,486,-136,45
-62,54,22,110,127,486,-134,43
-61,52,23,110,127,486,-133,42
-60,50,23,110,127,486,-131,41
-59,50,22,110,127,486,-131,41
-60,50,21,108,127,486,-131,41
-61,50,20,107,127,486,-133,40
-63,49,20,106,127,486,-133,40
-64,48,21,106,127,486,-134,39
-63,47,21,106,127,486,-133,37
-63,45,21,106,127,485,-135,36
-63,44,20,106,127,484,-135,34
-65,42,21,106,126,483,-134,32
-65,40,21,106,126,482,-134,30
-65,39,21,106,126,482,-134,29
-64,37,21,106,126,482,-133,28
-64,37,21,106,126,481,-133,28
-65,36,21,106,126,481,-134,26
-66,36,21,106,126,481,-135,26
-65,37,21,106,126,481,-134,28
-64,37,21,106,126,481,-133,28
-63,37,21,106,126,481,-133,28
-64,37,21,106,126,481,-133,28
-65,39,21,106,126,481,-134,29
-65,40,21,106,126,481,-134,30
-65,42,21,106,126,481,-134,32
-64,45,21,106,126,481,-134,35
-64,47,20,106,126,481,-133,37
-63,50,21,106,126,481,-135,40
-63,53,21,107,126,481,-134,43
-62,57,23,108,126,481,-134,50
-61,61,24,109,126,481,-133,54
-59,66,24,110,126,481,-130,59
-57,70,24,110,126,481,-129,63
-55,73,24,109,126,481,-128,67
-54,77,25,108,126,481,-126,70
-53,82,26,108,126,481,-123,75
-52,88,27,108,126,481,-122,81
-51,92,28,110,126,481,-124,87
-50,97,29,112,126,481,-122,92
-48,100,29,112,126,481,-120,96
-46,104,30,110,126,481,-118,100
-44,107,29,111,126,481,-117,103
-42,111,30,112,126,481,-115,107
-41,114,31,115,126,481,-117,109
-40,118,32,115,126,483,-115,113
-40,121,33,115,127,484,-115,117
-39,124,32,115,127,484,-114,119
-39,126,32,116,126,483,-115,122
-40,127,31,116,126,483,-115,123
-40,128,31,116,127,484,-115,123
-40,127,31,116,127,485,-115,123
-40,127,31,116,128,486,-115,123
-39,127,31,116,129,486,-115,123
-40,128,31,117,128,486,-115,123
-42,127,32,117,127,486,-117,123
-42,124,34,116,127,486,-118,123
-42,121,35,115,127,486,-114,119
-41,118,34,114,127,486,-114,115
-41,115,32,114,127,486,-113,111
-42,114,31,116,127,486,-117,109
-43,111,31,116,127,486,-119,107
-45,107,31,116,127,486,-119,102
-45,102,31,116,127,486,-120,98
-45,99,31,115,127,486,-120,95
-45,96,30,115,127,486,-120,91
-46,93,29,115,127,486,-120,89
-47,89,28,113,127,486,-122,83
-48,84,27,112,127,486,-120,78
-49,80,26,111,129,486,-122,73
-50,76,26,111,129,486,-123,69
-51,72,26,111,128,486,-123,65
-54,69,26,111,127,486,-125,62
-55,66,25,110,127,486,-128,59
-56,64,25,110,128,486,-128,57
-57,62,24,109,130,486,-129,54
-57,59,24,109,131,486,-129,52
-58,56,23,108,131,486,-130,48
-60,53,21,107,130,486,-131,43
-61,50,21,106,130,486,-130,40
-62,47,20,106,129,486,-131,37
-64,45,21,106,129,486,-133,35
-65,43,21,106,128,486,-136,32
-68,41,21,106,128,486,-136,31
-69,39,20,105,128,486,-137,29
-69,36,18,104,129,486,-137,26
-68,34,17,103,130,486,-137,24
-68,31,17,102,130,486,-136,21
-69,29,17,103,129,486,-137,20
-70,28,17,103,127,486,-139,19
-72,26,17,103,128,486,-140,17
-72,24,17,103,130,486,-141,14
-72,22,17,103,132,485,-141,12
-72,21,17,103,132,486,-140,12
-72,21,17,103,130,486,-140,10
-73,19,17,103,129,485,-141,9
-74,18,17,103,128,484,-142,8
-75,16,17,103,128,484,-144,6
-75,15,17,103,129,484,-144,6
-74,15,17,102,129,485,-142,4
-74,14,16,102,129,485,-142,2
-75,13,16,101,128,484,-144,1
-76,11,16,102,128,484,-145,-1
-77,10,17,102,128,484,-146,0
-77,8,17,103,129,484,-145,-1
-76,8,17,103,128,485,-145,-1
-76,9,17,103,127,485,-145,-1
-76,9,17,103,127,484,-145,-1
-77,8,17,103,126,483,-145,-1
-77,8,17,103,126,481,-146,-1
-78,8,16,103,127,480,-146,-3
-78,7,15,103,127,481,-146,-4
-78,7,14,103,126,481,-146,-4
-78,8,15,103,126,481,-146,-3
-77,8,15,104,126,481,-146,-3
-76,8,15,105,126,481,-147,-3
-76,8,14,106,126,481,-147,-3
-78,8,13,107,126,481,-151,-3
-79,7,13,106,126,481,-150,-4
-79,7,14,106,126,481,-150,-4
-79,7,14,106,126,481,-150,-4
-80,7,14,106,126,481,-151,-4
-80,7,13,106,126,481,-151,-4
-80,6,14,106,126,481,-151,-6
-80,5,14,107,126,481,-151,-7
-79,3,14,106,126,481,-150,-8
-79,1,13,105,126,481,-150,-13
-80,0,11,104,126,481,-151,-15
-81,-2,10,103,126,481,-151,-17
-81,-4,10,103,126,481,-151,-19
-81,-6,10,103,126,481,-151,-20
-82,-8,10,103,126,481,-152,-23
-83,-10,9,102,126,481,-153,-25
-83,-12,7,101,126,480,-151,-28
-84,-15,7,99,126,478,-152,-30
-85,-19,6,99,126,476,-153,-36
-86,-21,6,100,126,476,-153,-39
-86,-24,7,100,126,476,-155,-41
-87,-25,7,100,125,477,-155,-40
-88,-28,7,99,124,477,-156,-42
-89,-32,6,99,125,476,-157,-50
-90,-35,3,97,126,476,-157,-53
-91,-39,2,97,127,476,-158,-56
-92,-42,1,97,126,476,-159,-62
-94,-43,2,97,124,476,-162,-61
-96,-45,3,97,123,476,-163,-63
-96,-47,3,96,123,476,-163,-64
-95,-48,3,96,124,476,-163,-65
-94,-50,3,96,124,476,-162,-67
-94,-50,3,97,123,476,-162,-68
-94,-50,2,97,122,476,-162,-68
-95,-50,2,98,122,476,-162,-68
-94,-50,2,97,123,476,-162,-67
-94,-48,3,97,123,477,-162,-65
-93,-45,3,96,122,477,-161,-63
-93,-43,3,96,121,477,-161,-61
-93,-39,2,97,121,475,-161,-57
-92,-36,3,99,121,473,-162,-53
-91,-33,4,100,121,471,-162,-51
-90,-30,6,100,121,471,-157,-47
-89,-26,7,100,121,472,-157,-41
-89,-23,7,100,121,472,-156,-37
-87,-18,7,99,121,472,-155,-34
-86,-14,6,100,121,472,-153,-31
-85,-10,7,100,121,472,-153,-25
-85,-6,7,101,121,472,-153,-20
-85,-1,9,102,121,472,-156,-15
-85,3,10,103,121,472,-156,-12
-83,7,10,104,121,472,-153,-7
-81,10,11,104,121,472,-152,-3
-79,14,12,103,121,472,-150,2
-77,18,12,102,121,472,-146,6
-76,21,12,101,121,472,-145,9
-75,25,13,102,121,472,-144,12
-75,27,14,104,121,472,-146,15
-75,29,15,104,121,472,-146,17
-74,32,16,105,121,472,-145,20
-72,35,16,104,121,472,-141,23
-71,37,17,103,121,472,-140,28
-71,39,17,103,121,472,-140,30
-70,40,17,103,121,472,-139,30
-69,40,17,103,121,472,-139,30
-68,41,17,103,121,472,-136,31
-67,43,17,103,121,472,-136,34
-67,44,18,104,121,472,-136,35
-68,45,19,105,121,472,-137,35
-68,45,19,107,121,472,-140,35
-68,44,20,108,121,472,-139,35
-68,44,20,107,121,472,-139,35
-68,44,20,107,121,472,-140,35
-68,45,20,107,121,472,-140,35
-68,46,19,107,121,472,-140,36
-68,47,20,107,121,472,-139,37
-66,48,20,106,121,472,-137,39
-65,48,21,106,121,472,-134,39
-64,48,21,106,121,472,-133,39
-63,48,21,106,121,472,-135,39
-63,49,21,107,121,472,-135,40
-63,51,21,107,121,472,-134,41
-63,53,22,107,121,472,-134,43
-61,55,22,107,121,472,-133,45
-60,57,22,107,121,471,-131,47
-58,58,21,107,121,470,-130,48
-58,61,21,106,121,470,-130,52
-58,64,21,107,121,470,-130,54
-58,67,23,108,121,470,-130,59
-57,69,24,109,121,469,-129,62
-55,72,25,110,121,469,-126,64
-52,75,24,109,121,469,-124,68
-50,78,24,109,121,470,-123,70
-49,80,24,109,121,470,-122,73
-49,82,24,109,121,470,-122,75
-49,84,24,110,121,471,-120,78
-48,87,24,109,121,471,-120,80
-46,90,24,109,121,471,-118,83
-44,91,24,109,121,470,-117,85
-43,93,24,110,121,470,-115,86
-41,95,25,111,121,470,-113,89
-39,98,27,112,121,471,-112,91
-39,102,28,112,121,472,-111,95
-38,105,29,112,121,472,-111,101
-37,108,31,112,121,471,-109,104
-36,112,33,112,121,471,-108,109
-34,116,34,112,121,472,-107,114
-32,119,35,112,121,472,-104,118
-30,123,35,112,121,472,-103,122
-29,126,36,114,122,472,-102,124
-28,130,37,115,124,471,-101,128
-27,134,38,116,124,471,-101,133
-26,138,38,116,123,471,-100,136
-25,143,38,115,122,473,-98,141
-23,148,38,116,123,475,-96,146
-20,153,39,117,125,476,-93,153
-19,157,41,118,126,477,-95,158
-18,162,41,119,127,476,-93,162
-18,166,42,119,126,476,-95,167
-18,172,43,120,126,476,-95,173
-17,178,44,121,126,476,-93,179
-16,185,45,122,126,476,-92,187
-14,191,46,123,126,477,-91,194
-14,197,48,125,126,477,-93,200
-13,201,49,126,126,478,-92,205
-12,205,49,126,126,479,-91,208
-10,210,49,126,126,480,-90,213
-9,214,49,126,126,481,-89,218
-7,218,50,127,126,481,-87,222
-7,221,51,128,126,481,-86,228
-6,224,52,129,126,481,-86,230
-6,227,53,130,126,481,-86,233
-6,229,52,130,126,481,-86,235
-6,230,52,129,126,482,-86,236
-5,231,53,129,126,482,-85,238
-3,231,52,129,126,482,-83,238
-1,231,51,130,126,483,-84,235
-1,231,50,132,127,484,-84,235
-2,230,49,133,127,485,-86,234
-3,229,50,132,127,486,-89,233
-4,226,51,132,127,486,-86,229
-4,223,51,130,127,486,-86,227
-3,218,50,129,127,486,-85,222
-3,214,49,128,127,486,-83,217
-2,209,48,128,126,486,-84,212
-3,203,47,127,127,485,-83,207
-5,198,46,126,129,486,-85,198
-8,192,44,126,130,488,-87,194
-10,186,43,125,130,489,-90,186
-11,179,43,125,129,489,-90,180
-12,172,42,124,129,487,-91,173
-13,166,42,122,130,487,-91,167
-14,159,41,120,132,489,-90,161
-17,153,41,119,133,490,-92,153
-20,146,41,118,132,491,-96,146
-24,138,39,117,132,491,-97,139
-26,131,38,116,132,490,-98,129
-27,123,38,116,132,490,-100,122
-29,117,37,115,132,490,-102,115
-31,112,36,113,132,490,-104,109
-34,107,35,112,132,490,-107,104
-37,101,35,112,132,490,-109,100
-39,95,34,112,132,491,-112,93
-41,88,34,112,131,491,-112,86
-44,82,32,110,130,491,-113,80
-46,78,31,110,131,491,-117,73
-49,74,31,109,132,491,-119,70
-50,71,30,108,132,490,-120,67
-52,67,28,107,132,490,-122,63
-54,63,28,106,132,490,-123,58
-54,59,27,106,132,490,-124,54
-55,55,26,107,132,490,-124,48
-56,51,25,108,132,490,-128,43
-58,47,23,108,132,490,-129,40
-60,43,22,106,132,490,-129,36
-61,40,22,105,132,490,-130,32
-64,38,21,105,132,490,-133,31
-65,36,21,106,132,490,-134,26
-66,34,19,105,132,490,-135,25
-66,32,18,104,132,490,-135,23
-67,31,17,103,132,490,-135,21
-67,29,17,102,132,490,-136,20
-68,28,17,103,132,490,-137,18
-69,26,17,103,132,490,-137,17
-68,24,17,103,132,490,-136,14
-68,23,17,103,132,490,-136,14
-69,22,17,103,132,490,-137,13
-70,21,17,103,132,490,-139,10
-71,19,17,103,132,490,-140,9
-71,18,17,103,132,490,-139,9
-70,18,17,103,132,490,-139,8
-70,17,17,103,132,490,-139,8
-71,17,17,103,132,490,-140,7
-72,17,17,103,132,490,-140,7
-73,16,17,103,132,490,-141,7
-73,16,17,103,132,490,-142,6
-74,15,17,103,132,490,-142,6
-75,15,17,103,132,490,-144,6
-75,15,17,103,132,490,-144,6
-74,15,17,103,132,490,-142,6
-74,15,17,103,132,490,-142,6
-75,15,17,103,132,490,-144,6
-75,15,17,103,132,490,-144,6
-75,16,17,103,132,490,-144,6
-75,17,17,103,132,490,-144,7
-75,17,17,103,132,491,-144,7
-76,16,17,103,132,491,-145,6
-76,15,17,103,132,490,-145,4
-77,15,17,103,132,488,-146,4
-79,16,17,103,132,487,-147,6
-81,18,16,102,132,487,-150,6
-82,18,15,101,132,489,-151,6
-81,17,15,101,131,491,-150,4
-79,16,15,101,130,491,-147,4
-76,16,15,101,130,491,-145,3
-75,16,15,101,132,491,-144,4
-76,18,15,101,133,490,-145,6
-76,19,14,100,133,490,-142,7
-76,21,14,100,132,491,-142,8
-74,21,14,100,130,491,-140,9
-72,22,14,100,130,490,-141,9
-72,22,15,101,131,489,-141,9
-72,21,15,101,132,489,-141,9
-72,22,16,101,132,489,-141,9
-72,24,16,101,132,490,-141,12
-72,26,16,101,132,491,-140,14
-70,28,16,102,132,491,-139,19
-69,30,17,102,132,490,-137,20
-67,30,17,103,132,490,-136,20
-66,30,17,103,132,490,-135,20
-66,31,17,103,132,490,-135,21
-66,33,17,103,132,490,-135,23
-65,35,17,103,132,490,-134,25
-64,37,17,102,132,490,-133,28
-62,39,17,103,132,490,-131,29
-62,40,18,104,132,490,-130,31
-61,42,20,105,132,490,-130,32
-61,44,21,106,132,490,-130,34
-61,45,21,106,132,490,-133,35
-60,47,21,106,132,490,-129,37
-59,49,21,106,132,490,-128,40
-58,51,21,106,132,490,-128,42
-58,54,21,106,132,490,-126,43
-58,56,21,106,132,490,-126,46
-58,58,21,106,132,490,-128,48
-58,61,20,106,132,490,-128,51
-57,63,21,106,132,491,-126,53
-57,65,21,107,131,490,-129,56
-57,67,23,108,130,490,-129,59
-57,70,24,109,131,491,-129,63
-57,73,25,110,132,492,-129,65
-56,74,24,110,132,492,-128,67
-56,75,24,109,133,492,-128,68
-56,75,24,109,132,491,-128,68
-57,75,24,109,132,491,-129,68
-58,77,24,109,131,490,-130,70
-58,79,24,109,130,490,-130,72
-58,80,24,109,130,491,-130,73
-58,79,25,108,132,491,-130,72
-59,77,25,108,133,492,-129,69
-60,74,25,108,133,492,-129,67
-61,72,26,108,132,492,-130,65
-61,72,26,107,130,491,-130,64
-61,70,26,107,130,491,-130,63
-61,68,26,107,131,492,-131,61
-62,66,25,108,132,493,-131,59
-64,63,25,108,132,491,-135,56
-64,61,25,108,132,491,-136,53
-64,58,25,109,132,491,-135,51
-63,56,24,109,132,491,-135,48
-63,53,23,108,132,492,-134,46
-64,50,21,107,132,491,-135,40
-65,46,21,106,132,491,-136,36
-66,43,21,105,132,492,-135,34
-66,42,21,105,132,493,-135,32
-66,40,22,105,132,494,-135,34
-66,38,22,105,132,492,-135,31
-66,35,21,106,132,491,-135,25
-66,32,20,106,132,490,-137,21
-67,31,20,106,132,490,-137,21
-66,31,21,106,132,491,-135,21
-66,31,21,105,132,491,-135,24
-65,29,22,104,132,490,-134,23
-64,27,21,105,132,490,-133,18
-64,26,21,106,132,491,-133,17
-64,27,21,106,132,492,-135,18
-65,29,21,106,132,492,-136,20
-66,31,20,106,132,492,-135,21
-66,31,19,105,132,491,-135,21
-66,31,19,104,132,490,-135,21
-66,30,20,105,132,490,-135,20
-66,31,21,106,132,491,-135,21
-67,32,21,106,131,491,-135,23
-68,34,19,105,130,491,-136,24
-68,35,18,104,131,491,-137,25
-69,35,18,104,132,491,-137,25
-68,35,19,104,132,490,-137,25
-67,35,19,105,133,490,-136,25
-65,36,20,105,132,490,-134,26
-65,39,20,105,132,491,-134,29
-65,40,20,105,130,491,-134,31
-66,41,21,106,130,491,-135,31
-67,42,21,106,131,491,-137,32
-65,42,21,106,132,490,-134,32
-63,43,20,106,133,490,-133,34
-62,44,20,105,132,490,-131,34
-61,44,19,104,131,491,-130,34
-62,44,20,105,130,491,-131,35
-63,45,20,106,130,491,-131,35
-64,47,21,106,130,491,-133,37
-64,48,21,106,130,491,-134,39
-64,49,21,106,131,491,-134,39
-64,48,21,106,132,490,-134,39
-64,48,21,106,132,490,-134,39
-64,48,21,106,132,491,-134,39
-64,48,21,106,132,492,-134,39
-64,48,21,106,132,492,-134,39
-64,48,21,106,132,492,-134,39
-64,48,21,106,132,491,-134,39
-65,48,20,106,132,490,-136,39
-64,48,21,106,132,490,-134,39
-64,48,21,106,132,490,-134,39
-64,48,21,106,132,490,-134,39
-64,48,21,106,132,490,-136,39
-65,48,20,106,132,490,-136,39
-65,47,20,105,132,490,-135,37
-65,46,20,104,132,490,-134,36
-64,44,21,104,132,490,-133,35
-64,43,21,104,132,490,-133,34
-65,42,20,105,132,490,-134,32
-66,42,19,104,132,490,-135,32
-67,42,18,104,132,490,-135,32
-67,42,19,104,132,490,-135,32
-66,42,20,105,132,490,-135,32
-66,42,20,105,132,490,-135,32
-66,42,19,104,132,490,-135,32
-66,41,18,104,132,490,-135,31
-66,42,19,104,132,490,-135,32
-66,42,20,105,132,490,-135,32
-66,42,21,106,132,490,-135,32
-66,42,21,106,132,490,-135,32
-66,42,20,105,132,490,-135,32
-66,42,19,105,132,490,-135,32
-66,42,20,105,132,490,-135,32
-67,42,20,105,132,490,-135,32
-67,42,20,105,132,490,-135,32
-66,41,19,105,132,490,-135,31
-65,40,19,105,132,490,-134,31
-64,39,20,105,132,490,-133,29
-64,37,20,105,132,490,-133,28
-65,36,20,105,132,490,-134,26
-67,36,20,105,132,490,-136,26
-68,35,19,106,132,490,-140,25
-69,35,17,108,132,490,-140,23
-68,35,16,109,132,491,-142,23
-69,33,17,109,131,491,-142,20
-69,31,18,108,130,491,-141,19
-71,28,18,107,130,491,-142,17
-71,26,16,107,132,491,-142,14
-72,24,15,107,133,491,-142,12
-72,21,15,107,133,491,-142,8
-72,18,17,105,132,490,-144,6
-72,15,17,103,130,489,-141,4
-73,12,17,102,130,489,-141,2
-74,10,17,102,131,489,-142,0
-74,7,17,103,132,488,-142,-2
-75,6,17,103,132,489,-142,-3
-75,5,17,103,131,490,-142,-4
-75,3,17,103,130,490,-144,-6
-76,1,16,102,129,490,-145,-10
-77,0,14,100,128,489,-145,-12
-77,-1,13,99,129,488,-142,-14
-76,-2,13,99,130,487,-142,-14
-76,-1,13,99,131,486,-141,-14
-76,-1,14,99,132,485,-142,-13
-76,-1,13,99,133,485,-142,-13
-76,-2,13,99,132,485,-142,-14
-76,-2,14,99,130,486,-142,-14
-76,-1,14,100,128,486,-142,-13
-75,0,15,101,127,486,-144,-12
-75,2,16,101,128,485,-142,-9
-74,4,16,102,129,485,-142,-4
-74,5,17,103,129,486,-142,-4
-75,6,17,103,127,487,-142,-3
-74,8,17,103,127,488,-142,-1
-74,11,17,103,127,487,-142,1
-74,14,17,103,127,486,-142,4
-75,17,17,103,127,485,-144,7
-75,19,17,102,127,485,-144,9
-74,21,17,103,127,486,-142,10
-72,24,18,104,128,486,-141,14
-71,28,20,105,128,486,-140,18
-71,32,21,106,129,486,-140,23
-70,36,21,106,129,486,-141,26
-69,39,21,106,130,486,-137,29
-68,41,20,106,130,486,-136,31
-67,43,20,106,129,486,-136,34
-66,45,21,106,129,486,-137,36
-66,48,22,107,129,486,-137,39
-66,51,22,107,128,486,-137,42
-65,55,21,107,127,486,-137,45
-65,57,21,107,126,486,-136,47
-65,59,22,107,127,486,-136,50
-65,60,23,108,129,486,-137,53
-65,61,23,108,130,486,-137,53
-65,62,22,107,130,486,-136,53
-64,64,22,107,129,486,-135,54
-62,65,23,108,127,486,-134,58
-61,65,24,109,126,486,-134,58
-61,64,23,108,127,486,-134,57
-62,62,22,107,127,486,-134,52
-64,61,21,106,127,486,-134,51
-65,60,20,106,127,486,-134,51
-65,59,21,106,127,486,-134,50
-64,57,21,106,127,486,-133,48
-64,54,21,106,127,486,-133,45
-64,51,21,106,127,486,-133,41
-64,48,21,106,128,486,-133,39
-64,46,21,106,129,486,-133,37
-64,45,21,106,128,486,-133,35
-65,42,21,106,127,486,-136,32
-67,40,21,106,127,486,-136,30
-68,37,20,105,126,486,-136,28
-68,34,18,104,127,486,-136,24
-67,32,17,103,127,486,-135,21
-66,29,17,103,128,486,-135,19
-67,26,17,103,129,486,-136,17
-69,22,17,103,130,486,-137,13
-70,19,17,103,130,486,-139,9
-70,16,17,103,128,486,-139,7
-68,14,17,103,127,486,-137,4
-68,13,17,103,127,486,-136,3
-68,13,18,101,128,486,-134,3
-67,12,19,100,130,486,-134,3
-67,11,20,100,132,486,-133,4
-67,10,20,100,133,486,-133,3
-66,10,19,100,132,485,-131,1
-65,9,18,100,130,484,-131,0
-65,9,17,99,128,482,-131,0
-65,9,18,99,128,482,-131,0
-65,9,18,98,130,484,-131,0
-66,9,18,97,130,486,-129,0
-66,10,17,96,131,487,-130,1
-67,12,17,96,130,486,-130,2
-68,13,18,97,130,484,-131,3
-68,14,19,98,130,482,-131,4
-69,14,20,99,130,483,-135,7
-69,16,21,99,131,484,-135,8
-69,18,21,99,132,485,-135,10
-68,21,20,99,132,485,-131,13
-66,24,20,99,132,484,-130,17
-66,27,20,99,131,483,-130,20
-65,29,20,99,131,483,-129,23
-65,32,20,99,131,483,-129,24
-64,34,21,99,132,484,-130,26
-62,36,21,100,132,485,-129,29
-61,40,22,101,132,485,-128,32
-60,43,22,101,132,485,-126,36
-59,47,23,102,132,485,-126,40
-58,50,23,102,132,483,-125,42
-57,53,24,103,131,483,-124,46
-57,56,25,104,132,483,-124,48
-57,59,26,105,132,484,-124,54
-57,62,27,106,132,485,-126,57
-55,65,28,106,132,486,-124,59
-53,67,28,106,132,486,-123,62
-53,69,27,106,132,485,-123,64
-54,70,27,106,132,485,-123,65
-55,72,27,106,132,485,-124,67
-54,74,28,106,132,485,-124,69
-53,76,28,106,132,485,-123,72
-52,78,28,107,132,485,-122,73
-53,79,28,108,132,485,-123,74
-53,78,28,109,132,485,-123,73
-54,77,27,109,132,485,-126,70
-55,75,26,108,132,485,-124,68
-55,75,26,108,132,485,-125,68
-56,75,25,108,132,485,-128,68
-56,75,25,108,132,485,-128,68
-55,73,25,108,132,485,-128,67
-56,71,26,108,132,485,-125,63
-57,67,27,107,132,485,-126,63
-59,63,27,106,132,485,-129,58
-60,60,26,104,132,485,-126,56
-59,56,25,103,132,485,-126,50
-59,52,24,103,132,485,-125,45
-59,47,24,103,132,485,-126,40
-61,42,24,103,132,485,-128,35
-63,38,23,101,132,485,-129,31
-64,34,21,100,132,485,-130,26
-65,29,21,99,132,485,-131,23
-66,25,20,99,132,485,-130,18
-68,19,20,99,132,485,-131,12
-68,14,19,98,132,486,-131,4
-70,10,18,97,132,486,-134,1
-71,6,17,96,132,485,-135,-3
-73,2,16,95,132,484,-136,-7
-74,-2,16,95,131,482,-137,-12
-75,-7,15,94,131,481,-139,-17
-75,-12,15,94,131,480,-137,-21
-75,-16,14,93,131,481,-139,-25
-76,-20,14,93,131,481,-136,-29
-77,-23,13,92,131,481,-137,-32
-78,-26,13,92,131,481,-139,-39
-79,-29,12,92,131,481,-140,-41
-81,-32,12,91,131,481,-141,-43
-81,-34,11,90,131,481,-141,-46
-82,-36,10,90,131,481,-142,-48
-82,-38,10,89,131,481,-142,-50
-84,-39,10,90,131,481,-144,-51
-85,-39,11,90,131,481,-146,-52
-87,-40,12,91,131,481,-147,-52
-88,-41,12,91,131,481,-148,-53
-88,-42,11,90,131,481,-148,-54
-89,-41,11,90,131,481,-148,-53
-89,-39,10,92,131,481,-152,-52
-88,-37,10,95,131,481,-151,-50
-88,-35,10,96,131,481,-153,-47
-87,-34,10,96,132,480,-152,-47
-86,-33,11,94,132,480,-150,-46
-86,-31,12,93,131,481,-148,-43
-86,-28,12,93,130,481,-150,-40
-86,-25,12,94,129,481,-148,-37
-86,-21,11,94,128,481,-148,-34
-85,-18,10,94,128,481,-148,-31
-84,-15,11,95,128,481,-150,-28
-83,-12,12,97,128,481,-148,-24
-82,-9,12,97,129,481,-147,-21
-79,-5,13,98,130,481,-145,-18
-78,-1,14,97,130,481,-144,-13
-79,3,14,96,130,481,-142,-9
-79,6,14,97,130,481,-145,-6
-78,8,16,98,129,481,-144,-1
-76,10,17,98,129,480,-142,0
-74,11,18,97,129,479,-137,2
-72,14,18,97,130,479,-136,4
-72,18,18,97,130,479,-135,8
-72,21,19,98,130,480,-135,10
-71,23,20,99,130,481,-137,15
-70,25,21,100,129,481,-136,18
-68,27,21,99,128,481,-135,20
-67,30,20,99,128,481,-131,23
-66,33,20,99,128,481,-130,25
-64,35,20,99,129,481,-128,28
-63,38,21,99,130,481,-129,31
-62,41,21,99,131,481,-129,34
-61,43,21,99,132,480,-128,36
-60,44,20,99,132,480,-124,37
-59,46,20,99,131,481,-124,39
-59,48,21,99,130,481,-125,41
-58,50,21,100,130,481,-124,42
-57,52,23,101,130,481,-124,45
-56,53,24,103,131,480,-123,46
-55,55,24,103,132,480,-122,48
-54,57,24,102,132,481,-120,50
-54,60,24,102,131,482,-120,53
-53,62,24,102,130,483,-120,54
-52,64,25,103,129,482,-119,57
-51,66,26,105,129,481,-118,62
-51,68,27,106,129,482,-120,63
-50,71,28,106,130,484,-120,67
-50,73,28,106,132,485,-120,69
-50,77,27,106,132,486,-120,73
-50,80,27,106,133,486,-119,75
-48,83,28,106,132,485,-118,79
-46,85,27,106,130,486,-117,81
-45,87,27,105,128,486,-113,83
-44,90,27,106,129,486,-114,86
-43,94,28,107,130,486,-113,90
-41,98,30,108,131,486,-111,93
-39,102,31,109,131,486,-109,97
-39,105,31,109,130,485,-108,101
-38,108,31,109,130,486,-108,103
-39,110,31,109,131,486,-109,106
-38,113,32,110,132,487,-108,108
-37,116,32,110,132,487,-108,114
-36,120,33,111,132,487,-106,118
-35,123,34,112,131,487,-108,122
-34,127,35,112,131,489,-107,125
-33,129,35,112,130,490,-107,126
-33,131,35,112,131,491,-106,129
-32,133,35,112,132,491,-106,131
-32,136,35,112,132,490,-104,134
-30,137,35,112,132,490,-103,136
-29,138,35,112,132,490,-102,136
-29,139,35,112,132,490,-102,137
-30,140,35,112,132,490,-103,139
-31,141,35,112,132,490,-104,140
-32,143,35,112,132,490,-106,141
-32,144,35,112,132,490,-106,142
-32,144,35,112,132,490,-104,142
-32,143,35,112,132,490,-106,141
-32,141,35,112,132,491,-106,139
-33,138,35,112,132,492,-106,136
-33,135,35,112,132,492,-106,134
-32,133,35,112,132,492,-106,131
-32,131,35,113,132,491,-106,130
-33,129,35,113,132,490,-107,126
-35,126,34,112,132,490,-108,124
-36,123,33,111,132,491,-107,120
-37,119,32,111,132,492,-108,118
-38,115,32,111,132,493,-108,111
-39,112,32,110,132,493,-109,109
-39,108,33,109,132,492,-109,106
-40,104,34,107,132,492,-107,102
-42,99,34,106,132,492,-109,97
-43,94,33,104,132,491,-108,92
-44,90,32,103,132,491,-109,89
-44,86,31,102,132,492,-109,85
-45,82,30,102,132,494,-111,80
-46,78,31,102,132,495,-112,75
-48,73,31,102,132,494,-113,72
-49,69,31,102,132,492,-114,67
-50,65,31,102,132,490,-114,63
-51,62,30,101,132,490,-115,61
-52,59,28,100,132,490,-117,54
-53,56,27,99,132,491,-118,51
-54,52,27,99,132,492,-118,47
-55,49,27,99,132,492,-119,45
-56,47,26,98,132,492,-118,42
-57,44,25,97,132,491,-119,40
-57,42,24,96,132,490,-119,37
-59,41,23,95,132,490,-120,36
-60,39,24,95,132,490,-122,35
-60,39,24,96,132,490,-122,35
-59,39,24,96,132,490,-120,34
-58,38,24,95,132,490,-120,34
-59,38,24,95,132,490,-122,34
-61,39,24,95,132,490,-123,34
-61,39,24,95,132,490,-123,34
-61,39,24,95,132,490,-123,35
-60,39,24,95,132,490,-122,35
-60,41,24,95,132,490,-122,36
-61,41,24,95,132,490,-123,37
-61,42,24,95,132,490,-123,37
-61,43,24,95,132,490,-123,39
-61,44,24,95,132,490,-123,40
-60,45,24,95,132,490,-122,41
-60,47,23,96,132,490,-122,42
-60,49,23,96,132,490,-122,45
-60,50,24,95,132,490,-122,46
-60,51,24,95,132,490,-122,47
-60,51,24,95,132,490,-122,46
-60,50,23,96,132,490,-122,46
-60,50,22,97,132,490,-124,43
-60,50,22,97,132,490,-124,43
-60,51,23,96,132,490,-122,43
-60,50,23,96,132,490,-122,46
-60,50,23,96,132,490,-122,43
-60,50,21,98,132,490,-124,43
-60,50,20,99,132,490,-126,43
-60,50,20,100,132,490,-126,41
-60,50,20,99,132,490,-124,43
-61,50,21,98,132,490,-125,42
-63,49,21,98,132,490,-128,41
-64,48,21,98,132,490,-129,41
-64,48,21,99,132,490,-129,41
-63,49,20,99,132,490,-130,41
-62,49,20,99,132,490,-129,42
-63,49,21,99,132,490,-126,42
-64,48,21,98,132,490,-129,41
-65,48,21,98,132,490,-129,41
-64,48,21,98,132,490,-128,41
-62,48,21,98,132,490,-126,41
-61,47,21,98,132,490,-125,40
-62,46,21,98,132,490,-126,39
-62,45,21,99,132,490,-126,37
-61,45,20,99,132,491,-128,37
-59,46,20,99,132,491,-126,39
-58,47,20,99,132,490,-125,40
-58,48,20,99,132,488,-123,41
-58,47,21,98,132,487,-123,41
-58,46,22,97,132,487,-123,40
-58,46,24,95,132,489,-119,41
-58,46,24,95,132,490,-119,41
-57,46,23,96,132,489,-119,42
-57,46,22,97,132,487,-122,40
-58,46,22,97,132,485,-122,40
-58,46,22,97,132,485,-122,39
-58,46,23,96,132,485,-119,41
-57,46,24,95,132,486,-119,42
-57,46,24,95,132,485,-119,42
-58,46,23,96,132,485,-119,41
-59,46,23,96,132,486,-120,41
-61,44,24,95,132,487,-123,40
-62,44,24,95,132,487,-124,39
-62,43,23,96,132,487,-124,39
-62,44,22,97,132,486,-126,37
-62,44,22,97,132,485,-126,37
-62,44,23,96,132,485,-124,36
-62,42,23,96,132,485,-124,37
-63,39,23,96,131,486,-125,32
-64,37,21,98,130,486,-128,30
-65,37,20,99,130,486,-131,30
-64,37,20,99,130,486,-130,30
-63,36,21,98,131,486,-128,29
-62,34,22,97,132,485,-126,26
-63,32,21,98,132,485,-126,25
-63,32,21,99,132,485,-128,25
-64,32,20,99,132,485,-130,24
-65,30,20,99,132,486,-129,23
-65,28,21,98,132,486,-129,20
-64,26,22,98,132,485,-128,19
-63,26,23,97,132,484,-128,19
-63,26,23,96,132,484,-125,19
-64,27,22,95,132,484,-125,19
-65,26,21,93,132,485,-126,19
-67,25,21,93,131,486,-128,18
-68,24,21,93,130,486,-130,17
-68,24,21,93,130,486,-130,17
-68,24,20,93,130,486,-129,17
-68,25,20,92,131,486,-126,18
-68,24,20,92,132,485,-128,17
-69,22,20,92,132,485,-128,15
-70,21,20,92,132,485,-131,14
-69,20,20,92,131,486,-130,13
-68,20,20,92,130,486,-129,13
-67,19,20,92,130,486,-129,12
-68,18,20,92,130,485,-126,10
-70,18,19,91,131,484,-129,10
-70,17,19,91,130,483,-129,10
-71,18,18,90,130,482,-129,10
-70,18,17,90,130,483,-129,10
-70,18,17,89,130,482,-129,10
-69,17,16,89,130,482,-128,7
-68,14,16,89,130,482,-128,4
-69,13,17,89,131,482,-128,6
-70,11,17,89,132,482,-129,4
-72,11,17,89,132,482,-130,3
-72,11,17,89,132,481,-131,3
-74,10,16,89,132,480,-133,1
-75,9,15,90,131,480,-136,0
-75,7,14,92,130,481,-136,-1
-75,6,13,93,130,481,-136,-6
-75,3,14,92,130,481,-136,-6
-76,1,16,90,131,481,-134,-7
-77,0,16,89,130,481,-135,-9
-78,-3,16,90,129,481,-136,-12
-79,-5,14,91,128,481,-140,-15
-78,-7,13,93,128,481,-141,-19
-78,-7,13,93,128,481,-141,-20
-78,-8,14,92,127,481,-139,-18
-79,-10,14,90,126,481,-139,-20
-79,-12,14,89,126,481,-137,-21
-80,-14,13,89,127,481,-139,-24
-81,-15,11,89,127,481,-141,-28
-81,-17,10,89,126,481,-141,-29
-80,-18,9,89,126,481,-141,-30
-79,-19,9,89,127,481,-139,-31
-78,-19,10,89,129,481,-139,-31
-79,-20,10,89,130,480,-140,-32
-81,-20,10,89,130,479,-141,-32
-82,-21,10,90,129,479,-142,-34
-81,-21,10,89,127,480,-142,-32
-79,-20,10,89,126,481,-140,-32
-78,-19,10,89,126,481,-139,-31
-78,-18,10,90,127,480,-139,-30
-79,-18,11,90,127,478,-140,-30
-79,-16,11,90,126,477,-140,-28
-79,-14,11,90,126,477,-140,-26
-77,-13,11,90,126,478,-137,-25
-76,-12,11,90,126,478,-137,-24
-76,-11,11,91,126,479,-136,-23
-76,-9,12,92,126,480,-136,-20
-75,-7,13,92,126,480,-136,-17
-74,-5,13,93,126,478,-135,-15
-74,-4,13,93,126,477,-135,-14
-75,-3,13,92,126,477,-136,-13
-76,-2,13,92,126,476,-137,-12
-77,0,13,92,126,476,-139,-9
-78,0,13,93,126,476,-139,-8
-77,3,13,92,126,476,-137,-6
-76,5,13,92,126,476,-137,-3
-76,7,13,92,126,476,-136,-2
-76,8,13,92,126,476,-137,-1
-76,9,13,92,126,476,-137,0
-77,9,13,92,126,476,-139,0
-77,10,13,92,126,476,-139,0
-77,10,13,93,126,476,-139,1
-76,10,13,92,126,476,-137,0
-77,9,13,93,126,476,-137,-2
-78,9,13,92,126,476,-140,0
-80,8,13,93,126,476,-141,-1
-82,7,14,93,126,476,-142,-2
-81,7,13,93,126,476,-142,-4
-81,7,12,92,126,476,-141,-4
-81,6,11,90,126,476,-141,-6
-81,5,10,88,126,476,-142,-7
-82,2,12,86,126,476,-140,-7
-82,-1,13,86,126,476,-139,-10
-83,-3,13,85,126,476,-139,-13
-83,-5,13,86,126,476,-140,-15
-83,-7,13,86,126,476,-142,-17
-83,-9,13,86,126,476,-139,-19
-83,-10,13,86,126,476,-139,-20
-85,-13,13,85,126,476,-141,-23
-86,-17,13,85,126,476,-142,-26
-87,-20,13,86,126,477,-142,-30
-87,-22,13,86,126,477,-142,-32
-87,-24,13,85,126,476,-142,-34
-87,-25,12,85,126,474,-142,-35
-87,-28,11,84,126,473,-142,-37
-88,-31,11,83,125,473,-144,-41
-89,-34,10,83,124,473,-144,-43
-89,-37,10,82,125,473,-145,-50
-88,-40,9,82,126,472,-144,-52
-88,-43,9,82,125,471,-142,-54
-88,-45,10,82,124,471,-144,-58
-89,-47,10,83,123,471,-144,-59
-90,-47,9,82,123,471,-145,-59
-90,-48,8,81,125,471,-146,-61
-91,-50,7,80,126,471,-146,-62
-92,-52,7,80,126,471,-147,-64
-92,-54,7,80,126,471,-147,-67
-93,-55,7,80,124,471,-147,-67
-92,-54,6,79,123,471,-145,-67
-92,-54,6,79,122,471,-145,-67
-92,-54,6,79,123,471,-145,-67
-92,-54,5,80,122,471,-147,-69
-92,-54,3,82,122,471,-147,-69
-93,-54,3,83,121,472,-151,-69
-94,-53,2,83,121,472,-152,-68
-96,-52,2,83,121,472,-153,-67
-96,-51,2,82,121,471,-153,-65
-95,-50,2,82,121,471,-152,-64
-95,-49,3,83,121,472,-152,-63
-96,-47,3,83,121,472,-153,-62
-97,-46,2,83,121,472,-155,-61
-97,-43,2,82,121,472,-155,-58
-96,-41,2,82,121,472,-153,-56
-95,-39,3,83,121,472,-152,-53
-94,-36,3,83,121,472,-152,-51
-93,-34,3,84,121,471,-151,-48
-93,-32,4,83,121,470,-151,-47
-93,-32,5,83,121,470,-151,-47
-93,-32,6,83,121,470,-151,-45
-92,-32,7,85,121,471,-150,-45
-91,-30,7,86,121,471,-148,-45
-90,-27,6,86,121,470,-148,-42
-90,-26,6,86,121,470,-148,-41
-91,-25,6,86,121,469,-148,-40
-91,-26,6,86,121,468,-148,-41
-91,-26,6,86,121,468,-148,-41
-90,-26,6,86,121,468,-148,-41
-90,-26,6,86,121,469,-148,-41
-91,-25,6,86,121,468,-148,-40
-91,-25,6,86,121,467,-148,-40
-90,-26,6,86,121,466,-148,-41
-90,-27,6,86,121,466,-148,-42
-90,-28,6,86,121,467,-148,-42
-90,-27,6,86,121,467,-148,-41
-89,-25,6,86,121,467,-147,-40
-87,-25,6,86,121,467,-145,-40
-85,-27,6,86,121,467,-142,-41
-84,-27,6,86,121,467,-142,-42
-85,-27,6,86,121,467,-142,-41
-85,-26,6,86,121,466,-144,-41
-85,-26,6,86,121,467,-144,-41
-84,-27,6,86,119,467,-145,-42
-84,-28,5,87,117,467,-145,-42
-84,-28,4,87,116,467,-144,-43
-84,-28,5,87,117,467,-145,-42
-84,-27,6,86,118,467,-145,-42
-85,-27,6,86,118,467,-142,-41
-85,-26,6,86,118,467,-142,-41
-86,-25,6,86,118,467,-144,-40
-86,-25,6,86,117,467,-144,-40
-86,-24,6,86,116,467,-144,-39
-86,-21,6,86,116,467,-144,-36
-85,-19,6,86,116,467,-144,-34
-85,-17,6,86,116,467,-142,-31
-85,-16,6,86,116,467,-142,-31
-84,-17,6,86,116,467,-142,-31
-83,-17,6,86,117,467,-141,-31
-82,-15,6,86,118,467,-140,-30
-81,-13,6,86,117,467,-142,-28
-81,-11,6,86,116,467,-140,-26
-81,-10,7,85,116,467,-139,-21
-80,-8,8,84,116,466,-137,-20
-79,-7,9,84,116,465,-137,-19
-79,-5,9,85,116,464,-137,-17
-79,-3,9,84,116,463,-137,-15
-78,-2,10,84,116,464,-134,-14
-77,0,12,84,116,466,-133,-9
-76,2,13,85,116,467,-133,-7
-76,5,13,86,116,467,-133,-4
-75,7,13,86,116,466,-131,-1
-75,9,13,85,116,465,-131,0
-74,10,13,86,116,464,-130,1
-73,12,14,87,116,464,-131,2
-72,14,15,88,116,465,-130,4
-70,18,17,88,116,466,-129,10
-68,20,19,86,116,466,-124,13
-67,23,20,85,116,465,-124,18
-66,25,20,85,116,464,-123,18
-66,27,19,86,116,464,-123,20
-66,31,18,87,116,465,-123,24
-66,34,18,86,116,465,-123,26
-65,37,20,86,116,464,-122,30
-64,39,21,86,116,464,-120,35
-62,42,22,88,116,466,-119,37
-61,46,23,89,116,466,-118,41
-61,49,24,89,116,466,-118,45
-61,52,23,89,116,466,-118,47
-60,55,23,89,116,466,-117,51
-59,58,23,88,116,466,-115,53
-57,62,23,89,116,467,-114,57
-55,66,25,90,116,467,-113,62
-55,70,26,91,116,467,-112,68
-56,73,27,92,116,467,-115,72
-55,75,27,92,116,467,-115,74
-53,78,27,92,116,467,-113,76
-50,82,27,92,116,467,-111,80
-49,85,27,92,116,467,-109,84
-48,88,28,93,116,467,-108,86
-48,90,30,94,116,467,-108,89
-47,92,31,95,116,467,-107,90
-45,95,31,95,116,467,-106,93
-43,98,31,96,116,467,-103,96
-42,101,31,96,116,467,-102,100
-42,103,32,96,116,467,-102,101
-41,104,32,96,116,467,-101,103
-39,106,32,97,116,467,-100,104
-37,109,33,97,116,467,-97,109
-35,112,34,98,116,467,-98,112
-34,114,35,99,116,467,-97,114
-33,115,35,99,116,467,-96,115
-34,116,34,98,116,467,-97,117
-35,117,34,98,116,467,-97,118
-34,119,34,98,116,467,-97,120
-33,122,34,99,116,467,-97,123
-32,125,36,100,116,467,-95,125
-30,127,36,101,116,467,-93,128
-29,128,37,101,116,467,-92,129
-28,127,36,101,116,467,-92,128
-29,127,37,101,116,467,-92,128
-30,129,37,102,116,467,-93,129
-31,131,38,102,116,467,-95,131
-30,133,38,102,116,469,-93,134
-28,134,38,102,116,470,-92,135
-27,134,38,102,116,472,-91,135
-27,136,38,102,116,472,-91,136
-28,136,38,102,116,472,-91,137
-29,137,38,102,116,472,-92,137
-29,137,38,102,116,472,-92,137
-28,137,38,102,117,472,-92,139
-27,138,38,102,118,472,-91,139
-26,138,38,102,118,472,-90,139
-26,138,37,102,117,472,-90,139
-27,138,37,101,116,472,-91,139
-27,138,36,101,116,472,-91,139
-26,138,36,101,118,472,-90,139
-25,137,37,102,119,472,-89,139
-24,136,38,102,120,472,-87,137
-24,136,38,102,120,472,-87,136
-24,135,38,102,120,472,-87,136
-26,135,36,101,120,472,-90,136
-27,135,35,99,119,472,-91,135
-28,134,35,99,118,472,-91,135
-26,133,35,99,118,472,-90,134
-25,131,36,100,119,472,-89,133
-26,130,36,100,119,472,-89,130
-28,128,35,99,118,472,-91,129
-31,127,34,98,116,472,-93,128
-32,125,34,98,117,472,-95,125
-32,123,34,98,119,472,-95,124
-32,121,34,98,121,472,-95,122
-32,120,34,99,121,472,-96,122
-33,119,35,99,119,472,-96,119
-34,116,34,98,118,472,-97,117
-34,112,33,98,117,472,-97,113
-35,109,32,96,117,472,-95,108
-36,108,31,95,118,472,-97,106
-38,106,30,95,119,472,-98,104
-39,104,31,95,119,472,-100,102
-39,102,31,95,119,472,-100,101
-40,100,30,95,118,472,-101,98
-40,97,31,96,118,472,-101,96
-41,95,31,96,119,472,-102,93
-42,93,31,95,120,472,-102,92
-43,92,30,94,121,471,-103,90
-45,90,28,93,121,472,-104,89
-45,88,26,93,120,472,-106,84
-45,86,25,93,118,472,-104,81
-45,84,26,93,117,472,-104,80
-45,82,27,93,118,472,-104,80
-46,80,27,92,119,472,-106,79
-47,79,26,91,120,472,-104,78
-49,77,25,90,121,472,-106,73
-49,74,25,90,121,472,-107,70
-50,73,25,90,122,472,-107,68
-49,72,25,90,121,471,-107,68
-50,72,25,90,120,470,-107,68
-50,71,24,89,119,470,-107,67
-51,68,23,89,118,470,-108,64
-52,66,23,89,119,471,-109,62
-51,66,23,89,120,472,-108,62
-51,65,24,89,121,472,-108,61
-51,62,24,89,120,472,-108,58
-53,60,24,89,118,472,-109,56
-54,59,23,89,116,470,-111,54
-54,59,23,88,117,468,-111,54
-54,59,22,87,119,467,-111,54
-54,57,21,87,121,468,-112,53
-55,55,21,86,122,468,-112,51
-56,53,20,86,121,468,-113,46
-56,52,20,85,120,468,-113,46
-56,53,20,85,119,468,-113,46
-55,53,20,86,118,469,-112,46
-55,52,19,86,117,468,-112,45
-56,50,18,87,118,467,-113,42
-56,47,18,87,118,466,-113,40
-57,44,17,88,117,466,-115,37
-56,43,17,89,116,467,-115,36
-56,43,17,89,116,467,-115,36
-56,41,17,89,116,467,-115,34
-57,39,16,89,116,467,-117,29
-58,36,16,88,116,467,-117,28
-58,36,15,88,116,467,-117,26
-58,36,15,88,116,467,-117,26
-58,37,15,88,116,467,-117,28
-59,36,15,87,116,467,-118,26
-61,34,15,87,116,467,-120,25
-61,33,15,87,116,466,-120,24
-62,32,14,87,116,465,-120,23
-61,32,14,86,116,464,-120,23
-61,31,13,86,116,464,-117,21
-60,30,13,85,116,464,-117,21
-60,29,13,85,116,464,-117,20
-60,29,13,86,115,463,-117,19
-59,28,13,86,115,463,-115,19
-58,29,13,86,115,462,-114,20
-59,31,13,85,115,462,-115,21
-59,32,13,85,115,462,-115,23
-60,33,13,85,115,462,-117,24
-61,34,13,85,115,462,-117,25
-60,36,13,85,115,462,-117,26
-60,38,13,85,115,462,-117,29
-60,39,13,85,115,462,-117,30
-60,40,13,85,116,462,-117,30
-60,41,13,86,116,462,-117,31
-60,43,13,86,115,462,-117,34
-59,45,13,85,114,462,-115,36
-58,48,13,86,112,462,-115,39
-59,50,13,86,113,462,-115,41
-60,50,13,86,113,462,-119,41
-60,50,14,86,114,462,-119,41
-59,51,14,86,113,462,-118,42
-57,53,14,87,112,462,-117,43
-56,56,13,88,112,462,-115,47
-54,58,12,89,112,462,-117,47
-54,60,11,90,111,462,-115,48
-54,61,9,90,111,462,-117,50
-55,63,9,89,111,461,-117,51
-55,64,10,89,111,461,-117,52
-54,65,11,90,111,461,-115,53
-52,66,12,92,111,462,-114,54
-50,67,13,92,111,462,-112,58
-49,69,14,92,111,461,-111,59
-49,71,13,93,111,461,-113,59
-49,72,12,93,111,462,-114,61
-50,73,11,95,111,462,-117,62
-50,74,10,96,111,461,-118,62
-50,76,8,96,111,459,-117,62
-49,79,7,94,111,458,-115,64
-48,79,7,93,110,459,-113,65
-47,79,6,92,109,461,-112,65
-47,79,6,93,109,461,-112,65
-48,79,6,93,110,460,-112,64
-48,79,7,93,110,459,-112,64
-47,79,7,93,109,459,-112,64
-47,79,6,93,107,459,-112,65
-48,80,4,93,106,458,-115,67
-49,82,3,93,107,458,-117,65
-50,83,2,93,107,457,-117,67
-50,84,2,94,107,458,-117,68
-50,84,1,94,106,458,-117,67
-50,83,0,94,105,458,-117,64
-50,83,0,93,105,458,-117,64
-50,84,0,93,106,458,-117,64
-50,86,0,93,106,458,-117,67
-48,88,0,93,106,458,-115,69
-47,89,0,93,105,458,-114,70
-47,89,0,93,104,458,-114,70
-47,89,-1,92,104,458,-114,70
-48,89,-2,91,104,458,-115,70
-48,90,-4,91,104,458,-115,68
-48,90,-6,92,102,458,-118,69
-48,91,-7,93,101,458,-118,70
-48,94,-7,92,100,458,-118,73
-48,95,-8,90,100,458,-115,74
-48,96,-9,89,101,458,-115,74
-48,95,-10,89,101,456,-115,72
-48,96,-11,89,101,455,-115,72
-48,97,-13,88,100,453,-115,74
-47,100,-13,87,99,453,-114,75
-47,100,-14,86,97,453,-114,76
-47,99,-15,85,97,454,-114,75
-47,99,-16,85,97,454,-114,73
-47,99,-17,83,97,454,-114,73
-46,98,-17,83,96,453,-112,72
-46,98,-18,83,95,453,-111,72
-46,97,-20,81,95,452,-111,70
-47,96,-22,79,96,451,-112,67
-48,95,-23,77,96,449,-113,65
-50,94,-24,76,95,449,-112,65
-50,94,-25,76,94,449,-113,65
-52,94,-28,75,92,449,-114,63
-53,93,-32,75,90,447,-117,59
-54,91,-34,75,90,446,-118,57
-54,88,-35,74,90,444,-119,54
-56,86,-36,72,90,444,-120,52
-57,84,-39,70,90,444,-119,48
-59,83,-41,68,90,443,-120,47
-59,80,-43,65,90,441,-118,43
-59,77,-44,63,90,440,-119,41
-61,74,-45,61,90,439,-118,37
-63,71,-46,59,90,439,-120,32
-66,68,-47,58,90,437,-123,29
-68,64,-48,57,90,436,-122,25
-69,61,-49,54,88,435,-123,21
-71,58,-50,53,86,434,-125,19
-74,54,-52,51,85,433,-125,15
-76,51,-54,49,84,432,-128,9
-78,46,-57,46,84,430,-130,6
-79,42,-59,45,84,430,-129,-1
-81,37,-61,43,84,428,-130,-6
-83,33,-61,42,84,427,-133,-9
-86,30,-61,39,84,425,-133,-13
-88,26,-63,37,84,423,-131,-17
-89,22,-64,36,84,421,-133,-20
-91,17,-66,35,84,420,-135,-26
-94,11,-67,35,84,420,-140,-35
-97,5,-67,33,84,420,-140,-40
-100,0,-67,32,84,420,-140,-43
-102,-5,-67,30,84,420,-144,-48
-104,-10,-67,28,83,419,-142,-54
-106,-15,-67,26,83,417,-144,-59
-107,-20,-67,24,81,415,-142,-64
-108,-24,-67,23,80,413,-144,-68
-110,-30,-68,22,80,411,-146,-74
-112,-37,-68,23,80,410,-147,-81
-115,-44,-68,23,80,410,-150,-89
-117,-50,-68,23,80,410,-152,-95
-118,-55,-68,23,79,411,-152,-98
-119,-59,-68,23,78,411,-153,-103
-120,-64,-68,23,78,410,-155,-108
-122,-70,-68,23,78,409,-157,-114
-125,-75,-68,23,78,408,-159,-119
-127,-80,-68,23,79,407,-162,-124
-128,-84,-67,24,78,406,-162,-129
-127,-90,-66,24,77,406,-162,-134
-127,-95,-65,25,75,406,-162,-140
-128,-99,-65,25,73,406,-162,-144
-130,-101,-65,27,73,406,-166,-146
-130,-104,-66,29,73,406,-169,-148
-130,-108,-66,31,73,406,-169,-152
-130,-112,-67,33,72,406,-170,-157
-130,-117,-67,35,70,406,-170,-163
-129,-120,-68,36,68,406,-173,-167
-128,-122,-68,38,68,406,-172,-169
-127,-124,-70,39,68,406,-173,-174
-126,-126,-72,41,67,406,-174,-175
-126,-127,-73,43,65,406,-174,-179
-125,-127,-74,44,63,407,-175,-179
-125,-128,-75,45,61,407,-175,-180
-124,-130,-76,46,60,407,-177,-184
-123,-131,-78,48,59,407,-179,-186
-123,-132,-81,49,59,407,-178,-189
-123,-132,-84,50,58,408,-181,-191
-124,-131,-87,50,57,407,-181,-191
-124,-130,-90,51,55,405,-184,-191
-123,-128,-93,51,52,404,-184,-192
-122,-126,-95,50,50,403,-183,-190
-122,-124,-99,49,49,403,-181,-191
-121,-123,-103,48,47,403,-184,-192
-122,-122,-107,48,45,401,-185,-194
-124,-119,-111,48,42,400,-189,-191
-125,-118,-115,45,39,398,-187,-191
-127,-115,-120,41,39,398,-190,-191
-128,-112,-125,36,38,399,-189,-190
-129,-107,-130,33,37,399,-189,-189
-129,-103,-136,30,35,397,-186,-186
-129,-100,-141,28,32,395,-186,-186
-130,-97,-146,24,30,393,-189,-185
-133,-92,-151,19,28,391,-187,-180
-134,-86,-155,14,26,389,-187,-178
-136,-80,-161,9,25,388,-186,-174
-136,-76,-167,3,23,386,-185,-172
-137,-72,-173,-1,21,383,-184,-170
-139,-67,-179,-6,19,381,-185,-168
-141,-60,-184,-11,18,380,-185,-163
-143,-52,-189,-16,16,379,-184,-158
-145,-45,-195,-21,14,377,-184,-151
-148,-37,-200,-26,13,375,-184,-146
-149,-31,-204,-32,12,372,-184,-141
-151,-25,-208,-39,11,369,-183,-135
-151,-19,-213,-45,9,367,-180,-133
-152,-12,-218,-50,7,365,-179,-128
-153,-5,-222,-54,5,362,-178,-120
-154,0,-226,-57,3,360,-179,-117
-154,7,-230,-60,2,358,-177,-111
-154,12,-233,-64,0,355,-177,-108
-153,18,-237,-67,-1,353,-173,-104
-152,23,-240,-70,-3,351,-173,-98
-152,29,-243,-73,-5,348,-169,-95
-151,35,-245,-75,-7,346,-169,-89
-151,41,-246,-77,-7,344,-167,-83
-150,47,-247,-79,-8,341,-166,-78
-149,51,-248,-79,-9,339,-164,-73
-148,55,-249,-80,-12,336,-164,-69
-146,60,-247,-81,-15,335,-159,-64
-144,65,-245,-81,-17,334,-158,-57
-142,69,-243,-80,-18,332,-156,-52
-140,73,-242,-78,-19,328,-155,-48
-138,75,-241,-75,-21,325,-155,-46
-135,78,-239,-72,-22,324,-155,-43
-133,82,-235,-68,-23,323,-151,-36
-129,87,-231,-66,-25,322,-151,-31
-126,92,-227,-63,-26,321,-147,-25
-122,95,-222,-60,-27,320,-144,-19
-118,97,-217,-54,-28,319,-142,-14
-114,99,-213,-47,-30,318,-142,-13
-109,102,-209,-41,-31,317,-141,-7
-106,105,-204,-36,-32,315,-140,-2
-102,109,-198,-30,-34,313,-139,4
-99,113,-190,-24,-35,311,-137,10
-94,116,-183,-17,-36,310,-136,15
-90,118,-176,-10,-37,310,-134,20
-86,119,-169,-4,-39,310,-133,24
-82,121,-162,2,-41,310,-131,29
-79,123,-155,9,-43,310,-130,32
-75,125,-147,15,-44,310,-130,40
-72,127,-140,22,-44,309,-129,45
-68,129,-133,28,-45,308,-130,48
-64,131,-126,35,-46,307,-129,53
-60,133,-119,42,-48,306,-126,58
-56,136,-111,50,-50,306,-125,63
-53,137,-102,58,-50,306,-125,69
-50,139,-94,65,-49,306,-126,73
-47,140,-88,71,-49,306,-126,76
-43,140,-82,76,-51,307,-123,80
-40,142,-75,81,-53,308,-122,84
-39,143,-67,86,-54,308,-122,90
-38,145,-59,90,-55,308,-123,93
-37,146,-53,94,-54,307,-122,97
-35,145,-46,98,-54,306,-119,100
-31,145,-40,102,-54,306,-119,103
-28,145,-34,106,-54,307,-115,106
-27,145,-28,109,-54,307,-114,109
-27,145,-22,111,-54,306,-114,112
-27,144,-16,113,-55,306,-114,113
-26,142,-10,114,-56,307,-113,113
-25,141,-6,116,-56,307,-113,114
-24,140,-1,117,-56,308,-109,115
-23,138,3,118,-56,308,-108,117
-23,136,7,119,-57,309,-108,117
-23,134,11,119,-58,310,-106,118
-23,133,15,119,-58,309,-106,119
-22,131,20,119,-57,308,-102,119
-23,129,24,117,-57,308,-101,120
-25,126,26,116,-58,310,-102,120
-27,123,29,115,-59,311,-102,117
-29,120,32,115,-59,312,-104,117
-30,118,35,115,-57,311,-102,117
-31,116,38,114,-55,311,-103,117
-32,113,41,113,-54,311,-103,114
-34,110,43,112,-54,311,-102,113
-36,106,44,110,-54,311,-103,109
-36,103,45,109,-54,311,-102,108
-38,100,45,107,-54,311,-103,106
-40,96,46,105,-54,311,-103,102
-43,91,48,103,-54,311,-103,100
-44,86,50,100,-54,311,-102,95
-45,81,52,97,-54,311,-100,91
-45,76,53,96,-54,311,-101,87
-46,73,53,95,-54,311,-98,84
-48,70,55,94,-53,310,-101,83
-49,66,58,92,-50,311,-100,81
-51,61,60,89,-49,312,-98,76
-52,55,61,86,-48,314,-97,73
-54,50,61,84,-49,316,-96,68
-56,45,63,83,-49,316,-98,63
-57,41,66,83,-49,316,-97,61
-58,36,69,83,-47,315,-98,58
-59,31,71,81,-45,315,-96,53
-60,26,72,79,-44,315,-96,52
-61,22,75,78,-44,315,-96,47
-62,17,78,78,-44,315,-95,45
-63,12,81,77,-43,317,-96,42
-65,7,84,76,-40,319,-95,40
-66,3,87,76,-39,320,-96,35
-67,-1,90,76,-39,320,-93,32
-66,-7,93,76,-39,320,-93,29
-66,-13,97,76,-37,321,-91,26
-66,-17,101,76,-35,323,-91,21
-67,-20,106,77,-33,325,-92,21
-69,-23,109,77,-33,326,-91,20
-70,-27,113,79,-34,328,-92,19
-70,-31,117,81,-33,329,-92,18
-68,-36,122,83,-32,331,-91,15
-67,-39,128,84,-30,332,-90,14
-67,-43,133,87,-28,334,-89,13
-67,-46,140,90,-28,336,-89,12
-67,-50,145,93,-28,338,-91,12
-67,-51,152,97,-26,339,-91,12
-65,-53,157,101,-24,342,-90,13
-64,-56,163,105,-22,345,-91,13
-61,-60,169,110,-22,349,-91,10
-60,-63,173,115,-22,352,-92,10
-59,-65,179,120,-22,354,-93,10
-59,-66,184,126,-21,357,-93,12
-57,-68,191,132,-18,359,-93,12
-54,-71,197,138,-17,363,-93,12
-50,-72,204,143,-16,367,-92,13
-47,-73,210,148,-14,371,-91,14
-45,-73,217,153,-12,374,-92,17
-43,-74,224,160,-11,378,-92,19
-40,-75,230,167,-11,382,-92,20
-37,-76,236,174,-10,385,-91,21
-33,-76,241,180,-9,389,-92,21
-29,-75,246,187,-7,392,-91,24
-25,-74,251,194,-5,394,-90,28
-21,-74,257,201,-4,397,-87,31
-18,-74,263,207,-4,401,-89,34
-14,-73,267,214,-3,406,-89,34
-11,-71,272,220,0,410,-87,39
-8,-67,276,226,0,414,-90,43
-5,-63,279,232,1,417,-89,50
-2,-61,283,237,1,420,-89,51
0,-59,287,243,2,423,-89,53
1,-56,289,248,4,426,-89,59
4,-50,292,252,6,430,-89,64
7,-45,293,256,7,433,-89,70
10,-40,294,259,8,436,-87,75
13,-36,295,261,10,438,-87,79
16,-33,296,265,11,440,-85,81
17,-29,295,267,12,443,-86,86
18,-23,295,268,12,445,-87,89
18,-17,293,267,13,447,-85,95
18,-11,292,266,15,449,-85,101
18,-6,292,265,17,450,-85,107
18,0,291,265,19,452,-85,112
18,4,289,263,21,453,-86,114
16,9,285,260,22,455,-85,119
14,13,281,256,23,455,-87,122
13,18,278,252,24,456,-86,126
13,23,275,248,25,457,-84,131
11,28,272,243,27,457,-83,134
9,34,268,237,29,458,-84,140
6,40,263,231,31,458,-84,144
3,46,257,224,32,458,-81,147
0,50,252,217,34,458,-81,148
-1,54,246,210,36,457,-83,153
-5,59,239,203,37,455,-81,153
-10,64,233,197,39,454,-84,157
-14,68,228,191,40,452,-85,159
-17,72,223,183,42,451,-83,162
-18,77,216,175,43,452,-83,163
-21,80,208,168,46,452,-83,164
-23,83,201,161,47,450,-83,164
-27,85,194,154,50,448,-84,164
-30,88,188,147,51,447,-81,164
-32,91,183,140,53,446,-81,166
-34,93,177,132,54,445,-79,168
-37,94,170,124,55,443,-79,164
-40,94,163,118,56,441,-80,161
-43,94,156,113,57,441,-80,158
-45,95,150,109,59,441,-81,157
-46,97,145,107,60,440,-83,157
-47,98,139,103,61,438,-81,156
-48,99,134,99,62,437,-83,153
-50,98,129,94,64,436,-83,151
-52,97,125,92,65,434,-84,150
-52,97,120,90,65,432,-84,147
-52,97,116,89,65,431,-84,145
-51,96,113,86,65,431,-84,141
-51,94,110,84,66,430,-80,139
-51,92,106,83,68,431,-83,135
-50,90,103,84,70,431,-81,130
-50,89,100,86,70,430,-84,129
-50,87,98,87,70,429,-86,125
-49,85,96,88,69,427,-85,120
-48,83,94,89,69,426,-86,118
-46,81,93,91,70,426,-87,114
-45,79,92,94,71,426,-86,112
-44,77,90,96,73,426,-87,109
-44,75,88,98,74,426,-90,104
-43,72,87,99,75,426,-91,102
-43,70,86,101,75,426,-91,97
-42,67,87,104,74,426,-92,95
-40,65,88,107,74,426,-93,92
-39,63,89,110,74,426,-92,91
-38,62,90,113,74,426,-93,90
-38,61,90,115,75,425,-96,89
-38,58,90,117,75,426,-96,86
-39,55,90,120,75,427,-98,83
-39,53,90,122,74,429,-101,80
-38,51,91,125,74,430,-103,79
-37,49,93,127,75,431,-102,76
-38,47,95,129,76,430,-103,75
-39,46,96,131,78,430,-106,73
-40,44,95,134,79,430,-109,72
-41,43,94,135,80,430,-111,70
-42,40,93,134,80,431,-111,68
-42,38,95,134,79,432,-112,65
-43,36,97,134,79,433,-109,63
-43,33,98,135,79,434,-113,63
-44,32,99,136,80,435,-113,62
-44,29,100,136,80,435,-114,58
-46,26,100,136,80,435,-113,56
-47,24,101,134,79,435,-114,54
-49,23,100,133,80,436,-115,53
-50,22,98,132,81,437,-117,52
-52,20,97,131,83,438,-118,50
-53,18,97,131,85,439,-120,47
-55,14,98,130,85,439,-119,43
-56,11,99,128,85,440,-118,41
-57,9,98,126,85,440,-119,39
-57,8,97,124,85,440,-117,37
-58,7,96,123,85,439,-118,36
-60,4,96,121,85,440,-119,34
-61,2,95,117,85,441,-118,31
-62,0,93,114,86,441,-117,29
-63,-1,91,112,89,442,-117,28
-62,-4,90,111,90,443,-114,23
-63,-7,88,110,90,444,-114,19
-65,-10,88,107,90,444,-117,17
-66,-13,88,104,90,444,-115,14
-68,-14,86,101,90,444,-114,12
-68,-15,85,99,90,444,-115,10
-68,-17,83,98,90,444,-112,9
-67,-18,82,96,92,444,-112,8
-68,-20,79,94,94,445,-112,4
-70,-20,78,93,95,446,-114,3
-72,-21,76,91,96,446,-113,3
-72,-21,75,90,95,446,-113,3
-71,-21,74,90,95,445,-113,1
-71,-21,73,88,95,446,-113,1
-71,-21,71,86,96,447,-113,1
-72,-22,69,85,97,448,-112,0
-73,-22,67,85,97,449,-114,-2
-73,-20,66,86,97,449,-114,-1
-73,-18,65,87,97,448,-117,1
-73,-16,65,87,98,448,-118,1
-74,-15,64,86,100,448,-118,2
-75,-14,62,85,101,448,-117,3
-76,-12,61,85,100,448,-120,4
-75,-10,60,85,100,448,-119,7
-75,-8,60,85,100,448,-119,9
-73,-6,59,84,100,448,-118,8
-72,-5,57,84,100,448,-117,9
-72,-3,54,84,100,448,-115,9
-72,0,54,84,100,448,-115,13
-72,3,54,84,100,448,-115,17
-71,6,54,84,100,448,-115,19
-71,8,55,84,101,448,-115,23
-71,10,54,84,101,448,-115,23
-71,12,52,84,102,448,-115,25
-71,16,49,84,101,448,-118,26
-71,19,48,85,100,448,-118,29
-70,21,48,86,100,448,-117,31
-69,23,49,86,101,448,-117,34
-68,24,49,85,102,448,-115,35
-67,26,48,85,103,448,-114,36
-66,29,46,85,104,448,-113,36
-67,32,45,87,104,448,-117,40
-68,34,44,88,105,449,-118,42
-68,35,44,88,105,450,-120,42
-68,36,44,88,105,450,-117,43
-65,36,44,88,105,449,-114,45
-62,38,44,88,105,449,-112,46
-61,39,44,88,105,449,-111,47
-61,39,43,87,105,450,-111,47
-61,39,42,85,105,450,-111,43
-61,39,40,85,105,449,-111,45
-61,39,39,85,105,448,-111,45
-60,41,38,87,105,448,-112,43
-60,41,37,88,104,448,-112,45
-61,41,37,89,105,448,-113,43
-61,39,37,88,106,448,-113,42
-63,38,37,88,108,448,-115,41
-64,37,37,88,110,448,-115,40
-63,36,37,88,111,448,-115,39
-62,34,37,88,110,448,-114,37
-63,32,37,88,108,448,-115,35
-65,31,37,88,108,448,-117,34
-66,30,37,88,108,448,-118,34
-66,29,37,88,109,448,-118,32
-65,28,37,88,110,449,-117,31
-64,27,35,88,110,450,-115,30
-64,25,35,89,110,449,-118,28
-65,21,34,90,110,448,-119,21
-67,18,34,90,110,448,-120,18
-67,14,33,91,110,448,-124,14
-68,13,32,90,110,448,-122,14
-68,13,31,90,110,448,-122,14
-68,13,31,89,110,448,-122,13
-68,11,31,89,110,448,-123,12
-69,9,31,89,110,448,-123,9
-69,7,30,89,110,448,-123,7
-70,6,30,88,110,448,-124,6
-71,5,31,89,110,448,-124,4
-72,3,30,88,110,448,-125,3
-73,2,29,87,110,448,-126,2
-73,2,28,86,110,448,-126,0
-73,2,27,85,110,448,-126,0
-72,1,27,85,110,448,-126,0
-73,0,27,85,110,448,-126,-2
-75,-1,26,85,110,448,-128,-3
-76,-1,26,85,110,448,-129,-3
-77,-1,25,84,110,448,-128,-3
-76,-1,25,83,110,448,-128,-3
-76,-1,25,83,110,448,-126,-3
-75,-2,25,83,110,448,-126,-4
-75,-3,23,84,110,448,-129,-8
-75,-4,21,84,110,448,-129,-9
-74,-5,21,84,110,448,-128,-9
-74,-5,22,83,110,448,-128,-10
-74,-5,22,83,110,448,-128,-9
-75,-4,21,84,110,448,-128,-8
-75,-3,20,85,110,448,-131,-8
-75,-3,19,86,110,448,-131,-10
-75,-3,20,85,110,448,-131,-10
-75,-3,20,85,110,448,-131,-9
-76,-1,20,85,110,446,-131,-8
-76,-1,20,85,110,446,-133,-8
-76,-1,20,85,110,447,-130,-6
-76,-1,20,86,110,448,-131,-8
-76,-1,18,86,110,448,-131,-8
-76,-1,18,87,110,448,-131,-8
-76,-1,18,88,110,447,-135,-8
-77,0,18,88,110,446,-135,-8
-77,0,18,89,110,446,-135,-7
-76,1,18,90,110,446,-135,-6
-75,3,18,90,110,446,-134,-3
-74,4,19,89,110,447,-133,-2
-73,5,20,90,110,448,-131,-1
-71,6,21,91,110,448,-130,-1
-70,7,21,93,110,447,-131,0
-69,9,20,93,110,446,-130,2
-68,10,20,92,110,445,-126,3
-68,13,21,91,110,445,-126,6
-67,16,21,91,110,447,-126,8
-67,18,22,92,110,448,-125,13
-65,19,23,94,110,448,-126,14
-64,21,23,96,110,448,-125,15
-64,22,23,97,110,448,-125,15
-63,25,24,96,110,448,-124,20
-63,28,25,94,110,448,-124,23
-62,32,26,93,110,448,-122,28
-61,35,27,92,110,448,-120,34
-60,37,28,94,110,448,-119,35
-60,39,28,96,110,448,-122,37
-59,42,28,97,110,448,-122,37
-59,45,28,96,111,448,-120,41
-58,50,28,96,112,448,-120,47
-57,54,29,96,111,448,-119,52
-56,57,29,96,110,448,-118,54
-55,60,29,97,111,448,-117,58
-54,63,29,97,113,448,-117,61
-53,66,30,97,114,449,-115,64
-53,70,32,99,113,450,-114,68
-51,73,33,100,112,451,-114,72
-50,76,33,101,111,451,-113,74
-48,79,32,101,112,452,-113,76
-47,81,32,101,113,453,-112,79
-46,84,32,101,114,453,-111,81
-46,87,32,100,113,452,-108,85
-46,90,33,100,112,452,-109,87
-45,93,33,102,111,452,-111,91
-44,96,33,104,111,452,-109,95
-43,98,34,106,112,452,-111,96
-43,101,35,106,112,453,-111,98
-43,102,34,105,112,454,-111,100
-42,104,34,105,111,454,-109,102
-42,107,35,106,112,454,-109,104
-42,108,35,106,112,455,-109,107
-41,110,36,107,113,455,-109,111
-40,111,37,108,113,456,-108,112
-40,113,37,108,112,456,-108,113
-39,115,37,108,112,456,-107,115
-39,117,36,108,112,457,-107,117
-39,117,37,108,113,458,-107,118
-38,117,37,109,114,458,-106,118
-37,118,38,109,114,457,-104,118
-36,118,38,109,114,457,-104,119
-36,119,38,109,114,457,-103,119
-37,118,37,110,115,458,-107,118
-38,116,36,111,115,457,-108,114
-38,114,37,111,115,457,-108,114
-38,112,36,111,115,457,-108,111
-38,110,35,110,115,458,-108,108
-39,108,33,109,115,459,-109,106
-40,104,32,109,115,459,-111,100
-41,101,32,108,115,458,-111,98
-41,98,32,108,115,457,-111,96
-41,95,32,108,115,457,-112,93
-42,92,31,108,115,458,-112,87
-42,88,30,107,115,461,-112,84
-43,84,31,107,115,462,-113,79
-44,79,31,107,115,463,-112,75
-45,75,30,106,115,462,-112,70
-46,70,29,104,115,462,-113,65
-48,66,28,104,115,462,-115,62
-50,63,29,104,115,462,-117,58
-52,59,29,104,116,462,-119,54
-53,56,29,104,116,462,-120,51
-54,52,27,104,115,462,-120,48
-55,49,25,103,114,462,-122,42
-56,46,24,103,114,462,-123,39
-57,43,24,103,114,462,-124,36
-58,40,24,103,115,462,-125,32
-59,38,24,102,116,462,-125,31
-60,36,23,101,116,462,-126,29
-60,34,21,101,115,462,-126,26
-61,33,21,100,115,462,-128,25
-63,32,21,101,115,462,-129,25
-65,32,21,100,115,462,-131,24
-66,31,21,99,115,462,-130,24
-66,31,20,99,115,462,-130,24
-66,30,19,100,115,462,-133,20
-66,30,18,102,115,463,-135,20
-66,31,17,103,115,463,-135,21
-67,32,18,102,116,464,-136,23
-68,33,19,101,116,464,-134,24
-68,35,22,100,116,464,-134,28
-67,36,22,100,116,466,-134,29
-66,38,21,100,116,467,-133,31
-65,40,19,101,116,467,-131,30
-65,42,20,101,116,467,-131,32
-64,45,22,102,116,467,-131,37
-64,47,23,103,116,467,-130,40
-63,50,24,103,116,467,-130,42
-63,53,25,103,116,467,-130,46
-63,56,25,103,116,467,-129,48
-62,58,25,103,116,467,-129,51
-61,61,25,104,116,467,-129,53
-61,63,24,105,116,467,-131,56
-61,65,24,107,116,467,-131,57
-61,66,24,109,116,467,-133,59
-60,68,25,109,116,467,-131,61
-59,69,25,108,116,467,-131,62
-60,71,26,107,116,467,-129,64
-60,72,27,107,116,467,-130,68
-59,73,27,106,116,467,-129,68
-57,73,28,106,116,467,-128,69
-56,75,27,106,116,467,-126,70
-57,76,27,106,116,467,-126,72
-57,78,27,106,116,467,-128,73
-58,78,28,106,116,467,-128,73
-58,76,28,107,116,467,-128,72
-57,74,29,107,116,467,-128,69
-57,73,28,106,116,467,-128,69
-58,74,28,106,116,467,-128,69
-58,74,28,106,116,467,-128,69
-58,72,29,107,116,467,-128,68
-58,70,28,107,116,467,-128,65
-59,68,28,106,116,467,-128,63
-60,67,27,106,116,467,-129,62
-61,66,27,106,116,467,-130,62
-61,65,27,106,116,467,-131,61
-61,63,28,106,116,467,-130,58
-61,61,27,106,116,467,-130,57
-61,60,27,106,116,467,-130,56
-63,58,27,106,116,467,-133,53
-63,57,27,106,116,468,-133,52
-62,54,27,106,116,468,-131,50
-61,53,27,106,116,469,-130,48
-61,51,27,107,116,469,-130,46
-63,49,26,107,116,469,-133,42
-65,47,25,106,116,469,-135,40
-67,45,25,105,116,468,-136,37
-67,43,24,105,116,467,-136,36
-68,41,23,105,116,467,-137,34
-69,40,21,106,116,467,-137,30
-70,38,21,106,116,469,-139,29
-70,36,21,105,116,469,-139,26
-72,34,22,104,116,469,-141,26
-74,32,21,105,116,467,-142,21
-75,30,21,106,116,467,-144,20
-75,27,21,106,116,467,-146,18
-75,25,21,107,116,467,-146,14
-76,21,21,106,116,467,-145,12
-78,19,20,105,116,467,-146,9
-79,16,18,104,116,467,-147,7
-79,14,17,103,116,467,-148,4
-79,13,17,102,116,467,-147,3
-79,11,17,103,116,467,-148,1
-80,8,18,103,116,467,-148,-1
-80,5,17,102,116,467,-148,-3
-79,3,16,101,116,466,-147,-9
-80,1,16,101,116,466,-148,-10
-81,1,16,102,116,466,-150,-8
-83,0,17,103,116,466,-151,-9
-83,-1,17,103,116,466,-151,-10
-81,-2,16,102,116,466,-150,-14
-80,-3,16,101,116,464,-148,-15
-80,-4,16,102,116,464,-148,-17
-80,-4,17,102,116,465,-148,-14
-80,-3,16,102,116,465,-148,-13
-81,-2,16,101,116,465,-150,-14
-82,-1,15,101,116,464,-151,-13
-83,0,15,101,116,464,-151,-12
-82,0,16,102,115,463,-150,-10
-80,1,17,103,115,462,-148,-8
-79,3,17,103,115,462,-147,-6
-78,6,17,103,115,463,-146,-3
-78,8,17,103,116,464,-146,-1
-77,10,17,103,116,464,-146,0
-76,12,17,103,115,463,-145,2
-75,14,17,103,115,462,-144,4
-74,18,17,103,115,462,-142,8
-73,21,17,102,115,462,-142,10
-74,25,17,103,115,463,-142,14
-74,27,18,104,116,464,-142,18
-72,29,20,105,116,464,-141,19
-71,32,21,106,116,464,-140,21
-69,34,21,106,115,463,-139,25
-69,36,21,106,116,463,-137,26
-68,39,21,106,116,463,-137,29
-68,41,21,107,115,464,-139,31
-67,43,23,108,115,465,-139,36
-66,46,24,109,114,466,-137,39
-65,47,25,110,115,465,-137,40
-65,48,24,110,115,464,-136,41
-65,50,24,109,115,462,-136,42
-66,51,24,109,114,462,-137,43
-67,52,24,109,114,463,-139,45
-67,53,24,109,115,464,-139,46
-67,53,24,110,116,464,-139,46
-67,53,23,110,116,463,-139,43
-67,53,23,111,115,462,-141,42
-66,52,23,110,115,462,-137,42
-66,51,24,110,115,462,-137,45
-65,49,24,109,115,462,-136,42
-65,48,24,109,116,464,-136,41
-64,48,24,110,116,466,-136,41
-64,48,23,110,116,466,-136,39
-64,49,23,111,116,464,-137,39
-65,48,23,111,115,462,-139,39
-65,48,23,110,115,462,-137,39
-67,46,23,111,115,462,-141,36
-68,46,22,112,116,464,-142,36
-69,46,21,112,116,464,-142,36
-69,46,22,112,116,464,-142,36
-68,46,23,111,115,462,-142,36
-68,46,23,111,115,462,-142,36
-68,46,22,111,115,462,-142,36
-69,46,22,112,115,462,-142,36
-70,45,21,112,115,462,-144,35
-72,44,21,112,115,462,-146,34
-73,44,21,112,115,462,-147,34
-74,44,21,113,115,462,-150,34
-73,43,21,113,115,462,-150,34
-72,43,21,113,115,462,-148,32
-71,41,21,113,115,462,-145,31
-71,39,21,113,115,462,-145,30
-71,39,21,113,115,462,-147,29
-71,39,21,113,115,462,-145,29
-71,39,21,113,115,462,-145,30
-70,40,21,113,115,462,-144,30
-69,40,21,113,115,462,-144,30
-69,40,21,113,115,462,-142,30
-69,39,21,113,115,462,-142,29
-69,37,21,113,115,462,-142,28
-69,36,21,113,115,462,-145,26
-69,36,21,113,115,462,-142,26
-69,36,21,113,115,462,-142,26
-69,36,21,113,115,462,-142,26
-69,36,21,113,115,463,-145,26
-69,37,21,113,116,464,-146,26
-69,36,21,112,116,464,-142,26
-69,36,22,112,116,464,-142,26
-68,36,23,112,115,463,-142,25
-68,35,23,113,115,462,-142,25
-68,35,22,114,115,462,-145,25
-68,35,21,113,115,462,-145,25
-68,35,21,113,115,462,-145,25
-68,36,21,113,115,462,-142,25
-69,36,21,113,115,462,-142,26
-69,38,21,113,115,462,-144,28
-70,38,20,113,115,462,-144,28
-70,38,21,113,115,462,-144,28
-70,38,22,114,115,462,-146,29
-68,39,23,115,115,462,-145,29
-68,41,24,116,115,462,-144,31
-67,43,25,116,115,462,-144,34
-68,45,25,116,115,462,-145,35
-68,46,24,116,115,462,-145,36
-68,47,24,117,115,462,-144,37
-66,47,23,117,115,462,-142,37
-64,48,23,117,115,462,-141,39
-65,50,23,117,115,462,-141,40
-66,51,23,118,115,462,-145,41
-67,52,22,119,115,462,-146,42
-67,52,21,120,115,462,-146,40
-67,53,21,120,115,462,-148,40
-66,54,21,120,115,462,-145,42
-65,57,21,120,115,462,-144,45
-65,59,21,120,115,462,-144,47
-65,60,22,121,115,463,-146,50
-65,59,23,122,115,463,-146,50
-65,59,23,122,116,464,-146,50
-65,59,23,121,116,464,-146,50
-65,59,23,122,116,464,-146,50
-65,59,24,122,116,464,-146,50
-65,59,24,123,115,463,-146,50
-64,59,25,123,115,462,-146,50
-64,59,25,123,115,462,-146,50
-65,59,25,123,115,463,-146,50
-66,58,25,123,116,464,-147,48
-68,57,25,123,116,464,-148,47
-69,57,23,122,115,463,-150,47
-69,57,22,121,115,462,-150,45
-69,57,21,120,115,462,-147,45
-69,57,21,119,115,462,-148,45
-70,57,23,120,115,462,-148,47
-71,56,25,121,115,462,-150,46
-71,54,25,120,115,462,-150,45
-71,52,24,120,115,462,-150,42
-71,50,23,120,115,462,-150,40
-71,50,24,121,115,462,-150,40
-71,50,25,121,115,462,-150,40
-71,50,24,120,115,462,-150,41
-71,50,22,119,115,462,-150,40
-70,49,21,119,115,462,-148,36
-69,47,22,119,115,462,-147,37
-69,46,22,119,115,462,-147,36
-70,45,22,119,115,462,-148,35
-72,44,21,119,115,462,-150,31
-73,43,21,120,115,462,-151,31
-73,43,21,120,115,462,-152,31
-73,44,21,120,115,462,-152,31
-73,44,21,120,115,462,-152,31
-73,43,21,120,115,462,-151,31
-72,42,21,120,115,462,-151,30
-72,40,21,120,115,462,-151,28
-72,39,21,120,115,462,-151,26
-73,38,21,120,115,462,-152,25
-73,36,21,120,115,462,-152,24
-73,34,21,120,115,462,-152,21
-72,33,21,120,115,462,-151,20
-72,33,21,120,115,462,-151,20
-72,32,21,120,115,462,-151,20
-74,31,20,119,115,462,-152,19
-74,29,20,119,115,462,-153,17
-74,28,19,118,115,462,-153,17
-73,30,18,117,115,461,-152,18
-72,32,18,117,115,460,-151,19
-72,33,18,117,115,460,-151,20
-72,33,18,118,115,460,-151,21
-72,33,18,118,115,461,-151,20
-72,32,19,118,115,461,-151,20
-73,33,20,119,115,461,-151,20
-73,34,21,119,115,461,-152,21
-73,36,21,120,115,460,-155,24
-72,38,20,121,115,459,-153,26
-72,41,18,122,115,457,-155,29
-71,43,18,123,115,456,-155,29
-70,46,18,123,115,457,-155,34
-69,50,19,122,115,459,-151,37
-68,52,19,122,115,461,-148,40
-67,54,19,122,115,462,-148,41
-67,56,19,122,115,461,-148,43
-66,60,19,124,115,461,-150,47
-65,63,21,126,115,460,-150,51
-63,65,22,126,115,461,-147,53
-63,66,23,126,115,461,-147,53
-63,67,24,125,115,461,-147,57
-64,68,24,124,115,460,-146,58
-64,71,23,124,115,460,-145,61
-63,73,22,126,115,461,-147,61
-62,75,21,127,115,462,-146,63
-63,76,21,127,115,462,-150,64
-63,77,21,127,115,461,-147,64
-63,77,21,126,115,458,-147,64
-63,76,22,127,115,458,-147,64
-64,76,22,128,115,458,-151,63
-66,75,23,128,115,460,-152,63
-67,74,22,128,115,461,-153,62
-68,74,22,127,115,460,-152,62
-66,73,21,126,115,459,-151,61
-65,71,21,126,115,460,-150,59
-65,68,21,126,115,461,-150,56
-66,65,21,127,115,462,-153,53
-68,63,21,127,115,463,-152,51
-69,61,21,127,115,462,-153,48
-70,58,21,127,115,461,-153,46
-69,55,22,126,115,459,-153,42
-70,51,21,126,115,457,-153,39
-70,46,19,127,115,457,-156,31
-71,43,18,128,115,457,-157,28
-72,40,17,129,115,458,-161,25
-73,36,16,129,115,458,-162,21
-74,32,15,128,115,457,-162,14
-74,28,15,127,115,457,-159,10
-75,24,14,127,115,457,-161,7
-76,21,14,126,115,457,-162,3
-77,18,13,126,115,458,-163,1
-79,14,12,125,115,458,-164,-2
-81,10,12,125,115,457,-167,-7
-83,7,13,126,115,456,-168,-10
-83,3,13,126,115,455,-168,-13
-83,1,12,125,115,455,-169,-15
-84,0,11,124,115,454,-169,-18
-86,-1,10,123,115,453,-170,-19
-86,-3,11,124,115,452,-170,-20
-86,-4,11,124,115,452,-170,-21
-86,-7,10,123,115,452,-172,-24
-87,-8,8,121,115,452,-170,-28
-89,-8,7,120,115,452,-172,-29
-90,-8,7,120,115,452,-172,-29
-89,-8,7,120,115,452,-172,-28
-89,-8,7,120,115,452,-172,-29
-89,-9,7,120,115,452,-172,-29
-89,-8,7,120,115,452,-172,-28
-90,-7,7,121,115,452,-173,-26
-90,-5,8,121,115,453,-173,-25
-91,-4,10,120,115,453,-174,-21
-91,-4,10,119,115,452,-172,-21
-92,-4,11,118,115,451,-172,-21
-92,-3,11,119,115,451,-173,-20
-93,-1,11,119,114,450,-173,-19
-92,0,12,120,113,449,-175,-17
-91,1,12,120,114,448,-174,-15
-90,2,12,120,114,448,-173,-15
-89,2,13,121,114,448,-172,-15
-89,2,14,121,113,448,-172,-13
-89,2,14,121,113,448,-172,-13
-90,2,13,121,114,448,-173,-15
-90,1,12,122,115,448,-173,-15
-89,2,12,122,115,448,-172,-15
-88,2,12,122,115,448,-170,-14
-86,3,12,122,115,448,-169,-13
-85,4,11,123,115,448,-170,-13
-85,4,10,124,113,448,-170,-12
-85,4,10,124,111,448,-170,-13
-85,3,11,123,110,448,-170,-13
-85,4,11,123,111,448,-170,-13
-86,6,11,123,113,448,-170,-10
-87,7,11,123,113,448,-172,-9
-87,8,11,124,112,448,-173,-9
-87,9,11,124,110,448,-173,-8
-87,10,11,123,109,448,-172,-7
-86,12,10,123,110,448,-172,-4
-85,15,11,124,111,447,-170,-2
-85,17,12,125,112,446,-170,0
-84,19,14,126,112,445,-169,2
-82,22,14,127,112,446,-168,4
-79,25,14,127,112,448,-166,8
-78,30,14,127,111,448,-163,12
-77,34,15,128,110,448,-166,17
-77,38,17,129,110,446,-166,23
-75,41,18,130,110,446,-164,26
-73,45,18,130,110,446,-162,30
-71,50,18,130,110,448,-159,35
-69,55,18,130,110,448,-158,40
-68,59,19,131,110,448,-157,45
-67,63,21,133,110,448,-156,48
-65,68,21,133,110,448,-155,53
-64,72,21,133,109,448,-153,57
-64,76,22,134,110,448,-153,64
-63,80,23,134,112,448,-152,68
-63,84,24,136,113,448,-155,72
-62,86,25,137,113,448,-155,74
-61,88,25,137,112,448,-153,76
-61,90,25,137,110,448,-153,78
-61,93,25,137,110,448,-152,80
-60,95,25,137,111,448,-151,83
-59,96,25,137,112,448,-151,84
-59,95,25,137,112,448,-151,83
-59,95,25,137,112,448,-151,83
-60,95,25,137,113,448,-152,83
-61,94,24,138,113,448,-152,81
-61,93,22,140,113,448,-155,78
-61,90,21,141,112,448,-158,75
-62,88,21,140,111,448,-156,74
-62,86,23,139,110,448,-157,72
-63,84,24,138,111,448,-155,72
-63,79,24,138,112,448,-155,67
-63,74,23,140,111,448,-157,59
-63,70,22,140,110,448,-157,54
-64,66,20,140,110,448,-158,51
-65,62,19,138,111,448,-158,47
-66,59,18,137,112,448,-159,41
-66,54,18,137,111,448,-159,37
-67,50,18,137,110,448,-159,32
-67,46,18,137,110,448,-161,31
-68,43,18,137,110,448,-162,28
-70,40,17,137,110,448,-163,23
-71,37,15,135,110,448,-164,19
-71,33,15,134,110,448,-162,15
-72,30,16,132,111,448,-162,13
-72,28,17,131,112,448,-159,13
-73,26,17,132,113,448,-161,12
-73,25,16,133,112,448,-164,7
-74,23,15,134,111,448,-164,6
-74,21,15,133,110,448,-164,3
-75,22,15,132,110,448,-166,4
-75,24,15,131,110,448,-163,7
-75,26,15,131,110,448,-163,8
-75,27,15,130,110,448,-163,9
-75,26,16,130,110,448,-163,9
-74,26,17,130,110,448,-162,10
-75,26,17,131,110,448,-163,10
-75,28,17,132,110,448,-163,13
-77,29,16,133,110,447,-167,12
-78,30,15,133,110,446,-168,12
-78,29,14,134,110,446,-169,12
-78,30,14,134,110,448,-169,13
-79,31,14,134,110,448,-170,13
-81,32,14,134,110,448,-172,14
-83,33,14,134,110,448,-174,15
-84,32,14,134,110,447,-174,15
-83,31,14,134,110,446,-174,13
-83,29,14,134,110,445,-174,12
-84,27,14,134,110,444,-174,9
-85,26,14,134,110,445,-175,8
-85,25,14,134,110,445,-175,7
-85,22,14,134,110,444,-175,4
-86,19,14,134,109,444,-177,1
-87,15,14,135,109,443,-179,-2
-88,12,13,135,109,443,-180,-7
-89,9,12,135,109,443,-181,-10
-90,5,9,134,109,443,-183,-14
-90,1,8,134,110,443,-183,-20
-91,-2,7,134,110,443,-184,-24
-92,-5,7,134,109,443,-185,-28
-93,-7,8,134,108,443,-186,-30
-95,-10,8,134,108,443,-187,-32
-96,-13,7,133,107,443,-189,-36
-97,-17,5,132,106,442,-190,-40
-98,-20,4,131,105,442,-190,-43
-97,-23,4,130,104,442,-190,-46
-97,-24,4,131,104,442,-190,-46
-99,-25,4,131,105,441,-191,-47
-100,-25,4,131,105,440,-192,-48
-102,-26,4,131,104,439,-194,-48
-102,-26,4,131,104,438,-194,-50
-102,-26,4,131,104,438,-194,-50
-102,-26,4,131,104,438,-194,-50
-101,-26,4,130,104,439,-194,-50
-101,-25,3,130,104,438,-192,-48
-99,-23,3,130,104,438,-189,-46
-99,-21,3,130,104,438,-189,-43
-99,-19,3,130,104,439,-189,-42
-100,-19,3,130,104,439,-189,-42
-100,-19,3,130,104,438,-192,-42
-101,-18,4,130,104,437,-192,-41
-101,-17,4,131,104,435,-194,-40
-102,-15,4,131,104,433,-194,-39
-102,-15,4,131,104,433,-194,-37
-102,-15,4,131,104,433,-194,-37
-102,-15,4,131,104,434,-194,-39
-102,-15,4,131,104,434,-194,-39
-102,-15,4,131,104,433,-194,-39
-102,-15,4,131,104,433,-194,-39
-102,-15,4,131,104,433,-194,-39
-102,-15,4,131,104,433,-194,-39
-101,-15,4,131,103,433,-194,-39
-102,-15,4,131,101,433,-194,-37
-103,-16,4,131,99,434,-195,-39
-105,-17,4,131,99,434,-197,-40
-106,-19,4,131,99,434,-197,-42
-105,-20,4,131,99,432,-197,-43
-104,-22,4,131,99,430,-196,-45
-103,-23,4,131,99,429,-195,-46
-104,-25,4,131,99,429,-196,-48
-105,-28,4,131,99,429,-197,-51
-106,-28,4,131,99,429,-197,-52
-105,-28,4,131,99,429,-197,-51
-103,-27,5,132,99,429,-195,-50
-102,-26,5,132,99,429,-194,-48
-101,-26,5,132,99,429,-194,-50
-101,-26,6,132,99,429,-194,-50
-102,-26,7,132,99,430,-194,-50
-101,-25,9,132,99,429,-194,-45
-100,-22,9,133,99,427,-192,-42
-99,-18,8,134,99,425,-191,-40
-98,-12,8,134,99,424,-190,-35
-97,-7,7,134,99,425,-190,-30
-96,-3,7,134,99,427,-189,-25
-94,1,8,134,99,428,-186,-20
-92,6,9,135,99,427,-184,-13
-90,12,10,136,99,426,-185,-7
-88,19,11,137,99,425,-183,-1
-85,26,12,138,98,424,-180,6
-83,33,13,139,98,424,-178,13
-79,42,14,140,99,424,-175,21
-77,51,14,140,99,425,-173,31
-75,59,15,141,99,426,-170,41
-74,66,16,142,99,427,-169,48
-72,72,17,143,99,428,-170,54
-69,79,18,144,99,429,-168,61
-66,84,19,144,99,429,-166,67
-64,89,19,145,99,429,-163,72
-62,93,21,146,99,429,-162,76
-61,99,22,147,99,429,-161,84
-61,104,23,148,99,429,-162,89
-60,108,25,150,99,429,-162,93
-59,111,25,151,99,429,-161,96
-58,112,26,151,99,429,-159,97
-56,113,26,151,99,429,-158,98
-55,114,25,151,99,429,-157,100
-54,115,25,151,99,429,-156,100
-55,114,25,151,99,429,-157,100
-56,112,25,151,99,429,-158,97
-57,109,25,151,99,429,-158,93
-56,107,25,151,99,429,-158,91
-55,104,26,150,99,429,-157,90
-55,101,26,150,99,429,-155,86
-56,97,26,150,99,429,-155,83
-56,93,26,150,99,429,-156,78
-57,89,27,149,99,429,-156,76
-57,86,28,148,99,429,-156,74
-57,85,28,148,99,429,-156,73
-57,85,28,148,99,429,-157,73
-60,84,28,148,99,429,-158,72
-61,83,28,148,99,429,-159,70
-61,83,28,148,99,429,-159,70
-60,84,29,147,99,429,-156,72
-57,85,29,147,99,429,-155,73
-57,86,29,147,99,431,-153,74
-57,89,29,148,99,432,-156,76
-57,93,28,147,99,432,-156,80
-56,97,28,147,99,432,-152,85
-54,102,29,147,99,433,-151,90
-51,107,30,148,99,433,-151,95
-48,112,32,150,101,434,-147,102
-46,118,33,151,101,434,-146,108
-44,125,33,151,102,433,-144,115
-43,133,32,150,101,433,-142,123
-41,140,32,150,102,435,-141,130
-39,148,33,151,103,437,-140,137
-38,155,35,153,104,438,-139,145
-36,162,37,155,105,439,-139,155
-35,169,39,156,104,439,-137,162
-32,176,39,157,104,438,-135,169
-30,183,39,157,104,438,-134,175
-28,189,40,157,104,438,-131,181
-27,194,41,158,104,438,-130,186
-26,198,42,159,104,440,-129,190
-24,201,43,161,104,442,-130,194
-22,205,43,161,104,443,-128,197
-20,208,44,161,104,444,-126,203
-19,210,45,161,104,444,-125,206
-19,213,45,163,104,443,-125,208
-19,214,45,164,104,443,-128,209
-21,215,44,166,104,443,-129,208
-21,216,43,167,105,445,-133,208
-20,215,43,168,105,447,-131,208
-19,214,43,167,105,448,-130,207
-19,213,43,167,105,448,-130,206
-20,210,43,167,105,448,-130,203
-20,208,43,167,105,448,-131,201
-20,205,43,167,105,448,-129,198
-21,203,42,166,105,448,-130,196
-23,199,41,165,105,448,-131,191
-25,195,41,165,104,448,-134,187
-27,189,40,165,105,448,-135,183
-28,184,39,164,107,448,-136,174
-28,178,39,163,108,448,-136,168
-30,171,38,162,108,449,-137,162
-32,165,37,161,107,451,-140,155
-34,158,36,160,107,453,-139,148
-36,151,35,160,108,453,-141,141
-40,145,34,159,110,453,-145,135
-43,137,33,157,111,452,-148,124
-46,128,31,156,110,453,-151,115
-47,119,30,155,110,453,-152,107
-48,112,29,154,110,453,-150,100
-50,105,29,154,110,453,-152,92
-52,99,28,153,110,453,-155,86
-55,92,27,152,110,453,-156,78
-57,86,26,151,110,453,-158,70
-58,79,24,149,110,453,-159,64
-59,73,23,148,110,453,-161,58
-60,68,22,148,110,453,-159,53
-62,64,22,148,110,453,-161,50
-64,61,22,147,110,453,-163,46
-66,59,21,147,110,453,-164,41
-67,56,19,146,110,453,-166,39
-67,54,16,147,110,453,-168,34
-68,52,15,147,110,453,-169,32
-69,50,15,148,110,453,-170,30
-71,50,15,148,110,453,-172,30
-71,50,15,148,110,453,-172,30
-72,52,15,148,111,452,-172,31
-73,53,15,148,110,453,-174,32
-74,54,15,148,108,453,-175,34
-75,54,15,148,107,453,-177,34
-75,55,15,148,107,453,-177,35
-75,57,15,148,108,453,-177,37
-75,59,15,148,110,453,-177,39
-75,59,15,148,111,453,-177,39
-76,60,15,148,111,453,-177,40
-75,61,15,148,108,452,-177,41
-75,62,15,148,106,451,-177,42
-75,64,15,148,105,451,-175,43
-74,65,15,148,106,451,-175,45
-73,65,15,147,108,452,-174,45
-72,64,15,148,110,453,-173,43
-72,63,16,148,111,453,-173,43
-72,62,18,150,110,453,-175,42
-71,61,19,151,108,453,-174,43
-71,61,19,151,107,453,-174,43
-71,61,19,151,107,453,-174,43
-72,61,19,151,107,453,-175,42
-73,60,19,151,107,451,-177,42
-74,60,19,151,106,449,-177,42
-75,59,19,151,105,450,-178,41
-75,60,19,151,105,451,-178,42
-75,59,19,151,105,453,-179,41
-76,57,19,151,106,453,-180,39
-77,54,19,151,107,453,-180,36
-77,52,19,151,107,453,-180,35
-78,52,19,151,106,452,-181,34
-78,52,19,151,105,453,-181,34
-77,53,18,150,105,453,-180,32
-78,52,16,148,106,453,-178,32
-78,50,15,148,107,453,-179,30
-79,48,16,148,107,451,-179,28
-79,45,16,149,108,449,-180,25
-81,44,16,149,108,448,-181,24
-83,44,15,148,108,449,-183,24
-84,44,15,148,107,450,-184,24
-84,43,15,147,105,451,-185,23
-85,41,15,148,105,451,-185,20
-85,39,15,148,105,449,-185,19
-86,37,15,148,105,448,-186,17
-86,36,15,148,105,448,-186,17
-87,36,14,147,105,448,-187,15
-88,34,12,145,105,448,-187,14
-89,32,12,144,105,448,-189,12
-90,29,12,145,105,448,-190,9
-90,27,13,145,105,448,-190,7
-90,25,12,146,105,448,-190,4
-90,24,11,146,105,448,-190,1
-90,24,10,145,105,448,-190,1
-90,23,10,145,105,448,-190,1
-90,22,10,145,105,448,-190,0
-90,20,9,147,105,448,-192,-2
-90,18,8,148,105,448,-192,-4
-91,17,8,148,105,448,-194,-8
-90,18,8,148,105,448,-192,-7
-89,19,9,147,105,448,-191,-3
-88,19,10,147,105,448,-190,-2
-87,19,11,147,105,448,-190,-2
-88,19,11,147,105,447,-191,-3
-90,18,11,148,105,446,-192,-4
-91,18,11,147,105,445,-194,-4
-92,19,11,147,105,444,-194,-3
-92,21,10,147,104,444,-195,-1
-91,23,10,149,104,443,-194,0
-90,24,11,150,104,443,-192,1
-90,23,13,150,104,443,-192,1
-90,23,14,149,104,443,-192,2
-90,24,14,149,104,443,-192,3
-90,26,14,149,104,443,-192,6
-88,28,14,149,104,443,-191,8
-87,30,15,148,104,443,-187,9
-88,31,15,148,105,443,-187,10
-89,32,15,148,104,443,-189,12
-90,33,15,148,104,443,-190,13
-90,34,15,148,104,443,-190,14
-89,36,15,148,105,443,-190,15
-87,36,15,148,105,443,-187,15
-86,36,15,148,104,444,-186,17
-85,37,15,148,104,444,-186,17
-86,37,15,148,102,443,-186,17
-86,37,15,148,101,442,-186,17
-86,37,15,148,101,441,-186,17
-86,37,15,148,102,441,-186,17
-86,36,15,148,103,441,-186,17
-86,36,15,148,104,442,-186,17
-86,37,15,148,104,441,-186,17
-85,37,15,148,103,440,-185,17
-83,39,15,148,102,440,-184,18
-82,39,15,148,102,440,-183,19
-81,39,15,148,102,440,-181,19
-81,39,15,148,102,439,-181,19
-82,39,15,148,102,438,-183,18
-82,39,15,148,102,438,-183,19
-81,41,15,147,103,438,-181,20
-80,43,15,148,104,439,-181,23
-79,45,16,148,103,438,-180,25
-79,48,18,150,103,438,-181,28
-77,51,19,151,102,438,-180,34
-75,55,19,151,102,438,-179,37
-74,58,19,151,103,439,-177,41
-73,62,18,151,103,438,-177,45
-72,66,19,151,104,438,-175,48
-71,71,20,152,105,438,-174,53
-69,75,21,153,105,439,-173,57
-68,79,22,154,104,440,-172,62
-66,84,23,155,103,440,-170,67
-65,88,24,155,103,440,-172,70
-65,93,25,157,102,438,-170,78
-64,97,25,157,102,438,-170,81
-62,101,26,158,103,440,-169,85
-61,104,26,158,104,442,-167,89
-58,106,27,159,104,444,-166,91
-58,109,28,160,105,443,-164,93
-58,111,29,161,105,442,-166,96
-58,112,30,161,105,441,-164,97
-57,113,29,161,104,442,-163,98
-55,114,29,161,104,443,-162,100
-55,114,29,161,105,444,-162,100
-56,113,29,161,104,444,-163,97
-57,111,29,161,104,443,-164,96
-57,109,29,161,104,443,-164,93
-57,107,29,161,104,443,-164,92
-58,105,29,161,104,443,-167,90
-60,102,29,162,104,443,-169,87
-61,98,29,161,104,443,-168,84
-63,95,28,160,104,443,-169,80
-64,91,27,159,104,443,-170,75
-65,87,25,159,104,443,-170,69
-66,83,24,159,104,443,-174,65
-67,78,24,159,104,443,-175,61
-68,73,23,159,104,443,-174,56
-70,69,22,157,104,443,-177,51
-71,65,20,157,104,443,-177,45
-73,61,19,158,104,443,-181,41
-75,58,18,157,104,443,-184,37
-78,54,17,156,104,443,-186,34
-80,49,15,155,104,443,-185,29
-81,44,14,153,104,443,-186,21
-82,39,13,152,104,444,-187,17
-83,34,12,151,104,444,-187,12
-84,30,12,151,104,443,-190,8
-86,27,12,151,104,442,-191,4
-88,23,11,150,105,440,-192,0
-89,19,9,149,104,440,-191,-3
-90,14,8,148,104,440,-192,-10
-92,9,8,148,104,440,-194,-15
-93,5,9,148,105,439,-195,-17
-93,2,8,148,104,438,-195,-20
-94,0,7,147,104,438,-196,-25
-95,-1,6,145,103,438,-197,-26
-96,-2,5,145,102,439,-198,-28
-96,-4,6,145,103,438,-198,-30
-96,-6,6,146,104,438,-198,-31
-97,-7,6,146,105,438,-198,-32
-98,-8,5,145,104,438,-201,-34
-100,-8,4,145,103,438,-202,-34
-101,-8,4,144,101,439,-202,-34
-100,-7,6,144,101,439,-200,-32
-98,-5,8,143,101,438,-197,-29
-96,-3,10,144,102,437,-196,-26
-95,0,12,144,102,437,-195,-20
-94,3,11,144,102,437,-194,-19
-93,7,11,144,103,438,-194,-15
-93,11,12,145,103,439,-194,-8
-93,16,14,147,103,439,-192,-3
-92,20,15,148,101,438,-192,0
-91,25,15,148,100,439,-191,4
-90,29,15,148,99,439,-190,9
-89,35,16,149,100,438,-189,15
-88,41,17,150,101,437,-191,20
-87,46,19,151,101,437,-190,29
-86,50,19,151,101,437,-189,31
-85,52,18,151,100,439,-187,35
-84,55,17,152,99,439,-187,35
-85,58,16,154,99,437,-190,37
-85,60,17,156,99,437,-190,40
-85,59,18,157,100,437,-194,39
-85,57,18,158,100,438,-194,37
-85,55,18,157,100,439,-194,35
-85,52,18,156,99,439,-192,31
-85,50,16,156,99,438,-190,29
-87,46,16,155,99,437,-192,25
-89,41,16,155,99,437,-194,20
-90,35,15,155,99,436,-195,14
-90,28,14,154,99,435,-196,6
-91,21,12,153,99,434,-196,-1
-92,13,10,153,99,433,-197,-9
-94,4,10,153,99,433,-200,-18
-97,-3,9,152,99,434,-201,-29
-98,-12,8,151,99,434,-202,-37
-100,-19,5,151,99,434,-205,-45
-103,-27,4,150,99,432,-207,-54
-107,-34,3,148,99,430,-211,-63
-110,-41,3,147,99,429,-214,-69
-112,-48,3,146,99,429,-213,-76
-114,-55,2,145,99,429,-216,-84
-116,-61,1,144,99,429,-217,-90
-119,-67,0,144,99,428,-219,-95
-121,-71,-2,143,99,426,-222,-102
-122,-74,-3,142,97,424,-223,-104
-123,-76,-4,141,95,424,-224,-107
-123,-78,-3,139,96,424,-222,-109
-123,-80,-1,138,97,424,-222,-108
-124,-81,-1,138,98,424,-222,-109
-125,-79,-2,137,97,423,-220,-108
-126,-77,-3,137,96,422,-222,-106
-126,-75,-3,137,95,421,-222,-106
-125,-73,-3,137,95,420,-220,-101
-123,-71,-2,137,95,419,-219,-100
-122,-68,-1,138,94,419,-220,-96
-120,-64,-1,138,93,419,-219,-92
-120,-58,-2,138,93,420,-218,-86
-119,-52,-2,138,93,420,-218,-80
-119,-46,-1,138,94,419,-217,-74
-117,-39,0,139,93,419,-216,-68
-115,-33,0,140,93,417,-213,-62
-112,-26,1,142,93,416,-211,-54
-109,-19,1,144,93,416,-211,-47
-106,-12,2,145,93,416,-208,-40
-103,-5,3,146,93,416,-206,-30
-100,1,6,146,93,416,-202,-23
-98,8,7,147,93,415,-201,-17
-96,14,8,148,93,415,-198,-10
-94,21,10,149,93,414,-197,-1
-92,28,10,150,93,415,-197,4
-90,35,11,151,93,415,-195,12
-87,42,12,151,93,415,-192,19
-84,48,13,152,93,415,-190,25
-82,54,14,153,93,415,-187,31
-80,58,15,154,93,415,-186,37
-78,63,16,155,93,415,-184,42
-76,67,17,156,92,415,-181,47
-75,72,18,157,91,415,-184,52
-75,76,19,158,92,415,-184,56
-75,79,19,158,93,415,-184,59
-75,82,19,158,94,415,-183,62
-73,83,20,159,94,415,-181,63
-72,83,21,160,93,415,-180,65
-71,83,22,161,92,415,-180,65
-72,83,21,163,92,415,-183,63
-72,83,20,164,92,415,-183,62
-72,83,20,164,93,415,-183,63
-70,83,21,163,92,415,-181,63
-68,84,22,161,90,415,-177,67
-67,85,23,161,90,415,-175,68
-67,86,23,161,90,415,-175,68
-67,86,22,162,91,415,-179,68
-68,85,21,162,93,415,-179,64
-67,85,21,163,93,415,-178,64
-66,86,21,162,93,415,-178,65
-65,88,22,162,92,415,-177,70
-65,90,23,162,91,415,-174,73
-64,93,24,162,92,415,-175,75
-63,95,25,163,93,415,-174,78
-62,98,25,164,93,414,-173,80
-61,101,25,164,93,414,-172,84
-59,105,26,165,93,415,-170,87
-59,108,26,165,93,416,-170,90
-59,110,26,164,93,418,-170,92
-59,113,26,164,93,418,-170,96
-58,117,26,165,93,418,-169,100
-57,120,26,165,92,418,-168,102
-55,123,26,165,91,419,-167,106
-55,125,26,164,91,420,-167,107
-56,127,26,165,92,420,-168,109
-57,128,27,166,92,419,-169,113
-57,128,28,167,92,419,-168,113
-56,127,28,168,92,419,-170,109
-55,125,26,167,91,419,-169,107
-56,122,24,167,91,419,-170,104
-56,121,23,167,92,419,-170,101
-57,119,23,168,93,419,-172,98
-58,116,22,168,94,419,-173,96
-59,112,22,168,94,419,-173,92
-61,107,23,168,93,419,-174,87
-62,103,23,169,92,419,-175,83
-63,98,23,168,92,419,-177,78
-65,94,22,166,93,419,-178,74
-66,90,21,164,93,419,-178,70
-68,86,21,162,92,419,-179,67
-70,82,22,162,92,419,-178,64
-71,78,22,161,93,419,-179,61
-72,74,21,162,93,419,-183,54
-71,72,19,163,92,419,-183,52
-71,70,18,164,90,419,-184,50
-70,69,19,162,89,420,-180,50
-70,69,19,160,89,420,-178,50
-71,70,18,159,90,419,-179,50
-71,72,17,161,91,419,-183,52
-72,74,17,162,90,419,-183,52
-71,78,19,163,89,420,-181,58
-70,82,21,162,90,419,-180,62
-68,86,21,162,91,420,-179,67
-65,92,21,163,91,420,-177,72
-64,98,21,166,91,419,-178,78
-61,106,21,168,90,419,-175,85
-60,113,22,168,90,419,-174,93
-58,121,23,168,92,421,-173,101
-57,128,23,168,93,423,-172,108
-55,135,24,169,94,424,-169,118
-53,143,25,170,94,425,-170,125
-50,150,26,171,94,425,-168,133
-48,156,27,172,94,424,-166,139
-45,162,28,173,94,424,-163,144
-43,166,29,173,92,424,-161,148
-43,170,30,174,90,424,-159,152
-42,174,30,175,90,424,-159,159
-41,179,31,176,92,426,-161,163
-40,182,32,177,94,428,-159,167
-38,184,33,178,94,429,-158,169
-37,184,34,178,94,430,-157,169
-37,185,34,178,94,430,-157,170
-37,184,33,178,94,429,-157,169
-38,182,33,178,94,429,-158,168
-37,180,33,178,94,430,-157,166
-36,177,34,178,94,430,-157,163
-36,175,34,178,94,429,-157,159
-37,172,33,178,94,429,-157,157
-38,169,32,177,94,429,-158,153
-39,165,32,177,94,431,-159,150
-40,161,31,176,94,433,-159,146
-40,156,32,174,94,434,-158,141
-41,153,33,172,94,434,-156,139
-42,150,33,172,94,434,-157,135
-43,146,32,172,94,434,-157,131
-44,142,31,172,94,434,-158,126
-45,138,31,171,94,434,-159,123
-47,134,31,169,94,434,-162,119
-49,132,30,169,94,434,-163,117
-51,129,30,168,94,434,-163,114
-52,127,29,168,94,434,-164,112
-53,124,29,168,94,434,-164,109
-54,122,30,168,94,434,-168,107
-54,120,30,168,94,434,-167,104
-55,119,29,167,94,434,-167,104
-57,119,27,166,94,434,-169,101
-59,118,26,165,94,434,-170,100
-60,115,26,164,96,434,-172,98
-60,113,26,164,98,434,-172,96
-59,112,26,165,98,434,-170,93
-60,111,26,165,96,434,-172,93
-61,111,26,164,94,434,-173,93
-62,110,26,164,94,434,-174,92
-62,110,26,164,96,434,-174,92
-62,110,26,165,97,433,-174,92
-63,110,25,165,98,433,-174,92
-63,110,25,166,98,434,-174,92
-62,110,24,167,99,435,-177,92
-62,111,23,167,99,436,-177,90
-62,110,23,168,98,435,-177,90
-62,108,22,168,96,434,-177,87
-62,106,22,168,94,434,-177,86
-62,106,23,168,96,433,-177,86
-63,107,23,168,98,434,-177,87
-63,108,23,168,99,434,-177,87
-63,108,23,168,98,434,-177,87
-63,109,23,168,96,433,-177,89
-64,109,23,168,96,434,-178,89
-65,109,23,168,97,434,-179,89
-66,107,23,168,98,435,-180,86
-66,104,21,167,98,436,-180,84
-66,103,20,166,98,436,-179,83
-66,103,19,165,99,436,-179,83
-67,102,20,163,99,436,-178,81
-68,100,21,162,98,435,-179,80
-68,98,22,162,96,434,-179,80
-68,96,22,162,96,434,-179,78
-68,94,21,162,97,433,-179,74
-69,92,21,162,97,434,-180,72
-71,89,21,162,96,434,-181,69
-72,86,21,162,95,434,-183,65
-74,84,21,162,95,434,-185,63
-75,81,21,162,96,434,-186,61
-76,79,22,162,98,434,-187,61
-78,76,23,162,98,434,-186,58
-79,72,22,161,97,434,-187,54
-79,69,21,160,96,434,-187,52
-80,66,20,159,97,434,-187,46
-80,63,19,158,97,434,-187,43
-80,60,18,158,97,434,-189,40
-80,58,19,158,96,434,-187,37
-80,57,19,158,96,434,-187,36
-80,57,19,158,97,434,-189,36
-81,56,18,159,99,434,-189,35
-82,54,16,160,98,434,-192,31
-83,51,15,161,97,434,-192,29
-82,50,15,162,97,434,-192,26
-82,50,15,162,97,434,-192,26
-82,50,15,161,98,433,-192,28
-82,50,15,161,98,433,-192,28
-82,50,15,162,97,432,-192,28
-82,50,15,162,96,431,-192,26
-82,50,16,161,97,430,-192,26
-83,51,16,160,98,429,-192,29
-82,54,17,160,99,429,-192,32
-81,55,17,161,97,429,-191,32
-80,57,16,161,95,429,-191,34
-80,58,15,161,94,429,-191,35
-80,60,16,162,95,429,-191,37
-79,62,17,162,97,429,-190,39
-78,64,18,164,99,429,-191,43
-77,65,19,165,99,429,-190,45
-77,68,20,165,99,429,-190,47
-76,69,19,165,99,429,-189,50
-74,71,19,165,99,429,-187,51
-73,72,19,165,99,429,-186,51
-72,73,19,165,99,429,-185,53
-71,75,19,165,99,429,-185,56
-71,78,19,165,99,429,-184,57
-70,80,21,166,99,429,-184,59
-70,83,22,167,98,429,-183,63
-69,86,22,168,97,429,-183,65
-69,88,22,168,97,429,-183,68
-68,90,21,168,97,429,-181,70
-68,92,20,168,98,429,-184,72
-67,95,20,170,99,429,-183,75
-67,98,20,171,99,429,-185,75
-66,101,19,172,99,429,-185,78
-65,102,19,172,99,429,-184,80
-64,104,20,170,98,429,-180,84
-63,106,21,169,97,429,-180,85
-63,108,21,169,97,429,-179,87
-63,109,21,170,98,429,-180,89
-64,110,20,170,98,429,-180,90
-64,109,20,171,98,429,-180,89
-64,109,20,171,97,429,-180,86
-64,109,20,171,97,429,-183,86
-64,110,20,171,98,429,-180,87
-63,109,21,170,99,429,-180,89
-63,108,21,170,99,429,-179,87
-64,106,21,170,98,429,-180,85
-64,104,21,170,97,429,-180,84
-65,103,22,169,97,429,-181,83
-65,101,22,168,97,429,-179,81
-66,99,22,168,98,429,-179,79
-66,97,21,169,99,429,-183,76
-66,95,21,169,99,429,-183,74
-66,93,21,169,99,429,-183,73
-67,91,22,169,99,429,-180,70
-68,90,23,168,99,429,-181,70
-70,90,22,168,99,429,-184,69
-70,89,22,167,99,429,-184,69
-69,89,21,167,99,429,-183,68
-68,88,21,167,99,429,-181,68
-68,87,21,167,99,429,-181,67
-69,87,21,167,99,429,-183,67
-69,89,22,167,99,429,-183,68
-69,90,21,167,99,429,-183,69
-68,90,21,167,99,429,-183,70
-68,90,20,167,99,429,-181,70
-67,91,19,169,99,429,-184,70
-68,92,20,169,99,429,-184,72
-69,94,21,170,99,429,-185,74
-69,96,22,169,99,429,-185,75
-67,97,23,168,99,429,-180,76
-64,98,22,169,99,429,-180,78
-63,98,20,171,99,429,-179,78
-64,100,19,172,99,429,-183,76
-65,101,19,172,99,429,-184,79
-65,103,20,171,99,429,-181,80
-65,104,21,170,99,429,-181,84
-65,105,21,169,99,429,-181,85
-64,106,22,169,99,429,-180,85
-63,106,22,168,99,429,-177,85
-62,105,23,168,99,429,-175,85
-61,105,22,168,99,429,-175,85
-61,105,21,169,99,429,-178,85
-61,105,21,169,99,429,-178,85
-62,105,21,169,99,429,-179,85
-63,104,22,169,99,429,-177,84
-64,104,23,168,99,429,-178,84
-65,103,23,168,99,429,-178,83
-65,103,23,168,99,429,-179,83
-66,103,22,168,99,429,-180,83
-67,102,23,168,99,429,-180,81
-68,100,23,168,99,429,-181,79
-68,98,22,168,99,429,-181,78
-68,97,23,168,99,429,-181,76
-68,96,23,168,99,429,-181,75
-68,94,23,168,99,429,-181,74
-69,92,21,167,99,429,-183,72
-70,90,20,168,99,429,-186,69
-71,88,19,169,99,429,-186,65
-72,86,19,171,99,428,-190,64
-72,85,19,173,99,428,-191,62
-73,83,19,172,99,427,-191,59
-74,80,18,170,99,427,-192,57
-75,77,17,169,99,427,-191,54
-77,74,16,169,99,426,-192,51
-78,70,16,168,99,424,-194,47
-78,67,16,168,98,424,-194,43
-78,64,16,168,98,424,-194,41
-79,61,15,168,98,424,-194,39
-79,59,14,168,98,424,-195,34
-79,57,14,169,98,424,-197,31
-80,54,14,168,99,424,-195,29
-81,52,13,166,99,424,-196,26
-82,50,12,165,98,424,-197,24
-83,49,11,165,98,422,-198,23
-83,49,11,166,98,421,-198,24
-83,50,11,167,98,419,-198,24
-82,50,11,167,98,419,-197,24
-81,50,11,166,98,419,-196,25
-81,50,11,166,98,419,-196,25
-82,50,12,165,98,419,-197,24
-84,50,12,165,98,419,-198,25
-85,52,11,166,98,419,-200,26
-86,54,10,168,98,419,-203,25
-85,56,9,169,98,419,-203,28
-84,58,10,168,98,419,-201,30
-83,60,12,167,98,419,-198,35
-83,62,14,166,98,419,-198,37
-84,64,14,166,98,419,-200,39
-84,65,14,166,98,419,-200,40
-83,66,14,167,98,419,-198,41
-82,67,15,168,99,419,-197,43
-80,67,16,169,98,419,-196,45
-80,69,16,169,98,418,-196,46
-80,71,16,168,98,416,-196,48
-79,73,16,168,98,414,-195,51
-78,74,16,168,98,414,-194,51
-78,74,16,169,98,415,-194,51
-80,75,16,170,97,416,-198,52
-81,75,16,171,96,416,-198,52
-80,75,16,170,97,416,-198,52
-79,74,16,169,98,415,-195,51
-78,74,16,168,98,414,-194,51
-78,74,16,168,98,414,-194,51
-78,74,16,169,98,414,-194,51
-78,74,17,169,98,415,-194,51
-78,74,17,170,98,414,-194,51
-78,75,18,170,98,414,-196,52
-79,75,19,171,98,414,-197,52
-79,76,19,171,98,414,-197,53
-79,75,18,170,98,414,-197,52
-78,74,17,169,98,414,-194,51
-78,74,17,169,98,414,-194,51
-77,74,17,170,98,414,-194,51
-78,74,18,170,98,414,-194,51
-80,74,18,170,98,414,-196,51
-81,72,17,169,98,415,-196,50
-82,71,16,169,98,415,-197,47
-81,69,16,168,98,414,-196,46
-80,67,16,168,98,413,-196,45
-80,65,16,169,98,411,-196,42
-81,63,16,169,98,409,-196,40
-83,61,16,168,98,409,-198,39
-83,60,16,168,98,409,-198,37
-84,58,16,168,96,410,-200,35
-85,56,16,169,94,410,-200,32
-86,53,16,169,93,410,-201,30
-87,53,16,168,95,409,-202,30
-89,52,15,167,96,409,-203,29
-89,52,15,167,96,409,-203,29
-88,50,15,167,95,409,-203,28
-86,49,14,167,93,410,-202,25
-86,48,14,166,94,410,-201,23
-87,49,13,165,94,410,-202,23
-88,50,12,165,95,409,-203,25
-88,52,12,165,95,408,-203,26
-87,54,12,165,94,407,-202,28
-86,55,14,166,94,407,-201,29
-85,56,15,167,93,408,-201,32
-85,57,16,168,93,407,-201,34
-85,58,16,169,93,406,-200,35
-84,61,16,169,93,404,-200,37
-84,64,16,168,93,405,-200,41
-84,68,16,168,93,407,-200,45
-83,70,16,169,93,408,-198,47
-82,71,16,169,94,408,-197,48
-81,73,16,168,95,406,-196,50
-80,75,16,168,94,405,-196,52
-80,77,16,169,93,404,-196,53
-80,78,17,169,93,404,-196,56
-81,79,18,170,93,405,-198,56
-80,79,18,171,93,405,-198,56
-79,79,18,170,93,405,-197,56
-77,80,18,171,93,405,-195,57
-76,81,19,171,93,404,-194,58
-76,81,20,172,93,405,-194,58
-76,80,20,172,93,407,-195,57
-76,80,19,172,93,409,-195,57
-75,81,19,172,93,410,-192,58
-73,82,19,172,93,408,-191,59
-72,83,19,172,93,407,-190,61
-72,83,19,172,93,406,-190,61
-72,83,19,172,93,408,-190,61
-72,83,19,172,93,410,-190,61
-71,84,19,172,93,410,-189,61
-70,84,19,172,93,410,-189,61
-70,83,19,172,93,410,-187,61
-70,84,19,172,93,410,-189,62
-71,85,19,172,93,410,-189,62
-72,86,19,172,93,410,-191,64
-74,87,19,172,93,410,-192,64
-74,88,19,172,93,410,-192,65
-73,88,19,172,93,410,-191,65
-72,88,19,172,93,410,-190,65
-71,89,19,172,93,410,-190,65
-71,89,19,172,93,410,-189,67
-71,90,19,172,93,411,-189,68
-71,91,19,172,93,412,-189,69
-71,92,19,172,93,413,-189,69
-70,93,19,172,93,414,-189,70
-70,95,19,172,93,414,-189,72
-70,95,19,172,93,415,-189,73
-70,95,19,172,93,415,-189,73
-71,94,19,172,93,415,-189,72
-70,94,19,172,93,415,-189,72
-69,95,19,172,93,415,-187,73
-68,97,19,172,93,415,-187,74
-69,100,20,172,93,415,-187,76
-70,101,20,172,93,415,-189,78
-70,101,19,172,93,415,-189,78
-70,101,19,172,93,414,-189,78
-70,101,19,172,93,414,-189,78
-70,101,20,172,93,415,-189,78
-70,100,21,173,93,416,-189,80
-70,101,21,173,93,417,-189,80
-70,101,21,173,93,416,-189,80
-70,101,20,172,93,415,-189,78
-69,99,19,172,93,415,-187,76
-70,97,20,171,93,416,-189,74
-70,95,20,171,93,418,-186,74
-71,92,21,170,93,419,-187,72
-72,90,20,171,93,420,-189,70
-73,88,20,171,93,420,-191,65
-73,86,19,172,93,419,-191,63
-72,84,19,172,93,419,-191,62
-72,81,19,172,93,419,-191,58
-73,78,19,172,93,419,-191,56
-74,75,20,172,93,419,-192,52
-75,71,20,172,93,419,-192,48
-77,68,19,172,93,419,-195,45
-79,64,18,171,93,419,-196,41
-80,61,17,169,93,419,-196,37
-80,57,16,169,93,419,-196,35
-80,54,16,168,93,419,-195,31
-81,51,16,168,93,419,-196,29
-83,50,16,168,93,419,-198,26
-85,48,16,168,93,419,-200,25
-86,47,16,169,93,419,-201,24
-86,46,16,169,93,419,-201,24
-85,46,16,169,93,419,-201,23
-85,46,15,167,93,419,-201,24
-86,47,13,166,93,419,-201,21
-86,47,12,165,93,419,-201,21
-86,48,12,165,93,419,-202,23
-87,49,14,166,93,419,-202,24
-86,51,15,168,93,419,-202,28
-85,53,16,168,93,419,-201,30
-84,55,15,168,93,419,-200,31
-83,56,14,167,93,419,-198,34
-82,58,15,167,93,419,-197,35
-83,61,16,168,93,419,-198,37
-83,63,16,169,93,419,-198,40
-82,65,16,169,94,419,-197,42
-82,67,16,168,93,419,-197,43
-80,68,16,169,93,419,-196,45
-80,67,16,169,93,419,-195,45
-80,67,16,168,94,419,-195,45
-80,68,16,168,94,419,-196,45
-80,68,16,168,93,419,-196,45
-80,67,15,169,92,419,-198,42
-81,65,13,171,92,419,-198,40
-81,63,12,172,93,419,-202,37
-82,61,12,172,93,419,-202,36
-82,60,12,172,92,419,-202,35
-83,59,13,171,91,419,-201,34
-84,56,14,170,90,419,-201,31
-84,55,14,170,90,419,-202,29
-84,54,14,170,92,419,-202,29
-84,54,14,171,93,419,-202,29
-83,53,13,171,92,419,-201,28
-84,52,13,172,92,419,-205,26
-85,52,12,172,91,419,-205,26
-86,53,12,173,90,419,-207,28
-88,52,12,172,89,420,-208,26
-88,53,14,171,89,420,-206,28
-88,54,15,169,89,420,-206,31
-87,56,16,169,89,420,-202,34
-86,58,15,169,89,420,-205,32
-87,60,14,171,89,420,-205,35
-88,62,14,171,89,420,-206,36
-88,65,15,171,89,420,-206,39
-88,68,16,171,89,420,-206,45
-87,71,16,171,89,420,-206,47
-87,73,15,172,89,420,-205,47
-86,76,17,172,89,420,-203,53
-84,78,18,173,89,420,-202,54
-83,81,20,172,89,420,-202,58
-82,82,20,172,89,420,-201,59
-81,83,19,172,89,420,-198,61
-79,84,19,172,89,419,-197,62
-79,86,19,172,89,420,-197,63
-80,88,19,172,89,422,-198,65
-81,90,20,172,89,424,-198,67
-79,90,20,172,89,425,-198,68
-77,90,19,172,89,423,-195,67
-75,88,19,172,89,421,-194,65
-74,87,20,172,89,420,-192,64
-73,87,21,173,89,421,-191,67
-74,87,22,174,89,423,-192,67
-74,87,22,175,89,425,-192,67
-76,87,22,177,89,425,-196,67
-77,86,22,177,89,425,-197,63
-78,85,22,176,89,425,-198,64
-77,84,23,175,89,425,-195,64
-76,84,23,175,89,425,-195,64
-76,85,23,176,89,425,-197,64
-77,83,21,177,89,425,-197,61
-77,82,20,176,89,425,-197,59
-76,81,18,175,89,425,-197,58
-76,80,18,174,89,425,-196,57
-76,81,18,173,89,425,-194,58
-76,81,18,173,89,425,-194,58
-76,81,19,172,89,425,-195,58
-76,80,20,172,89,425,-195,57
-76,81,19,172,89,425,-194,58
-75,81,19,172,89,425,-194,58
-76,81,19,172,89,425,-195,58
-78,80,19,172,89,425,-196,57
-79,79,19,172,89,425,-197,56
-79,77,19,172,89,425,-197,54
-79,75,19,172,89,425,-197,52
-79,73,19,172,89,425,-197,51
-81,72,19,173,89,425,-198,50
-82,72,18,173,89,425,-200,48
-83,72,16,173,89,425,-203,46
-83,72,14,172,89,424,-201,46
-82,72,14,170,89,423,-200,46
-82,72,14,170,89,422,-200,46
-84,71,16,170,89,422,-202,48
-86,71,17,171,89,423,-203,47
-86,69,16,171,89,423,-205,46
-86,68,15,170,89,422,-205,42
-85,66,13,170,89,420,-203,41
-84,65,12,171,89,419,-205,40
-84,65,12,173,89,419,-205,40
-84,65,14,173,88,420,-205,40
-85,65,15,174,87,420,-206,40
-86,65,16,175,86,420,-206,39
-85,64,15,174,86,420,-206,39
-85,63,15,174,86,420,-205,37
-85,61,15,174,86,420,-206,36
-86,60,15,174,88,420,-206,35
-86,59,15,174,89,420,-206,34
-85,59,15,174,89,420,-206,34
-85,59,15,174,87,420,-206,34
-85,59,16,175,85,420,-206,34
-86,61,16,175,84,420,-207,35
-87,62,16,175,83,420,-207,36
-87,63,16,175,84,420,-208,37
-88,64,16,175,84,420,-208,39
-87,64,16,175,84,420,-207,39
-86,64,16,175,84,420,-206,39
-84,65,16,175,84,420,-205,40
-84,65,16,175,84,420,-205,40
-84,65,16,175,83,419,-205,40
-85,66,16,175,83,418,-206,41
-86,68,16,175,83,419,-207,42
-86,69,16,175,84,420,-207,43
-86,71,16,175,84,420,-206,45
-85,71,16,175,83,419,-206,46
-85,70,16,175,83,418,-205,45
-83,69,16,175,83,417,-203,43
-82,68,16,175,83,417,-202,42
-81,67,16,175,83,418,-202,41
-83,68,16,175,83,418,-203,42
-84,69,16,175,83,417,-205,43
-85,69,16,175,83,416,-205,43
-83,68,16,175,83,415,-203,42
-80,68,16,175,83,415,-201,42
-79,67,16,175,83,415,-200,42
-80,67,15,174,83,415,-200,42
-80,67,15,174,83,415,-201,42
-80,67,15,174,83,415,-201,42
-80,68,16,175,83,415,-201,42
-81,69,16,176,83,415,-201,43
-82,71,16,175,83,415,-202,45
-82,72,17,174,83,415,-202,48
-83,72,18,173,83,415,-201,48
-83,72,19,172,83,415,-201,48
-83,73,20,171,83,415,-201,50
-83,75,19,172,83,415,-201,52
-82,77,19,172,83,415,-200,54
-80,79,19,172,83,415,-198,56
-79,81,20,172,83,415,-197,58
-79,83,20,172,83,415,-197,61
-78,85,19,172,83,415,-196,62
-79,85,19,171,83,415,-197,62
-79,86,20,172,83,415,-197,63
-79,88,21,173,83,415,-197,65
-77,91,21,174,83,415,-196,70
-76,92,22,174,83,415,-195,72
-76,92,22,174,83,415,-195,72
-77,91,22,174,83,415,-195,70
-76,91,22,174,83,415,-195,70
-75,92,23,175,83,415,-194,72
-73,93,23,175,83,415,-191,73
-72,94,23,175,83,415,-191,74
-73,93,22,174,83,415,-191,73
-75,91,22,174,83,415,-194,70
-75,89,22,174,83,415,-194,68
-74,86,22,174,83,415,-192,65
-72,84,21,174,83,415,-190,63
-72,81,21,173,83,415,-190,58
-74,78,20,172,83,415,-192,54
-77,75,19,172,83,415,-195,52
-79,72,18,173,83,415,-196,50
-80,69,17,174,83,415,-200,46
-81,66,16,175,83,415,-201,40
-83,62,16,176,83,415,-203,36
-85,58,16,175,83,415,-205,32
-86,54,15,174,83,414,-206,29
-87,51,14,173,83,412,-207,26
-88,48,12,172,83,410,-208,23
-89,45,12,172,83,410,-209,19
-90,41,12,172,83,410,-209,15
-90,38,13,172,83,411,-211,13
-91,35,13,172,83,411,-211,9
-92,33,12,172,83,410,-212,8
-93,33,11,171,83,410,-213,7
-94,32,10,169,83,410,-212,4
-95,32,9,169,83,410,-212,4
-95,32,9,168,83,410,-212,4
-94,32,9,169,83,410,-212,3
-94,32,9,169,83,410,-211,3
-93,33,9,169,83,411,-211,4
-93,35,9,169,83,411,-209,7
-92,38,9,169,83,410,-209,10
-92,43,9,168,83,409,-209,14
-91,47,9,169,83,408,-209,19
-90,51,10,170,83,409,-207,24
-89,55,11,171,83,410,-208,30
-88,59,13,171,83,409,-206,34
-88,64,14,170,83,407,-206,39
-86,68,14,170,83,405,-203,42
-83,73,16,170,83,405,-201,50
-80,79,18,171,83,406,-198,56
-79,84,20,172,82,408,-197,62
-79,90,20,172,81,409,-197,67
-79,94,19,172,80,409,-197,72
-79,98,19,172,81,409,-197,75
-78,102,20,173,82,408,-196,79
-77,106,22,174,83,408,-196,85
-75,108,23,175,83,408,-195,87
-74,110,23,175,83,409,-192,90
-72,112,23,175,83,410,-191,91
-71,113,23,175,83,411,-190,92
-71,114,23,175,83,411,-190,93
-71,114,23,175,83,410,-190,93
-71,112,23,175,83,409,-190,92
-72,111,23,175,83,408,-190,90
-72,109,23,175,82,409,-191,89
-73,108,23,175,81,410,-192,87
-74,107,23,175,82,411,-192,86
-74,105,23,175,83,411,-192,85
-74,102,23,175,83,410,-192,81
-75,100,22,176,83,410,-196,79
-76,97,21,177,83,410,-197,74
-77,96,21,177,83,410,-198,73
-78,94,20,178,83,410,-201,72
-77,93,20,179,83,410,-201,70
-77,92,20,179,83,410,-200,69
-76,91,20,177,83,410,-197,68
-76,91,20,176,83,410,-197,68
-75,91,18,175,83,410,-196,68
-75,90,16,175,83,410,-196,64
-75,90,16,175,83,410,-196,64
-75,90,16,175,83,410,-196,64
-75,90,16,175,83,410,-196,64
-75,90,16,175,83,410,-196,65
-76,91,16,175,83,410,-196,65
-76,92,16,175,83,410,-197,67
-77,93,16,175,83,410,-198,68
-78,95,16,175,83,410,-198,69
-78,96,16,175,83,410,-200,70
-78,97,17,176,83,410,-198,72
-77,97,17,177,83,410,-198,72
-77,96,17,177,83,410,-198,70
-78,96,17,176,83,410,-200,70
-79,96,17,176,83,410,-200,70
-79,96,17,176,83,410,-200,70
-78,96,18,177,83,410,-202,73
-78,96,19,178,83,410,-202,73
-79,94,19,178,83,411,-203,70
-80,91,19,178,83,411,-203,68
-80,89,18,177,83,410,-201,67
-80,88,18,177,82,409,-201,65
-79,86,18,177,81,408,-200,63
-79,84,17,177,82,407,-200,59
-80,82,17,177,83,407,-201,57
-81,80,17,176,83,407,-202,54
-81,78,17,176,83,406,-201,53
-80,77,16,175,83,407,-201,51
-79,75,16,175,83,407,-200,50
-78,74,16,175,83,407,-198,48
-78,74,16,175,81,406,-198,48
-78,74,16,175,80,405,-198,48
-78,74,16,175,79,405,-198,48
-78,74,16,175,79,405,-198,48
-78,74,16,175,80,406,-198,48
-79,75,16,175,80,405,-200,50
-80,77,16,175,80,405,-201,51
-80,78,16,175,79,405,-201,52
-79,79,17,176,80,405,-200,54
-76,82,17,176,80,405,-197,57
-75,85,17,177,81,405,-195,59
-74,87,17,177,80,405,-195,62
-74,89,17,177,79,405,-197,63
-74,91,19,177,79,406,-195,68
-73,93,20,177,80,406,-195,70
-73,95,21,177,81,406,-194,73
-72,97,21,177,82,405,-194,74
-72,99,21,177,82,404,-194,75
-72,100,20,177,82,404,-194,78
-72,101,20,177,81,404,-192,79
-71,102,21,177,81,405,-192,79
-71,102,22,176,81,405,-191,81
-70,101,23,175,80,404,-189,80
-70,101,23,175,80,404,-189,80
-69,101,23,175,80,404,-187,80
-70,100,23,175,81,405,-189,80
-71,100,23,175,82,406,-190,79
-73,99,23,175,82,406,-191,79
-75,98,23,175,82,405,-194,78
-75,98,23,175,81,404,-194,78
-73,97,23,175,80,403,-192,76
-72,96,23,175,79,404,-191,75
-72,94,23,175,78,406,-191,74
-72,91,23,175,79,406,-191,72
-73,89,22,174,81,404,-191,69
-74,88,20,173,83,402,-192,65
-74,87,19,172,83,401,-192,64
-75,86,19,171,82,400,-194,63
-77,86,20,171,81,401,-195,63
-78,84,19,172,81,401,-196,61
-77,82,18,173,81,401,-196,59
-77,80,17,174,80,401,-198,57
-78,79,17,174,79,401,-198,57
-78,78,18,173,80,401,-196,54
-77,76,18,173,80,401,-196,53
-78,74,17,174,80,401,-198,51
-79,73,16,175,80,401,-200,47
-82,73,16,176,80,401,-202,48
-83,74,16,176,81,401,-203,48
-84,74,16,175,82,401,-205,48
-83,73,16,175,81,401,-203,48
-83,72,17,174,79,401,-203,50
-83,72,17,174,78,400,-203,50
-83,73,17,174,78,400,-203,47
-83,73,16,175,79,399,-203,48
-83,73,17,174,79,399,-203,50
-84,72,18,173,79,399,-202,48
-85,70,19,172,78,398,-203,47
-87,69,20,171,78,396,-205,46
-87,69,19,172,79,396,-205,46
-86,70,19,172,79,395,-205,47
-85,70,19,172,79,396,-203,47
-84,71,20,171,78,396,-202,48
-83,72,19,172,77,396,-201,48
-83,72,18,173,77,396,-201,48
-83,71,17,174,77,396,-203,48
-83,70,17,174,78,396,-203,47
-83,68,18,173,78,396,-201,45
-82,67,18,173,77,396,-200,43
-81,66,17,173,77,396,-202,43
-81,67,15,174,77,396,-201,41
-80,67,14,174,77,396,-201,42
-81,67,15,174,77,396,-201,41
-83,66,16,175,77,396,-203,41
-84,65,16,175,77,396,-205,40
-85,65,17,176,77,395,-206,39
-85,65,16,175,77,394,-205,40
-84,68,16,175,77,393,-205,42
-83,70,15,174,77,392,-203,45
-82,71,15,174,77,391,-202,46
-81,71,15,174,77,391,-202,46
-81,70,16,175,77,391,-202,45
-82,70,16,175,77,391,-202,45
-82,71,15,174,77,391,-202,46
-82,72,15,174,77,391,-202,46
-82,72,15,174,77,391,-202,46
-83,72,16,175,77,391,-203,46
-83,72,15,174,77,391,-203,46
-82,72,15,174,77,391,-202,46
-82,72,15,174,77,391,-202,46
-83,72,15,174,77,391,-203,46
-84,72,15,174,77,391,-205,46
-85,70,15,174,77,391,-206,45
-86,68,16,175,77,391,-206,43
-85,66,16,175,77,391,-206,41
-85,65,16,175,77,391,-206,40
-84,65,16,175,77,391,-205,40
-83,66,16,175,77,391,-203,40
-81,67,16,175,77,391,-202,41
-80,68,16,175,77,391,-201,42
-80,68,16,175,77,391,-201,42
-80,67,16,175,77,391,-200,42
-79,68,16,175,77,391,-200,42
-77,69,16,175,77,390,-197,43
-76,71,16,175,77,389,-197,46
-77,72,17,174,77,388,-197,47
-77,75,17,174,77,389,-197,52
-76,77,18,174,77,390,-197,54
-75,81,17,174,77,391,-196,58
-74,85,17,174,77,391,-195,62
-73,88,17,175,77,389,-194,62
-72,90,18,176,77,388,-192,68
-71,94,20,177,77,388,-192,72
-71,99,22,176,77,389,-192,79
-70,104,23,175,77,389,-189,84
-68,109,23,175,77,388,-187,89
-67,112,23,177,77,386,-187,92
-65,115,24,179,77,387,-186,95
-65,119,25,180,77,390,-186,100
-64,123,26,179,77,391,-186,103
-64,128,26,178,77,390,-185,108
-64,132,27,179,77,390,-185,114
-63,136,27,179,77,389,-185,118
-62,138,27,180,77,389,-184,120
-61,139,28,179,77,390,-183,122
-60,140,28,180,77,390,-183,123
-61,142,29,181,77,391,-183,124
-61,142,30,182,77,391,-183,124
-60,142,30,182,77,391,-183,124
-59,142,30,181,77,391,-181,124
-59,140,30,182,77,391,-181,123
-61,139,29,183,77,391,-185,120
-63,136,28,184,77,391,-186,115
-64,133,26,184,77,391,-190,113
-64,130,25,182,77,391,-187,109
-64,127,25,181,77,391,-187,107
-64,124,24,181,77,391,-189,103
-65,120,23,182,77,391,-189,97
-65,116,22,181,77,391,-189,93
-66,112,21,180,77,391,-190,89
-68,107,20,179,77,391,-192,84
-71,102,20,178,77,391,-194,79
-72,96,20,178,77,390,-195,73
-72,91,19,178,77,388,-196,68
-72,87,17,177,77,386,-192,62
-74,83,16,175,77,386,-195,58
-75,79,16,175,77,386,-196,53
-76,75,16,175,77,386,-196,50
-76,71,17,176,77,386,-197,46
-77,69,16,175,77,386,-197,43
-79,66,15,174,77,386,-200,41
-81,63,14,173,77,386,-201,37
-82,60,13,172,77,386,-202,34
-82,57,12,172,77,386,-202,31
-83,55,12,172,77,386,-203,29
-85,54,13,172,77,386,-205,29
-87,53,13,172,77,386,-207,28
-88,51,12,172,77,386,-208,25
-87,49,12,172,77,386,-207,23
-86,47,12,172,76,385,-206,21
-86,47,12,172,76,383,-206,21
-88,48,12,172,76,381,-208,23
-91,49,12,172,76,381,-211,23
-93,50,12,172,76,381,-213,24
-92,51,12,172,76,382,-212,25
-90,51,12,172,76,382,-211,25
-89,51,13,172,76,381,-209,25
-90,51,13,172,76,381,-209,25
-90,53,12,172,76,381,-211,26
-90,54,12,172,76,381,-211,29
-90,57,12,172,76,381,-209,31
-88,59,13,173,76,381,-208,34
-87,62,13,173,76,381,-207,37
-86,66,14,173,76,381,-207,41
-85,69,15,172,76,381,-202,43
-83,71,16,171,76,381,-201,47
-82,72,17,172,76,381,-200,48
-82,74,17,174,76,381,-202,51
-82,78,17,175,76,381,-202,54
-81,81,18,174,76,381,-202,58
-79,84,18,173,76,381,-197,62
-78,87,18,172,76,381,-196,64
-76,91,18,173,76,381,-195,68
-75,96,18,175,76,381,-196,73
-73,99,19,177,76,381,-195,76
-72,102,20,178,76,381,-192,79
-71,104,21,177,76,381,-191,81
-69,106,21,178,76,381,-190,84
-68,109,20,178,76,381,-191,86
-66,112,19,179,76,381,-190,89
-66,114,21,177,76,381,-187,91
-65,116,22,176,76,381,-186,96
-65,118,22,176,76,381,-186,98
-64,120,20,177,76,381,-185,97
-62,121,20,179,76,381,-186,98
-61,122,21,178,76,381,-183,100
-60,122,22,176,76,381,-181,102
-59,122,22,175,76,381,-178,102
-59,122,22,176,76,381,-180,102
-59,122,23,178,76,381,-180,102
-59,122,24,179,76,381,-180,102
-60,122,25,178,76,381,-181,102
-61,122,25,176,76,381,-180,102
-63,121,24,175,76,381,-181,101
-63,120,23,176,76,381,-185,100
-63,119,23,177,76,381,-185,98
-64,117,23,178,76,382,-185,96
-65,115,24,178,76,382,-186,95
-67,113,25,178,76,383,-187,92
-68,111,25,177,76,385,-190,91
-69,108,24,176,77,386,-187,89
-69,106,23,175,77,386,-189,86
-70,104,22,175,76,385,-189,84
-71,102,22,175,76,383,-189,81
-72,100,23,175,76,383,-190,80
-72,97,23,175,76,384,-191,76
-72,93,23,175,77,386,-191,73
-74,90,23,175,77,387,-192,69
-75,86,22,174,77,386,-194,65
-77,83,21,173,77,386,-196,62
-79,79,20,171,77,386,-197,56
-80,75,19,171,77,386,-198,52
-82,72,18,173,77,385,-200,50
-82,69,17,175,76,384,-202,46
-83,66,16,175,76,383,-203,41
-84,62,16,173,76,383,-205,36
-85,57,16,171,76,382,-202,35
-86,55,16,171,76,381,-203,31
-87,53,15,172,76,381,-205,28
-88,50,14,172,76,381,-208,25
-88,48,13,172,76,381,-206,23
-89,46,13,171,76,381,-207,20
-90,45,13,171,76,381,-208,20
-90,45,14,170,76,381,-208,20
-90,46,15,169,76,381,-208,23
-90,46,16,169,76,381,-206,23
-91,45,15,169,76,381,-208,20
-91,45,14,171,76,381,-208,19
-90,45,13,171,76,381,-208,20
-89,46,14,170,76,381,-207,20
-88,48,16,168,76,381,-203,25
-88,51,16,168,76,381,-203,28
-88,54,16,169,76,381,-203,30
-89,56,15,169,76,381,-207,30
-90,57,14,170,77,381,-207,32
-89,59,14,170,76,381,-207,34
-87,61,14,170,76,381,-206,36
-86,64,15,171,77,381,-203,39
-85,67,17,173,77,381,-203,43
-85,70,18,173,77,381,-203,47
-85,74,18,173,76,381,-203,51
-84,77,18,173,75,381,-202,54
-83,79,18,173,75,381,-201,57
-82,81,18,173,75,381,-200,58
-81,83,18,173,75,381,-198,59
-80,84,19,172,73,382,-198,62
-79,86,19,172,72,382,-197,63
-78,89,18,173,71,382,-196,65
-77,91,17,174,71,382,-198,68
-77,92,17,175,72,382,-197,67
-76,92,16,175,73,382,-197,67
-76,91,17,174,74,381,-197,68
-76,91,17,174,74,381,-197,68
-76,91,17,175,74,381,-197,68
-76,92,17,176,73,382,-197,67
-76,92,18,177,73,382,-197,69
-76,91,18,176,73,382,-197,68
-75,90,18,174,73,382,-196,67
-76,88,17,174,72,382,-196,64
-77,86,16,175,72,382,-197,61
-78,85,16,175,72,382,-198,59
-80,84,16,176,72,382,-201,58
-81,82,16,175,72,382,-201,57
-81,80,16,175,72,382,-202,54
-80,79,16,176,72,382,-201,53
-80,78,16,175,72,381,-201,53
-80,78,17,174,72,382,-201,54
-80,78,18,173,72,382,-198,54
-79,77,19,172,72,383,-197,53
-79,76,19,172,72,383,-197,53
-79,75,18,173,72,383,-197,52
-78,74,18,173,72,382,-196,51
-78,74,18,173,72,383,-196,51
-78,74,19,172,72,384,-196,51
-79,75,18,173,72,385,-197,52
-80,77,18,173,72,385,-198,54
-80,78,18,173,72,385,-198,56
-79,79,19,172,72,385,-197,56
-77,80,20,171,72,385,-196,57
-77,82,20,171,72,385,-195,59
-77,84,19,172,72,383,-195,61
-78,85,18,173,72,382,-196,62
-79,85,18,173,72,381,-197,62
-79,86,18,173,72,383,-197,63
-80,88,19,172,72,385,-198,64
-80,89,18,173,72,387,-198,67
-81,90,18,173,72,387,-200,67
-81,89,17,174,72,386,-201,67
-81,89,17,174,72,386,-201,67
-80,89,17,174,72,387,-201,67
-81,90,16,175,72,386,-201,64
-81,89,16,175,72,385,-201,64
-81,87,16,175,72,383,-202,62
-82,85,16,175,72,382,-202,59
-82,82,16,175,72,383,-203,56
-82,79,16,175,72,383,-203,53
-83,76,17,174,72,383,-203,53
-83,73,18,173,72,382,-201,50
-83,70,18,173,72,381,-201,47
-84,67,17,172,72,382,-202,43
-85,64,16,170,72,383,-202,41
-85,59,16,169,72,384,-201,36
-86,55,16,168,72,383,-201,31
-87,51,16,168,72,382,-202,29
-88,48,15,167,72,381,-203,25
-89,45,13,166,72,381,-203,19
-89,42,12,165,72,382,-203,17
-89,39,12,165,72,382,-203,14
-90,36,12,165,72,382,-205,10
-91,34,12,165,72,382,-206,8
-93,31,12,165,72,382,-207,6
-93,29,12,165,72,382,-208,4
-92,28,12,165,72,382,-207,2
-92,27,12,165,72,382,-207,2
-92,27,11,164,72,382,-207,2
-92,28,11,164,72,382,-205,3
-91,30,10,163,72,381,-203,4
-91,32,10,163,72,380,-203,7
-90,34,10,163,72,380,-202,8
-90,35,10,164,71,380,-205,9
-90,36,11,165,71,380,-205,10
-89,39,12,165,72,380,-203,13
-87,42,12,165,72,381,-202,17
-87,46,12,165,72,381,-202,20
-87,49,13,166,72,381,-202,24
-87,53,14,168,71,380,-202,28
-87,57,14,169,71,378,-205,31
-85,59,15,169,71,378,-203,34
-84,62,15,169,72,379,-202,39
-84,64,16,170,72,380,-202,41
-83,66,16,171,72,382,-201,43
-83,70,17,171,70,382,-201,47
-82,74,17,173,68,381,-200,51
-81,77,17,174,67,380,-201,53
-80,78,16,175,68,380,-201,52
-80,79,16,176,70,381,-201,53
-81,80,16,175,70,382,-202,54
-82,81,17,174,69,382,-202,58
-81,82,17,174,68,382,-201,59
-80,82,17,174,68,382,-201,59
-80,81,16,175,68,382,-201,56
-80,80,16,175,68,382,-201,54
-81,79,16,175,68,382,-201,53
-82,77,16,175,68,380,-202,52
-83,75,16,175,68,380,-203,50
-83,73,16,175,68,381,-203,48
-83,72,16,175,69,381,-203,46
-82,70,16,176,69,382,-202,45
-82,68,16,176,69,381,-202,42
-82,65,16,175,68,380,-202,40
-84,61,16,173,67,379,-205,36
-85,59,14,172,66,378,-203,34
-87,57,13,171,66,377,-205,31
-88,54,13,172,67,377,-208,28
-89,50,13,171,67,377,-207,25
-90,47,14,169,67,377,-207,21
-90,44,13,166,66,377,-205,19
-90,41,13,165,66,377,-206,15
-90,39,12,165,66,377,-206,13
-90,36,12,165,66,377,-206,10
-90,32,12,165,66,377,-206,7
-92,29,11,166,66,377,-207,4
-93,28,11,167,66,377,-208,2
-95,26,11,166,66,377,-209,1
-96,24,11,165,66,378,-211,-1
-97,22,10,162,66,377,-209,-3
-97,20,9,162,66,375,-209,-4
-98,19,8,161,66,373,-209,-6
-99,19,8,162,66,373,-211,-6
-100,18,9,162,66,373,-212,-7
-101,18,9,162,66,374,-213,-7
-103,17,8,162,66,374,-214,-8
-103,16,8,162,66,373,-216,-9
-102,15,9,162,66,372,-214,-9
-102,15,9,162,66,372,-214,-9
-102,15,9,162,66,372,-214,-9
-102,16,8,162,66,372,-214,-10
-103,17,7,163,66,372,-217,-10
-103,17,7,163,66,372,-217,-10
-103,17,7,163,66,372,-217,-10
-103,17,8,162,66,372,-214,-10
-103,17,9,162,66,371,-214,-8
-103,17,9,162,66,370,-214,-8
-103,16,9,162,66,369,-216,-8
-103,16,8,162,66,368,-216,-8
-103,17,9,162,66,368,-214,-8
-102,19,9,162,66,367,-214,-6
-101,21,9,162,65,367,-213,-3
-101,23,8,161,62,368,-213,-2
-101,25,9,162,61,368,-213,0
-101,27,10,163,61,368,-213,1
-101,30,11,164,63,368,-216,4
-100,34,12,165,65,367,-214,8
-99,37,12,165,65,367,-213,12
-97,40,12,165,63,368,-212,14
-94,43,12,165,61,368,-209,18
-93,46,12,167,60,368,-208,20
-92,48,14,169,61,368,-209,23
-92,52,15,169,63,368,-209,29
-91,57,16,169,63,368,-206,34
-89,61,16,169,62,368,-205,39
-86,66,15,169,61,367,-205,42
-84,69,14,170,61,366,-202,43
-83,73,14,169,61,366,-201,47
-81,77,16,169,61,366,-197,53
-79,80,17,169,61,367,-195,57
-77,83,18,171,61,366,-196,61
-75,86,20,172,61,366,-194,63
-74,90,20,172,61,366,-192,67
-73,93,19,172,61,367,-191,70
-72,97,19,171,61,368,-191,74
-72,101,19,172,61,368,-191,78
-70,105,21,173,61,368,-189,85
-68,108,22,174,61,368,-187,89
-67,112,23,175,61,368,-185,91
-66,114,23,175,61,368,-185,93
-65,116,23,175,61,368,-184,96
-65,118,23,175,61,367,-184,97
-64,122,23,175,61,368,-183,101
-62,126,24,176,61,368,-181,106
-61,129,25,177,61,369,-183,108
-61,132,26,178,61,369,-183,112
-60,133,26,179,61,369,-181,113
-60,135,27,179,61,369,-181,115
-60,137,28,179,61,371,-181,119
-60,139,28,179,62,372,-181,122
-58,142,30,177,63,373,-178,124
-58,144,30,175,63,373,-178,126
-57,146,31,175,63,372,-174,131
-56,147,32,177,63,372,-175,131
-56,147,33,178,63,372,-175,131
-54,147,33,178,64,372,-174,133
-53,150,32,177,65,372,-173,135
-53,152,32,177,66,372,-173,137
-54,153,32,177,66,372,-173,139
-54,154,33,178,66,372,-174,139
-54,153,34,178,66,372,-174,139
-53,154,34,178,66,372,-173,139
-51,155,33,178,66,374,-170,140
-50,155,33,178,67,376,-169,140
-50,155,34,178,66,377,-169,140
-50,157,34,178,66,377,-169,142
-50,159,33,178,66,376,-169,145
-49,162,33,178,66,375,-168,146
-48,162,34,178,66,375,-168,147
-47,162,34,179,66,377,-167,147
-47,162,35,180,67,377,-167,147
-47,164,36,180,67,377,-167,148
-46,166,36,180,66,377,-166,151
-44,166,35,180,66,377,-164,151
-43,165,35,179,66,377,-163,150
-43,164,35,179,67,377,-162,150
-43,164,35,179,68,377,-163,148
-45,164,35,179,68,377,-164,148
-46,163,35,179,68,377,-166,148
-47,162,34,178,67,377,-167,147
-47,161,33,178,66,377,-167,146
-47,158,33,178,67,377,-167,144
-47,155,33,178,68,377,-167,140
-47,152,34,178,68,376,-167,137
-48,150,34,178,68,377,-168,135
-50,146,33,178,67,378,-169,130
-53,141,32,178,66,379,-172,126
-54,136,29,177,66,379,-173,119
-55,131,29,176,66,379,-174,113
-56,126,29,175,66,378,-175,108
-57,122,30,175,67,377,-174,104
-59,117,30,175,68,377,-175,100
-60,113,29,174,68,377,-177,96
-61,109,27,173,68,377,-178,91
-62,104,25,170,67,377,-179,86
-64,98,24,169,67,377,-178,78
-66,93,22,168,68,377,-179,73
-68,89,23,168,68,377,-181,69
-69,85,23,168,68,377,-183,65
-71,82,23,168,67,377,-185,62
-73,78,21,167,68,377,-186,58
-74,75,19,166,68,377,-187,54
-75,72,18,166,68,377,-189,48
-77,69,17,167,67,377,-192,46
-79,67,16,168,66,377,-194,43
-79,64,16,168,66,377,-195,41
-80,61,16,169,66,377,-196,37
-80,58,15,168,67,375,-196,35
-81,56,13,166,66,374,-196,30
-82,54,12,165,66,372,-197,28
-84,51,12,165,66,372,-198,25
-85,48,13,164,66,372,-197,23
-85,46,14,164,66,372,-197,23
-85,44,13,164,67,372,-197,19
-85,43,12,165,68,372,-201,18
-86,41,12,165,68,372,-202,15
-87,39,12,165,68,372,-202,14
-87,38,12,165,67,372,-202,13
-86,37,12,165,66,372,-201,12
-86,37,12,165,66,372,-201,12
-86,37,12,165,66,372,-201,12
-86,37,12,165,66,371,-201,12
-86,37,12,165,66,370,-201,12
-86,37,12,165,66,369,-201,12
-86,38,12,165,66,369,-201,13
-87,39,12,165,66,370,-202,14
-88,41,12,165,66,370,-203,15
-88,43,12,165,66,371,-203,18
-87,46,12,165,66,371,-202,20
-86,49,12,165,66,370,-201,24
-84,53,12,165,66,369,-200,28
-83,56,13,166,66,368,-198,30
-83,60,15,167,66,368,-198,37
-83,64,16,168,66,367,-198,41
-84,68,18,167,66,367,-200,45
-83,70,18,166,66,367,-196,47
-82,72,18,166,66,368,-195,48
-81,74,19,165,66,367,-195,53
-81,76,19,165,66,367,-195,56
-81,78,19,165,66,367,-195,57
-80,79,18,166,66,367,-194,56
-79,79,18,166,66,367,-192,57
-77,80,18,166,66,367,-191,57
-77,80,18,166,66,367,-191,57
-79,79,17,167,66,367,-195,56
-80,79,17,167,66,367,-196,56
-80,77,18,166,66,367,-194,54
-79,75,19,165,66,367,-192,54
-79,74,19,164,66,367,-192,53
-80,71,18,166,65,367,-192,48
-81,68,16,168,65,368,-196,46
-81,66,16,169,64,368,-197,42
-82,63,17,168,65,367,-197,40
-81,60,18,166,65,365,-195,37
-81,57,18,164,66,364,-194,36
-80,55,17,162,66,364,-191,32
-81,52,16,162,66,365,-191,29
-82,50,15,161,66,365,-192,28
-83,49,15,162,65,365,-194,26
-85,48,16,162,66,364,-196,25
-86,48,16,162,65,364,-196,25
-85,48,15,161,66,364,-195,25
-83,49,15,161,65,363,-194,26
-82,50,15,161,65,362,-192,26
-82,51,16,162,65,362,-192,28
-83,53,16,162,66,363,-194,30
-83,56,15,162,66,364,-194,32
-83,59,15,161,65,364,-194,36
-83,62,16,162,64,364,-194,39
-82,64,17,162,64,364,-192,41
-82,68,18,164,64,366,-195,47
-81,72,18,166,66,367,-195,50
-80,78,18,167,67,368,-194,56
-80,84,17,167,66,368,-196,61
-78,89,16,167,64,367,-194,67
-76,93,16,169,63,368,-192,70
-75,97,17,170,62,368,-194,74
-75,99,18,170,63,368,-194,76
-75,101,18,171,64,367,-194,79
-75,103,18,171,65,367,-194,80
-74,104,18,171,65,367,-192,81
-72,104,19,171,65,367,-191,81
-72,105,21,171,64,367,-189,85
-72,105,21,170,64,367,-189,85
-72,105,20,171,64,367,-189,85
-72,105,19,172,64,367,-191,83
-72,104,19,172,63,367,-190,81
-72,101,20,171,64,367,-187,81
-72,98,21,169,65,367,-189,78
-72,95,22,169,65,367,-189,75
-73,92,22,169,65,367,-189,72
-73,89,21,171,64,367,-190,69
-74,86,20,171,65,367,-192,63
-75,82,19,170,66,367,-191,59
-77,79,17,169,66,367,-192,56
-77,76,17,167,66,368,-194,53
-78,72,18,166,65,368,-191,50
-79,69,18,165,64,367,-192,48
-81,66,18,166,64,366,-194,42
-82,63,17,168,64,364,-197,40
-82,61,16,168,64,362,-197,37
-81,59,15,167,65,362,-197,36
-80,58,15,164,65,362,-194,35
-80,57,16,162,66,363,-191,34
-81,56,15,161,66,363,-191,34
-82,55,15,161,66,362,-192,32
-82,54,16,162,65,362,-192,31
-82,53,16,162,65,362,-192,30
-83,52,15,161,66,362,-192,29
-83,52,15,161,65,362,-194,29
-84,53,15,161,66,362,-195,30
-84,54,15,161,65,362,-194,31
-83,55,15,161,65,362,-194,32
-83,55,15,161,65,362,-194,32
-83,55,15,161,66,362,-194,31
-84,54,15,161,66,362,-194,31
-83,55,15,161,65,362,-194,31
-81,56,15,161,64,362,-192,34
-80,57,15,161,64,362,-191,35
-80,58,15,161,64,362,-191,36
-81,59,15,161,65,362,-191,36
-82,60,15,161,66,362,-192,37
-82,61,16,162,66,362,-192,37
-83,61,16,162,66,362,-194,37
-82,61,15,161,65,362,-192,39
-81,61,15,161,64,362,-191,39
-79,62,15,161,63,363,-190,40
-78,63,16,162,62,363,-189,40
-79,65,17,162,62,363,-189,42
-79,66,17,162,61,363,-190,43
-80,67,17,162,61,363,-191,45
-79,68,17,163,62,363,-190,45
-77,69,18,164,64,362,-190,48
-76,71,19,164,66,362,-190,51
-77,73,20,165,65,362,-190,52
-78,74,19,165,64,362,-191,53
-77,75,19,165,64,362,-190,54
-75,76,19,165,65,362,-189,56
-74,76,19,165,65,362,-187,56
-73,76,19,165,64,362,-186,56
-73,76,19,165,63,362,-186,56
-74,76,19,165,62,363,-187,56
-74,77,19,165,62,363,-187,57
-75,78,19,165,62,363,-187,57
-75,78,19,165,61,363,-189,58
-74,78,19,165,61,363,-187,57
-74,77,19,165,61,361,-187,57
-74,76,19,165,63,360,-187,56
-75,75,19,165,64,360,-189,54
-76,75,19,165,64,360,-190,54
-77,75,19,165,64,361,-190,54
-76,75,19,165,64,362,-190,54
-76,73,19,165,65,361,-190,53
-76,71,19,165,65,361,-190,51
-76,70,19,165,64,361,-189,50
-76,69,19,165,62,362,-189,50
-76,69,19,165,61,362,-189,50
-76,70,19,165,62,361,-189,50
-75,70,19,165,62,360,-189,50
-75,70,19,165,62,360,-189,50
-76,69,19,165,61,361,-189,50
-77,69,18,166,61,361,-190,46
-77,69,17,166,61,360,-190,46
-77,69,17,164,63,359,-190,46
-76,69,17,163,63,358,-190,47
-77,69,17,163,63,359,-190,46
-77,69,18,164,62,361,-190,48
-77,69,19,165,62,362,-190,48
-76,69,19,165,62,361,-189,50
-75,70,18,164,62,360,-189,50
-75,70,17,162,61,359,-186,47
-75,70,15,161,60,358,-186,47
-76,69,15,161,61,357,-186,47
-76,69,15,161,62,358,-186,47
-76,69,16,162,62,359,-186,47
-76,69,16,162,62,361,-186,47
-75,70,15,161,63,362,-186,47
-75,70,15,161,65,361,-186,47
-76,69,15,161,65,359,-186,47
-77,69,15,161,64,358,-187,46
-77,69,15,162,62,358,-187,46
-78,68,15,162,62,359,-189,46
-79,68,15,161,64,359,-190,46
-80,68,16,160,65,359,-191,45
-80,67,17,160,64,358,-191,47
-79,66,18,159,62,357,-187,46
-79,64,17,159,61,357,-186,43
-78,63,17,160,61,358,-189,42
-78,63,17,160,63,359,-189,42
-77,64,17,159,64,360,-185,43
-78,63,18,159,64,361,-186,43
-78,61,19,158,64,360,-186,41
-79,58,19,158,65,359,-187,39
-80,56,18,159,64,358,-187,36
-79,56,16,161,62,357,-190,34
-79,57,15,162,60,358,-189,35
-78,57,15,161,60,358,-189,35
-78,57,16,160,60,358,-189,35
-79,57,17,160,62,358,-190,36
-80,56,17,160,63,357,-190,34
-80,57,16,161,63,357,-191,34
-80,57,15,162,63,358,-190,34
-79,57,15,162,61,358,-190,34
-79,56,15,161,61,358,-190,34
-80,57,15,161,60,358,-191,34
-80,58,15,161,60,358,-191,35
-81,60,15,161,61,358,-192,37
-82,61,15,161,61,358,-192,37
-82,61,15,161,61,358,-192,39
-82,61,15,161,60,358,-192,39
-82,61,15,161,60,358,-192,37
-82,60,15,161,61,358,-192,37
-82,61,15,161,61,358,-192,37
-83,62,16,162,60,358,-194,39
-83,64,16,162,60,358,-194,41
-84,65,16,162,60,358,-195,42
-85,65,15,161,61,358,-196,42
-84,65,15,161,62,358,-195,42
-83,66,16,162,62,358,-194,42
-81,67,17,162,62,358,-192,43
-80,68,17,163,61,358,-191,45
-79,68,18,163,60,358,-190,45
-80,67,18,163,60,358,-190,45
-80,68,18,163,60,358,-194,47
-81,68,18,164,61,358,-194,48
-82,71,18,164,61,358,-195,50
-82,72,18,164,60,358,-195,48
-82,73,19,164,60,358,-195,52
-81,73,20,163,60,358,-191,52
-80,73,21,163,60,358,-191,53
-79,73,21,162,60,358,-190,53
-78,74,20,161,60,357,-189,54
-78,74,19,160,60,357,-186,53
-77,73,19,159,60,358,-186,53
-77,72,19,158,60,359,-185,52
-76,72,19,158,60,360,-185,51
-76,71,19,158,60,359,-185,51
-77,69,19,158,60,358,-185,48
-78,67,19,158,60,357,-186,46
-78,65,19,158,60,357,-186,45
-78,63,19,158,60,358,-186,42
-79,62,19,158,60,358,-187,42
-80,61,19,158,60,358,-187,40
-80,58,19,158,60,358,-189,37
-81,54,19,158,60,358,-189,34
-81,51,19,158,60,358,-189,31
-83,50,18,157,60,358,-191,29
-85,48,16,155,60,358,-190,28
-86,46,15,155,60,358,-191,26
-86,44,15,155,60,358,-191,21
-87,42,15,155,60,358,-192,21
-88,39,15,155,60,358,-194,19
-88,37,15,155,60,358,-194,17
-87,36,15,155,60,358,-192,15
-87,36,14,155,60,358,-195,13
-87,36,14,156,60,358,-195,13
-88,36,13,157,60,358,-196,13
-90,35,12,158,60,358,-200,12
-91,34,12,158,60,358,-201,10
-90,34,13,157,60,358,-197,12
-89,35,13,157,60,358,-196,12
-88,37,13,157,60,358,-195,14
-87,39,12,158,60,356,-197,17
-88,41,12,158,60,354,-198,18
-89,43,12,158,60,353,-200,19
-89,44,12,158,60,354,-198,21
-88,46,12,158,60,355,-198,23
-87,49,12,158,61,356,-197,26
-87,53,12,158,61,355,-197,30
-87,57,12,158,60,354,-197,34
-87,58,11,158,59,354,-197,32
-86,59,12,159,58,354,-197,36
-85,60,13,159,59,355,-196,36
-84,61,15,160,60,354,-195,39
-83,63,15,161,61,353,-194,40
-85,65,16,162,60,353,-195,42
-85,67,15,163,59,354,-198,43
-84,68,14,163,58,355,-197,45
-82,68,14,162,59,354,-195,45
-80,68,15,162,59,354,-191,45
-79,67,15,161,59,353,-190,45
-80,67,15,161,58,353,-190,45
-80,68,15,161,59,353,-191,45
-80,68,15,162,60,353,-191,45
-80,67,15,162,60,353,-191,45
-80,65,15,161,59,353,-191,42
-80,63,15,161,58,353,-191,41
-80,62,15,161,57,353,-191,40
-81,61,15,161,57,353,-191,39
-81,60,16,162,57,353,-191,37
-81,58,16,162,57,353,-191,35
-80,55,15,161,57,354,-191,32
-81,52,15,160,58,353,-191,29
-82,50,13,159,59,353,-192,28
-83,48,12,158,58,352,-192,25
-83,45,11,158,57,351,-194,20
-84,43,12,158,56,350,-194,20
-84,43,12,158,55,350,-194,20
-84,43,13,157,55,349,-191,20
-83,44,13,157,55,348,-191,21
-84,44,13,157,55,348,-192,21
-85,43,13,157,55,348,-192,20
-85,42,13,157,55,349,-194,19
-84,42,14,156,55,348,-192,19
-83,41,14,155,55,348,-191,19
-83,42,15,155,55,348,-189,21
-83,43,15,155,55,348,-189,23
-84,43,15,155,55,348,-189,23
-84,43,15,155,55,348,-190,23
-84,45,15,155,55,348,-190,21
-84,47,14,154,55,348,-189,24
-83,49,14,153,55,348,-189,26
-83,51,14,154,55,348,-187,29
-83,53,15,154,55,348,-189,32
-85,56,15,155,55,349,-190,35
-85,58,15,155,55,349,-190,37
-84,60,15,155,55,348,-190,40
-82,61,15,155,55,347,-187,41
-81,63,15,154,54,345,-186,42
-79,64,15,154,54,345,-185,43
-79,64,15,155,55,346,-184,43
-78,65,17,156,55,346,-184,45
-78,66,18,157,55,346,-186,46
-78,68,18,156,54,345,-186,48
-78,69,17,156,54,343,-184,48
-77,70,17,156,54,343,-183,50
-76,69,18,156,54,344,-184,50
-76,69,19,158,54,345,-184,50
-76,70,19,158,55,346,-184,50
-75,72,19,158,54,345,-184,52
-74,75,19,158,54,344,-183,54
-73,76,19,158,54,343,-181,56
-73,76,19,158,54,343,-181,56
-74,76,19,158,54,343,-183,56
-75,78,20,159,54,344,-183,57
-75,79,20,159,54,343,-184,59
-75,81,20,159,54,343,-183,61
-75,82,21,159,54,343,-184,62
-75,81,21,160,54,343,-184,63
-74,82,22,161,54,343,-183,64
-73,82,23,161,54,343,-181,64
-72,83,23,161,54,343,-180,65
-72,84,23,161,54,343,-180,67
-73,86,22,161,54,343,-183,68
-74,87,22,161,54,343,-183,69
-74,88,22,160,54,343,-183,70
-74,87,21,160,54,343,-183,69
-74,87,21,160,54,343,-183,69
-74,87,21,160,54,344,-183,67
-74,88,21,159,54,344,-183,68
-74,87,21,159,54,343,-183,67
-73,86,21,160,54,342,-181,65
-72,84,21,160,54,342,-181,67
-73,82,21,159,54,342,-181,62
-75,81,20,159,54,343,-183,61
-76,81,20,159,54,343,-184,61
-75,79,20,159,54,343,-184,59
-75,78,19,158,54,342,-183,57
-75,76,19,158,54,342,-184,56
-77,75,19,158,54,341,-185,54
-78,74,19,158,54,340,-186,53
-78,73,19,158,54,339,-186,52
-76,71,19,158,54,340,-185,51
-75,70,19,158,54,340,-184,50
-77,69,19,158,54,340,-185,48
-79,68,19,158,54,339,-187,48
-80,68,19,158,54,339,-189,47
-80,66,18,157,54,338,-187,46
-79,64,18,157,54,339,-186,43
-78,63,18,157,54,339,-186,43
-78,64,18,156,54,339,-186,43
-79,65,17,156,54,339,-184,45
-79,66,17,156,54,339,-185,46
-79,67,16,155,55,339,-185,46
-80,67,16,155,54,339,-185,47
-80,68,16,156,53,339,-186,47
-80,67,17,156,50,339,-187,47
-80,67,17,156,50,339,-187,47
-80,68,17,156,50,339,-186,47
-81,68,16,155,51,339,-186,48
-81,69,15,155,51,339,-187,48
-81,70,15,157,50,339,-190,47
-81,72,16,158,49,337,-189,48
-79,73,16,159,49,336,-187,51
-78,74,16,159,49,334,-186,53
-78,74,16,159,49,334,-186,52
-79,75,16,160,49,334,-190,53
-80,77,16,162,49,334,-191,54
-80,78,16,162,49,334,-191,56
-81,79,16,162,49,334,-191,56
-80,79,15,161,50,334,-191,56
-80,78,15,161,50,334,-191,56
-80,78,15,161,51,334,-191,56
-80,78,16,162,50,334,-191,56
-80,78,16,162,50,334,-191,56
-80,79,15,161,49,334,-191,56
-80,79,15,161,49,334,-191,56
-80,78,14,160,49,334,-191,56
-81,76,13,160,49,335,-192,53
-82,74,13,159,49,334,-192,51
-82,72,13,157,49,332,-190,50
-83,71,13,157,49,331,-191,48
-83,70,13,157,49,329,-191,47
-83,67,12,158,49,329,-194,45
-83,64,12,159,49,329,-194,41
-84,61,12,159,49,329,-195,39
-85,59,12,158,49,329,-196,36
-85,57,11,157,49,329,-196,31
-85,55,10,156,49,329,-194,30
-85,53,9,155,49,328,-192,28
-85,50,8,155,49,327,-192,24
-85,46,8,155,49,326,-194,20
-85,42,7,154,48,325,-192,17
-85,39,7,153,49,325,-192,13
-86,37,7,152,49,324,-194,12
-87,36,7,151,48,324,-192,10
-88,34,7,150,47,325,-194,8
-89,32,7,149,45,325,-194,7
-88,30,8,148,44,323,-191,6
-88,29,8,148,43,322,-190,7
-87,29,8,148,43,322,-190,6
-87,29,7,149,44,322,-192,3
-87,29,5,151,44,322,-192,3
-88,30,5,151,44,321,-195,2
-88,30,5,151,43,320,-196,2
-88,31,6,151,43,320,-194,6
-89,32,6,150,43,320,-194,6
-89,33,6,150,43,320,-195,8
-90,34,5,151,43,320,-197,8
-91,35,5,151,43,320,-198,7
-91,36,5,151,44,320,-198,8
-90,38,5,151,43,320,-197,9
-89,40,5,151,42,318,-197,13
-89,43,5,151,40,317,-196,14
-90,44,5,151,38,315,-197,17
-90,45,5,151,38,315,-198,18
-89,46,5,152,38,315,-197,20
-88,47,6,152,38,315,-196,21
-86,47,6,153,38,315,-194,21
-86,48,5,153,38,315,-194,20
-86,48,3,155,38,315,-196,20
-86,48,2,156,38,315,-196,20
-87,49,2,157,38,315,-197,20
-87,50,2,156,39,314,-197,21
-87,50,2,155,38,313,-197,21
-87,50,1,155,37,312,-197,19
-87,49,1,155,35,311,-197,19
-87,49,2,155,33,311,-197,21
-87,49,2,155,32,310,-197,19
-87,49,1,156,33,311,-200,18
-86,48,0,158,33,310,-198,18
-84,48,-2,157,33,309,-197,15
-83,49,-3,157,33,307,-196,17
-83,51,-4,156,33,306,-195,18
-83,53,-5,155,32,305,-196,20
-83,55,-5,154,31,306,-196,23
-82,57,-7,153,29,307,-195,25
-80,60,-9,153,28,306,-194,25
-79,62,-10,155,28,304,-191,28
-77,64,-12,155,28,303,-192,26
-75,66,-13,155,28,301,-190,29
-74,70,-14,153,26,301,-190,32
-74,76,-14,152,24,302,-186,39
-73,83,-15,152,23,301,-186,45
-72,88,-17,152,22,300,-187,48
-71,93,-20,153,23,298,-187,53
-70,97,-22,152,23,296,-185,54
-69,101,-23,152,21,295,-185,59
-68,107,-24,151,19,294,-184,64
-67,113,-25,149,18,292,-183,70
-66,117,-26,148,17,290,-180,73
-66,121,-29,146,17,289,-180,76
-66,125,-31,144,16,288,-180,80
-66,128,-34,144,14,287,-180,81
-66,132,-35,143,12,286,-180,85
-66,135,-36,141,11,284,-180,87
-67,137,-37,139,12,281,-179,90
-69,138,-38,137,12,279,-181,91
-72,138,-41,134,12,278,-180,89
-72,137,-43,133,10,277,-181,87
-73,134,-46,131,8,274,-181,81
-75,131,-47,129,7,272,-181,79
-79,128,-47,127,6,270,-185,76
-82,126,-47,124,6,268,-186,74
-84,123,-48,122,6,267,-185,72
-85,119,-49,119,6,265,-186,67
-87,113,-49,118,6,262,-189,62
-90,106,-49,116,4,260,-189,57
-92,100,-48,115,2,259,-189,51
-94,93,-50,113,0,259,-190,43
-96,87,-51,112,0,259,-191,35
-97,79,-51,112,1,257,-192,26
-99,71,-50,111,0,255,-195,20
-100,63,-48,110,0,254,-192,13
-100,56,-47,108,-2,254,-192,9
-100,50,-47,108,-3,254,-190,2
-100,42,-48,108,-4,254,-192,-7
-101,35,-49,109,-4,254,-194,-14
-101,28,-49,110,-5,254,-194,-21
-102,22,-49,111,-7,255,-195,-26
-103,17,-50,111,-8,255,-197,-32
-104,12,-52,112,-10,255,-198,-40
-105,8,-55,112,-12,253,-202,-46
-106,5,-59,112,-15,252,-203,-48
-108,3,-63,110,-17,250,-205,-53
-110,2,-67,108,-18,250,-207,-57
-112,0,-72,107,-20,251,-208,-61
-114,0,-78,105,-23,251,-211,-64
-116,0,-84,103,-27,250,-213,-68
-119,-1,-90,100,-30,248,-216,-73
-122,-1,-98,97,-32,245,-219,-75
-126,0,-107,91,-35,243,-222,-78
-129,3,-115,85,-39,240,-223,-78
-131,7,-124,79,-42,238,-223,-79
-134,10,-133,73,-46,236,-225,-79
-137,11,-142,67,-49,233,-225,-81
-140,14,-152,61,-53,230,-227,-85
-142,18,-162,54,-55,227,-227,-84
-144,22,-170,47,-58,223,-227,-84
-147,27,-178,40,-61,219,-227,-81
-149,31,-184,35,-65,215,-228,-79
-150,36,-190,31,-70,211,-227,-78
-150,40,-197,27,-74,208,-227,-75
-149,43,-202,24,-77,204,-225,-74
-148,46,-205,22,-79,200,-224,-74
-146,50,-207,22,-82,195,-223,-70
-145,55,-208,23,-85,191,-222,-68
-144,60,-208,23,-89,188,-222,-63
-142,62,-207,24,-93,185,-219,-58
-139,64,-204,27,-96,181,-218,-56
-135,66,-200,32,-100,177,-218,-52
-131,69,-195,39,-103,173,-216,-48
-126,74,-187,46,-105,171,-213,-39
-121,79,-177,52,-108,169,-211,-31
-116,82,-167,59,-110,168,-208,-23
-111,85,-157,66,-112,166,-203,-15
-106,87,-147,74,-114,165,-201,-8
-100,88,-135,83,-115,164,-200,-2
-94,89,-122,93,-117,163,-196,3
-88,91,-109,102,-119,162,-194,9
-83,93,-96,111,-121,160,-191,17
-80,95,-84,119,-122,159,-190,24
-76,95,-72,127,-122,158,-189,31
-72,95,-60,136,-124,159,-187,36
-68,96,-46,143,-125,159,-184,41
-65,98,-32,149,-127,159,-183,51
-61,99,-19,155,-127,159,-180,59
-59,99,-9,160,-127,159,-178,64
-58,98,0,165,-127,159,-177,65
-57,96,10,167,-127,159,-175,69
-56,96,20,169,-127,159,-173,76
-57,96,30,169,-127,161,-170,81
-57,97,39,170,-126,162,-169,86
-58,96,47,171,-125,164,-167,91
-59,94,54,171,-123,164,-166,91
-61,90,61,170,-122,163,-164,92
-61,87,67,169,-122,163,-163,91
-62,84,72,168,-121,163,-162,91
-64,82,77,165,-120,165,-161,93
-66,79,83,163,-119,166,-158,93
-68,76,91,160,-117,168,-158,95
-71,71,97,158,-115,170,-156,95
-72,66,102,155,-112,172,-155,93
-73,62,106,152,-110,172,-153,91
-74,58,112,151,-108,173,-151,92
-74,54,118,151,-106,173,-150,90
-74,49,126,151,-104,175,-146,90
-73,44,133,151,-103,178,-142,89
-72,41,140,152,-100,182,-142,90
-72,37,146,155,-97,187,-139,89
-71,32,153,158,-94,190,-141,86
-68,28,162,163,-92,193,-139,86
-65,24,171,169,-89,196,-137,87
-62,21,180,175,-86,200,-134,87
-59,18,190,182,-85,205,-134,89
-55,14,200,189,-83,210,-133,90
-50,11,209,197,-81,217,-130,90
-46,9,217,207,-78,223,-130,90
-40,7,226,217,-75,229,-130,92
-36,6,235,227,-73,234,-130,93
-31,7,244,236,-72,239,-128,97
-26,8,252,247,-69,245,-130,101
-21,10,259,257,-66,252,-131,106
-17,12,266,266,-64,258,-129,109
-14,14,272,273,-62,263,-130,114
-10,18,276,281,-60,267,-129,118
-6,22,280,288,-58,272,-130,125
-3,27,283,295,-55,277,-133,129
-1,32,285,299,-52,282,-133,135
0,38,285,302,-49,286,-134,141
0,44,283,304,-46,290,-134,144
0,49,280,305,-44,292,-136,147
0,55,276,305,-42,294,-139,153
-1,61,271,303,-40,296,-137,157
-3,68,266,299,-39,297,-140,161
-6,75,259,295,-37,297,-144,164
-10,81,251,289,-34,296,-145,167
-14,88,241,283,-32,296,-146,169
-17,94,231,274,-29,295,-147,172
-21,99,219,265,-27,294,-148,172
-25,102,208,256,-24,293,-150,170
-30,105,196,247,-21,292,-150,169
-36,108,184,238,-18,289,-153,167
-40,110,173,229,-17,287,-156,164
-45,112,162,220,-16,284,-157,161
-49,113,149,211,-16,281,-159,157
-54,115,138,202,-14,279,-158,153
-58,116,128,193,-11,278,-161,150
-61,116,120,186,-9,275,-162,147
-64,114,112,178,-7,273,-159,142
-66,110,104,172,-6,270,-161,134
-68,106,96,167,-4,267,-161,128
-69,102,88,163,-3,265,-162,119
-70,99,82,159,-3,264,-163,113
-71,94,76,156,-1,263,-161,106
-72,89,71,152,0,262,-161,98
-72,84,67,151,0,260,-162,93
-73,80,66,150,1,259,-163,86
-74,76,65,151,1,258,-163,83
-74,72,64,153,0,258,-166,79
-74,69,63,154,0,258,-166,74
-73,65,62,156,2,259,-167,70
-72,62,63,159,4,260,-168,67
-71,60,65,161,5,262,-167,64
-71,57,67,162,6,263,-167,64
-71,56,68,164,6,264,-169,63
-69,55,70,166,6,265,-168,62
-68,54,72,167,6,267,-167,61
-66,53,74,169,6,268,-166,62
-66,52,75,170,6,269,-168,62
-67,52,77,172,6,270,-168,62
-67,53,78,173,7,271,-168,62
-66,55,79,174,8,273,-167,67
-65,57,81,174,9,275,-167,69
-64,59,83,173,10,277,-163,70
-65,61,84,172,11,277,-164,75
-66,62,84,172,11,278,-166,76
-68,64,84,172,12,278,-167,79
-67,67,83,171,13,278,-167,81
-66,69,81,169,15,279,-166,81
-66,72,79,167,17,280,-162,84
-66,73,77,165,17,281,-163,85
-67,74,75,164,17,282,-163,84
-68,75,74,162,16,282,-162,85
-69,77,72,160,17,282,-163,86
-70,80,70,158,18,282,-164,89
-71,82,67,156,20,282,-166,89
-72,83,65,154,21,282,-163,90
-72,83,62,152,22,282,-164,87
-72,84,60,149,22,282,-162,89
-72,85,58,147,21,282,-162,89
-73,86,55,145,21,282,-163,87
-74,86,53,145,21,282,-163,89
-74,87,50,145,21,282,-163,86
-74,88,47,144,22,282,-163,85
-74,88,45,142,23,282,-163,85
-74,87,43,141,25,282,-163,84
-74,85,41,141,26,281,-163,80
-75,85,39,141,27,281,-167,80
-75,86,37,141,27,281,-167,78
-74,86,36,140,26,281,-166,79
-73,86,35,140,26,281,-166,79
-72,85,35,141,26,281,-164,76
-72,84,33,143,27,281,-167,76
-72,84,32,144,26,281,-167,74
-72,84,32,144,26,281,-167,74
-73,84,31,145,26,281,-169,74
-72,85,30,146,26,281,-169,74
-72,86,29,147,26,281,-168,74
-71,88,28,148,27,281,-169,75
-70,89,29,147,27,281,-167,76
-69,90,29,147,26,281,-166,78
-68,90,29,147,26,281,-164,78
-67,91,28,148,26,281,-166,79
-65,92,27,150,27,281,-167,76
-65,93,25,151,28,281,-167,78
-66,94,25,151,28,281,-168,79
-67,94,25,151,28,281,-168,79
-68,95,26,151,26,281,-169,80
-68,96,27,152,26,281,-169,81
-67,97,27,152,28,281,-168,81
-65,98,27,152,30,281,-166,83
-63,98,26,151,32,281,-164,83
-63,98,25,151,31,281,-164,84
-64,100,25,151,30,281,-166,85
-65,101,25,151,29,282,-167,86
-65,103,26,151,30,281,-167,87
-66,103,26,151,31,281,-168,89
-66,103,25,151,32,281,-168,87
-65,102,25,151,32,281,-167,87
-64,102,25,151,31,282,-166,86
-61,101,25,151,31,283,-163,86
-60,102,25,151,31,284,-162,87
-60,103,26,151,32,285,-162,87
-60,103,26,151,31,286,-162,89
-60,103,25,151,32,286,-162,87
-60,102,25,150,32,286,-162,87
-61,101,23,148,32,286,-163,86
-63,100,22,148,32,286,-162,85
-63,99,22,147,32,286,-162,84
-64,98,22,147,32,286,-163,83
-63,98,22,148,32,286,-162,84
-63,98,22,148,32,286,-162,84
-63,99,22,147,32,286,-162,84
-63,98,22,147,32,286,-162,84
-63,98,22,148,32,286,-162,84
-65,98,22,147,32,286,-164,83
-67,97,22,147,32,286,-166,83
-68,96,22,147,32,286,-167,81
-67,95,22,148,32,286,-167,80
-66,93,23,148,32,286,-168,78
-67,91,24,149,32,286,-168,76
-68,90,23,148,32,286,-169,75
-69,90,22,148,32,286,-168,75
-70,89,22,147,32,286,-169,74
-70,88,22,147,32,286,-169,73
-71,85,22,147,32,286,-169,70
-72,83,22,147,32,286,-170,68
-73,82,22,148,32,286,-172,67
-74,80,22,148,32,286,-173,64
-74,78,22,147,32,286,-173,63
-74,76,21,146,32,286,-173,59
-73,75,20,145,32,286,-172,57
-73,73,19,145,32,286,-172,56
-74,70,20,145,32,286,-173,52
-74,67,19,145,32,286,-172,50
-74,65,19,144,32,286,-172,47
-74,63,18,144,32,286,-173,46
-75,62,18,144,32,286,-174,45
-76,61,18,144,32,286,-174,43
-76,60,19,144,32,286,-175,42
-77,59,19,144,32,286,-175,41
-78,57,18,144,32,286,-177,39
-79,55,18,143,32,286,-178,37
-79,54,17,143,32,286,-177,36
-79,54,18,143,32,286,-177,36
-79,55,18,144,32,286,-178,37
-78,57,19,144,32,286,-177,39
-77,59,19,144,32,286,-175,41
-76,60,18,144,32,286,-174,42
-76,62,18,144,32,286,-175,43
-77,65,18,144,32,286,-175,47
-77,68,18,144,32,286,-175,50
-75,72,18,144,32,286,-174,54
-73,75,18,144,32,286,-172,58
-72,79,18,144,32,286,-170,62
-71,82,19,144,32,286,-170,64
-70,85,19,144,32,286,-169,68
-69,88,18,144,32,286,-168,70
-68,92,18,144,32,286,-167,75
-68,96,19,144,32,286,-167,79
-68,100,20,145,32,286,-167,83
-68,103,21,146,32,287,-167,86
-66,107,22,147,32,288,-166,91
-65,110,22,147,32,289,-164,95
-65,112,22,148,32,290,-164,97
-66,114,23,148,32,291,-168,98
-66,114,25,150,32,291,-168,98
-66,113,25,151,32,291,-168,98
-66,113,26,151,32,291,-168,98
-66,114,26,151,32,291,-168,98
-66,114,25,151,32,291,-168,98
-65,112,25,151,32,291,-167,97
-65,111,26,151,32,291,-167,96
-64,108,26,151,32,291,-166,92
-65,104,25,151,32,291,-167,90
-65,101,25,150,32,291,-167,86
-65,98,23,148,32,292,-166,83
-65,94,22,147,32,291,-164,79
-66,90,21,147,32,289,-164,75
-68,85,22,148,32,288,-167,70
-70,81,22,148,32,288,-169,65
-72,76,22,147,32,289,-170,61
-73,70,21,146,32,289,-172,53
-75,66,19,146,31,290,-173,48
-76,61,19,146,30,291,-175,43
-77,58,18,147,30,291,-178,40
-77,54,18,146,30,291,-175,36
-76,49,18,144,31,291,-174,31
-77,45,17,143,32,290,-175,26
-79,42,16,142,32,289,-174,24
-80,40,15,141,32,288,-177,23
-82,39,15,141,32,286,-178,19
-82,37,15,141,31,286,-178,17
-83,35,15,141,32,286,-179,17
-83,33,15,140,32,286,-179,13
-83,32,14,140,32,286,-179,12
-84,32,12,138,32,286,-179,12
-85,32,11,137,31,286,-180,12
-87,31,11,137,30,286,-183,10
-88,32,11,137,30,286,-184,12
-88,33,11,137,30,286,-184,13
-88,36,11,137,32,286,-184,15
-86,38,11,137,32,286,-183,18
-86,40,11,137,32,286,-181,20
-85,43,11,137,30,286,-181,23
-85,45,11,137,30,286,-180,24
-84,47,11,137,30,286,-180,26
-83,49,12,138,31,286,-179,29
-82,52,14,140,32,286,-178,31
-80,55,15,140,32,286,-177,35
-79,58,15,141,32,286,-175,40
-78,62,16,142,32,286,-177,43
-77,65,16,142,32,286,-175,47
-76,68,17,142,32,286,-172,50
-74,71,18,141,32,286,-170,53
-72,74,18,141,32,286,-168,56
-70,76,18,142,32,286,-167,59
-69,78,19,144,32,286,-168,61
-68,80,19,144,32,286,-167,62
-67,82,20,143,32,286,-163,64
-65,84,20,142,32,286,-162,69
-64,86,20,142,32,286,-161,69
-63,88,19,143,32,286,-159,70
-64,89,21,144,32,286,-163,74
-65,90,22,145,32,286,-163,75
-65,92,23,146,32,286,-164,76
-66,93,23,148,32,286,-164,78
-65,92,22,148,32,286,-164,76
-65,90,22,148,32,286,-164,75
-64,89,22,147,32,286,-163,74
-63,88,22,147,32,286,-162,73
-63,87,22,148,32,286,-162,72
-65,86,22,148,32,286,-166,72
-66,86,22,148,31,287,-166,72
-67,85,23,146,30,286,-167,70
-67,84,23,144,29,285,-163,69
-66,83,22,142,30,283,-162,68
-66,80,21,142,31,281,-163,65
-67,78,19,143,31,281,-163,61
-67,75,19,144,32,281,-166,58
-68,74,20,143,31,281,-164,57
-69,74,21,141,31,281,-166,58
-70,73,21,140,31,281,-164,58
-70,71,21,141,32,281,-167,56
-70,69,19,143,31,281,-167,52
-71,67,18,144,31,281,-169,50
-72,66,18,144,31,281,-170,48
-73,65,19,143,31,281,-169,48
-74,65,21,142,32,281,-170,51
-74,66,22,140,31,281,-168,51
-73,65,21,140,31,281,-167,50
-73,64,20,139,31,281,-167,48
-74,61,19,139,32,281,-167,46
-74,60,19,138,32,281,-168,45
-74,59,18,137,31,281,-168,43
-74,60,18,137,30,281,-168,42
-73,61,18,137,29,281,-167,43
-71,61,18,137,30,281,-164,43
-71,61,18,137,31,281,-164,43
-71,61,18,137,32,281,-164,43
-71,61,18,137,32,281,-164,46
-72,61,19,138,31,280,-166,46
-71,61,19,138,30,280,-164,46
-70,62,19,138,29,280,-163,47
-69,63,18,137,28,280,-162,47
-67,65,19,138,29,280,-161,50
-67,67,21,139,30,280,-161,52
-66,70,22,140,31,281,-159,54
-66,72,22,141,32,281,-159,57
-66,73,22,140,32,281,-161,58
-67,74,22,140,31,280,-161,59
-67,76,22,140,31,279,-161,61
-66,79,22,140,31,280,-159,64
-65,83,22,140,31,280,-158,68
-64,86,21,140,31,279,-158,70
-63,88,22,140,31,279,-157,73
-62,90,23,141,31,278,-158,74
-62,92,24,143,31,278,-158,76
-62,95,25,144,31,279,-158,83
-62,98,26,144,31,280,-159,85
-63,101,25,144,31,281,-159,87
-62,103,25,144,31,282,-159,90
-61,105,25,144,31,281,-158,92
-60,106,25,144,31,280,-157,93
-59,108,25,144,31,279,-156,96
-59,110,25,144,30,281,-156,97
-58,113,25,144,29,281,-155,101
-57,114,25,144,30,281,-153,102
-55,114,25,144,31,278,-152,102
-54,112,25,144,31,276,-151,100
-53,111,25,144,31,276,-150,98
-53,110,25,144,31,277,-150,97
-54,110,26,143,31,278,-151,98
-54,110,27,142,31,278,-148,98
-55,109,26,143,31,279,-150,97
-55,107,25,144,31,281,-152,95
-55,105,25,144,31,281,-152,91
-55,104,25,144,31,280,-152,89
-54,102,26,144,31,278,-151,90
-54,99,27,143,31,277,-151,87
-55,96,27,142,31,277,-148,84
-55,93,25,142,31,278,-148,81
-55,90,23,141,31,278,-150,75
-56,87,21,140,31,277,-150,73
-57,84,21,140,31,276,-151,69
-58,80,22,140,31,276,-152,65
-59,77,22,140,31,276,-153,62
-61,74,22,141,31,277,-156,59
-63,71,22,140,31,276,-157,56
-64,68,21,140,31,276,-158,53
-65,66,19,138,31,276,-158,51
-66,64,18,137,31,276,-159,50
-68,63,18,137,31,276,-162,45
-70,62,18,137,31,276,-163,45
-71,61,18,137,31,276,-164,46
-71,60,18,137,31,276,-164,45
-71,57,18,137,31,276,-164,40
-72,55,18,137,31,276,-166,37
-73,55,18,137,31,276,-167,37
-75,56,18,137,31,276,-168,39
-75,57,18,137,31,276,-168,40
-75,58,18,137,31,276,-168,41
-75,58,18,137,31,276,-169,41
-75,59,18,137,31,276,-169,41
-76,59,18,137,31,276,-169,41
-76,60,18,137,31,276,-170,42
-77,62,18,137,31,276,-170,45
-76,64,18,137,31,276,-170,47
-75,65,18,137,31,276,-168,47
-73,65,18,137,31,276,-167,47
-73,65,18,137,31,276,-167,47
-73,65,18,137,31,276,-167,48
-73,67,18,137,31,276,-167,50
-72,70,18,137,31,276,-166,52
-71,72,18,137,31,276,-166,57
-71,73,18,137,32,276,-166,58
-71,72,18,137,31,276,-166,57
-72,72,18,137,30,277,-166,54
-72,72,18,137,28,277,-166,54
-70,72,18,137,26,277,-164,57
-68,74,19,138,26,277,-162,58
-67,74,20,139,27,277,-161,59
-67,74,20,139,29,277,-161,59
-67,74,20,139,29,277,-161,59
-67,74,19,138,28,277,-161,59
-67,74,18,137,27,277,-161,59
-67,74,18,137,28,277,-161,57
-67,75,18,137,30,277,-161,57
-67,74,18,137,30,277,-161,59
-67,73,18,137,30,277,-161,58
-66,71,18,137,29,277,-159,56
-65,70,18,137,30,277,-158,52
-64,70,18,137,31,276,-158,52
-65,70,18,137,31,276,-158,52
-66,69,18,137,30,277,-161,52
-68,68,18,137,29,277,-161,50
-68,66,18,137,29,277,-162,48
-68,65,18,137,30,277,-161,47
-68,64,18,137,29,277,-161,47
-68,63,18,137,28,277,-162,46
-70,62,18,137,27,277,-163,47
-71,61,19,136,28,275,-162,46
-71,61,19,136,30,273,-162,46
-71,60,19,136,31,273,-162,45
-71,57,18,137,30,275,-164,42
-72,55,18,137,28,277,-166,37
-73,54,18,137,26,277,-167,36
-73,54,18,137,26,277,-167,36
-74,55,18,137,28,277,-167,37
-73,55,18,137,28,277,-167,37
-73,55,18,135,28,277,-164,40
-72,53,19,133,27,277,-163,37
-73,51,20,133,26,277,-162,36
-73,50,20,132,26,277,-162,35
-74,50,19,131,26,277,-163,35
-75,51,18,130,26,276,-163,36
-74,52,18,130,26,275,-163,36
-74,52,18,130,27,275,-163,36
-73,51,18,130,28,275,-162,36
-73,50,18,130,28,276,-162,35
-73,51,18,130,27,277,-162,36
-73,53,18,130,26,277,-162,37
-73,54,18,130,26,277,-162,39
-73,55,18,130,26,277,-162,40
-73,54,18,130,26,276,-162,40
-73,54,18,130,26,275,-162,39
-72,55,18,130,26,275,-161,40
-71,58,18,130,26,275,-159,42
-71,60,18,130,26,276,-159,45
-71,61,18,130,26,275,-159,46
-71,61,18,130,26,275,-159,46
-70,62,18,130,26,275,-158,47
-69,64,18,130,26,276,-158,48
-69,66,18,130,26,277,-158,51
-69,68,18,130,26,277,-158,53
-68,69,18,130,26,277,-157,54
-66,69,18,130,26,277,-156,54
-65,70,18,130,26,277,-155,56
-65,71,18,130,26,277,-153,57
-66,72,19,131,26,277,-155,57
-67,72,21,133,26,277,-156,58
-66,73,21,133,26,277,-156,58
-66,75,22,134,26,277,-155,62
-65,75,22,134,26,277,-155,63
-65,76,21,133,26,277,-153,61
-65,75,21,133,26,277,-153,61
-65,75,21,133,26,277,-155,61
-65,75,21,133,26,277,-153,61
-65,75,21,133,26,277,-153,61
-65,75,22,134,26,277,-155,63
-66,75,22,134,26,277,-155,62
-66,75,21,133,26,277,-156,59
-66,75,21,133,26,277,-155,61
-66,75,19,131,26,277,-155,61
-66,75,18,130,26,277,-155,61
-67,74,18,130,26,277,-156,59
-67,73,18,130,26,277,-156,58
-66,71,18,130,26,277,-155,57
-65,70,19,130,26,277,-153,56
-65,70,21,130,26,277,-151,57
-65,70,21,130,26,277,-151,58
-65,70,21,130,26,277,-151,58
-65,70,20,129,26,277,-151,58
-65,70,20,128,26,277,-151,57
-65,70,20,128,26,277,-152,54
-65,70,20,128,26,277,-151,56
-64,71,20,128,26,277,-150,58
-62,72,22,129,26,277,-148,59
-61,72,24,129,26,277,-147,61
-60,72,24,129,26,277,-146,61
-60,72,23,128,26,277,-147,59
-61,72,21,127,26,277,-147,59
-61,72,21,126,26,277,-145,59
-61,73,21,126,26,277,-145,61
-60,75,21,127,26,277,-145,62
-59,76,23,128,26,277,-145,64
-58,78,24,129,26,276,-145,65
-58,79,25,130,26,275,-145,67
-59,80,25,130,26,275,-146,70
-60,81,25,130,26,275,-146,70
-60,81,25,130,26,275,-147,69
-61,82,25,130,26,273,-147,70
-61,83,25,130,26,272,-147,70
-61,83,25,130,26,272,-147,72
-61,83,25,130,26,274,-147,72
-61,83,25,130,26,275,-147,70
-61,83,25,130,26,275,-147,70
-61,83,25,130,26,274,-147,70
-61,83,25,130,26,272,-147,70
-60,83,25,130,26,271,-147,72
-61,83,25,130,26,271,-147,72
-62,83,24,131,26,272,-150,70
-64,82,23,131,26,273,-153,69
-64,80,23,132,26,274,-153,68
-64,78,22,133,26,273,-153,65
-64,76,21,133,26,272,-153,61
-65,74,21,134,26,271,-153,59
-65,71,21,134,26,272,-155,57
-67,70,21,133,26,272,-156,54
-68,68,22,134,26,272,-157,56
-68,67,22,134,26,271,-157,54
-69,65,21,133,25,271,-158,50
-70,62,21,133,25,270,-158,47
-70,59,19,131,25,270,-159,45
-71,57,18,130,25,270,-159,42
-72,56,18,130,25,269,-161,41
-73,54,18,130,25,267,-162,40
-74,52,18,130,25,267,-163,37
-75,50,18,130,25,267,-163,35
-74,47,17,129,25,267,-163,31
-74,45,17,129,25,267,-162,30
-75,43,17,129,25,267,-163,28
-75,42,17,129,25,267,-164,26
-76,40,17,127,25,267,-162,25
-76,39,16,126,25,267,-162,24
-77,37,16,125,25,267,-163,21
-77,35,15,125,25,267,-163,20
-78,33,15,124,25,265,-162,18
-79,33,15,123,25,263,-162,18
-79,33,17,122,25,263,-162,18
-79,34,17,123,25,263,-163,19
-79,35,17,122,25,264,-163,20
-79,35,17,122,25,263,-163,20
-78,36,16,122,25,263,-162,20
-76,36,16,122,25,262,-159,21
-75,37,17,122,25,262,-158,21
-75,37,17,122,25,262,-158,21
-75,38,17,123,25,262,-159,23
-76,40,17,122,25,262,-159,25
-77,43,17,122,25,262,-161,28
-76,46,17,122,25,262,-159,31
-76,48,18,123,25,262,-159,32
-75,50,18,123,25,262,-159,35
-75,51,18,124,25,262,-159,36
-75,54,18,123,25,262,-158,39
-74,55,18,123,25,262,-158,40
-73,56,17,123,25,262,-157,41
-72,57,18,124,25,262,-156,42
-72,59,18,125,25,262,-156,43
-72,61,20,126,25,262,-156,50
-72,64,21,126,25,262,-156,52
-72,66,22,127,25,262,-156,54
-71,67,20,128,25,262,-157,54
-69,68,19,129,25,262,-156,53
-69,68,18,130,25,262,-158,53
-69,68,17,131,25,262,-158,52
-69,68,18,130,25,263,-158,52
-69,68,19,129,25,262,-156,53
-69,68,20,128,25,260,-156,56
-69,68,20,128,25,259,-156,56
-69,68,19,129,25,257,-156,53
-69,68,19,129,25,257,-156,53
-69,68,19,129,25,257,-156,53
-69,68,19,129,25,258,-156,53
-69,68,19,129,25,258,-156,53
-70,67,19,129,25,257,-157,52
-72,66,20,128,25,257,-159,51
-73,65,20,127,25,257,-159,53
-73,64,21,127,25,257,-159,51
-72,62,21,127,25,257,-156,50
-71,61,21,126,25,257,-155,50
-71,61,20,126,25,257,-155,48
-71,61,20,126,25,257,-155,48
-72,60,19,125,25,257,-156,48
-75,60,18,124,25,258,-158,45
-75,59,18,123,25,258,-159,45
-76,58,18,123,25,257,-159,43
-75,57,18,123,25,256,-158,42
-74,56,18,123,25,256,-157,41
-74,56,18,123,25,256,-158,41
-75,57,18,123,25,257,-158,42
-75,59,18,123,25,256,-159,43
-75,60,18,123,25,254,-158,45
-72,61,18,123,25,252,-156,46
-71,61,18,123,25,252,-155,46
-71,61,18,123,25,254,-155,46
-71,61,18,123,25,256,-155,46
-71,61,18,123,25,256,-155,46
-71,61,18,123,25,255,-155,47
-70,63,18,123,25,253,-155,48
-70,66,18,123,25,252,-155,51
-70,68,18,123,25,252,-153,53
-69,68,18,123,25,252,-153,53
-68,68,18,123,25,253,-152,53
-66,69,18,123,25,254,-150,54
-65,70,19,124,25,255,-148,57
-65,72,20,126,25,254,-150,59
-66,73,21,126,25,253,-150,61
-66,75,22,127,25,252,-150,63
-64,76,21,127,25,254,-148,63
-63,76,21,126,25,255,-147,64
-63,78,21,127,25,255,-147,65
-63,80,21,126,25,255,-147,68
-62,83,21,126,25,255,-146,70
-61,83,21,126,25,255,-146,72
-61,83,21,127,25,255,-145,70
-61,83,21,127,25,255,-145,70
-60,84,21,126,25,253,-144,72
-59,86,22,126,25,253,-144,74
-58,89,22,125,25,254,-142,76
-59,90,22,126,25,256,-144,78
-59,90,21,127,25,257,-144,78
-58,90,21,127,25,258,-145,78
-57,91,21,126,25,258,-141,79
-56,91,22,126,25,257,-141,79
-55,91,24,125,25,257,-140,81
-55,92,25,125,25,257,-140,83
-55,93,25,126,25,257,-140,84
-56,95,25,126,25,257,-141,85
-55,97,26,125,25,257,-137,87
-54,98,27,125,25,257,-136,89
-52,99,27,125,25,257,-135,90
-52,99,27,125,25,257,-134,89
-52,99,27,126,25,257,-135,89
-53,99,27,126,25,257,-135,89
-53,99,28,126,25,258,-135,89
-51,99,28,127,25,257,-136,92
-49,100,28,127,25,257,-134,93
-48,101,28,126,25,257,-130,91
-49,102,27,125,25,258,-131,92
-51,104,27,125,25,258,-134,93
-52,104,28,126,25,259,-135,95
-51,104,28,126,25,260,-136,95
-50,104,28,126,25,261,-134,93
-49,103,27,125,25,262,-131,93
-50,101,26,124,25,262,-131,92
-51,100,25,124,25,262,-134,90
-53,98,27,125,25,262,-135,89
-53,98,28,126,25,262,-137,89
-53,99,28,127,25,262,-137,91
-52,99,28,127,25,262,-137,92
-53,98,28,126,25,262,-137,89
-53,97,27,125,25,262,-135,87
-54,94,28,124,25,262,-136,85
-55,92,28,125,25,262,-136,85
-56,91,29,125,25,262,-137,84
-57,90,28,124,25,262,-139,83
-57,87,27,123,25,262,-139,78
-58,85,26,122,25,262,-140,75
-58,82,25,122,25,262,-137,73
-59,80,25,122,25,263,-141,70
-60,79,25,122,25,263,-142,69
-61,77,25,122,25,264,-142,68
-62,75,25,122,25,264,-144,65
-63,73,26,122,25,263,-142,63
-63,70,26,122,25,264,-145,59
-63,67,25,123,25,265,-145,57
-64,65,23,122,25,266,-146,54
-65,63,22,121,25,267,-146,53
-65,61,22,119,25,267,-144,51
-65,59,22,118,25,267,-144,50
-65,57,22,119,25,267,-144,47
-66,55,21,120,25,267,-145,42
-67,53,20,119,25,267,-146,40
-66,51,18,118,25,267,-145,39
-65,49,18,116,25,267,-144,37
-64,48,17,116,25,267,-144,36
-65,48,18,116,25,267,-145,35
-67,46,18,117,25,267,-146,34
-68,45,18,117,25,267,-146,32
-68,43,18,116,25,267,-146,30
-67,42,18,116,25,267,-145,29
-66,42,18,116,25,267,-145,29
-66,42,18,116,25,267,-145,29
-66,42,18,117,25,267,-145,29
-67,42,18,117,25,267,-145,29
-67,43,18,116,25,267,-146,30
-68,45,18,116,25,267,-146,32
-68,46,18,116,25,267,-147,34
-69,46,18,117,25,267,-147,34
-68,46,18,119,25,267,-150,34
-68,46,17,119,25,267,-150,34
-69,47,17,118,25,267,-148,35
-70,49,18,117,25,267,-150,36
-71,50,18,117,25,267,-150,37
-71,50,20,119,25,267,-150,37
-70,51,21,120,25,267,-148,39
-68,53,22,121,25,267,-150,41
-68,55,21,120,25,267,-147,43
-69,57,20,119,25,267,-147,45
-69,57,19,118,25,267,-148,45
-69,57,19,118,25,267,-147,45
-68,57,19,118,25,267,-147,45
-67,58,20,119,25,267,-146,46
-66,58,20,119,25,267,-145,46
-67,57,20,119,25,267,-146,45
-68,57,20,119,25,267,-146,45
-67,57,20,119,25,267,-146,45
-66,58,20,119,25,267,-145,46
-65,59,20,119,25,267,-144,47
-64,59,20,119,25,267,-144,47
-64,59,20,119,25,267,-144,47
-65,59,20,119,25,267,-144,47
-65,59,20,119,25,267,-144,47
-65,59,21,118,25,267,-144,47
-64,58,21,117,25,267,-142,46
-63,57,19,116,25,267,-142,45
-62,54,18,116,25,267,-141,42
-63,52,17,117,25,267,-141,40
-63,50,17,117,25,267,-142,37
-65,48,18,117,25,267,-144,36
-66,47,18,117,25,267,-145,35
-67,46,18,116,26,267,-146,34
-68,45,17,117,25,267,-146,32
-69,43,18,117,25,267,-147,30
-69,40,18,117,26,267,-147,28
-69,38,17,116,26,267,-148,25
-71,35,16,115,26,267,-150,23
-72,33,16,115,25,267,-150,21
-72,32,17,116,24,266,-151,20
-72,33,17,116,24,265,-151,20
-73,33,17,116,24,266,-151,20
-74,32,15,114,23,267,-152,18
-75,31,14,113,23,268,-152,17
-77,30,13,112,23,268,-153,15
-77,29,14,113,24,267,-152,14
-76,28,15,115,24,266,-155,14
-75,28,17,115,23,265,-153,15
-75,27,17,115,23,265,-153,14
-75,27,15,114,23,266,-153,12
-75,27,14,113,24,266,-151,12
-75,27,14,113,25,266,-151,13
-75,27,14,113,25,265,-151,13
-75,28,14,113,24,264,-151,13
-76,29,14,113,23,263,-152,14
-77,30,14,114,24,262,-153,15
-78,31,15,114,25,262,-153,15
-77,31,15,114,24,263,-153,15
-75,31,15,114,22,264,-155,17
-74,32,15,115,20,264,-153,18
-74,33,16,116,20,265,-152,19
-73,35,16,115,22,265,-152,23
-72,36,16,114,22,265,-148,24
-72,38,17,111,22,264,-145,25
-71,39,17,109,21,263,-145,26
-70,39,17,109,20,263,-144,28
-69,40,17,109,20,263,-144,28
-68,42,18,110,21,262,-142,29
-68,43,18,111,22,262,-141,31
-67,44,18,111,23,263,-141,32
-67,46,18,111,23,262,-141,34
-65,47,19,111,22,262,-139,35
-65,48,19,111,22,262,-139,36
-65,50,20,112,22,262,-139,40
-66,51,20,112,22,262,-140,42
-65,53,20,112,23,262,-140,43
-64,54,21,112,23,262,-137,45
-62,55,21,113,22,262,-136,46
-61,56,21,113,22,262,-137,47
-62,59,21,113,22,262,-136,50
-63,62,21,112,22,262,-137,52
-63,64,21,113,21,262,-137,54
-63,65,22,114,20,262,-140,56
-62,66,23,115,21,262,-139,56
-61,67,24,116,22,262,-137,57
-60,68,25,116,22,262,-136,59
-60,71,25,116,22,262,-136,62
-60,72,25,117,22,262,-137,63
-61,73,26,117,24,262,-137,65
-61,72,26,118,25,262,-137,65
-59,73,26,118,26,262,-136,65
-57,74,25,117,25,262,-134,67
-56,74,25,117,24,262,-133,64
-56,75,25,116,22,262,-133,65
-56,75,26,117,22,263,-133,68
-56,75,27,119,22,263,-133,68
-56,74,27,119,21,262,-133,67
-58,74,26,118,20,261,-135,67
-60,73,25,116,20,259,-136,64
-60,72,24,116,21,257,-137,63
-60,71,24,116,23,257,-136,61
-59,69,25,116,23,257,-136,59
-59,68,25,116,22,258,-136,58
-61,66,24,116,21,258,-137,57
-62,65,23,115,20,257,-139,54
-63,62,22,114,21,257,-140,52
-63,59,21,113,24,257,-137,50
-62,56,20,113,25,257,-136,47
-62,54,21,113,24,257,-136,45
-62,53,21,113,21,257,-136,43
-64,50,21,113,20,258,-137,41
-65,48,21,113,20,257,-142,37
-67,45,21,113,21,258,-144,35
-67,43,20,112,22,258,-141,32
-65,40,19,110,22,257,-139,31
-65,38,19,108,20,256,-136,29
-65,36,18,108,19,254,-139,24
-67,35,18,109,20,252,-141,23
-68,35,17,110,21,252,-142,23
-68,36,17,110,22,252,-142,23
-69,35,18,110,21,253,-142,23
-69,32,18,110,20,253,-142,20
-69,31,17,110,19,253,-144,19
-70,31,16,109,19,253,-144,18
-70,32,15,107,20,252,-141,19
-70,32,14,105,21,252,-141,20
-69,31,15,105,22,252,-140,19
-68,31,16,107,21,252,-140,19
-68,32,17,108,20,252,-142,20
-68,35,17,107,20,253,-140,23
-68,36,17,105,20,253,-140,24
-68,36,16,104,20,253,-137,24
-69,35,16,106,20,252,-140,23
-68,35,16,108,20,252,-142,23
-67,36,17,110,20,253,-140,23
-65,37,17,110,20,253,-139,25
-65,39,18,109,20,253,-139,26
-65,40,18,109,20,253,-139,29
-66,42,18,108,20,253,-137,32
-65,42,19,108,20,253,-136,32
-63,43,20,107,20,252,-135,34
-63,45,20,106,20,252,-134,35
-64,47,21,106,19,251,-133,37
-65,48,22,107,19,251,-136,39
-64,48,23,108,20,251,-136,41
-63,49,23,108,21,251,-135,41
-62,49,23,108,21,251,-134,42
-63,50,23,109,21,252,-134,41
-63,53,23,110,20,253,-134,43
-62,55,23,111,20,253,-136,46
-61,56,23,111,20,253,-135,46
-61,56,23,111,20,253,-135,46
-61,55,23,111,20,252,-135,45
-62,55,23,110,20,252,-134,47
-62,57,24,110,19,251,-134,50
-61,59,24,109,20,250,-133,52
-60,61,24,109,21,250,-133,54
-60,62,24,109,21,250,-131,54
-60,62,24,109,21,250,-133,54
-61,61,24,109,20,250,-133,54
-61,60,24,109,20,250,-133,53
-59,60,24,109,21,250,-131,53
-58,61,24,109,21,249,-130,53
-57,62,24,109,21,248,-129,54
-56,61,24,109,20,249,-128,54
-57,60,24,109,19,250,-129,52
-58,57,24,109,19,249,-129,50
-58,57,24,109,19,249,-130,50
-58,57,24,109,20,248,-129,50
-57,57,24,109,20,247,-129,50
-58,57,25,110,19,248,-130,50
-59,57,24,109,19,248,-131,50
-61,55,23,108,19,248,-133,48
-62,54,22,107,19,248,-134,43
-62,51,21,107,19,248,-134,41
-63,49,22,107,19,248,-135,39
-64,48,21,107,19,248,-135,39
-65,48,21,106,19,248,-136,39
-66,47,21,106,19,248,-135,37
-66,46,21,106,19,248,-135,36
-67,43,21,106,19,248,-136,34
-67,42,21,106,19,248,-135,32
-68,41,21,106,19,248,-136,31
-69,40,21,106,19,248,-139,30
-70,38,21,106,19,248,-139,29
-69,36,21,106,19,248,-137,26
-68,35,21,106,19,248,-137,25
-68,35,21,106,19,248,-136,25
-69,33,21,106,19,248,-137,24
-70,31,21,106,19,248,-139,21
-70,28,21,107,19,248,-141,19
-70,26,21,106,19,248,-139,17
-69,25,20,105,19,248,-137,15
-68,24,18,104,19,248,-136,14
-68,24,17,103,19,248,-136,14
-68,24,17,103,19,248,-136,14
-69,24,17,102,19,248,-137,14
-71,23,18,102,19,248,-140,13
-72,22,18,101,19,248,-139,12
-72,20,18,102,19,248,-141,10
-71,19,17,102,19,248,-140,9
-70,18,17,103,19,248,-139,8
-70,17,17,103,19,249,-139,8
-70,18,18,103,19,248,-139,8
-70,18,17,103,19,246,-139,8
-70,18,16,101,19,244,-139,6
-70,18,14,101,19,243,-139,6
-70,18,14,100,19,245,-139,6
-70,18,15,101,19,246,-139,6
-70,18,15,101,19,247,-139,6
-70,18,15,101,19,245,-139,6
-70,18,14,100,19,243,-139,6
-70,18,15,101,19,243,-139,6
-70,17,16,102,19,243,-139,4
-70,18,17,103,19,243,-139,8
-71,19,17,103,19,243,-139,9
-72,21,16,102,19,243,-140,8
-72,21,16,101,19,243,-141,9
-73,22,16,101,19,243,-141,9
-72,22,17,102,19,243,-141,12
-71,23,17,103,19,243,-139,13
-69,23,17,103,19,243,-137,13
-70,23,17,103,19,243,-139,13
-71,23,17,103,19,243,-139,13
-71,22,17,103,19,243,-140,13
-70,23,17,103,19,243,-139,13
-68,24,17,103,19,243,-136,14
-68,24,17,103,19,243,-136,14
-68,24,17,103,19,243,-136,14
-68,24,17,103,19,243,-136,14
-67,25,17,103,19,243,-135,15
-66,25,17,103,19,243,-135,15
-67,25,17,103,19,243,-135,15
-68,25,17,103,19,243,-136,15
-67,25,17,103,19,243,-135,15
-65,26,17,103,19,243,-134,17
-64,26,17,103,19,243,-133,17
-63,26,17,103,19,243,-131,17
-64,27,17,103,19,243,-133,17
-65,28,17,103,19,243,-134,18
-65,29,17,103,19,243,-134,20
-66,31,17,102,19,243,-135,21
-66,31,18,102,19,243,-135,21
-66,31,18,102,19,243,-135,21
-66,30,18,102,19,243,-135,20
-66,30,18,101,19,243,-133,20
-66,31,19,100,19,243,-133,21
-65,31,20,100,19,243,-131,21
-63,32,19,100,19,243,-129,23
-62,33,19,100,19,243,-129,24
-61,33,19,100,19,243,-128,24
-61,33,20,99,19,243,-128,25
-62,32,20,99,19,243,-125,25
-62,33,20,99,19,243,-126,26
-62,34,20,99,19,243,-129,26
-63,36,20,99,19,243,-130,29
-64,37,21,99,19,243,-130,30
-64,38,21,99,19,243,-130,30
-64,37,20,99,19,243,-130,30
-64,37,19,100,19,243,-130,28
-64,37,19,101,19,243,-130,28
-65,39,19,100,19,243,-131,29
-66,40,21,100,19,243,-133,32
-66,41,22,101,19,243,-133,34
-65,43,22,101,19,243,-133,35
-64,45,23,102,19,243,-130,37
-64,46,24,102,19,243,-130,40
-64,48,24,103,19,243,-130,41
-64,49,24,103,19,243,-131,41
-64,48,23,103,19,243,-131,41
-64,48,23,104,19,243,-134,41
-64,48,22,104,19,243,-134,41
-65,48,23,104,19,243,-134,41
-64,48,23,103,19,243,-131,41
-63,48,23,104,19,243,-130,41
-61,50,23,104,19,243,-130,42
-61,52,21,104,19,243,-130,45
-61,54,21,104,19,243,-130,45
-62,55,21,104,19,243,-131,45
-62,55,21,104,19,243,-131,45
-62,55,20,105,19,243,-131,45
-62,55,19,105,19,243,-131,45
-62,55,18,104,19,243,-131,46
-62,54,18,104,19,243,-131,45
-61,53,19,104,19,243,-130,43
-61,52,21,104,19,243,-130,42
-61,52,21,104,19,243,-130,42
-61,52,21,104,19,243,-130,42
-61,51,20,103,19,243,-130,42
-61,51,20,101,19,243,-128,41
-60,51,20,99,19,243,-126,43
-59,51,20,98,19,243,-123,43
-57,50,20,99,19,243,-122,43
-57,48,20,99,19,243,-124,41
-57,46,20,99,19,243,-124,40
-57,46,20,99,19,243,-124,39
-58,46,20,99,18,242,-122,39
-57,46,20,99,18,241,-122,40
-57,46,20,99,17,242,-122,40
-57,46,20,99,18,243,-122,40
-57,46,20,99,19,243,-122,40
-57,46,20,99,19,242,-122,40
-57,46,20,99,19,241,-122,40
-57,46,20,99,19,242,-122,39
-58,46,20,99,19,243,-123,40
-58,47,20,99,19,243,-123,41
-58,50,20,99,19,243,-123,42
-57,52,20,99,19,243,-122,46
-56,53,20,99,19,243,-120,46
-55,53,20,99,19,243,-122,46
-56,53,21,99,19,243,-123,46
-57,54,20,99,19,243,-120,47
-57,55,20,99,19,243,-122,48
-57,58,20,99,19,243,-124,51
-56,60,21,100,19,243,-123,53
-56,62,23,101,19,243,-123,56
-55,64,25,101,19,243,-123,57
-55,65,25,101,19,243,-122,61
-53,65,25,102,19,243,-120,58
-51,65,24,102,19,243,-118,58
-51,66,24,103,19,243,-118,59
-52,66,24,103,19,243,-119,59
-53,67,24,102,19,243,-119,61
-53,67,24,102,19,243,-119,61
-51,68,24,102,19,243,-118,61
-50,69,24,103,19,243,-117,63
-49,71,24,102,19,243,-115,64
-49,72,24,102,19,243,-117,65
-50,73,24,102,19,243,-117,67
-50,73,24,102,19,243,-117,65
-49,72,24,102,19,243,-117,65
-50,72,24,102,19,243,-117,65
-51,72,24,102,19,243,-118,65
-53,71,24,102,18,243,-119,64
-54,71,24,102,17,243,-120,64
-54,71,24,102,18,243,-122,64
-54,70,24,102,19,243,-120,63
-53,69,24,102,19,243,-120,62
-52,67,24,103,19,243,-119,61
-51,66,24,102,19,243,-118,59
-52,66,24,103,19,243,-119,59
-53,65,24,103,19,243,-120,58
-55,65,24,103,19,243,-122,58
-55,63,22,102,19,243,-122,56
-54,61,21,100,19,243,-122,53
-54,59,21,98,19,243,-118,52
-55,59,22,96,19,243,-117,52
-56,58,23,96,19,243,-118,53
-57,56,23,96,19,243,-119,52
-57,54,22,97,19,243,-122,47
-57,52,21,98,19,243,-122,45
-58,50,21,98,19,243,-123,43
-59,50,21,98,19,243,-123,42
-59,49,21,98,19,243,-124,41
-60,47,22,98,19,243,-124,40
-61,46,21,98,19,243,-125,39
-62,44,21,97,19,243,-126,37
-62,44,18,96,19,243,-126,34
-62,44,17,96,19,243,-126,34
-61,43,16,96,19,243,-125,34
-60,41,18,95,19,243,-124,31
-60,39,19,93,19,243,-122,32
-60,39,20,93,19,243,-122,32
-60,39,20,93,19,243,-122,32
-60,40,18,93,19,243,-122,32
-60,40,18,94,19,243,-122,30
-60,39,17,95,19,243,-124,30
-61,39,17,96,19,243,-125,29
-61,39,17,96,19,243,-125,29
-61,39,17,96,19,243,-125,30
-60,39,17,96,19,243,-124,30
-60,39,17,96,19,243,-124,30
-60,39,17,96,19,243,-124,30
-60,40,17,96,19,243,-124,30
-60,39,17,96,19,243,-124,30
-60,39,17,96,19,243,-124,30
-59,39,17,96,19,243,-123,29
-59,38,17,96,19,243,-123,29
-59,39,17,96,19,243,-123,29
-59,39,17,96,19,243,-123,30
-60,40,17,96,19,243,-124,30
-60,40,17,96,19,243,-124,30
-60,39,17,96,19,243,-124,30
-60,39,17,96,19,243,-124,30
-60,39,17,96,19,243,-124,30
-60,40,17,96,19,243,-124,30
-60,40,17,96,19,243,-124,30
-59,39,17,96,19,243,-123,30
-59,39,17,96,19,243,-123,29
-59,38,17,95,19,243,-123,28
-58,37,18,94,19,243,-120,28
-57,36,18,93,19,243,-119,29
-57,36,20,93,19,243,-119,29
-58,36,21,93,19,243,-119,29
-60,36,21,93,19,243,-122,29
-61,35,21,93,19,243,-123,28
-61,35,21,93,19,243,-123,28
-59,35,21,93,19,243,-120,28
-58,36,21,94,19,243,-119,29
-58,39,20,94,19,243,-119,31
-59,40,19,94,19,243,-120,32
-60,40,19,93,19,243,-122,32
-60,39,20,93,19,243,-122,32
-60,39,20,92,19,243,-119,32
-58,40,20,92,18,243,-119,34
-57,41,20,92,18,243,-118,34
-56,42,21,93,18,243,-118,35
-56,43,22,95,18,243,-118,36
-56,45,23,95,18,243,-118,41
-55,47,23,95,17,243,-117,42
-54,49,22,94,16,243,-115,42
-52,50,22,94,16,242,-114,43
-52,53,23,95,15,241,-113,48
-52,55,24,96,16,242,-113,51
-52,57,24,96,17,243,-114,52
-52,58,24,95,18,243,-114,54
-51,61,24,95,19,243,-113,56
-50,63,24,96,19,243,-112,58
-49,66,24,95,18,243,-112,62
-48,67,23,95,18,243,-111,63
-48,68,24,96,17,243,-111,64
-48,70,25,97,17,243,-111,65
-47,72,26,98,18,243,-109,67
-46,74,27,99,18,243,-112,69
-45,77,27,99,18,243,-109,73
-44,80,27,99,18,243,-109,75
-44,83,27,99,18,243,-108,78
-44,85,28,97,18,243,-106,84
-43,88,29,96,19,243,-106,86
-41,90,29,96,20,243,-103,89
-40,92,28,98,20,243,-102,89
-39,95,28,100,19,243,-104,91
-38,97,31,100,18,243,-103,95
-38,99,32,100,17,243,-101,97
-38,102,34,100,18,243,-101,103
-39,104,33,100,19,243,-101,103
-39,106,32,101,19,243,-102,104
-37,109,32,101,18,243,-100,107
-35,111,33,100,18,243,-98,109
-34,114,34,98,17,243,-97,114
-34,116,34,98,17,243,-97,117
-35,118,34,99,18,243,-98,118
-35,119,33,100,18,244,-98,117
-34,120,33,100,19,245,-97,118
-32,121,33,100,20,245,-96,119
-32,121,33,100,19,245,-95,119
-32,121,32,101,18,245,-97,119
-32,120,31,102,17,245,-98,118
-32,120,30,103,18,245,-98,118
-32,120,31,102,19,245,-98,118
-33,120,32,101,19,245,-98,119
-34,120,32,100,18,245,-97,118
-34,119,32,100,17,245,-97,118
-34,118,32,101,18,246,-97,115
-34,116,31,101,19,245,-100,114
-35,114,31,102,19,244,-101,113
-36,113,31,102,19,243,-101,111
-36,111,31,102,19,243,-102,109
-36,109,31,102,19,244,-102,107
-36,108,31,103,19,245,-102,106
-38,106,31,102,19,245,-103,104
-39,104,32,101,19,245,-103,103
-39,102,32,99,19,244,-102,101
-39,99,32,97,19,244,-100,100
-39,94,32,97,19,245,-102,92
-39,90,32,98,19,245,-102,89
-39,87,31,98,19,245,-101,86
-39,85,30,97,19,245,-102,84
-40,83,31,96,19,245,-100,81
-42,81,31,95,19,243,-102,79
-43,78,31,95,19,242,-103,76
-43,75,30,94,19,243,-103,73
-44,72,28,93,19,245,-103,70
-44,68,27,92,19,247,-103,67
-44,66,27,92,19,248,-104,64
-45,64,27,92,19,247,-104,62
-46,62,27,92,19,246,-106,59
-46,59,27,92,19,246,-106,57
-47,57,27,92,19,247,-107,56
-48,57,27,92,19,248,-108,54
-50,56,27,92,19,249,-109,53
-51,55,27,92,19,248,-111,53
-52,55,27,92,19,247,-112,53
-52,55,27,92,19,247,-112,53
-51,55,27,92,19,247,-111,53
-51,55,27,92,19,246,-111,53
-51,55,27,92,19,246,-111,53
-51,55,28,91,19,245,-108,53
-52,55,28,91,19,245,-109,53
-52,55,28,91,19,246,-109,53
-51,55,28,90,19,247,-108,53
-50,56,29,90,19,247,-107,54
-49,58,29,89,19,246,-106,56
-49,60,29,90,19,247,-106,58
-49,61,28,90,19,248,-106,59
-49,62,28,91,19,248,-107,61
-49,64,27,92,19,247,-108,62
-48,66,27,92,19,246,-108,64
-47,68,27,92,19,246,-107,65
-47,68,27,92,19,248,-107,67
-46,69,27,92,19,248,-106,67
-45,71,28,93,19,248,-106,69
-45,73,28,93,19,248,-104,72
-43,75,29,94,19,248,-103,74
-42,77,30,94,19,248,-102,75
-42,79,31,95,19,248,-102,76
-43,80,31,95,19,248,-102,79
-43,81,31,95,19,248,-103,80
-42,83,31,95,19,248,-102,81
-40,83,31,95,19,248,-101,81
-39,83,31,95,19,248,-100,81
-39,84,31,95,19,248,-98,83
-38,86,31,95,19,248,-98,85
-38,88,31,95,19,248,-98,86
-37,90,31,95,19,248,-97,89
-37,91,31,95,19,248,-97,89
-37,91,31,95,19,248,-97,90
-38,92,31,95,19,248,-98,90
-38,92,31,95,19,248,-98,90
-38,91,31,95,19,248,-98,90
-37,91,31,95,19,248,-97,89
-38,91,31,95,19,248,-98,90
-39,93,31,95,19,248,-98,91
-39,95,31,95,19,249,-100,93
-39,96,31,95,19,249,-100,93
-39,95,31,95,19,250,-100,93
-40,92,31,95,19,249,-100,91
-40,90,31,95,19,248,-101,89
-41,88,31,95,19,248,-101,86
-41,87,31,95,19,249,-101,86
-43,87,31,95,19,250,-102,85
-44,87,31,95,19,249,-104,85
-45,86,31,95,19,248,-104,84
-45,84,31,95,19,248,-106,83
-46,82,31,95,19,249,-106,80
-46,80,31,95,19,250,-107,78
-47,79,31,95,19,249,-107,76
-47,78,30,94,19,249,-107,76
-47,77,29,94,19,248,-107,75
-47,76,28,93,19,248,-107,74
-49,75,28,93,19,248,-108,73
-50,73,27,92,19,248,-109,70
-50,70,27,92,19,248,-111,68
-51,68,27,92,19,248,-111,65
-52,66,27,92,19,248,-112,64
-53,65,27,92,19,249,-113,63
-55,64,27,92,19,250,-114,62
-55,63,27,92,19,251,-115,61
-54,61,27,92,19,250,-114,58
-53,58,27,92,19,249,-113,56
-53,55,26,91,20,249,-113,51
-54,53,25,89,20,251,-112,48
-55,53,25,88,20,252,-112,48
-55,53,24,87,20,253,-112,48
-55,52,24,88,20,253,-112,47
-55,50,24,89,20,252,-112,45
-56,47,23,89,21,252,-113,42
-57,44,23,89,21,252,-113,40
-56,43,23,89,21,251,-113,39
-56,42,24,89,21,250,-113,37
-57,41,25,88,21,249,-113,40
-58,40,26,86,21,248,-113,39
-59,39,25,85,20,248,-113,36
-58,37,22,85,19,248,-113,32
-57,35,20,86,19,248,-114,29
-58,34,19,86,19,248,-115,28
-60,34,20,85,20,248,-117,26
-62,33,21,84,20,249,-115,29
-62,33,21,84,19,251,-117,29
-62,33,21,84,20,252,-117,29
-61,33,20,85,19,251,-115,29
-62,33,20,86,19,250,-118,26
-62,33,20,86,19,251,-118,26
-61,33,20,85,19,251,-118,26
-61,33,20,85,20,252,-118,26
-62,33,20,85,20,252,-119,29
-64,32,21,86,19,251,-120,28
-65,32,21,86,19,251,-122,28
-65,31,22,87,19,251,-122,26
-63,32,23,88,20,252,-119,28
-62,33,24,89,20,252,-119,29
-63,33,23,89,20,253,-120,29
-66,33,22,88,20,253,-123,29
-67,33,21,86,20,253,-124,28
-68,33,21,87,20,252,-124,28
-67,33,22,87,20,252,-124,28
-67,33,23,88,19,251,-124,29
-67,33,23,89,19,250,-124,29
-67,33,21,89,19,249,-124,25
-67,32,19,89,19,249,-125,24
-66,31,17,89,19,250,-125,24
-66,31,18,89,19,251,-125,24
-66,31,19,89,19,251,-125,24
-66,31,20,88,19,250,-123,24
-65,29,20,87,19,248,-122,23
-64,28,20,86,19,248,-120,20
-64,26,20,85,19,248,-120,19
-64,26,19,86,19,248,-120,19
-65,26,18,87,19,248,-122,19
-65,25,19,86,19,248,-122,19
-66,24,20,86,19,248,-123,17
-65,21,20,85,19,248,-122,14
-65,20,20,85,19,248,-122,13
-66,20,20,85,19,248,-122,13
-66,20,20,85,19,248,-123,13
-66,20,20,85,19,248,-122,13
-65,18,20,85,19,248,-122,12
-64,16,20,85,19,248,-120,9
-63,16,20,85,19,248,-119,9
-64,17,20,85,19,248,-120,9
-65,18,20,85,19,248,-122,10
-67,18,20,85,19,248,-123,12
-68,17,20,85,19,247,-124,9
-68,15,20,85,19,246,-125,8
-68,14,20,85,19,246,-125,7
-68,14,20,85,19,247,-124,7
-68,14,20,85,19,246,-124,7
-68,14,20,85,19,245,-124,7
-68,15,20,85,19,244,-125,8
-69,15,20,85,19,243,-125,8
-69,16,20,85,19,243,-125,9
-69,16,20,85,19,243,-125,8
-68,15,20,85,19,243,-123,10
-68,14,20,85,19,243,-124,7
-68,14,18,86,19,243,-124,7
-68,15,17,88,19,243,-128,8
-68,14,16,89,19,243,-126,4
-68,13,17,88,19,243,-126,6
-68,13,18,86,19,243,-124,6
-68,14,19,86,19,243,-125,7
-69,16,18,87,19,244,-125,9
-70,18,16,89,19,243,-129,8
-70,18,16,89,19,242,-129,8
-70,18,16,89,19,240,-129,8
-70,17,16,89,19,239,-129,8
-70,18,16,89,19,240,-129,8
-69,18,16,89,19,241,-128,8
-67,19,16,89,19,241,-125,9
-66,21,16,89,19,239,-125,10
-66,22,16,89,19,238,-125,13
-67,23,16,89,18,238,-126,13
-68,23,16,89,17,240,-126,13
-67,22,16,89,16,240,-126,13
-67,21,16,89,17,240,-125,12
-67,21,16,89,18,239,-125,12
-66,21,17,89,19,238,-125,13
-66,21,17,89,19,238,-125,14
-66,22,17,89,19,238,-124,15
-65,24,16,89,19,238,-124,14
-65,25,16,89,19,238,-124,15
-65,26,17,89,18,238,-124,19
-65,26,18,90,17,238,-124,19
-65,25,19,91,16,238,-124,18
-65,25,19,91,15,238,-124,18
-64,26,18,90,16,238,-123,19
-64,27,18,90,18,238,-123,19
-64,27,18,91,19,238,-123,19
-64,26,19,91,19,238,-123,19
-64,26,19,91,18,238,-123,19
-64,26,18,90,17,238,-123,19
-64,28,18,90,16,238,-123,20
-65,29,19,91,17,238,-124,23
-66,31,20,92,16,238,-128,24
-66,31,21,93,15,238,-128,24
-66,31,20,92,14,238,-125,24
-66,30,19,91,15,238,-125,23
-66,31,18,90,18,238,-125,24
-65,31,18,90,19,238,-124,24
-63,32,19,91,18,238,-122,25
-62,33,19,92,16,238,-124,26
-61,33,19,92,15,238,-120,26
-62,33,19,91,17,238,-120,26
-61,33,19,91,19,238,-120,26
-62,32,19,91,20,238,-120,25
-62,33,19,92,19,238,-124,25
-62,34,18,92,18,238,-124,28
-62,37,18,93,15,238,-124,30
-61,39,18,93,14,238,-123,32
-60,40,19,91,13,238,-119,32
-60,39,19,91,14,238,-119,32
-60,39,19,91,15,238,-119,32
-61,41,19,93,17,238,-123,34
-60,43,19,94,17,238,-122,36
-59,45,19,93,16,238,-120,39
-58,46,20,93,15,238,-119,40
-57,46,20,92,14,238,-117,40
-57,46,20,92,15,238,-117,40
-58,46,20,92,16,238,-120,40
-58,46,20,92,18,238,-119,39
-56,46,20,93,18,238,-118,40
-55,48,20,92,17,238,-117,41
-54,50,20,92,15,238,-113,43
-55,52,20,92,15,238,-114,45
-55,52,20,92,15,238,-114,46
-55,52,21,93,16,238,-117,45
-55,51,21,93,15,238,-117,45
-55,51,21,93,14,239,-117,45
-55,52,21,93,14,240,-117,46
-56,53,21,93,15,240,-118,46
-56,53,21,93,16,239,-118,46
-55,53,23,94,17,238,-117,48
-55,53,24,96,16,239,-117,48
-55,53,24,96,15,242,-117,48
-56,53,23,94,14,243,-118,48
-55,53,22,94,14,243,-117,46
-55,53,22,94,15,242,-117,46
-55,53,23,95,16,241,-117,48
-56,53,24,96,16,242,-118,48
-56,53,24,96,16,243,-118,48
-56,53,24,95,16,243,-118,48
-55,53,23,96,15,243,-117,48
-55,52,23,96,15,243,-117,48
-56,53,24,95,14,243,-118,48
-56,54,25,94,14,243,-118,50
-57,56,25,94,14,243,-117,52
-58,57,25,94,14,243,-120,52
-58,57,24,95,14,243,-120,53
-58,57,23,96,14,243,-120,53
-58,57,23,96,14,243,-120,52
-58,57,24,95,14,243,-120,52
-58,57,24,95,14,243,-120,52
-58,57,24,95,14,243,-120,53
-58,57,23,96,14,243,-120,52
-58,57,24,95,14,243,-120,52
-59,57,24,95,14,243,-120,52
-60,56,24,95,14,243,-122,52
-61,56,24,95,14,244,-123,51
-61,55,24,95,15,243,-123,51
-61,55,24,96,16,243,-123,51
-59,56,24,96,16,243,-122,52
-58,57,23,95,15,243,-120,53
-57,57,23,94,15,245,-119,53
-58,57,22,94,15,245,-120,50
-59,55,23,94,16,246,-120,51
-58,54,23,95,16,245,-120,50
-58,54,24,96,15,244,-119,50
-58,53,24,96,14,245,-119,48
-58,51,24,95,14,247,-120,47
-60,50,24,95,15,248,-122,46
-60,50,24,95,15,249,-122,46
-60,50,24,95,15,248,-122,46
-60,50,24,95,14,248,-122,46
-60,51,24,95,15,248,-122,46
-60,51,24,95,15,248,-122,46
-60,50,24,95,15,248,-122,46
-59,49,24,95,15,248,-122,45
-58,48,24,96,15,248,-119,43
-58,46,24,96,15,248,-119,41
-59,45,23,95,15,248,-120,41
-61,45,23,94,15,248,-123,40
-62,44,22,94,15,248,-124,37
-62,43,22,94,15,248,-124,35
-60,41,23,95,15,248,-122,36
-59,40,24,96,15,248,-122,35
-59,39,24,96,15,248,-122,35
-61,39,24,95,15,248,-123,35
-63,38,23,94,15,248,-125,34
-64,37,22,94,15,248,-125,30
-64,36,21,93,15,248,-125,29
-63,36,22,94,15,248,-125,29
-63,36,23,95,15,248,-125,31
-64,37,24,96,15,248,-125,32
-64,37,24,95,15,248,-125,32
-65,36,23,94,15,248,-126,31
-66,34,22,94,15,248,-128,26
-67,34,23,94,15,248,-129,29
-68,34,23,95,15,248,-130,30
-69,36,23,95,15,248,-130,31
-68,35,22,94,15,248,-130,28
-68,34,21,93,15,248,-129,26
-67,32,22,94,15,248,-128,25
-66,31,23,94,15,248,-128,26
-66,30,22,94,15,248,-128,23
-66,31,21,93,15,248,-128,24
-66,31,20,92,15,248,-128,24
-66,31,20,92,15,248,-128,24
-66,31,20,92,15,248,-125,24
-66,31,20,92,15,248,-128,24
-65,29,20,92,15,248,-126,23
-64,28,20,92,15,248,-125,20
-64,27,20,92,15,248,-123,19
-63,26,20,92,15,248,-123,19
-64,26,20,92,15,248,-123,19
-64,27,20,92,15,248,-123,19
-64,26,20,92,15,248,-123,19
-64,26,20,92,15,248,-123,19
-64,26,20,92,15,248,-123,19
-64,26,20,92,15,248,-123,19
-63,26,20,92,15,248,-123,19
-64,26,20,92,15,248,-123,19
-65,25,20,92,15,248,-124,18
-67,25,20,92,15,248,-125,18
-68,24,20,92,15,248,-126,17
-68,24,20,92,15,248,-128,17
-68,24,20,92,15,248,-128,17
-68,24,20,92,15,248,-126,17
-68,24,20,92,15,248,-126,17
-68,24,20,92,15,248,-126,17
-68,24,20,92,15,248,-128,17
-68,24,20,92,14,248,-126,17
-68,24,20,92,14,248,-126,17
-68,24,20,92,15,248,-126,17
-68,24,20,92,15,248,-126,17
-68,24,20,92,15,248,-126,17
-68,24,20,92,14,248,-126,17
-68,24,20,92,13,248,-126,17
-68,24,20,92,13,248,-126,17
-68,24,20,92,14,248,-128,17
-68,24,20,92,14,248,-129,17
-68,24,20,92,14,248,-129,17
-68,24,20,92,13,248,-126,17
-68,24,20,92,12,248,-128,17
-69,25,20,92,12,248,-128,18
-69,26,21,93,13,248,-130,19
-68,27,21,93,14,248,-130,20
-67,29,21,93,15,248,-128,21
-66,31,21,93,15,248,-128,24
-66,31,21,93,14,248,-128,24
-66,31,21,93,14,248,-128,24
-66,31,22,94,14,248,-128,24
-65,31,22,94,15,248,-126,24
-63,32,21,93,15,248,-124,25
-63,34,21,93,15,248,-124,26
-63,36,22,95,15,248,-124,29
-63,38,23,96,15,248,-124,34
-61,39,24,95,15,248,-123,35
-60,39,24,94,15,248,-122,35
-60,40,24,93,15,248,-119,35
-61,41,23,93,15,248,-123,36
-61,42,24,95,15,248,-123,37
-61,44,24,96,15,248,-123,40
-59,46,24,96,15,248,-120,41
-58,48,24,95,15,248,-120,43
-59,50,24,95,15,248,-120,45
-60,50,24,95,15,248,-122,46
-61,50,23,96,15,248,-123,46
-60,50,23,96,15,248,-122,46
-58,51,24,95,14,248,-120,47
-58,53,24,95,14,248,-119,48
-57,55,23,96,15,248,-119,51
-57,57,23,96,15,248,-119,51
-57,58,22,97,15,248,-122,52
-56,60,21,98,14,248,-120,53
-54,61,22,97,13,248,-119,53
-54,61,23,96,13,248,-115,54
-54,61,24,96,13,248,-117,57
-55,62,23,97,14,248,-120,56
-56,63,21,98,15,248,-120,57
-57,64,20,99,15,248,-122,57
-56,64,21,98,15,248,-120,57
-54,65,23,97,14,248,-119,58
-53,65,23,97,14,248,-117,58
-53,65,23,99,15,248,-117,58
-54,65,23,101,15,248,-122,58
-56,64,24,101,15,248,-123,57
-56,63,26,100,15,248,-120,59
-56,64,27,99,15,248,-120,59
-56,64,27,99,15,248,-120,59
-56,64,26,100,15,248,-120,59
-56,64,25,101,15,248,-123,59
-56,64,25,101,15,249,-123,57
-56,64,26,100,15,248,-120,59
-56,64,27,99,14,246,-120,59
-56,64,27,98,14,245,-118,59
-55,62,27,99,14,245,-119,58
-54,61,27,99,14,246,-119,57
-55,61,27,99,15,248,-119,57
-56,61,26,98,15,249,-120,57
-57,61,25,97,15,249,-119,57
-56,61,24,96,15,248,-118,56
-55,59,23,95,15,247,-118,54
-56,57,24,95,15,247,-118,53
-57,57,24,96,14,247,-119,53
-58,57,24,96,14,247,-120,52
-58,57,24,95,14,246,-120,53
-59,57,24,95,14,246,-122,52
-61,56,24,95,14,246,-123,51
-62,55,23,96,14,246,-124,50
-62,54,23,96,13,245,-124,48
-61,52,23,96,12,245,-123,47
-61,50,24,95,13,244,-123,45
-61,47,24,96,14,243,-123,42
-63,45,24,96,14,243,-124,40
-64,43,22,97,14,243,-128,36
-65,42,21,97,14,243,-129,35
-65,41,20,96,14,243,-129,34
-65,39,20,95,14,243,-126,31
-65,36,20,94,14,243,-126,29
-66,34,19,93,14,243,-128,28
-66,32,19,93,14,243,-128,25
-67,31,19,93,14,243,-128,24
-67,28,20,93,14,243,-128,21
-67,26,20,92,14,243,-129,19
-68,25,20,92,14,243,-129,18
-68,24,20,92,14,243,-128,17
-69,23,20,92,14,243,-131,15
-70,21,20,92,14,243,-131,14
-71,19,20,92,14,243,-131,12
-70,17,20,92,14,244,-129,10
-70,17,20,92,14,243,-129,9
-70,18,20,92,14,242,-129,10
-70,18,20,92,14,240,-131,10
-70,17,21,93,14,238,-131,10
-71,16,20,92,14,238,-130,8
-72,14,19,91,13,238,-130,7
-72,13,18,90,12,239,-130,6
-71,13,17,89,13,239,-130,6
-71,12,16,89,14,238,-130,2
-72,11,16,89,14,238,-130,1
-72,11,17,89,13,238,-131,3
-72,11,17,89,12,238,-131,4
-72,11,17,89,11,238,-131,3
-72,10,16,89,10,238,-130,0
-70,8,16,89,10,238,-129,-1
-69,7,16,89,11,238,-128,-2
-70,6,16,89,12,238,-128,-2
-71,6,16,89,12,238,-129,-3
-73,5,16,89,13,238,-131,-3
-74,4,16,89,13,238,-133,-4
-75,4,16,89,13,238,-133,-4
-74,4,17,89,12,238,-133,-2
-74,4,16,89,11,238,-133,-4
-74,4,15,90,9,238,-135,-4
-75,6,14,91,9,239,-135,-3
-75,7,14,91,9,239,-136,-1
-76,9,15,90,9,238,-135,0
-77,9,16,90,9,239,-135,0
-76,8,16,90,9,239,-135,-1
-76,8,15,90,10,238,-135,-1
-75,9,15,90,10,239,-136,0
-75,11,15,90,11,239,-136,1
-75,13,16,91,10,239,-136,3
-75,15,18,92,10,237,-136,8
-75,15,20,92,10,235,-136,8
-74,15,21,92,11,234,-133,8
-73,16,20,93,12,234,-134,8
-72,18,19,93,12,235,-134,10
-72,20,18,93,11,236,-134,13
-72,22,19,93,10,235,-133,14
-71,22,20,93,11,234,-133,15
-70,23,20,92,12,233,-131,17
-69,25,21,93,12,234,-130,18
-69,27,21,93,11,234,-131,20
-69,29,22,94,9,234,-130,21
-68,30,23,95,8,234,-129,23
-67,31,24,95,8,234,-128,26
-66,32,24,96,9,234,-128,28
-66,34,24,96,10,234,-128,30
-66,36,23,96,11,234,-128,31
-64,38,24,96,10,234,-125,32
-63,38,24,96,9,234,-124,34
-61,38,24,95,9,234,-123,34
-60,40,23,95,8,234,-122,35
-59,42,23,97,9,234,-123,35
-58,44,23,99,9,234,-123,37
-58,46,24,101,10,234,-125,39
-58,48,25,101,11,234,-125,43
-58,50,25,102,10,234,-124,46
-57,52,24,102,9,234,-124,45
-56,53,24,103,9,235,-123,46
-56,54,24,103,9,236,-123,47
-57,56,24,103,9,237,-124,48
-58,57,24,102,9,236,-125,50
-58,57,24,102,9,235,-125,51
-57,59,24,103,9,234,-124,52
-56,61,24,103,9,235,-123,54
-56,63,24,102,9,237,-123,56
-56,64,24,102,9,238,-123,57
-57,65,24,102,9,239,-124,58
-56,67,24,103,9,239,-123,61
-55,70,25,103,9,238,-123,63
-54,72,25,103,9,238,-122,64
-54,72,25,103,9,238,-122,65
-55,73,25,104,9,239,-122,67
-56,73,26,104,9,238,-123,69
-56,74,27,105,9,239,-124,69
-55,75,27,105,9,239,-123,72
-53,76,26,104,9,239,-120,72
-52,77,25,104,9,238,-119,70
-52,77,24,103,10,238,-119,70
-52,78,24,103,10,240,-119,72
-53,79,25,103,11,242,-120,72
-54,79,26,105,11,243,-120,75
-54,80,27,106,10,244,-123,75
-54,81,27,105,9,244,-122,76
-54,81,25,104,9,244,-122,74
-54,81,24,102,10,243,-122,74
-54,81,23,102,10,243,-122,74
-54,81,24,102,9,244,-122,74
-54,81,24,103,9,244,-122,74
-55,80,25,104,10,243,-123,74
-57,80,25,104,11,243,-125,73
-59,79,26,102,13,243,-126,75
-59,79,27,101,13,243,-124,74
-58,77,27,101,11,243,-123,73
-57,76,27,101,10,243,-122,72
-56,75,26,102,10,243,-123,70
-56,74,25,102,11,243,-123,67
-57,74,24,102,13,243,-124,67
-58,72,24,103,14,243,-125,65
-58,70,24,103,14,243,-125,63
-57,69,24,103,13,243,-124,62
-57,68,24,103,11,243,-124,61
-57,67,24,102,10,243,-124,59
-57,65,24,103,9,244,-124,58
-56,64,24,102,9,244,-123,57
-57,63,24,102,10,243,-124,56
-59,62,24,102,10,243,-126,54
-59,60,24,102,10,243,-126,53
-59,58,24,102,9,244,-125,51
-58,57,24,102,9,244,-125,50
-59,56,24,102,10,243,-125,50
-61,55,24,102,11,243,-128,48
-61,54,24,102,13,243,-128,46
-61,52,24,102,13,243,-128,45
-60,50,24,102,11,243,-126,43
-59,49,24,103,10,243,-126,42
-60,48,24,103,9,244,-126,41
-60,47,24,102,9,244,-126,40
-61,46,23,101,9,244,-128,39
-61,44,21,100,10,243,-128,37
-62,44,21,99,11,243,-129,36
-62,44,20,99,13,243,-126,36
-62,44,20,99,13,243,-126,36
-62,43,21,99,11,243,-129,36
-61,42,21,99,10,243,-128,35
-60,42,20,99,9,244,-124,35
-60,40,20,99,9,244,-124,34
-61,39,20,99,10,243,-125,32
-63,38,20,99,9,244,-126,30
-64,37,20,99,9,244,-128,30
-65,37,20,99,10,243,-129,30
-64,37,20,99,11,243,-128,30
-64,37,20,99,11,243,-128,30
-64,37,20,99,11,243,-128,30
-64,37,20,99,10,243,-128,30
-64,37,20,99,9,244,-128,30
-64,37,20,99,9,244,-128,30
-64,37,20,99,10,243,-128,30
-64,38,20,99,10,243,-128,30
-64,37,20,99,10,244,-128,30
-63,36,20,99,9,244,-126,29
-62,34,20,99,10,243,-126,28
-62,34,20,99,10,242,-129,28
-63,36,20,99,9,240,-130,29
-64,37,20,99,9,239,-128,30
-64,38,20,99,9,240,-128,30
-64,37,20,99,9,240,-128,30
-64,37,20,99,9,240,-130,30
-64,37,19,100,9,239,-130,28
-64,37,19,101,9,238,-130,28
-63,38,19,100,9,238,-129,28
-61,39,20,99,9,238,-128,32
-60,40,20,99,9,239,-126,34
-60,42,19,100,9,238,-126,32
-61,42,19,100,9,238,-128,32
-61,43,19,100,9,238,-128,34
-62,44,20,100,9,238,-129,36
-62,44,21,101,9,238,-129,36
-62,43,20,101,9,238,-129,34
-62,44,20,101,9,238,-129,34
-61,46,21,101,9,238,-128,39
-60,48,23,101,9,238,-126,41
-60,50,24,103,9,238,-126,43
-60,51,24,103,9,238,-126,43
-60,51,23,102,9,238,-126,43
-60,50,21,100,9,238,-126,43
-60,50,20,99,9,238,-124,42
-60,50,21,100,9,238,-126,43
-61,52,23,101,9,238,-128,45
-61,54,24,103,9,238,-128,46
-62,55,24,103,9,238,-129,47
-62,55,24,103,9,238,-129,48
-62,55,24,103,9,239,-129,47
-63,54,24,102,9,239,-129,47
-62,55,24,102,9,238,-129,47
-61,56,24,103,9,237,-128,48
-59,57,24,103,9,237,-126,50
-58,57,23,103,9,238,-125,50
-57,57,23,104,9,238,-126,50
-58,57,23,104,9,238,-128,51
-59,58,23,104,9,236,-128,51
-59,58,23,105,9,234,-129,51
-59,58,23,106,9,234,-128,51
-58,57,24,107,9,234,-128,51
-58,58,24,108,9,234,-130,51
-59,59,23,108,9,234,-130,52
-59,60,23,106,9,234,-129,52
-59,59,23,104,9,234,-129,52
-58,58,23,103,9,235,-125,51
-58,57,22,104,9,236,-126,50
-58,57,21,106,9,235,-126,47
-58,57,20,107,9,234,-129,47
-58,57,20,106,9,234,-129,47
-58,59,20,106,9,234,-129,50
-57,61,21,106,9,234,-126,52
-57,63,21,105,9,234,-126,53
-57,63,22,104,9,234,-126,56
-58,63,22,104,9,234,-128,56
-59,62,22,104,9,234,-129,54
-60,62,22,106,9,234,-129,54
-59,62,22,108,9,234,-131,54
-58,61,22,107,9,234,-130,53
-57,59,23,107,9,234,-126,52
-57,57,24,107,9,234,-126,50
-58,57,25,108,9,234,-128,50
-58,57,25,107,9,234,-128,50
-58,57,26,106,9,234,-128,51
-57,57,26,105,9,232,-126,51
-57,56,26,106,9,231,-126,48
-58,54,25,106,9,231,-126,46
-59,51,24,105,9,231,-128,43
-59,49,24,103,9,231,-126,42
-59,49,24,102,9,230,-126,41
-58,48,24,102,9,229,-125,41
-58,47,24,102,9,229,-124,40
-57,46,24,103,9,229,-124,40
-59,45,24,103,9,229,-125,39
-61,44,24,103,9,229,-128,37
-62,44,24,102,9,229,-129,36
-62,43,23,102,9,229,-129,36
-61,42,22,101,9,229,-128,35
-61,41,21,100,9,229,-128,34
-60,41,21,100,9,229,-126,34
-60,40,21,100,9,229,-126,32
-60,39,21,100,9,229,-126,32
-61,39,21,100,9,229,-128,31
-61,39,21,99,9,229,-128,31
-61,39,20,99,9,229,-125,32
-60,39,20,99,9,229,-124,32
-60,39,20,99,9,229,-124,32
-60,39,21,99,9,229,-126,32
-60,39,21,99,9,229,-126,32
-60,39,21,99,9,229,-126,32
-60,39,20,99,9,229,-124,32
-60,39,20,99,9,229,-124,32
-60,39,20,99,9,228,-124,32
-59,40,21,99,9,227,-125,32
-60,39,21,100,9,227,-126,32
-61,39,22,101,9,229,-128,31
-63,38,23,102,9,230,-129,30
-64,37,23,101,9,229,-130,30
-63,38,22,101,9,228,-129,31
-63,38,21,100,8,226,-129,31
-63,38,21,101,8,224,-129,31
-62,38,21,102,8,224,-129,31
-61,38,23,104,8,224,-130,31
-60,39,23,104,8,224,-129,32
-60,41,23,103,8,224,-126,34
-61,43,23,103,8,224,-128,36
-62,44,23,103,8,224,-129,36
-62,44,23,104,8,224,-131,37
-62,44,22,104,8,224,-131,37
-62,43,22,104,8,224,-131,36
-62,43,21,105,8,224,-131,36
-61,45,21,105,8,224,-130,35
-60,47,21,105,8,224,-129,37
-59,49,22,104,8,224,-129,42
-59,51,23,103,8,224,-126,43
-60,50,24,103,8,223,-126,43
-61,50,24,105,8,223,-130,43
-62,51,24,107,7,223,-131,43
-63,52,24,107,6,222,-133,45
-63,54,24,105,7,221,-133,47
-63,55,25,104,7,221,-130,48
-62,55,25,103,8,221,-129,48
-62,55,25,103,8,220,-129,47
-62,55,24,103,8,220,-129,47
-62,55,24,103,8,219,-129,47
-63,55,24,103,8,219,-129,47
-63,55,24,102,8,219,-130,47
-64,54,24,103,8,220,-130,47
-64,52,24,103,8,220,-130,45
-64,50,24,102,8,220,-131,43
-64,49,24,102,8,219,-131,41
-64,48,24,102,8,218,-130,41
-63,47,24,102,8,217,-130,40
-63,45,24,102,8,216,-129,37
-63,43,24,102,8,216,-130,36
-65,42,24,102,8,215,-131,35
-66,42,24,102,8,214,-133,35
-66,40,24,103,8,214,-133,34
-66,38,24,103,8,214,-133,30
-66,34,24,102,8,214,-133,28
-66,32,23,101,8,214,-133,24
-66,31,22,101,8,215,-133,24
-66,31,21,101,8,215,-133,24
-66,31,22,101,8,214,-133,24
-67,29,23,102,8,213,-133,21
-68,26,24,102,7,211,-134,19
-68,24,22,102,7,209,-135,17
-68,24,21,101,7,209,-135,17
-68,24,19,101,7,209,-134,14
-67,23,19,100,7,210,-133,13
-67,21,20,99,7,210,-133,14
-67,19,21,99,7,209,-133,12
-68,19,21,99,7,209,-134,12
-67,19,20,99,7,209,-130,12
-66,19,20,99,7,209,-133,12
-65,20,20,99,7,209,-131,13
-66,20,20,99,7,209,-129,13
-66,21,20,99,7,209,-130,14
-67,23,21,99,7,209,-134,15
-68,24,21,99,7,210,-134,17
-69,24,20,99,7,210,-133,17
-69,24,20,99,7,209,-134,17
-69,23,20,99,7,208,-134,15
-69,24,21,99,7,206,-136,17
-69,25,21,100,7,205,-135,18
-69,27,21,101,7,204,-136,19
-70,29,21,101,7,205,-136,21
-70,31,21,100,7,205,-136,24
-69,33,22,100,7,205,-135,26
-68,35,22,101,7,205,-135,28
-68,35,22,103,7,205,-137,28
-68,35,21,105,7,205,-137,28
-68,37,22,105,7,205,-136,30
-67,39,23,104,7,205,-136,32
-66,41,23,104,7,205,-135,34
-66,42,22,105,7,205,-135,35
-66,44,21,106,7,205,-135,34
-65,46,20,106,7,205,-136,36
-64,48,20,106,7,205,-136,39
-64,48,21,106,7,205,-134,39
-65,48,21,107,7,205,-136,39
-65,49,23,108,7,205,-136,42
-65,52,24,110,7,205,-136,45
-63,54,25,110,7,205,-135,47
-63,55,23,108,7,205,-134,48
-62,55,21,107,7,205,-134,46
-62,55,21,106,7,205,-131,45
-62,54,21,107,7,205,-134,45
-62,54,23,108,7,205,-134,47
-62,54,24,109,7,205,-134,47
-62,55,25,110,7,205,-134,48
-62,55,25,110,7,205,-134,48
-62,55,24,109,7,205,-134,47
-62,54,24,109,7,205,-134,47
-61,53,23,108,7,205,-133,46
-61,52,23,108,7,205,-133,45
-60,51,22,108,7,204,-131,42
-60,51,22,108,7,205,-131,43
-60,50,22,107,7,206,-131,41
-60,50,22,107,7,208,-131,41
-60,50,22,107,7,209,-131,41
-60,50,22,108,7,210,-131,41
-60,50,23,108,7,210,-131,43
-60,50,23,108,7,209,-131,43
-60,50,24,109,7,209,-131,43
-60,50,24,109,7,209,-131,43
-61,50,23,108,7,209,-133,42
-63,49,22,107,7,209,-134,40
-63,49,22,107,7,209,-135,39
-62,49,22,108,7,209,-134,42
-62,50,23,108,7,209,-134,42
-62,50,23,109,7,209,-134,42
-62,49,23,109,7,210,-134,42
-62,49,25,108,7,209,-131,42
-62,49,26,106,6,209,-131,42
-61,50,26,105,5,209,-130,46
-61,51,25,106,6,210,-130,45
-61,52,24,107,7,211,-130,45
-61,53,22,107,8,212,-133,43
-62,54,21,106,8,212,-131,45
-62,54,21,104,8,212,-131,45
-62,55,21,104,7,212,-131,45
-62,55,21,106,7,213,-131,45
-62,55,21,107,5,214,-134,45
-63,56,21,107,4,215,-135,46
-64,57,23,108,4,215,-135,51
-64,59,23,108,5,214,-136,52
-64,60,23,108,6,214,-136,53
-63,60,23,108,6,214,-135,53
-62,60,22,108,5,214,-134,51
-61,61,23,108,5,214,-133,53
-60,61,23,108,5,215,-133,54
-61,63,24,109,6,216,-133,56
-62,65,24,110,6,216,-134,57
-63,66,23,110,7,216,-135,59
-63,66,23,111,7,216,-137,57
-62,65,23,111,8,216,-136,54
-61,63,23,111,7,216,-135,53
-60,61,23,111,6,216,-134,52
-60,61,23,110,6,218,-131,54
-60,61,24,110,7,219,-131,54
-60,61,24,109,8,220,-131,54
-60,61,24,109,8,220,-131,54
-60,61,24,109,7,219,-133,54
-60,62,24,109,6,219,-133,54
-60,61,24,110,7,219,-131,54
-60,60,24,109,8,219,-131,53
-59,58,24,109,8,219,-130,51
-58,57,23,108,7,219,-130,50
-57,57,22,108,6,219,-129,47
-57,57,22,108,5,219,-129,50
-58,57,22,108,6,219,-130,47
-59,56,22,108,6,219,-131,50
-61,56,21,107,6,219,-133,46
-62,55,21,106,6,219,-131,46
-63,54,21,106,7,219,-131,45
-63,53,21,107,8,219,-135,43
-63,50,22,107,8,219,-135,41
-64,48,21,107,7,219,-136,39
-65,48,21,107,6,219,-136,39
-64,48,21,106,5,219,-134,39
-64,47,20,105,5,219,-133,37
-62,45,20,105,5,219,-131,36
-62,44,19,105,4,219,-131,35
-62,44,20,105,5,219,-131,34
-63,43,20,105,7,219,-133,34
-64,41,20,105,7,219,-133,31
-65,39,20,105,6,219,-134,29
-65,37,20,105,5,219,-134,28
-65,36,20,105,5,219,-134,26
-67,36,20,105,6,219,-135,26
-68,35,19,105,6,219,-137,25
-69,35,20,105,5,219,-137,25
-68,35,20,106,3,220,-137,25
-68,35,21,106,3,220,-137,25
-68,35,21,106,4,219,-137,25
-68,35,21,106,5,219,-137,25
-68,35,21,106,5,219,-137,25
-68,35,21,106,3,220,-137,25
-68,35,21,106,3,220,-137,25
-68,35,21,106,3,220,-137,25
-68,35,21,106,3,220,-137,25
-68,35,21,106,5,220,-137,25
-68,35,21,106,5,219,-136,25
-68,35,21,106,4,218,-137,25
-69,36,21,106,4,217,-137,26
-70,39,21,106,4,218,-139,29
-70,39,21,106,5,220,-139,30
-70,39,21,106,4,220,-139,29
-69,36,21,106,4,218,-137,26
-68,35,21,106,3,216,-137,25
-68,35,21,106,2,215,-136,25
-68,35,21,106,3,216,-137,25
-68,35,21,106,3,216,-137,25
-68,35,21,106,4,216,-137,25
-68,36,21,106,4,215,-137,26
-69,36,21,106,5,214,-137,26
-69,37,21,106,5,214,-139,28
-69,36,21,106,4,214,-137,26
-69,35,21,106,4,215,-137,25
-68,35,21,106,3,215,-137,25
-68,35,21,106,3,215,-136,25
-68,35,21,106,3,215,-137,25
-69,33,21,106,3,215,-139,24
-70,32,21,106,3,215,-139,23
-70,31,20,106,3,215,-139,21
-69,30,20,105,3,215,-139,20
-69,29,19,105,3,215,-137,19
-70,28,20,105,4,214,-139,19
-70,28,20,105,5,213,-139,19
-71,28,20,105,4,213,-140,19
-71,28,20,105,3,213,-140,19
-70,28,19,104,3,215,-139,19
-70,28,19,104,4,215,-139,19
-70,28,20,105,5,214,-139,19
-70,28,20,105,4,213,-139,19
-71,29,20,105,3,213,-140,19
-70,28,19,105,3,213,-139,19
-70,27,19,104,3,213,-139,18
-68,25,18,104,3,212,-137,15
-68,24,18,103,3,210,-136,14
-68,23,18,103,3,209,-136,14
-69,23,18,103,2,210,-137,14
-70,23,18,104,3,210,-139,14
-69,24,18,104,2,210,-137,14
-70,23,18,104,3,210,-139,14
-71,22,18,103,3,210,-140,13
-72,22,17,103,3,210,-141,12
-73,22,17,102,2,210,-141,12
-72,22,17,103,2,210,-141,12
-72,22,18,103,3,210,-141,12
-72,21,18,104,4,208,-141,12
-72,22,18,104,4,206,-141,12
-73,23,18,104,3,205,-141,13
-74,25,17,103,3,205,-142,15
-75,26,17,103,2,205,-144,17
-75,26,18,103,2,205,-144,17
-75,26,20,105,2,205,-144,17
-73,27,21,106,2,205,-142,17
-72,28,21,106,3,205,-142,18
-71,29,21,106,3,205,-140,19
-71,30,21,106,4,205,-140,20
-72,31,21,106,3,205,-140,21
-71,32,21,106,3,205,-140,23
-69,34,21,106,2,205,-139,25
-68,35,21,106,2,204,-137,25
-68,35,21,106,2,202,-137,25
-68,35,21,106,2,200,-137,25
-68,35,21,106,2,200,-137,25
-68,37,21,106,2,200,-136,28
-67,40,21,106,2,200,-136,30
-66,41,21,106,2,200,-135,31
-66,42,21,107,2,200,-137,32
-66,42,22,107,2,200,-137,32
-65,42,23,108,2,200,-136,35
-63,43,23,108,2,200,-135,35
-62,44,24,109,2,200,-134,37
-62,46,24,109,2,200,-134,39
-64,47,24,109,2,200,-135,40
-64,48,24,109,2,200,-136,41
-65,48,24,109,2,200,-136,41
-64,48,24,109,2,200,-136,41
-64,50,24,109,3,200,-135,43
-63,53,24,109,4,200,-134,46
-62,54,24,109,5,199,-134,47
-62,55,24,109,4,198,-134,48
-62,56,24,109,3,197,-134,48
-63,56,25,110,2,197,-135,48
-63,56,25,110,2,198,-135,48
-63,56,25,111,2,198,-135,48
-63,57,26,111,2,198,-135,50
-64,58,26,111,1,197,-136,51
-64,59,25,111,2,198,-136,52
-64,58,25,110,3,198,-136,51
-63,56,25,110,5,198,-135,50
-62,55,24,109,6,199,-134,47
-62,54,24,109,5,199,-134,47
-62,55,24,109,3,200,-134,47
-62,55,24,109,3,200,-134,48
-62,54,24,109,3,200,-134,47
-62,54,24,109,5,200,-134,47
-62,55,24,109,5,200,-134,48
-62,55,24,109,5,200,-134,48
-62,55,24,109,5,200,-134,47
-62,53,24,109,5,200,-134,46
-62,51,24,109,5,200,-134,43
-61,50,24,109,4,200,-133,42
-61,50,24,109,3,200,-133,42
-62,50,24,109,2,200,-134,42
-63,49,23,108,2,200,-135,42
-64,48,23,108,3,200,-136,41
-65,48,23,108,3,200,-136,41
-64,48,24,109,3,200,-136,41
-64,48,25,110,3,201,-136,41
-64,48,25,110,3,202,-136,41
-64,48,24,109,4,202,-136,41
-64,48,23,108,3,201,-136,41
-64,48,21,107,3,200,-136,39
-64,48,21,106,2,199,-136,39
-65,48,21,107,1,200,-137,39
-66,47,22,107,2,202,-137,37
-67,47,22,107,3,204,-139,37
-66,47,22,107,3,205,-137,37
-66,47,22,107,4,205,-137,37
-66,48,22,108,3,205,-137,41
-65,47,22,108,3,205,-137,40
-65,46,22,108,2,205,-136,36
-65,45,23,108,2,205,-136,37
-66,44,24,109,2,205,-137,36
-67,43,24,109,3,205,-139,36
-67,42,24,109,3,205,-139,35
-65,43,24,109,4,205,-137,36
-64,45,24,109,3,205,-135,37
-63,47,24,109,3,205,-135,40
-63,47,24,109,2,205,-135,40
-63,46,24,109,2,205,-134,39
-62,44,24,109,2,205,-134,37
-62,43,24,109,2,205,-134,36
-62,44,24,109,2,205,-134,36
-62,44,24,109,2,205,-134,37
-62,44,23,109,2,206,-134,35
-62,44,22,109,3,208,-134,35
-62,44,22,110,3,210,-134,34
-62,43,23,110,3,210,-134,34
-62,44,24,110,3,210,-134,37
-63,45,25,109,3,209,-134,37
-64,47,25,109,3,208,-135,40
-64,48,24,109,3,208,-136,41
-65,48,23,111,3,209,-139,39
-65,48,22,112,3,209,-140,39
-66,47,22,112,3,210,-140,37
-67,47,22,111,3,210,-141,37
-67,45,22,110,3,210,-139,36
-67,43,20,108,3,210,-139,34
-66,42,20,107,3,210,-137,32
-66,41,20,106,3,210,-137,31
-68,41,21,105,3,210,-136,31
-69,40,21,106,3,210,-137,30
-71,39,19,108,3,210,-142,30
-71,39,18,108,3,210,-142,26
-71,39,18,108,3,210,-142,26
-70,39,19,107,3,210,-141,29
-69,38,20,106,3,210,-141,28
-69,37,21,106,3,210,-139,28
-70,35,21,106,3,210,-139,25
-69,33,20,106,3,210,-141,23
-69,31,20,106,3,210,-140,20
-69,29,21,106,3,210,-139,19
-70,28,20,106,3,210,-141,18
-69,27,20,106,2,210,-141,17
-69,26,21,106,3,210,-137,17
-68,24,21,106,3,210,-136,14
-69,23,21,106,3,210,-137,13
-71,22,20,106,2,210,-142,13
-72,22,19,106,2,210,-144,12
-73,22,18,106,3,210,-144,12
-72,22,17,105,4,209,-144,12
-72,22,18,104,4,209,-141,12
-72,22,18,104,4,210,-141,12
-72,22,19,105,3,210,-141,12
-73,22,20,106,2,209,-144,12
-72,22,21,107,2,209,-144,12
-71,22,21,106,3,208,-142,13
-69,23,21,106,3,209,-137,13
-69,25,21,106,3,209,-137,15
-69,27,21,106,2,210,-141,18
-69,30,20,107,3,210,-141,20
-69,33,18,108,3,210,-140,20
-69,35,17,109,3,210,-142,23
-69,37,17,110,3,210,-142,24
-68,39,18,111,3,210,-142,26
-68,40,19,112,3,210,-141,30
-67,43,20,112,3,210,-141,32
-66,46,20,112,3,210,-140,36
-66,48,20,112,3,210,-140,39
-66,51,21,112,3,210,-140,41
-66,54,21,113,3,210,-140,45
-65,57,21,113,3,210,-139,48
-65,61,21,113,3,209,-139,52
-63,64,21,113,3,208,-137,54
-62,65,21,113,3,208,-136,56
-61,67,21,113,3,209,-136,57
-61,68,21,113,3,209,-136,58
-61,70,21,113,3,210,-136,61
-62,72,21,113,3,209,-136,62
-61,73,21,112,3,208,-136,63
-61,73,21,113,3,207,-135,64
-60,75,22,114,2,206,-136,65
-59,76,23,115,2,205,-135,67
-58,78,23,115,2,205,-135,68
-58,79,23,115,2,205,-135,69
-58,79,22,114,2,205,-135,69
-58,79,22,115,2,205,-135,69
-58,79,23,115,2,205,-135,69
-58,79,24,116,2,205,-135,69
-58,79,25,116,2,205,-135,70
-58,79,25,116,2,205,-135,69
-59,77,24,116,2,205,-136,67
-60,75,24,116,2,205,-137,65
-61,73,24,116,2,205,-137,64
-61,74,24,116,2,205,-137,64
-60,74,24,116,2,205,-136,64
-59,74,24,116,2,205,-136,64
-59,73,24,116,2,205,-136,64
-60,73,24,116,2,205,-137,63
-61,72,24,116,2,204,-137,62
-60,71,24,116,2,203,-136,61
-59,70,24,116,2,202,-136,61
-59,69,24,116,2,201,-135,59
-59,70,24,116,2,202,-136,61
-59,69,25,116,2,204,-136,59
-58,68,25,116,2,205,-135,59
-58,68,24,116,2,204,-135,58
-58,68,24,115,2,203,-135,58
-58,68,23,115,2,202,-135,58
-58,68,22,114,2,203,-135,58
-58,68,23,115,2,203,-135,58
-58,68,24,115,2,203,-135,58
-58,68,25,116,2,203,-135,58
-58,68,24,116,2,204,-135,58
-58,68,24,115,2,205,-135,58
-58,68,23,115,2,205,-135,58
-58,68,22,115,2,205,-135,58
-58,68,22,115,2,205,-135,58
-58,68,22,115,2,205,-135,58
-58,68,22,114,2,205,-135,58
-58,68,21,113,2,205,-133,58
-58,68,21,113,2,205,-133,58
-58,68,21,113,2,205,-133,58
-58,68,21,113,2,205,-133,58
-58,68,21,113,2,205,-133,58
-58,68,21,113,2,205,-133,58
-58,68,21,113,2,205,-133,58
-58,68,21,113,2,205,-133,58
-58,68,21,113,2,205,-133,58
-58,68,21,113,2,205,-133,58
-58,68,21,113,2,205,-133,58
-58,68,21,113,2,205,-133,58
-59,67,21,113,2,205,-134,58
-61,66,21,113,2,205,-136,57
-63,66,21,113,2,205,-137,57
-63,65,21,113,2,206,-137,56
-62,65,21,113,3,209,-136,54
-61,63,21,113,3,210,-135,53
-61,61,21,113,3,210,-136,51
-63,59,21,113,3,210,-137,50
-64,59,21,113,3,210,-139,50
-65,59,21,113,3,210,-139,50
-64,59,21,113,3,210,-139,50
-64,58,21,113,3,210,-140,48
-64,56,21,113,3,210,-139,46
-64,54,21,113,3,210,-137,45
-64,52,21,113,3,210,-137,42
-64,50,21,113,3,210,-140,40
-64,48,21,113,3,210,-141,39
-64,48,21,113,3,210,-139,39
-64,48,22,112,3,210,-139,39
-64,47,23,109,3,210,-135,37
-64,45,22,108,2,210,-135,35
-65,43,21,108,2,210,-136,34
-66,41,20,108,3,210,-137,31
-66,40,19,108,3,211,-137,30
-66,38,20,106,3,211,-137,29
-67,36,21,106,2,211,-136,26
-68,35,21,106,1,212,-136,25
-68,33,21,106,1,213,-136,24
-67,32,21,106,1,215,-139,23
-66,31,20,106,2,215,-137,21
-65,31,21,106,3,213,-134,21
-66,31,21,106,3,212,-135,21
-67,31,21,106,3,211,-135,21
-67,30,21,106,2,211,-136,20
-68,30,21,106,2,211,-136,20
-68,30,21,106,3,211,-136,20
-68,30,21,106,3,211,-136,20
-68,30,21,106,3,211,-136,20
-67,30,21,106,3,211,-136,20
-66,30,21,106,3,210,-135,20
-66,30,21,106,3,211,-135,20
-66,31,21,106,3,213,-135,21
-67,32,21,106,3,214,-136,23
-68,34,21,106,3,214,-137,24
-68,35,21,106,3,213,-137,25
-67,36,21,106,3,213,-135,26
-65,37,21,106,3,214,-134,28
-65,39,21,106,3,215,-134,29
-65,40,21,106,3,214,-134,31
-66,42,21,106,3,213,-135,32
-65,42,21,106,3,213,-134,32
-64,43,21,106,3,213,-133,34
-63,45,21,107,3,213,-135,35
-63,47,22,107,3,213,-135,37
-63,49,23,108,3,213,-135,42
-62,50,23,108,3,212,-134,42
-60,50,24,109,2,210,-131,43
-58,51,24,110,1,209,-130,45
-57,52,24,110,1,210,-129,45
-56,54,24,109,0,210,-128,46
-57,55,24,109,0,210,-128,47
-57,55,24,109,1,210,-129,48
-57,56,24,110,1,210,-129,48
-58,57,23,110,2,210,-130,50
-58,57,22,111,3,210,-133,47
-58,57,21,112,3,210,-131,47
-58,57,22,112,2,210,-131,47
-58,57,23,113,2,210,-131,47
-58,57,25,114,3,210,-131,50
-58,57,24,114,3,210,-133,47
-58,57,22,114,2,210,-135,47
-58,57,21,115,1,210,-135,47
-58,57,22,115,0,210,-134,47
-57,57,25,114,1,209,-131,50
-58,57,26,113,2,208,-133,50
-59,56,25,111,3,208,-130,50
-61,55,24,111,3,209,-133,48
-62,55,23,111,3,209,-136,45
-63,55,23,111,2,209,-136,45
-62,55,24,110,1,207,-134,47
-62,54,24,109,0,205,-134,47
-61,54,24,109,0,205,-133,46
-61,54,24,109,2,205,-133,46
-62,54,24,109,3,205,-134,47
-62,54,24,109,3,205,-134,47
-61,54,24,109,2,205,-133,46
-61,53,24,109,0,205,-133,46
-60,51,24,109,0,205,-131,45
-60,51,24,109,1,205,-131,45
-61,52,24,109,2,205,-133,45
-61,53,24,110,2,205,-133,46
-61,54,23,111,2,205,-135,43
-61,54,23,111,2,205,-135,43
-61,52,23,110,2,203,-133,45
-60,50,24,110,2,203,-131,43
-59,50,23,110,2,204,-131,42
-60,51,22,112,1,205,-134,41
-61,52,21,113,0,205,-135,42
-61,54,20,113,1,204,-137,43
-61,53,21,113,2,202,-137,43
-61,52,21,113,2,200,-135,42
-61,52,21,113,2,200,-135,42
-61,53,21,113,0,200,-135,43
-61,54,21,113,0,200,-137,43
-61,52,21,113,0,200,-135,42
-60,51,21,113,1,200,-134,41
-60,50,21,113,2,200,-134,41
-60,50,21,113,2,200,-134,41
-60,50,21,113,2,200,-134,41
-60,50,21,113,2,200,-134,41
-60,51,21,113,0,200,-134,41
-60,50,21,113,0,200,-134,41
-60,50,21,113,0,200,-134,41
-61,50,21,113,0,200,-135,40
-63,49,21,113,1,200,-137,39
-64,48,21,113,1,200,-139,39
-65,48,21,113,0,200,-139,39
-64,48,21,113,0,200,-139,39
-64,48,21,113,-1,200,-141,39
-64,48,21,113,0,200,-139,39
-64,48,21,113,1,200,-139,39
-64,48,21,113,2,200,-139,39
-64,48,21,113,2,200,-141,39
-64,48,20,113,2,200,-141,39
-64,48,21,113,2,200,-139,39
-64,48,22,112,0,200,-139,39
-64,48,23,111,0,200,-139,39
-64,48,23,111,-1,201,-139,39
-64,48,22,111,0,200,-139,39
-64,48,21,112,0,199,-137,39
-64,47,21,112,0,197,-137,37
-64,46,21,112,0,195,-137,37
-64,47,22,111,-1,195,-137,37
-63,46,23,111,-1,195,-137,37
-63,45,23,111,0,195,-136,36
-62,44,22,112,0,195,-136,35
-62,43,21,113,0,195,-136,34
-63,43,20,113,0,195,-140,34
-64,43,21,113,-1,195,-140,34
-63,43,21,113,-1,195,-137,34
-62,43,21,113,0,195,-139,34
-63,43,21,113,0,195,-140,34
-65,43,21,112,0,195,-139,32
-65,42,21,112,0,195,-139,32
-64,43,22,112,1,195,-137,34
-62,43,22,112,0,195,-136,34
-62,44,22,112,0,195,-136,35
-63,45,21,112,0,195,-136,36
-64,47,22,112,0,195,-137,37
-64,48,22,112,0,195,-139,39
-64,48,22,112,-1,195,-139,39
-64,48,21,112,-2,195,-139,39
-65,50,21,112,-3,195,-139,40
-66,51,22,112,-3,195,-140,42
-67,53,23,111,-1,195,-141,42
-67,53,23,111,0,195,-141,42
-66,52,22,111,1,195,-140,42
-66,52,21,112,0,195,-140,42
-67,54,21,112,0,195,-141,43
-68,56,21,112,0,195,-142,46
-69,57,22,111,1,194,-144,47
-69,57,23,111,2,194,-142,47
-67,57,23,111,2,194,-141,47
-65,57,22,111,1,193,-139,47
-64,57,22,112,2,192,-137,48
-63,57,22,112,2,191,-137,48
-63,56,21,112,1,190,-137,47
-62,55,21,112,0,190,-136,45
-62,54,21,113,-1,191,-139,45
-62,55,21,113,-1,191,-139,45
-62,55,21,112,0,190,-136,46
-62,55,22,111,0,190,-136,45
-63,53,23,111,-1,190,-137,43
-64,50,23,110,-3,191,-135,43
-64,48,23,111,-3,191,-139,39
-64,48,22,112,-3,191,-139,39
-64,48,21,113,-3,191,-139,39
-65,46,21,113,-3,191,-141,36
-66,44,21,113,-3,191,-142,34
-67,42,21,113,-2,191,-142,32
-66,41,21,113,-1,191,-142,31
-65,40,21,112,-1,190,-139,31
-65,39,21,111,-1,191,-139,29
-64,37,21,110,-2,191,-137,28
-65,36,20,110,-3,191,-139,26
-66,34,18,110,-3,191,-140,21
-67,32,17,110,-3,191,-141,20
-67,32,17,110,-3,191,-141,19
-66,31,17,109,-3,191,-140,19
-66,31,17,109,-3,191,-140,19
-66,31,18,110,-3,191,-140,19
-65,29,17,110,-3,190,-139,18
-65,28,17,109,-3,188,-139,15
-64,27,17,109,-3,187,-137,14
-63,26,17,109,-3,187,-136,14
-64,26,17,109,-3,187,-137,14
-64,26,17,109,-3,187,-137,14
-64,26,17,109,-3,187,-137,14
-64,26,17,109,-3,186,-137,14
-64,26,17,109,-2,186,-137,14
-64,27,17,109,-1,185,-137,14
-64,26,17,109,-1,185,-137,14
-65,25,17,109,0,186,-139,13
-66,25,17,109,0,185,-139,13
-66,25,17,109,0,185,-140,13
-66,27,17,109,0,185,-140,14
-66,29,17,109,-2,186,-140,17
-68,30,17,110,-3,186,-141,18
-69,30,17,109,-2,186,-142,18
-70,29,17,109,-1,185,-144,17
-71,28,17,109,0,185,-145,15
-70,28,17,110,-1,185,-144,15
-69,27,17,110,-2,186,-142,14
-69,27,17,109,-1,185,-142,14
-70,28,18,109,0,185,-144,15
-70,28,19,108,1,185,-141,18
-69,27,19,107,0,185,-141,17
-69,26,20,107,-2,186,-141,15
-70,25,19,108,-3,186,-141,15
-71,25,18,108,-3,186,-141,13
-71,27,18,109,-2,186,-145,14
-71,26,18,109,-1,185,-145,14
-72,25,18,108,-1,185,-144,13
-73,24,18,108,-3,186,-145,12
-74,23,18,108,-3,186,-145,10
-73,23,18,108,-3,186,-144,13
-73,24,19,108,-3,186,-144,14
-74,25,19,107,-3,186,-145,14
-74,25,19,107,-3,186,-145,15
-74,25,19,107,-3,186,-145,14
-73,24,19,107,-3,186,-145,14
-73,24,19,107,-3,186,-144,14
-73,24,19,108,-3,186,-144,14
-74,25,19,108,-3,186,-145,14
-74,25,19,108,-3,186,-145,15
-74,25,18,108,-3,186,-146,15
-74,25,18,109,-3,186,-147,13
-74,25,18,109,-3,186,-147,12
-74,25,18,109,-3,186,-147,13
-74,25,19,108,-3,186,-146,15
-74,25,19,108,-3,186,-145,14
-72,24,19,108,-3,186,-142,14
-71,24,18,109,-3,187,-145,12
-72,25,17,110,-3,188,-145,13
-72,27,17,109,-3,189,-146,14
-73,28,18,108,-3,190,-144,15
-72,28,18,108,-3,190,-144,18
-70,28,18,108,-3,191,-141,15
-70,28,18,109,-3,191,-144,15
-70,28,17,110,-3,191,-144,17
-71,29,17,110,-3,191,-145,17
-72,32,17,110,-3,191,-146,19
-72,33,17,110,-3,191,-145,20
-71,34,17,109,-3,191,-145,21
-70,34,18,108,-3,191,-141,21
-69,34,19,109,-3,191,-142,24
-68,35,21,111,-3,191,-142,25
-68,35,22,112,-3,191,-142,25
-68,35,23,111,-3,191,-142,25
-68,35,23,108,-3,191,-140,28
-68,35,22,106,-3,191,-137,28
-68,35,21,107,-3,191,-140,25
-68,35,21,109,-3,191,-140,25
-68,35,21,112,-3,191,-142,25
-68,35,21,113,-3,191,-145,25
-68,35,21,113,-3,191,-145,25
-68,35,21,113,-3,191,-144,25
-67,36,21,113,-3,191,-141,26
-68,37,21,113,-3,191,-141,28
-69,39,21,113,-3,191,-142,29
-70,39,21,113,-3,192,-146,30
-70,40,21,113,-2,193,-144,30
-68,41,21,113,-2,193,-141,31
-66,41,21,113,-2,193,-140,31
-66,42,21,113,-2,193,-140,32
-66,42,21,113,-2,193,-140,31
-67,42,21,113,-2,193,-140,31
-66,41,21,113,-2,194,-140,31
-66,42,21,113,-2,195,-140,32
-67,42,21,113,-2,196,-140,31
-67,42,21,113,-2,196,-140,31
-66,42,21,113,-2,195,-140,31
-65,42,21,113,-2,195,-139,32
-64,43,21,113,-2,195,-139,34
-65,44,21,113,-2,195,-139,35
-66,46,21,113,-2,195,-140,36
-66,47,21,113,-2,195,-140,37
-66,48,21,113,-2,195,-140,39
-65,48,21,113,-2,195,-139,39
-64,48,21,113,-2,196,-139,39
-64,48,21,113,-2,195,-139,39
-64,48,21,113,-2,195,-139,39
-64,48,21,113,-2,195,-139,39
-64,48,21,113,-2,196,-139,39
-64,48,21,113,-2,197,-139,39
-65,48,21,113,-2,197,-139,39
-64,48,21,113,-2,197,-139,39
-64,48,21,113,-2,196,-137,39
-64,47,21,113,-2,197,-137,37
-64,46,21,113,-2,199,-137,37
-64,47,21,113,-2,200,-137,37
-64,48,21,113,-2,201,-137,39
-63,49,21,113,-2,201,-137,40
-63,49,21,113,-2,200,-136,40
-63,49,21,113,-2,200,-137,40
-64,48,21,113,-2,201,-139,39
-65,48,21,113,-2,200,-139,39
-64,48,21,113,-2,200,-139,39
-63,48,21,113,-2,200,-137,39
-62,49,21,113,-2,201,-136,40
-62,51,21,113,-2,202,-136,41
-63,53,21,113,-2,202,-136,43
-64,54,21,113,-2,203,-137,45
-64,54,21,113,-2,204,-137,45
-64,54,21,113,-2,205,-137,45
-63,54,21,113,-2,205,-136,45
-62,55,21,113,-2,205,-136,45
-62,55,21,113,-2,205,-136,45
-62,55,21,113,-2,205,-136,46
-62,54,21,113,-2,205,-136,45
-62,55,21,113,-2,205,-136,46
-62,55,21,113,-2,205,-136,46
-62,55,21,113,-2,205,-136,45
-62,54,21,113,-2,206,-136,45
-62,55,21,113,-2,207,-136,45
-61,56,21,113,-2,207,-135,46
-62,57,21,113,-2,207,-136,47
-63,58,21,113,-1,207,-136,48
-63,58,21,113,-1,209,-136,48
-62,57,21,113,-1,210,-136,47
-62,57,21,113,-1,211,-136,47
-62,57,21,113,-1,210,-136,48
-62,59,21,113,-1,210,-136,50
-61,60,21,113,-1,210,-135,50
-61,59,21,113,-1,210,-135,50
-61,59,21,113,-1,210,-135,50
-60,58,21,113,-1,210,-134,48
-59,58,21,113,-1,210,-133,48
-59,59,21,113,-1,210,-135,50
-58,58,21,113,-1,210,-133,48
-58,57,21,113,-1,210,-133,48
-58,57,21,113,-1,210,-133,47
-58,57,21,113,-1,210,-135,47
-58,57,21,113,-1,210,-135,47
-58,57,21,112,-1,210,-131,47
-57,57,21,112,-1,210,-131,48
-58,57,22,112,-1,210,-133,48
-59,56,21,112,-1,210,-133,47
-61,54,21,112,-1,210,-135,45
-61,52,21,112,-1,210,-135,42
-61,50,22,112,-1,210,-135,41
-59,50,23,111,-1,210,-134,40
-59,50,23,110,-1,210,-130,42
-59,49,23,110,-2,210,-130,41
-60,47,23,110,-2,210,-131,37
-61,46,23,111,-1,210,-135,36
-62,45,23,110,-1,210,-134,37
-62,43,24,110,-1,210,-134,36
-63,42,23,110,-2,210,-134,32
-63,39,21,112,-3,210,-137,30
-64,37,21,113,-3,210,-137,28
-64,37,21,112,-3,210,-137,28
-64,37,23,111,-2,210,-137,28
-64,37,23,110,-1,210,-135,30
-65,37,22,109,-1,210,-136,28
-66,36,21,110,-1,210,-140,26
-67,36,20,112,-2,210,-140,25
-68,36,19,112,-2,210,-141,25
-68,36,18,111,-1,210,-141,23
-68,36,18,109,-1,210,-141,23
-67,36,18,108,-1,210,-139,24
-67,36,18,108,-1,210,-139,24
-67,36,18,110,-1,210,-140,24
-66,38,19,112,-1,210,-140,25
-65,40,19,112,-1,210,-139,28
-66,42,19,111,-1,210,-140,30
-67,43,19,109,-1,210,-141,34
-68,44,20,108,-1,210,-140,35
-68,46,21,107,-1,210,-140,36
-67,47,23,108,-1,210,-139,40
-66,49,23,108,-1,210,-137,42
-66,51,22,110,-1,210,-137,41
-66,52,22,110,-1,210,-137,42
-65,54,23,110,-1,210,-137,43
-65,55,24,110,-1,210,-136,48
-63,58,24,109,-1,210,-135,51
-61,61,24,109,-1,210,-133,53
-60,62,24,109,-1,210,-133,54
-61,63,24,109,-1,210,-133,56
-62,64,24,110,-1,210,-134,57
-63,65,24,109,-1,210,-135,58
-62,66,24,109,-1,210,-134,59
-61,66,24,110,-1,210,-134,59
-61,67,23,111,-1,210,-135,57
-61,66,24,112,-1,210,-135,59
-62,66,25,111,-1,210,-136,58
-63,65,25,111,-1,210,-135,58
-63,65,24,111,-1,210,-135,58
-63,66,23,113,-1,210,-137,56
-63,66,22,114,-1,210,-140,57
-62,66,21,114,-1,210,-139,56
-62,64,21,114,-1,210,-139,54
-62,62,22,114,-1,210,-139,52
-63,60,23,115,-1,210,-140,51
-64,59,23,115,-1,210,-141,50
-65,59,22,115,-1,210,-141,48
-64,58,21,113,-1,210,-137,48
-63,57,21,112,-1,210,-137,47
-62,55,21,113,-1,210,-136,45
-61,53,21,113,-1,210,-135,43
-61,51,21,113,-1,210,-135,41
-62,50,21,113,-1,210,-136,40
-62,49,21,113,-1,210,-136,40
-63,48,21,113,-1,210,-137,39
-64,47,21,113,-2,210,-137,37
-64,47,21,113,-2,210,-137,37
-64,47,21,113,-1,210,-137,37
-64,46,21,113,-1,210,-137,37
-64,45,21,113,-1,210,-137,35
-65,42,21,113,-2,210,-139,32
-66,41,21,113,-3,210,-140,31
-67,41,21,113,-3,210,-140,31
-67,42,21,113,-3,210,-140,31
-66,42,21,113,-2,210,-140,32
-66,42,21,113,-1,210,-140,32
-66,41,21,113,-2,210,-140,31
-66,41,21,113,-3,209,-140,31
-66,42,21,113,-3,208,-140,31
-66,42,21,113,-3,207,-140,32
-67,42,21,113,-2,206,-140,31
-68,41,21,113,-2,205,-141,31
-69,39,21,113,-2,205,-142,29
-69,38,21,113,-2,207,-144,28
-70,36,21,113,-2,209,-146,26
-69,36,21,113,-2,209,-142,26
-68,35,20,112,-1,207,-142,25
-68,35,19,111,-2,205,-142,23
-68,35,18,111,-2,205,-142,23
-68,35,18,111,-2,205,-142,23
-68,35,18,111,-2,205,-142,23
-68,35,18,110,-2,205,-142,23
-68,35,17,109,-2,205,-142,23
-68,35,17,109,-2,205,-142,23
-68,35,17,109,-2,205,-142,23
-68,35,17,109,-2,205,-142,23
-68,35,18,110,-2,205,-142,23
-68,35,18,111,-2,205,-142,23
-68,35,19,111,-2,205,-142,23
-68,35,18,111,-3,205,-142,23
-68,35,18,110,-4,205,-142,23
-68,35,17,109,-3,205,-142,23
-68,35,17,109,-2,205,-142,23
-69,35,17,109,-1,205,-142,23
-68,35,18,110,-2,205,-142,23
-67,35,18,110,-3,205,-141,23
-65,37,18,110,-5,204,-139,25
-65,39,17,109,-5,204,-139,26
-65,41,17,109,-5,204,-139,29
-66,42,17,109,-5,205,-140,30
-67,42,18,110,-6,205,-140,29
-66,41,18,111,-7,204,-140,29
-66,42,18,111,-7,204,-140,29
-67,43,18,110,-7,204,-141,30
-68,45,18,110,-7,204,-141,32
-69,46,18,111,-7,205,-142,34
-69,46,20,112,-7,205,-144,36
-68,46,21,112,-7,204,-142,36
-67,45,20,112,-7,202,-141,35
-65,46,18,111,-7,201,-139,34
-64,47,18,111,-7,200,-137,35
-64,48,19,112,-7,201,-137,36
-64,48,21,111,-7,201,-139,39
-65,48,21,108,-7,201,-136,39
-64,48,21,106,-7,201,-136,39
-64,48,19,107,-7,201,-136,39
-64,48,18,108,-7,201,-139,36
-64,48,17,110,-7,201,-139,36
-64,48,18,109,-7,201,-139,36
-64,48,20,108,-6,200,-135,39
-64,47,22,107,-5,200,-135,37
-63,46,22,106,-5,200,-133,40
-64,47,21,106,-5,200,-133,37
-64,48,21,107,-5,200,-135,39
-64,48,20,109,-6,200,-136,39
-64,48,20,111,-7,201,-139,39
-64,48,21,111,-7,201,-139,39
-64,48,23,110,-7,201,-136,39
-64,48,24,109,-7,201,-136,41
-64,48,23,109,-7,201,-136,39
-64,48,20,110,-7,201,-139,39
-64,48,19,111,-7,201,-139,36
-64,48,18,111,-7,201,-139,36
-64,48,19,111,-7,201,-139,36
-64,48,19,112,-6,200,-139,39
-64,48,20,112,-5,200,-139,39
-64,48,21,113,-6,200,-139,39
-64,48,21,113,-7,201,-141,39
-64,48,21,113,-7,201,-139,39
-64,48,21,113,-7,201,-139,39
-64,48,21,113,-7,201,-139,39
-64,48,21,113,-7,201,-139,39
-65,48,21,113,-7,201,-139,39
-64,48,21,113,-6,200,-139,39
-64,48,21,113,-5,200,-137,39
-64,48,21,113,-6,200,-139,39
-65,49,21,113,-7,201,-139,40
-66,51,21,113,-7,201,-140,41
-66,52,21,113,-7,201,-140,42
-65,53,21,113,-7,201,-142,43
-63,54,21,113,-7,201,-140,45
-62,55,21,113,-7,201,-136,46
-62,56,21,113,-7,201,-136,46
-63,57,21,113,-7,201,-137,47
-64,57,20,113,-7,201,-140,47
-64,58,20,114,-7,201,-140,46
-63,60,19,114,-7,201,-140,47
-62,62,20,114,-7,201,-139,51
-62,65,20,113,-7,201,-139,54
-62,66,21,113,-7,201,-136,56
-63,66,21,113,-7,201,-137,57
-63,66,21,113,-7,201,-137,56
-62,66,21,113,-7,201,-139,56
-61,66,21,113,-7,201,-137,57
-60,67,21,113,-7,201,-134,57
-60,68,21,113,-7,201,-134,58
-60,68,21,113,-7,201,-135,59
-60,69,21,113,-7,201,-135,59
-59,69,21,113,-7,201,-134,59
-58,68,21,113,-7,201,-135,58
-58,68,22,114,-7,201,-135,58
-59,67,22,114,-7,201,-136,58
-60,68,22,114,-7,201,-136,58
-59,67,21,113,-7,201,-136,58
-59,66,21,113,-7,201,-134,56
-59,63,21,113,-7,201,-134,53
-60,62,21,113,-7,201,-134,52
-60,61,21,113,-7,201,-134,52
-60,60,21,113,-7,201,-134,51
-60,58,21,113,-7,201,-134,48
-61,54,21,113,-7,201,-135,45
-61,51,21,113,-7,201,-135,42
-60,50,21,113,-7,201,-134,41
-60,50,21,112,-7,201,-134,41
-59,49,20,112,-7,201,-134,40
-60,47,20,112,-7,201,-134,37
-61,45,20,112,-7,201,-135,35
-61,42,20,112,-7,201,-135,32
-60,40,20,112,-7,201,-134,31
-60,40,19,111,-7,201,-134,28
-61,39,18,111,-7,201,-135,28
-62,38,18,111,-7,201,-136,25
-65,35,18,111,-7,201,-139,23
-66,33,17,110,-7,201,-140,20
-67,32,17,109,-7,201,-141,19
-67,32,18,108,-7,201,-139,23
-67,32,19,107,-7,201,-139,23
-66,31,20,107,-7,201,-137,21
-66,31,19,108,-7,201,-137,21
-66,31,17,109,-7,201,-140,19
-66,30,17,110,-7,201,-140,18
-66,31,17,110,-7,201,-140,19
-66,31,18,109,-7,201,-140,19
-66,30,18,108,-7,201,-137,20
-66,31,19,107,-7,201,-137,21
-66,31,19,107,-7,201,-137,21
-66,31,18,108,-7,201,-137,19
-66,31,18,109,-7,201,-140,18
-66,30,18,109,-7,201,-140,18
-66,30,18,108,-7,201,-137,18
-65,32,18,108,-7,201,-136,19
-65,33,18,109,-7,200,-139,21
-65,35,17,110,-7,199,-139,23
-66,36,17,110,-7,199,-140,24
-66,37,17,109,-7,199,-140,24
-65,37,17,109,-7,200,-139,25
-64,37,17,109,-7,201,-137,25
-64,37,18,110,-7,201,-137,25
-64,37,18,111,-7,201,-137,25
-65,39,18,111,-7,201,-139,26
-65,40,18,111,-7,201,-139,28
-66,40,18,111,-7,201,-140,28
-65,40,18,111,-7,201,-139,28
-66,41,19,111,-7,201,-140,29
-66,41,19,111,-7,201,-140,29
-66,42,20,112,-7,201,-140,32
-65,40,20,112,-7,201,-139,31
-65,39,19,112,-7,201,-139,29
-64,37,19,111,-7,201,-137,25
-65,36,18,111,-7,201,-139,24
-65,36,18,111,-7,200,-139,24
-65,37,18,111,-7,199,-139,25
-65,37,18,110,-7,199,-139,25
-65,37,17,109,-7,199,-139,25
-66,36,17,109,-7,200,-140,24
-67,35,18,110,-7,201,-141,23
-68,35,18,110,-8,201,-142,23
-68,35,19,111,-9,201,-142,23
-68,35,20,112,-10,200,-142,25
-68,35,20,112,-11,200,-142,25
-68,35,19,112,-10,199,-142,25
-68,35,19,111,-9,198,-142,23
-69,35,18,111,-7,196,-142,23
-68,35,18,111,-7,196,-142,23
-68,34,18,110,-6,198,-141,21
-67,32,18,110,-7,199,-140,19
-67,31,17,109,-9,199,-140,18
-67,30,17,110,-10,198,-140,18
-68,30,17,109,-10,196,-141,18
-68,30,18,110,-9,195,-141,18
-68,30,18,110,-8,196,-141,18
-68,30,17,110,-8,196,-141,18
-67,30,17,110,-9,196,-141,18
-66,30,17,109,-9,196,-140,18
-66,31,18,109,-10,196,-140,19
-66,31,19,108,-10,196,-137,21
-66,31,19,108,-10,196,-137,21
-66,30,19,108,-10,196,-137,20
-66,30,18,109,-10,196,-140,18
-66,31,18,110,-10,196,-140,19
-66,31,17,110,-9,196,-140,19
-66,31,17,110,-9,196,-140,19
-66,31,17,109,-9,196,-140,19
-66,31,17,109,-11,196,-140,19
-66,31,18,110,-12,196,-140,19
-66,31,18,111,-11,196,-140,19
-66,31,19,111,-10,196,-140,19
-66,31,18,111,-10,196,-140,19
-66,30,18,110,-10,196,-140,18
-66,31,17,109,-10,196,-140,18
-66,31,17,109,-10,196,-140,18
-66,31,17,109,-10,196,-140,19
-65,30,17,110,-11,196,-139,18
-65,29,17,110,-12,196,-139,17
-66,28,17,109,-12,196,-139,15
-67,26,17,109,-12,196,-141,13
-68,24,17,109,-12,196,-141,12
-68,24,17,110,-12,196,-141,12
-68,24,16,111,-12,196,-141,12
-68,24,16,111,-12,196,-141,12
-69,22,16,111,-12,196,-142,10
-70,21,17,110,-12,196,-144,8
-71,19,17,109,-12,196,-145,7
-71,18,17,109,-12,196,-145,6
-70,18,17,109,-12,196,-144,6
-70,18,17,110,-12,196,-144,6
-70,18,17,110,-12,196,-144,6
-70,18,17,109,-12,196,-144,6
-70,18,16,108,-12,196,-144,6
-70,18,16,108,-12,196,-144,6
-70,18,16,108,-12,195,-144,6
-70,18,17,109,-12,194,-144,6
-70,18,18,110,-12,195,-144,6
-70,17,18,110,-12,196,-144,4
-71,16,18,110,-12,197,-145,4
-72,17,16,108,-12,196,-145,4
-72,18,14,107,-12,195,-146,6
-72,20,13,106,-12,194,-142,8
-72,21,15,107,-12,195,-142,9
-72,22,17,108,-12,195,-144,10
-74,23,19,108,-12,195,-145,13
-74,25,18,108,-12,193,-145,14
-73,26,17,108,-12,192,-146,14
-72,28,15,109,-12,192,-146,15
-71,29,16,109,-12,193,-145,17
-72,31,17,109,-12,193,-146,19
-72,33,18,109,-12,192,-146,20
-72,35,19,108,-12,192,-144,25
-70,36,19,108,-12,192,-141,26
-69,38,19,108,-12,193,-141,28
-70,39,18,109,-12,193,-144,26
-71,39,18,109,-12,192,-145,26
-71,39,18,109,-12,191,-145,28
-69,40,18,108,-12,191,-141,30
-68,41,19,108,-12,191,-139,31
-66,41,20,106,-12,191,-137,31
-66,42,20,106,-12,191,-137,32
-66,42,19,107,-12,192,-137,32
-67,43,19,110,-12,193,-141,32
-68,43,20,112,-12,193,-142,32
-69,42,21,113,-12,193,-142,32
-69,40,22,112,-12,192,-142,30
-70,40,21,110,-12,191,-144,30
-71,39,20,109,-12,191,-145,30
-71,39,20,110,-12,191,-145,29
-70,38,20,111,-12,191,-144,29
-69,37,19,112,-12,191,-142,26
-68,35,18,112,-12,191,-142,23
-69,34,18,111,-12,191,-144,21
-71,32,19,109,-12,191,-145,23
-71,30,20,109,-12,191,-142,20
-71,28,18,109,-12,191,-145,18
-69,27,17,110,-12,191,-142,14
-68,25,17,110,-12,191,-142,13
-68,24,18,109,-12,191,-141,12
-68,24,20,107,-12,191,-139,14
-68,24,21,106,-12,191,-136,14
-68,24,21,106,-12,192,-136,14
-68,24,20,107,-12,191,-139,14
-69,23,19,108,-12,190,-140,13
-70,23,18,108,-12,188,-141,10
-71,23,18,109,-13,186,-144,10
-70,23,18,109,-13,186,-144,10
-69,23,18,108,-13,186,-140,13
-68,24,19,107,-13,187,-139,14
-67,24,20,107,-13,186,-139,14
-68,25,19,108,-13,186,-140,15
-71,27,18,110,-13,187,-144,14
-72,29,17,112,-14,188,-148,17
-72,30,17,113,-14,188,-147,18
-69,31,17,112,-14,187,-146,19
-67,32,17,110,-13,185,-141,20
-67,34,18,109,-13,185,-141,21
-68,35,18,110,-13,184,-141,23
-68,35,18,111,-13,183,-142,23
-69,35,18,111,-13,182,-142,23
-69,36,18,111,-13,181,-142,24
-69,36,19,111,-13,181,-144,26
-69,38,20,110,-13,182,-144,28
-69,39,20,110,-13,182,-142,29
-68,41,20,111,-13,181,-141,31
-67,42,20,112,-13,181,-140,31
-66,42,20,113,-13,181,-142,31
-66,41,20,112,-13,181,-140,31
-67,42,20,112,-13,181,-140,31
-67,43,19,112,-13,181,-141,34
-68,44,19,112,-13,181,-142,34
-68,45,20,112,-13,181,-142,35
-68,45,20,112,-13,182,-142,35
-68,44,19,112,-13,182,-141,35
-68,44,18,111,-13,181,-141,32
-68,45,17,110,-13,180,-141,32
-68,45,17,110,-13,180,-141,32
-68,44,18,110,-13,180,-141,32
-67,43,19,110,-13,180,-141,34
-66,42,20,109,-13,180,-137,32
-66,41,21,109,-13,179,-137,31
-66,41,21,110,-13,179,-140,31
-65,40,20,111,-13,179,-139,31
-65,40,19,111,-13,178,-139,30
-65,39,18,109,-13,177,-139,28
-66,39,18,108,-13,178,-137,30
-66,39,18,108,-13,178,-140,26
-66,38,18,109,-13,178,-140,25
-65,37,18,110,-13,177,-139,25
-64,37,18,111,-13,177,-137,25
-64,37,18,111,-13,176,-137,25
-64,38,18,111,-13,177,-137,25
-65,39,18,110,-13,177,-139,26
-65,39,18,110,-13,177,-139,26
-65,39,18,111,-13,177,-139,26
-65,39,20,111,-13,177,-139,29
-65,40,21,111,-13,177,-139,30
-65,42,22,112,-13,177,-139,32
-63,43,22,112,-13,177,-137,34
-62,44,21,113,-13,177,-136,35
-62,45,20,113,-13,177,-139,36
-64,46,21,113,-13,177,-137,37
-64,48,21,112,-13,176,-139,39
-64,50,22,111,-13,177,-137,41
-63,53,22,111,-13,177,-137,43
-62,55,22,111,-13,178,-136,45
-63,57,22,111,-13,178,-136,47
-62,58,23,111,-13,178,-134,51
-62,60,24,110,-13,177,-134,53
-61,63,24,109,-13,178,-133,56
-61,65,24,109,-13,178,-133,58
-60,68,24,110,-13,178,-131,62
-59,72,25,111,-14,177,-131,64
-58,75,26,112,-14,177,-130,68
-58,78,27,112,-13,178,-130,70
-57,79,27,112,-13,180,-129,73
-56,80,27,112,-13,180,-128,73
-55,82,27,112,-14,181,-129,75
-54,85,28,113,-14,182,-129,78
-54,88,28,113,-15,182,-129,81
-54,91,28,112,-14,181,-129,84
-55,92,28,112,-14,181,-129,85
-54,92,28,112,-13,181,-129,85
-53,93,28,112,-13,181,-128,85
-52,93,28,112,-13,181,-126,86
-50,94,28,112,-13,181,-125,87
-50,95,28,112,-13,181,-125,87
-50,95,28,112,-13,181,-125,87
-50,94,28,112,-13,181,-125,87
-50,93,28,112,-13,181,-124,86
-48,91,28,112,-13,181,-123,84
-48,90,27,113,-13,181,-123,84
-48,90,27,113,-13,181,-123,84
-49,90,28,112,-13,181,-123,83
-50,87,28,112,-13,182,-125,80
-52,84,28,112,-13,182,-126,78
-53,81,27,113,-13,181,-128,74
-53,78,27,114,-13,181,-128,70
-53,75,26,114,-13,181,-126,68
-53,72,27,114,-13,183,-128,65
-54,68,27,115,-13,185,-129,62
-56,65,25,115,-13,186,-130,58
-58,61,23,115,-13,186,-135,51
-60,57,21,114,-13,184,-136,47
-62,54,21,113,-13,183,-139,43
-64,50,21,112,-13,184,-137,40
-65,46,21,113,-13,185,-139,37
-66,43,21,113,-13,187,-140,34
-67,40,21,113,-13,187,-142,30
-67,36,21,113,-13,185,-141,26
-68,31,20,112,-13,183,-141,21
-68,27,18,111,-13,182,-142,15
-70,24,17,110,-13,183,-144,12
-71,23,17,109,-13,183,-145,10
-72,21,18,109,-13,183,-145,9
-72,21,18,109,-13,182,-145,8
-73,20,19,109,-13,181,-146,9
-74,18,18,108,-13,181,-145,6
-75,16,17,108,-13,181,-146,4
-75,15,16,107,-13,182,-146,2
-75,15,16,106,-13,181,-146,3
-75,17,16,107,-13,181,-146,4
-76,18,17,108,-13,181,-150,6
-77,20,17,108,-13,181,-147,7
-77,20,18,106,-13,181,-148,10
-76,19,18,104,-13,181,-145,9
-75,20,18,103,-13,181,-144,9
-74,21,17,103,-13,181,-142,12
-73,23,17,103,-13,181,-141,13
-72,25,17,103,-13,181,-141,15
-71,28,17,103,-13,181,-140,18
-70,31,17,103,-13,181,-139,21
-68,33,18,104,-13,181,-137,24
-68,35,20,105,-13,181,-137,25
-68,36,21,106,-13,181,-137,26
-68,37,21,106,-13,181,-139,28
-67,39,21,106,-13,181,-135,30
-65,42,21,106,-13,181,-134,32
-64,45,21,106,-13,181,-133,36
-64,47,20,106,-13,181,-135,37
-64,48,21,106,-13,181,-135,39
-63,49,21,107,-13,181,-135,40
-62,51,23,108,-13,181,-134,43
-61,54,24,109,-13,181,-133,47
-60,58,24,110,-13,181,-131,51
-59,60,23,111,-13,181,-134,51
-60,61,22,112,-13,181,-134,52
-61,61,22,112,-13,181,-135,52
-61,62,23,111,-13,181,-135,53
-60,64,23,111,-13,181,-134,54
-58,66,22,111,-13,181,-133,56
-58,67,22,112,-13,181,-133,57
-58,68,22,113,-13,181,-133,58
-58,68,23,113,-13,181,-133,58
-58,68,24,112,-13,181,-133,58
-58,68,24,112,-13,181,-133,61
-58,68,24,112,-13,181,-133,61
-58,68,24,114,-13,182,-133,58
-58,68,24,116,-13,181,-135,58
-58,68,25,116,-13,181,-135,58
-58,68,26,114,-13,181,-133,61
-58,68,27,111,-13,182,-130,61
-58,68,26,110,-13,183,-130,61
-57,67,25,111,-13,184,-129,61
-57,66,25,113,-13,183,-131,59
-58,65,25,115,-13,182,-135,58
-58,64,26,116,-13,181,-135,57
-58,62,27,114,-13,181,-133,56
-59,61,26,112,-13,181,-130,53
-59,59,25,110,-13,182,-130,52
-58,57,24,109,-13,181,-129,50
-57,56,24,109,-13,181,-129,48
-57,54,24,109,-13,181,-129,47
-59,51,24,110,-13,181,-130,43
-60,48,24,109,-13,181,-131,41
-62,46,24,109,-13,181,-134,39
-62,44,24,109,-13,181,-134,37
-62,43,24,109,-13,181,-134,36
-63,42,24,109,-13,181,-134,35
-63,40,25,110,-13,181,-135,32
-64,37,24,109,-13,181,-135,30
-65,35,23,108,-13,181,-136,28
-65,32,21,107,-13,182,-136,23
-66,31,21,106,-14,182,-135,21
-66,30,20,106,-14,181,-135,20
-66,30,20,106,-15,180,-135,20
-66,31,21,106,-14,178,-135,21
-66,31,21,106,-14,177,-137,21
-66,31,21,107,-13,176,-137,21
-66,31,22,107,-13,177,-137,21
-66,31,21,107,-13,177,-137,21
-66,31,21,106,-14,177,-137,21
-66,30,21,106,-14,177,-135,20
-66,31,21,106,-13,177,-135,21
-67,32,21,106,-13,177,-136,23
-67,34,21,106,-13,177,-136,24
-67,36,21,106,-13,177,-135,26
-65,37,20,106,-13,177,-134,28
-65,39,21,106,-13,177,-134,29
-65,40,22,107,-13,175,-136,30
-66,42,23,108,-13,173,-137,35
-66,44,23,108,-14,172,-137,37
-65,46,22,107,-14,171,-136,36
-65,48,22,108,-14,172,-136,39
-64,49,22,108,-14,172,-136,40
-63,50,22,108,-14,172,-135,41
-63,52,22,107,-14,172,-134,42
-62,54,22,107,-14,172,-134,45
-63,57,22,108,-14,172,-134,47
-64,58,23,110,-14,172,-135,48
-65,59,23,111,-14,172,-139,50
-65,59,23,111,-14,172,-139,50
-63,60,23,111,-15,172,-137,51
-61,61,23,111,-16,172,-136,51
-60,61,23,110,-15,170,-133,54
-60,61,24,110,-14,168,-131,54
-60,61,24,109,-14,167,-131,54
-60,61,24,109,-14,166,-133,54
-60,61,24,109,-14,167,-133,54
-60,61,24,109,-14,167,-131,54
-60,61,24,109,-14,167,-131,54
-61,61,24,109,-14,167,-133,54
-62,61,24,109,-14,167,-134,54
-63,60,24,109,-14,167,-135,52
-64,58,24,109,-14,167,-136,51
-63,56,24,109,-14,167,-135,48
-62,55,24,109,-14,167,-134,47
-62,54,24,109,-14,167,-134,47
-62,55,24,109,-14,166,-134,47
-62,55,24,109,-14,166,-134,48
-62,55,24,109,-14,165,-134,47
-62,55,24,109,-14,166,-134,48
-62,54,24,109,-14,166,-134,47
-62,55,24,109,-14,166,-134,47
-62,55,24,109,-14,165,-134,47
-62,55,24,109,-14,164,-134,47
-62,54,24,109,-14,163,-134,47
-63,54,24,109,-14,162,-134,47
-62,55,24,109,-14,162,-134,47
-61,55,24,109,-14,162,-133,48
-59,57,24,109,-14,162,-131,50
-58,57,23,110,-14,162,-130,50
-57,57,23,111,-14,163,-131,48
-58,57,22,112,-14,164,-131,47
-57,57,21,112,-14,164,-131,47
-58,57,21,113,-14,162,-133,47
-59,58,20,113,-16,162,-135,48
-59,60,21,113,-16,161,-134,51
-59,62,22,112,-16,162,-134,52
-57,63,22,111,-14,164,-131,53
-56,64,23,111,-14,165,-130,54
-55,64,22,111,-14,165,-130,54
-57,65,22,112,-14,164,-131,56
-57,67,22,114,-14,163,-134,57
-58,68,22,115,-14,163,-135,58
-59,68,22,114,-14,163,-135,59
-59,68,21,113,-14,164,-135,58
-58,68,21,113,-14,164,-133,58
-57,68,21,113,-15,165,-131,59
-55,69,21,113,-16,165,-131,59
-54,70,21,113,-15,165,-128,61
-54,70,21,113,-14,164,-128,61
-54,70,21,113,-14,163,-130,61
-54,70,22,114,-14,164,-130,61
-54,70,22,114,-14,165,-130,61
-54,70,22,114,-14,167,-130,61
-54,70,22,114,-14,167,-130,61
-54,70,23,115,-14,167,-130,61
-54,71,24,116,-14,167,-130,61
-54,71,24,117,-14,167,-130,61
-54,70,23,115,-14,167,-130,61
-54,70,23,113,-14,167,-128,61
-54,71,24,112,-14,167,-128,63
-54,72,26,112,-14,167,-129,64
-55,73,27,113,-15,167,-130,67
-56,75,27,114,-15,167,-130,68
-56,75,27,114,-16,167,-130,68
-56,75,27,113,-16,167,-130,68
-56,75,27,113,-17,167,-130,68
-56,75,25,115,-17,167,-133,68
-56,75,24,117,-16,167,-133,65
-56,74,24,116,-16,167,-133,64
-57,75,25,115,-15,167,-131,68
-56,75,27,114,-15,167,-130,68
-55,75,27,114,-14,167,-129,68
-53,76,25,115,-14,167,-128,69
-52,77,24,116,-14,167,-129,67
-52,77,24,117,-14,167,-129,68
-52,78,24,117,-14,168,-129,68
-53,79,25,116,-14,169,-130,69
-54,79,25,115,-15,170,-128,73
-54,80,25,115,-16,171,-129,73
-54,81,25,115,-16,171,-131,74
-54,81,25,116,-16,172,-131,72
-54,81,25,115,-16,172,-131,74
-54,81,25,115,-16,172,-129,74
-54,81,25,115,-16,172,-131,74
-54,81,25,116,-16,172,-131,72
-54,81,24,116,-15,172,-131,72
-54,81,24,116,-14,172,-131,72
-54,81,24,116,-15,172,-131,72
-54,81,24,116,-16,172,-131,72
-54,81,24,116,-15,172,-131,72
-54,81,24,116,-14,172,-131,72
-54,81,24,116,-13,172,-131,72
-54,81,24,116,-14,172,-131,72
-54,81,24,116,-16,172,-131,72
-54,81,24,116,-17,172,-131,72
-54,81,24,116,-17,172,-131,72
-54,81,24,116,-16,172,-131,72
-54,80,24,116,-14,172,-130,70
-53,79,24,116,-13,172,-130,70
-53,79,24,116,-13,172,-130,69
-53,78,24,116,-14,172,-129,68
-52,77,24,116,-14,172,-129,68
-52,77,24,116,-15,173,-129,67
-52,77,24,116,-15,174,-129,67
-51,77,24,116,-14,173,-128,68
-52,77,24,116,-14,172,-129,67
-53,76,25,116,-15,172,-130,67
-55,75,24,116,-17,172,-131,65
-56,75,23,115,-17,172,-133,65
-57,74,23,115,-16,172,-134,64
-56,73,23,116,-14,172,-133,64
-54,72,24,116,-13,173,-131,62
-54,71,24,114,-14,173,-128,61
-54,70,25,112,-15,173,-128,63
-54,70,25,110,-16,172,-125,63
-54,71,25,110,-16,173,-125,63
-54,71,26,111,-16,175,-125,63
-54,70,27,112,-16,177,-128,63
-54,70,28,113,-15,177,-128,63
-54,71,27,112,-15,177,-128,63
-54,71,27,112,-15,177,-125,63
-54,70,27,112,-15,177,-125,63
-54,69,27,112,-16,177,-125,62
-53,68,27,112,-18,177,-125,62
-53,69,27,112,-18,177,-125,62
-54,70,27,112,-18,177,-125,63
-54,71,27,112,-17,177,-126,63
-54,71,28,112,-14,177,-129,63
-54,70,28,112,-13,177,-128,63
-53,71,27,112,-13,177,-124,63
-51,72,26,111,-15,177,-123,64
-50,74,27,112,-15,177,-123,67
-51,76,27,112,-15,177,-125,69
-52,77,28,113,-14,177,-126,69
-52,77,28,113,-13,177,-126,70
-52,77,28,112,-13,177,-126,70
-52,77,28,112,-13,177,-124,69
-52,76,27,113,-14,177,-126,69
-52,77,26,114,-14,177,-126,69
-50,78,25,115,-13,177,-125,70
-49,78,25,115,-13,177,-126,72
-49,79,25,115,-13,177,-123,72
-49,78,25,115,-13,177,-126,72
-49,79,25,116,-13,177,-125,69
-48,79,24,116,-13,177,-125,69
-47,79,24,116,-13,177,-124,69
-47,79,24,116,-13,177,-124,69
-47,79,24,116,-13,177,-124,69
-47,79,23,115,-14,177,-124,69
-48,79,23,115,-14,177,-125,69
-49,78,23,115,-14,177,-126,69
-50,77,24,116,-13,177,-128,68
-52,77,25,116,-13,177,-129,68
-52,77,25,116,-14,177,-129,68
-52,77,25,116,-14,177,-129,67
-52,75,24,116,-15,177,-129,65
-53,72,23,115,-17,177,-130,63
-54,70,22,114,-17,177,-131,61
-55,69,21,113,-17,177,-130,59
-57,68,21,112,-15,177,-131,59
-57,67,21,113,-14,177,-131,57
-58,64,21,113,-13,177,-133,54
-59,62,21,113,-13,177,-134,52
-59,60,21,113,-13,177,-134,51
-59,58,21,113,-14,176,-133,48
-59,55,21,113,-15,175,-135,46
-59,52,21,113,-15,174,-133,42
-60,49,20,112,-15,174,-134,39
-62,46,19,111,-14,174,-136,34
-63,43,18,111,-13,174,-137,31
-65,41,18,111,-14,173,-139,29
-66,38,18,110,-17,173,-140,26
-66,35,18,110,-18,173,-140,23
-67,32,18,110,-19,174,-141,20
-68,30,17,109,-18,173,-141,18
-68,27,17,109,-18,173,-141,15
-68,26,16,108,-19,172,-142,13
-68,25,16,109,-19,172,-141,12
-68,24,17,109,-18,172,-141,12
-68,22,17,109,-17,172,-142,9
-69,20,17,109,-16,172,-142,7
-70,18,15,108,-16,172,-144,6
-70,17,13,106,-17,172,-141,4
-70,17,13,105,-18,172,-141,4
-69,17,15,105,-18,172,-140,4
-69,16,16,106,-18,172,-140,3
-69,16,16,107,-17,172,-140,3
-69,16,15,107,-17,172,-140,3
-69,16,15,106,-18,172,-140,3
-69,16,16,105,-19,172,-140,4
-70,17,18,105,-19,172,-139,8
-70,18,17,105,-19,172,-141,6
-71,18,16,105,-18,173,-142,6
-71,19,15,104,-17,172,-142,7
-70,20,16,104,-15,170,-139,8
-69,22,17,103,-15,168,-137,13
-68,25,17,103,-17,167,-137,15
-70,27,18,104,-19,167,-139,18
-70,28,19,105,-19,167,-139,19
-70,28,21,106,-19,167,-139,19
-69,29,21,106,-19,167,-140,19
-68,31,20,107,-19,167,-139,21
-68,34,20,107,-19,167,-139,24
-68,35,19,107,-19,167,-139,25
-68,35,19,107,-19,167,-140,25
-69,35,19,108,-19,167,-140,25
-69,36,18,108,-19,167,-141,24
-70,37,18,108,-19,167,-141,25
-69,39,19,108,-19,167,-140,29
-67,39,20,106,-19,167,-137,30
-65,41,21,105,-19,167,-134,31
-65,41,21,106,-19,167,-134,31
-68,41,20,106,-19,167,-139,31
-70,40,19,107,-19,167,-141,30
-71,39,19,107,-19,167,-142,30
-71,39,19,108,-19,167,-142,29
-70,38,19,108,-19,167,-141,28
-69,37,19,107,-19,167,-140,28
-69,36,20,107,-19,167,-140,26
-70,36,20,106,-19,167,-141,25
-72,34,19,107,-19,167,-144,24
-73,33,18,109,-19,167,-146,21
-73,32,17,110,-19,167,-147,20
-73,32,18,109,-19,167,-146,20
-72,32,20,107,-19,167,-144,21
-71,30,21,106,-19,167,-140,20
-70,28,20,107,-19,167,-141,19
-70,28,18,108,-19,167,-141,15
-70,28,18,109,-19,167,-144,15
-70,29,18,109,-19,167,-144,17
-70,29,18,108,-19,167,-141,17
-70,28,18,108,-19,167,-141,15
-69,27,18,108,-19,167,-140,14
-69,25,19,108,-19,167,-140,15
-69,26,19,108,-19,167,-140,15
-69,27,19,108,-19,167,-141,17
-70,27,18,109,-19,167,-144,15
-69,27,18,110,-19,167,-142,14
-69,26,17,109,-19,167,-142,13
-69,26,16,109,-19,167,-142,14
-68,28,16,108,-19,167,-142,15
-67,30,16,108,-19,167,-141,18
-66,31,17,109,-19,167,-140,19
-66,31,17,110,-19,167,-140,19
-66,30,18,110,-19,167,-140,18
-66,30,18,110,-19,167,-140,18
-67,32,17,109,-19,167,-141,19
-68,34,17,109,-19,167,-141,21
-67,36,18,110,-19,167,-140,23
-65,37,18,111,-19,167,-139,25
-65,37,20,112,-19,167,-139,28
-64,39,20,113,-19,167,-137,29
-64,41,20,112,-19,167,-137,31
-64,43,20,112,-19,167,-137,34
-63,45,20,112,-19,167,-137,36
-63,47,20,113,-19,167,-137,37
-63,49,21,113,-19,167,-140,39
-62,51,21,113,-19,167,-136,41
-62,54,21,112,-19,167,-136,45
-61,57,22,112,-19,167,-135,47
-61,60,23,111,-19,167,-135,50
-60,61,23,110,-19,167,-133,53
-61,61,24,109,-19,167,-133,54
-61,63,23,110,-19,167,-133,56
-61,65,22,112,-19,167,-135,56
-60,67,21,113,-19,167,-136,57
-59,68,20,114,-19,167,-135,58
-58,68,21,112,-19,167,-133,58
-57,68,22,112,-19,167,-131,59
-55,69,25,112,-19,167,-130,62
-55,72,26,113,-19,167,-129,64
-55,74,25,114,-19,167,-129,67
-56,75,22,114,-19,167,-133,65
-57,75,20,113,-19,167,-134,65
-56,75,20,113,-19,167,-130,65
-55,75,21,114,-19,167,-131,65
-54,75,23,115,-19,167,-131,65
-53,76,24,117,-19,167,-130,67
-53,76,25,116,-19,167,-129,67
-52,76,25,115,-19,167,-129,69
-53,76,26,114,-19,167,-128,69
-54,76,27,113,-19,167,-128,69
-54,75,27,114,-19,167,-129,68
-54,75,25,115,-19,167,-129,68
-54,75,25,116,-19,167,-131,65
-55,75,24,116,-19,167,-133,65
-56,75,24,116,-19,167,-133,65
-56,74,24,114,-19,167,-130,64
-55,73,25,114,-19,167,-130,67
-54,72,25,114,-19,167,-129,64
-55,69,24,115,-19,167,-131,59
-57,68,23,116,-19,167,-134,58
-58,68,23,116,-19,167,-135,58
-59,68,24,115,-19,167,-135,59
-58,68,24,114,-19,167,-133,58
-58,67,24,112,-19,167,-133,59
-58,65,23,111,-19,167,-133,54
-59,62,22,111,-19,167,-134,52
-59,60,22,112,-19,167,-134,51
-59,58,23,111,-19,167,-133,48
-59,57,23,111,-19,167,-134,47
-60,54,22,112,-19,167,-134,45
-61,51,21,112,-19,167,-135,41
-63,49,21,112,-19,167,-137,40
-64,48,22,112,-19,167,-139,39
-65,46,22,112,-19,167,-139,36
-65,43,22,112,-19,167,-140,34
-65,40,22,112,-19,167,-139,31
-66,37,21,112,-19,167,-140,28
-67,36,21,111,-19,167,-141,26
-68,35,20,108,-19,167,-139,25
-68,34,21,106,-19,167,-139,24
-68,32,21,105,-19,167,-137,21
-69,29,21,106,-19,167,-137,20
-69,27,20,106,-19,167,-141,17
-69,25,21,106,-19,167,-140,15
-68,24,21,107,-19,167,-139,14
-68,24,21,106,-19,167,-136,14
-68,24,20,105,-19,167,-136,14
-68,24,18,104,-19,166,-136,14
-68,24,17,103,-19,166,-136,14
-68,24,17,102,-19,165,-136,14
-68,24,17,103,-19,165,-136,14
-68,24,17,103,-19,166,-136,14
-68,24,17,103,-19,166,-136,14
-68,24,17,103,-19,167,-136,14
-68,24,17,103,-19,167,-136,14
-69,25,17,103,-18,168,-137,15
-70,27,18,103,-18,168,-139,18
-69,29,18,104,-19,167,-137,19
-67,30,18,104,-19,166,-136,20
-66,31,18,104,-19,164,-135,21
-67,32,17,103,-19,163,-135,23
-67,34,18,102,-19,164,-136,24
-67,35,19,102,-19,165,-136,25
-66,37,21,104,-19,165,-135,28
-65,39,21,106,-19,165,-134,29
-64,41,21,107,-20,164,-135,31
-63,43,21,106,-21,163,-134,34
-62,44,20,106,-21,162,-134,35
-62,45,21,106,-20,162,-131,36
-64,46,21,106,-19,162,-133,37
-64,48,21,106,-19,162,-134,39
-64,50,21,106,-19,162,-133,41
-63,53,20,107,-20,162,-135,43
-63,54,20,108,-21,162,-134,45
-62,55,21,109,-22,162,-134,45
-61,56,22,109,-23,162,-133,46
-60,57,23,109,-24,162,-131,50
-60,59,24,109,-23,162,-131,52
-60,61,24,109,-21,162,-131,54
-60,64,24,109,-20,162,-131,57
-59,66,24,110,-21,162,-131,59
-58,68,24,109,-21,162,-130,61
-58,68,24,109,-21,162,-130,62
-58,68,24,109,-21,162,-130,61
-58,68,24,109,-21,162,-130,61
-58,68,25,110,-21,162,-130,61
-58,68,26,111,-22,162,-130,61
-57,68,27,112,-22,162,-129,62
-55,69,27,112,-21,162,-128,62
-54,70,27,112,-21,162,-126,63
-54,71,27,112,-21,162,-125,63
-54,70,26,111,-20,161,-125,63
-54,69,27,112,-19,160,-125,62
-54,68,28,112,-19,161,-129,61
-55,68,28,112,-21,162,-129,61
-56,67,27,112,-22,163,-128,61
-56,66,26,111,-22,163,-128,59
-56,64,25,110,-21,162,-128,57
-55,63,25,110,-19,160,-128,56
-55,63,25,110,-21,159,-126,56
-55,62,25,110,-22,159,-126,54
-56,61,24,109,-23,159,-128,53
-57,59,24,109,-21,159,-129,52
-58,57,24,109,-19,158,-130,51
-58,57,24,109,-19,157,-129,50
-58,57,24,109,-21,157,-130,50
-58,55,24,109,-21,157,-130,48
-59,53,24,109,-21,158,-131,46
-60,51,25,110,-20,158,-131,43
-60,50,24,109,-19,157,-131,42
-60,50,23,108,-19,157,-131,43
-61,50,21,107,-19,157,-133,40
-62,50,21,106,-20,157,-131,40
-63,49,20,106,-20,157,-133,40
-63,49,21,106,-19,157,-133,39
-62,47,21,106,-19,157,-131,37
-61,46,21,106,-19,158,-130,36
-61,45,21,106,-19,158,-130,35
-62,45,21,106,-19,157,-131,35
-63,45,21,106,-19,156,-133,36
-63,46,21,106,-19,154,-133,36
-63,45,21,106,-20,152,-133,36
-62,45,21,106,-20,152,-131,36
-62,45,21,106,-20,152,-131,36
-63,46,21,106,-19,153,-131,36
-63,46,21,106,-19,153,-133,37
-64,47,21,106,-20,152,-133,37
-64,46,21,106,-20,152,-133,37
-63,46,21,106,-20,152,-131,36
-61,46,21,106,-19,153,-130,36
-60,45,21,106,-19,153,-129,35
-61,44,21,106,-20,152,-130,35
-61,44,21,106,-20,151,-130,35
-62,44,21,106,-20,150,-131,35
-62,44,21,106,-20,149,-131,35
-62,44,21,106,-20,149,-131,35
-62,44,21,106,-20,149,-131,34
-62,44,21,106,-20,149,-131,34
-62,44,21,106,-20,149,-131,34
-62,44,21,106,-20,148,-131,34
-62,44,21,106,-20,148,-131,34
-62,44,21,106,-20,148,-131,35
-62,44,21,106,-20,148,-131,34
-62,44,21,106,-20,148,-131,34
-62,43,21,106,-20,147,-131,34
-63,43,21,106,-20,148,-133,34
-64,43,21,106,-20,150,-133,34
-63,43,21,106,-20,151,-133,34
-62,43,21,106,-20,151,-130,32
-61,42,21,106,-20,149,-130,32
-61,43,21,106,-20,148,-130,34
-62,43,21,106,-20,148,-131,34
-62,44,21,106,-20,149,-131,35
-62,44,21,106,-20,149,-131,35
-62,44,21,106,-20,149,-131,34
-62,44,21,106,-20,150,-131,34
-62,44,21,106,-20,151,-131,35
-62,44,21,106,-20,152,-131,35
-62,44,21,106,-20,152,-131,34
-62,43,21,106,-20,151,-131,34
-62,44,21,106,-20,151,-131,35
-63,45,21,106,-20,151,-131,35
-64,47,21,106,-20,152,-133,37
-64,48,21,106,-19,153,-134,39
-64,49,21,106,-19,153,-134,39
-65,48,21,106,-20,152,-134,39
-65,48,21,106,-20,152,-134,39
-64,48,21,106,-20,152,-134,39
-63,49,21,106,-20,152,-131,40
-62,50,21,106,-20,152,-131,40
-61,50,21,106,-20,152,-130,40
-61,50,21,106,-20,152,-130,40
-61,50,21,106,-20,152,-130,40
-60,50,21,106,-21,152,-129,41
-60,50,21,106,-21,153,-129,41
-60,51,21,106,-21,153,-129,41
-60,51,21,106,-20,153,-129,41
-60,50,21,106,-20,152,-129,41
-60,50,21,106,-20,152,-129,40
-59,49,21,106,-19,153,-129,40
-59,49,21,106,-20,154,-128,40
-59,49,21,106,-20,155,-129,40
-59,49,21,106,-19,155,-128,39
-59,48,21,106,-19,155,-128,39
-58,46,21,106,-19,155,-126,36
-57,46,21,106,-19,156,-126,36
-57,46,21,106,-19,157,-126,36
-58,46,21,106,-19,158,-126,36
-59,46,21,106,-19,158,-128,36
-61,44,21,106,-19,157,-130,35
-62,44,21,106,-19,157,-131,35
-62,44,21,106,-19,157,-131,35
-62,44,21,106,-19,157,-131,34
-61,43,21,106,-19,157,-130,34
-61,40,21,106,-19,157,-130,30
-63,38,21,106,-19,157,-134,28
-64,37,21,106,-19,157,-133,28
-65,37,20,105,-19,157,-134,28
-64,37,18,104,-19,157,-133,28
-63,36,17,103,-19,157,-131,26
-62,34,17,102,-19,157,-131,24
-63,32,17,103,-19,157,-131,23
-65,31,17,103,-19,157,-134,21
-66,31,17,103,-19,157,-135,21
-68,30,17,103,-19,157,-136,20
-68,28,17,103,-19,157,-137,18
-69,26,17,103,-19,158,-137,17
-70,24,17,103,-19,158,-139,14
-71,22,17,103,-19,157,-140,12
-72,20,17,103,-19,157,-140,10
-71,19,17,103,-19,157,-139,9
-70,18,17,103,-19,158,-139,8
-71,16,17,102,-19,159,-140,7
-72,14,18,102,-19,159,-141,4
-72,12,18,101,-19,159,-139,2
-72,11,18,102,-19,158,-141,1
-72,11,17,102,-19,159,-141,1
-72,11,15,101,-20,159,-140,-1
-72,11,14,101,-21,159,-140,-1
-72,10,14,100,-22,158,-140,-2
-71,9,16,101,-22,157,-140,-2
-71,8,17,103,-21,157,-139,-1
-70,7,17,103,-20,157,-139,-1
-70,7,16,102,-20,158,-139,-2
-70,6,14,100,-21,158,-137,-4
-70,6,13,99,-22,158,-135,-4
-69,6,13,99,-23,158,-135,-4
-69,7,13,99,-24,158,-135,-4
-69,9,14,99,-25,158,-135,-2
-69,11,15,101,-25,158,-137,-1
-68,12,16,102,-25,158,-137,1
-68,14,17,103,-24,158,-136,4
-68,14,18,103,-23,158,-136,4
-69,16,17,103,-22,157,-137,6
-70,18,17,103,-22,157,-139,8
-70,20,17,103,-22,158,-139,10
-69,22,17,103,-23,158,-137,12
-68,24,17,103,-23,158,-136,14
-67,25,17,103,-21,157,-135,15
-66,27,17,103,-21,157,-135,18
-65,29,17,102,-21,157,-134,19
-66,31,17,103,-22,157,-135,21
-67,32,18,104,-23,158,-136,23
-68,33,20,105,-24,158,-136,24
-67,35,21,106,-25,158,-136,25
-66,38,21,106,-25,158,-137,29
-64,41,21,106,-24,158,-133,31
-63,44,21,106,-24,158,-133,35
-64,47,21,106,-24,158,-133,37
-65,50,21,106,-25,158,-134,40
-65,52,21,106,-24,158,-134,42
-64,54,21,106,-24,158,-134,45
-63,56,21,106,-24,158,-133,47
-62,58,21,106,-24,158,-131,48
-61,60,20,106,-24,158,-130,51
-61,61,21,106,-24,158,-130,52
-61,63,21,107,-24,157,-133,53
-60,65,23,108,-24,157,-133,58
-60,67,24,109,-25,156,-131,59
-59,68,25,110,-25,155,-130,61
-58,68,24,109,-24,154,-130,62
-57,69,23,108,-23,153,-129,62
-55,69,23,108,-22,153,-128,62
-54,70,23,108,-23,154,-126,63
-53,70,24,109,-24,155,-125,63
-53,71,24,109,-25,154,-124,64
-52,73,24,109,-25,153,-124,67
-51,75,24,109,-25,153,-123,68
-51,76,24,109,-24,153,-123,69
-51,76,24,109,-23,153,-123,69
-51,75,24,109,-22,153,-123,68
-51,75,24,109,-23,153,-124,68
-51,75,24,109,-24,153,-124,68
-51,76,24,109,-25,153,-123,69
-51,75,24,109,-25,153,-123,68
-50,74,24,109,-25,153,-122,67
-50,73,24,109,-25,153,-122,67
-50,74,24,109,-24,153,-122,67
-50,74,24,109,-23,153,-122,68
-50,74,24,109,-23,153,-123,67
-50,73,24,109,-23,153,-122,67
-49,72,24,109,-24,153,-122,65
-49,72,24,109,-25,153,-122,65
-49,72,24,109,-25,153,-122,65
-50,72,24,109,-24,153,-122,65
-51,72,24,109,-23,153,-123,65
-51,72,24,109,-23,153,-123,64
-51,72,24,109,-23,153,-123,64
-50,72,24,109,-24,153,-122,65
-49,73,24,109,-25,153,-122,65
-49,73,24,109,-25,153,-122,67
-51,74,24,109,-25,153,-123,67
-52,74,24,109,-25,153,-124,67
-52,74,24,109,-24,153,-124,67
-52,74,24,109,-23,153,-124,67
-52,74,24,109,-22,153,-124,67
-53,75,24,109,-23,153,-125,68
-54,75,24,109,-24,152,-126,68
-54,76,24,109,-25,151,-126,69
-53,76,24,109,-25,151,-125,69
-52,77,24,109,-25,151,-124,69
-52,77,24,109,-25,153,-124,69
-52,77,24,109,-24,153,-124,69
-52,77,24,109,-25,152,-124,69
-52,77,24,109,-25,151,-124,69
-52,77,24,109,-25,151,-124,69
-52,77,25,110,-25,151,-124,69
-52,77,24,109,-25,151,-124,69
-52,77,23,108,-25,150,-124,69
-52,77,21,107,-25,148,-124,67
-52,77,21,107,-25,147,-124,67
-52,77,23,108,-25,148,-124,69
-52,77,24,109,-25,148,-124,69
-52,77,25,110,-25,149,-124,69
-52,77,24,109,-25,150,-124,70
-52,77,24,109,-24,149,-124,70
-52,77,24,109,-23,150,-124,69
-51,76,24,109,-23,151,-123,69
-50,74,24,109,-23,153,-122,67
-50,72,24,109,-24,153,-122,65
-50,72,24,109,-25,151,-123,64
-53,71,24,109,-25,149,-124,64
-54,71,25,110,-25,148,-126,64
-54,71,24,109,-25,149,-126,63
-54,70,23,108,-25,151,-125,63
-53,69,21,107,-25,153,-125,59
-53,68,22,107,-24,154,-125,59
-53,69,23,108,-24,153,-125,62
-54,70,24,109,-25,152,-125,63
-54,70,23,109,-25,151,-125,63
-53,69,23,108,-25,151,-125,62
-53,69,23,108,-25,150,-125,62
-53,68,23,108,-25,150,-125,62
-53,68,21,107,-25,151,-125,59
-53,69,21,107,-25,151,-125,59
-53,69,21,105,-25,151,-123,59
-54,70,21,105,-25,151,-123,61
-54,71,22,104,-25,151,-123,63
-54,71,22,105,-25,151,-124,64
-54,70,21,107,-25,152,-125,61
-54,70,22,108,-24,153,-125,61
-54,70,22,108,-24,153,-125,61
-54,72,23,108,-25,153,-126,64
-55,73,24,109,-25,153,-128,67
-56,74,24,109,-25,153,-128,67
-56,74,24,110,-25,153,-128,67
-55,73,24,109,-25,153,-128,65
-55,73,24,109,-25,153,-128,67
-56,74,24,109,-25,153,-128,67
-56,74,24,109,-25,153,-128,67
-55,73,24,109,-25,153,-128,65
-55,72,24,109,-25,153,-126,65
-54,71,24,109,-25,153,-126,64
-54,71,24,109,-25,153,-125,63
-54,70,24,109,-25,153,-125,63
-54,70,24,109,-25,153,-125,63
-54,71,24,109,-25,153,-125,63
-54,71,24,109,-25,153,-126,64
-54,71,24,109,-25,153,-125,63
-54,69,24,109,-25,153,-125,62
-52,67,24,109,-25,153,-124,61
-52,66,24,109,-25,153,-124,58
-51,66,24,109,-25,153,-123,59
-51,66,24,110,-25,153,-123,59
-52,66,24,109,-25,153,-124,59
-52,64,25,108,-25,153,-124,57
-53,61,27,107,-25,153,-123,57
-54,59,28,106,-25,153,-123,54
-55,59,28,105,-25,153,-122,54
-55,58,26,104,-25,153,-123,54
-56,57,25,104,-24,153,-123,50
-55,54,25,104,-24,153,-122,47
-55,53,25,104,-25,153,-122,46
-55,53,25,103,-25,151,-122,46
-56,53,25,103,-25,150,-123,46
-56,51,24,103,-25,149,-123,43
-57,48,23,102,-25,149,-124,41
-58,46,23,101,-25,151,-124,39
-58,46,23,101,-25,152,-124,39
-57,45,23,101,-24,153,-124,37
-56,45,23,101,-25,153,-123,37
-56,44,22,101,-25,152,-123,36
-57,43,22,101,-25,151,-124,35
-59,41,22,101,-25,150,-125,34
-61,41,22,101,-25,151,-128,34
-60,41,21,100,-25,152,-126,34
-60,42,21,99,-25,153,-126,35
-59,42,20,99,-24,153,-123,35
-59,41,20,99,-24,153,-123,34
-58,41,21,99,-25,153,-125,34
-58,42,21,100,-25,153,-124,35
-57,44,23,102,-25,153,-124,37
-57,46,24,102,-25,153,-124,39
-57,48,23,102,-25,153,-123,41
-56,49,23,101,-25,153,-123,42
-55,51,23,101,-25,153,-122,45
-55,53,24,102,-25,153,-122,46
-55,54,24,103,-25,153,-122,47
-54,56,24,103,-25,153,-120,48
-53,58,24,102,-25,153,-120,51
-52,60,24,102,-25,153,-119,53
-51,61,24,102,-25,153,-118,54
-50,63,24,103,-25,153,-117,56
-51,65,24,103,-25,153,-118,58
-52,66,24,102,-25,153,-119,59
-52,67,24,102,-25,153,-119,61
-53,68,24,102,-25,153,-120,61
-53,68,24,103,-25,153,-120,62
-53,69,24,104,-25,153,-123,62
-54,70,24,105,-25,153,-123,63
-54,71,25,105,-25,153,-123,63
-55,72,27,105,-25,153,-122,68
-56,73,28,105,-25,153,-123,69
-56,75,28,106,-25,153,-125,70
-55,75,27,107,-25,153,-125,68
-54,76,25,108,-25,153,-126,69
-53,76,25,108,-25,153,-125,69
-52,76,24,107,-25,153,-122,69
-52,77,25,106,-25,153,-122,70
-54,76,25,105,-25,153,-123,69
-54,75,26,104,-25,153,-122,69
-54,74,26,104,-25,153,-122,70
-52,73,25,104,-25,153,-119,65
-51,72,25,104,-25,153,-118,65
-51,72,25,103,-25,153,-118,64
-50,72,24,103,-25,153,-118,65
-50,72,25,103,-25,153,-117,65
-49,72,25,104,-25,153,-117,65
-51,72,25,103,-25,153,-118,65
-53,71,24,103,-25,153,-120,64
-54,70,24,102,-25,153,-120,63
-54,69,24,102,-25,153,-120,62
-52,67,24,102,-25,153,-119,61
-51,66,24,103,-25,153,-118,59
-51,66,24,103,-25,153,-118,59
-51,66,24,102,-25,153,-118,59
-51,66,24,102,-25,153,-118,59
-51,65,24,102,-25,153,-118,58
-51,64,24,102,-25,153,-118,57
-50,63,24,102,-25,153,-118,57
-50,63,24,102,-25,153,-117,56
-49,62,24,102,-25,153,-115,56
-49,61,24,102,-25,153,-117,54
-50,61,24,102,-25,153,-118,54
-53,60,24,102,-25,153,-119,53
-54,60,24,102,-25,153,-120,53
-54,59,24,102,-25,153,-122,52
-54,59,24,102,-25,153,-120,52
-54,59,24,102,-25,153,-120,52
-54,59,24,102,-25,153,-120,52
-54,59,24,102,-25,153,-120,52
-54,59,24,102,-25,153,-120,52
-53,59,24,102,-25,153,-120,52
-54,59,24,102,-25,153,-120,52
-55,59,24,103,-25,153,-122,52
-57,57,24,103,-25,153,-123,51
-58,57,24,102,-25,153,-124,50
-58,57,23,102,-25,153,-125,50
-58,57,22,101,-25,153,-125,50
-58,57,21,100,-25,153,-125,50
-59,57,21,99,-25,153,-125,50
-59,56,21,99,-24,153,-126,50
-59,57,21,100,-24,153,-126,50
-60,57,23,101,-25,153,-126,50
-61,55,23,101,-25,151,-128,48
-61,54,22,101,-25,151,-128,46
-61,51,21,99,-25,150,-128,45
-60,50,20,99,-25,151,-124,43
-60,50,20,99,-25,151,-124,43
-60,50,21,99,-25,153,-126,43
-60,50,20,99,-24,153,-126,43
-60,50,20,99,-24,153,-124,43
-60,51,20,99,-24,153,-124,43
-60,50,20,99,-25,152,-126,43
-59,49,20,99,-25,151,-126,42
-58,47,20,99,-25,151,-125,40
-57,46,21,99,-25,151,-122,40
-57,46,21,98,-25,152,-122,39
-57,46,22,99,-24,153,-122,40
-57,46,23,100,-25,153,-122,40
-58,46,24,100,-25,152,-122,40
-57,46,24,98,-25,151,-122,42
-57,46,24,97,-25,150,-119,41
-57,45,24,95,-25,149,-119,41
-57,45,24,95,-25,148,-119,40
-57,45,24,95,-25,150,-119,41
-57,44,24,96,-25,151,-118,40
-56,43,24,96,-25,151,-118,39
-55,42,23,97,-25,151,-117,35
-55,42,22,97,-26,152,-119,35
-55,42,21,98,-26,152,-119,35
-56,42,21,98,-26,151,-120,35
-56,42,20,99,-25,150,-120,35
-56,42,20,99,-26,148,-120,35
-55,42,21,98,-27,148,-119,35
-55,42,21,98,-26,148,-119,35
-55,42,21,98,-25,148,-119,35
-57,41,20,99,-25,148,-120,35
-58,40,20,99,-25,149,-125,34
-60,40,20,99,-25,150,-124,32
-60,39,21,98,-25,151,-124,32
-60,39,21,98,-25,152,-124,32
-60,40,21,98,-25,152,-124,32
-60,41,20,99,-26,152,-124,34
-61,41,20,99,-26,151,-125,34
-61,42,21,98,-26,151,-125,35
-61,43,21,98,-25,151,-125,36
-62,44,21,98,-26,151,-126,36
-62,44,20,99,-27,150,-126,37
-62,44,20,100,-27,149,-129,35
-62,44,20,99,-27,150,-126,36
-62,44,21,98,-26,151,-126,36
-62,44,22,97,-26,153,-126,36
-62,44,22,97,-26,153,-126,37
-62,44,22,97,-26,152,-126,37
-62,44,21,98,-25,151,-126,36
-62,43,21,98,-24,149,-126,36
-62,44,21,98,-24,149,-126,37
-63,45,21,99,-25,150,-128,39
-63,47,20,99,-26,151,-130,40
-62,47,20,99,-27,151,-129,40
-60,47,20,99,-26,150,-126,40
-58,47,20,99,-25,148,-123,41
-58,48,20,99,-25,148,-123,41
-59,48,20,99,-25,148,-125,41
-59,49,21,99,-26,148,-126,41
-59,49,21,100,-27,148,-125,41
-57,49,21,100,-27,148,-124,41
-55,49,21,100,-26,148,-122,42
-54,49,21,100,-26,148,-120,42
-53,49,21,100,-25,148,-119,42
-53,48,21,100,-25,148,-120,41
-54,49,21,100,-27,148,-120,42
-54,49,21,99,-28,148,-120,42
-53,49,20,99,-28,148,-118,42
-53,49,20,99,-28,148,-117,42
-54,48,20,99,-28,148,-118,41
-54,48,21,99,-28,148,-122,41
-56,47,21,99,-29,148,-123,40
-57,46,20,99,-30,148,-122,40
-58,46,20,99,-30,148,-123,39
-58,46,20,99,-30,148,-122,39
-57,46,20,99,-29,148,-122,40
-57,46,20,99,-29,148,-122,40
-57,46,21,99,-30,148,-124,39
-57,46,21,99,-29,148,-124,39
-58,46,20,99,-29,148,-122,39
-59,46,19,98,-30,148,-123,36
-61,46,18,97,-29,148,-125,36
-63,46,17,96,-29,150,-126,36
-63,45,17,95,-29,151,-128,35
-62,44,17,96,-29,151,-126,35
-62,43,17,96,-29,150,-126,34
-62,44,17,96,-29,150,-126,34
-62,44,17,96,-29,150,-126,35
-62,44,17,96,-29,151,-126,35
-62,43,17,96,-29,151,-126,34
-61,43,17,96,-29,149,-125,32
-61,42,17,96,-30,148,-125,32
-61,43,17,96,-29,148,-125,34
-62,44,17,96,-29,150,-126,34
-62,44,17,96,-29,151,-126,34
-61,43,17,96,-29,151,-125,34
-61,42,17,96,-30,150,-125,32
-61,41,17,96,-29,149,-124,31
-60,41,18,97,-29,150,-124,31
-60,40,18,97,-29,151,-124,30
-60,39,18,97,-30,152,-124,30
-60,39,17,96,-30,152,-124,30
-60,40,17,96,-29,152,-124,30
-60,40,17,96,-28,151,-124,30
-60,39,17,96,-28,152,-124,30
-60,39,17,96,-28,152,-124,30
-60,39,17,96,-29,152,-124,30
-60,39,17,96,-30,152,-124,30
-59,40,17,96,-30,152,-123,30
-60,39,17,96,-29,152,-124,30
-61,39,17,96,-29,152,-125,30
-63,38,17,96,-29,151,-126,28
-64,36,17,95,-30,152,-128,26
-63,34,18,95,-29,153,-126,24
-62,33,18,94,-29,153,-123,24
-61,33,18,95,-29,153,-125,23
-61,33,17,95,-29,153,-125,23
-63,32,17,96,-29,153,-126,23
-65,31,17,96,-29,153,-129,21
-66,31,17,96,-29,153,-130,21
-66,31,17,96,-29,153,-130,21
-66,30,17,96,-29,153,-130,20
-66,29,17,96,-29,153,-130,19
-66,27,17,96,-29,153,-130,17
-66,25,17,96,-29,153,-130,15
-67,24,17,96,-29,153,-130,14
-68,24,17,96,-29,153,-131,14
-68,24,17,96,-29,153,-131,14
-68,24,16,96,-29,153,-131,14
-68,24,17,96,-29,153,-131,14
-68,24,18,95,-29,155,-131,14
-68,24,19,93,-29,157,-130,17
-68,24,20,92,-29,158,-129,17
-66,25,20,92,-29,159,-125,18
-67,25,20,92,-29,158,-125,18
-67,25,20,92,-29,158,-129,18
-68,24,20,92,-29,158,-129,17
-67,25,20,92,-29,158,-128,18
-65,25,20,92,-29,158,-126,18
-64,27,20,92,-29,158,-123,19
-64,28,20,92,-29,158,-123,20
-65,28,20,92,-29,158,-126,20
-65,28,18,93,-29,158,-126,20
-65,28,18,95,-29,158,-129,18
-65,28,18,94,-29,158,-126,18
-65,29,19,93,-29,158,-126,21
-64,29,20,93,-29,158,-125,21
-61,29,19,93,-29,158,-123,21
-60,29,18,94,-29,158,-122,21
-59,29,18,95,-29,158,-123,19
-59,28,18,95,-29,158,-123,19
-60,29,17,95,-29,158,-124,19
-60,29,16,94,-29,158,-124,19
-60,29,16,93,-29,158,-122,19
-59,28,17,94,-29,158,-120,19
-59,29,17,94,-29,158,-123,19
-59,29,17,96,-29,158,-123,19
-59,28,17,96,-29,158,-123,19
-59,28,17,96,-29,158,-123,19
-59,29,17,96,-30,158,-123,19
-60,30,17,96,-31,158,-124,20
-61,32,17,96,-32,159,-125,23
-61,33,17,96,-33,158,-125,23
-62,33,17,96,-33,158,-125,24
-62,33,17,96,-33,158,-125,24
-61,33,17,96,-32,159,-125,23
-61,33,17,96,-31,159,-125,23
-61,33,17,96,-31,160,-125,23
-62,33,17,96,-32,159,-125,24
-62,34,17,96,-34,159,-126,25
-63,36,17,96,-34,159,-128,26
-64,37,17,96,-34,160,-128,28
-64,38,17,96,-34,160,-128,28
-64,37,16,97,-34,159,-128,28
-64,37,15,97,-34,158,-130,28
-64,37,14,98,-34,158,-130,25
-64,37,14,98,-34,158,-130,25
-64,37,14,98,-34,158,-130,25
-64,37,14,98,-34,159,-130,25
-64,37,14,98,-34,159,-130,25
-64,37,15,98,-34,160,-130,25
-64,37,15,97,-34,160,-128,28
-64,37,15,97,-34,160,-128,28
-64,37,14,98,-34,160,-130,25
-64,37,14,99,-34,159,-130,25
-64,37,13,100,-34,159,-133,25
-65,37,13,100,-34,158,-131,25
-66,36,13,99,-34,158,-133,24
-66,36,13,99,-34,158,-133,24
-66,36,14,99,-34,159,-133,24
-65,37,14,98,-34,159,-131,25
-64,37,15,98,-34,158,-130,25
-63,36,14,98,-34,158,-130,24
-62,35,14,97,-34,159,-129,23
-62,33,14,96,-34,160,-125,23
-61,32,16,95,-34,160,-125,23
-62,33,17,95,-34,160,-125,23
-62,35,16,95,-34,159,-126,25
-63,36,14,96,-35,158,-128,24
-64,37,13,97,-36,158,-130,25
-64,38,12,97,-36,160,-130,25
-64,37,13,97,-36,162,-130,25
-64,37,13,97,-35,162,-130,25
-64,37,12,98,-35,160,-130,25
-63,38,12,99,-36,158,-129,26
-62,40,12,99,-37,158,-128,29
-61,43,12,99,-39,160,-128,31
-62,44,12,98,-39,161,-128,31
-62,44,11,97,-39,160,-129,31
-62,44,11,97,-39,159,-129,32
-61,46,12,98,-39,159,-128,34
-60,48,13,99,-39,159,-126,36
-60,50,13,99,-39,159,-126,39
-60,51,12,99,-39,159,-126,39
-60,51,10,98,-39,159,-129,36
-60,50,9,98,-39,159,-126,36
-59,51,9,97,-39,159,-125,36
-58,51,9,97,-39,159,-125,37
-57,52,8,97,-40,159,-124,37
-57,53,8,98,-41,159,-126,39
-57,54,8,98,-42,159,-125,40
-57,55,8,98,-43,159,-126,41
-57,56,7,99,-43,159,-126,42
-58,57,7,99,-44,159,-128,42
-58,57,6,100,-44,159,-128,40
-58,57,7,99,-43,159,-128,42
-58,57,7,100,-43,159,-126,42
-58,57,6,101,-44,158,-129,40
-58,57,4,102,-44,155,-129,40
-58,57,2,102,-44,154,-131,37
-58,57,0,101,-44,154,-131,37
-58,57,0,100,-44,154,-130,37
-58,57,0,100,-44,154,-129,37
-58,57,0,100,-44,155,-129,37
-58,57,0,101,-43,154,-131,37
-58,57,-3,101,-44,152,-133,35
-58,57,-4,100,-46,151,-133,35
-58,57,-5,99,-48,149,-131,35
-57,57,-6,99,-49,149,-130,36
-55,58,-6,100,-50,150,-129,34
-54,59,-6,100,-49,150,-128,35
-54,61,-6,101,-49,148,-128,37
-55,62,-7,101,-49,146,-129,39
-55,62,-8,100,-50,145,-129,37
-54,61,-10,99,-50,144,-129,37
-54,61,-10,98,-49,144,-129,37
-55,62,-12,98,-49,144,-129,35
-56,63,-13,98,-50,143,-130,36
-55,63,-16,98,-51,142,-131,34
-54,63,-17,97,-53,141,-130,34
-52,64,-17,97,-54,140,-129,35
-51,65,-17,97,-55,138,-125,36
-51,66,-18,96,-55,136,-125,37
-52,66,-19,95,-55,135,-125,37
-53,67,-20,93,-55,135,-126,39
-53,69,-22,92,-55,135,-128,37
-54,70,-23,91,-55,134,-128,39
-54,71,-24,91,-55,132,-128,39
-55,72,-26,92,-55,130,-129,40
-56,73,-27,92,-57,130,-130,39
-56,75,-28,90,-59,129,-130,41
-56,75,-29,87,-60,127,-128,41
-56,75,-30,85,-61,126,-128,41
-57,74,-32,82,-61,124,-126,40
-58,74,-33,81,-61,122,-126,40
-59,73,-35,81,-60,121,-128,37
-60,74,-36,81,-61,119,-129,37
-61,74,-37,81,-63,117,-130,37
-62,75,-38,79,-65,117,-131,39
-64,75,-39,77,-65,116,-130,39
-66,75,-41,74,-65,115,-133,36
-67,74,-43,72,-65,113,-131,35
-68,72,-44,71,-65,112,-133,34
-68,70,-46,70,-66,111,-133,31
-69,68,-47,70,-66,110,-133,26
-71,67,-48,68,-67,108,-135,25
-72,66,-49,65,-66,106,-134,25
-72,65,-49,62,-66,104,-131,23
-72,63,-50,59,-67,103,-129,21
-72,61,-52,58,-67,102,-129,19
-74,59,-52,57,-67,101,-130,18
-75,57,-52,56,-67,100,-131,15
-77,54,-52,53,-67,98,-131,13
-78,52,-52,51,-67,97,-129,13
-79,51,-52,50,-67,97,-130,13
-80,50,-52,48,-67,97,-131,12
-81,49,-52,46,-68,95,-130,10
-82,46,-52,44,-71,93,-129,8
-82,44,-53,43,-72,92,-129,6
-83,42,-53,44,-73,92,-130,3
-84,39,-52,44,-72,92,-130,1
-85,38,-51,43,-71,92,-131,0
-86,37,-50,42,-70,91,-130,1
-87,35,-48,42,-71,90,-130,-1
-87,32,-46,42,-72,89,-131,-3
-87,29,-46,43,-72,88,-131,-7
-86,27,-46,43,-73,87,-130,-8
-86,26,-46,44,-73,87,-130,-7
-86,24,-44,45,-74,87,-131,-9
-86,20,-43,46,-74,87,-133,-13
-86,17,-42,46,-74,87,-133,-17
-87,14,-42,47,-73,87,-133,-19
-87,11,-41,48,-74,87,-134,-21
-87,8,-40,50,-76,87,-135,-25
-86,5,-40,53,-78,87,-135,-28
-85,3,-40,55,-78,87,-135,-30
-83,1,-39,57,-77,87,-134,-32
-82,0,-39,59,-77,87,-135,-34
-81,-3,-38,61,-79,87,-136,-36
-81,-5,-39,63,-81,88,-136,-40
-82,-9,-40,65,-82,88,-140,-46
-82,-11,-41,66,-83,88,-140,-48
-81,-13,-43,68,-84,88,-141,-52
-80,-15,-45,69,-86,88,-142,-54
-80,-17,-47,71,-87,88,-145,-58
-82,-19,-50,71,-87,88,-146,-63
-82,-21,-54,71,-89,88,-147,-64
-82,-22,-57,71,-90,90,-150,-68
-83,-23,-60,70,-93,92,-150,-73
-84,-26,-64,68,-96,92,-151,-75
-84,-28,-67,68,-97,90,-151,-79
-84,-28,-72,68,-97,89,-153,-83
-84,-28,-76,67,-98,88,-153,-84
-85,-28,-81,64,-101,89,-155,-87
-87,-29,-87,61,-103,89,-153,-90
-89,-30,-93,57,-105,88,-156,-93
-90,-31,-100,55,-107,86,-157,-97
-92,-31,-106,51,-109,85,-158,-102
-94,-29,-113,48,-110,84,-161,-103
-97,-28,-119,44,-112,83,-164,-104
-100,-26,-126,40,-114,81,-164,-104
-102,-25,-133,35,-115,79,-163,-106
-104,-23,-140,29,-117,77,-166,-109
-106,-21,-148,24,-119,75,-164,-109
-109,-19,-157,18,-121,74,-166,-112
-113,-18,-165,12,-124,72,-169,-113
-117,-16,-172,6,-126,70,-172,-114
-119,-13,-178,0,-127,67,-172,-113
-122,-9,-184,-4,-128,65,-170,-112
-123,-6,-190,-11,-129,63,-170,-112
-126,-4,-197,-16,-131,62,-170,-112
-130,-2,-204,-21,-134,60,-174,-114
-133,0,-210,-25,-137,57,-174,-114
-135,3,-215,-29,-138,54,-174,-112
-136,6,-219,-34,-140,51,-173,-111
-137,10,-223,-38,-142,49,-174,-109
-139,12,-228,-41,-145,46,-174,-107
-140,15,-232,-43,-147,44,-175,-107
-142,17,-236,-46,-149,42,-177,-107
-143,19,-239,-49,-151,39,-178,-106
-143,22,-241,-51,-152,37,-175,-104
-142,25,-242,-52,-154,35,-175,-102
-141,27,-243,-53,-156,32,-174,-100
-141,30,-244,-53,-158,30,-173,-97
-140,32,-243,-54,-159,28,-173,-95
-140,34,-241,-53,-161,25,-173,-92
-139,36,-238,-51,-163,23,-172,-89
-137,37,-235,-47,-165,21,-173,-87
-135,38,-232,-43,-166,20,-170,-84
-133,39,-229,-39,-168,19,-170,-83
-131,41,-225,-36,-169,18,-172,-79
-129,41,-221,-32,-172,17,-169,-75
-126,41,-216,-27,-173,15,-168,-75
-121,42,-210,-22,-175,14,-167,-73
-118,42,-205,-17,-177,12,-166,-70
-115,43,-199,-12,-178,11,-163,-67
-112,43,-193,-7,-180,10,-163,-64
-110,43,-187,0,-182,11,-162,-62
-107,41,-179,6,-184,11,-164,-61
-103,40,-171,14,-184,11,-163,-59
-98,39,-162,21,-185,10,-161,-56
-94,39,-153,28,-185,7,-159,-51
-90,38,-144,34,-187,6,-156,-48
-88,38,-136,39,-188,6,-156,-47
-86,37,-129,46,-190,6,-156,-42
-84,36,-122,52,-191,7,-156,-42
-81,34,-114,58,-192,7,-156,-41
-78,32,-106,63,-193,7,-152,-39
-76,31,-97,69,-195,7,-153,-36
-75,31,-90,75,-195,7,-155,-34
-74,31,-82,81,-195,7,-157,-29
-72,29,-75,86,-195,7,-155,-29
-70,27,-67,89,-195,7,-152,-29
-68,25,-60,92,-196,7,-151,-25
-68,24,-53,95,-198,7,-151,-24
-68,24,-46,98,-200,7,-150,-21
-67,23,-40,101,-200,7,-150,-18
-66,21,-34,103,-200,7,-150,-17
-66,20,-28,105,-200,7,-150,-15
-67,19,-22,107,-200,7,-150,-14
-66,18,-18,108,-200,7,-150,-13
-66,16,-13,109,-200,7,-148,-13
-65,15,-8,110,-200,7,-146,-12
-66,14,-4,109,-200,7,-146,-9
-67,14,0,109,-200,7,-145,-8
-68,13,4,109,-200,7,-144,-6
-68,11,9,109,-200,7,-144,-6
-69,9,14,109,-200,7,-142,-6
-69,7,17,108,-200,7,-140,-4
-70,6,21,106,-200,7,-139,-2
-71,6,23,104,-200,7,-140,-1
-73,5,25,102,-200,7,-139,1
-73,3,28,101,-200,7,-136,-1
-72,1,30,100,-200,7,-136,-1
-72,0,32,99,-199,8,-133,-2
-73,0,35,98,-199,9,-131,0
-75,0,36,96,-199,8,-134,-1
-76,-1,39,94,-200,7,-133,1
-76,-3,41,91,-200,7,-130,1
-75,-5,43,89,-199,7,-126,0
-75,-7,44,88,-199,7,-124,0
-76,-7,45,87,-198,7,-125,0
-77,-7,46,85,-197,7,-123,0
-77,-9,48,84,-195,8,-124,1
-77,-10,51,83,-195,10,-122,1
-77,-13,54,82,-195,11,-119,-1
-78,-15,56,81,-195,12,-119,-1
-78,-18,58,80,-193,12,-118,0
-79,-19,61,79,-191,11,-118,-1
-79,-20,65,79,-190,11,-115,0
-80,-22,68,79,-190,11,-117,0
-81,-24,70,79,-189,13,-117,-1
-80,-25,72,79,-188,15,-114,-1
-79,-27,76,78,-186,16,-113,0
-79,-29,80,77,-185,16,-112,0
-81,-31,85,78,-184,16,-111,0
-81,-33,90,79,-183,17,-111,1
-80,-35,95,80,-181,19,-109,1
-79,-37,99,81,-180,22,-108,1
-79,-40,102,83,-179,24,-108,-1
-79,-43,107,85,-179,25,-108,-2
-80,-46,113,87,-179,27,-109,-2
-79,-48,120,90,-177,28,-108,0
-78,-50,126,93,-176,31,-107,1
-76,-53,132,95,-173,34,-106,1
-75,-55,139,98,-172,36,-104,1
-74,-57,147,101,-170,38,-103,3
-72,-59,154,106,-169,39,-101,4
-69,-60,161,111,-166,41,-101,6
-67,-61,167,116,-164,44,-101,7
-64,-62,174,120,-163,48,-98,10
-61,-64,182,125,-163,52,-97,12
-57,-65,191,131,-162,56,-95,15
-54,-66,198,138,-161,59,-93,17
-51,-65,205,144,-159,61,-93,20
-50,-65,213,150,-158,65,-95,23
-49,-64,221,155,-156,68,-96,29
-46,-65,230,161,-155,72,-93,30
-43,-65,237,168,-153,76,-92,35
-38,-64,243,175,-152,79,-92,36
-34,-63,250,182,-151,83,-91,40
-31,-61,255,189,-149,86,-91,45
-28,-59,260,195,-148,90,-92,48
-25,-57,266,201,-146,93,-92,53
-21,-55,271,207,-145,97,-91,57
-19,-54,278,212,-144,101,-89,61
-16,-51,282,217,-142,106,-89,63
-13,-47,286,222,-140,110,-87,70
-10,-42,289,227,-137,112,-87,75
-7,-38,291,231,-136,115,-86,80
-5,-34,294,234,-135,116,-87,86
-3,-31,297,237,-134,119,-86,89
-2,-27,299,240,-133,122,-86,92
0,-21,299,242,-131,125,-86,98
1,-15,298,245,-129,128,-86,104
1,-10,297,246,-127,130,-89,107
1,-5,296,247,-125,132,-87,112
2,-1,294,247,-123,133,-90,117
3,4,292,246,-122,133,-89,119
3,10,289,245,-122,134,-89,125
1,16,285,244,-121,136,-90,129
0,21,281,242,-119,137,-92,133
-1,27,277,239,-117,139,-91,137
-2,32,274,235,-115,139,-92,140
-3,36,269,231,-113,139,-91,142
-5,41,263,225,-112,138,-90,145
-7,47,257,220,-110,139,-90,148
-9,54,251,214,-107,138,-90,152
-10,60,245,208,-105,137,-89,156
-12,65,238,202,-104,135,-89,159
-14,69,231,196,-104,133,-89,161
-17,73,223,190,-103,133,-89,162
-19,78,215,184,-101,133,-91,164
-21,82,207,177,-98,131,-90,163
-24,86,200,172,-96,130,-90,166
-26,90,192,166,-94,128,-90,167
-28,93,185,159,-94,126,-90,164
-31,96,178,152,-95,124,-90,164
-33,98,171,145,-93,123,-90,164
-36,101,163,139,-92,122,-90,164
-37,103,155,133,-90,122,-89,162
-39,104,148,129,-88,121,-91,161
-40,105,141,125,-86,119,-90,159
-42,106,135,120,-86,117,-91,158
-43,107,129,116,-86,115,-90,157
-44,107,123,113,-86,114,-91,153
-45,106,118,109,-84,113,-92,151
-46,107,113,106,-83,112,-90,148
-46,107,109,104,-81,111,-90,147
-45,107,104,102,-81,109,-90,144
-45,105,100,101,-81,108,-91,140
-44,103,96,101,-82,107,-90,136
-43,101,93,102,-81,106,-92,134
-42,100,91,103,-80,105,-91,130
-41,99,89,104,-78,104,-92,129
-41,98,87,104,-77,103,-92,125
-40,96,85,104,-76,102,-91,124
-39,94,84,105,-76,102,-92,122
-37,91,84,107,-77,102,-91,117
-36,89,83,109,-77,102,-92,114
-36,87,82,112,-77,102,-93,112
-35,84,82,115,-76,102,-96,107
-34,82,82,119,-76,102,-97,104
-33,80,83,122,-76,102,-98,102
-32,77,83,125,-77,102,-97,100
-32,75,84,126,-77,102,-100,97
-32,72,86,129,-76,102,-100,95
-32,69,87,132,-75,102,-102,92
-32,67,88,136,-74,102,-104,90
-32,64,89,139,-74,103,-107,86
-32,61,89,142,-74,106,-109,84
-33,58,90,144,-75,107,-109,80
-33,55,91,145,-75,108,-109,78
-33,52,92,146,-73,107,-113,75
-34,49,93,147,-72,106,-113,74
-35,46,94,148,-71,107,-114,70
-36,43,94,149,-71,108,-115,68
-36,41,95,149,-71,110,-115,67
-36,39,95,149,-71,112,-115,64
-37,37,97,149,-71,112,-115,62
-38,33,98,149,-71,112,-118,61
-39,29,98,148,-72,111,-115,57
-40,28,99,148,-71,112,-117,54
-42,27,99,147,-70,113,-118,54
-44,26,99,146,-67,115,-120,53
-46,25,98,145,-66,116,-120,52
-48,22,98,143,-65,116,-122,50
-49,19,97,140,-66,116,-120,47
-50,18,96,137,-66,116,-119,45
-51,16,95,135,-66,118,-120,43
-53,13,95,133,-65,120,-119,41
-54,11,95,131,-66,121,-120,39
-55,11,94,129,-66,121,-119,39
-56,10,93,127,-65,122,-120,37
-57,10,92,124,-64,122,-118,37
-58,8,91,121,-62,123,-117,35
-59,7,90,119,-61,124,-118,34
-59,7,89,116,-60,125,-115,34
-59,7,87,115,-60,125,-115,34
-60,6,86,112,-61,126,-114,34
-62,5,85,110,-61,126,-115,30
-63,5,83,109,-60,126,-117,30
-64,4,80,108,-60,126,-118,26
-63,4,78,107,-61,125,-117,26
-63,5,78,104,-61,126,-114,28
-64,6,78,102,-60,127,-113,29
-65,8,77,101,-59,129,-114,30
-65,9,75,100,-57,130,-114,31
-65,9,71,100,-55,131,-117,29
-65,9,69,99,-55,130,-114,29
-65,9,68,98,-55,130,-114,29
-66,10,68,97,-55,130,-115,30
-66,11,68,96,-55,130,-115,29
-67,11,66,95,-55,130,-115,29
-67,12,65,95,-55,130,-117,30
-68,13,65,94,-55,130,-117,31
-68,13,64,93,-55,130,-114,31
-68,13,63,92,-55,130,-114,31
-68,13,62,91,-55,130,-114,31
-68,13,60,92,-54,130,-117,29
-68,13,58,92,-54,130,-117,29
-68,13,56,92,-54,130,-117,26
-68,13,54,92,-53,130,-117,26
-68,13,54,91,-52,130,-117,26
-68,13,54,90,-50,130,-117,26
-68,13,52,89,-50,130,-117,26
-68,13,50,89,-50,130,-117,24
-68,13,48,90,-50,130,-119,24
-68,14,48,91,-50,130,-119,21
-68,13,48,92,-50,130,-119,21
-67,12,48,92,-50,130,-119,20
-66,10,46,90,-50,130,-118,18
-65,9,45,89,-50,130,-117,17
-65,9,44,88,-50,130,-114,17
-65,9,44,88,-50,130,-114,17
-66,9,43,89,-50,130,-117,14
-66,8,41,90,-50,130,-117,14
-65,9,39,89,-49,130,-117,12
-64,10,37,88,-49,130,-115,13
-63,12,37,88,-49,130,-114,14
-62,13,37,88,-50,130,-114,15
-62,14,38,88,-49,130,-114,17
-62,13,37,88,-47,130,-114,17
-62,13,36,87,-46,130,-114,17
-63,14,35,86,-45,130,-114,17
-64,15,35,86,-45,130,-115,18
-63,16,35,86,-46,130,-115,19
-63,16,35,86,-46,130,-115,19
-63,15,33,86,-46,130,-115,15
-63,16,31,87,-45,130,-118,17
-63,16,30,88,-45,130,-118,17
-63,15,30,89,-45,130,-117,13
-63,15,30,89,-45,130,-117,15
-63,16,30,88,-45,130,-118,17
-64,17,30,88,-45,130,-118,17
-65,19,30,88,-45,130,-119,19
-65,20,30,89,-45,130,-119,20
-66,20,30,88,-45,130,-120,20
-66,20,30,88,-45,131,-120,20
-65,20,30,88,-45,131,-119,20
-65,19,30,88,-45,131,-119,20
-66,20,30,88,-45,132,-120,20
-67,21,30,88,-45,133,-120,21
-67,23,30,88,-45,134,-122,24
-67,25,30,88,-45,135,-122,25
-65,26,30,88,-45,135,-119,26
-64,26,30,88,-45,134,-118,26
-64,26,30,89,-45,134,-118,26
-65,28,30,89,-45,134,-119,28
-65,29,30,88,-45,134,-119,30
-65,31,30,88,-45,134,-119,31
-63,32,30,88,-45,134,-117,32
-62,33,30,89,-45,134,-117,34
-62,34,29,89,-45,134,-119,32
-63,36,29,90,-45,134,-120,34
-63,38,29,90,-45,135,-119,36
-61,39,31,91,-45,135,-118,40
-60,39,32,92,-45,134,-117,40
-59,40,31,93,-45,133,-117,37
-60,39,29,92,-46,131,-117,37
-60,39,27,92,-45,131,-119,37
-60,39,28,93,-45,131,-119,37
-60,39,29,94,-45,133,-119,37
-58,40,30,94,-45,134,-118,39
-57,41,28,93,-45,134,-115,39
-56,42,27,92,-45,133,-115,40
-55,42,26,92,-44,131,-114,40
-55,42,27,92,-43,130,-114,40
-55,42,27,92,-42,129,-114,40
-56,42,27,92,-42,129,-115,40
-56,42,27,92,-42,130,-115,40
-55,42,27,92,-42,130,-114,40
-54,40,27,92,-42,129,-114,39
-54,39,27,92,-41,129,-113,36
-54,39,27,92,-42,129,-113,36
-54,40,27,92,-42,129,-114,39
-55,42,27,92,-42,129,-114,40
-55,43,27,92,-42,129,-114,41
-56,42,27,92,-43,129,-115,40
-57,41,27,92,-43,130,-117,40
-58,40,27,92,-43,129,-117,39
-57,39,27,92,-42,129,-117,37
-57,37,27,92,-41,129,-115,35
-57,36,27,92,-40,129,-115,34
-57,35,27,92,-40,130,-117,34
-57,35,27,92,-41,130,-117,34
-56,36,27,92,-41,129,-115,34
-55,36,27,92,-41,128,-114,34
-55,37,27,92,-41,126,-114,35
-56,38,27,92,-41,125,-115,36
-58,39,27,92,-41,124,-118,37
-60,39,27,92,-41,124,-119,37
-60,40,27,92,-41,125,-119,37
-60,40,27,92,-41,125,-119,37
-58,40,27,92,-41,124,-118,39
-57,40,27,92,-41,124,-117,39
-58,40,27,92,-41,124,-118,39
-60,41,27,92,-41,124,-119,39
-61,41,27,92,-41,124,-120,40
-60,43,27,92,-41,124,-119,41
-58,45,27,92,-41,124,-118,42
-57,46,27,92,-41,124,-117,45
-57,46,27,92,-41,124,-117,45
-57,46,27,92,-41,124,-117,45
-58,46,27,92,-41,124,-117,43
-58,46,27,92,-41,124,-117,43
-58,46,27,92,-41,124,-117,45
-57,46,27,92,-41,124,-117,45
-57,46,26,91,-41,124,-114,45
-57,45,25,90,-41,125,-114,41
-57,44,25,90,-41,125,-113,40
-56,44,24,89,-41,124,-113,40
-56,43,24,89,-41,123,-113,39
-55,42,23,89,-41,122,-112,37
-55,42,23,89,-41,123,-112,37
-55,42,24,89,-41,124,-112,37
-55,42,24,89,-41,124,-112,37
-55,42,23,89,-41,123,-112,37
-55,42,23,88,-41,121,-112,37
-56,43,24,89,-41,120,-113,39
-56,44,25,90,-41,120,-113,40
-57,44,26,91,-41,121,-114,42
-57,45,26,91,-41,121,-114,41
-57,46,25,90,-41,121,-114,42
-57,46,24,89,-41,120,-114,42
-58,46,24,89,-41,119,-114,42
-58,46,25,90,-41,119,-115,41
-57,46,25,90,-41,119,-114,42
-56,47,24,89,-41,120,-113,42
-55,48,24,89,-41,120,-112,43
-54,48,25,90,-41,119,-112,43
-55,47,24,89,-41,119,-112,43
-54,48,24,89,-41,119,-112,43
-54,48,24,89,-41,119,-111,43
-53,49,25,90,-41,119,-109,45
-53,49,25,90,-41,119,-109,45
-54,48,24,89,-41,119,-111,43
-55,47,23,89,-41,119,-112,43
-56,47,23,89,-41,119,-113,42
-56,47,23,89,-41,119,-113,42
-55,47,23,89,-41,119,-112,43
-55,47,24,89,-41,119,-112,43
-56,47,23,89,-41,119,-113,42
-56,47,23,89,-41,119,-113,42
-55,47,23,89,-41,119,-112,43
-54,48,23,89,-41,119,-111,43
-54,48,24,88,-41,119,-111,43
-55,47,24,88,-41,119,-112,43
-55,47,25,87,-41,119,-109,43
-54,48,25,87,-41,119,-111,43
-53,48,24,88,-41,119,-111,43
-53,48,23,89,-41,119,-111,43
-53,48,23,89,-41,119,-111,43
-54,48,23,89,-41,119,-111,43
-54,48,25,87,-41,119,-111,43
-54,48,26,86,-41,119,-108,46
-53,48,26,85,-41,120,-108,46
-53,49,27,85,-40,120,-104,47
-54,48,27,85,-39,119,-108,46
-54,48,27,85,-40,119,-109,46
-56,47,27,85,-41,119,-111,45
-57,46,26,85,-41,120,-112,45
-58,46,26,85,-41,121,-113,43
-58,46,27,85,-41,121,-112,43
-57,46,28,86,-41,121,-112,45
-57,46,29,88,-41,120,-112,45
-57,46,30,88,-41,121,-112,47
-57,46,30,88,-41,123,-112,47
-58,46,30,88,-41,124,-112,47
-58,46,30,89,-41,125,-112,47
-58,46,30,90,-41,125,-114,43
-57,46,28,90,-41,124,-114,45
-56,47,28,88,-41,124,-111,45
-56,47,28,86,-41,124,-111,46
-57,48,28,86,-41,124,-112,46
-57,49,29,87,-41,124,-112,47
-55,49,29,87,-41,124,-109,47
-54,49,28,87,-41,124,-108,47
-53,49,26,86,-41,124,-107,47
-53,48,25,86,-41,124,-108,46
-54,49,25,86,-41,124,-108,47
-54,49,25,87,-41,124,-108,47
-54,49,25,87,-41,124,-108,47
-53,48,25,88,-41,124,-111,43
-53,48,25,87,-41,124,-111,43
-54,49,24,88,-41,124,-111,45
-54,50,24,88,-41,124,-111,46
-54,50,23,89,-41,124,-111,46
-54,50,23,89,-41,124,-111,46
-54,49,23,89,-41,124,-111,45
-53,48,23,89,-41,124,-111,43
-53,48,23,89,-41,124,-111,43
-53,48,23,89,-41,124,-111,43
-53,48,23,89,-41,124,-111,43
-54,49,23,89,-41,124,-111,45
-54,50,23,89,-41,124,-111,46
-54,50,23,89,-41,124,-111,46
-54,50,23,89,-41,124,-111,46
-54,50,23,89,-41,124,-111,46
-55,51,23,89,-41,124,-112,47
-55,53,23,89,-41,124,-112,48
-56,53,23,89,-41,124,-113,48
-56,53,23,89,-41,124,-113,48
-55,53,23,89,-41,124,-112,48
-55,53,23,89,-41,124,-112,48
-56,53,23,89,-41,124,-113,48
-56,53,23,89,-41,124,-113,48
-55,53,23,89,-41,124,-112,48
-55,53,23,89,-41,124,-112,48
-56,53,24,88,-41,124,-113,48
-56,53,25,87,-41,124,-111,51
-55,53,25,87,-41,124,-109,51
-55,53,25,87,-41,124,-109,48
-54,54,24,88,-41,124,-111,50
-53,54,25,87,-41,124,-107,50
-52,54,25,87,-41,124,-107,52
-51,55,25,86,-41,124,-106,53
-51,55,26,86,-41,124,-106,53
-51,55,26,86,-41,124,-106,53
-51,55,26,85,-41,124,-106,53
-51,55,26,85,-41,124,-106,53
-51,55,26,86,-41,124,-106,53
-51,55,25,86,-41,124,-106,53
-51,55,25,86,-41,124,-106,53
-51,55,26,85,-41,124,-106,53
-51,55,27,85,-41,124,-106,53
-51,55,27,85,-41,124,-106,53
-51,55,26,85,-41,124,-106,53
-51,55,26,85,-41,124,-106,53
-51,55,26,85,-41,124,-106,53
-51,55,27,85,-41,124,-106,53
-51,55,27,85,-41,124,-106,53
-51,55,26,85,-41,124,-106,53
-51,55,26,86,-41,124,-106,53
-51,55,25,86,-41,124,-106,53
-51,55,26,86,-41,124,-106,53
-51,55,26,86,-41,124,-106,53
-50,54,26,85,-41,124,-106,52
-50,54,26,84,-41,124,-103,52
-50,54,25,84,-41,125,-103,52
-50,53,25,84,-41,125,-104,52
-50,52,26,85,-41,124,-104,51
-49,51,27,85,-41,123,-103,50
-50,52,27,85,-41,122,-104,50
-50,52,27,85,-41,121,-104,51
-50,52,27,85,-41,121,-104,51
-49,51,27,85,-41,121,-103,50
-49,50,27,85,-41,120,-103,48
-49,50,27,85,-41,119,-103,48
-49,51,27,85,-41,119,-103,50
-49,51,27,85,-41,119,-103,50
-49,51,27,85,-41,119,-103,50
-49,50,27,85,-41,120,-103,48
-48,47,26,85,-41,121,-103,46
-49,46,26,85,-41,122,-103,43
-49,45,27,85,-41,121,-103,43
-50,44,27,85,-41,120,-104,42
-51,44,27,85,-41,119,-106,42
-51,44,26,85,-41,119,-106,42
-52,46,26,86,-41,119,-107,43
-52,47,26,86,-41,120,-107,46
-53,47,26,86,-41,120,-107,46
-53,45,25,86,-41,119,-108,43
-54,42,24,88,-41,119,-111,37
-55,41,24,88,-41,119,-112,37
-56,42,24,88,-41,119,-113,37
-56,43,25,87,-41,119,-111,41
-56,43,26,86,-41,119,-111,41
-56,43,26,86,-41,119,-111,41
-56,43,26,86,-41,119,-111,41
-56,43,26,85,-41,119,-111,41
-56,43,26,86,-41,119,-111,41
-56,43,25,88,-41,119,-113,39
-55,42,24,88,-41,119,-112,37
-55,42,23,87,-41,119,-112,37
-56,43,23,86,-41,119,-111,39
-57,45,23,86,-41,119,-112,41
-58,46,22,86,-41,119,-114,42
-57,45,21,87,-41,119,-114,41
-56,43,20,87,-41,119,-113,36
-55,42,20,85,-41,119,-112,37
-55,41,21,84,-41,119,-109,36
-56,42,22,83,-41,119,-111,37
-56,43,22,83,-41,119,-111,39
-55,46,22,83,-41,119,-109,41
-55,46,22,83,-41,119,-109,42
-54,46,23,82,-41,119,-106,42
-53,45,23,82,-41,119,-106,41
-53,44,23,82,-41,119,-104,40
-52,45,23,82,-41,119,-104,41
-52,47,23,82,-41,119,-104,43
-53,49,23,82,-41,119,-106,45
-54,49,23,82,-41,119,-106,45
-53,48,23,82,-41,119,-106,43
-52,47,23,82,-41,119,-104,43
-52,46,23,82,-41,120,-104,41
-53,45,23,82,-41,120,-106,42
-54,44,23,82,-41,119,-107,42
-55,43,23,82,-41,119,-107,41
-54,43,23,82,-41,120,-106,39
-53,44,23,81,-41,121,-106,42
-53,45,23,82,-41,123,-104,43
-53,46,25,83,-41,123,-104,45
-52,46,26,84,-41,122,-104,45
-52,46,25,84,-41,121,-103,43
-51,44,24,83,-41,120,-103,42
-51,44,23,82,-41,121,-103,42
-51,44,24,83,-41,122,-103,42
-51,44,26,84,-41,123,-103,42
-51,45,27,85,-41,124,-106,42
-52,46,26,84,-41,123,-103,43
-52,46,25,83,-41,121,-104,45
-52,45,25,83,-41,121,-104,43
-51,44,25,83,-41,122,-103,42
-50,44,25,84,-41,124,-102,42
-50,46,26,84,-41,125,-102,45
-51,48,26,84,-41,125,-106,46
-53,49,26,85,-41,124,-107,47
-54,49,27,85,-41,124,-108,47
-54,49,27,85,-41,124,-108,47
-52,49,27,85,-41,124,-106,47
-50,50,27,85,-41,124,-104,48
-50,50,27,85,-41,124,-104,48
-52,49,27,85,-41,124,-107,47
-53,48,27,85,-41,124,-108,46
-52,49,25,84,-41,124,-107,47
-50,50,24,83,-41,124,-102,48
-49,51,24,83,-41,124,-101,50
-49,51,25,84,-41,124,-101,50
-49,51,26,85,-41,124,-103,50
-49,50,27,86,-41,124,-103,48
-49,51,27,85,-41,124,-103,50
-49,51,28,84,-41,124,-101,50
-49,50,28,84,-41,124,-101,48
-50,50,28,84,-41,124,-102,48
-50,50,27,85,-41,124,-104,48
-50,50,27,85,-41,124,-104,48
-49,50,26,85,-41,124,-103,48
-50,50,25,84,-41,124,-102,48
-52,49,25,84,-41,124,-103,47
-53,48,26,84,-41,124,-106,46
-54,48,27,84,-41,124,-106,46
-54,48,27,83,-41,124,-106,46
-53,48,25,82,-41,124,-106,46
-53,48,24,82,-41,124,-106,46
-54,48,22,81,-41,125,-106,43
-54,48,23,82,-41,125,-106,43
-53,48,23,82,-41,124,-106,46
-53,48,24,83,-41,124,-106,46
-53,48,25,83,-41,124,-106,46
-54,48,25,82,-41,125,-106,46
-54,48,25,81,-41,126,-107,46
-55,48,24,81,-41,126,-107,46
-54,48,23,81,-41,126,-107,46
-54,48,23,82,-41,125,-106,43
-53,48,23,82,-41,124,-106,43
-53,49,23,82,-41,124,-106,47
-53,49,23,82,-41,125,-106,45
-53,48,23,82,-41,126,-106,46
-53,47,23,82,-41,126,-104,42
-52,47,23,82,-41,126,-104,42
-53,47,23,81,-41,125,-104,46
-53,48,23,82,-41,124,-104,46
-53,49,25,83,-41,124,-106,47
-53,49,25,84,-41,124,-106,47
-53,48,25,84,-41,125,-108,46
-53,49,26,84,-41,125,-108,47
-53,49,26,84,-41,124,-106,47
-53,48,25,83,-41,124,-106,46
-53,48,24,83,-41,124,-104,46
-52,47,24,83,-41,124,-104,45
-52,46,25,83,-41,124,-104,45
-51,45,26,83,-41,124,-103,43
-51,44,27,83,-41,124,-103,42
-51,44,26,83,-41,124,-103,42
-51,44,25,83,-41,124,-103,42
-51,44,24,81,-41,124,-103,42
-51,44,24,80,-41,124,-103,42
-51,44,24,81,-41,124,-103,42
-51,44,23,82,-41,124,-103,42
-51,44,23,82,-41,124,-103,40
-51,44,24,81,-39,124,-103,42
-51,44,25,79,-37,124,-101,42
-51,44,25,79,-37,124,-101,42
-50,44,24,81,-39,124,-102,42
-51,44,23,82,-41,124,-103,40
-52,43,24,81,-41,124,-104,42
-54,42,25,79,-41,124,-103,41
-55,42,26,78,-41,124,-104,40
-56,41,27,78,-41,124,-106,42
-55,42,26,78,-41,124,-104,40
-54,43,26,78,-41,124,-103,41
-54,43,26,78,-41,124,-103,41
-54,42,26,78,-41,124,-103,41
-55,42,26,78,-41,124,-104,40
-55,42,26,78,-41,125,-104,40
-56,42,26,78,-41,125,-106,40
-55,42,26,78,-41,124,-104,40
-55,42,26,78,-41,123,-104,40
-55,41,26,78,-41,123,-104,39
-54,39,26,78,-41,123,-103,37
-53,38,26,79,-41,124,-102,36
-53,37,26,78,-41,123,-102,35
-53,37,27,78,-41,123,-103,39
-53,38,26,78,-41,123,-103,36
-53,38,25,80,-41,124,-102,36
-53,38,24,81,-41,124,-104,36
-53,37,24,80,-41,123,-106,35
-55,36,24,79,-41,122,-104,35
-56,36,25,77,-41,123,-106,34
-56,36,25,76,-41,124,-103,35
-55,36,24,75,-41,125,-102,35
-53,36,23,75,-41,124,-100,35
-51,35,23,75,-41,123,-98,32
-51,33,21,76,-41,122,-100,31
-51,33,21,77,-41,123,-100,29
-51,33,21,78,-41,124,-100,29
-51,33,21,76,-41,125,-101,31
-51,33,23,75,-41,125,-97,31
-51,33,23,75,-41,124,-97,31
-51,33,23,75,-41,124,-97,31
-51,34,23,75,-41,124,-97,32
-52,35,23,75,-41,124,-98,32
-53,35,23,75,-41,124,-101,34
-56,35,23,75,-41,124,-103,34
-57,36,23,75,-41,124,-104,34
-58,35,23,75,-41,124,-104,32
-57,34,23,75,-41,125,-103,32
-56,32,23,75,-41,125,-102,30
-56,32,23,75,-41,124,-102,30
-56,34,23,75,-41,123,-103,32
-57,35,23,75,-41,122,-104,34
-57,36,23,75,-41,123,-104,34
-57,35,23,75,-41,124,-104,34
-57,35,23,75,-41,125,-104,34
-57,35,23,75,-41,125,-104,34
-57,35,23,75,-41,124,-104,34
-57,36,23,75,-41,124,-104,34
-57,35,23,75,-41,124,-104,34
-58,35,23,75,-41,124,-106,32
-61,33,23,75,-41,124,-107,31
-61,33,23,75,-41,125,-108,31
-62,33,23,75,-41,125,-109,31
-62,33,23,75,-41,124,-109,31
-61,33,23,75,-41,123,-108,31
-61,32,23,75,-41,122,-108,30
-61,31,23,75,-41,123,-107,29
-61,32,23,75,-41,124,-108,30
-61,33,23,75,-41,125,-108,31
-62,33,24,75,-41,125,-108,31
-62,33,25,76,-41,124,-108,31
-62,33,25,77,-41,124,-112,31
-61,33,25,77,-41,124,-111,31
-61,32,25,77,-41,124,-108,30
-60,30,25,76,-41,124,-107,28
-60,29,24,76,-41,124,-107,26
-59,28,24,76,-41,124,-106,26
-59,28,24,76,-41,124,-106,26
-58,29,25,75,-41,124,-106,28
-58,30,26,73,-41,124,-102,30
-57,30,27,72,-41,124,-101,31
-56,30,27,71,-41,124,-101,31
-55,31,26,71,-41,124,-100,31
-55,31,26,71,-41,125,-100,31
-55,31,26,71,-41,125,-100,31
-55,31,26,71,-41,124,-100,31
-55,31,27,72,-41,123,-100,31
-55,31,27,72,-41,122,-100,31
-55,31,28,73,-40,122,-100,31
-55,31,27,72,-39,123,-100,32
-55,31,27,72,-40,123,-100,32
-55,31,26,71,-40,123,-100,31
-55,31,26,72,-41,122,-100,31
-55,31,25,72,-41,121,-100,31
-55,31,25,73,-41,120,-100,32
-55,32,25,72,-41,121,-100,34
-56,33,26,72,-41,122,-101,34
-57,32,25,72,-41,125,-102,34
-59,32,24,74,-41,125,-106,30
-61,31,23,75,-41,125,-107,29
-61,32,23,75,-41,123,-108,30
-61,31,24,74,-41,121,-108,29
-61,31,25,74,-41,120,-108,29
-61,32,25,75,-41,119,-107,32
-60,33,24,75,-41,119,-107,31
-59,35,23,75,-41,119,-106,32
-59,35,23,75,-41,120,-106,32
-60,34,23,75,-40,121,-107,32
-61,33,23,75,-39,122,-108,31
-61,33,23,75,-40,121,-108,31
-60,34,23,75,-41,120,-107,32
-59,34,23,75,-41,119,-106,32
-59,34,23,75,-42,119,-106,32
-61,33,23,75,-41,120,-108,31
-61,33,24,76,-41,121,-108,31
-62,33,25,76,-40,122,-108,31
-62,33,24,76,-39,122,-108,31
-61,33,23,75,-40,122,-108,31
-61,33,23,75,-41,121,-108,31
-61,33,23,75,-41,119,-108,31
-62,33,23,75,-41,120,-108,31
-62,33,23,75,-41,121,-108,31
-61,33,23,75,-41,121,-108,31
-61,33,23,75,-41,122,-108,31
-61,33,23,75,-41,122,-108,31
-62,33,23,75,-41,121,-109,31
-62,32,23,75,-41,121,-109,30
-61,33,23,75,-41,120,-108,31
-61,33,23,75,-41,119,-107,31
-59,35,23,75,-41,119,-106,32
-57,35,23,75,-41,119,-104,34
-57,35,23,75,-41,120,-104,34
-57,34,23,75,-40,119,-103,32
-57,33,23,75,-39,119,-103,31
-56,33,23,75,-40,120,-103,31
-56,32,23,75,-41,120,-102,30
-55,31,23,75,-41,119,-102,30
-55,31,23,75,-41,119,-102,30
-55,32,23,75,-41,119,-102,30
-56,33,23,75,-41,121,-103,31
-56,34,23,75,-41,123,-103,32
-56,33,23,75,-41,124,-103,31
-55,32,23,75,-41,124,-102,30
-55,31,23,75,-41,122,-102,30
-55,31,23,75,-41,121,-102,29
-55,31,23,75,-41,120,-102,29
-55,31,23,75,-41,120,-102,30
-55,31,23,75,-41,121,-102,30
-55,31,23,75,-41,121,-102,30
-55,31,23,75,-41,121,-102,29
-55,31,23,75,-41,122,-102,29
-55,31,23,75,-41,122,-102,29
-55,31,23,75,-41,122,-102,29
-55,31,23,75,-41,123,-102,29
-55,31,23,75,-41,124,-102,29
-55,31,23,75,-41,124,-102,29
-55,31,22,74,-41,123,-102,30
-55,31,21,73,-41,121,-102,30
-55,31,22,74,-41,120,-102,30
-55,31,23,75,-41,121,-102,29
-55,31,23,75,-41,121,-102,29
-55,31,22,74,-41,121,-102,30
-56,32,21,73,-41,120,-102,30
-57,34,22,74,-41,121,-103,32
-57,35,23,75,-41,123,-104,34
-57,36,23,75,-41,123,-104,34
-57,36,23,75,-41,122,-104,34
-57,35,23,75,-41,120,-104,34
-58,35,22,74,-41,119,-104,32
-57,36,21,73,-41,119,-104,34
-56,36,22,74,-41,120,-103,35
-54,37,23,75,-41,120,-101,35
-53,37,23,75,-41,119,-101,36
-53,38,23,75,-41,119,-100,36
-54,39,23,75,-41,120,-101,37
-54,39,23,75,-41,121,-102,37
-54,39,23,75,-41,121,-102,37
-54,39,23,75,-41,121,-102,37
-54,40,23,75,-41,120,-102,39
-55,41,23,75,-41,121,-102,40
-55,41,23,75,-41,121,-102,40
-55,41,23,75,-41,121,-102,39
-54,40,23,75,-41,120,-102,39
-55,41,23,75,-41,119,-102,39
-55,41,23,75,-41,119,-102,40
-55,41,23,75,-41,120,-102,39
-55,40,23,75,-41,121,-102,39
-55,41,23,75,-41,121,-102,39
-55,42,23,75,-41,121,-102,40
-56,42,23,75,-41,120,-103,40
-56,42,23,75,-40,121,-103,40
-55,42,23,75,-39,121,-102,40
-55,42,23,75,-40,121,-102,40
-54,42,23,75,-41,120,-102,41
-54,43,23,75,-42,119,-101,41
-54,43,23,75,-41,119,-101,41
-54,43,23,75,-40,119,-101,41
-54,43,23,75,-39,120,-101,41
-54,43,24,76,-40,120,-102,41
-55,42,24,76,-41,119,-102,41
-56,42,24,75,-41,119,-103,40
-55,42,24,75,-41,119,-102,40
-55,41,24,75,-41,119,-102,40
-55,42,24,76,-41,119,-102,40
-56,44,24,76,-41,119,-103,42
-57,45,23,75,-41,119,-104,43
-57,45,23,75,-41,119,-104,43
-56,44,23,75,-41,119,-103,42
-56,43,23,75,-41,119,-103,42
-56,43,23,75,-40,119,-103,41
-56,43,23,75,-39,119,-103,41
-55,42,23,75,-40,119,-102,41
-54,42,23,75,-41,120,-101,41
-52,43,23,75,-41,120,-100,42
-51,44,23,75,-41,119,-98,42
-51,44,23,75,-41,118,-98,42
-51,44,23,75,-41,118,-98,42
-51,44,23,75,-41,118,-98,42
-51,44,23,75,-41,119,-98,42
-51,44,23,75,-41,120,-98,42
-51,44,23,75,-41,120,-98,42
-51,44,23,75,-41,119,-98,42
-51,44,23,75,-41,119,-98,42
-51,44,23,75,-41,119,-98,42
-51,44,23,75,-41,119,-98,42
-51,44,23,75,-41,119,-98,42
-51,44,23,75,-41,119,-98,42
-51,44,23,75,-41,119,-98,42
-51,44,23,75,-41,119,-98,42
-51,44,23,75,-41,119,-98,42
-51,44,22,75,-41,119,-98,42
-50,44,23,75,-41,119,-97,42
-50,45,24,74,-41,119,-97,43
-49,45,25,72,-41,119,-93,46
-50,45,25,72,-41,119,-95,46
-50,44,24,73,-41,119,-97,42
-51,44,23,75,-41,119,-98,42
-52,44,23,76,-41,119,-98,42
-52,45,24,76,-41,119,-98,43
-52,46,25,76,-41,119,-98,45
-51,48,25,75,-41,120,-98,46
-51,49,25,74,-41,120,-98,47
-52,48,24,74,-41,119,-98,47
-52,47,23,75,-41,119,-100,46
-53,47,23,75,-41,119,-100,45
-53,47,23,75,-41,120,-100,46
-53,48,23,75,-41,121,-100,46
-53,49,23,75,-41,122,-101,47
-53,49,23,75,-41,121,-101,47
-53,48,24,76,-41,120,-101,47
-53,49,25,77,-41,119,-101,47
-54,49,26,76,-41,119,-101,50
-54,48,26,75,-41,119,-101,50
-53,47,25,75,-41,120,-100,45
-52,46,24,75,-41,120,-100,45
-50,46,24,76,-41,119,-97,45
-49,47,23,75,-41,119,-96,46
-47,48,23,75,-41,119,-95,46
-47,47,23,75,-41,120,-95,46
-47,46,23,75,-41,121,-95,45
-48,45,23,75,-41,121,-95,43
-49,44,23,75,-41,121,-96,42
-50,43,23,75,-41,122,-97,41
-50,43,23,75,-41,123,-97,42
-50,44,23,75,-41,124,-97,42
-50,45,23,75,-41,125,-97,43
-50,45,23,75,-41,125,-97,43
-50,44,23,75,-41,124,-97,42
-50,45,23,75,-41,124,-97,43
-48,46,23,75,-41,124,-95,43
-48,46,23,75,-41,124,-95,45
-49,45,23,75,-41,124,-96,43
-51,44,23,75,-41,124,-98,42
-51,44,23,75,-41,124,-98,42
-51,44,23,75,-41,124,-98,42
-51,44,22,75,-41,124,-98,42
-51,44,23,75,-41,124,-98,42
-51,44,24,76,-41,124,-98,42
-50,45,25,77,-41,124,-100,43
-48,46,26,78,-41,124,-97,45
-47,46,25,79,-41,124,-97,45
-48,46,24,79,-41,124,-97,45
-48,46,25,78,-41,124,-97,43
-48,46,26,78,-41,124,-98,45
-48,47,26,78,-41,124,-97,46
-47,48,26,77,-41,124,-95,46
-47,48,25,77,-41,124,-95,46
-47,48,25,77,-41,124,-95,46
-48,49,25,77,-41,124,-98,47
-49,51,24,78,-41,124,-98,50
-50,52,23,78,-41,124,-100,51
-50,52,24,77,-41,124,-100,51
-50,52,25,78,-41,124,-100,51
-50,52,26,78,-41,124,-100,51
-50,54,27,79,-41,124,-101,54
-51,55,27,78,-41,124,-101,56
-51,56,25,77,-41,124,-101,54
-51,55,24,76,-41,124,-98,53
-50,54,23,75,-41,124,-98,52
-50,54,23,75,-41,124,-98,52
-50,54,24,76,-41,124,-98,52
-50,54,25,76,-41,124,-97,52
-50,52,24,76,-41,124,-97,51
-49,51,23,75,-41,124,-96,50
-49,50,23,75,-41,124,-96,48
-49,51,23,75,-41,124,-96,50
-49,51,23,75,-41,124,-96,50
-49,51,23,75,-41,124,-96,50
-49,51,23,75,-41,124,-96,50
-49,51,23,75,-41,124,-96,50
-49,51,23,75,-41,124,-96,50
-49,50,23,75,-41,124,-96,48
-49,50,23,75,-41,124,-96,48
-49,50,23,75,-41,124,-96,48
-49,51,23,75,-41,124,-96,50
-49,51,23,75,-41,124,-96,50
-49,51,23,75,-41,124,-96,50
-51,50,23,75,-41,124,-98,48
-52,49,23,75,-41,124,-98,47
-51,49,23,75,-41,124,-98,47
-50,50,23,75,-41,124,-97,48
-51,50,23,75,-41,125,-98,48
-52,49,23,75,-41,125,-98,47
-52,47,23,75,-41,124,-100,46
-51,46,23,75,-41,123,-98,45
-49,47,24,76,-41,122,-96,46
-47,48,25,77,-41,122,-95,46
-47,48,25,77,-41,122,-96,46
-47,46,25,77,-41,123,-93,45
-47,47,25,77,-41,125,-97,45
-47,48,26,78,-41,125,-97,46
-48,48,27,78,-41,123,-97,48
-47,47,27,78,-41,121,-97,48
-47,47,26,78,-41,120,-96,45
-47,48,26,78,-41,121,-96,46
-48,49,27,78,-41,121,-98,50
-50,50,27,78,-41,121,-100,51
-52,50,26,78,-41,120,-102,48
-53,49,25,77,-41,119,-101,47
-54,48,25,77,-41,119,-101,47
-54,48,26,77,-41,119,-101,47
-54,48,26,78,-41,120,-103,47
-54,48,25,77,-41,120,-103,47
-53,49,24,76,-41,119,-100,47
-52,49,23,75,-41,119,-100,47
-52,50,23,75,-41,119,-98,48
-51,50,23,75,-41,119,-98,48
-50,48,23,75,-41,119,-97,47
-50,48,23,75,-41,119,-97,46
-49,48,23,75,-41,119,-96,46
-50,48,23,75,-41,119,-97,46
-51,48,23,75,-41,119,-98,46
-51,48,23,75,-41,119,-98,47
-50,48,23,75,-41,119,-97,47
-50,49,23,75,-41,119,-97,47
-49,48,23,75,-41,119,-96,47
-49,49,23,75,-41,119,-96,47
-49,49,23,75,-41,119,-96,47
-49,50,23,75,-41,119,-96,48
-50,50,23,75,-41,119,-97,48
-51,50,23,75,-41,119,-98,48
-52,50,23,75,-41,119,-98,48
-52,49,23,75,-41,119,-100,47
-53,49,23,75,-41,119,-100,47
-54,48,23,75,-41,119,-101,47
-54,48,23,75,-41,119,-101,47
-54,49,23,75,-41,119,-101,47
-54,49,23,75,-41,119,-101,47
-53,49,23,75,-41,119,-100,47
-51,47,23,75,-41,119,-98,46
-50,46,23,75,-41,119,-97,45
-51,46,23,75,-41,119,-98,45
-52,47,23,75,-41,119,-100,46
-52,49,23,75,-41,119,-100,47
-50,50,23,75,-41,119,-97,48
-49,49,23,75,-41,119,-96,47
-49,47,23,75,-41,119,-96,46
-50,46,23,75,-41,119,-97,45
-50,45,23,75,-41,119,-97,43
-50,44,23,75,-41,120,-97,42
-50,45,23,75,-41,120,-97,43
-50,46,22,75,-41,119,-97,45
-50,47,22,76,-41,119,-100,46
-49,47,21,76,-41,119,-98,45
-48,46,22,76,-41,120,-98,45
-48,46,22,75,-41,121,-95,43
-48,46,23,75,-41,122,-95,45
-47,46,23,75,-41,121,-95,45
-46,46,23,75,-41,120,-93,45
-46,46,23,75,-41,119,-93,45
-47,47,23,75,-42,119,-93,45
-47,48,23,75,-43,119,-95,46
-48,48,23,75,-43,119,-95,46
-47,48,23,75,-43,120,-95,46
-47,47,23,75,-42,121,-93,45
-47,46,23,75,-41,121,-93,45
-47,46,23,75,-41,121,-93,45
-47,46,24,76,-41,121,-93,45
-46,46,24,76,-41,121,-93,45
-46,46,24,76,-41,121,-93,45
-47,46,25,76,-41,120,-95,45
-49,47,25,77,-41,119,-96,46
-50,48,26,78,-41,119,-100,47
-49,49,27,78,-41,119,-98,50
-49,49,27,78,-41,120,-98,50
-49,49,27,78,-41,121,-98,50
-51,47,26,78,-41,122,-101,46
-52,47,26,78,-41,121,-102,45
-53,47,26,77,-41,120,-101,46
-54,48,25,77,-41,119,-101,47
-53,49,25,76,-41,119,-101,47
-53,47,24,75,-41,119,-100,46
-52,46,23,75,-41,120,-98,43
-51,44,23,75,-41,120,-98,42
-51,44,22,74,-41,119,-98,42
-51,44,23,75,-41,120,-98,42
-51,45,25,76,-41,120,-98,43
-50,46,25,77,-41,119,-97,45
-50,47,25,77,-41,119,-97,45
-51,47,25,76,-41,119,-98,46
-53,48,24,76,-41,120,-100,46
-54,48,25,77,-41,121,-101,47
-54,49,26,78,-41,121,-103,47
-53,48,27,79,-41,121,-103,50
-53,47,27,78,-41,120,-102,48
-52,47,26,78,-41,120,-102,45
-53,47,26,78,-41,121,-102,46
-53,48,26,78,-41,121,-103,46
-53,49,27,78,-41,122,-103,50
-53,49,26,78,-41,123,-103,47
-53,48,26,78,-41,123,-103,47
-54,48,26,78,-41,121,-103,47
-54,48,26,79,-41,120,-103,46
-53,48,26,78,-41,119,-103,47
-52,49,28,77,-41,119,-100,50
-50,50,29,75,-41,120,-97,51
-49,51,29,75,-41,120,-97,52
-49,51,28,77,-41,119,-96,52
-49,50,26,78,-41,119,-98,48
-48,49,26,79,-41,119,-97,47
-48,49,26,78,-41,119,-97,47
-49,50,26,78,-41,119,-98,48
-51,50,26,78,-41,119,-101,48
-52,49,26,78,-41,119,-101,47
-51,49,26,78,-41,119,-101,47
-50,48,26,78,-41,119,-100,46
-49,47,26,78,-41,119,-98,46
-50,46,26,79,-41,119,-100,45
-51,44,25,79,-41,119,-101,42
-51,44,25,79,-41,119,-101,42
-51,44,25,79,-41,119,-101,42
-51,44,26,79,-41,119,-101,42
-51,44,26,79,-41,119,-101,42
-51,44,25,79,-41,119,-101,42
-51,44,24,80,-41,119,-103,42
-50,44,24,81,-41,119,-102,42
-51,44,23,82,-41,119,-103,40
-53,43,23,82,-41,119,-104,39
-54,42,23,82,-41,119,-106,37
-55,42,23,82,-41,119,-107,37
-54,42,23,82,-41,119,-107,37
-54,43,23,82,-42,119,-106,39
-54,43,23,82,-43,119,-106,39
-55,42,23,82,-43,120,-107,37
-56,42,23,82,-43,120,-108,37
-56,42,23,82,-42,119,-108,37
-55,42,23,82,-41,118,-107,37
-55,42,23,82,-41,118,-107,37
-55,42,23,82,-41,118,-107,37
-57,41,23,82,-41,119,-108,36
-58,40,23,82,-41,120,-111,36
-60,39,23,82,-41,120,-112,35
-60,39,23,82,-41,120,-112,35
-60,39,23,82,-41,119,-112,35
-60,39,23,82,-41,118,-112,35
-60,40,23,82,-41,118,-112,37
-60,39,23,82,-41,118,-112,35
-60,39,23,82,-41,119,-112,35
-60,39,23,82,-41,120,-112,35
-60,40,23,82,-41,120,-112,37
-60,39,23,82,-41,118,-112,37
-60,39,23,81,-41,116,-112,37
-59,39,22,81,-41,115,-111,34
-57,39,22,81,-41,114,-109,34
-55,39,22,81,-41,115,-107,34
-54,39,22,81,-41,115,-106,34
-53,38,22,81,-42,115,-104,34
-53,37,22,81,-42,115,-104,32
-53,37,22,81,-41,115,-104,32
-54,37,21,80,-41,115,-106,32
-53,38,21,79,-41,115,-106,34
-52,38,21,79,-42,115,-104,34
-50,39,22,80,-43,115,-102,35
-49,40,23,82,-43,115,-101,36
-49,40,24,82,-43,115,-101,39
-50,39,23,82,-42,115,-102,37
-51,39,23,82,-41,115,-103,35
-51,38,23,82,-41,115,-103,34
-52,39,23,82,-41,115,-103,35
-52,39,23,82,-42,115,-103,37
-52,38,23,82,-42,115,-104,34
-52,38,23,82,-41,115,-103,34
-51,39,23,82,-41,115,-103,35
-50,39,23,82,-41,115,-102,35
-50,40,23,82,-42,115,-102,36
-51,41,23,82,-42,115,-103,37
-51,42,23,82,-42,115,-103,37
-52,43,22,83,-41,115,-107,39
-53,43,22,83,-41,115,-107,39
-54,43,22,83,-42,115,-108,39
-55,42,23,82,-43,115,-107,37
-57,43,23,82,-44,115,-108,39
-57,45,22,83,-44,115,-109,40
-58,46,22,83,-44,115,-112,41
-57,46,23,84,-43,115,-112,42
-57,46,24,83,-41,115,-108,45
-56,47,25,83,-41,115,-108,45
-55,48,23,82,-41,115,-107,46
-55,50,23,81,-43,115,-107,46
-55,51,23,82,-45,115,-107,47
-55,52,24,83,-46,115,-107,51
-55,53,26,84,-45,115,-107,51
-56,52,27,85,-43,115,-111,51
-55,51,27,85,-42,115,-109,50
-54,52,26,84,-42,115,-106,50
-52,53,24,83,-43,115,-104,51
-51,55,23,82,-43,115,-103,51
-51,55,24,83,-44,115,-103,53
-51,55,26,84,-45,116,-103,53
-51,55,27,85,-46,117,-106,53
-51,55,27,85,-45,117,-106,53
-51,55,26,84,-43,116,-103,53
-51,55,25,84,-43,116,-103,53
-51,55,25,84,-43,116,-103,53
-51,55,26,85,-44,116,-106,53
-51,55,27,85,-46,117,-106,53
-51,55,27,85,-46,118,-106,53
-51,55,27,85,-46,119,-106,53
-51,55,27,85,-45,120,-106,53
-51,55,26,85,-44,120,-106,53
-51,55,26,86,-45,120,-106,53
-51,55,25,86,-46,120,-106,53
-51,55,26,86,-46,120,-106,53
-51,55,26,85,-46,120,-106,53
-51,55,27,85,-46,120,-106,53
-51,55,26,86,-46,120,-106,53
-51,55,25,87,-46,120,-106,53
-51,55,25,87,-44,120,-106,51
-51,55,25,87,-43,119,-106,53
-51,55,25,87,-42,119,-106,53
-52,56,25,86,-43,120,-107,54
-52,57,25,87,-44,120,-107,54
-53,58,24,88,-45,119,-109,53
-53,58,23,89,-46,119,-111,54
-54,59,23,89,-46,118,-111,54
-54,60,23,89,-45,118,-111,56
-54,60,23,89,-43,119,-111,56
-54,59,23,89,-43,120,-111,54
-54,59,23,89,-44,120,-111,54
-54,59,24,89,-45,120,-111,54
-54,59,25,90,-45,119,-111,54
-53,59,25,90,-44,118,-111,54
-53,58,25,90,-42,117,-111,53
-53,58,24,89,-42,117,-109,53
-54,58,23,89,-42,117,-111,53
-54,57,23,89,-43,117,-111,52
-54,56,23,89,-43,117,-111,51
-53,54,24,89,-44,118,-109,50
-53,54,24,89,-45,119,-109,50
-54,54,23,89,-46,118,-111,50
-56,53,23,89,-46,117,-113,48
-56,53,23,89,-46,115,-113,48
-56,53,23,89,-46,115,-113,48
-55,53,23,89,-46,115,-112,48
-55,53,23,89,-46,115,-112,48
-55,53,23,89,-46,115,-112,48
-56,53,23,89,-46,115,-113,48
-55,53,23,89,-46,115,-112,48
-56,53,23,89,-46,115,-113,48
-56,53,23,89,-46,115,-113,48
-56,53,23,89,-46,115,-113,48
-55,53,23,89,-46,115,-112,48
-55,53,23,89,-46,115,-112,48
-56,53,23,89,-46,115,-113,48
-57,52,23,89,-46,115,-114,47
-58,51,23,89,-46,115,-115,47
-59,51,23,89,-46,115,-115,47
-58,51,23,89,-46,115,-115,47
-59,51,23,89,-46,115,-115,47
-60,50,23,89,-46,115,-117,46
-60,50,23,89,-46,115,-117,46
-60,50,23,89,-46,115,-117,46
-60,50,23,89,-46,115,-117,46
-60,50,23,89,-46,115,-117,46
-60,50,23,89,-46,115,-117,46
-60,50,23,89,-46,115,-117,46
-60,50,24,89,-46,115,-117,46
-60,50,24,89,-46,115,-117,46
-60,50,24,89,-46,115,-117,46
-60,50,23,89,-46,115,-117,46
-60,50,23,88,-46,115,-117,46
-60,50,24,89,-47,115,-117,46
-60,50,25,90,-46,115,-117,46
-60,50,25,90,-44,115,-117,46
-60,50,26,91,-43,115,-117,48
-60,50,26,91,-43,115,-117,46
-60,50,26,91,-44,115,-117,48
-59,51,27,92,-46,115,-118,50
-57,52,27,92,-47,115,-117,50
-56,53,27,92,-46,114,-115,51
-55,53,27,92,-46,113,-115,51
-56,53,27,92,-46,113,-115,51
-56,53,27,92,-46,115,-115,51
-56,53,27,92,-46,115,-115,51
-55,52,27,92,-46,115,-114,51
-56,53,27,92,-46,113,-115,51
-56,54,27,92,-46,112,-115,52
-57,56,27,92,-46,112,-117,53
-58,57,26,93,-46,112,-118,52
-58,58,25,94,-46,111,-120,53
-57,58,24,94,-46,110,-119,53
-56,58,23,91,-46,110,-115,53
-57,57,24,89,-46,112,-114,53
-57,57,24,88,-46,114,-114,53
-58,57,23,89,-46,114,-115,52
-58,57,22,90,-46,112,-118,52
-58,57,22,90,-46,110,-118,52
-59,59,22,90,-46,110,-118,54
-60,61,22,90,-46,111,-119,56
-60,61,22,90,-46,114,-120,57
-60,60,22,90,-46,115,-117,56
-59,59,23,89,-46,115,-115,54
-58,57,23,89,-46,115,-115,52
-57,57,23,89,-46,115,-114,52
-58,57,23,89,-46,115,-115,52
-59,57,23,89,-46,115,-117,52
-60,57,23,89,-46,115,-117,52
-59,56,24,89,-46,115,-117,52
-58,57,24,89,-46,115,-115,52
-59,57,24,89,-46,115,-115,52
-60,57,23,89,-46,115,-117,52
-61,56,22,90,-46,114,-118,51
-61,54,22,90,-46,113,-120,50
-61,52,24,91,-46,114,-120,47
-60,50,25,91,-46,115,-117,46
-60,50,26,91,-46,115,-117,48
-60,50,26,91,-46,115,-117,48
-60,51,25,92,-46,115,-119,46
-60,51,24,92,-46,115,-119,46
-60,50,23,92,-46,115,-119,46
-60,50,23,91,-46,115,-119,46
-60,50,24,91,-46,115,-119,46
-60,50,25,90,-46,115,-117,46
-60,50,26,91,-46,113,-117,48
-60,50,27,92,-46,112,-119,48
-60,50,27,92,-46,110,-117,48
-60,50,27,93,-46,111,-119,48
-60,50,26,93,-46,112,-119,46
-60,50,24,93,-46,113,-119,46
-60,50,22,93,-46,114,-119,43
-60,50,21,91,-46,114,-119,43
-60,50,21,90,-46,114,-119,46
-60,50,22,90,-46,113,-117,46
-60,50,23,89,-46,114,-117,46
-60,50,24,89,-46,115,-117,46
-60,50,24,89,-46,115,-117,46
-60,50,22,90,-46,115,-117,46
-60,50,21,91,-46,115,-119,43
-60,50,20,92,-46,115,-119,43
-60,50,20,93,-46,115,-122,43
-60,50,21,93,-46,115,-122,43
-60,50,21,93,-46,115,-122,43
-60,50,21,93,-46,115,-122,43
-60,50,21,93,-46,115,-122,43
-60,50,21,93,-46,115,-122,43
-60,50,22,94,-46,115,-122,43
-60,50,24,95,-46,115,-122,46
-60,50,24,96,-46,115,-122,46
-60,50,24,96,-46,115,-122,46
-60,51,24,95,-46,115,-122,46
-59,51,24,95,-46,115,-120,47
-57,52,24,95,-46,115,-119,48
-56,53,24,96,-46,115,-118,48
-55,53,24,95,-46,115,-117,48
-56,53,24,95,-46,115,-118,48
-57,54,24,95,-46,115,-118,50
-57,56,24,96,-46,115,-119,51
-58,57,25,97,-46,115,-120,52
-58,57,25,97,-46,115,-120,52
-58,57,25,97,-46,115,-120,53
-58,58,25,97,-46,115,-120,54
-59,60,26,98,-46,115,-122,56
-60,61,27,99,-46,115,-125,57
-61,61,28,99,-46,115,-125,57
-60,62,27,99,-46,115,-125,57
-59,62,27,99,-46,115,-124,57
-57,63,27,99,-46,115,-122,58
-55,62,27,99,-46,115,-120,58
-54,62,27,99,-46,115,-119,58
-55,63,27,99,-46,115,-119,58
-56,63,27,99,-46,115,-120,59
-56,64,27,99,-46,115,-120,59
-56,64,27,99,-46,115,-120,59
-56,64,27,99,-46,115,-120,59
-56,64,27,99,-46,115,-120,59
-56,64,27,99,-46,115,-120,59
-56,64,27,99,-46,115,-120,59
-56,64,27,99,-46,115,-120,59
-56,64,27,99,-46,115,-120,59
-56,64,27,99,-46,115,-120,59
-56,64,27,99,-46,115,-120,59
-56,64,27,99,-46,115,-120,59
-56,64,27,99,-46,115,-120,59
-56,64,27,99,-46,115,-120,59
-56,64,27,99,-46,115,-120,59
-56,64,27,99,-46,115,-120,59
-56,63,26,100,-46,115,-120,59
-57,63,26,100,-46,116,-122,59
-58,63,26,101,-46,117,-123,58
-57,63,26,101,-46,117,-122,58
-56,62,26,100,-46,117,-120,58
-55,62,25,99,-46,117,-119,58
-55,63,25,98,-46,116,-119,58
-56,64,26,99,-46,115,-120,59
-56,64,26,100,-46,114,-120,59
-56,64,25,101,-46,115,-120,59
-55,63,25,102,-46,117,-123,56
-54,62,24,102,-46,118,-122,56
-55,61,24,103,-47,118,-122,54
-55,60,24,103,-48,117,-123,53
-57,58,24,102,-48,116,-124,51
-58,57,24,102,-48,117,-124,50
-58,57,24,102,-47,118,-125,50
-58,57,24,103,-46,117,-125,50
-58,57,24,103,-46,116,-124,50
-58,57,24,103,-46,115,-124,50
-58,57,24,102,-46,115,-124,50
-58,57,25,101,-46,115,-125,52
-58,57,25,101,-46,115,-123,52
-58,57,25,102,-46,115,-125,50
-58,57,24,103,-46,115,-124,50
-58,57,24,103,-46,115,-124,50
-58,57,25,101,-46,115,-125,53
-58,57,27,100,-46,115,-123,52
-58,55,26,100,-46,115,-123,51
-58,53,24,100,-46,115,-122,46
-57,53,21,100,-46,115,-124,46
-57,53,21,101,-46,115,-124,46
-57,54,22,101,-46,115,-124,47
-57,53,23,101,-47,115,-124,46
-57,52,23,101,-48,115,-124,45
-57,54,22,101,-48,115,-123,47
-57,56,21,100,-48,115,-123,48
-57,57,21,100,-47,115,-124,50
-59,57,21,101,-46,115,-126,50
-61,56,23,101,-46,115,-128,48
-63,54,24,101,-46,115,-129,47
-62,54,24,100,-46,115,-126,47
-61,55,24,100,-46,115,-125,48
-60,58,23,101,-46,115,-126,51
-59,60,23,102,-46,115,-126,53
-60,61,24,103,-46,115,-126,54
-60,62,24,103,-46,115,-128,54
-61,61,24,102,-46,115,-128,54
-60,61,24,102,-46,115,-128,54
-60,61,24,103,-46,115,-128,54
-60,61,24,102,-46,115,-126,54
-60,61,24,102,-46,115,-126,54
-60,61,24,103,-46,113,-126,54
-60,61,24,103,-46,113,-128,54
-61,61,24,102,-46,114,-128,54
-60,61,24,102,-46,115,-126,54
-59,62,24,102,-46,115,-126,54
-57,63,24,103,-46,114,-124,56
-56,64,25,104,-46,113,-123,57
-55,64,25,104,-46,113,-123,57
-56,64,25,103,-46,113,-123,57
-57,65,24,103,-46,114,-124,58
-58,67,24,102,-46,113,-125,59
-58,68,25,103,-46,113,-125,61
-59,68,26,104,-46,113,-125,64
-58,68,27,105,-46,114,-125,63
-58,68,26,105,-46,115,-125,63
-57,68,26,104,-46,115,-124,64
-56,69,26,104,-46,115,-123,64
-56,69,26,105,-46,115,-123,64
-55,70,27,105,-46,115,-122,65
-54,70,26,104,-46,115,-120,65
-54,70,25,103,-46,114,-120,63
-54,70,24,103,-46,113,-120,63
-54,70,25,103,-46,113,-120,63
-54,70,26,104,-47,114,-120,65
-54,70,26,105,-48,113,-120,65
-54,70,26,105,-49,112,-120,65
-54,70,27,105,-48,111,-120,65
-54,70,27,105,-46,110,-120,65
-54,70,27,106,-46,110,-123,65
-54,70,27,105,-48,111,-120,65
-54,70,26,104,-50,112,-120,65
-54,70,26,104,-51,112,-120,65
-54,70,26,104,-51,112,-120,65
-54,70,26,104,-49,112,-120,65
-54,70,27,105,-48,112,-122,65
-54,71,27,105,-49,113,-122,67
-54,70,28,106,-51,113,-123,65
-53,69,28,106,-51,112,-123,65
-52,67,27,106,-50,111,-122,63
-53,65,27,106,-49,110,-123,61
-54,64,27,106,-48,110,-124,59
-55,64,28,106,-48,110,-125,59
-55,64,28,106,-48,110,-124,59
-54,65,27,106,-47,110,-124,59
-54,64,26,104,-47,110,-122,59
-55,64,25,103,-48,110,-123,57
-56,64,24,103,-49,110,-123,57
-56,64,25,103,-48,110,-123,57
-55,64,25,104,-47,110,-123,57
-55,63,25,104,-46,110,-122,56
-55,60,25,104,-46,110,-123,53
-57,58,25,104,-47,110,-124,51
-57,57,25,103,-46,110,-124,50
-58,57,24,103,-46,110,-125,50
-58,57,24,102,-47,111,-125,50
-58,57,24,102,-48,112,-124,50
-58,57,24,102,-50,112,-124,50
-58,57,24,103,-51,112,-124,50
-58,57,24,103,-52,111,-125,51
-58,57,24,102,-52,110,-125,50
-57,56,24,102,-51,110,-124,48
-56,54,24,103,-50,110,-123,47
-55,53,24,103,-48,111,-122,46
-56,52,24,102,-49,112,-123,45
-57,52,24,102,-50,112,-124,45
-59,51,24,102,-50,112,-125,45
-60,51,23,103,-49,111,-126,43
-61,50,23,103,-47,110,-128,43
-60,50,23,104,-46,110,-129,43
-60,50,23,104,-46,110,-129,43
-60,50,22,104,-48,110,-129,43
-60,50,22,104,-49,110,-129,43
-60,50,21,105,-49,110,-129,43
-60,50,21,105,-49,111,-129,43
-60,50,21,105,-50,112,-129,41
-60,51,21,106,-51,112,-129,41
-60,51,20,106,-51,112,-131,41
-60,51,20,106,-50,111,-131,41
-60,50,20,106,-48,110,-131,41
-60,50,21,106,-47,110,-129,41
-60,51,21,106,-48,110,-129,41
-60,51,21,106,-50,111,-131,42
-61,52,21,106,-51,110,-130,42
-61,53,20,106,-52,110,-130,43
-62,54,21,106,-52,111,-131,45
-62,55,22,107,-52,112,-134,45
-62,56,23,108,-51,112,-134,48
-62,55,23,108,-50,112,-134,47
-61,53,23,108,-50,111,-133,46
-61,52,23,108,-50,112,-133,45
-61,52,24,109,-50,113,-133,45
-61,53,24,109,-50,114,-133,46
-62,54,24,109,-50,114,-134,47
-63,55,24,109,-51,114,-134,48
-62,55,24,109,-52,113,-134,48
-62,55,24,109,-51,114,-134,47
-62,55,24,109,-51,114,-134,47
-63,54,24,109,-51,114,-134,47
-64,54,24,109,-51,113,-135,47
-64,54,24,109,-52,113,-135,47
-63,54,24,109,-51,113,-135,47
-63,54,24,109,-51,114,-134,47
-62,55,24,109,-51,115,-134,47
-62,55,24,109,-51,115,-134,47
-62,55,24,109,-51,115,-134,47
-62,55,24,109,-51,115,-134,47
-62,55,24,109,-51,115,-134,47
-63,55,24,109,-51,115,-134,47
-62,55,24,109,-51,115,-134,48
-61,55,24,109,-51,115,-133,48
-59,56,24,109,-51,115,-130,48
-58,57,24,109,-51,115,-130,50
-58,58,24,109,-51,115,-130,51
-59,60,24,109,-51,115,-131,53
-60,61,24,109,-51,115,-133,54
-61,61,24,109,-51,115,-133,54
-60,61,24,109,-51,115,-133,54
-60,62,24,109,-51,115,-133,54
-61,62,24,109,-51,115,-133,56
-61,63,24,109,-51,114,-133,56
-61,63,24,109,-52,113,-133,56
-61,63,24,109,-51,114,-133,56
-62,64,24,109,-51,115,-134,57
-62,66,24,109,-50,115,-134,58
-61,67,24,109,-49,115,-134,59
-60,68,24,109,-50,115,-131,61
-58,68,23,110,-51,115,-130,58
-58,68,21,112,-51,115,-133,58
-58,68,21,113,-51,115,-133,58
-58,68,21,113,-51,115,-135,58
-58,68,21,113,-51,115,-135,58
-58,68,21,113,-51,115,-135,58
-58,68,20,113,-51,115,-135,58
-59,68,21,113,-51,115,-133,59
-59,69,22,112,-51,114,-133,59
-59,69,23,110,-51,113,-131,59
-59,70,23,111,-51,114,-130,63
-58,71,22,112,-51,115,-133,61
-58,71,21,113,-51,115,-135,62
-58,72,21,113,-51,114,-135,62
-57,71,21,112,-51,114,-131,62
-57,70,23,111,-51,114,-131,61
-58,70,24,111,-51,114,-133,63
-58,69,25,112,-51,114,-133,62
-58,68,24,111,-51,114,-133,61
-58,68,23,111,-51,114,-133,58
-59,69,22,112,-51,115,-133,59
-59,70,22,113,-51,115,-134,61
-59,69,22,115,-51,114,-136,59
-59,68,21,114,-51,113,-135,59
-58,68,21,113,-51,114,-135,58
-57,68,22,112,-51,115,-131,59
-56,69,23,110,-51,115,-128,59
-56,69,24,110,-51,115,-128,62
-55,70,25,109,-51,115,-126,63
-54,70,24,109,-51,115,-125,63
-54,70,24,109,-51,115,-125,63
-54,70,24,109,-51,115,-125,63
-54,70,24,109,-51,115,-125,63
-54,70,25,110,-51,115,-125,63
-54,70,26,111,-51,115,-125,63
-54,70,25,113,-51,115,-128,63
-54,71,23,114,-51,115,-128,61
-54,71,21,113,-51,115,-128,61
-54,70,21,112,-51,115,-128,61
-54,70,23,112,-51,115,-128,61
-54,71,25,114,-51,115,-128,63
-54,72,25,115,-51,115,-129,64
-55,73,26,115,-51,115,-130,67
-56,75,25,115,-51,115,-133,68
-56,75,24,116,-51,115,-133,65
-56,75,24,117,-51,115,-133,65
-56,75,24,116,-51,115,-133,65
-56,75,25,115,-51,115,-130,68
-56,75,27,114,-51,115,-130,68
-56,75,27,113,-51,115,-130,68
-56,74,26,114,-51,115,-130,67
-56,74,25,115,-51,115,-130,67
-56,74,25,115,-51,115,-133,67
-56,75,25,115,-51,115,-130,68
-56,75,26,114,-51,115,-130,68
-56,74,27,113,-51,115,-130,67
-57,74,28,112,-51,115,-129,67
-59,73,28,112,-51,115,-134,65
-61,72,28,112,-51,115,-135,65
-61,72,28,113,-51,115,-135,65
-61,73,28,113,-52,115,-135,65
-60,72,26,114,-53,115,-134,65
-60,71,25,113,-53,115,-134,64
-60,68,25,112,-53,115,-134,62
-61,66,27,112,-52,115,-134,59
-63,65,27,112,-51,115,-135,58
-63,65,25,113,-51,115,-137,58
-62,65,24,113,-51,115,-136,54
-61,63,23,112,-51,115,-135,53
-60,61,23,111,-51,115,-135,52
-61,61,23,111,-51,115,-136,51
-63,60,22,112,-51,115,-137,50
-64,58,21,113,-51,115,-137,48
-63,56,21,113,-51,115,-140,47
-62,55,21,113,-51,115,-139,45
-62,54,21,113,-51,115,-136,45
-63,54,21,113,-51,115,-137,45
-64,54,21,113,-51,115,-139,45
-65,53,21,113,-51,115,-141,43
-65,52,21,113,-51,115,-139,42
-65,51,21,113,-51,115,-140,41
-66,51,21,113,-51,115,-140,41
-66,52,21,113,-51,115,-140,42
-67,53,21,113,-51,115,-141,42
-67,53,21,113,-51,115,-141,42
-66,52,21,113,-51,115,-140,42
-67,52,21,113,-51,115,-144,42
-66,52,22,114,-51,115,-142,42
-67,53,22,114,-51,115,-144,42
-66,52,21,114,-51,115,-142,42
-66,52,21,113,-51,115,-142,42
-67,52,21,114,-51,115,-144,42
-67,53,22,114,-51,115,-144,42
-67,53,21,114,-51,115,-144,42
-66,52,21,114,-51,115,-142,42
-66,51,22,114,-51,115,-142,41
-66,50,22,114,-51,115,-142,41
-66,51,21,114,-51,115,-142,41
-65,53,21,113,-51,115,-141,43
-64,54,21,113,-51,115,-139,45
-64,54,21,113,-51,115,-140,45
-64,54,22,114,-51,115,-140,43
-63,54,22,114,-51,115,-140,45
-63,54,22,115,-51,115,-139,45
-62,55,23,115,-51,115,-139,45
-62,55,23,115,-51,115,-139,46
-62,55,22,115,-51,115,-139,46
-62,55,21,115,-51,115,-139,45
-62,54,20,115,-51,115,-139,42
-62,54,20,115,-51,115,-139,45
-61,54,21,114,-51,115,-137,43
-61,53,22,113,-51,115,-135,43
-61,53,22,114,-51,115,-137,43
-61,54,20,115,-51,115,-137,43
-61,54,19,116,-51,115,-140,41
-62,54,18,117,-51,115,-141,42
-62,55,19,117,-51,115,-141,43
-62,55,21,115,-51,115,-139,46
-62,54,21,113,-51,115,-139,45
-61,54,21,112,-51,114,-135,43
-61,53,21,113,-51,114,-135,43
-61,54,21,113,-51,114,-137,43
-62,54,21,113,-51,115,-139,43
-61,53,21,113,-51,114,-137,43
-61,52,21,113,-51,112,-135,42
-60,51,21,113,-51,112,-134,41
-60,50,21,113,-51,112,-134,41
-60,50,21,113,-51,112,-134,41
-62,51,21,113,-51,111,-136,41
-65,52,21,113,-51,110,-139,42
-67,53,21,113,-51,110,-141,42
-67,53,21,113,-51,110,-141,42
-67,53,21,113,-51,110,-141,42
-66,52,21,113,-51,111,-140,42
-66,52,21,113,-51,112,-140,42
-66,52,21,113,-51,112,-140,42
-67,53,21,113,-51,112,-141,42
-67,52,21,113,-51,111,-141,42
-67,52,21,113,-51,110,-141,42
-67,52,21,113,-51,110,-141,42
-66,52,21,113,-51,111,-140,42
-66,53,21,112,-51,111,-140,42
-66,52,21,113,-51,111,-140,42
-68,52,22,114,-51,110,-144,42
-70,51,23,115,-51,110,-146,41
-71,50,23,115,-51,111,-147,40
-71,50,23,115,-51,112,-147,40
-70,51,24,115,-51,112,-146,41
-69,51,23,116,-51,112,-145,41
-70,51,23,116,-51,111,-146,41
-71,50,23,115,-51,110,-147,40
-71,50,23,115,-51,110,-147,40
-70,51,22,115,-51,110,-146,41
-68,52,22,115,-51,111,-144,42
-66,51,22,115,-51,111,-142,41
-65,50,21,116,-51,110,-141,40
-64,48,21,117,-51,110,-144,36
-64,48,19,117,-51,110,-144,35
-64,48,18,117,-51,110,-144,36
-65,48,18,117,-51,110,-144,36
-64,48,18,118,-51,110,-144,36
-64,48,18,118,-51,110,-144,36
-64,48,19,117,-51,110,-144,36
-64,48,20,117,-52,110,-144,36
-64,48,21,117,-52,110,-144,36
-64,48,21,117,-51,110,-144,36
-64,48,20,116,-51,110,-142,36
-64,48,19,115,-51,111,-141,36
-65,47,18,115,-52,111,-145,35
-67,46,18,115,-53,110,-146,34
-68,46,19,115,-54,109,-145,34
-69,46,20,114,-53,107,-145,34
-69,46,20,114,-52,106,-145,36
-68,46,19,114,-52,105,-145,34
-68,46,18,115,-51,105,-145,34
-68,46,18,115,-52,106,-145,34
-69,46,19,114,-52,106,-145,34
-68,46,21,113,-54,105,-145,36
-69,46,21,113,-54,106,-142,36
-68,46,21,112,-53,105,-142,36
-68,46,21,113,-52,105,-142,36
-68,46,20,113,-52,105,-145,36
-68,45,20,114,-53,105,-145,35
-69,46,20,115,-54,106,-145,34
-69,47,21,115,-53,105,-146,37
-69,50,21,114,-52,105,-145,40
-68,52,22,114,-52,105,-145,42
-68,52,24,115,-52,105,-145,42
-68,52,24,116,-52,105,-145,42
-68,52,23,116,-52,105,-144,42
-68,54,22,116,-52,105,-144,43
-68,56,22,117,-52,105,-145,46
-68,57,23,117,-52,105,-145,47
-69,57,25,116,-52,105,-145,47
-69,57,25,116,-52,105,-145,47
-69,57,23,117,-52,105,-146,47
-69,58,21,119,-52,105,-148,46
-69,61,21,120,-52,105,-148,48
-68,63,21,119,-52,105,-147,51
-67,64,23,117,-52,105,-144,54
-67,64,24,116,-52,105,-144,53
-67,63,25,116,-52,105,-144,53
-67,63,24,116,-52,105,-144,53
-65,64,24,116,-52,105,-142,53
-64,65,24,116,-52,105,-141,56
-63,67,24,116,-52,105,-140,57
-64,69,24,116,-52,105,-141,59
-65,70,24,116,-52,105,-141,61
-64,71,25,116,-52,105,-141,61
-62,71,25,117,-52,105,-139,62
-60,72,25,119,-52,105,-140,62
-59,73,24,121,-52,105,-137,63
-58,75,24,122,-52,105,-140,65
-58,78,25,122,-52,105,-140,68
-59,79,26,122,-52,105,-141,69
-58,79,26,122,-52,105,-140,69
-57,79,25,122,-52,105,-139,70
-55,80,25,122,-52,105,-137,70
-55,83,26,122,-52,105,-136,73
-56,84,25,122,-52,106,-137,75
-57,86,25,123,-52,106,-139,76
-57,86,24,123,-52,106,-139,76
-55,86,25,124,-52,105,-137,76
-53,87,26,124,-52,105,-135,78
-53,89,26,124,-52,106,-135,80
-54,91,26,124,-52,107,-135,81
-54,92,25,124,-52,108,-136,83
-54,91,25,123,-52,108,-136,81
-53,89,25,123,-52,108,-135,80
-52,88,25,123,-52,107,-134,79
-52,87,25,123,-52,107,-134,78
-54,87,25,123,-52,109,-136,78
-55,86,25,123,-51,111,-137,76
-56,84,25,123,-51,111,-137,75
-55,83,25,123,-51,110,-137,73
-55,81,25,123,-52,109,-137,72
-57,79,25,123,-53,108,-139,70
-58,77,25,123,-54,109,-140,68
-59,75,25,123,-53,109,-140,65
-59,73,24,122,-52,108,-141,63
-60,71,22,121,-52,108,-141,61
-60,68,21,120,-52,107,-140,56
-61,65,21,119,-52,107,-140,53
-61,62,21,120,-52,107,-140,50
-62,61,21,120,-52,108,-141,48
-62,59,21,120,-51,110,-141,46
-63,56,20,119,-51,110,-142,43
-64,52,20,119,-51,110,-142,40
-65,49,20,119,-51,109,-144,37
-66,47,20,119,-52,108,-145,35
-67,46,20,119,-51,109,-146,34
-67,45,20,119,-51,110,-146,32
-67,43,20,119,-52,110,-146,30
-68,41,19,118,-52,108,-147,29
-69,40,18,117,-52,107,-147,28
-69,40,18,116,-52,107,-148,28
-69,40,17,116,-52,107,-147,28
-68,39,17,116,-52,109,-147,26
-68,36,18,117,-53,110,-147,24
-69,36,18,118,-53,111,-147,24
-70,37,20,119,-53,111,-148,25
-71,39,21,120,-53,110,-150,26
-70,40,21,119,-54,110,-148,28
-70,40,19,118,-54,109,-148,28
-69,40,18,118,-54,108,-147,28
-68,41,18,119,-53,106,-150,29
-68,42,19,120,-54,106,-150,30
-68,44,20,121,-55,107,-148,31
-68,47,21,120,-56,109,-148,35
-67,49,21,120,-55,111,-146,37
-66,51,21,120,-53,111,-145,39
-65,53,21,120,-52,110,-144,41
-64,54,21,120,-52,109,-145,42
-63,56,21,120,-54,108,-145,43
-63,57,21,120,-55,109,-142,45
-63,60,21,119,-55,110,-142,47
-62,62,21,120,-55,111,-141,50
-62,64,22,121,-54,111,-144,54
-62,66,23,122,-55,111,-144,56
-62,68,24,122,-56,111,-144,58
-61,70,23,122,-57,111,-144,61
-61,72,23,122,-57,111,-142,62
-60,73,24,123,-57,111,-142,63
-60,75,25,123,-57,111,-141,64
-59,77,25,123,-56,111,-141,67
-58,79,24,123,-55,111,-140,69
-58,79,24,124,-54,110,-140,69
-58,79,23,125,-53,110,-142,67
-58,79,24,124,-53,110,-140,69
-58,79,24,123,-53,110,-140,69
-59,79,25,123,-52,110,-141,69
-59,80,25,123,-51,110,-141,70
-59,81,25,123,-51,110,-141,70
-59,80,24,123,-52,110,-141,70
-59,79,24,123,-53,110,-141,69
-58,79,25,123,-53,110,-140,69
-58,79,25,123,-53,110,-140,69
-58,79,25,123,-52,110,-140,69
-59,79,25,123,-53,110,-141,69
-58,79,25,123,-55,111,-140,69
-58,79,25,123,-57,111,-140,69
-58,79,25,123,-57,111,-140,69
-59,79,25,123,-56,111,-141,69
-60,78,25,123,-55,111,-141,68
-60,78,25,123,-54,111,-142,68
-60,78,25,123,-55,111,-141,68
-59,79,25,123,-56,111,-141,69
-58,79,25,123,-57,111,-140,69
-58,79,25,123,-57,111,-140,69
-58,79,25,123,-56,111,-140,69
-58,79,25,123,-56,111,-140,69
-58,79,25,123,-56,111,-140,69
-58,79,25,123,-57,111,-140,69
-59,79,25,123,-56,111,-141,69
-59,79,25,123,-56,111,-141,69
-58,79,25,123,-56,111,-140,69
-56,79,24,123,-56,111,-139,69
-54,79,24,123,-56,111,-136,69
-54,78,24,123,-56,111,-136,68
-55,78,25,123,-56,111,-137,68
-57,79,25,123,-56,111,-139,69
-57,79,24,123,-56,111,-139,70
-57,79,23,125,-56,111,-141,67
-58,79,22,126,-56,111,-142,67
-59,79,22,126,-56,111,-142,67
-59,79,23,125,-56,111,-144,69
-58,79,24,124,-56,111,-140,69
-58,79,23,125,-56,111,-142,67
-58,79,23,125,-57,111,-142,67
-59,80,24,126,-56,111,-144,70
-60,82,25,126,-56,111,-144,73
-61,83,26,126,-56,111,-146,74
-62,83,25,126,-57,111,-147,73
-63,80,24,126,-57,111,-147,68
-63,78,23,125,-56,111,-147,65
-63,76,24,124,-54,111,-145,67
-63,76,24,123,-53,110,-145,67
-64,76,25,123,-53,110,-146,67
-65,75,25,123,-55,111,-147,65
-66,73,25,123,-57,111,-147,63
-66,71,24,123,-57,111,-147,62
-66,69,24,124,-55,111,-148,59
-67,68,23,125,-54,111,-151,56
-68,67,24,124,-55,111,-150,57
-68,66,24,123,-56,111,-150,56
-68,65,25,123,-57,111,-150,56
-67,65,25,123,-57,109,-148,54
-67,64,25,123,-57,108,-148,53
-68,63,24,123,-57,107,-150,53
-68,62,24,123,-57,108,-150,52
-70,62,25,123,-57,108,-151,52
-70,62,25,123,-57,108,-152,52
-70,62,25,123,-57,108,-151,52
-68,63,25,123,-56,110,-150,53
-67,63,25,123,-56,111,-148,53
-66,63,25,123,-56,111,-148,53
-67,64,25,123,-56,109,-148,53
-68,65,25,123,-57,108,-150,56
-68,67,25,123,-57,107,-150,57
-67,69,25,123,-57,108,-148,59
-65,70,25,123,-56,110,-146,61
-63,71,25,123,-56,109,-145,62
-62,73,25,123,-57,108,-144,63
-62,75,25,123,-57,106,-144,65
-63,77,25,123,-57,106,-145,67
-64,78,25,123,-57,107,-146,68
-63,80,25,123,-56,109,-145,70
-62,83,25,123,-56,111,-144,73
-61,85,25,123,-56,112,-144,75
-62,86,25,123,-56,111,-144,76
-63,87,25,123,-56,109,-145,76
-63,88,25,123,-56,109,-145,78
-62,90,25,123,-56,109,-145,80
-61,92,26,124,-56,110,-144,83
-62,92,26,124,-56,111,-144,83
-62,90,25,124,-56,111,-145,80
-63,88,25,124,-56,111,-145,78
-62,88,25,124,-56,111,-144,78
-61,88,26,124,-56,111,-144,78
-61,87,25,124,-56,111,-144,78
-61,85,25,124,-56,111,-144,75
-61,83,24,123,-56,111,-142,74
-60,82,24,123,-56,110,-142,72
-60,80,25,123,-56,109,-142,70
-61,76,25,123,-56,109,-142,67
-62,73,24,124,-56,109,-144,63
-63,69,21,124,-56,110,-147,57
-64,66,19,125,-56,111,-148,51
-65,63,18,125,-56,111,-150,48
-66,60,19,125,-56,111,-150,45
-67,56,20,123,-56,111,-151,43
-67,52,20,121,-56,111,-148,40
-66,49,20,119,-56,109,-145,36
-66,46,19,119,-57,108,-147,34
-68,42,18,121,-57,107,-148,30
-69,39,18,121,-57,108,-150,26
-70,36,17,119,-56,109,-151,23
-71,32,16,118,-56,109,-150,18
-71,29,16,118,-56,109,-150,14
-71,26,16,118,-56,109,-150,12
-72,24,17,118,-57,108,-150,9
-72,22,17,117,-57,107,-150,9
-72,21,18,116,-57,106,-151,8
-72,20,18,116,-57,106,-151,7
-73,18,18,116,-57,106,-151,6
-73,17,17,117,-57,106,-151,4
-74,16,17,117,-57,106,-152,3
-75,17,18,116,-57,106,-153,4
-76,18,18,116,-57,106,-155,6
-77,19,18,116,-57,106,-155,7
-77,20,18,116,-57,106,-155,8
-76,22,18,116,-57,106,-155,9
-75,24,18,117,-57,106,-153,12
-75,26,18,117,-57,106,-153,13
-75,27,18,116,-57,106,-153,14
-75,27,17,116,-57,106,-153,15
-75,29,18,117,-57,106,-153,17
-75,33,18,117,-57,106,-153,20
-74,36,20,119,-57,106,-153,24
-74,39,21,120,-57,106,-152,26
-74,42,21,120,-57,106,-152,29
-73,44,21,120,-57,106,-152,31
-72,46,21,120,-57,106,-151,34
-71,48,21,120,-57,106,-150,36
-70,51,21,120,-57,106,-148,39
-69,54,21,120,-57,106,-147,41
-68,56,21,119,-57,106,-147,43
-68,57,21,120,-57,106,-147,45
-68,58,22,121,-57,106,-150,48
-67,59,24,122,-57,106,-148,50
-66,62,25,123,-57,106,-147,52
-65,64,25,123,-57,106,-147,54
-65,67,25,123,-57,106,-146,57
-64,69,25,123,-57,106,-146,59
-63,70,25,123,-57,106,-145,61
-62,72,25,123,-57,106,-144,62
-60,74,25,123,-57,106,-141,64
-59,77,25,124,-57,106,-140,68
-58,81,26,124,-57,106,-140,72
-57,84,27,125,-57,106,-140,74
-56,85,28,126,-57,106,-139,75
-55,86,28,126,-57,106,-137,76
-53,89,28,126,-57,106,-137,79
-51,93,28,126,-57,106,-136,84
-50,98,28,126,-57,106,-135,89
-49,102,28,126,-57,106,-134,92
-47,106,28,126,-57,106,-129,96
-45,110,28,126,-57,106,-130,101
-44,114,29,128,-57,106,-129,107
-43,119,31,129,-57,106,-128,112
-42,123,32,130,-57,106,-126,115
-40,128,32,130,-57,106,-125,120
-38,133,33,131,-57,106,-124,126
-36,140,34,132,-57,105,-124,134
-34,148,35,133,-57,106,-122,144
-32,154,36,133,-57,107,-118,150
-31,160,38,133,-56,109,-117,156
-31,166,39,133,-57,111,-117,163
-30,172,40,135,-57,111,-117,170
-29,178,40,136,-57,111,-118,174
-26,183,40,137,-56,111,-114,179
-22,188,42,138,-55,110,-111,186
-20,193,44,137,-55,111,-108,191
-18,200,45,138,-55,112,-107,201
-17,208,46,139,-55,114,-106,208
-15,215,47,140,-54,115,-104,216
-12,221,49,140,-53,116,-102,222
-10,227,50,139,-53,115,-100,228
-8,233,50,140,-53,115,-97,234
-7,239,49,141,-53,115,-97,240
-6,245,49,144,-54,115,-98,246
-5,249,50,146,-54,115,-100,250
-3,252,50,147,-54,116,-98,253
-2,254,50,147,-53,117,-97,255
-2,256,50,146,-52,119,-96,257
-1,259,50,146,-51,120,-96,260
0,260,50,147,-51,121,-95,261
0,260,49,147,-51,120,-95,261
-1,259,49,146,-51,120,-96,260
-3,258,50,147,-51,120,-97,258
-4,257,51,148,-51,120,-98,258
-5,255,52,149,-51,120,-100,256
-5,252,52,149,-51,120,-100,252
-6,248,51,148,-51,120,-101,249
-7,243,50,147,-51,120,-102,244
-10,237,49,147,-51,120,-104,238
-12,230,49,146,-51,122,-106,230
-13,223,49,145,-51,123,-107,223
-14,215,47,144,-50,124,-106,216
-17,208,46,143,-50,124,-108,206
-19,199,45,142,-51,123,-111,197
-22,191,44,141,-51,122,-113,189
-25,182,43,139,-51,122,-113,180
-26,173,43,137,-51,122,-114,170
-28,163,42,135,-51,123,-114,161
-30,154,41,134,-50,124,-115,152
-32,144,40,133,-51,124,-118,142
-34,134,38,133,-51,123,-119,130
-37,125,35,133,-51,124,-125,120
-41,116,34,132,-50,124,-129,108
-45,108,33,131,-49,124,-129,101
-48,101,32,130,-49,123,-133,93
-51,94,30,128,-49,122,-135,86
-53,86,29,127,-50,121,-137,79
-55,79,28,127,-49,120,-139,72
-57,73,28,126,-48,120,-139,63
-58,67,27,125,-47,120,-140,57
-60,61,26,124,-47,120,-142,52
-61,57,25,123,-48,120,-142,47
-63,53,24,123,-49,120,-144,43
-64,50,23,122,-48,120,-145,40
-65,46,22,121,-47,120,-146,36
-66,43,21,120,-46,120,-147,31
-67,42,21,120,-46,120,-145,29
-67,41,21,120,-46,120,-145,29
-66,42,21,120,-46,120,-145,30
-66,42,21,120,-47,120,-145,29
-66,41,21,120,-48,120,-145,29
-68,41,20,121,-48,120,-148,29
-70,42,18,122,-48,120,-153,29
-71,43,18,123,-48,120,-155,29
-71,44,17,124,-48,120,-155,30
-72,44,18,123,-48,120,-156,29
-72,44,18,123,-49,120,-156,29
-74,45,18,123,-50,120,-157,30
-74,46,18,123,-50,120,-158,31
-75,48,18,123,-51,120,-158,32
-77,48,18,123,-51,120,-161,32
-78,47,18,123,-51,121,-162,31
-79,46,18,124,-51,120,-163,30
-80,44,16,124,-51,118,-164,29
-81,41,14,125,-51,117,-167,23
-82,38,13,125,-51,117,-168,20
-83,34,13,124,-51,119,-169,17
-84,31,14,122,-51,120,-168,15
-86,26,14,122,-51,119,-169,10
-87,19,13,122,-51,117,-170,2
-90,13,12,122,-51,115,-173,-3
-92,6,11,122,-51,115,-174,-10
-94,0,10,122,-51,115,-177,-18
-96,-6,9,121,-51,115,-179,-24
-98,-13,7,120,-51,115,-180,-32
-100,-20,7,119,-51,115,-181,-40
-101,-27,6,116,-51,115,-180,-47
-102,-35,6,115,-51,116,-181,-56
-104,-44,5,114,-51,115,-183,-64
-106,-53,5,112,-52,114,-183,-73
-109,-61,5,111,-54,112,-185,-81
-112,-70,3,110,-55,111,-187,-90
-114,-77,2,109,-55,110,-187,-97
-116,-83,1,108,-55,111,-190,-103
-118,-90,1,108,-54,111,-191,-111
-118,-96,0,107,-54,111,-192,-119
-119,-101,0,106,-54,111,-192,-124
-119,-106,-1,104,-55,111,-192,-129
-119,-109,-2,103,-56,109,-190,-131
-121,-112,-2,102,-57,107,-191,-135
-122,-114,-2,102,-57,106,-194,-137
-125,-116,-2,103,-57,105,-198,-139
-126,-116,-3,104,-57,106,-200,-139
-126,-115,-3,104,-57,106,-200,-137
-126,-113,-3,103,-57,106,-200,-136
-126,-110,-3,104,-57,106,-198,-133
-124,-106,-3,104,-57,106,-197,-129
-122,-100,-3,104,-57,106,-196,-123
-121,-93,-3,103,-57,106,-195,-117
-119,-86,-3,104,-57,106,-194,-109
-119,-80,-1,104,-57,106,-194,-103
-119,-73,0,105,-57,106,-194,-96
-119,-66,0,106,-57,104,-192,-90
-117,-58,0,107,-57,102,-191,-79
-113,-49,1,108,-57,101,-187,-69
-110,-41,2,109,-57,101,-187,-62
-108,-34,3,110,-57,102,-185,-54
-105,-26,5,111,-57,103,-183,-47
-103,-18,6,112,-57,103,-180,-37
-100,-9,7,113,-57,101,-178,-26
-96,-1,8,115,-57,101,-174,-18
-93,6,9,115,-57,101,-173,-10
-90,13,10,117,-57,101,-170,-4
-87,19,12,118,-57,101,-168,2
-86,26,13,119,-57,101,-167,10
-83,31,14,120,-57,101,-164,15
-79,36,14,120,-57,101,-161,21
-77,42,15,121,-57,101,-161,26
-77,47,17,122,-57,101,-161,32
-76,51,18,123,-58,101,-161,36
-76,54,18,124,-59,101,-159,39
-74,56,19,125,-58,101,-158,41
-72,59,20,126,-57,101,-156,46
-71,61,21,126,-57,101,-155,48
-70,62,22,126,-57,101,-153,50
-68,63,22,126,-58,101,-152,51
-67,63,22,125,-59,101,-151,51
-67,64,22,125,-58,101,-151,51
-68,65,23,126,-57,101,-152,53
-68,66,23,127,-57,101,-152,54
-68,66,24,127,-57,101,-152,54
-68,65,23,126,-57,101,-152,52
-66,63,23,125,-57,101,-151,51
-66,64,24,124,-58,101,-147,53
-65,66,26,124,-59,101,-147,56
-66,68,27,126,-58,101,-147,58
-67,69,26,127,-57,101,-151,59
-68,67,24,127,-57,101,-152,54
-68,65,22,126,-57,101,-152,53
-66,65,22,126,-57,101,-151,52
-65,67,23,124,-57,101,-146,57
-64,68,24,124,-58,101,-146,58
-64,69,24,124,-59,101,-146,59
-65,68,23,124,-59,101,-147,58
-66,67,22,126,-57,101,-150,54
-66,66,22,125,-57,101,-150,54
-66,67,23,125,-56,101,-151,54
-66,68,23,125,-57,101,-151,56
-67,69,22,126,-59,101,-151,57
-66,70,22,126,-60,101,-150,57
-65,70,22,126,-60,101,-150,58
-65,70,22,126,-59,100,-148,58
-65,70,22,126,-59,99,-148,58
-65,70,21,126,-60,100,-148,57
-65,70,21,127,-60,101,-148,57
-65,70,21,127,-59,101,-148,57
-65,70,21,126,-57,101,-148,58
-65,70,21,126,-57,101,-148,58
-65,70,21,126,-58,101,-148,58
-65,70,21,127,-60,101,-148,58
-65,71,21,126,-60,101,-148,58
-65,70,21,126,-59,101,-148,58
-64,69,21,126,-58,101,-148,57
-63,67,21,127,-58,101,-147,54
-62,66,21,126,-59,101,-146,53
-62,66,21,126,-59,100,-146,53
-63,65,21,126,-59,99,-147,53
-63,65,21,127,-60,100,-147,53
-62,65,21,127,-61,101,-148,52
-61,64,21,126,-61,102,-146,52
-61,63,22,126,-61,101,-145,51
-61,62,24,124,-61,100,-142,52
-62,61,24,123,-61,97,-144,51
-63,60,25,123,-60,97,-144,50
-63,60,25,123,-59,97,-145,50
-64,59,24,123,-57,98,-145,50
-63,60,24,123,-57,98,-145,50
-63,60,24,123,-57,97,-144,51
-62,61,25,123,-57,96,-144,51
-62,61,25,123,-57,96,-144,51
-63,60,25,123,-57,96,-145,50
-65,59,24,123,-57,96,-146,50
-65,59,24,123,-59,97,-146,50
-65,59,25,123,-61,96,-146,50
-65,59,25,123,-61,96,-146,48
-65,59,25,123,-59,97,-146,50
-65,61,24,124,-57,97,-147,51
-65,63,24,125,-57,98,-150,53
-64,65,23,125,-58,97,-148,53
-63,66,24,124,-60,97,-145,56
-62,66,25,123,-61,96,-144,56
-62,66,25,124,-61,96,-144,56
-63,67,25,126,-61,96,-147,57
-64,69,24,127,-59,96,-148,57
-65,70,23,126,-57,96,-148,57
-65,71,24,125,-57,96,-148,61
-65,70,24,125,-58,96,-148,61
-65,70,25,127,-61,96,-148,59
-65,70,25,130,-63,96,-151,61
-65,70,25,131,-63,96,-151,58
-65,70,25,131,-62,96,-151,58
-65,70,25,130,-61,96,-151,57
-65,70,26,129,-60,96,-150,61
-65,71,27,127,-61,96,-150,62
-65,74,27,127,-62,96,-150,64
-64,76,26,129,-63,96,-148,65
-63,77,25,130,-63,96,-150,64
-62,77,24,130,-62,96,-148,64
-63,77,24,130,-61,96,-150,64
-64,76,25,130,-60,96,-151,67
-66,75,26,129,-61,96,-152,64
-66,73,26,129,-62,96,-151,63
-66,72,26,129,-62,96,-153,62
-66,72,25,130,-62,96,-152,62
-66,72,25,130,-62,96,-152,61
-66,72,25,130,-62,96,-152,59
-65,71,25,130,-62,96,-152,59
-65,70,25,130,-62,96,-152,58
-65,70,25,130,-62,96,-151,57
-65,70,25,130,-63,96,-151,58
-65,71,25,130,-62,96,-151,61
-65,70,25,130,-60,96,-151,61
-64,69,25,130,-59,96,-151,57
-63,67,24,129,-59,96,-150,54
-62,66,24,129,-61,96,-148,53
-62,65,24,129,-62,96,-148,53
-62,66,23,129,-62,96,-148,53
-62,66,23,128,-61,96,-148,53
-62,66,23,128,-60,96,-148,53
-62,66,23,128,-61,96,-148,53
-62,66,22,127,-62,96,-148,53
-62,66,22,127,-62,96,-146,53
-62,66,21,126,-62,96,-146,53
-62,66,21,126,-62,96,-146,53
-62,66,21,127,-62,96,-146,53
-62,65,21,127,-62,96,-146,53
-62,66,21,126,-61,96,-146,53
-63,67,21,126,-60,96,-147,54
-64,69,21,126,-59,96,-148,57
-65,70,22,128,-60,97,-151,58
-65,71,24,129,-61,97,-151,58
-65,70,25,130,-62,96,-151,61
-65,70,25,130,-62,95,-151,61
-65,70,25,130,-62,95,-151,58
-65,70,24,129,-62,94,-151,58
-65,70,23,129,-62,94,-151,57
-65,70,24,129,-62,95,-151,58
-65,71,25,130,-62,95,-152,59
-66,73,25,130,-62,96,-153,63
-67,74,25,130,-62,97,-153,64
-67,75,25,130,-62,97,-153,63
-67,75,25,130,-62,96,-153,62
-67,74,25,130,-62,96,-153,62
-67,74,25,130,-62,96,-153,62
-67,74,25,130,-62,96,-153,62
-67,75,25,130,-62,96,-153,62
-67,75,25,130,-62,96,-153,65
-67,74,25,130,-62,96,-153,64
-66,73,25,130,-62,96,-153,61
-65,71,24,129,-62,96,-152,59
-65,70,23,128,-62,96,-151,58
-65,70,23,128,-62,96,-151,57
-65,70,23,129,-62,96,-151,58
-65,70,24,130,-62,96,-151,58
-65,70,25,130,-62,96,-151,58
-65,70,24,129,-62,96,-151,58
-65,71,22,127,-62,96,-151,58
-65,70,21,127,-62,96,-148,58
-64,69,22,127,-62,96,-151,57
-63,67,23,129,-62,96,-150,54
-62,66,24,129,-62,96,-148,53
-62,65,24,129,-62,96,-148,53
-63,65,24,130,-62,96,-150,53
-63,66,24,130,-62,96,-150,53
-62,66,24,129,-62,96,-148,53
-62,66,23,128,-62,96,-148,53
-63,65,22,127,-62,96,-147,53
-64,65,22,127,-62,96,-147,52
-65,64,22,128,-62,96,-152,52
-67,63,23,128,-62,96,-153,51
-67,63,23,128,-62,96,-153,51
-67,63,23,128,-62,96,-153,51
-67,63,22,128,-62,96,-153,51
-67,63,22,127,-62,96,-151,51
-67,63,21,126,-62,96,-151,51
-67,63,21,126,-62,96,-151,51
-67,63,21,127,-62,96,-151,51
-67,63,21,127,-62,96,-153,51
-68,63,21,127,-62,96,-151,51
-69,62,22,126,-62,96,-152,50
-69,62,22,125,-62,96,-153,50
-69,62,23,125,-62,96,-152,50
-68,63,24,124,-62,96,-150,53
-67,63,24,123,-62,96,-148,53
-66,64,25,123,-62,96,-148,53
-66,64,25,123,-62,96,-147,53
-67,63,24,123,-62,96,-148,53
-68,62,24,123,-62,96,-150,52
-70,61,24,123,-62,96,-152,52
-71,61,24,123,-62,96,-152,51
-70,61,25,123,-62,96,-152,52
-68,62,25,123,-62,96,-150,52
-67,63,25,123,-62,96,-148,53
-66,64,24,123,-62,96,-148,53
-67,63,24,124,-62,96,-148,53
-67,63,23,125,-62,96,-151,51
-67,63,24,124,-62,96,-148,53
-67,64,24,123,-62,96,-148,53
-67,64,25,123,-62,96,-148,54
-67,63,25,123,-62,96,-148,53
-66,62,25,123,-62,96,-147,52
-65,61,24,123,-62,96,-147,51
-65,59,24,123,-62,96,-146,50
-64,59,25,123,-62,96,-146,48
-64,59,25,123,-62,96,-146,50
-65,59,25,123,-62,96,-146,50
-65,59,25,123,-62,96,-146,50
-65,59,25,123,-62,96,-146,50
-65,59,25,123,-62,96,-146,50
-64,59,25,123,-62,96,-146,50
-64,59,25,123,-62,96,-146,50
-65,59,25,123,-62,96,-146,50
-66,58,25,123,-62,96,-147,48
-68,57,25,123,-62,96,-148,47
-69,57,25,123,-62,96,-150,47
-69,57,25,123,-62,96,-151,47
-69,57,25,123,-62,96,-150,47
-69,57,25,123,-62,96,-150,47
-69,57,25,123,-62,96,-150,47
-68,57,25,123,-62,96,-150,47
-69,57,25,123,-62,96,-150,47
-70,56,25,123,-62,96,-151,46
-72,55,25,123,-62,96,-153,45
-73,54,25,123,-62,96,-155,45
-74,54,25,123,-62,96,-155,45
-74,55,24,123,-62,96,-155,45
-73,54,24,123,-62,96,-155,45
-72,53,24,123,-62,96,-153,43
-72,52,25,123,-62,96,-153,42
-73,51,25,123,-62,96,-155,41
-75,50,24,123,-62,96,-156,40
-76,49,24,124,-62,96,-157,39
-76,48,22,126,-62,97,-159,35
-75,48,21,127,-62,97,-158,35
-73,48,21,127,-62,96,-159,36
-73,49,21,126,-62,95,-157,36
-74,49,20,125,-62,94,-158,36
-75,48,20,124,-62,94,-158,35
-75,46,20,123,-62,95,-158,34
-74,45,20,123,-62,95,-155,32
-73,44,20,123,-62,95,-155,31
-73,43,19,122,-62,94,-153,31
-72,44,18,122,-62,93,-156,31
-72,44,18,123,-62,92,-156,30
-71,45,18,123,-62,91,-155,30
-72,44,17,124,-62,91,-156,30
-72,43,18,124,-62,91,-156,29
-73,42,19,122,-62,91,-153,30
-72,42,20,121,-62,92,-153,30
-72,43,21,120,-62,92,-151,30
-72,42,20,121,-62,91,-152,30
-71,41,19,122,-62,90,-152,29
-72,39,18,123,-63,88,-156,24
-73,37,17,124,-63,87,-157,23
-75,37,18,123,-63,86,-158,21
-75,37,18,123,-63,86,-159,21
-75,37,18,123,-63,87,-158,23
-75,37,18,123,-63,87,-158,23
-75,37,18,122,-63,86,-158,24
-76,36,19,122,-63,86,-157,24
-77,36,18,122,-63,86,-161,23
-77,36,18,123,-63,87,-161,20
-78,35,18,123,-63,87,-162,20
-79,35,18,123,-63,86,-162,20
-79,35,18,123,-63,85,-163,20
-80,35,18,123,-63,85,-163,19
-79,35,18,123,-63,85,-163,20
-78,36,18,124,-63,85,-161,20
-76,36,18,123,-63,83,-159,20
-75,37,18,123,-63,82,-158,21
-76,38,18,123,-63,81,-159,23
-76,40,18,123,-63,81,-159,25
-76,42,19,125,-63,82,-159,30
-74,43,20,125,-63,82,-158,30
-73,43,20,126,-63,82,-157,31
-73,44,20,126,-63,81,-156,31
-73,45,20,126,-63,81,-157,32
-73,47,21,126,-63,80,-157,35
-72,49,21,127,-63,79,-156,36
-71,50,21,127,-63,78,-155,39
-70,53,21,126,-63,77,-153,40
-69,55,21,126,-63,77,-153,42
-69,56,21,126,-63,77,-152,43
-69,57,21,126,-63,77,-153,45
-70,58,21,126,-63,77,-153,46
-71,60,21,126,-63,77,-155,47
-70,62,21,126,-63,77,-153,50
-68,63,21,126,-63,77,-152,51
-67,64,21,126,-63,77,-151,51
-66,64,21,126,-63,77,-151,51
-67,63,21,126,-63,77,-151,51
-67,63,21,126,-63,77,-151,51
-67,63,21,126,-63,77,-151,51
-67,63,21,127,-63,77,-151,51
-67,63,21,127,-63,77,-151,51
-67,63,21,126,-63,77,-151,51
-66,64,21,126,-63,77,-151,51
-65,64,21,126,-63,77,-150,52
-65,64,21,127,-63,77,-152,52
-65,64,20,128,-63,75,-152,52
-67,63,20,128,-64,74,-153,51
-67,63,20,128,-64,72,-153,51
-65,64,21,127,-64,71,-152,52
-64,65,21,127,-64,72,-150,52
-62,66,20,128,-63,74,-148,51
-62,66,19,130,-63,75,-148,51
-62,66,20,130,-63,75,-151,51
-63,65,20,130,-64,74,-152,51
-62,66,20,130,-64,72,-148,51
-62,66,21,129,-64,72,-148,53
-63,65,21,130,-64,73,-150,53
-64,65,20,130,-63,74,-152,50
-64,65,20,130,-64,74,-153,50
-64,65,20,130,-64,72,-151,51
-64,67,21,130,-64,72,-150,54
-63,67,21,130,-64,72,-150,54
-63,67,22,131,-64,72,-150,54
-62,66,23,130,-64,72,-148,54
-63,67,23,130,-64,72,-150,54
-66,68,22,130,-64,72,-152,56
-68,68,22,131,-64,73,-157,56
-68,69,22,131,-63,74,-157,57
-67,69,23,131,-63,75,-153,57
-65,70,24,129,-63,74,-151,57
-64,70,24,129,-64,73,-151,58
-65,70,24,129,-64,73,-151,58
-65,70,24,130,-63,74,-151,57
-65,70,25,130,-63,74,-151,57
-65,70,25,130,-63,74,-151,57
-65,70,25,130,-63,75,-151,58
-65,70,25,130,-63,75,-151,58
-65,70,25,130,-63,76,-151,61
-65,70,25,130,-63,77,-151,59
-65,70,25,130,-63,77,-151,57
-65,70,24,129,-63,77,-151,57
-65,70,24,129,-63,77,-151,58
-65,70,24,129,-63,77,-151,58
-65,70,25,130,-63,77,-151,57
-66,69,24,129,-63,77,-152,57
-67,69,23,128,-63,77,-153,57
-67,68,21,127,-63,77,-151,56
-68,68,21,126,-63,77,-152,56
-69,68,21,126,-63,77,-153,56
-69,68,21,127,-63,77,-153,56
-69,68,21,127,-63,77,-153,56
-69,68,21,126,-64,77,-153,56
-69,68,21,126,-64,77,-153,56
-69,68,21,126,-63,77,-153,56
-69,68,21,126,-63,77,-153,56
-69,68,21,126,-63,77,-153,56
-69,67,21,126,-64,77,-153,54
-69,68,21,126,-65,77,-153,56
-68,68,21,126,-65,77,-152,56
-67,69,21,126,-65,78,-151,57
-66,69,21,126,-64,78,-150,57
-66,69,21,126,-63,79,-151,57
-66,69,21,126,-63,79,-150,57
-65,70,21,126,-63,78,-150,57
-65,70,21,126,-63,79,-148,58
-64,70,21,126,-64,79,-148,58
-65,70,21,127,-64,81,-148,58
-65,70,21,127,-65,82,-148,57
-65,70,21,126,-65,82,-148,57
-65,70,21,126,-65,82,-148,58
-64,70,21,127,-65,82,-148,58
-63,71,22,128,-64,82,-150,58
-62,71,24,129,-64,82,-148,59
-61,72,25,130,-65,82,-148,59
-61,72,25,130,-66,82,-147,62
-60,72,25,130,-66,82,-147,62
-60,72,25,130,-66,82,-147,59
-61,72,25,130,-67,82,-147,59
-61,72,25,130,-68,82,-147,59
-61,72,25,130,-68,82,-147,59
-60,72,25,130,-67,82,-147,59
-61,72,25,130,-64,81,-147,59
-61,72,25,130,-63,82,-147,62
-61,72,25,130,-64,83,-147,63
-61,72,25,128,-66,86,-145,63
-60,72,23,126,-68,87,-145,59
-60,71,23,127,-68,87,-144,58
-61,70,24,129,-66,87,-147,58
-62,70,25,129,-64,86,-148,61
-63,71,26,127,-63,86,-147,61
-64,71,26,125,-64,86,-146,61
-65,71,26,124,-66,87,-146,61
-65,71,26,124,-67,87,-146,61
-65,70,26,124,-66,87,-146,59
-64,68,25,124,-66,87,-146,58
-65,67,24,126,-66,87,-148,57
-66,66,23,126,-66,87,-151,53
-68,66,23,126,-65,87,-152,53
-69,66,24,126,-65,87,-153,56
-68,65,25,125,-65,87,-152,56
-67,64,25,125,-64,87,-151,53
-66,63,25,125,-64,87,-151,53
-67,64,24,125,-64,86,-151,53
-68,63,24,124,-65,87,-150,53
-69,61,24,124,-64,87,-151,51
-69,58,23,125,-63,88,-153,46
-69,56,22,126,-64,89,-153,43
-69,56,22,127,-65,90,-153,43
-68,57,22,128,-68,89,-155,45
-67,58,23,127,-68,88,-151,46
-66,58,24,126,-68,89,-150,46
-66,58,22,126,-67,90,-150,46
-67,58,21,126,-66,92,-151,46
-68,57,21,127,-65,92,-151,45
-68,57,23,128,-66,92,-153,45
-67,58,24,129,-67,92,-153,46
-65,58,24,129,-68,92,-152,46
-65,59,23,128,-68,92,-151,47
-64,59,21,127,-67,91,-148,47
-64,59,21,126,-67,90,-148,47
-65,59,21,126,-67,90,-148,47
-65,59,21,127,-67,90,-151,46
-64,59,21,127,-67,91,-151,47
-64,59,21,126,-67,92,-147,47
-62,60,22,125,-68,92,-146,47
-62,61,24,124,-68,92,-144,51
-63,60,23,124,-67,92,-144,51
-64,59,22,126,-66,92,-147,47
-65,59,21,126,-65,92,-148,47
-64,59,22,126,-65,92,-148,47
-64,60,22,125,-65,92,-147,48
-63,61,23,125,-66,92,-147,48
-64,61,23,125,-67,92,-148,48
-65,61,23,125,-66,92,-148,48
-66,61,22,125,-65,92,-150,48
-65,61,22,126,-65,92,-148,48
-65,60,22,126,-65,92,-148,47
-66,59,22,126,-66,92,-150,47
-68,57,22,126,-68,92,-151,45
-68,57,21,126,-68,92,-152,45
-69,57,21,127,-67,92,-153,45
-69,57,21,127,-66,92,-153,45
-69,58,21,127,-66,92,-153,46
-70,59,21,126,-65,92,-153,46
-69,58,21,126,-65,92,-153,46
-69,57,21,127,-66,92,-153,45
-69,57,21,126,-66,92,-152,45
-69,57,21,126,-67,92,-152,45
-69,57,21,126,-68,92,-152,45
-69,57,21,126,-68,92,-152,45
-69,57,21,126,-67,92,-152,45
-69,57,21,126,-67,92,-152,45
-69,57,21,126,-68,92,-152,45
-69,57,21,126,-68,92,-152,45
-69,57,21,126,-67,92,-152,45
-69,57,21,126,-66,92,-152,45
-69,57,21,126,-66,92,-152,45
-69,57,21,126,-66,92,-152,45
-69,57,21,126,-67,92,-152,45
-69,57,21,126,-66,92,-152,45
-69,57,21,127,-66,92,-152,45
-69,57,21,127,-66,92,-152,45
-69,57,21,126,-67,92,-153,45
-69,57,21,126,-68,92,-153,45
-68,57,21,126,-68,93,-152,45
-68,57,22,127,-67,94,-152,45
-66,60,22,128,-67,95,-152,47
-66,62,23,128,-67,95,-152,50
-67,64,23,128,-67,95,-153,51
-67,64,22,127,-67,94,-151,52
-67,63,21,126,-67,94,-151,51
-65,64,21,126,-67,94,-150,51
-64,65,21,127,-67,95,-148,53
-64,67,23,128,-67,97,-150,54
-64,68,24,129,-67,97,-151,56
-65,70,25,130,-67,97,-151,57
-64,71,25,130,-67,97,-151,61
-62,73,25,130,-68,97,-148,63
-62,75,25,130,-67,97,-148,63
-63,76,25,130,-65,97,-150,64
-64,78,25,130,-64,96,-151,68
-65,79,25,130,-63,96,-151,69
-64,81,25,130,-64,96,-151,69
-63,84,25,130,-65,97,-150,72
-62,86,25,130,-66,97,-150,76
-63,87,26,131,-67,97,-150,78
-63,88,26,131,-68,97,-150,78
-64,89,27,132,-68,97,-151,79
-64,91,28,133,-67,97,-151,81
-63,93,28,133,-65,97,-150,84
-61,95,28,133,-65,97,-151,85
-59,95,28,134,-66,97,-148,85
-58,95,28,133,-67,97,-145,85
-57,96,28,133,-67,97,-144,86
-57,98,28,133,-67,97,-145,87
-58,99,28,133,-67,97,-147,90
-59,101,28,133,-67,97,-148,91
-60,101,29,133,-67,97,-147,91
-59,101,29,133,-67,97,-146,91
-58,99,29,132,-67,97,-145,90
-57,97,28,132,-66,97,-145,87
-57,97,27,132,-66,97,-144,86
-57,96,27,133,-66,97,-144,86
-57,96,28,133,-65,97,-146,86
-56,95,28,133,-64,96,-146,85
-55,94,28,133,-62,96,-145,84
-55,91,28,133,-63,96,-142,81
-57,89,28,134,-65,97,-146,79
-58,86,29,134,-67,97,-147,76
-60,84,28,133,-68,97,-148,74
-60,82,27,132,-66,97,-147,72
-61,79,26,131,-65,97,-147,69
-61,76,25,130,-64,97,-147,67
-60,72,25,130,-65,97,-147,59
-60,69,24,130,-66,97,-147,57
-61,66,24,129,-67,97,-148,53
-63,64,24,127,-66,97,-147,51
-64,61,24,126,-65,95,-147,48
-64,58,23,127,-66,93,-148,46
-64,56,22,127,-67,92,-148,43
-65,53,21,127,-68,91,-151,41
-67,50,21,127,-67,92,-153,39
-68,48,21,126,-66,92,-152,36
-70,45,21,126,-65,92,-153,32
-71,44,21,127,-66,92,-155,31
-72,42,21,127,-67,92,-158,30
-74,42,20,128,-68,92,-159,29
-75,41,19,127,-67,92,-162,25
-76,39,18,125,-66,92,-159,24
-76,38,18,124,-65,92,-159,23
-75,39,18,124,-66,92,-159,24
-76,40,19,125,-67,92,-159,28
-77,41,19,126,-68,92,-163,26
-79,41,18,126,-68,90,-164,26
-79,40,17,126,-68,88,-166,25
-79,40,16,127,-68,87,-164,25
-78,41,15,128,-68,86,-167,23
-78,43,16,129,-68,87,-166,28
-77,45,18,129,-68,87,-163,30
-76,47,20,128,-68,87,-163,34
-76,48,21,128,-68,87,-162,35
-75,50,20,128,-68,87,-162,37
-75,51,19,129,-68,87,-162,36
-75,54,18,130,-68,87,-163,39
-74,56,18,130,-67,87,-163,41
-74,58,18,130,-66,87,-163,42
-75,61,19,129,-66,87,-161,46
-75,64,19,129,-66,87,-161,48
-73,65,19,129,-67,87,-159,51
-72,66,18,130,-68,87,-161,51
-70,67,18,131,-68,87,-159,52
-70,69,19,132,-68,87,-159,53
-71,71,20,133,-68,87,-159,56
-70,73,21,133,-68,87,-159,58
-68,74,22,133,-68,87,-157,62
-67,74,23,133,-68,87,-156,62
-68,75,22,132,-68,85,-157,63
-69,77,21,132,-68,84,-158,64
-69,79,21,130,-68,83,-158,65
-68,80,21,130,-68,84,-155,68
-66,80,23,129,-68,83,-153,68
-65,81,24,129,-68,83,-152,68
-65,81,25,130,-68,82,-151,69
-65,81,25,130,-68,82,-152,69
-65,81,25,130,-68,82,-152,68
-65,81,25,130,-68,82,-152,68
-65,81,25,130,-68,82,-152,69
-65,81,25,130,-68,82,-152,68
-65,81,25,130,-68,82,-152,68
-65,81,25,130,-68,82,-152,68
-65,81,25,130,-68,82,-152,69
-65,81,25,130,-68,82,-152,69
-65,81,25,130,-68,82,-152,68
-66,80,25,130,-68,83,-153,68
-67,80,25,130,-68,82,-153,68
-68,79,25,130,-68,81,-155,67
-68,79,25,130,-68,79,-155,67
-69,79,25,130,-68,77,-156,67
-70,79,25,130,-68,77,-156,67
-69,79,25,130,-68,77,-156,67
-68,78,25,130,-68,77,-155,65
-68,75,25,130,-68,77,-155,63
-67,75,25,130,-68,77,-153,62
-67,74,25,130,-68,77,-153,62
-67,74,25,130,-68,77,-153,62
-67,74,25,130,-68,77,-153,62
-67,75,25,130,-68,77,-153,64
-67,75,25,130,-68,77,-153,62
-67,74,24,130,-68,77,-153,62
-68,73,24,130,-68,77,-155,61
-70,72,24,129,-68,77,-156,59
-71,71,24,128,-68,77,-157,58
-71,71,23,129,-68,77,-158,58
-71,70,23,130,-68,77,-157,58
-70,69,21,132,-68,78,-158,57
-69,68,21,133,-68,77,-158,53
-69,67,21,134,-68,76,-161,52
-69,68,21,134,-69,74,-161,52
-69,68,21,134,-68,72,-158,52
-69,68,21,132,-67,72,-158,52
-70,68,21,131,-67,72,-158,52
-69,68,21,130,-67,72,-158,53
-68,68,19,130,-68,72,-157,53
-65,68,18,130,-69,72,-155,53
-64,67,18,130,-69,72,-152,52
-64,65,20,130,-68,72,-152,51
-65,64,21,132,-68,72,-153,52
-65,64,22,133,-68,72,-155,52
-66,64,23,133,-69,72,-155,52
-66,64,23,133,-68,72,-155,52
-66,64,22,133,-68,72,-156,51
-67,63,21,133,-68,72,-156,48
-67,63,21,134,-68,72,-156,48
-67,63,23,133,-68,72,-156,51
-67,63,24,131,-68,72,-153,51
-67,63,24,131,-68,72,-153,51
-67,64,23,132,-68,72,-156,51
-67,64,22,134,-68,72,-156,52
-67,63,21,134,-68,72,-158,48
-67,61,21,134,-68,72,-156,46
-68,59,21,133,-68,72,-157,45
-69,58,19,131,-68,72,-158,42
-70,57,18,130,-68,72,-158,42
-70,58,18,130,-68,72,-158,43
-70,59,18,130,-68,72,-158,43
-70,59,18,130,-68,72,-158,45
-70,60,19,130,-68,72,-159,45
-71,60,19,129,-68,72,-157,45
-71,60,19,129,-68,72,-157,46
-71,61,19,129,-68,73,-157,46
-70,60,20,128,-68,72,-157,47
-70,60,21,127,-68,71,-155,47
-70,60,21,126,-69,69,-155,47
-71,61,21,126,-69,68,-155,48
-71,61,21,127,-69,67,-155,50
-71,61,21,127,-69,67,-155,48
-71,60,21,127,-69,68,-155,48
-70,59,21,126,-69,68,-153,47
-70,59,21,126,-69,68,-153,46
-69,58,21,126,-69,67,-153,46
-69,57,21,126,-69,67,-152,45
-69,57,21,126,-68,67,-152,45
-69,57,21,126,-68,67,-152,45
-69,57,21,126,-67,68,-152,45
-69,57,21,127,-68,68,-152,45
-69,57,21,126,-68,67,-153,45
-69,57,21,126,-69,66,-152,45
-68,57,21,126,-69,66,-152,45
-68,57,21,127,-69,66,-151,45
-67,57,21,127,-69,67,-151,45
-68,57,22,126,-69,66,-151,45
-68,57,22,126,-69,64,-152,45
-69,57,22,125,-69,63,-152,45
-69,57,22,126,-69,62,-153,45
-69,57,22,126,-69,62,-152,45
-69,57,22,128,-69,63,-155,45
-68,57,24,129,-68,63,-155,45
-69,57,25,130,-67,63,-155,45
-70,58,25,130,-68,62,-156,48
-71,60,25,130,-69,62,-157,50
-71,61,25,130,-69,62,-157,48
-71,61,25,130,-69,62,-157,48
-71,61,25,130,-69,62,-157,48
-71,61,25,130,-69,62,-157,48
-72,61,25,130,-69,62,-158,48
-73,60,25,130,-69,62,-159,47
-74,60,25,130,-69,62,-159,47
-73,60,25,130,-69,63,-159,47
-72,61,25,130,-69,62,-158,48
-71,61,25,130,-69,62,-157,48
-71,61,25,130,-69,62,-157,48
-71,61,25,130,-69,63,-157,48
-71,61,25,130,-69,63,-157,48
-71,61,25,130,-69,62,-157,48
-71,61,24,131,-69,61,-157,48
-71,61,23,132,-69,61,-159,48
-71,61,23,132,-69,61,-159,48
-71,61,23,132,-69,62,-159,48
-71,61,23,132,-69,62,-159,48
-71,61,22,133,-69,61,-159,48
-71,61,22,133,-69,61,-159,48
-71,61,22,133,-69,61,-159,48
-72,62,22,132,-69,61,-161,50
-73,64,22,131,-69,61,-159,51
-73,65,23,130,-69,61,-159,53
-72,66,24,129,-69,62,-159,53
-70,67,23,129,-69,61,-157,54
-69,68,23,128,-69,61,-156,56
-69,68,21,127,-69,60,-156,56
-69,68,21,126,-69,59,-153,56
-69,67,21,127,-69,58,-153,54
-68,66,21,127,-69,57,-152,54
-68,66,21,127,-69,57,-152,53
-68,67,21,127,-69,58,-152,54
-69,67,21,126,-69,58,-153,54
-70,68,21,126,-69,58,-153,56
-69,68,21,126,-69,57,-153,56
-67,68,22,127,-69,57,-151,56
-66,69,22,128,-69,58,-153,57
-67,69,23,128,-69,59,-153,57
-68,69,22,128,-69,60,-155,57
-68,69,22,127,-69,59,-152,57
-68,71,22,127,-69,57,-152,58
-66,72,23,128,-69,57,-153,61
-66,74,23,129,-69,59,-153,62
-67,74,24,129,-69,61,-153,62
-68,74,25,130,-69,63,-155,62
-67,74,25,130,-69,61,-153,64
-66,75,25,130,-69,59,-152,65
-64,76,25,130,-69,58,-151,63
-63,76,25,130,-69,59,-150,64
-62,77,25,130,-69,61,-148,64
-63,76,25,130,-69,61,-150,64
-63,76,25,130,-69,59,-150,64
-63,76,25,130,-69,58,-150,64
-63,76,25,130,-69,59,-150,64
-63,77,25,130,-69,60,-150,64
-63,77,25,130,-69,61,-150,64
-63,76,25,130,-69,61,-150,64
-62,76,25,130,-69,61,-148,64
-63,77,25,130,-69,62,-150,64
-64,78,25,130,-69,63,-150,65
-65,79,25,130,-69,63,-151,67
-65,81,25,130,-69,63,-152,69
-64,82,25,130,-69,62,-151,69
-62,83,25,130,-69,62,-148,70
-61,83,25,130,-69,63,-147,70
-60,83,25,130,-69,62,-147,72
-61,83,25,130,-69,62,-147,70
-61,83,25,130,-69,62,-147,70
-61,83,25,130,-69,62,-147,70
-61,83,25,130,-69,62,-147,70
-61,83,25,130,-69,62,-147,72
-61,83,25,130,-69,62,-147,72
-61,83,25,130,-69,62,-147,70
-61,83,25,130,-69,62,-147,70
-61,83,25,130,-69,62,-147,72
-61,85,25,130,-69,62,-148,73
-62,86,25,130,-69,62,-150,74
-63,87,25,130,-69,62,-150,75
-63,87,25,130,-69,62,-150,74
-62,86,25,130,-69,62,-148,74
-62,86,25,130,-69,62,-148,74
-62,86,25,130,-69,62,-148,74
-62,86,25,130,-69,62,-148,74
-62,87,25,130,-69,62,-150,74
-63,87,25,130,-69,62,-150,75
-63,88,25,130,-69,62,-150,75
-63,88,25,130,-69,62,-150,78
-63,88,25,130,-69,63,-150,75
-63,88,24,131,-69,63,-150,75
-63,88,22,133,-69,63,-152,75
-62,86,21,133,-69,62,-152,72
-61,84,21,134,-69,62,-151,69
-61,83,21,134,-69,63,-150,68
-62,83,21,133,-69,64,-151,68
-63,83,21,133,-69,65,-152,69
-64,84,21,133,-69,65,-153,69
-65,83,21,133,-69,65,-155,68
-65,81,21,133,-69,64,-155,67
-65,81,21,133,-69,63,-155,65
-65,81,21,133,-69,62,-155,65
-65,81,22,134,-69,62,-155,69
-65,81,22,134,-69,62,-155,69
-65,81,21,133,-69,64,-155,67
-65,81,21,133,-69,66,-155,65
-65,81,21,133,-69,68,-153,67
-65,81,22,134,-69,68,-155,69
-65,81,23,134,-69,67,-155,69
-65,81,23,135,-69,65,-157,69
-65,81,23,134,-69,64,-155,69
-65,81,22,134,-69,63,-155,69
-65,81,21,133,-69,63,-155,67
-65,81,21,134,-69,64,-155,67
-65,81,21,134,-69,64,-153,67
-64,80,22,133,-69,64,-153,68
-64,79,23,133,-69,64,-153,67
-64,79,22,132,-69,65,-153,67
-64,79,22,133,-69,65,-153,67
-64,79,22,133,-69,65,-152,67
-63,78,22,133,-69,64,-152,65
-63,77,24,131,-69,64,-150,65
-63,78,25,130,-69,64,-150,65
-64,79,25,130,-69,64,-151,69
-64,78,25,130,-69,64,-150,65
-63,77,25,130,-69,64,-150,64
-63,76,25,130,-69,65,-150,63
-63,76,25,130,-69,66,-150,64
-64,78,25,130,-69,67,-151,68
-64,80,25,130,-69,68,-151,68
-65,80,24,129,-69,68,-152,68
-66,79,23,129,-69,67,-152,67
-67,78,23,128,-69,67,-153,65
-68,78,23,129,-69,67,-155,65
-68,79,24,129,-69,68,-155,67
-67,78,24,129,-69,67,-153,65
-68,76,24,129,-69,67,-155,64
-68,76,24,129,-69,67,-155,63
-68,76,23,129,-69,67,-155,64
-69,77,22,128,-70,68,-156,64
-68,78,21,127,-71,68,-152,65
-69,78,21,127,-70,68,-153,65
-69,78,22,127,-69,67,-156,65
-69,77,22,128,-69,67,-156,65
-68,76,23,128,-69,67,-155,63
-67,75,23,128,-69,67,-153,62
-67,74,24,129,-69,67,-153,62
-68,73,24,130,-69,67,-155,61
-70,72,24,129,-69,67,-157,61
-71,72,24,129,-69,67,-158,59
-72,72,24,129,-69,67,-158,59
-72,72,25,130,-69,67,-158,59
-71,71,25,130,-69,67,-157,61
-70,69,25,130,-69,67,-156,59
-69,68,25,130,-69,67,-156,56
-69,67,25,130,-70,68,-156,54
-69,68,25,130,-71,68,-156,56
-69,68,25,130,-70,68,-156,56
-69,68,25,130,-69,67,-156,56
-69,68,25,130,-69,67,-156,56
-68,66,25,130,-69,67,-155,57
-67,65,25,130,-69,67,-153,54
-67,64,25,130,-69,67,-153,52
-67,63,24,129,-69,67,-153,51
-68,62,24,129,-69,67,-155,50
-69,62,23,129,-69,67,-156,50
-70,62,23,129,-69,67,-156,50
-70,62,24,129,-69,67,-156,50
-70,62,24,130,-69,67,-156,50
-71,61,25,130,-69,67,-157,48
-72,61,24,129,-69,67,-158,48
-72,61,22,128,-69,67,-158,48
-70,62,21,126,-69,67,-153,50
-68,63,21,126,-69,67,-152,51
-67,63,22,128,-70,68,-153,51
-68,63,23,129,-71,68,-155,51
-70,61,22,128,-70,68,-156,50
-71,61,21,126,-69,67,-155,48
-70,62,21,126,-69,67,-153,50
-68,62,22,128,-69,67,-155,50
-68,62,24,130,-69,67,-155,50
-70,62,24,131,-69,67,-156,50
-71,61,23,131,-69,67,-157,48
-70,62,21,129,-69,67,-156,50
-69,62,21,127,-69,67,-155,50
-68,63,21,126,-69,67,-152,51
-68,63,21,127,-69,67,-152,51
-68,63,23,128,-69,67,-153,51
-67,63,24,129,-69,67,-153,51
-67,63,24,129,-69,67,-153,51
-68,63,23,128,-69,67,-155,51
-68,62,22,127,-70,68,-152,50
-68,63,22,127,-71,68,-152,51
-67,63,22,128,-70,68,-153,51
-67,63,22,128,-69,67,-153,51
-68,63,23,128,-69,67,-153,51
-70,62,24,129,-69,67,-156,50
-71,61,25,130,-69,67,-157,48
-72,61,25,130,-69,67,-158,51
-71,61,24,130,-69,67,-157,48
-71,61,23,129,-69,67,-157,48
-71,61,23,128,-69,67,-157,48
-71,61,22,127,-69,67,-157,48
-71,61,21,127,-69,67,-155,48
-71,61,21,126,-69,67,-155,48
-71,61,21,126,-69,68,-155,50
-72,61,21,126,-69,67,-156,50
-71,61,21,127,-70,68,-155,48
-70,60,21,127,-71,68,-155,47
-69,58,21,126,-70,68,-153,46
-69,57,21,126,-69,68,-152,45
-69,56,21,126,-69,67,-153,43
-70,56,21,127,-69,66,-153,43
-70,56,21,127,-69,65,-155,43
-70,56,21,126,-69,65,-153,43
-71,56,20,126,-69,65,-155,43
-72,55,20,125,-69,64,-156,42
-73,54,20,126,-69,64,-157,42
-73,54,21,126,-69,65,-157,42
-73,54,21,127,-69,66,-157,42
-73,54,21,127,-69,66,-157,42
-73,54,21,126,-69,65,-157,42
-73,54,21,126,-69,63,-157,42
-73,54,21,126,-69,62,-157,42
-73,54,21,126,-69,62,-157,42
-73,54,21,126,-69,63,-157,42
-73,54,21,126,-69,63,-157,42
-73,54,21,126,-69,63,-157,42
-73,54,21,126,-69,62,-157,42
-72,55,21,126,-69,62,-156,42
-71,55,21,126,-69,62,-155,43
-71,56,21,126,-69,63,-155,43
-70,56,21,126,-69,62,-153,43
-69,57,21,126,-69,62,-152,45
-69,57,21,126,-69,62,-152,45
-69,57,21,126,-69,63,-152,45
-70,56,21,126,-69,63,-153,43
-70,56,21,126,-69,62,-155,43
-71,56,21,126,-69,61,-155,43
-71,56,21,126,-69,59,-155,43
-70,56,21,126,-69,58,-155,43
-70,56,21,126,-69,57,-153,43
-68,55,21,126,-69,57,-152,43
-68,55,21,126,-69,58,-152,43
-70,55,21,126,-70,58,-153,43
-72,55,21,126,-70,58,-156,42
-72,54,21,126,-69,57,-156,41
-71,52,21,126,-69,57,-155,40
-70,51,21,126,-69,57,-153,39
-69,50,21,126,-70,57,-153,39
-69,51,21,126,-71,58,-153,39
-68,52,21,126,-72,58,-152,40
-67,52,21,127,-71,58,-151,40
-66,52,21,127,-70,57,-150,40
-66,52,21,127,-69,57,-150,40
-67,54,21,126,-69,57,-151,41
-68,56,21,126,-69,57,-152,43
-69,57,21,127,-70,57,-153,45
-69,57,20,127,-70,57,-156,45
-69,57,20,128,-69,57,-155,42
-68,57,19,129,-69,57,-155,42
-69,57,18,130,-69,57,-157,42
-69,58,18,130,-69,57,-158,43
-71,60,18,130,-69,57,-159,45
-72,61,18,130,-69,57,-161,46
-71,61,19,129,-69,57,-157,46
-70,62,19,129,-69,57,-156,47
-69,64,19,129,-69,57,-155,50
-68,66,20,128,-69,58,-155,53
-69,68,21,127,-69,58,-153,56
-69,68,21,126,-70,57,-153,56
-69,68,21,126,-70,57,-153,56
-69,67,21,127,-69,57,-153,54
-69,67,21,127,-69,58,-153,54
-70,69,21,127,-69,59,-156,57
-70,72,21,127,-70,59,-153,59
-68,74,21,126,-71,59,-152,62
-67,75,21,126,-72,58,-151,63
-67,75,21,127,-71,59,-151,63
-67,74,23,128,-70,61,-153,62
-68,73,23,129,-69,62,-155,61
-69,73,24,129,-69,63,-156,61
-68,74,24,129,-69,63,-155,62
-68,74,24,129,-69,62,-155,62
-67,75,25,130,-69,62,-153,63
-68,75,25,130,-69,62,-155,65
-68,76,25,130,-69,63,-155,67
-68,75,25,130,-69,62,-155,63
-67,75,25,130,-69,62,-153,63
-67,74,25,130,-69,62,-153,64
-68,74,26,129,-69,62,-155,64
-67,74,26,129,-69,62,-153,64
-66,75,26,129,-69,62,-152,65
-64,76,25,130,-71,63,-151,67
-63,76,25,129,-72,63,-150,67
-62,77,26,129,-72,63,-146,67
-63,76,27,128,-72,63,-147,67
-63,76,26,128,-71,63,-147,67
-63,76,25,127,-71,63,-147,67
-63,76,25,127,-70,63,-147,67
-63,76,25,128,-70,62,-147,67
-63,76,25,130,-69,62,-150,64
-63,76,25,130,-69,63,-150,64
-63,76,25,130,-69,64,-150,64
-63,76,25,130,-69,66,-150,64
-63,76,25,130,-71,68,-150,64
-63,76,25,130,-73,68,-150,67
-63,76,25,130,-74,68,-150,67
-63,76,25,130,-72,68,-150,64
-63,76,23,129,-70,67,-150,64
-63,76,22,128,-69,67,-150,64
-63,76,22,128,-70,68,-150,64
-63,76,23,129,-72,68,-150,64
-63,76,25,130,-73,68,-150,64
-63,76,25,130,-72,68,-150,67
-63,76,25,130,-71,68,-150,67
-63,76,25,130,-70,67,-150,64
-63,76,25,130,-71,68,-150,64
-63,76,25,130,-72,68,-150,67
-63,76,25,130,-74,68,-150,67
-63,76,25,130,-74,69,-150,64
-63,76,24,129,-74,70,-150,64
-63,76,23,129,-73,69,-150,64
-63,76,24,129,-72,68,-150,64
-63,76,25,130,-72,68,-150,64
-63,76,25,130,-72,69,-150,67
-63,76,25,130,-73,71,-150,64
-63,77,25,130,-73,71,-150,64
-62,77,25,130,-72,69,-148,64
-61,77,25,130,-72,68,-148,64
-61,77,25,130,-72,68,-147,65
-62,77,25,130,-73,69,-148,64
-62,77,25,130,-74,71,-148,65
-62,79,25,129,-74,72,-150,69
-61,80,26,128,-73,72,-146,70
-60,79,27,128,-73,72,-145,69
-60,79,26,128,-73,71,-145,69
-60,78,25,129,-74,71,-147,68
-60,78,25,130,-73,71,-146,65
-60,78,24,130,-73,72,-146,65
-60,78,25,130,-73,73,-146,65
-60,78,26,129,-73,73,-147,68
-60,78,26,129,-73,72,-144,68
-60,78,26,129,-73,72,-146,68
-60,78,25,130,-73,72,-147,68
-61,77,24,130,-73,73,-147,65
-63,76,24,129,-73,72,-150,64
-63,76,23,129,-73,72,-150,64
-63,76,23,129,-73,72,-150,64
-63,76,24,129,-73,72,-150,64
-63,76,24,130,-73,72,-150,64
-63,76,25,130,-73,72,-150,64
-63,76,25,130,-73,72,-150,67
-63,76,25,130,-73,72,-150,67
-63,76,25,130,-73,72,-150,67
-62,77,25,130,-73,72,-148,67
-63,76,25,130,-74,73,-150,64
-64,76,24,129,-73,72,-151,63
-66,75,23,129,-73,72,-152,63
-67,75,24,129,-73,72,-153,63
-67,74,25,130,-74,73,-153,62
-67,73,25,130,-74,73,-153,61
-66,71,24,130,-73,72,-152,59
-65,70,24,128,-72,71,-152,58
-64,70,25,128,-72,69,-148,59
-64,71,26,128,-72,70,-147,61
-63,71,26,129,-73,71,-150,62
-64,71,25,130,-74,71,-150,61
-64,70,24,130,-74,70,-151,58
-65,70,25,130,-74,69,-151,57
-65,70,26,129,-73,70,-151,59
-65,70,26,129,-73,70,-148,61
-65,70,26,129,-74,70,-151,61
-65,70,25,128,-74,68,-148,61
-65,70,24,128,-74,68,-148,57
-65,70,24,127,-73,69,-150,58
-65,70,24,128,-72,71,-148,58
-65,70,24,127,-72,71,-148,61
-65,70,25,125,-72,70,-148,59
-65,70,24,124,-73,68,-147,61
-66,71,25,123,-74,67,-147,61
-66,73,25,123,-74,68,-148,63
-66,75,25,123,-74,68,-147,65
-64,76,24,124,-74,68,-146,67
-63,77,24,124,-74,68,-145,67
-62,77,24,124,-74,68,-144,67
-63,76,24,124,-74,68,-145,67
-63,76,23,125,-74,68,-147,64
-63,76,22,126,-74,68,-147,64
-61,77,22,126,-74,68,-146,64
-60,79,23,127,-73,68,-144,67
-59,79,25,128,-72,68,-144,69
-58,79,26,129,-72,68,-145,69
-58,79,25,130,-72,68,-145,69
-59,79,25,130,-73,68,-145,67
-59,80,25,130,-74,68,-146,68
-60,82,25,130,-74,68,-147,69
-61,83,25,130,-74,68,-147,70
-61,83,25,130,-74,68,-148,72
-61,83,25,130,-74,68,-147,72
-61,83,25,130,-74,68,-147,70
-61,83,25,130,-74,68,-147,70
-61,83,25,130,-74,68,-147,70
-61,83,25,130,-73,68,-148,70
-61,83,25,130,-72,68,-147,70
-60,84,25,130,-72,68,-146,72
-57,85,25,130,-72,68,-145,73
-56,86,25,130,-73,68,-142,73
-56,86,25,130,-74,68,-142,73
-57,85,25,130,-74,68,-145,73
-60,84,25,130,-74,68,-146,72
-61,83,25,130,-74,68,-148,72
-61,83,25,130,-74,68,-147,70
-60,82,25,130,-74,68,-147,69
-60,81,25,130,-74,68,-146,68
-60,79,25,130,-74,68,-147,67
-62,79,24,130,-74,68,-148,67
-63,78,25,130,-74,66,-150,68
-64,77,26,129,-74,64,-150,67
-64,76,27,127,-74,63,-148,67
-66,75,26,126,-73,62,-150,64
-66,73,25,126,-72,63,-151,63
-66,72,24,126,-73,63,-150,62
-65,71,24,126,-73,63,-148,61
-65,70,25,125,-73,63,-148,59
-65,68,25,124,-72,63,-147,58
-66,65,25,123,-72,63,-148,56
-67,64,25,123,-74,63,-148,54
-66,63,25,123,-75,63,-148,53
-66,62,25,123,-75,62,-148,52
-67,60,24,123,-74,61,-148,51
-68,57,23,124,-72,61,-150,47
-68,55,22,126,-72,62,-152,42
-67,54,22,126,-73,62,-151,41
-67,53,23,126,-73,61,-151,40
-68,52,23,125,-73,60,-152,40
-69,51,22,124,-73,58,-153,39
-70,49,21,125,-73,57,-155,36
-70,47,20,124,-74,58,-153,35
-68,46,19,123,-75,58,-152,34
-68,46,19,122,-75,58,-150,34
-68,46,19,122,-74,58,-150,34
-70,45,18,123,-74,58,-153,30
-72,44,17,124,-74,58,-156,30
-73,44,18,124,-75,58,-156,29
-73,43,18,123,-74,58,-157,29
-73,43,19,122,-74,58,-155,31
-72,43,19,122,-74,58,-153,30
-72,42,18,122,-74,58,-156,29
-72,41,18,123,-74,58,-155,26
-72,42,18,123,-74,58,-156,26
-72,43,18,123,-74,58,-156,28
-73,43,18,123,-74,57,-156,29
-73,44,18,123,-74,56,-156,29
-73,44,18,123,-74,55,-156,29
-73,44,18,123,-74,54,-157,29
-73,43,18,123,-74,55,-156,29
-72,43,18,123,-74,55,-156,29
-73,44,18,124,-74,54,-156,29
-74,45,18,124,-75,54,-157,30
-75,46,19,125,-75,53,-158,34
-75,48,19,125,-75,53,-159,35
-74,49,19,125,-75,53,-158,36
-72,50,19,124,-75,53,-156,37
-71,50,18,124,-75,53,-155,35
-72,51,19,125,-75,53,-156,39
-73,53,20,126,-75,53,-157,41
-73,54,21,126,-75,53,-157,42
-72,56,21,127,-75,53,-158,43
-70,56,21,127,-75,54,-156,43
-69,57,21,126,-75,53,-152,45
-68,57,22,126,-75,52,-152,45
-69,57,23,125,-75,50,-152,45
-69,58,24,124,-75,48,-151,48
-71,60,23,124,-75,47,-152,50
-72,61,24,124,-75,48,-153,51
-71,61,24,123,-75,50,-153,52
-70,62,25,123,-75,50,-152,52
-68,63,25,123,-75,50,-150,53
-67,63,25,123,-75,49,-148,53
-67,64,24,123,-75,48,-148,54
-67,65,24,122,-75,48,-148,54
-68,65,23,122,-75,48,-150,56
-68,66,23,122,-75,48,-150,56
-69,67,23,122,-75,48,-151,57
-69,68,23,122,-75,48,-151,58
-69,68,24,122,-75,48,-151,58
-69,68,24,123,-75,49,-151,58
-69,68,25,123,-75,50,-151,58
-69,68,25,123,-75,50,-151,58
-69,68,25,123,-75,50,-151,58
-69,68,24,123,-75,49,-151,58
-69,68,24,122,-75,48,-151,58
-69,68,23,122,-75,48,-151,58
-69,68,24,122,-75,48,-151,58
-69,68,24,123,-75,48,-151,58
-69,68,25,123,-75,48,-151,58
-69,68,25,123,-75,48,-151,58
-68,66,24,123,-75,48,-150,57
-67,65,25,123,-75,48,-148,54
-67,64,25,123,-75,48,-148,53
-67,63,25,123,-75,48,-148,53
-68,63,24,123,-75,48,-150,53
-69,62,24,124,-75,48,-151,52
-69,62,23,124,-75,48,-151,52
-69,62,24,124,-75,48,-151,52
-69,62,24,124,-75,48,-151,52
-70,61,24,124,-75,48,-152,52
-71,61,24,124,-75,48,-152,51
-70,62,24,124,-75,48,-152,52
-68,62,24,124,-75,48,-150,52
-67,63,24,124,-75,48,-148,53
-66,64,22,125,-75,48,-151,51
-67,64,22,126,-75,48,-151,51
-67,64,22,126,-75,48,-151,51
-67,63,23,125,-75,48,-151,51
-67,63,23,125,-75,48,-151,51
-67,63,23,125,-75,48,-151,51
-67,65,24,124,-75,48,-148,54
-67,67,24,123,-75,48,-148,57
-66,69,25,123,-75,48,-147,59
-65,70,24,124,-75,48,-147,61
-65,70,23,125,-75,48,-148,58
-65,70,22,125,-75,48,-148,58
-65,70,23,125,-75,48,-148,57
-65,70,24,124,-75,48,-146,59
-65,70,23,124,-75,48,-146,59
-65,70,22,126,-75,48,-148,58
-66,72,21,126,-75,48,-150,59
-66,73,22,126,-75,48,-150,61
-66,73,24,125,-75,48,-151,63
-66,73,25,123,-75,48,-148,63
-67,73,25,122,-75,48,-148,63
-67,74,25,123,-75,49,-148,64
-67,75,26,124,-75,50,-148,64
-66,75,27,126,-75,50,-147,65
-64,76,28,126,-75,50,-148,65
-63,76,27,127,-75,49,-147,67
-62,77,25,126,-75,48,-146,67
-63,77,25,125,-75,47,-147,67
-63,76,25,125,-75,48,-145,67
-63,76,24,124,-75,50,-145,67
-63,76,23,124,-75,52,-145,67
-63,77,24,124,-75,53,-145,67
-63,78,24,123,-75,54,-145,68
-64,78,25,123,-75,53,-146,68
-64,79,25,123,-75,53,-146,69
-65,80,25,123,-75,53,-147,70
-65,81,24,123,-75,53,-147,70
-65,81,24,123,-75,53,-147,72
-65,81,25,123,-75,53,-147,72
-66,81,25,123,-75,53,-148,72
-67,80,25,123,-75,53,-148,70
-67,78,25,123,-75,53,-148,68
-66,76,25,123,-75,53,-147,67
-65,75,25,123,-75,53,-147,65
-64,75,25,123,-75,53,-146,65
-64,76,25,123,-75,53,-145,67
-64,76,25,123,-75,53,-146,67
-66,75,25,123,-75,53,-147,65
-67,74,25,123,-75,53,-148,64
-68,74,25,123,-75,53,-150,64
-67,74,25,123,-75,53,-148,64
-67,74,25,123,-75,53,-148,64
-67,74,25,123,-75,53,-148,64
-67,74,25,123,-75,53,-148,64
-67,74,25,123,-75,53,-148,64
-67,74,25,123,-75,53,-148,64
-67,74,25,123,-74,54,-148,64
-67,75,25,123,-74,57,-148,64
-67,75,25,123,-74,58,-148,64
-67,74,25,123,-74,58,-148,64
-66,73,25,123,-74,58,-148,63
-66,73,25,123,-74,58,-148,63
-66,73,25,123,-74,58,-148,63
-66,72,25,123,-74,58,-147,63
-66,72,25,123,-74,58,-147,62
-65,72,25,123,-74,58,-147,62
-65,72,25,123,-74,58,-147,62
-65,71,25,123,-75,58,-147,61
-65,71,25,123,-75,58,-146,61
-65,70,25,123,-74,58,-146,61
-65,70,25,123,-74,58,-146,59
-65,70,25,123,-74,58,-146,61
-65,71,25,123,-75,58,-146,61
-65,70,25,123,-76,58,-146,61
-64,69,25,123,-76,58,-146,59
-63,67,25,123,-76,58,-145,57
-63,66,25,123,-75,58,-145,56
-62,65,25,123,-74,58,-144,56
-62,66,25,123,-75,58,-144,56
-62,66,25,123,-75,58,-144,56
-63,66,25,123,-76,58,-145,56
-64,65,25,123,-76,58,-145,54
-64,65,25,123,-76,60,-146,54
-64,65,25,123,-76,62,-145,54
-63,65,25,123,-75,63,-145,56
-62,66,25,123,-75,63,-144,56
-62,66,25,123,-74,61,-144,56
-62,66,25,123,-74,61,-144,56
-63,65,25,123,-74,61,-145,56
-63,65,25,123,-74,62,-145,56
-62,66,25,123,-74,62,-144,56
-62,66,25,123,-74,61,-144,56
-62,66,25,123,-74,61,-144,56
-62,66,25,123,-74,62,-144,56
-62,66,25,123,-74,63,-144,56
-62,66,25,123,-75,63,-144,56
-63,65,25,123,-76,63,-145,56
-63,65,25,123,-76,63,-145,56
-63,65,25,123,-75,63,-145,56
-62,66,25,123,-75,63,-144,56
-62,66,25,123,-75,63,-144,56
-62,66,25,123,-78,63,-144,56
-64,65,25,123,-79,63,-146,56
-66,64,25,123,-78,63,-147,54
-67,63,25,123,-76,63,-148,53
-65,63,25,123,-75,63,-147,53
-62,62,25,123,-75,63,-144,52
-61,61,25,123,-75,63,-144,51
-63,60,25,123,-75,63,-144,50
-64,59,25,123,-75,63,-146,50
-65,59,25,123,-76,63,-146,50
-65,59,25,123,-77,63,-146,50
-64,59,25,123,-78,63,-146,50
-65,59,25,123,-78,63,-146,50
-65,60,25,123,-77,63,-146,50
-65,59,25,123,-76,63,-146,50
-64,58,25,123,-75,64,-145,48
-63,56,25,123,-74,66,-144,46
-62,55,25,123,-73,68,-144,45
-63,56,25,123,-74,68,-144,46
-64,57,25,123,-75,68,-145,47
-65,59,24,122,-76,68,-146,50
-65,59,22,121,-76,68,-146,50
-65,59,21,120,-76,68,-144,47
-64,59,21,119,-75,68,-144,47
-65,59,21,119,-75,68,-144,47
-66,58,21,120,-75,68,-145,46
-67,57,22,121,-75,68,-148,47
-67,57,22,121,-74,68,-148,47
-66,58,22,121,-73,68,-147,48
-66,58,21,120,-74,68,-145,46
-67,57,21,120,-75,68,-146,45
-69,57,21,120,-76,68,-147,45
-69,57,21,120,-76,68,-148,45
-69,57,21,120,-76,68,-147,45
-68,57,21,120,-75,68,-146,45
-67,57,21,120,-75,68,-146,45
-67,57,21,120,-75,68,-146,45
-67,58,21,120,-75,68,-146,46
-66,58,21,120,-75,68,-145,46
-66,58,21,120,-75,68,-145,46
-67,57,21,120,-75,68,-146,45
-69,57,21,120,-75,68,-147,45
-69,57,21,120,-76,68,-148,45
-69,57,21,120,-77,68,-148,45
-69,57,21,120,-77,68,-147,45
-68,57,21,120,-75,68,-147,45
-68,56,21,120,-74,68,-147,43
-68,55,22,121,-73,68,-150,45
-68,56,22,121,-74,68,-150,46
-68,57,22,120,-75,68,-150,45
-69,57,21,120,-75,68,-147,45
-69,57,21,120,-75,68,-147,45
-69,57,22,121,-76,68,-150,47
-69,57,23,122,-77,68,-150,47
-69,57,23,122,-77,68,-150,47
-69,57,22,121,-75,68,-150,47
-69,57,22,121,-74,68,-150,47
-68,57,23,122,-74,68,-150,47
-68,56,24,122,-75,68,-150,46
-68,55,24,122,-77,68,-150,45
-68,56,23,122,-78,68,-150,46
-68,57,23,122,-78,68,-150,47
-69,57,23,122,-78,68,-150,47
-69,57,24,122,-77,68,-150,47
-69,57,25,123,-76,68,-151,47
-69,57,25,123,-76,68,-150,47
-69,57,24,122,-76,67,-150,47
-68,57,23,122,-76,66,-150,47
-69,57,23,122,-76,65,-151,47
-70,58,24,123,-76,65,-151,48
-70,60,25,123,-77,67,-151,50
-69,61,25,124,-79,68,-151,51
-68,61,25,123,-79,68,-150,51
-68,59,23,122,-79,68,-150,50
-69,58,22,121,-77,67,-151,48
-69,57,21,120,-77,66,-148,45
-69,57,21,119,-77,65,-147,45
-69,57,21,120,-79,65,-147,45
-69,57,21,120,-79,65,-147,45
-69,57,21,120,-78,66,-148,45
-69,57,21,120,-76,67,-147,45
-69,56,21,120,-75,66,-147,43
-68,55,21,120,-76,65,-147,43
-68,55,21,120,-78,63,-147,43
-67,57,21,120,-79,63,-146,45
-65,58,21,120,-79,63,-145,46
-64,58,21,120,-78,63,-144,46
-63,58,21,120,-77,63,-142,46
-64,58,21,120,-77,63,-142,46
-65,59,21,120,-79,63,-144,46
-65,59,21,120,-79,63,-144,47
-65,59,21,120,-79,63,-144,47
-64,59,21,120,-79,63,-144,47
-64,59,21,120,-79,63,-144,47
-65,59,21,120,-79,63,-144,47
-65,59,21,120,-79,63,-144,47
-64,59,21,120,-79,63,-144,47
-64,59,21,120,-79,63,-144,47
-65,59,21,120,-79,63,-144,47
-65,59,21,120,-79,63,-144,47
-65,58,21,120,-79,63,-145,46
-66,58,21,120,-79,63,-145,46
-66,58,21,120,-79,63,-145,46
-67,59,22,120,-79,63,-148,47
-68,61,22,121,-79,63,-150,52
-68,63,23,122,-79,63,-150,53
-68,64,24,122,-79,63,-150,53
-67,64,25,123,-79,63,-148,53
-67,63,25,123,-79,63,-148,53
-67,63,25,123,-79,63,-148,53
-67,63,25,123,-79,63,-148,53
-67,64,25,123,-79,63,-148,53
-67,64,25,123,-79,63,-148,53
-67,63,25,123,-79,63,-148,53
-67,63,25,123,-79,62,-148,53
-67,63,25,123,-79,61,-148,53
-66,65,25,123,-79,62,-147,54
-65,66,25,123,-79,63,-146,57
-64,67,25,123,-79,63,-145,57
-63,67,25,123,-79,64,-145,57
-63,66,24,123,-79,63,-145,56
-63,65,23,122,-79,62,-145,56
-63,65,23,122,-78,62,-145,56
-62,66,24,122,-77,62,-144,56
-62,66,24,122,-78,62,-144,56
-63,65,23,122,-79,61,-145,56
-63,66,22,121,-79,60,-145,56
-63,67,22,121,-79,59,-145,57
-62,68,23,122,-79,59,-144,58
-61,70,23,122,-79,60,-142,61
-60,72,23,121,-79,60,-141,62
-61,72,23,122,-79,60,-144,62
-64,71,23,122,-79,60,-145,61
-65,70,23,122,-79,61,-147,61
-65,70,22,121,-79,62,-146,61
-64,71,22,121,-79,63,-145,61
-63,71,23,122,-79,63,-145,62
-65,72,24,122,-79,62,-146,62
-65,72,25,122,-79,61,-145,62
-65,72,25,121,-79,61,-144,62
-63,73,24,121,-79,61,-142,63
-62,75,25,121,-79,60,-141,65
-62,76,27,121,-79,59,-141,69
-63,77,28,120,-79,59,-142,69
-63,77,28,119,-79,59,-140,69
-63,76,28,119,-79,60,-140,69
-63,76,27,119,-79,61,-140,69
-63,77,27,119,-79,62,-140,69
-63,77,27,118,-79,63,-140,69
-63,76,27,118,-79,63,-140,69
-62,75,25,120,-79,63,-141,65
-61,74,25,122,-79,63,-142,64
-61,72,24,123,-79,63,-142,63
-61,71,26,122,-79,63,-144,62
-64,71,27,121,-79,63,-142,63
-65,70,28,119,-79,63,-144,63
-65,70,27,120,-79,63,-145,62
-65,70,25,122,-79,63,-147,61
-65,71,24,123,-79,63,-146,61
-64,70,24,124,-79,63,-146,61
-64,69,24,123,-78,63,-146,59
-65,66,25,123,-77,63,-146,57
-66,64,25,122,-78,63,-147,54
-66,63,26,122,-79,63,-146,53
-67,63,26,121,-79,63,-146,53
-67,64,27,121,-79,63,-146,56
-67,63,28,120,-79,63,-146,56
-67,63,28,119,-79,63,-144,56
-67,64,27,118,-79,63,-144,56
-67,64,26,118,-79,63,-144,57
-67,63,25,118,-79,63,-144,53
-66,62,25,119,-79,63,-145,52
-65,61,24,119,-79,63,-145,51
-65,60,23,118,-79,63,-145,51
-66,61,23,117,-79,63,-144,52
-67,63,24,117,-79,63,-144,53
-66,65,23,117,-79,63,-142,54
-64,65,23,118,-79,63,-144,56
-63,65,22,119,-79,63,-142,56
-62,66,22,118,-79,63,-141,56
-62,65,23,118,-79,63,-141,56
-62,66,23,117,-78,63,-139,57
-63,67,23,117,-77,63,-140,57
-64,69,23,117,-78,63,-141,59
-65,70,23,118,-79,63,-145,59
-65,71,24,117,-79,63,-141,61
-64,71,23,117,-79,63,-140,61
-62,72,23,118,-79,63,-141,62
-61,72,22,118,-79,63,-140,63
-60,72,23,119,-79,63,-139,63
-60,72,24,119,-79,63,-140,63
-61,72,25,119,-79,62,-140,63
-61,72,24,118,-79,61,-140,63
-60,72,24,118,-79,60,-137,63
-60,72,25,118,-79,61,-137,63
-61,72,26,118,-79,62,-137,65
-61,72,27,119,-79,63,-137,65
-60,72,27,119,-79,62,-137,65
-60,72,27,119,-79,60,-139,65
-61,72,27,119,-79,60,-140,65
-62,72,27,119,-79,60,-139,64
-64,70,27,119,-79,60,-140,63
-64,68,27,119,-79,59,-141,61
-62,68,28,119,-79,58,-139,61
-60,68,28,120,-79,58,-140,62
-60,68,27,121,-79,58,-140,62
-62,67,27,121,-79,58,-141,59
-63,67,27,121,-79,58,-142,59
-62,68,26,121,-79,58,-141,58
-61,69,26,120,-79,58,-140,59
-60,68,25,119,-79,58,-139,59
-61,67,27,119,-79,58,-140,59
-63,65,28,119,-79,58,-140,58
-63,65,28,119,-79,58,-140,58
-61,66,28,120,-79,58,-141,58
-61,67,27,121,-79,58,-140,59
-61,67,26,122,-79,58,-142,57
-62,66,25,123,-79,58,-144,56
-63,65,24,124,-79,58,-145,56
-63,65,24,122,-79,58,-145,56
-62,66,24,120,-79,58,-141,56
-62,66,25,119,-79,58,-141,56
-62,66,26,118,-79,59,-139,59
-62,65,26,120,-79,58,-141,58
-62,65,25,122,-79,57,-144,54
-61,64,25,123,-79,55,-144,54
-62,65,24,124,-79,54,-144,54
-62,65,25,123,-79,54,-144,56
-62,66,25,123,-79,55,-144,56
-62,66,25,123,-79,56,-144,56
-62,66,24,122,-79,57,-144,56
-63,65,23,122,-79,57,-145,56
-62,66,22,121,-79,55,-144,56
-62,66,22,120,-79,54,-144,53
-62,66,22,121,-79,53,-144,56
-63,65,24,122,-79,53,-145,56
-63,65,24,123,-79,54,-145,56
-62,66,24,122,-79,54,-144,56
-61,66,23,122,-79,53,-142,57
-59,67,23,122,-79,53,-141,57
-58,68,24,122,-79,54,-140,58
-57,68,25,123,-79,54,-139,58
-58,68,25,123,-79,53,-140,58
-60,67,25,123,-79,52,-141,57
-60,67,24,123,-79,51,-141,57
-59,67,24,122,-79,50,-141,57
-58,68,23,122,-79,50,-140,58
-58,68,23,122,-79,50,-140,58
-58,68,24,123,-79,50,-140,58
-58,68,25,123,-79,50,-140,58
-58,68,26,122,-80,49,-140,58
-58,67,27,121,-80,48,-137,59
-57,66,28,120,-80,48,-136,59
-57,65,28,119,-80,48,-134,58
-57,66,28,119,-80,49,-136,59
-57,67,28,120,-80,49,-136,61
-58,68,28,120,-80,48,-137,61
-58,68,28,120,-80,49,-137,61
-58,68,28,120,-80,48,-137,61
-58,68,28,119,-80,48,-137,61
-58,68,28,120,-80,49,-137,61
-58,68,28,120,-80,49,-137,61
-58,68,28,120,-80,49,-137,61
-58,68,26,120,-80,48,-137,58
-58,68,25,119,-80,47,-137,58
-59,67,25,119,-80,47,-139,58
-61,66,26,119,-80,47,-137,57
-62,66,26,118,-80,46,-139,58
-63,65,25,117,-80,45,-140,56
-63,65,24,116,-80,44,-140,56
-62,66,24,116,-80,43,-139,56
-62,66,25,117,-80,43,-139,56
-62,66,26,118,-80,44,-139,58
-63,65,25,117,-80,44,-140,58
-62,66,24,117,-80,44,-139,56
-62,66,23,117,-80,43,-139,56
-62,66,23,118,-80,43,-141,56
-62,66,23,117,-80,43,-139,56
-62,66,24,117,-80,44,-139,57
-62,66,24,116,-80,43,-139,57
-62,66,24,116,-80,43,-139,56
-62,65,24,116,-80,43,-139,56
-62,64,25,116,-80,44,-139,54
-61,63,25,116,-80,44,-137,53
-61,62,24,116,-80,43,-137,53
-60,61,22,117,-80,42,-137,52
-61,61,21,118,-80,40,-140,50
-61,61,21,118,-80,39,-140,48
-62,60,23,117,-80,38,-141,51
-61,61,24,116,-80,39,-139,51
-60,61,25,116,-80,39,-137,52
-60,61,24,116,-80,39,-136,52
-60,61,24,116,-80,39,-137,52
-61,61,24,116,-80,39,-137,52
-62,61,24,116,-80,39,-139,52
-62,60,24,116,-80,39,-139,51
-61,59,24,116,-80,39,-137,50
-60,58,24,116,-80,39,-136,48
-59,57,24,116,-80,39,-135,47
-59,57,24,116,-80,39,-135,48
-60,57,24,116,-80,39,-136,48
-61,57,24,116,-80,39,-137,47
-62,57,24,116,-80,39,-139,48
-62,58,24,116,-80,39,-139,48
-62,58,24,116,-80,39,-139,48
-63,57,24,116,-80,39,-140,47
-63,56,24,116,-80,39,-140,47
-63,56,24,116,-80,39,-140,46
-63,55,24,116,-80,38,-139,46
-62,55,24,116,-80,37,-139,46
-63,56,24,116,-80,37,-139,46
-64,57,24,116,-80,38,-140,47
-64,59,24,116,-80,38,-141,50
-65,60,24,116,-80,37,-141,50
-65,59,24,116,-80,36,-141,50
-64,59,24,116,-80,35,-141,50
-65,59,24,116,-80,36,-141,50
-64,59,24,116,-80,36,-141,50
-64,59,24,116,-80,36,-141,50
-64,59,24,116,-80,35,-141,50
-65,59,24,116,-81,34,-141,50
-65,59,24,116,-81,33,-141,48
-64,59,25,116,-81,33,-141,50
-63,60,25,116,-81,34,-140,50
-61,61,24,116,-80,35,-139,51
-61,61,23,115,-80,36,-137,52
-60,62,23,115,-80,35,-136,52
-60,61,23,115,-81,34,-136,52
-60,61,24,116,-81,34,-137,51
-61,61,25,116,-81,34,-137,52
-61,63,25,116,-81,34,-137,53
-62,65,24,116,-81,34,-139,54
-63,65,23,115,-81,34,-140,56
-63,66,23,115,-81,34,-140,57
-63,66,23,115,-81,34,-140,56
-62,66,24,116,-80,34,-139,56
-61,66,25,116,-79,34,-137,57
-61,66,25,116,-79,34,-137,57
-61,66,24,116,-79,34,-137,57
-61,67,24,116,-80,34,-137,57
-60,67,24,116,-81,34,-136,57
-58,68,24,116,-81,34,-135,58
-58,68,24,116,-81,34,-135,58
-58,68,24,116,-81,34,-135,58
-58,68,24,116,-80,34,-135,58
-58,68,24,116,-79,32,-135,58
-58,68,24,116,-79,30,-135,58
-60,67,24,116,-80,29,-136,57
-61,67,24,116,-81,28,-137,57
-61,66,24,116,-81,30,-137,57
-61,66,24,116,-81,31,-137,57
-61,66,24,116,-81,31,-137,57
-62,66,24,116,-81,30,-139,56
-63,65,25,116,-81,30,-140,56
-63,65,24,116,-81,30,-140,56
-63,66,24,116,-81,31,-140,56
-62,66,24,117,-81,30,-139,57
-62,66,24,118,-81,29,-139,56
-62,65,24,119,-81,29,-141,56
-62,66,25,119,-81,30,-141,56
-63,67,25,118,-81,31,-140,57
-64,69,25,116,-81,31,-141,59
-64,69,24,116,-81,29,-141,59
-63,68,24,116,-81,29,-140,58
-62,66,24,116,-81,29,-139,56
-62,65,24,116,-81,29,-139,56
-62,66,25,116,-81,29,-139,57
-63,67,24,116,-81,29,-140,57
-63,68,25,116,-81,29,-140,58
-63,67,25,116,-81,29,-140,57
-63,66,24,116,-81,29,-140,57
-62,66,24,116,-81,29,-139,56
-62,65,24,116,-81,29,-139,56
-62,65,25,117,-81,29,-139,56
-63,66,25,117,-81,29,-140,59
-64,67,26,118,-81,29,-141,59
-64,68,25,117,-81,29,-141,61
-63,69,24,117,-81,29,-140,59
-60,69,23,117,-81,29,-137,59
-59,69,23,117,-81,29,-136,59
-59,70,24,117,-81,29,-135,61
-59,70,24,117,-81,29,-136,61
-60,71,24,117,-81,29,-136,61
-60,70,23,117,-81,29,-136,61
-60,69,23,117,-81,29,-136,59
-58,69,24,117,-81,29,-135,59
-57,69,25,117,-81,29,-134,59
-55,69,26,117,-81,29,-133,62
-55,69,26,118,-81,29,-133,62
-57,69,26,118,-81,29,-134,62
-57,69,25,117,-81,29,-134,59
-56,71,25,117,-81,29,-133,61
-55,71,25,117,-81,29,-131,62
-56,71,25,118,-81,29,-133,62
-58,70,26,118,-81,29,-135,63
-59,71,27,119,-81,29,-136,63
-59,71,27,119,-81,29,-136,64
-58,72,27,119,-81,29,-137,64
-58,72,26,120,-81,29,-137,65
-60,72,25,120,-81,29,-139,63
-61,72,25,118,-81,29,-140,62
-61,71,25,117,-81,29,-137,61
-61,70,25,117,-81,29,-137,61
-61,71,25,118,-81,29,-137,61
-61,71,25,119,-81,29,-141,62
-62,70,25,119,-81,29,-141,61
-62,68,25,118,-81,29,-139,58
-62,66,25,117,-81,29,-139,57
-63,65,25,116,-81,29,-140,56
-63,65,24,116,-81,29,-140,56
-62,66,24,116,-81,29,-139,56
-62,66,24,116,-81,29,-139,56
-62,66,25,116,-81,29,-139,57
-63,66,25,116,-81,29,-140,57
-62,66,24,116,-81,29,-139,56
-62,65,24,116,-81,29,-139,54
-61,63,24,116,-81,29,-137,53
-60,61,24,116,-81,29,-137,52
-60,61,24,116,-81,29,-136,52
-60,61,24,116,-81,29,-136,52
-60,61,25,116,-81,29,-137,52
-60,61,25,116,-81,29,-137,52
-60,61,24,116,-81,29,-137,52
-60,61,24,116,-81,29,-137,52
-61,61,24,116,-81,29,-137,52
-60,61,25,116,-81,29,-137,52
-60,61,25,117,-81,29,-136,54
-60,60,26,118,-81,29,-136,53
-61,59,25,117,-81,29,-137,52
-62,57,25,116,-81,29,-139,47
-61,57,24,116,-81,29,-137,47
-59,57,24,116,-81,29,-136,47
-58,57,24,116,-81,29,-135,47
-59,57,25,116,-81,29,-135,47
-61,57,25,116,-81,29,-137,47
-63,57,24,116,-81,29,-140,47
-64,57,24,116,-81,29,-140,47
-64,58,24,116,-81,29,-141,48
-64,59,24,116,-81,29,-141,50
-65,59,24,116,-81,29,-141,50
-65,59,24,116,-81,29,-141,50
-65,59,24,116,-81,29,-141,50
-64,59,24,116,-81,29,-141,50
-64,59,24,116,-81,29,-141,50
-64,59,24,116,-81,29,-141,50
-64,59,24,116,-81,29,-141,50
-64,59,24,116,-81,29,-141,50
-64,59,24,116,-81,29,-141,50
-64,59,24,116,-81,29,-141,50
-64,59,24,116,-81,29,-141,50
-64,59,24,116,-81,29,-141,50
-64,59,24,116,-81,29,-141,50
-64,59,24,116,-81,29,-141,50
-65,59,24,116,-81,29,-141,50
-65,59,24,116,-81,29,-141,50
-64,59,24,116,-81,29,-141,50
-64,58,25,116,-81,29,-140,48
-63,56,25,116,-81,29,-140,47
-63,55,24,116,-81,29,-139,45
-63,54,23,115,-81,29,-140,43
-63,54,22,114,-81,29,-140,43
-64,54,21,113,-81,29,-137,45
-65,56,21,113,-81,29,-141,46
-67,56,22,114,-81,29,-144,46
-68,56,23,115,-81,29,-144,46
-67,55,23,115,-81,29,-144,45
-64,54,22,115,-81,29,-140,45
-62,54,22,114,-81,29,-139,45
-62,55,22,114,-81,29,-139,45
-62,55,22,114,-81,29,-139,46
-62,55,23,115,-81,29,-139,45
-62,55,23,115,-81,29,-139,45
-62,54,22,114,-81,29,-139,45
-62,55,21,113,-81,29,-136,45
-62,55,20,113,-81,29,-136,45
-62,55,21,113,-81,29,-139,46
-62,55,21,113,-81,29,-136,46
-62,54,22,112,-81,29,-136,45
-62,54,22,112,-81,29,-136,43
-61,53,21,112,-81,29,-135,43
-61,54,21,113,-81,29,-135,43
-62,55,21,113,-81,29,-139,45
-62,55,21,113,-81,29,-139,45
-64,54,21,112,-81,29,-137,45
-65,53,21,113,-81,29,-139,43
-65,53,22,114,-81,29,-142,43
-65,53,23,115,-81,29,-141,43
-65,53,23,115,-81,29,-142,43
-66,53,22,114,-81,29,-142,42
-66,52,22,115,-81,29,-142,42
-67,52,22,115,-81,29,-144,42
-67,52,23,115,-81,29,-144,42
-67,52,24,114,-81,29,-141,42
-68,52,25,114,-81,29,-142,45
-69,51,25,115,-81,29,-146,43
-70,50,24,116,-81,29,-146,41
-71,50,24,117,-81,29,-147,40
-71,50,24,116,-81,29,-147,41
-70,51,25,115,-81,29,-146,43
-69,51,26,114,-81,29,-144,43
-69,50,25,113,-81,29,-142,42
-69,47,23,112,-81,29,-142,37
-69,46,22,112,-81,29,-142,36
-69,46,21,112,-81,29,-142,36
-69,46,23,111,-81,29,-142,36
-69,46,24,110,-81,29,-140,39
-68,45,25,109,-81,29,-140,37
-67,43,24,109,-81,29,-139,36
-66,42,24,109,-81,29,-137,35
-66,41,24,109,-81,29,-137,34
-67,40,24,109,-81,29,-139,32
-68,38,24,109,-81,29,-140,31
-69,37,24,109,-81,29,-140,30
-68,36,24,109,-81,29,-140,29
-67,36,24,109,-81,29,-137,29
-66,36,23,108,-81,29,-137,29
-65,37,23,108,-81,29,-136,30
-64,37,23,108,-81,29,-135,30
-64,37,24,109,-81,29,-135,30
-64,37,24,109,-81,29,-135,30
-64,37,24,109,-81,29,-135,30
-64,37,24,109,-81,29,-135,30
-64,37,24,109,-81,29,-135,30
-65,39,24,109,-81,29,-136,31
-65,41,24,109,-81,29,-136,34
-65,42,24,109,-81,29,-136,35
-65,43,24,109,-81,29,-136,36
-65,42,24,109,-81,29,-136,35
-66,41,24,109,-81,29,-137,34
-66,41,24,109,-81,29,-137,34
-67,43,24,109,-81,29,-139,36
-68,45,24,109,-81,29,-140,37
-68,46,24,109,-81,29,-140,39
-69,46,23,111,-81,29,-142,36
-69,46,22,112,-81,29,-142,36
-68,46,22,112,-81,29,-142,36
-68,46,23,111,-81,29,-142,36
-68,46,23,110,-81,29,-140,36
-68,46,22,112,-82,29,-142,36
-68,46,21,113,-83,29,-142,36
-68,46,20,114,-84,29,-145,36
-68,45,21,113,-83,29,-145,35
-67,44,22,112,-82,29,-141,34
-67,43,23,110,-81,29,-139,36
-68,44,24,110,-81,29,-140,37
-68,45,23,110,-81,29,-140,37
-68,44,23,111,-83,29,-142,35
-67,43,23,110,-83,28,-139,34
-66,42,24,109,-83,28,-137,35
-66,41,24,109,-82,28,-137,34
-68,41,24,109,-81,28,-139,34
-69,40,23,110,-81,27,-141,30
-71,39,23,111,-81,26,-145,30
-71,39,23,110,-81,26,-142,29
-71,39,23,111,-81,27,-145,30
-70,39,22,112,-81,27,-144,29
-70,39,21,113,-81,26,-146,29
-69,38,20,113,-81,24,-146,28
-69,37,21,112,-81,24,-144,26
-69,36,23,110,-81,24,-140,26
-68,36,24,109,-82,25,-140,28
-67,35,24,109,-83,25,-139,28
-66,36,24,109,-83,25,-137,29
-66,36,24,109,-83,24,-137,29
-67,36,24,110,-82,24,-137,29
-68,37,23,110,-81,24,-139,30
-69,36,23,110,-81,24,-140,26
-69,36,22,110,-82,24,-140,26
-69,35,21,109,-83,24,-140,25
-68,36,22,110,-83,24,-140,26
-69,38,23,110,-83,24,-140,28
-69,40,24,110,-82,24,-140,32
-68,41,24,109,-81,24,-140,34
-68,42,24,109,-81,24,-140,35
-67,43,24,109,-81,24,-139,36
-68,44,24,109,-82,24,-139,37
-68,45,24,109,-82,24,-140,37
-69,46,24,109,-81,24,-140,39
-69,46,24,110,-81,24,-140,39
-69,46,23,110,-82,24,-140,36
-68,46,23,111,-82,24,-142,36
-69,47,23,110,-81,24,-141,37
-70,49,24,109,-81,24,-142,41
-71,50,25,109,-82,24,-142,42
-71,51,24,109,-83,24,-142,43
-70,51,23,111,-84,25,-144,41
-68,52,21,112,-84,25,-141,42
-66,52,21,112,-83,24,-140,42
-66,53,23,111,-83,23,-140,42
-67,54,24,109,-84,22,-139,47
-68,56,25,109,-85,21,-140,48
-69,57,25,109,-84,20,-140,50
-69,57,24,109,-84,20,-141,50
-69,57,23,111,-84,21,-142,47
-69,57,21,112,-85,21,-142,47
-69,57,21,113,-86,21,-142,47
-69,57,20,113,-87,20,-145,47
-69,57,21,113,-87,20,-146,47
-69,58,21,113,-86,19,-144,48
-68,59,21,113,-85,19,-142,50
-67,61,21,113,-85,20,-141,51
-67,62,21,113,-85,20,-144,52
-66,64,21,112,-84,19,-141,53
-65,64,21,113,-84,19,-142,54
-64,65,22,114,-84,19,-141,56
-63,65,23,115,-85,19,-140,56
-62,66,23,115,-85,19,-139,56
-62,66,22,114,-84,19,-139,56
-61,66,21,114,-82,19,-139,57
-61,67,21,114,-81,19,-137,57
-60,67,24,114,-81,19,-134,57
-59,67,26,113,-82,19,-134,61
-58,68,27,112,-83,19,-130,61
-58,68,26,113,-84,19,-133,61
-58,68,25,115,-85,19,-135,61
-58,68,25,115,-86,19,-135,61
-58,68,26,114,-85,19,-133,61
-58,68,27,113,-83,19,-133,61
-57,67,28,112,-82,19,-129,59
-57,66,28,112,-81,19,-131,59
-57,66,28,112,-81,20,-131,58
-57,66,28,112,-82,19,-131,59
-57,66,27,113,-82,19,-131,58
-57,65,27,114,-82,19,-131,57
-56,64,26,115,-83,20,-130,57
-56,64,26,115,-83,20,-130,57
-56,65,26,114,-83,19,-130,57
-57,65,27,113,-82,18,-131,58
-58,66,26,114,-83,16,-133,59
-59,66,25,115,-85,15,-136,59
-60,67,25,116,-85,14,-136,57
-60,68,25,115,-84,14,-136,61
-59,68,26,114,-82,15,-133,61
-58,68,25,113,-82,15,-133,61
-58,68,24,114,-83,15,-133,58
-58,68,24,115,-85,14,-135,58
-58,68,24,117,-86,14,-135,58
-58,68,24,116,-87,15,-135,58
-58,68,23,116,-86,14,-135,58
-58,68,23,115,-85,15,-135,58
-59,70,23,115,-85,14,-136,61
-60,71,25,115,-86,14,-136,64
-61,72,27,114,-87,15,-135,64
-60,72,28,113,-87,15,-134,64
-59,71,28,112,-86,15,-131,63
-59,70,27,113,-84,14,-134,63
-59,69,26,114,-84,14,-133,62
-58,68,26,114,-85,13,-133,61
-58,68,27,114,-86,12,-133,61
-57,68,27,113,-86,11,-131,62
-56,69,28,112,-86,10,-130,62
-56,69,28,112,-85,10,-130,62
-56,69,28,112,-86,10,-130,62
-56,69,27,113,-86,10,-130,62
-55,69,27,113,-87,10,-129,62
-54,70,28,112,-87,10,-129,63
-54,71,28,112,-87,10,-129,64
-54,70,28,112,-86,10,-128,63
-54,69,28,112,-85,10,-128,62
-52,67,28,112,-85,10,-126,61
-52,66,28,112,-86,10,-126,59
-51,65,28,112,-86,10,-125,58
-51,66,28,112,-86,10,-125,59
-51,66,28,112,-84,10,-125,59
-52,66,28,112,-83,10,-126,59
-53,65,28,112,-83,10,-128,58
-55,64,28,112,-85,9,-129,57
-56,64,28,112,-86,8,-130,57
-56,63,28,112,-87,8,-130,56
-56,64,28,112,-88,9,-130,57
-56,65,28,112,-88,8,-130,58
-57,65,28,113,-87,7,-131,58
-57,66,28,113,-85,5,-131,59
-58,67,27,112,-84,4,-133,59
-58,68,26,112,-84,5,-130,61
-58,68,26,112,-86,5,-130,61
-58,68,27,112,-87,5,-133,61
-58,68,27,112,-87,5,-133,61
-58,68,27,112,-86,5,-130,61
-58,68,25,111,-85,5,-130,61
-58,68,23,111,-84,5,-133,58
-58,68,21,112,-84,5,-133,58
-57,68,21,112,-84,5,-131,58
-58,68,23,110,-84,3,-130,58
-61,69,24,110,-84,1,-133,62
-63,69,25,112,-83,0,-137,62
-64,69,25,113,-83,0,-139,62
-62,68,25,113,-82,0,-136,61
-60,67,25,112,-83,0,-134,61
-59,67,24,111,-84,0,-131,59
-59,67,24,112,-85,0,-134,61
-59,67,25,112,-84,0,-134,61
-58,68,26,112,-83,0,-133,61
-58,68,26,112,-83,0,-133,61
-58,68,24,112,-83,0,-133,62
-58,68,23,111,-83,0,-130,61
-58,67,23,109,-83,0,-130,59
-57,65,24,109,-83,0,-129,58
-56,64,24,109,-83,0,-128,57
-55,64,24,109,-83,-3,-128,57
-56,64,24,109,-83,-4,-128,57
-58,63,24,109,-83,-4,-130,56
-59,62,24,109,-83,-4,-130,56
-58,62,24,109,-83,-4,-130,54
-57,63,24,109,-83,-4,-129,56
-57,63,24,109,-83,-4,-129,56
-58,62,24,109,-83,-4,-130,54
-60,61,24,109,-85,-4,-131,54
-61,61,24,109,-87,-5,-133,54
-60,61,24,109,-86,-6,-133,54
-60,61,23,109,-85,-7,-131,54
-60,61,23,111,-84,-8,-131,54
-60,61,24,112,-84,-9,-135,54
-60,61,26,113,-85,-9,-134,54
-60,61,26,112,-85,-9,-134,54
-60,61,26,111,-84,-9,-131,54
-61,61,24,109,-83,-9,-133,54
-61,61,24,109,-83,-9,-133,53
-62,61,24,110,-83,-8,-134,53
-62,60,25,111,-83,-9,-134,53
-62,61,26,111,-84,-10,-134,53
-61,61,25,110,-83,-12,-134,53
-61,61,24,109,-83,-14,-133,54
-62,60,24,109,-83,-14,-134,53
-63,59,25,110,-83,-14,-135,52
-63,57,27,112,-83,-14,-135,50
-64,56,28,113,-83,-14,-137,50
-64,57,28,113,-83,-14,-137,50
-64,58,27,112,-84,-15,-136,51
-64,59,26,111,-84,-16,-136,52
-65,59,26,111,-84,-17,-136,52
-65,59,26,111,-84,-18,-137,52
-67,59,27,112,-84,-18,-139,52
-67,57,27,112,-84,-19,-139,51
-67,56,25,111,-84,-19,-139,48
-67,54,24,109,-84,-18,-139,47
-67,52,24,109,-84,-18,-139,45
-66,52,24,109,-84,-18,-137,45
-66,52,24,109,-84,-19,-137,45
-67,53,24,109,-84,-18,-139,46
-67,53,24,109,-84,-18,-139,46
-67,52,24,109,-84,-19,-139,45
-66,52,24,109,-84,-19,-137,45
-65,51,24,109,-84,-19,-137,43
-65,50,24,109,-84,-18,-136,43
-65,49,24,109,-84,-18,-136,42
-64,48,24,109,-84,-19,-136,41
-64,48,24,109,-84,-20,-136,41
-64,48,24,109,-84,-22,-136,41
-64,48,24,109,-84,-23,-136,41
-64,48,24,109,-84,-22,-136,41
-64,48,24,109,-84,-22,-136,41
-64,48,24,109,-84,-22,-136,41
-64,48,24,109,-84,-23,-136,41
-64,48,24,109,-84,-24,-136,41
-64,48,24,109,-84,-24,-136,41
-64,48,24,110,-84,-23,-136,41
-64,48,23,110,-84,-23,-136,39
-64,48,23,111,-84,-23,-139,39
-64,48,23,110,-84,-24,-136,39
-65,48,24,110,-84,-23,-136,41
-64,48,24,109,-84,-23,-136,41
-62,49,24,109,-84,-23,-134,42
-61,50,24,109,-84,-23,-133,42
-61,50,24,109,-84,-23,-133,42
-62,49,23,110,-84,-24,-134,42
-64,48,23,111,-84,-24,-139,39
-65,48,22,112,-84,-23,-139,39
-64,48,21,112,-84,-23,-139,39
-64,48,22,112,-84,-23,-139,39
-64,48,23,111,-84,-24,-139,39
-64,48,24,109,-84,-25,-136,41
-64,48,24,109,-84,-25,-136,41
-64,48,24,109,-84,-25,-136,41
-64,48,24,109,-84,-25,-136,41
-64,48,24,109,-84,-25,-136,41
-64,48,24,109,-84,-25,-136,41
-65,48,24,109,-84,-25,-137,41
-66,47,24,109,-84,-27,-137,40
-67,47,24,109,-84,-28,-139,40
-66,47,24,109,-84,-29,-137,40
-67,47,24,109,-84,-28,-139,40
-68,47,24,109,-84,-28,-139,40
-68,46,24,109,-84,-28,-140,39
-68,45,24,109,-84,-28,-140,37
-68,44,24,109,-84,-28,-140,37
-67,43,24,109,-84,-28,-139,36
-67,43,24,109,-84,-28,-139,35
-66,42,24,109,-84,-28,-137,35
-65,42,24,109,-84,-28,-136,35
-65,43,23,108,-84,-28,-136,35
-64,43,23,108,-84,-28,-135,35
-64,43,22,107,-84,-28,-136,34
-64,43,21,107,-84,-28,-135,34
-64,43,21,106,-84,-28,-133,34
-63,43,21,106,-84,-28,-133,34
-63,43,21,107,-84,-28,-135,32
-63,43,22,107,-84,-28,-135,34
-63,45,23,108,-84,-28,-135,37
-64,47,23,108,-84,-28,-135,40
-64,48,24,109,-84,-28,-136,41
-64,49,25,110,-84,-28,-136,41
-65,48,24,109,-84,-28,-136,41
-64,48,23,108,-84,-28,-136,41
-64,48,23,108,-84,-28,-136,41
-64,48,23,108,-84,-28,-136,41
-64,48,24,109,-84,-28,-136,41
-64,48,24,109,-84,-28,-135,41
-64,48,24,109,-84,-28,-136,41
-65,50,24,109,-84,-28,-136,42
-66,51,24,109,-84,-28,-137,45
-67,53,24,109,-84,-28,-139,46
-67,53,24,109,-84,-28,-139,46
-66,52,24,109,-84,-28,-137,45
-66,52,24,109,-84,-28,-137,45
-67,54,24,109,-84,-28,-139,46
-68,55,24,109,-84,-28,-140,48
-69,57,24,109,-84,-28,-140,50
-67,57,24,109,-84,-28,-139,51
-66,58,25,110,-84,-28,-137,51
-66,60,26,111,-84,-28,-137,53
-66,62,26,111,-84,-28,-137,54
-65,64,27,112,-84,-28,-137,57
-64,65,28,112,-84,-28,-139,58
-63,66,28,113,-84,-28,-137,58
-63,65,28,113,-84,-28,-137,58
-62,66,27,112,-84,-28,-134,58
-61,66,25,110,-84,-28,-134,59
-60,67,24,109,-84,-28,-131,59
-58,68,24,109,-84,-28,-130,61
-58,68,24,109,-84,-28,-130,62
-59,69,24,109,-84,-28,-130,62
-60,71,25,110,-84,-28,-133,64
-61,72,25,110,-84,-28,-133,65
-60,73,25,111,-84,-28,-131,67
-57,74,26,111,-84,-28,-129,67
-56,74,28,111,-84,-28,-129,69
-56,75,29,111,-84,-28,-128,70
-56,75,29,112,-84,-28,-128,70
-56,75,28,112,-84,-28,-128,68
-57,74,27,113,-84,-28,-131,67
-56,74,27,113,-84,-28,-130,67
-56,75,28,112,-84,-28,-130,68
-55,75,28,112,-84,-28,-130,68
-55,76,28,112,-84,-28,-130,69
-56,77,27,113,-84,-28,-130,70
-56,78,28,112,-84,-28,-130,72
-55,79,28,112,-84,-28,-130,73
-54,81,28,112,-84,-28,-129,74
-54,81,28,112,-84,-28,-129,74
-54,82,28,112,-84,-28,-129,74
-55,82,28,112,-84,-28,-130,75
-56,84,28,112,-84,-28,-130,76
-56,86,27,113,-84,-27,-131,79
-55,87,27,113,-84,-26,-130,80
-54,87,27,113,-84,-27,-129,80
-53,87,28,112,-84,-28,-128,80
-53,87,28,112,-84,-29,-128,80
-54,86,27,113,-84,-29,-128,79
-54,87,27,113,-84,-28,-128,80
-54,88,26,114,-84,-27,-129,81
-56,90,25,115,-84,-26,-131,83
-58,90,26,115,-84,-27,-133,83
-58,90,27,113,-84,-27,-133,84
-57,90,28,112,-84,-27,-133,84
-57,90,28,112,-84,-25,-129,84
-58,90,27,113,-84,-24,-133,84
-58,90,27,114,-84,-24,-133,83
-57,89,26,114,-84,-25,-131,83
-54,88,27,114,-84,-25,-129,81
-54,87,27,113,-84,-25,-128,80
-54,86,28,112,-84,-24,-129,79
-54,86,28,112,-84,-23,-129,79
-54,87,28,112,-84,-23,-129,80
-53,87,27,113,-84,-23,-128,80
-53,87,27,113,-84,-24,-128,80
-53,87,28,112,-84,-24,-128,80
-54,87,28,112,-84,-23,-129,80
-55,86,28,112,-84,-23,-129,79
-55,87,28,112,-84,-23,-129,80
-54,86,28,112,-84,-23,-129,79
-53,85,27,113,-84,-23,-128,78
-53,84,27,113,-84,-23,-128,76
-54,83,27,113,-84,-23,-129,76
-55,84,28,112,-84,-23,-130,76
-54,85,28,112,-84,-23,-126,78
-53,84,27,113,-84,-23,-128,78
-51,83,26,114,-84,-23,-125,76
-51,82,25,115,-84,-23,-125,75
-52,82,25,115,-84,-23,-126,75
-53,84,26,114,-84,-23,-128,76
-54,85,27,114,-84,-23,-129,78
-54,87,27,113,-84,-23,-129,80
-53,88,27,114,-84,-23,-128,80
-52,88,26,114,-84,-24,-126,81
-52,88,26,114,-84,-23,-126,80
-52,88,26,115,-84,-23,-126,80
-52,88,26,114,-84,-23,-126,80
-52,87,27,114,-84,-24,-126,80
-52,88,27,113,-84,-24,-126,81
-53,89,28,112,-84,-23,-128,83
-54,91,28,112,-84,-22,-128,84
-54,92,27,113,-84,-21,-129,85
-54,93,27,113,-84,-22,-129,85
-54,92,27,113,-84,-23,-129,85
-54,92,28,112,-84,-24,-129,85
-54,92,28,112,-84,-24,-129,85
-54,92,28,112,-84,-23,-129,85
-54,92,28,112,-84,-23,-129,85
-55,93,28,112,-84,-23,-130,86
-57,95,28,112,-84,-24,-131,87
-57,96,28,112,-84,-23,-131,89
-55,98,28,112,-84,-23,-130,91
-54,98,28,112,-84,-24,-129,91
-54,98,28,112,-84,-23,-129,91
-55,97,28,112,-84,-23,-130,90
-56,97,28,112,-84,-23,-131,90
-56,97,28,112,-84,-24,-131,90
-55,97,28,112,-84,-24,-130,90
-54,98,28,112,-84,-23,-129,91
-54,98,28,112,-84,-22,-129,91
-52,98,28,112,-84,-22,-128,91
-52,97,28,112,-84,-22,-126,90
-51,97,28,112,-84,-22,-126,90
-52,97,28,112,-84,-22,-126,90
-52,98,28,112,-84,-22,-128,91
-53,99,28,112,-84,-22,-128,91
-52,99,28,112,-84,-21,-128,92
-52,99,28,113,-84,-20,-128,91
-52,99,28,113,-84,-19,-128,91
-53,98,28,112,-84,-19,-128,91
-52,99,27,112,-84,-20,-128,91
-52,99,28,113,-84,-21,-128,91
-52,99,29,114,-84,-20,-128,93
-53,98,30,115,-84,-19,-128,93
-53,98,30,115,-84,-18,-128,93
-52,99,30,115,-84,-18,-128,93
-51,99,31,116,-84,-18,-126,95
-50,100,31,116,-84,-19,-125,95
-50,100,30,115,-84,-19,-125,95
-49,101,29,114,-84,-18,-124,96
-48,101,28,113,-84,-18,-123,93
-48,101,28,114,-84,-18,-123,93
-47,101,29,113,-84,-18,-123,97
-48,101,29,112,-84,-18,-120,96
-50,100,29,112,-84,-18,-122,96
-51,99,30,113,-84,-18,-124,95
-52,99,30,114,-84,-18,-126,93
-51,99,30,115,-84,-18,-126,95
-50,100,29,115,-84,-18,-125,92
-51,100,29,114,-84,-18,-126,95
-52,99,31,114,-84,-18,-126,95
-53,98,32,115,-84,-18,-128,93
-52,97,32,114,-84,-18,-126,92
-51,98,30,113,-84,-18,-123,93
-50,99,29,113,-84,-19,-123,95
-49,100,29,113,-84,-18,-122,96
-49,99,30,114,-84,-18,-124,95
-48,97,31,114,-84,-18,-123,92
-49,95,32,115,-84,-19,-124,90
-48,94,33,114,-84,-19,-120,92
-47,95,34,112,-84,-18,-120,93
-46,97,34,112,-84,-17,-115,95
-46,97,33,111,-84,-15,-115,96
-46,97,32,111,-83,-14,-115,95
-45,95,32,110,-83,-13,-115,91
-44,93,31,109,-83,-14,-114,89
-44,93,31,109,-83,-14,-114,89
-43,92,31,109,-83,-14,-113,87
-43,92,31,109,-83,-14,-113,87
-44,93,31,109,-83,-14,-114,89
-44,93,31,109,-83,-14,-114,89
-43,92,31,109,-83,-14,-113,87
-43,92,31,109,-83,-14,-113,87
-43,92,31,109,-83,-14,-113,87
-43,92,31,109,-83,-14,-113,87
-43,92,31,109,-83,-14,-113,87
-43,92,31,109,-83,-14,-113,87
-43,92,31,109,-83,-13,-113,87
-44,93,31,109,-83,-11,-114,89
-44,93,30,108,-83,-10,-114,89
-43,92,30,108,-83,-10,-113,87
-43,93,30,108,-83,-10,-113,89
-43,92,31,109,-83,-10,-113,87
-45,92,31,109,-83,-10,-115,87
-47,92,30,108,-83,-9,-117,87
-49,92,30,108,-83,-9,-119,87
-49,92,30,108,-83,-9,-119,87
-49,91,31,109,-83,-9,-119,87
-48,91,31,109,-83,-9,-118,87
-48,91,31,109,-83,-9,-118,86
-48,92,31,109,-83,-9,-118,87
-50,93,31,109,-83,-9,-119,89
-51,93,31,109,-83,-9,-122,89
-53,93,31,109,-83,-9,-123,89
-54,92,31,109,-83,-9,-124,87
-55,92,31,109,-83,-9,-125,87
-55,92,31,109,-83,-9,-125,87
-54,92,32,110,-83,-9,-124,87
-54,91,33,111,-83,-9,-124,89
-53,89,33,111,-83,-9,-123,87
-52,88,33,111,-83,-8,-123,86
-52,87,32,110,-83,-7,-122,83
-52,88,31,109,-83,-7,-122,84
-51,89,31,109,-83,-7,-120,84
-49,90,31,109,-83,-7,-119,85
-48,90,31,109,-83,-7,-118,85
-47,90,31,109,-83,-6,-117,86
-48,90,31,109,-83,-5,-118,86
-48,90,31,109,-83,-4,-118,86
-48,90,31,109,-83,-4,-118,86
-48,90,31,109,-83,-4,-118,86
-47,89,31,109,-83,-4,-117,85
-46,87,31,109,-83,-4,-115,83
-45,86,31,109,-83,-5,-115,81
-45,86,31,109,-83,-6,-115,81
-46,87,31,109,-83,-7,-115,83
-48,87,31,109,-83,-6,-118,83
-50,86,31,109,-83,-5,-119,81
-50,84,32,109,-83,-4,-119,80
-50,83,31,109,-83,-4,-120,79
-50,83,30,108,-83,-5,-119,79
-50,83,28,108,-83,-6,-119,79
-50,84,28,108,-83,-7,-119,79
-50,84,27,108,-83,-7,-119,76
-50,83,28,108,-83,-7,-119,79
-50,83,28,107,-83,-6,-120,79
-51,83,29,107,-83,-5,-120,79
-52,83,29,107,-82,-4,-122,78
-51,83,29,107,-80,-4,-120,79
-50,83,29,107,-80,-6,-120,79
-50,83,28,107,-81,-8,-119,79
-50,83,27,106,-82,-9,-119,79
-50,83,28,106,-83,-9,-120,79
-51,85,28,107,-82,-9,-120,80
-51,87,30,108,-81,-9,-122,83
-52,88,30,108,-80,-9,-122,84
-53,88,30,108,-81,-9,-123,84
-53,88,30,108,-82,-9,-123,84
-52,88,31,109,-83,-9,-122,84
-50,89,31,109,-83,-9,-120,84
-49,89,31,109,-82,-9,-119,84
-49,90,31,109,-82,-9,-119,85
-50,91,31,109,-82,-9,-119,86
-50,93,31,109,-83,-9,-120,89
-51,94,31,109,-82,-9,-120,90
-50,95,31,109,-81,-9,-120,90
-50,95,31,109,-81,-9,-120,90
-49,95,31,109,-81,-9,-119,91
-47,96,31,109,-81,-9,-117,91
-46,97,31,109,-81,-9,-115,92
-46,97,31,109,-81,-9,-115,92
-46,97,31,109,-81,-9,-115,92
-46,96,31,109,-83,-9,-115,92
-45,97,31,109,-83,-9,-114,93
-43,100,31,109,-82,-9,-113,95
-43,102,32,108,-80,-9,-113,100
-43,103,32,108,-80,-9,-113,101
-44,104,32,108,-81,-9,-114,102
-44,103,31,108,-82,-9,-114,98
-44,103,32,108,-80,-9,-114,101
-44,103,33,107,-79,-9,-112,101
-44,103,33,107,-78,-9,-112,101
-44,103,32,108,-78,-9,-112,101
-44,103,32,108,-79,-9,-114,101
-44,103,33,107,-79,-9,-112,101
-44,104,33,107,-79,-9,-112,102
-44,104,33,107,-78,-9,-112,102
-44,103,32,108,-78,-9,-114,101
-44,102,32,108,-78,-9,-114,100
-44,99,31,108,-78,-9,-114,95
-44,98,31,109,-78,-9,-114,93
-45,97,32,108,-78,-9,-114,95
-46,97,33,107,-78,-9,-113,95
-46,97,34,106,-78,-9,-113,95
-46,97,35,105,-78,-9,-111,95
-46,97,34,104,-78,-9,-111,95
-47,96,32,105,-78,-9,-114,93
-49,95,32,106,-78,-9,-117,93
-50,95,33,107,-78,-9,-118,92
-50,94,33,107,-78,-9,-118,92
-50,93,34,107,-78,-9,-118,91
-49,93,34,107,-78,-9,-117,91
-49,92,33,106,-78,-9,-117,90
-48,91,32,105,-78,-9,-115,89
-48,90,30,105,-78,-9,-115,86
-48,90,30,106,-78,-9,-115,86
-48,91,30,107,-78,-9,-118,87
-49,92,30,107,-78,-9,-119,87
-48,91,31,105,-78,-9,-115,90
-48,90,32,104,-78,-9,-115,89
-48,90,32,104,-78,-9,-115,89
-48,90,32,106,-78,-9,-115,87
-48,90,32,106,-78,-9,-115,87
-48,90,32,106,-78,-9,-115,89
-47,91,33,105,-79,-11,-114,89
-45,92,33,105,-79,-13,-112,90
-43,92,32,106,-79,-14,-111,90
-43,93,31,107,-79,-13,-111,91
-43,92,32,108,-79,-10,-113,90
-43,92,33,107,-78,-9,-111,90
-43,92,33,107,-79,-10,-111,90
-44,93,32,108,-79,-12,-114,91
-43,93,31,109,-79,-13,-113,89
-43,92,31,109,-79,-12,-113,87
-43,92,31,109,-79,-11,-113,87
-44,93,31,109,-79,-11,-114,89
-44,93,31,109,-79,-12,-114,89
-45,96,31,109,-79,-12,-114,91
-44,97,31,109,-79,-11,-114,93
-44,98,31,109,-79,-10,-114,93
-45,97,31,109,-79,-10,-115,93
-46,97,31,109,-79,-10,-115,92
-46,97,31,109,-79,-11,-115,92
-45,97,31,109,-79,-10,-114,92
-44,97,31,109,-79,-10,-114,92
-44,98,31,109,-78,-9,-114,93
-45,99,31,109,-78,-9,-115,95
-45,101,31,109,-78,-9,-114,97
-44,103,31,109,-78,-9,-114,98
-43,103,31,109,-78,-9,-113,98
-44,104,31,109,-78,-9,-114,100
-45,104,31,109,-78,-9,-114,100
-46,106,31,109,-78,-9,-115,102
-46,108,31,109,-78,-9,-117,103
-46,108,31,109,-78,-9,-117,103
-46,108,31,109,-78,-9,-117,103
-46,108,31,109,-78,-9,-117,103
-46,107,31,109,-78,-9,-117,102
-46,108,31,109,-78,-9,-115,103
-46,109,31,109,-78,-9,-115,104
-45,112,31,109,-78,-9,-115,108
-44,114,31,109,-78,-9,-114,109
-44,115,31,109,-78,-9,-114,111
-44,114,31,109,-78,-9,-114,109
-44,114,31,109,-78,-9,-114,109
-43,115,31,109,-78,-8,-113,111
-41,116,31,109,-78,-7,-112,112
-40,116,31,109,-78,-8,-111,112
-39,116,31,109,-78,-9,-109,112
-39,116,32,109,-79,-10,-109,112
-39,116,32,110,-79,-10,-109,114
-39,116,32,110,-78,-9,-109,114
-40,116,32,110,-78,-8,-111,112
-41,116,32,110,-78,-7,-111,112
-42,116,32,110,-78,-7,-112,112
-42,115,32,110,-78,-7,-113,113
-43,114,33,111,-78,-7,-113,112
-42,111,33,111,-78,-7,-113,109
-42,110,33,111,-78,-7,-112,108
-42,109,32,110,-78,-8,-112,107
-42,110,32,110,-78,-9,-112,106
-41,110,31,109,-78,-9,-112,106
-42,110,31,109,-78,-8,-113,106
-43,109,31,109,-78,-6,-113,104
-44,107,31,109,-78,-4,-114,103
-44,105,31,109,-78,-4,-114,101
-44,103,31,109,-78,-4,-114,98
-45,102,31,109,-78,-4,-115,97
-46,102,31,109,-78,-4,-117,97
-48,102,30,108,-78,-4,-118,97
-49,101,30,108,-78,-4,-119,96
-49,99,29,107,-78,-4,-119,95
-49,97,28,106,-78,-4,-119,92
-49,95,28,106,-78,-4,-119,91
-48,94,27,106,-78,-4,-118,90
-49,94,27,106,-78,-6,-119,90
-49,93,27,106,-78,-8,-119,89
-49,92,28,106,-78,-8,-119,87
-48,91,28,106,-78,-6,-118,86
-48,91,28,106,-78,-4,-118,86
-49,89,27,105,-78,-3,-117,85
-50,87,26,105,-78,-4,-117,83
-50,85,26,104,-78,-5,-118,80
-50,83,26,105,-79,-6,-118,79
-50,83,27,106,-78,-6,-120,79
-49,83,28,106,-78,-7,-119,79
-49,84,27,106,-78,-7,-118,80
-48,85,26,105,-79,-7,-115,80
-47,85,26,104,-79,-7,-114,80
-48,84,26,105,-78,-7,-115,80
-47,85,27,105,-77,-7,-114,80
-47,85,28,106,-76,-6,-117,80
-46,86,28,106,-77,-6,-115,81
-45,86,27,106,-78,-5,-115,81
-45,86,27,106,-79,-5,-115,81
-46,86,27,106,-79,-6,-115,81
-46,86,27,106,-78,-6,-115,81
-46,86,27,106,-78,-6,-115,81
-45,86,27,106,-78,-5,-115,81
-45,86,27,106,-78,-4,-115,81
-46,87,27,106,-78,-4,-115,83
-47,89,27,106,-78,-4,-117,85
-48,90,27,106,-78,-4,-118,86
-48,90,27,106,-78,-4,-118,86
-48,90,27,106,-78,-4,-118,86
-46,91,28,106,-78,-4,-115,86
-45,93,28,106,-78,-4,-115,89
-47,95,27,106,-78,-4,-117,90
-49,95,27,106,-78,-4,-119,91
-50,95,28,106,-78,-4,-119,91
-49,95,29,107,-78,-4,-119,91
-49,95,30,108,-78,-4,-119,91
-49,95,30,108,-78,-4,-119,90
-50,94,29,107,-78,-4,-119,90
-49,95,28,106,-78,-4,-119,91
-47,96,28,104,-78,-4,-114,91
-46,97,28,104,-78,-4,-113,92
-45,97,28,105,-78,-4,-113,92
-45,97,28,106,-78,-3,-115,92
-46,97,28,105,-78,-2,-113,92
-46,97,30,103,-78,-1,-114,92
-47,97,31,102,-78,0,-112,95
-47,96,31,102,-78,0,-112,93
-46,95,29,103,-78,0,-114,90
-46,93,28,104,-78,0,-113,89
-46,91,28,104,-78,0,-114,86
-47,90,29,104,-78,0,-114,85
-48,90,29,103,-78,0,-115,85
-48,90,30,103,-78,0,-113,89
-48,90,30,103,-78,0,-115,89
-47,89,30,103,-78,0,-114,87
-46,87,29,103,-78,0,-113,83
-46,86,28,102,-78,0,-111,81
-46,85,28,102,-78,0,-111,81
-46,86,29,102,-77,0,-111,84
-46,86,31,102,-76,0,-111,84
-45,86,31,102,-76,0,-109,84
-45,85,30,102,-76,0,-111,83
-46,83,29,101,-77,0,-111,79
-47,82,28,100,-78,0,-112,78
-48,80,28,100,-78,0,-113,75
-48,79,29,100,-77,0,-113,75
-47,79,29,101,-76,0,-112,76
-47,79,30,101,-76,0,-112,78
-48,80,30,101,-76,0,-113,79
-48,81,30,101,-77,2,-113,79
-49,81,31,102,-78,3,-113,79
-48,80,31,102,-78,3,-113,79
-48,81,31,102,-78,4,-113,79
-49,82,31,102,-78,5,-114,80
-49,82,31,102,-78,5,-114,80
-49,82,31,102,-77,4,-114,80
-49,82,31,102,-76,4,-114,80
-49,82,31,102,-75,4,-114,80
-50,83,31,102,-76,4,-114,81
-50,84,31,102,-78,4,-114,81
-50,83,31,102,-78,4,-115,81
-50,83,31,102,-76,4,-115,81
-50,83,31,102,-75,6,-114,81
-49,84,31,102,-76,7,-113,83
-47,85,31,102,-77,8,-112,83
-46,86,31,102,-77,8,-111,84
-45,86,31,102,-76,8,-111,84
-46,87,31,102,-76,9,-111,85
-46,87,31,102,-76,9,-112,85
-47,88,31,102,-76,9,-112,86
-47,89,31,102,-76,9,-113,87
-47,90,31,102,-74,9,-113,87
-48,90,31,102,-74,9,-113,89
-48,90,31,102,-75,9,-113,89
-48,90,31,102,-77,9,-113,89
-48,90,31,102,-78,9,-113,89
-47,90,31,102,-78,10,-113,87
-47,89,31,102,-77,10,-112,87
-47,89,31,102,-75,11,-112,86
-47,89,31,102,-74,12,-112,87
-47,88,31,102,-74,13,-112,86
-46,87,31,102,-75,14,-111,85
-46,86,31,102,-77,14,-111,84
-46,85,31,102,-77,14,-111,84
-46,85,31,102,-76,14,-111,84
-45,86,31,102,-74,14,-111,84
-45,86,31,102,-73,14,-111,84
-46,86,31,102,-74,14,-111,84
-47,85,30,101,-75,14,-112,83
-48,83,30,101,-76,14,-113,81
-48,80,30,101,-77,14,-113,79
-48,79,29,101,-77,15,-113,76
-47,79,28,100,-77,16,-112,74
-48,79,27,99,-77,17,-113,74
-49,79,27,98,-77,18,-111,74
-50,79,27,99,-77,19,-114,74
-50,78,27,99,-77,19,-115,73
-50,76,27,99,-77,19,-115,72
-50,74,27,99,-76,19,-115,69
-51,72,27,99,-75,19,-115,67
-53,71,27,99,-75,19,-118,67
-54,71,27,99,-75,19,-118,67
-54,70,27,99,-76,19,-118,65
-54,69,27,99,-77,19,-118,64
-54,67,27,99,-77,19,-118,63
-55,65,27,99,-77,19,-119,61
-56,63,27,99,-77,19,-120,58
-55,62,27,99,-77,19,-119,57
-54,61,28,99,-76,20,-119,57
-54,61,27,99,-76,21,-119,57
-56,61,26,98,-76,21,-118,56
-57,59,25,97,-77,21,-119,54
-57,56,24,95,-77,20,-119,52
-57,54,24,95,-76,19,-118,50
-56,53,25,96,-75,18,-118,48
-55,52,25,97,-75,18,-117,48
-55,53,26,98,-75,19,-117,48
-56,53,25,97,-76,20,-118,48
-56,53,24,96,-77,23,-118,48
-55,53,24,96,-77,24,-117,48
-55,53,25,97,-76,25,-117,48
-56,53,26,98,-77,24,-118,48
-56,53,26,98,-76,24,-118,48
-56,52,26,97,-75,24,-118,48
-55,52,25,97,-75,24,-117,48
-54,54,25,97,-75,24,-115,50
-54,55,26,98,-75,24,-115,51
-54,58,27,99,-75,24,-118,53
-53,60,27,99,-75,24,-118,56
-52,61,27,99,-74,24,-117,56
-50,61,27,99,-73,24,-115,57
-49,61,27,99,-74,24,-114,57
-49,62,27,99,-75,24,-114,57
-50,63,27,99,-76,24,-114,58
-51,65,27,99,-76,24,-115,61
-50,66,27,99,-75,24,-115,62
-50,69,27,99,-75,24,-114,64
-49,72,27,99,-75,24,-113,67
-49,75,27,99,-75,24,-114,70
-50,77,27,99,-75,24,-114,73
-49,78,27,99,-76,24,-114,74
-48,79,27,99,-77,24,-113,74
-48,79,27,99,-77,24,-113,75
-48,80,27,99,-77,24,-113,76
-49,82,27,99,-76,25,-114,78
-50,83,28,99,-76,26,-114,79
-50,83,28,100,-76,27,-115,79
-50,84,29,100,-76,26,-115,80
-49,85,28,100,-76,25,-114,80
-47,86,28,99,-76,25,-112,83
-46,87,27,98,-76,26,-108,83
-46,88,27,98,-76,27,-111,84
-47,89,27,99,-76,28,-112,84
-47,90,29,100,-76,27,-112,85
-48,90,30,101,-76,27,-113,89
-48,90,29,101,-76,25,-113,89
-48,90,29,100,-76,24,-113,85
-48,90,29,100,-76,24,-113,86
-46,91,29,101,-77,24,-112,89
-45,92,29,101,-77,24,-109,90
-43,92,29,100,-76,24,-108,87
-43,92,28,100,-75,24,-108,87
-43,92,29,101,-74,24,-108,87
-43,92,31,102,-74,24,-108,90
-42,93,31,103,-74,24,-107,91
-41,94,31,102,-75,24,-106,92
-39,94,30,102,-77,24,-104,92
-39,95,29,101,-77,23,-103,91
-38,96,29,101,-75,22,-103,93
-37,96,31,100,-73,22,-100,95
-36,96,33,99,-72,22,-100,95
-36,96,33,100,-73,21,-98,97
-36,97,32,101,-75,19,-101,95
-36,98,31,102,-76,18,-101,96
-36,100,30,102,-77,19,-102,98
-37,101,32,101,-75,19,-102,100
-37,102,33,100,-74,19,-100,100
-37,101,34,98,-72,19,-100,102
-37,101,34,98,-72,18,-100,102
-37,101,34,98,-72,18,-100,102
-38,101,34,99,-72,17,-101,102
-38,103,34,99,-72,16,-101,103
-38,105,34,99,-72,15,-101,106
-36,108,34,98,-72,14,-100,108
-35,108,34,98,-72,14,-98,109
-35,108,34,99,-72,14,-98,108
-35,108,34,99,-72,14,-98,108
-36,108,34,98,-72,14,-98,108
-35,110,34,98,-72,14,-97,111
-33,112,34,99,-72,14,-96,113
-33,114,36,100,-72,13,-96,115
-34,116,36,101,-72,10,-97,117
-35,118,37,101,-72,9,-97,118
-34,119,36,101,-72,9,-97,120
-32,121,36,101,-72,9,-96,122
-30,122,36,101,-72,9,-93,123
-28,123,36,101,-72,9,-91,124
-28,125,36,101,-72,9,-91,125
-28,126,37,102,-72,9,-91,128
-28,128,38,102,-72,8,-91,129
-27,130,39,101,-72,7,-91,134
-26,133,39,100,-72,6,-90,136
-26,136,39,100,-72,5,-87,140
-26,139,39,100,-72,4,-90,142
-25,141,39,102,-72,4,-89,145
-25,143,40,104,-72,6,-91,146
-23,145,41,105,-72,6,-90,148
-22,148,41,106,-73,6,-89,151
-21,151,41,106,-72,5,-87,155
-20,153,41,105,-73,4,-86,157
-19,155,41,105,-73,4,-86,158
-18,156,42,104,-73,4,-83,159
-18,158,43,104,-73,4,-81,162
-17,160,42,105,-72,4,-84,163
-16,162,42,105,-72,4,-83,166
-14,165,42,104,-71,4,-78,168
-13,168,43,104,-71,4,-78,172
-14,171,43,105,-72,4,-80,174
-14,173,44,108,-73,4,-81,177
-14,174,44,109,-74,4,-80,178
-12,175,45,109,-73,4,-79,181
-11,176,46,108,-71,4,-78,183
-11,177,46,107,-70,4,-78,184
-12,179,46,108,-69,4,-79,185
-13,181,45,108,-70,4,-80,186
-14,182,45,109,-71,4,-80,185
-14,182,45,109,-70,4,-80,185
-14,182,45,109,-69,4,-80,185
-14,183,45,109,-68,4,-80,186
-15,183,45,108,-68,4,-81,186
-16,183,45,108,-68,3,-83,189
-17,180,46,107,-68,4,-84,186
-18,178,46,106,-69,6,-81,184
-18,178,46,107,-70,7,-84,184
-17,178,45,108,-69,7,-84,184
-17,178,45,109,-68,6,-84,181
-17,177,45,109,-68,4,-84,180
-17,175,46,108,-68,3,-84,180
-18,172,47,106,-68,3,-83,178
-18,170,48,105,-68,4,-83,177
-18,169,49,105,-68,5,-83,177
-18,166,48,105,-68,7,-81,174
-17,162,48,105,-68,7,-81,168
-18,158,47,104,-68,6,-81,164
-18,155,46,104,-68,5,-83,162
-19,153,46,103,-68,6,-80,159
-20,151,45,102,-68,7,-81,157
-20,148,45,102,-68,7,-81,153
-20,145,45,102,-68,7,-81,151
-20,142,45,102,-68,8,-81,148
-20,140,45,101,-68,8,-81,146
-20,138,43,101,-68,7,-81,145
-20,136,43,100,-68,6,-81,141
-21,132,42,99,-68,6,-81,136
-21,129,42,99,-68,7,-81,133
-21,126,42,99,-68,8,-81,130
-21,124,42,99,-68,8,-83,128
-23,122,41,98,-68,7,-84,125
-24,120,40,98,-68,6,-85,124
-25,119,40,97,-68,6,-85,123
-24,119,40,97,-68,7,-85,123
-24,118,40,97,-68,7,-85,122
-24,115,39,97,-68,6,-85,119
-25,113,39,96,-68,5,-84,117
-26,112,38,95,-68,6,-84,115
-27,112,37,95,-68,7,-85,115
-28,112,37,95,-68,7,-86,115
-30,112,38,95,-68,6,-89,115
-32,113,38,95,-68,6,-91,117
-34,115,37,95,-68,7,-92,118
-33,115,37,95,-68,8,-91,118
-33,115,37,95,-68,8,-91,118
-33,115,37,95,-68,7,-91,118
-34,116,37,95,-68,7,-92,119
-35,118,37,95,-68,8,-93,120
-35,119,38,95,-68,9,-93,122
-36,119,38,95,-68,9,-93,123
-36,119,37,95,-68,9,-93,123
-36,119,37,95,-68,9,-93,122
-36,119,37,95,-68,9,-95,122
-36,119,38,95,-68,9,-93,122
-34,119,39,96,-67,9,-92,123
-32,121,39,96,-66,8,-91,124
-31,121,38,96,-66,8,-90,124
-31,121,38,96,-66,8,-89,124
-32,121,37,95,-67,9,-90,124
-33,122,37,95,-68,9,-92,125
-35,123,38,95,-68,9,-93,126
-34,125,38,95,-68,9,-92,128
-33,124,36,97,-68,9,-93,125
-33,122,35,97,-68,9,-93,123
-34,120,34,98,-68,10,-97,120
-36,119,35,98,-67,11,-96,120
-37,120,36,97,-67,12,-97,120
-36,120,36,97,-67,13,-97,122
-36,119,36,97,-67,14,-96,120
-37,118,35,98,-67,14,-97,119
-38,116,34,98,-67,14,-101,117
-38,114,33,98,-67,14,-101,114
-37,111,31,97,-67,14,-98,109
-37,108,31,95,-67,14,-97,107
-38,106,30,95,-67,14,-98,104
-39,104,31,95,-67,14,-100,102
-39,102,31,96,-67,14,-100,100
-39,99,31,95,-67,14,-100,97
-39,96,30,94,-67,14,-100,93
-40,93,28,93,-67,14,-100,91
-41,90,27,92,-67,14,-101,89
-42,86,27,92,-67,14,-102,85
-43,83,27,92,-67,14,-102,81
-43,80,27,92,-67,14,-103,79
-43,78,27,92,-67,14,-103,76
-44,75,27,92,-67,15,-103,74
-46,73,26,91,-67,16,-103,72
-47,70,25,90,-67,15,-104,65
-48,67,24,89,-67,14,-106,62
-49,63,23,88,-67,14,-106,59
-48,60,23,89,-67,14,-106,56
-49,58,24,89,-67,14,-106,53
-50,56,24,89,-67,14,-107,52
-52,53,24,89,-67,14,-108,48
-53,50,24,89,-67,14,-109,46
-53,47,23,88,-67,14,-109,42
-53,44,23,88,-67,14,-111,40
-54,43,22,87,-67,14,-111,39
-55,42,21,86,-67,14,-112,37
-56,42,21,86,-67,14,-113,37
-57,41,20,85,-67,15,-114,37
-57,39,20,85,-67,16,-114,35
-58,36,21,86,-67,17,-114,32
-58,35,21,86,-67,16,-114,31
-57,35,21,86,-67,15,-114,30
-57,35,20,86,-67,14,-114,31
-57,35,20,85,-67,14,-114,29
-57,36,20,85,-67,14,-112,29
-58,36,20,85,-67,14,-114,30
-59,38,20,86,-67,14,-117,34
-61,39,21,86,-67,14,-118,35
-61,39,21,86,-67,14,-118,35
-61,39,21,86,-67,14,-118,35
-60,39,21,86,-67,14,-117,35
-61,41,21,86,-67,14,-118,36
-61,43,21,86,-67,14,-118,39
-60,44,20,86,-67,14,-117,40
-59,46,21,86,-67,14,-115,41
-59,48,22,88,-67,14,-115,43
-59,49,23,89,-67,14,-117,45
-60,50,24,89,-67,14,-117,46
-59,51,24,89,-67,14,-115,47
-57,52,23,89,-67,14,-114,47
-56,54,23,89,-67,14,-113,50
-55,57,24,88,-67,14,-113,52
-54,58,24,88,-67,14,-112,54
-54,60,25,87,-67,14,-112,56
-54,61,25,88,-67,14,-112,57
-55,62,24,89,-67,14,-112,58
-54,64,23,89,-67,14,-112,59
-53,66,23,89,-67,14,-111,62
-53,67,24,89,-67,14,-109,63
-53,69,25,90,-67,14,-111,64
-54,70,26,91,-67,14,-112,68
-53,71,26,92,-67,14,-113,69
-51,72,26,91,-67,14,-108,70
-50,72,26,91,-67,14,-107,68
-49,72,26,91,-67,14,-107,68
-49,72,27,92,-67,14,-109,70
-48,73,27,92,-67,14,-108,72
-47,74,27,92,-67,14,-107,72
-45,75,27,92,-67,14,-106,73
-45,75,27,92,-67,14,-104,73
-45,75,27,92,-67,14,-104,73
-45,75,27,92,-67,14,-106,73
-45,75,27,92,-67,14,-106,73
-45,75,28,91,-67,15,-103,73
-45,75,28,91,-67,15,-102,73
-45,75,28,91,-67,15,-102,73
-46,75,26,91,-67,15,-103,73
-47,75,24,90,-67,16,-104,70
-48,73,23,89,-67,17,-106,69
-49,72,24,89,-67,17,-106,67
-48,70,25,89,-67,17,-104,65
-47,68,26,89,-67,17,-104,67
-48,67,27,88,-67,16,-103,65
-50,67,26,86,-67,15,-104,65
-51,66,26,85,-67,15,-106,64
-52,66,27,85,-67,15,-107,64
-52,66,27,85,-67,15,-107,64
-52,66,27,85,-67,14,-107,64
-51,66,26,85,-67,14,-106,64
-51,65,26,85,-67,14,-106,63
-50,63,27,85,-67,14,-104,62
-49,62,27,85,-67,14,-103,61
-49,61,27,85,-67,14,-104,59
-50,61,26,85,-67,14,-106,59
-52,59,25,84,-67,14,-104,57
-52,57,25,84,-67,14,-104,54
-52,55,26,84,-67,13,-104,53
-51,55,27,85,-67,12,-106,53
-51,55,27,85,-67,12,-106,53
-51,55,26,84,-67,12,-106,53
-52,55,25,83,-67,14,-104,53
-53,54,25,83,-67,14,-104,53
-54,53,25,83,-67,14,-107,51
-56,53,26,84,-67,12,-111,51
-56,53,27,85,-67,10,-111,51
-56,53,27,85,-67,10,-111,51
-55,52,27,85,-67,10,-109,51
-55,52,27,85,-67,10,-109,50
-54,51,27,85,-67,9,-109,50
-55,51,26,85,-68,9,-109,50
-56,50,26,84,-68,9,-111,48
-57,48,26,84,-68,9,-109,46
-57,46,25,84,-68,9,-109,45
-57,46,25,83,-68,9,-109,43
-58,46,25,83,-68,9,-109,43
-58,46,25,83,-68,9,-109,45
-58,46,25,84,-68,9,-109,45
-57,46,25,84,-68,9,-109,45
-56,47,25,83,-68,8,-108,45
-55,48,23,82,-68,8,-107,46
-55,48,24,82,-68,7,-107,46
-55,48,25,84,-68,7,-107,46
-54,48,27,85,-68,7,-108,46
-54,48,28,86,-68,8,-108,46
-54,49,27,85,-68,7,-108,47
-54,50,25,84,-68,7,-106,47
-53,51,24,83,-68,6,-104,50
-52,53,24,82,-68,6,-104,51
-51,54,24,83,-68,7,-103,52
-51,55,24,83,-69,8,-103,53
-50,56,25,83,-70,8,-102,54
-49,57,25,83,-69,7,-101,54
-48,59,25,84,-68,7,-101,57
-48,61,26,85,-68,8,-103,59
-49,61,27,85,-68,9,-104,59
-50,61,27,85,-68,9,-104,59
-50,62,26,85,-68,9,-104,61
-49,64,27,85,-68,9,-103,62
-48,66,27,85,-68,9,-102,64
-47,68,27,85,-68,9,-102,67
-47,69,26,85,-68,9,-102,67
-47,68,26,85,-68,9,-102,67
-47,68,27,85,-68,9,-102,67
-46,69,28,84,-68,9,-98,67
-45,71,29,83,-68,9,-97,72
-45,74,30,82,-68,9,-95,74
-45,75,30,81,-69,9,-95,76
-45,75,30,82,-70,9,-96,76
-45,75,30,82,-69,9,-96,75
-45,74,30,81,-68,9,-96,75
-45,75,30,82,-68,9,-95,75
-46,76,31,83,-68,9,-96,76
-47,78,33,84,-68,9,-100,81
-48,79,34,85,-68,9,-101,83
-47,79,34,85,-68,9,-100,83
-46,80,33,84,-68,9,-98,83
-45,81,32,83,-68,9,-97,81
-44,83,32,83,-68,9,-95,84
-44,83,31,82,-67,9,-93,84
-42,83,30,81,-67,10,-92,84
-41,83,30,82,-67,11,-91,84
-40,85,31,83,-67,10,-90,85
-40,86,32,84,-68,9,-92,87
-40,88,32,84,-68,8,-92,89
-39,90,32,83,-68,9,-90,91
-38,92,31,83,-67,10,-89,92
-37,94,32,84,-67,12,-90,95
-36,96,33,85,-67,12,-89,100
-36,97,34,85,-67,12,-89,101
-35,99,34,85,-67,12,-89,102
-35,101,33,85,-67,13,-89,104
-34,102,32,86,-67,14,-87,103
-33,104,31,87,-67,14,-89,104
-33,105,31,87,-67,14,-89,106
-33,107,32,86,-67,14,-86,108
-32,109,33,85,-67,14,-85,111
-31,111,33,86,-67,14,-85,112
-31,110,32,86,-67,14,-84,112
-31,110,32,86,-67,14,-84,111
-31,110,34,85,-67,14,-84,113
-30,111,34,84,-67,14,-83,114
-28,112,33,85,-67,14,-81,115
-26,112,32,86,-67,14,-80,113
-27,112,32,87,-67,14,-80,113
-28,112,34,87,-67,14,-81,115
-28,112,35,86,-67,14,-81,115
-28,112,35,86,-67,14,-81,115
-27,112,34,85,-67,13,-80,115
-28,112,34,85,-67,14,-81,115
-29,111,33,85,-67,15,-83,114
-31,110,33,85,-67,17,-84,114
-31,110,34,85,-67,18,-85,113
-31,110,34,85,-67,19,-84,113
-30,109,34,85,-67,19,-84,113
-30,108,34,85,-67,18,-83,112
-31,107,34,85,-67,17,-84,111
-32,105,34,85,-67,17,-85,108
-33,104,34,85,-67,17,-86,107
-33,104,34,85,-67,18,-86,107
-33,104,34,85,-68,19,-86,107
-33,104,34,85,-68,19,-86,107
-33,101,34,85,-69,18,-86,104
-35,99,34,85,-68,18,-87,103
-36,98,34,85,-68,19,-89,101
-36,98,34,85,-67,19,-89,102
-36,98,34,85,-67,18,-89,101
-35,97,34,85,-67,17,-87,101
-35,97,34,85,-67,17,-87,101
-36,96,33,84,-67,17,-89,100
-38,95,33,84,-67,18,-91,98
-39,95,32,83,-67,19,-92,96
-40,95,32,84,-67,19,-92,96
-39,95,33,84,-67,18,-92,98
-39,95,34,85,-67,18,-92,98
-39,94,34,85,-67,18,-91,97
-38,93,34,85,-67,19,-91,96
-38,92,33,84,-67,18,-91,95
-38,91,32,83,-67,18,-89,92
-37,90,32,83,-67,18,-87,91
-37,90,32,83,-67,18,-87,91
-37,90,32,83,-67,18,-87,91
-36,90,32,84,-67,18,-90,91
-36,89,33,84,-67,18,-90,92
-37,86,32,84,-67,19,-90,87
-37,84,31,83,-67,19,-87,85
-37,84,30,82,-67,18,-87,85
-37,85,30,81,-67,18,-87,86
-36,86,30,82,-67,18,-86,86
-36,86,30,82,-67,19,-86,86
-36,86,30,81,-67,20,-86,86
-35,86,31,81,-67,20,-86,87
-35,86,32,81,-67,20,-85,90
-34,86,32,82,-67,21,-85,90
-34,86,32,82,-67,22,-85,87
-35,86,31,81,-67,23,-86,87
-36,87,31,80,-67,24,-86,89
-36,89,31,81,-67,24,-86,90
-36,91,30,81,-67,23,-86,92
-34,92,31,80,-67,23,-85,92
-34,92,32,79,-67,23,-83,96
-35,93,34,79,-67,24,-83,97
-35,95,35,79,-67,24,-84,98
-36,96,34,79,-67,23,-84,100
-35,97,34,79,-67,23,-83,101
-33,98,33,78,-67,23,-81,101
-32,98,33,78,-67,24,-80,102
-31,99,34,78,-68,25,-79,102
-30,99,34,79,-68,25,-78,103
-30,99,35,79,-68,25,-79,102
-31,99,35,79,-69,24,-79,103
-32,101,35,79,-68,24,-80,104
-32,102,35,80,-68,25,-80,106
-31,103,36,80,-67,25,-79,107
-31,103,36,80,-66,25,-79,107
-31,103,36,80,-67,24,-79,108
-32,102,37,81,-67,23,-80,108
-32,102,37,81,-67,23,-80,108
-32,101,37,81,-67,23,-80,107
-31,100,37,81,-67,24,-80,106
-31,100,37,81,-68,24,-79,106
-30,99,37,81,-69,23,-79,106
-31,99,37,82,-68,23,-79,104
-31,99,37,82,-67,23,-79,104
-31,100,37,81,-67,23,-79,106
-30,100,36,80,-67,23,-79,106
-31,99,34,79,-67,23,-79,102
-32,98,33,79,-67,23,-80,102
-34,97,32,79,-67,23,-81,101
-35,97,32,79,-67,23,-83,101
-35,97,32,79,-67,23,-84,100
-35,97,33,79,-68,23,-83,101
-35,97,33,79,-69,23,-83,101
-35,97,32,79,-68,24,-83,101
-35,97,32,79,-67,23,-83,101
-35,97,32,79,-67,23,-83,101
-35,97,31,80,-67,23,-85,98
-35,97,30,81,-67,24,-85,98
-35,97,30,82,-67,24,-85,98
-36,96,31,81,-67,23,-86,97
-37,96,32,79,-67,22,-85,100
-37,96,32,79,-67,20,-85,100
-39,95,32,80,-67,19,-89,98
-39,94,31,81,-67,18,-90,95
-39,94,30,81,-67,18,-90,95
-38,95,30,82,-67,19,-89,96
-36,96,30,82,-67,19,-86,97
-35,97,31,83,-67,19,-85,98
-34,97,32,83,-67,18,-85,98
-35,97,31,83,-67,18,-85,98
-35,97,30,82,-67,18,-85,98
-35,97,30,81,-67,18,-85,98
-35,97,29,81,-67,18,-86,97
-35,97,30,82,-67,18,-85,98
-34,97,32,82,-67,18,-84,98
-32,98,34,83,-67,18,-83,102
-31,99,36,83,-67,18,-81,103
-30,100,37,82,-67,18,-81,106
-30,99,37,82,-67,18,-81,106
-30,98,36,82,-67,18,-80,101
-29,96,35,83,-67,18,-80,100
-29,96,35,83,-67,18,-79,100
-29,96,35,83,-67,18,-79,100
-30,97,36,82,-67,18,-80,101
-30,99,37,81,-67,18,-79,104
-30,99,37,81,-67,19,-79,106
-30,99,37,81,-67,19,-79,106
-30,98,37,81,-67,19,-79,104
-30,97,37,81,-67,18,-79,103
-29,97,37,81,-67,18,-78,103
-28,98,37,81,-67,19,-76,104
-27,99,37,81,-67,20,-75,106
-26,101,37,81,-67,22,-74,107
-26,101,37,81,-67,24,-74,107
-26,101,36,80,-67,24,-74,107
-26,101,36,80,-67,23,-75,104
-26,102,36,80,-67,23,-75,108
-27,103,37,81,-66,25,-75,108
-28,104,37,81,-66,27,-76,111
-28,105,37,81,-66,28,-76,112
-29,106,37,81,-66,29,-78,112
-29,107,37,81,-66,28,-78,113
-30,109,37,81,-66,28,-79,114
-31,110,37,81,-66,28,-79,115
-31,110,37,81,-66,28,-79,117
-31,110,37,81,-66,28,-79,115
-31,110,37,81,-66,30,-79,115
-32,111,37,81,-66,32,-80,117
-33,113,37,81,-66,33,-81,119
-33,114,37,81,-66,33,-81,120
-33,115,36,82,-66,33,-81,120
-33,115,36,82,-66,32,-84,118
-33,114,36,83,-66,33,-84,118
-33,114,36,82,-66,34,-84,118
-33,114,36,82,-66,35,-81,120
-33,115,37,81,-66,35,-81,120
-33,115,37,81,-66,33,-81,120
-33,114,37,81,-66,32,-81,120
-33,113,37,81,-66,33,-81,119
-32,113,37,81,-66,34,-81,119
-32,112,37,81,-66,36,-80,118
-32,111,37,81,-66,38,-80,117
-31,110,36,82,-67,39,-81,114
-31,110,34,84,-68,38,-81,113
-31,110,34,85,-67,38,-84,113
-31,110,33,85,-66,38,-84,111
-31,110,33,85,-66,38,-84,114
-31,110,34,85,-66,38,-84,114
-31,110,34,85,-66,38,-84,113
-31,110,33,85,-66,38,-84,113
-30,110,33,85,-66,38,-84,114
-29,111,34,84,-66,38,-83,114
-30,112,34,84,-66,38,-80,115
-30,111,35,83,-66,38,-80,114
-30,109,35,83,-66,38,-80,113
-28,108,35,83,-66,38,-79,111
-26,108,35,83,-66,38,-76,111
-24,108,34,84,-66,38,-75,112
-24,108,34,85,-66,38,-76,112
-25,108,33,85,-66,38,-78,109
-26,108,34,85,-67,38,-79,111
-26,107,34,84,-68,38,-76,111
-25,108,35,83,-68,38,-76,111
-25,108,34,84,-68,38,-75,112
-24,108,34,84,-68,38,-78,112
-24,108,33,85,-67,38,-78,112
-24,108,33,85,-66,39,-78,112
-24,108,33,85,-65,39,-78,112
-25,110,34,85,-65,39,-78,113
-26,111,34,85,-65,39,-79,114
-28,112,33,85,-66,39,-81,115
-30,111,33,85,-66,40,-84,114
-31,111,33,85,-65,40,-84,114
-31,110,34,84,-65,42,-85,113
-31,110,34,84,-65,43,-81,113
-30,109,35,83,-65,43,-81,113
-30,108,34,84,-65,42,-80,112
-30,109,34,84,-65,41,-84,113
-31,110,33,85,-66,41,-84,113
-31,110,33,85,-66,42,-84,114
-31,110,34,85,-66,42,-84,114
-31,110,34,85,-65,41,-84,113
-30,110,34,85,-65,40,-84,114
-31,110,34,85,-66,39,-84,113
-32,109,34,85,-67,40,-85,113
-34,108,33,84,-68,41,-87,112
-35,108,33,84,-68,42,-89,111
-36,108,32,83,-69,41,-89,108
-35,108,33,84,-70,41,-89,111
-35,108,33,84,-70,42,-89,111
-35,108,34,85,-68,43,-89,111
-35,108,34,85,-67,43,-89,112
-36,108,34,85,-67,43,-89,112
-35,108,34,85,-68,43,-89,111
-35,107,34,85,-69,43,-87,111
-34,105,34,85,-70,41,-87,108
-33,104,34,85,-70,39,-86,107
-32,103,34,85,-68,38,-86,107
-33,103,34,85,-68,39,-86,107
-33,104,34,85,-68,40,-86,107
-33,104,34,85,-69,41,-86,107
-33,104,34,85,-69,42,-86,107
-32,104,34,85,-68,43,-86,107
-33,104,34,85,-68,43,-86,107
-34,103,34,85,-68,43,-87,106
-36,101,34,85,-68,43,-89,104
-36,100,34,85,-67,43,-89,103
-36,98,34,85,-66,43,-89,102
-36,98,34,85,-65,43,-89,101
-35,97,34,85,-66,43,-87,101
-34,97,34,85,-68,43,-87,101
-35,97,34,85,-69,43,-87,101
-36,96,34,85,-69,43,-89,100
-38,95,34,85,-69,43,-91,98
-39,95,34,85,-68,43,-92,98
-39,94,34,85,-68,43,-92,97
-39,94,33,85,-68,43,-92,97
-39,95,32,84,-68,43,-92,96
-39,95,32,83,-68,43,-92,96
-39,95,33,84,-68,45,-92,98
-39,94,33,84,-66,46,-92,97
-39,94,33,85,-65,46,-92,97
-39,95,33,86,-65,46,-92,96
-38,95,32,86,-67,45,-91,96
-36,97,32,86,-67,45,-89,97
-35,97,33,85,-67,46,-87,98
-34,97,34,85,-65,47,-87,101
-35,97,34,85,-65,48,-87,101
-36,98,34,85,-65,48,-89,102
-37,100,34,85,-66,48,-90,103
-38,101,33,85,-67,48,-91,104
-37,101,34,85,-68,48,-90,104
-36,102,34,85,-69,48,-89,106
-35,104,34,85,-70,48,-89,107
-35,106,35,86,-71,47,-89,109
-35,108,35,86,-70,48,-87,112
-34,108,35,86,-68,49,-87,112
-32,110,34,85,-66,51,-86,113
-32,111,34,85,-67,53,-85,114
-32,114,35,86,-68,53,-85,117
-32,115,36,87,-68,53,-85,118
-31,116,36,87,-67,53,-84,119
-29,117,36,87,-65,52,-83,120
-28,119,36,87,-65,52,-81,123
-27,122,37,88,-67,52,-81,125
-27,123,37,88,-68,53,-80,126
-25,124,37,88,-68,54,-79,128
-25,124,37,88,-67,56,-79,128
-25,126,37,88,-65,57,-79,129
-25,128,37,88,-64,58,-79,131
-25,130,37,88,-65,57,-79,134
-25,130,37,88,-66,57,-79,134
-25,130,37,88,-68,57,-79,134
-25,130,36,89,-69,58,-80,134
-24,130,35,91,-70,60,-80,134
-22,133,34,92,-69,61,-81,134
-22,135,33,92,-69,61,-81,136
-22,137,34,92,-69,59,-81,137
-23,137,35,93,-69,58,-81,139
-23,137,36,94,-70,59,-81,140
-23,137,37,95,-69,61,-81,140
-23,137,38,96,-69,63,-81,140
-23,137,38,95,-69,63,-81,140
-23,137,37,95,-69,63,-81,140
-23,137,37,95,-69,62,-81,140
-23,136,37,95,-69,62,-81,140
-23,137,38,95,-69,62,-81,140
-24,138,38,95,-69,63,-83,141
-24,139,37,95,-69,62,-83,142
-25,140,37,94,-69,62,-84,144
-25,140,36,94,-69,62,-84,144
-25,140,36,93,-69,62,-84,144
-24,139,35,92,-69,62,-83,140
-24,138,34,92,-69,62,-83,139
-23,137,34,92,-69,62,-81,137
-22,137,34,92,-69,62,-80,137
-23,136,34,92,-68,62,-81,137
-24,136,34,92,-68,62,-83,136
-26,135,34,92,-67,62,-85,136
-27,134,34,92,-67,62,-85,135
-27,134,34,91,-68,62,-84,135
-27,133,36,90,-68,62,-83,136
-27,131,36,90,-69,62,-83,134
-28,128,35,90,-69,63,-84,131
-28,126,34,91,-70,62,-84,128
-28,125,34,92,-70,62,-86,125
-28,122,35,91,-69,62,-84,126
-28,121,36,89,-67,63,-85,124
-29,118,36,87,-66,63,-83,122
-30,116,35,86,-66,62,-84,119
-31,114,34,85,-67,61,-84,118
-32,112,33,85,-68,59,-85,115
-32,110,33,85,-68,58,-86,113
-33,108,34,85,-67,57,-86,111
-33,104,34,85,-65,57,-86,108
-33,102,34,85,-64,57,-86,106
-34,99,34,84,-65,57,-87,102
-36,97,33,85,-66,58,-89,100
-38,95,32,86,-68,57,-91,96
-40,93,31,87,-68,58,-95,93
-41,90,31,87,-67,57,-96,91
-41,88,32,86,-66,57,-95,89
-42,86,33,85,-67,57,-95,89
-43,83,33,85,-68,58,-96,86
-43,81,31,85,-68,58,-95,81
-43,77,30,86,-67,57,-96,78
-43,74,30,87,-67,56,-98,75
-44,72,30,88,-67,56,-98,73
-45,70,29,88,-67,56,-100,68
-46,69,28,86,-67,57,-101,67
-46,67,28,84,-68,58,-98,65
-47,65,28,83,-68,58,-100,65
-48,61,29,83,-68,57,-100,62
-47,59,28,84,-66,57,-100,57
-47,57,28,84,-65,57,-100,56
-46,56,28,84,-65,57,-98,54
-45,54,28,83,-65,57,-97,56
-46,53,28,81,-67,57,-96,53
-48,51,29,80,-68,57,-97,52
-49,51,29,80,-68,58,-98,52
-49,51,29,81,-68,58,-98,52
-49,50,28,82,-66,57,-98,51
-49,47,28,82,-65,57,-101,48
-50,45,27,82,-66,57,-102,43
-51,44,27,81,-68,58,-101,42
-51,44,28,82,-69,59,-103,45
-51,44,29,82,-68,59,-101,45
-51,44,29,81,-66,59,-101,45
-51,45,29,80,-65,58,-101,46
-51,44,28,79,-65,59,-101,45
-50,43,28,79,-66,61,-100,43
-49,41,27,79,-66,62,-98,42
-49,40,26,80,-66,63,-98,39
-48,39,24,81,-66,63,-101,37
-49,39,24,81,-65,62,-101,37
-49,40,26,80,-65,62,-98,39
-49,40,28,80,-64,62,-98,41
-49,40,29,80,-64,62,-98,41
-49,40,28,79,-64,62,-98,41
-49,40,27,79,-65,64,-98,41
-50,39,25,80,-64,66,-100,37
-51,39,24,81,-64,67,-103,37
-51,38,23,81,-64,68,-103,36
-52,38,24,81,-64,67,-103,36
-52,39,24,81,-64,67,-103,37
-52,39,24,81,-66,67,-104,37
-54,41,23,81,-67,67,-106,40
-55,42,23,82,-68,69,-107,37
-56,42,23,82,-67,71,-108,37
-56,42,23,82,-68,72,-108,40
-55,42,23,82,-68,72,-107,40
-55,42,23,82,-68,72,-107,37
-55,42,23,82,-67,72,-107,37
-55,42,23,82,-67,73,-107,37
-55,42,24,82,-67,74,-107,40
-55,42,24,83,-67,75,-107,40
-55,42,24,83,-66,76,-107,40
-55,42,25,83,-65,77,-107,40
-54,42,25,83,-64,77,-107,40
-54,43,25,84,-63,77,-106,41
-54,43,25,83,-63,77,-106,41
-54,43,25,83,-64,76,-106,41
-54,42,25,83,-65,77,-107,40
-54,42,25,84,-66,79,-106,40
-54,43,25,83,-66,81,-106,41
-53,45,25,83,-67,82,-104,42
-54,47,25,83,-67,82,-106,45
-54,48,25,84,-66,82,-106,46
-55,48,27,85,-65,82,-109,46
-55,48,27,86,-66,83,-109,46
-54,48,27,85,-66,86,-108,46
-53,48,26,84,-68,87,-106,46
-53,48,25,83,-68,87,-106,46
-53,49,25,83,-68,87,-106,47
-54,48,25,84,-68,87,-106,46
-54,48,25,84,-68,87,-106,46
-53,48,25,84,-68,87,-106,46
-53,48,25,84,-68,87,-106,46
-53,48,26,84,-68,86,-106,46
-53,48,26,85,-68,87,-108,46
-53,48,27,85,-68,88,-108,46
-53,48,27,85,-67,90,-108,46
-53,48,27,85,-67,92,-108,46
-53,48,27,85,-67,92,-108,46
-53,48,27,85,-67,92,-108,46
-53,49,27,85,-67,91,-108,47
-53,49,27,85,-67,92,-108,47
-54,49,27,85,-67,93,-108,47
-53,48,27,85,-67,95,-108,46
-53,48,27,85,-67,97,-108,46
-53,49,27,85,-67,97,-108,47
-54,49,27,85,-67,97,-108,47
-55,50,27,85,-67,97,-109,48
-54,51,27,85,-67,98,-109,50
-54,52,27,85,-67,99,-108,51
-52,54,27,85,-67,100,-107,52
-52,55,27,85,-67,101,-107,53
-52,57,27,85,-67,101,-107,54
-53,58,27,85,-67,101,-107,56
-52,60,26,85,-67,101,-107,58
-51,61,27,85,-67,102,-106,59
-50,63,28,86,-67,103,-106,61
-50,65,29,87,-67,104,-106,65
-50,67,30,88,-66,104,-104,68
-49,68,31,89,-67,104,-103,69
-47,68,30,88,-66,104,-102,69
-47,68,30,88,-66,105,-102,69
-47,68,30,88,-66,106,-102,69
-47,70,30,88,-66,107,-102,70
-46,73,30,88,-66,107,-101,74
-45,75,30,88,-66,106,-101,75
-45,75,30,88,-66,106,-100,76
-45,75,31,89,-66,106,-100,76
-46,75,31,89,-66,107,-101,75
-47,74,32,90,-66,106,-102,75
-47,74,32,90,-66,106,-102,74
-47,74,32,90,-66,106,-102,75
-46,75,31,89,-66,107,-101,75
-45,75,31,89,-66,108,-100,75
-45,75,31,89,-66,108,-100,76
-46,75,31,89,-66,108,-101,75
-47,75,32,90,-66,107,-102,75
-48,73,32,90,-66,106,-106,74
-49,71,32,90,-66,106,-104,72
-48,69,31,89,-66,108,-103,70
-47,68,30,88,-66,110,-102,69
-47,68,30,88,-66,111,-102,69
-47,68,30,88,-66,110,-102,69
-49,68,30,89,-66,108,-103,69
-50,67,30,89,-66,108,-106,67
-52,66,30,89,-66,109,-107,67
-52,65,30,88,-66,110,-107,65
-52,66,30,88,-66,110,-107,67
-50,67,30,89,-66,109,-104,68
-50,67,29,89,-66,109,-107,64
-50,67,28,90,-66,108,-108,64
-51,67,28,90,-66,108,-108,64
-52,67,29,90,-66,108,-109,65
-53,67,29,89,-66,108,-109,65
-52,68,29,89,-66,109,-109,65
-53,68,29,90,-66,110,-109,65
-53,68,29,90,-66,111,-111,67
-53,69,29,91,-66,112,-111,67
-52,70,28,91,-66,112,-109,68
-50,71,27,90,-66,112,-108,69
-50,70,26,88,-66,111,-107,68
-51,68,25,86,-66,110,-106,67
-52,67,25,86,-66,108,-107,65
-53,67,27,87,-66,107,-108,65
-53,68,29,88,-66,108,-108,65
-53,68,30,89,-66,108,-108,69
-53,68,30,90,-66,108,-111,67
-52,68,28,91,-66,107,-109,65
-52,67,27,92,-66,107,-112,65
-52,66,26,92,-66,108,-112,62
-51,66,27,92,-66,108,-111,64
-51,66,27,92,-66,108,-111,64
-52,66,27,92,-66,107,-112,64
-52,64,26,91,-66,106,-109,62
-53,61,25,90,-66,106,-111,57
-54,59,25,90,-66,106,-111,54
-54,59,24,90,-66,106,-111,54
-53,58,24,90,-66,106,-111,53
-52,57,25,90,-66,107,-109,52
-53,54,27,90,-66,107,-109,52
-54,52,28,90,-66,106,-111,50
-54,50,27,90,-66,105,-111,47
-53,49,25,90,-67,103,-111,45
-54,48,23,89,-67,102,-111,43
-55,48,23,89,-67,101,-112,43
-57,47,23,89,-67,101,-113,42
-57,45,24,89,-67,102,-114,41
-56,43,25,88,-67,102,-113,39
-55,42,25,87,-67,102,-109,40
-56,41,25,87,-67,102,-111,39
-58,40,25,87,-67,101,-112,39
-60,39,25,87,-67,101,-117,35
-62,39,24,88,-67,100,-119,35
-63,38,24,88,-67,99,-119,34
-63,36,24,88,-67,98,-119,31
-63,34,25,87,-67,97,-119,30
-63,32,26,86,-67,97,-118,30
-65,31,26,85,-67,97,-119,29
-65,31,26,86,-67,97,-119,29
-66,29,25,88,-67,97,-123,24
-66,27,23,89,-67,97,-123,23
-67,25,23,89,-67,97,-124,20
-68,24,22,88,-67,95,-124,19
-67,22,22,87,-67,93,-124,18
-66,21,22,88,-67,92,-123,17
-66,20,23,89,-67,91,-123,15
-66,19,24,89,-67,92,-123,14
-68,17,22,88,-67,92,-124,12
-69,14,21,86,-67,92,-125,9
-69,13,20,85,-67,92,-125,6
-71,11,20,85,-67,92,-124,4
-72,11,20,85,-67,92,-125,6
-73,11,20,85,-67,91,-129,7
-72,11,19,87,-67,90,-129,4
-72,11,17,88,-67,90,-130,3
-71,10,16,89,-67,90,-130,0
-72,9,17,88,-67,90,-131,2
-74,8,18,86,-68,89,-130,1
-75,7,20,85,-68,87,-129,2
-75,6,20,85,-68,86,-129,1
-75,4,19,86,-68,86,-130,-2
-74,4,18,86,-68,87,-130,-2
-72,5,18,86,-68,87,-129,-1
-71,6,19,86,-68,87,-128,-1
-70,6,19,86,-68,87,-126,0
-69,6,18,86,-68,86,-125,0
-70,7,18,87,-68,83,-126,0
-71,8,18,88,-68,82,-130,1
-72,9,18,87,-68,82,-128,2
-71,9,18,86,-68,82,-128,2
-69,9,19,86,-68,83,-125,2
-68,10,19,86,-68,82,-124,2
-67,11,19,86,-68,81,-123,4
-67,13,20,85,-68,79,-124,6
-68,14,20,85,-68,77,-124,7
-68,14,20,86,-68,77,-124,7
-68,13,20,86,-68,77,-124,6
-68,13,20,85,-68,77,-124,8
-68,13,20,85,-68,76,-124,6
-68,14,19,86,-68,74,-124,7
-68,17,19,86,-68,72,-124,9
-67,19,19,88,-68,72,-123,12
-67,21,20,88,-68,72,-123,14
-67,23,21,88,-68,72,-124,18
-68,25,23,88,-68,73,-124,20
-68,26,24,88,-68,72,-124,21
-67,28,24,89,-69,71,-124,24
-66,30,23,89,-69,69,-123,25
-65,33,22,90,-69,67,-124,28
-63,36,22,90,-69,67,-123,31
-62,39,22,90,-69,68,-119,35
-61,43,22,90,-69,68,-120,39
-61,46,21,91,-70,66,-120,39
-61,49,21,93,-72,64,-123,41
-61,52,22,95,-72,63,-123,45
-60,54,23,96,-72,63,-122,50
-59,56,24,96,-70,62,-122,52
-58,58,24,96,-69,61,-120,54
-58,61,24,95,-69,61,-120,57
-58,64,23,96,-69,60,-120,59
-58,67,24,95,-69,59,-120,62
-57,69,23,95,-70,58,-119,64
-56,71,24,96,-71,57,-118,67
-54,74,25,97,-72,57,-117,69
-53,76,26,98,-72,56,-115,72
-51,79,27,99,-72,57,-117,75
-50,82,28,99,-71,56,-115,78
-49,84,27,99,-70,54,-114,80
-47,86,27,99,-69,53,-112,83
-46,89,27,98,-69,52,-108,85
-45,92,27,99,-70,53,-109,87
-43,94,28,100,-72,53,-108,90
-42,97,30,101,-73,53,-107,95
-41,101,31,102,-74,53,-106,98
-40,104,31,102,-73,53,-106,102
-39,107,31,102,-72,53,-104,106
-38,110,31,102,-71,53,-103,108
-37,114,31,102,-70,53,-102,112
-36,118,31,102,-71,53,-102,117
-36,122,31,102,-72,53,-101,120
-36,126,32,103,-72,53,-101,124
-35,129,32,104,-72,53,-101,126
-34,130,32,103,-72,53,-100,129
-34,133,31,102,-72,53,-100,131
-33,135,31,102,-72,53,-98,134
-33,138,32,103,-71,53,-98,136
-32,141,33,104,-70,53,-98,139
-32,143,35,106,-71,54,-101,141
-31,145,35,106,-72,57,-100,144
-30,148,35,106,-73,58,-98,146
-30,149,34,105,-73,58,-98,147
-30,150,34,105,-73,58,-98,148
-30,151,34,105,-74,58,-98,150
-30,151,35,106,-75,58,-98,148
-30,151,35,106,-75,58,-98,148
-31,151,34,106,-75,58,-100,150
-31,152,34,106,-74,58,-100,151
-32,153,34,106,-73,58,-101,152
-32,154,35,106,-72,58,-101,152
-32,154,36,106,-73,58,-101,155
-32,154,36,107,-74,58,-101,155
-32,154,34,108,-75,58,-101,152
-32,154,33,109,-75,58,-103,152
-32,153,33,111,-74,58,-102,151
-30,151,34,112,-74,58,-103,150
-30,149,35,113,-74,58,-103,147
-30,149,35,112,-75,58,-103,147
-30,150,35,112,-74,58,-103,148
-29,149,35,112,-74,58,-103,147
-28,148,34,112,-74,58,-102,147
-28,147,35,112,-74,58,-102,145
-29,145,35,113,-74,58,-102,144
-30,143,35,112,-74,58,-103,141
-31,141,33,112,-74,58,-104,140
-30,140,32,110,-74,59,-101,136
-29,139,31,109,-74,60,-100,135
-29,138,31,109,-74,61,-100,134
-31,138,32,110,-74,61,-101,134
-33,137,32,111,-74,61,-103,136
-34,137,32,110,-74,61,-104,135
-33,135,32,109,-74,60,-104,134
-32,133,32,108,-74,61,-103,131
-31,132,33,107,-74,61,-100,130
-31,132,33,107,-74,63,-100,130
-32,131,33,107,-74,63,-101,130
-35,130,32,108,-74,63,-106,129
-36,130,32,108,-74,63,-107,128
-36,130,31,109,-74,63,-107,125
-36,130,31,109,-74,63,-107,125
-35,130,31,109,-74,63,-106,125
-35,130,31,109,-74,63,-106,125
-36,130,31,109,-74,63,-107,125
-37,129,31,109,-74,63,-108,124
-37,129,31,109,-74,63,-108,124
-37,130,31,109,-74,63,-107,125
-36,130,31,109,-74,63,-107,125
-37,129,31,109,-74,63,-107,124
-38,127,31,109,-74,63,-108,123
-39,126,30,108,-74,63,-109,122
-39,125,30,108,-74,63,-109,120
-38,124,30,108,-74,63,-108,119
-38,123,30,108,-74,62,-108,119
-39,122,29,107,-74,61,-109,118
-40,122,28,106,-74,60,-111,117
-42,121,27,105,-74,59,-111,117
-44,120,27,106,-74,58,-114,115
-45,118,28,106,-74,58,-115,113
-44,116,28,106,-74,58,-114,112
-44,114,27,106,-74,58,-114,109
-44,112,27,106,-74,58,-114,108
-45,109,27,106,-74,58,-115,104
-47,106,27,106,-74,58,-117,102
-47,103,27,106,-74,58,-118,98
-48,101,27,106,-74,58,-118,96
-48,99,28,106,-74,58,-118,95
-48,98,28,106,-74,58,-118,93
-49,96,27,106,-74,56,-119,91
-49,93,26,104,-74,55,-117,89
-49,89,26,103,-75,54,-117,85
-50,86,27,101,-75,53,-114,81
-51,83,28,101,-75,51,-115,78
-52,80,28,101,-75,50,-117,75
-53,79,26,101,-75,48,-118,74
-52,77,26,100,-75,48,-117,73
-51,75,26,100,-75,48,-117,72
-51,74,26,100,-75,48,-117,69
-52,71,25,101,-75,48,-117,67
-53,69,25,102,-75,49,-120,62
-54,66,24,102,-75,48,-120,59
-55,65,24,103,-75,46,-122,58
-56,64,24,103,-75,45,-123,57
-56,64,24,102,-75,43,-123,57
-56,64,24,102,-75,43,-123,57
-55,62,24,102,-75,43,-122,56
-54,61,24,103,-75,42,-122,54
-54,61,24,102,-75,40,-122,54
-54,61,24,102,-75,39,-122,54
-54,61,24,102,-75,38,-122,53
-54,59,24,103,-75,38,-120,52
-54,59,23,103,-75,37,-120,52
-54,61,24,102,-75,36,-122,53
-55,63,25,101,-75,36,-122,56
-56,64,26,100,-75,35,-120,59
-57,64,27,99,-76,34,-122,59
-56,64,28,98,-76,33,-118,59
-54,64,28,99,-76,33,-119,59
-53,65,27,99,-76,34,-118,61
-52,67,26,100,-76,34,-117,63
-53,69,25,99,-76,32,-117,64
-54,70,25,99,-76,30,-118,65
-55,72,25,99,-76,29,-119,68
-56,73,25,100,-76,28,-120,69
-56,74,25,101,-76,29,-122,69
-56,75,25,102,-76,29,-123,68
-55,75,25,101,-76,29,-122,72
-54,77,25,101,-76,29,-122,73
-54,79,25,102,-77,29,-122,73
-54,81,24,102,-78,29,-120,74
-53,83,24,102,-78,29,-120,75
-52,84,25,101,-78,29,-119,78
-51,86,25,101,-77,29,-117,81
-52,88,25,101,-76,28,-119,84
-52,88,24,102,-76,28,-119,81
-53,88,24,103,-76,28,-120,81
-52,88,23,102,-76,29,-119,81
-51,88,24,103,-76,29,-118,81
-49,89,25,104,-76,28,-117,83
-48,90,26,105,-76,28,-115,86
-47,90,27,106,-76,28,-117,86
-48,90,27,105,-76,28,-115,86
-48,90,26,104,-76,28,-115,85
-48,90,26,104,-76,29,-115,86
-48,90,27,105,-76,29,-115,86
-48,90,28,106,-76,29,-118,86
-47,89,28,106,-76,28,-117,85
-46,87,27,106,-76,28,-115,83
-47,85,27,106,-77,29,-117,81
-49,84,28,106,-78,30,-118,80
-50,83,28,106,-78,31,-119,79
-49,82,27,105,-77,32,-117,78
-49,81,26,104,-76,33,-115,76
-49,79,25,104,-77,34,-115,72
-50,76,25,103,-79,34,-117,69
-50,74,25,103,-81,34,-117,67
-50,73,25,103,-81,34,-117,65
-50,73,25,103,-81,34,-117,65
-51,72,25,103,-81,34,-118,65
-52,70,25,104,-81,34,-119,63
-53,67,25,103,-81,33,-119,61
-52,66,24,103,-81,34,-119,59
-51,66,24,102,-80,36,-118,59
-51,66,24,102,-80,37,-118,59
-53,65,24,102,-81,38,-119,58
-55,64,24,103,-81,38,-122,57
-56,64,24,103,-80,37,-123,57
-57,65,24,102,-79,37,-124,58
-58,67,24,102,-78,38,-125,59
-58,68,24,102,-77,39,-125,61
-58,68,24,102,-77,39,-125,62
-58,68,24,102,-77,39,-125,61
-58,67,24,102,-78,39,-125,61
-58,68,24,102,-79,39,-125,61
-57,69,24,102,-80,39,-124,62
-56,71,24,102,-81,39,-123,64
-55,72,24,102,-81,39,-122,65
-54,72,24,102,-81,39,-122,64
-54,71,24,102,-81,39,-122,64
-54,71,24,102,-80,39,-122,64
-55,72,24,102,-79,39,-122,65
-55,72,24,103,-79,39,-122,64
-54,71,24,103,-79,39,-122,64
-54,70,24,102,-80,39,-120,63
-54,70,24,102,-81,39,-120,63
-54,70,24,102,-81,39,-120,63
-54,71,24,103,-80,39,-120,64
-54,71,25,103,-79,39,-120,64
-54,70,25,104,-79,39,-120,63
-54,70,25,103,-79,39,-120,63
-54,70,24,103,-80,39,-120,63
-54,70,24,102,-81,39,-122,63
-54,71,24,102,-81,39,-122,64
-54,70,24,102,-80,39,-120,63
-53,69,24,103,-80,39,-120,62
-52,68,24,103,-80,39,-119,61
-52,66,24,102,-80,38,-119,59
-53,65,24,102,-80,39,-119,58
-55,64,24,102,-80,41,-122,57
-56,64,24,102,-80,42,-123,57
-56,64,24,102,-80,42,-123,57
-56,64,24,102,-80,41,-123,57
-55,64,24,102,-80,40,-123,57
-56,64,24,102,-80,42,-123,57
-57,63,24,102,-80,43,-124,56
-59,62,24,102,-80,44,-126,54
-60,61,24,102,-80,44,-128,54
-60,61,24,102,-80,43,-128,54
-60,61,24,102,-80,43,-126,54
-60,61,24,102,-80,43,-128,54
-62,61,24,102,-80,44,-129,54
-63,60,24,102,-80,43,-130,52
-64,57,24,102,-80,43,-130,51
-63,56,24,103,-80,43,-130,48
-62,55,24,103,-80,44,-129,48
-62,55,24,102,-80,44,-129,47
-62,55,22,101,-80,43,-129,47
-63,53,21,100,-80,43,-129,46
-64,50,22,101,-80,43,-130,43
-64,48,22,101,-80,44,-131,41
-65,48,23,101,-80,45,-131,41
-64,47,22,101,-80,45,-130,40
-63,46,21,99,-80,45,-129,39
-62,44,20,99,-80,46,-126,37
-61,42,20,99,-80,46,-125,35
-62,40,21,99,-80,46,-128,32
-63,38,21,99,-80,46,-129,31
-64,37,20,99,-80,46,-128,30
-64,37,20,99,-80,46,-128,30
-65,36,20,99,-80,47,-129,29
-65,33,20,99,-80,47,-129,25
-65,29,20,99,-80,46,-129,23
-65,27,20,99,-80,45,-129,20
-65,26,20,99,-80,43,-129,19
-66,25,20,99,-80,43,-130,18
-67,23,20,99,-80,44,-131,15
-67,21,20,99,-80,45,-130,14
-67,19,21,99,-80,46,-133,12
-68,18,21,99,-80,45,-134,10
-70,18,20,99,-80,44,-134,10
-72,17,19,98,-80,43,-135,7
-72,15,18,97,-80,43,-136,6
-72,12,17,96,-80,43,-136,2
-73,10,17,95,-80,44,-136,1
-73,10,17,96,-80,44,-136,1
-73,10,17,96,-80,43,-137,1
-73,10,17,96,-80,43,-137,1
-74,10,17,96,-80,43,-137,1
-74,8,18,95,-80,43,-137,-1
-75,5,19,93,-80,43,-135,-1
-75,4,20,92,-80,44,-135,-2
-75,5,21,92,-80,43,-134,-1
-75,6,21,92,-80,43,-134,-1
-75,6,20,93,-80,43,-136,-1
-74,5,19,94,-80,44,-135,-2
-74,4,18,95,-80,44,-137,-4
-74,4,18,94,-80,43,-135,-4
-74,4,18,93,-80,42,-135,-2
-74,4,19,93,-80,40,-135,-2
-75,5,19,94,-81,39,-135,-2
-75,5,19,95,-82,40,-136,-1
-75,6,20,96,-82,41,-139,0
-74,6,20,94,-82,41,-135,0
-73,5,20,93,-81,39,-134,-1
-73,4,20,92,-80,39,-131,-2
-72,5,20,92,-80,39,-131,-1
-72,7,20,92,-80,39,-133,0
-71,8,20,93,-81,39,-133,1
-70,8,20,93,-81,39,-131,1
-70,8,20,92,-80,39,-129,1
-71,8,20,92,-80,39,-129,1
-71,9,20,92,-80,39,-130,2
-72,10,20,92,-80,39,-130,3
-72,11,20,92,-80,39,-130,3
-72,11,20,92,-80,39,-131,4
-72,11,20,92,-80,37,-131,4
-72,11,20,92,-80,35,-130,3
-72,11,20,92,-81,34,-130,3
-72,11,20,92,-81,33,-130,3
-72,11,20,92,-81,34,-134,4
-72,11,20,92,-81,34,-133,3
-72,11,20,92,-81,34,-133,3
-72,11,20,92,-81,34,-131,3
-72,11,20,92,-81,34,-130,3
-72,11,20,92,-81,34,-133,3
-72,11,18,93,-81,34,-133,3
-72,11,18,94,-81,34,-134,1
-72,11,18,94,-81,34,-134,1
-72,11,18,93,-81,34,-134,4
-71,11,18,93,-81,34,-133,4
-69,12,18,94,-81,34,-130,2
-68,13,18,94,-81,32,-129,3
-68,14,19,93,-81,30,-129,7
-69,16,20,92,-81,29,-128,9
-71,18,21,92,-81,28,-129,10
-71,18,19,93,-81,29,-131,10
-70,18,18,95,-81,29,-134,8
-68,18,17,96,-81,29,-133,8
-69,19,16,96,-81,29,-133,9
-71,21,17,96,-81,28,-134,12
-72,22,18,96,-81,27,-136,13
-71,23,19,96,-81,26,-135,15
-69,23,20,97,-81,25,-134,15
-68,24,21,97,-81,24,-133,17
-68,25,21,98,-81,24,-131,18
-68,25,22,97,-81,24,-133,18
-69,25,22,97,-81,24,-133,18
-69,26,21,98,-81,25,-133,19
-69,26,21,98,-81,24,-133,19
-69,26,21,98,-81,23,-133,19
-68,25,22,97,-81,21,-133,18
-68,25,23,96,-81,20,-130,20
-68,24,23,96,-82,19,-130,17
-68,24,21,98,-82,19,-131,17
-67,25,20,99,-81,20,-134,18
-66,25,20,99,-81,20,-133,18
-65,25,20,99,-81,20,-131,18
-64,26,20,99,-82,19,-128,19
-64,26,20,99,-82,18,-128,19
-64,26,20,99,-82,17,-128,19
-65,25,20,99,-82,16,-131,18
-65,25,20,99,-82,16,-129,18
-65,25,20,99,-82,16,-129,18
-64,26,20,99,-82,15,-128,19
-64,27,20,99,-82,14,-128,19
-64,27,20,99,-82,14,-128,19
-64,26,20,99,-82,14,-128,19
-64,26,20,99,-82,15,-128,19
-64,26,20,99,-82,15,-128,19
-64,28,20,99,-82,14,-128,20
-65,29,20,99,-82,14,-129,23
-66,30,20,99,-82,14,-130,23
-66,31,20,99,-82,15,-130,24
-66,31,20,99,-82,14,-130,24
-66,31,20,99,-82,14,-130,24
-66,30,20,99,-82,14,-130,23
-66,30,21,99,-82,15,-133,23
-66,31,21,99,-82,15,-133,24
-66,33,20,99,-82,14,-130,25
-64,35,20,99,-82,13,-128,28
-64,36,20,99,-82,13,-130,29
-63,36,21,99,-82,13,-129,29
-63,36,21,100,-82,14,-130,29
-64,37,21,100,-82,14,-130,30
-64,37,21,100,-82,14,-130,30
-64,37,21,100,-82,13,-130,30
-64,37,21,100,-82,12,-130,30
-64,37,23,99,-82,11,-128,30
-63,38,23,98,-83,10,-126,31
-63,40,23,97,-83,10,-126,32
-63,41,22,97,-84,10,-126,34
-62,42,22,96,-83,10,-124,35
-61,42,23,96,-83,10,-123,35
-61,43,24,95,-82,10,-123,39
-61,43,25,97,-82,10,-123,39
-62,44,25,99,-82,10,-126,40
-62,44,24,101,-83,10,-129,37
-62,44,23,101,-82,10,-129,36
-61,43,22,100,-82,10,-125,35
-60,41,22,98,-83,10,-124,34
-60,40,23,99,-82,10,-124,32
-59,39,23,101,-82,10,-125,32
-60,39,24,103,-82,10,-126,32
-60,40,24,103,-83,10,-126,32
-60,40,23,102,-83,10,-126,32
-60,39,23,101,-84,10,-126,32
-59,39,23,101,-83,10,-125,32
-60,40,22,101,-83,10,-126,32
-60,41,21,100,-82,10,-126,34
-61,43,21,101,-82,10,-128,36
-62,44,23,101,-82,10,-129,36
-62,44,23,102,-83,10,-129,37
-62,44,23,102,-84,9,-129,37
-62,44,23,102,-84,8,-129,36
-62,44,22,101,-84,7,-129,36
-62,44,22,101,-83,6,-129,37
-62,44,24,100,-82,5,-126,37
-62,44,25,100,-82,5,-126,39
-62,43,26,100,-83,5,-126,39
-62,44,26,100,-84,5,-126,39
-62,45,25,99,-84,5,-126,41
-62,48,24,97,-84,5,-124,43
-61,50,25,96,-83,5,-123,45
-60,51,26,97,-82,5,-122,46
-60,51,27,99,-82,3,-124,46
-60,50,26,101,-83,1,-124,46
-60,50,25,102,-83,0,-126,46
-60,50,25,101,-84,0,-124,43
-60,50,25,99,-85,0,-124,46
-60,50,26,98,-84,0,-122,46
-58,51,26,98,-83,0,-120,47
-58,54,27,98,-83,0,-119,50
-57,56,27,99,-83,0,-122,51
-58,57,27,99,-83,0,-123,52
-57,57,27,99,-83,0,-122,53
-57,58,27,99,-83,0,-122,53
-56,59,27,99,-83,0,-120,54
-55,62,27,98,-83,0,-118,58
-55,65,27,99,-83,0,-119,61
-55,69,26,100,-83,0,-119,64
-54,72,26,102,-83,0,-120,68
-53,75,26,105,-83,0,-120,70
-51,79,27,106,-83,1,-122,74
-50,82,28,106,-83,3,-120,78
-49,85,28,106,-82,5,-119,80
-48,88,27,106,-82,7,-118,84
-49,92,27,106,-83,7,-119,87
-49,95,27,105,-83,7,-117,91
-49,99,27,106,-82,9,-119,95
-47,102,28,107,-82,11,-117,97
-46,104,30,108,-82,14,-115,100
-44,107,31,109,-83,14,-114,102
-43,110,32,109,-86,14,-114,106
-43,113,31,110,-86,15,-114,109
-43,116,30,110,-87,16,-113,112
-43,119,29,111,-87,18,-115,114
-42,121,30,110,-86,19,-113,117
-41,123,31,109,-86,20,-112,119
-41,126,31,109,-86,21,-112,122
-40,127,31,109,-86,23,-111,123
-40,128,31,109,-86,24,-111,123
-40,128,31,109,-86,25,-111,123
-40,127,31,109,-86,26,-111,123
-40,127,31,109,-86,28,-111,123
-40,127,31,109,-86,29,-111,123
-40,128,32,110,-86,29,-111,125
-40,127,34,112,-86,29,-111,125
-40,127,35,112,-86,29,-113,125
-40,127,34,112,-86,31,-113,125
-40,128,33,111,-86,32,-111,125
-40,128,32,110,-86,34,-111,125
-40,127,32,110,-85,35,-111,125
-39,126,32,110,-85,36,-111,124
-38,124,32,110,-85,37,-109,123
-37,123,32,110,-85,39,-108,122
-38,123,32,109,-85,39,-108,118
-39,122,31,109,-85,39,-109,118
-41,121,31,109,-85,39,-111,117
-41,120,31,109,-85,39,-112,115
-41,118,31,109,-85,39,-112,113
-40,117,31,109,-85,39,-111,113
-40,116,31,109,-85,40,-111,112
-39,115,31,109,-85,43,-109,111
-38,114,31,109,-85,44,-108,109
-38,112,31,109,-85,44,-108,108
-39,111,31,109,-85,44,-109,107
-40,110,31,109,-85,44,-111,106
-42,110,31,109,-85,43,-112,106
-42,110,31,109,-85,43,-113,106
-42,110,31,109,-85,44,-112,106
-41,110,31,109,-85,46,-112,106
-41,110,31,109,-85,47,-112,106
-42,110,31,109,-85,47,-112,106
-43,112,31,109,-85,47,-113,107
-43,113,31,109,-85,47,-114,108
-43,113,31,109,-85,48,-113,108
-42,112,31,109,-85,49,-112,108
-41,112,31,109,-85,49,-112,108
-42,113,31,109,-85,49,-112,108
-42,115,31,109,-85,49,-113,111
-42,116,31,109,-85,49,-112,112
-40,116,31,109,-85,49,-111,112
-39,117,31,109,-85,49,-109,112
-40,118,31,109,-85,49,-111,113
-42,119,31,109,-85,49,-112,115
-42,121,31,109,-85,49,-113,117
-42,121,31,109,-85,49,-113,117
-42,121,31,109,-85,49,-112,117
-42,121,31,109,-85,49,-113,117
-43,120,31,109,-85,49,-113,115
-42,120,31,109,-85,49,-112,115
-41,122,31,109,-85,49,-112,117
-39,124,31,109,-85,49,-109,119
-39,126,31,109,-85,49,-109,122
-39,127,31,109,-85,47,-111,123
-42,127,31,109,-85,46,-112,123
-44,126,31,109,-85,46,-114,122
-44,125,31,109,-85,47,-114,120
-43,126,31,109,-85,47,-114,122
-41,127,31,109,-85,46,-112,123
-40,127,32,109,-85,44,-111,123
-41,127,32,110,-85,43,-112,123
-41,126,32,110,-85,44,-112,124
-41,126,32,110,-85,44,-112,124
-40,125,32,110,-85,44,-111,123
-39,124,32,110,-85,44,-111,123
-40,123,32,110,-85,44,-111,122
-41,122,32,110,-85,44,-111,120
-40,122,32,110,-85,44,-111,119
-38,121,32,110,-85,44,-108,119
-36,120,33,111,-85,44,-107,118
-36,121,33,111,-85,44,-107,119
-38,121,34,112,-86,44,-111,119
-40,120,34,112,-86,43,-113,118
-41,118,33,111,-87,42,-111,117
-40,116,32,110,-86,41,-111,114
-40,116,32,111,-86,40,-111,112
-39,116,32,112,-85,39,-112,112
-40,117,33,114,-85,39,-113,114
-40,117,34,113,-85,39,-113,114
-39,116,33,112,-86,39,-112,114
-40,116,32,113,-86,39,-113,112
-41,116,31,113,-85,39,-114,112
-42,116,31,113,-85,39,-114,112
-42,117,31,112,-85,37,-114,113
-43,117,30,111,-85,36,-115,113
-43,116,29,111,-86,34,-115,112
-44,115,29,112,-86,34,-117,111
-44,114,29,112,-86,34,-117,109
-44,114,29,112,-86,33,-117,109
-44,114,29,112,-86,32,-117,109
-44,114,29,111,-86,31,-117,109
-44,114,29,111,-86,30,-117,109
-44,114,29,111,-86,29,-117,109
-46,114,29,111,-86,29,-119,109
-47,113,29,111,-86,29,-119,108
-47,111,29,111,-86,29,-120,106
-47,109,30,110,-86,29,-118,104
-48,107,30,110,-86,28,-120,102
-49,106,29,112,-86,26,-122,101
-49,104,28,112,-86,24,-124,97
-49,102,27,113,-86,22,-124,95
-49,100,27,113,-86,21,-124,93
-50,98,29,112,-86,20,-123,93
-51,96,30,110,-86,20,-120,91
-52,93,31,109,-86,19,-122,89
-52,91,31,109,-86,18,-123,87
-53,89,31,109,-86,17,-123,85
-54,87,31,109,-86,15,-123,83
-54,85,31,110,-87,14,-124,80
-55,83,31,109,-87,14,-124,78
-54,81,30,108,-87,12,-124,76
-53,80,28,107,-87,10,-123,75
-53,79,28,106,-87,8,-123,74
-53,76,27,105,-87,6,-120,72
-54,74,27,106,-87,5,-124,69
-54,72,28,106,-87,5,-124,67
-54,70,28,106,-87,5,-124,65
-54,70,27,106,-88,4,-123,65
-54,70,27,106,-88,2,-123,65
-54,71,27,106,-87,0,-123,65
-54,71,27,106,-86,0,-123,65
-54,70,27,106,-86,0,-124,65
-54,70,27,106,-86,0,-123,65
-54,70,27,106,-86,-2,-123,65
-54,71,27,106,-84,-4,-123,65
-54,71,27,106,-84,-6,-124,67
-55,72,27,106,-84,-7,-124,68
-55,73,27,106,-85,-9,-125,68
-56,74,27,106,-86,-9,-125,69
-56,75,27,106,-86,-9,-126,70
-56,75,27,106,-86,-9,-126,70
-55,73,27,106,-86,-10,-125,69
-54,72,27,106,-85,-13,-124,67
-54,70,28,105,-84,-15,-120,65
-54,70,27,106,-84,-16,-123,65
-54,70,26,107,-84,-17,-123,63
-54,71,25,108,-84,-18,-126,63
-54,71,24,109,-84,-18,-126,63
-54,70,25,108,-84,-18,-125,63
-53,69,25,108,-84,-19,-124,62
-53,68,25,108,-84,-20,-124,61
-54,67,24,109,-84,-22,-125,59
-55,66,24,109,-84,-23,-128,58
-57,65,25,108,-84,-24,-129,58
-56,64,25,108,-84,-24,-128,57
-56,64,25,108,-84,-25,-128,57
-56,63,25,108,-84,-27,-128,56
-57,63,25,108,-84,-28,-129,56
-59,62,25,108,-84,-28,-131,56
-60,61,25,108,-84,-28,-133,54
-61,61,24,109,-84,-28,-133,53
-60,60,25,108,-85,-30,-131,53
-59,60,26,107,-85,-32,-129,53
-59,60,27,106,-85,-33,-129,56
-59,60,28,106,-85,-33,-129,54
-59,58,27,107,-85,-33,-129,53
-58,57,25,107,-85,-33,-128,50
-58,57,25,106,-85,-35,-126,50
-58,57,26,104,-85,-37,-124,50
-57,57,27,104,-85,-38,-124,53
-58,57,27,106,-85,-39,-128,52
-60,57,27,107,-85,-38,-129,52
-61,55,26,107,-85,-38,-130,48
-61,55,26,107,-85,-38,-130,48
-61,56,27,106,-85,-38,-130,51
-60,56,27,107,-85,-38,-129,52
-59,57,26,107,-85,-38,-128,50
-58,57,26,107,-85,-38,-128,50
-57,57,26,107,-85,-38,-126,50
-58,57,26,107,-85,-38,-126,50
-59,58,25,108,-85,-38,-128,51
-60,60,25,109,-85,-38,-131,53
-60,61,24,109,-85,-38,-131,54
-60,62,25,108,-85,-38,-133,54
-60,61,25,108,-85,-38,-133,54
-60,61,25,108,-85,-37,-133,54
-60,61,24,109,-85,-36,-133,54
-60,61,23,108,-85,-35,-131,54
-59,62,22,108,-85,-34,-131,52
-58,62,23,108,-85,-33,-130,54
-57,63,24,109,-85,-33,-129,56
-57,63,24,109,-85,-33,-129,56
-56,64,24,110,-85,-33,-128,57
-56,64,24,109,-85,-32,-128,57
-56,64,24,109,-85,-30,-128,57
-56,64,23,108,-84,-28,-128,57
-56,64,23,108,-84,-28,-128,57
-56,64,23,108,-84,-28,-128,57
-56,63,24,109,-84,-28,-128,56
-56,64,24,109,-84,-27,-128,57
-55,64,24,109,-84,-26,-126,57
-53,65,24,109,-84,-25,-125,58
-52,66,24,109,-84,-25,-124,59
-51,66,24,109,-84,-24,-123,59
-51,66,24,109,-84,-23,-123,59
-52,66,24,109,-84,-22,-124,58
-53,66,24,110,-84,-20,-125,58
-54,66,24,110,-84,-18,-126,59
-55,66,24,109,-84,-18,-126,59
-54,66,24,107,-83,-18,-124,58
-54,65,23,105,-84,-19,-124,58
-55,65,23,104,-86,-18,-123,58
-57,67,24,104,-87,-17,-126,59
-58,68,25,105,-87,-15,-128,61
-59,68,25,106,-85,-14,-128,62
-58,68,25,106,-83,-13,-128,61
-58,68,24,106,-83,-12,-128,61
-58,68,24,105,-85,-10,-128,61
-58,68,24,105,-87,-9,-128,61
-58,68,25,104,-88,-8,-125,61
-59,68,26,104,-89,-9,-126,63
-60,67,26,104,-89,-9,-128,62
-61,67,26,104,-88,-7,-128,59
-61,66,25,104,-88,-5,-128,59
-61,67,24,103,-86,-4,-128,59
-62,68,25,103,-86,-3,-129,61
-63,69,26,104,-86,-4,-130,64
-63,71,26,105,-87,-4,-130,67
-62,72,26,105,-88,-4,-129,68
-61,72,26,105,-88,-2,-128,68
-60,72,27,105,-88,0,-128,68
-61,72,28,106,-87,0,-130,68
-61,72,28,106,-87,1,-130,68
-59,73,27,106,-87,1,-129,68
-57,74,27,106,-87,2,-128,69
-57,76,27,106,-87,3,-126,72
-57,77,28,106,-87,4,-128,73
-58,79,28,106,-87,5,-128,74
-58,81,27,106,-87,5,-128,76
-57,83,27,106,-87,5,-126,79
-57,85,27,106,-87,5,-126,80
-56,86,28,107,-87,7,-126,81
-56,86,30,108,-87,9,-126,81
-57,85,30,108,-87,10,-126,80
-57,85,29,108,-87,10,-126,80
-56,86,28,108,-87,10,-126,81
-57,85,27,110,-87,10,-129,78
-57,85,27,112,-87,10,-131,78
-56,86,27,113,-87,10,-131,79
-55,86,28,113,-87,12,-130,79
-54,86,28,111,-87,14,-126,81
-54,86,28,108,-87,15,-124,81
-55,86,28,106,-87,15,-124,81
-55,86,27,105,-86,15,-125,81
-55,86,26,106,-86,16,-124,79
-53,87,26,108,-86,18,-123,80
-53,87,28,108,-86,20,-123,83
-53,87,30,108,-86,20,-123,83
-54,87,30,108,-86,19,-124,83
-53,87,29,107,-86,19,-123,83
-53,87,28,106,-86,19,-123,83
-52,88,27,106,-86,21,-122,84
-52,88,27,106,-86,23,-122,84
-53,89,28,106,-86,24,-123,85
-53,90,28,106,-86,24,-123,85
-54,90,28,106,-86,25,-124,86
-54,91,27,106,-86,26,-124,86
-54,92,27,105,-86,28,-122,87
-53,93,28,106,-86,29,-123,87
-51,94,29,107,-86,29,-122,90
-51,96,30,108,-86,29,-120,91
-51,97,30,108,-86,29,-122,93
-52,99,30,108,-86,31,-123,95
-53,99,30,108,-86,33,-123,95
-53,99,31,109,-86,34,-123,95
-53,98,31,109,-86,34,-123,93
-53,98,31,109,-86,34,-123,93
-52,99,31,109,-86,34,-122,95
-51,99,31,109,-85,35,-122,95
-51,99,31,109,-85,36,-122,95
-51,99,31,109,-85,37,-120,95
-50,100,31,109,-86,38,-120,95
-50,100,30,110,-86,39,-119,96
-50,100,29,111,-85,39,-122,96
-50,100,30,110,-85,39,-120,95
-52,99,31,109,-85,39,-123,95
-53,99,31,109,-86,39,-123,95
-53,98,31,109,-87,39,-123,93
-52,97,31,109,-87,41,-122,92
-51,96,31,109,-86,43,-120,91
-50,95,31,109,-86,44,-120,90
-50,94,32,109,-85,44,-119,90
-50,94,31,109,-85,44,-120,90
-51,93,30,108,-85,44,-122,89
-51,90,28,107,-85,44,-122,85
-51,86,28,106,-85,44,-120,83
-51,84,27,105,-85,44,-118,80
-51,83,27,106,-85,44,-122,79
-53,82,28,106,-85,43,-123,78
-53,80,28,106,-85,44,-123,75
-53,79,27,106,-85,46,-123,74
-54,76,27,106,-85,47,-123,72
-54,74,27,106,-85,47,-124,69
-54,72,27,106,-85,47,-124,67
-54,70,27,106,-85,47,-124,65
-54,68,27,106,-85,48,-124,64
-55,67,28,106,-85,49,-125,62
-57,65,28,106,-85,49,-126,61
-58,64,27,106,-85,49,-128,59
-59,62,26,105,-85,49,-126,58
-60,61,26,104,-85,49,-126,57
-60,61,26,104,-85,49,-128,57
-61,60,26,104,-85,49,-128,54
-62,58,26,104,-85,49,-129,53
-63,56,25,103,-86,49,-130,50
-63,56,24,103,-87,49,-130,48
-63,57,24,103,-86,50,-130,50
-64,57,25,103,-85,48,-130,50
-63,57,25,104,-85,47,-130,51
-62,57,25,103,-85,46,-129,50
-61,57,24,103,-85,45,-128,50
-60,57,24,102,-85,45,-126,51
-59,57,24,102,-85,45,-126,50
-58,57,24,102,-85,45,-125,51
-58,58,24,103,-85,45,-125,51
-59,60,24,103,-85,46,-126,53
-60,61,24,102,-85,45,-128,54
-61,62,24,102,-85,44,-128,54
-61,61,24,102,-85,44,-128,54
-60,61,24,103,-85,44,-126,54
-60,61,25,103,-85,44,-126,54
-60,61,25,104,-85,44,-126,54
-61,61,26,104,-85,44,-128,57
-60,61,27,105,-85,44,-128,57
-60,61,27,106,-85,44,-130,57
-60,61,28,106,-85,44,-129,57
-60,62,28,106,-85,44,-129,57
-61,61,26,105,-85,44,-128,57
-61,61,25,104,-85,44,-129,53
-62,59,24,102,-85,44,-129,52
-63,56,24,102,-85,44,-130,50
-63,54,24,102,-85,44,-130,47
-63,52,24,103,-85,44,-129,45
-62,51,24,103,-85,44,-129,43
-62,50,24,102,-85,44,-129,42
-63,48,25,102,-85,44,-130,41
-63,47,25,101,-85,43,-128,42
-64,45,26,100,-85,40,-128,40
-65,42,26,100,-85,39,-130,37
-66,39,27,99,-85,39,-130,35
-67,38,27,99,-85,39,-131,32
-67,36,27,99,-85,39,-130,31
-67,34,27,99,-85,39,-130,29
-67,32,27,99,-85,39,-130,28
-66,31,26,98,-85,39,-128,26
-66,31,25,97,-85,39,-128,26
-66,31,25,97,-85,39,-128,26
-67,30,25,97,-85,39,-129,25
-68,28,25,97,-85,39,-130,23
-68,25,24,96,-85,39,-130,20
-68,24,24,95,-85,39,-130,19
-68,24,23,95,-85,39,-129,19
-68,24,24,95,-85,39,-129,19
-68,24,24,96,-85,39,-129,19
-68,24,25,97,-85,39,-129,19
-68,24,25,97,-85,39,-129,19
-68,24,24,97,-85,39,-129,19
-68,24,24,96,-85,39,-130,19
-68,24,24,97,-85,39,-130,19
-68,24,25,97,-85,39,-129,19
-67,24,25,97,-85,39,-128,19
-65,26,24,96,-85,39,-126,21
-64,28,22,97,-85,39,-128,20
-65,30,21,98,-85,39,-129,23
-66,31,21,99,-85,39,-130,24
-67,31,22,100,-85,38,-130,24
-66,31,24,101,-85,37,-130,24
-65,32,25,101,-85,36,-129,24
-64,33,23,101,-85,35,-130,26
-63,36,22,101,-86,34,-130,29
-62,38,22,101,-86,34,-129,30
-61,39,24,102,-86,34,-128,32
-61,41,24,103,-86,34,-128,34
-61,43,24,103,-86,34,-128,35
-62,43,24,103,-86,34,-129,36
-62,44,24,102,-86,34,-129,37
-61,46,24,102,-86,34,-128,39
-60,48,24,102,-86,34,-126,41
-60,50,24,102,-86,34,-126,43
-60,51,24,103,-86,34,-126,43
-60,51,24,103,-86,34,-126,43
-60,50,24,102,-86,34,-126,43
-60,50,24,102,-86,34,-126,43
-60,50,24,102,-86,34,-126,43
-60,51,24,103,-86,34,-126,43
-60,50,25,103,-86,34,-126,43
-60,50,25,104,-86,34,-126,43
-60,51,25,104,-86,34,-126,43
-61,52,25,104,-85,36,-128,45
-61,52,25,104,-85,37,-128,45
-61,52,25,103,-85,37,-128,45
-60,51,25,101,-85,36,-126,46
-60,50,26,100,-85,36,-124,46
-60,50,26,100,-85,36,-124,45
-60,50,25,101,-85,37,-124,46
-60,51,25,101,-85,39,-126,46
-60,51,26,101,-85,39,-124,46
-60,50,27,99,-85,39,-124,46
-61,49,28,98,-85,39,-123,43
-61,46,27,98,-85,38,-123,41
-62,44,27,99,-85,37,-126,39
-62,43,26,100,-85,36,-126,39
-62,44,26,101,-85,35,-126,39
-61,44,25,101,-85,36,-128,40
-62,43,25,102,-85,37,-129,36
-62,42,23,101,-85,39,-129,35
-63,40,21,100,-85,40,-130,32
-65,38,20,99,-85,39,-131,31
-66,36,21,99,-85,37,-133,29
-67,36,21,100,-85,36,-134,29
-68,35,22,101,-85,35,-135,28
-68,35,21,101,-85,36,-135,28
-68,35,20,100,-85,37,-135,28
-68,36,20,99,-85,37,-133,29
-68,35,21,98,-85,36,-133,28
-68,34,22,97,-86,34,-131,26
-66,32,24,96,-86,34,-128,28
-65,32,24,95,-86,34,-126,26
-65,31,24,95,-86,34,-126,26
-65,31,24,95,-86,34,-126,26
-64,31,23,96,-86,34,-125,26
-64,31,22,97,-86,34,-128,24
-63,31,23,97,-86,34,-128,24
-63,31,23,97,-86,34,-126,24
-63,30,25,97,-86,34,-124,25
-61,29,25,97,-86,34,-123,24
-61,28,25,97,-86,34,-123,24
-61,29,25,97,-86,34,-123,24
-62,31,26,98,-86,34,-124,26
-64,32,26,98,-86,34,-125,28
-65,32,26,98,-86,34,-126,28
-65,32,27,98,-86,34,-126,26
-63,32,27,99,-86,34,-126,28
-62,32,27,99,-86,34,-125,28
-61,33,27,99,-86,34,-125,29
-62,34,27,99,-86,33,-126,30
-64,36,27,99,-86,32,-128,31
-64,37,27,99,-86,32,-128,32
-63,39,27,99,-86,32,-128,35
-62,41,27,99,-86,31,-126,36
-61,42,27,99,-86,31,-125,37
-61,43,27,99,-86,31,-125,39
-61,43,27,99,-86,30,-125,39
-61,45,27,99,-86,30,-125,40
-60,47,27,99,-86,29,-124,42
-59,49,27,99,-86,29,-124,45
-60,50,27,99,-86,29,-124,46
-60,50,27,99,-86,29,-124,46
-60,50,27,99,-86,29,-124,46
-59,52,27,99,-86,29,-124,47
-58,55,26,100,-86,29,-123,51
-58,57,26,100,-86,29,-123,52
-58,58,26,100,-86,29,-123,53
-58,57,26,100,-86,29,-123,53
-58,57,25,101,-86,29,-125,52
-58,57,24,103,-86,29,-124,50
-57,57,24,103,-86,29,-123,51
-55,60,24,103,-86,29,-123,53
-55,62,24,102,-86,28,-123,56
-55,64,24,102,-86,28,-123,57
-56,64,24,103,-86,28,-123,57
-56,64,25,104,-86,27,-123,57
-56,63,25,104,-86,26,-123,56
-56,63,25,103,-86,25,-123,56
-55,64,25,103,-86,24,-123,57
-54,64,25,103,-86,24,-122,57
-54,65,25,103,-86,24,-120,58
-54,67,25,103,-86,25,-120,59
-55,68,25,104,-86,25,-122,62
-55,69,26,104,-86,24,-122,65
-54,71,27,106,-86,22,-124,65
-54,71,28,106,-86,21,-123,65
-54,70,28,106,-86,21,-123,65
-54,70,27,106,-86,23,-123,65
-54,70,27,106,-86,25,-123,65
-54,70,27,106,-86,25,-123,65
-54,70,27,107,-86,23,-123,65
-54,70,26,108,-86,21,-123,63
-54,70,26,107,-86,19,-123,63
-54,70,26,105,-86,19,-123,63
-54,71,26,104,-86,19,-120,67
-54,71,27,105,-86,20,-122,67
-54,70,27,105,-86,20,-120,65
-53,69,26,105,-86,20,-120,64
-52,67,25,104,-86,19,-119,61
-52,66,25,104,-86,19,-119,59
-51,65,26,104,-86,19,-118,61
-52,66,26,105,-86,19,-119,62
-52,66,27,105,-86,19,-119,62
-51,66,26,105,-86,20,-118,62
-52,66,26,104,-86,20,-119,62
-53,65,25,104,-86,19,-119,58
-55,64,24,103,-86,19,-122,57
-56,64,24,102,-86,19,-123,57
-56,63,24,102,-86,20,-123,56
-56,64,24,102,-86,21,-123,57
-56,64,24,103,-86,21,-123,57
-56,64,25,104,-86,21,-123,57
-56,63,26,104,-86,20,-123,58
-56,64,26,105,-86,20,-123,59
-55,65,26,104,-86,21,-123,61
-54,68,26,105,-86,21,-122,64
-54,71,27,105,-86,21,-120,67
-54,71,28,106,-86,20,-124,67
-54,70,28,106,-86,21,-123,65
-54,70,27,106,-86,23,-123,65
-53,71,27,106,-86,24,-122,67
-51,73,27,106,-86,25,-122,69
-51,76,27,106,-86,25,-120,72
-52,77,27,106,-86,24,-122,73
-52,77,27,106,-86,24,-122,73
-52,77,27,106,-86,25,-122,73
-50,77,27,106,-86,24,-120,73
-49,79,27,106,-86,24,-118,74
-48,79,27,106,-86,25,-118,74
-47,79,28,106,-86,26,-117,75
-47,79,28,106,-86,28,-117,75
-48,79,27,106,-86,29,-118,74
-48,79,27,106,-86,30,-118,74
-47,79,27,106,-86,29,-117,75
-47,79,28,106,-86,29,-117,75
-48,79,28,107,-86,29,-118,74
-49,79,29,107,-86,29,-118,74
-50,77,28,107,-86,29,-120,73
-52,77,28,106,-86,29,-122,73
-52,76,27,106,-86,29,-122,72
-52,77,28,105,-87,30,-119,73
-52,77,28,105,-88,31,-119,73
-52,77,29,105,-87,33,-119,73
-52,77,29,105,-86,34,-119,73
-51,76,28,104,-85,35,-118,72
-51,75,29,104,-86,34,-118,70
-52,74,30,103,-86,34,-119,69
-53,72,29,103,-86,34,-120,68
-54,71,29,104,-86,34,-120,67
-54,70,28,105,-86,34,-122,65
-54,70,27,106,-86,34,-123,65
-54,70,27,106,-86,34,-123,65
-54,71,27,106,-86,34,-123,65
-54,71,27,106,-86,34,-123,65
-54,70,27,106,-86,34,-123,65
-54,70,27,106,-86,34,-123,65
-54,70,27,106,-85,36,-123,65
-54,70,27,106,-85,37,-123,65
-54,71,28,106,-85,37,-123,65
-54,70,28,106,-85,36,-124,65
-54,70,27,105,-85,36,-120,65
-54,69,26,105,-85,37,-120,65
-53,68,26,104,-85,39,-120,64
-52,68,26,104,-85,39,-119,63
-52,67,26,104,-86,39,-119,63
-53,65,26,104,-85,39,-120,61
-55,64,26,104,-85,39,-122,59
-56,64,26,104,-85,39,-123,59
-56,63,25,104,-86,39,-123,56
-56,63,25,103,-87,39,-123,56
-55,62,24,103,-87,39,-122,56
-54,61,24,102,-87,39,-122,54
-54,60,24,102,-86,39,-122,53
-55,59,24,103,-85,39,-122,52
-55,59,24,103,-85,39,-123,52
-56,58,24,103,-85,39,-123,51
-57,57,24,102,-85,39,-124,50
-57,56,24,102,-85,39,-124,50
-57,56,24,102,-86,39,-124,48
-57,56,24,102,-86,40,-124,48
-57,55,24,102,-87,41,-124,48
-57,53,24,102,-87,41,-124,46
-59,52,24,102,-87,40,-125,45
-60,51,24,102,-87,39,-126,45
-61,52,24,102,-86,39,-128,45
-61,52,24,102,-86,40,-128,45
-60,51,24,102,-85,41,-126,43
-60,50,24,102,-85,41,-126,43
-60,50,24,102,-85,39,-126,43
-60,51,24,102,-85,39,-126,43
-60,50,24,102,-85,39,-126,43
-60,50,24,102,-86,39,-126,42
-60,50,24,102,-87,39,-126,43
-61,52,24,102,-87,39,-128,45
-61,54,24,103,-87,39,-128,47
-60,55,24,102,-86,39,-126,48
-60,57,24,102,-85,39,-126,50
-60,58,24,102,-85,39,-126,51
-60,60,24,103,-85,39,-126,53
-60,61,24,103,-86,39,-126,54
-60,62,24,102,-86,39,-128,54
-61,61,25,101,-85,39,-128,54
-60,61,25,101,-85,39,-128,57
-60,61,25,101,-85,39,-128,54
-60,61,25,102,-85,39,-126,54
-60,61,25,102,-85,39,-126,54
-61,61,25,101,-85,39,-128,54
-61,62,25,102,-85,39,-128,54
-60,61,25,102,-85,39,-126,54
-59,60,25,101,-85,39,-126,53
-58,58,25,101,-85,39,-125,53
-58,57,25,101,-86,39,-125,50
-59,56,24,102,-86,39,-125,50
-59,56,24,103,-85,39,-126,50
-58,55,23,103,-85,39,-125,48
-58,53,24,103,-85,39,-125,46
-59,52,24,102,-86,39,-125,45
-60,50,25,101,-87,39,-126,43
-60,49,25,101,-87,39,-124,43
-58,47,25,101,-86,39,-125,40
-57,46,24,102,-86,39,-124,40
-57,46,24,103,-86,39,-124,40
-59,45,24,103,-87,39,-125,39
-60,43,24,102,-87,39,-126,36
-60,41,24,102,-86,39,-126,34
-60,39,24,102,-85,39,-126,32
-60,39,24,103,-86,39,-126,32
-60,39,24,102,-86,39,-126,32
-59,39,24,102,-87,39,-125,31
-58,37,24,102,-88,39,-124,30
-57,36,24,102,-90,39,-124,29
-57,35,24,103,-90,39,-124,28
-58,35,24,103,-90,39,-125,28
-61,34,24,102,-89,39,-126,26
-62,33,23,101,-89,39,-129,26
-62,33,21,100,-88,38,-129,26
-61,33,20,99,-88,38,-128,25
-61,33,20,99,-89,37,-125,25
-63,32,21,98,-89,37,-126,25
-65,31,22,97,-90,38,-129,24
-66,31,22,97,-90,38,-130,24
-66,31,22,97,-90,39,-130,24
-66,30,21,98,-90,39,-130,23
-67,30,20,99,-90,39,-131,23
-69,29,20,99,-90,38,-135,21
-70,28,20,100,-90,37,-136,19
-71,28,20,99,-90,36,-135,20
-70,28,21,98,-90,36,-134,21
-70,28,22,97,-90,36,-134,21
-70,28,22,97,-89,38,-134,21
-70,28,21,98,-88,38,-134,21
-70,28,20,99,-87,37,-134,21
-70,28,20,99,-86,36,-136,21
-70,28,20,99,-87,36,-136,21
-70,28,20,99,-89,36,-134,21
-70,28,20,99,-90,36,-134,21
-71,28,20,99,-89,35,-135,20
-70,28,20,99,-87,35,-136,21
-69,30,20,99,-87,36,-133,23
-68,31,20,99,-88,38,-133,24
-68,32,20,99,-89,39,-133,24
-68,31,20,99,-89,39,-133,24
-68,31,20,99,-89,38,-131,24
-67,32,20,99,-90,36,-131,24
-67,32,20,99,-90,36,-130,25
-67,32,20,99,-90,35,-131,25
-67,32,20,99,-90,34,-131,25
-67,32,20,99,-90,34,-131,25
-66,32,20,99,-90,35,-130,24
-66,31,20,99,-90,36,-130,24
-66,31,20,99,-90,38,-130,24
-67,30,20,99,-90,38,-131,23
-68,28,20,99,-90,36,-133,20
-69,25,20,99,-90,36,-133,18
-68,24,20,99,-90,36,-133,17
-68,24,20,99,-90,37,-131,17
-68,24,21,99,-90,37,-135,17
-68,22,21,99,-90,37,-135,15
-69,20,20,99,-90,36,-133,13
-70,18,19,98,-90,36,-134,8
-71,16,18,97,-90,36,-135,7
-72,14,17,96,-90,38,-136,4
-73,12,17,95,-90,39,-136,3
-72,11,17,96,-90,39,-136,1
-72,10,17,96,-90,38,-135,1
-72,11,17,96,-90,37,-135,1
-72,11,17,96,-90,36,-136,1
-73,10,17,96,-90,37,-137,1
-74,10,17,96,-90,38,-137,1
-73,10,16,96,-90,39,-137,1
-72,11,16,97,-90,39,-136,1
-72,11,15,97,-90,39,-135,1
-72,11,16,97,-90,39,-136,1
-72,11,16,96,-90,39,-135,1
-71,12,15,97,-90,39,-135,3
-71,15,14,98,-90,39,-137,3
-71,19,15,98,-90,39,-137,7
-71,21,15,98,-90,39,-136,12
-69,24,16,97,-90,39,-133,14
-68,26,16,97,-90,39,-131,17
-66,29,15,98,-90,39,-133,17
-67,32,14,99,-92,40,-134,20
-68,34,14,100,-93,41,-134,21
-67,35,15,101,-94,43,-136,23
-66,38,15,101,-94,43,-135,26
-65,41,16,102,-93,43,-134,31
-64,45,17,103,-93,43,-133,35
-64,47,17,103,-94,44,-133,37
-64,48,17,103,-95,45,-134,39
-64,49,17,103,-95,45,-133,40
-62,51,17,103,-95,45,-131,41
-60,54,17,103,-95,44,-129,45
-59,56,17,103,-95,44,-128,47
-58,57,17,103,-95,45,-128,48
-59,58,17,103,-95,44,-128,48
-59,60,17,103,-95,44,-129,51
-59,62,17,103,-95,44,-129,52
-57,63,17,103,-95,44,-126,53
-56,64,17,103,-96,45,-125,54
-55,64,17,102,-97,45,-125,54
-56,64,17,103,-96,45,-125,54
-56,64,16,104,-97,45,-125,52
-56,63,14,105,-98,45,-128,51
-56,63,13,106,-99,45,-128,51
-55,65,13,107,-100,45,-129,52
-54,67,14,106,-100,45,-125,54
-54,69,14,106,-100,45,-125,57
-54,70,14,106,-100,45,-125,58
-54,71,13,108,-99,45,-128,56
-54,71,11,109,-100,45,-128,56
-54,71,10,110,-100,45,-131,57
-55,73,9,109,-100,45,-133,56
-56,75,8,108,-100,45,-130,58
-56,77,8,107,-100,45,-130,61
-54,79,8,108,-101,46,-129,63
-53,82,7,108,-101,47,-130,64
-52,84,5,109,-102,46,-129,64
-52,86,3,110,-103,46,-131,67
-51,90,3,110,-104,45,-131,70
-50,94,3,110,-105,45,-130,75
-49,99,4,110,-104,45,-128,80
-48,103,3,110,-104,46,-128,84
-47,107,2,111,-104,47,-126,87
-46,111,1,113,-104,48,-129,89
-45,115,0,114,-106,48,-126,93
-43,121,0,114,-108,46,-125,100
-41,126,0,114,-109,46,-124,104
-40,131,0,114,-110,45,-123,109
-38,136,0,114,-109,45,-120,114
-38,140,0,113,-109,45,-120,118
-38,144,0,114,-109,46,-120,123
-38,147,0,115,-109,46,-123,125
-37,150,-1,116,-109,47,-123,125
-35,152,-2,118,-109,49,-123,129
-33,155,-3,118,-111,49,-120,131
-32,157,-4,116,-113,49,-119,134
-31,159,-5,115,-114,47,-117,135
-32,162,-6,114,-115,46,-117,137
-32,163,-6,114,-115,45,-117,137
-32,165,-7,113,-114,46,-118,139
-32,165,-8,112,-114,46,-118,139
-32,165,-10,112,-114,46,-118,139
-31,163,-13,112,-115,46,-117,135
-30,162,-15,112,-116,46,-118,133
-30,161,-17,111,-117,46,-118,129
-31,159,-18,110,-118,46,-117,128
-32,158,-19,108,-119,46,-117,126
-33,155,-21,107,-119,45,-118,124
-34,153,-22,105,-119,43,-119,119
-35,152,-24,104,-119,41,-117,118
-36,150,-25,103,-119,41,-118,117
-36,148,-26,102,-119,41,-119,114
-37,146,-28,100,-121,41,-119,112
-38,143,-29,99,-123,41,-120,107
-38,141,-31,97,-124,42,-118,104
-39,139,-32,96,-125,42,-119,103
-40,138,-33,95,-124,41,-119,102
-40,137,-34,95,-124,40,-119,101
-40,135,-35,94,-124,38,-119,97
-41,133,-35,93,-125,37,-122,93
-43,129,-36,91,-125,36,-120,91
-44,126,-35,88,-124,36,-119,90
-44,125,-35,87,-124,35,-119,89
-44,125,-34,87,-125,34,-119,89
-44,125,-34,87,-126,33,-119,89
-45,123,-35,88,-128,34,-120,87
-46,121,-34,87,-128,33,-120,85
-46,118,-34,86,-128,32,-119,83
-46,117,-32,85,-128,32,-118,83
-45,116,-31,84,-129,32,-114,83
-44,114,-31,83,-130,32,-114,80
-45,112,-31,83,-130,32,-114,79
-45,110,-31,84,-130,32,-115,76
-45,107,-31,84,-130,32,-115,73
-45,104,-30,84,-130,32,-114,70
-45,101,-28,86,-130,32,-117,68
-45,98,-26,88,-129,32,-117,67
-45,96,-25,90,-130,32,-117,64
-44,93,-24,90,-131,32,-115,62
-43,91,-24,90,-133,32,-115,59
-43,88,-23,91,-135,32,-117,57
-44,86,-23,93,-135,32,-118,54
-44,83,-21,97,-134,32,-120,52
-43,80,-21,100,-134,32,-122,48
-41,77,-21,102,-136,32,-123,46
-41,74,-22,103,-138,34,-122,42
-41,71,-23,104,-139,36,-123,37
-42,69,-24,104,-139,37,-123,35
-42,67,-24,105,-139,38,-125,34
-40,65,-25,108,-140,38,-126,31
-39,64,-26,110,-142,38,-125,28
-38,62,-28,111,-144,38,-126,25
-37,60,-30,112,-144,38,-125,21
-38,58,-32,113,-146,38,-129,19
-40,57,-34,115,-147,38,-134,17
-42,58,-36,116,-149,38,-137,14
-43,59,-39,116,-150,38,-139,15
-43,60,-42,115,-153,38,-139,13
-43,60,-45,112,-155,39,-135,14
-43,61,-50,111,-157,39,-136,12
-44,63,-55,110,-159,39,-140,12
-47,65,-61,108,-159,37,-142,10
-50,66,-65,106,-160,35,-145,9
-52,67,-69,102,-162,34,-145,8
-54,69,-74,97,-164,34,-144,8
-54,72,-80,91,-166,34,-142,8
-56,75,-86,86,-167,33,-144,8
-59,77,-92,80,-169,32,-145,8
-62,79,-98,75,-169,30,-146,10
-67,80,-104,69,-171,28,-147,9
-71,83,-111,63,-173,26,-148,8
-74,87,-120,55,-174,24,-150,9
-76,91,-128,46,-175,22,-147,10
-80,95,-135,38,-176,20,-148,12
-85,98,-142,30,-178,19,-148,13
-90,101,-148,22,-181,16,-152,13
-96,103,-154,15,-183,13,-152,13
-99,105,-160,8,-185,10,-153,13
-102,107,-166,0,-186,7,-151,12
-106,109,-173,-7,-187,5,-152,13
-110,111,-180,-14,-188,3,-151,13
-113,112,-186,-21,-190,0,-152,12
-117,113,-191,-29,-191,-1,-153,10
-120,114,-196,-35,-192,-4,-152,9
-123,115,-200,-40,-194,-7,-153,9
-126,115,-203,-45,-196,-10,-152,7
-127,115,-206,-50,-198,-13,-152,7
-128,115,-209,-54,-199,-15,-150,8
-129,117,-212,-58,-201,-18,-151,7
-129,119,-215,-60,-203,-20,-148,8
-130,119,-216,-61,-205,-22,-150,9
-129,119,-217,-62,-206,-25,-148,6
-129,117,-217,-62,-208,-25,-148,4
-128,116,-217,-62,-210,-27,-147,6
-126,115,-215,-60,-211,-29,-146,4
-123,114,-212,-58,-213,-32,-145,4
-120,115,-209,-54,-214,-33,-142,7
-118,114,-206,-50,-215,-35,-142,7
-115,113,-204,-45,-217,-37,-142,6
-113,112,-201,-41,-218,-38,-142,7
-110,111,-197,-36,-219,-39,-142,6
-108,109,-192,-29,-220,-40,-145,7
-106,108,-186,-22,-222,-41,-145,8
-103,107,-180,-14,-224,-43,-147,9
-99,105,-173,-7,-226,-44,-146,10
-95,103,-165,0,-227,-45,-144,10
-91,101,-158,5,-229,-46,-142,10
-87,98,-151,11,-231,-47,-141,10
-84,97,-144,19,-232,-49,-141,12
-81,94,-137,27,-232,-49,-142,10
-78,91,-128,36,-233,-49,-141,10
-74,87,-120,43,-234,-48,-140,12
-71,83,-112,49,-236,-48,-140,9
-70,80,-104,55,-238,-48,-141,9
-69,77,-97,62,-238,-49,-142,12
-67,74,-90,68,-237,-48,-144,10
-65,70,-82,74,-237,-48,-144,9
-62,66,-74,79,-239,-48,-140,9
-61,61,-66,84,-241,-48,-141,8
-60,57,-59,88,-242,-48,-141,6
-60,54,-54,91,-243,-48,-141,4
-60,50,-48,95,-242,-48,-142,4
-59,48,-42,97,-242,-48,-142,6
-58,44,-35,100,-242,-48,-141,6
-59,41,-28,102,-242,-48,-140,4
-60,38,-23,104,-242,-48,-141,3
-61,35,-19,106,-242,-49,-142,3
-62,33,-14,107,-242,-50,-142,3
-62,31,-10,106,-244,-50,-141,3
-63,28,-5,106,-245,-49,-141,4
-64,27,0,106,-247,-48,-140,4
-64,24,3,105,-248,-49,-137,4
-65,21,7,104,-248,-51,-139,4
-67,20,10,103,-247,-53,-137,6
-68,18,14,102,-245,-51,-137,6
-69,16,17,101,-243,-50,-135,7
-70,14,20,99,-243,-48,-134,7
-71,12,23,97,-243,-49,-134,4
-72,11,25,94,-244,-50,-133,6
-72,10,27,92,-244,-50,-131,8
-73,10,30,91,-243,-49,-130,8
-75,9,34,90,-242,-48,-129,9
-75,7,37,88,-242,-48,-126,9
-76,5,40,86,-242,-49,-125,10
-77,3,43,85,-243,-50,-126,10
-78,2,45,84,-243,-51,-124,9
-79,0,48,83,-242,-52,-125,10
-80,-1,50,82,-241,-53,-124,10
-80,-3,53,81,-239,-52,-122,8
-80,-6,56,80,-238,-50,-122,8
-79,-7,58,79,-237,-49,-119,9
-79,-8,60,78,-238,-48,-118,8
-79,-9,63,78,-238,-48,-115,10
-79,-10,67,77,-236,-49,-115,12
-79,-11,71,78,-234,-48,-113,13
-79,-14,74,77,-232,-49,-113,10
-79,-16,77,77,-232,-49,-111,10
-79,-18,80,77,-233,-49,-111,10
-78,-19,85,77,-232,-47,-107,13
-78,-19,90,77,-231,-45,-107,15
-78,-19,95,77,-229,-44,-104,17
-77,-20,100,78,-227,-44,-104,19
-76,-22,105,79,-225,-44,-103,19
-75,-23,109,83,-224,-43,-103,20
-75,-23,115,86,-223,-42,-103,23
-75,-23,122,89,-222,-40,-103,25
-75,-23,128,91,-220,-38,-103,28
-75,-24,133,93,-219,-36,-102,31
-74,-26,139,95,-217,-34,-101,32
-73,-28,146,98,-216,-32,-101,34
-73,-28,154,101,-215,-30,-101,35
-72,-27,161,105,-213,-28,-100,41
-71,-25,168,111,-212,-26,-101,45
-69,-25,174,115,-211,-23,-101,48
-67,-26,181,120,-210,-19,-100,50
-65,-27,188,124,-208,-15,-100,53
-61,-26,195,129,-206,-13,-96,57
-58,-25,202,134,-204,-11,-96,61
-55,-23,208,140,-202,-10,-95,64
-53,-22,214,147,-201,-7,-95,68
-51,-21,221,153,-200,-3,-96,72
-49,-19,228,159,-198,0,-96,75
-45,-18,234,165,-197,3,-96,79
-40,-17,240,170,-195,7,-93,83
-35,-17,245,176,-194,11,-90,86
-30,-15,250,182,-193,15,-87,87
-26,-14,255,189,-191,18,-86,91
-24,-12,260,195,-189,19,-89,95
-21,-11,265,201,-189,22,-89,96
-19,-9,270,206,-189,26,-89,101
-17,-7,273,213,-188,31,-90,106
-14,-3,276,219,-187,34,-91,109
-11,0,278,224,-185,36,-91,112
-8,1,279,227,-183,37,-90,114
-6,3,281,230,-181,40,-89,117
-3,7,284,232,-179,43,-86,123
-2,11,285,234,-178,46,-87,126
0,14,285,238,-177,49,-89,128
0,17,283,240,-177,51,-89,130
1,19,281,241,-176,53,-87,130
2,23,281,242,-174,54,-90,134
3,27,281,242,-172,55,-89,137
3,32,279,242,-171,56,-89,142
4,36,276,242,-169,57,-87,144
4,39,273,242,-167,59,-87,145
4,43,270,239,-166,61,-87,148
3,46,266,234,-164,62,-87,150
1,50,261,230,-162,63,-86,153
-1,54,256,226,-160,64,-89,155
-3,58,250,222,-159,63,-92,157
-6,63,245,218,-158,63,-91,159
-7,67,240,213,-157,63,-91,161
-10,70,234,206,-156,62,-91,161
-12,72,227,199,-154,59,-91,161
-16,74,220,192,-152,58,-90,161
-19,78,213,186,-151,57,-90,162
-21,81,207,180,-149,58,-92,163
-24,84,202,175,-148,58,-93,163
-28,86,196,169,-146,57,-93,163
-31,88,189,162,-144,56,-92,162
-35,90,181,153,-144,54,-95,161
-39,91,172,146,-143,53,-95,159
-42,92,165,139,-141,52,-96,156
-46,93,159,134,-140,50,-97,155
-48,94,153,128,-139,49,-97,156
-50,94,147,122,-138,47,-97,151
-52,93,140,116,-137,47,-96,148
-53,93,134,111,-135,47,-95,145
-55,93,130,105,-134,46,-93,146
-56,95,125,101,-133,44,-96,145
-58,96,119,97,-132,42,-95,142
-60,95,115,93,-130,42,-95,140
-61,94,111,91,-129,41,-95,139
-61,94,107,89,-129,41,-96,136
-61,94,104,88,-129,40,-95,134
-61,94,100,86,-128,39,-95,131
-61,94,97,84,-126,38,-95,131
-60,93,94,84,-125,37,-95,128
-60,91,92,83,-124,36,-93,126
-59,90,90,84,-124,36,-95,123
-58,88,88,84,-125,37,-93,120
-57,87,86,86,-125,37,-96,117
-56,85,85,87,-125,37,-95,114
-54,82,83,89,-125,36,-96,109
-53,80,82,90,-124,36,-97,107
-53,79,81,91,-123,37,-96,106
-52,77,80,92,-122,37,-95,102
-51,75,80,94,-122,37,-97,101
-50,73,80,97,-121,36,-98,98
-48,69,81,100,-120,36,-96,95
-46,67,82,103,-119,36,-97,92
-45,65,83,106,-119,37,-98,90
-45,64,83,109,-119,38,-100,90
-44,63,84,112,-120,39,-100,87
-45,60,84,114,-120,40,-102,85
-45,57,84,117,-119,41,-106,81
-45,54,84,119,-119,41,-106,79
-45,53,85,120,-119,41,-107,78
-44,53,87,122,-119,41,-107,78
-44,53,89,123,-119,41,-107,78
-45,53,90,124,-119,43,-107,80
-46,53,90,127,-119,45,-111,78
-48,51,90,129,-119,46,-115,76
-48,50,91,131,-119,46,-115,74
-48,47,91,131,-118,46,-115,73
-47,46,92,130,-116,46,-114,73
-46,46,93,129,-114,46,-112,74
-47,48,94,129,-114,47,-112,75
-48,50,95,129,-114,49,-113,76
-50,51,95,129,-114,50,-114,78
-51,50,94,128,-114,51,-115,78
-50,50,95,127,-114,51,-115,78
-50,50,95,126,-114,50,-112,78
-49,50,94,124,-113,50,-112,80
-50,50,94,123,-110,50,-109,80
-52,49,93,121,-109,52,-112,79
-53,49,93,120,-108,54,-113,79
-54,49,93,120,-108,55,-114,76
-54,50,91,119,-109,56,-114,78
-54,51,89,117,-109,55,-112,79
-54,50,88,114,-109,55,-112,78
-54,49,88,110,-109,55,-109,76
-54,48,87,108,-108,57,-107,75
-55,48,86,107,-109,59,-108,75
-55,49,85,106,-109,60,-108,76
-56,49,83,105,-108,61,-108,74
-57,48,82,103,-107,60,-107,73
-58,46,80,102,-105,60,-108,72
-58,46,79,101,-104,60,-108,70
-58,46,78,99,-103,60,-108,70
-57,46,77,98,-104,60,-106,69
-57,46,75,97,-104,59,-106,69
-58,46,73,97,-104,60,-106,69
-57,46,72,96,-103,61,-104,67
-57,46,71,95,-102,63,-104,67
-58,46,72,94,-101,65,-106,69
-59,46,71,92,-101,65,-104,68
-61,45,69,91,-101,65,-106,64
-62,44,68,92,-101,65,-109,64
-62,43,66,93,-100,64,-109,61
-62,44,65,94,-99,64,-112,62
-62,45,64,93,-98,65,-112,63
-63,46,63,92,-98,64,-111,63
-64,46,62,91,-98,64,-111,64
-64,47,62,90,-98,64,-112,64
-64,48,61,91,-99,64,-112,63
-63,49,60,91,-99,65,-111,64
-63,49,57,92,-99,65,-113,64
-63,49,56,92,-98,65,-113,62
-64,48,55,92,-97,64,-114,61
-65,48,55,91,-97,64,-114,61
-65,48,55,91,-97,65,-114,61
-64,48,54,91,-98,66,-114,61
-63,49,54,90,-98,67,-113,62
-62,49,52,89,-97,68,-112,59
-61,48,50,89,-95,67,-111,58
-61,46,48,90,-93,68,-113,57
-61,44,47,91,-93,68,-113,52
-62,43,47,92,-93,69,-114,51
-62,44,48,92,-93,69,-114,52
-62,44,48,91,-93,69,-114,52
-62,44,47,90,-93,69,-114,52
-62,44,44,90,-93,69,-114,52
-62,44,42,90,-93,69,-114,50
-62,44,40,91,-93,69,-117,50
-63,43,40,92,-93,69,-118,48
-64,41,41,92,-93,69,-119,46
-65,39,41,92,-93,69,-119,45
-65,38,41,91,-93,69,-119,43
-65,39,40,90,-93,69,-119,43
-65,39,38,89,-93,69,-117,41
-64,38,37,88,-93,69,-117,41
-64,37,37,88,-93,69,-115,40
-63,36,37,88,-93,69,-115,39
-62,35,37,88,-94,69,-114,37
-62,33,38,88,-93,69,-114,36
-63,32,37,89,-92,69,-114,35
-62,31,36,89,-90,69,-117,34
-61,29,34,88,-90,68,-115,32
-61,28,32,88,-90,68,-115,29
-62,27,32,89,-90,69,-117,28
-64,26,33,91,-90,69,-120,26
-64,27,34,92,-90,69,-120,28
-65,27,33,91,-90,68,-122,28
-65,28,31,89,-89,68,-119,29
-65,29,30,88,-88,68,-119,30
-65,30,31,89,-88,68,-119,30
-66,30,32,91,-88,68,-123,30
-66,31,33,90,-89,68,-120,31
-66,31,31,89,-89,68,-120,31
-66,30,30,88,-88,68,-120,31
-66,30,31,89,-88,68,-120,31
-66,30,33,91,-88,68,-123,30
-66,31,34,92,-88,68,-123,31
-65,31,33,91,-88,68,-122,31
-65,31,32,90,-88,69,-119,31
-65,31,32,90,-88,68,-119,31
-65,31,32,90,-88,68,-122,31
-64,32,33,90,-88,68,-118,32
-63,32,32,90,-88,69,-118,32
-63,32,30,88,-88,69,-117,32
-63,32,30,88,-88,68,-117,32
-65,31,30,88,-88,67,-119,31
-67,31,31,89,-88,67,-120,31
-66,31,32,90,-88,67,-120,31
-65,31,32,90,-88,68,-119,31
-62,31,31,89,-88,69,-117,31
-61,29,31,89,-88,67,-115,30
-62,27,31,89,-88,65,-117,28
-64,26,31,89,-89,64,-118,26
-64,26,31,89,-89,63,-118,26
-63,27,32,90,-89,64,-117,28
-61,28,33,91,-89,64,-118,29
-59,29,34,91,-89,64,-115,29
-59,29,33,91,-89,64,-115,29
-59,28,31,90,-89,64,-113,29
-60,28,30,88,-89,64,-114,29
-61,30,30,88,-89,64,-114,30
-61,32,30,88,-89,64,-115,32
-60,34,30,89,-89,64,-114,34
-59,35,30,89,-89,64,-113,32
-59,35,29,90,-89,64,-115,32
-58,35,29,90,-89,64,-115,32
-58,34,29,90,-89,64,-114,32
-58,35,30,91,-89,64,-115,32
-59,36,31,91,-89,64,-117,36
-61,38,31,90,-89,64,-115,39
-61,39,30,89,-89,64,-115,40
-60,40,29,89,-89,64,-117,37
-61,39,29,90,-89,64,-118,37
-62,38,29,90,-89,64,-119,36
-64,37,30,89,-89,64,-119,37
-64,37,31,88,-89,64,-119,37
-64,37,30,88,-89,64,-119,37
-64,37,29,89,-89,64,-120,35
-64,37,28,90,-89,64,-122,35
-65,37,28,90,-89,64,-123,35
-67,36,28,90,-89,64,-124,34
-67,34,29,89,-89,64,-124,31
-67,32,30,88,-89,64,-122,32
-68,30,30,89,-89,64,-122,30
-68,28,29,90,-89,64,-124,25
-68,24,29,90,-89,64,-124,21
-68,21,29,89,-89,64,-124,18
-68,17,29,88,-89,64,-122,14
-69,14,29,87,-89,64,-123,12
-71,10,28,86,-89,64,-124,8
-72,7,28,86,-89,62,-125,4
-73,4,27,85,-87,60,-126,2
-73,1,26,85,-86,59,-128,-1
-74,-2,27,85,-86,58,-128,-4
-75,-6,27,85,-87,59,-129,-8
-75,-10,27,85,-87,59,-129,-13
-76,-14,27,85,-86,59,-130,-17
-77,-17,27,85,-85,58,-130,-19
-78,-20,26,84,-85,57,-129,-23
-80,-24,24,83,-86,55,-130,-26
-80,-27,23,82,-86,54,-131,-30
-80,-32,23,81,-85,53,-131,-34
-80,-35,23,82,-84,54,-131,-40
-81,-38,23,82,-84,54,-131,-42
-82,-39,23,82,-84,54,-133,-41
-83,-40,24,82,-85,54,-133,-42
-83,-41,23,82,-85,53,-133,-46
-82,-42,22,81,-84,52,-133,-47
-83,-43,21,79,-84,52,-134,-48
-84,-45,20,79,-84,53,-135,-50
-86,-45,19,78,-84,53,-134,-50
-86,-46,20,78,-84,53,-136,-51
-86,-46,20,79,-84,52,-136,-51
-86,-45,20,79,-84,51,-136,-50
-86,-43,20,79,-84,51,-136,-48
-85,-41,20,78,-84,52,-135,-46
-84,-39,20,78,-84,54,-134,-43
-83,-37,20,79,-84,54,-133,-42
-82,-36,20,79,-84,54,-133,-41
-81,-34,20,79,-84,54,-131,-39
-81,-31,20,78,-84,54,-133,-35
-80,-27,19,78,-84,54,-129,-31
-79,-24,20,79,-84,54,-130,-29
-79,-21,21,79,-84,54,-129,-25
-78,-18,22,81,-84,54,-129,-23
-78,-15,23,82,-84,54,-129,-20
-77,-13,24,82,-84,54,-128,-15
-76,-10,23,82,-84,54,-126,-13
-75,-7,23,82,-84,54,-126,-12
-75,-2,23,82,-84,55,-125,-7
-74,1,23,82,-84,56,-125,-1
-72,4,23,82,-84,56,-124,2
-71,6,23,82,-84,56,-123,2
-70,8,23,82,-84,56,-122,3
-71,9,23,82,-84,57,-123,7
-72,10,24,83,-84,58,-124,8
-73,12,25,83,-84,59,-124,10
-72,14,25,84,-84,59,-124,12
-71,17,26,84,-84,58,-125,14
-70,18,27,85,-85,58,-124,15
-70,18,27,85,-86,59,-124,15
-70,18,27,85,-86,59,-124,15
-70,17,26,85,-86,59,-124,15
-70,17,26,85,-85,59,-124,15
-70,18,26,85,-84,58,-124,15
-70,18,27,85,-84,58,-124,15
-70,18,27,85,-84,59,-122,15
-70,18,26,85,-84,60,-124,15
-70,18,26,86,-84,61,-124,15
-70,18,24,88,-84,61,-126,13
-70,18,23,89,-84,62,-126,13
-69,16,23,89,-84,63,-125,12
-68,14,23,89,-84,64,-124,9
-68,13,23,89,-84,64,-124,8
-68,13,23,89,-84,63,-124,8
-68,13,23,89,-84,63,-124,8
-68,13,23,89,-84,63,-124,8
-68,13,23,89,-84,64,-124,8
-68,13,23,89,-84,63,-124,8
-68,13,23,89,-84,63,-124,8
-68,13,23,89,-84,64,-124,8
-68,13,23,89,-84,63,-124,8
-68,14,23,89,-84,63,-124,9
-69,17,23,89,-84,63,-125,12
-70,17,23,89,-84,64,-126,13
-72,17,23,89,-84,64,-128,13
-73,16,23,89,-84,63,-130,12
-74,15,23,89,-84,62,-130,10
-75,15,23,89,-84,61,-131,10
-75,15,23,89,-84,61,-131,10
-74,15,23,88,-84,60,-130,10
-75,16,23,86,-84,59,-129,10
-74,15,24,85,-84,58,-128,13
-74,14,26,85,-84,58,-128,12
-72,12,27,85,-84,59,-124,9
-72,11,27,85,-84,59,-126,8
-72,10,25,84,-84,58,-126,8
-72,11,25,83,-84,58,-124,8
-72,11,24,83,-84,59,-124,9
-72,11,24,83,-84,59,-123,9
-72,9,24,83,-84,58,-123,7
-72,7,24,83,-84,57,-123,4
-73,5,23,84,-84,57,-126,1
-74,4,23,84,-84,57,-128,0
-74,4,23,84,-84,57,-128,0
-74,3,23,83,-84,57,-125,-1
-73,3,23,82,-84,57,-124,-1
-73,2,23,81,-84,57,-124,0
-72,0,23,82,-84,55,-124,-3
-72,0,23,82,-84,54,-123,-3
-72,0,22,83,-84,53,-125,-3
-72,0,22,83,-84,54,-125,-4
-71,0,22,83,-84,55,-125,-6
-71,-2,23,82,-84,56,-123,-7
-71,-4,23,82,-84,55,-123,-9
-72,-5,23,82,-84,54,-123,-9
-73,-5,23,82,-84,54,-124,-10
-74,-6,23,82,-84,55,-125,-10
-74,-6,23,82,-84,57,-125,-10
-74,-6,23,82,-84,57,-125,-10
-74,-6,23,82,-84,58,-125,-10
-74,-6,23,82,-84,59,-125,-10
-73,-6,23,82,-84,59,-124,-10
-74,-6,23,82,-84,58,-125,-10
-74,-4,23,82,-84,58,-125,-9
-75,-3,22,83,-84,58,-126,-7
-76,-1,21,83,-84,59,-129,-6
-76,-1,21,84,-84,58,-130,-6
-76,-1,21,83,-84,58,-130,-6
-76,-1,22,83,-84,58,-126,-6
-76,-1,23,82,-84,59,-126,-6
-76,-1,23,82,-84,59,-126,-6
-76,-1,23,82,-84,59,-128,-6
-76,-1,23,82,-84,58,-126,-6
-76,-1,23,82,-84,58,-126,-6
-76,-1,23,82,-84,59,-128,-6
-76,-1,23,82,-84,60,-126,-6
-76,-1,22,83,-84,62,-129,-6
-76,-1,22,83,-84,63,-129,-6
-76,-1,22,83,-84,64,-130,-6
-76,-1,23,82,-84,64,-128,-6
-76,-1,23,82,-84,63,-126,-6
-75,-3,23,82,-84,63,-126,-7
-75,-4,23,82,-84,63,-125,-9
-74,-6,23,82,-84,64,-125,-10
-74,-6,23,82,-84,63,-125,-10
-73,-5,23,82,-84,63,-124,-10
-74,-6,23,82,-84,64,-125,-8
-75,-7,23,82,-84,63,-126,-12
-75,-10,23,82,-84,63,-126,-14
-75,-12,23,82,-84,63,-126,-17
-75,-14,23,82,-84,64,-126,-17
-74,-15,24,82,-84,64,-125,-18
-75,-17,23,82,-84,63,-125,-21
-77,-18,22,80,-84,62,-128,-23
-77,-20,21,79,-84,61,-128,-25
-76,-22,21,79,-84,62,-128,-26
-76,-23,22,81,-84,63,-126,-28
-77,-24,23,81,-84,64,-128,-26
-78,-25,22,81,-84,64,-129,-29
-79,-25,21,80,-84,63,-129,-29
-79,-25,21,80,-84,63,-130,-30
-79,-25,21,80,-84,63,-130,-30
-79,-25,22,80,-84,63,-130,-30
-79,-25,21,80,-84,64,-130,-30
-77,-24,21,79,-84,64,-128,-29
-75,-23,22,80,-84,63,-126,-28
-75,-23,23,81,-84,63,-126,-25
-76,-22,24,82,-84,63,-126,-24
-76,-19,23,82,-84,64,-126,-21
-76,-16,23,82,-83,65,-126,-21
-75,-14,23,82,-83,65,-126,-18
-75,-12,23,82,-84,65,-126,-17
-75,-10,23,82,-84,64,-126,-13
-75,-7,23,82,-83,63,-126,-12
-74,-3,23,82,-82,65,-125,-4
-74,1,23,82,-82,67,-125,-3
-73,5,23,82,-82,68,-124,1
-72,9,23,82,-83,69,-124,4
-72,13,23,81,-84,68,-123,10
-71,16,23,82,-84,68,-123,12
-69,19,24,83,-83,68,-122,17
-67,22,25,85,-83,68,-122,20
-66,27,25,87,-83,68,-120,25
-65,32,26,86,-83,68,-119,30
-64,36,26,85,-83,68,-119,34
-64,39,27,85,-83,68,-115,37
-63,42,28,86,-83,68,-117,40
-61,46,29,88,-83,68,-115,45
-60,51,29,90,-83,68,-117,48
-59,55,28,91,-83,69,-115,53
-58,57,27,92,-83,70,-118,56
-57,59,26,92,-83,70,-117,54
-57,62,27,92,-83,70,-117,59
-55,65,27,92,-83,69,-115,63
-54,69,27,92,-83,68,-114,67
-54,70,27,92,-84,68,-113,68
-54,70,27,92,-84,68,-114,68
-54,71,27,92,-83,68,-114,69
-53,72,27,92,-82,68,-113,70
-52,74,28,93,-82,68,-112,72
-51,75,30,94,-82,68,-111,73
-50,75,30,95,-83,68,-111,73
-50,74,30,94,-84,68,-109,72
-50,73,29,94,-84,68,-109,70
-50,72,30,94,-83,68,-109,70
-51,72,30,95,-82,68,-111,70
-53,71,30,94,-82,67,-113,69
-54,69,29,93,-82,67,-113,67
-53,67,28,93,-83,67,-112,65
-51,66,28,93,-84,66,-111,64
-51,65,28,93,-84,65,-111,63
-52,62,27,92,-83,64,-112,61
-53,59,27,92,-82,63,-113,57
-55,57,27,92,-81,63,-114,54
-55,55,27,92,-80,63,-114,53
-55,54,27,92,-81,64,-114,52
-54,51,27,92,-82,63,-114,50
-55,49,27,92,-84,63,-114,47
-56,47,27,92,-84,63,-115,45
-57,46,27,92,-84,64,-117,45
-59,45,27,92,-84,64,-118,43
-60,43,27,92,-84,63,-119,41
-60,41,27,92,-83,62,-119,39
-60,39,27,92,-83,62,-119,37
-60,39,26,91,-82,62,-117,37
-60,39,25,90,-83,63,-117,35
-59,40,25,90,-84,62,-117,35
-60,40,24,89,-84,62,-117,35
-61,39,24,89,-84,62,-118,35
-62,36,23,89,-83,63,-119,32
-62,34,23,89,-82,64,-119,30
-62,33,23,89,-83,64,-119,29
-62,34,24,89,-83,63,-119,29
-63,36,24,89,-84,63,-119,31
-64,37,23,89,-84,63,-120,32
-65,37,23,89,-84,64,-122,32
-64,37,23,89,-84,64,-120,32
-62,38,24,89,-83,63,-119,34
-61,39,25,90,-83,63,-118,35
-60,39,25,90,-82,64,-117,35
-60,40,25,90,-82,65,-117,35
-60,41,24,89,-82,66,-117,36
-60,43,23,88,-82,67,-117,39
-59,46,23,88,-81,67,-117,41
-59,48,24,89,-81,67,-115,43
-59,50,25,90,-82,67,-115,45
-58,51,26,91,-83,67,-115,48
-57,52,27,92,-84,68,-117,51
-57,54,27,93,-84,68,-117,52
-57,56,27,92,-83,68,-114,54
-57,57,28,91,-82,68,-114,56
-55,59,28,90,-81,68,-113,57
-54,61,28,91,-81,68,-112,59
-54,63,27,92,-81,68,-114,61
-54,65,26,92,-83,68,-114,61
-54,65,26,92,-83,68,-113,61
-53,65,27,92,-84,68,-112,63
-52,66,28,91,-84,68,-109,64
-52,67,28,90,-83,68,-109,65
-53,68,28,91,-83,68,-109,67
-53,68,27,92,-83,68,-113,67
-53,69,26,92,-83,68,-113,64
-53,69,26,92,-83,68,-113,64
-54,69,27,92,-83,70,-113,67
-53,69,28,91,-83,72,-111,67
-53,69,28,91,-83,72,-109,67
-53,67,28,91,-83,70,-109,65
-53,65,28,91,-83,69,-111,63
-54,64,28,90,-83,69,-112,62
-56,64,28,90,-83,70,-113,62
-56,64,28,90,-83,70,-113,62
-56,64,27,91,-83,69,-113,62
-57,62,27,92,-83,68,-117,59
-57,59,28,91,-83,68,-114,57
-58,57,29,90,-83,68,-115,56
-57,55,29,89,-83,68,-114,53
-57,54,29,90,-83,68,-114,52
-57,52,28,90,-83,68,-113,51
-58,51,28,90,-83,68,-115,50
-60,50,28,91,-83,68,-117,48
-62,50,28,91,-83,67,-119,47
-63,48,27,91,-83,66,-119,46
-63,46,27,90,-83,65,-120,45
-63,46,26,90,-83,65,-120,43
-62,45,26,89,-84,64,-119,43
-62,44,25,88,-84,64,-119,42
-62,44,26,87,-84,63,-117,42
-62,44,26,85,-84,62,-117,42
-61,44,27,84,-84,60,-113,42
-58,46,27,84,-84,58,-111,43
-57,46,26,86,-84,58,-112,45
-59,48,25,89,-85,59,-115,43
-61,48,26,91,-86,59,-120,43
-61,49,27,92,-86,57,-120,47
-60,51,28,91,-86,56,-117,48
-58,53,28,91,-85,54,-115,51
-57,56,28,91,-84,53,-114,54
-56,57,27,92,-84,52,-115,56
-55,59,26,92,-84,50,-115,54
-54,61,26,92,-85,49,-114,57
-54,63,27,92,-85,49,-113,61
-53,65,28,91,-85,49,-109,63
-52,66,28,90,-85,49,-109,64
-52,66,28,91,-85,47,-109,64
-51,66,27,92,-85,46,-111,64
-51,65,27,92,-85,44,-111,63
-52,66,27,92,-85,43,-112,64
-52,67,27,92,-85,42,-112,65
-52,68,27,92,-85,41,-112,65
-52,68,27,92,-85,39,-112,65
-52,67,27,92,-85,39,-112,64
-51,65,27,92,-85,39,-111,63
-52,64,27,92,-85,38,-112,62
-52,62,27,92,-85,37,-112,61
-52,61,27,92,-85,36,-112,59
-53,60,27,92,-85,35,-112,58
-53,58,27,92,-86,34,-112,57
-52,57,27,92,-86,34,-112,54
-52,53,27,92,-86,34,-112,51
-53,50,27,92,-85,35,-112,48
-54,48,27,92,-86,34,-114,46
-57,46,27,92,-86,32,-115,45
-58,46,27,92,-86,31,-118,45
-58,46,26,92,-86,31,-117,42
-57,45,27,92,-86,31,-117,43
-56,43,28,91,-86,32,-113,41
-56,41,29,90,-86,32,-113,40
-57,41,29,89,-86,31,-113,39
-57,41,29,90,-86,31,-114,40
-58,42,29,89,-86,31,-114,40
-58,43,30,89,-86,31,-112,43
-57,43,30,88,-86,31,-112,43
-57,43,30,88,-86,32,-111,43
-57,45,29,88,-86,34,-112,42
-57,46,29,87,-85,35,-112,45
-58,46,29,87,-86,34,-112,45
-58,46,29,87,-86,34,-113,45
-57,46,28,88,-86,34,-112,45
-57,46,28,89,-86,34,-114,43
-58,46,27,90,-86,34,-114,43
-59,47,27,89,-86,34,-115,45
-59,49,27,88,-85,35,-114,47
-59,51,28,87,-85,36,-113,50
-57,52,29,87,-85,37,-112,53
-56,53,30,88,-85,38,-111,53
-55,53,30,89,-85,39,-109,53
-56,54,29,90,-85,39,-113,52
-57,56,28,90,-85,39,-114,53
-58,57,28,90,-85,39,-115,54
-58,57,28,90,-85,40,-115,56
-58,57,29,89,-85,41,-115,56
-58,57,30,89,-85,42,-113,57
-58,57,30,88,-85,43,-113,57
-57,57,30,88,-85,43,-112,57
-57,58,30,89,-85,44,-112,58
-55,60,30,89,-85,46,-111,61
-55,62,30,89,-85,47,-111,63
-55,64,30,88,-85,49,-111,64
-56,64,30,88,-85,49,-111,64
-56,64,30,88,-85,49,-111,64
-56,64,30,88,-85,49,-111,64
-56,64,30,88,-84,50,-111,64
-56,64,30,88,-84,52,-111,64
-55,65,30,88,-84,53,-111,65
-55,66,30,88,-84,54,-109,67
-54,68,30,88,-84,55,-109,68
-54,69,30,88,-84,57,-109,69
-54,69,30,88,-84,58,-109,70
-55,69,30,88,-84,59,-109,69
-55,68,30,88,-84,59,-109,68
-54,67,30,88,-84,58,-108,68
-52,67,30,88,-84,58,-107,68
-52,66,30,88,-84,59,-107,67
-52,64,30,88,-84,58,-107,64
-53,61,30,88,-84,58,-107,62
-53,60,30,88,-84,59,-107,61
-52,60,30,88,-84,60,-107,61
-53,60,30,88,-84,62,-107,61
-54,58,31,89,-84,63,-108,58
-55,55,30,88,-84,64,-109,56
-56,53,29,87,-84,64,-111,51
-57,52,28,86,-84,63,-112,50
-58,50,28,86,-84,63,-112,48
-58,47,28,86,-84,63,-113,46
-59,44,28,86,-84,64,-113,42
-59,42,27,85,-84,63,-113,40
-60,39,27,85,-84,63,-114,37
-60,37,27,85,-83,63,-114,35
-61,35,26,85,-83,63,-115,34
-62,33,26,84,-82,63,-114,31
-63,32,25,84,-83,63,-115,30
-64,30,26,84,-83,64,-115,28
-64,28,27,85,-84,64,-118,26
-64,27,27,85,-84,63,-118,25
-65,25,26,84,-84,63,-119,23
-66,23,25,83,-84,63,-118,21
-66,21,25,83,-84,64,-118,19
-66,20,25,83,-83,65,-118,18
-66,19,26,84,-83,65,-120,18
-66,20,27,85,-83,65,-120,18
-66,20,27,85,-84,64,-120,18
-65,19,27,85,-84,63,-119,18
-65,19,26,85,-84,63,-119,17
-65,18,27,85,-84,63,-119,15
-65,18,27,85,-84,63,-119,17
-65,19,27,85,-84,64,-119,18
-65,21,26,86,-83,65,-119,19
-63,21,26,86,-83,66,-117,19
-61,22,25,86,-83,66,-115,20
-61,22,25,85,-83,66,-115,20
-62,23,25,85,-83,66,-117,21
-64,25,25,85,-83,67,-118,23
-64,26,25,86,-84,68,-118,24
-62,28,26,86,-84,69,-117,25
-61,28,26,86,-83,68,-115,26
-60,28,26,86,-82,66,-114,26
-59,28,25,87,-82,65,-115,24
-59,29,23,89,-82,65,-115,24
-59,31,23,89,-83,66,-115,26
-58,33,23,89,-84,68,-114,29
-57,35,23,89,-84,69,-114,30
-57,36,23,89,-83,69,-114,31
-58,36,23,89,-83,68,-114,32
-59,39,24,88,-83,68,-115,34
-59,41,26,86,-83,67,-113,40
-59,44,26,85,-83,66,-113,42
-57,46,27,85,-83,66,-112,45
-56,47,27,85,-83,66,-111,46
-55,50,27,85,-83,67,-109,47
-55,51,26,86,-83,67,-109,50
-55,52,25,86,-83,67,-109,51
-56,53,25,87,-83,67,-113,48
-57,54,25,88,-83,68,-113,50
-56,56,26,87,-83,68,-111,54
-55,58,27,87,-83,68,-109,57
-54,60,28,88,-83,68,-109,58
-54,61,27,90,-83,68,-112,59
-55,62,27,91,-83,68,-112,61
-55,64,28,91,-83,68,-112,62
-53,66,29,90,-83,68,-111,64
-52,66,30,88,-83,68,-107,67
-51,66,30,89,-83,67,-106,67
-51,66,29,89,-83,66,-108,64
-50,67,29,90,-83,67,-108,64
-48,68,29,89,-83,68,-106,65
-47,68,29,89,-83,69,-104,67
-47,68,29,89,-83,67,-104,67
-48,70,29,89,-83,65,-106,68
-48,72,29,89,-84,63,-106,70
-46,74,30,89,-83,65,-102,72
-46,75,29,90,-83,67,-103,74
-46,77,28,90,-83,68,-103,75
-45,78,28,91,-83,67,-103,76
-45,81,28,91,-83,65,-102,79
-44,83,30,91,-83,65,-102,81
-45,85,31,92,-83,65,-102,86
-45,87,30,93,-83,65,-104,86
-45,90,29,94,-84,64,-104,89
-44,93,29,94,-84,63,-104,91
-43,95,30,95,-84,63,-103,93
-42,97,31,95,-84,63,-102,95
-41,99,31,95,-84,64,-102,97
-41,101,31,95,-84,64,-101,100
-40,104,30,95,-84,63,-101,102
-40,107,31,95,-84,63,-101,104
-40,109,31,96,-84,63,-101,107
-39,112,32,97,-84,63,-100,111
-37,115,33,97,-84,63,-98,115
-36,117,33,98,-84,63,-98,118
-36,118,34,98,-84,64,-98,119
-35,119,34,99,-84,63,-98,120
-35,121,34,99,-84,63,-98,122
-34,123,34,98,-84,63,-97,124
-34,125,35,97,-84,64,-95,125
-33,126,35,97,-84,64,-95,126
-33,128,35,97,-84,63,-93,129
-32,130,34,98,-84,62,-96,130
-32,132,34,99,-84,61,-95,133
-31,132,34,99,-84,60,-95,133
-31,132,34,98,-84,60,-95,133
-32,132,34,98,-84,60,-95,133
-32,132,34,98,-84,61,-95,133
-32,132,34,99,-84,62,-95,133
-32,132,34,98,-84,63,-95,133
-31,131,34,98,-84,62,-95,131
-30,130,34,98,-84,60,-93,131
-29,130,34,98,-84,58,-92,130
-30,129,34,98,-84,58,-93,129
-31,128,34,98,-84,58,-95,129
-32,126,34,98,-84,59,-96,126
-32,124,34,99,-84,58,-96,125
-32,122,34,98,-84,58,-95,123
-31,121,34,98,-84,59,-95,122
-32,120,34,99,-84,60,-96,122
-33,119,34,99,-84,62,-96,120
-35,118,34,98,-84,63,-98,118
-36,115,33,97,-84,64,-96,117
-36,113,34,96,-84,64,-96,113
-36,111,34,96,-84,63,-97,112
-37,108,35,97,-84,63,-98,108
-38,106,34,98,-84,63,-101,107
-39,106,33,98,-84,64,-102,107
-39,105,32,97,-84,63,-102,103
-39,104,32,97,-84,63,-100,102
-39,102,31,96,-84,63,-100,101
-40,100,30,96,-84,63,-101,98
-41,99,30,95,-84,63,-102,97
-42,99,31,94,-84,63,-102,97
-42,99,33,93,-84,63,-100,100
-41,99,34,92,-84,63,-100,100
-41,99,34,92,-84,63,-100,100
-42,99,33,93,-84,64,-100,100
-41,99,32,93,-84,64,-100,100
-41,99,32,94,-84,64,-102,100
-41,99,32,93,-84,63,-100,100
-42,99,33,93,-84,63,-100,100
-42,99,34,92,-84,64,-100,100
-42,100,34,92,-83,65,-100,101
-42,101,34,92,-83,67,-100,102
-41,102,34,92,-83,68,-98,103
-41,104,34,92,-83,69,-98,104
-40,105,34,92,-83,68,-98,106
-40,106,34,92,-83,68,-98,107
-40,106,34,92,-83,68,-98,107
-41,105,34,92,-83,68,-98,106
-41,104,35,93,-83,68,-100,106
-41,105,36,93,-83,68,-98,106
-40,105,36,93,-83,68,-98,108
-39,106,36,93,-83,68,-97,109
-39,106,35,93,-83,68,-97,107
-39,105,34,94,-83,68,-97,106
-39,105,34,95,-83,68,-100,106
-38,104,34,96,-83,68,-98,104
-38,103,34,97,-83,68,-98,103
-39,101,33,97,-83,68,-100,102
-40,100,34,96,-83,68,-100,101
-40,100,34,94,-83,68,-98,101
-40,100,34,92,-83,68,-98,101
-40,100,34,91,-83,68,-98,101
-41,99,34,92,-83,68,-98,100
-42,99,34,92,-83,69,-100,100
-42,99,34,92,-83,70,-100,100
-42,100,34,92,-83,70,-100,101
-42,99,34,92,-83,70,-100,100
-42,97,34,92,-83,69,-100,97
-42,96,34,92,-83,69,-100,96
-41,95,34,92,-83,70,-98,96
-42,95,35,93,-83,70,-100,96
-43,95,36,93,-83,70,-101,98
-44,94,35,93,-83,70,-102,95
-45,94,34,92,-83,71,-102,95
-44,93,34,92,-83,71,-102,93
-44,93,34,92,-83,70,-102,93
-43,93,34,92,-83,68,-101,93
-43,93,34,92,-83,68,-101,93
-42,93,34,92,-83,68,-100,93
-41,94,34,92,-83,68,-98,95
-40,94,34,92,-83,68,-98,95
-39,95,34,92,-83,68,-97,96
-39,95,34,92,-83,68,-97,96
-40,94,34,92,-83,68,-98,95
-42,93,34,92,-83,68,-100,93
-43,92,34,92,-83,68,-101,93
-44,92,34,92,-83,68,-102,92
-43,92,34,92,-83,68,-101,93
-43,92,34,92,-83,69,-101,93
-43,92,34,92,-83,70,-101,93
-44,93,34,91,-83,70,-102,93
-44,93,34,92,-83,69,-102,93
-43,92,32,93,-83,69,-101,93
-43,91,31,94,-83,69,-103,90
-42,90,31,95,-83,70,-102,89
-42,87,32,94,-83,70,-102,86
-42,85,33,93,-83,69,-100,86
-42,84,33,93,-83,68,-100,85
-43,82,30,93,-83,68,-100,80
-43,81,28,93,-83,68,-103,80
-43,81,28,94,-83,68,-103,80
-43,82,29,94,-83,68,-103,80
-43,82,29,94,-83,68,-103,80
-43,82,28,93,-83,68,-103,80
-43,81,28,93,-83,68,-103,80
-43,81,27,93,-83,68,-103,79
-43,82,28,93,-83,68,-103,80
-44,83,28,93,-83,68,-104,81
-45,85,28,93,-83,68,-104,83
-46,86,28,93,-83,68,-106,84
-46,86,28,93,-83,68,-106,84
-46,86,28,93,-83,68,-106,84
-45,88,28,93,-83,68,-106,86
-44,90,29,94,-83,68,-104,89
-43,92,29,94,-83,68,-103,91
-43,93,28,93,-83,68,-103,91
-43,93,28,93,-83,68,-103,91
-44,92,29,94,-83,68,-104,90
-44,91,31,95,-83,68,-104,90
-43,93,32,95,-83,68,-103,91
-43,95,32,94,-83,68,-103,96
-42,97,32,94,-83,68,-102,98
-42,97,32,93,-83,68,-100,98
-43,95,32,93,-83,68,-101,96
-43,93,32,93,-83,68,-101,93
-44,91,32,93,-83,69,-102,92
-44,92,33,93,-83,71,-102,92
-44,93,34,92,-83,71,-102,93
-43,93,34,92,-83,71,-101,93
-43,91,33,93,-83,69,-101,92
-43,89,32,94,-83,68,-103,90
-44,86,31,95,-83,68,-103,85
-46,86,32,94,-83,68,-106,86
-47,85,32,93,-83,69,-104,86
-49,84,32,91,-83,70,-107,85
-49,82,30,90,-83,70,-107,83
-48,80,28,91,-83,70,-106,79
-48,79,26,92,-83,70,-108,78
-49,79,27,92,-83,69,-108,76
-50,78,28,91,-83,69,-108,75
-51,76,29,90,-83,68,-108,74
-51,74,29,89,-83,68,-108,72
-51,72,28,90,-83,68,-109,70
-52,71,27,92,-83,68,-112,69
-53,69,26,92,-83,68,-113,64
-53,67,27,92,-83,68,-113,65
-52,66,27,92,-83,68,-112,64
-51,66,27,92,-83,68,-111,64
-52,66,27,92,-83,68,-112,64
-53,66,27,92,-83,68,-112,64
-54,65,27,92,-83,68,-113,63
-54,64,27,92,-83,68,-113,62
-54,63,27,92,-83,69,-113,61
-53,62,27,92,-83,68,-113,59
-53,61,27,92,-83,67,-112,59
-52,60,27,92,-83,65,-112,58
-52,60,27,92,-84,63,-112,58
-52,60,27,92,-84,63,-112,58
-53,60,27,92,-84,63,-113,58
-53,60,28,91,-84,64,-111,58
-52,60,28,90,-84,64,-109,58
-52,60,28,89,-84,62,-109,58
-53,60,27,87,-84,60,-107,58
-53,60,27,86,-84,59,-108,58
-54,59,27,85,-84,58,-108,57
-53,58,27,84,-84,58,-106,57
-53,58,26,86,-84,59,-107,56
-52,57,27,87,-84,59,-107,54
-51,56,27,88,-84,59,-106,53
-52,55,27,87,-84,58,-107,53
-52,57,27,86,-84,57,-107,54
-53,58,27,85,-84,57,-107,56
-53,58,27,85,-84,56,-108,56
-52,57,27,85,-84,55,-107,54
-51,55,27,85,-84,54,-106,53
-51,55,27,85,-84,54,-106,53
-52,56,27,85,-84,54,-107,54
-53,58,27,85,-84,54,-108,56
-54,59,27,85,-84,54,-108,57
-54,60,27,85,-84,54,-108,58
-54,60,27,85,-84,53,-108,58
-54,60,27,85,-84,52,-109,58
-55,61,27,85,-84,51,-109,59
-55,62,27,85,-84,50,-109,61
-54,63,27,85,-84,50,-109,62
-53,65,27,85,-84,50,-107,63
-52,66,27,85,-85,49,-107,64
-51,66,28,86,-85,49,-106,64
-51,66,28,86,-85,49,-106,64
-52,66,28,86,-85,49,-107,64
-52,66,27,86,-85,49,-107,64
-52,66,27,86,-85,49,-107,64
-52,66,28,86,-85,49,-107,64
-52,66,28,86,-85,49,-107,64
-51,65,28,86,-85,49,-106,63
-50,64,29,88,-85,49,-104,62
-50,63,29,89,-85,49,-107,61
-51,62,29,90,-85,49,-108,61
-53,61,29,90,-85,49,-111,59
-54,60,29,90,-85,49,-111,58
-54,59,28,90,-85,49,-111,57
-53,57,27,92,-85,49,-113,56
-53,56,26,93,-85,49,-113,52
-54,54,26,92,-85,49,-114,50
-55,52,28,91,-85,49,-112,51
-56,51,30,89,-85,49,-111,50
-55,49,30,88,-85,49,-109,50
-55,48,29,90,-85,49,-112,46
-56,47,28,91,-85,49,-113,45
-57,47,26,92,-85,49,-117,45
-57,47,27,90,-85,49,-114,45
-57,45,28,89,-85,49,-114,43
-57,42,29,87,-85,49,-112,40
-58,40,29,87,-85,49,-113,39
-59,39,29,87,-85,49,-114,37
-60,39,30,88,-85,49,-114,40
-60,39,30,88,-85,49,-114,40
-60,39,29,88,-85,49,-114,37
-60,40,28,86,-85,49,-114,37
-60,40,27,85,-85,49,-114,37
-60,39,26,85,-85,49,-114,37
-59,39,26,85,-85,49,-113,36
-58,37,26,86,-85,49,-113,35
-58,35,25,87,-85,49,-113,32
-60,34,26,86,-85,49,-114,31
-60,33,26,85,-85,49,-114,31
-59,35,27,85,-85,49,-113,32
-59,36,27,85,-85,49,-113,34
-59,38,27,85,-85,48,-114,36
-61,39,26,85,-85,49,-115,37
-61,39,26,85,-84,50,-115,37
-61,39,27,85,-84,52,-115,37
-60,39,27,85,-84,52,-114,37
-60,39,27,85,-84,52,-114,37
-60,39,27,85,-84,52,-114,37
-60,39,27,85,-84,53,-114,37
-60,39,27,85,-84,54,-114,37
-60,41,27,85,-84,54,-114,39
-61,43,27,85,-84,54,-115,41
-62,44,27,85,-84,54,-117,42
-62,44,27,85,-84,54,-117,42
-62,44,27,85,-85,54,-117,42
-61,45,27,85,-85,54,-115,42
-60,47,27,85,-84,54,-114,45
-59,49,26,85,-84,54,-113,47
-60,50,27,85,-84,54,-114,48
-61,51,28,86,-85,54,-115,50
-61,53,29,87,-86,55,-115,53
-61,55,29,87,-86,56,-115,56
-60,57,28,86,-86,55,-114,56
-59,59,27,85,-85,54,-114,57
-59,60,26,85,-84,54,-114,58
-59,62,27,86,-84,54,-113,59
-58,63,28,86,-84,54,-113,61
-56,64,29,87,-85,54,-111,64
-54,64,30,88,-85,54,-108,64
-53,65,29,87,-84,54,-108,63
-52,67,28,86,-84,54,-107,65
-52,68,27,85,-84,54,-107,65
-52,67,28,86,-84,54,-107,65
-52,66,29,87,-84,54,-107,64
-52,66,29,87,-84,54,-107,67
-52,67,28,86,-84,54,-107,65
-52,68,27,85,-84,54,-107,65
-52,67,26,85,-84,52,-107,65
-52,66,27,85,-84,50,-107,64
-51,66,28,86,-85,49,-106,64
-51,66,29,87,-85,48,-106,64
-51,65,29,87,-85,49,-106,63
-52,65,28,86,-85,49,-107,63
-54,63,28,86,-85,49,-108,61
-55,61,28,86,-85,49,-109,59
-55,60,28,86,-85,49,-109,58
-54,60,28,86,-85,49,-108,58
-52,58,27,85,-85,49,-107,56
-52,56,27,85,-85,49,-107,54
-53,54,27,85,-84,49,-107,52
-54,53,27,85,-83,49,-109,51
-55,53,27,85,-83,47,-109,51
-56,53,27,85,-83,45,-111,51
-56,53,27,85,-85,44,-111,51
-56,53,27,85,-85,43,-111,51
-56,53,27,85,-85,44,-111,51
-56,53,27,85,-85,44,-111,51
-56,53,27,85,-85,44,-111,51
-55,53,27,85,-85,43,-109,51
-56,53,27,85,-85,40,-111,51
-56,54,27,85,-85,39,-111,52
-57,55,27,85,-86,39,-112,53
-57,55,27,85,-86,39,-112,53
-57,56,27,85,-85,39,-112,54
-58,57,27,85,-84,39,-113,54
-58,57,26,85,-84,39,-113,56
-56,57,27,85,-84,39,-111,54
-53,56,27,85,-83,39,-108,53
-51,55,27,85,-82,37,-106,53
-51,55,26,85,-81,35,-106,53
-51,55,26,85,-82,34,-106,53
-52,55,27,85,-83,35,-104,53
-52,55,28,84,-83,37,-104,53
-51,55,28,84,-83,39,-103,53
-51,55,28,84,-83,39,-103,53
-51,55,27,85,-83,39,-106,53
-51,55,26,85,-82,39,-106,53
-51,55,27,85,-80,39,-106,53
-51,55,28,85,-80,39,-103,53
-50,54,29,85,-82,39,-103,54
-50,54,28,85,-84,39,-102,52
-50,54,28,86,-86,39,-106,52
-51,55,29,88,-86,41,-106,53
-51,55,30,88,-85,43,-106,56
-51,55,30,88,-85,44,-106,56
-51,55,29,87,-85,44,-106,53
-51,55,29,87,-85,44,-106,53
-52,55,30,88,-85,45,-107,56
-51,55,30,88,-85,47,-106,56
-51,55,30,88,-85,49,-106,56
-51,55,30,88,-85,49,-106,56
-52,56,30,89,-85,49,-107,57
-53,57,30,89,-84,50,-108,58
-54,59,30,88,-84,52,-108,59
-53,62,30,88,-84,53,-108,62
-52,64,30,88,-84,54,-107,64
-52,66,30,89,-84,55,-107,64
-51,66,29,89,-84,57,-108,64
-52,66,29,90,-84,58,-109,64
-52,66,29,89,-84,59,-109,64
-52,66,30,89,-84,59,-107,64
-52,66,30,88,-84,59,-107,67
-51,66,30,88,-84,61,-106,67
-51,66,30,88,-84,61,-106,67
-52,66,30,89,-84,62,-107,67
-53,67,30,89,-84,63,-107,68
-53,69,30,88,-84,63,-108,69
-53,69,30,88,-84,64,-108,69
-53,68,30,88,-83,65,-108,69
-52,66,30,88,-83,65,-107,67
-52,64,31,89,-83,65,-107,64
-52,62,30,89,-83,65,-107,62
-52,61,29,87,-83,67,-107,62
-52,60,28,86,-83,68,-107,58
-53,58,27,85,-83,69,-108,56
-53,56,26,85,-83,68,-108,53
-54,52,26,85,-83,68,-108,51
-54,49,27,85,-83,68,-108,47
-55,48,28,84,-83,68,-107,46
-56,47,28,84,-83,68,-108,45
-57,45,28,83,-83,68,-108,46
-57,43,28,83,-83,68,-108,43
-56,40,29,83,-83,68,-108,41
-57,37,29,83,-83,68,-108,37
-57,35,28,83,-83,68,-109,36
-57,34,28,84,-83,68,-108,31
-57,31,28,84,-83,68,-109,29
-58,30,29,83,-83,68,-109,30
-59,28,30,82,-83,68,-108,29
-60,28,29,82,-83,68,-109,29
-60,29,28,83,-83,69,-112,26
-59,29,27,82,-83,70,-111,26
-60,29,26,81,-83,70,-112,26
-60,28,27,79,-83,69,-109,26
-59,29,28,79,-84,69,-108,29
-58,29,28,81,-84,69,-107,30
-57,30,28,84,-83,70,-108,28
-56,31,28,84,-82,71,-107,29
-55,32,28,84,-81,71,-107,30
-55,35,29,83,-82,71,-107,35
-55,37,29,83,-83,70,-107,37
-55,38,28,83,-83,70,-107,39
-56,40,27,83,-83,69,-108,37
-57,41,26,83,-81,70,-108,39
-57,43,28,82,-82,72,-109,41
-57,45,29,82,-83,72,-109,45
-56,47,29,83,-83,71,-108,47
-55,49,28,84,-84,69,-107,50
-55,51,27,84,-83,68,-107,50
-55,53,26,85,-83,70,-109,51
-56,54,26,85,-83,72,-111,52
-57,56,27,86,-83,73,-112,54
-58,57,28,86,-83,72,-113,54
-58,57,28,86,-83,71,-113,56
-58,57,28,86,-83,70,-113,54
-58,57,27,86,-83,69,-113,54
-57,58,27,85,-83,69,-112,56
-55,59,27,85,-83,69,-109,57
-54,59,27,85,-83,70,-108,57
-53,59,27,85,-83,72,-107,57
-53,58,27,85,-83,72,-107,56
-52,57,27,85,-83,70,-107,54
-52,56,27,85,-83,68,-107,54
-51,56,27,85,-83,68,-106,53
-51,55,27,85,-83,69,-106,53
-51,55,27,85,-83,70,-106,53
-52,55,27,85,-83,70,-107,53
-53,56,27,85,-83,69,-107,54
-53,58,27,85,-83,68,-108,56
-52,60,27,85,-83,68,-107,58
-51,61,27,85,-83,68,-106,59
-50,61,27,85,-83,68,-104,59
-51,61,27,85,-83,68,-106,58
-52,62,27,85,-83,68,-107,59
-53,64,27,85,-83,68,-108,62
-53,65,27,85,-83,68,-107,63
-52,66,27,85,-83,68,-107,64
-52,66,27,85,-83,68,-107,64
-51,66,27,85,-83,68,-106,64
-50,66,26,85,-83,69,-106,64
-50,67,27,85,-83,68,-104,65
-50,68,28,86,-83,67,-104,67
-50,71,29,87,-83,65,-104,72
-50,72,30,88,-84,63,-104,73
-50,73,30,88,-84,63,-104,74
-50,73,30,88,-84,63,-104,74
-49,72,28,86,-84,64,-104,70
-50,72,28,86,-84,64,-104,70
-50,72,29,87,-84,63,-104,70
-50,72,30,88,-84,62,-104,73
-49,72,30,88,-84,61,-104,73
-49,73,30,88,-84,61,-104,74
-50,72,30,88,-84,60,-104,73
-51,72,30,88,-84,59,-106,72
-52,71,30,88,-84,58,-107,72
-53,71,30,88,-84,58,-108,72
-52,71,30,88,-84,58,-107,72
-52,70,29,87,-84,58,-107,70
-52,68,29,87,-84,59,-107,65
-52,66,28,86,-84,59,-107,64
-51,65,28,86,-84,58,-106,63
-52,66,29,87,-84,57,-107,64
-52,66,29,87,-84,55,-107,64
-52,66,28,86,-84,54,-107,64
-50,66,28,86,-84,53,-106,64
-49,67,27,85,-84,54,-104,65
-49,68,27,85,-84,54,-103,65
-49,69,27,85,-84,54,-104,68
-50,70,27,85,-84,54,-104,68
-50,71,27,85,-84,54,-106,69
-50,71,27,85,-84,54,-106,69
-49,71,27,85,-84,54,-104,69
-49,72,28,86,-84,54,-104,70
-49,73,28,86,-84,54,-104,72
-50,73,29,87,-84,54,-104,72
-51,72,29,87,-84,54,-107,70
-52,71,28,86,-84,54,-107,69
-53,69,28,86,-84,54,-107,67
-53,67,29,87,-84,54,-107,65
-53,65,30,88,-84,53,-108,65
-54,64,30,88,-84,54,-108,64
-55,63,29,87,-84,55,-109,63
-56,60,28,86,-84,57,-111,58
-56,57,27,85,-84,57,-111,54
-56,54,26,85,-84,57,-111,52
-57,52,27,85,-84,57,-112,50
-58,50,27,85,-84,58,-113,48
-58,48,27,85,-84,59,-112,46
-57,45,27,85,-84,59,-112,42
-57,42,27,85,-84,59,-112,40
-58,40,26,85,-84,58,-113,39
-59,40,26,84,-84,58,-114,37
-60,39,25,84,-84,59,-112,37
-60,39,25,84,-84,58,-112,37
-61,39,25,84,-84,58,-113,37
-63,38,25,84,-84,58,-115,36
-64,37,26,84,-84,58,-118,35
-63,38,26,85,-84,58,-118,36
-61,39,26,84,-84,58,-115,36
-60,40,25,83,-84,58,-112,37
-60,41,25,83,-84,58,-112,39
-61,43,25,84,-84,58,-113,41
-62,44,26,84,-84,58,-117,42
-61,45,25,84,-83,58,-113,42
-59,45,24,83,-82,58,-111,43
-58,46,23,82,-83,58,-111,41
-58,48,24,83,-84,58,-109,46
-57,50,27,83,-84,58,-109,48
-57,52,29,83,-84,58,-109,52
-57,53,28,82,-84,58,-109,53
-57,52,26,80,-84,58,-107,50
-58,51,25,79,-84,58,-107,50
-58,51,26,79,-84,58,-107,50
-57,52,27,79,-84,58,-107,52
-56,53,28,79,-84,58,-106,53
-55,53,29,80,-84,58,-106,53
-55,53,29,81,-83,58,-106,53
-56,53,29,82,-82,58,-108,53
-56,53,28,84,-83,58,-108,51
-56,53,27,85,-84,58,-111,51
-56,53,26,85,-84,59,-111,51
-55,53,26,85,-84,59,-109,51
-55,52,27,85,-84,59,-109,51
-56,53,27,85,-84,58,-111,51
-57,54,27,85,-84,58,-112,52
-58,56,26,85,-84,59,-113,53
-58,57,27,85,-84,61,-113,54
-57,58,27,85,-84,62,-112,57
-55,59,27,85,-83,62,-109,57
-54,59,27,85,-83,61,-108,57
-54,59,27,85,-82,60,-108,57
-53,60,27,85,-83,60,-108,58
-53,60,27,85,-83,60,-107,58
-52,60,27,85,-84,60,-107,58
-51,61,27,85,-84,60,-106,59
-51,62,26,85,-84,60,-106,61
-51,65,27,85,-84,60,-106,63
-51,66,27,85,-84,59,-106,64
-52,66,27,85,-84,58,-107,64
-52,66,26,85,-84,58,-107,64
-51,66,27,85,-84,58,-106,64
-51,66,27,85,-84,59,-106,64
-52,66,27,84,-84,59,-104,64
-52,66,28,84,-84,58,-104,64
-51,66,29,83,-84,58,-103,67
-50,67,30,83,-84,58,-102,68
-49,69,31,83,-84,59,-102,70
-49,71,30,84,-84,59,-102,72
-49,72,30,84,-84,59,-102,73
-50,73,31,84,-84,58,-102,74
-49,74,32,84,-84,58,-102,75
-49,77,33,85,-84,59,-101,80
-48,80,33,86,-84,60,-101,81
-47,83,32,86,-84,61,-100,84
-47,85,32,86,-84,62,-100,86
-46,86,33,85,-84,63,-100,86
-46,87,34,84,-84,63,-98,91
-46,90,34,84,-84,62,-98,92
-45,91,33,85,-84,62,-97,95
-44,93,32,86,-84,62,-97,93
-44,94,32,86,-84,63,-97,95
-43,96,32,87,-84,64,-98,97
-43,98,32,87,-84,64,-98,98
-42,99,32,86,-84,63,-95,100
-42,100,32,86,-84,63,-95,101
-41,99,32,87,-84,63,-97,100
-41,97,31,88,-84,64,-96,98
-40,96,30,88,-84,63,-96,97
-41,94,30,89,-84,63,-96,95
-42,93,30,89,-84,63,-97,93
-43,91,30,88,-84,63,-98,92
-42,90,30,88,-84,63,-97,91
-41,88,30,88,-84,63,-97,89
-41,86,30,89,-84,63,-97,87
-43,84,30,88,-84,63,-97,85
-44,81,30,88,-84,63,-100,81
-46,79,30,88,-84,63,-101,79
-47,75,30,88,-84,63,-102,76
-48,72,30,88,-84,63,-103,73
-49,69,31,89,-84,63,-104,69
-50,65,30,88,-84,63,-104,67
-50,63,29,87,-84,63,-104,61
-50,60,28,86,-84,64,-104,58
-51,57,27,85,-84,63,-106,54
-52,54,27,85,-84,63,-107,52
-54,52,27,85,-84,63,-108,50
-54,50,26,84,-84,64,-106,48
-55,48,25,83,-84,64,-107,46
-55,45,23,82,-84,63,-107,43
-56,43,23,81,-84,62,-108,41
-57,42,23,82,-84,61,-109,37
-58,40,23,82,-84,62,-111,36
-59,39,23,82,-84,63,-112,37
-59,38,23,82,-84,64,-112,36
-58,37,23,82,-84,63,-109,32
-57,37,23,82,-84,62,-109,32
-58,36,23,82,-84,61,-109,32
-60,36,23,82,-84,62,-112,31
-61,34,24,81,-84,63,-113,32
-61,33,25,79,-84,64,-111,31
-60,33,27,78,-84,64,-109,34
-59,34,27,78,-84,63,-108,35
-59,35,25,79,-84,63,-108,32
-61,36,24,81,-84,63,-113,34
-63,36,23,82,-84,64,-114,31
-64,35,24,81,-84,63,-115,34
-63,35,25,80,-84,63,-112,32
-63,34,25,79,-84,63,-112,32
-63,36,25,80,-84,63,-113,34
-64,37,24,81,-84,63,-115,35
-63,38,23,81,-84,63,-115,36
-62,38,24,81,-84,64,-114,36
-61,38,24,80,-84,63,-113,36
-61,39,24,81,-84,63,-113,37
-61,41,23,82,-84,63,-113,36
-61,42,23,82,-84,64,-113,37
-61,45,23,82,-84,64,-113,42
-60,47,24,81,-84,63,-112,45
-59,49,25,80,-84,62,-112,47
-58,51,24,81,-84,60,-111,50
-57,53,23,81,-84,59,-109,51
-57,54,23,82,-84,58,-108,50
-57,56,24,83,-84,58,-109,53
-57,57,26,84,-84,59,-109,54
-57,58,27,85,-84,59,-112,56
-56,60,27,85,-84,59,-111,58
-55,62,27,85,-84,58,-111,61
-55,64,27,85,-84,58,-111,62
-56,64,27,85,-84,58,-111,62
-56,64,27,85,-84,59,-111,62
-56,64,27,85,-84,59,-111,62
-56,64,27,85,-84,58,-111,62
-55,62,27,85,-84,57,-111,61
-54,61,27,85,-84,55,-109,58
-54,60,27,85,-84,54,-108,58
-54,59,26,85,-84,53,-108,57
-54,57,26,84,-84,54,-109,56
-54,54,25,84,-84,54,-107,52
-54,50,25,84,-84,54,-106,48
-54,47,25,84,-84,54,-109,46
-56,45,25,84,-84,52,-108,43
-57,43,26,84,-84,50,-112,41
-58,40,27,84,-85,49,-111,39
-59,38,28,83,-85,48,-111,39
-59,36,28,82,-85,49,-111,37
-58,35,26,80,-85,49,-108,32
-59,32,25,79,-85,49,-108,30
-60,30,25,79,-85,47,-109,28
-61,28,25,79,-85,45,-111,26
-61,26,26,79,-85,44,-111,24
-62,23,27,78,-85,43,-112,24
-63,21,26,78,-85,44,-112,19
-64,20,26,78,-85,44,-113,18
-65,20,26,78,-85,44,-114,18
-66,20,26,79,-85,44,-115,18
-66,20,27,78,-85,44,-115,20
-66,20,26,78,-85,44,-115,18
-66,18,26,77,-85,43,-113,17
-66,16,25,77,-85,42,-112,14
-66,14,24,76,-85,41,-113,12
-67,13,24,75,-84,40,-113,12
-68,13,24,75,-84,39,-114,12
-68,13,24,76,-83,39,-114,10
-68,13,24,76,-83,39,-114,12
-67,14,24,76,-84,39,-113,12
-64,15,23,75,-84,39,-111,13
-63,15,23,75,-85,39,-109,13
-64,15,23,75,-85,39,-111,13
-65,15,23,75,-84,39,-112,13
-65,15,23,75,-84,39,-112,13
-65,15,23,75,-84,39,-111,13
-64,15,23,75,-83,40,-111,13
-63,16,23,75,-82,43,-109,14
-64,17,23,75,-82,44,-111,14
-65,19,23,75,-83,44,-112,17
-65,20,23,75,-85,44,-112,18
-63,21,23,75,-85,43,-109,19
-61,22,23,75,-84,44,-108,20
-61,22,23,75,-83,45,-108,20
-61,23,23,75,-83,47,-108,21
-61,25,23,75,-84,49,-108,23
-60,26,23,75,-85,49,-107,24
-60,27,23,75,-84,49,-107,25
-61,28,23,75,-83,49,-108,25
-61,28,23,75,-83,49,-108,26
-60,28,23,75,-83,49,-107,26
-59,28,23,75,-82,49,-106,26
-59,28,23,75,-82,48,-106,26
-59,28,23,75,-83,49,-106,26
-60,29,23,75,-84,50,-107,26
-60,28,23,75,-85,52,-107,26
-59,28,23,75,-85,54,-106,26
-59,28,23,75,-84,54,-106,26
-59,28,23,75,-84,54,-106,26
-59,28,23,75,-84,54,-106,26
-59,28,23,75,-84,55,-106,26
-59,28,23,75,-84,57,-106,26
-59,28,23,75,-84,58,-106,26
-59,28,23,75,-84,59,-106,26
-60,29,23,75,-84,59,-107,26
-59,29,23,75,-84,58,-106,26
-59,29,23,75,-84,58,-106,26
-59,28,23,75,-84,59,-106,26
-59,28,23,75,-84,60,-106,26
-60,29,23,75,-84,62,-107,26
-60,30,23,75,-84,63,-107,29
-60,32,24,76,-84,64,-107,30
-59,34,24,76,-84,64,-106,32
-57,36,24,75,-84,63,-104,34
-57,38,24,75,-84,63,-103,36
-56,40,24,76,-83,63,-103,39
-55,41,25,77,-83,63,-102,40
-56,42,25,77,-82,64,-106,40
-56,43,25,77,-82,65,-106,41
-56,45,26,77,-83,65,-103,43
-55,47,26,78,-84,66,-104,46
-55,50,26,78,-84,67,-104,48
-55,52,26,79,-83,68,-104,50
-54,53,27,78,-83,68,-104,53
-53,54,27,79,-83,68,-103,54
-52,56,28,79,-83,68,-102,57
-51,59,28,80,-83,68,-101,59
-51,62,28,81,-83,68,-101,63
-51,65,28,80,-83,68,-101,65
-51,68,29,78,-83,68,-98,69
-50,71,30,76,-83,68,-98,72
-50,72,31,76,-83,68,-97,75
-50,73,31,78,-83,68,-97,76
-49,75,32,79,-83,68,-97,78
-49,77,33,79,-83,68,-96,80
-47,79,33,79,-83,68,-95,83
-46,80,32,78,-83,68,-93,84
-45,82,32,79,-83,68,-93,85
-45,85,32,81,-83,68,-95,85
-45,86,32,82,-83,68,-96,86
-46,86,32,82,-83,68,-96,89
-46,86,32,81,-83,68,-96,89
-46,86,32,81,-83,68,-96,86
-46,87,31,82,-83,68,-97,87
-46,87,32,83,-83,68,-100,89
-46,87,32,84,-83,68,-98,87
-44,86,33,84,-83,68,-97,87
-44,86,32,84,-83,68,-97,87
-44,86,32,83,-83,68,-95,87
-45,86,31,83,-83,68,-98,86
-45,85,31,83,-83,70,-95,85
-44,83,31,83,-83,72,-95,84
-43,81,31,82,-83,72,-93,83
-43,81,30,82,-83,70,-93,83
-43,82,30,81,-83,68,-93,83
-43,82,30,81,-83,68,-93,83
-43,80,30,81,-83,68,-92,81
-42,78,30,82,-83,68,-92,79
-42,76,30,82,-83,68,-92,78
-42,76,30,81,-83,68,-92,76
-42,76,30,81,-83,68,-92,78
-43,76,30,81,-83,68,-93,78
-44,76,30,82,-83,68,-93,76
-45,75,30,82,-83,68,-95,75
-46,75,30,81,-83,68,-96,75
-45,75,31,81,-83,68,-96,75
-45,75,31,80,-83,68,-95,75
-45,75,32,79,-83,68,-92,78
-45,75,32,79,-83,68,-92,78
-45,75,33,78,-83,68,-93,78
-45,75,34,78,-83,68,-92,78
-45,75,33,78,-83,68,-92,78
-45,75,33,78,-83,69,-92,78
-45,75,33,78,-83,70,-92,78
-45,75,33,78,-83,70,-92,78
-45,75,34,78,-83,70,-92,78
-45,75,33,78,-83,69,-92,78
-45,75,33,77,-84,68,-92,78
-45,75,32,77,-84,68,-92,78
-45,75,32,77,-83,68,-92,78
-45,75,32,76,-82,68,-91,79
-45,75,31,76,-82,68,-91,79
-45,75,31,76,-82,68,-90,78
-45,75,31,76,-83,68,-90,78
-45,75,31,75,-84,68,-91,79
-46,76,30,75,-84,68,-91,79
-47,78,30,75,-83,68,-92,79
-47,79,30,75,-83,68,-92,80
-48,80,30,75,-83,68,-93,80
-47,79,30,75,-83,68,-92,80
-47,79,30,75,-83,68,-92,83
-47,79,31,75,-83,68,-92,83
-47,79,31,76,-83,68,-92,83
-47,79,31,75,-83,68,-92,83
-48,79,30,75,-83,68,-93,83
-47,79,30,75,-83,68,-92,80
-47,79,30,75,-84,68,-92,80
-47,79,30,75,-84,69,-92,80
-48,79,30,75,-83,70,-93,83
-48,79,30,75,-82,70,-93,83
-47,78,30,75,-80,70,-92,79
-45,77,30,75,-79,68,-90,78
-42,77,30,75,-79,68,-87,78
-41,77,30,75,-80,68,-86,78
-40,77,30,75,-81,68,-86,79
-41,77,30,75,-82,68,-86,79
-42,77,30,75,-81,68,-87,78
-43,76,30,75,-79,68,-87,76
-43,76,30,75,-79,68,-89,76
-44,75,30,75,-80,68,-90,76
-45,75,30,75,-82,68,-91,76
-45,75,30,75,-82,68,-91,75
-45,74,30,75,-80,68,-90,74
-43,72,30,75,-79,68,-89,73
-43,71,30,75,-78,68,-89,72
-43,70,30,75,-80,68,-87,72
-43,70,30,75,-82,68,-89,72
-43,71,29,75,-84,68,-89,72
-43,71,30,75,-84,68,-89,72
-43,71,30,75,-84,68,-89,72
-43,71,30,75,-83,68,-89,72
-43,71,29,75,-82,68,-89,72
-43,71,29,75,-82,68,-89,72
-43,71,30,74,-82,68,-89,74
-43,71,31,74,-83,68,-89,74
-43,71,31,73,-84,68,-89,74
-43,71,31,74,-84,68,-89,74
-43,70,30,74,-83,68,-87,74
-43,71,29,75,-84,68,-89,72
-44,72,29,75,-84,68,-90,73
-44,74,29,75,-83,68,-90,74
-44,75,30,75,-82,68,-90,76
-42,76,30,75,-82,68,-87,78
-41,77,30,75,-82,68,-86,79
-41,79,29,75,-82,68,-86,80
-42,80,29,75,-81,68,-90,81
-43,81,28,76,-80,68,-91,83
-43,82,28,76,-80,67,-91,83
-44,83,28,76,-80,66,-92,84
-45,84,28,76,-80,67,-93,85
-45,86,28,76,-81,68,-93,86
-44,86,28,76,-81,68,-92,87
-43,88,29,76,-81,68,-91,89
-42,89,28,76,-80,68,-90,90
-43,91,28,77,-80,68,-91,91
-43,92,27,78,-80,68,-93,93
-43,93,27,79,-80,68,-93,95
-40,94,27,79,-79,68,-91,95
-39,95,28,80,-79,68,-90,96
-39,94,28,79,-79,68,-90,95
-40,94,28,77,-79,68,-89,95
-41,93,28,75,-78,68,-89,95
-41,94,29,75,-79,68,-86,96
-40,96,29,75,-81,67,-86,97
-41,96,29,77,-82,67,-89,97
-42,95,29,78,-82,67,-90,96
-42,93,30,78,-80,66,-90,95
-41,93,31,77,-78,65,-89,97
-40,94,32,77,-79,64,-89,97
-41,93,32,77,-81,65,-89,97
-41,92,32,77,-82,65,-89,95
-40,90,32,77,-82,65,-89,93
-40,89,32,76,-81,64,-89,92
-40,89,31,76,-79,63,-89,92
-41,88,31,76,-79,63,-86,91
-41,87,31,75,-80,63,-86,90
-41,86,31,76,-83,64,-86,90
-41,87,32,77,-84,64,-89,90
-40,88,33,77,-83,63,-89,91
-40,89,32,77,-81,63,-89,92
-40,89,32,77,-80,63,-89,92
-40,89,32,77,-80,64,-89,92
-40,90,33,78,-80,64,-89,93
-40,93,34,78,-79,63,-89,96
-39,94,33,78,-79,62,-87,98
-39,94,32,78,-79,60,-87,98
-39,95,31,78,-80,59,-87,96
-39,97,31,79,-81,58,-86,97
-38,99,32,79,-81,58,-86,102
-37,101,32,79,-81,59,-86,104
-37,102,33,79,-81,59,-85,106
-37,101,33,78,-80,58,-85,104
-37,101,32,79,-79,58,-86,104
-37,101,32,79,-79,58,-86,104
-37,101,32,80,-80,59,-89,104
-37,101,32,80,-81,59,-87,104
-37,101,32,79,-81,58,-86,104
-38,102,33,78,-80,57,-86,106
-37,101,33,78,-79,54,-86,104
-37,100,33,78,-79,54,-85,103
-36,98,33,78,-79,54,-84,101
-35,97,33,78,-79,55,-83,101
-35,97,33,78,-79,55,-84,101
-36,98,33,78,-79,54,-84,102
-36,99,33,78,-80,53,-84,102
-36,98,33,78,-82,54,-84,101
-35,97,33,78,-83,55,-83,101
-35,98,33,78,-83,56,-84,102
-36,100,33,78,-81,55,-85,103
-37,101,33,78,-80,54,-86,104
-38,102,33,78,-79,54,-86,106
-37,101,33,78,-79,55,-85,104
-36,102,33,78,-79,56,-85,106
-36,102,33,78,-79,56,-84,106
-35,103,33,78,-79,57,-83,106
-34,103,33,78,-79,57,-83,106
-33,104,33,78,-80,56,-81,107
-34,105,33,78,-80,56,-83,108
-34,107,33,78,-81,55,-83,111
-34,108,33,78,-81,55,-83,112
-32,110,33,78,-81,56,-81,113
-31,110,33,78,-81,56,-79,114
-30,110,33,78,-80,57,-79,114
-31,110,33,78,-80,57,-79,113
-31,110,33,78,-79,58,-79,113
-31,110,33,78,-79,58,-79,113
-31,110,33,78,-79,58,-79,113
-31,110,33,78,-79,58,-79,113
-31,110,33,78,-79,58,-79,113
-31,110,33,78,-79,58,-79,113
-31,110,33,78,-81,59,-79,113
-31,110,33,78,-83,58,-79,113
-31,110,33,78,-82,58,-79,113
-31,110,33,78,-81,58,-79,113
-31,110,32,79,-81,58,-79,113
-31,110,32,79,-82,58,-79,113
-31,110,32,79,-82,58,-79,113
-30,110,33,78,-81,58,-79,114
-31,110,34,78,-81,59,-79,113
-32,109,34,78,-81,59,-80,113
-34,108,33,79,-82,58,-83,112
-35,108,32,79,-82,58,-84,112
-35,108,31,78,-80,58,-84,108
-36,108,30,76,-79,59,-84,109
-36,108,30,75,-79,60,-83,109
-37,107,31,75,-80,60,-83,111
-37,105,32,76,-81,60,-83,109
-37,103,33,77,-80,61,-85,107
-37,101,33,77,-79,61,-83,104
-37,101,32,77,-79,63,-85,104
-37,101,31,78,-79,64,-85,102
-37,102,30,79,-80,64,-87,103
-37,101,30,79,-81,63,-87,102
-38,101,30,78,-80,63,-86,102
-40,100,30,77,-79,63,-89,101
-41,99,30,77,-81,63,-90,100
-42,99,29,78,-82,63,-90,100
-42,99,29,77,-82,63,-90,100
-41,97,29,76,-81,64,-89,98
-40,96,29,75,-79,65,-85,97
-39,95,31,75,-79,65,-85,98
-39,94,32,77,-80,65,-87,98
-39,95,33,78,-81,65,-87,98
-39,94,34,79,-80,65,-87,98
-39,94,34,79,-80,66,-87,97
-39,93,33,78,-80,68,-86,96
-38,92,32,77,-81,68,-86,96
-37,92,31,75,-81,68,-83,95
-37,91,30,75,-82,67,-83,95
-38,89,29,74,-82,66,-84,90
-39,88,30,75,-83,67,-85,89
-40,86,30,75,-83,68,-86,90
-40,85,30,75,-82,68,-86,89
-39,85,30,75,-82,68,-85,89
-39,84,29,75,-82,68,-84,85
-39,84,30,75,-83,68,-84,85
-40,83,30,75,-84,68,-85,84
-42,82,30,75,-84,68,-87,83
-43,82,29,75,-84,68,-89,83
-44,81,29,75,-83,68,-89,83
-43,81,30,75,-82,68,-89,83
-43,81,31,73,-82,68,-89,85
-43,82,32,72,-83,68,-86,85
-43,81,32,72,-83,68,-86,85
-44,81,31,73,-82,68,-90,84
-46,80,31,73,-82,68,-91,84
-47,79,32,72,-83,68,-90,83
-48,79,33,71,-83,68,-91,81
-47,79,33,70,-83,68,-90,85
-47,80,33,71,-83,68,-90,85
-47,81,33,72,-82,68,-90,84
-48,83,32,72,-82,68,-91,86
-49,84,32,72,-83,68,-92,87
-48,85,31,73,-84,68,-93,89
-47,85,31,74,-84,68,-92,89
-46,86,30,75,-83,68,-91,89
-45,86,29,75,-83,68,-91,86
-45,86,29,74,-83,68,-91,86
-46,86,28,73,-83,68,-91,86
-46,86,29,74,-83,68,-91,86
-44,86,29,74,-83,68,-90,87
-43,88,30,75,-84,68,-89,89
-41,88,30,75,-84,68,-87,91
-40,87,30,75,-83,67,-86,89
-40,86,30,75,-83,66,-86,87
-40,86,30,75,-82,65,-86,86
-39,85,30,75,-82,65,-85,89
-39,84,30,75,-81,65,-85,85
-39,83,30,75,-80,66,-84,85
-39,84,30,75,-80,67,-84,85
-38,85,30,75,-82,67,-84,86
-37,85,30,75,-83,67,-83,86
-38,85,30,75,-84,68,-84,86
-38,84,29,75,-84,67,-84,85
-39,83,30,75,-83,67,-84,85
-39,84,30,75,-83,67,-85,85
-40,85,30,75,-82,68,-85,86
-39,85,29,75,-82,69,-85,86
-39,85,29,75,-82,68,-85,86
-39,84,30,75,-81,67,-85,85
-39,85,30,74,-80,66,-85,89
-41,86,31,73,-80,67,-86,90
-41,88,32,72,-82,68,-85,91
-42,88,32,72,-83,69,-85,92
-41,88,32,72,-84,68,-85,91
-41,88,31,73,-84,67,-87,91
-41,88,29,75,-83,67,-87,89
-41,88,29,75,-83,67,-87,89
-41,88,30,75,-83,66,-87,89
-41,88,31,73,-83,65,-87,91
-41,88,31,73,-83,65,-87,91
-41,88,31,74,-84,67,-87,91
-41,88,30,75,-84,68,-87,89
-41,88,29,75,-83,67,-87,89
-41,88,30,75,-82,67,-86,89
-41,88,30,74,-82,67,-87,91
-41,88,31,73,-82,68,-87,91
-41,88,32,73,-83,67,-85,91
-41,88,32,73,-84,65,-84,91
-41,88,32,73,-84,63,-86,92
-41,88,31,73,-84,63,-87,91
-43,88,31,72,-84,64,-86,91
-44,86,31,71,-83,65,-87,90
-45,85,31,71,-84,65,-87,89
-44,83,31,71,-83,65,-87,86
-43,81,31,71,-84,64,-86,85
-43,81,32,71,-84,64,-86,85
-43,81,33,71,-84,65,-86,85
-43,82,32,70,-84,65,-86,85
-43,81,31,69,-83,65,-84,85
-43,80,29,68,-83,64,-84,84
-42,79,29,68,-82,63,-83,83
-41,78,29,68,-82,63,-81,81
-41,76,30,68,-82,64,-81,80
-42,75,30,68,-82,65,-83,79
-43,74,30,68,-82,65,-84,78
-44,72,29,68,-83,65,-84,76
-44,71,29,68,-84,64,-84,75
-43,71,29,68,-84,64,-84,74
-43,71,29,68,-84,65,-84,74
-43,71,29,68,-83,65,-84,74
-43,71,29,68,-82,65,-84,74
-42,70,29,68,-82,64,-83,73
-43,68,29,68,-83,63,-83,72
-43,67,29,68,-83,64,-84,70
-43,66,29,68,-84,65,-83,70
-42,66,29,68,-84,65,-83,69
-42,65,29,68,-84,65,-83,69
-43,65,29,68,-83,65,-84,68
-45,64,29,68,-82,65,-85,68
-46,64,29,68,-80,64,-86,68
-46,64,30,68,-79,63,-86,68
-45,64,29,68,-80,63,-85,68
-45,64,29,68,-82,65,-85,68
-45,64,29,68,-84,65,-85,68
-46,63,30,68,-84,65,-86,67
-48,62,30,68,-83,65,-89,65
-50,62,29,67,-82,65,-90,65
-50,61,28,67,-81,65,-90,64
-49,61,28,66,-80,64,-90,64
-49,62,28,67,-80,63,-89,65
-49,62,29,67,-80,63,-90,65
-51,61,30,68,-81,64,-91,64
-52,60,30,68,-82,65,-92,63
-53,58,29,68,-82,65,-93,62
-52,56,28,66,-82,65,-92,59
-51,55,27,65,-82,64,-91,58
-51,55,27,65,-81,63,-91,58
-51,55,28,66,-81,63,-91,58
-51,55,28,67,-80,63,-91,58
-51,56,28,67,-80,63,-91,59
-51,55,28,65,-80,64,-91,58
-51,54,29,62,-81,63,-89,57
-51,51,29,61,-80,63,-86,54
-51,50,30,61,-79,63,-86,56
-50,50,30,61,-79,63,-85,56
-49,50,31,62,-79,63,-85,57
-49,51,30,62,-80,63,-86,54
-49,51,30,63,-81,63,-86,54
-49,51,30,64,-80,64,-86,54
-49,50,31,64,-79,65,-87,54
-49,51,30,64,-79,65,-87,54
-49,51,30,64,-79,65,-86,54
-49,50,29,65,-79,64,-87,54
-49,50,28,66,-79,63,-89,53
-49,51,28,67,-79,63,-89,54
-50,52,28,67,-79,63,-90,56
-51,54,29,66,-79,63,-91,57
-51,55,31,64,-79,63,-89,58
-51,54,31,62,-79,63,-86,61
-50,54,29,62,-80,63,-87,57
-49,55,27,63,-81,63,-86,58
-48,56,25,64,-82,63,-89,57
-48,57,26,65,-81,63,-89,58
-49,57,27,66,-80,63,-89,58
-48,57,28,66,-80,63,-89,59
-48,55,27,65,-81,63,-87,58
-47,53,26,65,-82,63,-87,54
-46,52,26,65,-81,63,-86,53
-46,52,26,64,-80,63,-86,53
-45,53,26,64,-79,63,-85,53
-45,53,26,65,-79,63,-85,54
-44,54,26,65,-79,63,-85,54
-45,53,26,65,-79,63,-85,54
-46,52,26,64,-79,63,-86,53
-48,51,27,63,-79,63,-86,54
-49,51,27,63,-80,63,-87,54
-49,50,27,63,-81,63,-87,54
-48,50,26,64,-82,63,-89,51
-47,48,25,65,-81,63,-87,48
-46,46,26,65,-80,63,-86,47
-48,46,27,63,-79,63,-85,50
-50,45,28,62,-80,63,-87,48
-51,44,29,61,-80,63,-86,48
-51,43,29,61,-81,63,-86,46
-50,41,29,61,-81,63,-85,45
-49,40,29,61,-81,63,-84,43
-48,40,29,61,-82,63,-83,43
-48,40,29,61,-81,63,-84,43
-49,40,29,61,-80,63,-84,43
-50,39,29,61,-79,63,-85,42
-52,39,29,61,-79,63,-86,42
-52,38,29,61,-79,63,-86,41
-51,38,29,61,-79,63,-86,42
-51,39,29,61,-79,63,-86,42
-50,39,28,60,-79,63,-85,42
-51,39,28,60,-80,63,-86,42
-51,39,28,59,-81,63,-86,42
-51,39,28,59,-82,63,-86,42
-50,39,28,60,-83,63,-85,42
-49,40,28,60,-84,63,-84,43
-49,41,29,61,-83,63,-84,45
-50,42,29,61,-80,63,-85,45
-50,43,28,60,-79,63,-85,46
-51,43,28,59,-80,63,-86,47
-51,44,28,60,-83,63,-86,47
-51,44,29,61,-84,63,-86,48
-50,45,29,61,-84,63,-85,48
-48,46,29,61,-82,63,-83,50
-47,46,29,61,-80,63,-81,50
-46,46,29,61,-81,63,-81,50
-46,46,29,61,-82,63,-81,50
-47,46,28,62,-82,63,-84,50
-47,46,28,62,-81,63,-84,50
-47,46,28,62,-79,63,-85,50
-47,46,28,62,-79,63,-84,50
-46,46,27,63,-80,63,-84,50
-46,45,26,64,-81,63,-86,46
-46,44,26,65,-81,63,-85,45
-46,44,25,65,-79,63,-85,45
-46,44,26,65,-79,63,-86,46
-46,46,26,64,-79,63,-86,47
-46,46,27,63,-79,63,-84,50
-46,45,28,62,-79,63,-84,48
-47,44,28,62,-79,63,-85,48
-48,44,28,62,-79,63,-86,47
-48,44,28,61,-80,63,-86,47
-48,44,28,61,-81,63,-85,47
-47,43,28,62,-80,63,-84,47
-46,42,28,62,-79,63,-84,46
-47,41,28,62,-79,63,-85,45
-47,41,29,61,-79,63,-83,45
-47,42,29,61,-79,63,-81,46
-46,44,29,61,-79,63,-80,47
-45,45,29,61,-79,63,-80,48
-46,46,29,61,-79,63,-81,50
-47,46,29,61,-79,63,-81,50
-47,46,29,61,-79,63,-83,50
-47,46,28,60,-79,63,-81,50
-46,46,28,59,-79,63,-81,50
-47,47,28,60,-79,63,-81,51
-47,48,29,61,-79,63,-83,51
-48,48,29,61,-79,63,-83,51
-48,47,29,61,-79,63,-83,51
-47,47,29,61,-79,63,-83,51
-46,48,29,61,-79,63,-81,52
-45,50,29,61,-79,63,-80,54
-44,52,29,61,-79,63,-80,56
-44,52,29,61,-79,63,-79,56
-44,52,29,61,-79,63,-79,56
-45,53,29,61,-79,63,-80,56
-45,53,29,61,-79,63,-80,57
-45,53,29,61,-79,63,-80,57
-45,53,29,61,-79,63,-80,57
-45,53,29,61,-79,63,-80,57
-45,53,29,61,-79,63,-80,57
-45,53,29,61,-81,63,-80,57
-45,53,29,61,-83,63,-80,57
-45,53,29,61,-82,63,-80,57
-45,53,29,61,-81,63,-80,57
-45,53,29,61,-80,63,-80,57
-45,53,29,61,-80,63,-80,57
-45,53,29,61,-80,63,-80,57
-45,53,29,61,-80,63,-80,57
-45,53,29,61,-80,63,-80,57
-45,53,29,61,-80,63,-80,57
-45,53,29,61,-80,63,-80,57
-45,53,29,61,-81,63,-80,57
-45,53,29,61,-82,63,-80,57
-45,53,29,61,-82,63,-80,57
-45,53,29,61,-82,63,-80,57
-45,54,29,61,-81,63,-80,57
-45,53,29,61,-80,63,-80,57
-44,52,29,61,-80,63,-79,56
-43,50,29,61,-81,63,-78,53
-42,49,29,61,-80,63,-78,52
-42,48,29,61,-79,63,-78,52
-42,49,29,61,-79,63,-78,52
-42,49,28,60,-79,63,-78,52
-42,49,28,59,-79,63,-78,52
-42,49,28,59,-79,63,-78,52
-42,49,27,59,-79,63,-78,52
-42,49,28,59,-79,63,-78,52
-42,49,28,59,-79,63,-78,52
-42,49,28,60,-79,63,-78,52
-42,49,28,60,-79,63,-78,52
-42,49,28,60,-79,63,-78,52
-43,49,28,61,-79,63,-78,53
-43,50,29,60,-80,63,-78,53
-43,50,28,59,-81,63,-79,53
-43,50,27,59,-80,63,-78,53
-43,50,27,59,-79,63,-79,54
-44,52,28,60,-79,63,-79,56
-45,53,28,59,-79,63,-80,57
-45,54,28,57,-79,62,-78,57
-45,53,28,56,-79,61,-78,57
-45,53,29,56,-79,62,-78,59
-45,53,29,56,-79,63,-78,59
-45,53,29,56,-79,63,-78,59
-44,54,28,55,-79,63,-78,59
-45,53,27,56,-79,63,-78,57
-46,53,27,56,-79,63,-79,56
-48,51,27,56,-79,63,-80,54
-49,51,28,55,-79,63,-81,57
-50,51,29,54,-79,63,-80,57
-49,51,29,54,-79,62,-80,57
-49,51,29,54,-79,61,-79,57
-49,50,29,54,-79,62,-79,57
-48,50,29,54,-79,63,-79,56
-48,49,29,54,-79,63,-79,56
-48,49,29,54,-79,63,-79,56
-48,49,29,54,-79,63,-79,54
-47,48,29,54,-79,63,-78,54
-47,48,29,54,-79,63,-78,54
-47,48,29,54,-79,63,-78,53
-47,48,29,54,-79,63,-78,53
-47,47,29,54,-79,63,-78,53
-46,46,29,54,-79,63,-76,52
-46,45,29,54,-79,62,-76,51
-45,43,29,54,-79,61,-75,50
-44,42,29,54,-79,61,-74,48
-44,42,29,54,-79,63,-74,48
-44,42,29,54,-79,64,-74,48
-44,42,29,54,-79,63,-74,48
-44,42,29,54,-79,61,-74,48
-44,42,29,54,-79,60,-74,48
-45,42,29,54,-79,60,-75,48
-44,42,29,54,-79,61,-74,48
-45,43,29,54,-79,63,-75,50
-45,44,29,54,-79,64,-75,50
-46,45,29,54,-79,63,-76,51
-47,45,29,54,-79,63,-78,51
-46,46,29,54,-79,63,-76,52
-45,47,29,54,-79,63,-75,53
-43,48,29,54,-79,63,-74,54
-43,49,29,54,-79,63,-73,54
-43,50,29,54,-79,63,-73,56
-44,52,29,54,-79,63,-74,58
-43,54,29,54,-79,62,-74,59
-42,55,31,55,-79,61,-75,61
-41,55,32,56,-79,62,-74,61
-40,55,31,56,-79,63,-73,62
-39,57,31,55,-80,64,-70,64
-39,60,31,55,-81,64,-72,65
-39,62,31,55,-80,63,-69,68
-38,63,32,56,-79,63,-72,69
-38,62,32,56,-79,63,-72,68
-39,62,32,57,-79,63,-72,68
-39,62,32,57,-79,63,-72,68
-39,62,32,57,-79,63,-72,68
-38,62,32,56,-79,63,-72,68
-37,61,32,56,-79,63,-70,67
-37,59,31,56,-79,63,-70,65
-37,59,30,55,-79,63,-68,65
-38,59,29,54,-79,63,-68,65
-39,58,29,54,-79,63,-69,64
-39,57,30,54,-79,63,-69,63
-39,56,31,55,-79,63,-73,62
-40,55,30,55,-79,63,-73,62
-40,55,29,54,-79,63,-70,61
-41,55,29,54,-79,63,-72,62
-40,56,29,54,-79,63,-70,62
-40,55,29,54,-79,63,-70,62
-41,55,29,55,-79,63,-74,61
-42,54,29,54,-79,63,-72,61
-42,54,30,53,-79,63,-73,61
-42,54,30,50,-79,63,-69,61
-41,55,31,49,-79,63,-69,63
-41,55,32,49,-79,63,-69,63
-42,54,32,50,-79,63,-69,63
-42,54,32,50,-79,63,-69,63
-42,54,32,51,-79,63,-70,63
-43,54,32,51,-79,63,-72,62
-45,53,32,50,-79,63,-73,62
-45,53,31,49,-79,62,-73,61
-45,53,30,48,-79,61,-70,59
-45,53,29,48,-79,62,-73,59
-45,53,30,48,-79,63,-73,59
-45,53,31,49,-79,63,-73,62
-45,53,32,50,-79,63,-73,62
-44,52,32,50,-79,63,-72,61
-44,51,32,50,-79,63,-72,59
-43,50,31,52,-79,63,-72,57
-43,50,30,53,-79,63,-74,56
-43,49,30,53,-79,63,-73,54
-42,49,30,53,-79,63,-73,54
-41,49,31,52,-79,63,-69,56
-41,50,32,51,-79,63,-69,58
-41,50,32,50,-79,63,-69,58
-42,49,32,49,-79,63,-70,57
-43,49,31,49,-79,63,-70,57
-43,49,31,50,-79,63,-70,57
-42,49,32,50,-79,63,-70,57
-42,49,32,50,-79,63,-70,57
-42,49,32,50,-79,63,-70,57
-43,49,32,50,-79,63,-70,57
-42,49,32,50,-79,63,-70,57
-42,49,32,50,-79,63,-70,57
-43,49,32,49,-79,63,-70,58
-42,49,30,48,-79,63,-68,54
-41,47,29,47,-79,63,-67,53
-41,46,28,46,-79,63,-67,52
-41,46,29,47,-79,64,-67,52
-42,48,29,47,-79,63,-67,54
-42,49,29,47,-79,61,-68,54
-42,48,29,47,-79,60,-68,54
-41,46,28,47,-79,60,-67,52
-40,44,28,47,-79,62,-65,51
-40,44,28,47,-79,63,-65,51
-40,44,29,46,-79,62,-65,51
-40,45,30,46,-79,61,-65,53
-40,44,30,46,-79,59,-65,53
-40,44,30,46,-79,59,-65,53
-40,45,30,46,-79,60,-65,53
-41,46,31,45,-79,61,-64,54
-42,48,32,43,-79,61,-64,57
-42,49,32,43,-79,61,-65,57
-43,49,32,43,-79,61,-65,58
-42,49,31,45,-79,61,-65,58
-42,49,30,46,-79,61,-68,57
-42,49,30,46,-79,60,-68,57
-42,49,30,46,-79,60,-68,57
-42,49,30,46,-79,58,-68,56
-42,49,29,47,-79,58,-68,54
-42,49,28,47,-79,58,-68,54
-42,49,28,47,-79,58,-68,54
-42,49,29,47,-79,58,-68,54
-42,49,30,48,-79,58,-70,54
-43,49,31,49,-79,58,-70,57
-42,49,31,49,-79,58,-70,57
-42,49,30,48,-79,58,-70,54
-42,49,30,48,-79,58,-68,54
-43,49,31,49,-79,58,-70,57
-43,49,31,49,-79,58,-70,57
-42,49,32,50,-79,60,-70,57
-41,49,32,50,-79,62,-69,58
-40,49,31,49,-79,62,-68,58
-40,50,30,48,-79,60,-65,57
-40,52,29,47,-79,58,-65,58
-40,54,30,48,-79,58,-65,61
-40,55,31,49,-79,58,-68,64
-40,56,32,50,-79,58,-68,64
-40,56,33,50,-79,58,-68,64
-40,55,32,50,-79,58,-68,64
-40,55,32,50,-79,58,-68,64
-40,55,32,50,-79,58,-68,64
-40,55,32,50,-79,58,-68,64
-39,56,32,50,-79,58,-67,65
-39,56,32,50,-79,58,-67,65
-39,56,31,49,-79,58,-67,64
-39,56,30,49,-79,58,-67,63
-38,57,31,49,-79,58,-65,65
-36,58,32,49,-79,58,-64,67
-36,59,32,50,-79,58,-64,68
-37,59,33,51,-79,58,-65,68
-37,59,32,50,-79,58,-65,68
-36,58,32,49,-79,58,-64,67
-36,57,31,47,-79,58,-62,67
-36,57,31,46,-79,58,-62,67
-36,58,31,47,-79,58,-61,67
-36,58,30,47,-79,58,-62,64
-37,57,29,47,-79,59,-63,63
-39,56,29,47,-79,60,-64,62
-40,55,30,48,-79,60,-65,62
-41,55,30,48,-79,60,-67,62
-40,55,30,48,-79,59,-65,62
-40,55,29,48,-79,59,-65,62
-41,55,30,48,-79,59,-67,62
-42,55,30,48,-79,60,-67,61
-42,55,30,48,-79,61,-67,61
-41,54,29,47,-79,61,-67,61
-42,53,29,47,-79,61,-67,59
-43,52,29,47,-79,60,-68,58
-44,52,29,47,-79,59,-69,58
-43,53,29,47,-79,59,-69,59
-42,55,29,47,-79,59,-67,61
-40,56,29,46,-79,60,-65,62
-40,55,30,46,-79,61,-65,64
-42,54,30,46,-79,61,-67,63
-42,54,29,46,-79,61,-68,61
-42,55,29,46,-79,60,-68,61
-41,55,29,46,-79,60,-67,62
-40,55,30,46,-79,61,-65,64
-40,56,30,46,-79,63,-65,64
-40,56,29,46,-79,64,-65,62
-41,55,28,47,-79,63,-67,62
-40,55,28,47,-79,61,-65,62
-40,55,29,47,-79,59,-65,62
-40,56,29,47,-79,58,-65,62
-41,56,29,47,-79,59,-67,63
-42,57,28,47,-79,61,-68,63
-42,58,29,47,-79,61,-67,64
-40,58,29,47,-79,60,-65,64
-38,58,29,47,-79,60,-63,64
-36,58,29,47,-79,60,-62,64
-36,58,29,47,-79,61,-61,64
-36,57,29,47,-79,61,-62,64
-36,58,29,47,-79,60,-62,64
-36,58,29,47,-79,59,-62,64
-36,58,29,47,-79,59,-62,64
-36,57,29,47,-79,60,-62,64
-36,57,29,47,-79,60,-62,64
-36,57,29,47,-79,59,-62,64
-36,57,28,47,-79,58,-62,64
-36,57,29,47,-79,58,-62,64
-36,58,29,47,-79,58,-62,64
-36,58,28,47,-79,59,-62,64
-37,57,28,47,-79,60,-63,63
-39,56,28,47,-79,60,-64,62
-40,55,29,46,-79,60,-65,62
-41,55,29,46,-79,60,-67,62
-41,57,30,46,-79,59,-67,65
-42,58,30,46,-79,59,-68,67
-43,60,30,45,-79,60,-68,68
-43,60,31,45,-79,62,-67,69
-43,60,31,45,-79,63,-65,68
-43,59,30,46,-79,62,-68,68
-43,60,29,46,-79,61,-68,65
-42,60,29,46,-79,60,-68,67
-41,61,30,46,-79,59,-67,69
-40,61,31,45,-79,59,-63,69
-39,61,31,44,-79,59,-63,70
-39,63,32,43,-79,60,-63,72
-40,65,32,43,-79,61,-63,74
-40,66,32,43,-79,62,-64,75
-41,67,32,44,-79,60,-64,75
-41,66,32,44,-79,58,-64,75
-40,66,32,43,-79,57,-63,75
-39,67,32,43,-79,58,-63,75
-39,67,32,43,-79,60,-63,75
-39,67,32,44,-79,61,-63,75
-39,67,33,44,-79,61,-62,76
-38,69,33,45,-79,61,-62,78
-37,70,33,45,-79,60,-61,79
-37,71,33,45,-79,60,-61,80
-38,72,34,45,-79,59,-62,81
-39,73,34,45,-79,59,-62,84
-39,73,34,45,-79,60,-63,84
-39,73,33,44,-79,62,-62,81
-38,72,32,43,-79,63,-62,80
-37,70,32,43,-79,62,-61,79
-36,68,32,43,-79,60,-59,78
-35,69,32,43,-79,58,-58,78
-33,70,32,43,-79,58,-57,79
-32,71,32,43,-79,60,-56,80
-32,71,32,43,-79,60,-56,80
-32,71,32,43,-79,59,-56,80
-32,71,32,43,-79,59,-56,80
-32,71,32,43,-79,60,-56,80
-32,71,32,43,-79,62,-56,79
-33,70,32,43,-79,63,-57,79
-33,70,32,43,-79,62,-57,79
-33,70,32,43,-79,60,-57,79
-33,70,32,43,-79,60,-56,79
-33,70,32,43,-79,61,-57,79
-34,69,32,43,-79,61,-58,78
-35,69,32,43,-79,62,-58,78
-35,69,32,43,-79,62,-58,78
-35,69,32,43,-79,63,-58,78
-36,69,32,43,-79,62,-59,78
-37,68,32,43,-79,60,-61,78
-36,68,32,43,-79,58,-59,78
-36,68,32,43,-79,59,-59,78
-36,68,32,43,-79,61,-59,78
-36,69,32,43,-79,61,-59,78
-37,68,32,43,-79,61,-61,78
-36,68,32,43,-79,60,-59,78
-36,68,32,43,-79,60,-59,76
-35,67,32,43,-79,60,-58,75
-35,66,32,43,-79,60,-58,75
-35,67,32,43,-79,58,-58,75
-36,68,32,43,-79,58,-59,76
-36,68,32,43,-79,58,-59,78
-37,68,32,43,-79,60,-61,78
-37,68,32,43,-79,61,-61,78
-36,68,32,43,-79,61,-59,78
-35,69,32,43,-79,61,-58,78
-34,70,32,43,-79,61,-57,79
-33,70,32,43,-79,62,-57,79
-33,70,32,43,-79,63,-57,79
-33,70,32,43,-79,63,-57,79
-32,71,32,43,-79,62,-56,79
-32,71,32,43,-79,61,-56,80
-32,71,32,44,-79,60,-56,80
-32,71,32,43,-79,61,-56,80
-32,71,32,43,-79,62,-56,80
-32,71,33,43,-79,63,-53,81
-33,70,34,42,-79,63,-54,81
-33,70,33,43,-79,61,-54,81
-33,70,32,43,-79,60,-57,79
-32,71,31,43,-79,60,-56,79
-33,70,31,42,-79,60,-57,79
-34,70,31,43,-79,59,-57,79
-35,69,32,43,-79,59,-58,78
-34,70,32,43,-79,60,-57,79
-33,70,32,44,-79,60,-57,79
-32,71,32,43,-79,59,-56,80
-32,71,32,43,-79,59,-56,80
-32,71,32,43,-79,59,-56,80
-32,71,32,43,-79,60,-56,80
-32,70,32,43,-79,61,-56,79
-33,70,32,43,-79,61,-57,79
-34,72,32,43,-79,61,-58,80
-35,73,32,43,-79,61,-58,81
-35,73,31,43,-79,59,-58,81
-36,72,31,42,-79,58,-59,81
-38,72,31,43,-79,58,-62,80
-39,72,32,43,-79,58,-62,81
-39,73,32,43,-79,60,-62,81
-38,74,32,43,-79,60,-61,83
-37,74,32,43,-79,60,-61,83
-37,74,32,43,-79,59,-61,83
-37,74,32,43,-79,58,-61,83
-37,74,32,43,-79,58,-61,83
-37,74,32,43,-79,58,-61,83
-37,74,32,43,-79,58,-61,83
-36,74,32,43,-79,58,-59,83
-35,74,32,43,-79,59,-58,83
-34,73,32,43,-79,61,-57,81
-34,72,32,43,-79,61,-57,81
-34,71,32,43,-79,61,-57,80
-33,70,32,43,-79,59,-57,79
-32,71,32,43,-79,58,-56,79
-32,71,32,43,-79,58,-56,80
-32,71,32,43,-79,58,-56,80
-32,71,32,43,-79,60,-56,80
-32,71,32,43,-79,60,-56,79
-32,71,32,43,-79,60,-56,79
-32,71,32,43,-79,59,-56,80
-32,71,32,43,-79,58,-56,80
-32,70,32,43,-79,58,-56,79
-32,70,32,43,-79,58,-54,79
-31,69,32,43,-79,58,-54,78
-32,69,32,43,-79,58,-54,78
-32,71,32,43,-79,58,-56,79
-32,72,32,43,-79,58,-56,80
-32,71,32,43,-79,58,-56,80
-32,70,32,43,-79,58,-54,79
-31,68,32,43,-79,58,-54,76
-30,66,32,43,-79,58,-53,75
-30,66,32,43,-79,58,-53,75
-30,66,32,43,-79,58,-53,75
-30,67,32,43,-79,58,-53,75
-30,67,31,42,-79,58,-53,75
-30,67,30,41,-79,58,-51,75
-30,66,30,42,-79,58,-53,75
-30,66,31,43,-79,58,-53,75
-30,66,32,43,-79,58,-53,75
-30,66,34,42,-79,58,-51,78
-30,66,34,41,-79,58,-51,78
-30,66,34,41,-79,58,-51,78
-30,66,33,42,-79,58,-51,78
-30,66,33,42,-79,58,-51,78
-30,66,34,41,-79,58,-51,78
-30,66,35,40,-79,58,-51,78
-30,66,35,41,-79,58,-51,78
-29,67,34,41,-79,58,-51,78
-30,66,34,41,-79,58,-51,78
-31,66,35,41,-79,58,-52,78
-33,65,35,41,-79,58,-53,76
-34,64,34,41,-79,58,-54,75
-34,64,35,41,-79,59,-56,75
-34,64,35,40,-79,59,-56,75
-34,64,34,41,-79,60,-54,75
-34,64,34,41,-78,60,-56,75
-34,64,34,41,-77,60,-56,75
-34,64,35,40,-78,60,-54,75
-34,64,36,39,-79,59,-52,75
-34,64,36,40,-79,58,-53,75
-36,63,35,41,-79,58,-57,74
-37,62,33,43,-79,58,-61,72
-37,62,31,42,-79,59,-61,72
-36,63,31,40,-79,61,-57,72
-34,64,31,40,-79,61,-56,73
-34,64,32,41,-79,61,-54,73
-34,64,32,41,-78,61,-54,73
-34,64,31,40,-77,60,-56,73
-34,64,31,38,-78,60,-56,73
-34,64,31,37,-79,60,-53,73
-34,64,31,38,-79,60,-52,73
-34,64,31,38,-79,60,-52,73
-34,65,31,38,-79,59,-52,74
-35,65,32,37,-79,58,-53,76
-36,67,32,36,-79,58,-54,79
-36,68,32,36,-79,58,-54,80
-36,69,32,37,-79,58,-54,80
-36,69,33,38,-79,58,-54,80
-36,69,33,38,-79,58,-54,80
-36,69,33,37,-79,58,-54,80
-36,68,32,37,-79,58,-54,80
-36,67,32,36,-79,58,-54,79
-35,65,32,36,-79,58,-53,76
-34,65,32,36,-79,58,-52,76
-34,64,32,37,-79,58,-52,75
-34,64,32,36,-79,58,-52,75
-34,65,32,36,-79,58,-52,76
-34,65,32,36,-79,59,-52,76
-34,65,32,37,-79,61,-52,76
-34,64,32,37,-79,61,-52,75
-34,64,32,36,-79,61,-52,75
-34,64,33,35,-79,60,-50,75
-34,64,34,34,-79,58,-50,75
-34,64,34,34,-79,58,-50,75
-34,64,33,35,-79,58,-50,75
-34,65,32,36,-79,59,-52,76
-34,65,32,38,-79,60,-52,76
-34,65,33,38,-79,60,-52,76
-34,64,34,38,-79,59,-52,75
-34,64,34,38,-79,58,-52,75
-34,65,34,38,-79,58,-52,76
-35,65,33,38,-79,59,-53,76
-35,66,34,38,-79,60,-53,78
-35,67,35,39,-79,60,-53,78
-36,68,35,39,-79,59,-54,79
-36,68,36,40,-79,58,-54,80
-37,68,36,40,-79,58,-56,80
-37,68,36,40,-79,58,-56,80
-36,68,35,39,-79,58,-54,80
-35,69,35,39,-79,58,-53,80
-34,70,34,38,-79,58,-52,81
-34,70,34,38,-79,58,-52,81
-35,70,34,38,-79,58,-53,81
-35,69,33,38,-79,58,-53,80
-35,69,33,37,-79,58,-53,80
-33,69,32,37,-79,58,-51,81
-32,69,33,37,-79,58,-51,80
-32,68,33,38,-79,58,-50,79
-32,66,33,37,-79,58,-50,78
-31,67,32,37,-79,58,-50,78
-31,68,32,37,-79,58,-50,79
-31,68,32,37,-79,58,-50,79
-32,67,33,38,-79,58,-50,79
-32,66,34,39,-79,58,-50,78
-31,66,35,40,-79,58,-50,78
-31,67,34,41,-79,58,-52,79
-32,68,33,40,-79,58,-52,79
-34,68,32,39,-79,58,-52,79
-36,68,32,38,-79,58,-54,79
-36,68,33,37,-79,58,-54,79
-37,68,33,37,-79,58,-56,80
-36,69,33,37,-79,58,-54,80
-36,68,33,38,-79,58,-54,80
-36,68,33,38,-79,58,-54,80
-36,68,33,38,-79,58,-54,80
-36,69,32,37,-79,58,-54,80
-36,68,32,36,-79,58,-54,80
-36,68,32,36,-79,58,-54,80
-36,68,32,36,-79,58,-54,80
-36,68,33,38,-79,58,-54,80
-36,68,35,39,-79,58,-54,80
-37,68,35,39,-79,58,-56,79
-36,69,35,39,-79,58,-54,80
-35,69,34,39,-79,58,-53,80
-33,70,34,39,-79,58,-52,81
-33,70,35,39,-79,58,-52,81
-35,69,36,40,-79,58,-53,80
-36,69,36,40,-79,58,-54,80
-36,69,36,40,-79,58,-54,80
-33,69,35,39,-79,58,-51,80
-31,69,34,39,-79,58,-50,80
-30,69,33,38,-79,58,-48,80
-31,69,33,37,-79,58,-50,80
-31,68,33,38,-79,58,-50,80
-31,68,33,37,-79,58,-50,79
-30,67,32,37,-79,58,-48,78
-30,66,32,36,-79,58,-48,78
-30,66,32,36,-79,58,-48,78
-30,67,32,36,-79,58,-48,78
-30,67,32,36,-79,58,-48,78
-30,67,32,36,-79,58,-48,78
-30,66,32,36,-79,58,-48,78
-30,66,32,36,-79,58,-48,78
-30,66,32,36,-79,58,-48,78
-30,66,32,36,-79,58,-48,78
-30,66,32,36,-79,58,-48,78
-30,66,32,36,-79,58,-48,78
-30,66,32,36,-79,58,-48,78
-30,66,32,36,-79,58,-48,78
-30,66,32,36,-79,58,-48,78
-29,67,32,36,-79,58,-48,78
-30,66,32,36,-79,58,-48,78
-31,66,32,36,-79,58,-50,78
-33,65,32,36,-79,58,-51,76
-34,64,32,36,-79,58,-52,75
-34,64,32,36,-79,58,-53,75
-34,64,32,36,-79,58,-53,75
-34,64,32,36,-79,58,-52,75
-34,64,32,36,-79,58,-52,75
-34,64,32,36,-79,58,-52,75
-34,64,32,36,-79,58,-53,75
-34,64,32,36,-79,58,-52,75
-34,64,32,36,-79,58,-52,75
-34,64,32,36,-79,58,-53,75
-34,65,32,36,-79,58,-52,76
-34,65,32,36,-79,58,-52,76
-34,64,32,36,-79,58,-52,75
-34,64,32,37,-79,58,-53,75
-34,64,33,37,-79,58,-53,75
-34,65,33,38,-79,58,-53,76
-33,66,33,37,-79,58,-52,78
-32,68,32,37,-79,58,-51,79
-31,68,32,36,-79,58,-50,79
-30,67,32,36,-79,58,-48,79
-30,66,32,36,-79,58,-48,78
-30,66,32,36,-79,58,-48,78
-30,66,32,36,-79,58,-48,78
-30,67,32,36,-79,58,-48,78
-30,67,32,36,-79,58,-48,78
-30,66,32,36,-79,58,-48,78
-30,66,32,36,-79,58,-48,78
-28,67,32,36,-79,58,-47,79
-26,68,32,36,-79,58,-45,80
-26,68,32,37,-79,58,-45,80
-26,68,32,36,-79,58,-45,80
-27,68,32,36,-79,58,-46,79
-27,68,32,36,-79,58,-45,80
-26,69,32,37,-79,58,-45,80
-25,69,32,37,-79,58,-43,80
-26,68,32,36,-79,58,-45,80
-28,67,32,36,-79,58,-47,79
-30,66,33,35,-79,58,-46,78
-31,66,34,34,-79,58,-47,78
-30,68,34,34,-79,58,-46,79
-30,70,35,33,-79,58,-43,84
-30,72,35,33,-79,58,-43,85
-31,72,34,34,-79,58,-47,84
-32,71,33,36,-79,58,-48,83
-32,71,32,37,-79,58,-51,83
-31,72,32,37,-79,58,-50,83
-30,72,32,37,-79,58,-48,84
-31,72,32,37,-79,58,-50,83
-31,70,32,37,-79,58,-50,81
-31,69,32,36,-79,58,-50,80
-31,68,33,36,-79,58,-47,79
-30,67,33,35,-79,58,-46,79
-30,67,33,36,-79,58,-48,79
-30,68,32,36,-79,58,-48,80
-31,69,32,37,-79,58,-50,80
-32,69,32,37,-79,58,-50,81
-32,69,32,37,-79,58,-50,81
-32,70,33,38,-79,58,-51,81
-32,71,33,38,-79,58,-51,83
-32,71,32,37,-79,58,-51,83
-32,69,32,37,-79,58,-50,81
-30,68,33,37,-79,58,-48,79
-30,68,34,39,-79,58,-48,79
-31,69,36,40,-79,58,-50,80
-32,71,35,39,-79,58,-51,83
-33,71,34,39,-79,58,-51,83
-32,71,33,38,-79,58,-51,83
-31,71,32,37,-79,58,-50,83
-29,72,32,37,-79,58,-47,84
-28,73,33,37,-79,58,-46,85
-27,73,33,38,-79,58,-46,85
-28,73,33,37,-79,58,-46,85
-28,73,32,37,-79,58,-46,85
-28,74,32,36,-79,58,-47,85
-29,75,32,36,-79,58,-47,86
-29,76,32,36,-79,58,-48,87
-29,77,32,36,-79,58,-48,89
-30,77,32,36,-79,58,-48,89
-31,77,32,36,-79,58,-50,89
-31,76,32,36,-79,58,-50,87
-31,75,32,36,-79,58,-50,87
-31,75,32,36,-79,58,-50,86
-31,75,32,36,-79,58,-50,86
-32,74,32,36,-79,58,-50,86
-32,73,32,36,-79,58,-50,85
-30,72,32,36,-79,58,-48,84
-30,72,32,36,-79,58,-48,84
-31,73,32,36,-79,58,-50,84
-32,73,32,36,-79,58,-51,85
-33,73,32,36,-79,58,-52,85
-33,73,32,36,-79,58,-52,84
-33,72,32,36,-79,58,-51,84
-32,71,32,36,-79,58,-51,83
-32,71,32,36,-79,58,-51,83
-32,71,32,36,-79,58,-51,83
-32,71,32,36,-79,58,-51,83
-32,71,32,36,-79,58,-51,83
-32,71,32,36,-79,58,-51,83
-32,71,32,36,-79,58,-51,83
-32,71,32,36,-79,58,-51,83
-32,71,32,37,-79,58,-51,83
-32,71,33,37,-79,58,-51,83
-32,71,33,38,-79,58,-51,83
-32,71,33,37,-79,58,-51,83
-32,71,32,37,-79,58,-51,83
-32,71,32,36,-79,58,-51,83
-32,71,32,36,-79,58,-51,83
-32,71,32,36,-79,58,-51,83
-32,71,32,37,-79,58,-51,83
-32,70,32,37,-79,58,-51,81
-32,69,32,37,-79,58,-50,81
-31,69,32,36,-79,58,-50,80
-30,70,32,36,-79,58,-48,81
-29,70,32,37,-79,58,-48,81
-29,71,30,38,-79,58,-48,80
-30,72,30,39,-79,58,-51,80
-30,72,30,39,-79,58,-51,81
-30,72,30,38,-79,58,-48,81
-30,72,30,38,-79,58,-48,81
-29,73,30,39,-79,58,-51,81
-29,72,30,39,-79,58,-50,81
-28,71,30,38,-79,58,-47,80
-27,69,32,37,-79,58,-46,81
-26,68,32,36,-79,58,-45,80
-27,69,32,36,-79,58,-45,80
-28,70,32,37,-79,58,-46,81
-28,71,32,37,-79,58,-47,83
-29,71,32,37,-79,58,-47,83
-30,72,32,37,-79,58,-48,83
-31,72,33,37,-79,58,-50,83
-31,72,33,38,-79,58,-50,84
-30,72,33,37,-79,58,-48,84
-28,72,32,37,-79,58,-47,84
-28,73,32,36,-79,58,-46,85
-28,73,32,36,-79,58,-46,85
-28,73,32,36,-79,58,-46,85
-29,72,32,37,-79,58,-47,84
-29,72,33,37,-79,58,-48,84
-29,72,33,38,-79,58,-48,84
-29,72,33,37,-79,58,-48,84
-29,73,33,38,-79,58,-47,84
-28,72,34,39,-79,58,-47,84
-29,72,36,40,-79,58,-48,84
-31,72,36,40,-79,58,-50,83
-32,71,36,40,-79,58,-51,83
-33,72,36,40,-79,58,-52,84
-33,72,36,40,-79,58,-52,84
-32,72,36,40,-79,58,-51,84
-32,72,36,40,-79,58,-51,83
-33,72,35,40,-79,58,-51,84
-34,73,35,39,-79,58,-52,85
-34,74,33,37,-79,58,-52,85
-33,73,32,36,-79,58,-52,84
-33,72,32,36,-79,58,-52,84
-33,72,32,37,-79,58,-51,84
-33,72,32,36,-79,58,-51,84
-32,71,33,35,-79,58,-48,83
-32,71,34,34,-79,58,-48,83
-32,71,34,34,-79,58,-48,83
-32,71,34,35,-79,58,-48,83
-32,71,33,36,-79,58,-48,83
-32,71,32,35,-79,58,-48,83
-32,71,31,35,-79,58,-48,83
-32,71,31,35,-79,58,-51,83
-32,71,31,36,-79,58,-51,80
-32,71,32,37,-79,58,-51,83
-32,71,32,37,-79,58,-51,83
-32,71,31,35,-78,58,-51,80
-32,71,29,34,-77,58,-48,80
-32,71,29,34,-78,58,-51,80
-32,71,31,35,-79,58,-51,80
-32,71,32,36,-79,58,-51,83
-32,71,32,37,-79,58,-51,83
-32,71,32,36,-79,58,-51,83
-32,71,32,36,-79,58,-51,83
-32,71,32,36,-79,58,-51,83
-32,70,32,36,-79,58,-51,81
-31,69,32,36,-79,58,-50,80
-31,68,32,36,-79,58,-50,80
-31,69,32,36,-79,58,-50,80
-32,70,32,36,-79,58,-51,81
-32,71,32,36,-79,58,-51,83
-32,71,32,36,-79,58,-51,83
-31,72,32,36,-79,58,-50,83
-31,72,32,36,-79,58,-50,83
-31,72,32,36,-79,58,-50,83
-30,72,32,36,-79,58,-48,83
-30,72,32,36,-79,58,-48,84
-29,72,32,36,-79,58,-48,84
-29,72,32,36,-79,58,-47,84
-28,72,32,36,-79,58,-47,84
-28,73,31,36,-79,58,-46,85
-28,73,30,35,-79,58,-46,83
-28,73,31,35,-79,58,-47,83
-29,72,32,36,-79,58,-47,84
-28,71,32,37,-79,58,-47,83
-27,69,32,37,-79,58,-46,81
-26,68,31,37,-79,58,-45,80
-26,68,31,36,-79,58,-45,76
-27,68,32,34,-79,58,-43,79
-27,68,33,33,-79,58,-43,80
-27,68,35,33,-78,58,-43,83
-27,68,35,33,-77,58,-43,83
-28,68,33,34,-78,58,-43,79
-29,67,32,34,-79,58,-45,79
-30,66,32,34,-79,58,-46,78
-30,66,34,33,-78,58,-46,78
-30,66,35,33,-77,58,-46,80
-30,66,36,33,-78,58,-43,80
-30,66,35,33,-79,58,-43,80
-30,66,35,33,-79,58,-46,80
-30,67,35,33,-78,58,-46,80
-30,67,35,33,-77,58,-46,80
-30,66,35,33,-78,58,-43,80
-30,66,35,33,-79,58,-43,80
-30,66,35,33,-79,58,-43,80
-30,67,35,33,-79,58,-43,81
-30,67,35,33,-79,58,-43,81
-31,68,35,33,-79,58,-45,81
-31,68,35,33,-79,58,-45,83
-31,68,35,33,-79,58,-45,83
-31,68,36,33,-79,58,-45,81
-30,67,35,33,-78,58,-43,81
-30,67,35,33,-77,58,-43,81
-31,68,35,33,-78,58,-45,81
-32,69,36,33,-79,59,-45,84
-32,70,36,33,-79,60,-46,84
-32,70,35,32,-79,60,-46,84
-32,70,34,32,-79,60,-45,81
-32,69,34,32,-79,59,-45,81
-31,69,34,32,-79,58,-45,83
-31,68,35,32,-79,58,-45,81
-30,67,36,33,-79,58,-43,80
-30,66,35,33,-79,58,-46,80
-30,66,34,34,-79,58,-46,78
-30,67,34,34,-79,58,-46,78
-30,67,34,34,-79,58,-46,78
-30,67,35,33,-79,58,-46,80
-30,66,36,32,-79,58,-43,80
-31,66,36,32,-79,58,-45,80
-32,66,35,33,-79,58,-47,80
-31,66,34,34,-79,58,-47,78
-30,66,33,35,-79,58,-46,78
-30,66,33,36,-79,58,-46,78
-30,67,33,35,-79,58,-46,79
-31,68,33,36,-79,58,-47,79
-31,68,32,36,-78,58,-50,80
-31,68,32,37,-77,58,-50,79
-30,67,32,37,-78,58,-48,79
-30,66,32,37,-79,58,-48,78
-30,66,32,36,-79,58,-48,78
-30,66,32,36,-79,58,-48,78
-30,67,33,35,-79,58,-46,78
-30,67,34,34,-79,58,-46,78
-30,66,34,34,-79,58,-46,78
-30,66,35,33,-79,58,-46,80
-30,66,36,32,-79,58,-43,80
-30,66,35,33,-79,58,-46,80
-30,66,34,34,-79,58,-46,78
-30,66,34,34,-79,58,-46,78
-30,66,34,34,-79,58,-46,78
-30,66,35,33,-79,58,-46,80
-30,67,35,33,-79,58,-43,80
-30,67,35,33,-79,58,-43,80
-30,66,35,33,-79,58,-43,80
-30,66,35,33,-79,58,-46,80
-28,67,35,33,-79,58,-45,81
-26,68,35,33,-79,58,-40,83
-26,70,35,33,-79,58,-40,84
-27,70,35,33,-79,58,-41,84
-30,70,35,33,-79,58,-43,84
-32,70,35,33,-79,58,-46,84
-32,71,35,33,-79,58,-46,85
-32,71,35,33,-79,58,-46,85
-32,71,35,33,-79,58,-46,85
-32,71,35,33,-79,58,-48,85
-32,71,35,33,-79,58,-48,85
-32,71,35,33,-79,58,-46,85
-32,71,35,33,-79,58,-46,85
-32,71,35,33,-79,58,-46,85
-32,71,35,33,-79,58,-48,85
-32,71,34,34,-79,58,-48,83
-32,71,34,34,-79,58,-48,83
-32,71,34,34,-79,58,-48,83
-32,70,35,33,-79,58,-47,84
-31,69,35,33,-79,58,-45,83
-31,68,35,33,-79,58,-45,83
-31,69,35,33,-79,58,-47,83
-31,68,35,33,-79,58,-47,83
-31,68,35,33,-79,58,-45,81
-30,67,34,32,-79,58,-43,80
-30,66,34,31,-79,58,-43,80
-30,66,34,32,-79,58,-43,78
-30,67,34,34,-79,58,-46,78
-30,67,33,36,-79,58,-46,78
-30,67,33,36,-79,58,-48,78
-30,67,33,35,-79,58,-46,78
-30,66,34,34,-79,58,-46,78
-30,66,34,34,-79,58,-46,78
-30,66,34,34,-79,58,-46,78
-30,68,34,34,-79,58,-46,79
-30,70,34,34,-79,58,-46,81
-30,72,34,34,-79,58,-46,84
-31,71,34,34,-79,58,-47,83
-31,70,34,35,-79,58,-47,81
-31,69,32,36,-79,58,-50,80
-32,69,31,36,-79,58,-50,79
-32,71,30,35,-79,58,-51,80
-32,71,31,34,-79,58,-48,83
-33,71,32,34,-79,58,-48,83
-32,71,32,34,-79,58,-48,83
-30,70,31,35,-79,58,-48,81
-28,69,31,36,-79,58,-46,78
-27,68,31,36,-79,58,-45,78
-26,68,32,36,-79,58,-45,79
-26,68,32,37,-79,58,-45,79
-27,68,32,37,-79,58,-46,79
-29,68,32,36,-79,58,-47,79
-30,68,31,35,-79,58,-48,78
-30,68,31,35,-79,58,-48,78
-29,68,31,36,-79,58,-47,80
-29,68,31,36,-79,58,-47,79
-30,68,31,36,-79,58,-48,79
-31,68,31,36,-79,58,-50,80
-32,69,31,36,-79,58,-50,81
-32,70,31,36,-78,58,-51,81
-31,69,31,36,-77,58,-50,81
-30,68,31,36,-78,58,-48,78
-30,67,31,36,-79,58,-48,78
-30,66,31,35,-80,58,-48,75
-30,66,29,34,-80,58,-46,75
-30,67,28,33,-79,58,-46,75
-30,67,28,33,-78,58,-46,75
-30,67,29,34,-77,58,-46,75
-30,66,31,34,-78,58,-46,78
-30,67,31,33,-79,58,-46,78
-30,67,31,32,-79,58,-46,78
-30,66,32,32,-78,58,-43,78
-30,66,34,32,-77,58,-43,78
-30,66,34,32,-78,58,-43,80
-31,66,34,32,-79,58,-45,78
-32,67,34,32,-79,58,-46,79
-32,67,34,32,-79,58,-46,79
-31,68,35,33,-79,58,-45,81
-30,67,36,33,-79,58,-43,81
-30,67,36,33,-79,58,-43,81
-31,68,36,33,-79,58,-45,81
-31,69,35,33,-79,58,-45,83
-32,70,35,33,-79,58,-46,84
-32,71,36,33,-79,58,-46,85
-32,71,35,33,-79,58,-46,85
-32,71,35,33,-79,58,-46,85
-32,71,35,33,-79,58,-46,85
-32,71,35,33,-79,58,-46,85
-32,71,35,33,-79,58,-45,85
-31,72,35,33,-79,58,-45,85
-31,72,35,33,-79,58,-45,86
-31,71,35,33,-79,58,-45,85
-31,72,35,33,-79,58,-45,85
-29,72,35,33,-79,58,-42,86
-28,73,35,33,-79,58,-42,87
-27,74,35,33,-79,58,-41,87
-28,73,35,33,-78,58,-42,87
-29,72,35,33,-78,58,-42,85
-30,70,35,33,-77,58,-43,84
-29,69,35,33,-77,58,-43,83
-29,68,35,33,-78,58,-42,83
-28,67,35,33,-78,58,-42,81
-29,67,35,33,-79,58,-43,80
-30,66,35,33,-79,58,-43,80
-30,67,35,33,-79,58,-43,80
-30,67,35,33,-79,58,-43,80
-30,67,35,33,-79,58,-43,80
-30,66,35,33,-79,58,-43,80
-30,66,35,33,-79,58,-43,80
-30,66,35,33,-79,58,-46,80
-30,66,35,33,-79,58,-46,80
-30,66,35,33,-79,58,-46,80
-30,66,35,33,-79,58,-43,80
-30,66,36,32,-79,58,-43,80
-30,66,35,33,-79,58,-46,80
-30,66,34,34,-79,58,-46,78
-30,66,33,35,-79,58,-46,78
-30,66,33,35,-79,58,-46,78
-30,66,34,34,-79,58,-46,78
-30,66,34,34,-79,58,-46,78
-30,67,34,35,-78,58,-46,78
-30,67,33,36,-77,58,-48,78
-30,67,33,36,-78,58,-48,78
-30,66,33,35,-79,58,-46,78
-30,66,32,34,-79,58,-46,78
-30,67,32,34,-80,58,-46,78
-30,67,32,35,-79,58,-48,79
-31,68,31,35,-79,58,-50,80
-31,69,30,33,-78,58,-47,80
-31,69,31,31,-77,58,-45,80
-31,68,32,30,-78,58,-45,80
-31,68,33,32,-79,58,-47,79
-31,68,33,36,-79,58,-50,79
-31,68,32,37,-79,58,-50,80
-31,69,32,37,-79,58,-50,80
-31,69,32,35,-79,58,-47,80
-31,68,34,33,-79,58,-47,80
-31,68,34,31,-79,58,-45,81
-31,68,33,31,-79,58,-45,79
-31,68,31,31,-79,58,-45,80
-31,69,30,32,-79,58,-47,80
-31,69,31,31,-79,58,-45,80
-32,70,32,31,-79,58,-45,81
-32,70,33,30,-79,58,-46,81
-32,71,33,31,-79,58,-46,83
-32,71,32,32,-79,58,-48,83
-32,71,33,33,-79,58,-48,83
-32,71,33,32,-79,58,-46,83
-32,71,33,31,-79,58,-46,83
-32,71,32,32,-79,58,-48,83
-32,71,32,34,-79,58,-48,83
-32,71,32,35,-79,58,-48,83
-32,71,34,35,-79,58,-48,83
-32,71,36,33,-79,58,-46,85
-32,71,36,32,-79,58,-46,85
-32,71,35,33,-79,58,-48,85
-32,71,34,34,-79,58,-48,83
-32,71,34,35,-79,58,-48,83
-33,72,34,34,-79,58,-48,84
-33,72,34,34,-79,58,-50,84
-33,72,34,34,-79,58,-48,84
-32,71,33,35,-79,58,-48,83
-32,71,32,36,-79,58,-51,83
-32,71,32,36,-79,58,-51,83
-32,71,32,37,-79,58,-51,83
-32,71,32,37,-79,58,-51,83
-32,71,32,36,-79,58,-51,83
-32,71,32,36,-79,58,-51,83
-32,71,32,36,-79,58,-51,83
-32,71,32,37,-79,58,-51,83
-32,71,32,37,-79,58,-51,83
-32,71,32,37,-79,58,-51,83
-32,71,32,36,-79,58,-51,83
-32,70,34,36,-79,58,-51,81
-32,70,35,36,-79,58,-51,81
-32,69,34,36,-79,58,-50,81
-31,69,32,36,-79,58,-50,80
-32,69,32,37,-79,58,-50,81
-32,70,32,37,-79,58,-50,81
-32,70,32,36,-79,58,-50,81
-31,69,32,36,-79,58,-50,80
-31,68,32,37,-79,58,-50,79
-30,67,32,37,-79,58,-48,78
-29,66,32,36,-79,58,-48,78
-30,66,33,35,-79,58,-46,78
-30,67,34,34,-79,58,-46,79
-30,67,34,34,-79,58,-46,79
-31,68,34,34,-79,58,-47,80
-31,69,33,35,-79,58,-47,80
-32,70,32,36,-79,58,-51,81
-33,70,32,36,-79,58,-52,81
-34,70,33,35,-79,58,-50,81
-33,71,34,34,-79,58,-50,83
-32,70,34,34,-79,58,-48,81
-31,69,35,33,-79,58,-47,84
-31,69,35,33,-79,58,-45,83
-32,70,35,33,-79,58,-45,84
-32,70,35,33,-79,58,-48,84
-32,71,35,33,-79,58,-48,85
-32,71,35,33,-79,58,-48,85
-32,71,35,33,-79,58,-48,85
-32,71,35,33,-79,58,-48,85
-32,71,35,33,-79,58,-48,85
-32,71,35,33,-79,58,-46,85
-32,71,35,33,-79,58,-46,85
-32,71,35,33,-79,58,-48,85
-32,71,34,34,-79,58,-48,83
-32,71,34,35,-79,58,-48,83
-30,72,34,35,-79,58,-46,84
-29,73,33,35,-79,58,-45,84
-29,72,34,35,-79,58,-45,84
-30,71,34,35,-79,58,-46,83
-30,68,34,35,-79,58,-46,79
-30,66,34,37,-79,58,-48,78
-30,66,33,38,-79,58,-48,78
-30,66,33,38,-79,58,-48,78
-30,67,33,38,-79,58,-48,78
-30,67,33,38,-79,58,-48,78
-30,66,34,38,-79,58,-48,78
-30,67,34,38,-79,58,-48,78
-30,67,33,38,-79,58,-48,78
-30,66,32,36,-79,58,-48,78
-30,66,32,36,-79,58,-48,78
-30,66,32,36,-79,58,-48,78
-30,67,33,37,-79,58,-48,79
-31,68,34,38,-79,58,-50,79
-31,68,34,38,-79,58,-50,80
-31,68,34,38,-79,58,-50,79
-30,67,33,38,-79,58,-48,78
-30,66,33,37,-79,58,-48,78
-30,67,33,37,-79,58,-48,79
-32,70,33,38,-79,58,-50,81
-32,71,34,38,-79,58,-51,83
-32,71,34,39,-79,58,-51,83
-32,71,34,39,-79,58,-51,83
-32,71,34,38,-79,58,-51,83
-32,71,33,38,-79,58,-51,83
-32,71,33,37,-79,58,-51,83
-32,71,33,37,-78,58,-51,83
-31,71,32,37,-77,58,-50,83
-30,72,32,36,-78,58,-48,84
-31,72,32,36,-79,58,-50,84
-32,71,32,36,-79,58,-51,83
-32,71,32,36,-79,58,-51,83
-32,71,32,36,-79,58,-51,83
-32,71,32,37,-79,58,-51,83
-31,72,32,36,-79,58,-50,84
-31,74,32,36,-79,58,-50,85
-32,74,32,36,-79,58,-51,85
-33,74,32,37,-79,58,-52,86
-34,75,32,37,-79,58,-53,86
-35,75,32,36,-79,58,-53,86
-35,75,33,36,-79,58,-51,86
-34,75,33,35,-79,58,-51,86
-34,75,34,35,-79,58,-51,86
-35,75,33,35,-79,58,-51,86
-35,75,34,35,-79,58,-51,87
-34,75,34,34,-79,58,-51,86
-34,74,35,33,-79,58,-51,87
-33,72,35,33,-79,58,-48,86
-32,71,34,34,-79,58,-48,83
-32,70,34,34,-79,58,-48,81
-32,71,34,34,-78,58,-48,83
-32,71,35,33,-77,58,-48,85
-32,71,36,32,-78,58,-46,85
-32,71,35,33,-79,58,-46,85
-32,70,34,34,-80,58,-48,81
-32,70,32,36,-80,58,-51,81
-31,69,32,36,-79,58,-50,80
-31,68,32,36,-78,58,-50,80
-30,68,33,35,-77,58,-46,79
-30,67,33,36,-78,58,-46,78
-31,66,32,36,-79,58,-50,78
-33,65,32,36,-79,58,-51,76
-34,64,33,35,-79,58,-50,75
-33,65,33,36,-79,58,-50,76
-33,65,32,36,-79,58,-51,76
-33,66,32,37,-79,58,-52,78
-34,66,32,37,-79,58,-52,78
-34,66,32,37,-79,58,-52,78
-34,67,32,36,-79,58,-52,79
-34,68,33,36,-79,58,-51,79
-34,68,33,35,-79,58,-50,79
-32,68,33,36,-79,58,-48,79
-30,66,32,36,-79,58,-48,78
-29,66,32,37,-79,58,-47,78
-30,67,32,37,-79,58,-48,78
-31,68,32,36,-79,58,-50,79
-31,68,32,37,-79,58,-50,80
-31,68,32,37,-79,58,-50,79
-30,67,32,36,-79,58,-48,79
-30,66,33,36,-79,58,-46,78
-30,66,33,35,-79,58,-46,78
-30,67,33,36,-79,58,-46,78
-30,67,32,36,-79,58,-48,78
-30,67,32,37,-79,58,-48,78
-30,66,32,37,-79,58,-48,78
-30,66,32,37,-79,58,-48,78
-30,67,32,36,-79,58,-48,79
-31,68,33,36,-79,58,-47,79
-31,68,33,35,-79,58,-47,80
-31,68,33,36,-79,58,-47,79
-30,67,32,36,-79,58,-48,78
-30,66,32,37,-79,58,-48,78
-30,67,32,36,-79,58,-48,78
-31,68,33,36,-79,58,-47,79
-31,68,33,35,-79,58,-47,79
-30,67,33,35,-79,58,-46,79
-30,67,32,36,-79,58,-48,79
-30,67,32,37,-79,58,-48,79
-31,68,31,37,-79,58,-50,76
-30,68,32,37,-79,58,-48,79
-30,67,33,35,-79,58,-46,79
-30,66,34,34,-79,58,-46,78
-30,66,35,33,-79,58,-43,80
-30,66,35,33,-79,58,-43,80
-29,67,34,34,-79,58,-46,79
-30,67,34,34,-79,58,-46,78
-31,66,33,35,-79,58,-47,78
-33,65,32,36,-79,58,-51,76
-34,64,32,36,-79,58,-52,75
-35,64,32,36,-79,58,-53,75
-35,66,32,37,-79,58,-53,78
-36,67,32,37,-79,58,-54,79
-36,67,32,36,-79,58,-54,79
-35,66,33,35,-79,58,-51,78
-34,64,34,34,-79,58,-51,75
-34,64,35,33,-79,58,-50,78
-34,64,34,34,-79,58,-50,75
-34,65,34,34,-79,58,-50,76
-34,65,34,34,-79,58,-50,76
-34,64,35,33,-79,58,-51,78
-34,64,34,34,-79,58,-50,75
-34,64,33,36,-79,58,-50,75
-34,64,32,36,-79,58,-52,75
-34,64,33,36,-79,58,-51,75
-35,64,34,34,-79,58,-51,75
-34,64,35,33,-79,58,-50,78
-33,65,35,33,-79,58,-48,79
-31,66,34,34,-79,58,-47,78
-30,67,34,34,-79,58,-46,78
-30,67,34,34,-79,58,-46,79
-30,66,33,35,-79,58,-46,78
-29,65,32,36,-79,58,-47,76
-28,63,31,37,-79,58,-47,73
-28,63,32,37,-79,58,-47,75
-29,65,32,36,-79,58,-47,76
-30,66,33,35,-79,58,-46,78
-30,67,33,35,-79,58,-46,79
-30,67,33,35,-79,58,-46,78
-30,66,32,36,-79,58,-48,78
-30,66,32,37,-79,58,-48,78
-30,67,31,37,-79,58,-48,75
-30,67,32,36,-79,58,-48,78
-29,67,33,35,-79,58,-46,78
-29,65,34,34,-79,58,-46,76
-30,64,35,33,-79,58,-46,78
-32,62,36,32,-79,58,-45,76
-32,61,35,33,-79,58,-46,75
-32,60,35,33,-79,58,-48,74
-32,60,35,33,-79,58,-48,74
-32,60,35,33,-79,58,-47,74
-32,60,35,33,-79,58,-45,74
-32,60,35,33,-78,58,-45,74
-32,60,35,33,-77,58,-46,74
-32,61,35,33,-78,58,-46,75
-33,63,35,33,-79,58,-47,76
-34,64,35,33,-79,58,-48,78
-34,64,35,33,-79,58,-47,78
-33,63,35,33,-79,58,-47,76
-32,61,35,33,-79,58,-46,75
-32,61,36,33,-79,58,-46,75
-33,61,35,33,-79,58,-47,75
-33,63,35,33,-79,58,-47,76
-33,65,35,33,-79,58,-46,79
-31,66,36,33,-79,58,-45,80
-30,67,36,33,-79,58,-43,81
-29,67,35,33,-79,58,-43,80
-29,65,34,32,-79,58,-42,79
-28,63,33,31,-79,58,-42,75
-27,62,32,29,-79,58,-41,74
-27,62,31,29,-79,58,-41,73
-28,62,32,29,-79,58,-41,73
-29,61,33,31,-79,58,-42,73
-29,61,34,32,-79,58,-43,75
-29,62,35,32,-79,58,-42,75
-28,62,35,32,-79,58,-41,76
-27,62,34,32,-79,58,-41,76
-28,61,34,32,-79,58,-42,73
-31,61,34,31,-79,58,-45,72
-32,60,33,31,-79,58,-46,72
-32,60,33,31,-79,58,-46,72
-32,60,34,32,-79,58,-46,72
-32,60,35,33,-79,58,-46,74
-32,60,36,33,-79,58,-46,74
-32,60,35,33,-79,58,-47,74
-32,59,34,34,-79,58,-48,70
-32,60,33,36,-79,58,-48,72
-32,61,33,36,-79,58,-48,73
-33,63,34,35,-79,58,-50,74
-34,64,35,33,-79,58,-50,78
-34,65,36,32,-79,58,-48,79
-34,65,35,33,-79,58,-47,79
-34,64,35,33,-79,58,-50,78
-34,64,35,33,-79,58,-50,78
-34,64,35,33,-79,58,-50,78
-34,65,35,33,-79,58,-47,79
-34,64,36,33,-79,58,-47,78
-34,64,36,33,-79,58,-47,78
-34,64,35,32,-79,58,-47,78
-34,64,34,32,-79,58,-47,75
-34,65,34,32,-79,58,-47,76
-34,64,34,32,-79,58,-47,78
-34,64,35,33,-79,58,-47,78
-34,64,35,33,-79,58,-47,78
-34,65,35,32,-79,58,-47,79
-34,65,34,32,-79,58,-48,76
-34,64,33,31,-79,58,-47,75
-33,63,32,30,-79,58,-47,74
-32,61,32,30,-79,58,-46,73
-32,60,32,29,-79,58,-46,72
-32,60,32,29,-79,58,-45,72
-32,60,32,30,-79,58,-45,72
-32,60,32,30,-79,58,-46,72
-32,60,32,30,-79,58,-46,72
-32,60,32,29,-79,58,-46,72
-32,60,32,30,-79,58,-45,72
-32,60,32,30,-79,58,-45,72
-32,60,32,30,-79,58,-46,72
-32,60,32,29,-79,58,-45,72
-32,60,32,30,-79,58,-45,72
-32,60,33,31,-79,58,-46,72
-32,60,34,32,-79,58,-46,72
-32,60,34,34,-79,58,-48,72
-32,60,33,34,-79,58,-47,72
-31,59,33,33,-79,58,-47,70
-31,58,34,32,-79,58,-45,70
-31,59,36,32,-79,58,-45,73
-31,58,36,33,-79,58,-45,73
-30,57,34,34,-79,58,-46,69
-29,56,32,36,-79,58,-47,68
-29,55,32,36,-79,58,-47,67
-30,55,32,36,-79,58,-48,67
-31,57,33,35,-79,58,-46,68
-31,59,34,34,-79,58,-47,70
-30,61,34,34,-79,58,-46,73
-29,62,34,34,-79,58,-45,74
-29,62,34,35,-79,58,-45,73
-30,61,34,35,-79,58,-46,73
-32,60,34,34,-78,58,-47,72
-32,60,33,33,-77,58,-48,72
-32,60,32,33,-78,58,-48,72
-32,60,32,34,-79,58,-47,72
-32,60,32,36,-79,58,-51,72
-32,60,33,36,-78,58,-51,72
-31,60,34,35,-77,58,-47,72
-31,60,34,34,-78,58,-47,72
-31,61,33,33,-79,58,-47,72
-30,61,32,32,-79,58,-43,72
-30,61,32,30,-78,58,-43,73
-29,61,32,29,-77,58,-43,73
-29,61,32,29,-78,58,-42,73
-30,61,32,30,-79,58,-43,73
-30,61,32,30,-79,58,-43,72
-31,61,32,30,-79,58,-45,73
-31,61,32,29,-79,58,-45,72
-31,60,32,29,-79,58,-45,72
-31,59,32,29,-79,58,-45,70
-31,58,32,29,-79,58,-45,69
-31,57,32,29,-79,58,-43,69
-31,58,32,29,-79,58,-45,69
-31,58,32,29,-79,58,-45,70
-31,58,32,29,-79,58,-45,70
-31,59,32,29,-79,58,-45,70
-31,59,32,29,-79,58,-45,70
-33,59,32,29,-79,58,-46,70
-35,58,32,29,-79,58,-48,70
-36,58,32,30,-79,58,-50,69
-37,57,32,30,-79,58,-50,69
-36,57,32,29,-79,58,-50,69
-36,57,32,29,-79,58,-50,69
-36,58,32,29,-79,58,-50,69
-35,58,32,30,-79,58,-48,70
-34,58,33,31,-79,58,-48,70
-35,58,33,31,-79,58,-48,69
-36,58,33,31,-79,58,-50,69
-37,59,32,30,-79,58,-51,70
-38,61,32,29,-79,58,-52,72
-39,62,32,29,-79,58,-52,73
-39,62,32,29,-79,58,-52,74
-38,63,32,29,-79,58,-51,74
-36,63,32,30,-79,58,-50,74
-36,63,33,31,-79,58,-50,75
-35,64,33,31,-79,58,-48,75
-36,64,33,31,-79,58,-50,75
-37,63,32,30,-79,58,-51,74
-39,62,31,29,-79,58,-52,73
-39,61,32,30,-79,58,-52,73
-37,62,33,31,-79,58,-51,74
-36,64,33,31,-79,58,-50,75
-34,65,32,30,-79,58,-48,76
-34,64,32,30,-79,58,-47,75
-33,63,31,31,-79,58,-47,74
-32,61,31,32,-79,58,-48,73
-32,60,32,32,-78,58,-48,72
-32,60,31,32,-77,58,-47,72
-32,60,30,32,-78,58,-48,72
-32,60,30,33,-79,58,-48,72
-32,60,31,33,-79,58,-48,72
-30,61,30,33,-79,58,-46,70
-28,62,29,33,-79,58,-45,70
-28,62,29,32,-79,58,-43,72
-28,61,29,32,-79,58,-45,70
-30,61,29,32,-79,58,-46,69
-32,60,29,33,-79,58,-48,69
-33,61,28,33,-79,58,-48,69
-33,62,28,33,-79,58,-50,72
-33,63,28,33,-78,58,-50,72
-33,62,28,33,-77,58,-48,72
-32,61,28,33,-78,58,-48,69
-32,60,29,34,-79,58,-48,69
-32,61,30,35,-79,58,-51,70
-33,63,31,35,-79,58,-52,72
-34,65,31,36,-79,58,-52,76
-34,65,31,36,-79,58,-53,74
-34,65,30,36,-79,58,-52,74
-34,64,30,35,-79,58,-52,73
-34,65,31,34,-79,58,-50,76
-34,65,33,33,-79,58,-51,76
-34,64,34,32,-79,58,-47,75
-33,63,35,31,-78,58,-47,76
-32,61,34,32,-78,58,-46,73
-32,61,34,34,-77,58,-48,72
-32,61,34,35,-77,58,-48,73
-32,61,34,34,-78,58,-48,73
-32,61,34,32,-78,58,-46,73
-32,61,33,31,-79,58,-46,72
-32,60,32,29,-78,58,-45,72
-32,60,32,29,-78,58,-45,72
-32,60,32,29,-78,58,-45,72
-32,60,32,30,-79,58,-46,72
-32,60,31,31,-79,58,-46,72
-32,60,29,32,-79,58,-47,69
-32,60,28,33,-79,58,-47,69
-32,60,29,32,-79,58,-48,69
-32,60,31,31,-79,58,-45,72
-32,60,32,30,-79,58,-45,72
-32,60,33,30,-79,58,-45,72
-32,60,32,32,-79,58,-48,72
-32,60,30,33,-79,58,-48,72
-32,60,28,34,-79,58,-47,69
-31,59,28,33,-79,58,-47,68
-31,58,28,33,-79,58,-46,67
-31,59,28,33,-79,58,-47,68
-32,60,28,33,-79,58,-47,69
-32,60,28,33,-79,58,-48,69
-32,60,28,33,-79,58,-48,69
-32,60,28,33,-79,58,-47,69
-32,60,28,33,-79,58,-47,69
-32,60,28,33,-79,58,-47,69
-32,60,28,33,-79,58,-48,69
-32,60,28,33,-79,58,-47,69
-32,60,28,33,-79,58,-47,69
-32,60,28,33,-79,58,-47,69
-32,60,28,33,-79,58,-48,69
-32,60,28,33,-79,58,-48,69
-32,60,28,33,-79,58,-47,69
-32,60,28,33,-79,58,-47,69
-32,60,29,32,-79,58,-47,69
-32,61,29,32,-79,58,-48,69
-32,61,29,32,-79,58,-48,70
-32,61,28,33,-79,58,-48,70
-32,61,29,32,-79,58,-48,70
-32,61,30,31,-78,58,-48,73
-32,62,31,31,-78,58,-46,73
-33,62,30,31,-78,58,-46,74
-33,62,29,31,-79,58,-48,72
-32,61,30,31,-78,58,-48,73
-32,60,32,32,-78,58,-48,72
-31,59,33,33,-78,58,-47,70
-32,60,32,34,-79,58,-48,72
-32,61,30,35,-79,58,-51,70
-34,63,29,35,-79,58,-52,72
-34,65,31,36,-79,58,-52,74
-34,65,32,36,-79,58,-52,76
-34,64,31,36,-79,58,-53,75
-35,62,31,35,-79,58,-53,72
-36,61,31,36,-79,58,-54,69
-36,60,32,36,-79,58,-54,72
-34,61,32,36,-79,58,-52,72
-33,61,31,36,-79,58,-51,73
-34,61,31,35,-79,58,-52,70
-35,59,31,35,-78,58,-53,68
-36,58,32,36,-77,58,-54,69
-37,57,32,37,-78,58,-54,69
-36,58,32,37,-79,58,-54,69
-36,57,32,36,-79,58,-54,68
-35,56,31,35,-79,58,-53,64
-35,55,30,35,-79,58,-53,63
-35,55,31,36,-79,58,-53,64
-35,56,32,36,-79,58,-53,67
-35,56,33,36,-79,58,-53,67
-35,55,34,34,-79,58,-51,67
-35,55,35,33,-79,58,-51,69
-35,56,36,32,-79,58,-48,70
-36,57,36,32,-79,58,-50,72
-36,57,35,33,-79,58,-52,70
-35,56,34,34,-79,58,-51,68
-35,56,34,34,-79,58,-51,68
-36,57,34,34,-79,58,-52,69
-36,58,35,34,-79,58,-52,72
-36,58,35,33,-79,58,-50,72
-36,57,34,32,-79,58,-50,72
-36,57,33,31,-79,58,-50,69
-36,57,32,30,-79,58,-50,69
-36,58,31,29,-79,58,-50,69
-36,57,32,29,-79,58,-50,69
-36,57,32,29,-79,58,-50,69
-36,57,32,30,-79,58,-50,69
-36,57,33,31,-79,58,-50,69
-36,57,33,31,-79,58,-50,69
-36,57,33,31,-79,58,-50,69
-36,57,32,30,-79,58,-50,69
-36,57,32,30,-79,58,-50,69
-36,57,32,29,-79,58,-50,69
-36,57,32,29,-79,58,-50,69
-36,57,32,30,-79,58,-50,69
-36,57,32,30,-79,58,-50,69
-36,57,30,31,-79,58,-50,69
-36,57,30,31,-79,58,-50,69
-36,57,31,30,-79,58,-50,69
-36,57,32,30,-79,58,-50,69
-36,57,32,30,-79,58,-50,69
-36,57,31,30,-80,58,-50,69
-36,57,30,31,-79,58,-50,69
-35,58,30,31,-77,58,-48,69
-33,59,31,30,-76,58,-47,70
-32,60,32,29,-76,58,-46,72
-31,60,32,29,-77,58,-45,72
-32,60,32,29,-79,58,-45,72
-32,60,32,30,-80,58,-46,72
-32,60,32,30,-79,58,-46,72
-32,60,32,29,-79,58,-46,72
-32,60,32,29,-79,58,-45,72
-32,60,32,30,-79,58,-45,72
-32,60,32,30,-79,58,-45,72
-32,60,32,30,-79,58,-45,72
-32,60,32,29,-79,58,-45,72
-32,60,32,29,-79,58,-45,72
-32,60,32,30,-79,58,-45,72
-32,60,32,32,-79,58,-45,72
-32,60,32,33,-79,58,-47,72
-32,60,32,34,-79,58,-47,72
-32,60,32,34,-79,58,-47,72
-32,60,33,33,-79,58,-47,72
-32,60,35,33,-79,58,-45,74
-32,60,36,33,-79,58,-45,74
-32,60,36,33,-79,58,-45,74
-32,60,35,33,-79,58,-48,74
-32,60,35,33,-79,58,-47,74
-32,60,35,33,-79,58,-47,74
-32,60,36,33,-79,58,-45,74
-32,60,35,33,-79,58,-46,74
-32,60,35,33,-79,58,-46,74
-32,60,35,33,-79,58,-45,74
-31,59,36,33,-79,58,-45,73
-31,58,36,33,-79,58,-45,73
-31,59,35,32,-79,58,-45,73
-31,59,34,32,-79,58,-45,70
-31,59,34,32,-79,58,-45,70
-31,58,34,32,-79,58,-45,73
-31,59,35,32,-79,58,-45,73
-32,60,36,33,-79,58,-45,74
-32,61,35,33,-79,58,-48,74
-32,60,34,34,-79,58,-48,72
-32,58,34,34,-79,58,-48,69
-33,57,34,34,-79,58,-48,69
-32,58,35,33,-79,58,-48,72
-32,59,34,34,-79,58,-48,70
-31,59,33,35,-79,58,-47,70
-31,58,33,35,-78,58,-47,69
-30,57,34,34,-77,58,-46,69
-31,58,35,33,-76,58,-47,72
-32,59,34,34,-77,58,-47,70
-31,59,33,35,-78,58,-47,70
-31,59,33,36,-79,58,-50,70
-31,58,33,36,-80,58,-50,70
-31,59,33,36,-79,58,-50,70
-32,60,33,35,-78,58,-47,72
-31,59,33,34,-77,58,-47,70
-30,57,32,34,-78,58,-46,68
-29,56,32,34,-79,58,-45,68
-30,57,31,34,-79,58,-46,68
-31,58,32,35,-80,58,-47,70
-32,60,33,34,-79,58,-48,72
-32,60,33,34,-79,58,-48,72
-32,60,32,34,-78,58,-48,72
-32,60,31,34,-77,58,-48,72
-32,60,31,33,-76,58,-47,72
-31,60,33,33,-77,58,-47,72
-32,60,34,32,-78,58,-46,72
-33,59,34,31,-79,58,-47,73
-35,58,33,31,-79,58,-48,69
-36,58,33,31,-79,58,-50,69
-37,58,34,32,-79,58,-51,69
-36,57,36,33,-79,58,-52,72
-35,57,36,33,-79,58,-48,70
-34,55,34,32,-79,58,-47,67
-34,54,33,31,-79,58,-47,65
-34,53,33,31,-79,58,-47,64
-34,53,34,32,-79,58,-47,64
-34,54,35,33,-79,58,-47,68
-34,53,36,33,-79,58,-47,67
-34,53,36,33,-79,58,-47,67
-34,54,35,33,-79,58,-47,68
-34,54,35,33,-79,58,-47,68
-35,55,35,33,-79,58,-48,69
-35,55,35,33,-79,58,-48,69
-35,55,35,33,-79,58,-48,69
-35,55,35,33,-79,58,-48,69
-34,54,36,33,-79,58,-47,68
-34,54,36,33,-79,58,-47,68
-34,54,35,33,-79,58,-47,68
-34,54,34,32,-79,58,-47,65
-35,55,33,31,-79,58,-48,67
-35,56,33,31,-79,58,-48,68
-35,55,33,31,-79,58,-48,67
-34,55,34,31,-78,58,-47,67
-34,54,33,31,-77,58,-47,65
-35,55,33,31,-78,58,-48,67
-35,56,33,31,-79,58,-48,67
-36,57,34,32,-79,58,-48,69
-36,58,34,31,-79,58,-50,69
-36,57,33,31,-79,58,-50,69
-35,57,33,31,-79,58,-48,68
-35,56,34,31,-79,58,-48,68
-35,56,34,31,-79,58,-48,68
-36,57,33,31,-79,58,-50,69
-36,58,33,31,-79,58,-50,69
-36,58,34,32,-79,58,-50,69
-36,57,35,32,-79,58,-50,72
-36,57,35,32,-79,58,-50,72
-36,57,34,32,-79,58,-50,69
-36,58,34,32,-79,58,-50,69
-36,57,35,33,-79,58,-52,72
-36,57,34,34,-79,58,-52,69
-36,57,34,34,-79,58,-52,69
-36,57,34,34,-79,58,-52,69
-36,57,35,34,-79,58,-52,69
-36,57,35,34,-79,58,-52,72
-36,57,34,34,-79,58,-52,69
-36,57,33,33,-79,58,-52,69
-36,57,31,32,-79,58,-52,69
-36,57,30,32,-79,58,-52,67
-36,57,29,34,-79,58,-52,67
-36,58,29,35,-79,58,-54,67
-36,57,29,35,-79,58,-54,67
-36,57,29,33,-79,58,-52,67
-36,57,28,33,-79,58,-52,67
-36,58,28,33,-79,58,-52,67
-36,58,28,33,-79,58,-52,67
-36,57,29,32,-79,58,-52,67
-35,57,31,31,-79,58,-48,68
-35,56,32,30,-79,58,-48,67
-35,56,32,29,-79,58,-48,67
-35,56,32,29,-79,58,-48,67
-35,55,32,30,-79,58,-48,67
-34,54,32,30,-79,58,-47,65
-34,54,32,30,-79,58,-47,65
-34,54,32,29,-79,58,-47,65
-35,55,32,29,-79,58,-48,67
-34,55,32,29,-79,58,-47,67
-34,54,32,29,-79,58,-47,65
-34,53,32,29,-79,58,-47,64
-34,53,32,29,-79,58,-47,64
-34,54,32,29,-79,58,-47,65
-34,54,32,29,-79,58,-47,65
-34,53,32,29,-79,58,-47,64
-33,53,32,29,-79,58,-47,64
-34,54,32,29,-79,58,-47,65
-34,55,32,29,-79,58,-47,67
-35,57,32,29,-79,58,-48,68
-36,57,32,29,-79,58,-50,69
-36,58,32,29,-79,58,-50,69
-36,58,32,29,-79,58,-50,69
-36,58,32,29,-79,58,-50,69
-36,57,32,29,-79,58,-50,69
-36,56,32,29,-79,58,-48,68
-35,54,32,29,-79,58,-48,65
-34,54,32,29,-79,58,-47,65
-33,53,32,29,-79,58,-47,64
-34,53,32,29,-79,58,-47,64
-34,54,32,30,-79,58,-47,65
-35,53,32,30,-79,58,-48,64
-36,53,32,30,-79,58,-48,64
-36,52,32,29,-79,58,-50,63
-37,51,32,29,-79,58,-51,63
-37,51,32,30,-79,58,-51,63
-36,52,32,31,-79,58,-50,63
-35,52,32,32,-79,58,-51,64
-35,53,32,32,-79,58,-51,64
-35,52,32,32,-79,58,-48,64
-36,52,34,32,-79,58,-50,63
-38,51,34,32,-79,58,-51,63
-39,51,33,33,-79,58,-54,62
-38,51,33,34,-79,58,-54,62
-38,51,34,34,-79,58,-53,62
-38,51,35,34,-79,58,-53,64
-38,51,35,33,-79,58,-54,64
-38,51,34,33,-79,58,-54,62
-38,51,31,32,-79,58,-53,62
-37,51,29,32,-79,58,-53,61
-36,52,29,32,-79,58,-52,61
-35,53,29,34,-79,58,-51,62
-35,53,29,35,-79,58,-53,62
-36,52,29,35,-79,58,-54,61
-36,52,29,35,-79,58,-54,61
-36,52,30,34,-79,58,-52,61
-35,53,30,33,-79,58,-51,64
-34,53,31,31,-79,58,-47,64
-35,53,31,30,-79,58,-48,64
-36,52,30,31,-78,58,-50,63
-37,51,29,32,-77,58,-53,61
-37,52,29,32,-78,58,-52,61
-36,52,30,32,-79,58,-52,61
-36,52,30,31,-79,58,-50,63
-36,52,32,30,-79,58,-50,63
-36,52,32,29,-79,58,-50,63
-36,52,32,29,-79,58,-50,63
-36,52,32,30,-79,58,-50,63
-37,52,32,30,-79,58,-50,63
-38,51,32,30,-79,58,-51,63
-38,51,32,29,-79,58,-52,62
-38,51,32,29,-79,58,-52,62
-38,51,32,29,-79,58,-52,62
-38,51,32,29,-78,58,-51,63
-38,51,32,30,-77,58,-51,63
-38,51,32,30,-78,58,-52,62
-37,50,32,29,-79,58,-51,62
-37,49,32,29,-79,58,-51,61
-36,48,32,29,-79,58,-50,59
-36,48,31,30,-79,58,-50,59
-36,48,31,31,-79,58,-50,59
-37,50,30,31,-79,58,-51,61
-38,51,31,31,-79,58,-51,63
-38,51,31,30,-79,58,-52,63
-38,51,32,29,-79,58,-51,63
-38,51,32,29,-79,58,-51,63
-38,51,32,29,-78,58,-51,63
-38,51,32,30,-77,58,-51,63
-38,51,30,31,-78,58,-51,63
-38,51,29,32,-79,58,-53,59
-38,51,29,32,-79,58,-53,59
-38,51,30,31,-79,58,-51,63
-38,51,32,30,-79,58,-51,63
-38,51,32,29,-79,58,-51,63
-38,51,32,29,-79,58,-51,63
-38,51,32,30,-79,58,-51,63
-38,51,32,30,-79,58,-51,63
-38,51,32,30,-79,58,-51,63
-38,51,32,29,-79,58,-51,63
-38,51,32,29,-79,58,-51,63
-38,51,32,29,-78,58,-51,63
-38,51,32,29,-77,58,-51,63
-38,51,32,29,-78,58,-51,63
-38,51,32,29,-79,58,-51,63
-38,51,32,29,-79,58,-51,63
-38,51,32,29,-79,58,-51,63
-38,51,32,30,-79,58,-51,63
-38,51,32,30,-79,58,-51,63
-38,51,32,30,-79,58,-51,63
-38,51,32,29,-79,58,-51,63
-38,51,32,29,-79,58,-51,63
-38,51,32,30,-79,58,-52,62
-38,51,30,31,-79,58,-52,62
-38,51,29,32,-79,58,-54,59
-38,51,29,32,-79,58,-53,61
-38,52,30,31,-79,58,-51,63
-38,51,32,30,-79,58,-52,62
-39,49,32,29,-79,58,-52,61
-39,46,32,29,-79,58,-53,57
-40,45,31,30,-79,58,-53,56
-40,44,30,31,-79,58,-53,54
-40,44,29,32,-79,58,-56,53
-40,45,29,32,-79,58,-56,53
-40,45,29,32,-79,58,-56,53
-40,45,29,32,-79,58,-56,53
-40,44,29,33,-79,58,-56,53
-40,44,28,33,-79,58,-56,53
-40,44,28,33,-79,58,-56,53
-40,45,28,33,-79,58,-56,53
-41,46,28,33,-79,58,-57,54
-41,46,28,33,-79,58,-57,54
-41,46,29,35,-79,58,-59,54
-41,46,30,35,-79,58,-59,54
-42,47,31,36,-79,58,-59,58
-43,49,31,35,-79,58,-61,57
-43,49,31,36,-78,58,-61,61
-42,49,31,36,-77,58,-61,61
-42,49,32,37,-78,58,-61,59
-43,49,32,37,-79,58,-61,59
-43,49,33,36,-80,58,-61,59
-42,49,32,34,-80,58,-58,61
-41,49,31,32,-79,58,-57,61
-41,50,30,32,-78,58,-57,61
-40,50,30,33,-78,58,-56,58
-39,50,31,36,-78,58,-57,62
-38,51,32,36,-79,58,-57,62
-38,51,32,35,-78,57,-53,62
-38,51,31,33,-78,56,-53,62
-38,51,30,31,-78,57,-51,63
-38,51,31,30,-79,58,-52,62
-38,51,32,30,-79,58,-52,62
-38,51,32,29,-79,58,-51,63
-38,51,32,30,-79,58,-51,63
-38,51,31,31,-79,58,-51,63
-38,51,29,32,-79,58,-54,59
-39,51,28,33,-79,58,-54,59
-40,50,29,32,-79,58,-56,58
-41,50,30,32,-79,58,-57,61
-41,49,30,31,-79,58,-54,61
-42,49,30,31,-79,58,-58,61
-43,49,29,32,-79,58,-58,58
-43,49,28,33,-79,57,-58,57
-42,48,28,33,-79,56,-58,57
-41,47,28,33,-79,57,-57,56
-41,46,28,33,-79,58,-57,54
-41,45,28,33,-79,58,-57,54
-40,45,28,33,-79,57,-56,53
-40,44,28,33,-79,56,-56,53
-40,44,28,33,-79,57,-56,53
-40,45,28,33,-79,58,-56,53
-40,44,28,33,-79,59,-56,53
-40,45,28,33,-79,58,-56,53
-40,44,28,33,-79,57,-56,53
-40,44,28,33,-79,56,-56,53
-40,44,28,33,-79,57,-56,53
-40,44,28,33,-79,58,-56,53
-40,44,28,33,-79,58,-56,53
-39,45,28,33,-79,57,-54,54
-37,46,28,33,-79,56,-53,54
-36,47,28,33,-79,55,-52,56
-36,47,28,33,-79,54,-51,56
-36,46,28,33,-79,54,-51,56
-36,47,28,33,-79,53,-52,56
-37,48,28,33,-79,54,-52,57
-37,49,28,33,-79,55,-53,58
-37,50,28,33,-79,55,-53,58
-37,50,28,33,-79,55,-53,58
-38,50,28,33,-79,55,-53,58
-38,50,28,33,-79,56,-53,59
-38,51,28,33,-79,56,-53,61
-37,52,28,33,-79,55,-53,61
-36,52,28,33,-79,55,-52,61
-36,53,28,33,-78,55,-51,62
-35,53,28,33,-77,57,-51,62
-34,53,28,33,-78,57,-50,62
-34,54,29,34,-79,57,-50,63
-34,55,30,35,-79,57,-52,64
-36,56,30,35,-79,57,-53,65
-38,57,30,35,-79,58,-56,65
-39,56,30,35,-79,58,-58,65
-40,56,31,36,-79,58,-58,67
-41,55,32,36,-79,58,-59,67
-40,55,32,36,-79,58,-58,67
-40,55,32,36,-79,58,-58,67
-40,56,32,36,-79,58,-58,67
-40,55,32,36,-79,58,-58,67
-40,55,32,36,-79,58,-58,67
-40,55,32,36,-79,58,-58,67
-40,55,32,36,-79,58,-58,67
-40,55,32,36,-79,58,-58,67
-40,55,32,36,-79,58,-58,67
-40,55,32,36,-79,58,-58,67
-40,55,32,36,-79,58,-58,67
-40,56,32,36,-79,58,-58,67
-40,55,32,36,-79,58,-58,67
-40,55,32,36,-79,58,-58,67
-40,55,32,36,-79,58,-58,67
-40,56,32,36,-79,58,-58,67
-40,56,32,36,-79,57,-58,67
-40,55,32,36,-79,56,-58,67
-40,54,32,36,-79,57,-58,65
-39,54,32,36,-79,58,-58,64
-39,53,32,36,-79,58,-57,64
-39,52,32,36,-79,58,-57,63
-38,51,32,36,-79,58,-56,63
-38,51,32,36,-79,58,-56,62
-38,51,32,36,-79,58,-56,62
-38,51,32,36,-79,58,-57,62
-39,51,32,36,-79,58,-57,62
-38,51,32,36,-79,58,-56,62
-36,50,32,36,-79,58,-54,62
-34,51,32,36,-79,58,-52,62
-32,51,32,36,-79,58,-51,62
-32,51,32,36,-79,58,-51,63
-33,52,32,36,-79,58,-51,64
-34,53,32,36,-79,58,-52,64
-34,54,32,36,-79,58,-52,65
-34,54,32,36,-79,58,-52,65
-34,53,32,36,-79,58,-52,64
-34,53,32,36,-79,58,-52,64
-34,53,32,36,-79,58,-52,64
-34,54,32,36,-79,58,-52,65
-34,53,32,36,-79,58,-52,64
-34,53,32,36,-79,58,-52,64
-35,53,32,36,-79,58,-53,64
-35,52,32,37,-79,58,-53,63
-35,53,33,37,-79,58,-53,64
-34,53,33,38,-79,58,-52,64
-35,53,33,37,-79,58,-53,64
-36,53,32,37,-79,58,-53,64
-36,53,32,36,-79,58,-53,64
-34,53,32,36,-79,58,-52,64
-33,53,32,36,-79,58,-51,64
-33,54,32,36,-79,58,-52,65
-35,54,32,36,-79,58,-53,65
-37,55,32,36,-79,58,-54,67
-37,55,32,36,-79,58,-56,67
-36,56,32,37,-79,58,-54,67
-36,56,32,37,-79,58,-53,68
-36,57,32,37,-79,58,-54,68
-37,57,32,36,-79,58,-56,68
-39,56,32,36,-79,58,-57,68
-39,56,32,37,-79,58,-57,68
-39,56,31,37,-79,58,-58,64
-39,56,29,39,-79,58,-59,64
-39,56,29,40,-79,58,-59,65
-38,57,30,42,-79,58,-61,65
-37,58,31,43,-79,58,-59,67
-37,60,31,42,-79,58,-59,68
-37,60,30,41,-79,58,-58,69
-38,61,30,41,-79,58,-59,69
-39,62,30,42,-79,58,-62,70
-39,62,31,42,-79,58,-62,72
-38,62,30,41,-79,58,-59,70
-38,61,30,41,-79,58,-59,69
-38,60,31,42,-79,58,-61,69
-38,61,32,43,-79,58,-61,69
-37,62,33,44,-79,58,-61,70
-37,63,32,44,-79,58,-61,72
-36,64,32,43,-79,58,-59,73
-35,64,31,42,-79,58,-58,73
-34,64,31,42,-79,58,-58,73
-34,64,31,43,-79,58,-57,73
-34,64,32,43,-79,58,-57,73
-34,64,32,43,-79,58,-58,73
-34,64,32,43,-79,58,-58,73
-34,64,32,43,-79,58,-58,73
-34,64,32,43,-79,58,-57,73
-34,64,32,43,-79,58,-57,73
-34,65,32,43,-79,58,-57,73
-35,66,32,43,-79,58,-58,74
-36,67,32,43,-79,58,-59,76
-36,68,32,43,-79,58,-59,76
-36,68,32,43,-79,58,-59,76
-36,67,32,43,-79,58,-59,76
-36,67,32,43,-79,58,-59,75
-37,68,32,43,-79,58,-61,76
-38,68,32,43,-79,58,-62,76
-39,67,32,43,-79,58,-63,76
-40,66,32,43,-79,58,-63,75
-40,66,32,43,-79,58,-63,75
-39,67,32,43,-79,58,-63,75
-39,67,32,43,-79,58,-62,75
-39,67,32,43,-79,58,-63,76
-41,66,32,43,-79,58,-64,75
-41,66,32,43,-79,58,-64,75
-40,66,32,43,-79,58,-64,75
-39,67,32,43,-79,58,-62,75
-38,68,32,43,-79,58,-62,76
-39,70,32,44,-79,58,-62,79
-39,71,33,44,-79,58,-63,79
-39,71,34,45,-79,58,-62,79
-38,70,33,44,-79,58,-62,79
-37,70,32,44,-79,58,-61,79
-38,72,32,43,-79,58,-61,80
-37,73,32,43,-79,58,-61,81
-35,73,32,43,-79,58,-58,83
-33,72,32,43,-79,58,-57,81
-32,72,32,43,-79,58,-56,81
-32,72,32,43,-79,58,-56,81
-33,73,32,43,-79,58,-57,81
-34,74,32,43,-79,58,-58,83
-34,75,32,43,-79,58,-58,84
-33,76,32,43,-79,58,-57,85
-31,75,32,43,-79,58,-54,84
-29,75,32,43,-79,58,-53,84
-29,76,32,43,-79,58,-52,85
-29,77,32,43,-79,58,-53,86
-30,78,32,43,-79,58,-53,86
-31,77,32,43,-79,58,-54,86
-31,77,32,43,-79,58,-54,85
-32,76,32,43,-79,58,-54,85
-31,77,32,43,-79,58,-54,85
-32,76,32,43,-79,58,-56,85
-33,76,34,45,-79,58,-56,85
-34,75,35,46,-79,58,-58,86
-34,75,34,45,-79,58,-58,86
-34,75,34,45,-79,58,-58,86
-34,75,34,45,-79,58,-58,84
-36,74,34,45,-79,58,-59,85
-37,73,34,45,-79,58,-61,85
-39,73,34,45,-79,58,-62,84
-39,72,34,45,-79,58,-62,81
-39,73,34,45,-79,58,-62,84
-39,73,35,46,-79,58,-62,84
-39,73,35,46,-79,58,-62,84
-38,72,35,46,-79,58,-62,84
-39,73,35,46,-79,58,-62,84
-39,74,35,46,-79,58,-63,85
-40,76,35,46,-79,58,-64,87
-41,77,35,46,-79,58,-64,89
-41,78,35,46,-79,58,-65,89
-41,77,35,46,-79,58,-65,89
-41,77,35,46,-79,58,-64,89
-39,78,34,47,-79,58,-65,86
-38,79,33,49,-79,58,-64,87
-38,79,32,50,-79,58,-67,87
-38,79,32,50,-79,58,-67,87
-38,79,33,50,-79,58,-67,87
-37,79,34,48,-79,58,-63,87
-36,79,34,48,-79,58,-63,89
-36,79,34,49,-79,58,-63,89
-37,79,33,50,-79,58,-65,87
-37,79,32,50,-79,58,-65,87
-36,79,32,50,-79,58,-64,89
-36,80,32,50,-79,58,-64,89
-35,80,32,50,-79,58,-63,89
-36,80,32,50,-79,58,-64,89
-36,79,32,50,-79,58,-64,89
-37,79,32,50,-79,58,-65,87
-37,79,32,50,-79,58,-65,87
-37,79,32,50,-79,58,-65,87
-36,79,32,50,-79,58,-65,89
-36,79,32,50,-79,58,-65,89
-37,79,32,50,-79,58,-65,87
-37,79,32,50,-79,58,-65,87
-37,79,32,50,-79,58,-65,87
-37,79,34,52,-79,58,-65,87
-37,79,35,53,-79,58,-65,87
-37,79,35,53,-79,59,-65,89
-37,79,34,52,-79,60,-65,89
-37,79,32,50,-79,60,-65,87
-37,79,32,50,-79,60,-65,87
-37,79,32,50,-79,59,-65,87
-37,80,33,50,-79,58,-65,89
-37,81,34,52,-79,58,-65,90
-38,81,35,53,-79,58,-67,90
-37,81,35,52,-79,58,-65,90
-37,80,34,52,-79,58,-65,89
-36,79,34,52,-79,59,-65,89
-36,79,34,52,-79,59,-65,87
-36,79,34,52,-79,60,-65,87
-37,79,34,52,-79,60,-65,89
-37,81,34,52,-79,60,-65,90
-37,83,35,52,-79,60,-65,92
-36,85,34,52,-79,60,-65,93
-36,86,34,52,-79,60,-64,95
-36,86,34,51,-79,60,-64,95
-36,85,35,52,-79,59,-64,93
-35,86,36,53,-79,59,-64,95
-35,86,37,54,-79,60,-63,97
-34,86,36,54,-79,60,-63,95
-34,85,36,53,-79,60,-63,93
-34,84,35,53,-79,59,-63,93
-34,85,35,52,-79,58,-63,93
-35,86,35,53,-79,58,-63,95
-35,86,36,53,-79,58,-63,95
-35,86,36,54,-79,58,-63,95
-34,86,36,54,-79,58,-63,95
-35,86,36,54,-79,58,-63,95
-35,86,36,54,-79,60,-63,95
-34,86,36,54,-79,62,-63,95
-33,86,36,54,-79,62,-62,95
-32,87,36,54,-79,60,-61,96
-30,88,36,54,-79,58,-58,97
-30,89,36,54,-79,58,-58,97
-30,88,35,55,-79,58,-61,97
-32,87,35,55,-79,58,-63,96
-34,86,35,55,-79,58,-64,95
-34,86,35,55,-79,58,-65,95
-34,86,34,56,-79,60,-64,95
-33,87,32,57,-79,62,-67,93
-33,87,32,57,-79,63,-67,93
-34,86,32,57,-79,62,-67,92
-34,86,32,57,-79,61,-67,92
-33,86,32,57,-79,61,-67,92
-34,87,32,57,-79,63,-67,93
-34,88,32,57,-79,63,-67,95
-32,90,32,57,-79,63,-65,96
-31,90,32,57,-79,63,-64,96
-31,88,32,57,-79,63,-64,95
-31,87,32,57,-79,63,-64,93
-32,87,32,57,-79,63,-65,93
-33,89,32,57,-80,63,-67,96
-32,91,32,57,-81,64,-65,97
-32,92,32,57,-80,64,-65,98
-31,90,32,57,-79,63,-64,96
-30,89,32,58,-79,62,-63,95
-30,88,32,58,-79,61,-64,95
-32,88,31,58,-79,61,-65,93
-33,87,31,59,-79,61,-69,93
-35,86,30,60,-79,60,-70,92
-35,86,30,60,-79,59,-70,91
-35,86,31,59,-79,59,-68,92
-34,86,32,57,-79,60,-68,92
-34,86,33,57,-79,61,-68,92
-35,86,32,57,-79,62,-68,92
-35,86,32,57,-79,60,-68,92
-35,86,32,57,-80,58,-68,92
-34,86,32,57,-81,58,-68,92
-34,86,32,57,-81,59,-68,92
-35,86,32,57,-80,60,-68,92
-36,85,32,57,-79,60,-69,91
-37,85,32,57,-79,60,-70,91
-37,85,32,57,-79,59,-70,91
-36,85,32,57,-79,58,-70,91
-36,86,32,57,-79,58,-69,92
-36,85,32,57,-79,58,-70,91
-37,83,32,57,-79,58,-70,90
-37,81,32,57,-79,58,-70,87
-36,80,32,57,-79,58,-69,86
-36,80,32,57,-79,58,-69,86
-35,80,32,57,-79,58,-69,86
-34,81,32,57,-79,58,-68,87
-34,80,32,57,-79,58,-68,86
-34,81,32,57,-79,58,-68,87
-36,82,32,57,-79,58,-69,89
-37,84,32,57,-79,58,-70,90
-36,85,32,57,-79,58,-69,91
-34,85,32,57,-79,58,-68,91
-33,84,32,57,-79,58,-67,90
-33,83,32,57,-79,58,-67,90
-33,83,32,57,-79,58,-67,89
-33,83,32,57,-79,58,-67,89
-33,82,32,57,-79,58,-67,89
-32,82,32,57,-79,58,-65,87
-32,82,33,57,-79,58,-65,87
-32,82,32,57,-79,58,-65,87
-33,81,32,57,-79,58,-67,87
-34,81,33,57,-79,58,-68,87
-35,80,33,57,-79,59,-68,86
-36,80,33,57,-79,60,-69,86
-36,79,32,57,-79,60,-69,86
-37,79,32,57,-79,60,-70,85
-37,79,31,56,-79,59,-70,85
-37,80,31,56,-79,58,-70,86
-36,80,31,56,-79,58,-69,86
-36,79,32,56,-79,58,-69,86
-37,78,32,57,-79,58,-70,84
-39,76,32,58,-79,58,-72,83
-39,75,31,59,-79,58,-73,80
-39,74,31,57,-79,60,-73,80
-39,73,31,56,-79,62,-72,79
-39,73,32,56,-79,63,-72,79
-39,73,32,57,-79,62,-72,79
-39,74,33,57,-79,60,-73,80
-40,74,33,57,-79,58,-73,80
-40,75,32,57,-79,57,-73,81
-39,77,32,57,-79,58,-72,83
-38,78,32,57,-79,60,-72,84
-38,79,33,57,-79,62,-70,85
-38,79,32,57,-79,61,-72,85
-39,78,32,57,-80,60,-73,84
-40,77,32,57,-81,59,-74,84
-41,77,32,57,-81,59,-74,83
-40,78,32,57,-79,60,-73,84
-38,80,32,57,-79,61,-72,86
-38,82,32,57,-79,61,-72,89
-40,83,32,57,-79,59,-73,89
-42,83,32,57,-79,58,-75,89
-44,82,32,57,-79,58,-78,87
-43,81,32,57,-79,59,-76,87
-43,80,32,57,-79,61,-75,86
-42,79,32,57,-79,63,-75,85
-41,77,32,57,-79,64,-74,84
-41,77,32,57,-79,63,-74,83
-41,77,32,57,-79,62,-74,83
-40,76,32,57,-79,60,-73,83
-39,74,32,57,-79,58,-73,80
-39,73,33,57,-79,58,-72,79
-39,73,32,57,-79,59,-72,79
-39,73,33,56,-79,62,-69,81
-39,73,34,56,-79,64,-69,81
-38,72,35,55,-79,64,-69,80
-37,70,35,55,-79,62,-68,79
-36,68,35,54,-79,59,-67,78
-36,68,34,54,-81,58,-67,76
-36,69,33,53,-81,58,-67,78
-37,70,33,53,-80,60,-68,79
-37,70,32,54,-79,61,-68,79
-37,70,33,55,-79,62,-68,79
-36,69,34,56,-79,62,-67,78
-36,68,34,56,-79,61,-67,78
-36,68,33,56,-79,61,-67,78
-36,69,32,56,-79,61,-69,75
-36,69,31,56,-79,62,-69,75
-36,69,32,57,-79,63,-69,75
-36,68,32,57,-79,63,-69,75
-36,68,33,57,-79,64,-69,74
-36,69,32,57,-79,63,-69,75
-37,70,31,56,-79,63,-70,76
-38,72,31,55,-79,62,-69,78
-39,73,31,56,-79,61,-72,79
-39,73,32,56,-79,61,-72,79
-39,73,32,56,-79,63,-72,79
-39,73,32,56,-79,64,-72,79
-39,73,32,56,-79,63,-72,79
-39,73,32,57,-79,62,-72,79
-38,73,33,57,-79,60,-72,79
-39,73,33,57,-79,58,-72,79
-41,74,33,57,-79,57,-74,80
-43,74,32,57,-79,58,-76,80
-45,74,32,57,-79,60,-78,80
-43,74,32,57,-79,61,-76,80
-41,74,32,57,-79,61,-74,80
-40,73,33,57,-79,61,-73,79
-40,72,33,57,-79,62,-73,79
-41,71,32,57,-79,63,-74,78
-42,71,32,57,-79,63,-75,76
-43,71,31,56,-79,62,-76,76
-43,71,31,55,-79,61,-76,76
-43,71,30,54,-79,62,-74,76
-43,71,29,54,-79,62,-74,76
-42,69,29,54,-79,62,-73,75
-41,68,29,54,-79,61,-72,74
-41,66,29,54,-79,60,-72,72
-41,66,29,54,-79,60,-72,72
-40,66,29,54,-79,60,-72,73
-40,67,29,54,-79,60,-72,73
-41,66,29,54,-79,60,-72,73
-42,65,29,54,-79,59,-73,72
-43,63,29,54,-79,58,-74,69
-44,63,29,54,-79,58,-75,69
-45,63,29,54,-79,58,-75,69
-44,62,29,54,-79,59,-74,68
-43,61,29,54,-79,60,-74,67
-43,60,29,54,-79,60,-73,65
-43,59,29,54,-79,59,-73,65
-43,59,29,54,-79,59,-73,65
-43,60,29,54,-79,60,-73,65
-43,60,30,53,-79,60,-73,65
-43,60,30,52,-79,59,-73,67
-43,59,31,52,-79,58,-74,65
-43,58,31,52,-79,58,-74,64
-43,56,31,52,-79,59,-70,62
-42,55,31,52,-79,60,-69,61
-41,55,31,51,-79,60,-69,61
-40,55,31,51,-79,59,-68,62
-40,55,31,51,-79,58,-68,62
-40,56,31,51,-79,58,-68,62
-41,56,30,53,-79,58,-72,62
-41,55,29,54,-79,58,-72,62
-40,54,28,54,-79,58,-70,61
-39,52,29,54,-79,58,-69,58
-38,51,30,53,-79,58,-68,57
-38,51,30,52,-79,58,-68,57
-39,51,30,53,-80,58,-69,58
-40,52,29,54,-81,58,-70,58
-41,53,29,54,-81,58,-72,59
-41,54,29,54,-81,58,-72,59
-41,54,29,54,-80,58,-72,61
-42,55,29,54,-79,58,-73,61
-43,54,29,54,-79,58,-74,59
-43,54,29,54,-79,58,-74,59
-42,55,29,54,-79,58,-73,61
-41,55,29,54,-79,58,-72,61
-41,54,29,54,-79,58,-72,61
-42,54,29,54,-79,59,-73,61
-43,55,29,54,-79,61,-74,62
-44,57,29,54,-79,61,-74,63
-45,58,29,54,-80,61,-75,64
-46,58,29,54,-81,60,-76,64
-47,57,29,54,-81,59,-78,63
-47,57,29,54,-80,58,-78,63
-46,58,29,54,-79,58,-76,64
-44,59,28,54,-79,58,-74,65
-42,59,29,54,-79,58,-73,65
-43,60,30,52,-80,58,-73,65
-43,61,31,51,-81,58,-72,67
-44,63,31,52,-81,58,-73,69
-45,64,30,52,-81,58,-75,70
-46,64,30,53,-80,58,-76,70
-45,64,31,52,-79,58,-73,70
-43,65,32,50,-79,58,-72,73
-42,65,32,50,-79,58,-70,74
-41,66,32,50,-79,58,-69,75
-40,66,32,51,-80,58,-68,75
-39,68,31,52,-81,58,-68,74
-38,69,30,53,-81,58,-69,75
-37,70,29,53,-81,58,-68,76
-37,70,30,54,-80,58,-68,76
-37,70,31,54,-79,58,-68,76
-38,71,33,55,-79,58,-68,80
-38,71,33,55,-79,58,-69,80
-38,71,32,54,-79,58,-69,78
-38,72,30,53,-80,58,-69,79
-38,72,29,53,-81,58,-69,79
-38,72,29,54,-81,58,-69,79
-38,72,29,54,-81,58,-69,78
-38,72,29,54,-80,58,-69,78
-38,71,29,54,-79,58,-69,78
-37,71,29,54,-79,58,-68,78
-37,70,29,54,-79,58,-68,76
-37,69,30,55,-79,58,-70,75
-38,69,32,56,-79,58,-72,75
-40,68,31,56,-79,58,-74,74
-41,68,31,55,-79,58,-72,74
-41,66,31,55,-80,58,-74,73
-41,66,31,55,-81,58,-72,72
-40,66,32,56,-81,58,-74,72
-41,66,32,56,-81,58,-74,73
-41,67,32,57,-80,58,-74,73
-41,66,32,57,-79,58,-74,72
-40,65,32,56,-79,58,-73,70
-39,64,32,56,-80,58,-73,70
-39,63,32,56,-81,58,-73,69
-39,63,32,57,-81,58,-73,69
-39,63,33,57,-81,58,-72,69
-39,62,33,57,-80,58,-72,68
-38,62,33,57,-79,58,-72,68
-39,61,33,57,-79,58,-72,68
-39,61,32,57,-79,58,-73,67
-39,60,32,56,-79,58,-72,65
-39,60,31,56,-80,58,-72,65
-39,61,32,56,-81,58,-72,67
-39,61,32,57,-81,58,-72,67
-39,60,33,57,-81,58,-72,67
-38,58,33,58,-80,58,-72,67
-38,57,32,57,-79,58,-72,63
-39,56,32,56,-79,58,-72,62
-39,56,31,55,-80,58,-72,62
-39,56,30,55,-81,58,-69,63
-39,56,30,55,-81,58,-70,62
-40,56,30,55,-81,58,-70,62
-40,55,29,54,-80,58,-70,61
-40,55,29,54,-79,58,-70,61
-40,55,29,54,-79,58,-70,61
-40,55,29,54,-79,58,-70,62
-40,55,29,54,-79,58,-70,62
-40,55,29,54,-79,58,-70,61
-40,55,29,54,-79,58,-70,61
-40,55,29,54,-79,58,-70,62
-40,55,29,54,-79,58,-70,62
-40,55,29,54,-79,58,-70,62
-41,55,29,54,-79,58,-72,61
-42,54,29,54,-79,58,-72,61
-42,54,29,54,-79,58,-73,61
-42,54,29,54,-79,58,-72,61
-41,55,29,54,-79,58,-72,61
-40,55,30,53,-79,58,-70,62
-40,55,30,52,-79,58,-70,62
-40,55,31,51,-79,58,-68,62
-40,55,32,51,-79,58,-68,64
-41,55,31,52,-79,58,-69,62
-40,56,30,53,-79,58,-70,62
-40,56,29,54,-79,58,-70,62
-40,55,30,53,-79,58,-70,61
-40,55,31,51,-79,58,-68,61
-41,55,32,50,-79,58,-69,64
-41,57,33,50,-79,58,-69,65
-41,59,32,51,-79,58,-69,68
-41,60,31,51,-79,58,-69,67
-42,61,31,51,-79,58,-69,67
-41,61,31,51,-79,58,-69,67
-40,61,31,52,-79,58,-70,67
-39,62,30,53,-79,58,-69,68
-38,62,30,53,-79,58,-69,68
-39,61,31,52,-79,58,-68,68
-40,61,32,50,-79,58,-69,69
-41,61,32,50,-79,58,-69,69
-40,61,32,50,-79,58,-69,69
-39,61,32,50,-79,58,-68,70
-39,62,32,50,-80,58,-67,70
-38,62,32,50,-81,58,-67,70
-38,62,32,50,-81,58,-67,70
-39,62,32,50,-81,58,-67,70
-39,62,32,50,-80,58,-67,70
-39,62,32,50,-79,58,-67,70
-38,62,32,50,-79,58,-67,70
-38,62,32,50,-79,58,-67,70
-38,62,32,50,-79,58,-67,70
-39,63,32,50,-79,58,-68,72
-39,64,32,50,-79,58,-68,73
-40,65,32,50,-79,58,-68,73
-40,65,32,50,-79,58,-68,74
-40,66,32,50,-79,58,-68,75
-41,66,32,50,-79,58,-69,75
-42,66,32,51,-79,58,-70,74
-44,64,32,51,-79,58,-73,73
-45,64,31,51,-79,58,-73,70
-44,64,31,52,-79,58,-73,70
-42,66,31,52,-80,58,-70,72
-40,66,31,51,-81,58,-69,73
-40,66,32,51,-81,58,-68,75
-40,66,32,51,-81,58,-69,75
-41,66,32,50,-80,58,-69,75
-41,66,32,50,-79,58,-69,75
-41,66,32,50,-79,58,-69,74
-40,65,32,50,-80,58,-68,74
-39,65,32,50,-81,58,-68,73
-40,65,32,50,-81,58,-68,74
-40,66,32,50,-81,58,-69,75
-41,67,32,50,-80,58,-69,75
-41,66,32,50,-79,58,-69,75
-39,65,32,50,-79,58,-68,74
-38,64,32,50,-79,58,-67,73
-37,65,32,50,-79,58,-65,73
-39,66,31,51,-79,58,-67,72
-40,66,31,52,-79,58,-70,73
-40,65,30,52,-79,58,-72,72
-39,63,31,52,-79,58,-68,69
-38,62,32,51,-79,58,-67,70
-38,62,32,51,-79,58,-67,70
-38,62,32,51,-79,58,-67,70
-39,62,31,51,-79,58,-67,68
-38,62,31,51,-79,58,-67,68
-38,62,32,51,-79,58,-67,70
-38,62,32,50,-79,58,-67,70
-38,62,32,50,-79,58,-67,70
-38,62,32,50,-79,58,-67,70
-38,62,32,50,-79,58,-67,70
-38,62,32,50,-79,58,-67,70
-38,62,32,51,-79,58,-67,70
-38,62,32,51,-79,58,-67,70
-38,62,31,51,-79,58,-67,68
-38,62,31,52,-79,58,-67,68
-38,62,31,52,-79,58,-67,68
-38,62,31,51,-79,58,-67,68
-38,62,32,51,-79,58,-67,70
-38,62,32,50,-79,58,-67,70
-38,62,32,50,-79,58,-67,70
-39,62,32,51,-79,58,-67,70
-39,62,31,52,-80,58,-67,68
-38,62,31,51,-80,58,-67,68
-38,62,32,51,-81,58,-67,70
-38,62,32,50,-81,58,-67,70
-39,61,32,50,-81,58,-67,70
-40,61,32,50,-81,58,-68,70
-41,62,32,50,-80,58,-69,70
-40,63,32,50,-79,58,-69,72
-40,64,32,50,-79,58,-68,73
-40,65,32,50,-79,58,-68,74
-40,66,32,50,-81,58,-69,75
-41,66,32,50,-81,58,-69,75
-41,66,32,50,-81,58,-69,75
-41,66,32,50,-80,58,-69,75
-41,66,32,50,-79,58,-69,75
-40,66,32,50,-79,58,-69,75
-39,67,32,50,-79,58,-68,75
-38,68,32,50,-79,58,-65,76
-37,68,32,50,-79,58,-65,78
-36,69,32,50,-79,58,-64,78
-36,68,32,50,-80,58,-64,78
-36,68,32,50,-80,61,-64,76
-37,68,32,50,-81,62,-65,78
-37,70,32,50,-80,62,-65,79
-36,72,32,50,-79,60,-64,81
-36,74,32,50,-79,58,-64,83
-35,75,32,50,-79,57,-63,84
-35,76,32,50,-79,58,-63,85
-35,76,32,50,-79,59,-63,85
-34,77,32,50,-79,60,-62,86
-32,78,32,50,-79,60,-61,86
-31,79,32,50,-79,59,-59,87
-31,80,32,50,-79,59,-59,89
-32,82,32,50,-79,59,-61,90
-33,82,34,51,-79,61,-62,90
-33,81,35,52,-79,63,-62,90
-32,82,35,53,-79,64,-61,91
-32,84,35,53,-79,63,-61,92
-32,86,35,53,-79,63,-61,95
-33,86,36,53,-79,63,-62,95
-35,87,36,54,-79,63,-63,96
-34,86,36,54,-79,63,-63,95
-33,87,36,54,-81,63,-62,96
-32,87,36,54,-83,63,-61,96
-32,88,36,54,-83,63,-61,96
-32,88,36,54,-81,63,-61,96
-32,87,36,54,-79,63,-61,96
-31,87,35,55,-79,63,-62,96
-31,88,34,56,-80,63,-62,97
-31,90,33,56,-81,63,-62,98
-32,92,33,56,-83,63,-63,101
-32,93,34,56,-83,63,-63,101
-33,93,34,56,-82,63,-64,102
-32,93,35,55,-81,63,-63,102
-33,92,35,55,-79,63,-64,101
-34,92,35,55,-79,63,-64,101
-34,92,35,55,-79,63,-65,101
-34,92,35,55,-79,63,-64,101
-33,92,35,55,-79,63,-64,101
-32,93,35,54,-79,63,-63,101
-32,93,35,55,-79,63,-63,101
-33,93,34,56,-79,63,-64,101
-33,93,33,57,-79,63,-67,98
-33,93,32,57,-79,63,-67,98
-32,93,32,55,-79,63,-63,98
-33,93,34,54,-79,63,-64,101
-33,93,35,53,-80,63,-62,101
-33,93,36,53,-81,63,-62,101
-33,93,36,54,-80,63,-62,101
-33,93,36,54,-79,63,-62,102
-33,93,36,54,-79,63,-62,101
-32,92,35,55,-79,63,-63,101
-31,90,34,56,-79,63,-62,98
-31,88,33,57,-79,63,-64,97
-30,88,34,56,-79,63,-62,97
-30,88,35,55,-79,63,-61,97
-30,89,35,54,-79,63,-62,97
-31,88,36,54,-79,63,-59,97
-31,88,36,54,-80,63,-59,96
-32,87,36,54,-81,63,-61,96
-33,87,36,54,-80,63,-62,96
-34,86,36,54,-79,63,-63,95
-35,86,36,54,-79,63,-63,95
-34,86,36,54,-79,63,-63,95
-33,87,36,54,-79,63,-62,96
-32,88,36,54,-79,63,-61,96
-32,88,36,54,-80,63,-61,96
-33,87,36,54,-81,63,-62,96
-34,86,36,54,-80,63,-63,95
-35,86,36,54,-79,63,-63,95
-35,86,36,54,-79,63,-63,95
-34,86,36,54,-79,63,-63,95
-34,86,36,54,-79,63,-63,95
-34,86,36,54,-79,63,-63,95
-35,86,36,54,-79,63,-63,95
-34,86,36,54,-79,63,-63,95
-34,86,36,54,-79,63,-63,95
-35,86,36,54,-79,63,-63,95
-35,86,36,54,-79,63,-63,95
-35,86,36,53,-79,63,-63,95
-34,85,35,53,-79,63,-62,93
-32,85,35,52,-79,63,-61,93
-32,85,35,53,-79,63,-61,93
-32,85,35,54,-79,63,-63,93
-33,84,35,55,-79,63,-64,92
-33,83,35,55,-79,63,-64,91
-32,82,35,55,-79,63,-63,91
-32,81,35,55,-79,63,-63,90
-32,81,35,55,-79,63,-63,90
-33,81,35,55,-79,63,-64,90
-34,81,33,56,-79,63,-65,90
-35,80,32,57,-79,63,-68,86
-35,79,31,56,-79,63,-68,85
-35,76,32,55,-79,63,-65,83
-34,75,33,54,-79,63,-65,84
-34,75,33,52,-79,63,-63,84
-34,75,32,51,-79,63,-63,84
-34,76,31,51,-79,63,-63,83
-35,75,31,51,-79,63,-63,81
-35,73,31,52,-80,63,-65,80
-35,71,31,52,-81,63,-65,76
-36,68,31,52,-80,63,-67,75
-38,67,31,51,-79,63,-67,74
-40,67,32,50,-79,63,-68,75
-41,67,32,50,-79,63,-69,75
-41,66,32,50,-79,63,-69,75
-40,65,32,50,-79,63,-68,74
-39,63,32,50,-79,63,-67,72
-40,61,32,50,-79,63,-68,70
-41,60,32,50,-79,63,-69,69
-43,60,32,50,-79,63,-70,68
-43,60,32,50,-79,63,-72,68
-43,60,32,50,-79,63,-70,68
-43,60,32,50,-79,63,-70,68
-43,60,32,50,-79,63,-70,68
-43,60,32,50,-79,63,-70,68
-43,60,32,50,-79,63,-70,68
-43,60,32,50,-79,63,-70,68
-43,60,32,50,-79,63,-72,69
-43,59,32,50,-79,63,-70,68
-42,58,32,50,-79,63,-70,67
-41,57,32,50,-79,63,-69,65
-39,56,32,50,-79,63,-67,65
-39,56,32,50,-79,63,-67,64
-39,56,32,50,-79,63,-67,64
-40,56,32,50,-79,63,-68,64
-41,55,32,50,-79,63,-69,64
-41,55,32,50,-79,63,-69,64
-40,55,32,50,-79,63,-68,64
-40,55,32,50,-79,63,-68,64
-40,55,31,49,-79,63,-68,64
-40,55,31,49,-79,63,-68,64
-40,55,31,49,-79,63,-68,64
-41,55,31,49,-79,63,-69,64
-41,55,31,50,-79,63,-69,63
-42,54,32,50,-79,63,-70,63
-43,54,32,50,-79,63,-70,62
-44,54,33,50,-79,63,-72,62
-45,54,32,50,-79,63,-73,62
-45,53,32,50,-79,63,-73,62
-44,52,32,49,-79,63,-72,61
-43,50,32,48,-79,63,-68,58
-43,49,33,46,-79,64,-69,58
-44,49,33,46,-80,65,-69,58
-45,49,31,47,-81,65,-70,58
-44,49,31,47,-80,65,-70,58
-43,49,32,47,-79,64,-68,58
-42,49,32,47,-79,63,-68,57
-43,49,32,47,-79,63,-68,57
-44,49,32,46,-79,63,-69,57
-44,48,33,45,-79,63,-67,57
-43,47,33,45,-79,63,-65,56
-41,45,33,44,-79,63,-64,53
-42,44,32,44,-79,63,-64,53
-42,45,31,45,-79,63,-65,53
-42,45,31,46,-79,63,-68,54
-41,46,31,48,-79,63,-67,54
-40,45,31,49,-79,63,-68,53
-41,44,32,50,-79,63,-69,53
-42,43,32,50,-79,63,-70,52
-43,43,32,50,-79,63,-70,51
-43,43,32,50,-79,63,-72,51
-43,43,32,50,-79,63,-72,52
-42,43,31,49,-79,63,-69,52
-40,44,30,48,-79,63,-68,51
-40,44,30,48,-79,63,-65,51
-40,45,29,47,-79,63,-65,51
-40,45,29,47,-79,63,-65,51
-40,45,29,47,-79,63,-65,51
-39,43,29,47,-79,63,-64,50
-39,41,29,47,-79,63,-64,47
-39,40,29,47,-79,63,-64,46
-40,40,29,47,-79,63,-65,47
-41,42,29,47,-79,63,-65,48
-40,43,29,47,-79,63,-65,50
-39,44,29,47,-79,63,-64,50
-39,43,29,47,-79,63,-64,50
-41,43,29,47,-79,63,-67,50
-43,42,29,47,-79,63,-68,48
-43,41,29,47,-79,63,-69,47
-44,41,29,47,-79,63,-69,47
-44,42,29,47,-79,63,-69,48
-44,41,29,47,-79,63,-69,47
-43,39,29,47,-79,63,-68,46
-42,38,29,47,-79,63,-68,45
-42,37,29,47,-79,63,-68,43
-42,38,29,47,-79,63,-67,43
-42,38,29,47,-79,63,-68,45
-42,38,29,47,-79,63,-68,45
-42,38,29,47,-79,63,-68,45
-42,38,29,47,-79,61,-67,43
-42,38,29,47,-79,61,-68,43
-42,38,29,47,-79,62,-68,45
-42,38,29,47,-79,63,-68,45
-42,38,29,47,-79,63,-68,45
-42,38,29,47,-79,62,-68,43
-42,37,29,47,-79,61,-68,43
-42,38,29,47,-79,61,-67,45
-42,40,30,48,-79,61,-67,46
-42,42,30,48,-79,60,-70,48
-43,43,30,48,-79,60,-68,48
-43,43,29,47,-79,60,-68,50
-42,44,29,47,-79,59,-67,50
-41,45,29,47,-79,60,-67,52
-41,47,29,47,-79,61,-67,53
-42,49,29,47,-79,61,-68,56
-43,51,29,47,-79,61,-68,57
-42,53,28,46,-79,60,-68,59
-42,54,29,47,-79,58,-68,61
-41,55,30,48,-79,57,-67,62
-40,55,32,50,-79,58,-68,64
-40,56,32,50,-79,60,-68,64
-41,56,32,49,-79,60,-69,65
-42,57,30,48,-79,60,-67,63
-42,58,30,48,-79,60,-68,64
-42,59,31,49,-79,60,-70,67
-42,60,32,50,-79,61,-70,68
-42,61,33,50,-80,61,-70,69
-41,61,32,50,-81,60,-69,69
-42,60,32,50,-81,58,-69,69
-42,60,32,50,-80,58,-70,69
-42,60,32,50,-79,60,-70,69
-41,61,32,50,-79,62,-69,69
-40,61,32,50,-79,63,-69,69
-41,61,32,50,-79,62,-69,69
-42,61,32,50,-79,61,-70,69
-43,61,32,50,-79,61,-70,70
-42,62,32,50,-79,63,-70,70
-41,62,32,50,-79,63,-69,72
-39,62,32,50,-79,63,-68,70
-39,61,32,50,-79,63,-67,70
-39,61,32,50,-79,63,-68,70
-40,61,32,50,-79,63,-68,69
-40,61,32,50,-79,63,-68,70
-39,62,32,50,-79,63,-67,70
-38,62,32,50,-79,63,-67,70
-38,62,32,50,-79,63,-67,72
-39,62,32,50,-79,63,-67,70
-39,61,32,50,-79,63,-68,70
-40,61,32,50,-79,63,-68,69
-41,61,32,50,-79,63,-69,69
-41,62,32,50,-79,63,-69,70
-41,65,32,50,-79,63,-69,73
-41,66,32,49,-79,63,-69,75
-41,67,31,49,-79,63,-69,75
-41,66,32,49,-79,63,-69,75
-41,66,32,50,-79,63,-69,75
-41,66,32,50,-79,63,-69,75
-41,66,32,50,-79,63,-69,75
-41,66,32,50,-79,63,-69,75
-40,66,32,50,-79,63,-69,75
-40,66,32,50,-79,63,-69,75
-40,66,32,50,-79,63,-69,75
-41,66,32,50,-79,63,-69,75
-41,67,32,50,-79,63,-69,75
-40,66,32,50,-79,63,-69,75
-40,65,32,50,-79,63,-68,74
-39,63,32,50,-79,63,-68,72
-39,62,32,50,-79,63,-67,70
-38,62,32,50,-79,63,-65,70
-37,62,32,50,-79,63,-65,72
-36,63,32,50,-79,63,-64,72
-37,63,32,50,-79,63,-65,72
-39,63,32,49,-79,63,-67,72
-40,64,31,49,-79,63,-68,73
-40,65,32,49,-79,63,-69,73
-40,65,32,50,-79,63,-68,74
-39,65,32,50,-79,63,-67,74
-37,65,32,50,-79,63,-65,73
-38,63,32,50,-79,63,-65,72
-38,62,32,50,-79,63,-65,70
-37,62,32,50,-79,63,-65,72
-36,64,32,50,-79,63,-64,73
-34,64,32,50,-79,63,-63,73
-34,65,32,50,-79,63,-62,73
-34,64,32,50,-79,63,-62,73
-34,64,32,50,-79,63,-62,73
-34,64,32,50,-79,63,-63,73
-36,64,32,50,-79,63,-64,73
-36,64,32,50,-79,63,-64,73
-36,64,32,50,-79,63,-64,73
-34,64,32,50,-79,63,-63,73
-34,64,32,50,-79,63,-62,73
-34,65,32,50,-79,63,-62,73
-35,66,32,50,-79,63,-63,74
-36,67,32,50,-79,63,-64,76
-36,68,32,50,-79,63,-64,78
-36,69,32,50,-79,63,-64,78
-35,69,33,50,-79,63,-63,78
-36,71,33,51,-79,63,-64,79
-37,72,33,51,-79,63,-65,81
-37,74,34,51,-79,63,-65,83
-36,75,34,52,-79,63,-64,84
-34,75,35,53,-80,63,-63,84
-34,75,35,53,-81,63,-63,84
-35,76,34,52,-80,63,-63,85
-36,78,32,50,-79,63,-64,87
-36,80,32,50,-79,63,-64,89
-34,82,32,50,-79,63,-62,90
-32,82,34,51,-79,63,-61,91
-32,82,35,53,-79,63,-61,91
-32,82,36,54,-79,63,-61,90
-33,81,35,54,-79,63,-64,90
-33,81,34,54,-79,63,-64,90
-32,82,32,53,-79,63,-63,91
-31,83,32,52,-80,63,-59,91
-31,84,33,53,-81,63,-59,92
-32,84,34,54,-80,63,-63,92
-33,85,34,56,-80,63,-64,93
-34,85,33,57,-80,63,-68,93
-35,86,33,57,-80,63,-68,92
-34,85,33,56,-80,63,-65,93
-33,83,34,56,-80,63,-64,92
-32,82,34,56,-81,63,-63,90
-32,81,33,57,-82,63,-65,87
-32,82,33,58,-82,63,-65,89
-32,82,32,57,-81,63,-65,89
-34,81,32,55,-80,63,-65,87
-36,80,33,53,-80,63,-64,89
-35,80,33,51,-81,63,-64,89
-34,82,34,51,-81,64,-62,90
-32,82,33,51,-81,63,-61,90
-33,80,33,51,-80,63,-62,89
-33,77,33,51,-79,63,-62,86
-35,75,33,52,-79,63,-63,84
-35,74,33,51,-79,63,-63,83
-34,75,33,50,-79,63,-63,84
-34,75,32,50,-80,62,-63,84
-34,75,32,50,-81,61,-62,84
-34,75,32,50,-80,62,-63,84
-36,74,32,50,-79,63,-64,83
-37,73,32,50,-79,63,-65,83
-39,73,32,50,-79,62,-67,81
-39,72,32,50,-79,61,-67,81
-39,73,32,50,-79,61,-67,81
-39,73,32,50,-79,62,-67,81
-39,73,32,50,-79,61,-67,81
-38,73,32,50,-79,60,-67,81
-39,73,32,50,-79,59,-67,81
-40,73,32,50,-79,60,-68,81
-42,71,32,50,-79,61,-70,80
-42,69,32,50,-79,63,-70,78
-42,68,32,50,-79,64,-70,76
-41,67,32,50,-79,64,-69,75
-40,66,32,50,-79,63,-69,75
-39,65,32,50,-79,61,-68,74
-39,64,32,50,-79,61,-68,73
-40,61,32,50,-79,62,-68,70
-41,60,32,51,-79,63,-69,69
-43,59,32,51,-79,62,-70,68
-43,60,31,51,-79,61,-72,65
-43,60,31,51,-79,60,-70,65
-42,58,31,52,-79,60,-70,64
-42,56,31,53,-79,60,-73,62
-43,54,30,53,-79,60,-74,59
-44,53,30,52,-79,60,-75,58
-45,53,30,51,-79,60,-73,58
-45,53,30,51,-79,60,-73,59
-45,53,30,51,-79,59,-73,59
-45,53,31,51,-79,59,-73,59
-44,52,31,51,-79,58,-72,58
-44,51,30,51,-79,58,-72,57
-43,50,28,50,-79,58,-72,57
-43,50,28,50,-79,58,-70,56
-42,49,28,48,-79,58,-70,54
-42,49,28,47,-79,58,-68,54
-42,49,29,47,-79,58,-68,54
-42,49,29,47,-79,58,-68,56
-42,49,29,47,-79,58,-68,56
-42,49,29,47,-79,58,-68,56
-42,49,28,47,-79,58,-68,54
-43,49,29,47,-79,58,-68,54
-43,49,29,47,-79,57,-68,56
-43,49,29,47,-79,57,-68,56
-42,49,29,47,-79,57,-68,56
-42,49,29,47,-79,57,-68,54
-42,48,29,47,-79,56,-68,54
-43,46,29,47,-79,56,-68,53
-45,45,29,47,-79,56,-70,51
-46,45,29,47,-79,55,-70,51
-46,45,29,47,-79,55,-72,51
-46,45,29,47,-79,54,-72,51
-46,46,29,47,-79,53,-72,52
-47,47,29,47,-79,53,-73,53
-47,46,29,47,-79,54,-73,52
-46,45,28,46,-79,54,-72,51
-45,43,28,46,-79,54,-70,50
-44,42,28,46,-79,53,-69,48
-45,42,28,46,-79,53,-70,48
-46,41,28,46,-79,53,-72,47
-46,41,29,47,-79,53,-72,47
-46,42,29,47,-79,53,-72,47
-44,42,29,47,-79,53,-69,48
-44,42,29,47,-79,53,-69,48
-45,42,29,47,-80,53,-70,47
-48,41,29,47,-80,53,-73,47
-49,40,29,47,-79,53,-74,46
-49,40,29,47,-79,53,-74,46
-47,39,29,47,-79,53,-72,45
-45,38,29,47,-80,53,-70,43
-45,36,29,47,-81,54,-70,42
-46,35,29,47,-82,54,-72,41
-46,36,29,47,-81,54,-72,41
-46,36,29,47,-80,53,-70,42
-45,36,29,47,-79,53,-70,42
-45,36,29,47,-79,53,-70,42
-46,36,29,47,-79,53,-70,42
-46,36,29,47,-80,53,-70,42
-45,36,29,47,-81,54,-70,42
-45,36,29,47,-82,54,-70,42
-45,36,29,47,-81,54,-70,42
-45,36,29,47,-80,53,-70,42
-44,37,29,47,-79,53,-69,43
-43,37,29,47,-79,53,-68,43
-43,37,29,47,-79,53,-69,43
-45,36,29,47,-80,53,-70,42
-46,36,29,47,-80,53,-72,41
-47,35,29,47,-79,53,-72,41
-46,35,29,47,-79,53,-72,41
-46,36,29,47,-79,53,-72,41
-46,36,29,47,-79,53,-72,41
-46,36,29,47,-79,53,-72,41
-46,36,29,47,-79,53,-72,41
-46,35,29,47,-79,53,-72,41
-46,35,29,47,-79,53,-72,41
-46,35,29,47,-79,53,-72,41
-46,36,29,47,-79,53,-72,41
-46,36,29,47,-79,53,-72,41
-46,35,29,47,-79,53,-72,41
-47,35,29,47,-79,53,-73,41
-48,35,29,47,-79,53,-73,41
-49,34,29,47,-79,53,-74,40
-50,34,29,47,-79,53,-75,40
-51,33,28,47,-79,53,-76,40
-51,33,28,47,-79,53,-76,39
-51,33,29,47,-79,53,-76,39
-50,33,29,47,-79,53,-75,39
-51,33,29,47,-79,53,-76,40
-51,33,28,47,-79,53,-76,40
-51,33,28,48,-79,53,-79,39
-50,32,27,48,-79,53,-78,39
-50,32,28,48,-79,53,-78,37
-50,32,28,47,-79,53,-75,39
-50,33,29,47,-79,53,-75,39
-50,32,29,47,-79,53,-75,39
-50,32,29,47,-79,53,-75,37
-50,31,29,47,-79,53,-75,37
-50,31,29,47,-79,53,-75,37
-50,31,29,47,-79,53,-75,37
-49,30,28,46,-79,53,-74,36
-48,29,28,46,-79,53,-74,35
-48,29,28,46,-79,53,-74,35
-49,29,28,46,-79,53,-74,35
-48,29,28,46,-79,53,-74,35
-48,29,28,44,-79,53,-72,35
-48,29,27,42,-79,53,-72,35
-49,29,27,41,-79,53,-72,35
-49,28,28,41,-79,53,-72,35
-48,29,28,41,-79,53,-72,35
-47,29,27,42,-79,53,-70,36
-45,30,26,43,-79,53,-68,36
-44,31,25,43,-79,53,-69,37
-44,31,25,44,-79,53,-69,37
-44,32,25,44,-79,53,-69,37
-44,31,27,45,-79,53,-69,37
-44,31,28,46,-79,53,-69,37
-44,31,28,46,-79,53,-69,37
-44,31,27,45,-79,53,-69,37
-44,32,27,45,-79,53,-69,37
-45,33,28,46,-79,53,-70,39
-45,34,29,47,-79,53,-70,40
-46,34,29,47,-79,53,-70,40
-46,34,29,47,-79,53,-70,40
-46,34,29,47,-79,53,-70,40
-46,35,29,47,-79,53,-72,41
-46,36,29,47,-79,53,-72,42
-46,36,29,47,-79,53,-72,42
-46,36,29,47,-79,53,-72,42
-46,36,29,47,-79,53,-72,41
-46,36,29,47,-79,53,-72,41
-46,36,29,47,-79,53,-72,42
-46,36,29,47,-79,53,-72,41
-46,36,29,47,-79,53,-72,41
-46,36,29,47,-79,53,-72,41
-46,36,29,47,-79,53,-72,41
-46,36,29,47,-79,53,-72,41
-46,36,29,47,-79,53,-72,41
-46,36,29,47,-79,53,-72,41
-46,36,29,47,-79,53,-72,41
-46,36,29,47,-79,53,-72,41
-46,36,29,47,-79,53,-72,41
-46,36,29,47,-79,53,-72,41
-46,36,29,47,-79,53,-72,41
-46,36,29,47,-79,53,-72,41
-46,36,29,47,-79,53,-72,41
-46,36,29,47,-79,53,-72,41
-46,36,29,47,-79,53,-72,41
-46,36,29,47,-79,53,-72,41
-46,36,29,47,-79,53,-72,41
-46,36,29,47,-79,53,-72,41
-46,36,29,47,-79,53,-72,41
-46,36,29,47,-79,53,-72,41
-46,36,29,47,-79,53,-72,41
-46,36,29,47,-79,53,-72,41
-46,36,29,47,-79,53,-72,41
-46,36,29,47,-79,53,-72,41
-46,36,29,47,-79,53,-72,41
-46,36,29,47,-79,53,-72,41
-46,36,29,47,-79,53,-72,41
-46,36,29,47,-79,53,-72,41
-46,36,29,47,-79,53,-72,41
-46,36,29,47,-79,53,-72,41
-46,36,29,47,-79,53,-72,41
-46,36,28,46,-79,53,-72,41
-46,36,28,46,-79,53,-72,41
-46,36,28,46,-79,53,-72,41
-46,36,28,46,-79,53,-72,42
-46,36,28,46,-79,53,-72,41
-46,36,29,47,-79,53,-72,41
-46,36,29,47,-79,53,-72,41
-46,36,29,47,-79,53,-72,42
-46,36,29,47,-79,53,-72,42
-46,35,29,47,-79,53,-72,41
-46,34,29,47,-79,53,-70,40
-45,34,29,47,-80,53,-70,40
-46,34,29,47,-80,53,-70,40
-46,35,29,47,-79,53,-72,41
-46,36,29,47,-79,53,-72,42
-46,36,29,47,-79,53,-72,42
-46,36,29,47,-80,53,-72,41
-46,36,29,47,-81,54,-72,41
-46,35,29,47,-82,54,-72,41
-46,36,29,47,-81,54,-72,42
-46,36,29,47,-80,53,-72,41
-46,36,29,47,-79,53,-72,41
-46,35,29,47,-79,53,-72,41
-47,35,29,47,-79,53,-72,41
-46,36,29,47,-80,53,-72,41
-45,36,29,47,-81,54,-70,42
-43,37,29,47,-82,54,-69,43
-42,38,29,47,-81,54,-68,43
-42,38,28,46,-80,53,-67,45
-42,38,28,46,-79,53,-67,43
-42,38,28,46,-79,53,-68,43
-42,38,27,45,-79,53,-68,43
-42,38,26,44,-80,53,-68,45
-42,38,25,43,-80,53,-68,45
-42,38,25,43,-79,54,-68,45
-42,38,26,45,-79,54,-67,43
-42,38,28,46,-79,54,-67,43
-42,38,29,47,-79,53,-68,45
-43,39,29,47,-79,53,-68,45
-43,40,29,47,-79,54,-68,46
-43,40,29,47,-79,55,-69,47
-44,41,29,47,-79,57,-69,47
-44,42,29,47,-79,57,-69,48
-44,42,29,47,-79,56,-69,48
-44,42,29,47,-79,55,-69,48
-44,42,29,47,-79,55,-69,48
-44,42,29,47,-79,55,-69,48
-44,42,29,47,-79,54,-69,48
-44,42,29,47,-79,53,-69,48
-44,42,29,47,-80,53,-69,48
-44,42,29,47,-81,54,-69,48
-44,42,29,47,-81,55,-69,48
-44,42,29,47,-81,56,-69,48
-44,42,29,47,-81,57,-69,48
-44,42,29,47,-81,56,-69,48
-44,42,29,47,-81,55,-69,48
-44,42,29,47,-80,54,-69,48
-44,42,30,48,-79,53,-69,48
-44,42,30,48,-79,53,-69,48
-44,41,30,48,-80,54,-72,47
-43,41,30,48,-81,54,-69,47
-44,41,30,48,-82,54,-69,47
-43,40,30,48,-81,54,-69,47
-43,39,30,48,-80,53,-70,46
-42,38,30,48,-79,53,-68,45
-42,37,30,48,-79,53,-67,43
-42,38,29,47,-79,53,-67,43
-42,38,29,47,-80,53,-68,45
-42,38,29,47,-80,53,-68,45
-42,38,29,47,-79,53,-68,45
-42,38,29,47,-79,54,-67,43
-42,38,29,47,-79,54,-67,43
-42,38,29,47,-79,53,-67,43
-42,38,29,47,-79,53,-67,43
-42,38,28,47,-79,53,-67,43
-42,38,28,47,-79,54,-67,43
-42,38,29,46,-79,55,-67,43
-42,38,30,46,-79,55,-67,46
-42,38,30,46,-79,55,-68,46
-42,38,30,46,-79,54,-68,46
-42,38,29,47,-79,53,-68,43
-42,38,28,47,-79,53,-67,43
-42,38,29,47,-79,53,-67,43
-42,38,30,46,-79,54,-68,46
-43,37,30,46,-79,54,-68,46
-44,37,30,46,-79,55,-69,46
-45,36,30,46,-79,57,-70,45
-46,36,31,44,-79,57,-68,45
-46,36,32,43,-79,56,-68,45
-45,36,31,44,-79,54,-68,45
-45,36,30,46,-79,54,-70,45
-46,36,28,47,-79,54,-70,42
-46,36,28,47,-79,57,-72,41
-46,36,30,46,-79,58,-70,45
-43,37,30,46,-79,58,-69,46
-42,38,30,46,-79,57,-67,46
-42,38,29,46,-79,56,-67,45
-42,38,28,47,-79,57,-68,45
-43,37,28,47,-79,58,-69,43
-44,37,29,47,-79,58,-69,43
-44,36,29,47,-79,58,-69,42
-45,37,29,47,-79,58,-70,43
-45,38,28,47,-79,58,-70,43
-45,39,29,47,-79,58,-70,46
-45,40,29,47,-79,58,-70,47
-44,41,29,47,-79,58,-69,47
-44,41,29,47,-79,58,-69,47
-44,42,29,47,-79,58,-69,48
-45,42,29,47,-79,58,-70,48
-44,42,29,47,-79,58,-69,48
-44,42,29,47,-79,58,-69,48
-45,42,29,47,-79,58,-70,48
-45,42,29,47,-79,58,-70,48
-44,42,29,47,-79,58,-69,48
-43,43,29,47,-80,58,-68,50
-42,43,29,47,-81,58,-67,50
-41,44,29,47,-81,58,-67,50
-42,43,29,47,-81,58,-67,50
-41,44,29,47,-80,58,-67,50
-41,44,29,47,-79,58,-65,51
-40,45,29,47,-79,58,-65,51
-40,44,29,47,-79,58,-65,51
-40,44,28,47,-79,58,-65,51
-40,44,28,47,-79,58,-65,51
-40,45,29,47,-79,58,-65,51
-41,46,29,47,-79,58,-67,52
-41,46,29,47,-79,58,-67,52
-41,46,28,47,-79,58,-67,52
-41,46,28,48,-79,58,-69,52
-42,47,27,48,-79,58,-69,53
-42,49,28,48,-79,58,-70,54
-43,49,29,47,-79,58,-68,56
-42,49,30,48,-79,58,-68,56
-42,49,31,50,-79,58,-70,57
-42,49,31,51,-79,58,-70,54
-42,49,31,52,-79,58,-73,54
-42,49,32,51,-79,58,-70,57
-42,49,32,51,-79,58,-70,57
-42,49,32,50,-79,58,-70,57
-42,49,32,50,-79,58,-70,57
-42,49,32,50,-79,58,-70,57
-42,49,32,50,-79,59,-70,57
-42,49,31,49,-79,60,-70,57
-42,49,31,49,-80,60,-70,57
-42,49,31,49,-81,60,-70,57
-42,49,31,49,-81,59,-70,57
-42,49,32,50,-79,60,-70,57
-42,49,32,50,-79,61,-70,57
-42,49,32,49,-79,62,-70,57
-42,49,30,48,-79,61,-68,54
-42,49,29,47,-79,61,-68,54
-42,49,28,47,-79,61,-68,54
-42,49,29,47,-79,60,-68,56
-43,49,29,47,-79,60,-68,56
-42,49,29,47,-79,60,-68,54
-42,48,28,47,-79,60,-67,54
-41,46,28,47,-79,61,-67,52
-40,45,30,48,-79,62,-65,51
-40,44,33,48,-79,63,-65,53
-40,44,34,47,-79,63,-65,53
-40,45,34,47,-79,63,-65,53
-40,45,32,48,-79,63,-65,53
-40,45,31,49,-79,63,-68,53
-40,44,30,49,-79,63,-68,51
-40,44,30,49,-80,62,-68,51
-40,44,30,48,-81,61,-65,51
-40,44,29,47,-80,62,-65,51
-40,44,30,48,-79,63,-65,51
-40,44,30,48,-79,63,-68,51
-40,44,30,48,-80,63,-68,51
-40,44,30,48,-81,63,-68,51
-40,44,30,48,-80,63,-65,51
-40,45,29,47,-79,63,-65,51
-40,44,29,47,-79,63,-65,51
-40,44,30,48,-79,63,-65,51
-40,44,30,48,-79,63,-65,51
-40,44,30,48,-79,63,-65,51
-40,45,29,47,-79,63,-65,51
-41,45,29,47,-79,63,-67,52
-42,46,29,47,-79,63,-68,52
-43,46,29,47,-79,63,-69,52
-43,46,29,47,-79,63,-68,52
-42,47,29,47,-80,63,-68,53
-42,47,29,47,-81,63,-67,53
-42,48,29,47,-80,64,-67,54
-42,47,29,47,-79,63,-68,53
-41,46,29,47,-79,63,-67,52
-40,45,29,47,-79,63,-65,52
-40,45,29,47,-79,63,-65,51
-41,45,29,47,-79,63,-65,51
-42,45,29,47,-79,63,-67,51
-43,45,29,47,-79,62,-68,51
-42,45,29,47,-80,61,-67,51
-41,46,29,47,-81,62,-67,52
-42,47,29,47,-80,63,-67,53
-42,49,29,47,-80,63,-68,54
-43,50,29,47,-80,63,-68,56
-43,49,29,47,-80,63,-68,54
-42,47,30,48,-80,63,-68,53
-41,46,30,48,-80,63,-69,52
-41,46,30,48,-80,63,-67,52
-41,46,29,47,-81,63,-67,52
-41,46,29,47,-80,63,-67,52
-40,45,29,47,-79,63,-65,51
-40,44,29,47,-79,63,-65,51
-40,44,29,47,-79,63,-65,51
-40,44,29,47,-79,63,-65,51
-40,44,29,47,-79,63,-65,51
-40,44,29,47,-79,63,-65,51
-40,44,29,47,-79,63,-65,51
-40,44,29,47,-79,63,-65,51
-40,44,29,47,-79,63,-65,51
-40,44,29,47,-79,63,-65,51
-42,43,29,47,-80,63,-67,50
-43,43,29,47,-81,63,-68,48
-43,43,29,47,-80,64,-68,48
-42,43,30,48,-79,63,-67,50
-40,44,30,48,-79,63,-68,51
-39,45,30,48,-79,63,-64,51
-40,44,29,47,-79,63,-65,51
-42,43,28,46,-79,63,-67,50
-42,43,28,46,-79,63,-67,50
-41,44,29,47,-79,61,-67,50
-40,44,30,48,-79,61,-65,51
-40,44,30,48,-79,62,-68,51
-40,44,30,48,-79,62,-65,51
-40,44,30,48,-79,62,-68,51
-40,44,30,48,-79,60,-65,51
-40,44,29,48,-79,59,-68,51
-40,44,28,48,-79,59,-68,51
-39,45,27,48,-79,60,-67,51
-39,45,28,48,-79,60,-67,51
-39,45,28,47,-79,60,-64,51
-39,45,29,47,-79,59,-64,51
-39,45,29,47,-79,59,-64,51
-38,46,29,47,-79,58,-63,52
-37,46,28,47,-79,58,-62,52
-36,46,28,47,-79,58,-62,53
-36,47,29,47,-79,58,-61,53
-36,47,29,47,-79,58,-61,53
-36,46,29,47,-79,58,-62,53
-37,46,29,47,-79,58,-63,52
-38,46,29,47,-79,58,-63,52
-38,45,29,47,-79,58,-64,52
-38,45,29,47,-79,58,-63,52
-37,46,29,47,-79,58,-62,52
-36,47,29,47,-79,58,-61,53
-36,47,29,47,-79,58,-62,53
-37,46,29,47,-79,58,-62,53
-39,45,29,47,-79,58,-64,52
-40,44,29,47,-79,58,-65,51
-41,44,29,47,-79,58,-65,50
-40,45,29,47,-79,58,-65,51
-39,46,29,47,-79,58,-64,53
-40,48,29,47,-79,58,-65,54
-41,49,29,47,-79,58,-67,56
-42,49,29,47,-79,58,-68,56
-43,49,29,47,-79,58,-68,56
-43,49,29,47,-79,58,-68,54
-42,49,29,47,-79,58,-68,54
-42,49,29,47,-79,58,-68,54
-42,49,29,47,-79,58,-68,56
-43,49,29,47,-79,58,-68,54
-42,49,29,47,-79,58,-68,54
-42,49,29,47,-79,58,-68,54
-42,49,29,47,-79,58,-68,54
-42,49,29,47,-79,57,-68,54
-42,49,29,47,-79,56,-68,54
-43,49,29,47,-79,55,-68,54
-42,49,29,47,-79,54,-68,54
-42,49,29,47,-79,54,-68,54
-42,49,29,47,-79,55,-68,54
-43,49,29,47,-79,55,-68,54
-43,48,29,47,-79,55,-68,54
-42,49,29,47,-79,54,-68,54
-41,49,29,47,-79,53,-67,56
-39,50,29,47,-79,53,-64,57
-38,51,30,48,-79,53,-64,57
-38,51,30,48,-79,54,-65,58
-38,51,30,48,-79,54,-63,58
-38,51,29,47,-79,53,-64,57
-38,51,29,47,-79,53,-64,57
-38,51,30,48,-79,53,-64,57
-39,52,30,48,-79,53,-67,58
-39,53,30,48,-79,53,-64,59
-39,54,29,47,-79,53,-65,59
-40,54,29,47,-79,53,-65,61
-40,55,29,47,-79,53,-65,62
-40,56,29,47,-79,53,-65,62
-40,56,29,47,-79,53,-65,62
-40,55,29,47,-79,53,-65,62
-40,55,29,47,-79,53,-65,62
-40,55,29,47,-79,53,-65,62
-40,56,29,47,-79,53,-65,62
-40,55,29,47,-79,53,-65,62
-40,55,29,47,-79,53,-65,62
-40,55,29,47,-79,53,-65,62
-40,55,28,46,-79,53,-65,62
-40,55,29,47,-79,53,-65,62
-40,55,30,48,-79,53,-65,62
-42,54,32,50,-79,53,-69,63
-43,54,32,50,-79,53,-72,62
-45,53,31,49,-79,53,-73,62
-45,53,30,48,-79,53,-70,58
-45,53,30,48,-79,53,-70,59
-45,53,31,49,-79,53,-73,62
-44,54,31,49,-79,53,-73,62
-43,54,30,48,-79,53,-72,59
-43,54,29,47,-79,53,-68,59
-43,54,29,47,-79,53,-69,61
-45,55,29,47,-79,53,-70,61
-46,56,30,48,-79,53,-74,62
-46,56,31,49,-80,53,-74,64
-45,56,32,50,-80,53,-73,64
-44,56,32,50,-79,53,-72,64
-43,56,32,50,-79,53,-72,64
-42,57,33,50,-79,53,-70,65
-42,58,32,50,-80,53,-70,67
-42,59,32,50,-81,54,-70,67
-42,59,31,50,-82,54,-70,68
-42,59,31,49,-81,54,-70,67
-42,58,32,49,-80,54,-70,67
-42,58,32,48,-79,54,-68,67
-42,59,32,48,-79,53,-68,68
-43,59,32,48,-79,53,-68,68
-43,60,32,50,-80,54,-72,69
-43,61,33,52,-81,55,-72,69
-42,62,34,52,-81,56,-70,70
-40,62,33,51,-81,57,-69,72
-39,62,32,50,-79,55,-67,72
-38,62,32,50,-79,54,-67,70
-38,62,32,50,-80,54,-67,70
-37,62,32,50,-81,55,-65,72
-36,63,32,50,-81,57,-64,72
-34,64,32,50,-81,57,-63,73
-34,65,32,50,-80,55,-62,74
-35,66,32,50,-79,55,-63,74
-35,66,32,50,-79,56,-63,74
-35,65,32,50,-79,58,-63,74
-34,65,32,50,-80,59,-63,73
-35,65,32,50,-81,59,-63,74
-36,67,32,50,-81,58,-64,76
-36,68,32,50,-81,58,-64,78
-36,69,32,50,-80,58,-64,78
-36,69,32,50,-79,58,-64,78
-36,68,32,50,-79,58,-64,78
-36,68,32,50,-79,58,-64,78
-36,68,32,50,-79,58,-64,76
-36,69,32,50,-79,58,-64,78
-37,70,32,50,-79,58,-65,79
-38,72,32,50,-79,58,-67,80
-39,73,32,50,-80,58,-67,81
-39,73,32,50,-81,58,-67,83
-39,73,32,50,-81,58,-67,81
-39,73,32,50,-81,58,-67,81
-39,73,32,50,-80,58,-67,81
-38,73,32,50,-79,58,-67,81
-37,73,32,50,-79,58,-65,83
-37,74,32,50,-79,58,-65,83
-37,73,32,50,-79,58,-65,83
-37,74,32,50,-79,58,-65,83
-36,74,32,50,-79,58,-64,83
-35,75,32,50,-79,58,-63,84
-34,75,32,50,-79,58,-62,84
-34,75,32,50,-79,58,-63,84
-34,75,32,50,-79,58,-63,84
-34,75,32,50,-79,58,-63,84
-34,75,32,50,-79,58,-63,84
-35,76,32,50,-79,58,-63,85
-36,77,32,50,-79,58,-64,85
-36,78,32,50,-79,58,-64,86
-36,79,32,50,-79,58,-64,87
-35,80,32,50,-79,58,-64,89
-35,80,32,50,-79,58,-63,89
-36,80,32,50,-79,58,-64,89
-36,79,32,50,-79,58,-65,89
-37,79,32,50,-79,58,-65,87
-36,80,32,50,-79,58,-64,89
-33,81,32,50,-79,58,-62,90
-32,82,32,50,-79,58,-61,90
-32,82,32,50,-79,58,-61,91
-32,82,32,50,-79,58,-61,90
-32,82,32,50,-79,58,-61,90
-32,82,32,50,-79,58,-61,90
-32,82,32,50,-79,58,-61,91
-32,82,32,50,-79,58,-61,91
-32,82,32,50,-79,58,-61,90
-32,82,32,50,-79,58,-61,90
-32,82,32,50,-79,58,-61,90
-32,82,32,50,-79,58,-61,91
-33,83,32,50,-79,58,-62,91
-33,83,32,50,-79,58,-62,92
-34,84,32,50,-79,58,-63,93
-34,85,32,50,-79,58,-63,93
-35,86,32,50,-79,58,-63,95
-35,86,32,50,-80,58,-63,95
-35,86,32,50,-81,58,-63,95
-35,86,33,51,-81,58,-63,95
-35,86,34,52,-81,58,-63,95
-35,86,34,53,-80,58,-63,95
-35,86,34,52,-79,58,-63,95
-34,86,33,51,-79,58,-63,95
-34,86,32,50,-79,58,-63,95
-34,86,31,51,-79,58,-63,92
-35,86,30,53,-79,58,-65,92
-35,86,28,54,-79,58,-65,92
-34,86,29,54,-79,58,-65,92
-33,86,31,54,-79,58,-64,92
-32,87,34,54,-79,58,-63,96
-32,87,35,55,-79,58,-63,96
-33,87,36,55,-79,58,-64,96
-33,87,34,56,-79,58,-64,96
-33,87,32,55,-79,58,-64,93
-33,87,29,55,-79,58,-64,93
-33,86,29,54,-79,58,-64,92
-34,86,31,54,-79,58,-65,92
-35,86,32,55,-79,58,-65,92
-35,86,32,55,-79,58,-65,92
-35,86,31,55,-79,58,-65,92
-35,86,31,55,-79,58,-65,92
-34,85,32,55,-79,58,-65,91
-33,83,33,54,-79,58,-64,92
-32,82,33,53,-79,58,-61,91
-32,82,32,50,-80,58,-61,90
-34,81,32,50,-81,58,-62,90
-36,80,32,50,-81,59,-64,89
-36,78,32,50,-81,59,-64,87
-36,76,32,50,-80,58,-64,85
-34,75,32,50,-79,57,-63,84
-34,75,32,50,-79,55,-62,84
-34,75,32,50,-79,54,-63,84
-35,75,32,50,-80,53,-63,84
-35,75,32,50,-80,53,-63,84
-34,75,32,50,-79,54,-63,84
-34,74,32,50,-79,54,-62,83
-34,74,32,50,-79,54,-62,83
-34,73,32,50,-79,53,-62,83
-34,73,32,50,-79,53,-62,83
-34,74,32,50,-79,54,-62,83
-34,74,32,50,-79,55,-62,83
-34,75,32,50,-79,55,-63,84
-35,75,33,49,-79,55,-61,84
-35,75,34,49,-79,54,-61,84
-35,75,33,49,-79,53,-61,84
-34,75,32,50,-79,53,-63,84
-34,75,32,50,-79,53,-63,84
-35,75,32,50,-79,54,-63,84
-35,76,32,50,-79,54,-63,85
-36,78,32,50,-79,53,-64,86
-36,78,32,50,-79,53,-64,87
-36,79,32,50,-79,53,-65,87
-36,78,32,50,-79,54,-64,87
-36,77,32,50,-79,53,-64,86
-35,76,32,50,-79,53,-63,85
-35,76,32,50,-79,53,-63,85
-36,78,32,50,-79,54,-64,86
-36,79,33,51,-79,54,-65,87
-37,80,34,52,-79,53,-65,89
-37,80,35,53,-79,52,-65,89
-37,80,36,53,-79,52,-65,89
-36,79,36,53,-79,52,-65,87
-36,78,35,53,-79,53,-65,87
-36,78,34,51,-79,52,-64,86
-34,77,33,51,-79,50,-62,86
-32,78,34,52,-79,50,-61,86
-32,78,34,52,-79,51,-61,87
-32,78,34,52,-79,51,-61,87
-32,78,33,51,-79,51,-61,86
-31,78,32,50,-79,50,-59,86
-30,77,32,50,-79,50,-58,86
-30,77,32,50,-79,50,-58,86
-30,77,32,50,-80,49,-58,86
-30,78,32,50,-80,48,-59,86
-30,78,33,50,-80,48,-59,86
-30,77,33,49,-80,48,-56,86
-30,77,34,49,-80,49,-56,86
-30,78,33,49,-80,49,-56,86
-29,78,32,50,-80,48,-57,86
-28,79,32,50,-80,48,-57,87
-29,78,32,50,-80,48,-57,87
-30,78,32,50,-80,48,-58,86
-30,77,32,50,-80,48,-58,86
-30,78,32,50,-80,49,-59,86
-31,79,32,51,-80,48,-59,87
-32,81,33,51,-80,48,-61,90
-32,82,34,51,-80,48,-61,91
-33,82,33,51,-80,49,-62,91
-32,82,33,51,-80,49,-61,90
-32,81,33,51,-80,48,-61,90
-32,82,34,51,-80,47,-61,90
-33,83,35,52,-80,46,-62,91
-34,85,35,53,-80,46,-63,93
-33,86,36,54,-80,45,-62,95
-32,88,36,54,-80,44,-61,97
-31,88,36,54,-80,43,-59,97
-30,88,36,54,-80,43,-58,97
-30,88,36,54,-80,44,-58,97
-30,88,36,54,-80,44,-59,97
-30,88,36,54,-80,44,-59,97
-30,88,36,54,-80,43,-59,97
-31,88,36,54,-80,43,-59,97
-30,89,36,54,-80,43,-59,97
-30,88,36,54,-80,43,-58,97
-30,88,36,54,-80,44,-61,97
-30,88,35,54,-80,43,-62,97
-31,88,34,54,-80,43,-62,97
-31,89,34,54,-80,43,-62,98
-30,91,35,53,-80,44,-59,100
-30,92,36,53,-80,44,-58,101
-29,93,35,53,-80,43,-58,102
-28,93,33,54,-80,43,-59,102
-27,92,32,55,-80,42,-58,98
-26,91,33,56,-80,41,-57,100
-25,90,35,55,-80,40,-57,100
-26,90,36,54,-80,39,-54,98
-28,90,36,53,-80,39,-56,98
-28,90,36,54,-80,39,-57,98
-28,91,36,54,-80,39,-56,100
-27,92,36,54,-80,39,-56,101
-28,93,36,54,-80,39,-57,101
-31,93,36,54,-80,39,-59,101
-32,93,35,55,-80,39,-63,101
-33,93,35,55,-80,39,-64,101
-33,93,35,55,-80,39,-64,101
-32,93,36,54,-80,39,-61,101
-32,93,36,54,-80,39,-61,101
-32,93,36,54,-80,39,-61,101
-33,93,36,54,-80,37,-62,101
-33,93,36,54,-80,35,-62,101
-33,93,36,54,-81,34,-62,101
-33,93,36,54,-81,33,-62,101
-33,93,36,54,-81,34,-62,101
-33,93,36,54,-81,34,-62,101
-33,93,36,54,-81,34,-62,101
-33,93,36,54,-81,34,-62,101
-33,93,36,54,-81,34,-62,101
-33,93,36,53,-81,34,-62,101
-33,93,35,53,-81,34,-62,101
-33,93,35,53,-81,34,-62,101
-33,93,35,53,-81,34,-62,102
-33,93,35,53,-81,34,-62,101
-32,91,35,52,-81,34,-61,100
-31,90,34,52,-81,34,-59,98
-31,88,34,52,-81,34,-59,97
-30,88,34,52,-81,34,-59,97
-30,88,35,52,-81,34,-59,97
-30,88,36,53,-81,34,-58,97
-30,88,36,53,-81,34,-58,97
-31,88,35,53,-81,34,-59,97
-32,88,34,51,-81,34,-61,97
-33,86,32,50,-81,34,-62,95
-34,85,32,50,-81,34,-63,93
-33,83,32,50,-81,34,-62,91
-32,82,32,50,-81,34,-61,91
-32,81,32,50,-81,34,-61,90
-32,82,32,50,-81,34,-61,90
-32,82,32,50,-81,34,-61,91
-32,82,32,50,-81,34,-61,91
-32,82,32,50,-81,34,-61,90
-32,82,32,50,-81,34,-61,90
-32,82,32,50,-81,34,-61,90
-32,82,32,50,-81,34,-61,90
-32,82,32,50,-81,34,-61,90
-33,81,32,50,-81,34,-62,90
-33,81,32,50,-81,34,-62,90
-34,81,32,50,-81,34,-63,90
-34,82,32,50,-81,34,-62,90
-34,81,32,50,-81,34,-63,90
-34,79,32,50,-81,34,-63,87
-35,76,32,50,-81,34,-63,85
-36,76,32,50,-81,34,-64,85
-36,78,33,50,-81,34,-64,86
-36,79,33,51,-80,35,-65,89
-37,80,33,51,-80,36,-65,89
-37,79,33,52,-80,35,-65,89
-37,79,32,54,-81,34,-68,87
-36,79,32,55,-81,34,-67,86
-36,80,33,56,-80,35,-67,89
-33,81,34,55,-80,36,-64,90
-32,82,33,54,-80,37,-63,90
-32,82,33,53,-80,38,-63,91
-32,82,32,54,-80,39,-63,87
-32,82,32,55,-80,39,-63,87
-32,82,32,55,-80,39,-63,87
-33,81,34,54,-80,39,-64,90
-32,82,34,53,-80,39,-61,90
-31,82,34,54,-80,39,-62,91
-29,83,33,55,-80,39,-61,92
-28,84,33,55,-80,39,-59,92
-28,84,33,54,-80,39,-58,92
-28,84,33,53,-80,39,-57,92
-28,84,34,53,-80,39,-59,92
-28,84,34,54,-80,39,-59,92
-28,84,34,54,-80,39,-59,92
-28,84,33,52,-80,39,-57,92
-28,84,32,50,-80,39,-57,92
-28,84,32,50,-80,39,-57,92
-28,84,32,50,-80,39,-57,92
-28,84,32,51,-80,39,-57,92
-28,84,33,52,-80,39,-57,92
-28,84,34,52,-80,39,-57,92
-28,84,33,51,-80,39,-57,92
-28,83,32,50,-80,39,-57,92
-28,84,32,50,-80,39,-57,92
-29,85,32,50,-80,39,-57,93
-30,87,33,51,-80,39,-58,96
-30,88,34,52,-80,39,-59,97
-31,89,35,52,-80,39,-59,97
-31,88,34,52,-80,40,-59,97
-30,88,33,51,-80,41,-59,97
-30,88,32,50,-80,41,-59,97
-30,88,32,50,-80,41,-59,97
-31,89,32,50,-80,41,-59,97
-31,90,32,50,-80,41,-59,98
-32,90,34,51,-80,41,-61,98
-31,90,35,53,-80,41,-59,98
-30,89,34,55,-80,41,-62,97
-30,89,33,55,-80,42,-62,97
-31,89,33,55,-80,43,-62,98
-32,90,33,54,-80,44,-63,98
-32,91,35,55,-80,44,-63,100
-32,92,34,56,-80,43,-63,101
-31,93,33,57,-80,43,-64,100
-30,94,32,57,-80,43,-63,101
-28,95,32,57,-80,44,-62,101
-28,95,32,57,-80,43,-62,102
-28,95,33,57,-80,43,-62,101
-28,95,32,57,-80,43,-62,101
-28,94,32,57,-80,43,-62,101
-28,95,32,57,-80,43,-62,101
-29,96,32,57,-80,43,-63,102
-30,98,32,57,-80,43,-63,104
-30,99,32,57,-80,43,-64,106
-31,100,32,57,-80,43,-64,106
-31,99,32,57,-80,43,-64,106
-31,99,32,57,-80,43,-64,106
-30,99,32,57,-80,43,-64,106
-30,100,32,57,-80,43,-63,106
-29,100,32,57,-80,44,-63,107
-28,101,32,57,-80,44,-62,107
-27,101,32,57,-80,43,-61,107
-26,101,32,57,-80,43,-61,108
-26,101,32,57,-80,43,-61,108
-26,101,33,56,-80,44,-57,111
-26,102,35,55,-80,45,-58,111
-25,102,36,54,-80,45,-54,111
-25,103,36,53,-80,45,-53,112
-24,103,36,54,-80,44,-52,112
-23,103,36,54,-80,45,-52,112
-22,104,36,54,-80,45,-51,113
-22,105,36,54,-80,45,-51,114
-23,106,36,54,-80,44,-52,115
-23,106,36,54,-80,43,-52,115
-23,106,35,54,-80,43,-54,114
-23,106,35,55,-80,44,-54,114
-24,107,34,56,-80,45,-54,115
-24,108,33,56,-80,47,-56,117
-25,108,33,57,-80,48,-58,114
-25,108,33,57,-80,49,-58,114
-24,108,32,57,-80,49,-58,114
-24,108,32,57,-80,48,-58,114
-24,108,32,57,-80,48,-58,114
-25,108,33,57,-80,48,-58,114
-24,108,34,58,-80,49,-58,117
-24,108,34,58,-80,48,-58,117
-24,108,34,58,-80,48,-58,117
-25,108,33,58,-80,48,-58,114
-25,109,32,57,-80,48,-59,115
-25,110,33,55,-80,48,-57,118
-25,109,35,55,-80,48,-57,118
-25,110,36,56,-80,48,-57,119
-26,111,36,59,-80,48,-59,119
-26,112,36,60,-80,48,-61,120
-27,113,36,59,-80,48,-61,122
-26,113,35,57,-80,48,-61,122
-26,112,35,57,-80,48,-58,122
-26,112,35,59,-80,48,-61,122
-27,112,36,61,-80,48,-61,122
-27,112,37,61,-80,48,-61,122
-26,113,37,61,-80,48,-61,122
-25,113,36,60,-80,48,-59,122
-24,112,35,59,-80,48,-58,120
-23,112,35,59,-80,48,-57,122
-23,113,35,60,-80,48,-57,122
-22,114,36,60,-80,48,-56,123
-21,114,36,61,-80,48,-56,123
-21,112,36,61,-80,48,-54,122
-21,111,36,61,-80,48,-54,120
-21,112,36,61,-80,48,-54,120
-21,113,37,60,-80,48,-56,122
-21,114,38,59,-80,48,-56,123
-21,114,38,58,-80,48,-54,123
-19,114,38,59,-80,48,-53,123
-19,115,37,60,-80,48,-53,124
-19,116,36,60,-80,48,-53,125
-20,116,36,59,-80,48,-53,125
-20,116,37,57,-80,48,-51,125
-19,116,39,56,-80,48,-51,128
-18,117,39,56,-80,48,-50,128
-18,117,40,57,-80,48,-50,129
-18,117,39,57,-80,48,-50,129
-18,117,39,57,-80,48,-50,129
-18,117,39,57,-80,48,-50,129
-18,117,39,57,-80,48,-50,129
-18,117,40,57,-80,48,-50,128
-18,117,39,57,-80,48,-50,129
-19,118,39,57,-80,48,-51,130
-19,120,39,57,-80,48,-51,131
-20,121,39,57,-80,48,-52,133
-20,122,39,57,-80,48,-52,134
-21,122,39,57,-80,48,-52,133
-21,121,39,57,-80,48,-52,133
-20,121,39,57,-80,48,-52,133
-19,122,39,57,-80,48,-51,134
-17,123,39,57,-80,48,-48,134
-16,123,39,57,-80,48,-47,135
-16,124,39,57,-80,48,-47,135
-16,124,39,57,-80,48,-47,135
-16,123,39,57,-80,48,-47,135
-16,123,39,58,-80,48,-47,135
-16,123,38,58,-80,48,-50,133
-16,124,37,59,-80,48,-50,133
-17,125,37,60,-80,48,-51,134
-17,125,36,61,-80,48,-51,134
-16,124,36,61,-80,48,-51,134
-16,124,36,61,-80,48,-51,133
-17,125,36,61,-80,48,-51,134
-18,127,36,61,-80,48,-52,136
-18,128,36,61,-81,49,-52,137
-16,128,36,61,-82,49,-51,137
-15,126,36,61,-81,49,-50,135
-15,123,36,61,-80,48,-48,133
-15,123,36,61,-80,48,-50,133
-16,125,36,61,-80,48,-50,134
-15,129,36,61,-80,48,-50,137
-14,131,36,61,-80,48,-48,140
-13,129,36,61,-80,48,-47,139
-14,126,36,61,-80,48,-47,135
-15,124,36,61,-80,48,-48,133
-16,125,36,61,-80,48,-50,134
-17,127,36,61,-80,48,-51,136
-17,129,36,61,-80,48,-51,137
-17,129,36,61,-80,48,-51,139
-18,128,36,61,-80,48,-52,137
-18,128,36,61,-80,48,-52,136
-18,128,36,61,-80,48,-52,136
-18,128,36,61,-80,48,-52,136
-18,128,36,61,-80,48,-52,137
-18,128,36,61,-80,48,-52,137
-18,128,36,61,-80,48,-52,136
-18,128,36,61,-80,48,-52,136
-18,128,36,61,-80,48,-52,136
-18,128,36,60,-80,49,-52,136
-18,128,37,60,-80,49,-52,136
-18,128,37,59,-80,48,-52,137
-18,128,37,60,-80,48,-52,137
-18,128,37,59,-80,48,-52,136
-18,127,38,58,-80,49,-50,139
-18,126,39,57,-79,50,-50,137
-17,125,40,57,-79,50,-48,136
-17,125,39,57,-79,50,-48,136
-16,124,39,57,-80,49,-48,135
-16,123,39,57,-79,50,-47,135
-16,123,39,57,-79,50,-47,135
-16,123,39,57,-79,50,-47,135
-16,124,39,57,-80,49,-47,135
-16,125,39,57,-80,48,-48,136
-18,127,39,57,-80,48,-50,139
-18,128,39,57,-80,49,-50,140
-18,128,39,57,-79,50,-51,140
-18,128,39,57,-79,52,-51,140
-18,128,39,57,-79,53,-50,140
-17,128,40,57,-79,53,-50,140
-16,129,40,57,-79,51,-48,140
-15,129,39,57,-79,50,-47,140
-15,130,39,57,-79,50,-47,141
-15,131,39,58,-80,49,-47,142
-15,133,40,60,-80,48,-50,145
-16,135,41,61,-80,48,-51,146
-16,135,40,61,-80,49,-51,146
-16,134,39,60,-80,49,-51,146
-16,134,39,61,-80,49,-51,144
-16,134,39,61,-80,48,-51,146
-17,136,40,63,-80,48,-53,147
-18,138,40,64,-80,48,-54,148
-17,139,40,64,-80,48,-54,151
-17,140,41,63,-80,48,-53,151
-17,140,41,62,-80,48,-52,151
-18,139,41,63,-80,48,-54,150
-18,139,40,64,-80,48,-56,150
-19,139,40,64,-80,48,-56,150
-19,138,40,63,-80,48,-56,150
-18,139,41,62,-80,48,-53,151
-18,141,41,63,-80,48,-54,152
-17,144,40,64,-80,48,-53,155
-17,146,39,64,-80,48,-53,155
-16,146,39,64,-80,48,-53,155
-16,145,39,64,-80,48,-53,155
-16,145,39,64,-80,48,-53,155
-17,145,40,64,-80,48,-53,157
-17,147,41,62,-80,48,-52,158
-17,149,42,61,-80,48,-52,161
-17,151,42,62,-80,48,-52,162
-16,151,41,63,-80,48,-51,163
-15,152,41,63,-80,48,-50,163
-14,152,42,62,-80,48,-50,163
-14,152,43,61,-80,48,-48,163
-14,152,43,60,-80,48,-46,166
-14,152,43,61,-80,48,-50,163
-15,152,41,62,-80,48,-50,163
-15,153,41,63,-80,48,-50,164
-15,154,41,63,-80,48,-50,166
-16,155,41,63,-80,48,-53,166
-16,155,41,63,-80,48,-53,167
-17,156,41,63,-80,48,-54,167
-17,157,41,62,-80,48,-52,168
-17,157,42,61,-80,48,-51,168
-16,155,42,62,-80,48,-51,167
-15,153,41,63,-80,48,-50,164
-15,152,40,63,-80,48,-52,164
-14,153,40,63,-80,48,-52,164
-14,154,41,63,-80,48,-48,166
-13,154,41,63,-80,48,-51,166
-14,153,40,64,-80,49,-51,164
-14,152,40,64,-80,49,-51,163
-14,152,40,63,-80,49,-52,163
-14,153,41,63,-80,48,-48,164
-11,154,41,62,-80,48,-46,166
-10,154,41,62,-80,48,-45,166
-10,155,41,63,-79,50,-45,166
-10,155,40,63,-79,52,-47,166
-11,155,40,64,-79,54,-48,167
-11,156,39,64,-79,52,-48,166
-11,157,39,64,-79,50,-48,166
-12,158,39,64,-80,48,-48,167
-13,159,40,64,-79,50,-50,170
-13,159,40,64,-79,52,-50,170
-12,159,39,64,-79,54,-50,168
-11,159,40,64,-79,54,-48,170
-9,160,40,64,-80,54,-46,172
-8,161,40,64,-80,54,-45,173
-8,162,39,64,-79,54,-46,172
-10,164,40,64,-79,53,-47,175
-11,165,40,64,-80,52,-48,177
-11,166,40,64,-82,52,-48,177
-9,166,39,64,-83,53,-47,175
-7,167,40,64,-83,54,-45,175
-6,167,40,64,-82,53,-43,179
-6,168,41,63,-81,52,-43,179
-6,167,41,62,-82,52,-41,179
-6,167,42,61,-83,53,-41,179
-7,169,43,61,-83,53,-42,180
-8,171,44,62,-83,52,-42,185
-8,172,44,64,-83,50,-43,186
-9,172,43,65,-82,50,-46,184
-8,172,41,65,-82,52,-46,184
-8,172,42,65,-82,54,-46,183
-9,172,43,65,-83,54,-46,184
-8,172,44,66,-84,53,-46,183
-8,171,43,65,-85,52,-45,183
-6,169,42,65,-85,52,-43,180
-6,167,42,64,-84,53,-43,179
-7,166,42,64,-84,54,-45,178
-9,166,41,65,-85,54,-47,178
-10,166,40,65,-85,54,-48,177
-11,165,39,64,-85,53,-48,174
-10,165,40,64,-83,52,-48,177
-10,165,40,64,-81,50,-47,177
-10,165,40,64,-80,50,-47,174
-10,165,40,64,-81,52,-47,174
-11,165,40,64,-83,52,-48,177
-11,165,41,63,-83,50,-48,177
-12,165,41,62,-83,49,-47,177
-13,164,41,63,-82,50,-51,175
-14,163,41,65,-82,52,-51,175
-14,163,41,66,-82,54,-52,174
-15,163,41,65,-81,52,-52,174
-15,163,41,63,-80,50,-52,175
-15,164,41,63,-79,50,-51,175
-15,165,41,63,-79,51,-53,177
-15,164,40,64,-80,52,-53,175
-15,163,40,63,-80,51,-52,174
-15,162,41,62,-80,50,-50,174
-14,163,41,63,-79,50,-52,174
-14,165,42,65,-79,50,-52,177
-13,168,42,66,-79,51,-51,179
-13,170,42,66,-79,52,-51,181
-12,170,41,65,-80,52,-50,181
-12,169,40,64,-80,50,-50,180
-11,166,40,65,-80,49,-48,178
-10,165,42,66,-80,49,-48,177
-10,165,43,68,-79,50,-50,177
-10,165,44,68,-80,50,-47,177
-10,166,44,67,-81,50,-48,177
-10,166,43,65,-82,49,-48,177
-10,166,42,63,-81,50,-46,177
-10,166,41,63,-81,52,-46,177
-10,165,42,64,-82,52,-48,177
-10,165,43,65,-82,51,-48,177
-10,165,43,66,-82,49,-47,177
-10,166,41,66,-81,48,-47,178
-11,166,39,65,-80,48,-48,175
-13,166,39,63,-79,49,-51,175
-14,165,41,62,-79,49,-48,177
-14,164,42,62,-80,49,-48,175
-13,164,43,63,-81,49,-48,175
-12,164,43,63,-82,49,-47,175
-12,164,43,62,-81,49,-47,175
-14,164,43,61,-81,49,-48,175
-15,163,43,60,-81,49,-47,177
-15,163,43,60,-81,49,-47,177
-15,163,43,60,-82,49,-47,177
-14,163,43,61,-83,49,-50,177
-14,163,43,61,-83,49,-50,177
-14,163,43,60,-83,49,-47,177
-15,163,43,60,-82,49,-47,177
-15,163,43,60,-81,49,-47,177
-15,163,43,61,-81,49,-50,174
-15,163,42,61,-81,49,-50,174
-15,163,42,62,-82,49,-50,174
-15,163,42,61,-82,49,-50,174
-15,163,43,61,-81,49,-50,175
-15,163,43,60,-81,49,-47,177
-14,162,43,60,-81,49,-47,175
-13,160,42,61,-81,49,-48,172
-13,159,41,63,-81,49,-50,170
-12,158,40,64,-81,49,-50,169
-13,159,39,64,-81,49,-50,168
-13,159,39,64,-81,49,-50,168
-13,159,40,64,-82,49,-50,170
-12,159,40,64,-81,49,-50,170
-12,157,40,64,-80,48,-48,169
-11,155,39,64,-80,48,-48,164
-10,154,40,64,-80,48,-47,166
-10,154,40,64,-80,48,-47,166
-10,155,40,64,-80,48,-47,167
-10,155,40,64,-80,48,-47,166
-11,152,40,64,-80,48,-48,164
-12,150,40,64,-80,48,-48,161
-12,148,40,64,-80,48,-50,159
-12,147,40,64,-81,49,-50,158
-12,148,40,64,-82,49,-50,159
-12,148,40,64,-81,49,-50,159
-12,148,40,64,-80,48,-50,159
-13,146,40,64,-80,48,-50,157
-14,143,40,64,-79,48,-51,155
-14,141,40,64,-80,48,-51,153
-14,140,40,64,-80,48,-51,152
-14,141,40,64,-81,49,-51,152
-14,141,40,64,-82,49,-51,153
-14,141,39,63,-83,49,-51,151
-14,141,37,61,-82,49,-48,150
-14,141,36,61,-81,49,-48,150
-14,141,37,61,-80,48,-48,150
-15,140,39,63,-80,48,-52,150
-16,140,40,64,-81,49,-53,152
-17,140,40,65,-82,49,-53,151
-18,139,40,64,-81,49,-54,148
-18,139,39,63,-80,48,-56,147
-18,139,38,61,-80,48,-53,147
-19,139,37,59,-80,48,-53,148
-19,139,38,58,-80,48,-51,151
-19,139,39,60,-80,48,-53,150
-18,139,39,62,-80,48,-52,150
-17,140,40,64,-81,49,-54,151
-16,142,40,65,-82,49,-53,153
-16,144,40,64,-83,49,-52,153
-16,145,40,64,-82,49,-53,157
-17,146,40,64,-82,49,-54,157
-17,146,40,64,-81,49,-53,157
-15,146,40,64,-82,49,-52,155
-13,147,40,64,-82,49,-51,158
-12,148,40,64,-82,49,-50,159
-12,148,40,64,-81,49,-50,159
-12,148,40,64,-81,49,-48,159
-11,148,40,64,-82,48,-48,159
-10,151,40,64,-83,47,-47,162
-10,153,40,64,-84,46,-47,164
-10,155,40,64,-84,45,-47,166
-10,155,40,64,-83,44,-47,167
-10,155,40,64,-84,44,-47,166
-10,154,40,64,-85,44,-47,166
-10,154,40,64,-85,44,-47,166
-10,154,40,64,-84,44,-47,166
-9,155,40,64,-84,44,-46,167
-7,156,40,64,-84,44,-45,168
-6,157,40,64,-83,44,-42,168
-5,157,40,64,-82,44,-42,168
-7,156,40,64,-80,44,-43,167
-9,155,40,64,-81,44,-46,167
-10,155,40,64,-83,44,-47,166
-11,155,40,64,-85,43,-48,167
-11,156,40,64,-86,42,-48,168
-12,157,40,64,-85,41,-48,168
-11,158,40,64,-84,40,-48,169
-11,159,40,64,-84,39,-48,170
-11,160,40,64,-84,39,-48,172
-11,160,40,64,-83,39,-48,172
-12,159,40,64,-82,39,-50,170
-13,159,40,64,-83,39,-50,170
-13,158,40,64,-84,39,-50,169
-12,159,40,64,-85,39,-50,170
-11,159,40,64,-85,39,-48,170
-10,160,40,64,-84,39,-47,172
-8,161,40,64,-84,39,-45,172
-7,161,40,64,-83,39,-45,173
-8,161,40,64,-82,39,-45,173
-8,161,40,64,-81,39,-46,172
-10,160,40,64,-82,37,-47,172
-10,160,40,64,-84,37,-47,172
-9,160,39,64,-85,38,-46,169
-8,161,40,64,-84,39,-46,172
-8,161,41,65,-84,38,-45,173
-8,161,43,66,-84,36,-45,173
-8,161,43,66,-85,34,-45,172
-8,161,41,65,-85,34,-45,172
-8,161,40,64,-84,34,-45,172
-8,161,39,64,-83,34,-45,170
-8,161,40,64,-82,34,-45,172
-8,161,40,64,-83,34,-45,172
-8,161,40,64,-83,34,-45,172
-8,161,40,64,-82,34,-45,172
-8,161,40,64,-81,34,-45,172
-8,161,40,64,-82,34,-45,172
-8,161,40,64,-84,34,-45,172
-8,161,40,64,-86,34,-46,173
-8,161,40,64,-86,34,-46,173
-8,161,40,64,-84,34,-45,172
-8,161,40,64,-82,34,-45,172
-8,161,40,64,-80,34,-45,172
-8,161,40,64,-81,34,-46,173
-9,162,40,64,-82,34,-46,174
-9,163,40,64,-83,34,-47,174
-9,162,40,64,-82,34,-46,174
-8,161,40,64,-82,34,-46,173
-8,161,40,64,-82,34,-45,172
-8,161,40,64,-82,34,-45,172
-8,161,40,64,-83,34,-45,172
-8,161,40,64,-83,34,-46,173
-8,161,40,64,-83,34,-46,173
-8,161,40,64,-82,34,-45,172
-8,161,40,64,-81,34,-45,172
-8,161,40,64,-81,34,-45,172
-8,161,40,64,-81,34,-45,172
-8,161,40,64,-81,34,-45,172
-8,161,40,64,-81,34,-45,172
-8,161,40,64,-81,34,-45,173
-8,161,40,64,-81,34,-45,172
-8,161,40,64,-80,35,-45,172
-8,161,40,64,-80,36,-45,173
-8,161,40,64,-81,36,-45,173
-8,161,40,64,-82,34,-45,172
-8,160,40,64,-83,33,-45,172
-9,159,40,64,-82,34,-46,170
-9,159,40,64,-81,36,-46,170
-8,159,40,64,-80,37,-46,170
-9,159,40,64,-80,39,-46,170
-10,158,40,64,-81,39,-47,169
-12,159,40,64,-81,39,-50,170
-13,159,40,64,-81,39,-50,170
-13,159,40,64,-80,39,-50,170
-13,159,40,64,-80,39,-50,170
-12,159,40,64,-81,39,-50,170
-11,157,40,64,-82,39,-48,169
-11,156,40,64,-82,39,-48,167
-11,155,40,64,-82,39,-48,167
-11,156,40,64,-81,39,-48,168
-12,157,40,64,-81,39,-48,169
-12,158,40,64,-82,39,-50,169
-12,157,40,64,-83,39,-48,169
-11,156,40,64,-85,39,-48,168
-10,155,40,64,-85,39,-47,167
-11,156,40,64,-84,39,-48,167
-12,156,40,64,-82,39,-50,168
-14,157,40,64,-81,39,-51,168
-15,157,40,64,-82,39,-52,168
-15,156,40,64,-83,39,-52,167
-16,155,40,64,-84,39,-53,167
-16,155,40,64,-83,39,-53,167
-17,156,40,64,-83,39,-53,167
-16,155,40,64,-83,39,-53,167
-15,154,40,64,-84,39,-52,166
-15,152,40,64,-83,39,-52,163
-15,151,40,64,-83,39,-52,163
-14,152,40,64,-83,39,-51,163
-13,153,40,64,-83,39,-51,164
-11,154,40,64,-83,39,-48,166
-10,155,40,64,-83,39,-47,166
-10,155,40,64,-82,39,-47,166
-10,154,40,64,-82,39,-47,166
-10,154,40,64,-82,39,-47,166
-10,155,40,64,-81,39,-47,166
-10,155,40,64,-80,39,-47,166
-10,154,40,64,-80,39,-47,166
-10,153,40,64,-80,39,-47,164
-10,153,40,64,-81,39,-47,164
-10,153,40,64,-82,39,-47,164
-10,154,40,64,-83,39,-47,166
-10,153,40,64,-82,39,-47,164
-10,153,40,64,-81,39,-47,164
-10,153,40,64,-80,37,-47,164
-10,154,40,64,-80,36,-47,166
-10,155,40,64,-83,36,-47,166
-10,155,40,64,-84,36,-47,166
-10,155,40,64,-84,36,-47,166
-10,154,40,64,-83,35,-47,166
-10,154,40,64,-81,34,-47,166
-10,154,40,64,-80,34,-47,166
-10,155,40,64,-80,34,-47,166
-11,155,40,64,-81,34,-48,167
-12,157,40,64,-81,34,-50,169
-13,159,40,64,-82,34,-50,170
-13,159,40,64,-83,34,-50,170
-13,159,40,64,-83,35,-50,170
-13,159,39,64,-84,34,-50,168
-13,159,39,64,-83,33,-50,168
-13,159,39,64,-83,31,-50,168
-13,159,40,64,-82,29,-50,170
-13,159,40,64,-83,29,-50,170
-13,159,39,64,-85,29,-50,168
-13,159,39,65,-86,29,-50,168
-13,159,38,65,-85,29,-52,168
-13,159,38,66,-83,29,-52,168
-12,157,37,67,-81,29,-52,167
-11,155,36,67,-80,29,-51,164
-10,155,36,68,-81,29,-50,161
-10,154,36,68,-81,28,-50,161
-10,154,37,67,-81,26,-50,163
-10,155,37,66,-81,24,-50,163
-10,155,38,66,-81,24,-50,163
-10,154,37,66,-81,24,-50,163
-10,154,36,67,-81,24,-50,163
-10,154,36,68,-81,24,-50,161
-10,154,36,67,-81,24,-50,163
-10,154,37,66,-81,25,-50,163
-10,154,38,66,-81,24,-50,163
-10,154,37,66,-81,23,-50,163
-10,154,37,66,-81,21,-50,163
-10,154,37,66,-81,20,-50,163
-10,154,38,65,-82,19,-50,163
-10,155,39,65,-82,19,-47,163
-10,155,40,64,-81,20,-47,166
-10,154,39,64,-81,20,-47,163
-10,154,39,65,-82,19,-47,163
-10,154,38,65,-82,19,-50,163
-10,155,39,65,-82,19,-47,163
-11,155,39,64,-81,20,-48,164
-11,156,40,64,-81,20,-48,168
-12,157,40,64,-82,19,-48,168
-12,158,40,64,-82,18,-50,169
-12,158,39,64,-82,16,-50,167
-12,158,39,64,-82,14,-50,167
-12,157,40,64,-82,14,-48,169
-11,156,40,64,-82,14,-48,167
-10,155,40,64,-82,15,-47,167
-10,155,40,64,-82,15,-47,166
-11,155,40,64,-82,14,-48,167
-12,157,40,64,-82,13,-48,169
-13,159,40,64,-82,13,-50,170
-13,159,40,64,-82,14,-50,170
-13,159,40,64,-82,14,-50,170
-13,159,40,64,-82,13,-50,170
-13,159,40,64,-82,11,-50,170
-13,159,40,64,-82,10,-50,170
-13,159,40,64,-82,9,-50,170
-12,159,40,64,-82,10,-50,170
-13,159,40,64,-82,10,-50,170
-13,159,40,64,-82,10,-50,170
-13,159,40,64,-82,10,-50,170
-12,159,40,64,-82,10,-50,170
-12,158,40,64,-82,10,-48,169
-11,155,40,64,-82,10,-48,167
-11,154,40,64,-82,10,-48,166
-11,153,40,64,-82,10,-48,164
-11,154,40,64,-82,8,-48,166
-11,154,40,64,-82,6,-48,166
-11,154,40,64,-82,5,-48,166
-11,154,40,64,-83,4,-48,166
-11,154,40,64,-82,5,-48,166
-10,155,39,64,-82,5,-47,163
-10,154,39,64,-82,5,-47,163
-10,153,40,64,-82,5,-47,164
-11,152,40,64,-82,5,-48,163
-10,151,40,64,-82,5,-47,163
-9,151,39,64,-82,5,-46,159
-7,150,39,65,-82,5,-45,159
-8,150,39,65,-82,5,-45,159
-10,151,39,65,-82,5,-47,159
-11,152,39,64,-83,3,-48,162
-13,153,39,65,-83,1,-50,162
-13,151,38,65,-83,0,-53,161
-12,150,38,66,-83,0,-52,158
-11,148,38,65,-83,0,-51,157
-10,148,39,65,-83,0,-47,157
-10,148,39,64,-83,0,-47,157
-12,148,39,65,-83,0,-50,157
-13,149,38,65,-83,0,-53,158
-14,151,38,66,-83,0,-53,159
-13,151,38,65,-83,0,-53,159
-13,149,39,65,-83,0,-51,158
-13,149,39,64,-83,0,-51,158
-13,151,40,64,-83,-3,-51,162
-13,153,40,64,-83,-4,-50,164
-12,154,39,64,-83,-4,-48,163
-11,154,39,64,-83,-4,-48,163
-11,154,40,64,-83,-4,-48,163
-13,153,40,64,-83,-4,-50,164
-14,153,40,64,-83,-3,-51,164
-13,153,40,64,-83,-4,-50,164
-10,152,40,64,-83,-5,-47,164
-10,152,40,64,-83,-7,-47,164
-11,153,39,64,-83,-9,-48,162
-13,153,39,63,-83,-9,-50,162
-13,151,39,63,-83,-9,-50,161
-12,150,39,63,-83,-9,-48,159
-11,148,39,64,-83,-9,-48,157
-11,148,39,63,-83,-9,-48,157
-12,148,38,62,-83,-9,-50,157
-12,148,36,61,-83,-10,-47,157
-12,148,36,60,-83,-11,-47,157
-12,148,36,60,-83,-12,-47,157
-12,148,36,61,-83,-13,-47,157
-12,148,37,61,-83,-14,-47,157
-12,148,37,61,-83,-14,-47,157
-12,148,38,62,-83,-14,-50,157
-12,148,37,61,-83,-14,-47,157
-12,148,36,61,-83,-14,-47,157
-12,148,36,61,-83,-13,-47,157
-12,148,37,61,-83,-14,-47,157
-12,148,38,62,-84,-15,-50,157
-12,148,39,63,-84,-17,-50,157
-12,148,39,64,-84,-18,-50,157
-12,148,39,64,-84,-19,-50,157
-12,148,39,63,-84,-19,-50,157
-12,148,39,63,-84,-18,-50,157
-12,148,39,63,-84,-18,-50,157
-13,148,39,64,-84,-19,-50,157
-14,148,39,65,-84,-19,-51,157
-15,149,37,67,-84,-18,-54,157
-14,148,36,68,-84,-18,-53,155
-13,148,36,67,-84,-19,-52,157
-12,148,37,67,-84,-20,-52,157
-12,148,38,66,-84,-21,-52,157
-12,148,38,66,-84,-21,-52,157
-12,148,38,66,-84,-22,-52,157
-12,148,37,66,-84,-23,-52,157
-12,148,37,67,-84,-24,-52,157
-12,148,37,67,-84,-24,-52,157
-12,148,36,68,-84,-24,-51,155
-11,148,36,68,-84,-23,-50,155
-10,149,36,68,-84,-23,-50,156
-11,148,36,67,-85,-24,-51,157
-12,148,36,67,-84,-25,-51,157
-12,148,36,68,-83,-27,-52,155
-12,148,36,67,-81,-28,-52,157
-12,148,36,67,-81,-29,-52,157
-12,148,36,67,-82,-29,-52,157
-12,148,36,67,-83,-28,-52,157
-12,148,36,67,-83,-28,-52,157
-12,148,36,68,-83,-28,-52,155
-12,148,36,67,-84,-28,-52,157
-12,148,36,67,-84,-30,-52,157
-12,148,36,67,-83,-32,-52,157
-12,148,36,68,-82,-33,-52,155
-12,148,36,68,-81,-34,-52,155
-12,148,36,68,-80,-34,-52,155
-12,148,37,66,-81,-33,-52,157
-12,148,39,65,-82,-33,-50,157
-12,148,40,64,-82,-33,-50,159
-12,147,40,64,-82,-34,-48,158
-11,146,39,65,-83,-33,-48,155
-11,145,38,65,-84,-33,-50,155
-11,146,38,66,-84,-33,-51,155
-12,147,38,66,-83,-33,-51,156
-12,148,38,66,-82,-33,-52,157
-12,148,37,66,-82,-33,-52,157
-12,148,36,66,-83,-33,-52,155
-12,148,35,66,-83,-33,-52,155
-12,148,35,67,-82,-33,-52,155
-12,148,36,67,-82,-33,-52,155
-12,148,36,68,-83,-33,-52,155
-12,148,36,68,-84,-33,-52,155
-12,148,36,67,-85,-33,-52,157
-12,148,37,66,-85,-33,-52,157
-12,148,38,66,-85,-33,-52,157
-12,148,38,66,-85,-33,-52,157
-12,148,38,66,-85,-33,-52,157
-12,148,37,66,-85,-33,-52,157
-12,148,37,66,-85,-32,-52,157
-12,148,37,66,-85,-32,-52,157
-12,148,38,65,-85,-31,-52,157
-12,148,39,65,-83,-32,-50,157
-12,148,39,64,-81,-32,-50,157
-12,147,40,64,-81,-32,-50,158
-12,148,40,64,-83,-32,-50,159
-13,149,39,64,-85,-30,-50,158
-14,151,39,64,-85,-28,-51,159
-14,152,39,64,-85,-28,-51,161
-14,153,40,64,-84,-28,-52,164
-14,152,40,64,-83,-29,-52,164
-14,152,40,64,-81,-29,-52,163
-15,152,40,64,-81,-29,-52,163
-14,152,40,64,-82,-28,-51,163
-13,153,40,64,-83,-28,-51,164
-11,154,40,64,-83,-28,-48,166
-10,154,40,64,-84,-28,-47,166
-10,155,40,64,-84,-28,-47,166
-10,154,40,64,-83,-29,-47,166
-10,154,40,64,-81,-28,-47,166
-10,154,40,64,-81,-28,-47,166
-10,154,40,64,-83,-27,-47,166
-10,155,39,64,-84,-25,-47,163
-10,155,39,63,-83,-25,-47,164
-10,154,39,63,-83,-24,-47,163
-10,153,39,63,-83,-23,-47,162
-9,151,39,63,-84,-23,-46,161
-8,150,39,63,-84,-23,-45,159
-8,150,38,62,-83,-23,-45,159
-8,150,38,62,-83,-24,-45,159
-7,149,37,61,-82,-24,-42,158
-7,146,37,61,-82,-24,-42,156
-8,144,37,61,-83,-24,-42,153
-10,143,38,62,-83,-22,-47,152
-11,142,39,63,-84,-21,-48,151
-12,140,39,64,-84,-21,-50,150
-12,138,39,63,-84,-20,-48,147
-12,137,38,62,-84,-19,-48,146
-13,136,37,61,-84,-18,-47,145
-15,135,37,61,-84,-18,-50,144
-17,133,37,61,-84,-19,-51,142
-17,131,37,61,-84,-19,-51,140
-17,129,37,61,-84,-17,-51,137
-17,128,38,62,-84,-15,-53,136
-18,128,37,61,-83,-14,-52,137
-18,128,37,61,-83,-13,-52,137
-18,128,36,61,-83,-14,-52,137
-18,128,36,61,-83,-14,-52,136
-18,128,36,61,-83,-13,-52,137
-18,128,36,61,-83,-12,-52,137
-18,128,36,61,-83,-12,-52,136
-19,127,36,61,-83,-12,-53,136
-20,127,36,61,-83,-12,-54,135
-21,126,36,61,-83,-10,-54,135
-20,127,36,61,-83,-9,-54,135
-19,127,36,61,-83,-8,-53,136
-18,128,36,61,-83,-9,-52,136
-18,128,36,61,-83,-9,-52,137
-18,128,36,61,-83,-9,-52,137
-18,128,36,61,-83,-9,-52,136
-18,127,36,61,-83,-9,-52,136
-18,128,36,61,-83,-9,-52,137
-18,130,36,61,-83,-9,-52,139
-17,133,36,61,-83,-9,-51,142
-16,134,36,61,-83,-9,-51,144
-16,134,36,61,-83,-8,-50,142
-16,133,36,61,-83,-9,-50,142
-16,133,36,61,-83,-10,-50,142
-15,135,36,61,-83,-12,-50,144
-13,137,36,61,-83,-14,-47,146
-13,138,36,61,-83,-14,-47,147
-13,139,36,61,-83,-14,-47,147
-13,140,36,61,-83,-14,-47,148
-13,140,36,61,-83,-14,-47,150
-12,141,36,61,-83,-14,-46,151
-12,143,36,60,-83,-14,-46,152
-12,144,36,61,-83,-14,-46,153
-12,146,37,61,-84,-15,-46,155
-12,148,39,63,-84,-16,-50,157
-11,149,40,64,-84,-17,-48,161
-9,150,40,64,-84,-18,-46,161
-8,150,40,64,-84,-18,-45,162
-7,150,40,64,-84,-19,-45,162
-8,150,40,64,-84,-18,-45,162
-9,151,40,64,-84,-18,-46,163
-10,153,40,64,-84,-18,-47,164
-9,155,40,64,-84,-20,-46,167
-7,156,40,64,-84,-22,-45,168
-6,156,40,64,-84,-23,-43,168
-5,156,40,64,-84,-23,-42,168
-6,157,40,64,-84,-24,-42,168
-7,158,39,64,-84,-25,-43,167
-8,160,40,64,-84,-27,-45,172
-9,161,41,65,-84,-28,-46,173
-8,161,43,66,-84,-28,-45,173
-7,162,42,66,-84,-28,-43,173
-5,162,41,65,-84,-28,-42,174
-5,164,40,64,-85,-30,-42,175
-5,167,41,65,-85,-32,-42,178
-6,168,41,65,-85,-33,-43,179
-7,168,41,65,-85,-34,-43,179
-6,168,40,64,-85,-33,-43,179
-6,167,40,64,-85,-33,-43,179
-6,168,40,64,-85,-33,-43,179
-6,167,40,64,-85,-35,-43,179
-6,167,40,64,-85,-36,-43,179
-6,168,40,64,-85,-38,-43,179
-6,168,40,64,-85,-39,-43,179
-6,167,40,64,-85,-39,-43,179
-6,166,40,64,-85,-40,-43,178
-5,166,40,64,-85,-41,-42,178
-4,165,40,64,-85,-42,-41,177
-4,164,40,64,-85,-43,-42,175
-5,163,40,64,-85,-43,-42,174
-7,162,40,64,-85,-43,-43,173
-8,161,40,64,-85,-43,-45,172
-8,159,40,64,-85,-43,-45,170
-7,158,40,64,-85,-44,-43,169
-5,157,40,64,-86,-46,-42,168
-6,157,40,64,-86,-48,-43,168
-8,157,40,64,-86,-48,-45,169
-10,157,40,64,-86,-48,-47,168
-11,156,40,64,-86,-48,-48,167
-10,154,40,64,-86,-48,-47,166
-10,154,40,64,-86,-48,-47,166
-10,155,40,64,-86,-48,-47,167
-11,156,40,64,-85,-48,-48,168
-11,157,40,64,-85,-48,-48,168
-12,158,40,64,-84,-48,-50,169
-13,159,40,64,-84,-48,-50,170
-12,159,40,64,-84,-48,-50,170
-11,159,40,64,-84,-48,-48,170
-9,160,40,64,-84,-48,-46,172
-8,161,40,64,-84,-48,-45,172
-8,162,40,64,-83,-48,-46,174
-10,164,40,64,-82,-48,-47,175
-10,165,40,64,-83,-48,-48,177
-11,166,40,64,-83,-48,-48,177
-10,166,40,64,-85,-48,-48,177
-11,165,40,64,-86,-48,-48,177
-10,165,40,64,-86,-48,-47,177
-9,166,40,64,-86,-48,-47,178
-7,167,39,64,-85,-48,-45,175
-6,167,39,64,-84,-48,-43,177
-6,168,40,64,-83,-48,-43,179
-6,167,40,64,-82,-48,-43,179
-6,168,40,64,-81,-48,-43,179
-5,168,39,64,-80,-48,-42,177
-5,168,39,65,-81,-48,-42,178
-5,168,38,65,-82,-48,-45,177
-6,168,39,65,-83,-48,-43,177
-5,168,39,65,-82,-48,-42,177
-3,169,40,64,-81,-48,-41,180
-2,170,40,64,-81,-48,-40,181
-1,170,40,64,-81,-48,-39,181
-1,169,40,64,-81,-48,-39,181
-2,169,40,65,-81,-48,-39,178
-2,168,40,66,-81,-48,-42,177
-3,168,40,67,-82,-48,-42,177
-4,168,40,66,-84,-48,-41,178
-5,168,40,64,-86,-48,-42,178
-6,168,39,64,-86,-48,-43,177
-6,167,39,65,-85,-48,-43,177
-7,167,40,67,-84,-48,-46,177
-6,167,41,68,-84,-48,-46,179
-5,168,42,67,-84,-49,-42,180
-3,169,42,66,-84,-50,-40,180
-2,170,41,65,-83,-51,-39,181
-2,170,41,65,-83,-52,-40,181
-3,169,42,66,-84,-53,-40,180
-3,169,42,66,-85,-53,-41,180
-3,169,41,65,-85,-53,-41,180
-2,170,40,64,-84,-53,-40,181
-2,170,39,64,-84,-53,-39,179
-1,169,41,65,-84,-53,-39,181
-2,170,43,66,-85,-53,-40,181
-3,171,44,68,-86,-53,-40,183
-3,173,43,68,-86,-53,-43,184
-4,175,42,66,-86,-53,-41,186
-4,175,41,65,-85,-54,-42,186
-3,173,42,64,-84,-54,-41,184
-3,171,44,64,-85,-54,-37,183
-2,170,44,64,-86,-55,-37,181
-2,170,43,64,-85,-56,-40,181
-3,172,42,65,-84,-57,-40,183
-3,173,42,66,-83,-58,-41,184
-4,173,43,66,-84,-58,-41,185
-3,173,44,65,-86,-57,-41,184
-3,171,43,65,-86,-57,-40,183
-2,170,43,66,-85,-57,-40,181
-2,169,42,66,-83,-58,-39,181
-2,170,41,65,-81,-58,-40,181
-2,170,40,64,-82,-58,-39,181
-2,170,39,64,-83,-59,-40,179
-2,170,40,64,-83,-60,-40,181
-2,170,40,64,-83,-61,-40,179
-2,170,40,64,-84,-62,-39,181
-1,170,40,64,-85,-62,-39,181
-2,170,40,64,-85,-63,-40,181
-3,169,40,64,-85,-63,-40,180
-5,168,40,64,-84,-62,-42,179
-6,168,40,64,-84,-62,-43,179
-7,168,40,64,-84,-62,-43,179
-6,167,40,64,-84,-63,-43,179
-5,166,40,64,-84,-62,-42,178
-5,166,40,64,-84,-63,-42,178
-5,166,40,64,-85,-63,-42,178
-5,166,40,64,-86,-63,-42,178
-6,166,41,65,-87,-62,-43,178
-6,166,41,65,-87,-62,-43,178
-5,166,41,65,-86,-63,-42,177
-5,165,40,64,-85,-64,-42,177
-4,165,40,64,-83,-65,-42,177
-5,166,40,64,-82,-66,-42,178
-6,167,40,64,-82,-67,-43,179
-7,168,40,64,-82,-68,-43,180
-6,168,40,64,-83,-68,-43,179
-5,166,41,65,-84,-68,-42,178
-5,164,41,65,-84,-67,-42,175
-5,163,41,65,-84,-67,-42,174
-5,162,40,64,-84,-68,-42,173
-7,162,40,64,-83,-68,-43,174
-7,162,40,64,-82,-68,-45,173
-8,161,40,64,-82,-68,-45,172
-8,160,40,64,-83,-68,-45,169
-7,159,40,64,-86,-67,-45,168
-7,160,40,64,-87,-67,-45,172
-7,159,40,64,-87,-67,-43,170
-7,158,40,64,-86,-67,-43,169
-6,157,39,64,-83,-68,-43,166
-7,156,39,65,-82,-68,-43,164
-7,156,38,65,-82,-68,-47,164
-7,156,39,65,-82,-68,-45,166
-6,157,39,64,-83,-68,-43,166
-6,157,40,64,-84,-67,-43,168
-6,157,40,64,-84,-67,-42,168
-6,156,39,64,-84,-68,-43,166
-6,156,39,65,-83,-68,-43,166
-6,157,38,65,-84,-68,-46,166
-6,158,39,65,-84,-68,-43,167
-7,158,39,64,-84,-68,-43,167
-7,158,40,64,-83,-68,-43,169
-7,159,40,64,-83,-68,-43,170
-7,159,40,64,-82,-68,-45,170
-7,160,39,64,-82,-68,-45,169
-6,160,39,64,-82,-68,-43,169
-4,162,40,64,-82,-66,-41,173
-4,163,41,65,-82,-64,-41,174
-3,164,43,66,-82,-63,-41,175
-4,163,43,67,-82,-62,-41,175
-4,163,43,66,-82,-63,-41,175
-4,163,41,65,-82,-63,-41,174
-4,163,41,65,-82,-63,-41,174
-3,163,42,66,-82,-63,-41,174
-4,163,43,67,-82,-63,-41,175
-5,164,44,68,-82,-63,-42,175
-6,166,44,68,-82,-63,-43,178
-6,167,43,67,-82,-63,-43,179
-7,168,42,66,-82,-63,-43,179
-6,168,41,65,-82,-63,-43,179
-6,168,41,65,-82,-63,-43,179
-6,168,42,66,-82,-63,-43,179
-6,168,43,67,-82,-63,-43,179
-6,167,44,68,-82,-63,-43,179
-7,167,44,68,-82,-63,-43,179
-6,168,43,67,-83,-63,-43,179
-4,168,42,66,-84,-62,-42,180
-3,169,41,65,-85,-61,-41,180
-3,169,41,65,-86,-61,-41,180
-4,169,42,66,-86,-61,-42,180
-5,168,42,66,-87,-61,-42,179
-4,168,41,65,-86,-59,-42,180
-4,169,41,65,-85,-58,-41,180
-4,169,42,66,-84,-57,-42,180
-6,169,43,67,-85,-57,-43,181
-7,169,44,68,-86,-58,-45,181
-7,169,44,68,-86,-58,-45,180
-7,168,43,67,-87,-58,-43,179
-6,168,42,66,-87,-57,-43,179
-6,168,41,65,-86,-57,-43,179
-6,168,41,65,-85,-57,-43,179
-6,168,41,65,-83,-58,-43,179
-6,168,41,65,-82,-58,-43,179
-6,167,40,65,-83,-58,-43,179
-6,167,41,65,-83,-58,-43,179
-6,167,41,66,-83,-58,-43,179
-6,168,42,67,-82,-58,-46,179
-6,168,41,68,-82,-58,-46,179
-6,168,41,68,-83,-58,-46,177
-6,167,41,67,-83,-58,-46,177
-7,167,41,67,-83,-58,-46,179
-6,167,41,68,-83,-58,-46,179
-5,168,42,68,-83,-58,-45,180
-3,169,42,69,-84,-57,-43,180
-1,169,43,68,-85,-57,-41,181
0,169,43,68,-85,-57,-40,180
-1,169,43,67,-83,-58,-39,180
-3,168,43,67,-82,-58,-40,179
-4,167,42,68,-81,-58,-43,178
-5,166,42,69,-81,-58,-45,178
-5,165,42,70,-82,-58,-45,177
-5,165,42,68,-82,-58,-45,177
-5,166,41,67,-82,-58,-45,177
-5,166,40,66,-81,-58,-45,175
-5,166,39,67,-81,-58,-45,175
-5,166,39,67,-81,-58,-45,175
-5,165,39,66,-81,-58,-45,174
-5,165,39,65,-81,-58,-42,174
-5,164,40,65,-82,-58,-42,175
-4,164,40,66,-82,-58,-42,175
-4,164,39,66,-82,-58,-43,173
-5,164,39,65,-81,-58,-42,173
-5,164,39,64,-81,-58,-42,173
-4,164,40,64,-82,-58,-41,175
-4,164,41,65,-83,-58,-41,175
-4,164,40,66,-84,-57,-41,173
-5,164,39,66,-85,-57,-45,173
-4,164,39,65,-85,-57,-41,173
-4,164,38,65,-85,-57,-41,173
-3,165,39,65,-86,-57,-41,174
-3,166,40,66,-86,-57,-41,174
-3,165,41,65,-85,-57,-41,177
-2,164,41,65,-83,-58,-40,175
-1,165,41,65,-83,-58,-39,177
-1,167,41,67,-85,-57,-41,178
-1,169,42,69,-86,-57,-41,180
-1,169,43,68,-85,-57,-41,180
0,167,43,67,-83,-58,-37,179
-1,167,42,66,-82,-58,-39,178
-1,168,42,65,-82,-58,-39,179
-1,169,40,65,-83,-58,-39,181
0,171,39,64,-84,-57,-37,180
0,171,39,65,-85,-57,-36,180
0,171,39,66,-86,-57,-39,180
0,171,41,67,-86,-57,-39,183
1,172,43,68,-87,-57,-39,183
1,172,44,67,-87,-58,-35,184
0,171,43,68,-86,-57,-39,183
0,170,42,68,-85,-57,-40,181
-2,170,42,68,-83,-58,-42,181
-3,170,42,68,-83,-58,-42,181
-3,171,42,69,-83,-58,-42,183
-2,172,41,70,-83,-57,-42,181
-2,171,40,71,-83,-56,-45,180
-3,170,40,71,-85,-56,-46,179
-5,168,41,70,-86,-57,-47,177
-6,168,41,69,-86,-57,-46,177
-7,167,41,70,-85,-57,-46,177
-7,168,40,70,-83,-57,-48,177
-6,168,40,71,-83,-55,-48,177
-6,168,40,71,-84,-54,-48,177
-5,168,40,71,-86,-54,-47,177
-5,168,40,71,-87,-54,-47,178
-5,168,40,71,-86,-55,-47,178
-5,168,39,70,-85,-56,-47,178
-4,168,39,69,-85,-56,-47,178
-4,168,38,69,-85,-56,-47,178
-4,169,37,68,-84,-55,-43,178
-3,169,37,68,-83,-54,-43,178
-3,169,36,67,-81,-54,-43,179
-3,169,36,67,-81,-55,-43,178
-5,168,37,68,-81,-56,-45,177
-6,168,36,68,-82,-57,-46,174
-5,169,37,68,-81,-58,-45,178
-4,170,36,67,-81,-58,-43,179
-4,171,36,67,-82,-58,-43,180
-4,170,36,68,-83,-58,-43,177
-3,170,36,68,-83,-58,-43,177
-2,169,36,67,-83,-58,-42,179
-2,170,37,67,-81,-58,-42,179
-1,170,38,66,-81,-57,-41,179
-1,170,38,65,-83,-57,-41,179
-2,170,39,65,-85,-56,-40,179
-3,169,39,64,-85,-56,-40,178
-5,168,40,64,-83,-57,-42,179
-6,168,40,64,-82,-58,-43,179
-7,168,40,64,-83,-58,-43,177
-6,167,39,64,-85,-57,-43,177
-5,166,39,64,-86,-57,-42,175
-5,166,40,64,-86,-57,-42,178
-5,165,41,65,-85,-58,-42,177
-6,165,42,65,-84,-57,-43,177
-8,164,42,66,-84,-57,-46,175
-9,162,42,65,-85,-57,-46,174
-9,161,41,65,-86,-57,-46,173
-8,161,40,64,-86,-57,-45,169
-8,161,39,64,-84,-58,-45,169
-8,161,40,64,-83,-58,-45,173
-8,161,41,65,-83,-58,-46,173
-8,161,41,65,-85,-57,-45,172
-8,160,42,66,-86,-57,-45,172
-6,158,42,68,-85,-58,-46,169
-6,157,42,68,-83,-60,-46,168
-6,156,41,67,-83,-60,-45,168
-7,156,39,67,-84,-59,-46,164
-8,156,37,66,-86,-58,-47,164
-8,155,36,67,-87,-59,-47,162
-8,155,36,68,-87,-61,-47,162
-8,155,36,68,-87,-62,-47,162
-9,155,37,68,-87,-63,-48,164
-10,154,37,68,-86,-63,-50,163
-10,154,36,67,-85,-62,-50,163
-10,154,36,68,-85,-62,-50,161
-10,154,36,67,-85,-62,-50,163
-10,154,36,67,-85,-63,-50,163
-10,155,36,67,-85,-62,-50,163
-10,155,37,68,-84,-62,-50,163
-10,154,36,67,-83,-63,-50,163
-10,153,36,67,-82,-63,-50,162
-9,153,36,67,-82,-63,-48,162
-8,154,37,68,-82,-63,-48,163
-7,154,37,68,-82,-63,-47,163
-7,152,36,67,-82,-63,-47,158
-8,151,36,66,-82,-63,-47,157
-8,151,35,66,-82,-63,-48,157
-9,152,35,66,-82,-63,-48,158
-10,153,36,67,-82,-63,-50,159
-9,153,37,68,-82,-63,-51,162
-9,153,37,68,-82,-63,-48,162
-10,153,36,66,-83,-63,-50,159
-9,153,34,65,-84,-63,-48,159
-9,153,33,64,-83,-63,-48,159
-10,153,33,65,-82,-63,-50,159
-10,153,34,65,-82,-63,-50,159
-10,154,35,64,-83,-63,-50,161
-10,155,36,62,-83,-63,-47,163
-10,154,37,62,-83,-63,-47,163
-11,154,38,64,-83,-63,-48,163
-12,153,38,65,-84,-63,-51,162
-11,154,39,65,-84,-63,-48,163
-10,154,39,64,-84,-62,-47,163
-10,154,39,62,-85,-62,-47,163
-10,154,39,63,-86,-62,-47,163
-10,154,39,65,-86,-62,-47,163
-10,155,39,65,-85,-62,-47,164
-9,155,38,66,-85,-62,-48,164
-9,155,37,67,-85,-62,-48,164
-8,154,36,67,-86,-62,-47,163
-7,152,36,68,-87,-62,-47,158
-7,151,37,68,-87,-62,-46,159
-6,152,37,66,-86,-63,-46,161
-5,153,38,66,-86,-62,-45,162
-5,155,37,66,-86,-62,-45,164
-5,156,37,67,-86,-62,-45,164
-6,157,36,68,-86,-63,-45,163
-6,157,36,68,-86,-63,-46,163
-6,157,36,67,-86,-62,-46,166
-6,156,36,67,-86,-61,-46,166
-6,157,36,67,-86,-61,-45,166
-6,157,36,68,-86,-61,-45,163
-6,156,36,67,-86,-62,-46,166
-6,156,36,67,-86,-63,-46,166
-6,157,36,67,-86,-63,-45,166
-6,157,36,67,-86,-62,-45,166
-6,157,36,67,-86,-62,-45,166
-6,156,36,67,-87,-62,-46,166
-7,156,36,67,-87,-63,-46,164
-7,156,36,67,-86,-62,-47,164
-7,156,36,67,-85,-62,-46,164
-7,156,36,67,-85,-62,-47,164
-9,155,36,67,-85,-62,-48,164
-10,155,36,67,-86,-62,-50,163
-11,155,36,67,-87,-62,-51,163
-10,154,36,67,-87,-62,-50,163
-9,153,36,67,-86,-62,-48,162
-8,151,36,67,-86,-62,-48,161
-8,150,36,67,-86,-62,-47,159
-8,150,36,67,-86,-62,-47,158
-8,150,36,67,-86,-62,-47,159
-8,150,36,67,-86,-62,-47,159
-7,151,37,68,-86,-62,-47,159
-8,150,36,67,-86,-62,-47,159
-9,149,36,67,-86,-62,-48,158
-11,148,36,67,-86,-62,-51,157
-12,148,37,68,-86,-62,-52,157
-11,148,37,68,-86,-62,-51,157
-9,149,36,67,-86,-62,-48,156
-8,150,35,67,-86,-62,-47,157
-7,150,35,66,-86,-62,-47,157
-8,150,36,66,-86,-62,-47,157
-8,150,36,67,-86,-62,-47,157
-8,150,36,68,-86,-62,-47,157
-8,150,36,68,-86,-62,-47,157
-8,150,36,67,-86,-62,-47,159
-8,150,37,67,-86,-62,-47,159
-8,150,38,66,-86,-62,-47,159
-8,150,38,66,-86,-62,-47,159
-8,150,38,65,-86,-62,-45,159
-8,150,37,65,-86,-62,-45,159
-8,150,36,65,-86,-62,-47,159
-8,150,36,66,-86,-62,-47,158
-7,149,36,67,-86,-62,-47,158
-7,148,36,68,-86,-62,-46,155
-7,148,36,67,-86,-62,-46,155
-6,147,35,67,-86,-62,-46,153
-6,146,35,66,-86,-62,-45,152
-6,146,35,66,-86,-62,-45,152
-6,146,36,65,-86,-62,-45,155
-6,146,37,65,-86,-62,-45,155
-6,146,37,66,-86,-62,-45,155
-6,146,37,67,-86,-62,-45,155
-5,146,37,68,-86,-62,-47,155
-6,146,36,68,-86,-62,-45,152
-6,146,35,66,-86,-62,-45,152
-6,146,34,65,-86,-62,-45,152
-5,146,33,64,-86,-62,-45,152
-5,146,34,65,-86,-62,-45,152
-6,146,35,66,-86,-62,-45,152
-7,145,37,68,-86,-62,-46,153
-8,144,37,68,-86,-62,-47,153
-9,144,36,67,-86,-62,-48,153
-9,144,35,66,-86,-62,-48,151
-8,144,35,66,-86,-62,-47,151
-8,144,36,66,-86,-62,-47,151
-8,144,36,67,-86,-62,-47,151
-9,144,37,68,-86,-62,-48,153
-9,144,37,68,-86,-62,-48,152
-10,143,36,68,-86,-62,-50,150
-10,143,36,68,-86,-62,-50,150
-10,143,36,67,-86,-62,-50,152
-10,144,37,68,-86,-62,-48,152
-10,144,36,67,-86,-62,-48,152
-10,144,36,68,-86,-62,-50,150
-10,144,36,68,-86,-62,-52,151
-10,143,35,69,-86,-62,-52,150
-9,142,36,68,-86,-62,-51,148
-8,140,36,68,-86,-62,-47,147
-8,139,36,67,-86,-62,-47,148
-7,139,37,67,-86,-62,-47,147
-8,139,37,67,-86,-62,-47,148
-8,139,36,68,-86,-63,-47,146
-7,139,36,69,-86,-63,-50,146
-8,139,34,69,-86,-62,-50,146
-8,139,33,69,-86,-62,-50,146
-8,139,33,69,-86,-62,-50,146
-7,139,33,69,-86,-63,-50,146
-7,139,32,69,-86,-64,-50,144
-8,139,30,69,-86,-64,-52,142
-9,138,29,69,-86,-64,-53,142
-9,138,30,68,-87,-65,-51,142
-9,138,32,68,-87,-66,-51,142
-8,139,32,67,-87,-67,-50,145
-7,139,32,65,-87,-66,-47,146
-7,139,32,65,-87,-65,-47,146
-8,139,32,65,-86,-64,-47,146
-8,139,32,65,-86,-64,-47,146
-8,139,32,65,-87,-65,-47,146
-7,139,32,65,-87,-67,-47,146
-8,139,32,65,-87,-68,-47,146
-7,138,32,65,-87,-67,-46,145
-7,137,33,64,-87,-66,-46,144
-6,137,33,64,-86,-64,-45,144
-6,135,33,64,-86,-64,-45,142
-6,135,33,64,-87,-66,-45,142
-6,136,33,64,-87,-68,-45,142
-6,137,33,64,-87,-68,-46,144
-6,137,33,64,-87,-66,-46,144
-7,137,33,64,-87,-65,-46,144
-7,137,33,64,-87,-66,-47,144
-9,137,33,64,-87,-67,-48,144
-10,137,33,64,-87,-68,-48,144
-10,135,33,64,-87,-68,-50,142
-10,135,33,64,-87,-67,-50,141
-11,135,33,64,-87,-67,-50,141
-11,136,33,64,-87,-67,-51,142
-12,137,33,64,-87,-68,-51,144
-12,137,33,64,-87,-67,-51,144
-12,137,33,64,-87,-67,-51,144
-12,137,33,64,-87,-67,-51,144
-12,137,33,64,-87,-67,-51,144
-12,137,32,65,-87,-67,-51,144
-12,137,32,65,-88,-67,-51,144
-12,137,31,65,-89,-67,-51,141
-12,137,32,65,-88,-67,-51,144
-12,137,32,65,-87,-67,-51,144
-12,137,33,64,-87,-67,-51,144
-12,137,33,64,-87,-67,-51,144
-12,137,33,64,-87,-67,-51,144
-12,137,33,64,-87,-67,-51,144
-12,137,33,64,-87,-67,-51,144
-12,137,33,64,-87,-67,-51,144
-12,137,33,64,-87,-67,-51,144
-12,137,33,64,-87,-67,-51,144
-12,137,33,64,-87,-67,-51,144
-12,137,33,64,-87,-67,-51,144
-12,137,33,64,-87,-67,-51,144
-12,137,33,64,-88,-67,-51,144
-12,137,33,64,-89,-67,-52,144
-12,137,33,64,-89,-67,-51,144
-11,136,33,64,-89,-67,-51,142
-10,134,33,64,-89,-67,-50,140
-10,133,33,64,-88,-67,-50,139
-10,132,33,64,-87,-67,-48,139
-10,132,33,64,-86,-67,-48,139
-10,133,33,65,-86,-67,-50,139
-10,133,32,65,-87,-67,-48,140
-10,132,30,64,-89,-67,-48,136
-10,132,29,63,-89,-67,-48,136
-10,132,30,63,-88,-67,-48,136
-9,133,31,63,-87,-67,-48,139
-9,133,32,65,-86,-67,-48,139
-10,132,30,66,-87,-67,-51,136
-11,132,28,67,-88,-67,-52,136
-13,131,28,67,-89,-67,-54,135
-14,130,28,66,-88,-67,-56,134
-14,130,28,66,-89,-67,-56,134
-14,130,27,65,-90,-67,-56,134
-14,130,27,65,-92,-67,-56,134
-14,130,27,65,-92,-67,-56,131
-14,130,26,65,-90,-67,-56,131
-14,130,26,64,-89,-67,-56,131
-14,130,26,64,-89,-67,-56,131
-14,130,26,64,-90,-67,-56,131
-14,130,26,65,-90,-67,-56,131
-14,130,26,65,-90,-67,-56,131
-14,130,26,64,-89,-67,-56,131
-14,130,26,64,-89,-68,-56,131
-14,130,26,64,-89,-67,-56,131
-14,130,26,64,-90,-67,-56,131
-14,130,26,64,-90,-66,-54,131
-14,130,26,64,-90,-65,-56,131
-15,130,26,64,-90,-66,-57,131
-17,128,26,64,-91,-67,-58,130
-18,127,26,64,-91,-68,-59,128
-18,126,26,64,-90,-67,-59,128
-18,127,26,64,-90,-65,-59,128
-18,128,26,64,-90,-65,-59,129
-18,129,26,64,-91,-66,-59,130
-18,128,26,64,-92,-67,-59,129
-18,127,26,64,-92,-66,-59,128
-18,126,26,64,-91,-64,-59,128
-17,126,26,64,-91,-62,-58,128
-17,129,26,65,-91,-62,-58,130
-15,130,26,65,-91,-62,-57,131
-14,131,26,65,-91,-62,-56,133
-13,129,26,64,-91,-62,-54,130
-12,127,26,64,-92,-62,-53,129
-12,126,26,65,-92,-62,-53,128
-12,127,25,65,-91,-62,-53,128
-13,129,24,66,-90,-62,-54,130
-14,130,24,66,-90,-62,-56,131
-14,131,25,66,-90,-62,-56,133
-14,130,25,65,-91,-62,-56,131
-14,130,25,65,-92,-62,-56,131
-14,130,24,66,-92,-62,-58,131
-14,130,23,68,-91,-62,-58,129
-14,130,22,68,-91,-62,-58,129
-14,132,22,68,-91,-62,-58,130
-14,134,23,68,-91,-62,-58,133
-14,136,24,66,-91,-62,-57,137
-13,137,25,65,-91,-62,-54,137
-14,136,25,65,-91,-62,-54,137
-13,136,24,66,-91,-62,-57,137
-12,137,23,68,-91,-62,-56,135
-12,137,22,68,-91,-62,-56,136
-12,137,22,68,-92,-62,-56,136
-12,137,23,68,-92,-62,-56,135
-12,137,23,68,-91,-61,-56,135
-12,137,23,68,-91,-61,-56,135
-12,137,22,68,-91,-61,-56,136
-11,137,22,67,-92,-60,-56,136
-12,137,22,66,-93,-59,-56,135
-13,136,22,65,-93,-59,-54,137
-14,135,22,66,-93,-59,-58,134
-15,135,22,67,-92,-58,-58,134
-15,136,21,67,-91,-58,-58,135
-15,136,22,68,-91,-57,-59,135
-16,135,23,68,-91,-57,-59,134
-16,133,23,68,-91,-57,-59,133
-15,131,23,68,-91,-57,-58,130
-14,130,22,68,-91,-57,-58,129
-14,130,22,67,-91,-57,-57,129
-14,130,21,67,-93,-57,-58,129
-14,131,22,67,-94,-57,-58,130
-14,131,23,68,-94,-57,-58,130
-14,130,23,68,-93,-57,-58,129
-13,129,23,68,-93,-57,-57,128
-13,127,22,67,-93,-57,-57,126
-12,127,21,67,-93,-57,-56,126
-13,127,21,66,-94,-57,-57,126
-12,127,20,65,-94,-57,-56,126
-12,126,19,65,-94,-57,-56,125
-11,125,19,65,-95,-57,-54,124
-10,124,19,65,-95,-57,-54,123
-10,123,19,65,-95,-57,-54,123
-10,122,19,65,-94,-57,-53,122
-9,122,19,65,-93,-57,-52,120
-9,122,19,65,-93,-57,-52,120
-10,123,19,65,-94,-57,-53,122
-11,125,19,65,-96,-57,-56,124
-13,126,19,65,-97,-57,-57,124
-13,126,19,64,-96,-57,-57,124
-13,126,18,64,-96,-57,-54,124
-13,125,18,63,-96,-57,-54,124
-14,124,18,64,-96,-57,-56,123
-16,124,18,64,-96,-57,-59,123
-16,123,18,64,-96,-57,-61,123
-16,123,18,64,-96,-57,-57,123
-16,124,18,63,-96,-57,-57,123
-16,124,18,63,-96,-57,-57,123
-16,124,17,63,-96,-57,-57,120
-16,123,16,64,-96,-57,-59,120
-16,123,16,65,-96,-57,-59,120
-16,123,17,65,-96,-57,-59,120
-16,123,18,64,-96,-57,-59,123
-16,124,19,64,-96,-57,-57,123
-16,124,19,65,-96,-57,-59,123
-16,124,18,66,-96,-57,-61,123
-16,123,18,66,-96,-57,-59,119
-15,122,18,66,-96,-57,-58,122
-14,121,18,66,-96,-57,-58,118
-14,120,17,67,-96,-57,-61,117
-16,120,16,68,-96,-57,-62,117
-18,119,15,68,-96,-57,-63,115
-18,118,15,68,-96,-57,-64,114
-18,117,16,68,-96,-57,-64,113
-18,117,16,68,-96,-57,-64,113
-18,117,16,68,-96,-57,-64,113
-18,117,15,68,-96,-57,-64,114
-18,117,15,68,-96,-57,-64,114
-18,117,14,67,-96,-57,-64,113
-18,117,14,66,-96,-57,-64,111
-18,117,13,66,-96,-57,-64,111
-18,117,12,65,-96,-57,-62,111
-18,117,12,65,-96,-57,-64,112
-18,117,12,65,-96,-57,-63,111
-17,116,11,66,-96,-57,-63,109
-17,115,11,66,-96,-57,-63,109
-18,116,10,67,-96,-57,-64,109
-18,117,10,68,-96,-57,-67,108
-17,118,9,68,-97,-57,-65,109
-15,119,9,68,-97,-57,-63,111
-14,119,9,68,-98,-57,-62,111
-14,119,9,68,-97,-57,-63,111
-16,118,9,69,-97,-57,-64,109
-18,117,9,68,-97,-57,-67,108
-18,117,8,68,-97,-57,-67,108
-18,117,6,66,-98,-57,-67,108
-18,117,6,65,-98,-57,-64,108
-18,117,5,65,-99,-57,-64,108
-18,117,5,65,-100,-57,-63,109
-18,117,6,65,-99,-57,-64,109
-19,116,5,65,-98,-57,-65,108
-20,114,5,65,-98,-56,-67,106
-21,112,6,65,-99,-53,-67,103
-20,111,6,65,-101,-52,-65,102
-20,110,5,65,-101,-51,-65,102
-20,110,4,64,-101,-52,-65,102
-21,108,3,63,-101,-52,-67,97
-22,106,2,62,-101,-52,-68,96
-22,104,1,61,-101,-52,-68,93
-21,102,2,62,-101,-52,-67,91
-20,101,2,62,-101,-52,-65,90
-21,99,1,61,-101,-52,-67,89
-22,98,1,61,-101,-52,-68,87
-24,97,0,61,-101,-52,-69,86
-25,97,1,61,-101,-52,-70,86
-25,95,0,60,-101,-52,-70,85
-25,93,0,60,-101,-52,-70,81
-26,91,-1,58,-101,-52,-69,80
-26,90,-1,58,-101,-52,-69,80
-26,90,-1,58,-101,-52,-69,78
-26,90,-1,58,-101,-52,-69,79
-27,88,-1,58,-101,-52,-69,78
-28,86,-1,58,-101,-52,-70,73
-28,86,-1,58,-100,-52,-70,72
-26,85,-1,58,-101,-52,-69,72
-26,85,-1,58,-102,-51,-69,74
-26,85,0,59,-104,-52,-69,74
-27,85,-1,58,-105,-53,-69,72
-28,84,-2,57,-106,-55,-70,70
-28,84,-3,56,-106,-56,-72,70
-28,84,-4,55,-106,-57,-72,70
-28,84,-5,55,-106,-57,-70,70
-28,84,-5,55,-106,-56,-70,70
-28,84,-4,55,-106,-56,-70,70
-28,84,-4,55,-106,-56,-72,70
-28,84,-4,55,-106,-56,-72,70
-28,84,-5,55,-106,-56,-72,70
-28,84,-5,56,-106,-57,-70,70
-28,84,-5,57,-106,-58,-70,70
-28,84,-6,56,-106,-58,-72,70
-29,83,-7,56,-106,-58,-72,67
-31,82,-9,55,-106,-58,-74,67
-32,82,-11,55,-106,-60,-78,63
-33,81,-12,55,-106,-61,-78,63
-32,82,-12,55,-106,-62,-78,63
-32,82,-11,55,-106,-61,-78,63
-32,82,-11,55,-106,-61,-78,63
-32,82,-11,56,-106,-61,-78,64
-32,82,-11,55,-106,-61,-78,63
-32,80,-12,54,-106,-61,-76,62
-31,79,-14,53,-106,-61,-74,61
-30,77,-16,53,-106,-61,-75,59
-30,77,-16,53,-106,-61,-75,56
-30,78,-16,53,-106,-61,-75,59
-30,78,-16,54,-106,-61,-75,57
-32,77,-17,54,-106,-61,-76,57
-33,76,-18,55,-106,-61,-78,54
-34,74,-19,56,-106,-61,-81,53
-33,72,-19,55,-106,-61,-80,51
-32,71,-20,54,-106,-61,-76,50
-32,70,-20,53,-106,-61,-76,50
-32,71,-20,52,-106,-61,-76,50
-32,71,-21,51,-106,-61,-76,50
-31,72,-21,51,-106,-63,-75,51
-29,73,-21,51,-107,-65,-74,50
-28,73,-21,52,-106,-66,-73,52
-28,73,-21,52,-106,-67,-73,52
-28,73,-21,51,-106,-66,-73,52
-28,73,-21,50,-107,-66,-70,50
-28,73,-22,48,-108,-66,-70,52
-28,73,-22,46,-108,-66,-68,52
-29,72,-22,45,-109,-66,-69,52
-29,72,-22,45,-110,-66,-69,52
-28,72,-22,46,-111,-66,-69,52
-28,72,-22,46,-112,-67,-69,52
-29,72,-22,45,-112,-68,-69,52
-29,72,-23,44,-112,-69,-69,52
-28,72,-25,43,-112,-70,-68,50
-28,73,-26,43,-112,-71,-68,50
-29,72,-27,43,-112,-71,-69,50
-31,72,-27,43,-112,-71,-70,48
-32,71,-26,43,-112,-71,-72,47
-32,71,-25,42,-112,-71,-73,47
-32,71,-25,42,-112,-71,-69,47
-32,71,-26,42,-112,-71,-72,47
-32,71,-26,43,-113,-71,-72,47
-32,71,-26,43,-114,-71,-72,47
-32,71,-27,44,-113,-71,-72,47
-32,71,-28,43,-112,-71,-72,45
-32,71,-30,41,-112,-71,-72,45
-32,71,-31,41,-112,-71,-72,45
-32,71,-32,41,-112,-71,-72,45
-32,71,-32,42,-112,-71,-72,45
-32,71,-33,42,-112,-71,-72,42
-32,71,-32,43,-111,-71,-74,45
-32,71,-32,43,-112,-71,-72,45
-32,71,-32,42,-113,-71,-72,45
-32,71,-33,41,-115,-70,-72,42
-32,71,-35,40,-115,-71,-72,42
-32,71,-36,39,-115,-72,-72,42
-32,71,-36,39,-115,-73,-72,42
-32,71,-36,39,-116,-74,-72,42
-32,71,-36,39,-117,-74,-72,42
-32,71,-36,39,-117,-74,-72,42
-32,71,-36,39,-117,-75,-72,42
-32,71,-37,38,-117,-75,-72,42
-32,71,-38,37,-117,-75,-72,42
-32,71,-39,36,-117,-75,-69,42
-32,71,-39,36,-117,-75,-69,42
-32,71,-39,36,-117,-75,-72,42
-32,71,-39,36,-117,-75,-69,42
-32,71,-39,36,-117,-75,-69,40
-32,71,-40,36,-117,-75,-69,40
-32,71,-40,36,-117,-75,-69,40
-32,71,-40,35,-117,-75,-69,40
-32,71,-41,34,-117,-77,-69,40
-32,71,-42,34,-117,-79,-69,41
-32,71,-43,33,-117,-80,-69,41
-32,71,-43,32,-117,-79,-69,40
-32,71,-43,32,-117,-79,-69,40
-32,71,-43,32,-117,-79,-69,40
-32,71,-43,32,-117,-80,-70,41
-33,72,-44,32,-117,-80,-70,41
-33,72,-45,31,-118,-80,-70,41
-33,72,-45,30,-118,-80,-70,41
-32,71,-46,30,-119,-80,-68,39
-33,72,-46,29,-119,-80,-68,39
-34,74,-47,29,-119,-80,-69,41
-34,75,-47,29,-120,-80,-69,42
-35,75,-46,29,-120,-80,-69,42
-35,75,-46,29,-119,-80,-69,42
-34,75,-46,29,-119,-80,-69,42
-34,75,-48,28,-120,-81,-69,42
-35,75,-49,26,-122,-82,-69,42
-35,76,-50,26,-123,-83,-70,43
-35,77,-51,25,-122,-84,-70,43
-35,76,-50,25,-121,-85,-70,43
-35,75,-50,25,-120,-85,-70,42
-36,75,-50,26,-121,-85,-70,42
-37,76,-50,26,-122,-85,-72,42
-37,77,-51,26,-122,-85,-72,43
-36,78,-51,25,-122,-85,-72,45
-36,79,-52,22,-122,-85,-69,47
-37,80,-52,21,-122,-85,-69,47
-37,79,-51,21,-122,-86,-67,47
-37,79,-51,21,-122,-86,-69,46
-36,79,-52,22,-122,-86,-69,46
-37,80,-54,23,-122,-87,-69,45
-38,81,-55,23,-122,-88,-70,46
-39,83,-54,22,-122,-89,-72,47
-38,82,-53,22,-122,-90,-70,47
-37,81,-51,20,-123,-90,-68,48
-37,79,-52,18,-124,-90,-67,47
-37,80,-53,16,-125,-90,-65,47
-38,82,-54,15,-124,-90,-65,50
-39,84,-55,15,-123,-90,-67,48
-39,84,-54,15,-122,-90,-67,51
-39,83,-54,15,-122,-90,-67,51
-38,82,-54,16,-123,-90,-65,50
-38,81,-54,15,-123,-90,-65,48
-37,80,-54,15,-122,-90,-64,47
-37,80,-53,15,-122,-90,-64,47
-36,81,-53,14,-123,-90,-64,48
-36,83,-53,12,-124,-90,-62,51
-36,85,-54,10,-125,-90,-62,52
-36,86,-54,9,-126,-89,-59,53
-35,86,-55,8,-126,-89,-58,53
-34,86,-54,8,-127,-89,-57,53
-34,86,-54,9,-128,-89,-57,53
-36,87,-54,9,-128,-89,-58,54
-36,89,-54,9,-127,-89,-59,57
-37,90,-54,9,-127,-89,-59,58
-37,90,-54,9,-127,-89,-59,58
-37,90,-54,8,-127,-89,-61,57
-37,90,-55,8,-127,-89,-61,58
-37,91,-56,7,-127,-89,-61,58
-37,93,-57,6,-127,-89,-61,61
-36,96,-57,6,-127,-89,-59,63
-36,98,-57,6,-127,-89,-59,65
-36,100,-57,6,-127,-90,-59,68
-37,101,-57,6,-127,-90,-61,68
-38,102,-57,6,-127,-89,-61,69
-37,101,-57,6,-127,-87,-61,68
-37,101,-57,6,-127,-86,-59,68
-37,101,-57,6,-127,-86,-61,69
-38,103,-57,5,-127,-87,-62,70
-39,104,-58,5,-128,-89,-62,69
-39,105,-58,5,-127,-90,-63,70
-39,106,-58,5,-127,-90,-63,72
-39,108,-58,5,-127,-89,-62,73
-39,110,-58,5,-128,-89,-63,74
-40,110,-58,5,-129,-88,-64,75
-42,110,-59,6,-129,-87,-65,75
-42,110,-59,7,-129,-86,-65,74
-41,110,-59,7,-127,-85,-64,75
-39,113,-58,5,-126,-85,-63,78
-39,115,-59,4,-127,-86,-62,80
-39,117,-60,3,-129,-86,-61,81
-40,117,-61,3,-130,-86,-61,81
-40,117,-61,3,-130,-85,-61,81
-40,116,-61,3,-129,-84,-61,81
-40,116,-61,2,-129,-84,-61,81
-39,116,-62,2,-130,-84,-61,81
-40,116,-62,2,-132,-84,-61,81
-39,116,-61,2,-133,-84,-61,81
-40,116,-61,2,-132,-85,-61,81
-40,116,-62,2,-132,-84,-61,81
-40,116,-62,2,-132,-83,-61,81
-39,116,-61,2,-132,-81,-61,81
-39,117,-61,2,-132,-79,-61,81
-40,116,-62,2,-132,-79,-61,81
-41,115,-63,1,-132,-79,-62,80
-43,115,-63,1,-132,-79,-64,80
-43,115,-62,1,-131,-80,-64,80
-42,116,-62,1,-132,-79,-63,80
-40,117,-63,1,-133,-78,-61,81
-39,117,-65,0,-135,-75,-61,79
-39,116,-66,0,-136,-74,-61,79
-40,116,-66,1,-137,-74,-61,79
-41,118,-65,1,-137,-74,-62,80
-42,119,-65,1,-136,-74,-63,81
-42,121,-66,0,-136,-74,-63,84
-42,121,-66,0,-136,-74,-63,84
-42,121,-67,0,-136,-74,-63,83
-42,121,-67,0,-136,-74,-63,83
-43,122,-67,0,-136,-74,-64,84
-44,124,-66,0,-136,-74,-64,86
-45,125,-65,0,-137,-74,-65,87
-45,125,-65,-1,-137,-74,-65,87
-44,125,-65,0,-136,-74,-65,87
-44,125,-67,0,-136,-74,-65,87
-45,126,-68,0,-136,-74,-67,89
-46,128,-69,-1,-137,-74,-68,91
-47,129,-69,-2,-137,-74,-68,91
-47,130,-70,-3,-138,-74,-68,90
-47,129,-70,-3,-139,-75,-65,89
-46,130,-70,-3,-140,-77,-68,90
-47,130,-71,-1,-141,-79,-68,90
-47,129,-72,0,-142,-79,-70,89
-46,128,-72,0,-142,-79,-70,89
-45,126,-74,-1,-141,-79,-68,84
-44,125,-75,-3,-141,-79,-65,83
-45,125,-75,-3,-141,-79,-65,83
-46,124,-75,-4,-142,-79,-67,81
-46,124,-76,-4,-142,-79,-67,81
-45,125,-77,-3,-141,-79,-67,83
-45,125,-79,-2,-141,-78,-68,80
-46,124,-81,-2,-141,-79,-69,79
-46,122,-82,-3,-142,-80,-70,78
-47,120,-82,-3,-143,-82,-70,75
-47,118,-83,-3,-144,-83,-70,73
-46,118,-83,-3,-143,-84,-69,70
-46,119,-84,-2,-144,-84,-72,70
-46,119,-84,-1,-145,-83,-73,72
-46,119,-85,-1,-146,-83,-72,72
-46,118,-87,-1,-147,-83,-72,68
-47,116,-88,-2,-147,-83,-73,65
-48,114,-89,-3,-147,-83,-74,64
-49,114,-90,-3,-147,-83,-75,63
-50,114,-90,-4,-147,-83,-75,64
-50,115,-92,-6,-147,-83,-73,64
-49,114,-93,-6,-147,-83,-73,61
-48,112,-93,-7,-146,-83,-72,59
-48,112,-93,-7,-147,-83,-72,59
-48,112,-94,-7,-148,-83,-72,59
-49,112,-95,-9,-150,-84,-72,59
-49,112,-97,-10,-151,-85,-72,59
-48,112,-98,-9,-152,-86,-72,59
-48,112,-100,-8,-152,-87,-74,57
-48,112,-101,-8,-152,-88,-74,57
-50,111,-102,-7,-152,-88,-75,53
-51,110,-103,-9,-152,-88,-76,53
-53,110,-104,-10,-152,-87,-78,52
-53,109,-104,-10,-152,-87,-79,52
-53,109,-105,-11,-153,-88,-76,52
-53,109,-105,-11,-154,-90,-76,52
-53,109,-107,-12,-155,-91,-76,52
-53,110,-108,-13,-156,-90,-75,52
-52,110,-109,-14,-156,-90,-75,50
-53,109,-109,-15,-157,-89,-76,52
-54,109,-110,-15,-157,-90,-76,48
-56,108,-111,-15,-157,-92,-79,48
-57,108,-114,-14,-157,-93,-83,45
-57,107,-117,-15,-157,-93,-83,45
-57,106,-119,-17,-157,-92,-79,41
-56,106,-120,-18,-159,-92,-79,41
-56,105,-121,-19,-160,-92,-79,40
-55,104,-121,-20,-160,-92,-78,40
-54,103,-122,-20,-160,-92,-78,39
-55,103,-123,-21,-160,-92,-78,39
-56,102,-125,-22,-161,-92,-76,35
-58,101,-126,-24,-162,-92,-78,34
-59,101,-127,-25,-162,-92,-79,34
-59,101,-128,-26,-162,-92,-79,34
-59,101,-129,-27,-162,-92,-79,34
-60,100,-131,-28,-162,-92,-80,30
-62,100,-133,-28,-161,-92,-81,30
-63,99,-135,-28,-162,-92,-84,26
-65,97,-138,-28,-163,-92,-85,25
-66,95,-140,-29,-165,-92,-86,23
-66,94,-141,-31,-166,-92,-86,19
-66,93,-142,-32,-167,-92,-86,19
-66,93,-144,-34,-166,-92,-84,19
-67,92,-145,-34,-167,-92,-85,18
-68,91,-146,-36,-168,-92,-86,17
-69,90,-147,-36,-169,-92,-86,13
-70,89,-148,-38,-169,-92,-87,12
-71,89,-150,-40,-169,-92,-86,12
-72,88,-152,-41,-169,-92,-87,10
-74,87,-155,-42,-170,-92,-89,8
-75,87,-157,-43,-171,-92,-90,8
-74,87,-159,-45,-172,-91,-89,4
-73,86,-160,-46,-171,-91,-87,4
-72,84,-162,-47,-171,-92,-86,2
-72,83,-164,-47,-172,-93,-86,-1
-73,82,-166,-48,-173,-95,-87,-2
-74,82,-167,-50,-174,-96,-86,-2
-75,81,-169,-52,-175,-97,-87,-2
-75,81,-169,-54,-176,-96,-87,-2
-75,81,-170,-55,-176,-96,-86,-4
-75,81,-172,-55,-177,-96,-87,-6
-76,80,-173,-56,-177,-96,-89,-6
-77,80,-175,-57,-177,-97,-87,-7
-79,79,-177,-57,-177,-100,-89,-9
-80,78,-178,-58,-177,-101,-90,-10
-81,78,-179,-60,-177,-101,-90,-10
-80,78,-180,-61,-177,-101,-90,-10
-80,78,-182,-63,-177,-101,-90,-13
-80,78,-184,-65,-179,-101,-87,-13
-80,79,-185,-66,-181,-102,-87,-13
-80,78,-186,-66,-182,-104,-87,-13
-82,78,-187,-68,-181,-106,-89,-13
-83,77,-188,-69,-180,-106,-91,-17
-84,76,-188,-71,-181,-105,-89,-15
-85,76,-190,-72,-182,-105,-90,-18
-85,76,-192,-74,-182,-105,-87,-18
-84,76,-194,-75,-182,-107,-89,-20
-84,76,-196,-75,-182,-109,-89,-20
-85,76,-197,-76,-184,-111,-90,-20
-86,76,-198,-78,-186,-110,-87,-20
-86,75,-199,-80,-187,-110,-89,-21
-86,73,-199,-84,-188,-110,-86,-23
-87,72,-199,-86,-188,-112,-84,-23
-88,73,-201,-87,-187,-114,-85,-23
-89,73,-203,-87,-187,-115,-86,-25
-89,74,-205,-86,-188,-115,-89,-24
-89,74,-205,-86,-188,-115,-89,-24
-89,74,-205,-87,-187,-115,-86,-24
-89,74,-206,-87,-187,-115,-86,-24
-89,74,-209,-88,-187,-115,-86,-26
-89,74,-210,-88,-189,-115,-89,-26
-89,74,-210,-88,-191,-115,-89,-26
-89,74,-210,-89,-192,-114,-86,-26
-89,73,-211,-90,-193,-115,-86,-28
-89,74,-213,-91,-193,-116,-86,-29
-90,75,-214,-93,-193,-118,-87,-29
-91,77,-215,-94,-193,-119,-89,-26
-91,78,-214,-94,-193,-120,-86,-25
-90,79,-213,-95,-192,-120,-85,-21
-88,79,-215,-95,-193,-119,-83,-24
-87,80,-216,-95,-194,-119,-81,-23
-87,82,-217,-96,-196,-119,-81,-21
-88,83,-217,-95,-198,-119,-83,-19
-89,84,-217,-95,-198,-119,-84,-19
-90,85,-217,-95,-198,-119,-84,-18
-90,86,-217,-95,-198,-119,-85,-17
-90,88,-217,-95,-197,-119,-85,-15
-91,89,-217,-95,-198,-119,-86,-14
-92,89,-217,-95,-199,-119,-87,-14
-92,89,-216,-96,-201,-119,-87,-14
-91,89,-216,-96,-202,-120,-86,-14
-90,90,-216,-97,-203,-122,-85,-13
-90,92,-216,-96,-203,-124,-85,-10
-89,94,-216,-96,-203,-124,-84,-9
-89,96,-217,-95,-203,-124,-84,-7
-88,96,-217,-95,-203,-124,-83,-7
-86,97,-217,-95,-203,-124,-81,-6
-86,99,-217,-95,-203,-124,-81,-4
-86,101,-217,-95,-203,-124,-81,-2
-87,102,-217,-95,-202,-124,-83,-1
-86,103,-217,-95,-203,-124,-81,0
-86,105,-217,-96,-204,-124,-81,1
-85,108,-217,-96,-206,-123,-80,3
-83,109,-217,-95,-208,-124,-79,6
-83,111,-216,-94,-208,-125,-78,7
-82,112,-215,-93,-208,-126,-80,8
-81,114,-213,-92,-208,-126,-79,10
-80,117,-212,-91,-208,-127,-78,15
-79,120,-211,-90,-208,-128,-76,18
-78,122,-210,-89,-208,-129,-75,20
-77,124,-209,-89,-208,-129,-75,23
-76,126,-209,-88,-208,-128,-76,25
-76,129,-207,-86,-208,-129,-76,28
-75,130,-206,-86,-208,-129,-76,31
-74,133,-206,-85,-208,-128,-75,35
-72,136,-205,-85,-209,-128,-73,37
-70,139,-204,-83,-212,-128,-72,40
-69,141,-202,-81,-213,-130,-73,42
-68,144,-200,-80,-214,-132,-72,47
-67,146,-199,-79,-213,-133,-70,50
-65,150,-198,-78,-213,-133,-69,53
-63,153,-197,-76,-213,-133,-67,57
-60,155,-195,-75,-213,-133,-65,59
-57,157,-193,-73,-213,-133,-63,63
-56,159,-191,-71,-213,-133,-62,65
-55,162,-189,-69,-213,-133,-63,69
-53,166,-187,-68,-213,-134,-62,74
-52,169,-186,-66,-213,-135,-61,78
-49,173,-184,-65,-215,-134,-58,81
-47,176,-182,-63,-217,-135,-58,84
-46,178,-180,-61,-218,-136,-57,89
-45,180,-179,-60,-219,-137,-56,91
-43,181,-177,-58,-219,-138,-54,92
-41,184,-174,-55,-218,-138,-54,97
-39,187,-172,-54,-218,-137,-53,101
-37,191,-170,-52,-218,-137,-51,104
-35,195,-169,-51,-218,-137,-52,108
-33,198,-167,-49,-218,-137,-50,114
-31,201,-165,-46,-218,-138,-47,117
-29,203,-162,-44,-219,-139,-48,122
-27,206,-160,-43,-219,-139,-46,125
-25,209,-159,-41,-218,-139,-45,128
-23,212,-158,-40,-218,-140,-42,131
-20,215,-155,-38,-219,-141,-42,136
-17,219,-152,-35,-220,-142,-40,140
-15,222,-150,-32,-222,-142,-40,146
-13,226,-147,-29,-224,-142,-37,150
-11,230,-144,-28,-224,-142,-36,156
-8,233,-141,-26,-224,-142,-32,159
-5,235,-139,-25,-224,-142,-30,162
-3,237,-137,-22,-224,-141,-30,166
0,241,-134,-19,-223,-140,-30,169
2,244,-132,-16,-224,-139,-28,173
4,247,-129,-13,-224,-138,-28,179
6,250,-126,-11,-223,-137,-25,181
9,253,-124,-9,-223,-137,-23,186
11,256,-122,-7,-223,-137,-23,190
14,260,-119,-5,-225,-137,-20,194
15,264,-117,-2,-227,-137,-19,200
18,267,-114,0,-228,-137,-19,203
21,271,-111,3,-228,-135,-17,209
24,274,-109,5,-227,-134,-15,213
27,278,-107,6,-226,-133,-13,217
28,281,-104,7,-226,-132,-12,223
30,285,-101,9,-227,-130,-9,227
32,289,-98,12,-228,-129,-9,233
36,292,-95,16,-228,-128,-6,235
39,296,-92,18,-227,-127,-6,242
43,300,-89,20,-227,-126,-2,246
45,304,-86,21,-227,-124,0,253
47,308,-83,22,-227,-122,1,260
49,312,-80,24,-227,-122,3,263
51,317,-78,27,-227,-122,6,268
54,322,-75,30,-227,-121,6,275
57,327,-72,32,-227,-119,8,281
60,332,-70,35,-228,-117,9,289
63,338,-67,37,-229,-115,12,294
66,343,-64,40,-230,-114,12,301
69,347,-61,42,-231,-113,14,306
71,352,-59,44,-231,-112,17,313
75,358,-57,47,-230,-111,18,319
78,365,-54,50,-229,-109,20,325
82,371,-50,53,-230,-108,23,335
87,376,-45,57,-231,-107,28,343
91,382,-42,59,-231,-106,31,349
95,388,-39,61,-231,-104,32,357
99,395,-36,63,-231,-103,36,363
103,401,-33,65,-231,-103,40,373
107,408,-30,67,-231,-102,45,379
111,413,-26,69,-231,-101,48,388
116,419,-23,70,-231,-99,53,395
120,425,-21,73,-231,-98,54,401
124,431,-18,76,-231,-97,56,407
128,438,-14,80,-231,-97,59,417
131,445,-10,83,-231,-96,59,427
134,453,-8,85,-232,-94,63,434
138,460,-6,87,-232,-93,67,441
141,468,-3,90,-232,-92,68,452
146,476,0,93,-231,-91,72,460
150,484,3,97,-230,-90,73,471
154,491,6,99,-230,-88,78,477
159,497,8,100,-231,-87,83,487
163,505,12,100,-232,-88,86,496
169,514,17,103,-233,-88,91,509
173,523,21,106,-233,-88,96,517
177,531,24,110,-234,-86,97,528
181,538,27,112,-233,-85,101,535
185,547,30,113,-233,-83,104,546
190,556,33,113,-232,-83,109,557
196,566,38,116,-231,-81,115,568
201,577,42,119,-231,-79,118,582
205,586,45,122,-233,-78,122,594
209,596,48,125,-234,-78,123,604
213,607,51,128,-233,-78,126,614
218,618,54,130,-233,-77,131,627
223,628,57,133,-232,-75,134,638
228,639,60,137,-234,-73,136,651
234,651,63,139,-234,-73,141,664
238,663,66,141,-234,-73,146,678
243,676,69,142,-234,-72,150,690
247,688,72,144,-234,-70,155,705
252,699,74,148,-234,-69,156,717
256,711,77,152,-234,-68,158,732
262,725,81,156,-234,-67,161,745
268,740,86,159,-234,-65,167,762
275,753,90,160,-233,-64,174,778
282,765,94,161,-233,-63,180,793
288,778,96,163,-233,-62,186,805
293,791,99,166,-233,-61,191,822
299,806,102,169,-233,-59,194,836
305,820,105,172,-233,-57,197,853
312,834,109,176,-233,-55,203,867
318,849,113,179,-233,-54,207,885
324,865,117,182,-233,-54,213,903
330,882,120,185,-233,-52,217,920
337,898,122,188,-233,-50,223,936
343,912,124,190,-232,-47,229,953
350,927,127,192,-232,-45,233,968
357,943,132,194,-232,-44,240,986
363,959,136,196,-232,-43,245,1005
368,976,140,200,-232,-40,251,1021
374,992,143,204,-232,-38,253,1041
381,1008,146,208,-232,-36,257,1057
388,1024,151,210,-231,-34,264,1075
396,1042,155,212,-232,-32,272,1096
403,1060,159,214,-233,-31,279,1116
410,1078,162,217,-233,-29,283,1135
417,1095,164,221,-233,-27,288,1152
425,1113,167,224,-233,-24,295,1171
432,1131,169,227,-232,-21,299,1190
439,1149,172,230,-232,-19,305,1210
445,1167,175,234,-232,-18,310,1229
453,1185,178,237,-232,-16,313,1247
460,1202,182,241,-232,-14,321,1267
467,1221,186,243,-232,-11,327,1289
474,1241,190,246,-231,-8,332,1308
482,1262,194,250,-231,-6,336,1333
490,1283,197,254,-231,-4,345,1353
498,1304,200,256,-233,-1,350,1376
505,1325,204,259,-234,1,357,1400
513,1345,206,262,-234,3,363,1420
521,1366,209,267,-232,5,368,1441
529,1387,213,272,-231,7,372,1464
538,1409,216,276,-230,10,380,1486
547,1430,220,279,-231,14,386,1511
555,1452,224,282,-233,18,394,1533
564,1475,227,285,-234,20,400,1558
573,1499,231,289,-233,22,408,1584
583,1523,234,292,-233,25,416,1608
592,1547,238,295,-233,29,424,1635
600,1572,241,299,-232,32,430,1661
610,1597,245,302,-232,34,439,1688
620,1623,249,306,-232,36,446,1715
629,1650,253,309,-232,38,452,1744
639,1677,257,313,-232,41,461,1773
647,1704,260,317,-232,45,467,1800
656,1731,263,321,-231,48,473,1831
666,1758,266,327,-231,51,479,1857
676,1786,270,332,-231,55,487,1886
686,1815,274,336,-231,58,494,1916
696,1844,277,339,-232,61,502,1947
705,1875,281,342,-233,64,510,1980
715,1905,286,346,-232,66,518,2011
725,1935,291,351,-230,69,526,2045
734,1966,294,357,-230,73,532,2076
744,1997,296,361,-231,77,535,2106
753,2027,299,366,-233,81,543,2137
762,2059,303,370,-234,84,551,2171
773,2091,308,375,-234,86,559,2207
783,2124,314,381,-234,88,566,2242
793,2157,317,387,-234,92,571,2275
803,2190,321,393,-233,97,577,2308
813,2224,325,396,-233,101,587,2345
822,2258,329,401,-233,104,593,2381
832,2293,332,406,-233,107,600,2417
844,2328,336,412,-232,110,607,2454
856,2363,340,417,-232,113,615,2489
868,2398,345,422,-232,117,627,2526
880,2434,349,426,-232,121,634,2562
890,2471,353,432,-231,125,642,2602
899,2508,357,438,-231,128,649,2639
910,2544,361,444,-231,131,653,2678
921,2581,366,449,-231,134,661,2718
933,2618,370,455,-231,138,670,2755
945,2655,374,460,-230,141,679,2794
956,2692,377,465,-230,144,687,2832
967,2731,382,470,-231,148,695,2873
978,2770,386,476,-232,151,703,2912
988,2809,390,481,-233,154,710,2954
999,2847,394,488,-233,157,715,2993
1009,2887,398,494,-231,161,722,3034
1021,2926,401,499,-231,165,731,3073
1032,2965,403,505,-232,170,738,3112
1043,3004,406,511,-233,174,744,3151
1054,3043,410,516,-234,177,751,3193
1065,3082,416,521,-234,179,760,3234
1076,3121,421,527,-233,182,767,3276
1087,3160,425,531,-233,185,776,3315
1098,3198,428,537,-233,188,783,3354
1109,3238,432,543,-232,192,791,3397
1120,3279,437,550,-232,195,798,3437
1131,3320,440,556,-232,199,804,3481
1142,3360,444,561,-232,203,811,3521
1152,3399,447,566,-231,207,819,3563
1162,3438,450,571,-231,209,826,3602
1173,3476,454,576,-233,213,834,3640
1184,3515,458,581,-234,216,842,3682
1194,3556,463,587,-235,220,848,3725
1203,3596,466,594,-234,224,853,3765
1214,3636,469,600,-233,228,859,3806
1224,3675,473,606,-233,231,864,3847
1235,3714,477,612,-234,234,871,3886
1245,3753,482,617,-235,237,878,3928
1255,3791,486,622,-234,240,886,3966
1265,3830,490,628,-234,244,893,4007
1275,3868,493,633,-234,248,899,4045
1284,3906,496,639,-234,252,905,4087
1293,3944,499,644,-233,255,911,4124
1302,3982,503,649,-233,259,917,4162
1311,4020,506,655,-233,263,921,4204
1321,4058,509,660,-233,268,927,4242
1330,4096,513,665,-233,272,933,4279
1340,4133,516,671,-232,275,939,4318
1349,4169,519,676,-232,278,947,4355
1358,4204,523,682,-231,281,952,4393
1366,4239,528,686,-232,284,958,4427
1374,4273,531,690,-233,288,963,4464
1382,4307,534,693,-234,292,968,4498
1390,4340,536,698,-234,296,972,4531
1398,4373,538,704,-234,299,977,4564
1407,4405,541,710,-234,303,982,4599
1415,4437,545,715,-235,307,985,4631
1423,4468,549,721,-235,312,991,4665
1432,4499,551,726,-234,316,996,4696
1439,4529,554,730,-234,319,1001,4726
1446,4558,557,733,-234,322,1007,4757
1453,4586,559,738,-235,325,1010,4785
1460,4614,562,743,-236,328,1013,4813
1468,4640,564,747,-235,332,1020,4840
1477,4667,568,750,-233,336,1026,4869
1484,4692,572,753,-233,340,1032,4895
1491,4716,575,756,-234,343,1037,4922
1497,4740,577,760,-236,347,1040,4945
1502,4763,578,765,-236,351,1042,4968
1507,4786,580,769,-235,355,1044,4991
1514,4808,583,771,-236,358,1051,5016
1521,4828,587,774,-236,361,1055,5036
1528,4848,590,777,-237,365,1062,5058
1532,4867,591,780,-237,368,1063,5077
1537,4887,592,784,-236,371,1065,5096
1541,4905,592,786,-236,374,1066,5116
1547,4923,594,788,-236,378,1071,5133
1552,4939,597,791,-235,381,1076,5149
1556,4954,599,793,-235,385,1077,5167
1559,4969,602,795,-235,389,1081,5182
1563,4983,604,797,-235,392,1085,5199
1567,4995,604,799,-234,395,1086,5208
1572,5007,604,802,-234,399,1088,5219
1576,5018,604,804,-234,402,1092,5230
1579,5029,605,805,-234,405,1092,5241
1581,5039,607,806,-234,408,1095,5255
1583,5048,608,807,-234,412,1096,5263
1585,5056,608,810,-233,415,1098,5271
1586,5063,608,813,-233,418,1097,5278
1589,5069,608,814,-233,422,1096,5282
1592,5075,608,815,-233,425,1099,5288
1595,5079,608,815,-233,428,1102,5293
1597,5083,609,815,-232,431,1104,5299
1597,5084,611,816,-232,433,1104,5300
1598,5085,612,818,-232,436,1105,5301
1598,5085,612,818,-232,439,1105,5300
1599,5084,612,818,-232,443,1107,5300
1601,5082,612,817,-231,446,1108,5298
1601,5079,612,818,-231,449,1108,5294
1601,5075,612,818,-231,452,1108,5290
1599,5071,611,818,-231,455,1107,5287
1596,5066,610,817,-231,458,1104,5282
1594,5059,610,815,-231,460,1102,5274
1593,5051,609,814,-231,462,1101,5266
1592,5041,610,811,-230,465,1102,5257
1590,5032,610,810,-230,469,1103,5247
1587,5023,610,809,-230,472,1101,5238
1585,5011,608,807,-230,474,1098,5227
1584,4998,607,807,-230,475,1097,5213
1582,4985,605,805,-230,477,1097,5197
1581,4971,604,803,-229,479,1097,5184
1577,4956,603,800,-229,482,1097,5168
1573,4939,602,798,-229,485,1093,5152
1570,4921,602,795,-229,488,1092,5134
1567,4903,599,793,-229,491,1090,5116
1564,4884,597,791,-228,495,1090,5095
1559,4865,595,788,-228,497,1085,5075
1554,4844,593,785,-228,499,1082,5055
1549,4822,592,781,-228,502,1080,5033
1544,4800,590,778,-228,504,1079,5011
1539,4778,588,774,-228,507,1074,4989
1533,4756,586,771,-227,509,1070,4963
1527,4732,585,768,-228,511,1068,4940
1520,4706,582,764,-228,513,1063,4914
1514,4679,579,760,-227,514,1058,4886
1507,4651,575,756,-226,516,1054,4856
1501,4624,573,753,-224,518,1051,4829
1495,4597,571,749,-222,521,1047,4802
1488,4570,570,745,-222,524,1043,4774
1480,4540,567,742,-224,525,1036,4742
1473,4508,565,738,-225,527,1032,4709
1466,4475,563,735,-225,528,1029,4676
1460,4442,560,730,-223,531,1025,4641
1452,4410,556,725,-222,533,1020,4609
1442,4377,552,719,-221,535,1013,4574
1433,4343,549,714,-221,537,1007,4539
1425,4307,547,708,-221,538,1004,4504
1418,4270,545,703,-221,540,1001,4466
1410,4234,541,698,-221,542,996,4428
1401,4199,536,693,-221,543,991,4393
1391,4162,532,689,-220,545,983,4354
1382,4124,529,683,-220,546,977,4316
1372,4086,527,678,-220,548,970,4277
1363,4047,523,672,-220,550,964,4235
1353,4007,519,667,-220,552,958,4195
1344,3968,515,661,-220,555,954,4154
1333,3927,512,656,-220,556,947,4112
1322,3886,509,649,-220,556,939,4072
1313,3844,505,643,-220,556,935,4027
1304,3802,502,637,-219,557,930,3985
1295,3761,498,631,-216,559,924,3941
1284,3720,493,625,-215,560,916,3900
1273,3677,489,618,-214,562,910,3855
1262,3634,485,611,-214,564,903,3812
1252,3591,482,604,-215,565,898,3768
1242,3548,479,598,-215,567,894,3725
1232,3506,475,592,-214,569,887,3680
1221,3463,471,587,-214,570,880,3637
1210,3419,467,581,-214,571,871,3591
1197,3375,463,574,-214,572,865,3547
1185,3332,460,568,-214,574,855,3502
1174,3288,455,560,-214,575,849,3458
1162,3245,451,554,-214,576,842,3411
1151,3199,446,547,-214,577,833,3366
1140,3155,442,542,-214,578,828,3319
1128,3110,438,536,-213,580,820,3274
1116,3065,434,529,-214,582,810,3226
1103,3019,429,523,-213,584,800,3180
1091,2974,424,516,-213,585,794,3132
1079,2929,420,509,-212,585,786,3084
1068,2885,416,504,-211,585,778,3040
1056,2840,411,498,-212,585,772,2994
1044,2796,407,491,-212,586,762,2949
1032,2751,403,485,-211,589,754,2904
1020,2706,400,478,-210,590,749,2857
1009,2663,396,472,-209,590,740,2813
997,2619,391,465,-208,590,733,2767
984,2575,386,459,-208,591,725,2719
972,2531,380,453,-208,593,715,2675
959,2488,375,447,-208,594,706,2630
947,2446,372,440,-208,595,700,2587
935,2403,367,433,-208,594,690,2542
923,2360,362,427,-208,594,682,2497
911,2316,357,420,-208,596,676,2453
898,2273,353,413,-208,598,666,2407
887,2231,348,408,-207,599,657,2365
876,2189,344,401,-208,600,653,2320
864,2147,340,395,-208,599,644,2279
852,2106,336,389,-207,599,634,2235
838,2065,331,383,-206,599,625,2194
824,2025,326,377,-204,599,614,2150
812,1985,322,372,-204,601,604,2109
800,1946,318,365,-204,603,598,2069
789,1907,314,359,-204,604,590,2028
779,1870,309,353,-202,604,583,1991
766,1832,305,347,-202,604,576,1950
754,1794,301,340,-202,603,566,1911
741,1756,297,334,-204,604,557,1871
730,1718,293,329,-204,606,551,1833
719,1683,289,324,-204,607,540,1795
707,1648,285,319,-202,609,535,1760
695,1613,281,313,-202,609,526,1723
683,1578,277,308,-202,608,517,1687
672,1542,273,302,-202,609,509,1649
662,1507,270,298,-202,610,502,1615
651,1474,266,293,-202,612,495,1578
639,1441,263,288,-202,614,485,1545
626,1409,259,283,-202,614,476,1511
615,1377,255,277,-202,614,467,1479
605,1346,251,272,-201,613,460,1445
595,1316,247,266,-200,613,454,1414
585,1286,244,261,-200,614,446,1381
576,1256,240,257,-201,615,440,1351
566,1226,236,254,-201,616,433,1319
556,1196,234,249,-200,617,423,1290
545,1169,231,245,-198,617,416,1262
533,1142,229,241,-197,618,406,1235
521,1116,225,237,-196,618,397,1206
510,1089,221,232,-196,618,389,1178
501,1063,216,227,-197,618,384,1151
492,1037,213,222,-197,618,378,1123
484,1012,209,218,-196,618,372,1097
474,989,206,214,-196,620,362,1071
465,966,204,210,-196,621,356,1048
455,942,200,207,-196,623,349,1024
445,918,196,203,-196,623,340,998
435,895,193,200,-196,623,333,972
425,873,189,197,-196,623,323,949
416,851,187,195,-196,623,317,925
408,830,186,191,-196,623,311,904
399,809,184,187,-196,623,306,883
391,790,180,181,-196,623,300,864
381,770,176,177,-196,623,294,842
372,752,173,174,-196,623,284,822
362,733,169,172,-196,625,275,802
354,715,167,169,-196,626,269,783
347,697,165,166,-196,628,266,764
340,679,163,161,-196,628,261,745
333,662,160,157,-195,628,257,727
326,644,158,154,-194,628,250,710
318,628,156,152,-193,628,245,690
309,612,153,150,-193,628,236,675
301,597,150,147,-194,628,229,657
294,582,147,144,-194,628,224,643
287,567,145,142,-193,628,218,627
281,553,142,139,-192,628,214,611
275,539,139,137,-193,628,208,596
269,524,137,134,-194,628,202,579
263,510,134,132,-195,628,200,565
256,497,133,130,-195,628,192,552
250,485,131,130,-193,628,186,538
243,473,129,128,-191,628,180,526
236,462,127,126,-191,628,177,513
230,450,126,122,-191,628,173,502
224,440,125,119,-191,628,169,491
219,430,125,116,-191,627,164,482
213,419,122,115,-191,627,158,468
208,409,119,115,-191,628,153,458
202,399,115,115,-191,629,146,445
197,388,114,113,-191,631,142,434
191,378,113,111,-191,631,136,424
184,368,112,108,-191,631,133,415
178,360,110,106,-191,630,126,404
173,352,108,105,-191,630,122,395
169,344,108,104,-191,631,120,388
165,336,107,101,-191,632,117,379
161,328,105,99,-191,633,115,372
156,321,104,97,-191,633,111,365
151,314,103,96,-191,632,106,357
146,308,102,95,-191,632,101,350
142,303,100,94,-191,632,100,344
139,296,98,93,-191,632,96,334
136,288,96,92,-191,632,93,325
132,280,95,91,-191,632,90,318
128,274,94,89,-191,632,86,312
123,269,94,87,-191,632,84,307
119,264,93,86,-191,632,79,302
114,258,91,85,-191,633,75,296
110,252,89,85,-191,634,70,288
106,246,87,85,-191,634,67,281
103,241,85,84,-191,634,64,274
100,237,84,83,-191,633,61,269
97,232,83,82,-191,634,58,266
94,227,81,82,-191,634,56,260
91,222,79,81,-191,634,53,252
89,217,78,80,-191,633,50,247
85,212,77,79,-191,632,47,242
82,208,75,77,-191,632,46,238
79,204,75,76,-191,632,43,234
77,201,75,76,-191,632,41,229
75,198,75,76,-191,633,39,228
72,195,75,76,-191,634,36,225
68,191,74,75,-191,635,32,219
65,187,72,74,-191,636,30,214
63,185,72,73,-191,635,28,212
61,181,71,73,-191,633,26,208
58,178,70,72,-191,632,23,206
55,175,69,71,-191,632,23,202
53,172,68,70,-191,634,20,197
53,169,67,69,-189,636,20,195
52,167,68,70,-187,636,19,192
50,165,68,70,-187,636,18,190
47,163,68,70,-188,636,14,187
44,162,67,70,-188,637,12,186
43,159,67,69,-188,637,10,184
41,157,65,68,-187,637,9,181
40,155,64,66,-187,637,8,179
38,153,64,66,-187,637,6,178
36,150,64,67,-187,637,4,175
36,148,63,68,-186,637,3,172
34,145,62,67,-186,637,2,168
32,144,60,66,-186,637,0,166
29,143,58,66,-186,637,-2,162
28,140,57,66,-186,637,-6,159
27,138,57,67,-186,637,-7,157
26,136,57,67,-187,637,-7,155
25,135,57,67,-188,637,-8,155
23,134,56,66,-189,638,-8,153
21,133,55,64,-189,639,-10,152
19,132,53,64,-188,641,-12,151
18,129,53,63,-187,641,-13,148
16,126,54,63,-186,640,-15,146
14,124,54,64,-187,639,-17,144
13,123,54,64,-189,640,-18,142
12,122,53,62,-190,640,-19,141
11,120,51,61,-190,641,-19,137
10,117,50,60,-188,641,-20,134
8,115,49,60,-188,641,-23,131
7,114,50,60,-188,642,-24,130
5,113,51,59,-188,643,-23,130
4,111,53,58,-187,642,-24,130
4,109,52,58,-186,642,-24,128
3,107,51,59,-185,642,-25,124
3,106,50,60,-185,642,-25,123
2,105,50,60,-185,642,-26,122
1,103,51,59,-186,642,-26,120
0,102,51,59,-185,642,-28,118
1,101,50,57,-185,642,-28,118
0,102,49,57,-185,642,-28,118
-1,103,48,57,-185,642,-30,119
-3,102,48,57,-185,642,-31,119
-4,101,47,58,-185,642,-32,118
-4,101,46,57,-185,642,-32,114
-4,101,46,57,-185,642,-32,115
-5,101,46,57,-185,642,-34,118
-7,100,46,57,-185,642,-36,117
-8,98,46,57,-185,642,-37,114
-7,97,46,57,-185,642,-36,113
-7,97,46,57,-186,642,-36,113
-7,96,46,57,-185,642,-36,112
-8,95,46,57,-185,642,-36,111
-9,94,46,57,-185,642,-39,108
-10,93,45,58,-186,642,-39,107
-11,93,45,58,-187,642,-42,107
-12,93,46,58,-187,642,-41,107
-14,92,46,57,-187,642,-42,106
-15,91,46,56,-186,642,-43,104
-14,90,44,54,-187,642,-43,103
-14,88,43,54,-187,642,-42,102
-14,86,43,53,-187,642,-40,100
-14,83,43,54,-186,642,-43,97
-16,81,43,54,-185,642,-42,95
-17,79,43,54,-186,642,-43,93
-18,78,43,54,-188,642,-46,92
-18,76,42,54,-188,642,-46,90
-18,75,41,55,-188,642,-46,89
-18,73,41,56,-187,642,-47,85
-20,71,40,56,-186,642,-51,83
-21,69,40,56,-185,642,-52,80
-23,66,40,56,-185,642,-53,78
-23,65,41,56,-185,642,-51,76
-24,64,41,56,-185,642,-54,75
-24,64,40,57,-186,641,-54,75
-25,62,39,57,-187,641,-56,73
-26,60,38,56,-187,640,-57,70
-27,57,37,55,-187,640,-57,68
-27,54,37,54,-186,640,-56,65
-28,53,37,53,-185,639,-56,64
-28,52,37,52,-186,637,-56,63
-28,50,37,53,-186,637,-56,62
-29,48,36,53,-186,637,-57,57
-31,46,36,54,-185,637,-59,54
-32,43,36,54,-186,637,-61,52
-33,42,36,53,-188,637,-61,51
-34,40,35,53,-189,637,-62,48
-35,38,35,52,-189,637,-63,47
-36,36,34,52,-187,637,-63,45
-37,35,33,51,-186,637,-64,43
-38,33,32,50,-186,637,-65,41
-38,30,32,50,-187,637,-65,39
-39,28,32,50,-188,637,-67,37
-41,27,32,50,-187,636,-68,36
-42,27,32,50,-186,636,-69,36
-42,27,32,50,-186,636,-70,35
-43,25,33,50,-187,635,-70,34
-43,23,32,50,-188,635,-70,31
-44,21,32,49,-187,634,-72,29
-45,19,30,48,-186,634,-70,25
-46,17,29,47,-185,635,-72,23
-46,15,28,46,-186,636,-72,21
-46,14,29,47,-186,634,-72,19
-46,13,29,47,-186,632,-70,19
-46,14,29,47,-186,631,-70,20
-46,14,28,46,-186,632,-72,20
-48,13,28,46,-186,634,-73,19
-49,12,28,46,-186,636,-74,18
-49,10,28,46,-186,636,-74,17
-49,8,28,46,-186,635,-74,14
-49,6,28,46,-187,634,-74,12
-51,5,26,45,-187,635,-75,10
-52,5,25,44,-187,636,-76,10
-53,5,26,44,-187,637,-78,10
-52,5,28,44,-188,637,-74,10
-51,3,28,43,-188,636,-74,9
-52,1,28,41,-188,636,-74,7
-53,0,27,41,-187,636,-75,4
-54,-1,26,42,-186,637,-76,4
-54,-1,27,42,-187,637,-76,4
-54,-2,28,42,-188,637,-76,3
-54,-4,28,40,-189,637,-74,3
-55,-7,27,39,-189,637,-74,-1
-55,-9,26,38,-189,637,-75,-3
-55,-10,26,38,-188,637,-74,-4
-54,-12,27,39,-187,637,-74,-6
-55,-13,27,39,-187,637,-74,-7
-57,-13,27,38,-187,637,-76,-7
-58,-14,25,37,-186,637,-78,-8
-59,-14,25,36,-187,637,-79,-8
-60,-15,25,37,-189,637,-79,-9
-60,-17,25,37,-189,637,-80,-10
-61,-19,25,37,-187,637,-80,-13
-61,-21,25,37,-185,637,-80,-14
-62,-22,25,37,-185,637,-81,-15
-63,-24,25,37,-187,637,-83,-18
-63,-26,24,38,-190,637,-83,-20
-63,-27,24,38,-191,637,-81,-21
-62,-27,23,39,-189,637,-84,-24
-63,-28,22,40,-188,637,-85,-24
-65,-28,22,40,-187,638,-86,-25
-66,-31,21,40,-188,637,-87,-28
-66,-33,21,39,-189,636,-87,-30
-66,-35,21,39,-189,633,-87,-31
-67,-36,21,39,-190,633,-89,-32
-67,-36,20,39,-190,634,-89,-32
-68,-35,19,38,-189,636,-90,-32
-69,-36,18,37,-187,635,-90,-32
-69,-38,18,37,-186,634,-91,-37
-70,-41,18,37,-185,634,-91,-37
-71,-43,18,37,-186,635,-92,-40
-70,-43,18,37,-187,636,-91,-40
-71,-43,18,37,-187,634,-92,-40
-72,-43,18,37,-188,632,-93,-40
-74,-44,18,37,-188,632,-95,-41
-75,-45,18,37,-187,634,-96,-41
-75,-45,18,37,-187,636,-97,-42
-75,-45,18,37,-186,636,-96,-42
-75,-45,18,37,-186,634,-96,-41
-75,-45,18,37,-186,632,-96,-42
-75,-45,18,37,-186,631,-96,-42
-76,-46,18,37,-186,632,-97,-42
-78,-46,18,37,-186,634,-100,-43
-80,-47,18,37,-187,636,-101,-43
-79,-47,18,37,-187,635,-101,-45
-77,-48,18,37,-187,634,-98,-45
-75,-49,18,37,-187,633,-96,-46
-74,-50,18,37,-188,633,-95,-47
-75,-51,18,37,-188,634,-96,-48
-77,-51,18,37,-188,634,-98,-48
-78,-51,18,37,-187,633,-98,-48
-77,-52,18,37,-188,632,-98,-48
-76,-53,18,37,-188,632,-97,-50
-75,-55,18,37,-187,632,-96,-52
-76,-57,18,37,-186,632,-97,-53
-78,-58,18,37,-185,632,-98,-54
-79,-58,18,37,-186,632,-100,-54
-79,-58,18,37,-188,632,-100,-57
-78,-59,17,36,-189,633,-100,-58
-77,-61,17,36,-190,634,-96,-61
-78,-63,17,36,-189,636,-98,-62
-80,-65,17,36,-188,636,-101,-64
-81,-65,16,35,-187,634,-100,-64
-82,-65,15,34,-186,632,-100,-64
-81,-65,15,34,-186,632,-100,-64
-81,-64,15,35,-186,632,-100,-63
-81,-65,16,35,-186,632,-100,-64
-81,-66,16,35,-186,633,-100,-65
-79,-68,17,34,-186,635,-97,-67
-79,-69,18,35,-186,635,-97,-65
-79,-69,20,35,-187,635,-97,-67
-80,-70,21,35,-188,634,-98,-67
-82,-71,20,33,-189,633,-98,-68
-83,-71,19,31,-188,632,-100,-68
-84,-70,18,30,-187,632,-100,-67
-85,-68,18,30,-188,632,-101,-65
-85,-67,19,31,-189,632,-101,-64
-86,-67,19,32,-189,634,-102,-63
-85,-67,19,31,-188,636,-101,-64
-85,-67,18,30,-187,637,-101,-64
-85,-67,18,30,-187,637,-101,-64
-85,-67,17,31,-188,638,-101,-64
-85,-67,16,32,-189,637,-101,-64
-85,-67,17,31,-188,637,-101,-64
-85,-67,18,31,-188,637,-101,-64
-85,-67,19,31,-187,637,-101,-64
-85,-67,19,32,-186,637,-101,-64
-86,-67,18,32,-186,637,-102,-63
-86,-66,17,32,-185,637,-102,-63
-86,-65,16,32,-186,637,-102,-62
-86,-65,16,32,-186,637,-102,-62
-86,-65,17,32,-187,637,-102,-62
-86,-65,17,31,-187,637,-102,-62
-87,-64,18,30,-187,637,-103,-61
-87,-65,18,30,-187,637,-103,-62
-87,-64,18,30,-188,637,-103,-61
-87,-63,19,31,-189,637,-103,-59
-86,-62,19,32,-190,637,-102,-59
-86,-62,19,31,-189,637,-102,-58
-86,-62,19,31,-187,637,-102,-59
-87,-63,19,31,-186,637,-103,-59
-88,-63,19,31,-187,637,-103,-59
-88,-63,19,31,-187,637,-104,-59
-88,-63,20,32,-187,637,-103,-59
-88,-63,20,32,-187,637,-103,-59
-88,-63,20,32,-188,637,-103,-59
-88,-63,19,32,-188,637,-103,-59
-88,-63,18,30,-189,638,-103,-59
-88,-63,18,29,-188,637,-103,-59
-88,-63,18,29,-187,636,-103,-59
-88,-63,18,30,-187,636,-103,-59
-88,-63,19,31,-188,636,-103,-59
-87,-63,20,32,-189,636,-103,-59
-87,-63,21,33,-189,635,-103,-59
-88,-63,20,32,-189,634,-104,-59
-88,-63,20,32,-188,633,-104,-61
-88,-63,18,31,-188,633,-103,-59
-86,-63,18,30,-188,634,-102,-59
-84,-62,18,30,-187,635,-100,-59
-83,-62,18,30,-186,635,-98,-59
-82,-61,19,31,-186,635,-98,-58
-83,-61,19,31,-186,634,-100,-58
-83,-61,19,31,-186,633,-100,-57
-83,-61,19,32,-186,632,-100,-57
-83,-60,20,32,-186,632,-100,-57
-83,-61,21,33,-186,632,-100,-57
-83,-61,21,33,-186,634,-100,-57
-83,-60,21,33,-186,634,-100,-57
-83,-60,20,32,-185,634,-100,-57
-83,-60,20,32,-186,632,-100,-57
-83,-60,19,31,-186,632,-100,-57
-83,-61,19,32,-188,632,-100,-57
-83,-61,20,32,-189,632,-100,-58
-84,-61,21,33,-189,632,-100,-57
-84,-59,21,33,-188,632,-100,-56
-83,-57,20,32,-187,632,-100,-53
-83,-55,21,33,-187,632,-98,-52
-83,-54,21,33,-187,632,-100,-48
-84,-55,21,32,-188,632,-101,-52
-86,-56,19,31,-189,632,-102,-53
-86,-57,18,30,-189,632,-102,-53
-86,-56,18,30,-188,632,-102,-53
-86,-56,18,30,-186,632,-102,-53
-86,-56,18,30,-186,632,-102,-53
-86,-56,18,30,-187,632,-102,-53
-86,-56,18,30,-188,632,-102,-53
-86,-56,18,30,-188,632,-102,-53
-86,-56,18,30,-188,632,-102,-53
-86,-56,19,31,-187,632,-102,-53
-86,-56,19,31,-187,632,-102,-53
-86,-56,19,31,-187,632,-102,-53
-86,-56,19,31,-188,632,-102,-53
-86,-57,19,31,-189,632,-102,-53
-86,-56,19,31,-189,632,-102,-53
-85,-54,19,31,-188,632,-102,-51
-86,-52,19,31,-186,632,-102,-50
-86,-50,19,31,-186,632,-102,-47
-85,-50,19,31,-187,632,-101,-47
-84,-50,19,31,-188,632,-101,-47
-83,-49,19,32,-189,632,-100,-46
-83,-48,20,32,-188,632,-100,-45
-82,-45,21,33,-188,632,-98,-40
-82,-43,22,34,-188,632,-98,-37
-82,-41,22,33,-188,632,-98,-35
-82,-39,22,33,-187,631,-98,-34
-81,-37,21,33,-186,630,-98,-31
-80,-35,21,33,-186,631,-97,-30
-79,-32,21,33,-188,632,-96,-26
-79,-29,22,33,-189,633,-96,-24
-80,-27,22,34,-190,633,-96,-21
-79,-25,24,36,-188,632,-98,-20
-79,-24,25,37,-186,632,-98,-19
-78,-23,25,37,-186,632,-97,-17
-76,-22,25,37,-186,632,-96,-17
-74,-21,25,37,-186,631,-93,-15
-73,-21,25,37,-186,631,-92,-15
-72,-20,25,37,-186,631,-91,-14
-72,-18,25,37,-186,630,-92,-12
-73,-17,25,37,-186,629,-92,-10
-74,-16,25,37,-186,629,-93,-10
-74,-17,25,37,-187,630,-93,-10
-73,-17,25,37,-189,632,-92,-10
-72,-16,25,37,-191,633,-91,-10
-72,-16,25,37,-191,631,-91,-10
-72,-16,25,37,-191,629,-92,-10
-73,-17,25,37,-191,628,-92,-10
-74,-17,25,37,-190,627,-93,-12
-74,-17,25,37,-188,627,-93,-12
-73,-17,25,37,-187,627,-92,-10
-73,-17,25,37,-188,627,-92,-10
-73,-16,25,37,-188,627,-92,-10
-74,-17,26,38,-188,628,-93,-12
-73,-17,25,39,-188,627,-92,-10
-73,-17,25,39,-187,627,-92,-10
-73,-16,25,38,-187,628,-92,-10
-74,-16,26,39,-187,628,-93,-10
-73,-17,27,40,-189,627,-92,-10
-73,-18,27,40,-190,626,-95,-12
-72,-20,25,40,-190,625,-93,-14
-71,-21,24,38,-188,625,-91,-15
-71,-21,24,38,-187,625,-90,-15
-71,-21,24,38,-187,625,-90,-15
-71,-21,25,37,-186,624,-90,-15
-71,-21,25,37,-186,623,-91,-15
-71,-21,25,37,-187,622,-91,-15
-71,-21,25,37,-187,622,-91,-15
-71,-22,25,37,-187,622,-90,-17
-69,-24,25,37,-187,622,-89,-19
-68,-25,25,37,-187,622,-87,-20
-69,-25,25,37,-186,622,-87,-19
-70,-24,25,37,-187,622,-89,-18
-71,-22,25,37,-188,623,-90,-17
-70,-22,25,37,-191,623,-90,-17
-70,-23,25,37,-191,623,-89,-18
-70,-24,26,38,-191,623,-89,-18
-71,-23,27,38,-188,623,-90,-17
-72,-21,26,38,-187,622,-91,-15
-71,-21,25,37,-186,622,-91,-15
-70,-20,25,37,-186,622,-90,-14
-69,-18,25,37,-187,622,-89,-13
-68,-16,25,37,-188,622,-87,-10
-69,-14,25,37,-189,623,-89,-8
-69,-14,25,37,-189,623,-89,-8
-69,-14,26,38,-189,623,-89,-9
-69,-15,26,38,-188,622,-89,-9
-69,-14,26,38,-188,622,-89,-9
-69,-12,26,39,-190,623,-89,-7
-68,-10,27,40,-191,623,-90,-4
-67,-8,27,41,-192,623,-89,-2
-67,-7,27,40,-192,623,-89,-2
-67,-7,26,40,-190,623,-89,-2
-67,-8,25,41,-187,622,-89,-2
-68,-8,25,43,-187,622,-92,-2
-67,-8,25,44,-188,622,-91,-2
-66,-7,25,44,-190,623,-90,-1
-64,-6,25,43,-190,623,-89,-1
-63,-5,25,43,-189,623,-87,0
-62,-5,25,43,-187,622,-87,0
-63,-6,25,44,-186,622,-87,0
-63,-5,25,43,-186,622,-87,0
-64,-4,25,43,-187,622,-89,1
-64,-4,25,43,-187,622,-89,1
-64,-3,25,43,-187,622,-89,2
-65,-2,25,43,-187,622,-89,3
-65,-1,25,43,-187,622,-90,3
-65,-1,25,43,-187,622,-90,3
-66,-1,25,43,-188,622,-90,3
-65,-1,25,43,-188,623,-90,4
-64,0,25,43,-189,623,-89,4
-62,0,25,43,-189,623,-86,6
-61,0,25,43,-188,623,-85,6
-61,0,25,43,-187,623,-85,7
-61,0,25,43,-187,623,-85,7
-61,1,25,43,-187,622,-86,7
-62,2,25,43,-188,621,-86,8
-62,3,25,43,-188,621,-86,9
-63,3,25,43,-188,621,-87,9
-64,4,25,43,-189,621,-89,9
-63,5,25,43,-190,621,-87,10
-62,5,25,43,-190,620,-86,12
-60,6,25,43,-190,619,-85,12
-59,7,25,44,-189,618,-84,13
-58,7,25,44,-188,617,-83,13
-59,7,25,43,-187,617,-84,13
-59,7,25,43,-188,617,-84,13
-59,7,25,43,-189,618,-84,13
-58,6,26,44,-190,618,-83,12
-58,5,26,45,-191,618,-83,10
-57,4,27,45,-191,618,-81,10
-57,3,26,45,-191,618,-81,9
-57,3,26,44,-191,618,-81,9
-57,3,25,43,-189,617,-81,9
-58,4,25,43,-189,616,-83,10
-58,5,25,44,-190,616,-83,10
-57,5,25,44,-191,617,-81,10
-57,3,25,44,-190,618,-81,9
-58,2,25,43,-190,618,-83,8
-60,1,25,43,-189,617,-84,7
-61,0,25,44,-188,615,-85,6
-61,0,27,45,-187,615,-86,6
-61,0,28,46,-187,615,-86,7
-61,0,28,46,-188,616,-85,7
-61,0,28,46,-189,616,-85,6
-61,0,27,45,-190,615,-85,7
-61,0,26,44,-189,614,-85,6
-62,0,26,44,-190,614,-86,6
-64,0,26,44,-191,614,-89,4
-65,-1,27,45,-191,614,-90,3
-66,-1,27,45,-192,615,-90,3
-65,-1,27,45,-192,616,-90,3
-65,-1,27,45,-192,616,-90,3
-65,-1,26,44,-192,616,-90,3
-65,-1,26,44,-192,616,-90,4
-65,-1,25,43,-192,617,-90,3
-65,-1,25,43,-192,617,-90,3
-65,-2,25,43,-191,618,-89,3
-64,-3,25,44,-191,618,-89,2
-64,-4,25,44,-191,618,-89,1
-64,-4,25,44,-191,618,-89,1
-63,-5,25,43,-191,618,-87,0
-63,-6,25,43,-191,618,-87,0
-63,-5,25,44,-191,618,-87,0
-64,-5,27,45,-191,618,-89,0
-65,-4,28,46,-191,618,-90,1
-65,-4,28,46,-192,617,-90,1
-65,-5,27,45,-191,618,-90,0
-64,-5,26,45,-192,619,-89,0
-64,-4,26,44,-192,621,-89,1
-64,-3,26,44,-191,623,-89,2
-63,-2,26,45,-190,623,-87,2
-61,-2,25,46,-189,623,-86,3
-60,-1,25,46,-190,623,-86,1
-59,-1,24,47,-191,623,-86,2
-60,0,23,46,-192,623,-87,2
-60,0,23,46,-192,623,-87,2
-60,-1,23,46,-191,623,-86,1
-59,-3,22,46,-191,623,-86,0
-58,-4,22,48,-191,623,-85,-1
-58,-3,23,48,-191,623,-85,0
-59,-2,24,47,-191,623,-86,1
-60,0,26,46,-191,623,-85,6
-61,0,27,45,-191,622,-85,6
-61,0,27,47,-191,623,-85,7
-61,0,25,48,-191,623,-87,3
-61,0,23,48,-191,624,-87,3
-61,0,23,46,-191,625,-87,3
-60,0,24,47,-191,625,-87,2
-59,-2,25,48,-191,624,-86,1
-58,-3,26,50,-191,625,-85,0
-58,-3,25,50,-191,625,-87,0
-59,-3,24,50,-191,627,-89,0
-60,-3,24,49,-191,627,-90,-1
-62,-5,24,49,-191,628,-89,-2
-63,-6,25,48,-191,628,-90,-2
-63,-7,24,47,-191,628,-90,-3
-62,-7,24,47,-191,628,-89,-4
-61,-8,24,47,-191,628,-89,-4
-61,-9,24,46,-191,628,-87,-6
-61,-10,25,46,-191,628,-87,-7
-61,-10,25,46,-191,628,-87,-7
-62,-10,24,47,-191,628,-89,-7
-62,-11,24,47,-191,628,-89,-8
-63,-12,24,47,-191,628,-90,-9
-62,-14,24,47,-191,628,-89,-12
-62,-16,24,47,-191,628,-89,-13
-62,-17,23,46,-191,628,-89,-13
-63,-17,22,46,-191,628,-90,-13
-64,-17,22,47,-191,628,-91,-14
-65,-18,22,47,-191,628,-92,-14
-67,-19,22,47,-191,628,-93,-15
-68,-19,22,47,-191,628,-95,-15
-67,-18,22,47,-191,628,-93,-15
-67,-19,22,47,-191,628,-93,-15
-66,-19,23,46,-191,628,-93,-17
-66,-20,24,44,-191,628,-90,-17
-65,-21,24,42,-191,628,-87,-15
-65,-22,23,41,-191,628,-86,-19
-65,-22,21,42,-191,628,-89,-19
-65,-21,19,43,-191,628,-89,-20
-65,-21,18,44,-191,628,-92,-20
-65,-21,19,43,-191,628,-89,-20
-65,-22,21,42,-191,628,-89,-19
-65,-23,21,41,-191,628,-86,-19
-65,-23,21,41,-191,628,-89,-20
-65,-23,20,42,-191,628,-89,-20
-65,-23,20,42,-191,628,-89,-19
-65,-23,21,41,-191,628,-86,-19
-65,-23,22,40,-191,628,-86,-19
-65,-23,22,40,-191,628,-86,-19
-64,-23,22,40,-191,628,-86,-19
-65,-23,21,40,-191,628,-86,-19
-66,-24,21,40,-191,628,-87,-20
-68,-25,22,40,-191,628,-89,-21
-69,-25,22,40,-191,628,-90,-21
-69,-25,22,40,-191,628,-91,-23
-69,-25,22,40,-191,628,-91,-23
-69,-25,22,40,-191,628,-90,-21
-69,-25,22,40,-191,628,-90,-21
-69,-25,22,40,-191,628,-91,-21
-69,-25,22,40,-191,628,-90,-21
-68,-26,22,40,-191,628,-90,-23
-68,-29,22,40,-191,628,-90,-25
-68,-31,22,40,-191,628,-90,-28
-69,-31,22,40,-191,628,-91,-28
-70,-31,22,40,-191,628,-91,-28
-71,-31,22,40,-192,628,-92,-28
-71,-32,22,40,-193,628,-92,-29
-70,-33,21,40,-193,628,-92,-30
-69,-34,21,40,-193,628,-91,-31
-69,-35,22,40,-192,628,-90,-31
-70,-35,22,40,-191,628,-91,-31
-71,-36,22,40,-191,628,-92,-32
-71,-37,21,41,-191,628,-92,-34
-70,-37,21,41,-191,628,-93,-34
-69,-37,20,42,-191,628,-92,-34
-68,-36,21,41,-191,628,-92,-32
-68,-35,21,41,-191,628,-90,-32
-69,-36,22,40,-191,628,-90,-32
-69,-38,22,40,-191,628,-91,-35
-70,-41,22,40,-191,628,-91,-37
-71,-43,21,40,-191,628,-92,-40
-71,-43,21,40,-191,628,-92,-40
-71,-43,22,40,-191,628,-92,-40
-71,-43,21,40,-191,627,-92,-40
-71,-43,21,40,-191,626,-92,-40
-71,-43,21,40,-191,626,-92,-40
-71,-43,22,40,-191,626,-92,-40
-71,-43,22,40,-191,627,-92,-40
-71,-43,21,40,-191,628,-92,-40
-71,-43,20,42,-191,628,-95,-40
-71,-43,19,43,-191,628,-95,-42
-71,-43,18,43,-191,628,-97,-42
-71,-43,19,43,-191,628,-95,-42
-71,-43,19,43,-191,628,-95,-42
-71,-43,20,43,-191,628,-95,-42
-71,-43,20,43,-191,628,-95,-42
-71,-43,19,43,-191,627,-95,-42
-70,-43,19,43,-191,626,-93,-42
-71,-43,18,44,-191,626,-97,-42
-71,-41,18,43,-191,626,-97,-41
-72,-39,19,43,-191,627,-96,-39
-73,-38,19,43,-191,628,-97,-37
-72,-39,19,43,-191,628,-96,-39
-71,-41,18,43,-191,628,-97,-41
-71,-43,19,43,-191,628,-95,-42
-71,-42,20,42,-191,628,-95,-39
-72,-40,21,40,-191,628,-93,-37
-72,-39,22,40,-191,628,-93,-36
-72,-39,22,40,-192,628,-93,-36
-72,-39,21,40,-192,628,-93,-36
-73,-39,21,40,-193,628,-93,-36
-73,-38,22,40,-193,627,-95,-35
-73,-38,22,40,-192,626,-95,-35
-73,-38,21,41,-191,626,-95,-35
-73,-39,21,41,-191,626,-97,-35
-73,-39,20,42,-191,627,-97,-35
-73,-38,21,42,-191,628,-97,-35
-73,-39,21,41,-191,628,-95,-36
-73,-39,21,40,-191,628,-95,-35
-72,-38,21,39,-191,628,-93,-35
-70,-37,20,39,-191,628,-91,-34
-69,-36,21,39,-191,628,-90,-34
-68,-36,21,40,-191,628,-90,-32
-68,-36,22,40,-191,628,-90,-32
-69,-36,22,40,-191,628,-90,-34
-69,-36,22,40,-191,628,-90,-34
-69,-36,22,40,-191,628,-90,-34
-68,-36,22,40,-191,627,-90,-32
-68,-36,22,40,-191,626,-90,-32
-68,-36,22,40,-191,626,-90,-32
-68,-36,22,40,-191,626,-90,-32
-69,-36,22,40,-191,627,-90,-32
-69,-36,22,40,-191,628,-90,-32
-69,-36,22,40,-191,628,-90,-32
-68,-36,22,40,-191,628,-90,-32
-68,-36,22,40,-191,628,-90,-34
-69,-36,22,40,-191,628,-90,-32
-69,-35,22,40,-191,628,-91,-31
-70,-33,22,40,-192,628,-92,-30
-71,-32,22,40,-193,628,-92,-29
-71,-31,22,40,-193,628,-92,-28
-71,-32,22,40,-192,628,-92,-29
-71,-32,22,40,-192,628,-92,-29
-71,-32,22,40,-192,628,-92,-29
-71,-32,22,40,-193,628,-92,-29
-71,-32,22,40,-193,628,-92,-29
-72,-32,22,40,-191,628,-93,-29
-72,-32,22,40,-190,628,-93,-29
-72,-33,21,40,-191,628,-93,-30
-72,-32,21,40,-193,628,-93,-29
-72,-31,22,40,-195,626,-93,-28
-72,-29,22,40,-195,626,-93,-25
-73,-28,22,40,-193,626,-95,-24
-73,-27,21,41,-192,627,-95,-24
-74,-26,21,41,-192,628,-98,-23
-75,-25,20,42,-193,628,-100,-21
-75,-23,21,41,-194,628,-100,-20
-75,-22,20,42,-194,628,-98,-19
-72,-21,20,43,-194,628,-96,-20
-71,-21,18,44,-195,628,-97,-20
-71,-21,18,44,-196,628,-97,-20
-71,-21,18,44,-196,628,-97,-20
-72,-21,18,44,-195,628,-98,-20
-72,-21,18,44,-194,628,-98,-20
-71,-21,18,43,-195,628,-97,-20
-70,-20,17,43,-196,628,-96,-19
-68,-19,17,43,-196,628,-92,-19
-67,-19,18,43,-195,628,-91,-18
-66,-18,18,43,-194,628,-93,-18
-67,-19,18,44,-195,628,-93,-18
-67,-19,18,44,-196,628,-93,-18
-67,-19,18,44,-197,628,-93,-18
-67,-19,18,44,-196,628,-93,-18
-67,-19,18,44,-195,628,-93,-18
-67,-19,18,44,-192,628,-93,-18
-66,-18,18,44,-191,628,-93,-18
-66,-18,18,44,-192,628,-92,-17
-65,-18,18,44,-195,628,-92,-17
-65,-18,18,44,-196,628,-92,-17
-67,-19,18,44,-196,628,-93,-18
-67,-19,18,44,-196,628,-93,-19
-67,-18,18,44,-195,628,-93,-18
-66,-17,18,44,-194,628,-92,-15
-65,-14,18,44,-194,628,-92,-13
-65,-12,18,44,-195,628,-92,-12
-66,-12,18,44,-195,628,-92,-12
-66,-13,18,44,-195,628,-93,-12
-66,-13,18,44,-194,628,-93,-12
-65,-12,18,44,-194,628,-92,-12
-65,-12,18,44,-195,628,-91,-12
-65,-12,18,44,-196,628,-91,-10
-65,-12,18,44,-196,628,-91,-12
-65,-12,18,44,-196,628,-92,-12
-65,-12,18,44,-196,628,-92,-12
-65,-12,18,44,-196,628,-91,-12
-65,-12,18,43,-196,628,-91,-10
-65,-12,18,43,-196,628,-89,-10
-65,-12,17,43,-196,628,-89,-10
-65,-12,18,43,-196,628,-89,-12
-65,-12,18,43,-196,628,-91,-12
-65,-12,18,44,-196,628,-91,-10
-65,-11,18,44,-196,628,-92,-10
-66,-9,18,44,-196,628,-93,-8
-67,-8,18,44,-196,628,-93,-7
-67,-7,18,44,-196,628,-93,-7
-67,-7,18,44,-196,628,-93,-7
-67,-8,18,44,-196,628,-93,-7
-67,-8,19,43,-196,628,-91,-7
-67,-8,20,42,-196,628,-91,-4
-67,-7,20,42,-196,628,-91,-4
-67,-7,20,43,-196,628,-91,-7
-67,-8,19,43,-196,628,-91,-7
-67,-8,19,43,-196,628,-91,-7
-67,-7,20,42,-196,628,-91,-4
-68,-6,21,40,-196,628,-90,-3
-69,-4,22,40,-196,628,-91,-1
-69,-4,22,40,-196,628,-91,-1
-68,-6,21,40,-196,627,-90,-3
-67,-7,21,40,-196,626,-89,-4
-67,-8,22,41,-196,626,-89,-4
-67,-8,22,41,-196,627,-89,-4
-67,-7,22,40,-195,627,-89,-4
-67,-7,22,40,-194,627,-89,-4
-68,-8,21,40,-193,626,-90,-4
-67,-8,21,42,-194,626,-91,-4
-67,-8,20,44,-195,626,-91,-4
-67,-8,20,45,-196,627,-93,-7
-67,-8,19,45,-197,627,-93,-7
-67,-8,19,46,-197,626,-93,-7
-69,-9,20,46,-196,625,-96,-8
-70,-10,22,47,-195,624,-97,-7
-71,-10,24,46,-195,624,-97,-7
-71,-10,25,45,-195,625,-95,-7
-70,-10,24,45,-195,626,-95,-7
-70,-9,23,46,-195,626,-97,-6
-70,-9,22,47,-195,625,-96,-6
-69,-9,21,47,-195,625,-96,-6
-67,-8,21,47,-196,625,-93,-7
-67,-8,20,46,-196,625,-93,-7
-67,-8,20,45,-196,625,-93,-7
-68,-8,20,46,-196,624,-95,-7
-68,-8,21,46,-196,624,-95,-7
-68,-8,22,47,-196,623,-95,-4
-67,-8,22,47,-196,623,-93,-4
-66,-7,22,48,-196,623,-92,-4
-65,-7,22,47,-196,623,-92,-3
-65,-5,21,46,-196,624,-92,-2
-65,-3,21,46,-196,625,-92,-2
-66,-2,21,47,-196,626,-92,-1
-65,-1,22,48,-196,627,-92,2
-64,0,22,47,-196,627,-91,2
-62,0,22,45,-196,627,-86,3
-61,0,21,43,-196,626,-85,3
-61,0,21,43,-196,626,-85,4
-61,0,22,44,-196,627,-85,4
-61,0,23,46,-196,628,-87,3
-61,0,25,45,-196,628,-85,3
-61,0,25,44,-196,628,-85,6
-61,0,25,44,-196,628,-85,3
-61,0,24,45,-196,628,-85,3
-61,0,24,45,-196,628,-85,3
-61,0,25,44,-196,628,-85,6
-61,0,25,43,-196,626,-86,7
-61,0,25,43,-196,626,-85,7
-60,1,25,44,-196,626,-84,7
-59,1,24,45,-196,628,-84,4
-59,0,24,45,-196,628,-84,4
-61,0,25,45,-196,628,-85,4
-62,2,25,44,-196,628,-87,8
-63,3,25,43,-196,628,-87,9
-62,3,25,43,-196,628,-87,9
-61,2,25,44,-196,628,-86,8
-61,0,26,45,-196,628,-86,7
-62,0,27,45,-196,628,-86,4
-64,0,27,45,-196,628,-89,4
-64,0,27,45,-196,628,-89,4
-64,0,27,45,-196,628,-89,4
-63,0,28,46,-196,628,-87,4
-63,0,29,47,-196,628,-87,4
-64,0,29,47,-196,628,-89,4
-65,-1,29,47,-196,628,-90,4
-65,-1,29,47,-196,628,-90,4
-65,-1,29,47,-196,628,-90,3
-64,-3,29,47,-196,628,-89,2
-64,-4,29,47,-196,628,-89,1
-64,-4,29,47,-196,628,-89,1
-64,-3,29,47,-196,628,-89,2
-65,-2,29,47,-196,628,-89,2
-65,-2,29,47,-196,628,-90,2
-66,-3,29,47,-196,628,-91,2
-66,-3,28,46,-196,628,-90,1
-65,-4,28,46,-196,628,-89,1
-63,-6,28,46,-196,628,-87,0
-64,-7,28,46,-196,628,-89,-1
-66,-7,28,46,-196,628,-90,-2
-67,-7,29,47,-196,628,-91,-2
-66,-7,29,47,-196,628,-91,-2
-66,-7,29,47,-196,628,-90,-2
-66,-7,28,46,-196,628,-90,-2
-66,-7,28,46,-196,628,-91,-2
-66,-7,28,46,-196,628,-90,-1
-66,-7,27,45,-196,628,-90,-1
-66,-7,26,44,-196,628,-90,-2
-66,-8,25,44,-196,628,-91,-3
-66,-10,25,43,-196,628,-91,-4
-66,-10,25,43,-196,628,-90,-4
-65,-11,25,44,-196,628,-90,-6
-65,-12,26,44,-196,628,-89,-6
-65,-12,27,45,-196,628,-89,-7
-65,-12,28,46,-196,628,-90,-7
-65,-12,28,46,-196,628,-89,-6
-65,-12,28,46,-196,628,-89,-6
-65,-12,26,45,-196,628,-89,-6
-65,-12,25,43,-196,628,-89,-7
-65,-12,25,43,-196,628,-89,-7
-65,-12,26,45,-196,628,-89,-7
-65,-12,28,46,-196,628,-89,-7
-65,-12,28,46,-196,628,-89,-7
-65,-12,28,46,-196,628,-89,-7
-65,-12,28,46,-196,628,-89,-7
-65,-12,27,47,-196,628,-89,-7
-65,-12,25,47,-196,628,-92,-9
-65,-12,25,46,-196,628,-91,-9
-65,-12,24,46,-196,628,-91,-8
-65,-12,24,46,-196,628,-91,-8
-65,-12,24,47,-196,628,-92,-9
-65,-12,23,48,-196,628,-92,-9
-65,-12,22,48,-196,628,-91,-9
-64,-11,22,47,-196,628,-91,-8
-64,-10,22,47,-196,628,-90,-7
-65,-9,22,47,-196,628,-91,-6
-66,-9,22,47,-196,628,-92,-6
-67,-10,23,48,-196,628,-93,-7
-66,-10,23,49,-197,628,-93,-7
-65,-10,23,48,-198,628,-91,-7
-63,-7,22,47,-197,628,-90,-4
-63,-6,22,47,-196,628,-90,-3
-64,-6,22,47,-196,628,-91,-3
-65,-8,22,47,-196,628,-92,-4
-64,-10,22,47,-196,628,-91,-7
-62,-11,22,47,-196,628,-89,-8
-62,-11,22,47,-196,628,-89,-8
-63,-11,22,47,-196,628,-90,-8
-65,-12,22,47,-196,628,-91,-8
-65,-12,22,47,-196,628,-92,-8
-65,-12,22,47,-196,628,-92,-9
-64,-13,22,47,-196,628,-91,-10
-63,-15,22,47,-196,628,-90,-12
-63,-16,22,47,-196,628,-90,-13
-62,-17,22,47,-196,628,-89,-13
-63,-17,22,47,-196,628,-90,-13
-64,-17,21,46,-196,628,-90,-13
-65,-17,21,46,-196,628,-91,-14
-65,-18,21,46,-196,628,-92,-14
-66,-18,21,46,-196,628,-92,-15
-66,-18,21,46,-196,628,-93,-15
-67,-18,21,46,-196,628,-93,-15
-69,-19,21,46,-196,628,-95,-18
-70,-20,20,46,-196,628,-96,-19
-71,-22,20,46,-197,628,-97,-21
-70,-24,20,45,-198,628,-96,-24
-69,-25,21,46,-198,628,-96,-21
-68,-25,20,46,-198,628,-95,-25
-69,-25,19,46,-197,628,-95,-24
-69,-25,17,47,-197,628,-97,-26
-69,-25,16,48,-198,628,-97,-26
-69,-25,16,49,-198,628,-98,-26
-70,-26,16,49,-198,628,-98,-28
-72,-28,15,48,-197,628,-101,-30
-72,-31,15,47,-198,628,-101,-32
-72,-32,15,47,-200,627,-101,-34
-71,-32,15,47,-201,626,-100,-34
-71,-32,16,46,-201,625,-100,-34
-71,-32,17,46,-199,626,-100,-31
-71,-32,16,46,-198,625,-100,-34
-71,-32,15,47,-198,625,-100,-34
-71,-32,15,47,-199,626,-100,-34
-72,-32,16,46,-200,626,-101,-34
-74,-33,17,45,-199,626,-100,-32
-75,-34,18,45,-198,626,-102,-34
-76,-34,17,46,-198,625,-102,-34
-75,-35,16,46,-200,625,-102,-36
-74,-36,17,46,-201,624,-101,-35
-72,-36,17,45,-201,623,-98,-35
-72,-37,18,44,-200,623,-97,-36
-72,-38,18,44,-199,623,-97,-37
-72,-40,18,44,-200,623,-98,-39
-72,-41,18,43,-201,623,-97,-41
-71,-43,17,43,-201,623,-97,-42
-71,-43,16,42,-200,623,-95,-42
-71,-43,16,41,-199,623,-95,-42
-71,-42,15,41,-199,623,-95,-41
-71,-43,15,40,-199,623,-95,-42
-72,-45,15,40,-199,623,-95,-43
-72,-47,15,41,-200,623,-96,-47
-72,-49,15,41,-201,623,-96,-51
-73,-50,15,41,-201,623,-97,-52
-74,-50,14,41,-201,623,-98,-52
-75,-51,15,40,-201,623,-100,-50
-77,-51,15,40,-201,623,-101,-51
-77,-52,14,41,-201,623,-101,-53
-77,-52,14,42,-201,623,-103,-53
-78,-52,12,43,-201,623,-103,-54
-79,-52,12,44,-201,623,-104,-54
-80,-53,12,43,-201,623,-106,-54
-80,-53,12,43,-201,623,-106,-56
-81,-54,13,42,-201,623,-107,-56
-81,-54,14,41,-201,623,-104,-56
-81,-54,15,40,-201,623,-104,-53
-81,-54,15,40,-201,623,-104,-53
-83,-54,14,42,-201,623,-108,-56
-84,-56,12,43,-201,623,-111,-58
-85,-57,11,44,-201,623,-113,-62
-84,-59,12,43,-201,623,-109,-62
-83,-60,14,42,-201,624,-108,-62
-82,-60,14,41,-201,624,-104,-62
-82,-60,14,41,-201,623,-106,-62
-82,-59,14,42,-201,621,-107,-62
-80,-59,14,42,-201,620,-106,-61
-79,-58,14,41,-201,620,-102,-61
-79,-58,15,41,-201,621,-102,-57
-79,-58,15,40,-201,623,-102,-57
-79,-58,14,39,-201,622,-102,-61
-79,-60,13,39,-201,622,-102,-62
-77,-61,12,38,-201,622,-101,-63
-77,-61,13,38,-201,621,-101,-63
-77,-61,12,38,-202,620,-101,-63
-77,-61,12,38,-202,619,-101,-63
-77,-62,11,37,-201,618,-100,-64
-76,-64,11,37,-199,618,-100,-65
-76,-64,11,38,-198,618,-100,-65
-76,-64,11,37,-198,618,-100,-65
-76,-64,12,36,-200,618,-97,-65
-75,-65,14,34,-201,618,-93,-64
-74,-67,14,34,-201,618,-92,-65
-74,-67,14,34,-200,618,-92,-67
-74,-67,13,35,-199,618,-95,-67
-74,-67,13,35,-200,618,-95,-65
-74,-67,14,34,-200,618,-92,-65
-75,-67,14,33,-199,618,-93,-65
-75,-67,14,33,-198,618,-93,-67
-74,-67,14,33,-196,618,-92,-65
-74,-67,14,34,-196,618,-92,-65
-75,-67,14,34,-197,618,-93,-65
-76,-67,14,33,-198,618,-95,-67
-78,-68,14,33,-198,618,-96,-68
-79,-69,14,33,-198,617,-97,-68
-79,-69,15,34,-198,616,-97,-68
-79,-69,16,35,-198,616,-97,-68
-79,-69,16,35,-198,617,-97,-68
-79,-69,16,35,-198,616,-97,-68
-79,-69,15,34,-198,616,-97,-68
-79,-69,15,34,-199,615,-97,-68
-79,-69,16,35,-199,614,-97,-68
-79,-69,17,36,-199,614,-100,-68
-79,-69,18,37,-198,613,-100,-68
-79,-69,18,37,-198,613,-100,-68
-78,-71,18,36,-200,614,-96,-70
-77,-72,18,35,-202,614,-96,-69
-77,-72,18,35,-202,614,-95,-69
-77,-72,19,36,-202,614,-96,-69
-78,-71,19,36,-200,614,-96,-68
-78,-70,19,36,-198,613,-97,-67
-79,-69,20,35,-198,614,-97,-67
-79,-69,21,34,-199,614,-97,-65
-79,-69,21,33,-200,614,-95,-65
-77,-68,22,33,-200,614,-93,-63
-76,-67,21,33,-199,614,-92,-62
-75,-67,21,33,-199,614,-91,-61
-74,-67,21,33,-199,614,-90,-62
-74,-67,21,33,-198,613,-90,-64
-74,-66,21,34,-197,613,-90,-63
-73,-64,21,33,-197,613,-89,-58
-72,-62,22,32,-197,613,-87,-56
-71,-60,24,31,-197,613,-84,-53
-70,-58,25,30,-197,613,-84,-52
-69,-57,25,29,-197,613,-84,-48
-69,-55,25,30,-197,613,-84,-46
-69,-53,25,30,-197,613,-83,-47
-68,-52,25,30,-197,613,-81,-43
-66,-51,25,30,-197,613,-80,-43
-65,-50,25,30,-197,613,-79,-41
-64,-47,25,30,-197,613,-78,-41
-63,-44,25,30,-197,613,-78,-36
-62,-42,25,29,-197,613,-74,-34
-61,-39,27,27,-197,613,-73,-31
-61,-38,28,27,-197,613,-70,-26
-59,-36,30,27,-197,613,-69,-25
-58,-35,31,28,-197,614,-70,-24
-59,-33,31,29,-197,614,-70,-23
-60,-32,31,29,-197,613,-72,-20
-61,-30,31,28,-197,612,-73,-19
-60,-29,31,28,-197,611,-72,-18
-58,-27,31,29,-197,610,-70,-17
-58,-26,32,30,-197,610,-70,-15
-58,-25,32,30,-197,609,-70,-14
-58,-25,32,28,-197,608,-68,-14
-57,-25,34,27,-197,608,-67,-10
-55,-24,35,26,-197,608,-63,-10
-54,-23,36,26,-196,608,-61,-9
-53,-21,35,26,-195,608,-61,-7
-53,-18,35,26,-195,608,-59,-4
-52,-16,35,26,-197,608,-59,-2
-50,-15,35,26,-198,608,-57,-2
-49,-15,36,27,-198,609,-58,-1
-48,-14,37,28,-197,609,-58,0
-47,-12,38,30,-196,608,-57,3
-46,-9,39,30,-194,607,-56,6
-44,-6,39,28,-192,607,-54,9
-43,-4,41,27,-192,607,-51,12
-43,-2,42,26,-194,607,-50,15
-42,0,42,26,-195,605,-50,18
-42,2,41,27,-194,604,-50,18
-40,4,41,28,-193,603,-47,20
-38,7,42,28,-192,603,-46,25
-36,9,44,28,-192,603,-43,28
-35,10,45,28,-192,603,-42,29
-34,12,46,29,-193,603,-42,31
-34,14,46,29,-192,603,-41,32
-32,16,45,30,-192,603,-40,35
-31,18,45,29,-192,603,-39,37
-29,21,46,28,-192,603,-37,40
-27,23,48,27,-193,602,-32,45
-26,25,49,26,-193,600,-31,46
-24,27,49,25,-193,598,-28,48
-22,29,49,25,-193,598,-28,51
-21,32,49,26,-192,598,-28,53
-20,35,50,27,-191,598,-26,57
-20,37,51,28,-191,599,-25,61
-19,39,52,29,-191,599,-25,63
-18,42,53,29,-191,598,-24,65
-17,44,53,29,-190,597,-23,68
-15,46,52,29,-189,595,-21,70
-14,48,52,29,-188,593,-20,72
-13,49,52,29,-188,593,-19,73
-11,52,54,30,-188,593,-18,76
-9,55,56,30,-189,593,-15,83
-7,58,58,30,-190,593,-13,85
-5,62,59,29,-191,592,-9,89
-3,64,59,28,-190,592,-7,91
0,67,59,29,-189,590,-4,93
1,70,60,30,-188,589,-2,100
2,75,62,31,-188,589,-4,103
3,79,64,31,-188,588,-3,108
5,83,64,31,-189,588,1,113
8,87,65,30,-188,588,3,119
11,91,65,29,-188,588,7,123
15,96,67,29,-188,589,10,128
18,101,68,31,-189,589,13,133
20,107,69,31,-189,588,15,139
22,112,70,32,-189,587,18,146
25,117,71,33,-187,586,20,152
27,123,72,34,-185,587,21,158
29,130,73,35,-184,588,24,164
32,137,75,35,-184,588,26,172
34,143,77,34,-185,589,29,180
36,148,79,34,-186,588,32,185
39,154,80,35,-185,588,35,194
41,160,80,35,-184,588,35,200
45,167,80,35,-183,588,39,207
49,174,81,36,-184,588,42,213
52,180,83,38,-184,588,46,220
54,188,85,39,-184,588,47,228
56,195,87,40,-184,588,50,238
60,201,90,39,-184,588,53,244
64,207,91,38,-184,589,59,252
68,214,92,38,-183,591,63,260
70,223,93,40,-182,593,63,268
73,232,95,42,-180,593,65,278
77,241,97,44,-180,593,69,289
82,248,99,46,-180,593,74,296
86,256,101,46,-180,593,78,306
89,264,104,47,-179,592,81,314
93,274,106,48,-179,592,85,324
97,284,108,48,-178,592,89,336
101,293,109,49,-178,594,93,346
105,303,111,50,-179,596,96,356
108,312,113,52,-178,597,97,367
112,321,114,54,-178,598,101,377
116,331,115,55,-178,598,104,386
121,342,116,55,-177,597,109,397
124,354,119,56,-177,597,112,412
128,365,122,56,-177,597,115,426
131,375,124,58,-176,599,119,437
136,387,126,60,-175,601,123,448
141,399,128,61,-173,602,128,460
146,411,130,62,-173,602,133,474
149,422,132,63,-173,602,136,485
152,433,134,65,-173,602,136,499
156,444,136,66,-173,602,140,510
160,456,137,68,-173,602,144,522
164,469,139,70,-173,602,145,535
169,482,141,72,-173,603,150,550
173,495,143,73,-173,605,153,565
177,508,146,74,-173,607,157,579
180,522,148,76,-173,607,161,593
184,536,151,79,-173,607,161,607
188,552,153,80,-173,607,166,626
194,567,156,81,-173,606,170,640
198,581,159,82,-172,607,175,657
202,596,162,83,-169,608,179,675
205,611,164,86,-168,610,181,689
208,626,166,88,-167,611,181,705
212,642,168,90,-168,612,185,721
217,657,169,91,-168,611,190,739
222,673,171,93,-168,611,195,754
227,689,173,95,-167,613,196,770
231,704,176,97,-167,615,200,788
235,720,178,100,-167,616,202,805
240,736,180,102,-167,616,206,820
245,751,182,103,-167,617,211,838
250,767,184,105,-167,618,216,854
256,784,186,107,-167,620,218,871
260,801,189,110,-168,621,223,891
265,817,191,112,-167,621,225,907
270,833,192,113,-166,621,229,922
274,848,193,114,-163,623,234,939
279,863,195,115,-162,624,238,955
283,880,197,117,-162,625,241,972
287,897,199,119,-162,626,242,990
291,914,202,122,-162,628,247,1008
296,930,204,124,-162,629,249,1025
299,946,207,126,-162,630,252,1043
303,963,209,128,-162,631,256,1060
309,981,210,130,-161,632,261,1079
315,998,212,132,-161,634,264,1098
321,1015,215,134,-161,635,269,1115
325,1031,217,136,-162,636,271,1131
327,1047,220,138,-162,637,273,1149
329,1063,221,139,-161,639,275,1167
333,1080,223,141,-159,640,278,1182
338,1096,224,145,-158,640,280,1199
343,1113,225,149,-158,640,283,1215
348,1129,227,151,-157,642,285,1235
353,1144,230,153,-157,643,289,1250
357,1159,233,155,-156,645,292,1267
361,1174,235,157,-156,645,296,1282
365,1191,237,161,-156,645,299,1298
369,1206,239,163,-156,646,300,1314
373,1221,241,165,-156,648,303,1331
376,1236,243,166,-155,650,306,1346
379,1250,245,168,-155,650,308,1361
382,1265,246,170,-155,652,310,1375
386,1278,248,172,-155,653,313,1391
391,1291,250,173,-155,654,317,1405
395,1304,252,175,-155,655,319,1418
398,1318,253,177,-155,657,322,1434
401,1332,255,179,-155,658,324,1447
403,1344,256,181,-155,659,324,1460
406,1356,257,184,-155,660,324,1472
410,1368,258,186,-154,660,328,1484
413,1380,258,187,-153,661,332,1496
416,1393,259,189,-153,663,330,1510
418,1405,261,190,-153,664,333,1521
420,1416,263,192,-151,664,334,1535
422,1426,264,193,-150,664,336,1545
425,1435,265,194,-150,664,336,1554
427,1445,266,195,-151,665,339,1563
430,1454,266,196,-151,668,341,1573
432,1464,267,198,-151,669,340,1583
434,1473,267,199,-150,670,343,1591
436,1481,267,201,-149,669,344,1600
437,1488,267,202,-149,669,344,1606
439,1494,268,203,-149,669,345,1613
442,1501,269,204,-149,669,347,1619
444,1508,270,205,-149,671,350,1627
446,1514,271,205,-149,672,352,1633
447,1521,271,207,-150,674,350,1643
448,1526,273,208,-149,675,351,1647
449,1531,273,208,-148,675,352,1652
451,1535,273,208,-146,675,354,1657
452,1540,272,208,-144,676,355,1661
454,1544,271,209,-144,678,357,1662
455,1547,270,210,-144,679,356,1666
456,1550,271,212,-144,679,356,1668
457,1552,271,214,-144,678,355,1671
458,1554,273,215,-144,679,355,1672
459,1555,274,215,-144,680,357,1673
460,1555,273,215,-144,682,358,1674
461,1555,273,215,-144,683,358,1674
461,1555,273,215,-142,684,358,1674
461,1555,273,215,-140,683,358,1674
460,1556,273,215,-139,683,358,1674
461,1555,272,216,-138,684,358,1674
460,1554,272,216,-138,686,357,1672
459,1550,272,216,-139,688,357,1669
458,1547,273,215,-139,689,356,1666
457,1543,272,216,-138,688,355,1662
455,1541,270,216,-138,688,354,1657
454,1539,267,216,-138,687,349,1655
453,1535,266,216,-138,688,349,1651
454,1530,266,215,-138,690,350,1646
454,1524,265,214,-138,691,352,1640
453,1518,264,213,-138,693,351,1632
451,1511,263,212,-138,693,350,1624
448,1504,262,211,-138,693,347,1618
446,1498,261,211,-139,693,345,1612
444,1492,260,209,-138,693,344,1606
443,1485,259,209,-137,693,341,1599
441,1477,259,208,-135,693,343,1590
440,1467,258,207,-135,693,341,1580
437,1456,256,206,-135,692,339,1567
436,1446,255,206,-135,693,338,1557
433,1437,253,207,-134,694,333,1545
430,1427,251,207,-133,696,330,1535
428,1416,248,206,-133,697,328,1522
426,1405,246,203,-133,698,327,1511
424,1393,245,202,-133,697,327,1500
421,1383,244,201,-133,697,324,1489
418,1372,242,199,-133,697,322,1478
415,1360,241,198,-133,697,319,1464
412,1347,238,196,-133,697,318,1451
410,1333,236,194,-133,697,317,1436
407,1318,235,193,-133,697,314,1419
404,1304,234,192,-133,697,312,1405
402,1291,233,191,-131,697,310,1392
398,1278,231,190,-130,697,308,1379
393,1263,230,188,-130,697,303,1364
388,1248,228,186,-130,697,299,1346
383,1232,226,184,-130,697,294,1330
380,1217,224,183,-129,697,294,1315
378,1202,223,181,-128,699,291,1297
375,1185,221,180,-128,701,289,1281
371,1169,219,177,-128,702,288,1264
367,1152,216,176,-128,702,284,1246
362,1136,214,173,-128,702,280,1229
359,1120,212,171,-128,702,279,1213
354,1103,209,169,-128,702,274,1193
349,1086,206,166,-128,702,271,1176
345,1068,204,164,-128,702,269,1156
341,1049,203,163,-128,702,266,1137
337,1031,201,161,-128,702,262,1119
332,1013,200,160,-128,702,260,1101
326,996,198,158,-128,704,253,1081
321,977,195,155,-128,705,250,1063
317,958,191,152,-126,707,247,1041
314,939,189,150,-124,707,245,1021
310,921,186,148,-122,707,241,1003
306,903,184,145,-122,707,240,983
302,885,182,143,-122,706,236,965
298,866,180,141,-123,706,235,946
293,847,177,139,-123,707,230,925
288,828,175,137,-122,708,227,905
284,810,172,134,-122,710,224,885
280,792,170,132,-122,711,220,867
276,775,169,129,-122,712,220,849
271,757,166,126,-122,713,216,832
266,739,163,124,-122,715,209,811
260,723,161,122,-122,716,207,795
255,707,159,120,-122,717,202,776
251,691,159,117,-122,716,201,760
247,675,158,114,-122,716,200,744
242,658,156,112,-122,716,195,727
237,642,153,109,-122,718,192,711
232,626,151,107,-122,720,187,693
227,611,148,105,-122,721,184,677
224,596,146,103,-122,722,183,662
219,581,143,102,-122,723,179,645
214,567,140,102,-121,725,172,628
209,552,137,101,-120,726,167,614
205,538,135,100,-119,726,163,596
200,524,133,98,-119,726,161,583
194,509,132,96,-119,726,155,568
189,496,131,95,-119,727,150,555
184,482,130,94,-118,729,146,542
181,469,127,92,-116,731,142,526
177,456,124,90,-116,731,141,512
172,444,122,88,-116,731,136,498
167,432,121,86,-116,730,133,485
163,420,120,85,-116,731,130,473
159,409,119,85,-116,732,126,463
155,399,117,83,-116,734,123,452
151,389,115,81,-116,736,119,440
147,378,114,80,-116,736,114,429
142,369,112,78,-116,736,113,419
138,359,110,76,-116,735,109,407
135,350,108,75,-116,736,107,399
132,339,107,73,-116,737,106,388
128,329,105,72,-116,739,102,378
124,320,104,71,-116,740,97,368
120,313,103,70,-115,741,93,358
117,305,102,69,-116,740,91,351
114,297,101,68,-116,740,89,343
111,288,100,67,-116,740,89,334
109,279,98,65,-114,740,86,324
107,271,97,64,-112,740,84,314
104,265,96,63,-112,740,81,308
101,260,95,62,-112,740,79,303
98,255,93,61,-112,742,75,299
95,249,93,60,-112,744,75,292
92,242,92,59,-111,744,73,285
89,236,90,57,-110,744,70,277
86,230,89,56,-110,744,67,271
84,225,87,56,-111,744,64,264
81,220,85,57,-112,744,59,257
80,216,84,59,-113,744,58,253
79,212,85,60,-112,744,57,250
76,208,85,59,-111,744,54,245
73,204,83,58,-111,744,52,241
70,199,82,57,-111,745,50,236
68,195,81,56,-111,745,47,230
67,191,81,56,-111,745,46,227
65,188,81,56,-111,745,45,223
63,184,80,55,-111,745,45,219
61,182,79,54,-111,745,42,217
59,179,77,52,-111,745,40,214
57,176,77,52,-111,745,39,211
56,172,77,52,-111,745,37,207
53,168,78,53,-111,745,35,202
50,165,77,53,-110,745,32,200
47,163,76,51,-109,744,29,198
44,161,75,50,-109,743,25,194
42,159,74,49,-109,742,24,191
40,155,73,49,-109,741,25,187
38,153,74,49,-108,740,23,185
36,151,74,49,-106,740,18,184
34,150,74,49,-106,740,18,183
32,148,74,49,-106,740,17,180
31,145,74,49,-106,740,13,177
30,143,74,49,-106,740,14,175
29,142,74,49,-106,740,14,174
27,141,73,48,-106,740,12,173
24,140,71,47,-106,740,9,172
22,137,70,46,-106,740,7,169
21,134,70,45,-106,739,7,167
21,133,70,46,-106,738,7,166
21,132,70,46,-106,737,6,164
20,132,70,46,-106,736,4,164
18,131,70,46,-106,735,3,163
16,130,70,46,-106,735,1,162
15,130,69,45,-107,735,0,162
14,129,68,43,-107,735,2,158
14,128,66,42,-106,735,1,157
14,126,66,42,-105,735,1,156
13,125,66,42,-103,735,1,155
11,123,67,42,-103,735,-1,153
9,123,68,42,-104,735,-2,152
7,123,68,40,-104,735,-4,152
6,123,66,40,-104,735,-6,152
5,122,65,41,-103,735,-6,152
4,122,66,42,-102,734,-7,151
2,122,66,42,-101,733,-9,151
1,122,66,42,-101,733,-10,151
0,122,66,41,-102,733,-12,151
0,121,65,41,-103,734,-12,151
-1,120,66,41,-103,735,-13,150
-3,120,66,42,-103,735,-15,148
-5,119,65,41,-103,735,-17,148
-6,118,64,40,-103,735,-18,147
-6,116,63,39,-103,735,-18,142
-6,114,63,38,-102,734,-18,144
-7,113,64,38,-101,733,-17,142
-7,111,65,38,-101,733,-18,140
-8,109,64,38,-101,733,-18,139
-8,108,63,39,-102,734,-20,136
-8,106,63,39,-102,735,-20,133
-10,104,63,39,-101,735,-21,130
-10,103,63,39,-101,735,-23,130
-10,102,63,39,-101,735,-23,131
-10,101,62,38,-101,735,-23,128
-10,100,62,38,-101,735,-23,126
-11,99,62,38,-101,735,-24,125
-13,98,61,38,-101,735,-25,124
-15,97,61,37,-101,735,-24,123
-16,94,60,36,-101,735,-25,120
-16,93,60,36,-101,735,-25,119
-15,91,61,37,-101,735,-25,118
-15,90,61,37,-101,734,-24,117
-14,90,60,36,-101,735,-24,115
-15,87,59,36,-101,736,-24,114
-16,85,59,35,-101,738,-25,112
-17,84,60,36,-102,740,-26,111
-17,84,60,36,-101,740,-26,111
-17,85,60,36,-100,740,-26,111
-17,85,58,35,-98,739,-26,111
-18,83,57,33,-97,739,-28,109
-20,82,57,31,-96,739,-26,108
-20,80,59,31,-96,739,-28,107
-20,79,61,31,-97,739,-28,108
-20,79,61,32,-97,739,-26,108
-20,77,60,31,-96,739,-26,103
-21,75,58,30,-96,739,-28,101
-22,72,58,29,-96,739,-29,98
-23,70,59,28,-96,739,-28,97
-24,70,60,28,-96,739,-29,98
-25,69,59,29,-96,739,-29,95
-25,68,58,30,-96,739,-31,93
-25,65,57,31,-96,739,-31,92
-26,63,57,31,-96,739,-32,90
-28,61,58,30,-96,740,-35,87
-30,59,59,29,-96,739,-34,85
-30,57,59,30,-96,738,-36,84
-30,56,58,30,-96,736,-36,83
-30,55,58,30,-97,734,-36,81
-32,53,59,29,-97,734,-35,79
-33,50,59,29,-97,734,-37,75
-34,46,59,29,-97,734,-39,73
-35,45,59,28,-97,734,-39,70
-34,44,58,28,-97,734,-39,70
-34,43,58,28,-96,734,-39,69
-35,42,59,28,-95,734,-39,68
-36,41,59,28,-95,735,-40,67
-38,40,58,28,-95,734,-41,65
-38,40,57,27,-95,733,-41,67
-38,40,56,26,-93,733,-41,67
-38,40,55,25,-92,733,-41,67
-39,39,55,25,-91,732,-42,65
-41,38,56,26,-91,732,-45,64
-42,38,56,26,-92,731,-46,64
-43,38,56,25,-92,731,-46,64
-42,38,56,25,-93,731,-46,64
-41,37,55,26,-94,730,-45,63
-40,35,55,26,-93,729,-43,61
-41,33,54,27,-93,729,-45,57
-43,32,55,27,-92,731,-46,58
-44,31,55,26,-92,733,-47,57
-45,31,54,24,-92,734,-48,57
-45,32,54,23,-92,733,-46,58
-44,31,53,23,-92,730,-45,54
-43,30,53,24,-92,729,-47,53
-43,28,52,24,-92,730,-46,52
-43,26,51,24,-92,733,-47,50
-45,25,51,23,-92,734,-48,48
-46,25,51,23,-92,734,-50,48
-45,24,50,24,-92,734,-48,47
-45,22,49,26,-92,734,-51,43
-45,20,49,26,-92,734,-51,41
-46,18,49,26,-92,734,-52,40
-48,18,49,25,-92,733,-54,39
-49,18,49,25,-92,732,-54,39
-48,18,49,25,-92,732,-54,40
-48,18,49,26,-92,731,-53,39
-47,17,49,26,-92,731,-53,37
-48,14,49,26,-92,731,-53,35
-49,12,49,26,-91,731,-54,34
-50,11,49,26,-90,732,-56,32
-50,11,49,26,-90,732,-56,32
-50,11,49,26,-90,732,-56,32
-50,12,49,25,-92,731,-56,32
-50,12,49,26,-92,730,-56,32
-50,11,49,26,-92,731,-56,32
-50,10,49,26,-90,731,-56,31
-48,8,49,25,-89,731,-53,29
-48,7,49,25,-89,730,-53,29
-48,7,49,26,-90,729,-53,28
-48,7,48,26,-91,729,-53,28
-48,7,47,27,-90,729,-53,29
-48,7,47,28,-89,729,-53,29
-48,7,46,28,-87,729,-56,26
-48,7,46,29,-87,729,-56,25
-48,7,46,29,-87,729,-56,25
-48,7,46,29,-87,729,-56,25
-48,7,45,29,-87,729,-56,26
-48,8,44,30,-87,729,-58,26
-49,9,43,31,-87,729,-59,28
-48,8,43,32,-87,729,-58,24
-48,7,43,32,-87,729,-58,26
-48,7,43,32,-87,729,-58,23
-48,7,42,32,-87,729,-58,23
-48,7,42,33,-87,729,-61,23
-48,7,42,33,-87,729,-61,24
-48,7,42,33,-87,727,-61,24
-48,7,42,33,-87,726,-61,24
-48,7,42,33,-87,724,-61,24
-48,7,42,32,-87,724,-58,23
-48,7,42,32,-88,724,-58,23
-48,7,42,33,-89,724,-61,24
-48,8,41,34,-89,724,-61,24
-50,10,39,35,-88,724,-64,24
-50,11,39,36,-88,724,-65,25
-50,12,38,36,-89,724,-65,25
-50,12,39,36,-91,724,-65,25
-50,11,39,36,-91,724,-65,25
-50,11,39,36,-89,724,-65,25
-50,11,39,36,-88,724,-65,25
-50,11,39,36,-88,724,-65,25
-50,11,38,37,-89,724,-65,25
-49,12,36,39,-90,724,-67,25
-48,13,35,39,-90,724,-65,24
-48,13,35,40,-89,724,-68,24
-48,12,37,41,-89,724,-68,24
-49,12,38,43,-88,724,-69,25
-50,11,39,43,-87,724,-70,25
-49,12,38,43,-88,724,-69,25
-49,12,37,41,-89,724,-69,23
-49,12,36,41,-89,724,-69,23
-50,11,38,42,-89,724,-70,25
-50,11,39,43,-90,724,-70,24
-50,11,38,45,-91,724,-70,24
-50,11,37,46,-92,724,-73,23
-50,12,36,46,-91,724,-73,23
-50,11,36,46,-89,724,-73,23
-50,11,36,47,-87,724,-73,21
-50,11,35,48,-87,724,-75,23
-50,11,33,49,-88,724,-75,20
-50,12,32,50,-89,724,-78,20
-50,11,32,51,-90,724,-78,20
-50,10,32,50,-91,724,-76,19
-48,8,32,50,-91,724,-75,17
-48,7,32,50,-92,724,-75,15
-49,6,32,50,-91,724,-76,14
-50,6,32,50,-91,725,-76,14
-49,7,32,50,-90,724,-76,15
-49,7,32,50,-91,723,-75,15
-48,7,32,50,-91,721,-75,15
-47,6,32,50,-91,719,-74,14
-46,4,31,51,-91,719,-73,10
-46,3,30,53,-91,719,-75,9
-46,3,29,54,-91,721,-75,8
-46,3,30,53,-92,722,-75,9
-46,2,30,53,-93,722,-75,8
-45,2,30,53,-93,722,-75,8
-45,1,29,54,-92,720,-74,7
-45,2,29,54,-92,720,-74,8
-45,1,28,54,-92,721,-74,7
-45,0,29,54,-92,721,-75,6
-46,-2,31,55,-92,721,-76,3
-48,-3,30,55,-92,720,-78,2
-48,-3,29,55,-93,719,-80,2
-47,-3,28,55,-93,719,-79,2
-47,-3,28,56,-93,719,-79,2
-48,-2,30,57,-93,719,-80,3
-49,-4,32,57,-93,719,-81,1
-50,-6,33,57,-93,719,-81,0
-50,-8,32,58,-93,719,-81,-2
-50,-9,30,60,-93,719,-84,-3
-50,-10,29,61,-93,719,-84,-6
-51,-10,30,60,-93,719,-85,-4
-52,-12,31,60,-93,719,-86,-7
-52,-14,31,59,-92,721,-86,-8
-52,-16,31,59,-92,723,-86,-9
-52,-17,31,60,-92,724,-86,-10
-52,-18,30,60,-92,725,-86,-12
-53,-20,29,61,-92,724,-87,-17
-54,-23,29,61,-92,724,-87,-19
-54,-25,29,61,-92,724,-89,-23
-55,-27,29,61,-92,724,-89,-24
-56,-29,30,62,-92,724,-90,-23
-55,-30,31,62,-92,724,-89,-24
-55,-31,30,62,-92,724,-89,-25
-55,-33,31,62,-92,724,-91,-28
-57,-35,32,63,-92,724,-93,-29
-57,-36,33,64,-92,724,-93,-30
-57,-37,33,65,-92,724,-93,-31
-57,-39,33,64,-92,724,-92,-32
-57,-41,32,65,-92,724,-93,-35
-58,-43,32,65,-92,724,-93,-37
-58,-46,32,66,-92,724,-95,-40
-58,-46,32,65,-92,724,-93,-41
-57,-47,32,64,-92,724,-93,-41
-57,-48,33,64,-92,724,-92,-42
-57,-50,33,66,-92,724,-93,-45
-58,-52,33,69,-92,724,-97,-47
-59,-54,33,71,-93,724,-100,-51
-59,-55,33,72,-92,726,-100,-52
-58,-56,33,71,-92,728,-98,-53
-57,-57,33,71,-92,729,-97,-52
-56,-59,33,71,-92,730,-97,-56
-57,-61,33,71,-93,729,-97,-58
-58,-64,34,71,-93,729,-98,-58
-59,-65,34,72,-94,729,-100,-59
-59,-65,34,72,-93,729,-100,-59
-58,-66,33,73,-94,729,-98,-63
-58,-67,32,75,-95,730,-101,-63
-57,-68,32,77,-97,730,-102,-64
-57,-68,33,78,-97,730,-102,-65
-57,-69,34,79,-97,730,-102,-65
-57,-68,34,78,-97,730,-102,-65
-57,-68,33,78,-97,730,-102,-65
-58,-69,33,78,-97,730,-103,-67
-59,-72,34,79,-97,730,-104,-69
-60,-73,36,80,-97,729,-104,-68
-60,-74,37,81,-97,729,-104,-69
-60,-74,36,83,-97,730,-107,-70
-60,-74,36,83,-97,731,-107,-72
-59,-75,35,83,-97,732,-107,-72
-59,-75,34,84,-97,732,-106,-73
-58,-75,34,84,-97,731,-106,-72
-56,-74,34,85,-97,731,-106,-70
-55,-73,34,87,-98,731,-104,-73
-54,-72,34,90,-99,732,-107,-72
-54,-73,34,92,-100,733,-109,-73
-55,-73,34,92,-101,733,-109,-73
-55,-73,34,92,-101,733,-109,-73
-55,-73,34,94,-102,734,-109,-73
-54,-72,34,96,-102,735,-111,-72
-52,-71,34,98,-101,735,-112,-70
-50,-70,34,99,-101,735,-111,-70
-50,-71,34,101,-101,734,-111,-70
-50,-71,34,103,-101,735,-113,-70
-50,-70,34,105,-101,736,-114,-73
-49,-70,33,107,-101,738,-114,-72
-47,-69,32,108,-102,740,-114,-72
-46,-69,31,109,-103,740,-113,-74
-46,-68,29,111,-104,740,-115,-73
-45,-66,30,113,-105,740,-115,-70
-45,-64,31,115,-106,740,-117,-68
-44,-62,31,116,-106,740,-117,-67
-44,-61,30,118,-106,740,-118,-65
-43,-61,28,120,-106,740,-119,-68
-42,-59,25,122,-106,740,-122,-68
-41,-57,24,123,-108,740,-120,-67
-42,-55,24,123,-110,740,-122,-64
-43,-54,24,124,-111,740,-122,-63
-43,-52,23,126,-111,740,-124,-64
-41,-49,23,130,-111,740,-125,-61
-39,-46,22,133,-111,740,-126,-58
-38,-44,22,134,-112,740,-128,-58
-38,-42,20,135,-114,742,-128,-57
-39,-41,19,136,-116,744,-128,-56
-38,-38,18,137,-116,745,-130,-53
-37,-35,18,137,-115,746,-129,-52
-35,-30,17,138,-115,745,-126,-47
-33,-27,16,140,-115,745,-128,-43
-32,-24,14,141,-117,745,-129,-43
-32,-20,12,144,-119,745,-129,-40
-31,-16,10,145,-120,746,-130,-37
-30,-12,9,147,-120,746,-133,-34
-29,-8,8,148,-121,746,-131,-32
-29,-5,7,149,-122,746,-134,-29
-28,-1,5,150,-124,746,-133,-25
-27,2,3,150,-125,746,-131,-24
-25,6,2,151,-125,746,-133,-20
-24,10,0,151,-125,746,-131,-18
-23,15,-2,153,-125,746,-133,-13
-23,21,-4,155,-126,746,-135,-10
-23,25,-6,156,-129,746,-135,-6
-23,30,-7,158,-130,746,-137,-3
-22,34,-8,159,-130,746,-137,0
-21,38,-10,159,-130,746,-139,2
-21,43,-12,159,-130,746,-139,7
-21,47,-14,159,-130,746,-139,8
-21,51,-16,160,-131,746,-140,12
-20,56,-18,160,-133,746,-140,14
-19,59,-20,160,-135,747,-139,18
-18,63,-22,160,-135,747,-139,21
-19,67,-23,161,-135,747,-141,23
-19,70,-24,162,-135,747,-141,26
-19,74,-25,162,-134,747,-141,30
-19,78,-27,161,-135,747,-142,31
-19,81,-30,161,-136,747,-145,35
-19,85,-32,161,-138,747,-145,36
-18,90,-34,161,-140,747,-144,41
-18,95,-35,161,-140,747,-144,46
-19,100,-36,159,-140,747,-145,51
-21,103,-36,159,-140,747,-147,53
-23,105,-38,158,-139,747,-148,54
-24,108,-40,158,-140,747,-150,57
-25,112,-43,158,-141,747,-150,58
-24,115,-44,158,-143,747,-152,62
-25,119,-46,157,-144,747,-152,63
-26,122,-47,156,-145,747,-151,65
-27,125,-48,155,-145,747,-153,69
-28,129,-50,153,-144,747,-155,73
-30,133,-50,152,-144,747,-156,76
-30,136,-52,151,-144,747,-156,78
-31,139,-53,150,-145,747,-155,80
-30,140,-54,149,-146,747,-153,81
-31,141,-55,148,-147,747,-155,83
-32,144,-57,147,-148,747,-156,85
-34,146,-58,146,-148,747,-158,87
-35,149,-59,144,-149,747,-156,87
-34,151,-60,142,-150,747,-156,90
-33,153,-60,139,-150,747,-152,93
-33,153,-60,136,-150,746,-150,95
-36,154,-61,135,-150,744,-152,92
-38,155,-63,134,-150,744,-155,93
-39,155,-64,134,-150,743,-156,95
-39,156,-64,133,-150,742,-156,95
-38,156,-63,132,-150,742,-152,95
-39,156,-63,130,-149,742,-152,97
-40,155,-63,128,-150,743,-151,96
-41,153,-64,126,-151,743,-153,95
-42,152,-65,124,-153,741,-151,93
-42,151,-65,122,-153,739,-148,92
-42,149,-64,119,-153,738,-148,91
-43,147,-63,118,-154,737,-147,87
-44,143,-62,117,-155,738,-148,87
-46,141,-61,116,-155,738,-147,85
-46,139,-61,114,-154,738,-148,83
-46,137,-61,111,-152,738,-146,80
-47,133,-61,108,-151,738,-144,80
-48,129,-59,107,-152,736,-142,75
-49,124,-58,106,-153,734,-144,70
-50,119,-57,104,-154,733,-142,68
-52,115,-56,101,-155,733,-141,64
-54,111,-55,97,-155,733,-140,62
-56,106,-55,95,-155,733,-140,57
-57,101,-54,93,-154,733,-141,52
-58,96,-53,93,-154,733,-142,47
-59,90,-50,90,-154,733,-140,43
-60,83,-48,88,-153,733,-139,40
-63,76,-46,85,-152,733,-139,32
-65,70,-43,83,-151,733,-139,29
-67,63,-40,81,-150,733,-139,24
-69,57,-38,80,-150,733,-137,20
-71,50,-37,78,-150,733,-137,14
-73,43,-36,77,-151,733,-139,7
-74,36,-33,76,-151,733,-137,2
-75,28,-29,75,-151,732,-136,-3
-77,20,-27,72,-150,731,-137,-8
-78,11,-24,69,-149,730,-134,-17
-79,3,-22,66,-148,730,-131,-23
-80,-5,-19,64,-147,730,-130,-29
-83,-14,-17,61,-147,730,-131,-36
-85,-22,-14,59,-147,730,-130,-45
-87,-31,-13,57,-146,729,-130,-51
-89,-41,-11,54,-146,728,-129,-58
-90,-51,-8,53,-146,727,-130,-68
-92,-61,-6,50,-146,727,-129,-76
-94,-72,-3,47,-146,728,-126,-84
-96,-82,0,43,-146,728,-126,-91
-97,-92,1,40,-146,728,-125,-102
-100,-102,4,38,-146,728,-124,-109
-102,-113,7,36,-144,727,-124,-118
-105,-124,11,36,-142,727,-125,-126
-109,-135,14,33,-141,728,-126,-135
-111,-145,18,31,-141,728,-125,-142
-111,-154,21,27,-141,727,-120,-148
-112,-164,24,24,-141,726,-119,-156
-112,-176,25,21,-140,723,-117,-168
-114,-187,28,20,-138,722,-115,-177
-115,-197,31,18,-136,723,-117,-185
-116,-207,35,17,-136,724,-115,-192
-118,-217,38,15,-136,725,-114,-200
-120,-229,42,13,-136,725,-114,-208
-121,-239,45,9,-137,725,-109,-217
-122,-248,47,6,-137,726,-108,-225
-123,-257,49,3,-136,727,-107,-233
-125,-267,51,1,-134,727,-106,-241
-127,-277,53,0,-133,726,-106,-250
-128,-288,56,-2,-131,723,-104,-258
-130,-297,59,-4,-131,722,-103,-264
-130,-305,64,-6,-131,722,-101,-271
-131,-314,67,-7,-131,722,-102,-277
-132,-323,70,-10,-130,722,-97,-283
-132,-332,72,-12,-130,722,-96,-291
-134,-340,73,-14,-129,722,-97,-297
-136,-348,75,-16,-127,722,-96,-306
-137,-357,76,-17,-127,722,-98,-314
-139,-365,78,-19,-126,722,-97,-321
-140,-373,80,-22,-127,722,-96,-325
-141,-379,83,-24,-126,721,-95,-332
-143,-385,84,-25,-126,721,-92,-335
-145,-392,86,-27,-123,719,-92,-343
-146,-400,87,-29,-122,718,-93,-347
-148,-408,88,-32,-122,718,-92,-356
-149,-416,89,-34,-122,718,-91,-362
-150,-423,90,-35,-122,718,-92,-368
-151,-429,92,-35,-122,718,-93,-374
-152,-434,94,-36,-122,717,-92,-377
-153,-439,96,-38,-122,716,-91,-382
-155,-443,96,-41,-121,716,-90,-384
-155,-448,95,-43,-119,716,-90,-388
-156,-451,95,-44,-117,716,-89,-391
-158,-454,95,-45,-117,716,-90,-395
-160,-457,97,-47,-117,716,-90,-397
-162,-461,98,-47,-117,716,-91,-400
-163,-465,98,-48,-117,716,-92,-404
-164,-468,97,-48,-117,716,-93,-408
-165,-471,95,-50,-117,716,-95,-412
-166,-473,96,-52,-117,716,-93,-415
-169,-475,97,-54,-117,716,-96,-413
-170,-477,97,-54,-117,716,-95,-416
-170,-479,98,-55,-117,716,-95,-417
-170,-481,97,-55,-116,716,-95,-419
-170,-482,97,-56,-115,716,-93,-421
-170,-483,96,-56,-114,716,-95,-421
-171,-483,94,-56,-113,717,-96,-424
-172,-484,91,-56,-112,718,-96,-424
-173,-484,88,-57,-112,718,-100,-427
-173,-484,87,-57,-112,718,-100,-428
-173,-484,87,-57,-112,717,-100,-427
-174,-483,88,-58,-112,717,-98,-426
-175,-481,87,-57,-112,716,-98,-424
-176,-480,85,-57,-112,717,-102,-426
-176,-478,83,-58,-112,719,-103,-424
-176,-476,80,-57,-112,721,-102,-424
-175,-473,79,-56,-112,721,-104,-421
-175,-470,78,-55,-112,721,-104,-418
-176,-468,76,-55,-112,721,-108,-418
-177,-466,73,-55,-112,721,-109,-419
-178,-463,70,-53,-112,721,-112,-416
-177,-459,68,-51,-112,721,-114,-415
-177,-455,67,-50,-112,721,-113,-411
-176,-451,65,-50,-112,721,-112,-408
-176,-447,62,-50,-112,721,-115,-405
-177,-442,60,-49,-112,721,-117,-402
-178,-437,56,-46,-112,721,-120,-400
-178,-431,53,-45,-112,721,-123,-396
-177,-426,50,-43,-113,721,-124,-394
-176,-421,46,-42,-114,721,-125,-389
-175,-415,44,-41,-115,721,-126,-386
-174,-409,43,-39,-116,721,-126,-379
-175,-402,42,-37,-116,721,-129,-375
-174,-396,40,-35,-117,719,-131,-369
-173,-390,36,-33,-117,718,-133,-366
-173,-385,32,-32,-117,718,-135,-366
-173,-379,28,-30,-117,718,-137,-360
-172,-371,26,-28,-117,717,-139,-355
-171,-363,23,-25,-117,717,-141,-349
-170,-356,20,-23,-119,716,-142,-344
-169,-349,16,-22,-121,716,-144,-340
-169,-343,13,-20,-122,716,-144,-336
-168,-336,10,-18,-122,716,-146,-329
-168,-329,7,-14,-122,716,-151,-324
-168,-321,4,-11,-122,716,-152,-318
-166,-313,2,-8,-122,716,-153,-313
-164,-306,-1,-6,-122,716,-155,-308
-162,-298,-4,-3,-122,716,-157,-303
-161,-291,-9,-1,-123,716,-158,-299
-160,-284,-13,0,-126,717,-159,-295
-159,-278,-16,3,-127,717,-162,-290
-158,-271,-18,5,-127,715,-163,-284
-157,-264,-20,7,-127,713,-164,-279
-157,-256,-23,11,-127,712,-167,-273
-155,-248,-27,14,-129,711,-170,-268
-153,-241,-30,18,-131,712,-170,-263
-151,-234,-32,21,-132,712,-172,-260
-148,-228,-34,22,-132,712,-170,-253
-147,-222,-38,24,-132,712,-172,-250
-147,-214,-42,26,-132,712,-174,-245
-148,-207,-45,30,-133,712,-180,-239
-148,-200,-48,35,-136,713,-183,-235
-147,-194,-51,38,-137,712,-187,-231
-147,-188,-54,40,-138,711,-186,-228
-146,-182,-58,41,-137,709,-189,-224
-145,-177,-61,43,-137,707,-190,-222
-144,-171,-62,45,-137,708,-191,-216
-144,-164,-64,48,-137,709,-194,-212
-144,-157,-67,51,-137,709,-197,-207
-146,-151,-70,54,-139,709,-201,-203
-147,-145,-72,57,-141,708,-205,-197
-147,-140,-74,59,-142,708,-207,-195
-146,-134,-76,60,-142,708,-208,-192
-144,-129,-79,61,-142,707,-207,-186
-143,-124,-82,61,-142,706,-208,-184
-142,-120,-84,62,-144,705,-209,-183
-142,-115,-86,64,-146,704,-209,-178
-143,-111,-88,65,-147,705,-213,-175
-144,-107,-91,66,-148,705,-214,-172
-144,-104,-93,67,-148,704,-217,-172
-144,-101,-96,69,-147,704,-219,-172
-144,-99,-97,71,-147,703,-222,-168
-144,-95,-99,72,-147,703,-222,-168
-144,-92,-100,72,-149,703,-222,-164
-144,-88,-101,72,-151,704,-222,-161
-144,-85,-102,74,-152,704,-224,-157
-144,-83,-103,75,-153,702,-224,-157
-144,-82,-105,75,-153,700,-227,-157
-144,-82,-106,73,-152,699,-224,-157
-144,-82,-108,72,-152,698,-224,-159
-144,-80,-108,73,-152,699,-228,-158
-146,-79,-110,75,-154,699,-229,-156
-148,-77,-111,76,-156,699,-233,-155
-148,-78,-112,75,-157,697,-234,-157
-148,-80,-114,74,-158,696,-230,-159
-148,-82,-114,73,-158,694,-230,-162
-149,-85,-115,72,-158,694,-231,-164
-151,-86,-113,72,-158,694,-234,-166
-153,-86,-112,70,-158,693,-233,-164
-154,-88,-111,69,-158,692,-234,-166
-154,-91,-111,69,-158,691,-234,-168
-155,-95,-111,69,-158,690,-235,-172
-156,-98,-111,69,-158,690,-236,-175
-157,-101,-111,67,-158,689,-234,-179
-158,-104,-110,65,-158,689,-235,-181
-159,-108,-109,65,-158,690,-234,-183
-161,-113,-107,64,-158,689,-236,-187
-162,-119,-105,63,-158,688,-235,-191
-164,-125,-103,61,-158,686,-234,-197
-165,-132,-102,60,-158,684,-235,-202
-166,-138,-101,58,-158,684,-234,-208
-167,-144,-100,57,-158,684,-234,-214
-169,-150,-98,55,-158,684,-233,-218
-170,-156,-95,53,-158,684,-233,-222
-172,-164,-93,50,-158,684,-231,-229
-173,-173,-92,49,-158,684,-230,-235
-174,-182,-90,47,-158,685,-230,-245
-174,-191,-89,46,-158,685,-229,-251
-175,-199,-87,43,-158,684,-227,-260
-177,-208,-84,41,-158,683,-225,-266
-178,-218,-82,38,-158,683,-225,-273
-180,-228,-80,36,-158,683,-224,-284
-183,-238,-78,34,-158,684,-227,-291
-184,-249,-75,33,-158,683,-225,-300
-186,-259,-72,32,-159,681,-224,-310
-188,-269,-69,31,-159,679,-227,-317
-190,-279,-66,29,-158,681,-225,-324
-192,-290,-63,27,-157,683,-225,-333
-194,-302,-58,25,-156,684,-225,-343
-196,-314,-55,24,-155,683,-224,-352
-198,-326,-53,21,-155,681,-223,-362
-200,-338,-50,19,-154,680,-223,-374
-202,-350,-46,17,-154,681,-222,-383
-203,-362,-42,14,-154,680,-218,-390
-205,-374,-37,11,-154,680,-218,-400
-207,-386,-33,8,-152,679,-217,-410
-209,-398,-30,7,-150,679,-217,-419
-211,-410,-27,6,-149,679,-216,-432
-212,-424,-24,4,-148,679,-214,-443
-213,-437,-20,1,-149,679,-213,-454
-215,-451,-17,-2,-149,679,-209,-465
-216,-463,-12,-5,-149,679,-208,-472
-217,-475,-8,-7,-149,679,-206,-480
-218,-486,-4,-10,-147,679,-205,-490
-220,-498,0,-13,-145,679,-201,-499
-222,-510,3,-16,-144,679,-201,-509
-224,-522,8,-19,-144,679,-197,-518
-225,-535,13,-20,-144,678,-196,-529
-226,-549,16,-22,-144,677,-197,-540
-227,-563,20,-23,-143,677,-195,-551
-228,-575,24,-25,-140,677,-194,-561
-230,-586,28,-28,-139,678,-191,-570
-231,-597,33,-30,-139,679,-190,-576
-233,-608,38,-32,-139,679,-189,-584
-233,-619,43,-33,-139,678,-186,-594
-234,-631,47,-34,-138,678,-185,-603
-236,-641,51,-36,-136,678,-184,-610
-237,-651,54,-37,-134,678,-183,-618
-238,-662,58,-39,-134,678,-184,-627
-238,-674,63,-40,-134,678,-179,-636
-240,-685,68,-42,-133,678,-178,-644
-242,-694,72,-43,-131,678,-178,-651
-245,-703,77,-44,-130,678,-179,-655
-246,-712,81,-46,-129,677,-178,-661
-246,-722,85,-48,-129,678,-175,-668
-246,-732,89,-50,-128,679,-173,-676
-247,-740,92,-51,-126,681,-172,-686
-247,-749,97,-51,-124,682,-169,-688
-248,-756,101,-51,-124,683,-169,-694
-248,-763,106,-51,-124,684,-168,-698
-249,-771,110,-51,-123,686,-168,-704
-249,-779,114,-52,-120,687,-166,-711
-250,-787,117,-52,-119,687,-167,-717
-251,-795,120,-52,-119,686,-166,-722
-252,-802,124,-52,-119,687,-166,-727
-252,-808,129,-52,-119,688,-163,-731
-252,-813,133,-53,-118,690,-161,-733
-251,-819,138,-52,-115,691,-159,-737
-250,-825,142,-51,-114,692,-158,-740
-249,-831,146,-50,-113,693,-158,-743
-248,-835,150,-48,-114,694,-157,-748
-248,-840,153,-47,-114,696,-155,-750
-247,-844,157,-46,-114,698,-156,-751
-245,-848,160,-43,-113,699,-155,-756
-244,-852,165,-41,-112,701,-152,-756
-242,-855,169,-39,-110,703,-151,-758
-240,-857,172,-39,-108,705,-148,-758
-238,-859,175,-36,-108,707,-146,-759
-235,-860,178,-34,-108,708,-146,-758
-233,-861,181,-30,-108,709,-145,-759
-231,-862,185,-26,-108,711,-145,-758
-230,-864,188,-21,-106,713,-146,-759
-227,-865,192,-15,-104,715,-146,-760
-225,-865,196,-10,-102,717,-146,-758
-223,-865,201,-5,-102,719,-146,-755
-220,-865,205,0,-102,721,-146,-755
-216,-865,208,5,-104,724,-144,-755
-213,-865,211,12,-104,726,-146,-753
-211,-864,215,19,-103,729,-148,-751
-208,-863,221,25,-102,731,-148,-748
-205,-860,225,32,-101,733,-148,-745
-201,-858,228,39,-101,736,-150,-742
-198,-857,230,47,-101,739,-151,-740
-195,-856,234,56,-101,743,-153,-739
-192,-854,239,65,-101,746,-155,-738
-186,-853,243,74,-102,749,-155,-733
-180,-850,247,83,-102,752,-155,-731
-173,-848,250,93,-103,756,-153,-728
-167,-846,254,104,-104,760,-155,-727
-161,-843,259,115,-104,764,-153,-723
-156,-839,262,126,-104,768,-156,-720
-150,-837,264,138,-104,771,-157,-717
-143,-835,267,149,-105,774,-158,-716
-136,-833,271,162,-107,779,-158,-714
-127,-830,275,174,-108,784,-159,-711
-119,-826,278,188,-110,789,-158,-710
-110,-821,281,202,-111,794,-159,-704
-101,-816,284,216,-112,799,-159,-700
-92,-813,287,230,-112,804,-158,-699
-83,-810,290,245,-113,809,-158,-697
-74,-807,293,260,-115,814,-159,-693
-64,-803,295,275,-117,818,-162,-690
-54,-798,297,291,-119,824,-162,-689
-43,-795,300,307,-120,829,-161,-686
-32,-792,304,324,-120,834,-162,-683
-20,-788,307,342,-121,840,-162,-682
-8,-784,310,361,-123,847,-163,-679
2,-779,313,379,-127,853,-163,-675
14,-775,316,397,-130,858,-164,-673
25,-772,319,416,-132,863,-164,-672
38,-768,321,435,-134,869,-164,-668
51,-764,324,454,-136,875,-163,-666
65,-759,326,473,-137,882,-162,-665
77,-756,327,492,-139,888,-164,-664
90,-753,328,513,-142,894,-166,-662
104,-749,330,535,-146,900,-167,-664
119,-745,332,557,-149,907,-167,-662
133,-740,334,578,-152,915,-167,-660
147,-735,336,600,-155,922,-168,-657
161,-730,338,622,-159,929,-170,-655
174,-725,339,645,-162,936,-172,-653
188,-719,339,668,-165,943,-175,-651
204,-713,340,692,-168,950,-175,-648
219,-708,342,716,-171,958,-177,-648
234,-702,343,739,-175,965,-179,-644
249,-697,344,761,-180,973,-178,-642
265,-693,344,783,-184,981,-177,-643
281,-690,346,805,-187,988,-178,-642
297,-685,346,828,-190,996,-177,-642
312,-681,347,851,-192,1003,-179,-640
328,-677,347,873,-197,1011,-178,-640
344,-672,346,895,-201,1018,-179,-638
361,-666,346,918,-206,1026,-179,-637
377,-660,347,942,-210,1035,-180,-636
392,-655,348,965,-215,1043,-180,-633
406,-651,347,987,-219,1051,-183,-634
422,-648,346,1009,-223,1059,-181,-634
437,-644,345,1031,-228,1067,-183,-634
454,-639,345,1054,-232,1075,-181,-636
469,-635,345,1076,-237,1084,-183,-633
484,-629,344,1098,-242,1092,-183,-633
498,-625,343,1119,-247,1101,-186,-633
511,-619,341,1139,-252,1109,-187,-633
526,-615,340,1159,-256,1117,-187,-631
540,-611,339,1179,-260,1126,-187,-632
555,-607,337,1198,-266,1134,-185,-632
569,-603,335,1217,-271,1143,-186,-633
581,-598,333,1236,-275,1151,-187,-631
594,-594,331,1254,-279,1160,-187,-632
607,-590,329,1271,-283,1168,-190,-633
620,-585,327,1288,-287,1175,-189,-631
633,-580,326,1306,-291,1183,-187,-631
645,-576,325,1323,-295,1191,-187,-628
656,-571,325,1339,-298,1199,-189,-628
666,-568,322,1353,-302,1208,-189,-628
676,-565,319,1367,-307,1217,-191,-629
686,-562,315,1380,-311,1227,-191,-631
695,-558,312,1395,-315,1235,-195,-631
703,-555,310,1408,-320,1243,-195,-632
711,-551,308,1420,-324,1249,-197,-631
719,-548,307,1432,-329,1255,-197,-629
726,-544,305,1442,-333,1264,-197,-628
733,-541,303,1452,-337,1272,-201,-627
738,-538,300,1462,-342,1281,-202,-629
743,-534,297,1470,-346,1290,-202,-628
748,-531,295,1477,-351,1298,-205,-627
753,-527,293,1484,-355,1306,-205,-626
758,-525,291,1491,-358,1313,-205,-627
761,-524,289,1498,-361,1319,-206,-627
764,-522,287,1503,-364,1326,-208,-628
766,-519,284,1507,-368,1334,-211,-628
768,-516,281,1510,-372,1342,-212,-627
769,-514,278,1512,-375,1349,-213,-626
770,-513,275,1514,-379,1357,-214,-626
770,-511,272,1514,-381,1363,-214,-627
771,-509,269,1512,-383,1370,-213,-625
772,-507,266,1510,-386,1376,-212,-626
772,-506,264,1508,-390,1383,-209,-625
770,-505,262,1506,-393,1390,-212,-625
767,-505,259,1504,-397,1397,-214,-626
763,-504,256,1500,-400,1403,-216,-625
759,-504,252,1495,-402,1409,-218,-627
756,-504,250,1489,-403,1413,-218,-628
752,-504,248,1482,-405,1418,-217,-627
748,-503,246,1474,-408,1425,-217,-626
742,-501,244,1465,-411,1432,-216,-625
735,-500,241,1457,-414,1438,-217,-623
728,-500,239,1448,-417,1444,-219,-623
721,-501,236,1438,-419,1449,-219,-622
714,-501,233,1426,-421,1453,-219,-622
706,-501,231,1413,-422,1458,-219,-622
699,-501,229,1400,-424,1463,-217,-620
690,-501,227,1387,-425,1469,-218,-620
681,-501,226,1373,-426,1474,-218,-617
670,-502,224,1357,-428,1478,-217,-618
659,-501,222,1342,-429,1483,-218,-615
647,-501,220,1326,-430,1488,-220,-612
637,-502,217,1311,-432,1493,-220,-614
627,-504,215,1294,-433,1499,-218,-612
616,-506,212,1275,-434,1503,-218,-612
603,-508,210,1255,-435,1507,-216,-612
590,-510,209,1236,-436,1510,-217,-611
576,-511,208,1217,-437,1514,-218,-610
563,-512,206,1198,-438,1518,-216,-609
551,-513,204,1178,-440,1521,-217,-607
538,-516,202,1157,-440,1525,-214,-607
525,-520,200,1135,-440,1528,-211,-609
510,-524,198,1113,-439,1532,-211,-611
496,-528,196,1091,-438,1536,-211,-612
481,-532,193,1069,-439,1539,-209,-614
467,-536,191,1045,-440,1542,-209,-615
452,-539,188,1021,-440,1544,-208,-616
437,-542,186,997,-441,1546,-205,-617
423,-546,184,973,-442,1548,-202,-616
408,-550,184,950,-443,1549,-202,-617
393,-555,182,926,-443,1551,-201,-617
376,-560,180,901,-443,1554,-200,-620
361,-566,178,875,-443,1557,-198,-623
347,-571,175,849,-442,1559,-192,-626
333,-575,173,822,-440,1561,-190,-626
319,-580,172,795,-439,1562,-184,-625
303,-585,170,769,-437,1562,-180,-627
287,-589,168,742,-437,1562,-180,-629
271,-594,166,715,-437,1564,-177,-628
256,-598,166,688,-435,1565,-174,-628
242,-602,164,661,-433,1567,-168,-629
228,-606,162,634,-432,1567,-163,-628
214,-611,159,607,-432,1567,-159,-631
200,-615,155,579,-432,1567,-155,-633
185,-619,154,550,-431,1567,-150,-632
170,-623,152,523,-429,1566,-145,-633
156,-628,151,496,-426,1566,-140,-633
143,-633,148,470,-423,1566,-136,-636
130,-637,145,442,-422,1567,-129,-637
117,-639,143,414,-421,1566,-125,-634
104,-641,141,386,-419,1564,-117,-631
90,-642,140,357,-417,1562,-111,-629
78,-644,138,329,-414,1561,-103,-627
67,-647,135,300,-411,1561,-95,-627
57,-650,133,271,-409,1560,-85,-625
48,-652,132,243,-407,1559,-75,-622
38,-654,131,216,-405,1557,-65,-621
27,-656,130,189,-402,1554,-56,-617
17,-657,130,161,-398,1551,-47,-615
8,-658,130,132,-394,1548,-36,-610
0,-658,130,103,-390,1546,-23,-605
-8,-658,130,75,-388,1544,-12,-600
-16,-658,129,46,-386,1543,-1,-595
-24,-659,128,19,-384,1541,10,-593
-29,-658,127,-7,-380,1538,24,-587
-33,-657,127,-34,-375,1535,37,-581
-38,-656,128,-62,-371,1532,54,-574
-44,-654,130,-89,-365,1528,68,-565
-50,-651,131,-116,-361,1525,80,-556
-56,-647,133,-142,-357,1521,95,-548
-59,-642,135,-169,-352,1517,111,-538
-60,-638,137,-196,-347,1513,129,-526
-60,-634,139,-225,-341,1509,151,-517
-61,-629,143,-253,-335,1505,169,-505
-62,-624,147,-280,-329,1501,187,-491
-62,-618,152,-307,-323,1497,209,-478
-61,-613,156,-334,-318,1493,229,-465
-59,-606,162,-362,-311,1489,253,-450
-56,-599,168,-389,-304,1485,278,-435
-52,-591,174,-417,-296,1482,303,-417
-47,-583,181,-444,-289,1479,330,-402
-42,-575,189,-472,-283,1474,357,-383
-35,-565,198,-499,-275,1469,383,-363
-27,-556,208,-525,-267,1464,413,-344
-18,-545,219,-551,-258,1459,444,-323
-8,-534,231,-578,-249,1456,478,-299
3,-523,243,-606,-242,1454,511,-275
15,-511,255,-633,-234,1451,544,-252
28,-498,268,-659,-225,1447,582,-227
43,-483,282,-686,-215,1443,618,-198
59,-467,298,-713,-205,1439,657,-167
77,-450,315,-739,-194,1436,699,-137
96,-434,333,-766,-183,1433,740,-106
117,-418,351,-791,-171,1430,784,-75
140,-401,370,-816,-160,1428,832,-42
165,-382,391,-842,-148,1425,881,-4
192,-361,415,-867,-137,1423,931,32
221,-341,439,-893,-124,1421,983,72
252,-319,465,-919,-112,1420,1041,113
285,-296,491,-944,-99,1418,1101,155
321,-271,519,-968,-84,1415,1159,200
357,-244,548,-991,-70,1413,1220,250
396,-216,579,-1015,-55,1412,1285,299
437,-187,611,-1039,-40,1412,1351,351
482,-155,645,-1064,-26,1413,1423,406
531,-122,680,-1086,-11,1414,1497,465
582,-88,717,-1108,4,1413,1572,524
636,-51,757,-1129,21,1413,1652,587
693,-12,797,-1150,38,1414,1737,655
753,29,840,-1171,55,1416,1822,726
818,74,884,-1191,73,1419,1912,798
888,120,930,-1210,91,1422,2008,875
961,168,978,-1228,111,1426,2106,955
1039,220,1027,-1245,131,1430,2210,1037
1120,276,1079,-1262,151,1433,2316,1127
1205,335,1133,-1278,171,1437,2426,1220
1294,398,1189,-1293,192,1441,2541,1319
1388,464,1248,-1305,214,1447,2661,1422
1487,534,1308,-1317,236,1454,2784,1530
1592,607,1371,-1328,259,1461,2913,1640
1703,686,1435,-1339,281,1469,3050,1760
1820,770,1502,-1349,305,1477,3192,1883
1943,859,1571,-1357,328,1486,3336,2016
2071,954,1644,-1362,353,1496,3490,2153
2206,1053,1719,-1366,378,1507,3646,2297
2348,1160,1797,-1369,403,1518,3809,2450
2497,1272,1878,-1370,429,1530,3980,2608
2653,1390,1960,-1370,455,1543,4159,2777
2817,1516,2045,-1367,481,1558,4344,2952
2989,1649,2133,-1363,508,1574,4535,3136
3168,1791,2225,-1356,535,1591,4732,3331
3355,1940,2319,-1347,563,1609,4937,3532
3549,2097,2415,-1335,593,1628,5147,3745
3751,2263,2514,-1321,623,1647,5366,3967
3963,2440,2616,-1305,654,1668,5590,4201
4184,2627,2721,-1286,685,1689,5826,4447
4416,2826,2830,-1265,716,1713,6069,4705
4658,3035,2941,-1240,746,1739,6323,4975
4910,3256,3054,-1212,777,1766,6582,5260
5171,3489,3170,-1181,809,1794,6850,5556
5442,3735,3291,-1148,841,1823,7127,5868
5724,3996,3414,-1112,874,1853,7417,6195
6016,4270,3541,-1071,908,1886,7710,6537
6309,4554,3671,-1026,942,1919,8004,6891
6612,4854,3803,-979,976,1955,8305,7259
6949,5181,3939,-927,1011,1992,8639,7657
7319,5536,4077,-872,1047,2031,9004,8084
7664,5888,4218,-813,1081,2071,9341,8512
7887,6188,4362,-751,1115,2113,9555,8883
7836,6561,4660,-613,1186,2201,9486,9394
7732,6724,4813,-538,1223,2249,9367,9626
7623,6899,4969,-456,1260,2299,9242,9869
7530,7098,5127,-371,1296,2351,9129,10000
7430,7310,5289,-281,1332,2404,9015,10000
7315,7530,5453,-187,1368,2459,8880,10000
7191,7759,5622,-88,1405,2516,8738,10000
7062,8003,5792,16,1443,2575,8584,10000
6925,8260,5963,126,1481,2636,8420,10000
6781,8531,6137,240,1520,2699,8244,10000
6629,8817,6312,358,1557,2765,8060,10000
6469,9117,6491,481,1594,2833,7866,10000
6302,9432,6673,611,1631,2903,7660,10000
6127,9762,6856,746,1668,2974,7442,10000
5942,10000,7042,887,1705,3046,7213,10000
5749,10000,7229,1031,1742,3122,6972,10000
5549,10000,7417,1181,1780,3200,6721,10000
5345,10000,7607,1334,1817,3281,6463,10000
5134,10000,7799,1494,1855,3364,6196,10000
4902,10000,7991,1660,1891,3449,5903,10000
4647,10000,8185,1830,1927,3535,5584,10000
4400,10000,8381,2005,1963,3623,5269,10000
4215,10000,8578,2186,2000,3711,5017,10000
4128,10000,8776,2371,2037,3803,4854,10000
4128,10000,8971,2560,2072,3898,4779,10000
4131,10000,9161,2749,2107,3995,4703,10000
4140,10000,9353,2943,2141,4094,4630,10000
4136,10000,9557,3151,2175,4195,4537,10000
4130,10000,9772,3373,2209,4297,4438,10000
4128,10000,9966,3582,2243,4401,4344,10000
4129,10000,10000,3734,2276,4507,4248,10000
4129,10000,10000,3802,2310,4614,4199,10000
4129,10000,10000,3824,2344,4723,4184,10000
4129,10000,10000,3842,2377,4833,4172,10000
4129,10000,10000,3863,2410,4945,4155,10000
4129,10000,10000,3897,2441,5059,4133,10000
4129,10000,10000,3933,2471,5174,4106,10000
4129,10000,9971,3967,2501,5292,4074,10000
4129,10000,9937,4003,2531,5411,4038,10000
4129,10000,9901,4041,2561,5531,4001,10000
4129,10000,9863,4082,2591,5651,3960,10000
4129,10000,9824,4123,2621,5772,3921,10000
4129,10000,9784,4166,2650,5894,3877,10000
4129,10000,9741,4213,2680,6019,3833,10000
4129,10000,9695,4262,2708,6145,3781,10000
4129,10000,9646,4314,2735,6272,3730,10000
4129,10000,9597,4367,2763,6400,3679,10000
4129,10000,9546,4422,2790,6528,3625,10000
4129,10000,9494,4478,2818,6656,3569,10000
4129,10000,9440,4536,2844,6786,3513,10000
4129,10000,9384,4596,2869,6917,3454,10000
4129,10000,9327,4657,2894,7050,3393,10000
4129,10000,9268,4720,2919,7183,3330,10000
4129,10000,9208,4784,2945,7316,3269,10000
4129,10000,9147,4850,2970,7450,3203,10000
4129,10000,9085,4916,2996,7583,3137,10000
4129,10000,9022,4984,3020,7716,3071,10000
4129,10000,8956,5054,3043,7851,3003,10000
4129,10000,8890,5126,3065,7986,2932,10000
4129,10000,8823,5197,3088,8121,2861,10000
4129,10000,8756,5269,3111,8258,2790,10000
4129,10000,8689,5341,3134,8393,2719,10000
4129,10000,8621,5414,3157,8528,2646,10000
4129,10000,8551,5489,3180,8662,2573,10000
4129,10000,8481,5564,3203,8798,2500,10000
4129,10000,8410,5640,3224,8934,2424,10000
4129,10000,8340,5715,3245,9068,2351,10000
4129,10000,8270,5790,3267,9201,2275,10000
4129,10000,8199,5866,3288,9335,2202,10000
4129,10000,8128,5942,3309,9475,2126,10000
4129,10000,8057,6018,3330,9613,2050,10000
4129,10000,7987,6093,3348,9727,1977,10000
4129,10000,7917,6168,3363,9795,1904,10000
4129,10000,7847,6244,3376,9812,1828,10000
4129,10000,7777,6318,3387,9811,1755,10000
4129,10000,7708,6392,3397,9804,1682,10000
4129,10000,7641,6465,3406,9803,1611,10000
4129,10000,7574,6536,3416,9806,1540,10000
4129,10000,7508,6608,3426,9807,1469,10000
4129,10000,7442,6678,3434,9806,1401,10000
4129,10000,7378,6747,3442,9805,1333,10000
4129,10000,7314,6815,3451,9805,1264,10000
4129,10000,7252,6881,3458,9804,1198,10000
4129,10000,7191,6946,3465,9804,1135,10000
4129,10000,7131,7011,3470,9804,1071,10000
4129,10000,7072,7075,3473,9804,1008,10000
4129,10000,7014,7136,3475,9804,949,10000
4129,10000,6959,7196,3476,9804,888,10000
4129,10000,6906,7253,3477,9804,832,10000
4129,10000,6855,7307,3476,9804,778,10000
4129,10000,6805,7361,3474,9804,727,10000
4129,10000,6756,7413,3470,9804,676,10000
4129,10000,6708,7465,3464,9804,625,10000
4129,10000,6663,7513,3455,9805,576,10000
4129,10000,6620,7560,3446,9805,529,10000
4129,10000,6578,7604,3435,9806,488,10000
4129,10000,6539,7647,3425,9807,444,10000
4129,10000,6501,7687,3413,9807,405,10000
4129,10000,6465,7725,3400,9808,368,10000
4129,10000,6432,7761,3386,9809,332,10000
4129,10000,6401,7795,3369,9810,300,10000
4129,10000,6371,7826,3352,9811,268,10000
4129,10000,6344,7855,3334,9812,239,10000
4129,10000,6318,7883,3314,9813,212,10000
4129,10000,6294,7909,3293,9815,187,10000
4129,10000,6272,7932,3270,9816,163,10000
4129,10000,6253,7953,3247,9818,144,10000
4129,10000,6236,7971,3224,9819,124,10000
4129,10000,6221,7987,3202,9820,109,10000
4129,10000,6208,8001,3179,9822,95,10000
4129,10000,6197,8013,3157,9823,83,10000
4129,10000,6187,8024,3134,9824,73,10000
4129,10000,6179,8032,3109,9826,65,10000
4129,10000,6173,8038,3085,9827,58,10000
4129,10000,6169,8043,3061,9829,53,10000
4129,10000,6166,8046,3037,9830,51,10000
4129,10000,6165,8048,3015,9832,48,10000
4129,10000,6165,8048,2992,9833,48,10000
4129,10000,6167,8046,2970,9834,51,10000
4129,10000,6170,8041,2947,9836,56,10000
4129,10000,6176,8036,2925,9837,61,10000
4129,10000,6182,8029,2903,9838,68,10000
4129,10000,6189,8022,2882,9840,75,10000
4129,10000,6197,8013,2861,9841,83,10000
4129,10000,6207,8003,2841,9842,95,10000
4129,10000,6218,7991,2822,9844,104,10000
4129,10000,6230,7977,2803,9845,119,10000
4129,10000,6243,7964,2784,9846,131,10000
4129,10000,6255,7950,2767,9847,146,10000
4129,10000,6269,7936,2749,9848,161,10000
4129,10000,6284,7920,2731,9849,175,10000
4129,10000,6299,7903,2713,9850,192,10000
4129,10000,6315,7886,2696,9851,209,10000
4129,10000,6331,7869,2681,9852,227,10000
4129,10000,6348,7851,2666,9853,244,10000
4129,10000,6365,7833,2649,9854,261,10000
4129,10000,6382,7815,2633,9855,278,10000
4129,10000,6399,7796,2619,9856,297,10000
4129,10000,6417,7777,2605,9857,317,10000
4129,10000,6435,7758,2593,9858,334,10000
4129,10000,6452,7739,2579,9858,354,10000
4129,10000,6470,7721,2563,9859,373,10000
4129,10000,6488,7701,2549,9860,390,10000
4129,10000,6504,7679,2535,9861,412,10000
4129,10000,6519,7656,2523,9862,432,10000
4129,10000,6539,7640,2511,9862,449,10000
4129,10000,6562,7625,2500,9863,466,10000
4129,10000,6579,7606,2489,9864,485,10000
4129,10000,6567,7560,2477,9865,515,10000
4129,10000,6496,7459,2465,9865,566,10000
4129,10000,6384,7320,2453,9866,632,10000
4129,10000,6258,7166,2442,9867,703,10000
4129,10000,6138,7019,2432,9867,773,10000
4129,10000,6026,6881,2422,9868,837,10000
4129,10000,5917,6745,2412,9869,903,10000
4129,10000,5805,6608,2401,9869,966,10000
4129,10000,5694,6471,2391,9870,1032,10000
4129,10000,5585,6338,2382,9870,1093,10000
4129,10000,5478,6208,2373,9871,1154,10000
4129,10000,5374,6081,2364,9872,1215,10000
4129,10000,5272,5956,2355,9872,1274,10000
4129,10000,5171,5833,2346,9873,1333,10000
4129,10000,5072,5711,2338,9873,1389,10000
4129,10000,4974,5591,2330,9873,1445,10000
4129,10000,4879,5473,2322,9874,1501,10000
4129,10000,4786,5357,2314,9875,1555,10000
4129,10000,4694,5244,2306,9875,1608,10000
4129,10000,4603,5134,2299,9876,1660,10000
4129,10000,4514,5026,2292,9876,1711,10000
4129,10000,4427,4920,2284,9876,1760,10000
4129,10000,4341,4816,2278,9877,1811,10000
4129,10000,4257,4713,2271,9877,1857,10000
4129,10000,4175,4612,2265,9877,1906,10000
4129,10000,4095,4514,2258,9878,1953,10000
4129,10000,4015,4419,2251,9878,1997,10000
4129,10000,3937,4325,2246,9879,2038,10000
4129,10000,3860,4232,2242,9879,2085,10000
4129,10000,3786,4140,2237,9879,2126,10000
4129,10000,3713,4051,2232,9880,2170,10000
4129,10000,3642,3965,2226,9880,2209,10000
4129,10000,3570,3882,2219,9880,2246,10000
4129,10000,3501,3799,2214,9881,2285,10000
4129,10000,3433,3716,2211,9881,2324,10000
4129,10000,3367,3636,2208,9881,2360,10000
4129,10000,3302,3558,2204,9881,2397,10000
4129,10000,3239,3483,2199,9882,2432,10000
4130,10000,3177,3408,2193,9882,2468,10000
4132,10000,3116,3335,2188,9882,2504,10000
4133,10000,3056,3264,2183,9883,2537,10000
4129,10000,2996,3194,2179,9883,2564,10000
4128,10000,2938,3125,2175,9883,2598,10000
4133,10000,2883,3058,2172,9883,2633,10000
4175,10000,2829,2992,2168,9884,2706,10000
4254,10000,2775,2928,2164,9884,2815,10000
4354,10000,2723,2865,2161,9884,2943,10000
4456,10000,2671,2804,2157,9884,3075,10000
4551,10000,2620,2745,2154,9884,3197,10000
4641,10000,2571,2687,2150,9884,3314,10000
4731,10000,2523,2631,2146,9885,3429,10000
4821,10000,2476,2576,2143,9885,3545,10000
4909,10000,2431,2521,2141,9885,3657,10000
4994,10000,2386,2468,2138,9885,3767,10000
5077,10000,2341,2416,2135,9885,3874,10000
5158,10000,2297,2367,2132,9886,3977,10000
5236,10000,2255,2319,2128,9886,4077,10000
5313,10000,2215,2270,2125,9886,4176,10000
5387,10000,2174,2222,2121,9886,4272,10000
5460,10000,2134,2177,2119,9887,4367,10000
5532,10000,2094,2134,2116,9887,4456,10000
5602,10000,2056,2091,2114,9887,4546,10000
5670,10000,2020,2049,2112,9887,4632,10000
5735,10000,1984,2006,2109,9887,4718,10000
5800,10000,1949,1965,2107,9887,4802,10000
5861,10000,1914,1925,2104,9887,4880,10000
5919,10000,1879,1886,2102,9887,4957,10000
5975,10000,1846,1849,2099,9888,5029,10000
6039,9922,1814,1812,2097,9888,5110,10000
6103,9820,1781,1776,2096,9888,5190,10000
6156,9716,1749,1741,2096,9888,5257,10000
6154,9586,1719,1707,2094,9888,5271,10000
6089,9424,1689,1673,2092,9888,5221,10000
5980,9241,1659,1641,2089,9888,5129,9960
5861,9056,1629,1609,2087,9888,5028,9763
5752,8880,1601,1578,2086,9888,4936,9576
5652,8712,1574,1547,2084,9889,4851,9397
5552,8547,1547,1517,2083,9889,4769,9221
5451,8383,1522,1488,2081,9889,4683,9045
5352,8221,1496,1459,2079,9889,4603,8872
5256,8066,1470,1431,2078,9889,4521,8707
5163,7914,1445,1404,2076,9889,4441,8545
5071,7766,1422,1377,2074,9889,4364,8388
4981,7621,1399,1351,2073,9889,4289,8232
4893,7478,1376,1324,2072,9889,4218,8081
4806,7340,1354,1299,2071,9889,4144,7933
4723,7205,1333,1275,2070,9889,4072,7790
4642,7073,1311,1254,2068,9890,4004,7647
4563,6945,1290,1232,2067,9890,3936,7511
4484,6820,1269,1209,2067,9890,3870,7376
4406,6698,1249,1186,2067,9890,3805,7246
4330,6577,1229,1164,2065,9890,3741,7118
4256,6460,1210,1143,2063,9890,3679,6992
4185,6346,1191,1122,2062,9890,3619,6872
4115,6235,1173,1103,2062,9890,3558,6753
4045,6126,1156,1084,2062,9890,3501,6635
3978,6018,1138,1065,2060,9890,3442,6521
3910,5912,1120,1047,2058,9890,3385,6407
3845,5809,1102,1028,2057,9890,3330,6296
3780,5710,1086,1010,2057,9890,3275,6191
3716,5614,1069,993,2057,9890,3220,6089
3655,5519,1053,976,2056,9890,3167,5986
3595,5426,1037,961,2053,9891,3115,5887
3538,5334,1022,945,2052,9891,3066,5787
3480,5245,1007,928,2052,9891,3017,5692
3423,5157,993,913,2052,9891,2970,5599
3367,5073,979,897,2052,9891,2922,5509
3313,4990,965,882,2051,9891,2877,5420
3261,4908,952,868,2049,9891,2832,5332
3210,4827,938,855,2047,9891,2786,5245
3158,4748,925,840,2047,9891,2744,5161
3107,4671,912,826,2047,9891,2702,5078
3058,4595,899,812,2047,9891,2658,4996
3010,4520,887,800,2046,9891,2617,4915
2963,4446,873,787,2044,9891,2576,4836
2916,4375,859,775,2042,9891,2535,4759
2870,4307,847,761,2042,9891,2496,4686
2826,4239,836,748,2042,9891,2461,4613
2782,4172,825,736,2040,9891,2423,4543
2739,4106,813,725,2039,9891,2385,4471
2696,4041,802,715,2039,9891,2348,4400
2653,3978,792,704,2040,9891,2312,4333
2612,3916,782,692,2041,9891,2277,4267
2573,3856,772,680,2039,9891,2244,4204
2534,3797,760,668,2038,9891,2211,4139
2496,3737,748,657,2037,9891,2179,4074
2456,3680,738,648,2037,9891,2142,4011
2418,3624,729,640,2037,9891,2110,3952
2381,3570,719,631,2038,9891,2077,3892
2346,3516,709,621,2038,9891,2048,3836
2312,3463,698,611,2038,9891,2017,3778
2277,3411,688,602,2037,9891,1988,3719
2243,3360,679,593,2036,9891,1958,3665
2210,3311,669,584,2034,9892,1931,3612
2178,3263,659,576,2032,9892,1901,3560
2146,3216,650,566,2032,9892,1876,3508
2116,3169,643,557,2032,9892,1849,3458
2086,3123,636,549,2033,9892,1825,3409
2056,3078,628,542,2033,9892,1798,3361
2025,3034,620,535,2032,9892,1770,3314
1996,2990,610,529,2031,9892,1744,3265
1966,2948,601,521,2031,9892,1717,3217
1939,2907,594,514,2030,9892,1693,3173
1911,2867,587,508,2029,9892,1669,3131
1884,2828,580,501,2028,9892,1645,3089
1858,2789,573,495,2027,9892,1622,3046
1832,2750,566,487,2027,9892,1600,3006
1807,2714,559,481,2028,9892,1578,2966
1782,2678,551,474,2028,9892,1555,2928
1757,2643,545,469,2028,9892,1533,2890
1731,2607,540,463,2027,9892,1511,2851
1707,2572,534,456,2028,9892,1492,2813
1684,2537,529,449,2027,9892,1472,2775
1660,2504,524,442,2027,9892,1451,2743
1637,2472,518,436,2027,9892,1434,2707
1615,2440,512,431,2028,9892,1413,2673
1594,2407,506,426,2028,9892,1395,2638
1573,2374,500,420,2027,9892,1376,2602
1551,2343,494,414,2026,9892,1357,2567
1529,2313,488,408,2024,9892,1339,2535
1508,2284,483,403,2024,9892,1320,2503
1488,2256,477,399,2026,9892,1301,2473
1469,2228,471,395,2026,9892,1285,2441
1450,2199,465,390,2026,9892,1269,2410
1431,2171,460,384,2025,9892,1253,2379
1412,2143,455,379,2025,9892,1235,2351
1393,2117,450,375,2025,9892,1218,2323
1375,2091,444,372,2024,9892,1201,2293
1356,2065,439,368,2023,9892,1185,2264
1339,2038,434,363,2023,9892,1170,2235
1321,2013,429,357,2023,9892,1156,2207
1304,1988,424,353,2023,9892,1138,2182
1286,1965,419,349,2023,9892,1124,2155
1269,1941,414,345,2023,9892,1108,2130
1252,1917,409,341,2023,9892,1093,2103
1235,1893,405,336,2023,9892,1080,2076
1218,1869,400,331,2023,9892,1065,2052
1201,1846,395,327,2023,9892,1049,2026
1186,1823,391,324,2023,9892,1037,2000
1171,1802,387,321,2023,9892,1022,1976
1157,1781,384,318,2022,9892,1010,1956
1142,1761,380,315,2020,9892,996,1932
1126,1740,375,310,2020,9892,983,1911
1111,1718,371,306,2020,9892,970,1887
1096,1698,366,301,2020,9892,957,1864
1082,1677,362,298,2021,9892,946,1840
1069,1657,358,295,2020,9892,932,1821
1054,1638,355,291,2019,9893,920,1799
1039,1619,351,288,2018,9893,905,1779
1024,1600,348,285,2018,9893,893,1757
1010,1582,345,282,2018,9893,880,1739
997,1564,342,279,2018,9893,870,1718
986,1547,338,276,2018,9893,859,1701
975,1530,334,271,2018,9893,852,1682
964,1513,329,267,2018,9893,842,1662
951,1497,326,265,2018,9893,830,1646
938,1481,324,262,2018,9893,820,1628
926,1465,322,260,2018,9893,808,1612
916,1450,319,258,2018,9893,798,1596
907,1435,316,255,2018,9893,792,1578
897,1420,312,252,2018,9893,782,1563
887,1405,310,249,2018,9893,775,1546
876,1391,307,247,2018,9893,764,1532
865,1376,305,245,2018,9893,756,1514
855,1362,302,242,2018,9893,747,1500
846,1350,298,238,2018,9893,739,1485
837,1337,295,235,2018,9893,731,1472
827,1323,293,234,2018,9893,721,1456
818,1309,291,231,2018,9893,715,1441
808,1296,289,229,2018,9893,705,1428
798,1283,286,227,2016,9893,695,1412
789,1271,284,225,2014,9893,689,1401
779,1260,281,223,2013,9893,679,1389
770,1248,279,220,2013,9893,671,1375
761,1235,277,218,2013,9893,664,1362
751,1224,274,216,2013,9893,655,1348
742,1212,271,215,2013,9893,645,1336
733,1201,268,215,2014,9893,637,1322
726,1189,265,214,2015,9893,629,1309
718,1177,262,212,2014,9893,622,1296
711,1166,260,209,2013,9893,615,1284
702,1155,258,207,2013,9893,609,1270
694,1144,256,205,2013,9893,601,1261
686,1134,255,204,2013,9893,594,1250
679,1124,252,202,2013,9893,589,1237
672,1115,249,199,2013,9893,583,1228
665,1105,247,197,2013,9893,576,1218
657,1096,245,196,2013,9893,571,1206
650,1086,244,195,2013,9893,562,1196
642,1077,242,193,2013,9893,556,1187
635,1067,240,191,2013,9893,549,1178
628,1058,237,188,2013,9893,544,1165
621,1050,235,186,2013,9893,538,1157
615,1041,234,185,2013,9893,532,1148
608,1033,233,184,2013,9893,524,1137
600,1024,231,183,2013,9893,520,1129
593,1016,230,181,2013,9893,512,1120
586,1008,227,179,2013,9893,506,1113
580,1001,226,177,2013,9893,500,1103
574,993,224,176,2013,9893,496,1095
568,986,222,174,2013,9893,491,1087
563,978,221,172,2013,9893,488,1080
557,971,219,171,2013,9893,483,1070
552,963,216,170,2013,9893,476,1062
548,955,214,171,2013,9893,471,1051
542,948,212,171,2013,9893,466,1044
537,941,210,170,2013,9893,460,1035
531,934,208,168,2013,9893,454,1027
524,928,207,166,2013,9893,448,1021
517,920,205,165,2013,9893,444,1014
513,914,205,164,2013,9893,439,1007
508,907,203,163,2013,9893,435,997
504,900,202,162,2013,9893,430,991
498,893,201,161,2013,9893,426,983
493,887,199,159,2013,9893,423,977
489,881,198,158,2013,9893,418,969
485,876,196,156,2013,9893,415,964
480,870,195,155,2013,9893,410,958
474,864,194,154,2013,9893,404,952
468,859,192,153,2013,9893,397,947
463,852,191,152,2012,9893,395,938
459,846,190,150,2011,9893,391,931
455,841,189,150,2010,9893,388,926
451,835,187,150,2011,9893,384,920
447,831,185,151,2010,9893,378,913
443,826,184,151,2009,9893,373,908
438,821,182,150,2008,9893,369,900
434,815,180,148,2008,9893,367,896
431,809,179,147,2008,9893,365,889
427,804,179,147,2008,9893,360,883
422,799,178,146,2008,9893,356,878
418,795,178,146,2008,9893,352,875
415,792,177,146,2008,9893,349,871
411,787,175,145,2008,9893,345,864
408,782,174,145,2010,9893,341,859
404,777,173,144,2012,9893,338,854
401,773,173,142,2013,9893,335,849
398,768,173,141,2012,9893,334,845
395,764,172,140,2011,9893,332,841
391,759,170,139,2011,9893,328,836
388,755,169,138,2013,9893,324,830
386,752,168,137,2013,9893,323,826
384,750,167,135,2013,9893,323,823
382,746,166,135,2013,9893,322,820
379,742,165,134,2013,9893,318,816
375,737,164,134,2013,9893,314,811
372,733,164,133,2013,9893,312,806
370,729,163,133,2013,9893,310,800
368,727,162,132,2013,9893,308,798
366,724,162,131,2013,9893,306,795
364,720,161,130,2013,9893,303,791
360,715,160,129,2013,9893,302,787
356,711,159,129,2013,9893,299,782
353,708,158,128,2013,9893,295,778
351,704,157,127,2013,9893,294,772
350,700,156,126,2013,9893,292,769
348,696,155,125,2013,9893,291,765
344,692,155,125,2013,9893,288,760
341,689,153,123,2013,9893,284,758
338,686,152,122,2013,9893,283,755
336,683,152,122,2013,9893,281,751
334,679,152,122,2013,9893,280,748
333,676,151,121,2013,9893,278,744
331,673,150,120,2013,9893,277,739
328,670,149,119,2013,9893,274,737
326,668,148,118,2013,9893,272,733
324,664,148,118,2013,9893,271,730
322,661,148,118,2013,9893,268,727
320,658,148,118,2013,9893,266,725
318,656,148,119,2012,9893,264,721
317,653,148,118,2011,9893,263,719
315,650,147,117,2012,9893,264,716
313,648,145,115,2013,9893,262,714
310,646,144,115,2013,9893,258,710
307,644,144,116,2013,9893,253,708
305,642,143,118,2013,9893,251,705
303,638,142,119,2013,9893,247,701
301,636,141,119,2013,9893,245,697
299,634,141,118,2013,9893,244,694
297,633,139,117,2013,9893,244,693
295,632,138,115,2013,9893,241,693
292,632,138,115,2013,9893,239,692
290,630,138,116,2013,9893,236,690
289,627,139,116,2013,9893,235,687
288,625,138,116,2013,9893,234,684
287,623,137,115,2013,9893,234,683
286,622,136,114,2013,9893,233,682
284,621,135,113,2013,9893,231,678
283,618,134,112,2013,9893,229,676
281,616,134,112,2013,9893,228,673
280,613,133,112,2013,9893,229,671
278,612,133,112,2013,9893,227,670
275,611,134,112,2013,9893,224,668
274,609,134,112,2013,9893,220,666
273,605,133,112,2013,9893,222,664
272,603,132,110,2013,9893,222,661
271,602,131,109,2013,9893,220,660
269,602,131,109,2013,9893,218,659
267,601,131,109,2013,9893,217,659
265,600,131,109,2013,9893,214,657
263,599,131,109,2013,9893,212,656
262,596,131,109,2013,9893,212,654
262,594,131,109,2013,9893,212,651
261,592,131,110,2013,9893,211,649
259,591,131,109,2013,9893,208,648
256,589,130,108,2013,9893,206,646
254,589,129,106,2013,9893,207,646
252,588,127,106,2013,9893,205,643
250,587,126,107,2013,9893,200,642
248,585,125,108,2013,9893,197,640
247,583,126,108,2013,9893,197,638
247,581,126,107,2013,9893,197,636
246,579,126,107,2013,9893,196,633
245,578,126,108,2013,9893,195,632
243,577,124,109,2013,9893,191,629
242,576,124,110,2013,9893,190,628
241,574,124,110,2013,9893,189,627
241,572,124,109,2013,9893,189,625
240,570,124,109,2013,9893,187,622
238,569,124,108,2013,9893,186,621
237,568,123,108,2013,9893,185,620
236,566,122,108,2013,9893,184,618
236,564,121,107,2013,9893,184,616
235,562,121,106,2013,9893,185,614
234,560,120,106,2013,9893,184,612
232,560,120,106,2013,9893,183,612
231,560,121,106,2013,9893,181,612
229,559,121,106,2013,9893,180,611
228,557,120,105,2013,9893,179,609
228,554,118,104,2013,9893,178,604
227,552,117,103,2013,9893,178,601
226,551,117,102,2013,9893,177,601
225,551,118,101,2013,9893,178,603
224,551,119,101,2013,9893,177,603
223,550,120,100,2013,9893,175,603
223,548,119,101,2013,9893,175,600
223,546,118,101,2013,9893,175,598
222,544,118,102,2013,9893,175,594
221,543,119,101,2013,9893,174,595
220,542,119,101,2013,9893,173,594
218,542,119,101,2013,9893,172,594
216,541,118,100,2013,9893,169,590
215,540,116,99,2013,9893,168,589
214,538,115,97,2013,9893,168,587
214,535,115,97,2013,9893,169,585
213,533,116,97,2013,9893,169,583
212,532,115,98,2013,9893,166,582
210,532,114,99,2013,9893,163,581
209,531,114,99,2013,9893,162,581
207,530,113,99,2013,9893,161,579
206,528,113,99,2013,9893,159,578
205,527,114,99,2012,9893,158,576
204,525,114,99,2011,9893,157,574
204,524,114,99,2012,9893,157,573
204,523,114,100,2013,9893,157,572
203,522,113,99,2013,9893,156,572
201,522,112,99,2013,9893,155,568
199,520,111,97,2013,9893,152,567
199,519,110,96,2013,9893,152,566
199,517,110,96,2013,9893,153,563
200,516,110,96,2013,9893,153,562
201,515,109,97,2013,9893,155,562
200,516,109,97,2013,9893,153,562
199,515,109,97,2013,9893,153,562
198,514,109,97,2013,9893,151,561
196,513,108,97,2013,9893,150,560
194,513,108,97,2013,9893,148,556
193,512,107,97,2013,9893,147,556
193,510,106,96,2013,9893,147,554
193,508,106,95,2013,9893,147,552
193,506,104,95,2013,9893,146,550
191,505,104,95,2013,9893,145,549
190,505,104,95,2013,9893,144,549
189,505,104,95,2013,9893,144,549
188,504,104,95,2013,9893,142,548
187,503,104,95,2013,9893,141,548
186,502,105,94,2013,9893,140,546
185,502,106,93,2013,9893,141,546
184,501,107,92,2013,9893,140,548
182,501,106,93,2013,9893,139,545
181,500,106,93,2013,9893,137,544
181,500,106,93,2013,9893,137,544
181,499,106,93,2013,9893,137,544
180,498,106,93,2013,9893,137,542
179,497,106,93,2013,9893,136,540
178,497,106,93,2013,9893,135,540
177,497,106,93,2013,9893,134,540
175,497,106,93,2013,9893,131,540
174,496,106,93,2013,9893,130,540
172,495,105,92,2013,9893,128,539
171,494,105,91,2013,9893,128,538
170,494,105,92,2013,9893,126,538
169,494,106,93,2013,9893,125,538
169,492,106,93,2013,9893,126,535
170,490,107,93,2013,9893,126,534
170,489,106,93,2013,9893,126,533
169,487,106,93,2013,9893,125,532
167,487,105,92,2013,9893,124,531
166,487,104,91,2013,9893,123,531
166,486,104,91,2013,9893,123,531
166,486,104,91,2013,9893,123,531
166,487,104,91,2013,9893,123,531
166,487,104,90,2013,9893,123,531
166,487,103,90,2013,9893,123,531
167,485,102,90,2013,9893,123,529
167,483,101,91,2013,9893,124,524
166,481,102,90,2013,9893,123,524
164,480,103,90,2013,9893,120,523
163,479,103,90,2013,9893,119,522
162,477,103,89,2013,9893,118,521
161,475,103,90,2013,9893,118,518
162,475,103,90,2013,9893,118,518
162,474,103,90,2013,9893,118,518
160,473,103,89,2013,9893,117,517
159,472,103,90,2013,9893,115,516
158,470,103,90,2013,9893,114,513
158,471,103,90,2013,9893,114,515
158,471,102,89,2013,9893,114,515
158,471,100,87,2013,9893,117,512
158,469,100,86,2013,9893,117,511
158,467,99,86,2013,9893,117,509
158,465,98,87,2013,9893,114,506
157,465,97,89,2013,9893,114,506
156,464,96,90,2013,9893,111,502
156,464,96,90,2013,9893,111,502
156,464,97,88,2013,9893,113,505
156,464,98,87,2013,9893,113,505
155,466,98,87,2013,9893,112,507
155,467,97,88,2013,9893,112,509
155,467,96,90,2013,9893,109,506
154,467,96,90,2013,9893,109,506
153,467,96,90,2013,9893,107,505
151,467,96,90,2013,9893,106,505
149,466,96,90,2013,9893,103,505
149,466,96,90,2013,9893,103,505
149,466,96,90,2013,9893,103,505
149,466,96,89,2013,9893,104,505
149,466,95,89,2013,9893,107,505
149,466,95,88,2013,9893,106,505
148,466,94,87,2013,9893,106,505
148,465,93,87,2013,9893,104,504
148,464,93,86,2013,9893,104,502
148,461,92,86,2013,9893,104,500
147,460,92,86,2013,9893,104,499
146,461,92,86,2013,9893,103,499
146,461,93,86,2013,9893,103,500
147,461,93,86,2013,9893,104,500
147,460,92,86,2013,9893,104,499
146,459,92,86,2013,9893,103,498
144,458,92,86,2013,9893,102,496
143,458,92,86,2013,9893,100,496
142,458,92,86,2013,9893,100,496
143,457,92,86,2013,9893,100,496
144,456,92,86,2013,9893,101,495
145,455,92,86,2013,9893,102,493
144,452,92,86,2013,9893,101,491
142,451,92,86,2013,9893,100,490
141,451,92,86,2013,9893,98,489
140,451,92,86,2013,9893,98,489
141,451,92,86,2013,9893,98,489
141,451,92,86,2013,9893,98,489
141,451,92,86,2013,9893,98,489
141,451,92,86,2013,9893,98,489
141,451,92,86,2013,9893,98,489
141,451,92,86,2013,9893,98,489
141,451,92,86,2013,9893,98,489
141,451,92,86,2013,9893,98,489
141,451,92,86,2013,9893,98,489
140,450,92,86,2013,9893,97,488
138,449,92,86,2013,9893,95,488
137,448,92,86,2013,9893,93,487
136,448,92,86,2013,9893,93,487
137,448,92,86,2013,9893,93,487
137,449,92,86,2013,9893,93,487
137,449,92,86,2013,9893,93,487
136,448,92,86,2013,9893,93,487
136,447,92,86,2013,9893,93,485
136,446,92,86,2013,9893,93,484
137,445,93,86,2013,9893,93,483
136,446,94,85,2013,9893,96,484
134,446,94,84,2013,9893,93,484
133,446,94,85,2013,9893,92,484
133,445,93,86,2013,9893,90,483
134,444,92,86,2013,9893,91,482
135,442,92,86,2013,9893,92,480
135,442,92,86,2013,9893,92,480
133,441,93,86,2013,9893,91,479
132,440,92,86,2013,9893,89,478
130,440,91,85,2013,9893,87,478
129,441,90,84,2013,9893,86,477
129,442,89,83,2013,9893,89,478
129,443,89,83,2013,9893,89,478
128,443,89,83,2013,9893,89,478
127,443,89,83,2013,9893,87,478
126,442,89,83,2013,9893,86,478
127,442,89,83,2012,9893,85,478
128,440,89,83,2011,9893,85,477
128,440,89,83,2012,9893,85,476
126,441,89,83,2013,9893,86,477
125,442,89,83,2013,9893,85,478
124,442,89,83,2013,9893,81,478
124,441,87,84,2013,9893,81,477
124,440,86,86,2013,9893,79,473
125,440,86,86,2013,9893,80,473
126,439,86,86,2013,9893,80,472
127,439,87,85,2013,9893,84,474
127,438,87,84,2013,9893,85,474
127,438,88,84,2013,9893,84,473
126,437,89,83,2013,9893,84,473
127,438,89,83,2013,9893,87,474
129,439,89,83,2013,9893,89,474
129,439,89,83,2013,9893,86,474
128,438,89,83,2013,9893,85,474
126,437,89,83,2013,9893,84,473
126,436,89,83,2013,9893,86,472
127,434,89,83,2013,9893,87,469
129,433,89,83,2013,9893,89,469
129,433,89,83,2013,9893,89,468
128,433,89,83,2013,9893,89,468
127,433,89,83,2013,9893,87,468
125,431,89,83,2013,9893,85,467
124,430,89,83,2013,9893,85,466
124,429,89,83,2013,9893,85,465
125,428,89,83,2013,9893,85,463
126,427,89,83,2013,9893,86,463
126,427,89,83,2013,9893,86,462
125,427,89,83,2013,9893,85,462
124,427,89,83,2013,9893,84,463
122,428,89,83,2013,9893,83,463
121,428,89,83,2013,9893,81,463
120,428,89,83,2013,9893,80,463
120,427,89,83,2013,9893,80,462
120,426,89,83,2013,9893,80,462
121,428,89,83,2013,9893,81,463
121,429,89,83,2013,9893,81,465
121,430,89,83,2013,9893,81,465
121,429,89,83,2013,9893,81,465
120,429,89,83,2013,9893,78,465
119,428,89,83,2013,9893,76,463
119,428,89,83,2013,9893,76,463
119,428,89,83,2013,9893,78,463
120,429,89,83,2013,9893,80,465
120,429,87,82,2013,9893,80,465
119,429,86,82,2013,9893,76,465
118,429,84,83,2013,9893,76,462
117,429,83,84,2013,9893,73,462
116,429,83,85,2013,9893,72,462
115,428,84,85,2013,9893,70,461
115,428,83,84,2013,9893,70,461
115,427,82,83,2013,9893,73,460
115,426,82,83,2013,9893,73,460
115,426,82,83,2013,9893,73,460
116,426,82,83,2013,9893,74,458
115,426,82,83,2013,9893,73,460
115,426,82,83,2013,9893,73,460
115,426,82,83,2013,9893,73,460
115,426,82,83,2013,9893,73,460
115,426,82,83,2013,9893,73,458
116,425,82,83,2013,9893,74,457
116,425,82,83,2013,9893,74,457
116,425,82,83,2013,9893,72,458
115,426,82,83,2013,9893,73,458
116,425,83,82,2013,9893,74,457
117,423,84,81,2013,9893,76,456
117,423,84,81,2013,9893,76,456
116,424,83,82,2013,9893,74,457
115,426,82,83,2013,9893,73,460
115,427,82,83,2013,9893,73,460
115,426,83,82,2013,9893,73,460
116,425,83,82,2013,9893,74,458
117,423,83,82,2013,9893,74,456
116,421,83,84,2013,9893,72,454
115,420,84,86,2013,9893,70,452
113,419,85,86,2013,9893,69,452
113,419,86,86,2013,9893,68,452
113,420,87,85,2013,9893,70,455
114,419,87,85,2013,9893,72,455
114,419,87,85,2013,9893,72,455
113,419,86,85,2013,9893,72,455
113,419,85,85,2013,9893,72,452
113,419,84,83,2013,9893,72,452
114,419,83,82,2013,9893,72,452
114,420,83,82,2013,9893,72,452
113,419,83,82,2013,9893,72,452
112,419,84,81,2013,9893,70,452
111,418,85,80,2013,9893,72,454
110,418,85,80,2013,9893,70,451
111,418,84,80,2013,9893,72,451
110,418,84,81,2013,9893,68,451
109,417,83,81,2013,9893,67,450
108,417,83,82,2013,9893,67,450
109,417,83,82,2013,9893,67,450
111,418,84,81,2013,9893,69,451
112,419,85,80,2013,9893,73,452
112,419,86,80,2013,9893,73,455
111,418,85,79,2013,9893,72,454
109,417,83,79,2013,9893,69,450
109,417,82,79,2013,9893,69,450
109,417,82,78,2013,9893,69,450
109,417,82,78,2013,9893,69,450
109,417,82,78,2013,9893,69,450
109,417,81,78,2013,9893,69,450
109,417,80,78,2013,9893,69,450
109,417,80,78,2013,9893,69,450
109,417,80,77,2013,9893,69,450
109,417,81,77,2013,9893,69,450
109,417,82,77,2013,9893,69,450
109,417,83,77,2013,9893,69,450
109,417,83,77,2013,9893,72,450
109,417,83,77,2013,9893,69,450
109,417,81,78,2013,9893,69,450
109,417,80,80,2013,9893,67,448
109,417,79,81,2013,9893,67,448
109,417,80,80,2013,9893,67,450
109,417,82,79,2013,9893,69,450
109,417,83,79,2013,9893,69,450
109,417,82,81,2013,9893,67,450
109,417,81,82,2013,9893,67,448
109,417,81,83,2012,9893,67,448
109,417,82,83,2011,9893,67,450
109,417,82,83,2012,9893,67,450
109,417,82,83,2013,9893,67,450
109,417,82,83,2013,9893,67,450
109,417,82,83,2013,9893,67,450
108,417,82,83,2013,9893,67,450
108,417,82,83,2013,9893,65,450
107,416,82,83,2013,9893,65,449
107,415,82,83,2013,9893,65,448
108,415,82,83,2013,9893,65,448
107,415,82,83,2013,9893,65,448
106,415,82,83,2013,9893,64,448
105,414,82,83,2013,9893,63,446
105,414,82,83,2013,9893,63,446
105,414,82,83,2013,9893,63,446
105,414,82,83,2013,9893,63,448
105,415,82,83,2013,9893,63,448
104,415,82,83,2013,9893,62,449
104,415,82,83,2013,9893,62,449
105,415,82,83,2013,9893,63,448
105,413,82,83,2013,9893,63,446
106,412,81,82,2013,9893,64,443
106,412,81,82,2013,9893,64,443
105,413,81,82,2013,9893,63,444
105,413,80,82,2013,9893,63,444
106,412,79,81,2013,9893,64,443
107,411,79,80,2013,9893,64,441
107,411,79,80,2013,9893,65,443
106,411,80,81,2013,9893,64,441
105,411,79,81,2013,9893,63,441
103,411,79,80,2013,9893,61,441
101,411,78,80,2013,9893,59,441
100,413,78,80,2014,9893,58,443
100,413,78,80,2015,9893,58,443
101,411,78,80,2014,9893,59,441
102,410,79,80,2013,9893,61,440
102,410,79,79,2013,9893,59,440
102,410,80,78,2013,9893,62,440
102,410,80,78,2013,9893,62,443
102,409,80,78,2013,9893,63,439
103,408,79,79,2013,9893,61,439
103,408,78,80,2013,9893,61,439
102,409,78,80,2013,9893,61,439
101,409,78,80,2013,9893,59,439
101,409,78,80,2013,9893,58,439
100,409,79,80,2013,9893,58,439
100,409,79,80,2013,9893,58,439
101,409,78,80,2013,9893,58,439
101,409,78,80,2013,9893,59,439
102,409,78,80,2013,9893,61,439
101,408,79,80,2013,9893,59,438
100,407,79,80,2013,9893,58,437
98,406,80,81,2013,9893,57,437
98,406,80,81,2013,9893,57,437
99,407,80,81,2013,9893,57,438
99,408,79,81,2013,9893,57,439
98,410,79,80,2013,9893,56,440
97,409,79,80,2013,9893,56,439
97,408,80,81,2013,9893,56,438
98,406,81,82,2013,9893,57,437
99,406,81,82,2013,9893,57,437
98,407,80,81,2013,9893,56,438
97,408,79,80,2013,9893,56,438
97,407,78,79,2013,9893,56,438
98,407,78,80,2013,9893,57,438
100,406,79,80,2014,9893,58,437
100,407,79,80,2015,9893,58,437
99,407,78,80,2014,9893,58,437
99,407,78,80,2013,9893,57,437
100,407,78,80,2013,9893,58,437
100,407,78,80,2013,9893,58,438
100,407,78,80,2013,9893,58,438
98,407,78,80,2013,9893,57,437
98,406,78,80,2013,9893,57,437
100,405,78,80,2013,9893,58,435
103,405,78,80,2013,9893,62,435
105,404,78,80,2013,9893,64,434
106,404,78,80,2013,9893,64,434
104,403,78,80,2013,9893,62,434
101,402,78,80,2013,9893,59,433
100,402,78,80,2013,9893,58,432
101,402,78,80,2013,9893,59,432
102,402,78,80,2013,9893,61,433
102,402,78,80,2013,9893,61,433
102,402,78,80,2013,9893,61,433
101,402,78,80,2013,9893,59,433
102,402,78,80,2013,9893,61,433
102,402,78,80,2013,9893,61,433
102,402,78,80,2013,9893,61,433
101,402,78,80,2013,9893,59,433
101,402,78,80,2013,9893,59,432
100,401,79,80,2013,9893,58,432
101,402,79,80,2013,9893,59,432
101,402,79,80,2013,9893,59,432
101,402,78,80,2013,9893,59,432
101,402,78,80,2013,9893,59,432
101,402,79,80,2013,9893,59,432
100,401,79,81,2013,9893,58,432
99,401,80,82,2013,9893,58,432
99,401,81,82,2013,9893,57,432
100,401,80,81,2013,9893,58,432
101,402,79,80,2013,9893,59,432
101,402,78,80,2013,9893,59,432
100,401,77,81,2013,9893,58,432
97,400,77,81,2013,9893,56,430
96,399,78,81,2013,9893,54,429
96,399,78,81,2013,9893,54,429
96,399,78,81,2013,9893,54,429
97,400,77,81,2013,9893,54,430
97,400,77,81,2013,9893,54,430
96,399,78,80,2013,9893,54,429
96,399,78,80,2013,9893,54,429
96,399,78,80,2013,9893,54,429
96,399,78,80,2013,9893,54,429
96,399,78,80,2013,9893,54,429
96,399,78,80,2013,9893,54,429
96,399,78,80,2013,9893,54,429
96,399,78,80,2013,9893,54,429
96,399,78,80,2013,9893,54,429
96,399,78,80,2013,9893,54,429
96,399,78,80,2013,9893,54,429
96,399,78,80,2013,9893,54,429
96,399,78,80,2013,9893,54,429
96,399,78,80,2013,9893,54,429
96,399,78,80,2013,9893,54,429
96,399,78,80,2013,9893,54,429
96,400,79,79,2013,9893,54,430
96,399,79,79,2013,9893,57,429
96,399,79,78,2014,9893,57,429
96,399,79,79,2015,9893,57,429
96,400,79,79,2015,9893,54,430
96,401,78,80,2013,9893,54,432
95,401,78,80,2013,9893,53,432
96,401,78,80,2012,9893,54,432
96,400,78,80,2013,9893,54,430
96,399,78,80,2015,9893,54,429
96,399,78,80,2016,9893,54,429
96,399,78,80,2016,9893,54,429
96,400,78,80,2015,9893,54,430
96,399,78,80,2013,9893,54,429
96,399,78,80,2013,9893,54,429
96,399,78,80,2013,9893,54,429
96,399,78,80,2013,9893,54,429
96,399,78,80,2013,9893,54,429
96,399,78,80,2013,9893,54,429
96,400,78,80,2013,9893,54,430
96,400,78,80,2013,9893,54,430
96,399,78,80,2013,9893,54,429
97,399,78,80,2013,9893,54,429
97,397,78,80,2013,9893,56,428
98,397,78,80,2013,9893,56,427
98,396,78,80,2013,9893,56,427
98,397,78,80,2013,9893,56,427
98,397,78,80,2013,9893,56,427
98,396,78,80,2013,9893,56,427
98,396,78,80,2013,9893,57,426
99,395,78,80,2013,9893,57,426
99,395,78,80,2013,9893,57,426
98,395,78,80,2013,9893,57,426
98,396,78,80,2013,9893,57,427
97,397,79,80,2013,9893,56,427
97,398,79,80,2015,9893,56,428
97,399,78,79,2015,9893,54,429
96,399,77,79,2014,9893,54,429
96,400,77,79,2013,9893,54,430
96,400,77,79,2013,9893,54,430
96,399,78,79,2015,9893,54,429
96,399,79,80,2016,9893,54,429
96,399,79,80,2016,9893,54,429
96,400,78,80,2015,9893,54,430
96,401,78,80,2014,9893,54,430
96,401,78,80,2014,9893,54,432
95,402,79,80,2014,9893,53,433
93,402,78,80,2014,9893,51,433
91,402,78,80,2014,9893,50,432
91,402,78,80,2014,9893,50,433
93,403,79,80,2015,9893,51,434
93,404,79,80,2014,9893,52,434
93,403,78,79,2013,9893,51,433
92,402,77,79,2013,9893,50,433
92,401,77,79,2013,9893,50,432
93,401,77,79,2013,9893,51,432
93,400,78,80,2013,9893,52,430
93,399,79,80,2013,9893,52,429
94,398,77,79,2013,9893,52,429
95,398,76,79,2013,9893,53,429
95,399,75,79,2013,9893,53,427
94,398,75,79,2013,9893,52,426
92,397,76,81,2013,9893,51,426
92,397,76,82,2013,9893,47,424
92,397,76,83,2013,9893,48,426
92,397,76,82,2013,9893,48,426
92,397,76,81,2013,9893,51,426
92,397,75,80,2013,9893,51,426
