F1-X,F1-Y,F2-X,F2-Y,F3-X,F3-Y,MIX1-X,MIX1-Y
65,151,24,13,-465,2943,59,167
62,140,23,13,-464,2943,57,156
59,129,22,13,-463,2943,54,144
55,119,21,12,-462,2944,51,130
52,108,20,11,-461,2945,47,119
49,97,18,10,-461,2946,45,107
47,84,18,9,-460,2947,43,95
44,70,17,9,-460,2948,41,80
41,57,16,8,-460,2948,40,67
38,46,15,7,-460,2948,37,56
34,34,14,6,-460,2948,34,41
32,21,14,5,-460,2948,32,28
30,7,13,4,-460,2948,30,13
28,-7,11,3,-460,2948,29,-1
25,-19,9,3,-460,2948,26,-14
23,-32,7,4,-460,2948,24,-30
20,-46,6,5,-460,2948,19,-45
16,-61,5,5,-460,2948,15,-59
13,-75,4,5,-460,2948,13,-76
10,-88,1,5,-460,2948,10,-90
9,-102,0,7,-458,2948,7,-107
8,-117,-1,10,-456,2947,4,-122
7,-132,-1,14,-455,2948,1,-137
5,-147,-1,15,-455,2947,0,-152
4,-161,-3,16,-455,2947,-3,-169
3,-175,-4,17,-454,2947,-4,-185
2,-191,-6,19,-452,2947,-7,-202
2,-206,-9,23,-450,2948,-9,-218
2,-221,-12,28,-450,2947,-14,-236
2,-235,-15,32,-450,2946,-15,-253
2,-250,-16,35,-450,2944,-17,-272
4,-264,-17,38,-447,2942,-18,-285
7,-278,-19,43,-444,2942,-17,-302
9,-292,-22,49,-442,2942,-19,-319
11,-307,-26,54,-440,2942,-21,-338
14,-321,-29,58,-439,2940,-20,-355
15,-336,-33,63,-438,2938,-24,-372
18,-349,-36,69,-437,2936,-26,-388
20,-363,-40,76,-435,2936,-28,-405
24,-375,-45,84,-433,2936,-31,-422
29,-387,-49,90,-430,2936,-30,-438
34,-400,-54,97,-427,2934,-30,-452
39,-412,-59,104,-423,2932,-30,-469
43,-424,-64,112,-420,2931,-32,-488
48,-437,-69,120,-417,2930,-35,-502
54,-448,-75,129,-414,2930,-32,-520
61,-458,-80,137,-411,2929,-32,-533
69,-467,-85,145,-408,2927,-31,-546
75,-477,-92,153,-404,2925,-30,-561
83,-486,-99,161,-401,2924,-30,-576
90,-496,-108,169,-398,2923,-29,-592
98,-506,-115,179,-393,2921,-30,-606
107,-513,-122,189,-388,2919,-29,-618
115,-520,-130,199,-383,2918,-26,-633
125,-526,-140,208,-379,2916,-28,-644
133,-532,-150,218,-375,2915,-25,-657
142,-538,-159,228,-372,2913,-26,-670
151,-545,-168,238,-366,2913,-24,-683
162,-551,-177,247,-360,2912,-23,-694
172,-556,-186,256,-355,2911,-19,-708
182,-560,-196,264,-351,2908,-17,-716
191,-564,-207,273,-347,2907,-17,-727
200,-567,-216,281,-342,2906,-14,-738
209,-570,-226,290,-336,2906,-13,-747
218,-574,-235,298,-330,2904,-10,-758
227,-576,-245,306,-325,2902,-8,-765
237,-577,-254,314,-321,2900,-7,-771
245,-577,-263,320,-316,2899,-4,-778
254,-577,-272,326,-311,2899,-1,-783
261,-575,-281,331,-307,2900,1,-787
267,-575,-290,336,-302,2899,0,-791
273,-575,-299,339,-297,2897,3,-795
278,-574,-307,343,-292,2895,3,-800
285,-573,-314,346,-288,2893,6,-804
291,-570,-320,347,-282,2892,9,-803
296,-565,-326,348,-277,2892,14,-800
299,-561,-330,347,-273,2892,14,-799
301,-557,-334,346,-269,2892,17,-797
302,-553,-338,345,-266,2892,18,-793
303,-549,-341,343,-263,2891,19,-791
303,-542,-343,339,-260,2891,21,-784
302,-534,-344,336,-256,2891,21,-776
301,-525,-344,331,-252,2891,23,-767
299,-516,-343,325,-250,2891,26,-755
296,-509,-341,318,-249,2891,28,-745
292,-500,-338,311,-248,2891,29,-734
286,-490,-333,303,-247,2891,28,-721
280,-480,-329,294,-245,2891,28,-705
272,-468,-323,284,-244,2890,26,-688
263,-456,-316,273,-243,2890,28,-671
254,-444,-307,261,-242,2890,28,-654
244,-432,-298,248,-240,2890,26,-634
233,-419,-287,233,-239,2890,28,-614
220,-404,-276,219,-240,2890,26,-588
206,-389,-263,205,-242,2891,24,-565
191,-374,-250,190,-243,2890,20,-539
176,-359,-235,173,-244,2890,19,-515
162,-345,-219,156,-245,2891,18,-490
146,-330,-203,138,-246,2892,19,-462
130,-314,-187,120,-248,2894,17,-437
112,-298,-170,102,-250,2896,15,-407
93,-282,-153,82,-253,2896,12,-382
74,-267,-135,62,-256,2896,10,-350
56,-250,-116,41,-259,2896,8,-321
38,-234,-97,21,-261,2896,7,-291
19,-218,-76,2,-264,2898,3,-263
0,-202,-56,-17,-267,2900,2,-231
-20,-187,-35,-38,-272,2902,0,-203
-41,-172,-14,-59,-275,2902,-2,-173
-62,-157,6,-80,-278,2902,-8,-144
-83,-141,27,-100,-282,2904,-10,-114
-103,-126,47,-121,-286,2906,-13,-85
-122,-112,67,-141,-291,2908,-13,-57
-140,-98,86,-161,-296,2909,-15,-31
-159,-85,104,-179,-301,2909,-18,-4
-179,-72,123,-198,-306,2910,-24,19
-198,-61,142,-215,-310,2912,-26,43
-215,-50,160,-233,-315,2916,-29,68
-231,-39,176,-249,-321,2919,-31,89
-246,-28,192,-266,-326,2920,-32,112
-261,-19,207,-282,-332,2920,-34,131
-276,-11,221,-297,-336,2921,-37,150
-291,-3,234,-311,-341,2922,-37,166
-303,5,246,-325,-346,2924,-40,184
-313,14,258,-338,-350,2926,-39,201
-323,22,268,-349,-354,2927,-39,217
-331,29,277,-359,-358,2928,-40,228
-340,33,284,-367,-363,2930,-42,238
-347,36,291,-375,-368,2932,-42,246
-354,40,298,-382,-373,2933,-43,255
-359,45,303,-387,-377,2933,-45,262
-362,50,307,-392,-380,2933,-42,269
-364,54,308,-395,-383,2933,-42,277
-364,56,307,-397,-386,2934,-42,279
-362,58,306,-398,-389,2934,-39,278
-361,59,304,-397,-391,2933,-39,279
-358,61,303,-395,-393,2934,-39,281
-354,62,300,-392,-396,2936,-37,280
-348,64,296,-388,-399,2938,-34,280
-341,66,292,-383,-401,2938,-31,277
-332,67,285,-376,-402,2936,-28,275
-322,68,279,-368,-402,2934,-25,272
-311,69,271,-357,-404,2934,-23,268
-298,71,263,-346,-405,2934,-17,262
-284,72,255,-335,-407,2935,-13,258
-271,72,245,-323,-407,2935,-9,251
-256,73,236,-311,-407,2935,-7,245
-240,74,225,-296,-407,2934,0,239
-223,76,213,-281,-407,2934,2,233
-203,79,200,-264,-407,2934,10,227
-183,82,187,-246,-405,2934,15,219
-164,84,174,-228,-404,2935,20,212
-144,86,162,-210,-402,2934,26,206
-123,88,150,-191,-402,2934,30,198
-101,90,137,-172,-401,2933,39,191
-79,93,123,-151,-398,2932,43,184
-57,97,109,-129,-394,2931,48,178
-36,101,94,-107,-391,2930,53,169
-12,105,79,-86,-387,2929,59,164
10,109,65,-64,-385,2928,67,156
34,113,50,-41,-382,2928,72,150
57,116,35,-19,-380,2928,78,141
81,119,19,2,-377,2927,81,134
105,123,4,23,-374,2924,89,126
129,127,-9,46,-369,2922,96,120
152,131,-23,68,-364,2922,103,114
175,135,-37,90,-359,2922,109,106
198,139,-51,111,-356,2922,114,101
221,143,-65,130,-352,2922,122,95
243,147,-79,150,-348,2921,129,89
265,151,-93,171,-343,2919,134,83
285,154,-107,192,-338,2917,137,76
305,158,-121,212,-334,2916,140,68
325,161,-134,231,-330,2915,146,61
344,164,-147,248,-326,2914,151,57
363,167,-159,264,-321,2912,158,51
381,169,-172,280,-315,2909,162,45
398,171,-183,296,-309,2907,167,37
412,173,-194,311,-304,2905,169,32
426,175,-205,325,-300,2904,170,26
440,177,-216,337,-296,2903,175,21
454,180,-225,347,-292,2902,179,17
466,182,-233,356,-287,2900,184,14
477,184,-240,365,-282,2898,187,10
486,186,-246,375,-277,2896,190,8
495,187,-252,383,-273,2894,191,4
501,188,-258,389,-269,2891,192,3
506,189,-264,393,-266,2888,192,-1
510,189,-268,395,-263,2885,195,-2
513,190,-271,396,-260,2883,198,-2
516,191,-273,397,-257,2880,198,-3
518,191,-273,398,-254,2878,200,-3
518,192,-275,398,-250,2876,201,-2
517,194,-276,397,-248,2874,200,-1
514,195,-276,393,-246,2871,198,0
510,196,-273,388,-245,2866,200,4
504,197,-269,381,-244,2862,198,7
497,198,-264,375,-242,2859,196,13
489,200,-259,368,-240,2856,194,18
480,202,-253,360,-239,2853,191,25
470,205,-245,350,-238,2850,187,32
459,206,-235,339,-238,2846,186,41
447,209,-225,328,-237,2841,184,52
434,213,-215,316,-237,2837,180,61
420,217,-205,303,-237,2831,179,72
406,220,-193,288,-239,2827,177,85
390,222,-180,272,-242,2822,172,95
373,226,-166,256,-243,2817,169,108
355,231,-151,241,-244,2811,163,124
337,238,-135,226,-245,2804,158,142
318,243,-118,209,-248,2797,153,157
299,247,-100,191,-250,2793,152,174
281,252,-82,172,-253,2789,150,192
261,258,-64,153,-257,2784,145,211
241,264,-45,135,-260,2778,141,229
220,269,-26,118,-263,2771,134,246
200,275,-7,100,-266,2765,130,264
180,281,13,82,-268,2759,126,283
160,286,34,63,-271,2755,124,303
141,292,56,44,-276,2751,120,323
121,298,77,25,-281,2746,118,344
101,304,97,7,-286,2741,114,362
81,310,118,-10,-289,2736,111,383
61,316,139,-27,-292,2733,107,401
43,323,160,-44,-296,2731,102,421
24,329,180,-60,-300,2729,101,443
6,335,200,-76,-305,2727,97,460
-10,340,219,-91,-310,2724,93,476
-26,345,238,-105,-314,2723,90,493
-40,349,257,-118,-319,2721,90,510
-53,354,275,-131,-323,2721,89,524
-66,358,292,-143,-328,2721,87,542
-79,361,310,-155,-332,2722,86,555
-92,364,326,-166,-335,2723,83,567
-103,367,342,-176,-339,2725,84,581
-112,370,356,-184,-342,2727,81,590
-119,373,369,-191,-346,2729,81,601
-126,375,381,-197,-350,2732,81,611
-132,377,391,-202,-353,2735,80,621
-137,379,401,-205,-356,2739,80,627
-140,381,410,-207,-359,2743,81,634
-141,383,417,-208,-361,2746,83,639
-140,383,423,-208,-363,2750,84,642
-139,383,429,-206,-365,2755,85,644
-137,382,435,-204,-368,2758,87,649
-133,383,439,-199,-370,2761,90,649
-128,383,442,-194,-372,2764,93,650
-121,383,442,-187,-373,2768,96,650
-112,383,441,-178,-373,2771,98,648
-102,383,439,-168,-374,2776,103,644
-91,383,438,-158,-375,2779,106,642
-79,383,435,-146,-377,2783,112,640
-64,385,433,-133,-378,2786,117,637
-47,386,429,-117,-377,2789,122,637
-29,389,424,-100,-376,2791,128,632
-10,391,419,-80,-375,2793,134,629
8,394,412,-61,-373,2794,139,625
28,397,406,-39,-372,2795,145,623
50,400,399,-17,-371,2796,150,618
74,405,392,6,-370,2796,157,616
99,410,384,32,-368,2795,166,611
125,416,375,59,-366,2795,172,610
153,423,365,87,-363,2795,178,607
182,430,355,116,-359,2793,189,605
212,439,346,147,-355,2791,196,604
241,447,337,179,-351,2788,203,603
272,456,327,211,-347,2786,209,603
303,466,318,244,-343,2782,220,603
337,477,308,279,-338,2779,229,605
370,490,299,315,-334,2774,235,605
403,504,290,352,-329,2768,245,610
437,518,280,390,-325,2762,251,615
471,532,270,429,-320,2755,260,617
507,548,260,468,-314,2748,266,621
542,564,251,508,-308,2741,274,627
578,582,241,548,-302,2733,283,633
614,600,232,589,-296,2724,289,642
651,619,223,632,-288,2716,297,649
688,638,214,675,-281,2707,305,656
724,657,206,717,-274,2697,311,666
759,677,197,759,-267,2687,317,673
794,698,188,802,-260,2676,323,686
829,720,180,846,-252,2666,328,697
864,743,173,889,-243,2656,333,709
900,764,166,932,-235,2644,340,719
935,787,159,976,-226,2632,345,732
970,809,153,1020,-217,2620,351,745
1003,831,149,1064,-209,2609,355,758
1036,853,144,1108,-200,2598,358,770
1069,874,139,1151,-192,2586,363,784
1101,897,135,1192,-183,2574,367,798
1133,920,131,1232,-173,2562,372,811
1163,943,127,1272,-163,2549,377,827
1193,964,124,1312,-154,2537,379,842
1221,985,121,1352,-145,2524,380,853
1248,1005,119,1391,-135,2511,383,869
1274,1025,118,1429,-126,2498,384,882
1299,1044,117,1465,-116,2485,386,894
1323,1062,115,1500,-108,2471,386,905
1347,1079,114,1536,-99,2458,388,917
1369,1095,112,1571,-90,2444,388,926
1390,1110,113,1604,-79,2430,385,936
1407,1125,114,1636,-68,2415,384,947
1424,1139,116,1666,-58,2400,380,958
1440,1152,119,1696,-49,2385,379,966
1455,1164,121,1725,-40,2369,374,976
1469,1175,123,1753,-30,2354,371,982
1480,1185,125,1779,-20,2338,367,990
1490,1194,128,1803,-9,2320,362,997
1499,1203,131,1825,0,2302,356,1003
1506,1210,133,1848,7,2285,351,1008
1511,1216,137,1870,15,2267,341,1011
1513,1220,139,1890,24,2248,330,1013
1514,1223,143,1909,35,2228,321,1015
1512,1224,147,1926,45,2209,310,1014
1510,1226,151,1942,55,2190,296,1015
1506,1228,154,1956,64,2172,285,1018
1501,1229,157,1969,72,2153,273,1018
1493,1229,160,1981,82,2132,257,1015
1484,1226,163,1992,93,2112,240,1011
1473,1223,166,2002,103,2090,224,1008
1460,1218,171,2011,111,2068,206,1005
1444,1213,175,2018,119,2046,187,999
1427,1207,177,2025,128,2026,166,993
1408,1202,180,2031,138,2006,144,987
1388,1198,181,2035,149,1986,120,982
1367,1192,182,2039,159,1966,97,976
1344,1185,184,2042,167,1946,73,968
1317,1175,185,2045,176,1926,43,957
1290,1164,186,2045,184,1905,15,944
1262,1153,184,2044,194,1885,-12,933
1232,1144,181,2043,205,1865,-41,922
1201,1134,177,2041,215,1846,-73,909
1166,1123,173,2041,225,1828,-108,894
1129,1111,167,2038,236,1809,-146,878
1091,1098,162,2035,247,1791,-185,861
1051,1083,155,2030,258,1774,-222,843
1011,1069,146,2026,268,1758,-263,825
968,1054,137,2021,279,1744,-307,804
922,1039,125,2017,290,1728,-352,782
874,1022,111,2011,303,1713,-401,759
823,1005,96,2004,315,1697,-454,732
770,986,78,1997,328,1683,-506,704
714,966,59,1990,340,1669,-562,672
656,945,36,1983,354,1657,-622,638
593,922,11,1974,367,1645,-687,604
528,897,-16,1964,382,1634,-753,563
460,871,-46,1954,396,1625,-823,521
388,844,-79,1946,411,1616,-898,476
313,814,-115,1937,427,1608,-976,428
234,782,-153,1927,443,1601,-1062,375
149,747,-195,1916,460,1596,-1149,317
59,709,-240,1905,478,1590,-1245,253
-35,669,-290,1894,497,1586,-1345,187
-134,626,-345,1882,517,1583,-1452,115
-238,581,-405,1869,537,1582,-1564,39
-347,533,-468,1856,557,1582,-1682,-42
-463,481,-535,1843,579,1584,-1807,-131
-588,425,-606,1828,601,1587,-1940,-225
-720,364,-683,1812,625,1591,-2083,-329
-860,298,-766,1796,650,1598,-2233,-438
-1007,227,-854,1777,675,1607,-2393,-557
-1162,149,-948,1757,700,1616,-2559,-683
-1328,66,-1048,1736,726,1628,-2738,-820
-1505,-23,-1153,1713,754,1642,-2927,-968
-1692,-120,-1264,1687,784,1658,-3127,-1125
-1891,-226,-1381,1658,815,1677,-3338,-1291
-2101,-342,-1504,1628,847,1699,-3562,-1473
-2325,-469,-1636,1596,879,1722,-3798,-1672
-2562,-608,-1774,1561,912,1749,-4049,-1883
-2815,-757,-1920,1521,945,1777,-4312,-2110
-3081,-920,-2073,1476,981,1808,-4592,-2354
-3364,-1098,-2232,1427,1018,1841,-4885,-2616
-3663,-1293,-2398,1376,1057,1878,-5191,-2899
-3979,-1506,-2571,1320,1096,1918,-5516,-3203
-4314,-1737,-2753,1258,1135,1961,-5859,-3531
-4667,-1988,-2943,1189,1175,2006,-6216,-3883
-5039,-2261,-3140,1115,1217,2054,-6589,-4256
-5430,-2557,-3343,1037,1261,2103,-6981,-4659
-5833,-2874,-3553,952,1305,2158,-7383,-5088
-6247,-3214,-3771,861,1350,2215,-7793,-5540
-6693,-3588,-3995,762,1394,2276,-8229,-6029
-7193,-4008,-4226,654,1438,2339,-8718,-6572
-7716,-4461,-4463,540,1484,2405,-9225,-7149
-8161,-4893,-4706,419,1530,2473,-9649,-7705
-8409,-5242,-4956,290,1576,2545,-9874,-8174
-8403,-5479,-5213,151,1623,2621,-9836,-8523
-8291,-5685,-5476,5,1671,2700,-9686,-8836
-8145,-5900,-5745,-151,1720,2781,-9496,-9161
-8002,-6146,-6020,-316,1769,2866,-9305,-9519
-7867,-6428,-6299,-492,1819,2955,-9116,-9914
-7714,-6735,-6584,-676,1868,3047,-8901,-10000
-7536,-7064,-6873,-870,1917,3144,-8666,-10000
-7341,-7421,-7166,-1075,1965,3245,-8408,-10000
-7131,-7807,-7465,-1290,2013,3350,-8133,-10000
-6906,-8223,-7770,-1516,2063,3458,-7835,-10000
-6663,-8669,-8079,-1753,2112,3570,-7513,-10000
-6403,-9149,-8388,-1996,2162,3686,-7169,-10000
-6126,-9658,-8692,-2245,2211,3804,-6804,-10000
-5839,-10000,-9003,-2508,2259,3927,-6421,-10000
-5537,-10000,-9333,-2797,2307,4054,-6010,-10000
-5201,-10000,-9671,-3099,2353,4185,-5560,-10000
-4827,-10000,-9963,-3369,2401,4320,-5078,-10000
-4457,-10000,-10000,-3552,2448,4458,-4589,-10000
-4168,-10000,-10000,-3619,2495,4601,-4251,-10000
-4017,-10000,-10000,-3638,2541,4746,-4084,-10000
-4010,-10000,-10000,-3653,2587,4894,-4067,-10000
-4010,-10000,-10000,-3678,2631,5045,-4050,-10000
-4026,-10000,-10000,-3718,2675,5199,-4041,-10000
-4022,-10000,-10000,-3762,2717,5357,-4007,-10000
-4013,-10000,-10000,-3808,2757,5516,-3971,-10000
-4010,-10000,-9980,-3857,2797,5678,-3929,-10000
-4011,-10000,-9931,-3911,2836,5841,-3883,-10000
-4011,-10000,-9878,-3969,2876,6008,-3830,-10000
-4011,-10000,-9822,-4032,2914,6176,-3775,-10000
-4011,-10000,-9761,-4099,2950,6346,-3715,-10000
-4011,-10000,-9696,-4172,2985,6517,-3651,-10000
-4011,-10000,-9626,-4250,3017,6690,-3584,-10000
-4011,-10000,-9553,-4331,3049,6865,-3510,-10000
-4011,-10000,-9476,-4416,3079,7039,-3436,-10000
-4011,-10000,-9396,-4505,3106,7213,-3359,-10000
-4011,-10000,-9313,-4598,3131,7387,-3276,-10000
-4011,-10000,-9226,-4694,3155,7562,-3192,-10000
-4011,-10000,-9137,-4792,3177,7738,-3104,-10000
-4011,-10000,-9046,-4893,3197,7912,-3014,-10000
-4011,-10000,-8953,-4997,3212,8084,-2924,-10000
-4011,-10000,-8857,-5104,3223,8254,-2829,-10000
-4011,-10000,-8759,-5212,3233,8425,-2732,-10000
-4011,-10000,-8661,-5322,3239,8594,-2636,-10000
-4011,-10000,-8562,-5431,3244,8761,-2540,-10000
-4011,-10000,-8462,-5543,3244,8923,-2442,-10000
-4011,-10000,-8360,-5656,3239,9080,-2342,-10000
-4011,-10000,-8257,-5771,3230,9236,-2240,-10000
-4011,-10000,-8153,-5885,3219,9397,-2139,-10000
-4011,-10000,-8051,-5999,3205,9559,-2037,-10000
-4011,-10000,-7949,-6113,3185,9700,-1938,-10000
-4011,-10000,-7847,-6225,3158,9794,-1838,-10000
-4011,-10000,-7746,-6338,3124,9827,-1740,-10000
-4011,-10000,-7646,-6449,3086,9830,-1640,-10000
-4011,-10000,-7547,-6559,3045,9826,-1543,-10000
-4011,-10000,-7449,-6668,3000,9826,-1449,-10000
-4011,-10000,-7352,-6776,2952,9833,-1353,-10000
-4011,-10000,-7257,-6881,2900,9839,-1261,-10000
-4011,-10000,-7164,-6984,2845,9843,-1168,-10000
-4011,-10000,-7074,-7084,2788,9846,-1081,-10000
-4011,-10000,-6986,-7182,2729,9849,-993,-10000
-4011,-10000,-6900,-7277,2669,9853,-909,-10000
-4011,-10000,-6817,-7370,2606,9857,-828,-10000
-4011,-10000,-6736,-7459,2541,9861,-749,-10000
-4011,-10000,-6659,-7545,2475,9865,-673,-10000
-4011,-10000,-6585,-7627,2408,9869,-601,-10000
-4011,-10000,-6514,-7706,2340,9873,-532,-10000
-4011,-10000,-6447,-7780,2269,9877,-463,-10000
-4011,-10000,-6382,-7852,2198,9882,-401,-10000
-4011,-10000,-6322,-7920,2127,9886,-341,-10000
-4011,-10000,-6265,-7983,2057,9890,-286,-10000
-4011,-10000,-6212,-8042,1987,9895,-234,-10000
-4011,-10000,-6163,-8096,1915,9899,-186,-10000
-4011,-10000,-6118,-8146,1844,9903,-142,-10000
-4011,-10000,-6077,-8192,1774,9908,-102,-10000
-4011,-10000,-6039,-8233,1705,9912,-64,-10000
-4011,-10000,-6005,-8272,1636,9916,-32,-10000
-4011,-10000,-5974,-8306,1568,9920,-2,-10000
-4011,-10000,-5948,-8335,1500,9924,25,-10000
-4011,-10000,-5926,-8359,1434,9928,45,-10000
-4011,-10000,-5908,-8379,1368,9932,62,-10000
-4011,-10000,-5892,-8396,1304,9936,78,-10000
-4011,-10000,-5881,-8409,1242,9940,90,-10000
-4011,-10000,-5873,-8418,1181,9944,97,-10000
-4011,-10000,-5869,-8422,1121,9947,102,-10000
-4011,-10000,-5868,-8424,1063,9951,102,-10000
-4011,-10000,-5869,-8423,1004,9955,102,-10000
-4011,-10000,-5872,-8419,947,9958,97,-10000
-4011,-10000,-5880,-8411,892,9961,90,-10000
-4011,-10000,-5890,-8398,840,9965,80,-10000
-4011,-10000,-5904,-8384,788,9968,67,-10000
-4011,-10000,-5918,-8368,737,9971,52,-10000
-4011,-10000,-5934,-8350,688,9974,37,-10000
-4011,-10000,-5954,-8329,640,9977,17,-10000
-4011,-10000,-5975,-8304,593,9980,-2,-10000
-4011,-10000,-5999,-8278,548,9982,-24,-10000
-4011,-10000,-6023,-8252,502,9985,-50,-10000
-4011,-10000,-6048,-8224,458,9988,-74,-10000
-4011,-10000,-6074,-8195,416,9991,-100,-10000
-4011,-10000,-6100,-8165,375,9993,-124,-10000
-4011,-10000,-6128,-8135,336,9996,-152,-10000
-4011,-10000,-6157,-8102,299,9998,-181,-10000
-4011,-10000,-6187,-8069,262,10000,-209,-10000
-4011,-10000,-6218,-8035,226,10000,-239,-10000
-4011,-10000,-6247,-8003,191,10000,-269,-10000
-4011,-10000,-6276,-7970,156,10000,-296,-10000
-4011,-10000,-6306,-7938,123,10000,-327,-10000
-4011,-10000,-6336,-7904,90,10000,-356,-10000
-4011,-10000,-6363,-7866,57,10000,-389,-10000
-4011,-10000,-6389,-7829,26,10000,-419,-10000
-4011,-10000,-6422,-7800,-3,10000,-446,-10000
-4011,-10000,-6455,-7774,-31,10000,-472,-10000
-4011,-10000,-6483,-7743,-59,10000,-499,-10000
-4011,-10000,-6472,-7675,-86,10000,-539,-10000
-4011,-10000,-6382,-7538,-113,10000,-606,-10000
-4011,-10000,-6237,-7354,-140,10000,-687,-10000
-4011,-10000,-6077,-7158,-166,10000,-773,-10000
-4011,-10000,-5926,-6971,-192,10000,-854,-10000
-4011,-10000,-5788,-6795,-216,10000,-933,-10000
-4011,-10000,-5653,-6623,-239,10000,-1008,-10000
-4011,-10000,-5517,-6451,-262,10000,-1086,-10000
-4011,-10000,-5380,-6282,-284,10000,-1158,-10000
-4011,-10000,-5245,-6118,-307,10000,-1231,-10000
-4011,-10000,-5114,-5957,-329,10000,-1301,-10000
-4011,-10000,-4986,-5801,-349,10000,-1368,-10000
-4011,-10000,-4862,-5648,-369,10000,-1435,-10000
-4011,-10000,-4742,-5500,-388,10000,-1501,-10000
-4011,-10000,-4625,-5357,-406,10000,-1563,-10000
-4011,-10000,-4511,-5217,-424,10000,-1626,-10000
-4011,-10000,-4400,-5081,-442,10000,-1683,-10000
-4011,-10000,-4291,-4948,-460,10000,-1743,-10000
-4011,-10000,-4186,-4819,-476,10000,-1798,-10000
-4011,-10000,-4083,-4694,-491,10000,-1853,-10000
-4011,-10000,-3983,-4573,-505,10000,-1905,-10000
-4011,-10000,-3886,-4455,-520,10000,-1955,-10000
-4011,-10000,-3791,-4341,-534,10000,-2005,-10000
-4011,-10000,-3698,-4230,-549,10000,-2053,-10000
-4011,-10000,-3608,-4122,-564,10000,-2100,-10000
-4011,-10000,-3521,-4017,-577,10000,-2144,-10000
-4011,-10000,-3437,-3914,-590,10000,-2190,-10000
-4011,-10000,-3356,-3814,-601,10000,-2235,-10000
-4011,-10000,-3276,-3716,-612,10000,-2277,-10000
-4012,-10000,-3198,-3621,-624,10000,-2319,-10000
-4015,-10000,-3122,-3529,-636,10000,-2362,-10000
-4015,-10000,-3050,-3440,-646,10000,-2401,-10000
-4010,-10000,-2978,-3353,-657,10000,-2434,-10000
-4010,-10000,-2909,-3269,-666,10000,-2471,-10000
-4022,-10000,-2840,-3188,-675,10000,-2518,-10000
-4082,-10000,-2775,-3109,-685,10000,-2612,-10000
-4182,-10000,-2710,-3032,-695,10000,-2750,-10000
-4300,-10000,-2648,-2956,-705,10000,-2904,-10000
-4416,-10000,-2587,-2882,-715,10000,-3054,-10000
-4521,-10000,-2527,-2810,-724,10000,-3191,-10000
-4620,-10000,-2469,-2740,-733,10000,-3322,-10000
-4719,-10000,-2413,-2672,-740,10000,-3454,-10000
-4819,-10000,-2358,-2605,-749,10000,-3586,-10000
-4917,-10000,-2306,-2540,-758,10000,-3713,-10000
-5012,-10000,-2255,-2478,-767,10000,-3838,-10000
-5105,-10000,-2203,-2418,-775,10000,-3958,-10000
-5194,-10000,-2153,-2359,-782,10000,-4074,-10000
-5282,-10000,-2104,-2302,-789,10000,-4189,-10000
-5367,-10000,-2057,-2245,-796,10000,-4301,-10000
-5449,-10000,-2012,-2188,-803,10000,-4410,-10000
-5525,-10000,-1966,-2134,-809,10000,-4510,-10000
-5601,-10000,-1921,-2082,-815,10000,-4610,-10000
-5686,-10000,-1877,-2031,-822,10000,-4720,-10000
-5765,-10000,-1835,-1981,-829,10000,-4821,-10000
-5827,-10000,-1794,-1933,-835,10000,-4907,-10000
-5815,-10000,-1754,-1886,-841,10000,-4914,-10000
-5728,-9810,-1714,-1841,-846,10000,-4842,-10000
-5593,-9577,-1674,-1795,-851,10000,-4725,-10000
-5451,-9344,-1635,-1750,-857,10000,-4603,-10000
-5323,-9122,-1598,-1706,-864,10000,-4495,-9978
-5202,-8908,-1561,-1665,-870,10000,-4395,-9743
-5082,-8698,-1526,-1624,-876,10000,-4297,-9515
-4962,-8491,-1492,-1584,-881,10000,-4196,-9291
-4843,-8289,-1458,-1544,-885,10000,-4099,-9072
-4727,-8093,-1424,-1506,-890,10000,-4000,-8856
-4614,-7902,-1391,-1469,-895,10000,-3905,-8648
-4503,-7716,-1359,-1434,-900,10000,-3811,-8446
-4394,-7534,-1328,-1400,-905,10000,-3720,-8247
-4288,-7357,-1298,-1366,-910,10000,-3630,-8053
-4185,-7184,-1269,-1333,-914,10000,-3543,-7865
-4085,-7017,-1240,-1301,-917,10000,-3459,-7683
-3988,-6855,-1212,-1269,-921,10000,-3379,-7505
-3893,-6696,-1185,-1238,-925,10000,-3298,-7334
-3801,-6542,-1160,-1209,-930,10000,-3221,-7166
-3712,-6392,-1135,-1180,-934,10000,-3147,-7003
-3625,-6247,-1110,-1152,-937,10000,-3072,-6842
-3540,-6105,-1085,-1124,-940,10000,-3001,-6688
-3458,-5967,-1061,-1097,-944,10000,-2932,-6538
-3378,-5834,-1039,-1072,-948,10000,-2866,-6391
-3301,-5704,-1018,-1048,-952,10000,-2801,-6252
-3226,-5579,-997,-1023,-955,10000,-2738,-6114
-3152,-5457,-975,-998,-957,10000,-2675,-5980
-3079,-5338,-954,-975,-960,10000,-2614,-5853
-3008,-5223,-934,-953,-962,10000,-2555,-5726
-2939,-5112,-915,-931,-965,10000,-2495,-5605
-2872,-5003,-896,-910,-968,10000,-2439,-5486
-2808,-4896,-878,-889,-972,10000,-2385,-5368
-2746,-4792,-861,-869,-975,10000,-2334,-5256
-2685,-4692,-842,-849,-979,10000,-2282,-5147
-2625,-4596,-824,-829,-981,10000,-2231,-5041
-2566,-4503,-808,-812,-983,10000,-2180,-4939
-2509,-4410,-792,-795,-985,10000,-2132,-4837
-2454,-4320,-777,-777,-987,10000,-2086,-4738
-2401,-4232,-762,-758,-990,10000,-2042,-4642
-2348,-4147,-747,-740,-994,10000,-1998,-4549
-2297,-4065,-731,-724,-997,10000,-1955,-4460
-2247,-3986,-716,-708,-999,10000,-1912,-4376
-2198,-3910,-702,-693,-1001,10000,-1871,-4292
-2151,-3834,-689,-678,-1002,10000,-1832,-4207
-2106,-3760,-676,-664,-1004,10000,-1794,-4126
-2063,-3688,-663,-649,-1006,10000,-1756,-4049
-2019,-3618,-650,-636,-1008,10000,-1721,-3971
-1976,-3550,-638,-623,-1011,10000,-1684,-3896
-1934,-3485,-627,-611,-1012,10000,-1645,-3825
-1893,-3420,-615,-599,-1013,10000,-1610,-3753
-1854,-3357,-603,-587,-1015,10000,-1577,-3685
-1816,-3294,-591,-574,-1018,10000,-1544,-3615
-1778,-3234,-579,-561,-1020,10000,-1512,-3549
-1740,-3174,-569,-549,-1022,10000,-1483,-3483
-1702,-3117,-559,-538,-1023,10000,-1449,-3421
-1666,-3062,-549,-527,-1025,10000,-1418,-3361
-1632,-3008,-538,-517,-1026,10000,-1390,-3300
-1600,-2955,-527,-508,-1028,10000,-1361,-3243
-1567,-2902,-516,-498,-1030,10000,-1331,-3183
-1535,-2850,-507,-488,-1031,10000,-1304,-3126
-1503,-2800,-500,-479,-1031,10000,-1278,-3072
-1471,-2753,-491,-469,-1032,10000,-1250,-3021
-1441,-2706,-483,-460,-1033,10000,-1225,-2970
-1411,-2659,-474,-451,-1034,10000,-1198,-2918
-1381,-2612,-466,-441,-1036,10000,-1174,-2867
-1352,-2567,-457,-432,-1038,10000,-1148,-2818
-1325,-2524,-449,-424,-1040,10000,-1126,-2768
-1298,-2482,-441,-417,-1041,10000,-1103,-2722
-1272,-2441,-434,-408,-1041,10000,-1080,-2677
-1246,-2400,-427,-400,-1041,10000,-1059,-2634
-1219,-2360,-420,-391,-1042,10000,-1036,-2590
-1194,-2321,-411,-383,-1044,10000,-1013,-2547
-1168,-2283,-403,-376,-1046,10000,-991,-2502
-1144,-2245,-395,-370,-1048,10000,-970,-2461
-1120,-2208,-388,-363,-1050,10000,-949,-2420
-1098,-2173,-382,-355,-1051,10000,-928,-2384
-1075,-2139,-376,-347,-1051,10000,-911,-2346
-1052,-2105,-371,-341,-1051,10000,-892,-2308
-1030,-2070,-365,-334,-1051,10000,-874,-2269
-1009,-2037,-358,-328,-1052,10000,-855,-2232
-989,-2005,-351,-323,-1054,10000,-838,-2197
-969,-1976,-344,-317,-1055,10000,-820,-2164
-949,-1947,-337,-310,-1056,10000,-802,-2133
-929,-1916,-331,-305,-1058,10000,-784,-2099
-910,-1885,-325,-300,-1059,10000,-767,-2065
-892,-1855,-320,-296,-1061,10000,-749,-2031
-873,-1827,-314,-290,-1061,10000,-734,-1999
-856,-1801,-309,-283,-1061,10000,-722,-1972
-838,-1776,-304,-277,-1061,10000,-708,-1944
-822,-1752,-299,-272,-1062,10000,-694,-1916
-806,-1727,-295,-268,-1063,10000,-678,-1890
-790,-1701,-290,-263,-1064,10000,-665,-1861
-774,-1677,-286,-258,-1065,10000,-651,-1835
-757,-1654,-281,-253,-1065,10000,-634,-1810
-740,-1631,-276,-249,-1066,10000,-621,-1783
-726,-1609,-272,-245,-1066,10000,-609,-1760
-712,-1586,-267,-241,-1066,10000,-596,-1734
-698,-1564,-263,-237,-1066,10000,-584,-1709
-683,-1543,-258,-232,-1068,10000,-571,-1687
-669,-1522,-254,-228,-1069,10000,-559,-1662
-655,-1502,-250,-225,-1069,10000,-548,-1641
-642,-1482,-246,-222,-1070,10000,-535,-1618
-628,-1463,-243,-219,-1070,10000,-521,-1599
-615,-1445,-239,-215,-1071,10000,-511,-1577
-602,-1427,-235,-212,-1072,10000,-498,-1556
-589,-1409,-232,-209,-1074,10000,-488,-1538
-577,-1391,-228,-205,-1075,10000,-476,-1516
-565,-1373,-224,-202,-1076,10000,-467,-1497
-553,-1355,-221,-199,-1075,10000,-455,-1477
-543,-1339,-217,-196,-1075,10000,-448,-1460
-532,-1322,-214,-192,-1075,10000,-438,-1440
-521,-1307,-211,-188,-1077,10000,-429,-1424
-509,-1291,-208,-184,-1079,10000,-419,-1407
-498,-1275,-205,-183,-1080,10000,-408,-1389
-487,-1259,-202,-181,-1081,10000,-397,-1372
-477,-1244,-199,-180,-1080,10000,-388,-1353
-466,-1229,-195,-176,-1080,10000,-378,-1337
-456,-1214,-192,-173,-1080,10000,-369,-1320
-447,-1200,-189,-170,-1082,10000,-361,-1306
-440,-1187,-187,-169,-1084,10000,-356,-1292
-433,-1173,-184,-166,-1085,10000,-350,-1275
-425,-1160,-181,-163,-1086,10000,-345,-1262
-416,-1146,-178,-159,-1085,10000,-335,-1247
-406,-1133,-175,-155,-1085,10000,-328,-1231
-397,-1121,-172,-153,-1085,10000,-319,-1219
-390,-1109,-169,-151,-1085,10000,-312,-1203
-383,-1097,-167,-149,-1085,10000,-308,-1191
-376,-1084,-166,-146,-1085,10000,-302,-1178
-368,-1072,-165,-142,-1085,10000,-296,-1165
-360,-1062,-162,-139,-1085,10000,-291,-1154
-351,-1052,-159,-137,-1085,10000,-283,-1142
-343,-1040,-155,-136,-1085,10000,-274,-1127
-336,-1029,-152,-133,-1085,10000,-268,-1115
-330,-1018,-151,-131,-1085,10000,-263,-1104
-324,-1008,-149,-128,-1086,10000,-257,-1095
-318,-1000,-147,-126,-1087,10000,-255,-1082
-311,-991,-144,-125,-1088,10000,-245,-1074
-303,-981,-142,-124,-1089,10000,-240,-1063
-295,-972,-141,-122,-1090,10000,-233,-1051
-288,-963,-140,-120,-1090,10000,-224,-1041
-280,-954,-137,-119,-1090,10000,-218,-1032
-274,-946,-134,-119,-1090,10000,-211,-1022
-267,-938,-131,-118,-1090,10000,-205,-1013
-260,-930,-131,-116,-1090,10000,-197,-1004
-255,-921,-130,-115,-1090,10000,-195,-996
-249,-913,-129,-114,-1092,10000,-189,-985
-244,-906,-126,-113,-1093,10000,-184,-977
-238,-899,-124,-112,-1093,10000,-179,-970
-232,-892,-122,-110,-1093,10000,-172,-960
-226,-885,-120,-108,-1094,10000,-167,-953
-221,-877,-119,-108,-1095,10000,-162,-944
-217,-870,-118,-107,-1095,10000,-158,-937
-213,-863,-117,-105,-1095,10000,-156,-930
-208,-856,-116,-102,-1095,10000,-151,-922
-203,-849,-115,-99,-1095,10000,-150,-915
-199,-841,-114,-97,-1095,10000,-147,-908
-195,-833,-112,-96,-1095,10000,-144,-897
-191,-826,-108,-95,-1095,10000,-137,-889
-187,-820,-105,-95,-1095,10000,-134,-880
-183,-814,-104,-95,-1095,10000,-129,-874
-177,-807,-104,-94,-1095,10000,-124,-867
-172,-801,-105,-92,-1095,10000,-122,-860
-168,-795,-104,-90,-1095,10000,-119,-854
-164,-789,-103,-87,-1095,10000,-115,-848
-161,-784,-102,-85,-1095,10000,-113,-843
-157,-778,-101,-84,-1096,10000,-111,-837
-153,-771,-99,-83,-1097,10000,-107,-830
-150,-765,-98,-82,-1098,10000,-104,-821
-146,-759,-97,-81,-1099,10000,-101,-815
-142,-753,-96,-80,-1099,10000,-97,-808
-138,-747,-95,-79,-1100,10000,-92,-802
-135,-741,-93,-78,-1100,10000,-90,-797
-132,-737,-92,-77,-1100,10000,-90,-792
-130,-733,-90,-75,-1100,10000,-87,-784
-126,-728,-89,-73,-1100,10000,-84,-780
-122,-723,-87,-72,-1100,10000,-79,-775
-117,-717,-86,-72,-1100,10000,-74,-769
-112,-712,-86,-71,-1100,10000,-70,-764
-109,-708,-85,-70,-1100,10000,-69,-759
-106,-703,-84,-69,-1100,10000,-67,-751
-103,-699,-83,-68,-1100,10000,-63,-747
-100,-695,-81,-69,-1100,10000,-61,-743
-97,-690,-80,-68,-1100,10000,-57,-738
-94,-686,-79,-67,-1100,10000,-54,-733
-90,-680,-79,-65,-1100,10000,-51,-728
-86,-676,-78,-65,-1100,10000,-47,-721
-82,-672,-75,-66,-1099,10000,-42,-717
-78,-670,-74,-66,-1099,10000,-39,-714
-75,-667,-73,-64,-1100,10000,-36,-709
-72,-664,-72,-63,-1101,10000,-34,-705
-69,-659,-71,-62,-1102,10000,-30,-700
-66,-654,-70,-63,-1101,10000,-28,-694
-63,-649,-69,-62,-1100,10000,-24,-690
-60,-645,-69,-61,-1099,10000,-21,-686
-58,-642,-70,-61,-1099,10000,-19,-683
-56,-639,-69,-61,-1101,10000,-17,-679
-54,-636,-68,-61,-1104,10000,-14,-676
-51,-632,-65,-60,-1105,10000,-12,-670
-49,-628,-65,-58,-1105,10000,-10,-666
-47,-625,-65,-58,-1103,10000,-10,-662
-44,-622,-65,-58,-1103,10000,-8,-659
-42,-618,-65,-59,-1103,10000,-3,-655
-39,-616,-64,-60,-1104,10000,0,-653
-36,-614,-62,-59,-1105,10000,2,-651
-34,-611,-61,-57,-1105,10000,2,-648
-32,-608,-61,-56,-1105,10000,3,-644
-31,-603,-60,-56,-1105,10000,4,-640
-28,-600,-60,-56,-1105,10000,7,-634
-26,-598,-59,-55,-1105,10000,9,-632
-24,-596,-58,-53,-1105,10000,10,-629
-22,-594,-57,-52,-1105,10000,13,-628
-21,-591,-57,-52,-1105,10000,13,-625
-21,-587,-58,-52,-1105,10000,14,-621
-19,-584,-57,-52,-1105,10000,15,-617
-17,-581,-57,-51,-1105,10000,15,-615
-14,-579,-55,-50,-1105,10000,18,-612
-12,-577,-54,-49,-1105,10000,20,-610
-11,-574,-54,-49,-1105,10000,21,-607
-9,-572,-54,-49,-1105,10000,23,-605
-8,-570,-53,-48,-1105,10000,24,-603
-6,-568,-52,-46,-1105,10000,26,-598
-5,-565,-50,-46,-1106,10000,28,-595
-3,-563,-50,-45,-1107,10000,29,-593
-1,-561,-50,-45,-1108,10000,31,-592
0,-560,-50,-45,-1109,10000,32,-590
1,-558,-49,-44,-1109,10000,31,-588
3,-555,-48,-43,-1110,10000,34,-584
6,-552,-48,-43,-1110,10000,36,-582
8,-550,-47,-42,-1109,10000,39,-579
10,-549,-47,-42,-1109,10000,41,-578
12,-546,-47,-42,-1109,10000,42,-576
13,-544,-47,-42,-1109,10000,43,-573
15,-542,-47,-43,-1109,10000,46,-571
17,-540,-47,-42,-1109,10000,47,-568
18,-538,-46,-41,-1109,10000,48,-567
19,-536,-44,-40,-1109,10000,48,-562
19,-534,-43,-39,-1109,10000,50,-560
21,-532,-43,-39,-1109,10000,51,-559
22,-530,-43,-38,-1109,10000,52,-556
24,-527,-42,-38,-1109,10000,54,-554
26,-525,-42,-38,-1109,10000,56,-551
27,-523,-42,-38,-1109,10000,57,-549
28,-521,-42,-37,-1109,10000,56,-548
28,-519,-41,-37,-1109,10000,56,-545
29,-517,-40,-36,-1109,10000,57,-543
31,-516,-39,-35,-1109,10000,58,-542
34,-515,-39,-36,-1109,10000,61,-540
36,-513,-39,-36,-1109,10000,63,-539
37,-511,-40,-36,-1109,10000,64,-537
37,-509,-40,-36,-1109,10000,64,-534
38,-506,-40,-36,-1109,10000,65,-532
39,-505,-39,-36,-1109,10000,67,-531
41,-505,-39,-35,-1109,10000,68,-531
43,-505,-37,-33,-1109,10000,70,-527
44,-504,-36,-32,-1109,10000,72,-526
44,-501,-36,-32,-1109,10000,72,-523
45,-499,-36,-32,-1109,10000,73,-521
46,-497,-36,-32,-1109,10000,73,-520
47,-496,-36,-32,-1109,10000,74,-518
49,-495,-36,-32,-1109,10000,76,-517
50,-494,-36,-32,-1109,10000,78,-516
50,-493,-36,-32,-1109,10000,78,-515
50,-491,-35,-32,-1109,10000,78,-512
50,-489,-35,-32,-1109,10000,78,-511
52,-487,-35,-31,-1109,10000,79,-510
54,-487,-35,-31,-1109,10000,80,-509
55,-487,-34,-31,-1109,10000,83,-509
56,-485,-32,-31,-1109,10000,83,-507
57,-483,-30,-32,-1109,10000,84,-502
57,-481,-29,-32,-1109,10000,87,-500
58,-479,-28,-33,-1109,10000,87,-498
59,-478,-29,-33,-1109,10000,89,-498
61,-478,-29,-33,-1109,10000,90,-496
63,-477,-29,-33,-1109,10000,92,-495
65,-475,-29,-33,-1109,10000,95,-494
66,-473,-28,-32,-1109,10000,96,-491
67,-472,-28,-32,-1109,10000,93,-490
68,-473,-28,-32,-1109,10000,95,-491
68,-473,-28,-32,-1109,10000,95,-491
69,-472,-28,-31,-1109,10000,96,-490
69,-469,-27,-31,-1109,10000,96,-485
70,-467,-25,-29,-1110,10000,96,-483
70,-466,-25,-29,-1109,10000,97,-483
72,-466,-25,-29,-1109,10000,98,-482
73,-465,-25,-29,-1109,10000,100,-482
75,-464,-24,-28,-1110,10000,101,-480
75,-465,-23,-27,-1111,10000,101,-480
74,-465,-22,-26,-1112,10000,101,-480
74,-465,-21,-26,-1111,10000,101,-480
75,-462,-22,-26,-1110,10000,102,-478
76,-460,-22,-26,-1110,10000,102,-476
76,-458,-22,-26,-1111,10000,103,-473
76,-458,-22,-26,-1111,10000,103,-473
77,-458,-22,-26,-1111,10000,103,-474
78,-457,-22,-26,-1112,10000,104,-473
79,-455,-22,-26,-1113,10000,106,-471
79,-452,-22,-26,-1114,10000,106,-468
79,-451,-22,-26,-1114,10000,106,-467
78,-451,-22,-26,-1113,10000,104,-467
79,-451,-22,-26,-1113,10000,106,-467
80,-451,-22,-26,-1112,10000,107,-467
81,-450,-22,-26,-1111,10000,108,-465
81,-448,-22,-26,-1111,10000,108,-463
81,-446,-22,-26,-1113,10000,108,-461
82,-444,-21,-25,-1114,10000,106,-458
83,-443,-21,-24,-1115,10000,107,-457
84,-442,-21,-23,-1115,10000,108,-457
85,-442,-21,-24,-1114,10000,108,-457
85,-442,-21,-25,-1114,10000,109,-457
86,-442,-22,-27,-1114,10000,112,-457
87,-441,-22,-27,-1114,10000,114,-456
89,-440,-22,-26,-1114,10000,115,-455
90,-439,-21,-25,-1114,10000,114,-454
92,-439,-19,-24,-1114,10000,115,-451
93,-438,-18,-23,-1114,10000,117,-450
94,-436,-19,-24,-1114,10000,118,-449
96,-435,-19,-24,-1114,10000,120,-446
97,-434,-19,-24,-1114,10000,120,-446
97,-434,-18,-23,-1114,10000,120,-446
97,-433,-18,-23,-1114,10000,120,-445
97,-432,-18,-23,-1114,10000,122,-444
98,-430,-18,-23,-1114,10000,122,-441
99,-429,-18,-23,-1114,10000,123,-440
100,-428,-18,-23,-1114,10000,124,-440
101,-428,-18,-23,-1114,10000,125,-440
102,-427,-18,-23,-1114,10000,126,-439
104,-426,-18,-23,-1114,10000,128,-438
104,-426,-18,-23,-1114,10000,128,-438
104,-426,-18,-23,-1114,10000,128,-438
103,-426,-17,-22,-1114,10000,128,-438
104,-427,-17,-21,-1114,10000,128,-439
105,-426,-16,-21,-1114,10000,129,-438
107,-425,-15,-20,-1114,10000,130,-437
107,-422,-14,-20,-1114,10000,131,-434
106,-421,-14,-20,-1114,10000,130,-433
105,-420,-14,-20,-1114,10000,129,-432
105,-419,-14,-20,-1114,10000,129,-430
107,-419,-14,-20,-1114,10000,130,-430
109,-418,-14,-20,-1114,10000,133,-429
110,-418,-14,-20,-1114,10000,134,-429
110,-417,-14,-20,-1114,10000,134,-427
110,-417,-13,-21,-1114,10000,134,-427
110,-418,-13,-21,-1114,10000,134,-427
110,-418,-13,-21,-1114,10000,134,-427
110,-417,-14,-20,-1114,10000,134,-427
110,-418,-13,-21,-1114,10000,134,-427
110,-418,-13,-21,-1114,10000,134,-427
110,-417,-12,-22,-1114,10000,136,-426
111,-417,-12,-22,-1114,10000,135,-426
112,-416,-13,-21,-1114,10000,135,-426
112,-416,-14,-20,-1114,10000,136,-427
113,-416,-13,-21,-1114,10000,137,-424
114,-415,-12,-22,-1114,10000,141,-424
114,-415,-11,-23,-1114,10000,141,-423
113,-414,-12,-22,-1114,10000,140,-422
113,-413,-13,-22,-1114,10000,137,-422
115,-413,-12,-22,-1114,10000,141,-422
117,-413,-11,-23,-1114,10000,144,-422
119,-413,-11,-24,-1114,10000,145,-422
119,-413,-11,-23,-1114,10000,146,-421
119,-413,-12,-23,-1114,10000,145,-421
119,-413,-12,-22,-1114,10000,142,-421
119,-413,-11,-21,-1114,10000,145,-421
118,-413,-9,-20,-1114,10000,142,-422
118,-413,-8,-19,-1114,10000,142,-419
119,-413,-8,-18,-1114,10000,142,-422
120,-412,-9,-18,-1114,10000,144,-421
122,-411,-9,-18,-1114,10000,146,-419
122,-409,-9,-18,-1114,10000,146,-417
122,-407,-10,-18,-1114,10000,145,-416
121,-406,-10,-17,-1114,10000,142,-415
120,-406,-11,-16,-1114,10000,141,-415
120,-406,-11,-16,-1114,10000,141,-415
120,-406,-11,-16,-1114,10000,141,-415
121,-406,-10,-17,-1114,10000,142,-415
122,-406,-10,-18,-1114,10000,146,-415
123,-404,-9,-18,-1115,10000,147,-412
124,-403,-10,-18,-1114,10000,147,-411
123,-401,-11,-17,-1114,10000,145,-408
122,-399,-11,-16,-1114,10000,144,-407
122,-399,-10,-17,-1115,10000,144,-407
122,-399,-8,-18,-1116,10000,146,-407
122,-400,-7,-18,-1116,10000,146,-405
122,-400,-8,-17,-1116,10000,146,-407
122,-399,-9,-16,-1115,10000,144,-407
124,-399,-8,-14,-1114,10000,145,-407
126,-398,-8,-14,-1114,10000,147,-406
126,-397,-8,-14,-1114,10000,147,-405
126,-396,-8,-14,-1115,10000,147,-404
126,-396,-7,-14,-1114,10000,147,-404
126,-397,-7,-13,-1114,10000,147,-405
126,-397,-7,-13,-1114,10000,147,-405
126,-396,-7,-13,-1115,10000,147,-404
125,-394,-7,-13,-1116,10000,146,-402
125,-394,-7,-13,-1116,10000,146,-402
126,-396,-7,-13,-1116,10000,146,-404
126,-397,-7,-13,-1116,10000,147,-406
127,-398,-7,-13,-1116,10000,148,-406
128,-397,-7,-13,-1116,10000,150,-405
129,-396,-7,-13,-1115,10000,151,-404
130,-396,-7,-13,-1114,10000,151,-404
130,-396,-7,-13,-1114,10000,151,-404
130,-395,-7,-13,-1114,10000,151,-404
130,-395,-7,-13,-1115,10000,152,-402
131,-395,-7,-13,-1115,10000,152,-402
131,-395,-7,-13,-1115,10000,152,-402
131,-395,-7,-13,-1114,10000,152,-402
132,-394,-7,-13,-1114,10000,153,-402
133,-394,-7,-13,-1115,10000,155,-401
133,-393,-7,-13,-1116,10000,155,-401
134,-393,-7,-13,-1118,10000,156,-401
135,-393,-7,-13,-1118,10000,157,-401
135,-392,-7,-14,-1117,10000,157,-400
135,-391,-6,-14,-1116,10000,156,-396
134,-390,-6,-14,-1117,10000,155,-395
133,-390,-6,-14,-1118,10000,155,-395
134,-390,-7,-14,-1119,10000,155,-397
135,-389,-7,-13,-1120,10000,156,-396
136,-387,-7,-13,-1120,10000,157,-395
137,-386,-6,-12,-1119,10000,158,-394
137,-385,-6,-12,-1119,10000,158,-390
137,-386,-6,-13,-1119,10000,158,-391
137,-386,-6,-14,-1119,10000,158,-391
137,-386,-5,-15,-1119,10000,161,-391
139,-385,-5,-16,-1119,10000,162,-390
140,-384,-5,-16,-1119,10000,163,-389
140,-384,-4,-15,-1119,10000,164,-389
140,-384,-3,-15,-1119,10000,164,-389
140,-384,-3,-16,-1119,10000,164,-389
140,-385,-3,-16,-1120,10000,163,-389
140,-385,-3,-15,-1120,10000,164,-389
140,-384,-1,-15,-1119,10000,164,-386
140,-383,0,-14,-1118,10000,164,-385
140,-381,0,-13,-1116,10000,164,-384
140,-381,-1,-12,-1114,10000,162,-386
141,-382,-3,-11,-1114,10000,162,-386
141,-382,-3,-10,-1114,10000,159,-386
140,-382,-3,-10,-1115,10000,159,-386
139,-382,-2,-11,-1115,10000,159,-386
137,-383,-1,-12,-1114,10000,158,-388
136,-383,-1,-13,-1114,10000,157,-385
135,-383,-1,-12,-1114,10000,156,-388
135,-382,-2,-12,-1114,10000,156,-386
137,-381,-2,-11,-1114,10000,157,-386
137,-382,-1,-12,-1114,10000,158,-386
137,-383,-1,-12,-1114,10000,158,-388
136,-383,-1,-12,-1114,10000,157,-388
137,-382,-1,-12,-1114,10000,157,-386
138,-381,-1,-12,-1114,10000,159,-383
141,-382,0,-13,-1114,10000,162,-384
142,-383,0,-14,-1114,10000,166,-385
142,-384,0,-14,-1114,10000,166,-386
141,-384,-1,-14,-1115,10000,164,-386
141,-384,-2,-15,-1114,10000,164,-386
141,-384,-1,-14,-1114,10000,164,-386
142,-383,0,-14,-1114,10000,166,-385
142,-383,0,-14,-1115,10000,166,-385
142,-383,-1,-14,-1116,10000,166,-385
141,-384,-2,-15,-1117,10000,164,-386
141,-384,-3,-16,-1117,10000,164,-389
142,-383,-4,-16,-1117,10000,166,-388
143,-383,-4,-16,-1116,10000,167,-388
144,-382,-3,-16,-1114,10000,168,-386
146,-381,-1,-14,-1114,10000,169,-383
146,-381,-1,-14,-1116,10000,170,-383
146,-382,-1,-14,-1118,10000,170,-384
146,-381,-2,-14,-1119,10000,169,-383
145,-380,-1,-15,-1120,10000,168,-382
144,-379,0,-14,-1120,10000,168,-380
144,-379,0,-13,-1120,10000,168,-380
145,-379,-1,-12,-1120,10000,166,-382
145,-380,-2,-12,-1119,10000,166,-385
145,-379,-2,-12,-1118,10000,166,-384
144,-377,-2,-11,-1117,10000,164,-382
144,-377,-2,-11,-1118,10000,164,-382
143,-377,-2,-12,-1119,10000,164,-382
143,-377,-2,-12,-1120,10000,164,-382
144,-377,-1,-11,-1120,10000,164,-382
145,-376,-1,-11,-1119,10000,166,-380
146,-376,-1,-10,-1118,10000,167,-380
147,-375,-3,-9,-1116,10000,166,-379
146,-374,-3,-9,-1116,10000,164,-379
145,-372,-3,-9,-1116,10000,163,-377
145,-371,-2,-9,-1117,10000,163,-375
145,-370,-2,-9,-1119,10000,163,-374
146,-370,-3,-10,-1119,10000,164,-374
146,-372,-3,-10,-1118,10000,164,-375
147,-374,-3,-11,-1117,10000,168,-378
148,-375,-2,-11,-1118,10000,168,-379
148,-375,-2,-10,-1119,10000,167,-379
148,-375,-2,-9,-1120,10000,167,-379
148,-375,-2,-9,-1120,10000,167,-379
148,-375,-2,-10,-1119,10000,169,-379
148,-375,-3,-11,-1119,10000,169,-379
148,-374,-3,-11,-1119,10000,169,-379
147,-373,-3,-10,-1119,10000,168,-378
147,-373,-3,-11,-1119,10000,168,-378
147,-373,-2,-12,-1119,10000,168,-378
148,-374,-1,-13,-1119,10000,169,-377
148,-375,-1,-12,-1119,10000,169,-377
148,-375,-1,-12,-1119,10000,169,-377
148,-375,0,-13,-1119,10000,169,-377
148,-375,0,-14,-1119,10000,172,-377
148,-375,0,-14,-1119,10000,172,-377
148,-374,0,-13,-1119,10000,168,-377
147,-374,-1,-12,-1120,10000,168,-378
147,-373,-2,-12,-1120,10000,168,-378
148,-373,-1,-12,-1119,10000,169,-374
151,-373,0,-13,-1118,10000,172,-374
152,-373,0,-14,-1118,10000,175,-374
153,-372,0,-14,-1118,10000,177,-374
152,-372,0,-14,-1118,10000,175,-374
152,-372,0,-13,-1118,10000,175,-374
152,-372,0,-12,-1118,10000,173,-374
152,-372,0,-11,-1118,10000,173,-374
154,-372,0,-11,-1117,10000,174,-373
155,-371,-2,-11,-1116,10000,175,-375
155,-371,-3,-11,-1116,10000,177,-374
155,-371,-4,-10,-1116,10000,173,-374
155,-371,-3,-10,-1116,10000,174,-374
156,-370,-3,-9,-1116,10000,174,-374
157,-370,-2,-9,-1116,10000,175,-374
157,-370,-2,-8,-1116,10000,175,-374
156,-370,-1,-8,-1115,10000,175,-374
155,-369,-1,-8,-1114,10000,174,-373
155,-368,-1,-7,-1114,10000,174,-372
156,-369,-1,-8,-1114,10000,174,-373
156,-370,-2,-9,-1114,10000,175,-374
157,-370,-2,-9,-1114,10000,175,-374
156,-369,-1,-8,-1115,10000,174,-373
155,-367,0,-7,-1116,10000,173,-371
154,-366,0,-7,-1117,10000,173,-369
154,-365,0,-7,-1117,10000,173,-369
154,-366,0,-7,-1117,10000,173,-369
154,-366,0,-7,-1117,10000,173,-369
154,-366,0,-7,-1118,10000,173,-369
154,-366,0,-7,-1119,10000,173,-367
154,-366,0,-8,-1120,10000,173,-367
154,-366,1,-9,-1120,10000,175,-367
154,-366,2,-9,-1119,10000,175,-367
154,-366,2,-10,-1119,10000,175,-367
154,-366,1,-11,-1119,10000,175,-367
154,-366,1,-12,-1119,10000,175,-367
154,-366,1,-11,-1119,10000,175,-367
154,-366,2,-10,-1119,10000,175,-367
154,-366,3,-10,-1119,10000,175,-367
154,-366,3,-10,-1119,10000,175,-367
154,-366,3,-10,-1119,10000,175,-367
154,-366,2,-10,-1119,10000,175,-367
154,-366,2,-10,-1119,10000,175,-367
154,-366,3,-10,-1119,10000,175,-367
154,-366,3,-10,-1119,10000,175,-367
154,-366,2,-10,-1119,10000,175,-367
154,-366,2,-10,-1119,10000,175,-367
154,-365,3,-10,-1119,10000,175,-367
154,-365,3,-10,-1119,10000,175,-367
155,-366,3,-10,-1119,10000,175,-368
155,-367,2,-10,-1119,10000,175,-368
155,-368,1,-11,-1119,10000,177,-369
155,-367,1,-12,-1119,10000,175,-368
155,-366,1,-11,-1119,10000,175,-368
154,-365,2,-10,-1119,10000,175,-367
154,-365,3,-10,-1119,10000,175,-367
154,-366,3,-10,-1119,10000,175,-367
154,-366,3,-10,-1119,10000,175,-367
154,-366,2,-10,-1119,10000,175,-367
154,-366,1,-9,-1119,10000,175,-367
154,-366,0,-7,-1119,10000,173,-367
154,-366,0,-7,-1119,10000,173,-369
154,-366,0,-6,-1119,10000,173,-369
154,-366,0,-7,-1119,10000,173,-369
154,-366,0,-7,-1119,10000,173,-369
154,-366,0,-7,-1119,10000,173,-369
154,-366,0,-7,-1119,10000,173,-369
154,-366,0,-7,-1119,10000,173,-369
155,-365,0,-7,-1119,10000,173,-369
156,-365,0,-7,-1119,10000,174,-369
157,-365,0,-7,-1119,10000,175,-368
158,-364,0,-7,-1119,10000,177,-368
158,-363,-1,-8,-1119,10000,177,-367
158,-362,-3,-9,-1119,10000,175,-366
157,-361,-3,-10,-1119,10000,175,-366
158,-362,-2,-10,-1119,10000,177,-367
158,-363,0,-10,-1119,10000,179,-365
158,-364,0,-10,-1119,10000,179,-365
158,-362,0,-10,-1119,10000,179,-363
157,-360,-1,-10,-1119,10000,178,-365
156,-359,-1,-10,-1119,10000,177,-363
156,-359,-1,-11,-1120,10000,177,-362
156,-359,-1,-12,-1119,10000,177,-361
157,-359,0,-13,-1119,10000,178,-361
158,-358,1,-11,-1119,10000,178,-360
158,-358,1,-10,-1120,10000,178,-360
157,-358,0,-9,-1121,10000,178,-360
156,-359,0,-10,-1121,10000,177,-360
157,-358,1,-11,-1121,10000,178,-360
159,-357,1,-12,-1120,10000,179,-358
160,-357,0,-13,-1119,10000,180,-358
161,-357,0,-12,-1119,10000,181,-357
160,-357,1,-11,-1119,10000,181,-357
160,-357,2,-10,-1120,10000,180,-358
160,-357,3,-10,-1119,10000,180,-358
160,-357,3,-10,-1119,10000,180,-358
160,-357,2,-10,-1119,10000,181,-357
160,-357,2,-10,-1119,10000,181,-357
160,-357,2,-10,-1119,10000,181,-357
160,-357,3,-10,-1119,10000,181,-357
160,-357,3,-10,-1119,10000,181,-357
160,-357,3,-10,-1119,10000,181,-357
160,-357,3,-10,-1119,10000,181,-357
160,-357,2,-10,-1119,10000,180,-358
160,-357,2,-9,-1119,10000,180,-358
160,-357,1,-9,-1119,10000,181,-357
160,-357,2,-10,-1119,10000,181,-357
160,-357,2,-10,-1119,10000,181,-357
160,-357,2,-9,-1120,10000,180,-358
159,-357,1,-9,-1120,10000,180,-358
159,-358,1,-9,-1119,10000,179,-360
159,-357,2,-10,-1118,10000,180,-358
160,-357,3,-10,-1117,10000,180,-358
160,-356,3,-10,-1118,10000,181,-357
160,-356,4,-9,-1119,10000,181,-357
161,-357,3,-9,-1120,10000,181,-358
161,-358,3,-10,-1120,10000,181,-360
161,-359,2,-10,-1119,10000,181,-360
161,-358,3,-9,-1119,10000,181,-360
161,-357,4,-9,-1119,10000,181,-356
161,-356,4,-8,-1119,10000,181,-355
162,-355,4,-9,-1119,10000,183,-354
163,-355,3,-9,-1119,10000,184,-356
164,-355,3,-10,-1119,10000,184,-356
164,-354,2,-10,-1119,10000,185,-356
165,-354,2,-10,-1119,10000,185,-356
165,-354,3,-10,-1119,10000,185,-355
165,-354,3,-10,-1119,10000,185,-356
164,-354,3,-10,-1119,10000,185,-356
163,-355,2,-10,-1119,10000,184,-356
163,-355,3,-10,-1119,10000,184,-356
163,-355,3,-10,-1119,10000,184,-356
164,-354,3,-10,-1119,10000,185,-356
165,-354,3,-10,-1119,10000,185,-356
165,-354,3,-10,-1119,10000,185,-356
164,-354,3,-10,-1119,10000,185,-356
164,-354,3,-10,-1119,10000,185,-356
165,-354,2,-10,-1119,10000,185,-356
165,-354,3,-10,-1119,10000,185,-355
164,-354,3,-10,-1119,10000,185,-356
163,-355,3,-10,-1119,10000,184,-356
162,-356,2,-10,-1119,10000,183,-357
160,-357,2,-10,-1119,10000,181,-357
160,-357,3,-10,-1119,10000,180,-358
160,-357,3,-9,-1119,10000,180,-358
160,-357,4,-9,-1119,10000,181,-355
160,-357,3,-10,-1119,10000,181,-357
160,-357,3,-10,-1119,10000,181,-357
160,-357,3,-8,-1119,10000,180,-358
160,-357,2,-5,-1119,10000,178,-358
160,-357,3,-3,-1119,10000,177,-358
160,-357,3,-3,-1119,10000,177,-358
160,-357,4,-4,-1119,10000,179,-358
160,-357,4,-5,-1119,10000,178,-358
160,-357,3,-5,-1119,10000,178,-358
160,-357,2,-4,-1119,10000,177,-358
162,-356,2,-4,-1119,10000,180,-357
163,-355,3,-6,-1119,10000,181,-356
164,-354,3,-7,-1119,10000,183,-356
165,-354,3,-8,-1119,10000,183,-355
165,-354,2,-7,-1119,10000,183,-356
164,-354,3,-6,-1119,10000,183,-356
164,-354,4,-6,-1119,10000,183,-356
165,-355,5,-7,-1119,10000,185,-354
165,-354,5,-9,-1119,10000,185,-354
165,-354,4,-9,-1119,10000,185,-354
165,-354,4,-9,-1119,10000,185,-352
165,-354,5,-8,-1119,10000,185,-354
166,-356,6,-7,-1119,10000,186,-355
166,-357,7,-7,-1119,10000,187,-356
167,-359,6,-7,-1119,10000,187,-357
167,-359,5,-7,-1119,10000,187,-358
167,-359,4,-8,-1119,10000,187,-357
167,-358,4,-9,-1119,10000,187,-360
166,-357,3,-9,-1119,10000,187,-358
166,-357,3,-10,-1119,10000,186,-358
166,-358,2,-10,-1119,10000,186,-358
167,-358,2,-10,-1119,10000,187,-360
168,-358,3,-10,-1119,10000,189,-360
170,-357,2,-10,-1119,10000,191,-358
171,-356,2,-10,-1119,10000,192,-357
172,-356,3,-10,-1119,10000,192,-357
171,-357,3,-9,-1119,10000,192,-357
171,-356,4,-8,-1119,10000,192,-355
170,-355,5,-8,-1119,10000,191,-354
169,-354,5,-8,-1119,10000,190,-352
169,-352,5,-8,-1119,10000,190,-350
169,-352,6,-7,-1119,10000,190,-350
169,-352,6,-7,-1119,10000,190,-350
169,-352,6,-7,-1119,10000,190,-351
169,-352,6,-7,-1119,10000,190,-351
169,-352,6,-7,-1119,10000,190,-350
169,-352,6,-7,-1119,10000,190,-350
169,-352,6,-7,-1119,10000,190,-350
169,-352,5,-6,-1119,10000,187,-350
169,-352,4,-4,-1119,10000,187,-354
169,-352,3,-3,-1119,10000,185,-354
169,-352,3,-3,-1119,10000,185,-354
169,-352,3,-3,-1119,10000,185,-354
169,-352,3,-3,-1119,10000,185,-354
169,-352,4,-4,-1119,10000,187,-354
169,-352,5,-6,-1119,10000,187,-350
169,-352,6,-7,-1119,10000,190,-351
169,-352,7,-7,-1119,10000,190,-351
169,-352,6,-7,-1119,10000,190,-350
168,-351,6,-7,-1119,10000,189,-349
168,-350,5,-6,-1119,10000,186,-349
168,-351,5,-5,-1119,10000,186,-352
169,-351,5,-6,-1119,10000,186,-350
169,-351,5,-7,-1119,10000,189,-350
168,-351,5,-8,-1119,10000,189,-349
168,-350,5,-8,-1119,10000,189,-347
167,-349,5,-8,-1119,10000,187,-347
167,-348,6,-7,-1119,10000,187,-346
166,-347,6,-7,-1119,10000,187,-346
166,-347,6,-7,-1119,10000,187,-346
167,-348,5,-7,-1119,10000,187,-346
167,-349,4,-8,-1119,10000,187,-347
168,-350,4,-9,-1119,10000,189,-350
168,-350,3,-9,-1119,10000,189,-351
169,-351,3,-10,-1119,10000,189,-352
169,-352,2,-10,-1119,10000,190,-352
169,-352,2,-10,-1119,10000,190,-354
169,-352,3,-10,-1119,10000,190,-354
169,-352,3,-9,-1119,10000,190,-352
169,-352,4,-9,-1119,10000,190,-350
169,-352,4,-8,-1119,10000,189,-350
169,-352,4,-9,-1119,10000,189,-350
169,-352,4,-8,-1119,10000,189,-350
169,-352,5,-8,-1119,10000,190,-350
169,-352,6,-7,-1119,10000,190,-350
169,-352,6,-7,-1119,10000,189,-350
167,-353,6,-7,-1119,10000,187,-351
166,-354,6,-7,-1119,10000,186,-352
165,-354,6,-7,-1119,10000,186,-354
166,-354,6,-7,-1119,10000,186,-352
166,-354,6,-7,-1119,10000,186,-352
165,-352,6,-7,-1119,10000,185,-351
164,-351,6,-7,-1119,10000,184,-350
163,-350,6,-7,-1119,10000,184,-349
164,-349,6,-7,-1119,10000,184,-347
165,-349,6,-7,-1119,10000,185,-347
166,-349,6,-7,-1119,10000,186,-347
166,-348,7,-6,-1119,10000,185,-346
167,-348,9,-4,-1119,10000,185,-346
167,-348,10,-4,-1119,10000,185,-346
166,-348,10,-3,-1119,10000,184,-346
166,-348,9,-4,-1119,10000,185,-346
166,-348,9,-4,-1119,10000,185,-346
166,-347,8,-5,-1119,10000,184,-345
166,-346,9,-5,-1119,10000,184,-345
166,-346,8,-4,-1119,10000,184,-345
166,-347,7,-4,-1119,10000,184,-345
166,-347,7,-4,-1119,10000,184,-345
166,-346,7,-5,-1119,10000,184,-345
165,-346,8,-5,-1119,10000,183,-344
165,-345,9,-5,-1119,10000,183,-343
165,-344,9,-4,-1119,10000,183,-343
165,-344,8,-4,-1119,10000,183,-343
165,-345,6,-4,-1119,10000,183,-344
166,-346,4,-4,-1119,10000,184,-347
167,-347,3,-5,-1119,10000,185,-347
168,-348,4,-5,-1119,10000,186,-349
168,-347,4,-5,-1119,10000,186,-347
167,-347,4,-5,-1119,10000,185,-347
167,-347,4,-5,-1119,10000,185,-347
168,-347,4,-5,-1119,10000,186,-347
169,-348,5,-6,-1119,10000,187,-346
169,-350,6,-7,-1119,10000,190,-349
169,-352,6,-7,-1119,10000,190,-350
169,-353,6,-7,-1119,10000,190,-351
170,-351,6,-7,-1119,10000,191,-350
172,-350,6,-7,-1119,10000,192,-349
171,-351,6,-7,-1119,10000,192,-349
171,-351,6,-7,-1119,10000,191,-350
171,-351,6,-7,-1119,10000,191,-350
171,-350,6,-7,-1119,10000,192,-349
172,-349,6,-7,-1119,10000,192,-347
171,-348,6,-7,-1119,10000,192,-346
171,-349,6,-7,-1119,10000,192,-347
172,-350,6,-7,-1119,10000,192,-349
172,-351,6,-7,-1119,10000,192,-349
170,-350,6,-7,-1119,10000,190,-349
167,-349,6,-7,-1119,10000,187,-347
166,-348,6,-7,-1119,10000,186,-346
166,-348,6,-7,-1119,10000,184,-346
167,-347,5,-6,-1119,10000,185,-346
168,-347,5,-5,-1119,10000,186,-349
168,-347,5,-6,-1119,10000,186,-345
168,-347,6,-7,-1119,10000,189,-345
168,-347,6,-7,-1119,10000,189,-345
169,-346,5,-6,-1119,10000,187,-345
169,-346,5,-5,-1119,10000,187,-347
169,-346,5,-6,-1119,10000,187,-345
169,-347,6,-7,-1119,10000,186,-345
169,-346,6,-7,-1119,10000,190,-345
169,-346,6,-7,-1119,10000,190,-345
171,-346,6,-7,-1119,10000,191,-344
171,-346,6,-7,-1119,10000,191,-344
171,-345,6,-7,-1120,10000,189,-344
170,-345,5,-6,-1120,10000,189,-344
171,-346,5,-5,-1119,10000,189,-346
171,-347,5,-6,-1119,10000,190,-345
173,-348,6,-7,-1120,10000,191,-346
173,-350,6,-7,-1121,10000,194,-347
173,-350,6,-7,-1123,10000,194,-349
173,-350,6,-7,-1122,10000,194,-349
173,-350,6,-7,-1121,10000,194,-347
173,-350,6,-7,-1121,10000,194,-347
173,-350,6,-7,-1122,10000,194,-347
173,-350,6,-7,-1124,10000,194,-347
173,-350,6,-7,-1125,10000,194,-347
173,-350,6,-7,-1124,10000,194,-347
173,-350,6,-7,-1124,10000,194,-347
173,-350,6,-7,-1124,10000,194,-349
173,-350,6,-7,-1124,10000,194,-349
173,-349,6,-7,-1124,10000,194,-347
173,-348,6,-7,-1124,10000,194,-346
172,-348,6,-7,-1123,10000,192,-346
173,-349,6,-7,-1123,10000,194,-347
173,-350,6,-7,-1123,10000,194,-347
173,-350,6,-7,-1122,10000,194,-349
173,-349,6,-7,-1121,10000,194,-347
172,-347,6,-7,-1121,10000,192,-345
171,-345,6,-7,-1121,10000,191,-344
171,-345,6,-7,-1120,10000,191,-343
171,-345,6,-7,-1120,10000,191,-344
171,-346,6,-7,-1119,10000,191,-344
171,-346,7,-7,-1119,10000,191,-344
171,-345,7,-8,-1119,10000,191,-344
171,-345,7,-8,-1120,10000,191,-344
171,-346,7,-8,-1119,10000,191,-344
171,-345,7,-7,-1119,10000,191,-344
171,-345,6,-7,-1119,10000,191,-343
171,-345,6,-7,-1119,10000,191,-343
171,-346,6,-7,-1119,10000,192,-344
172,-347,6,-7,-1119,10000,192,-345
172,-347,6,-7,-1119,10000,192,-345
172,-346,6,-7,-1119,10000,192,-345
171,-345,6,-7,-1119,10000,191,-344
171,-345,6,-7,-1119,10000,191,-344
172,-347,6,-7,-1119,10000,192,-345
173,-348,6,-7,-1119,10000,194,-346
173,-348,6,-7,-1119,10000,194,-346
172,-347,6,-7,-1119,10000,192,-345
172,-347,6,-7,-1119,10000,192,-345
172,-347,6,-7,-1119,10000,192,-345
172,-347,6,-7,-1119,10000,192,-345
172,-347,6,-7,-1119,10000,192,-346
173,-348,6,-7,-1119,10000,194,-346
173,-349,6,-7,-1119,10000,194,-347
173,-349,7,-6,-1119,10000,194,-347
173,-349,8,-5,-1119,10000,191,-347
172,-347,8,-5,-1119,10000,190,-345
171,-345,8,-5,-1119,10000,189,-344
171,-345,7,-6,-1119,10000,189,-344
171,-345,6,-7,-1119,10000,191,-344
171,-346,6,-7,-1119,10000,191,-344
171,-346,6,-7,-1119,10000,191,-344
171,-345,7,-7,-1119,10000,191,-344
171,-345,7,-6,-1119,10000,191,-344
171,-345,7,-5,-1119,10000,189,-344
171,-346,8,-5,-1119,10000,189,-344
171,-346,10,-5,-1119,10000,191,-344
170,-345,12,-6,-1119,10000,191,-341
170,-344,13,-7,-1119,10000,190,-340
170,-344,12,-9,-1119,10000,194,-339
170,-344,10,-10,-1119,10000,194,-340
171,-346,9,-10,-1119,10000,194,-341
170,-346,9,-11,-1119,10000,194,-341
170,-344,10,-10,-1119,10000,194,-340
171,-343,11,-10,-1119,10000,194,-339
173,-343,11,-9,-1119,10000,196,-338
175,-343,10,-9,-1119,10000,198,-339
176,-343,8,-9,-1119,10000,196,-341
175,-343,7,-8,-1119,10000,196,-341
175,-343,7,-8,-1119,10000,196,-341
175,-343,7,-8,-1119,10000,196,-341
175,-343,7,-8,-1119,10000,196,-341
175,-343,7,-8,-1119,10000,196,-341
175,-343,7,-9,-1119,10000,196,-341
175,-343,7,-8,-1119,10000,196,-341
175,-343,7,-8,-1119,10000,196,-341
175,-343,6,-7,-1120,10000,196,-341
175,-343,6,-7,-1119,10000,196,-341
176,-344,6,-7,-1119,10000,196,-343
177,-346,6,-7,-1119,10000,197,-344
178,-348,6,-7,-1120,10000,198,-346
177,-348,6,-7,-1120,10000,197,-346
176,-347,6,-7,-1121,10000,196,-345
175,-346,7,-6,-1122,10000,196,-344
176,-347,7,-6,-1122,10000,194,-345
176,-348,8,-5,-1122,10000,194,-346
175,-349,9,-4,-1121,10000,192,-347
173,-349,9,-4,-1120,10000,191,-347
172,-348,10,-3,-1120,10000,190,-346
172,-347,10,-3,-1119,10000,190,-345
172,-346,10,-3,-1119,10000,190,-345
171,-346,10,-3,-1119,10000,189,-344
171,-345,9,-4,-1120,10000,189,-344
171,-346,9,-4,-1119,10000,189,-344
171,-346,8,-5,-1119,10000,189,-344
171,-346,9,-4,-1119,10000,189,-344
171,-345,9,-4,-1119,10000,190,-344
172,-345,9,-4,-1119,10000,190,-343
173,-344,8,-5,-1119,10000,191,-343
172,-345,8,-5,-1119,10000,190,-343
171,-345,8,-5,-1119,10000,190,-344
171,-346,9,-4,-1119,10000,189,-344
171,-346,9,-4,-1119,10000,189,-344
171,-345,8,-5,-1119,10000,189,-344
171,-345,7,-6,-1119,10000,189,-344
171,-346,7,-6,-1119,10000,189,-344
171,-346,7,-6,-1119,10000,191,-344
171,-345,7,-6,-1119,10000,189,-344
171,-345,7,-6,-1119,10000,189,-344
170,-346,6,-7,-1119,10000,191,-344
169,-346,6,-7,-1119,10000,190,-345
169,-346,6,-7,-1119,10000,190,-345
169,-346,6,-7,-1119,10000,190,-345
170,-346,6,-7,-1119,10000,191,-344
171,-345,6,-7,-1119,10000,191,-344
171,-345,6,-7,-1119,10000,191,-344
171,-345,6,-7,-1119,10000,191,-344
171,-346,6,-7,-1119,10000,191,-344
171,-345,6,-7,-1119,10000,191,-344
171,-345,6,-7,-1119,10000,191,-344
171,-345,6,-7,-1119,10000,191,-344
171,-346,6,-7,-1119,10000,191,-344
171,-346,6,-7,-1119,10000,191,-344
171,-345,6,-7,-1119,10000,191,-344
172,-345,6,-7,-1119,10000,192,-343
173,-344,6,-7,-1119,10000,194,-343
173,-344,6,-7,-1119,10000,194,-343
174,-343,6,-7,-1119,10000,195,-341
175,-343,7,-6,-1119,10000,194,-341
175,-343,8,-5,-1119,10000,194,-341
175,-343,8,-5,-1119,10000,194,-341
175,-343,8,-5,-1119,10000,194,-341
175,-343,8,-5,-1119,10000,194,-341
175,-343,9,-4,-1120,10000,194,-341
175,-343,9,-4,-1119,10000,194,-341
175,-343,9,-4,-1119,10000,194,-341
175,-343,8,-5,-1119,10000,194,-341
175,-343,9,-4,-1120,10000,194,-341
175,-343,10,-4,-1120,10000,194,-341
175,-343,10,-3,-1121,10000,194,-341
175,-343,10,-4,-1121,10000,194,-341
175,-343,9,-4,-1121,10000,194,-341
175,-343,8,-5,-1123,10000,194,-341
175,-343,9,-4,-1124,10000,194,-341
175,-343,9,-4,-1123,10000,194,-341
175,-343,10,-3,-1121,10000,194,-341
175,-343,10,-3,-1120,10000,194,-341
175,-343,10,-4,-1121,10000,194,-341
175,-343,10,-4,-1122,10000,194,-341
175,-343,10,-3,-1123,10000,194,-341
175,-343,10,-3,-1124,10000,194,-341
175,-343,9,-4,-1124,10000,194,-341
175,-343,9,-4,-1124,10000,194,-341
175,-343,8,-5,-1124,10000,194,-341
176,-343,8,-5,-1124,10000,194,-341
176,-344,8,-5,-1124,10000,194,-343
176,-345,7,-6,-1123,10000,195,-343
176,-344,7,-6,-1122,10000,194,-343
176,-343,7,-6,-1121,10000,194,-341
175,-343,8,-5,-1120,10000,194,-341
175,-343,9,-4,-1119,10000,194,-341
175,-343,8,-5,-1120,10000,194,-341
175,-343,7,-6,-1121,10000,194,-341
175,-343,6,-7,-1121,10000,196,-341
175,-343,6,-7,-1121,10000,196,-341
174,-343,6,-7,-1120,10000,195,-341
173,-344,6,-7,-1119,10000,194,-343
173,-344,6,-7,-1119,10000,194,-343
172,-345,7,-6,-1119,10000,190,-344
171,-345,9,-4,-1120,10000,189,-344
171,-346,9,-4,-1119,10000,189,-344
171,-345,8,-5,-1119,10000,189,-344
172,-345,7,-6,-1119,10000,190,-343
173,-344,7,-6,-1119,10000,191,-343
172,-345,8,-5,-1119,10000,190,-343
172,-345,8,-5,-1119,10000,190,-343
172,-345,7,-6,-1119,10000,190,-343
173,-344,6,-7,-1119,10000,194,-343
174,-343,6,-7,-1119,10000,195,-341
175,-343,7,-6,-1119,10000,196,-341
175,-343,9,-4,-1119,10000,194,-341
175,-343,10,-3,-1119,10000,194,-341
175,-343,10,-3,-1119,10000,194,-341
175,-343,9,-4,-1119,10000,194,-341
174,-342,8,-5,-1119,10000,192,-340
173,-341,7,-6,-1119,10000,190,-339
171,-340,7,-6,-1119,10000,189,-338
170,-340,6,-7,-1119,10000,190,-338
171,-340,7,-6,-1119,10000,189,-338
172,-339,8,-5,-1119,10000,190,-338
173,-339,9,-4,-1119,10000,190,-338
172,-339,9,-4,-1119,10000,190,-338
171,-340,8,-5,-1119,10000,189,-338
170,-340,8,-5,-1119,10000,189,-339
171,-340,8,-5,-1119,10000,189,-338
171,-339,9,-4,-1119,10000,189,-338
173,-339,9,-4,-1119,10000,190,-336
173,-339,10,-3,-1119,10000,191,-338
173,-340,10,-3,-1119,10000,191,-338
173,-340,10,-3,-1119,10000,191,-338
173,-340,10,-4,-1119,10000,191,-338
173,-340,8,-5,-1119,10000,191,-339
174,-342,7,-6,-1119,10000,192,-340
175,-343,6,-7,-1119,10000,196,-341
175,-343,7,-6,-1119,10000,196,-341
175,-343,7,-6,-1119,10000,194,-341
175,-343,7,-6,-1119,10000,194,-341
175,-343,6,-7,-1119,10000,196,-341
175,-343,6,-7,-1119,10000,196,-341
175,-343,6,-7,-1119,10000,196,-341
175,-343,6,-7,-1119,10000,196,-341
175,-343,6,-7,-1119,10000,196,-341
175,-343,6,-7,-1119,10000,196,-341
175,-343,6,-7,-1119,10000,196,-341
175,-343,6,-7,-1120,10000,196,-341
175,-344,6,-7,-1119,10000,196,-341
175,-345,6,-7,-1119,10000,195,-343
174,-346,6,-7,-1119,10000,195,-344
174,-345,6,-7,-1120,10000,195,-343
175,-343,6,-7,-1121,10000,196,-341
175,-343,6,-7,-1121,10000,196,-341
176,-344,6,-7,-1121,10000,196,-343
176,-345,6,-7,-1120,10000,197,-343
176,-344,6,-7,-1119,10000,196,-343
175,-344,7,-6,-1119,10000,196,-341
175,-343,7,-6,-1119,10000,194,-341
175,-343,8,-5,-1119,10000,194,-341
175,-343,9,-4,-1119,10000,194,-341
176,-343,10,-4,-1120,10000,194,-341
176,-344,10,-4,-1121,10000,195,-343
176,-345,10,-4,-1121,10000,194,-343
174,-345,10,-4,-1120,10000,192,-344
172,-345,10,-4,-1120,10000,190,-344
171,-345,10,-4,-1120,10000,189,-344
172,-345,10,-4,-1121,10000,190,-343
172,-345,10,-5,-1121,10000,190,-340
173,-345,11,-5,-1120,10000,194,-340
173,-344,10,-5,-1119,10000,190,-340
174,-344,10,-4,-1120,10000,192,-341
175,-343,10,-4,-1121,10000,194,-341
176,-343,10,-4,-1121,10000,194,-341
175,-343,10,-4,-1121,10000,194,-341
175,-343,10,-4,-1120,10000,194,-341
175,-343,10,-4,-1119,10000,194,-341
175,-343,10,-4,-1120,10000,194,-341
175,-343,10,-4,-1122,10000,194,-341
175,-343,10,-3,-1122,10000,194,-341
175,-343,10,-4,-1122,10000,194,-341
175,-343,10,-4,-1120,10000,194,-341
175,-343,10,-4,-1120,10000,194,-341
175,-343,10,-3,-1119,10000,194,-341
175,-343,10,-3,-1119,10000,194,-341
175,-343,10,-4,-1119,10000,194,-341
175,-343,8,-5,-1120,10000,194,-341
175,-343,7,-6,-1119,10000,194,-341
175,-343,7,-6,-1119,10000,194,-341
175,-343,7,-6,-1119,10000,194,-341
175,-343,7,-6,-1119,10000,194,-341
175,-343,7,-6,-1119,10000,194,-341
175,-343,8,-5,-1119,10000,194,-341
175,-343,8,-5,-1119,10000,194,-341
175,-343,8,-5,-1119,10000,194,-341
175,-343,7,-6,-1119,10000,194,-341
175,-343,6,-7,-1119,10000,196,-341
175,-343,6,-7,-1119,10000,196,-341
175,-343,6,-7,-1119,10000,196,-341
175,-343,6,-7,-1119,10000,196,-341
175,-343,6,-7,-1119,10000,196,-341
176,-343,6,-7,-1119,10000,196,-341
177,-343,6,-7,-1119,10000,197,-341
177,-343,6,-7,-1119,10000,197,-340
176,-343,6,-7,-1119,10000,197,-340
174,-342,6,-7,-1119,10000,195,-340
173,-340,7,-6,-1119,10000,191,-339
173,-339,8,-5,-1119,10000,191,-336
174,-338,8,-5,-1119,10000,192,-335
175,-338,7,-6,-1119,10000,192,-335
174,-338,7,-6,-1119,10000,192,-336
173,-339,8,-5,-1119,10000,191,-336
173,-339,8,-5,-1119,10000,191,-338
174,-338,8,-5,-1119,10000,191,-336
176,-337,8,-5,-1119,10000,194,-335
177,-336,8,-5,-1119,10000,195,-334
178,-337,7,-6,-1119,10000,196,-334
177,-338,7,-6,-1119,10000,195,-336
177,-339,6,-7,-1119,10000,197,-336
176,-338,7,-6,-1119,10000,194,-336
177,-338,8,-5,-1119,10000,195,-335
177,-338,8,-5,-1119,10000,195,-336
177,-340,7,-6,-1120,10000,196,-338
178,-342,7,-6,-1119,10000,196,-340
178,-342,7,-6,-1119,10000,198,-340
180,-341,7,-6,-1119,10000,197,-339
180,-340,7,-6,-1120,10000,198,-339
179,-341,6,-7,-1120,10000,200,-339
178,-342,6,-7,-1121,10000,198,-340
178,-342,7,-6,-1121,10000,198,-340
178,-341,9,-4,-1121,10000,196,-339
179,-341,10,-3,-1121,10000,197,-339
178,-341,10,-3,-1122,10000,196,-339
177,-342,10,-3,-1122,10000,195,-340
175,-343,10,-4,-1121,10000,194,-341
175,-343,10,-4,-1120,10000,192,-341
175,-343,10,-4,-1119,10000,194,-341
175,-343,10,-3,-1119,10000,194,-341
175,-343,10,-4,-1119,10000,194,-341
175,-343,10,-4,-1120,10000,194,-341
175,-343,10,-4,-1119,10000,194,-341
175,-343,10,-3,-1119,10000,194,-341
175,-343,10,-4,-1119,10000,194,-341
175,-343,10,-4,-1119,10000,194,-341
175,-343,10,-4,-1119,10000,194,-341
174,-342,10,-3,-1119,10000,192,-340
174,-340,10,-3,-1119,10000,191,-338
173,-339,10,-4,-1119,10000,191,-336
173,-339,9,-4,-1119,10000,191,-336
173,-339,8,-5,-1119,10000,191,-336
173,-339,7,-6,-1119,10000,191,-336
173,-339,8,-5,-1119,10000,191,-336
173,-339,9,-4,-1119,10000,191,-336
173,-339,10,-4,-1119,10000,191,-336
173,-339,10,-3,-1119,10000,191,-336
173,-339,10,-3,-1119,10000,191,-336
173,-339,9,-4,-1119,10000,191,-336
173,-339,7,-6,-1119,10000,191,-336
173,-339,6,-7,-1119,10000,194,-336
173,-339,5,-7,-1119,10000,192,-336
173,-339,6,-7,-1119,10000,194,-336
173,-339,7,-6,-1119,10000,191,-336
173,-339,9,-4,-1119,10000,191,-336
173,-339,9,-4,-1119,10000,191,-338
172,-339,7,-6,-1119,10000,190,-336
173,-339,6,-7,-1119,10000,194,-336
174,-338,6,-7,-1119,10000,195,-336
177,-339,6,-7,-1119,10000,197,-336
179,-339,6,-7,-1119,10000,200,-338
180,-340,6,-7,-1119,10000,201,-338
180,-341,6,-7,-1119,10000,200,-339
180,-341,6,-7,-1119,10000,200,-339
180,-341,6,-7,-1119,10000,200,-339
180,-341,6,-7,-1119,10000,200,-339
179,-340,6,-7,-1119,10000,200,-338
179,-339,6,-7,-1119,10000,200,-338
179,-339,6,-7,-1119,10000,200,-336
179,-339,6,-7,-1119,10000,200,-338
179,-340,6,-7,-1119,10000,200,-338
180,-341,6,-7,-1119,10000,200,-339
180,-341,6,-7,-1119,10000,200,-339
180,-341,6,-7,-1119,10000,200,-339
180,-341,6,-7,-1119,10000,200,-339
180,-341,6,-7,-1119,10000,200,-339
180,-341,6,-7,-1119,10000,200,-339
180,-341,6,-7,-1119,10000,200,-339
180,-341,6,-7,-1119,10000,200,-339
180,-341,6,-7,-1119,10000,200,-339
180,-341,6,-7,-1119,10000,200,-339
180,-341,6,-7,-1119,10000,200,-339
180,-341,6,-7,-1119,10000,200,-339
180,-341,6,-7,-1119,10000,200,-339
180,-341,6,-7,-1119,10000,200,-339
180,-341,6,-7,-1119,10000,200,-339
180,-341,6,-7,-1119,10000,200,-339
179,-339,6,-7,-1119,10000,200,-338
178,-338,6,-7,-1119,10000,198,-335
177,-336,6,-7,-1119,10000,197,-334
177,-336,6,-7,-1119,10000,197,-334
177,-336,6,-7,-1119,10000,197,-334
178,-336,6,-7,-1119,10000,198,-334
177,-337,6,-7,-1119,10000,198,-334
176,-337,6,-7,-1119,10000,196,-335
174,-339,6,-7,-1119,10000,194,-336
173,-339,6,-7,-1120,10000,194,-336
173,-338,6,-7,-1119,10000,194,-336
175,-337,6,-7,-1119,10000,196,-335
177,-338,6,-7,-1119,10000,197,-335
177,-338,6,-7,-1120,10000,197,-336
175,-339,6,-7,-1120,10000,196,-338
174,-339,6,-7,-1121,10000,195,-338
174,-340,6,-7,-1121,10000,195,-339
174,-342,7,-6,-1121,10000,192,-340
175,-343,7,-6,-1122,10000,194,-341
175,-343,7,-6,-1122,10000,196,-341
175,-343,6,-7,-1121,10000,196,-341
175,-343,7,-6,-1121,10000,192,-341
175,-343,8,-5,-1121,10000,194,-341
177,-342,10,-4,-1122,10000,195,-340
178,-341,10,-3,-1122,10000,196,-339
179,-341,10,-4,-1122,10000,197,-339
178,-341,10,-4,-1121,10000,196,-339
178,-342,10,-4,-1121,10000,196,-340
178,-342,10,-4,-1120,10000,196,-340
179,-341,9,-3,-1120,10000,197,-339
180,-341,10,-4,-1119,10000,197,-339
180,-341,11,-5,-1119,10000,200,-336
180,-341,12,-6,-1119,10000,200,-336
179,-341,13,-7,-1120,10000,200,-336
180,-341,12,-9,-1119,10000,202,-336
180,-341,10,-10,-1119,10000,203,-336
180,-341,8,-9,-1119,10000,200,-339
179,-339,7,-8,-1119,10000,200,-338
178,-337,6,-7,-1119,10000,198,-335
177,-337,6,-7,-1119,10000,195,-335
178,-337,6,-7,-1119,10000,198,-335
178,-338,6,-7,-1119,10000,198,-336
178,-338,6,-7,-1119,10000,198,-335
178,-337,6,-7,-1119,10000,198,-334
178,-336,6,-7,-1119,10000,198,-334
179,-336,6,-7,-1119,10000,200,-333
178,-336,6,-7,-1119,10000,198,-334
177,-336,6,-7,-1119,10000,197,-334
177,-336,7,-7,-1119,10000,197,-334
177,-337,7,-6,-1119,10000,195,-335
178,-338,7,-5,-1119,10000,196,-335
178,-338,6,-5,-1119,10000,196,-336
178,-338,6,-3,-1119,10000,196,-338
177,-337,6,-2,-1119,10000,192,-338
177,-336,6,0,-1119,10000,192,-336
177,-336,7,0,-1119,10000,192,-336
177,-336,7,-1,-1119,10000,192,-334
177,-336,9,-3,-1119,10000,195,-334
177,-336,10,-4,-1119,10000,195,-334
178,-338,10,-4,-1119,10000,196,-335
179,-339,10,-4,-1119,10000,197,-338
180,-341,10,-4,-1119,10000,197,-339
180,-341,10,-4,-1119,10000,197,-339
180,-341,10,-4,-1119,10000,197,-339
180,-341,10,-4,-1119,10000,197,-339
180,-341,10,-4,-1119,10000,197,-339
180,-341,10,-4,-1119,10000,197,-339
180,-341,10,-3,-1119,10000,197,-339
180,-341,10,-4,-1119,10000,197,-339
180,-341,10,-4,-1119,10000,197,-339
180,-341,10,-4,-1119,10000,197,-339
180,-341,10,-4,-1119,10000,197,-339
180,-341,10,-4,-1119,10000,197,-339
180,-341,9,-4,-1119,10000,197,-339
180,-341,8,-4,-1119,10000,197,-339
180,-341,9,-5,-1119,10000,197,-339
180,-341,10,-5,-1119,10000,200,-339
180,-341,11,-7,-1119,10000,200,-336
180,-341,12,-8,-1119,10000,202,-336
180,-341,12,-9,-1119,10000,202,-336
180,-341,12,-8,-1119,10000,200,-336
180,-341,12,-6,-1119,10000,200,-336
179,-341,11,-5,-1119,10000,200,-336
179,-339,10,-5,-1119,10000,200,-338
179,-338,9,-7,-1119,10000,200,-336
178,-339,10,-8,-1119,10000,198,-334
177,-340,10,-8,-1119,10000,197,-335
176,-342,11,-7,-1119,10000,196,-338
176,-342,11,-5,-1119,10000,197,-338
177,-341,10,-4,-1119,10000,196,-339
178,-340,10,-3,-1119,10000,196,-338
178,-340,10,-4,-1119,10000,196,-338
177,-339,10,-4,-1119,10000,195,-338
176,-339,10,-4,-1119,10000,194,-338
176,-339,10,-4,-1119,10000,194,-338
177,-340,10,-4,-1119,10000,195,-338
178,-341,10,-4,-1119,10000,196,-339
178,-341,10,-4,-1119,10000,196,-339
178,-340,10,-3,-1120,10000,196,-338
178,-338,10,-3,-1119,10000,196,-336
177,-337,10,-4,-1119,10000,195,-335
176,-337,8,-5,-1119,10000,194,-335
176,-339,7,-6,-1120,10000,194,-336
177,-340,7,-6,-1121,10000,195,-338
179,-341,8,-5,-1121,10000,197,-339
180,-341,10,-4,-1120,10000,198,-339
180,-341,10,-3,-1120,10000,198,-339
178,-342,9,-4,-1119,10000,196,-340
175,-341,8,-5,-1120,10000,194,-339
173,-340,8,-5,-1122,10000,191,-338
174,-339,8,-5,-1122,10000,192,-336
177,-338,8,-5,-1122,10000,195,-336
178,-338,9,-4,-1122,10000,196,-336
178,-338,9,-4,-1122,10000,196,-335
177,-337,9,-4,-1122,10000,195,-335
175,-338,8,-5,-1122,10000,192,-335
174,-338,8,-6,-1120,10000,194,-336
174,-338,7,-7,-1120,10000,194,-336
174,-338,6,-7,-1119,10000,195,-336
176,-338,6,-7,-1119,10000,196,-335
177,-338,6,-7,-1119,10000,198,-335
179,-338,6,-7,-1120,10000,200,-336
179,-339,7,-8,-1119,10000,200,-336
179,-340,8,-10,-1119,10000,202,-338
179,-341,9,-11,-1119,10000,202,-336
180,-341,9,-11,-1119,10000,202,-336
180,-341,8,-10,-1119,10000,202,-339
180,-341,8,-9,-1119,10000,200,-339
180,-341,8,-7,-1119,10000,200,-339
180,-341,9,-7,-1119,10000,200,-339
180,-341,9,-7,-1119,10000,200,-339
180,-341,9,-8,-1119,10000,200,-339
180,-341,10,-9,-1120,10000,202,-336
179,-341,11,-9,-1120,10000,202,-336
179,-341,11,-7,-1119,10000,200,-336
180,-341,11,-5,-1119,10000,200,-336
180,-341,11,-5,-1119,10000,200,-336
180,-341,12,-6,-1121,10000,200,-336
179,-341,13,-7,-1123,10000,200,-336
178,-341,13,-8,-1124,10000,201,-336
178,-342,13,-7,-1124,10000,198,-336
178,-341,13,-7,-1123,10000,198,-336
179,-341,13,-7,-1122,10000,200,-336
178,-341,13,-7,-1123,10000,198,-336
178,-342,13,-7,-1123,10000,198,-336
178,-341,13,-7,-1123,10000,198,-336
179,-341,13,-7,-1123,10000,200,-336
180,-341,13,-7,-1123,10000,200,-336
180,-341,13,-7,-1123,10000,200,-336
180,-341,13,-7,-1124,10000,200,-336
179,-341,13,-7,-1125,10000,200,-336
179,-341,13,-7,-1124,10000,200,-336
180,-341,13,-7,-1123,10000,200,-336
180,-341,13,-7,-1121,10000,200,-336
180,-341,13,-7,-1119,10000,200,-336
180,-341,13,-7,-1119,10000,200,-336
180,-341,13,-7,-1119,10000,200,-336
180,-341,12,-8,-1120,10000,202,-336
180,-341,11,-9,-1120,10000,202,-336
180,-341,12,-8,-1119,10000,200,-336
179,-341,13,-7,-1119,10000,200,-336
180,-341,13,-7,-1119,10000,200,-336
180,-341,12,-8,-1119,10000,200,-336
180,-341,10,-10,-1119,10000,202,-336
179,-341,10,-10,-1119,10000,202,-336
179,-341,10,-10,-1119,10000,202,-336
180,-340,10,-9,-1119,10000,203,-335
180,-340,11,-10,-1119,10000,203,-335
181,-340,10,-10,-1119,10000,205,-335
180,-340,9,-10,-1119,10000,203,-335
180,-340,9,-11,-1119,10000,203,-335
179,-341,9,-11,-1119,10000,202,-336
179,-341,9,-11,-1119,10000,202,-336
180,-341,9,-10,-1119,10000,202,-336
180,-341,9,-9,-1119,10000,200,-336
180,-341,11,-7,-1119,10000,200,-336
179,-341,12,-7,-1119,10000,200,-336
180,-341,12,-6,-1119,10000,200,-336
180,-341,11,-5,-1119,10000,200,-336
180,-341,10,-4,-1119,10000,197,-339
180,-341,9,-3,-1119,10000,197,-339
180,-341,10,-4,-1119,10000,197,-339
180,-341,10,-4,-1119,10000,197,-339
180,-341,10,-4,-1119,10000,197,-339
180,-341,10,-4,-1119,10000,197,-339
180,-341,10,-4,-1120,10000,197,-339
180,-341,10,-4,-1120,10000,197,-339
180,-341,10,-4,-1119,10000,197,-339
180,-341,10,-4,-1119,10000,197,-339
179,-340,10,-4,-1119,10000,197,-339
179,-339,10,-4,-1121,10000,197,-338
179,-339,10,-4,-1123,10000,197,-338
179,-339,10,-4,-1124,10000,197,-338
179,-340,10,-4,-1123,10000,197,-339
180,-341,10,-4,-1123,10000,197,-339
180,-341,10,-4,-1122,10000,197,-339
180,-341,10,-4,-1123,10000,197,-339
180,-341,10,-4,-1123,10000,197,-339
180,-341,10,-4,-1123,10000,197,-339
180,-341,10,-4,-1122,10000,198,-339
180,-341,10,-3,-1122,10000,197,-339
179,-339,10,-4,-1123,10000,197,-338
178,-338,10,-4,-1124,10000,196,-335
178,-338,10,-4,-1124,10000,196,-335
179,-339,10,-3,-1125,10000,197,-338
180,-341,10,-4,-1124,10000,197,-339
180,-341,10,-4,-1124,10000,198,-339
180,-341,9,-5,-1123,10000,197,-339
180,-341,8,-5,-1122,10000,197,-339
180,-341,8,-5,-1121,10000,197,-339
180,-341,8,-6,-1122,10000,197,-339
180,-341,8,-7,-1123,10000,200,-339
180,-341,8,-7,-1123,10000,200,-339
180,-341,9,-8,-1121,10000,200,-339
180,-341,10,-8,-1120,10000,200,-336
180,-341,11,-9,-1119,10000,202,-336
180,-341,11,-9,-1119,10000,202,-336
180,-341,10,-9,-1119,10000,202,-336
180,-341,8,-10,-1119,10000,202,-339
180,-341,8,-10,-1120,10000,202,-339
180,-341,8,-10,-1120,10000,202,-339
180,-341,8,-9,-1121,10000,200,-339
179,-341,7,-8,-1122,10000,200,-339
179,-341,7,-8,-1123,10000,200,-339
180,-341,7,-8,-1124,10000,200,-339
180,-341,7,-8,-1124,10000,200,-339
180,-341,7,-7,-1124,10000,200,-339
179,-341,6,-7,-1124,10000,200,-339
178,-341,6,-7,-1124,10000,198,-339
178,-342,6,-7,-1124,10000,198,-340
178,-341,7,-6,-1124,10000,198,-339
179,-341,8,-6,-1124,10000,200,-339
180,-341,7,-6,-1124,10000,197,-339
180,-341,6,-7,-1124,10000,200,-339
180,-341,6,-7,-1124,10000,200,-339
179,-341,5,-7,-1124,10000,200,-339
179,-341,6,-7,-1124,10000,200,-339
180,-341,8,-6,-1124,10000,200,-339
180,-341,9,-5,-1124,10000,197,-339
180,-341,8,-5,-1124,10000,197,-339
180,-341,7,-6,-1124,10000,197,-339
180,-341,6,-7,-1124,10000,200,-339
180,-341,7,-7,-1123,10000,200,-339
180,-341,8,-7,-1123,10000,200,-339
180,-341,10,-6,-1123,10000,200,-339
180,-341,10,-5,-1122,10000,200,-339
180,-341,10,-6,-1121,10000,200,-336
180,-341,11,-7,-1120,10000,200,-336
180,-341,12,-8,-1119,10000,200,-336
180,-341,12,-9,-1119,10000,202,-336
180,-341,11,-9,-1120,10000,203,-336
180,-341,11,-9,-1120,10000,202,-336
179,-339,11,-9,-1119,10000,202,-335
178,-337,11,-9,-1119,10000,201,-333
177,-336,11,-9,-1119,10000,200,-332
177,-336,11,-9,-1119,10000,200,-332
178,-337,11,-9,-1119,10000,201,-333
178,-338,11,-9,-1119,10000,201,-334
178,-338,12,-8,-1119,10000,201,-333
177,-337,12,-8,-1119,10000,201,-333
177,-336,11,-8,-1119,10000,197,-332
177,-336,10,-7,-1119,10000,197,-332
177,-337,10,-6,-1119,10000,197,-332
177,-337,10,-5,-1119,10000,198,-334
177,-336,9,-4,-1119,10000,195,-334
177,-336,10,-3,-1119,10000,195,-334
177,-337,10,-3,-1119,10000,195,-335
178,-338,10,-4,-1119,10000,196,-335
178,-338,10,-4,-1120,10000,196,-336
178,-338,9,-4,-1119,10000,196,-335
177,-337,9,-4,-1119,10000,195,-335
177,-336,8,-5,-1119,10000,195,-334
177,-336,8,-5,-1120,10000,195,-334
177,-337,8,-5,-1121,10000,195,-334
177,-337,8,-5,-1121,10000,195,-334
177,-336,8,-6,-1121,10000,195,-334
177,-336,8,-5,-1120,10000,195,-334
177,-337,9,-4,-1119,10000,195,-335
178,-338,8,-4,-1119,10000,196,-336
179,-339,7,-6,-1119,10000,197,-338
179,-340,7,-8,-1120,10000,200,-338
179,-339,8,-10,-1119,10000,202,-338
176,-339,9,-11,-1119,10000,200,-334
175,-339,10,-11,-1119,10000,197,-334
175,-338,10,-10,-1119,10000,197,-334
176,-339,10,-10,-1119,10000,200,-334
177,-340,10,-9,-1119,10000,200,-335
177,-342,11,-9,-1119,10000,200,-338
176,-343,11,-9,-1119,10000,198,-339
176,-343,10,-9,-1119,10000,200,-338
178,-342,10,-10,-1120,10000,201,-336
180,-341,10,-10,-1120,10000,202,-336
180,-340,9,-10,-1119,10000,203,-335
180,-341,9,-11,-1119,10000,202,-336
179,-341,9,-10,-1119,10000,202,-336
179,-341,10,-10,-1121,10000,202,-336
179,-341,10,-10,-1123,10000,202,-336
180,-341,11,-9,-1124,10000,202,-336
180,-341,11,-9,-1125,10000,202,-336
180,-341,12,-8,-1124,10000,202,-336
180,-341,13,-7,-1123,10000,200,-336
180,-341,13,-7,-1122,10000,200,-336
180,-341,13,-7,-1123,10000,200,-336
180,-341,13,-7,-1124,10000,200,-336
180,-341,13,-7,-1125,10000,200,-336
180,-341,13,-7,-1124,10000,200,-336
180,-341,13,-7,-1123,10000,200,-336
179,-341,13,-7,-1122,10000,200,-336
179,-341,13,-8,-1122,10000,202,-336
180,-341,13,-7,-1122,10000,200,-336
180,-341,11,-6,-1123,10000,200,-336
179,-340,11,-5,-1123,10000,200,-335
178,-340,11,-5,-1123,10000,198,-335
177,-340,11,-6,-1123,10000,198,-335
177,-341,12,-8,-1123,10000,197,-336
178,-341,12,-9,-1123,10000,201,-336
179,-341,12,-8,-1123,10000,202,-336
180,-341,13,-7,-1123,10000,200,-336
180,-341,13,-7,-1121,10000,200,-336
180,-341,13,-7,-1119,10000,200,-336
179,-341,13,-7,-1119,10000,200,-336
179,-341,13,-7,-1119,10000,200,-336
179,-341,13,-7,-1120,10000,200,-336
179,-341,13,-7,-1120,10000,200,-336
180,-341,13,-7,-1119,10000,200,-336
180,-341,13,-7,-1119,10000,200,-336
179,-341,13,-7,-1119,10000,200,-336
178,-341,13,-7,-1119,10000,198,-336
177,-342,13,-7,-1119,10000,198,-338
177,-342,13,-7,-1119,10000,197,-338
178,-342,13,-7,-1119,10000,198,-338
178,-341,13,-7,-1119,10000,198,-336
177,-341,13,-7,-1119,10000,197,-336
176,-340,13,-7,-1119,10000,196,-335
176,-341,13,-7,-1119,10000,196,-336
177,-342,13,-7,-1119,10000,197,-338
177,-343,13,-7,-1119,10000,197,-339
176,-343,13,-7,-1119,10000,196,-339
175,-343,13,-7,-1119,10000,195,-339
175,-343,13,-7,-1119,10000,195,-339
176,-343,13,-7,-1119,10000,196,-339
177,-343,13,-7,-1119,10000,197,-338
177,-343,13,-7,-1119,10000,197,-338
176,-343,13,-8,-1119,10000,200,-338
175,-342,12,-9,-1119,10000,197,-336
174,-339,11,-9,-1119,10000,197,-335
176,-337,10,-7,-1119,10000,196,-333
177,-336,10,-5,-1119,10000,197,-332
178,-336,11,-5,-1119,10000,198,-332
178,-336,12,-6,-1119,10000,198,-332
177,-337,13,-8,-1119,10000,200,-333
176,-337,13,-8,-1119,10000,198,-333
175,-337,12,-7,-1119,10000,196,-333
176,-337,10,-4,-1119,10000,194,-333
177,-337,10,-4,-1119,10000,195,-335
177,-336,10,-5,-1119,10000,195,-332
177,-336,11,-5,-1119,10000,197,-332
177,-336,10,-4,-1119,10000,195,-332
177,-337,10,-4,-1119,10000,195,-335
177,-338,10,-5,-1119,10000,195,-333
178,-338,11,-6,-1119,10000,198,-333
178,-338,13,-7,-1119,10000,198,-333
178,-338,14,-8,-1119,10000,201,-333
178,-338,13,-8,-1119,10000,201,-334
178,-339,12,-8,-1119,10000,201,-334
178,-339,10,-8,-1119,10000,198,-334
179,-339,8,-7,-1119,10000,200,-336
179,-339,7,-6,-1119,10000,197,-338
179,-340,7,-6,-1119,10000,197,-339
180,-341,6,-7,-1119,10000,200,-339
180,-341,7,-8,-1119,10000,200,-339
180,-341,8,-10,-1119,10000,202,-339
179,-341,9,-10,-1119,10000,202,-336
179,-341,10,-11,-1119,10000,202,-336
179,-341,10,-10,-1119,10000,202,-336
180,-341,9,-10,-1119,10000,202,-336
180,-341,9,-10,-1119,10000,203,-336
179,-341,9,-10,-1119,10000,202,-336
178,-341,10,-10,-1119,10000,201,-336
177,-342,9,-10,-1119,10000,200,-338
177,-344,9,-10,-1119,10000,200,-339
178,-345,9,-10,-1119,10000,201,-340
178,-347,9,-10,-1119,10000,201,-343
179,-347,9,-10,-1119,10000,202,-343
179,-347,9,-10,-1120,10000,202,-343
179,-346,9,-10,-1119,10000,202,-341
178,-347,9,-10,-1119,10000,201,-343
178,-348,9,-10,-1119,10000,201,-344
178,-348,9,-10,-1120,10000,201,-344
179,-346,9,-10,-1121,10000,202,-341
180,-345,9,-10,-1121,10000,202,-340
180,-344,9,-10,-1121,10000,203,-339
180,-343,9,-10,-1120,10000,202,-339
179,-343,9,-10,-1119,10000,202,-338
178,-342,9,-10,-1119,10000,201,-338
177,-342,9,-11,-1119,10000,200,-338
176,-343,9,-10,-1120,10000,200,-338
177,-342,10,-10,-1119,10000,200,-338
177,-342,11,-9,-1119,10000,201,-338
178,-341,11,-9,-1119,10000,201,-336
179,-341,12,-8,-1119,10000,202,-336
180,-341,13,-7,-1119,10000,200,-336
180,-341,12,-7,-1119,10000,200,-336
179,-341,11,-5,-1119,10000,200,-336
179,-341,11,-5,-1119,10000,200,-336
179,-341,11,-6,-1119,10000,200,-336
180,-341,12,-7,-1119,10000,200,-336
180,-341,13,-7,-1119,10000,200,-336
180,-341,12,-6,-1119,10000,200,-336
180,-341,11,-5,-1119,10000,200,-336
180,-341,10,-6,-1119,10000,200,-336
180,-341,11,-7,-1119,10000,200,-336
179,-341,10,-7,-1119,10000,200,-336
179,-341,10,-6,-1119,10000,200,-336
179,-341,8,-6,-1119,10000,200,-339
180,-341,8,-7,-1119,10000,200,-339
180,-341,8,-7,-1119,10000,200,-339
179,-341,10,-7,-1120,10000,200,-336
178,-341,11,-6,-1119,10000,198,-336
178,-342,12,-5,-1119,10000,198,-336
177,-342,11,-6,-1119,10000,197,-338
176,-343,10,-6,-1120,10000,197,-338
177,-342,9,-7,-1120,10000,197,-340
178,-342,10,-8,-1121,10000,198,-336
179,-341,10,-7,-1121,10000,200,-336
180,-341,10,-6,-1121,10000,201,-336
180,-341,11,-5,-1121,10000,201,-336
179,-341,10,-7,-1120,10000,200,-336
178,-339,10,-9,-1120,10000,201,-334
178,-338,10,-11,-1119,10000,201,-333
178,-338,9,-11,-1119,10000,201,-333
179,-339,9,-10,-1119,10000,202,-334
179,-341,9,-10,-1120,10000,202,-336
178,-341,9,-10,-1119,10000,201,-336
176,-341,9,-11,-1119,10000,198,-336
174,-341,9,-11,-1119,10000,197,-336
173,-341,9,-10,-1119,10000,196,-336
174,-341,10,-10,-1119,10000,197,-336
173,-340,12,-8,-1119,10000,194,-335
173,-339,13,-7,-1119,10000,194,-335
174,-340,13,-7,-1120,10000,194,-335
173,-340,13,-7,-1119,10000,194,-336
174,-340,13,-7,-1119,10000,194,-335
173,-339,13,-7,-1119,10000,194,-334
173,-339,13,-7,-1120,10000,194,-334
173,-340,13,-7,-1121,10000,194,-335
174,-342,13,-7,-1121,10000,195,-338
175,-343,13,-7,-1121,10000,196,-339
176,-343,13,-7,-1120,10000,196,-339
175,-343,13,-7,-1119,10000,196,-339
175,-343,13,-7,-1119,10000,196,-339
175,-343,13,-7,-1119,10000,196,-339
174,-342,12,-9,-1120,10000,197,-338
174,-341,12,-8,-1119,10000,197,-336
176,-341,12,-8,-1119,10000,198,-336
178,-341,13,-7,-1119,10000,198,-336
180,-341,12,-8,-1119,10000,202,-336
180,-341,11,-10,-1119,10000,203,-336
179,-339,9,-10,-1119,10000,202,-335
178,-338,8,-10,-1119,10000,201,-335
177,-336,7,-8,-1119,10000,197,-334
177,-336,6,-7,-1119,10000,197,-334
177,-336,6,-7,-1119,10000,195,-334
177,-337,6,-7,-1119,10000,197,-334
177,-337,6,-7,-1119,10000,198,-334
178,-336,6,-7,-1119,10000,198,-334
179,-335,6,-7,-1119,10000,200,-333
179,-335,6,-7,-1119,10000,200,-333
179,-336,6,-7,-1119,10000,200,-333
178,-336,6,-7,-1119,10000,198,-334
179,-336,6,-7,-1119,10000,200,-334
180,-335,6,-7,-1119,10000,201,-333
180,-335,6,-7,-1119,10000,201,-333
179,-336,6,-7,-1119,10000,200,-333
178,-338,6,-7,-1119,10000,198,-335
178,-340,6,-7,-1119,10000,198,-338
179,-341,6,-7,-1119,10000,200,-339
179,-340,6,-7,-1119,10000,200,-338
179,-339,7,-6,-1119,10000,197,-338
178,-338,9,-5,-1119,10000,196,-336
177,-338,9,-4,-1119,10000,195,-335
177,-337,9,-4,-1119,10000,195,-334
177,-336,8,-5,-1119,10000,195,-334
177,-336,10,-6,-1119,10000,197,-334
177,-337,12,-7,-1119,10000,197,-332
178,-338,13,-7,-1119,10000,198,-333
178,-339,12,-6,-1119,10000,198,-334
178,-339,11,-5,-1119,10000,198,-334
178,-339,11,-5,-1119,10000,198,-334
177,-339,12,-6,-1119,10000,197,-335
177,-341,13,-7,-1119,10000,197,-336
178,-341,12,-7,-1119,10000,198,-336
179,-341,12,-6,-1119,10000,200,-336
180,-341,12,-6,-1119,10000,201,-336
180,-340,13,-7,-1119,10000,201,-335
179,-341,13,-7,-1119,10000,200,-336
179,-341,13,-7,-1119,10000,200,-336
179,-341,13,-7,-1119,10000,200,-336
180,-340,12,-8,-1120,10000,203,-335
183,-339,12,-8,-1119,10000,206,-334
184,-339,11,-9,-1119,10000,207,-334
184,-338,12,-8,-1119,10000,207,-333
184,-338,12,-8,-1120,10000,205,-334
184,-339,12,-8,-1121,10000,207,-334
184,-339,11,-9,-1121,10000,207,-334
184,-339,10,-9,-1121,10000,207,-334
184,-338,9,-10,-1120,10000,207,-333
184,-339,9,-11,-1119,10000,207,-334
184,-339,9,-10,-1119,10000,207,-334
184,-339,9,-10,-1119,10000,207,-334
184,-338,9,-10,-1120,10000,207,-333
184,-338,9,-10,-1121,10000,207,-333
183,-339,9,-10,-1121,10000,206,-334
183,-339,9,-10,-1121,10000,206,-334
182,-339,9,-10,-1120,10000,205,-335
182,-339,9,-10,-1119,10000,206,-334
184,-339,9,-10,-1119,10000,207,-334
184,-338,9,-10,-1119,10000,207,-333
184,-338,9,-10,-1120,10000,207,-333
183,-339,9,-10,-1119,10000,206,-334
181,-340,9,-10,-1119,10000,203,-335
180,-341,9,-10,-1119,10000,202,-336
179,-341,10,-10,-1119,10000,202,-336
179,-340,9,-10,-1119,10000,202,-335
179,-339,9,-10,-1119,10000,202,-334
179,-339,10,-10,-1119,10000,202,-335
179,-340,10,-10,-1119,10000,202,-335
180,-341,11,-9,-1119,10000,202,-336
180,-341,10,-9,-1119,10000,202,-336
179,-340,9,-9,-1119,10000,200,-338
179,-339,8,-10,-1119,10000,200,-338
179,-339,8,-10,-1119,10000,202,-338
179,-339,9,-10,-1119,10000,202,-335
179,-339,10,-9,-1119,10000,202,-334
178,-338,11,-8,-1119,10000,198,-333
178,-338,10,-7,-1119,10000,198,-334
178,-339,10,-6,-1119,10000,198,-334
179,-341,10,-6,-1119,10000,200,-336
180,-341,11,-6,-1119,10000,201,-336
180,-341,12,-6,-1119,10000,200,-336
179,-341,12,-7,-1119,10000,200,-336
178,-341,13,-7,-1119,10000,198,-336
177,-342,12,-7,-1119,10000,198,-338
177,-342,12,-6,-1119,10000,197,-338
177,-342,12,-6,-1119,10000,198,-338
178,-341,13,-7,-1119,10000,198,-336
179,-341,13,-7,-1119,10000,200,-336
179,-341,13,-7,-1119,10000,200,-336
179,-341,13,-7,-1119,10000,200,-336
178,-342,13,-7,-1119,10000,198,-336
177,-342,13,-7,-1119,10000,197,-338
176,-343,13,-7,-1119,10000,196,-339
175,-343,13,-7,-1119,10000,196,-339
175,-343,13,-7,-1119,10000,196,-339
176,-341,13,-7,-1119,10000,196,-336
177,-339,13,-7,-1119,10000,197,-334
177,-336,13,-7,-1119,10000,197,-332
177,-336,13,-7,-1119,10000,197,-332
177,-336,13,-7,-1119,10000,197,-332
177,-337,13,-7,-1119,10000,197,-332
177,-337,13,-7,-1119,10000,197,-332
177,-336,13,-7,-1120,10000,197,-332
177,-336,13,-7,-1119,10000,197,-332
177,-336,13,-7,-1119,10000,197,-332
177,-336,13,-7,-1119,10000,197,-332
177,-336,13,-7,-1120,10000,197,-332
177,-336,13,-7,-1120,10000,197,-332
177,-337,13,-7,-1121,10000,197,-332
177,-336,13,-7,-1122,10000,197,-332
177,-336,13,-7,-1123,10000,197,-332
177,-336,13,-7,-1124,10000,197,-332
178,-336,13,-7,-1124,10000,198,-332
179,-337,13,-7,-1124,10000,198,-333
180,-338,13,-7,-1124,10000,200,-333
180,-338,12,-6,-1124,10000,201,-334
181,-339,11,-6,-1124,10000,201,-334
181,-340,12,-7,-1124,10000,201,-335
180,-340,13,-7,-1124,10000,201,-335
180,-341,13,-7,-1124,10000,201,-336
180,-340,11,-8,-1124,10000,201,-335
181,-340,9,-8,-1124,10000,201,-338
182,-339,9,-8,-1124,10000,202,-334
183,-339,11,-8,-1124,10000,203,-334
184,-339,13,-7,-1124,10000,205,-334
184,-340,13,-7,-1124,10000,205,-335
185,-340,12,-8,-1124,10000,208,-335
184,-340,10,-10,-1124,10000,207,-335
184,-339,9,-11,-1123,10000,207,-334
184,-338,9,-11,-1122,10000,207,-333
184,-338,10,-10,-1123,10000,207,-333
184,-339,12,-8,-1124,10000,205,-334
184,-339,13,-7,-1125,10000,205,-334
184,-338,14,-7,-1125,10000,207,-333
184,-339,13,-7,-1124,10000,205,-334
183,-339,11,-6,-1123,10000,203,-334
180,-340,11,-5,-1122,10000,201,-335
180,-341,11,-5,-1122,10000,200,-336
179,-341,12,-6,-1122,10000,200,-336
180,-341,12,-6,-1122,10000,200,-336
180,-341,10,-6,-1121,10000,200,-336
180,-341,8,-6,-1120,10000,200,-339
179,-339,7,-6,-1119,10000,197,-338
178,-338,7,-6,-1119,10000,198,-335
177,-336,7,-6,-1119,10000,197,-334
177,-336,8,-6,-1120,10000,195,-334
177,-336,9,-5,-1119,10000,195,-334
177,-337,9,-4,-1119,10000,195,-334
177,-337,9,-4,-1119,10000,195,-334
177,-336,9,-4,-1119,10000,195,-334
177,-336,9,-4,-1119,10000,195,-334
177,-336,9,-4,-1119,10000,195,-334
177,-336,9,-4,-1119,10000,195,-334
177,-336,8,-5,-1119,10000,195,-334
177,-336,9,-4,-1119,10000,195,-334
177,-336,9,-4,-1119,10000,195,-334
177,-336,10,-3,-1119,10000,195,-334
177,-336,10,-3,-1119,10000,195,-334
177,-336,10,-3,-1119,10000,195,-334
177,-337,9,-4,-1119,10000,195,-334
177,-337,9,-4,-1119,10000,195,-334
177,-336,8,-5,-1119,10000,195,-334
177,-336,8,-6,-1119,10000,195,-334
177,-336,8,-6,-1119,10000,195,-334
178,-338,8,-5,-1119,10000,196,-335
179,-339,8,-5,-1119,10000,197,-338
180,-341,8,-6,-1119,10000,197,-339
180,-341,7,-7,-1119,10000,200,-339
180,-341,7,-9,-1119,10000,200,-339
180,-341,8,-9,-1119,10000,200,-339
180,-341,10,-9,-1119,10000,202,-336
180,-341,10,-9,-1119,10000,202,-336
179,-340,11,-10,-1119,10000,202,-335
179,-340,10,-10,-1119,10000,202,-335
180,-341,9,-11,-1119,10000,203,-336
180,-342,8,-11,-1119,10000,203,-338
180,-343,8,-10,-1119,10000,203,-340
180,-342,9,-8,-1119,10000,201,-338
180,-341,11,-7,-1119,10000,201,-336
179,-340,12,-7,-1119,10000,200,-335
179,-340,12,-8,-1119,10000,202,-335
180,-341,12,-9,-1119,10000,202,-336
180,-341,12,-8,-1119,10000,202,-336
180,-341,13,-7,-1120,10000,200,-336
180,-341,13,-7,-1119,10000,200,-336
180,-341,13,-7,-1119,10000,200,-336
180,-341,13,-7,-1119,10000,200,-336
180,-341,13,-7,-1120,10000,200,-336
180,-341,13,-7,-1120,10000,200,-336
180,-341,13,-7,-1121,10000,200,-336
180,-341,13,-7,-1122,10000,200,-336
180,-341,13,-8,-1123,10000,202,-336
180,-341,13,-7,-1123,10000,200,-336
180,-341,12,-7,-1123,10000,200,-336
179,-340,10,-5,-1123,10000,197,-335
179,-340,10,-4,-1122,10000,197,-338
179,-339,9,-3,-1122,10000,197,-338
178,-338,10,-4,-1123,10000,196,-336
177,-338,10,-4,-1124,10000,195,-335
177,-337,10,-4,-1124,10000,195,-335
177,-336,10,-4,-1124,10000,195,-334
177,-336,10,-4,-1123,10000,195,-334
178,-336,10,-4,-1122,10000,196,-334
179,-336,10,-4,-1121,10000,196,-334
179,-336,10,-4,-1120,10000,197,-333
179,-336,10,-4,-1120,10000,197,-333
179,-336,10,-4,-1119,10000,196,-333
178,-336,10,-4,-1119,10000,196,-334
177,-336,10,-5,-1119,10000,195,-332
178,-336,11,-5,-1120,10000,198,-332
180,-335,10,-5,-1119,10000,198,-330
181,-334,11,-5,-1119,10000,201,-329
182,-334,12,-6,-1119,10000,202,-329
181,-334,13,-7,-1119,10000,202,-329
181,-335,13,-8,-1119,10000,205,-329
182,-336,13,-7,-1119,10000,202,-330
182,-336,12,-7,-1119,10000,202,-332
182,-336,11,-6,-1119,10000,203,-330
182,-335,12,-7,-1119,10000,202,-330
182,-335,13,-7,-1119,10000,202,-330
182,-336,13,-7,-1119,10000,202,-332
183,-337,13,-7,-1119,10000,203,-333
183,-338,13,-7,-1119,10000,203,-333
184,-338,13,-7,-1119,10000,205,-334
184,-339,13,-7,-1119,10000,205,-334
184,-339,13,-7,-1119,10000,205,-334
184,-339,13,-7,-1119,10000,205,-334
184,-339,13,-7,-1119,10000,205,-334
184,-339,13,-7,-1119,10000,205,-334
184,-338,13,-7,-1119,10000,205,-334
184,-339,13,-7,-1119,10000,205,-334
184,-339,13,-7,-1119,10000,205,-334
184,-339,13,-7,-1119,10000,205,-334
184,-338,13,-7,-1119,10000,205,-334
184,-338,12,-8,-1119,10000,205,-334
184,-339,11,-9,-1119,10000,207,-334
183,-339,12,-8,-1119,10000,203,-334
180,-340,13,-7,-1119,10000,201,-335
180,-341,13,-7,-1119,10000,200,-336
179,-341,13,-7,-1119,10000,200,-336
179,-341,13,-7,-1119,10000,200,-336
180,-341,13,-7,-1119,10000,200,-336
180,-341,13,-7,-1119,10000,200,-336
180,-341,13,-7,-1119,10000,200,-336
180,-341,13,-7,-1119,10000,200,-336
180,-341,13,-7,-1119,10000,201,-336
180,-341,13,-7,-1119,10000,200,-336
179,-339,13,-7,-1119,10000,200,-334
178,-338,13,-7,-1119,10000,198,-333
178,-338,13,-8,-1119,10000,201,-333
179,-339,13,-7,-1119,10000,200,-334
180,-341,12,-6,-1119,10000,200,-336
180,-341,10,-5,-1119,10000,201,-336
180,-341,10,-6,-1119,10000,200,-339
180,-341,10,-7,-1119,10000,200,-336
180,-341,12,-8,-1119,10000,200,-336
180,-341,12,-8,-1119,10000,202,-336
180,-341,12,-8,-1119,10000,202,-336
180,-341,12,-8,-1119,10000,200,-336
180,-341,12,-8,-1120,10000,202,-336
180,-341,12,-8,-1119,10000,202,-336
180,-341,12,-8,-1119,10000,200,-336
180,-341,12,-8,-1119,10000,202,-336
180,-341,12,-8,-1120,10000,200,-336
180,-341,13,-8,-1121,10000,202,-336
180,-341,13,-7,-1121,10000,200,-336
179,-341,13,-7,-1121,10000,200,-336
179,-341,12,-7,-1120,10000,200,-336
180,-341,10,-5,-1119,10000,197,-336
180,-341,10,-4,-1119,10000,197,-339
180,-341,10,-3,-1119,10000,197,-339
179,-341,10,-4,-1120,10000,197,-339
178,-342,9,-3,-1119,10000,196,-340
178,-342,10,-4,-1119,10000,196,-340
178,-341,11,-5,-1119,10000,198,-336
179,-341,12,-7,-1119,10000,200,-336
178,-341,13,-7,-1119,10000,198,-336
177,-342,12,-7,-1119,10000,197,-338
175,-343,11,-5,-1119,10000,196,-339
175,-343,9,-3,-1119,10000,194,-341
175,-343,9,-3,-1119,10000,192,-340
174,-342,10,-4,-1119,10000,192,-340
174,-341,11,-5,-1119,10000,195,-336
175,-342,11,-6,-1119,10000,195,-338
175,-343,10,-5,-1119,10000,192,-339
175,-342,10,-4,-1119,10000,192,-340
174,-340,9,-3,-1119,10000,191,-339
173,-339,10,-4,-1119,10000,191,-336
173,-339,10,-5,-1119,10000,190,-334
172,-339,11,-5,-1119,10000,192,-334
173,-339,10,-5,-1119,10000,191,-334
174,-338,10,-4,-1119,10000,192,-336
176,-337,10,-5,-1119,10000,194,-333
177,-336,11,-5,-1119,10000,197,-332
177,-336,11,-5,-1119,10000,197,-332
177,-336,10,-4,-1119,10000,195,-334
177,-336,10,-4,-1119,10000,195,-334
177,-336,10,-3,-1119,10000,195,-334
177,-336,10,-3,-1119,10000,195,-334
177,-336,10,-3,-1119,10000,195,-334
177,-336,10,-4,-1119,10000,195,-334
177,-336,10,-5,-1119,10000,197,-334
177,-337,10,-6,-1119,10000,197,-332
177,-337,10,-7,-1119,10000,197,-332
177,-336,11,-8,-1119,10000,197,-332
177,-336,12,-8,-1119,10000,197,-332
177,-337,12,-8,-1119,10000,200,-332
178,-338,12,-9,-1119,10000,201,-334
179,-339,11,-9,-1119,10000,202,-334
180,-339,10,-8,-1119,10000,201,-334
180,-338,8,-6,-1119,10000,201,-336
180,-338,9,-4,-1119,10000,197,-335
179,-339,10,-4,-1119,10000,196,-334
179,-339,12,-6,-1119,10000,200,-335
179,-339,12,-8,-1119,10000,202,-335
179,-339,11,-10,-1119,10000,202,-335
179,-340,10,-11,-1119,10000,202,-335
180,-340,9,-10,-1119,10000,202,-335
181,-340,8,-10,-1119,10000,201,-338
181,-340,8,-9,-1119,10000,202,-338
180,-340,9,-9,-1119,10000,201,-335
180,-340,10,-9,-1119,10000,203,-335
179,-341,11,-10,-1119,10000,202,-336
179,-341,10,-10,-1119,10000,202,-336
180,-341,11,-9,-1119,10000,202,-336
180,-341,12,-9,-1119,10000,202,-336
179,-341,13,-8,-1119,10000,202,-336
179,-339,13,-7,-1119,10000,200,-335
178,-338,12,-6,-1119,10000,198,-333
178,-336,11,-5,-1119,10000,198,-332
179,-335,10,-5,-1119,10000,196,-330
178,-336,11,-5,-1119,10000,198,-332
178,-336,11,-5,-1119,10000,198,-332
177,-336,10,-4,-1119,10000,195,-334
177,-336,10,-4,-1119,10000,195,-334
177,-337,10,-4,-1119,10000,195,-334
178,-337,10,-4,-1119,10000,196,-335
178,-338,10,-4,-1119,10000,196,-336
178,-339,10,-4,-1119,10000,196,-338
179,-340,10,-4,-1119,10000,197,-338
179,-340,10,-4,-1119,10000,197,-339
180,-341,10,-4,-1119,10000,197,-339
180,-341,10,-4,-1119,10000,198,-339
180,-341,10,-4,-1119,10000,198,-339
179,-340,9,-3,-1119,10000,197,-339
179,-339,10,-4,-1119,10000,197,-338
178,-338,10,-5,-1119,10000,196,-333
178,-338,12,-7,-1119,10000,198,-334
178,-339,13,-7,-1119,10000,198,-334
179,-340,13,-8,-1119,10000,202,-335
179,-339,13,-7,-1119,10000,200,-335
179,-338,13,-7,-1119,10000,200,-334
178,-338,13,-7,-1119,10000,198,-333
177,-339,13,-7,-1119,10000,197,-334
175,-339,13,-7,-1119,10000,195,-335
174,-340,13,-7,-1119,10000,194,-335
173,-341,13,-7,-1119,10000,194,-336
174,-342,13,-7,-1119,10000,195,-338
174,-342,13,-7,-1119,10000,195,-338
174,-342,13,-7,-1119,10000,195,-338
175,-342,12,-8,-1119,10000,197,-338
175,-343,10,-10,-1119,10000,198,-339
175,-343,10,-10,-1119,10000,198,-339
175,-343,10,-10,-1119,10000,198,-339
176,-343,10,-9,-1119,10000,200,-338
177,-342,10,-10,-1119,10000,200,-338
178,-342,10,-10,-1119,10000,201,-336
178,-341,10,-10,-1119,10000,201,-336
179,-341,12,-8,-1119,10000,200,-336
180,-341,13,-7,-1119,10000,201,-336
180,-342,13,-7,-1119,10000,201,-338
180,-343,12,-8,-1119,10000,201,-338
180,-342,11,-9,-1119,10000,203,-338
180,-341,12,-8,-1119,10000,202,-336
179,-340,13,-7,-1119,10000,200,-335
179,-340,13,-7,-1119,10000,200,-335
180,-341,13,-7,-1119,10000,200,-336
180,-341,13,-7,-1119,10000,200,-336
180,-341,13,-7,-1119,10000,200,-336
180,-341,13,-7,-1119,10000,200,-336
180,-341,13,-7,-1119,10000,200,-336
180,-341,13,-7,-1119,10000,200,-336
180,-341,13,-7,-1119,10000,200,-336
179,-341,13,-7,-1119,10000,200,-336
180,-341,13,-7,-1119,10000,200,-336
180,-341,13,-7,-1119,10000,200,-336
180,-341,13,-7,-1119,10000,200,-336
179,-341,13,-7,-1119,10000,200,-336
180,-341,13,-7,-1119,10000,200,-336
180,-341,13,-7,-1119,10000,201,-336
180,-340,13,-7,-1119,10000,201,-335
180,-339,13,-7,-1119,10000,201,-334
179,-337,13,-7,-1119,10000,200,-333
178,-336,13,-7,-1119,10000,198,-332
177,-336,13,-7,-1119,10000,197,-332
177,-336,13,-7,-1119,10000,197,-332
177,-336,13,-7,-1119,10000,197,-332
177,-337,13,-7,-1119,10000,197,-333
178,-338,13,-7,-1119,10000,198,-333
178,-338,13,-7,-1119,10000,198,-333
178,-338,12,-8,-1119,10000,201,-333
178,-338,11,-9,-1119,10000,201,-333
179,-339,10,-10,-1119,10000,202,-335
179,-340,10,-9,-1119,10000,202,-335
180,-341,10,-10,-1119,10000,202,-336
180,-341,10,-10,-1119,10000,202,-336
180,-341,9,-10,-1119,10000,202,-336
180,-341,9,-10,-1119,10000,202,-336
180,-341,9,-10,-1119,10000,202,-336
179,-340,9,-10,-1119,10000,202,-335
179,-340,9,-10,-1119,10000,202,-335
180,-341,9,-10,-1119,10000,203,-336
180,-342,9,-11,-1119,10000,203,-338
180,-343,9,-10,-1119,10000,203,-338
180,-342,10,-9,-1119,10000,203,-338
180,-341,12,-8,-1119,10000,200,-336
179,-340,13,-7,-1119,10000,200,-335
179,-340,12,-8,-1119,10000,202,-335
180,-341,12,-8,-1119,10000,202,-336
180,-341,12,-8,-1119,10000,202,-336
179,-341,13,-7,-1119,10000,200,-336
180,-340,13,-7,-1119,10000,201,-335
180,-340,13,-7,-1119,10000,201,-335
181,-340,13,-7,-1119,10000,202,-335
181,-340,13,-7,-1119,10000,201,-335
180,-340,13,-7,-1119,10000,201,-335
179,-341,13,-7,-1119,10000,200,-336
179,-341,13,-7,-1119,10000,200,-336
180,-341,13,-7,-1119,10000,201,-336
180,-342,13,-7,-1119,10000,201,-338
180,-343,12,-8,-1119,10000,201,-338
180,-342,11,-9,-1119,10000,203,-338
180,-341,11,-9,-1119,10000,203,-336
179,-340,11,-9,-1119,10000,202,-335
179,-341,11,-9,-1119,10000,202,-336
179,-341,10,-9,-1119,10000,202,-336
180,-341,10,-9,-1119,10000,202,-336
180,-340,10,-9,-1119,10000,203,-335
182,-339,10,-10,-1119,10000,205,-335
182,-339,10,-10,-1119,10000,205,-335
181,-340,11,-9,-1119,10000,205,-335
180,-340,12,-8,-1119,10000,203,-335
180,-340,12,-8,-1119,10000,203,-335
180,-340,12,-9,-1119,10000,203,-335
181,-340,11,-10,-1119,10000,205,-335
181,-340,10,-10,-1119,10000,203,-335
180,-340,9,-10,-1119,10000,203,-335
179,-341,8,-10,-1119,10000,202,-339
179,-341,8,-9,-1119,10000,200,-339
180,-340,8,-9,-1119,10000,201,-338
183,-339,8,-9,-1119,10000,203,-336
184,-338,8,-10,-1119,10000,207,-336
184,-338,8,-10,-1119,10000,207,-336
184,-339,8,-9,-1119,10000,205,-336
183,-339,8,-7,-1119,10000,203,-336
182,-339,9,-5,-1119,10000,202,-338
181,-340,10,-5,-1119,10000,198,-335
180,-340,11,-5,-1119,10000,201,-335
180,-340,11,-5,-1119,10000,201,-335
181,-340,10,-4,-1119,10000,198,-338
182,-339,9,-3,-1119,10000,201,-338
183,-339,9,-3,-1120,10000,201,-338
181,-339,10,-4,-1120,10000,200,-338
179,-340,10,-5,-1119,10000,197,-335
179,-341,11,-5,-1118,10000,200,-336
180,-343,11,-6,-1117,10000,201,-338
181,-344,12,-7,-1118,10000,202,-339
181,-344,13,-7,-1119,10000,202,-339
180,-342,13,-8,-1120,10000,203,-338
179,-341,13,-7,-1120,10000,200,-336
180,-342,12,-7,-1119,10000,201,-336
181,-344,12,-6,-1119,10000,202,-339
182,-345,12,-7,-1119,10000,202,-340
181,-344,12,-7,-1119,10000,202,-340
180,-342,12,-7,-1119,10000,201,-338
180,-341,12,-6,-1119,10000,200,-336
180,-342,12,-7,-1119,10000,201,-336
181,-344,13,-7,-1119,10000,202,-339
181,-346,13,-7,-1119,10000,202,-341
180,-346,13,-7,-1119,10000,201,-341
178,-346,13,-7,-1119,10000,198,-341
177,-345,13,-7,-1119,10000,198,-341
178,-346,13,-7,-1119,10000,198,-341
180,-345,13,-7,-1119,10000,201,-341
181,-344,13,-7,-1119,10000,202,-339
181,-342,13,-7,-1119,10000,202,-338
180,-342,14,-7,-1119,10000,203,-338
179,-343,13,-7,-1119,10000,200,-338
179,-343,10,-7,-1119,10000,200,-339
179,-343,9,-7,-1119,10000,200,-341
180,-343,8,-7,-1119,10000,201,-340
180,-342,8,-7,-1119,10000,201,-339
180,-341,8,-7,-1119,10000,201,-339
180,-341,7,-7,-1119,10000,200,-339
179,-341,7,-8,-1119,10000,200,-339
179,-341,7,-9,-1119,10000,200,-339
180,-341,8,-9,-1119,10000,200,-339
180,-341,9,-7,-1119,10000,200,-339
180,-341,8,-7,-1119,10000,200,-339
180,-341,7,-7,-1119,10000,200,-339
180,-341,7,-7,-1119,10000,200,-339
180,-341,7,-8,-1119,10000,200,-339
180,-341,7,-8,-1119,10000,200,-339
180,-341,7,-7,-1119,10000,200,-339
180,-341,7,-7,-1119,10000,200,-339
180,-341,7,-8,-1119,10000,200,-339
180,-341,8,-10,-1119,10000,202,-339
180,-341,9,-10,-1119,10000,202,-336
180,-341,8,-9,-1119,10000,200,-339
180,-341,7,-8,-1119,10000,200,-339
180,-341,6,-7,-1120,10000,200,-339
180,-341,6,-7,-1120,10000,200,-339
180,-341,7,-7,-1119,10000,200,-339
180,-341,7,-8,-1118,10000,200,-339
180,-341,8,-9,-1117,10000,200,-339
180,-341,9,-10,-1118,10000,202,-336
180,-341,9,-10,-1119,10000,202,-336
180,-341,8,-10,-1120,10000,202,-339
180,-341,8,-9,-1120,10000,200,-339
180,-341,8,-10,-1119,10000,202,-339
180,-341,9,-10,-1119,10000,202,-336
180,-341,10,-10,-1119,10000,202,-336
180,-341,9,-11,-1119,10000,202,-336
180,-341,9,-10,-1119,10000,202,-336
180,-341,9,-10,-1119,10000,202,-336
180,-341,9,-10,-1119,10000,202,-336
180,-341,9,-11,-1119,10000,202,-336
180,-341,9,-11,-1119,10000,202,-336
180,-341,9,-10,-1119,10000,202,-336
180,-341,10,-10,-1119,10000,202,-336
180,-341,12,-8,-1119,10000,202,-336
180,-341,13,-7,-1119,10000,200,-336
180,-341,13,-7,-1119,10000,200,-336
180,-341,13,-7,-1119,10000,200,-336
180,-341,13,-7,-1119,10000,200,-336
180,-341,12,-8,-1119,10000,202,-336
180,-341,10,-10,-1119,10000,202,-336
180,-341,9,-10,-1120,10000,202,-336
180,-341,9,-10,-1120,10000,202,-336
180,-341,10,-10,-1119,10000,202,-336
180,-341,11,-10,-1118,10000,202,-336
180,-341,10,-9,-1117,10000,202,-336
180,-341,11,-9,-1118,10000,202,-336
180,-341,12,-8,-1119,10000,202,-336
180,-341,13,-8,-1120,10000,202,-336
180,-341,13,-7,-1120,10000,200,-336
180,-341,13,-7,-1119,10000,200,-336
180,-341,12,-6,-1119,10000,200,-336
180,-341,10,-4,-1119,10000,197,-336
180,-341,9,-4,-1119,10000,197,-339
180,-341,9,-5,-1119,10000,197,-339
180,-341,9,-6,-1119,10000,200,-339
180,-341,10,-6,-1119,10000,200,-336
180,-341,10,-5,-1119,10000,200,-336
179,-340,10,-4,-1119,10000,197,-339
179,-339,10,-3,-1119,10000,197,-338
178,-339,10,-4,-1119,10000,196,-336
178,-338,8,-5,-1119,10000,196,-336
178,-338,7,-6,-1119,10000,196,-336
178,-337,8,-6,-1119,10000,198,-335
178,-337,8,-5,-1119,10000,196,-335
177,-338,8,-5,-1119,10000,195,-335
176,-339,8,-5,-1119,10000,194,-338
175,-340,7,-6,-1119,10000,194,-339
175,-340,7,-6,-1119,10000,194,-339
177,-340,9,-6,-1119,10000,197,-338
179,-340,10,-7,-1119,10000,200,-335
180,-340,10,-7,-1119,10000,200,-335
180,-341,9,-7,-1119,10000,200,-339
180,-341,10,-7,-1119,10000,200,-336
179,-341,11,-7,-1119,10000,200,-336
179,-341,13,-7,-1119,10000,200,-336
180,-341,13,-7,-1119,10000,200,-336
180,-341,13,-7,-1119,10000,200,-336
179,-341,13,-7,-1119,10000,200,-336
180,-341,13,-7,-1119,10000,200,-336
180,-341,13,-7,-1119,10000,200,-336
180,-341,13,-7,-1119,10000,200,-336
179,-341,13,-7,-1119,10000,200,-336
179,-341,13,-7,-1119,10000,200,-336
180,-340,13,-7,-1119,10000,201,-335
180,-340,13,-7,-1119,10000,201,-335
181,-340,13,-7,-1119,10000,202,-335
180,-340,13,-7,-1119,10000,201,-335
180,-340,13,-7,-1119,10000,200,-335
179,-341,13,-7,-1119,10000,200,-336
180,-341,13,-7,-1119,10000,200,-336
180,-342,13,-7,-1119,10000,201,-338
180,-343,13,-7,-1119,10000,201,-338
180,-342,12,-8,-1119,10000,201,-338
180,-341,11,-9,-1119,10000,202,-336
179,-340,12,-8,-1119,10000,202,-335
179,-340,13,-7,-1119,10000,200,-335
180,-341,13,-7,-1119,10000,200,-336
180,-341,13,-7,-1119,10000,201,-336
180,-342,13,-7,-1119,10000,201,-338
180,-342,11,-9,-1119,10000,203,-338
180,-342,10,-9,-1119,10000,203,-338
180,-342,11,-9,-1119,10000,203,-338
180,-342,12,-8,-1119,10000,203,-338
181,-343,11,-9,-1119,10000,205,-339
181,-344,10,-10,-1119,10000,205,-339
182,-344,10,-10,-1119,10000,205,-340
181,-344,10,-10,-1119,10000,205,-339
181,-344,12,-8,-1119,10000,205,-339
181,-344,12,-8,-1119,10000,202,-339
181,-343,11,-9,-1119,10000,203,-339
180,-343,10,-10,-1119,10000,203,-338
180,-342,9,-11,-1119,10000,203,-338
180,-342,9,-10,-1119,10000,203,-338
180,-342,9,-10,-1119,10000,203,-336
180,-341,8,-9,-1119,10000,201,-339
180,-341,7,-9,-1119,10000,200,-339
179,-340,7,-7,-1119,10000,200,-338
180,-341,7,-6,-1119,10000,197,-339
180,-341,8,-6,-1119,10000,197,-339
180,-341,9,-7,-1119,10000,200,-339
180,-341,10,-8,-1119,10000,200,-336
180,-341,10,-8,-1119,10000,200,-336
180,-341,9,-8,-1119,10000,200,-336
180,-341,9,-9,-1119,10000,200,-336
180,-341,10,-10,-1119,10000,202,-336
180,-341,10,-10,-1119,10000,202,-336
180,-341,11,-10,-1119,10000,202,-336
180,-341,11,-9,-1119,10000,202,-336
180,-341,12,-8,-1119,10000,200,-336
180,-341,12,-8,-1119,10000,202,-336
180,-341,12,-8,-1119,10000,202,-336
180,-341,13,-7,-1119,10000,200,-336
180,-341,13,-7,-1119,10000,200,-336
180,-341,13,-7,-1119,10000,200,-336
180,-341,12,-8,-1119,10000,202,-336
180,-341,10,-10,-1119,10000,202,-336
180,-341,9,-10,-1119,10000,202,-336
180,-341,10,-10,-1119,10000,202,-336
180,-341,11,-9,-1119,10000,202,-336
180,-341,12,-8,-1119,10000,202,-336
180,-341,12,-8,-1119,10000,202,-336
180,-341,12,-8,-1119,10000,200,-336
180,-341,11,-9,-1119,10000,202,-336
180,-341,11,-9,-1119,10000,202,-336
180,-341,11,-9,-1119,10000,202,-336
180,-341,11,-9,-1119,10000,202,-336
180,-341,12,-8,-1119,10000,202,-336
180,-341,11,-9,-1119,10000,202,-336
180,-341,11,-9,-1119,10000,202,-336
179,-341,11,-9,-1119,10000,202,-336
180,-341,11,-9,-1119,10000,202,-336
180,-341,11,-9,-1119,10000,202,-336
180,-341,11,-9,-1119,10000,202,-336
179,-341,10,-9,-1119,10000,202,-336
179,-341,10,-9,-1119,10000,202,-336
180,-340,11,-9,-1119,10000,203,-335
181,-340,11,-9,-1119,10000,203,-335
181,-340,11,-9,-1119,10000,205,-335
180,-340,12,-8,-1119,10000,201,-335
180,-341,13,-7,-1119,10000,200,-336
180,-341,13,-7,-1119,10000,200,-336
180,-340,13,-7,-1119,10000,201,-335
181,-340,12,-8,-1119,10000,203,-335
181,-340,12,-8,-1119,10000,205,-335
181,-340,12,-8,-1119,10000,205,-335
181,-339,13,-8,-1119,10000,205,-335
181,-338,11,-8,-1119,10000,201,-334
180,-338,10,-8,-1119,10000,201,-333
181,-339,9,-8,-1119,10000,202,-334
183,-339,10,-7,-1119,10000,203,-334
184,-339,13,-7,-1119,10000,205,-334
183,-337,13,-8,-1119,10000,206,-333
181,-335,11,-10,-1119,10000,205,-330
179,-335,8,-10,-1119,10000,202,-333
179,-337,7,-8,-1119,10000,200,-335
180,-339,7,-6,-1119,10000,201,-336
181,-340,8,-4,-1119,10000,198,-338
180,-339,10,-3,-1119,10000,198,-336
180,-339,10,-3,-1119,10000,198,-336
179,-339,11,-5,-1119,10000,200,-335
179,-340,11,-6,-1119,10000,200,-335
179,-340,11,-6,-1119,10000,200,-335
179,-340,11,-6,-1119,10000,200,-335
179,-339,10,-4,-1119,10000,196,-334
179,-339,10,-4,-1119,10000,197,-338
179,-339,9,-4,-1119,10000,197,-338
179,-339,9,-4,-1119,10000,197,-338
179,-340,9,-5,-1119,10000,197,-339
180,-341,9,-5,-1119,10000,197,-339
180,-341,8,-5,-1119,10000,197,-339
180,-341,7,-6,-1119,10000,197,-339
180,-341,8,-5,-1119,10000,197,-339
179,-341,8,-5,-1119,10000,197,-339
180,-341,8,-5,-1119,10000,197,-339
180,-341,8,-6,-1119,10000,200,-339
180,-341,8,-5,-1119,10000,197,-339
180,-341,8,-5,-1119,10000,197,-339
179,-341,9,-5,-1119,10000,197,-339
179,-341,8,-7,-1119,10000,200,-339
180,-340,7,-8,-1119,10000,201,-338
183,-339,8,-10,-1119,10000,203,-338
184,-340,8,-10,-1119,10000,208,-338
184,-340,9,-10,-1119,10000,207,-335
183,-340,10,-10,-1119,10000,206,-335
182,-340,10,-10,-1119,10000,206,-335
182,-339,9,-10,-1119,10000,205,-334
183,-338,9,-10,-1119,10000,206,-333
184,-338,10,-10,-1119,10000,207,-333
184,-339,10,-10,-1119,10000,207,-334
184,-339,11,-9,-1119,10000,207,-334
184,-339,10,-10,-1119,10000,207,-334
184,-339,10,-10,-1119,10000,207,-334
184,-338,9,-10,-1119,10000,207,-333
184,-339,9,-10,-1119,10000,207,-334
184,-338,9,-10,-1119,10000,207,-333
184,-339,9,-10,-1119,10000,207,-334
184,-339,9,-10,-1119,10000,207,-334
184,-339,9,-10,-1119,10000,207,-334
184,-338,9,-10,-1119,10000,207,-333
184,-338,9,-10,-1119,10000,207,-333
184,-339,9,-10,-1119,10000,207,-334
183,-339,9,-10,-1119,10000,206,-334
182,-339,9,-10,-1119,10000,205,-335
181,-340,9,-10,-1119,10000,205,-335
180,-340,9,-11,-1119,10000,203,-335
180,-341,9,-10,-1119,10000,202,-336
179,-341,11,-9,-1119,10000,202,-336
179,-341,12,-8,-1120,10000,202,-336
180,-341,12,-8,-1119,10000,202,-336
180,-341,11,-9,-1119,10000,202,-336
180,-341,9,-10,-1119,10000,202,-336
179,-341,8,-10,-1120,10000,202,-339
180,-341,8,-10,-1121,10000,202,-339
180,-341,9,-9,-1121,10000,200,-336
180,-341,9,-7,-1120,10000,200,-336
180,-341,9,-6,-1120,10000,200,-339
180,-341,10,-6,-1120,10000,200,-336
180,-341,11,-6,-1122,10000,200,-336
180,-341,13,-7,-1124,10000,200,-336
180,-341,14,-8,-1125,10000,202,-336
180,-341,13,-8,-1125,10000,202,-336
180,-341,13,-7,-1124,10000,200,-336
180,-341,12,-6,-1122,10000,200,-336
180,-341,12,-6,-1121,10000,200,-336
180,-341,12,-7,-1121,10000,200,-336
180,-341,13,-7,-1121,10000,200,-336
180,-341,13,-8,-1121,10000,202,-336
180,-341,13,-7,-1120,10000,200,-336
180,-341,12,-7,-1119,10000,200,-336
180,-341,12,-6,-1119,10000,200,-336
180,-341,12,-6,-1119,10000,200,-336
180,-341,12,-6,-1120,10000,200,-336
180,-341,12,-6,-1119,10000,200,-336
180,-341,12,-6,-1119,10000,200,-336
180,-341,13,-7,-1119,10000,200,-336
179,-341,13,-7,-1119,10000,200,-336
180,-341,13,-8,-1119,10000,202,-336
180,-341,12,-8,-1119,10000,200,-336
180,-341,11,-7,-1119,10000,200,-336
179,-341,10,-7,-1119,10000,200,-336
179,-341,10,-8,-1119,10000,200,-336
180,-341,10,-9,-1119,10000,202,-336
180,-340,11,-10,-1119,10000,203,-335
182,-339,11,-9,-1119,10000,206,-334
184,-338,13,-7,-1119,10000,205,-334
184,-338,13,-7,-1119,10000,205,-333
184,-338,13,-7,-1119,10000,205,-334
182,-339,13,-7,-1119,10000,203,-334
180,-340,12,-6,-1119,10000,201,-335
180,-341,10,-5,-1119,10000,197,-336
179,-341,10,-4,-1119,10000,197,-339
179,-341,10,-5,-1119,10000,197,-336
180,-341,11,-5,-1119,10000,200,-336
180,-341,11,-5,-1119,10000,200,-336
180,-341,10,-4,-1119,10000,197,-339
179,-341,10,-4,-1119,10000,197,-339
180,-341,10,-4,-1119,10000,197,-336
180,-341,11,-5,-1119,10000,200,-336
180,-341,11,-5,-1119,10000,200,-336
180,-341,10,-5,-1119,10000,197,-339
180,-341,10,-6,-1119,10000,200,-339
180,-341,10,-6,-1119,10000,200,-336
180,-341,9,-5,-1119,10000,200,-339
180,-341,8,-6,-1119,10000,200,-339
180,-341,8,-7,-1119,10000,200,-339
180,-341,9,-9,-1119,10000,200,-339
180,-341,10,-10,-1119,10000,202,-336
180,-341,11,-10,-1119,10000,202,-336
180,-341,11,-10,-1119,10000,202,-336
180,-341,10,-10,-1119,10000,202,-336
180,-341,9,-10,-1119,10000,202,-336
180,-341,9,-11,-1119,10000,202,-336
180,-341,9,-11,-1119,10000,202,-336
180,-341,10,-10,-1119,10000,202,-336
179,-340,10,-10,-1119,10000,202,-335
179,-340,10,-9,-1119,10000,202,-335
180,-341,11,-9,-1119,10000,203,-336
180,-342,11,-9,-1119,10000,203,-338
180,-342,10,-9,-1119,10000,203,-338
180,-342,10,-10,-1119,10000,203,-336
180,-341,10,-10,-1119,10000,203,-336
180,-342,9,-10,-1119,10000,203,-336
181,-344,9,-10,-1119,10000,205,-339
182,-345,9,-10,-1119,10000,206,-340
182,-346,9,-10,-1119,10000,206,-341
182,-345,9,-10,-1119,10000,206,-340
182,-345,9,-10,-1119,10000,206,-340
182,-345,9,-10,-1119,10000,206,-340
182,-345,9,-10,-1119,10000,206,-340
182,-345,9,-10,-1119,10000,206,-340
182,-345,9,-11,-1119,10000,206,-340
182,-344,9,-10,-1119,10000,205,-340
181,-344,10,-9,-1119,10000,205,-339
181,-344,12,-8,-1119,10000,202,-339
181,-344,13,-7,-1119,10000,202,-339
181,-343,12,-8,-1119,10000,205,-339
180,-342,12,-8,-1119,10000,203,-338
180,-341,12,-8,-1119,10000,202,-336
179,-340,12,-8,-1119,10000,200,-335
179,-340,13,-7,-1119,10000,200,-335
180,-341,13,-7,-1119,10000,200,-336
180,-341,13,-7,-1119,10000,200,-336
179,-341,13,-7,-1119,10000,200,-336
180,-340,12,-8,-1119,10000,201,-335
181,-340,11,-9,-1119,10000,203,-335
181,-340,12,-8,-1119,10000,205,-335
180,-340,13,-8,-1119,10000,203,-335
180,-340,13,-7,-1119,10000,200,-335
180,-340,12,-6,-1119,10000,201,-335
182,-339,10,-5,-1120,10000,201,-335
185,-340,11,-5,-1120,10000,206,-335
186,-341,12,-6,-1119,10000,207,-336
185,-341,13,-7,-1118,10000,206,-336
183,-340,12,-7,-1118,10000,203,-335
182,-340,12,-7,-1118,10000,202,-335
182,-340,11,-7,-1119,10000,202,-335
183,-341,11,-8,-1118,10000,203,-336
182,-341,11,-7,-1118,10000,202,-336
180,-341,11,-7,-1118,10000,201,-336
179,-340,12,-6,-1119,10000,200,-335
180,-340,13,-7,-1120,10000,201,-335
183,-339,13,-8,-1120,10000,206,-334
184,-339,12,-8,-1119,10000,205,-334
183,-339,10,-8,-1119,10000,203,-334
181,-340,10,-8,-1119,10000,201,-335
180,-341,10,-8,-1119,10000,200,-336
179,-341,12,-8,-1119,10000,200,-336
179,-341,12,-9,-1119,10000,202,-336
179,-340,11,-10,-1119,10000,202,-335
180,-341,10,-10,-1119,10000,202,-336
180,-343,10,-10,-1119,10000,203,-338
181,-344,11,-10,-1119,10000,203,-339
181,-343,11,-8,-1119,10000,202,-339
180,-342,12,-7,-1119,10000,201,-338
180,-341,11,-7,-1119,10000,201,-336
180,-342,10,-7,-1119,10000,201,-336
180,-342,9,-8,-1119,10000,201,-338
180,-342,8,-7,-1119,10000,201,-340
180,-341,9,-6,-1119,10000,200,-339
179,-340,11,-5,-1119,10000,200,-335
180,-341,11,-4,-1119,10000,197,-336
180,-342,10,-4,-1119,10000,198,-340
180,-343,10,-3,-1119,10000,198,-340
180,-342,10,-3,-1119,10000,198,-340
180,-341,9,-4,-1120,10000,198,-339
179,-340,9,-6,-1120,10000,200,-338
179,-340,9,-8,-1119,10000,200,-335
180,-341,10,-8,-1118,10000,200,-336
180,-341,10,-7,-1117,10000,200,-336
180,-341,10,-8,-1118,10000,200,-336
180,-341,10,-9,-1119,10000,202,-336
180,-341,10,-10,-1120,10000,202,-336
180,-341,11,-9,-1120,10000,202,-336
180,-341,11,-9,-1119,10000,202,-336
180,-341,11,-9,-1119,10000,202,-336
180,-341,10,-10,-1119,10000,202,-336
179,-340,10,-10,-1119,10000,202,-335
179,-339,10,-10,-1119,10000,202,-335
179,-339,11,-9,-1119,10000,202,-334
179,-339,11,-9,-1119,10000,202,-335
179,-340,12,-8,-1119,10000,202,-335
180,-341,13,-7,-1119,10000,200,-336
180,-341,13,-7,-1119,10000,200,-336
180,-341,13,-7,-1119,10000,200,-336
180,-341,13,-7,-1119,10000,200,-336
180,-341,12,-8,-1119,10000,200,-336
180,-341,11,-9,-1119,10000,202,-336
180,-341,12,-8,-1119,10000,200,-336
180,-341,13,-7,-1119,10000,200,-336
180,-341,13,-7,-1119,10000,200,-336
180,-341,13,-7,-1119,10000,200,-336
180,-341,13,-7,-1119,10000,200,-336
180,-341,13,-7,-1119,10000,200,-336
180,-341,13,-7,-1119,10000,200,-336
180,-341,13,-7,-1119,10000,200,-336
180,-341,13,-7,-1119,10000,200,-336
180,-341,13,-7,-1119,10000,200,-336
180,-341,13,-7,-1120,10000,200,-336
180,-341,13,-7,-1120,10000,200,-336
180,-341,13,-7,-1119,10000,200,-336
180,-341,13,-7,-1118,10000,200,-336
180,-341,13,-7,-1117,10000,200,-336
180,-341,13,-7,-1118,10000,200,-336
180,-341,13,-7,-1119,10000,200,-336
180,-341,13,-7,-1120,10000,200,-336
180,-341,13,-7,-1120,10000,200,-336
180,-341,13,-7,-1119,10000,200,-336
180,-341,13,-7,-1119,10000,200,-336
180,-341,13,-7,-1119,10000,200,-336
180,-341,13,-8,-1119,10000,202,-336
180,-341,12,-8,-1119,10000,202,-336
180,-341,10,-7,-1119,10000,200,-336
180,-341,8,-7,-1119,10000,200,-339
180,-341,8,-7,-1119,10000,200,-339
180,-341,10,-8,-1119,10000,200,-336
179,-341,12,-8,-1119,10000,202,-336
180,-341,12,-9,-1119,10000,202,-336
180,-341,11,-10,-1119,10000,202,-336
180,-341,10,-10,-1119,10000,202,-336
179,-341,9,-11,-1119,10000,202,-336
179,-341,8,-10,-1119,10000,202,-339
180,-340,7,-8,-1119,10000,201,-338
180,-340,6,-7,-1119,10000,201,-338
181,-340,6,-7,-1119,10000,202,-338
181,-340,6,-7,-1119,10000,202,-338
180,-341,7,-7,-1119,10000,201,-339
179,-340,7,-6,-1119,10000,200,-338
178,-340,8,-6,-1119,10000,198,-338
179,-339,7,-6,-1119,10000,197,-338
180,-339,6,-7,-1119,10000,201,-336
182,-337,6,-7,-1119,10000,202,-335
181,-336,6,-7,-1120,10000,201,-334
179,-336,6,-7,-1119,10000,200,-333
177,-337,6,-7,-1119,10000,197,-334
177,-338,6,-7,-1119,10000,197,-335
180,-338,6,-7,-1120,10000,200,-335
181,-336,6,-7,-1121,10000,201,-334
180,-335,6,-7,-1121,10000,201,-333
179,-335,7,-6,-1121,10000,196,-333
177,-336,8,-5,-1120,10000,195,-334
177,-337,9,-4,-1119,10000,195,-335
177,-337,8,-5,-1119,10000,195,-335
177,-336,9,-4,-1119,10000,195,-334
177,-336,9,-4,-1120,10000,195,-334
177,-336,10,-3,-1119,10000,195,-334
177,-336,10,-4,-1119,10000,195,-334
177,-337,9,-4,-1119,10000,195,-334
177,-336,8,-5,-1119,10000,195,-334
177,-336,7,-6,-1119,10000,195,-334
177,-336,7,-6,-1119,10000,195,-334
177,-337,7,-7,-1119,10000,198,-334
178,-337,7,-6,-1119,10000,198,-335
178,-338,7,-6,-1119,10000,196,-336
179,-339,7,-6,-1119,10000,197,-338
179,-340,6,-6,-1119,10000,197,-338
179,-340,6,-7,-1119,10000,200,-338
180,-341,7,-8,-1119,10000,200,-339
180,-341,8,-10,-1119,10000,202,-339
180,-341,9,-10,-1119,10000,202,-336
180,-341,9,-10,-1119,10000,202,-336
180,-341,8,-10,-1119,10000,202,-339
180,-341,8,-10,-1119,10000,202,-339
180,-341,9,-10,-1119,10000,202,-336
180,-341,9,-8,-1119,10000,200,-336
180,-341,8,-7,-1119,10000,200,-339
180,-341,8,-7,-1119,10000,200,-339
180,-341,9,-8,-1119,10000,200,-336
180,-341,11,-9,-1119,10000,202,-336
180,-341,11,-9,-1119,10000,202,-336
180,-341,10,-8,-1119,10000,200,-336
180,-341,10,-8,-1119,10000,200,-336
180,-341,10,-9,-1119,10000,200,-336
180,-341,10,-9,-1119,10000,202,-336
180,-341,10,-8,-1119,10000,200,-336
180,-341,10,-6,-1119,10000,200,-339
180,-341,10,-6,-1119,10000,200,-336
180,-341,11,-7,-1119,10000,200,-336
180,-341,12,-8,-1119,10000,200,-336
180,-341,11,-8,-1119,10000,200,-336
180,-341,9,-6,-1119,10000,200,-339
180,-341,8,-5,-1119,10000,197,-339
180,-341,9,-4,-1119,10000,197,-339
180,-341,9,-4,-1119,10000,197,-339
180,-341,10,-4,-1119,10000,197,-339
180,-341,10,-4,-1119,10000,197,-339
179,-340,10,-4,-1119,10000,197,-339
179,-339,10,-4,-1119,10000,197,-338
179,-339,10,-4,-1119,10000,197,-338
179,-339,10,-3,-1119,10000,197,-338
179,-340,10,-3,-1119,10000,197,-339
180,-341,10,-4,-1119,10000,197,-339
180,-341,10,-4,-1119,10000,197,-339
180,-341,10,-3,-1119,10000,197,-339
180,-341,10,-3,-1119,10000,197,-339
180,-341,10,-3,-1119,10000,197,-339
180,-341,9,-4,-1119,10000,197,-339
180,-341,9,-5,-1119,10000,197,-339
180,-341,9,-5,-1119,10000,197,-339
180,-341,9,-4,-1119,10000,197,-339
180,-341,8,-5,-1119,10000,197,-339
180,-341,7,-6,-1119,10000,200,-339
179,-341,7,-7,-1119,10000,200,-339
180,-341,9,-9,-1120,10000,200,-336
180,-341,10,-9,-1120,10000,202,-336
180,-341,10,-10,-1119,10000,202,-336
179,-341,10,-10,-1118,10000,202,-336
179,-341,9,-10,-1117,10000,202,-336
180,-341,9,-10,-1118,10000,202,-336
180,-340,9,-10,-1119,10000,203,-335
182,-339,9,-10,-1119,10000,205,-335
182,-340,9,-10,-1118,10000,205,-335
181,-340,9,-11,-1117,10000,205,-335
180,-340,10,-10,-1118,10000,203,-335
180,-339,9,-10,-1119,10000,203,-334
181,-338,9,-10,-1120,10000,205,-333
183,-337,8,-9,-1120,10000,203,-335
184,-338,7,-8,-1120,10000,205,-335
184,-339,7,-8,-1120,10000,205,-336
182,-340,6,-7,-1119,10000,202,-338
180,-340,6,-7,-1118,10000,201,-338
181,-340,6,-7,-1117,10000,201,-338
182,-339,6,-7,-1118,10000,202,-338
183,-339,6,-7,-1119,10000,203,-336
183,-339,6,-7,-1120,10000,203,-336
181,-340,6,-7,-1120,10000,202,-338
180,-340,7,-6,-1119,10000,198,-339
180,-340,7,-6,-1119,10000,198,-339
180,-340,7,-6,-1119,10000,198,-338
181,-340,7,-6,-1119,10000,198,-338
180,-340,9,-4,-1119,10000,198,-338
180,-340,9,-4,-1119,10000,198,-339
179,-341,9,-4,-1119,10000,197,-339
179,-341,8,-5,-1119,10000,197,-339
180,-341,7,-6,-1119,10000,197,-339
180,-341,7,-6,-1119,10000,197,-339
180,-341,8,-5,-1119,10000,197,-339
179,-341,8,-5,-1119,10000,197,-339
180,-341,8,-5,-1119,10000,197,-339
180,-341,8,-5,-1119,10000,197,-339
180,-341,9,-4,-1119,10000,197,-339
180,-341,9,-4,-1119,10000,197,-339
180,-341,9,-4,-1119,10000,197,-339
180,-341,9,-5,-1119,10000,197,-339
179,-341,9,-5,-1119,10000,197,-339
180,-341,9,-4,-1119,10000,197,-339
180,-341,9,-4,-1119,10000,197,-339
180,-341,8,-4,-1119,10000,197,-339
179,-341,7,-6,-1119,10000,197,-339
179,-341,8,-7,-1119,10000,200,-339
180,-341,11,-7,-1119,10000,200,-336
181,-340,13,-7,-1119,10000,201,-335
182,-339,13,-7,-1119,10000,202,-335
183,-339,12,-8,-1119,10000,206,-334
183,-339,11,-9,-1119,10000,206,-334
183,-339,12,-9,-1119,10000,206,-334
183,-339,13,-7,-1119,10000,203,-334
183,-339,12,-7,-1119,10000,203,-334
182,-339,12,-6,-1119,10000,203,-334
183,-339,11,-5,-1119,10000,203,-334
183,-339,10,-4,-1119,10000,201,-334
184,-339,10,-4,-1119,10000,202,-336
183,-339,8,-4,-1119,10000,201,-336
182,-339,8,-4,-1119,10000,201,-336
182,-339,9,-4,-1119,10000,201,-338
182,-340,10,-6,-1119,10000,202,-335
182,-342,11,-7,-1119,10000,203,-336
183,-343,10,-8,-1119,10000,203,-338
183,-343,8,-8,-1119,10000,203,-341
182,-343,7,-7,-1119,10000,202,-340
180,-342,7,-6,-1119,10000,198,-340
180,-341,7,-6,-1119,10000,197,-339
180,-342,7,-6,-1119,10000,198,-340
180,-343,7,-6,-1119,10000,198,-340
180,-342,8,-5,-1119,10000,198,-340
180,-341,9,-4,-1120,10000,198,-339
179,-341,10,-3,-1119,10000,197,-339
179,-340,9,-4,-1119,10000,197,-339
180,-341,9,-4,-1119,10000,197,-339
180,-341,8,-5,-1120,10000,197,-339
180,-341,9,-4,-1121,10000,197,-339
180,-341,9,-4,-1121,10000,197,-339
180,-341,9,-4,-1121,10000,197,-339
180,-341,8,-5,-1120,10000,197,-339
180,-341,9,-4,-1119,10000,197,-339
179,-340,9,-4,-1119,10000,197,-339
179,-339,9,-4,-1119,10000,197,-338
179,-339,7,-6,-1120,10000,197,-338
179,-339,6,-7,-1119,10000,200,-338
179,-340,6,-7,-1119,10000,200,-338
180,-341,6,-7,-1119,10000,200,-339
180,-341,6,-7,-1119,10000,197,-339
180,-341,6,-7,-1119,10000,200,-339
180,-341,7,-8,-1119,10000,200,-339
179,-340,8,-10,-1119,10000,202,-338
179,-339,8,-9,-1119,10000,200,-338
179,-339,7,-8,-1119,10000,200,-336
179,-339,7,-7,-1119,10000,200,-338
179,-340,7,-8,-1119,10000,200,-338
180,-341,7,-8,-1119,10000,200,-339
180,-341,7,-8,-1119,10000,200,-339
180,-341,7,-7,-1119,10000,200,-339
180,-341,6,-7,-1119,10000,200,-339
180,-341,6,-7,-1119,10000,200,-339
180,-341,6,-7,-1119,10000,200,-339
179,-340,6,-7,-1119,10000,200,-338
180,-341,6,-7,-1119,10000,200,-339
180,-342,6,-7,-1119,10000,201,-340
181,-344,6,-7,-1119,10000,202,-341
182,-345,6,-7,-1119,10000,203,-343
182,-345,6,-7,-1119,10000,203,-344
182,-345,6,-7,-1119,10000,203,-344
182,-345,6,-7,-1119,10000,203,-343
182,-345,6,-7,-1119,10000,203,-343
182,-345,6,-7,-1119,10000,203,-343
182,-345,6,-7,-1119,10000,203,-343
182,-345,6,-7,-1119,10000,203,-344
182,-345,6,-7,-1119,10000,203,-344
182,-345,6,-7,-1119,10000,202,-343
181,-344,7,-6,-1119,10000,200,-341
180,-342,8,-5,-1119,10000,198,-340
180,-342,10,-4,-1119,10000,198,-340
180,-342,10,-3,-1119,10000,198,-340
180,-342,10,-3,-1119,10000,198,-340
180,-341,9,-4,-1119,10000,198,-339
180,-341,9,-4,-1119,10000,197,-339
179,-341,8,-5,-1119,10000,197,-339
180,-341,9,-4,-1119,10000,197,-339
180,-341,8,-5,-1119,10000,197,-339
180,-341,7,-6,-1119,10000,197,-339
179,-341,6,-7,-1119,10000,200,-339
179,-341,6,-7,-1119,10000,200,-339
180,-341,6,-7,-1119,10000,200,-339
181,-340,6,-7,-1119,10000,201,-338
183,-339,6,-7,-1119,10000,203,-336
183,-339,6,-7,-1119,10000,203,-336
183,-339,6,-7,-1119,10000,203,-336
183,-339,6,-7,-1119,10000,203,-336
182,-339,6,-7,-1119,10000,203,-336
182,-339,7,-6,-1119,10000,200,-338
181,-340,7,-6,-1119,10000,198,-338
180,-341,7,-6,-1119,10000,200,-339
179,-341,6,-7,-1119,10000,200,-339
179,-341,6,-7,-1119,10000,200,-339
180,-341,7,-7,-1119,10000,200,-339
179,-341,7,-6,-1119,10000,197,-339
179,-341,7,-6,-1119,10000,197,-339
180,-340,6,-7,-1119,10000,201,-338
180,-340,6,-7,-1119,10000,201,-338
181,-340,7,-8,-1119,10000,202,-338
180,-340,7,-9,-1119,10000,201,-338
180,-341,7,-8,-1119,10000,200,-339
179,-341,7,-7,-1119,10000,200,-339
180,-341,7,-6,-1119,10000,197,-339
180,-340,7,-6,-1119,10000,198,-338
181,-340,6,-7,-1119,10000,202,-338
180,-340,6,-7,-1119,10000,201,-338
180,-340,6,-7,-1119,10000,201,-338
179,-341,6,-7,-1119,10000,200,-339
179,-341,6,-7,-1119,10000,200,-339
180,-341,7,-6,-1119,10000,200,-339
180,-341,7,-6,-1119,10000,197,-339
180,-341,8,-5,-1119,10000,197,-339
179,-341,9,-4,-1119,10000,197,-339
179,-339,10,-4,-1119,10000,197,-338
178,-338,10,-3,-1119,10000,196,-336
177,-336,10,-3,-1119,10000,195,-334
177,-336,10,-4,-1119,10000,195,-334
177,-336,10,-4,-1119,10000,195,-334
177,-337,10,-4,-1119,10000,195,-335
177,-337,10,-3,-1119,10000,195,-335
177,-336,10,-4,-1119,10000,195,-334
178,-336,10,-4,-1119,10000,196,-333
179,-336,10,-4,-1119,10000,197,-333
179,-337,10,-4,-1119,10000,197,-335
179,-339,10,-4,-1119,10000,197,-338
179,-341,10,-4,-1119,10000,197,-339
180,-341,10,-4,-1119,10000,197,-339
180,-341,10,-4,-1119,10000,197,-339
180,-341,10,-4,-1119,10000,197,-339
180,-341,10,-4,-1119,10000,197,-339
179,-341,10,-4,-1119,10000,197,-339
180,-341,10,-5,-1119,10000,197,-336
180,-341,11,-5,-1119,10000,200,-336
180,-341,10,-5,-1119,10000,197,-336
180,-341,11,-5,-1119,10000,200,-336
180,-341,12,-6,-1119,10000,200,-336
180,-341,13,-7,-1119,10000,200,-336
180,-341,14,-8,-1119,10000,202,-336
180,-341,13,-7,-1119,10000,200,-336
180,-341,12,-7,-1119,10000,200,-336
180,-341,11,-6,-1119,10000,200,-336
179,-341,12,-6,-1119,10000,200,-336
180,-341,13,-7,-1119,10000,200,-336
180,-341,13,-8,-1119,10000,202,-336
180,-341,12,-9,-1119,10000,202,-336
179,-341,10,-10,-1119,10000,202,-336
179,-341,9,-8,-1119,10000,200,-336
180,-341,9,-6,-1119,10000,200,-339
180,-340,9,-4,-1119,10000,198,-338
183,-339,9,-4,-1119,10000,201,-336
184,-339,8,-5,-1119,10000,202,-336
184,-338,8,-6,-1119,10000,205,-336
184,-338,8,-6,-1119,10000,202,-336
184,-338,9,-4,-1119,10000,202,-336
184,-338,10,-4,-1119,10000,202,-336
184,-339,10,-3,-1119,10000,202,-336
182,-339,10,-3,-1119,10000,201,-336
181,-340,10,-4,-1119,10000,200,-338
180,-340,10,-4,-1119,10000,198,-338
181,-340,10,-4,-1119,10000,198,-338
180,-339,10,-3,-1119,10000,198,-338
180,-339,10,-3,-1119,10000,198,-336
180,-339,10,-4,-1119,10000,198,-336
180,-339,8,-5,-1119,10000,198,-338
180,-340,7,-6,-1119,10000,198,-338
180,-339,7,-6,-1119,10000,198,-336
179,-337,8,-5,-1119,10000,197,-335
179,-337,8,-5,-1119,10000,197,-335
180,-339,7,-6,-1119,10000,197,-336
180,-340,6,-7,-1119,10000,201,-338
181,-340,6,-7,-1119,10000,202,-338
181,-340,6,-7,-1119,10000,201,-338
180,-340,6,-7,-1119,10000,201,-338
179,-341,7,-6,-1119,10000,197,-339
179,-341,7,-6,-1119,10000,197,-339
179,-341,7,-6,-1119,10000,197,-339
179,-341,7,-6,-1119,10000,200,-339
180,-341,7,-6,-1119,10000,197,-339
181,-340,7,-6,-1119,10000,198,-338
182,-339,8,-5,-1119,10000,201,-336
183,-339,8,-5,-1119,10000,201,-336
182,-339,7,-6,-1119,10000,201,-336
181,-340,7,-6,-1119,10000,200,-338
180,-340,8,-5,-1119,10000,198,-338
180,-341,10,-4,-1119,10000,197,-339
179,-341,10,-3,-1119,10000,197,-339
179,-341,10,-3,-1119,10000,197,-339
181,-340,10,-4,-1119,10000,198,-338
183,-339,10,-4,-1119,10000,201,-336
184,-339,10,-4,-1119,10000,202,-336
182,-339,10,-3,-1119,10000,201,-336
181,-340,10,-4,-1119,10000,200,-338
181,-340,10,-4,-1119,10000,198,-338
182,-339,10,-4,-1119,10000,200,-338
182,-339,10,-4,-1119,10000,200,-338
181,-340,10,-4,-1119,10000,200,-338
181,-340,10,-3,-1119,10000,198,-338
180,-340,10,-4,-1119,10000,198,-338
180,-340,10,-4,-1119,10000,198,-338
180,-341,10,-4,-1119,10000,198,-339
180,-341,10,-3,-1119,10000,197,-339
179,-341,10,-3,-1119,10000,197,-339
179,-339,10,-4,-1119,10000,197,-338
178,-337,8,-5,-1119,10000,196,-335
177,-337,7,-6,-1119,10000,195,-334
178,-337,7,-6,-1119,10000,196,-335
178,-338,8,-5,-1119,10000,196,-336
178,-339,8,-5,-1119,10000,196,-338
178,-339,9,-6,-1119,10000,198,-336
178,-339,8,-7,-1119,10000,198,-336
179,-338,7,-7,-1119,10000,200,-335
181,-337,7,-7,-1119,10000,202,-335
183,-337,8,-7,-1119,10000,203,-335
184,-338,9,-8,-1119,10000,205,-335
184,-339,10,-9,-1119,10000,205,-334
184,-339,9,-9,-1119,10000,205,-334
184,-339,8,-8,-1119,10000,205,-336
184,-339,7,-8,-1119,10000,205,-336
184,-338,6,-7,-1119,10000,205,-336
184,-339,6,-7,-1119,10000,205,-336
184,-339,6,-7,-1119,10000,205,-336
184,-339,6,-7,-1119,10000,205,-336
184,-339,6,-7,-1119,10000,205,-336
184,-339,6,-7,-1119,10000,205,-336
184,-338,6,-7,-1119,10000,205,-336
184,-339,7,-6,-1119,10000,202,-336
184,-339,7,-6,-1119,10000,202,-336
184,-339,7,-6,-1119,10000,202,-336
184,-338,6,-7,-1119,10000,205,-336
184,-338,6,-7,-1119,10000,205,-336
184,-339,6,-7,-1119,10000,205,-336
183,-339,6,-7,-1119,10000,203,-336
182,-339,6,-7,-1119,10000,202,-338
181,-340,6,-7,-1119,10000,202,-338
182,-340,6,-7,-1119,10000,202,-338
183,-340,7,-6,-1119,10000,201,-338
184,-340,8,-5,-1119,10000,202,-338
183,-341,8,-5,-1119,10000,201,-339
182,-341,8,-6,-1119,10000,201,-339
181,-342,8,-5,-1119,10000,200,-340
180,-342,9,-4,-1119,10000,198,-340
180,-341,10,-4,-1119,10000,198,-339
180,-340,10,-3,-1119,10000,198,-338
182,-339,10,-4,-1119,10000,200,-338
183,-339,10,-5,-1119,10000,201,-334
183,-339,11,-5,-1119,10000,203,-335
182,-339,10,-5,-1119,10000,201,-334
183,-339,10,-4,-1119,10000,201,-336
182,-339,10,-3,-1119,10000,201,-336
181,-340,10,-4,-1119,10000,200,-338
180,-340,10,-5,-1119,10000,198,-335
180,-341,11,-5,-1119,10000,200,-336
181,-340,12,-6,-1119,10000,201,-335
183,-339,12,-6,-1119,10000,203,-334
184,-339,12,-7,-1119,10000,205,-334
183,-339,11,-7,-1119,10000,203,-334
182,-339,10,-6,-1119,10000,202,-334
181,-338,9,-6,-1119,10000,202,-335
182,-336,9,-6,-1119,10000,202,-334
182,-335,10,-6,-1119,10000,202,-330
182,-335,10,-5,-1119,10000,203,-333
182,-336,9,-5,-1119,10000,201,-333
182,-336,8,-5,-1119,10000,201,-334
182,-338,8,-5,-1119,10000,200,-335
181,-339,7,-6,-1119,10000,200,-336
181,-339,7,-6,-1119,10000,201,-336
181,-338,7,-7,-1119,10000,202,-336
182,-337,7,-6,-1119,10000,202,-335
183,-337,7,-6,-1119,10000,203,-335
183,-337,7,-6,-1119,10000,201,-335
184,-338,7,-6,-1119,10000,202,-335
183,-338,7,-6,-1119,10000,201,-335
183,-337,8,-5,-1119,10000,201,-335
183,-337,8,-5,-1120,10000,201,-335
183,-337,8,-5,-1120,10000,201,-335
184,-338,7,-6,-1119,10000,202,-336
184,-339,6,-7,-1118,10000,205,-336
184,-339,6,-7,-1117,10000,205,-336
184,-338,5,-7,-1118,10000,205,-335
183,-337,6,-7,-1119,10000,203,-335
183,-337,7,-6,-1120,10000,201,-335
183,-337,8,-5,-1120,10000,201,-335
183,-337,8,-5,-1119,10000,201,-334
183,-336,7,-6,-1119,10000,201,-334
182,-336,7,-6,-1119,10000,200,-334
181,-336,8,-5,-1119,10000,198,-334
180,-336,9,-4,-1119,10000,198,-334
181,-337,9,-4,-1119,10000,198,-334
182,-338,8,-5,-1119,10000,200,-335
182,-339,8,-5,-1119,10000,201,-336
181,-340,9,-4,-1119,10000,200,-338
179,-340,9,-4,-1119,10000,197,-338
178,-339,8,-5,-1119,10000,196,-336
179,-337,7,-6,-1119,10000,197,-335
182,-337,8,-6,-1119,10000,202,-334
183,-337,9,-4,-1119,10000,201,-335
183,-339,9,-4,-1119,10000,201,-336
181,-340,9,-4,-1119,10000,200,-338
180,-341,9,-7,-1119,10000,200,-339
179,-341,8,-9,-1119,10000,200,-339
179,-341,8,-10,-1119,10000,202,-339
179,-340,8,-10,-1119,10000,200,-338
179,-340,9,-9,-1119,10000,200,-338
180,-341,10,-9,-1119,10000,203,-336
180,-342,11,-9,-1119,10000,203,-338
180,-343,10,-10,-1119,10000,203,-338
180,-342,10,-10,-1119,10000,203,-338
180,-341,9,-10,-1119,10000,202,-336
179,-340,9,-10,-1119,10000,202,-335
180,-341,10,-10,-1119,10000,202,-336
180,-342,10,-10,-1119,10000,203,-338
181,-344,9,-10,-1119,10000,205,-339
181,-344,8,-10,-1119,10000,205,-341
180,-342,8,-9,-1119,10000,201,-340
180,-341,8,-9,-1119,10000,200,-339
179,-340,8,-9,-1119,10000,200,-338
179,-340,8,-9,-1119,10000,200,-338
180,-341,9,-10,-1119,10000,202,-336
180,-341,9,-10,-1119,10000,202,-336
179,-341,9,-10,-1119,10000,202,-336
180,-341,8,-9,-1119,10000,200,-339
180,-341,8,-9,-1119,10000,200,-339
180,-341,7,-8,-1119,10000,200,-339
179,-341,8,-9,-1119,10000,200,-339
179,-341,8,-9,-1119,10000,200,-339
180,-340,8,-10,-1119,10000,203,-338
180,-340,8,-9,-1119,10000,201,-338
181,-340,7,-8,-1119,10000,202,-338
180,-340,6,-7,-1119,10000,201,-338
180,-340,6,-7,-1119,10000,198,-339
179,-341,6,-7,-1119,10000,200,-339
179,-341,6,-7,-1119,10000,200,-339
180,-341,6,-7,-1119,10000,200,-339
180,-341,6,-7,-1119,10000,200,-339
180,-341,7,-6,-1119,10000,197,-339
180,-341,9,-4,-1119,10000,197,-339
180,-341,9,-4,-1119,10000,197,-339
179,-341,7,-6,-1119,10000,197,-339
179,-341,6,-7,-1119,10000,200,-339
180,-341,6,-8,-1119,10000,200,-339
180,-340,5,-7,-1119,10000,201,-338
181,-340,6,-7,-1119,10000,202,-338
182,-339,7,-6,-1119,10000,200,-338
181,-340,9,-5,-1119,10000,200,-338
182,-339,9,-5,-1119,10000,200,-338
183,-339,7,-5,-1119,10000,201,-336
184,-339,5,-6,-1119,10000,202,-336
184,-339,4,-6,-1119,10000,202,-339
184,-338,5,-6,-1119,10000,202,-335
183,-337,6,-7,-1119,10000,201,-335
183,-337,6,-7,-1119,10000,203,-334
183,-337,6,-7,-1119,10000,203,-335
183,-339,6,-7,-1119,10000,203,-336
182,-340,6,-7,-1119,10000,202,-338
181,-340,7,-6,-1119,10000,202,-338
182,-339,7,-6,-1119,10000,200,-338
183,-339,7,-6,-1119,10000,201,-336
183,-339,7,-6,-1119,10000,201,-336
183,-339,7,-6,-1119,10000,201,-336
182,-339,7,-6,-1119,10000,203,-336
183,-339,6,-7,-1119,10000,203,-336
184,-339,6,-7,-1119,10000,205,-336
184,-338,7,-6,-1119,10000,205,-336
183,-339,7,-6,-1119,10000,201,-336
182,-339,7,-6,-1119,10000,200,-338
181,-340,6,-7,-1119,10000,201,-338
181,-340,6,-7,-1119,10000,202,-338
183,-339,6,-7,-1119,10000,203,-336
184,-338,6,-7,-1119,10000,205,-336
184,-338,7,-7,-1119,10000,205,-336
183,-339,7,-6,-1119,10000,203,-336
180,-340,7,-6,-1119,10000,198,-338
179,-341,7,-5,-1119,10000,197,-339
180,-341,7,-6,-1119,10000,197,-339
180,-340,8,-7,-1119,10000,201,-338
181,-340,10,-8,-1119,10000,201,-335
180,-340,10,-8,-1119,10000,201,-335
180,-341,9,-7,-1119,10000,201,-339
180,-340,7,-7,-1119,10000,201,-338
181,-340,6,-6,-1119,10000,198,-338
180,-339,7,-6,-1119,10000,198,-336
179,-339,9,-4,-1119,10000,197,-338
178,-339,9,-4,-1119,10000,196,-338
178,-339,9,-4,-1119,10000,196,-338
179,-339,9,-6,-1119,10000,200,-338
179,-339,11,-7,-1119,10000,200,-335
179,-340,12,-8,-1119,10000,200,-335
180,-341,13,-7,-1119,10000,200,-336
180,-341,13,-7,-1119,10000,200,-336
180,-341,13,-7,-1119,10000,200,-336
180,-341,12,-8,-1119,10000,202,-336
180,-341,12,-8,-1119,10000,200,-336
179,-341,11,-7,-1119,10000,200,-336
179,-341,10,-7,-1119,10000,200,-336
180,-340,10,-8,-1119,10000,201,-335
180,-340,10,-9,-1119,10000,203,-335
181,-340,11,-10,-1119,10000,205,-335
180,-340,11,-9,-1119,10000,203,-335
180,-340,13,-7,-1119,10000,201,-335
179,-341,13,-7,-1119,10000,200,-336
179,-341,13,-7,-1119,10000,200,-336
180,-341,13,-7,-1119,10000,200,-336
180,-341,13,-7,-1119,10000,200,-336
180,-341,13,-7,-1119,10000,200,-336
179,-341,13,-7,-1119,10000,200,-336
180,-341,12,-6,-1119,10000,200,-336
180,-341,11,-6,-1119,10000,200,-336
180,-341,11,-7,-1119,10000,200,-336
180,-341,11,-8,-1119,10000,200,-336
180,-341,12,-9,-1119,10000,202,-336
180,-341,12,-8,-1119,10000,202,-336
180,-341,12,-8,-1119,10000,202,-336
180,-341,11,-7,-1119,10000,200,-336
180,-341,10,-7,-1119,10000,200,-336
180,-341,10,-6,-1119,10000,200,-336
180,-341,10,-6,-1119,10000,200,-336
180,-341,10,-6,-1119,10000,200,-336
180,-341,10,-6,-1119,10000,200,-339
180,-341,8,-5,-1119,10000,197,-339
180,-341,7,-6,-1119,10000,197,-339
180,-341,6,-7,-1119,10000,200,-339
180,-341,6,-7,-1119,10000,201,-339
180,-341,6,-7,-1119,10000,200,-339
179,-339,6,-7,-1119,10000,200,-338
178,-337,6,-7,-1119,10000,198,-335
177,-337,6,-7,-1119,10000,198,-335
178,-337,6,-7,-1119,10000,198,-335
178,-338,6,-7,-1119,10000,198,-336
177,-338,6,-7,-1119,10000,198,-335
177,-337,6,-7,-1119,10000,198,-335
178,-336,6,-7,-1119,10000,198,-333
180,-335,6,-7,-1119,10000,201,-333
181,-334,6,-7,-1119,10000,202,-332
182,-334,6,-7,-1119,10000,202,-332
181,-334,6,-7,-1119,10000,202,-332
181,-334,6,-7,-1119,10000,202,-332
181,-334,6,-7,-1119,10000,202,-332
182,-334,6,-7,-1119,10000,202,-332
181,-334,6,-7,-1119,10000,202,-332
181,-334,6,-7,-1119,10000,202,-332
181,-334,6,-7,-1119,10000,202,-332
182,-335,6,-7,-1119,10000,202,-333
183,-335,6,-7,-1119,10000,203,-333
184,-335,6,-7,-1119,10000,205,-333
183,-335,6,-7,-1119,10000,203,-333
182,-335,6,-7,-1119,10000,203,-333
182,-336,6,-7,-1119,10000,202,-333
183,-337,6,-7,-1119,10000,203,-334
183,-337,6,-7,-1119,10000,203,-335
183,-337,6,-7,-1119,10000,203,-335
183,-337,6,-7,-1119,10000,203,-335
184,-338,7,-6,-1119,10000,202,-335
184,-339,9,-4,-1119,10000,202,-336
184,-339,8,-5,-1119,10000,202,-336
184,-339,7,-6,-1119,10000,202,-336
185,-339,7,-6,-1119,10000,203,-338
186,-339,7,-6,-1119,10000,206,-338
186,-339,7,-6,-1119,10000,205,-336
185,-339,7,-6,-1119,10000,203,-336
184,-338,6,-7,-1119,10000,205,-335
185,-338,6,-7,-1119,10000,206,-335
185,-338,7,-6,-1119,10000,206,-335
185,-338,8,-5,-1119,10000,203,-335
184,-338,8,-5,-1119,10000,202,-336
183,-339,8,-5,-1119,10000,201,-336
184,-338,7,-7,-1119,10000,205,-336
185,-338,7,-7,-1119,10000,206,-335
185,-337,7,-7,-1119,10000,206,-335
185,-338,7,-6,-1119,10000,203,-335
184,-338,7,-6,-1119,10000,202,-336
184,-339,8,-5,-1119,10000,202,-336
184,-339,9,-6,-1119,10000,205,-336
184,-339,12,-7,-1119,10000,205,-334
184,-338,12,-8,-1119,10000,207,-333
184,-338,12,-8,-1119,10000,205,-334
184,-339,10,-8,-1119,10000,205,-334
184,-339,10,-7,-1119,10000,205,-334
184,-339,10,-7,-1119,10000,205,-334
184,-339,12,-8,-1119,10000,205,-334
184,-339,13,-8,-1119,10000,207,-334
184,-338,13,-7,-1119,10000,205,-334
184,-339,13,-7,-1119,10000,205,-334
184,-339,13,-7,-1119,10000,205,-334
184,-339,12,-8,-1119,10000,205,-335
184,-340,11,-9,-1119,10000,207,-335
184,-340,11,-9,-1119,10000,207,-335
185,-341,11,-9,-1119,10000,208,-336
185,-341,10,-8,-1119,10000,206,-336
185,-341,8,-7,-1119,10000,206,-339
184,-340,7,-8,-1119,10000,205,-338
184,-339,7,-8,-1119,10000,205,-336
184,-338,7,-8,-1119,10000,205,-336
184,-339,7,-7,-1119,10000,205,-336
184,-339,6,-7,-1119,10000,205,-336
184,-339,6,-7,-1119,10000,205,-336
184,-338,6,-7,-1119,10000,205,-336
184,-339,6,-7,-1119,10000,205,-336
184,-340,6,-7,-1119,10000,205,-338
184,-340,6,-7,-1119,10000,205,-338
184,-340,6,-7,-1119,10000,205,-338
184,-339,6,-7,-1119,10000,205,-336
184,-338,6,-7,-1119,10000,205,-336
184,-338,6,-7,-1119,10000,205,-336
184,-339,6,-7,-1119,10000,205,-336
184,-339,6,-7,-1119,10000,205,-336
184,-339,6,-7,-1119,10000,205,-336
184,-339,6,-7,-1119,10000,205,-336
184,-339,6,-7,-1119,10000,205,-336
184,-339,7,-7,-1119,10000,205,-336
184,-339,8,-5,-1119,10000,202,-336
184,-339,8,-5,-1119,10000,202,-336
183,-337,9,-4,-1119,10000,201,-335
182,-335,9,-5,-1119,10000,200,-333
181,-335,9,-6,-1119,10000,202,-333
182,-336,10,-6,-1119,10000,202,-330
183,-337,10,-5,-1119,10000,201,-333
183,-337,10,-4,-1119,10000,201,-335
183,-337,9,-4,-1119,10000,201,-335
183,-337,8,-5,-1119,10000,201,-335
184,-338,8,-5,-1119,10000,202,-336
184,-339,9,-4,-1119,10000,202,-336
184,-339,10,-4,-1119,10000,202,-336
183,-337,10,-3,-1119,10000,201,-335
183,-337,10,-4,-1119,10000,201,-335
183,-337,10,-4,-1119,10000,201,-335
183,-337,10,-3,-1119,10000,201,-335
183,-337,10,-3,-1119,10000,201,-335
183,-337,9,-4,-1119,10000,201,-335
184,-338,9,-4,-1119,10000,202,-336
184,-339,8,-5,-1119,10000,202,-336
184,-339,9,-4,-1119,10000,202,-336
184,-339,9,-4,-1119,10000,202,-336
184,-339,10,-3,-1119,10000,202,-336
184,-339,10,-3,-1119,10000,202,-336
184,-339,10,-3,-1119,10000,202,-336
184,-339,9,-4,-1119,10000,202,-336
184,-339,9,-4,-1119,10000,202,-336
184,-338,8,-5,-1119,10000,202,-336
184,-338,9,-4,-1119,10000,202,-336
184,-338,9,-4,-1119,10000,202,-336
184,-339,9,-4,-1119,10000,202,-336
184,-340,8,-5,-1119,10000,202,-338
185,-340,9,-4,-1119,10000,203,-338
184,-340,9,-4,-1119,10000,202,-338
183,-339,9,-4,-1119,10000,201,-338
180,-340,7,-6,-1119,10000,198,-338
179,-340,6,-7,-1119,10000,200,-338
179,-341,5,-7,-1119,10000,200,-339
179,-341,6,-7,-1119,10000,200,-339
180,-341,7,-6,-1119,10000,198,-339
180,-342,9,-4,-1119,10000,198,-340
180,-343,10,-4,-1119,10000,198,-340
180,-342,10,-3,-1120,10000,198,-340
180,-341,10,-3,-1119,10000,198,-339
179,-340,9,-4,-1119,10000,197,-339
179,-340,8,-5,-1119,10000,197,-339
180,-341,8,-5,-1120,10000,197,-339
180,-341,9,-4,-1120,10000,197,-339
180,-341,10,-4,-1122,10000,197,-339
180,-341,10,-3,-1122,10000,197,-339
180,-341,10,-4,-1121,10000,197,-339
180,-341,9,-4,-1120,10000,197,-339
179,-341,8,-5,-1120,10000,197,-339
180,-341,9,-4,-1120,10000,197,-339
180,-342,9,-4,-1121,10000,198,-340
181,-344,10,-4,-1121,10000,200,-341
181,-344,10,-4,-1121,10000,200,-343
181,-343,10,-4,-1121,10000,198,-341
181,-343,10,-4,-1122,10000,198,-341
182,-342,10,-4,-1122,10000,200,-340
183,-342,10,-4,-1121,10000,201,-340
183,-342,11,-5,-1120,10000,203,-336
183,-342,11,-5,-1119,10000,203,-338
183,-342,11,-6,-1119,10000,203,-338
184,-342,10,-7,-1119,10000,205,-338
185,-341,9,-8,-1120,10000,206,-339
185,-341,8,-8,-1119,10000,206,-339
186,-342,9,-8,-1119,10000,207,-339
186,-343,9,-8,-1119,10000,207,-340
186,-343,9,-8,-1119,10000,207,-341
186,-343,8,-8,-1119,10000,207,-341
186,-343,7,-8,-1119,10000,207,-340
187,-342,7,-8,-1119,10000,208,-340
188,-342,7,-9,-1119,10000,209,-339
189,-341,8,-9,-1119,10000,209,-339
188,-342,9,-7,-1119,10000,209,-339
187,-342,8,-7,-1119,10000,208,-340
186,-343,7,-6,-1119,10000,207,-340
186,-343,6,-7,-1119,10000,207,-340
186,-343,6,-7,-1119,10000,207,-340
186,-343,7,-7,-1119,10000,207,-340
186,-343,9,-5,-1119,10000,205,-340
186,-343,10,-3,-1119,10000,205,-340
186,-343,10,-3,-1119,10000,205,-340
186,-343,9,-4,-1119,10000,205,-340
186,-343,8,-5,-1119,10000,205,-341
186,-342,8,-5,-1119,10000,203,-340
185,-342,9,-4,-1119,10000,203,-339
185,-341,9,-4,-1119,10000,203,-339
185,-341,9,-4,-1119,10000,203,-339
185,-341,8,-6,-1119,10000,203,-339
183,-341,7,-6,-1119,10000,201,-339
182,-340,7,-6,-1119,10000,200,-338
183,-339,7,-6,-1119,10000,201,-336
184,-338,7,-7,-1119,10000,205,-336
184,-339,6,-7,-1119,10000,205,-336
183,-339,6,-7,-1119,10000,203,-336
182,-339,5,-6,-1119,10000,201,-339
182,-339,4,-4,-1119,10000,201,-339
182,-339,4,-4,-1119,10000,200,-340
181,-340,5,-6,-1119,10000,200,-340
181,-340,6,-7,-1119,10000,201,-338
180,-340,7,-7,-1119,10000,201,-338
180,-340,6,-7,-1119,10000,201,-338
181,-340,6,-7,-1119,10000,201,-338
181,-340,6,-7,-1119,10000,201,-338
182,-339,6,-7,-1119,10000,202,-338
183,-339,6,-7,-1119,10000,203,-336
184,-339,6,-7,-1119,10000,205,-336
184,-338,6,-7,-1119,10000,205,-336
184,-338,6,-7,-1119,10000,205,-336
183,-339,6,-7,-1119,10000,203,-336
183,-341,6,-7,-1119,10000,203,-339
184,-342,7,-7,-1119,10000,205,-340
186,-343,7,-8,-1119,10000,207,-340
186,-343,7,-8,-1119,10000,207,-340
186,-343,7,-8,-1119,10000,207,-340
186,-343,7,-8,-1119,10000,207,-340
186,-343,8,-10,-1119,10000,209,-340
186,-343,9,-11,-1119,10000,209,-338
186,-343,10,-11,-1119,10000,209,-338
186,-343,9,-9,-1119,10000,207,-338
186,-343,10,-6,-1119,10000,207,-340
186,-343,10,-4,-1119,10000,205,-340
186,-343,10,-3,-1119,10000,205,-340
186,-343,10,-3,-1119,10000,205,-341
186,-343,10,-4,-1119,10000,205,-341
186,-343,10,-4,-1119,10000,203,-340
185,-342,10,-4,-1119,10000,203,-340
185,-341,10,-3,-1119,10000,203,-339
184,-340,10,-4,-1119,10000,202,-338
184,-339,10,-4,-1119,10000,202,-338
184,-339,10,-4,-1119,10000,202,-336
184,-339,10,-4,-1119,10000,202,-336
184,-339,10,-4,-1119,10000,202,-336
184,-339,10,-4,-1119,10000,202,-336
184,-339,10,-4,-1119,10000,202,-336
184,-339,10,-4,-1119,10000,202,-336
184,-339,10,-4,-1119,10000,202,-336
184,-339,10,-4,-1119,10000,202,-336
184,-339,10,-4,-1119,10000,202,-336
184,-339,10,-4,-1119,10000,202,-336
184,-339,10,-4,-1119,10000,202,-336
184,-339,10,-4,-1119,10000,202,-336
184,-339,10,-4,-1119,10000,202,-336
184,-339,10,-4,-1119,10000,202,-336
184,-339,10,-4,-1119,10000,202,-336
184,-339,10,-4,-1119,10000,202,-336
184,-339,10,-4,-1119,10000,202,-336
184,-339,10,-4,-1119,10000,202,-336
184,-339,10,-4,-1119,10000,202,-336
184,-339,10,-4,-1119,10000,202,-336
184,-339,10,-3,-1119,10000,202,-336
184,-339,10,-4,-1119,10000,202,-336
184,-338,10,-4,-1119,10000,202,-336
184,-339,10,-4,-1119,10000,202,-336
184,-340,10,-3,-1119,10000,202,-338
185,-341,10,-3,-1119,10000,203,-339
186,-343,10,-3,-1119,10000,205,-340
186,-343,9,-5,-1119,10000,205,-341
186,-343,8,-7,-1119,10000,207,-341
186,-343,7,-8,-1119,10000,207,-340
186,-343,7,-9,-1119,10000,207,-340
186,-343,7,-8,-1119,10000,207,-340
186,-343,8,-7,-1119,10000,207,-340
186,-343,8,-7,-1119,10000,207,-340
186,-343,9,-8,-1119,10000,207,-340
186,-343,10,-8,-1119,10000,207,-339
187,-343,11,-7,-1119,10000,207,-339
186,-343,10,-6,-1119,10000,207,-338
185,-342,9,-4,-1119,10000,203,-339
183,-340,7,-5,-1119,10000,201,-338
182,-339,7,-6,-1119,10000,203,-338
183,-340,7,-6,-1119,10000,203,-338
184,-341,8,-5,-1119,10000,202,-339
184,-342,9,-4,-1119,10000,202,-340
182,-342,10,-4,-1119,10000,201,-340
181,-341,10,-3,-1119,10000,200,-339
182,-340,10,-4,-1119,10000,200,-338
182,-339,9,-4,-1119,10000,200,-336
183,-339,8,-5,-1119,10000,201,-336
183,-339,10,-6,-1119,10000,203,-336
184,-339,11,-6,-1119,10000,205,-334
184,-338,11,-6,-1119,10000,205,-334
184,-339,11,-5,-1119,10000,205,-334
183,-339,11,-6,-1119,10000,203,-334
182,-339,12,-7,-1119,10000,203,-334
183,-339,13,-7,-1119,10000,203,-334
183,-339,13,-7,-1119,10000,203,-334
183,-339,13,-8,-1119,10000,206,-334
182,-339,12,-8,-1119,10000,203,-334
183,-339,12,-8,-1119,10000,206,-334
184,-339,12,-8,-1119,10000,207,-334
184,-339,12,-8,-1119,10000,207,-334
184,-338,12,-8,-1119,10000,207,-333
184,-338,11,-9,-1119,10000,207,-333
184,-339,11,-9,-1119,10000,207,-334
184,-340,11,-9,-1119,10000,207,-335
185,-341,11,-9,-1119,10000,208,-336
186,-343,10,-10,-1119,10000,209,-338
186,-343,9,-10,-1119,10000,209,-339
186,-343,9,-11,-1119,10000,209,-339
186,-343,9,-10,-1119,10000,209,-338
186,-343,9,-10,-1119,10000,209,-338
186,-343,9,-10,-1119,10000,209,-338
186,-343,10,-10,-1119,10000,209,-338
186,-343,10,-11,-1119,10000,209,-338
186,-343,9,-10,-1119,10000,209,-338
186,-343,8,-9,-1119,10000,207,-341
186,-343,7,-8,-1119,10000,207,-341
186,-342,7,-8,-1119,10000,207,-340
185,-341,7,-8,-1119,10000,206,-339
185,-341,8,-9,-1119,10000,206,-339
185,-342,8,-10,-1119,10000,208,-340
186,-343,9,-10,-1119,10000,209,-338
185,-342,8,-9,-1119,10000,206,-339
184,-340,7,-8,-1119,10000,205,-338
184,-339,7,-8,-1119,10000,205,-336
184,-338,6,-7,-1119,10000,205,-336
184,-339,6,-7,-1119,10000,205,-336
184,-339,7,-6,-1119,10000,202,-336
184,-339,8,-5,-1119,10000,202,-336
184,-339,9,-5,-1119,10000,202,-336
184,-339,8,-7,-1119,10000,205,-336
184,-339,8,-8,-1119,10000,205,-336
184,-339,9,-8,-1119,10000,205,-336
184,-339,11,-8,-1119,10000,205,-334
184,-339,13,-7,-1119,10000,205,-334
184,-339,13,-7,-1119,10000,205,-334
184,-339,11,-7,-1119,10000,205,-334
184,-338,10,-8,-1119,10000,205,-334
184,-339,10,-8,-1119,10000,205,-334
184,-339,11,-9,-1119,10000,207,-334
184,-339,12,-9,-1119,10000,207,-334
184,-338,11,-9,-1119,10000,207,-333
184,-338,10,-8,-1119,10000,205,-334
183,-339,10,-8,-1119,10000,203,-334
183,-339,11,-8,-1119,10000,203,-334
182,-339,12,-8,-1119,10000,202,-335
182,-339,12,-7,-1119,10000,203,-334
183,-339,10,-6,-1119,10000,203,-334
184,-338,8,-5,-1119,10000,202,-336
184,-338,7,-5,-1119,10000,202,-336
183,-339,7,-6,-1119,10000,203,-336
182,-339,8,-7,-1119,10000,203,-336
182,-339,8,-7,-1119,10000,202,-338
183,-339,7,-8,-1119,10000,203,-336
183,-339,6,-7,-1119,10000,203,-336
184,-338,6,-7,-1119,10000,205,-336
184,-339,6,-7,-1119,10000,205,-336
184,-339,6,-7,-1119,10000,205,-336
184,-339,7,-7,-1119,10000,205,-336
184,-338,7,-7,-1119,10000,205,-336
184,-338,7,-6,-1119,10000,202,-336
184,-340,7,-6,-1119,10000,202,-338
185,-341,7,-6,-1119,10000,203,-339
186,-343,8,-5,-1119,10000,205,-340
186,-343,8,-5,-1119,10000,205,-341
186,-343,8,-5,-1119,10000,205,-341
186,-343,9,-4,-1119,10000,203,-340
186,-343,9,-4,-1119,10000,203,-340
186,-343,10,-3,-1119,10000,205,-341
186,-343,10,-3,-1119,10000,205,-341
186,-343,10,-3,-1119,10000,205,-340
185,-341,10,-4,-1119,10000,203,-339
184,-339,10,-4,-1119,10000,202,-338
184,-339,10,-3,-1119,10000,202,-336
184,-339,10,-4,-1119,10000,202,-338
184,-340,10,-4,-1119,10000,202,-338
184,-340,10,-4,-1119,10000,202,-338
184,-339,10,-4,-1119,10000,202,-336
184,-338,10,-4,-1119,10000,202,-336
184,-338,10,-4,-1119,10000,202,-336
184,-339,10,-3,-1119,10000,202,-336
184,-339,10,-4,-1119,10000,202,-336
184,-339,10,-4,-1119,10000,202,-336
184,-339,10,-4,-1119,10000,202,-336
184,-339,10,-3,-1119,10000,202,-336
184,-339,10,-3,-1119,10000,202,-336
184,-339,9,-4,-1119,10000,202,-336
184,-339,9,-4,-1119,10000,202,-336
184,-339,8,-5,-1119,10000,202,-336
184,-339,9,-5,-1119,10000,202,-336
184,-339,9,-4,-1120,10000,202,-336
184,-339,10,-3,-1120,10000,202,-336
184,-339,10,-3,-1119,10000,202,-336
184,-339,10,-3,-1119,10000,202,-336
184,-339,10,-4,-1119,10000,202,-336
184,-339,10,-5,-1121,10000,202,-334
184,-338,10,-6,-1123,10000,205,-334
184,-338,9,-7,-1124,10000,205,-336
184,-339,7,-7,-1124,10000,205,-336
184,-340,7,-6,-1123,10000,202,-338
185,-340,7,-5,-1121,10000,203,-338
184,-339,9,-5,-1119,10000,202,-338
184,-339,10,-6,-1119,10000,205,-334
184,-339,11,-7,-1119,10000,205,-335
185,-341,11,-7,-1120,10000,206,-336
186,-343,10,-6,-1120,10000,207,-338
186,-343,8,-6,-1119,10000,205,-341
185,-344,7,-5,-1119,10000,203,-341
184,-344,8,-5,-1119,10000,203,-341
185,-343,8,-5,-1119,10000,203,-341
185,-341,9,-5,-1119,10000,203,-339
184,-340,8,-6,-1119,10000,205,-338
183,-339,6,-7,-1119,10000,203,-336
180,-340,5,-7,-1119,10000,201,-338
180,-340,6,-7,-1119,10000,201,-338
180,-341,7,-6,-1119,10000,198,-339
181,-340,9,-4,-1119,10000,200,-338
181,-340,9,-4,-1119,10000,200,-338
181,-340,7,-6,-1119,10000,200,-338
181,-340,6,-7,-1119,10000,201,-338
180,-340,6,-7,-1119,10000,201,-338
180,-340,6,-7,-1119,10000,201,-338
180,-340,6,-7,-1119,10000,201,-338
181,-340,6,-7,-1119,10000,201,-338
182,-339,6,-7,-1119,10000,202,-338
183,-339,7,-6,-1119,10000,203,-336
183,-339,7,-6,-1119,10000,201,-336
184,-338,8,-5,-1119,10000,202,-336
184,-338,9,-4,-1119,10000,202,-336
184,-338,10,-4,-1119,10000,202,-336
184,-339,10,-3,-1119,10000,202,-336
183,-339,10,-3,-1119,10000,201,-338
182,-339,10,-4,-1119,10000,200,-338
181,-339,10,-4,-1119,10000,200,-338
181,-339,10,-4,-1119,10000,200,-336
183,-339,10,-4,-1119,10000,201,-338
184,-340,10,-3,-1119,10000,202,-338
185,-340,10,-3,-1119,10000,203,-338
184,-340,10,-4,-1119,10000,202,-338
184,-339,9,-4,-1119,10000,202,-336
184,-338,8,-5,-1119,10000,202,-335
183,-338,7,-6,-1119,10000,201,-336
183,-339,7,-6,-1119,10000,201,-338
183,-340,7,-6,-1119,10000,201,-338
184,-341,7,-6,-1119,10000,202,-339
185,-341,7,-6,-1119,10000,206,-339
186,-342,7,-7,-1119,10000,207,-339
186,-341,7,-8,-1119,10000,207,-339
185,-341,8,-7,-1119,10000,206,-339
184,-340,10,-7,-1119,10000,205,-335
183,-340,11,-7,-1119,10000,203,-335
182,-340,11,-7,-1119,10000,202,-335
183,-339,10,-6,-1119,10000,203,-334
183,-338,9,-5,-1119,10000,201,-336
184,-338,7,-5,-1119,10000,202,-335
184,-339,7,-6,-1119,10000,202,-336
184,-340,8,-7,-1119,10000,205,-338
184,-340,10,-7,-1119,10000,205,-335
184,-339,10,-5,-1119,10000,205,-335
184,-339,10,-3,-1119,10000,202,-336
184,-339,10,-3,-1119,10000,202,-336
184,-339,10,-3,-1119,10000,202,-338
185,-340,10,-5,-1119,10000,203,-335
184,-340,10,-7,-1119,10000,205,-335
184,-339,9,-8,-1119,10000,205,-336
184,-339,10,-9,-1119,10000,207,-334
184,-338,11,-9,-1119,10000,207,-333
184,-338,13,-7,-1119,10000,205,-334
183,-338,14,-7,-1119,10000,203,-334
183,-339,13,-7,-1119,10000,203,-335
183,-341,12,-8,-1119,10000,203,-336
184,-342,12,-8,-1119,10000,207,-336
185,-342,12,-9,-1119,10000,208,-338
185,-341,12,-8,-1119,10000,208,-336
185,-340,11,-9,-1119,10000,208,-335
184,-339,11,-9,-1119,10000,207,-334
184,-339,11,-9,-1119,10000,207,-334
184,-338,12,-8,-1119,10000,205,-334
184,-338,13,-7,-1119,10000,205,-334
184,-339,13,-7,-1119,10000,205,-334
182,-339,13,-7,-1119,10000,203,-334
181,-340,12,-8,-1119,10000,201,-335
180,-340,11,-9,-1119,10000,203,-335
180,-340,12,-8,-1119,10000,201,-335
182,-339,13,-7,-1119,10000,202,-335
183,-339,13,-7,-1119,10000,203,-334
184,-338,13,-7,-1119,10000,205,-334
184,-338,13,-7,-1119,10000,205,-334
183,-339,13,-7,-1119,10000,203,-334
180,-340,13,-7,-1119,10000,201,-335
179,-341,13,-7,-1119,10000,200,-336
179,-341,13,-7,-1119,10000,200,-336
179,-341,13,-7,-1119,10000,200,-336
180,-341,13,-7,-1119,10000,200,-336
180,-341,13,-7,-1119,10000,200,-336
180,-341,13,-7,-1119,10000,200,-336
179,-341,13,-7,-1119,10000,200,-336
180,-341,11,-7,-1119,10000,200,-336
180,-341,10,-7,-1119,10000,200,-336
180,-341,10,-6,-1120,10000,200,-336
180,-341,10,-6,-1119,10000,200,-336
180,-341,10,-6,-1119,10000,200,-336
180,-341,9,-6,-1119,10000,200,-339
180,-341,10,-6,-1120,10000,200,-336
180,-341,12,-7,-1121,10000,200,-336
180,-341,13,-7,-1121,10000,200,-336
179,-341,12,-8,-1121,10000,202,-336
180,-341,10,-8,-1120,10000,200,-336
180,-341,9,-7,-1119,10000,200,-339
180,-341,9,-6,-1119,10000,200,-339
179,-341,10,-5,-1119,10000,200,-339
179,-341,10,-5,-1120,10000,197,-336
180,-340,11,-5,-1119,10000,201,-335
180,-340,12,-6,-1119,10000,201,-335
181,-340,13,-7,-1119,10000,201,-335
180,-340,13,-8,-1119,10000,203,-335
180,-340,13,-7,-1119,10000,201,-335
180,-340,13,-7,-1119,10000,201,-335
181,-340,13,-7,-1119,10000,202,-335
182,-339,13,-7,-1119,10000,202,-335
183,-339,13,-7,-1119,10000,203,-334
184,-338,13,-7,-1119,10000,205,-334
184,-339,13,-7,-1119,10000,205,-334
184,-340,13,-7,-1119,10000,205,-335
184,-340,13,-7,-1119,10000,205,-335
184,-340,13,-7,-1119,10000,205,-335
184,-339,13,-7,-1119,10000,205,-334
184,-338,13,-7,-1119,10000,205,-333
184,-338,13,-7,-1119,10000,205,-334
184,-338,12,-8,-1119,10000,207,-333
184,-339,11,-9,-1119,10000,207,-334
184,-339,10,-10,-1119,10000,207,-334
184,-339,10,-10,-1119,10000,207,-334
184,-339,10,-9,-1119,10000,207,-334
184,-338,11,-7,-1119,10000,205,-334
185,-338,12,-6,-1119,10000,206,-333
186,-338,11,-7,-1119,10000,206,-333
185,-338,9,-8,-1119,10000,206,-335
184,-338,7,-8,-1119,10000,205,-336
183,-337,7,-6,-1119,10000,203,-335
182,-336,8,-4,-1119,10000,200,-333
181,-334,9,-4,-1119,10000,198,-332
181,-334,8,-6,-1119,10000,202,-332
181,-334,6,-7,-1119,10000,202,-332
181,-335,6,-7,-1119,10000,202,-333
181,-335,6,-7,-1119,10000,202,-333
181,-334,6,-7,-1119,10000,202,-332
182,-334,6,-7,-1119,10000,202,-332
181,-334,6,-6,-1119,10000,198,-332
180,-335,7,-6,-1119,10000,201,-333
178,-336,9,-7,-1119,10000,198,-334
177,-337,9,-9,-1119,10000,197,-332
177,-337,9,-9,-1119,10000,197,-334
177,-336,7,-8,-1119,10000,197,-334
177,-336,6,-7,-1119,10000,197,-334
178,-338,6,-7,-1119,10000,196,-335
179,-339,7,-8,-1119,10000,200,-338
179,-341,9,-10,-1119,10000,202,-336
180,-341,9,-11,-1119,10000,202,-336
180,-341,9,-10,-1119,10000,202,-336
180,-341,8,-7,-1119,10000,200,-339
180,-341,8,-6,-1119,10000,200,-339
180,-341,7,-7,-1119,10000,200,-339
180,-341,7,-8,-1119,10000,200,-339
180,-341,8,-9,-1119,10000,200,-339
180,-341,9,-9,-1119,10000,200,-336
180,-341,9,-8,-1119,10000,200,-336
179,-341,9,-8,-1119,10000,200,-336
179,-340,9,-9,-1119,10000,200,-335
179,-340,10,-9,-1119,10000,202,-335
180,-341,10,-10,-1119,10000,202,-336
180,-343,10,-10,-1119,10000,203,-338
181,-343,10,-10,-1119,10000,203,-339
181,-343,10,-9,-1119,10000,205,-339
182,-343,11,-7,-1119,10000,202,-339
182,-343,11,-6,-1119,10000,203,-339
183,-344,11,-7,-1119,10000,203,-339
184,-344,12,-8,-1119,10000,205,-340
185,-344,12,-9,-1119,10000,208,-339
184,-344,11,-9,-1119,10000,208,-339
183,-344,11,-7,-1119,10000,203,-339
182,-344,10,-6,-1119,10000,203,-341
182,-343,9,-4,-1119,10000,200,-340
182,-341,10,-3,-1119,10000,200,-339
181,-341,10,-3,-1119,10000,200,-339
180,-342,10,-4,-1119,10000,198,-340
180,-343,10,-6,-1119,10000,201,-339
182,-343,10,-7,-1119,10000,202,-339
183,-343,10,-8,-1119,10000,203,-338
184,-343,9,-9,-1119,10000,205,-340
183,-342,8,-10,-1119,10000,206,-340
181,-341,9,-10,-1119,10000,205,-336
180,-340,11,-10,-1119,10000,203,-335
181,-340,12,-8,-1119,10000,203,-335
182,-341,12,-9,-1119,10000,206,-336
185,-342,10,-9,-1119,10000,208,-338
186,-343,10,-10,-1119,10000,209,-338
187,-343,10,-10,-1119,10000,209,-339
185,-344,10,-9,-1119,10000,208,-339
183,-344,10,-9,-1119,10000,206,-340
182,-345,9,-10,-1119,10000,205,-340
182,-345,9,-11,-1119,10000,205,-340
182,-345,9,-10,-1119,10000,206,-340
184,-344,10,-9,-1119,10000,207,-339
184,-343,11,-9,-1119,10000,208,-339
185,-343,10,-10,-1119,10000,208,-339
185,-343,9,-10,-1119,10000,208,-339
185,-343,9,-10,-1119,10000,208,-339
184,-343,10,-10,-1119,10000,208,-339
185,-343,12,-8,-1119,10000,208,-339
186,-343,13,-7,-1119,10000,206,-338
185,-343,12,-6,-1119,10000,206,-339
183,-344,12,-6,-1119,10000,203,-340
182,-345,12,-7,-1119,10000,202,-340
181,-345,13,-7,-1119,10000,202,-340
181,-345,13,-7,-1119,10000,202,-340
181,-345,13,-7,-1119,10000,202,-340
182,-345,13,-8,-1119,10000,206,-340
183,-344,13,-7,-1119,10000,203,-340
185,-344,12,-6,-1119,10000,206,-339
185,-343,10,-5,-1119,10000,203,-338
185,-342,10,-4,-1119,10000,203,-340
184,-342,10,-5,-1119,10000,202,-338
183,-341,11,-6,-1119,10000,203,-336
183,-340,12,-6,-1119,10000,203,-335
183,-339,11,-6,-1119,10000,203,-335
183,-339,11,-5,-1119,10000,203,-334
183,-339,10,-5,-1119,10000,201,-334
183,-339,10,-5,-1119,10000,201,-334
182,-339,10,-4,-1119,10000,200,-338
182,-339,10,-3,-1119,10000,201,-336
183,-339,10,-3,-1119,10000,201,-336
184,-338,9,-4,-1119,10000,202,-336
184,-338,9,-5,-1119,10000,202,-336
183,-339,9,-5,-1119,10000,201,-338
181,-340,9,-4,-1119,10000,198,-338
179,-341,9,-4,-1119,10000,197,-339
178,-340,9,-4,-1119,10000,196,-338
179,-339,8,-5,-1119,10000,197,-338
180,-339,9,-4,-1119,10000,198,-336
182,-339,9,-4,-1119,10000,200,-336
183,-339,10,-4,-1119,10000,201,-336
182,-339,11,-5,-1119,10000,203,-335
181,-340,11,-5,-1119,10000,202,-335
181,-340,10,-5,-1119,10000,202,-338
181,-340,9,-5,-1119,10000,200,-338
182,-339,9,-6,-1119,10000,202,-338
182,-339,11,-7,-1119,10000,203,-334
182,-339,12,-8,-1119,10000,206,-334
182,-339,12,-8,-1119,10000,206,-334
182,-339,12,-8,-1119,10000,206,-334
183,-339,12,-8,-1119,10000,203,-334
182,-339,11,-9,-1119,10000,206,-334
181,-340,10,-9,-1119,10000,205,-335
180,-340,10,-10,-1120,10000,203,-335
180,-341,10,-10,-1119,10000,202,-336
179,-341,10,-9,-1119,10000,202,-336
179,-341,12,-8,-1119,10000,202,-336
180,-341,13,-7,-1120,10000,200,-336
180,-341,13,-7,-1121,10000,200,-336
180,-341,12,-8,-1121,10000,202,-336
179,-341,10,-10,-1121,10000,202,-336
180,-341,10,-10,-1120,10000,202,-336
180,-341,10,-10,-1119,10000,202,-336
180,-341,10,-9,-1119,10000,202,-336
179,-341,11,-9,-1119,10000,202,-336
179,-341,10,-9,-1120,10000,202,-336
179,-341,11,-9,-1119,10000,202,-336
180,-341,11,-9,-1119,10000,202,-336
180,-340,11,-9,-1119,10000,203,-335
179,-341,11,-9,-1119,10000,202,-336
178,-342,12,-8,-1119,10000,201,-336
177,-342,12,-8,-1120,10000,200,-338
176,-343,12,-8,-1119,10000,200,-338
177,-342,12,-8,-1119,10000,197,-338
176,-343,13,-7,-1119,10000,197,-338
176,-343,13,-7,-1120,10000,196,-339
175,-343,13,-7,-1121,10000,196,-339
175,-343,13,-7,-1121,10000,196,-339
175,-343,13,-7,-1121,10000,196,-339
175,-343,13,-7,-1120,10000,196,-339
175,-343,13,-7,-1119,10000,196,-339
175,-343,13,-7,-1119,10000,195,-339
175,-343,13,-7,-1119,10000,196,-339
177,-344,13,-7,-1120,10000,197,-339
180,-344,13,-7,-1119,10000,201,-340
182,-345,13,-7,-1119,10000,202,-340
182,-345,13,-7,-1119,10000,203,-340
182,-345,13,-7,-1120,10000,202,-340
182,-345,13,-7,-1120,10000,202,-340
181,-345,13,-7,-1119,10000,202,-340
182,-345,13,-7,-1119,10000,202,-340
183,-344,13,-7,-1120,10000,203,-340
185,-343,13,-7,-1121,10000,206,-339
186,-343,13,-7,-1123,10000,207,-338
186,-343,13,-7,-1122,10000,207,-338
186,-343,13,-7,-1121,10000,207,-338
186,-343,13,-7,-1121,10000,207,-338
186,-343,13,-7,-1123,10000,207,-338
186,-343,13,-7,-1123,10000,207,-338
186,-343,13,-7,-1123,10000,207,-338
186,-343,13,-7,-1123,10000,207,-339
186,-343,13,-7,-1123,10000,207,-338
186,-343,13,-8,-1124,10000,209,-338
185,-342,12,-8,-1124,10000,206,-336
183,-340,12,-8,-1123,10000,206,-335
182,-339,12,-8,-1123,10000,205,-335
182,-339,12,-8,-1122,10000,206,-334
183,-339,12,-8,-1122,10000,206,-334
184,-339,11,-9,-1121,10000,207,-334
184,-339,9,-9,-1121,10000,205,-334
184,-338,9,-9,-1122,10000,205,-334
184,-339,10,-8,-1123,10000,205,-334
183,-339,10,-7,-1123,10000,203,-334
180,-340,9,-6,-1122,10000,201,-338
179,-341,8,-5,-1122,10000,197,-339
180,-341,7,-5,-1121,10000,197,-339
180,-340,7,-6,-1121,10000,198,-338
181,-340,8,-5,-1120,10000,200,-338
181,-340,9,-5,-1119,10000,198,-338
180,-340,9,-5,-1119,10000,198,-339
179,-341,7,-6,-1119,10000,197,-339
179,-341,6,-7,-1120,10000,200,-339
180,-341,6,-7,-1119,10000,200,-339
179,-341,7,-6,-1119,10000,197,-339
179,-341,9,-4,-1119,10000,197,-339
180,-341,9,-4,-1119,10000,197,-339
180,-340,9,-4,-1119,10000,198,-338
183,-339,8,-5,-1119,10000,201,-336
184,-339,8,-5,-1119,10000,202,-336
184,-338,9,-4,-1119,10000,202,-336
184,-338,10,-3,-1119,10000,202,-336
184,-339,10,-3,-1119,10000,202,-336
184,-339,10,-4,-1119,10000,202,-336
184,-339,8,-5,-1119,10000,202,-336
184,-338,7,-6,-1119,10000,202,-336
184,-339,7,-6,-1119,10000,202,-336
184,-339,8,-5,-1119,10000,202,-336
184,-339,10,-4,-1119,10000,202,-336
184,-339,10,-3,-1119,10000,202,-336
184,-339,10,-3,-1119,10000,202,-336
184,-339,9,-3,-1119,10000,202,-336
184,-339,9,-5,-1119,10000,202,-336
184,-339,8,-7,-1119,10000,205,-336
184,-339,8,-10,-1119,10000,207,-336
184,-339,9,-11,-1119,10000,207,-334
184,-339,10,-11,-1119,10000,207,-334
184,-339,10,-10,-1119,10000,207,-334
184,-339,9,-10,-1119,10000,207,-334
184,-338,9,-10,-1119,10000,207,-333
184,-339,9,-10,-1119,10000,207,-334
184,-339,10,-10,-1119,10000,207,-334
184,-339,10,-10,-1119,10000,207,-334
184,-338,9,-10,-1119,10000,207,-333
184,-338,9,-10,-1119,10000,207,-333
184,-339,9,-10,-1119,10000,207,-334
183,-339,10,-10,-1119,10000,206,-334
180,-340,10,-10,-1119,10000,203,-335
180,-341,9,-10,-1119,10000,202,-336
179,-341,9,-10,-1119,10000,202,-336
179,-341,8,-9,-1119,10000,200,-339
180,-341,7,-8,-1119,10000,200,-339
180,-341,7,-8,-1119,10000,200,-339
179,-340,7,-8,-1119,10000,200,-338
179,-341,7,-8,-1119,10000,200,-339
180,-341,7,-8,-1119,10000,201,-339
180,-342,6,-7,-1119,10000,201,-340
180,-343,6,-7,-1119,10000,201,-340
180,-342,7,-8,-1119,10000,201,-340
180,-341,7,-8,-1119,10000,201,-339
179,-340,7,-8,-1119,10000,200,-338
179,-340,7,-7,-1119,10000,200,-338
180,-341,6,-7,-1119,10000,200,-339
180,-341,6,-7,-1119,10000,200,-339
180,-341,6,-7,-1119,10000,200,-339
180,-341,6,-7,-1119,10000,200,-339
180,-341,6,-7,-1119,10000,200,-339
180,-341,7,-6,-1119,10000,200,-339
180,-341,7,-6,-1119,10000,197,-339
180,-341,8,-5,-1119,10000,197,-339
180,-341,9,-4,-1120,10000,197,-339
180,-341,10,-4,-1119,10000,197,-339
180,-341,10,-3,-1119,10000,197,-339
180,-341,10,-3,-1119,10000,197,-339
180,-341,10,-4,-1120,10000,197,-339
180,-341,10,-4,-1121,10000,197,-339
180,-341,10,-4,-1121,10000,197,-339
180,-341,10,-3,-1121,10000,197,-339
180,-341,10,-4,-1120,10000,197,-339
180,-341,10,-4,-1119,10000,197,-339
180,-341,10,-4,-1119,10000,197,-339
180,-341,10,-3,-1120,10000,197,-339
180,-341,10,-3,-1121,10000,197,-339
180,-341,10,-4,-1122,10000,197,-339
180,-341,8,-5,-1122,10000,197,-339
180,-341,7,-6,-1122,10000,197,-339
180,-341,7,-6,-1120,10000,197,-339
180,-341,7,-6,-1120,10000,197,-339
180,-341,7,-6,-1119,10000,197,-339
180,-341,7,-6,-1119,10000,197,-339
180,-341,7,-6,-1119,10000,197,-339
180,-341,8,-5,-1120,10000,197,-339
180,-341,8,-5,-1119,10000,197,-339
180,-341,8,-5,-1119,10000,197,-339
180,-341,7,-6,-1119,10000,197,-339
180,-341,7,-6,-1119,10000,197,-339
180,-341,7,-6,-1119,10000,197,-339
180,-341,7,-6,-1119,10000,197,-339
180,-341,6,-7,-1119,10000,200,-339
180,-341,5,-7,-1119,10000,200,-339
180,-341,6,-7,-1119,10000,200,-339
180,-341,7,-6,-1119,10000,197,-339
179,-341,9,-5,-1119,10000,197,-339
180,-341,10,-4,-1119,10000,197,-339
180,-341,10,-3,-1119,10000,197,-339
180,-341,10,-3,-1119,10000,197,-339
179,-341,10,-4,-1119,10000,197,-339
179,-341,10,-4,-1119,10000,197,-339
180,-341,10,-5,-1119,10000,197,-336
180,-340,11,-5,-1119,10000,201,-335
181,-339,10,-5,-1119,10000,200,-334
181,-338,11,-5,-1119,10000,202,-334
180,-338,12,-7,-1119,10000,201,-334
180,-339,13,-7,-1119,10000,200,-334
180,-340,12,-7,-1119,10000,200,-335
181,-340,10,-5,-1119,10000,200,-335
182,-339,10,-3,-1119,10000,201,-338
183,-339,10,-5,-1119,10000,201,-334
181,-340,12,-7,-1119,10000,202,-335
179,-341,13,-7,-1119,10000,200,-336
179,-341,12,-7,-1119,10000,200,-336
180,-341,11,-4,-1119,10000,197,-336
181,-340,10,-4,-1119,10000,200,-338
181,-340,9,-6,-1119,10000,202,-338
180,-340,9,-8,-1119,10000,201,-335
180,-340,11,-9,-1119,10000,202,-335
180,-340,12,-9,-1119,10000,203,-335
183,-341,12,-8,-1119,10000,206,-336
185,-341,10,-8,-1119,10000,206,-336
186,-341,8,-9,-1119,10000,207,-339
184,-340,7,-9,-1119,10000,205,-338
183,-341,6,-7,-1119,10000,203,-339
184,-342,6,-7,-1119,10000,205,-340
184,-342,7,-8,-1119,10000,205,-339
184,-340,8,-9,-1119,10000,205,-338
184,-339,9,-9,-1119,10000,205,-334
184,-338,9,-7,-1119,10000,205,-335
184,-338,8,-5,-1119,10000,202,-335
184,-339,7,-5,-1119,10000,202,-336
182,-339,7,-6,-1119,10000,201,-338
180,-340,8,-6,-1119,10000,201,-338
180,-341,9,-5,-1119,10000,197,-339
180,-340,9,-5,-1119,10000,198,-339
181,-340,7,-6,-1119,10000,200,-338
183,-339,6,-7,-1119,10000,203,-338
183,-339,6,-7,-1119,10000,203,-336
182,-338,6,-7,-1119,10000,202,-336
180,-338,6,-7,-1119,10000,201,-336
179,-339,6,-7,-1119,10000,200,-338
179,-341,6,-7,-1119,10000,200,-339
180,-341,6,-7,-1119,10000,200,-339
180,-341,6,-7,-1119,10000,200,-339
180,-341,7,-6,-1119,10000,200,-339
180,-341,7,-6,-1119,10000,197,-339
179,-341,8,-5,-1119,10000,197,-339
180,-341,9,-4,-1119,10000,197,-339
180,-341,10,-4,-1119,10000,197,-339
180,-341,10,-3,-1119,10000,197,-339
180,-341,10,-3,-1119,10000,197,-339
180,-341,10,-4,-1119,10000,197,-339
180,-341,10,-4,-1119,10000,197,-339
180,-341,10,-4,-1119,10000,197,-339
180,-341,10,-3,-1119,10000,197,-339
180,-341,10,-3,-1120,10000,197,-339
180,-341,10,-4,-1120,10000,197,-339
180,-341,9,-4,-1119,10000,197,-339
180,-341,9,-4,-1119,10000,197,-339
180,-341,8,-5,-1120,10000,197,-339
180,-341,8,-5,-1121,10000,197,-339
180,-341,8,-5,-1122,10000,197,-339
180,-341,9,-6,-1123,10000,200,-339
180,-341,10,-6,-1123,10000,200,-336
180,-341,11,-6,-1123,10000,200,-336
180,-341,13,-7,-1123,10000,200,-336
179,-341,13,-7,-1124,10000,200,-336
180,-341,12,-6,-1125,10000,200,-336
180,-341,11,-5,-1125,10000,200,-336
180,-341,10,-4,-1124,10000,197,-339
179,-341,9,-4,-1122,10000,197,-339
179,-341,9,-4,-1121,10000,197,-339
180,-341,8,-5,-1121,10000,197,-339
180,-340,9,-5,-1122,10000,198,-338
183,-339,9,-4,-1122,10000,201,-336
184,-339,10,-3,-1122,10000,202,-336
184,-338,10,-3,-1121,10000,202,-336
184,-338,10,-4,-1120,10000,202,-336
184,-339,9,-4,-1121,10000,202,-336
184,-339,8,-5,-1121,10000,202,-336
184,-339,7,-6,-1122,10000,202,-336
184,-338,6,-6,-1122,10000,202,-336
184,-339,5,-6,-1122,10000,202,-336
184,-339,6,-4,-1121,10000,202,-336
184,-339,7,-4,-1120,10000,202,-336
184,-339,9,-4,-1119,10000,202,-336
184,-338,8,-6,-1119,10000,205,-336
184,-339,6,-7,-1119,10000,205,-336
184,-339,5,-6,-1120,10000,202,-339
184,-339,5,-6,-1119,10000,202,-339
184,-338,5,-6,-1119,10000,202,-336
184,-338,6,-7,-1119,10000,202,-336
184,-339,6,-7,-1119,10000,205,-336
182,-339,6,-7,-1119,10000,203,-336
180,-340,6,-7,-1119,10000,201,-338
180,-340,6,-7,-1119,10000,201,-338
180,-340,6,-7,-1119,10000,201,-338
181,-340,7,-7,-1119,10000,202,-338
181,-340,7,-6,-1119,10000,200,-338
180,-340,7,-6,-1119,10000,198,-339
179,-341,7,-6,-1119,10000,197,-339
179,-341,6,-7,-1119,10000,200,-339
180,-342,6,-7,-1119,10000,201,-340
181,-344,6,-7,-1119,10000,202,-341
182,-345,7,-6,-1119,10000,200,-343
182,-346,8,-5,-1119,10000,200,-344
182,-346,7,-6,-1119,10000,201,-344
182,-345,6,-7,-1119,10000,203,-343
181,-344,5,-7,-1119,10000,202,-341
180,-342,6,-7,-1119,10000,201,-340
180,-341,7,-6,-1119,10000,197,-339
179,-340,8,-5,-1119,10000,197,-339
180,-341,9,-4,-1119,10000,197,-339
180,-341,8,-5,-1119,10000,197,-339
180,-341,9,-4,-1119,10000,197,-339
180,-341,9,-4,-1119,10000,197,-339
180,-341,10,-3,-1119,10000,197,-339
179,-340,10,-3,-1119,10000,197,-339
179,-340,10,-3,-1119,10000,197,-339
180,-341,10,-4,-1119,10000,198,-339
180,-342,10,-4,-1119,10000,198,-340
180,-342,10,-3,-1119,10000,198,-340
180,-342,10,-4,-1119,10000,198,-340
180,-341,10,-4,-1119,10000,198,-339
180,-342,10,-4,-1119,10000,198,-340
181,-344,10,-4,-1119,10000,200,-341
182,-345,10,-4,-1119,10000,200,-344
182,-346,10,-4,-1119,10000,201,-344
182,-345,10,-4,-1119,10000,200,-343
181,-344,10,-4,-1119,10000,200,-341
180,-343,10,-4,-1119,10000,198,-341
180,-343,10,-4,-1119,10000,198,-341
180,-342,10,-4,-1119,10000,198,-340
180,-340,10,-4,-1119,10000,198,-338
181,-340,10,-4,-1119,10000,200,-338
182,-339,10,-4,-1119,10000,200,-338
182,-339,10,-4,-1119,10000,200,-338
182,-339,9,-3,-1119,10000,200,-338
181,-340,10,-4,-1119,10000,200,-338
180,-340,10,-5,-1119,10000,198,-335
180,-340,12,-7,-1119,10000,201,-335
181,-340,13,-7,-1119,10000,202,-335
182,-339,13,-8,-1119,10000,205,-335
182,-339,13,-7,-1119,10000,202,-335
181,-340,13,-7,-1119,10000,202,-335
181,-340,13,-7,-1119,10000,202,-335
182,-339,13,-7,-1119,10000,202,-335
183,-339,13,-7,-1119,10000,203,-334
184,-339,13,-7,-1119,10000,205,-334
184,-339,13,-7,-1119,10000,205,-334
183,-339,13,-7,-1119,10000,203,-334
182,-339,13,-7,-1119,10000,203,-334
182,-339,13,-7,-1119,10000,202,-335
182,-339,13,-7,-1119,10000,202,-335
182,-339,12,-7,-1119,10000,203,-334
183,-339,12,-6,-1119,10000,203,-334
184,-338,12,-7,-1119,10000,205,-334
184,-339,11,-6,-1119,10000,205,-334
182,-339,11,-5,-1119,10000,203,-334
180,-340,10,-4,-1119,10000,198,-338
180,-340,9,-3,-1119,10000,198,-338
182,-339,10,-4,-1119,10000,200,-338
184,-339,10,-4,-1119,10000,202,-336
184,-338,10,-4,-1119,10000,202,-336
184,-338,10,-4,-1119,10000,202,-336
184,-339,10,-4,-1119,10000,202,-336
184,-339,10,-4,-1119,10000,202,-336
184,-338,10,-4,-1119,10000,202,-336
183,-337,10,-3,-1119,10000,201,-335
183,-337,10,-4,-1119,10000,201,-335
183,-337,10,-4,-1119,10000,201,-335
183,-337,10,-4,-1119,10000,201,-334
183,-336,10,-3,-1119,10000,201,-334
182,-336,10,-3,-1119,10000,201,-334
182,-336,10,-4,-1119,10000,201,-334
183,-337,8,-5,-1119,10000,201,-335
183,-337,7,-6,-1119,10000,201,-335
184,-338,7,-6,-1119,10000,202,-335
183,-338,7,-6,-1119,10000,201,-335
182,-338,8,-5,-1119,10000,201,-335
181,-338,7,-6,-1119,10000,200,-335
182,-339,7,-6,-1119,10000,200,-336
182,-339,7,-6,-1119,10000,200,-336
180,-339,8,-5,-1119,10000,198,-336
180,-337,9,-4,-1119,10000,197,-335
180,-337,8,-5,-1119,10000,197,-335
180,-339,8,-5,-1119,10000,197,-336
180,-340,7,-7,-1119,10000,200,-338
179,-340,7,-8,-1119,10000,200,-338
179,-339,7,-9,-1119,10000,200,-338
179,-339,7,-8,-1119,10000,200,-338
179,-340,7,-7,-1119,10000,200,-338
180,-341,6,-7,-1119,10000,197,-339
180,-341,6,-7,-1119,10000,197,-339
180,-341,6,-7,-1119,10000,200,-339
180,-341,7,-8,-1119,10000,200,-339
180,-341,7,-8,-1119,10000,200,-339
180,-341,7,-8,-1119,10000,200,-339
180,-341,6,-7,-1119,10000,200,-339
180,-341,6,-7,-1119,10000,200,-339
180,-341,6,-7,-1119,10000,200,-339
180,-341,6,-7,-1119,10000,200,-339
180,-341,6,-7,-1119,10000,200,-339
180,-341,6,-7,-1119,10000,200,-339
180,-341,6,-7,-1119,10000,200,-339
180,-341,7,-6,-1119,10000,197,-339
180,-341,7,-6,-1119,10000,197,-339
180,-341,7,-6,-1119,10000,197,-339
180,-341,7,-6,-1119,10000,197,-339
179,-341,8,-5,-1119,10000,197,-339
180,-341,10,-4,-1119,10000,197,-339
180,-341,10,-3,-1119,10000,197,-339
180,-341,10,-3,-1119,10000,197,-339
179,-341,10,-4,-1119,10000,197,-339
179,-341,10,-4,-1119,10000,197,-339
180,-340,10,-4,-1119,10000,198,-339
181,-340,10,-3,-1119,10000,198,-338
181,-340,10,-4,-1119,10000,198,-338
180,-340,10,-4,-1119,10000,198,-338
180,-340,10,-4,-1119,10000,198,-339
180,-340,10,-4,-1119,10000,198,-338
183,-339,10,-4,-1119,10000,201,-336
184,-338,10,-4,-1119,10000,202,-336
183,-339,10,-4,-1119,10000,201,-336
180,-340,10,-4,-1119,10000,198,-338
179,-341,10,-4,-1119,10000,197,-339
179,-341,10,-4,-1119,10000,197,-339
181,-340,10,-4,-1120,10000,198,-338
183,-339,10,-4,-1119,10000,201,-336
183,-339,10,-4,-1119,10000,201,-336
181,-340,10,-4,-1119,10000,200,-338
180,-340,10,-4,-1120,10000,198,-338
180,-340,10,-5,-1121,10000,198,-335
182,-339,11,-5,-1121,10000,202,-335
183,-339,10,-5,-1121,10000,201,-334
184,-339,10,-4,-1120,10000,202,-336
184,-338,10,-3,-1119,10000,202,-336
184,-338,9,-4,-1120,10000,202,-336
184,-339,9,-6,-1121,10000,205,-336
184,-339,10,-6,-1121,10000,205,-334
184,-338,10,-5,-1121,10000,205,-336
184,-338,9,-5,-1120,10000,202,-336
183,-339,8,-5,-1119,10000,201,-336
182,-339,7,-6,-1119,10000,201,-336
182,-339,7,-6,-1119,10000,201,-336
183,-339,8,-5,-1120,10000,201,-336
183,-339,9,-5,-1119,10000,201,-336
183,-339,8,-5,-1119,10000,201,-336
181,-340,7,-6,-1119,10000,198,-338
180,-341,7,-6,-1119,10000,200,-339
179,-341,7,-6,-1119,10000,200,-339
180,-341,8,-6,-1119,10000,200,-339
180,-341,9,-4,-1120,10000,197,-339
179,-340,10,-4,-1119,10000,197,-339
179,-341,9,-4,-1119,10000,197,-339
179,-342,7,-5,-1119,10000,197,-340
180,-342,6,-7,-1120,10000,201,-340
182,-342,7,-9,-1121,10000,202,-340
183,-340,8,-10,-1121,10000,206,-338
184,-339,10,-8,-1121,10000,205,-334
184,-338,10,-6,-1120,10000,205,-333
184,-338,10,-5,-1119,10000,205,-333
184,-339,11,-7,-1119,10000,205,-334
184,-339,12,-8,-1119,10000,207,-334
184,-339,12,-9,-1120,10000,207,-334
185,-340,12,-8,-1119,10000,208,-335
184,-340,12,-8,-1119,10000,207,-335
184,-340,12,-8,-1119,10000,207,-335
184,-340,12,-8,-1119,10000,205,-335
184,-339,12,-8,-1119,10000,207,-334
184,-339,13,-7,-1119,10000,205,-334
184,-339,13,-7,-1119,10000,205,-334
184,-339,12,-6,-1119,10000,205,-334
184,-339,11,-6,-1119,10000,205,-334
184,-339,11,-7,-1119,10000,205,-334
184,-339,11,-8,-1119,10000,207,-334
184,-339,12,-9,-1119,10000,207,-334
184,-339,13,-7,-1119,10000,205,-334
184,-339,13,-7,-1119,10000,205,-334
184,-339,13,-7,-1119,10000,205,-334
184,-339,12,-8,-1119,10000,207,-334
184,-339,10,-10,-1119,10000,207,-334
184,-338,10,-10,-1119,10000,207,-333
184,-339,10,-10,-1119,10000,207,-334
184,-339,10,-9,-1119,10000,207,-334
184,-339,10,-10,-1119,10000,207,-334
184,-338,10,-10,-1119,10000,207,-333
183,-337,10,-10,-1119,10000,206,-332
182,-336,10,-10,-1119,10000,205,-330
180,-335,10,-9,-1119,10000,203,-329
180,-335,11,-9,-1119,10000,202,-330
179,-336,11,-9,-1119,10000,202,-330
178,-336,11,-9,-1119,10000,201,-332
177,-337,12,-8,-1119,10000,197,-332
177,-336,12,-8,-1119,10000,197,-332
177,-336,12,-8,-1119,10000,197,-332
177,-336,11,-9,-1119,10000,200,-332
177,-336,10,-9,-1119,10000,200,-332
177,-336,10,-9,-1119,10000,200,-332
177,-336,12,-8,-1119,10000,200,-332
177,-337,12,-8,-1119,10000,197,-332
177,-337,12,-8,-1119,10000,201,-332
177,-336,12,-8,-1119,10000,200,-332
177,-336,12,-9,-1119,10000,200,-332
177,-336,13,-7,-1119,10000,197,-332
178,-338,13,-7,-1119,10000,198,-333
179,-339,13,-7,-1119,10000,200,-335
180,-341,13,-7,-1119,10000,200,-336
180,-341,13,-7,-1119,10000,200,-336
180,-341,13,-7,-1119,10000,200,-336
179,-341,12,-7,-1119,10000,200,-336
178,-341,10,-7,-1119,10000,198,-336
178,-341,11,-8,-1119,10000,198,-336
178,-341,12,-8,-1119,10000,198,-336
177,-341,12,-7,-1119,10000,198,-336
176,-342,11,-6,-1119,10000,197,-338
176,-343,10,-6,-1119,10000,196,-339
177,-344,9,-7,-1119,10000,197,-343
179,-343,9,-9,-1119,10000,200,-339
180,-342,10,-10,-1119,10000,203,-338
180,-341,10,-10,-1119,10000,203,-336
179,-340,10,-10,-1119,10000,202,-335
179,-341,9,-10,-1119,10000,202,-336
179,-341,9,-10,-1119,10000,202,-336
180,-341,9,-10,-1119,10000,202,-336
180,-341,10,-10,-1119,10000,202,-336
180,-341,9,-10,-1119,10000,202,-336
180,-341,9,-10,-1119,10000,202,-336
180,-341,9,-10,-1119,10000,202,-336
180,-341,9,-10,-1119,10000,202,-336
180,-341,9,-10,-1119,10000,202,-336
180,-341,9,-10,-1119,10000,202,-336
180,-341,9,-10,-1119,10000,202,-336
180,-341,9,-10,-1120,10000,202,-336
179,-339,9,-10,-1119,10000,202,-335
178,-338,9,-10,-1119,10000,201,-333
177,-336,9,-10,-1119,10000,200,-332
177,-336,9,-10,-1120,10000,200,-332
177,-336,10,-10,-1121,10000,200,-332
177,-337,9,-10,-1121,10000,201,-332
177,-336,9,-10,-1121,10000,200,-332
177,-336,9,-10,-1120,10000,200,-332
177,-337,9,-11,-1119,10000,201,-332
178,-338,10,-10,-1119,10000,201,-333
178,-338,9,-10,-1119,10000,201,-334
178,-338,8,-10,-1120,10000,201,-335
177,-337,7,-9,-1119,10000,198,-334
177,-336,7,-9,-1119,10000,197,-334
177,-337,8,-9,-1119,10000,198,-334
178,-338,10,-9,-1119,10000,201,-333
178,-338,10,-8,-1119,10000,198,-333
178,-337,8,-7,-1119,10000,198,-335
177,-337,6,-7,-1119,10000,198,-335
178,-338,6,-7,-1119,10000,198,-335
179,-339,7,-8,-1119,10000,200,-336
179,-339,8,-10,-1119,10000,202,-338
179,-339,10,-11,-1119,10000,202,-335
179,-340,10,-11,-1119,10000,202,-335
179,-340,8,-10,-1119,10000,202,-338
180,-341,7,-8,-1119,10000,200,-339
179,-340,6,-7,-1119,10000,197,-338
178,-339,6,-7,-1119,10000,198,-336
178,-338,7,-8,-1119,10000,198,-336
179,-338,7,-8,-1119,10000,200,-336
180,-339,7,-8,-1119,10000,201,-336
181,-340,7,-7,-1119,10000,201,-338
181,-340,6,-7,-1119,10000,201,-338
181,-340,6,-7,-1119,10000,202,-338
182,-339,6,-7,-1119,10000,203,-336
184,-339,6,-7,-1119,10000,205,-336
184,-338,6,-7,-1119,10000,205,-336
184,-338,6,-7,-1119,10000,205,-336
184,-339,6,-7,-1119,10000,205,-336
184,-339,6,-7,-1119,10000,205,-336
184,-338,6,-7,-1119,10000,205,-336
184,-338,6,-7,-1119,10000,205,-336
184,-339,6,-7,-1119,10000,205,-336
182,-339,6,-7,-1119,10000,202,-338
181,-340,6,-7,-1120,10000,201,-338
181,-340,6,-7,-1119,10000,201,-338
182,-339,6,-7,-1119,10000,202,-338
183,-339,6,-7,-1119,10000,203,-336
183,-339,6,-7,-1120,10000,203,-336
181,-340,7,-6,-1121,10000,200,-338
180,-340,9,-4,-1121,10000,198,-338
180,-341,10,-3,-1121,10000,197,-339
179,-341,10,-3,-1120,10000,197,-339
179,-341,9,-4,-1119,10000,197,-339
180,-341,7,-6,-1120,10000,197,-339
180,-341,7,-7,-1121,10000,200,-339
179,-341,7,-6,-1121,10000,197,-339
179,-341,8,-5,-1121,10000,197,-339
180,-340,9,-4,-1120,10000,198,-339
180,-340,10,-4,-1119,10000,198,-338
181,-340,10,-4,-1119,10000,198,-338
180,-340,11,-4,-1119,10000,198,-335
181,-340,11,-5,-1120,10000,201,-335
182,-339,9,-6,-1119,10000,203,-336
184,-339,7,-7,-1119,10000,205,-336
184,-338,7,-6,-1119,10000,202,-335
184,-339,8,-4,-1119,10000,202,-336
183,-339,10,-4,-1119,10000,201,-336
182,-339,11,-5,-1119,10000,202,-335
183,-339,12,-6,-1119,10000,203,-334
183,-339,13,-7,-1119,10000,203,-334
184,-338,13,-8,-1119,10000,207,-333
184,-339,13,-7,-1119,10000,205,-334
184,-339,13,-7,-1119,10000,205,-334
184,-339,13,-7,-1119,10000,205,-334
184,-339,13,-7,-1119,10000,205,-334
184,-339,13,-7,-1119,10000,205,-334
184,-339,13,-7,-1119,10000,205,-335
185,-340,13,-7,-1119,10000,206,-335
185,-340,11,-7,-1120,10000,206,-335
184,-340,10,-7,-1119,10000,205,-335
183,-341,10,-6,-1119,10000,203,-336
181,-341,10,-5,-1119,10000,200,-339
180,-341,10,-4,-1120,10000,197,-339
179,-341,10,-3,-1121,10000,197,-339
179,-341,10,-4,-1121,10000,197,-339
180,-342,10,-4,-1121,10000,198,-340
181,-344,10,-4,-1120,10000,200,-341
182,-345,10,-4,-1119,10000,200,-344
182,-346,10,-3,-1119,10000,201,-344
182,-345,10,-4,-1119,10000,200,-344
181,-344,10,-4,-1120,10000,200,-341
180,-342,10,-4,-1120,10000,198,-340
180,-341,10,-3,-1119,10000,197,-339
180,-342,10,-3,-1119,10000,198,-340
181,-344,10,-4,-1119,10000,200,-341
182,-345,9,-4,-1120,10000,200,-343
182,-346,8,-5,-1121,10000,201,-344
182,-346,7,-6,-1121,10000,201,-344
182,-345,7,-6,-1121,10000,203,-344
181,-345,6,-7,-1120,10000,202,-343
181,-343,6,-7,-1119,10000,202,-341
180,-342,6,-7,-1119,10000,201,-340
180,-342,6,-7,-1119,10000,201,-340
181,-343,6,-7,-1120,10000,201,-341
182,-345,6,-7,-1119,10000,202,-344
183,-346,6,-7,-1119,10000,203,-344
183,-344,6,-7,-1119,10000,203,-343
183,-343,6,-7,-1119,10000,203,-340
182,-343,6,-7,-1119,10000,202,-340
182,-344,6,-7,-1119,10000,202,-341
181,-345,6,-7,-1119,10000,202,-343
182,-345,6,-7,-1119,10000,202,-343
181,-344,6,-7,-1119,10000,202,-341
181,-344,7,-6,-1119,10000,200,-341
181,-343,9,-4,-1119,10000,200,-341
181,-343,9,-4,-1119,10000,198,-341
181,-344,9,-4,-1119,10000,200,-341
181,-344,8,-5,-1119,10000,200,-341
182,-345,8,-5,-1119,10000,200,-343
182,-345,9,-4,-1119,10000,200,-344
182,-345,10,-3,-1119,10000,200,-344
182,-345,10,-3,-1119,10000,200,-343
182,-345,10,-4,-1119,10000,200,-343
182,-345,10,-4,-1119,10000,200,-344
182,-345,10,-4,-1119,10000,200,-344
182,-345,10,-3,-1119,10000,200,-343
181,-344,10,-4,-1119,10000,200,-343
181,-343,10,-4,-1119,10000,198,-341
180,-343,10,-4,-1119,10000,198,-340
180,-342,10,-4,-1119,10000,198,-340
180,-341,10,-4,-1119,10000,197,-339
179,-341,10,-3,-1119,10000,197,-339
178,-341,10,-4,-1119,10000,196,-339
178,-342,10,-4,-1119,10000,196,-340
178,-341,10,-4,-1119,10000,196,-339
179,-341,10,-3,-1119,10000,197,-339
180,-341,10,-3,-1119,10000,197,-339
180,-341,10,-4,-1119,10000,197,-339
180,-341,8,-5,-1119,10000,197,-339
179,-341,7,-6,-1119,10000,197,-339
179,-341,7,-6,-1119,10000,197,-339
180,-341,7,-6,-1119,10000,197,-339
180,-341,7,-6,-1119,10000,200,-339
180,-341,7,-6,-1119,10000,200,-339
180,-341,7,-6,-1119,10000,197,-339
179,-341,7,-6,-1119,10000,197,-339
179,-341,7,-6,-1119,10000,197,-339
180,-340,6,-7,-1119,10000,201,-338
180,-340,6,-7,-1119,10000,201,-338
181,-340,6,-7,-1119,10000,202,-338
180,-340,6,-7,-1119,10000,201,-338
180,-341,6,-7,-1119,10000,200,-339
179,-341,6,-7,-1119,10000,200,-339
180,-341,6,-7,-1119,10000,200,-339
180,-340,6,-7,-1119,10000,201,-338
181,-340,6,-7,-1119,10000,201,-338
180,-340,6,-7,-1119,10000,201,-338
180,-340,6,-7,-1119,10000,201,-338
180,-340,6,-7,-1119,10000,201,-338
181,-340,6,-7,-1119,10000,198,-338
181,-340,6,-7,-1119,10000,202,-338
180,-340,7,-9,-1119,10000,201,-338
181,-339,8,-10,-1119,10000,205,-338
182,-339,8,-10,-1119,10000,205,-336
183,-339,7,-8,-1119,10000,203,-338
183,-341,6,-7,-1119,10000,203,-339
182,-342,6,-7,-1119,10000,202,-340
180,-342,7,-8,-1119,10000,201,-340
179,-342,9,-8,-1119,10000,200,-336
179,-341,11,-7,-1119,10000,200,-336
179,-340,11,-6,-1119,10000,200,-335
180,-341,11,-5,-1119,10000,200,-336
180,-341,11,-5,-1119,10000,200,-336
179,-341,10,-5,-1119,10000,197,-336
180,-341,10,-4,-1119,10000,197,-339
180,-341,10,-4,-1119,10000,197,-339
180,-341,10,-4,-1119,10000,197,-339
180,-341,10,-3,-1119,10000,197,-339
180,-341,10,-4,-1119,10000,197,-339
179,-341,10,-4,-1119,10000,197,-339
180,-341,9,-4,-1120,10000,197,-339
180,-341,9,-4,-1119,10000,197,-339
179,-340,9,-5,-1119,10000,197,-339
179,-340,9,-5,-1119,10000,197,-338
178,-339,8,-5,-1120,10000,196,-338
179,-339,7,-6,-1121,10000,197,-338
180,-340,7,-6,-1121,10000,198,-338
181,-340,7,-6,-1121,10000,202,-338
182,-339,8,-7,-1120,10000,203,-338
183,-339,7,-8,-1119,10000,203,-336
183,-339,7,-8,-1119,10000,203,-336
182,-339,7,-8,-1119,10000,202,-338
181,-340,7,-8,-1120,10000,202,-338
181,-340,7,-8,-1119,10000,201,-338
181,-339,7,-8,-1119,10000,202,-338
181,-338,6,-7,-1119,10000,202,-336
181,-338,6,-7,-1119,10000,202,-335
181,-339,6,-7,-1119,10000,201,-336
181,-340,6,-7,-1119,10000,201,-338
181,-340,6,-7,-1119,10000,201,-338
180,-341,6,-7,-1119,10000,201,-339
180,-340,6,-7,-1119,10000,201,-338
180,-340,6,-7,-1119,10000,201,-338
181,-340,6,-7,-1119,10000,202,-338
182,-339,6,-7,-1119,10000,202,-338
181,-340,6,-7,-1119,10000,202,-338
180,-340,6,-7,-1119,10000,201,-338
181,-340,6,-7,-1119,10000,202,-338
182,-339,6,-7,-1119,10000,203,-336
182,-339,7,-7,-1119,10000,203,-336
181,-340,7,-6,-1119,10000,202,-338
180,-341,7,-6,-1119,10000,197,-339
179,-341,7,-6,-1119,10000,197,-339
179,-341,7,-6,-1119,10000,200,-339
180,-341,7,-7,-1119,10000,200,-339
180,-341,8,-7,-1119,10000,200,-339
180,-341,9,-7,-1119,10000,200,-339
179,-341,9,-6,-1119,10000,200,-339
180,-341,9,-5,-1119,10000,197,-339
180,-341,8,-5,-1119,10000,197,-339
179,-341,7,-6,-1119,10000,197,-339
180,-341,7,-6,-1119,10000,197,-339
180,-341,7,-7,-1119,10000,200,-339
180,-341,7,-6,-1119,10000,197,-339
179,-341,7,-6,-1119,10000,197,-339
179,-341,6,-7,-1119,10000,200,-339
180,-340,6,-7,-1119,10000,201,-338
181,-340,6,-7,-1119,10000,201,-338
181,-340,6,-7,-1119,10000,202,-338
180,-340,6,-7,-1119,10000,201,-338
180,-341,6,-7,-1119,10000,200,-339
179,-341,6,-7,-1119,10000,200,-339
180,-340,6,-7,-1119,10000,201,-338
183,-339,6,-7,-1119,10000,203,-336
184,-338,7,-7,-1119,10000,205,-336
184,-338,7,-8,-1120,10000,205,-336
184,-338,7,-8,-1119,10000,205,-336
184,-339,7,-8,-1119,10000,205,-336
184,-339,7,-8,-1119,10000,205,-336
184,-339,7,-8,-1120,10000,205,-336
184,-338,7,-8,-1121,10000,205,-336
184,-339,7,-7,-1121,10000,205,-336
184,-339,6,-7,-1121,10000,205,-336
184,-339,6,-7,-1120,10000,205,-336
184,-339,6,-7,-1119,10000,205,-336
184,-339,6,-7,-1119,10000,205,-336
184,-339,6,-7,-1119,10000,205,-336
184,-339,7,-8,-1120,10000,205,-336
184,-339,7,-8,-1119,10000,205,-336
184,-339,7,-8,-1119,10000,205,-336
184,-339,7,-8,-1119,10000,205,-336
184,-339,7,-8,-1119,10000,205,-336
184,-339,7,-8,-1119,10000,205,-336
184,-339,8,-7,-1119,10000,205,-336
184,-338,8,-7,-1119,10000,205,-336
184,-338,8,-7,-1119,10000,205,-336
184,-339,9,-7,-1119,10000,205,-336
184,-340,10,-6,-1119,10000,205,-338
184,-340,9,-5,-1119,10000,202,-338
184,-340,9,-4,-1119,10000,202,-338
184,-339,8,-5,-1119,10000,202,-336
184,-338,9,-4,-1119,10000,202,-336
184,-338,9,-4,-1119,10000,202,-336
184,-339,10,-4,-1119,10000,202,-336
184,-340,10,-3,-1119,10000,202,-338
184,-340,10,-4,-1119,10000,202,-338
184,-340,10,-4,-1119,10000,202,-338
184,-339,10,-4,-1119,10000,202,-336
184,-338,10,-3,-1119,10000,202,-336
184,-338,10,-3,-1119,10000,202,-336
184,-339,9,-4,-1119,10000,202,-336
184,-339,9,-4,-1119,10000,202,-336
184,-339,9,-4,-1119,10000,202,-336
184,-339,8,-5,-1119,10000,202,-336
184,-339,8,-5,-1119,10000,202,-336
184,-339,8,-6,-1119,10000,205,-336
184,-339,9,-7,-1119,10000,205,-336
184,-339,9,-7,-1119,10000,205,-336
184,-339,9,-6,-1119,10000,205,-336
184,-338,8,-6,-1119,10000,205,-336
184,-339,8,-5,-1119,10000,202,-336
184,-339,8,-5,-1119,10000,202,-336
184,-339,8,-5,-1119,10000,202,-338
185,-340,8,-6,-1119,10000,203,-338
185,-341,8,-6,-1119,10000,206,-339
185,-343,8,-5,-1119,10000,203,-340
185,-343,8,-5,-1119,10000,203,-341
184,-343,9,-4,-1119,10000,202,-341
184,-342,9,-5,-1119,10000,202,-340
185,-341,9,-6,-1119,10000,206,-339
185,-341,8,-7,-1119,10000,206,-339
186,-342,7,-7,-1119,10000,207,-340
186,-343,8,-8,-1119,10000,207,-341
186,-343,9,-8,-1119,10000,207,-339
186,-343,10,-10,-1119,10000,209,-338
186,-343,10,-10,-1119,10000,209,-338
186,-343,9,-11,-1119,10000,209,-339
186,-343,9,-10,-1119,10000,209,-338
185,-341,9,-10,-1119,10000,208,-336
184,-340,9,-10,-1119,10000,207,-335
184,-339,10,-10,-1119,10000,207,-334
184,-338,10,-11,-1119,10000,207,-333
184,-339,9,-10,-1119,10000,207,-334
184,-339,8,-9,-1119,10000,205,-336
184,-339,7,-8,-1119,10000,205,-336
184,-339,7,-8,-1119,10000,205,-336
184,-339,7,-8,-1119,10000,205,-336
184,-339,8,-9,-1119,10000,205,-336
183,-337,8,-9,-1119,10000,203,-335
182,-336,7,-8,-1119,10000,202,-333
181,-334,6,-7,-1119,10000,202,-332
181,-334,6,-7,-1119,10000,202,-332
181,-334,6,-7,-1119,10000,202,-332
181,-334,6,-7,-1119,10000,202,-332
181,-334,6,-7,-1119,10000,202,-332
181,-335,6,-7,-1119,10000,202,-333
182,-336,6,-7,-1119,10000,202,-333
182,-336,6,-7,-1119,10000,203,-334
182,-336,6,-7,-1119,10000,203,-333
182,-335,7,-6,-1119,10000,200,-333
181,-334,9,-4,-1119,10000,198,-332
181,-334,10,-4,-1119,10000,198,-332
181,-334,10,-3,-1119,10000,198,-332
183,-336,10,-3,-1119,10000,201,-333
184,-337,10,-4,-1119,10000,202,-334
185,-337,10,-4,-1119,10000,203,-335
184,-337,10,-4,-1119,10000,202,-335
183,-337,10,-3,-1119,10000,201,-334
183,-337,10,-4,-1119,10000,201,-335
183,-338,10,-4,-1119,10000,201,-335
184,-339,10,-4,-1119,10000,202,-336
184,-339,10,-4,-1119,10000,202,-336
184,-338,10,-4,-1119,10000,202,-336
184,-339,10,-4,-1119,10000,202,-336
184,-339,10,-4,-1119,10000,202,-336
184,-339,10,-4,-1119,10000,202,-336
184,-338,10,-4,-1119,10000,202,-336
184,-339,10,-4,-1119,10000,202,-336
184,-339,10,-4,-1119,10000,202,-336
184,-339,10,-4,-1119,10000,202,-338
185,-340,10,-4,-1119,10000,203,-338
185,-340,10,-4,-1119,10000,203,-338
184,-340,10,-4,-1119,10000,202,-338
183,-341,10,-4,-1119,10000,201,-339
182,-343,10,-4,-1119,10000,200,-340
181,-345,10,-4,-1119,10000,200,-343
182,-345,10,-4,-1119,10000,200,-343
183,-344,10,-4,-1119,10000,201,-343
183,-343,10,-4,-1119,10000,201,-341
182,-343,10,-4,-1119,10000,201,-340
182,-344,10,-4,-1119,10000,200,-343
181,-345,10,-4,-1119,10000,200,-343
181,-344,10,-4,-1119,10000,200,-343
180,-342,10,-3,-1119,10000,198,-340
180,-341,10,-4,-1119,10000,197,-339
179,-341,10,-4,-1119,10000,197,-339
179,-341,10,-3,-1119,10000,197,-339
180,-341,10,-3,-1119,10000,198,-339
180,-340,10,-3,-1119,10000,198,-338
181,-339,9,-4,-1119,10000,200,-338
181,-340,9,-4,-1120,10000,198,-338
180,-342,8,-5,-1119,10000,198,-340
181,-343,8,-5,-1119,10000,198,-341
181,-344,8,-5,-1119,10000,200,-343
181,-344,7,-6,-1120,10000,198,-341
180,-343,7,-6,-1120,10000,198,-341
180,-342,7,-6,-1121,10000,198,-340
181,-340,7,-6,-1121,10000,198,-338
182,-339,7,-6,-1121,10000,201,-336
184,-338,7,-6,-1122,10000,202,-336
184,-338,7,-6,-1123,10000,205,-335
184,-339,6,-7,-1123,10000,205,-336
182,-339,6,-7,-1122,10000,202,-338
181,-340,6,-7,-1120,10000,201,-338
181,-340,6,-7,-1120,10000,201,-338
182,-339,6,-7,-1119,10000,202,-338
183,-339,6,-7,-1119,10000,203,-336
183,-339,6,-7,-1119,10000,203,-336
183,-339,6,-7,-1120,10000,203,-336
182,-339,6,-7,-1119,10000,202,-338
181,-340,6,-7,-1119,10000,202,-338
180,-340,6,-7,-1119,10000,201,-338
181,-340,6,-7,-1119,10000,201,-338
182,-339,6,-7,-1119,10000,202,-336
183,-337,6,-7,-1119,10000,203,-335
183,-337,6,-7,-1119,10000,203,-335
182,-338,6,-7,-1119,10000,202,-335
181,-340,6,-7,-1119,10000,201,-338
180,-341,6,-7,-1119,10000,200,-339
178,-340,6,-7,-1119,10000,198,-338
177,-338,7,-6,-1119,10000,198,-336
177,-338,8,-5,-1119,10000,195,-335
178,-338,8,-5,-1119,10000,196,-336
180,-338,8,-5,-1119,10000,197,-335
181,-337,7,-6,-1119,10000,202,-335
183,-337,6,-7,-1119,10000,203,-335
183,-337,6,-7,-1119,10000,203,-334
183,-337,6,-7,-1119,10000,203,-335
183,-337,6,-7,-1119,10000,203,-335
183,-337,6,-7,-1119,10000,203,-335
184,-338,6,-7,-1119,10000,205,-336
184,-339,6,-7,-1119,10000,205,-336
184,-339,6,-7,-1119,10000,205,-336
184,-339,6,-7,-1119,10000,205,-336
184,-339,6,-7,-1119,10000,205,-336
184,-338,6,-7,-1119,10000,205,-336
184,-339,6,-7,-1119,10000,205,-336
184,-339,6,-7,-1119,10000,205,-336
184,-339,6,-7,-1119,10000,205,-336
184,-338,6,-7,-1119,10000,205,-336
184,-338,7,-6,-1119,10000,202,-336
183,-339,7,-6,-1119,10000,201,-336
182,-339,7,-6,-1119,10000,201,-336
182,-339,7,-6,-1119,10000,200,-338
183,-339,8,-5,-1119,10000,201,-336
184,-339,10,-4,-1119,10000,202,-336
184,-338,10,-3,-1119,10000,202,-336
183,-339,10,-3,-1119,10000,201,-336
180,-340,10,-4,-1119,10000,198,-338
180,-341,10,-4,-1119,10000,197,-339
179,-341,10,-4,-1119,10000,197,-339
179,-341,10,-4,-1119,10000,197,-339
179,-340,10,-4,-1119,10000,197,-339
180,-341,10,-4,-1119,10000,197,-339
180,-342,10,-4,-1119,10000,198,-340
181,-344,10,-5,-1119,10000,200,-340
181,-345,11,-5,-1119,10000,202,-340
181,-343,12,-6,-1119,10000,202,-339
181,-342,11,-5,-1119,10000,202,-338
182,-342,10,-5,-1119,10000,200,-336
182,-343,9,-4,-1119,10000,201,-340
183,-343,10,-3,-1119,10000,201,-340
183,-341,11,-2,-1119,10000,201,-336
182,-339,12,-1,-1119,10000,201,-335
182,-339,12,-1,-1119,10000,201,-334
183,-339,11,-3,-1119,10000,201,-334
183,-339,10,-3,-1119,10000,201,-336
183,-339,9,-4,-1119,10000,201,-338
183,-339,10,-4,-1119,10000,201,-336
183,-339,10,-4,-1119,10000,201,-336
183,-339,10,-4,-1119,10000,201,-336
183,-339,10,-3,-1119,10000,201,-336
182,-339,9,-3,-1119,10000,201,-336
183,-339,10,-4,-1119,10000,201,-336
183,-339,10,-5,-1120,10000,201,-334
184,-338,12,-7,-1119,10000,205,-334
184,-338,13,-8,-1119,10000,207,-333
184,-339,13,-7,-1119,10000,205,-334
184,-339,12,-6,-1120,10000,205,-334
184,-339,10,-5,-1121,10000,202,-334
184,-338,10,-5,-1121,10000,202,-334
184,-338,11,-6,-1121,10000,205,-334
184,-338,13,-7,-1120,10000,205,-334
184,-339,13,-8,-1119,10000,207,-334
184,-340,13,-7,-1119,10000,205,-335
185,-340,12,-7,-1119,10000,206,-335
184,-340,12,-6,-1120,10000,205,-335
184,-339,12,-7,-1119,10000,205,-334
184,-338,12,-6,-1119,10000,205,-334
184,-338,11,-5,-1119,10000,205,-333
184,-338,9,-4,-1119,10000,202,-336
184,-339,9,-5,-1119,10000,202,-336
183,-339,9,-6,-1119,10000,203,-336
182,-339,10,-6,-1119,10000,202,-335
181,-340,10,-5,-1119,10000,202,-335
182,-339,10,-4,-1119,10000,200,-338
182,-339,10,-3,-1119,10000,201,-336
183,-339,10,-4,-1119,10000,201,-336
182,-339,10,-4,-1119,10000,201,-336
182,-339,10,-4,-1119,10000,201,-336
183,-339,10,-4,-1119,10000,201,-336
182,-339,10,-4,-1119,10000,201,-336
181,-340,10,-4,-1119,10000,200,-338
180,-340,10,-4,-1119,10000,198,-338
180,-341,10,-4,-1119,10000,197,-339
179,-341,10,-4,-1119,10000,197,-339
179,-341,10,-4,-1119,10000,197,-339
180,-341,10,-4,-1119,10000,197,-339
180,-341,10,-4,-1119,10000,197,-339
180,-341,10,-4,-1119,10000,197,-339
179,-341,10,-4,-1119,10000,197,-339
180,-341,10,-4,-1119,10000,197,-339
180,-341,10,-4,-1119,10000,197,-339
180,-341,10,-4,-1119,10000,197,-339
179,-339,10,-4,-1119,10000,197,-338
179,-339,10,-4,-1119,10000,197,-336
178,-339,10,-4,-1119,10000,196,-336
178,-339,10,-4,-1119,10000,196,-338
179,-339,9,-3,-1119,10000,197,-338
181,-340,7,-1,-1119,10000,196,-338
183,-339,7,0,-1120,10000,198,-340
184,-339,6,0,-1119,10000,200,-339
183,-339,6,0,-1119,10000,198,-339
182,-339,7,0,-1119,10000,198,-340
182,-339,7,-1,-1120,10000,198,-336
183,-338,8,-2,-1121,10000,198,-336
184,-339,7,-1,-1121,10000,200,-336
184,-339,7,0,-1120,10000,200,-340
185,-341,6,0,-1120,10000,201,-341
185,-341,6,0,-1120,10000,201,-341
184,-340,7,-1,-1120,10000,200,-338
184,-339,9,-3,-1121,10000,202,-336
184,-339,10,-4,-1121,10000,202,-336
184,-340,9,-3,-1120,10000,202,-338
185,-342,7,-1,-1119,10000,201,-340
186,-343,6,0,-1119,10000,202,-344
186,-342,7,-1,-1120,10000,201,-339
184,-340,8,-3,-1121,10000,202,-338
183,-339,10,-4,-1121,10000,201,-336
182,-340,10,-4,-1122,10000,201,-338
184,-342,10,-4,-1122,10000,202,-340
186,-343,10,-3,-1122,10000,205,-341
187,-343,9,-4,-1121,10000,205,-341
186,-343,8,-5,-1120,10000,205,-340
185,-341,9,-5,-1119,10000,203,-339
184,-340,9,-4,-1120,10000,202,-338
184,-339,9,-4,-1120,10000,202,-336
184,-338,9,-4,-1121,10000,202,-336
184,-339,7,-6,-1121,10000,202,-336
184,-339,6,-7,-1120,10000,205,-336
184,-339,5,-7,-1119,10000,205,-336
184,-338,6,-7,-1119,10000,205,-336
184,-339,7,-6,-1119,10000,202,-336
182,-339,9,-4,-1120,10000,200,-338
180,-340,8,-5,-1119,10000,198,-338
180,-340,7,-6,-1119,10000,198,-338
182,-339,7,-6,-1119,10000,200,-338
184,-339,7,-7,-1119,10000,205,-336
184,-338,7,-6,-1119,10000,205,-336
184,-338,7,-6,-1119,10000,202,-336
184,-339,8,-5,-1119,10000,202,-336
184,-339,8,-5,-1119,10000,202,-336
184,-339,9,-5,-1119,10000,202,-336
184,-338,9,-6,-1119,10000,205,-336
184,-339,10,-5,-1119,10000,205,-336
184,-339,10,-5,-1119,10000,205,-334
184,-339,11,-5,-1119,10000,205,-334
184,-339,12,-6,-1119,10000,205,-334
184,-339,13,-7,-1120,10000,205,-334
184,-339,12,-7,-1119,10000,205,-334
184,-339,12,-6,-1119,10000,205,-334
184,-339,12,-6,-1119,10000,205,-334
184,-339,12,-6,-1120,10000,205,-334
184,-339,12,-6,-1121,10000,205,-334
184,-339,11,-6,-1121,10000,205,-334
184,-339,10,-5,-1120,10000,202,-334
184,-339,10,-4,-1120,10000,202,-336
184,-339,10,-4,-1120,10000,202,-336
184,-338,10,-4,-1121,10000,202,-336
184,-339,10,-4,-1121,10000,202,-336
184,-339,10,-4,-1120,10000,202,-336
184,-339,10,-4,-1119,10000,202,-336
184,-338,10,-4,-1119,10000,202,-336
184,-338,10,-3,-1119,10000,202,-336
184,-339,10,-4,-1120,10000,202,-336
183,-339,10,-4,-1119,10000,201,-336
182,-339,10,-4,-1119,10000,200,-338
181,-340,10,-3,-1119,10000,198,-338
180,-340,10,-3,-1119,10000,198,-339
180,-340,9,-4,-1119,10000,198,-339
180,-340,9,-5,-1119,10000,198,-338
181,-340,8,-5,-1119,10000,198,-338
180,-340,7,-3,-1119,10000,198,-338
180,-340,7,-2,-1119,10000,196,-339
179,-341,7,-1,-1119,10000,195,-339
179,-341,8,-1,-1119,10000,195,-339
180,-341,7,-1,-1119,10000,195,-339
179,-341,7,0,-1119,10000,195,-341
179,-341,6,0,-1119,10000,195,-341
180,-341,7,0,-1119,10000,195,-341
180,-340,7,0,-1119,10000,196,-341
181,-340,7,0,-1119,10000,197,-340
182,-339,7,0,-1119,10000,197,-340
183,-339,6,0,-1119,10000,198,-339
184,-339,7,0,-1119,10000,200,-339
184,-339,7,0,-1119,10000,200,-339
183,-339,6,-1,-1119,10000,198,-340
182,-339,6,-2,-1119,10000,197,-340
183,-339,6,-3,-1119,10000,198,-340
183,-339,6,-2,-1119,10000,198,-336
184,-338,8,-2,-1119,10000,200,-336
184,-338,9,-2,-1119,10000,202,-336
184,-339,9,-4,-1119,10000,202,-336
184,-339,7,-7,-1119,10000,205,-336
184,-339,6,-7,-1119,10000,205,-336
184,-338,6,-7,-1119,10000,205,-336
184,-338,6,-7,-1119,10000,205,-336
184,-339,6,-7,-1119,10000,205,-336
183,-339,6,-7,-1119,10000,203,-336
180,-340,6,-7,-1119,10000,201,-338
180,-341,6,-7,-1119,10000,200,-339
179,-341,6,-7,-1119,10000,200,-339
179,-341,6,-7,-1119,10000,200,-339
179,-341,6,-7,-1119,10000,200,-339
180,-341,7,-6,-1119,10000,197,-339
180,-340,7,-6,-1119,10000,198,-338
183,-339,7,-6,-1119,10000,201,-336
184,-339,7,-7,-1119,10000,205,-336
184,-339,6,-7,-1119,10000,205,-338
184,-341,6,-7,-1119,10000,205,-339
182,-342,6,-7,-1119,10000,203,-340
182,-343,7,-6,-1119,10000,200,-340
182,-343,8,-6,-1119,10000,202,-340
182,-342,8,-7,-1119,10000,202,-340
182,-341,7,-8,-1119,10000,202,-339
182,-339,7,-8,-1119,10000,203,-338
184,-339,7,-7,-1119,10000,205,-336
184,-338,9,-4,-1119,10000,202,-335
184,-338,10,-3,-1119,10000,202,-336
182,-339,10,-3,-1119,10000,201,-336
180,-340,9,-5,-1119,10000,198,-338
180,-340,7,-7,-1119,10000,201,-338
180,-340,6,-7,-1119,10000,201,-338
181,-340,7,-6,-1119,10000,201,-338
180,-340,8,-5,-1119,10000,198,-338
180,-340,9,-4,-1119,10000,198,-338
180,-340,9,-4,-1119,10000,198,-338
181,-340,9,-4,-1119,10000,200,-338
180,-340,8,-5,-1119,10000,198,-338
180,-340,7,-6,-1119,10000,197,-339
180,-339,7,-6,-1119,10000,198,-338
181,-338,8,-5,-1119,10000,200,-335
183,-336,9,-4,-1119,10000,201,-334
183,-335,9,-4,-1119,10000,201,-333
181,-335,8,-5,-1119,10000,200,-333
180,-335,8,-5,-1119,10000,198,-333
179,-335,9,-4,-1119,10000,197,-333
179,-336,10,-3,-1120,10000,196,-333
178,-336,10,-3,-1119,10000,196,-334
179,-336,10,-4,-1119,10000,196,-333
179,-336,10,-4,-1119,10000,197,-334
179,-337,10,-4,-1120,10000,197,-334
178,-338,10,-4,-1121,10000,196,-335
178,-338,10,-4,-1121,10000,196,-336
178,-339,10,-3,-1120,10000,196,-336
179,-339,10,-3,-1120,10000,197,-338
179,-339,10,-4,-1120,10000,197,-338
178,-338,9,-4,-1120,10000,196,-335
177,-337,8,-5,-1121,10000,195,-335
178,-337,7,-6,-1121,10000,196,-335
179,-339,7,-6,-1120,10000,200,-338
180,-341,7,-7,-1119,10000,200,-339
180,-341,7,-8,-1119,10000,201,-339
180,-341,7,-9,-1119,10000,200,-339
179,-341,7,-8,-1120,10000,200,-339
179,-341,7,-7,-1119,10000,200,-339
179,-341,6,-7,-1119,10000,200,-339
180,-340,6,-7,-1119,10000,201,-338
183,-339,6,-7,-1119,10000,203,-336
184,-338,6,-7,-1119,10000,205,-336
184,-338,6,-7,-1119,10000,205,-336
184,-339,6,-7,-1119,10000,205,-336
183,-339,6,-7,-1119,10000,203,-336
182,-339,6,-7,-1119,10000,202,-336
181,-340,6,-7,-1119,10000,201,-338
181,-341,6,-7,-1119,10000,201,-339
181,-342,6,-7,-1119,10000,201,-339
181,-342,6,-7,-1119,10000,202,-340
182,-341,6,-7,-1119,10000,202,-339
181,-340,6,-7,-1119,10000,202,-338
181,-339,6,-7,-1119,10000,202,-338
181,-340,6,-7,-1119,10000,201,-338
180,-340,6,-7,-1119,10000,201,-338
180,-341,6,-7,-1119,10000,201,-339
179,-341,6,-7,-1119,10000,200,-339
179,-341,6,-7,-1119,10000,200,-339
180,-341,7,-8,-1119,10000,200,-339
181,-340,7,-8,-1119,10000,201,-338
183,-339,8,-7,-1119,10000,203,-336
184,-339,9,-7,-1119,10000,205,-336
184,-338,10,-6,-1119,10000,205,-334
184,-338,10,-6,-1119,10000,205,-334
184,-339,10,-7,-1119,10000,205,-334
184,-339,9,-8,-1119,10000,205,-336
184,-339,8,-8,-1119,10000,205,-336
184,-338,8,-8,-1119,10000,205,-336
184,-339,10,-9,-1119,10000,207,-334
184,-339,10,-9,-1120,10000,207,-334
184,-339,11,-9,-1120,10000,207,-334
184,-339,10,-8,-1119,10000,205,-334
184,-339,10,-7,-1119,10000,205,-334
184,-339,11,-8,-1120,10000,205,-334
184,-339,11,-9,-1121,10000,207,-334
184,-339,10,-8,-1123,10000,205,-334
184,-339,9,-6,-1123,10000,205,-336
184,-339,9,-5,-1121,10000,202,-336
184,-340,9,-5,-1119,10000,205,-338
184,-340,10,-6,-1119,10000,205,-335
184,-340,10,-6,-1119,10000,205,-335
184,-340,9,-5,-1121,10000,202,-338
184,-340,8,-4,-1122,10000,202,-338
185,-341,9,-4,-1122,10000,203,-339
186,-342,9,-5,-1122,10000,203,-340
185,-341,10,-6,-1120,10000,206,-339
184,-340,9,-7,-1119,10000,205,-338
184,-339,8,-7,-1119,10000,205,-336
184,-338,8,-6,-1120,10000,205,-335
184,-338,8,-5,-1121,10000,202,-336
184,-339,8,-5,-1121,10000,202,-336
183,-339,7,-6,-1121,10000,201,-338
180,-340,7,-7,-1120,10000,201,-338
180,-341,7,-7,-1119,10000,200,-339
179,-341,8,-5,-1119,10000,197,-339
179,-341,9,-4,-1119,10000,197,-339
180,-341,9,-4,-1120,10000,197,-339
180,-341,9,-4,-1119,10000,197,-339
180,-341,9,-4,-1119,10000,197,-339
179,-341,9,-4,-1119,10000,197,-339
179,-341,9,-4,-1119,10000,197,-339
180,-340,9,-4,-1119,10000,198,-339
180,-340,8,-5,-1119,10000,198,-338
181,-340,9,-4,-1119,10000,198,-338
180,-340,9,-4,-1119,10000,198,-338
181,-340,9,-4,-1119,10000,200,-338
182,-339,7,-6,-1119,10000,201,-336
184,-339,6,-7,-1119,10000,205,-336
184,-338,6,-7,-1119,10000,205,-336
184,-338,6,-7,-1119,10000,205,-336
184,-339,6,-7,-1120,10000,205,-336
184,-339,6,-7,-1119,10000,205,-336
184,-339,6,-7,-1119,10000,205,-336
184,-338,6,-7,-1119,10000,205,-336
184,-339,6,-7,-1120,10000,205,-336
184,-339,6,-7,-1121,10000,205,-336
184,-339,6,-7,-1121,10000,205,-336
184,-339,6,-7,-1121,10000,205,-336
184,-339,6,-7,-1120,10000,205,-336
184,-339,6,-7,-1119,10000,205,-336
184,-339,6,-7,-1119,10000,205,-336
184,-339,6,-7,-1119,10000,205,-336
184,-339,6,-7,-1120,10000,205,-336
184,-339,6,-7,-1119,10000,205,-336
184,-339,6,-7,-1119,10000,205,-336
184,-339,6,-7,-1119,10000,205,-336
184,-339,6,-7,-1119,10000,205,-336
184,-339,6,-7,-1119,10000,205,-336
184,-339,6,-7,-1119,10000,205,-336
184,-339,6,-7,-1119,10000,205,-336
184,-339,6,-7,-1119,10000,205,-336
184,-338,6,-7,-1119,10000,205,-335
183,-338,6,-7,-1120,10000,203,-335
183,-337,6,-7,-1119,10000,203,-335
182,-336,6,-7,-1119,10000,203,-334
182,-335,6,-7,-1119,10000,202,-333
182,-334,6,-7,-1120,10000,202,-332
181,-334,6,-7,-1121,10000,202,-332
180,-335,6,-7,-1121,10000,201,-333
180,-335,6,-7,-1121,10000,200,-333
180,-335,6,-7,-1120,10000,201,-333
181,-334,6,-7,-1119,10000,202,-332
182,-334,6,-7,-1119,10000,202,-332
182,-336,6,-7,-1119,10000,202,-333
182,-337,6,-7,-1120,10000,202,-334
181,-337,5,-8,-1120,10000,201,-335
180,-337,4,-8,-1121,10000,201,-335
179,-337,5,-8,-1121,10000,200,-335
178,-338,6,-7,-1121,10000,198,-336
179,-339,6,-7,-1121,10000,200,-338
180,-340,6,-7,-1120,10000,201,-338
183,-339,6,-7,-1120,10000,203,-338
184,-339,6,-7,-1119,10000,205,-336
184,-338,6,-7,-1119,10000,205,-336
184,-338,6,-7,-1119,10000,205,-336
184,-339,6,-7,-1120,10000,205,-336
184,-339,6,-7,-1119,10000,205,-336
184,-339,6,-7,-1119,10000,205,-336
184,-339,6,-7,-1119,10000,205,-336
184,-339,6,-7,-1119,10000,205,-336
184,-338,6,-7,-1120,10000,205,-336
184,-339,6,-7,-1119,10000,205,-336
184,-340,6,-7,-1119,10000,205,-338
185,-341,6,-7,-1119,10000,206,-339
186,-343,6,-7,-1120,10000,207,-340
187,-343,7,-8,-1121,10000,207,-341
186,-343,8,-7,-1121,10000,207,-341
186,-343,8,-7,-1121,10000,207,-340
186,-342,7,-7,-1120,10000,207,-340
186,-343,6,-7,-1119,10000,207,-340
187,-343,6,-7,-1119,10000,207,-341
186,-343,6,-7,-1119,10000,207,-340
184,-342,6,-7,-1120,10000,205,-340
183,-341,6,-7,-1119,10000,203,-339
182,-339,7,-7,-1119,10000,203,-336
182,-339,7,-8,-1119,10000,203,-336
182,-339,7,-8,-1119,10000,203,-336
182,-340,7,-8,-1120,10000,202,-338
180,-340,7,-7,-1119,10000,201,-338
180,-341,6,-7,-1119,10000,200,-339
179,-341,6,-7,-1119,10000,200,-339
179,-341,6,-7,-1120,10000,200,-339
180,-341,6,-7,-1120,10000,200,-339
180,-341,6,-7,-1121,10000,200,-339
180,-341,6,-7,-1121,10000,200,-339
180,-341,6,-7,-1121,10000,200,-339
179,-341,6,-7,-1122,10000,200,-339
179,-341,6,-7,-1123,10000,200,-339
180,-341,6,-7,-1123,10000,200,-339
180,-340,7,-6,-1123,10000,198,-338
183,-339,7,-6,-1123,10000,201,-336
184,-339,7,-6,-1123,10000,202,-336
184,-338,6,-7,-1123,10000,205,-336
184,-338,6,-7,-1123,10000,205,-336
184,-339,6,-7,-1123,10000,205,-336
184,-339,6,-7,-1122,10000,205,-336
184,-339,6,-7,-1122,10000,205,-336
184,-338,6,-7,-1120,10000,205,-336
184,-339,6,-7,-1120,10000,205,-336
184,-339,6,-7,-1119,10000,205,-336
184,-339,7,-6,-1119,10000,202,-336
184,-339,7,-6,-1120,10000,202,-336
184,-339,7,-6,-1121,10000,202,-336
184,-339,6,-7,-1123,10000,205,-336
184,-339,6,-7,-1122,10000,205,-336
184,-339,6,-7,-1121,10000,205,-336
184,-339,6,-7,-1121,10000,205,-336
184,-339,6,-7,-1122,10000,205,-336
184,-338,6,-7,-1124,10000,205,-336
183,-337,6,-7,-1125,10000,203,-335
183,-337,6,-7,-1125,10000,203,-335
183,-337,6,-7,-1124,10000,203,-335
184,-338,6,-7,-1123,10000,205,-336
184,-339,6,-7,-1122,10000,205,-336
184,-339,6,-7,-1122,10000,205,-336
184,-338,6,-7,-1122,10000,205,-336
184,-339,6,-7,-1121,10000,205,-336
184,-339,7,-7,-1120,10000,205,-336
184,-339,8,-5,-1120,10000,202,-336
184,-338,8,-5,-1121,10000,202,-336
184,-338,8,-5,-1123,10000,202,-336
184,-339,8,-6,-1123,10000,202,-336
183,-339,8,-6,-1121,10000,201,-336
182,-339,8,-5,-1120,10000,200,-338
181,-340,7,-4,-1119,10000,200,-338
180,-340,7,-3,-1119,10000,198,-338
180,-341,7,-4,-1120,10000,197,-339
179,-341,8,-4,-1120,10000,197,-339
179,-341,9,-3,-1119,10000,197,-339
180,-341,9,-3,-1119,10000,197,-339
180,-341,9,-3,-1119,10000,197,-339
179,-341,9,-3,-1119,10000,197,-339
179,-341,9,-3,-1119,10000,197,-339
180,-340,8,-3,-1119,10000,198,-339
180,-340,8,-3,-1119,10000,198,-338
181,-340,8,-4,-1119,10000,200,-338
181,-341,9,-4,-1119,10000,200,-339
182,-342,9,-4,-1119,10000,201,-339
184,-342,9,-4,-1119,10000,202,-340
185,-342,8,-5,-1119,10000,203,-340
186,-342,9,-4,-1119,10000,205,-340
186,-343,9,-4,-1119,10000,205,-340
186,-343,9,-4,-1119,10000,205,-341
186,-343,7,-6,-1119,10000,205,-340
186,-343,6,-7,-1119,10000,207,-340
186,-343,5,-7,-1119,10000,207,-340
186,-343,6,-7,-1119,10000,207,-340
186,-343,7,-6,-1120,10000,205,-340
186,-343,9,-4,-1119,10000,205,-340
186,-343,9,-4,-1119,10000,205,-340
186,-343,9,-4,-1119,10000,205,-340
186,-343,9,-4,-1120,10000,205,-340
186,-343,8,-5,-1121,10000,205,-340
186,-343,8,-5,-1121,10000,205,-340
186,-343,7,-6,-1121,10000,205,-340
186,-343,6,-7,-1120,10000,207,-340
186,-343,5,-7,-1119,10000,207,-340
187,-343,6,-7,-1119,10000,207,-340
186,-343,7,-6,-1119,10000,205,-341
185,-343,9,-4,-1120,10000,203,-341
182,-343,9,-4,-1119,10000,201,-341
180,-342,9,-4,-1119,10000,198,-340
179,-341,8,-5,-1119,10000,197,-339
179,-341,8,-5,-1119,10000,197,-339
180,-341,9,-4,-1119,10000,197,-339
180,-341,10,-3,-1119,10000,197,-339
180,-341,10,-3,-1119,10000,197,-339
179,-341,10,-4,-1119,10000,197,-339
180,-341,10,-4,-1119,10000,197,-339
180,-341,10,-4,-1119,10000,197,-339
180,-341,10,-3,-1119,10000,197,-339
180,-341,10,-4,-1119,10000,197,-339
180,-341,10,-4,-1119,10000,197,-339
180,-341,10,-4,-1119,10000,197,-339
179,-341,10,-4,-1119,10000,197,-339
180,-341,10,-4,-1120,10000,197,-339
180,-341,10,-4,-1120,10000,197,-339
179,-341,10,-4,-1119,10000,197,-339
179,-341,10,-4,-1119,10000,197,-339
179,-341,10,-4,-1120,10000,197,-339
180,-340,10,-4,-1121,10000,198,-339
180,-340,10,-4,-1123,10000,198,-338
181,-340,10,-4,-1123,10000,198,-338
181,-340,10,-4,-1121,10000,200,-338
181,-340,10,-4,-1120,10000,200,-338
181,-340,10,-4,-1119,10000,198,-338
180,-340,10,-5,-1119,10000,198,-335
180,-340,11,-5,-1120,10000,201,-335
179,-341,10,-5,-1120,10000,197,-336
179,-341,11,-5,-1121,10000,200,-336
180,-341,12,-6,-1122,10000,200,-336
179,-341,13,-7,-1123,10000,200,-336
179,-341,13,-8,-1124,10000,202,-336
179,-341,13,-7,-1124,10000,200,-336
180,-340,12,-6,-1123,10000,201,-335
183,-339,10,-5,-1120,10000,201,-334
184,-338,10,-5,-1119,10000,202,-334
184,-338,11,-5,-1119,10000,205,-333
183,-339,12,-5,-1121,10000,203,-334
182,-339,11,-6,-1123,10000,203,-334
182,-339,10,-6,-1123,10000,202,-338
183,-339,7,-6,-1123,10000,203,-336
183,-339,6,-7,-1121,10000,203,-336
183,-339,6,-7,-1120,10000,203,-336
181,-340,6,-7,-1120,10000,202,-338
180,-341,6,-7,-1119,10000,200,-339
179,-341,6,-7,-1119,10000,200,-339
179,-339,6,-7,-1119,10000,200,-338
179,-339,6,-7,-1120,10000,200,-336
179,-339,6,-7,-1119,10000,200,-338
180,-341,6,-7,-1119,10000,200,-339
180,-341,6,-7,-1119,10000,200,-339
180,-341,6,-7,-1119,10000,200,-339
179,-339,6,-7,-1119,10000,200,-338
178,-339,6,-7,-1119,10000,198,-336
179,-339,6,-7,-1119,10000,200,-338
179,-340,6,-7,-1119,10000,200,-338
180,-341,6,-7,-1119,10000,200,-339
180,-341,6,-7,-1119,10000,200,-339
179,-341,6,-7,-1119,10000,200,-339
180,-341,6,-7,-1119,10000,200,-339
181,-340,7,-6,-1119,10000,200,-338
183,-339,7,-6,-1119,10000,201,-336
183,-339,7,-6,-1119,10000,201,-336
181,-340,7,-6,-1119,10000,200,-338
180,-341,8,-5,-1119,10000,197,-339
179,-341,10,-4,-1119,10000,197,-339
179,-341,10,-3,-1119,10000,197,-339
180,-340,10,-3,-1119,10000,198,-338
183,-339,10,-4,-1119,10000,201,-336
184,-338,10,-4,-1119,10000,202,-336
184,-338,10,-4,-1119,10000,202,-336
183,-339,10,-4,-1119,10000,201,-334
180,-340,11,-5,-1119,10000,201,-335
179,-341,11,-5,-1119,10000,200,-336
179,-341,11,-5,-1119,10000,200,-336
180,-340,11,-5,-1119,10000,201,-335
182,-339,11,-4,-1119,10000,200,-335
182,-339,10,-4,-1119,10000,200,-338
181,-340,10,-6,-1119,10000,202,-338
180,-340,8,-7,-1119,10000,201,-338
180,-341,7,-8,-1119,10000,200,-339
179,-341,6,-8,-1119,10000,200,-339
179,-341,6,-7,-1119,10000,200,-339
180,-341,6,-7,-1119,10000,200,-339
180,-341,6,-7,-1119,10000,200,-339
180,-341,6,-7,-1119,10000,200,-339
180,-341,6,-7,-1119,10000,200,-339
179,-340,6,-7,-1119,10000,200,-338
179,-339,6,-7,-1119,10000,200,-338
179,-339,6,-7,-1119,10000,200,-336
179,-339,6,-7,-1119,10000,200,-338
179,-340,7,-6,-1119,10000,197,-339
180,-341,7,-6,-1119,10000,197,-339
180,-341,7,-6,-1119,10000,198,-339
180,-341,6,-7,-1119,10000,200,-339
179,-340,6,-7,-1119,10000,200,-338
179,-339,6,-7,-1119,10000,200,-338
179,-339,6,-7,-1119,10000,200,-336
178,-339,7,-6,-1119,10000,196,-336
178,-339,8,-5,-1119,10000,196,-336
178,-339,8,-5,-1119,10000,196,-336
179,-339,8,-6,-1120,10000,197,-336
179,-339,7,-6,-1119,10000,197,-338
179,-341,7,-6,-1119,10000,200,-339
180,-341,7,-6,-1119,10000,197,-339
180,-341,8,-5,-1120,10000,198,-339
180,-340,10,-5,-1121,10000,201,-338
181,-340,11,-5,-1121,10000,201,-335
180,-340,11,-5,-1120,10000,201,-335
180,-340,11,-5,-1120,10000,201,-335
180,-340,12,-6,-1119,10000,201,-335
182,-339,13,-7,-1120,10000,202,-335
183,-339,13,-7,-1121,10000,203,-334
182,-339,13,-7,-1122,10000,203,-334
183,-339,13,-7,-1122,10000,203,-334
184,-339,13,-7,-1122,10000,205,-334
184,-338,13,-7,-1123,10000,205,-334
184,-339,12,-6,-1123,10000,205,-334
183,-339,11,-5,-1123,10000,203,-334
182,-339,10,-5,-1122,10000,200,-335
183,-339,10,-5,-1123,10000,201,-334
183,-339,11,-5,-1124,10000,203,-334
184,-338,11,-5,-1124,10000,205,-334
184,-338,11,-5,-1124,10000,205,-334
184,-339,10,-5,-1124,10000,205,-334
184,-339,10,-6,-1124,10000,205,-334
184,-339,9,-6,-1124,10000,205,-336
184,-339,9,-6,-1124,10000,205,-336
184,-339,10,-4,-1123,10000,202,-336
184,-339,10,-3,-1122,10000,202,-336
184,-338,10,-3,-1123,10000,202,-336
184,-338,9,-4,-1124,10000,202,-336
184,-339,9,-5,-1125,10000,202,-336
182,-339,8,-5,-1124,10000,200,-338
181,-340,9,-4,-1123,10000,198,-338
181,-340,9,-4,-1121,10000,200,-338
182,-339,10,-3,-1120,10000,200,-338
182,-339,10,-3,-1121,10000,201,-336
181,-340,10,-3,-1122,10000,200,-338
180,-341,10,-3,-1123,10000,197,-339
179,-341,9,-4,-1124,10000,197,-339
179,-340,9,-4,-1124,10000,197,-339
181,-340,8,-5,-1124,10000,200,-338
182,-341,9,-5,-1124,10000,200,-339
182,-342,9,-4,-1124,10000,200,-340
180,-342,9,-4,-1124,10000,198,-340
180,-341,9,-4,-1123,10000,197,-339
179,-341,8,-5,-1122,10000,197,-339
179,-341,8,-6,-1123,10000,200,-339
180,-341,8,-7,-1124,10000,200,-339
181,-340,8,-7,-1124,10000,201,-338
183,-339,8,-7,-1124,10000,203,-336
184,-339,8,-8,-1124,10000,205,-336
184,-338,9,-9,-1124,10000,205,-336
184,-339,9,-10,-1124,10000,207,-334
184,-339,10,-11,-1124,10000,207,-334
184,-338,9,-11,-1124,10000,207,-333
183,-337,9,-10,-1123,10000,206,-333
183,-337,9,-10,-1122,10000,206,-332
183,-337,9,-10,-1122,10000,206,-333
184,-338,10,-10,-1122,10000,207,-333
184,-339,9,-10,-1121,10000,207,-334
184,-339,9,-10,-1121,10000,207,-334
184,-339,10,-10,-1121,10000,207,-334
184,-339,9,-10,-1121,10000,207,-334
184,-339,9,-10,-1120,10000,207,-334
184,-339,9,-10,-1120,10000,207,-334
184,-339,10,-10,-1119,10000,207,-334
184,-339,10,-10,-1119,10000,207,-334
184,-338,9,-10,-1119,10000,207,-333
184,-339,8,-10,-1120,10000,207,-336
184,-339,8,-9,-1119,10000,205,-336
184,-339,8,-10,-1119,10000,207,-336
184,-338,9,-10,-1119,10000,207,-333
184,-338,10,-11,-1119,10000,207,-333
184,-339,10,-11,-1119,10000,207,-334
183,-339,9,-10,-1119,10000,206,-334
180,-340,9,-10,-1119,10000,203,-335
180,-341,8,-9,-1119,10000,200,-339
179,-341,7,-8,-1119,10000,200,-339
179,-341,7,-7,-1119,10000,200,-339
180,-341,7,-7,-1119,10000,200,-339
180,-341,7,-8,-1119,10000,200,-339
180,-342,7,-8,-1119,10000,201,-339
180,-343,7,-8,-1119,10000,201,-340
181,-343,7,-7,-1119,10000,202,-341
181,-344,6,-7,-1119,10000,202,-343
181,-345,6,-7,-1119,10000,200,-343
182,-345,6,-7,-1119,10000,203,-344
183,-345,7,-7,-1119,10000,205,-343
185,-343,7,-8,-1119,10000,206,-341
186,-343,7,-8,-1119,10000,207,-340
186,-343,8,-9,-1119,10000,207,-340
186,-343,9,-10,-1119,10000,209,-338
186,-343,9,-10,-1119,10000,209,-338
186,-343,9,-10,-1119,10000,209,-339
186,-343,8,-9,-1119,10000,207,-341
186,-343,8,-9,-1119,10000,207,-340
185,-341,8,-9,-1119,10000,206,-339
184,-340,8,-9,-1119,10000,205,-338
184,-339,8,-9,-1119,10000,205,-336
184,-338,8,-9,-1119,10000,205,-335
184,-338,8,-9,-1119,10000,205,-336
184,-339,8,-9,-1119,10000,205,-336
183,-339,8,-10,-1119,10000,206,-336
180,-340,9,-10,-1119,10000,203,-335
180,-341,9,-10,-1119,10000,202,-336
179,-341,8,-10,-1119,10000,202,-339
180,-341,8,-9,-1119,10000,200,-339
179,-340,8,-10,-1119,10000,202,-338
179,-339,9,-10,-1119,10000,202,-335
179,-339,10,-10,-1119,10000,202,-334
179,-340,10,-10,-1119,10000,202,-335
179,-340,9,-10,-1119,10000,202,-335
180,-341,9,-10,-1119,10000,202,-336
180,-341,9,-10,-1119,10000,202,-336
179,-341,10,-10,-1119,10000,202,-336
179,-341,9,-11,-1119,10000,202,-336
180,-341,9,-11,-1119,10000,203,-336
181,-340,9,-10,-1119,10000,203,-335
180,-339,10,-9,-1119,10000,203,-334
179,-337,12,-8,-1119,10000,202,-333
178,-336,13,-8,-1119,10000,201,-332
178,-336,12,-8,-1119,10000,198,-330
180,-335,10,-8,-1119,10000,200,-330
181,-334,10,-8,-1119,10000,201,-329
182,-335,10,-8,-1119,10000,202,-330
182,-336,10,-8,-1119,10000,203,-332
183,-337,9,-9,-1119,10000,203,-333
183,-337,9,-9,-1119,10000,203,-333
183,-337,9,-9,-1119,10000,203,-333
183,-337,10,-9,-1119,10000,206,-333
183,-338,9,-9,-1119,10000,203,-333
184,-339,8,-8,-1119,10000,205,-336
184,-339,7,-8,-1119,10000,205,-336
184,-339,7,-8,-1119,10000,205,-336
184,-339,7,-8,-1119,10000,205,-336
184,-339,6,-7,-1119,10000,205,-336
184,-339,6,-7,-1119,10000,205,-336
184,-339,7,-8,-1119,10000,205,-336
184,-340,7,-8,-1119,10000,205,-338
185,-341,7,-8,-1119,10000,206,-339
185,-341,7,-7,-1119,10000,206,-339
185,-341,6,-7,-1119,10000,206,-339
185,-341,6,-7,-1119,10000,206,-339
185,-342,6,-7,-1119,10000,206,-339
186,-343,6,-7,-1119,10000,207,-341
186,-343,6,-7,-1119,10000,207,-341
185,-342,6,-7,-1119,10000,206,-339
184,-340,6,-7,-1119,10000,205,-338
184,-339,6,-7,-1119,10000,205,-336
184,-338,6,-7,-1119,10000,205,-335
184,-339,6,-7,-1119,10000,202,-336
184,-339,6,-7,-1119,10000,205,-336
184,-339,7,-8,-1119,10000,205,-336
184,-338,8,-10,-1119,10000,207,-336
184,-338,9,-10,-1119,10000,207,-333
184,-339,10,-11,-1119,10000,207,-334
182,-339,10,-10,-1119,10000,206,-334
181,-340,9,-10,-1119,10000,205,-335
180,-340,9,-10,-1119,10000,203,-335
181,-340,9,-11,-1119,10000,203,-335
180,-340,10,-10,-1119,10000,203,-335
180,-340,11,-9,-1119,10000,203,-335
180,-339,12,-8,-1119,10000,202,-334
180,-339,11,-9,-1119,10000,202,-334
180,-339,11,-9,-1119,10000,203,-334
181,-339,10,-9,-1119,10000,205,-334
183,-340,11,-9,-1119,10000,206,-335
182,-340,13,-7,-1119,10000,202,-335
180,-339,13,-7,-1119,10000,201,-334
179,-339,13,-7,-1119,10000,200,-334
178,-338,13,-7,-1119,10000,198,-333
179,-337,11,-6,-1119,10000,200,-332
180,-337,10,-5,-1119,10000,198,-332
182,-338,11,-5,-1119,10000,202,-333
184,-338,12,-6,-1119,10000,205,-334
184,-339,13,-7,-1119,10000,205,-334
183,-339,12,-7,-1119,10000,203,-334
182,-339,10,-6,-1119,10000,203,-334
182,-339,8,-5,-1119,10000,201,-336
184,-340,7,-6,-1119,10000,202,-338
185,-342,7,-6,-1119,10000,203,-339
185,-343,8,-6,-1119,10000,206,-341
185,-344,9,-5,-1119,10000,203,-341
185,-343,9,-5,-1119,10000,203,-341
186,-343,7,-6,-1120,10000,205,-340
186,-343,6,-7,-1119,10000,207,-340
184,-343,6,-7,-1119,10000,206,-341
183,-344,6,-7,-1119,10000,203,-343
183,-344,6,-7,-1120,10000,203,-343
184,-344,6,-7,-1121,10000,206,-341
186,-343,6,-7,-1121,10000,207,-340
186,-342,6,-7,-1121,10000,207,-340
186,-342,7,-8,-1120,10000,207,-340
186,-343,7,-8,-1119,10000,207,-341
187,-344,7,-8,-1119,10000,207,-341
187,-345,6,-8,-1120,10000,208,-343
187,-344,5,-8,-1121,10000,208,-341
186,-343,4,-8,-1123,10000,207,-341
186,-343,5,-8,-1123,10000,207,-340
186,-343,6,-7,-1122,10000,207,-341
186,-343,6,-7,-1121,10000,207,-340
186,-342,6,-7,-1120,10000,207,-339
184,-340,6,-7,-1120,10000,205,-338
184,-339,6,-7,-1120,10000,205,-336
184,-338,6,-7,-1121,10000,205,-336
184,-339,6,-7,-1121,10000,205,-336
184,-339,6,-7,-1121,10000,205,-336
183,-337,6,-7,-1120,10000,203,-335
180,-336,6,-7,-1119,10000,201,-334
179,-336,6,-7,-1119,10000,200,-333
178,-336,6,-7,-1119,10000,198,-333
179,-336,6,-7,-1120,10000,200,-333
178,-336,6,-7,-1119,10000,198,-334
178,-336,6,-7,-1119,10000,198,-334
177,-336,6,-7,-1119,10000,197,-334
177,-336,6,-7,-1119,10000,197,-334
177,-336,6,-7,-1119,10000,197,-334
177,-336,7,-6,-1119,10000,195,-334
177,-336,8,-6,-1119,10000,197,-334
177,-336,8,-7,-1119,10000,197,-334
177,-336,8,-8,-1119,10000,197,-334
177,-337,7,-8,-1119,10000,197,-334
177,-337,6,-7,-1119,10000,197,-335
177,-336,6,-7,-1119,10000,197,-334
178,-336,6,-7,-1119,10000,198,-333
180,-335,6,-7,-1119,10000,201,-333
182,-336,7,-7,-1119,10000,203,-333
182,-338,8,-6,-1119,10000,200,-335
180,-340,8,-5,-1119,10000,198,-338
179,-341,8,-5,-1119,10000,197,-339
180,-341,8,-5,-1119,10000,197,-339
180,-340,9,-4,-1119,10000,198,-338
181,-340,9,-4,-1119,10000,200,-338
182,-339,8,-5,-1119,10000,200,-338
181,-340,7,-6,-1119,10000,200,-338
182,-339,6,-7,-1119,10000,202,-338
183,-339,6,-7,-1119,10000,203,-336
184,-339,6,-7,-1119,10000,205,-336
184,-338,6,-7,-1119,10000,205,-336
184,-338,6,-7,-1119,10000,205,-336
184,-339,6,-7,-1119,10000,205,-336
184,-339,6,-7,-1119,10000,205,-336
184,-338,6,-7,-1119,10000,205,-336
184,-338,6,-7,-1119,10000,205,-336
184,-339,6,-7,-1119,10000,205,-336
182,-339,6,-7,-1119,10000,202,-338
180,-340,6,-7,-1119,10000,201,-338
180,-340,6,-7,-1119,10000,201,-338
182,-339,6,-7,-1119,10000,202,-338
184,-339,6,-7,-1119,10000,205,-336
184,-338,6,-7,-1119,10000,205,-336
184,-338,6,-7,-1119,10000,205,-336
184,-339,6,-7,-1119,10000,205,-336
184,-339,6,-7,-1119,10000,205,-336
184,-339,6,-7,-1119,10000,205,-336
184,-338,6,-7,-1119,10000,205,-336
184,-339,6,-7,-1119,10000,205,-336
184,-339,6,-7,-1119,10000,205,-336
184,-339,6,-7,-1119,10000,205,-336
184,-338,6,-7,-1119,10000,205,-336
184,-339,6,-7,-1119,10000,205,-336
184,-339,6,-7,-1119,10000,205,-336
184,-339,6,-7,-1119,10000,205,-336
184,-338,6,-7,-1119,10000,205,-336
184,-338,6,-7,-1119,10000,205,-336
183,-339,7,-7,-1119,10000,203,-336
183,-339,7,-8,-1119,10000,203,-336
182,-339,7,-8,-1119,10000,202,-338
183,-339,7,-8,-1119,10000,203,-336
183,-339,8,-9,-1119,10000,203,-336
184,-338,8,-9,-1119,10000,205,-336
184,-338,8,-9,-1119,10000,205,-336
184,-339,7,-8,-1119,10000,205,-336
184,-339,6,-7,-1119,10000,205,-336
184,-339,6,-7,-1119,10000,202,-336
184,-338,6,-7,-1119,10000,205,-336
183,-337,6,-7,-1119,10000,203,-335
182,-336,6,-7,-1119,10000,202,-334
182,-336,6,-7,-1119,10000,202,-333
182,-336,6,-7,-1119,10000,202,-334
182,-336,6,-7,-1119,10000,203,-334
182,-336,6,-7,-1119,10000,203,-334
183,-337,6,-7,-1119,10000,203,-334
183,-337,6,-7,-1119,10000,203,-335
184,-338,6,-7,-1119,10000,205,-336
184,-339,6,-7,-1119,10000,205,-336
184,-339,6,-7,-1119,10000,205,-336
184,-339,6,-7,-1119,10000,205,-336
184,-339,6,-7,-1119,10000,205,-336
184,-339,6,-7,-1119,10000,205,-336
184,-338,7,-6,-1120,10000,202,-336
184,-339,8,-5,-1119,10000,202,-336
184,-339,8,-5,-1119,10000,202,-336
184,-339,8,-5,-1119,10000,202,-336
184,-338,8,-5,-1120,10000,202,-336
184,-338,9,-4,-1121,10000,202,-336
184,-339,9,-4,-1121,10000,202,-336
182,-339,10,-3,-1120,10000,200,-338
181,-340,10,-3,-1120,10000,198,-338
181,-340,10,-3,-1120,10000,198,-338
182,-339,10,-4,-1120,10000,200,-338
183,-339,9,-4,-1121,10000,201,-336
183,-339,7,-6,-1121,10000,201,-336
181,-340,6,-7,-1120,10000,202,-338
180,-340,5,-7,-1119,10000,201,-338
180,-341,6,-7,-1120,10000,200,-339
179,-341,7,-6,-1120,10000,197,-339
179,-341,9,-4,-1121,10000,197,-339
180,-341,9,-4,-1121,10000,197,-339
180,-341,7,-6,-1122,10000,197,-339
180,-341,6,-7,-1123,10000,200,-339
179,-341,6,-7,-1123,10000,200,-339
180,-341,6,-7,-1121,10000,200,-339
180,-341,6,-7,-1119,10000,200,-339
180,-341,6,-7,-1119,10000,200,-339
180,-341,6,-7,-1120,10000,200,-339
180,-341,6,-7,-1121,10000,200,-339
180,-341,6,-7,-1121,10000,200,-339
180,-341,6,-7,-1120,10000,200,-339
180,-341,6,-7,-1119,10000,200,-339
180,-341,6,-7,-1120,10000,200,-339
180,-341,7,-7,-1121,10000,200,-339
180,-341,6,-7,-1121,10000,200,-339
180,-341,5,-5,-1121,10000,197,-341
180,-341,4,-4,-1120,10000,197,-341
180,-341,4,-4,-1119,10000,197,-341
180,-341,5,-5,-1119,10000,197,-341
180,-341,6,-7,-1119,10000,200,-339
180,-341,7,-7,-1120,10000,200,-339
180,-341,6,-7,-1119,10000,200,-339
180,-341,6,-7,-1119,10000,200,-339
179,-341,6,-7,-1119,10000,200,-339
179,-341,6,-7,-1119,10000,200,-339
179,-341,7,-7,-1119,10000,200,-339
180,-341,7,-6,-1119,10000,197,-339
180,-341,7,-6,-1119,10000,197,-339
179,-341,7,-6,-1119,10000,200,-339
178,-341,6,-7,-1119,10000,198,-339
177,-342,7,-6,-1119,10000,195,-340
177,-342,9,-4,-1119,10000,195,-340
178,-342,10,-4,-1119,10000,196,-340
178,-341,9,-4,-1119,10000,196,-339
179,-341,7,-6,-1119,10000,197,-339
178,-341,7,-6,-1119,10000,196,-339
178,-342,8,-5,-1119,10000,196,-340
178,-341,10,-3,-1119,10000,196,-339
179,-341,10,-3,-1119,10000,197,-339
180,-341,9,-4,-1119,10000,197,-339
180,-340,7,-6,-1119,10000,198,-339
179,-341,6,-7,-1119,10000,200,-339
179,-341,6,-7,-1119,10000,200,-339
179,-341,6,-7,-1120,10000,200,-339
180,-340,7,-8,-1119,10000,201,-338
180,-340,7,-8,-1119,10000,201,-338
181,-340,7,-8,-1119,10000,201,-338
181,-340,7,-9,-1120,10000,201,-338
181,-340,8,-9,-1120,10000,201,-338
181,-340,8,-9,-1121,10000,202,-338
182,-339,7,-8,-1121,10000,202,-338
181,-340,6,-7,-1122,10000,202,-338
180,-340,6,-7,-1123,10000,198,-338
181,-340,6,-7,-1123,10000,201,-338
183,-339,6,-7,-1121,10000,203,-336
184,-338,6,-7,-1120,10000,205,-336
184,-338,6,-7,-1119,10000,205,-336
183,-339,6,-7,-1119,10000,203,-336
182,-339,6,-7,-1120,10000,202,-338
182,-339,6,-7,-1120,10000,203,-336
183,-339,6,-7,-1119,10000,203,-336
184,-338,6,-7,-1119,10000,205,-336
184,-338,6,-7,-1119,10000,205,-336
184,-339,6,-7,-1119,10000,205,-336
184,-339,6,-7,-1119,10000,205,-336
184,-339,6,-7,-1119,10000,205,-336
184,-338,5,-8,-1119,10000,205,-336
184,-339,4,-8,-1119,10000,205,-336
184,-339,5,-8,-1120,10000,205,-336
184,-339,6,-7,-1120,10000,205,-336
184,-338,6,-7,-1119,10000,205,-336
184,-338,6,-7,-1119,10000,205,-336
184,-339,6,-7,-1120,10000,205,-336
183,-339,6,-7,-1121,10000,203,-336
181,-340,6,-7,-1123,10000,201,-338
180,-341,6,-7,-1123,10000,200,-339
179,-341,6,-7,-1121,10000,200,-339
179,-340,6,-7,-1120,10000,197,-338
179,-339,6,-7,-1120,10000,200,-336
178,-338,7,-8,-1121,10000,198,-335
178,-337,8,-10,-1123,10000,201,-335
177,-337,9,-10,-1124,10000,200,-333
178,-338,10,-11,-1123,10000,201,-333
178,-339,10,-10,-1123,10000,201,-334
178,-338,9,-10,-1121,10000,201,-333
177,-337,9,-10,-1121,10000,201,-332
177,-336,9,-10,-1121,10000,200,-332
177,-336,10,-10,-1120,10000,200,-332
177,-338,9,-10,-1120,10000,201,-333
179,-339,9,-10,-1120,10000,202,-335
181,-340,9,-10,-1120,10000,203,-335
182,-340,9,-10,-1121,10000,205,-335
183,-339,10,-10,-1121,10000,206,-335
182,-339,10,-10,-1120,10000,206,-334
183,-339,10,-10,-1119,10000,206,-334
183,-339,10,-9,-1119,10000,206,-334
184,-338,11,-9,-1120,10000,207,-333
184,-338,12,-8,-1121,10000,207,-333
184,-338,12,-9,-1121,10000,207,-333
184,-339,11,-9,-1121,10000,207,-334
184,-339,10,-10,-1120,10000,207,-334
184,-339,9,-11,-1119,10000,207,-334
184,-338,9,-11,-1119,10000,207,-333
184,-338,10,-11,-1119,10000,207,-333
184,-339,10,-10,-1120,10000,207,-334
184,-339,9,-8,-1119,10000,205,-334
184,-339,8,-7,-1119,10000,205,-336
184,-338,7,-7,-1119,10000,205,-336
185,-338,7,-8,-1119,10000,206,-335
185,-337,9,-8,-1119,10000,206,-335
185,-338,10,-7,-1119,10000,206,-333
184,-338,10,-7,-1119,10000,205,-334
184,-339,9,-7,-1119,10000,205,-336
184,-339,7,-8,-1119,10000,205,-336
184,-339,6,-7,-1119,10000,205,-336
184,-338,6,-7,-1119,10000,205,-336
184,-338,6,-7,-1119,10000,205,-336
184,-338,6,-7,-1119,10000,205,-336
184,-338,6,-7,-1119,10000,205,-336
184,-339,6,-7,-1119,10000,205,-336
183,-339,6,-7,-1119,10000,203,-336
182,-339,6,-7,-1119,10000,202,-338
181,-340,6,-7,-1119,10000,202,-338
180,-340,6,-7,-1119,10000,201,-338
180,-341,6,-7,-1119,10000,200,-339
179,-341,6,-7,-1119,10000,200,-339
179,-341,6,-7,-1119,10000,200,-339
180,-341,6,-7,-1119,10000,200,-339
180,-341,7,-6,-1119,10000,197,-339
180,-341,7,-6,-1120,10000,197,-339
179,-341,7,-6,-1119,10000,197,-339
180,-341,6,-7,-1119,10000,200,-339
180,-341,6,-7,-1119,10000,200,-339
180,-341,6,-7,-1120,10000,200,-339
180,-341,6,-7,-1121,10000,200,-339
180,-341,6,-7,-1121,10000,200,-339
180,-341,6,-7,-1121,10000,200,-339
179,-340,6,-7,-1120,10000,200,-338
179,-340,6,-7,-1119,10000,200,-338
179,-339,6,-7,-1119,10000,200,-336
178,-338,6,-7,-1119,10000,198,-336
178,-337,6,-7,-1120,10000,198,-335
177,-337,7,-8,-1121,10000,197,-334
177,-337,8,-8,-1121,10000,197,-334
177,-336,9,-8,-1121,10000,197,-334
178,-336,10,-9,-1120,10000,198,-332
180,-335,11,-9,-1119,10000,203,-330
181,-335,11,-9,-1119,10000,205,-329
182,-334,11,-10,-1119,10000,205,-329
181,-334,10,-10,-1120,10000,205,-329
181,-334,10,-10,-1119,10000,205,-329
181,-334,10,-10,-1119,10000,205,-329
182,-336,12,-9,-1119,10000,205,-330
183,-337,13,-7,-1119,10000,203,-333
184,-339,14,-7,-1119,10000,205,-334
184,-339,13,-7,-1119,10000,205,-334
184,-339,13,-7,-1119,10000,205,-334
184,-339,12,-8,-1119,10000,207,-334
184,-338,11,-9,-1119,10000,207,-333
184,-339,12,-9,-1119,10000,207,-334
184,-339,13,-7,-1119,10000,205,-334
184,-339,12,-6,-1119,10000,205,-334
184,-338,11,-4,-1119,10000,202,-334
184,-338,10,-4,-1119,10000,202,-336
183,-339,10,-5,-1119,10000,201,-334
183,-339,10,-6,-1119,10000,203,-334
182,-339,8,-7,-1119,10000,203,-336
183,-339,7,-7,-1119,10000,203,-336
183,-339,6,-7,-1119,10000,203,-336
183,-339,6,-7,-1119,10000,203,-336
182,-339,6,-7,-1119,10000,202,-338
181,-340,6,-7,-1119,10000,202,-338
181,-340,6,-7,-1119,10000,202,-338
183,-339,6,-7,-1119,10000,203,-336
184,-338,6,-7,-1119,10000,205,-336
184,-338,6,-7,-1119,10000,205,-336
183,-339,6,-7,-1119,10000,203,-336
182,-339,6,-7,-1119,10000,202,-338
181,-340,6,-7,-1119,10000,201,-338
181,-340,6,-7,-1119,10000,201,-338
181,-340,6,-7,-1119,10000,201,-338
181,-340,6,-7,-1119,10000,201,-338
180,-340,6,-7,-1119,10000,201,-338
180,-340,6,-7,-1119,10000,201,-338
180,-340,6,-7,-1119,10000,201,-338
181,-340,6,-7,-1119,10000,201,-338
180,-340,6,-7,-1119,10000,201,-338
180,-340,7,-6,-1119,10000,198,-339
179,-341,7,-6,-1119,10000,197,-339
179,-341,7,-6,-1119,10000,197,-339
180,-340,6,-7,-1119,10000,201,-338
180,-340,6,-7,-1119,10000,201,-338
181,-340,6,-7,-1119,10000,201,-338
181,-340,6,-7,-1119,10000,201,-338
180,-340,6,-7,-1119,10000,201,-338
181,-340,6,-7,-1119,10000,202,-338
182,-339,6,-7,-1119,10000,202,-338
183,-339,6,-7,-1119,10000,203,-336
183,-339,6,-7,-1119,10000,203,-336
182,-339,6,-7,-1119,10000,203,-336
181,-340,7,-6,-1119,10000,200,-338
180,-340,9,-4,-1119,10000,198,-338
180,-341,10,-4,-1119,10000,197,-339
179,-341,10,-3,-1120,10000,197,-339
179,-341,10,-3,-1119,10000,197,-339
180,-341,10,-3,-1119,10000,197,-339
180,-341,9,-4,-1119,10000,197,-339
179,-341,9,-4,-1120,10000,197,-339
180,-341,8,-5,-1121,10000,197,-339
180,-341,9,-4,-1121,10000,197,-339
179,-340,9,-4,-1120,10000,197,-339
178,-340,10,-3,-1120,10000,196,-338
177,-340,10,-3,-1120,10000,196,-338
177,-341,10,-4,-1123,10000,195,-339
178,-342,10,-4,-1124,10000,196,-340
179,-341,10,-4,-1125,10000,197,-339
179,-339,10,-3,-1124,10000,197,-338
178,-338,10,-3,-1124,10000,196,-335
178,-338,10,-4,-1124,10000,196,-335
179,-339,10,-4,-1124,10000,197,-338
180,-341,10,-4,-1124,10000,197,-339
180,-341,10,-3,-1124,10000,197,-339
179,-339,10,-3,-1124,10000,197,-338
179,-339,9,-4,-1124,10000,197,-336
179,-339,9,-4,-1124,10000,197,-338
179,-340,8,-5,-1124,10000,197,-339
180,-341,9,-4,-1124,10000,198,-339
180,-341,9,-4,-1124,10000,197,-339
179,-339,10,-3,-1124,10000,197,-338
179,-339,10,-3,-1124,10000,197,-336
178,-339,10,-4,-1124,10000,196,-336
178,-339,9,-4,-1124,10000,196,-336
178,-338,9,-4,-1124,10000,196,-336
178,-338,8,-5,-1124,10000,196,-335
178,-338,7,-6,-1123,10000,196,-336
179,-339,7,-7,-1122,10000,200,-338
180,-341,7,-8,-1122,10000,200,-339
180,-341,7,-9,-1123,10000,201,-339
180,-341,7,-9,-1123,10000,200,-339
180,-341,8,-9,-1123,10000,200,-339
180,-341,8,-9,-1123,10000,200,-339
180,-341,9,-10,-1122,10000,202,-336
180,-341,9,-10,-1121,10000,202,-336
180,-341,8,-10,-1120,10000,202,-339
180,-341,7,-8,-1120,10000,200,-339
180,-341,6,-7,-1119,10000,200,-339
180,-341,7,-7,-1119,10000,200,-339
180,-341,8,-9,-1119,10000,200,-339
180,-341,8,-9,-1120,10000,200,-339
180,-341,8,-9,-1119,10000,200,-339
180,-341,7,-8,-1119,10000,200,-339
180,-341,6,-7,-1119,10000,200,-339
180,-341,6,-7,-1119,10000,200,-339
180,-341,6,-7,-1120,10000,200,-339
180,-341,6,-7,-1119,10000,200,-339
180,-341,6,-7,-1119,10000,200,-339
180,-341,6,-7,-1119,10000,200,-339
180,-341,6,-7,-1120,10000,200,-339
180,-341,6,-7,-1121,10000,200,-339
180,-341,6,-7,-1121,10000,200,-339
180,-341,6,-7,-1121,10000,200,-339
180,-341,6,-7,-1120,10000,200,-339
180,-341,7,-6,-1119,10000,197,-339
180,-341,8,-5,-1119,10000,197,-339
180,-341,9,-4,-1120,10000,197,-339
180,-341,8,-5,-1122,10000,197,-339
180,-341,9,-4,-1122,10000,197,-339
180,-341,9,-4,-1122,10000,197,-339
180,-341,10,-3,-1120,10000,197,-339
180,-341,10,-3,-1120,10000,197,-339
180,-341,10,-3,-1119,10000,197,-339
180,-341,10,-4,-1119,10000,197,-339
180,-341,10,-4,-1119,10000,197,-339
180,-341,10,-3,-1120,10000,197,-339
180,-341,10,-3,-1119,10000,197,-339
180,-341,10,-4,-1119,10000,197,-339
180,-341,10,-4,-1119,10000,197,-339
180,-341,10,-4,-1119,10000,197,-339
180,-341,10,-3,-1119,10000,197,-339
180,-341,10,-3,-1119,10000,197,-339
180,-341,10,-4,-1119,10000,197,-339
180,-341,9,-4,-1120,10000,197,-339
180,-341,8,-5,-1119,10000,197,-339
180,-341,8,-5,-1119,10000,197,-339
180,-341,8,-5,-1119,10000,197,-339
180,-341,8,-5,-1120,10000,197,-339
180,-341,7,-6,-1120,10000,197,-339
180,-341,6,-7,-1122,10000,200,-339
180,-341,6,-7,-1123,10000,200,-339
180,-341,6,-7,-1123,10000,200,-339
180,-341,6,-7,-1122,10000,200,-339
180,-341,6,-7,-1121,10000,200,-339
180,-341,6,-7,-1121,10000,200,-339
180,-341,6,-7,-1120,10000,200,-339
180,-341,6,-7,-1120,10000,200,-339
179,-340,6,-7,-1121,10000,197,-339
179,-340,5,-6,-1123,10000,197,-339
180,-341,5,-5,-1124,10000,198,-341
180,-342,5,-6,-1124,10000,198,-340
180,-343,6,-7,-1124,10000,201,-340
180,-342,6,-7,-1124,10000,201,-340
180,-341,7,-7,-1124,10000,200,-339
179,-340,8,-5,-1124,10000,197,-339
179,-340,8,-5,-1124,10000,197,-339
180,-341,8,-5,-1124,10000,197,-339
180,-341,7,-7,-1124,10000,200,-339
179,-341,6,-7,-1124,10000,200,-339
180,-341,6,-7,-1124,10000,200,-339
180,-340,6,-7,-1123,10000,201,-338
183,-339,6,-7,-1122,10000,203,-336
184,-339,6,-7,-1122,10000,205,-336
184,-338,7,-6,-1122,10000,202,-336
184,-338,9,-4,-1122,10000,202,-336
184,-339,10,-4,-1121,10000,202,-336
184,-339,10,-3,-1120,10000,202,-336
184,-338,10,-4,-1119,10000,202,-336
184,-339,10,-4,-1119,10000,202,-336
184,-339,10,-4,-1119,10000,202,-336
183,-339,10,-4,-1120,10000,201,-338
181,-338,10,-4,-1120,10000,200,-336
181,-336,11,-5,-1119,10000,201,-332
181,-334,11,-6,-1119,10000,201,-329
181,-334,11,-6,-1119,10000,202,-329
182,-336,10,-6,-1120,10000,203,-330
183,-337,9,-6,-1120,10000,203,-335
184,-339,9,-7,-1122,10000,205,-336
184,-339,9,-9,-1123,10000,205,-336
184,-339,9,-10,-1123,10000,207,-334
182,-339,10,-9,-1123,10000,206,-334
182,-339,9,-8,-1122,10000,203,-334
183,-339,9,-8,-1123,10000,203,-334
184,-339,9,-9,-1124,10000,205,-336
182,-339,8,-10,-1124,10000,206,-336
181,-340,7,-9,-1124,10000,201,-338
180,-341,7,-7,-1124,10000,200,-339
180,-343,6,-7,-1124,10000,201,-340
181,-344,7,-8,-1124,10000,201,-341
181,-344,8,-10,-1124,10000,205,-341
180,-342,9,-10,-1124,10000,203,-338
180,-341,10,-11,-1124,10000,203,-336
180,-341,10,-11,-1124,10000,202,-336
180,-342,9,-10,-1124,10000,203,-338
181,-343,8,-9,-1123,10000,202,-341
181,-344,7,-8,-1122,10000,202,-341
182,-345,7,-8,-1123,10000,203,-343
182,-346,7,-8,-1124,10000,203,-344
182,-345,7,-8,-1125,10000,202,-343
181,-343,7,-7,-1124,10000,202,-341
180,-342,7,-5,-1123,10000,198,-340
180,-342,7,-6,-1123,10000,198,-340
181,-343,7,-7,-1123,10000,201,-341
182,-345,7,-8,-1122,10000,202,-343
182,-345,7,-9,-1121,10000,203,-343
183,-345,7,-8,-1120,10000,205,-343
183,-344,7,-7,-1119,10000,205,-341
182,-343,6,-7,-1119,10000,203,-341
181,-343,6,-7,-1120,10000,202,-340
180,-343,6,-7,-1120,10000,201,-340
180,-343,6,-7,-1119,10000,201,-340
180,-343,6,-7,-1119,10000,201,-341
181,-343,6,-7,-1119,10000,201,-341
181,-343,6,-7,-1119,10000,201,-340
180,-342,6,-7,-1119,10000,201,-339
180,-341,6,-7,-1119,10000,200,-339
179,-341,6,-7,-1119,10000,200,-339
180,-341,6,-7,-1119,10000,200,-339
180,-340,6,-7,-1119,10000,201,-338
182,-340,6,-7,-1119,10000,202,-338
182,-339,6,-7,-1119,10000,203,-338
183,-339,6,-7,-1119,10000,203,-338
182,-339,6,-7,-1119,10000,203,-336
182,-338,6,-7,-1119,10000,202,-336
181,-338,6,-7,-1119,10000,202,-335
181,-338,6,-7,-1119,10000,202,-335
181,-338,6,-7,-1119,10000,202,-335
181,-336,6,-7,-1119,10000,202,-334
181,-335,6,-7,-1119,10000,202,-333
181,-334,6,-7,-1119,10000,202,-332
180,-335,6,-7,-1119,10000,201,-333
179,-336,6,-7,-1119,10000,200,-334
178,-336,6,-7,-1119,10000,198,-334
178,-336,6,-7,-1119,10000,198,-334
178,-336,6,-7,-1119,10000,198,-334
178,-337,6,-7,-1119,10000,198,-335
178,-339,6,-7,-1119,10000,198,-336
178,-339,6,-7,-1119,10000,198,-336
179,-340,7,-7,-1119,10000,200,-338
179,-340,7,-6,-1119,10000,200,-338
180,-341,7,-6,-1119,10000,197,-339
180,-341,7,-6,-1119,10000,197,-339
179,-341,8,-6,-1119,10000,200,-339
180,-341,10,-6,-1119,10000,200,-336
180,-341,12,-6,-1120,10000,200,-336
180,-341,12,-6,-1119,10000,200,-336
179,-341,11,-5,-1119,10000,200,-336
180,-341,10,-5,-1119,10000,200,-336
180,-341,10,-6,-1120,10000,201,-336
180,-340,10,-7,-1121,10000,201,-335
181,-339,10,-6,-1121,10000,202,-335
181,-340,10,-5,-1121,10000,201,-338
181,-342,10,-6,-1120,10000,201,-338
181,-344,11,-7,-1119,10000,201,-339
181,-344,11,-7,-1119,10000,201,-339
180,-343,10,-6,-1119,10000,201,-338
180,-341,9,-4,-1120,10000,197,-339
179,-340,8,-4,-1119,10000,197,-339
180,-341,9,-5,-1119,10000,197,-339
180,-341,9,-6,-1119,10000,200,-339
179,-341,9,-8,-1119,10000,200,-336
179,-340,8,-9,-1119,10000,200,-338
180,-340,8,-10,-1119,10000,201,-338
182,-341,8,-10,-1119,10000,205,-339
183,-342,9,-10,-1119,10000,206,-336
184,-342,9,-10,-1119,10000,207,-336
185,-341,8,-10,-1119,10000,208,-339
184,-339,8,-9,-1119,10000,205,-338
184,-339,9,-9,-1119,10000,205,-334
184,-338,10,-9,-1119,10000,205,-334
184,-339,10,-8,-1119,10000,205,-334
184,-339,11,-7,-1119,10000,205,-334
184,-338,12,-7,-1119,10000,205,-334
184,-339,13,-7,-1119,10000,205,-334
184,-338,13,-7,-1119,10000,205,-334
184,-339,12,-7,-1119,10000,205,-334
184,-339,11,-5,-1119,10000,205,-334
184,-339,10,-5,-1119,10000,202,-334
184,-338,11,-5,-1119,10000,205,-334
184,-338,11,-6,-1119,10000,205,-334
183,-339,11,-6,-1119,10000,203,-334
183,-339,11,-5,-1119,10000,203,-334
182,-339,10,-4,-1119,10000,200,-338
183,-339,10,-4,-1119,10000,201,-336
184,-339,10,-4,-1119,10000,202,-336
184,-339,10,-4,-1119,10000,202,-336
183,-339,10,-4,-1119,10000,201,-336
182,-339,10,-4,-1119,10000,200,-338
181,-340,9,-4,-1119,10000,200,-338
180,-340,8,-5,-1119,10000,198,-338
180,-341,8,-6,-1119,10000,200,-339
179,-341,8,-7,-1119,10000,200,-339
179,-341,7,-8,-1119,10000,200,-339
180,-341,7,-8,-1119,10000,200,-339
180,-341,6,-7,-1119,10000,200,-339
180,-341,6,-7,-1119,10000,200,-339
179,-341,6,-7,-1119,10000,200,-339
180,-341,6,-7,-1119,10000,200,-339
180,-341,6,-7,-1119,10000,200,-339
180,-341,6,-7,-1119,10000,200,-339
180,-341,6,-7,-1119,10000,200,-339
180,-341,6,-7,-1119,10000,200,-339
180,-341,6,-7,-1119,10000,200,-339
180,-341,6,-7,-1119,10000,200,-339
180,-341,6,-7,-1119,10000,200,-339
180,-341,6,-7,-1119,10000,200,-339
180,-341,6,-7,-1119,10000,200,-339
180,-341,6,-7,-1119,10000,200,-339
180,-341,6,-7,-1119,10000,200,-339
180,-341,6,-7,-1119,10000,200,-339
180,-341,6,-7,-1119,10000,200,-339
180,-341,6,-7,-1119,10000,200,-339
180,-341,6,-7,-1119,10000,200,-339
180,-341,6,-7,-1119,10000,200,-339
179,-340,6,-7,-1119,10000,200,-338
179,-340,6,-7,-1119,10000,200,-338
179,-339,7,-6,-1119,10000,197,-338
178,-338,8,-5,-1119,10000,196,-336
178,-337,8,-5,-1119,10000,196,-335
177,-337,7,-6,-1119,10000,195,-334
177,-336,7,-6,-1119,10000,195,-334
177,-336,8,-5,-1119,10000,195,-334
177,-336,9,-4,-1119,10000,195,-334
177,-337,9,-4,-1119,10000,195,-334
177,-336,9,-5,-1119,10000,195,-334
177,-336,8,-5,-1119,10000,195,-334
177,-336,8,-5,-1119,10000,195,-334
177,-336,8,-5,-1119,10000,195,-334
177,-336,10,-5,-1119,10000,197,-334
177,-336,12,-7,-1119,10000,197,-332
177,-336,12,-8,-1119,10000,200,-332
177,-336,10,-9,-1119,10000,200,-332
177,-337,8,-10,-1119,10000,201,-334
177,-336,8,-10,-1119,10000,197,-334
177,-336,8,-10,-1119,10000,200,-334
177,-336,9,-10,-1119,10000,200,-332
177,-337,10,-10,-1119,10000,201,-332
178,-337,10,-10,-1119,10000,201,-333
178,-338,9,-10,-1119,10000,201,-334
179,-339,9,-10,-1119,10000,202,-334
179,-340,9,-10,-1119,10000,202,-335
179,-340,10,-10,-1119,10000,202,-335
180,-341,9,-10,-1119,10000,202,-336
180,-341,9,-10,-1119,10000,202,-336
180,-341,9,-10,-1119,10000,202,-336
179,-341,9,-11,-1119,10000,202,-336
180,-341,9,-11,-1119,10000,202,-336
180,-341,9,-10,-1119,10000,202,-336
180,-341,8,-10,-1119,10000,202,-339
179,-341,8,-9,-1119,10000,200,-339
179,-341,8,-10,-1119,10000,202,-339
180,-341,8,-11,-1119,10000,202,-339
180,-340,8,-12,-1119,10000,203,-335
181,-340,9,-12,-1119,10000,205,-335
182,-339,9,-11,-1119,10000,205,-335
182,-339,9,-10,-1119,10000,206,-334
182,-339,8,-9,-1119,10000,203,-336
183,-339,7,-8,-1120,10000,203,-336
183,-339,7,-8,-1119,10000,203,-336
182,-339,7,-8,-1119,10000,202,-338
181,-340,7,-8,-1119,10000,201,-338
180,-341,6,-7,-1120,10000,200,-339
179,-341,6,-7,-1121,10000,200,-339
179,-341,7,-8,-1121,10000,200,-339
179,-339,8,-9,-1121,10000,200,-338
179,-339,8,-10,-1120,10000,202,-338
179,-339,8,-9,-1119,10000,200,-338
179,-340,9,-10,-1119,10000,202,-335
179,-339,9,-10,-1120,10000,202,-335
179,-339,10,-10,-1121,10000,202,-335
179,-339,8,-10,-1123,10000,202,-338
179,-340,7,-8,-1123,10000,200,-338
180,-341,6,-7,-1121,10000,200,-339
180,-341,7,-8,-1119,10000,200,-339
180,-341,8,-9,-1118,10000,200,-339
180,-341,8,-9,-1119,10000,200,-339
180,-341,7,-8,-1121,10000,200,-339
180,-341,7,-8,-1123,10000,200,-339
180,-341,8,-9,-1124,10000,200,-339
180,-341,9,-10,-1124,10000,202,-336
180,-341,10,-11,-1124,10000,202,-336
180,-341,10,-10,-1124,10000,202,-336
180,-341,9,-10,-1124,10000,202,-336
180,-341,9,-10,-1124,10000,202,-336
180,-341,10,-10,-1124,10000,202,-336
180,-341,10,-10,-1123,10000,202,-336
180,-341,9,-10,-1123,10000,202,-336
180,-341,9,-10,-1123,10000,202,-336
179,-341,8,-9,-1122,10000,200,-339
180,-341,7,-8,-1121,10000,200,-339
180,-341,7,-7,-1120,10000,200,-339
180,-341,7,-7,-1119,10000,200,-339
180,-341,7,-8,-1119,10000,200,-339
179,-341,7,-8,-1120,10000,200,-339
179,-340,7,-8,-1120,10000,200,-338
180,-339,7,-7,-1119,10000,201,-336
181,-338,6,-7,-1119,10000,202,-335
183,-336,6,-7,-1119,10000,203,-334
183,-335,6,-7,-1119,10000,203,-333
181,-334,7,-7,-1119,10000,202,-332
180,-335,8,-6,-1119,10000,201,-333
179,-337,8,-5,-1119,10000,197,-335
179,-340,9,-4,-1119,10000,197,-338
179,-341,10,-4,-1119,10000,197,-339
179,-340,10,-4,-1119,10000,197,-338
178,-338,9,-4,-1119,10000,196,-336
178,-338,8,-5,-1119,10000,196,-335
178,-338,8,-5,-1119,10000,196,-335
177,-338,9,-4,-1119,10000,195,-335
177,-337,10,-3,-1119,10000,195,-335
177,-336,10,-3,-1119,10000,195,-334
177,-336,10,-4,-1119,10000,195,-334
177,-336,8,-5,-1119,10000,195,-334
177,-336,7,-6,-1119,10000,195,-334
177,-336,6,-7,-1119,10000,197,-334
177,-337,6,-7,-1119,10000,198,-335
178,-337,6,-7,-1119,10000,198,-335
178,-338,6,-7,-1119,10000,198,-336
178,-338,6,-7,-1119,10000,198,-335
178,-338,6,-7,-1119,10000,198,-336
178,-338,6,-7,-1119,10000,198,-336
177,-337,6,-7,-1119,10000,198,-335
177,-337,6,-7,-1119,10000,197,-334
178,-336,6,-7,-1119,10000,198,-334
179,-337,6,-7,-1119,10000,200,-334
180,-338,6,-7,-1119,10000,200,-335
179,-337,7,-7,-1120,10000,200,-335
179,-336,7,-8,-1119,10000,200,-334
180,-335,7,-8,-1119,10000,201,-333
181,-334,7,-8,-1119,10000,202,-332
182,-334,7,-9,-1120,10000,202,-332
182,-334,8,-10,-1121,10000,205,-332
181,-335,9,-10,-1121,10000,205,-329
181,-334,9,-10,-1121,10000,205,-329
181,-334,8,-9,-1120,10000,202,-332
182,-334,7,-9,-1119,10000,202,-332
182,-336,8,-8,-1119,10000,202,-334
183,-337,9,-9,-1120,10000,203,-333
183,-337,11,-9,-1121,10000,206,-332
183,-337,11,-10,-1121,10000,206,-332
183,-337,10,-10,-1121,10000,206,-333
184,-338,8,-10,-1120,10000,207,-336
184,-339,7,-8,-1119,10000,205,-336
184,-339,7,-7,-1119,10000,205,-336
184,-338,7,-7,-1119,10000,205,-336
184,-338,7,-8,-1120,10000,205,-336
183,-339,7,-8,-1119,10000,203,-338
181,-341,7,-8,-1119,10000,202,-339
180,-342,8,-9,-1119,10000,201,-340
180,-342,8,-10,-1119,10000,203,-340
180,-343,8,-9,-1119,10000,201,-340
181,-344,8,-9,-1119,10000,202,-341
182,-345,7,-8,-1119,10000,202,-343
182,-345,6,-7,-1119,10000,203,-344
182,-345,6,-7,-1119,10000,202,-344
182,-345,6,-7,-1119,10000,203,-344
182,-345,6,-7,-1119,10000,203,-343
181,-344,6,-7,-1119,10000,202,-341
180,-342,6,-7,-1119,10000,201,-340
180,-341,6,-7,-1119,10000,200,-339
179,-340,6,-7,-1119,10000,200,-338
180,-341,6,-7,-1119,10000,200,-339
180,-341,6,-7,-1119,10000,200,-339
180,-341,6,-7,-1119,10000,200,-339
180,-341,6,-7,-1119,10000,200,-339
180,-341,6,-7,-1120,10000,200,-339
179,-340,6,-7,-1119,10000,197,-339
179,-340,5,-6,-1119,10000,197,-339
180,-341,5,-6,-1119,10000,198,-339
180,-342,5,-6,-1120,10000,198,-340
180,-343,5,-7,-1121,10000,198,-340
180,-342,5,-6,-1121,10000,198,-340
180,-341,5,-6,-1121,10000,198,-339
179,-341,5,-6,-1120,10000,197,-339
179,-340,6,-7,-1119,10000,200,-338
180,-341,6,-7,-1119,10000,200,-339
180,-341,7,-7,-1119,10000,200,-339
179,-341,7,-6,-1120,10000,197,-339
179,-341,6,-5,-1119,10000,197,-339
180,-340,6,-5,-1119,10000,198,-339
181,-340,6,-5,-1119,10000,198,-338
181,-340,7,-6,-1119,10000,200,-338
180,-340,7,-6,-1119,10000,201,-338
180,-341,8,-6,-1119,10000,200,-339
180,-341,7,-6,-1119,10000,197,-339
180,-340,7,-6,-1119,10000,198,-338
182,-339,7,-6,-1119,10000,202,-338
183,-339,7,-7,-1119,10000,203,-336
183,-339,6,-7,-1119,10000,203,-336
183,-339,6,-7,-1119,10000,203,-336
183,-339,6,-7,-1119,10000,203,-336
183,-339,6,-7,-1119,10000,203,-336
180,-340,6,-7,-1119,10000,201,-338
179,-341,7,-6,-1119,10000,197,-339
179,-341,7,-6,-1119,10000,197,-339
180,-340,7,-6,-1119,10000,198,-338
181,-340,7,-7,-1119,10000,202,-338
181,-340,6,-7,-1119,10000,201,-338
180,-341,6,-7,-1119,10000,201,-339
180,-341,6,-7,-1119,10000,200,-339
179,-341,6,-7,-1119,10000,200,-339
179,-339,7,-7,-1119,10000,200,-338
178,-338,7,-8,-1119,10000,198,-335
178,-336,7,-8,-1119,10000,198,-334
178,-336,7,-8,-1119,10000,198,-333
179,-336,8,-9,-1119,10000,200,-333
178,-336,8,-9,-1119,10000,198,-334
179,-336,8,-9,-1119,10000,200,-334
179,-335,8,-9,-1119,10000,200,-333
180,-334,7,-8,-1119,10000,201,-332
181,-334,7,-8,-1119,10000,202,-332
182,-335,7,-8,-1119,10000,202,-333
181,-336,7,-7,-1119,10000,201,-334
179,-338,6,-7,-1119,10000,197,-335
177,-338,6,-7,-1119,10000,198,-335
177,-337,7,-8,-1119,10000,197,-334
177,-336,8,-9,-1119,10000,197,-334
178,-338,8,-9,-1119,10000,198,-335
179,-339,8,-9,-1119,10000,200,-336
179,-339,7,-8,-1119,10000,200,-338
179,-339,6,-7,-1119,10000,200,-338
179,-339,6,-7,-1119,10000,200,-338
179,-340,6,-7,-1119,10000,200,-338
180,-341,6,-7,-1119,10000,200,-339
179,-341,6,-7,-1120,10000,200,-339
180,-341,6,-7,-1119,10000,201,-339
180,-342,6,-7,-1119,10000,201,-340
180,-342,6,-7,-1119,10000,201,-340
180,-342,6,-7,-1120,10000,201,-340
179,-342,6,-7,-1121,10000,200,-339
180,-342,6,-7,-1121,10000,201,-339
182,-342,6,-7,-1121,10000,203,-339
184,-342,6,-7,-1120,10000,205,-339
184,-341,6,-7,-1119,10000,205,-339
182,-341,6,-7,-1119,10000,202,-339
180,-343,6,-7,-1119,10000,201,-340
180,-344,6,-7,-1120,10000,201,-341
180,-343,6,-7,-1119,10000,201,-341
180,-343,6,-7,-1119,10000,201,-340
182,-342,6,-7,-1119,10000,202,-340
183,-342,6,-7,-1119,10000,203,-340
183,-342,6,-7,-1119,10000,203,-340
183,-341,6,-7,-1119,10000,203,-339
181,-342,7,-6,-1119,10000,200,-340
181,-343,7,-6,-1119,10000,198,-341
181,-345,7,-6,-1119,10000,200,-343
183,-345,6,-7,-1119,10000,205,-343
185,-344,6,-7,-1119,10000,206,-341
186,-343,6,-7,-1119,10000,207,-340
187,-343,6,-7,-1119,10000,207,-340
187,-343,6,-7,-1119,10000,207,-340
186,-342,6,-7,-1119,10000,207,-340
185,-342,6,-7,-1119,10000,206,-339
184,-342,6,-7,-1119,10000,205,-339
184,-343,6,-7,-1119,10000,205,-340
184,-343,6,-7,-1119,10000,206,-341
184,-342,6,-7,-1119,10000,205,-340
183,-341,6,-7,-1119,10000,203,-339
181,-340,6,-7,-1119,10000,202,-338
180,-340,6,-7,-1119,10000,201,-338
180,-341,6,-7,-1119,10000,200,-339
180,-341,6,-7,-1119,10000,200,-339
180,-341,6,-7,-1119,10000,200,-339
180,-341,6,-7,-1119,10000,200,-339
180,-341,6,-7,-1119,10000,200,-339
180,-341,6,-7,-1119,10000,200,-339
179,-341,6,-7,-1119,10000,200,-339
180,-341,6,-7,-1119,10000,200,-339
180,-341,6,-7,-1119,10000,200,-339
180,-341,8,-8,-1119,10000,200,-339
180,-341,10,-8,-1119,10000,200,-336
179,-340,10,-8,-1119,10000,200,-335
179,-339,8,-8,-1119,10000,200,-338
179,-339,6,-7,-1119,10000,200,-336
179,-339,6,-7,-1119,10000,197,-338
179,-340,7,-6,-1119,10000,197,-339
180,-341,8,-5,-1119,10000,197,-339
180,-341,9,-4,-1119,10000,197,-339
180,-341,9,-4,-1119,10000,197,-339
180,-341,9,-4,-1119,10000,197,-339
180,-341,8,-5,-1120,10000,197,-339
180,-341,7,-6,-1120,10000,197,-339
180,-341,7,-6,-1119,10000,197,-339
180,-341,7,-6,-1118,10000,197,-339
180,-341,7,-6,-1117,10000,197,-339
180,-341,7,-6,-1116,10000,197,-339
180,-341,8,-5,-1117,10000,197,-339
180,-341,8,-5,-1118,10000,197,-339
180,-341,8,-5,-1119,10000,197,-339
180,-341,7,-6,-1120,10000,197,-339
180,-341,7,-6,-1120,10000,197,-339
179,-341,7,-6,-1119,10000,197,-339
180,-341,8,-5,-1119,10000,197,-339
180,-341,9,-4,-1119,10000,197,-339
179,-340,9,-4,-1119,10000,197,-339
179,-340,9,-4,-1119,10000,197,-338
179,-339,9,-4,-1119,10000,197,-338
179,-339,8,-5,-1119,10000,197,-338
180,-339,7,-6,-1119,10000,197,-336
180,-338,6,-7,-1119,10000,201,-335
181,-337,6,-7,-1119,10000,202,-335
182,-337,6,-7,-1119,10000,202,-335
181,-338,6,-7,-1119,10000,202,-336
180,-340,6,-7,-1119,10000,201,-338
180,-341,7,-7,-1119,10000,201,-339
180,-341,6,-7,-1120,10000,201,-339
181,-340,5,-6,-1120,10000,200,-338
182,-339,4,-4,-1119,10000,200,-340
182,-339,3,-3,-1119,10000,197,-340
180,-340,3,-3,-1119,10000,196,-340
180,-341,3,-3,-1121,10000,195,-341
179,-341,3,-3,-1123,10000,195,-341
179,-341,3,-3,-1124,10000,195,-341
179,-341,3,-3,-1123,10000,195,-341
180,-340,3,-3,-1121,10000,196,-341
180,-340,3,-3,-1121,10000,196,-340
181,-340,3,-3,-1121,10000,197,-340
181,-340,3,-3,-1121,10000,196,-340
180,-341,4,-5,-1120,10000,197,-341
179,-341,5,-6,-1119,10000,197,-339
179,-341,5,-6,-1119,10000,197,-339
181,-340,4,-5,-1120,10000,198,-340
183,-339,3,-3,-1121,10000,198,-340
184,-339,3,-3,-1123,10000,200,-339
183,-339,3,-3,-1123,10000,198,-340
182,-339,3,-3,-1121,10000,198,-339
182,-338,3,-3,-1120,10000,197,-339
181,-338,3,-4,-1119,10000,196,-339
180,-339,3,-3,-1119,10000,196,-339
181,-340,4,-2,-1120,10000,196,-340
182,-340,5,-2,-1120,10000,197,-340
184,-339,6,-3,-1119,10000,200,-336
184,-339,7,-4,-1119,10000,202,-336
184,-339,9,-4,-1119,10000,202,-336
184,-339,9,-3,-1119,10000,202,-336
183,-337,8,-3,-1119,10000,201,-335
182,-336,8,-3,-1119,10000,200,-333
182,-336,8,-4,-1119,10000,201,-333
183,-337,9,-5,-1119,10000,201,-335
184,-339,8,-5,-1119,10000,202,-336
184,-339,8,-5,-1119,10000,202,-336
184,-339,7,-6,-1119,10000,202,-336
184,-339,7,-6,-1119,10000,202,-336
184,-339,7,-6,-1119,10000,205,-336
184,-339,7,-7,-1119,10000,205,-336
184,-339,6,-7,-1119,10000,205,-336
184,-339,6,-7,-1119,10000,205,-336
184,-339,6,-7,-1119,10000,205,-336
184,-339,6,-7,-1119,10000,202,-336
184,-338,6,-7,-1119,10000,205,-336
184,-338,7,-9,-1119,10000,205,-336
184,-339,8,-10,-1119,10000,207,-336
184,-340,8,-10,-1119,10000,207,-338
184,-340,7,-9,-1119,10000,205,-338
184,-339,6,-7,-1119,10000,205,-338
184,-339,5,-7,-1119,10000,202,-336
184,-339,6,-6,-1119,10000,202,-338
185,-341,7,-7,-1119,10000,206,-339
186,-343,8,-7,-1119,10000,207,-340
187,-343,9,-7,-1119,10000,207,-341
186,-343,9,-7,-1119,10000,207,-340
186,-343,8,-5,-1119,10000,205,-340
185,-343,8,-5,-1119,10000,203,-340
185,-343,8,-5,-1119,10000,203,-341
185,-344,7,-6,-1119,10000,203,-341
185,-344,7,-6,-1119,10000,203,-341
184,-344,7,-7,-1119,10000,205,-341
183,-343,6,-7,-1119,10000,203,-340
180,-342,6,-7,-1119,10000,201,-340
179,-341,6,-7,-1119,10000,200,-339
179,-341,7,-6,-1119,10000,200,-339
180,-341,8,-6,-1119,10000,200,-339
180,-341,8,-5,-1119,10000,197,-339
180,-341,9,-4,-1119,10000,197,-339
179,-341,10,-4,-1119,10000,197,-339
180,-341,10,-3,-1119,10000,197,-339
180,-341,10,-3,-1119,10000,197,-339
180,-341,9,-4,-1119,10000,197,-339
180,-341,8,-4,-1119,10000,197,-339
180,-341,7,-3,-1119,10000,197,-339
179,-341,7,-2,-1119,10000,195,-339
180,-341,7,-1,-1119,10000,195,-339
180,-341,7,-2,-1119,10000,195,-339
180,-341,5,-3,-1119,10000,197,-341
179,-341,4,-4,-1119,10000,197,-341
179,-341,3,-3,-1119,10000,195,-341
180,-340,4,-2,-1119,10000,196,-341
180,-340,6,-2,-1119,10000,196,-340
181,-340,7,-2,-1119,10000,197,-338
180,-340,7,-1,-1120,10000,196,-338
180,-340,7,0,-1119,10000,196,-339
179,-341,6,0,-1119,10000,195,-341
179,-341,6,0,-1119,10000,195,-341
180,-341,7,0,-1120,10000,195,-341
180,-341,8,-2,-1120,10000,195,-339
180,-341,9,-2,-1122,10000,197,-339
179,-341,8,-3,-1122,10000,197,-339
180,-341,8,-2,-1122,10000,195,-339
179,-341,7,-1,-1120,10000,195,-339
179,-341,7,-1,-1120,10000,195,-339
180,-341,8,-2,-1119,10000,197,-339
180,-341,9,-3,-1119,10000,197,-339
180,-341,10,-4,-1119,10000,197,-339
179,-341,9,-3,-1120,10000,197,-339
178,-341,9,-3,-1119,10000,196,-339
178,-342,8,-3,-1119,10000,196,-340
178,-341,9,-3,-1119,10000,196,-339
179,-341,9,-3,-1119,10000,197,-339
180,-341,9,-3,-1119,10000,197,-339
180,-341,8,-2,-1119,10000,197,-339
179,-339,8,-2,-1119,10000,195,-338
178,-338,8,-2,-1119,10000,194,-336
177,-336,8,-2,-1119,10000,192,-334
177,-336,8,-2,-1119,10000,195,-334
177,-336,9,-3,-1119,10000,195,-334
177,-337,10,-4,-1119,10000,195,-334
177,-337,10,-4,-1119,10000,195,-334
177,-336,9,-3,-1119,10000,195,-334
177,-336,8,-2,-1119,10000,195,-334
177,-336,8,-2,-1119,10000,192,-334
177,-336,8,-2,-1119,10000,192,-334
177,-336,8,-2,-1120,10000,195,-334
177,-336,8,-2,-1120,10000,192,-334
177,-336,8,-2,-1119,10000,192,-334
177,-336,8,-2,-1119,10000,195,-334
177,-336,9,-3,-1119,10000,195,-334
177,-337,10,-4,-1121,10000,195,-334
177,-337,10,-4,-1123,10000,195,-335
177,-336,10,-4,-1124,10000,195,-334
177,-336,10,-4,-1123,10000,195,-334
177,-336,10,-4,-1122,10000,195,-334
178,-338,10,-4,-1123,10000,196,-336
179,-339,10,-4,-1124,10000,197,-338
180,-340,10,-4,-1124,10000,198,-339
181,-340,10,-4,-1123,10000,198,-338
181,-340,10,-4,-1122,10000,200,-338
180,-340,10,-4,-1122,10000,198,-338
180,-340,10,-4,-1122,10000,198,-339
179,-341,10,-4,-1122,10000,197,-339
179,-341,10,-4,-1121,10000,197,-339
179,-341,10,-4,-1120,10000,197,-339
180,-340,10,-4,-1119,10000,198,-339
180,-340,10,-4,-1119,10000,198,-338
181,-340,10,-4,-1119,10000,200,-338
180,-340,10,-4,-1120,10000,198,-338
180,-340,10,-4,-1119,10000,198,-339
179,-341,10,-4,-1119,10000,197,-339
179,-341,10,-4,-1119,10000,197,-339
180,-341,10,-4,-1119,10000,197,-339
180,-341,10,-4,-1119,10000,197,-339
180,-341,10,-4,-1119,10000,197,-339
179,-341,10,-4,-1119,10000,197,-339
180,-341,10,-4,-1119,10000,197,-339
180,-341,10,-4,-1119,10000,197,-339
179,-341,10,-4,-1119,10000,197,-339
179,-339,10,-4,-1119,10000,197,-338
179,-339,10,-4,-1119,10000,197,-338
179,-339,10,-4,-1119,10000,197,-338
179,-341,10,-4,-1119,10000,197,-339
179,-342,10,-4,-1119,10000,197,-340
180,-341,10,-4,-1119,10000,198,-339
180,-340,10,-4,-1119,10000,198,-338
182,-338,10,-4,-1119,10000,200,-335
183,-337,10,-4,-1119,10000,201,-335
184,-337,10,-4,-1119,10000,202,-335
184,-338,10,-4,-1119,10000,202,-335
184,-339,10,-4,-1119,10000,202,-336
184,-339,10,-4,-1119,10000,202,-336
184,-339,10,-4,-1119,10000,202,-336
184,-338,10,-4,-1119,10000,202,-336
184,-339,10,-4,-1120,10000,202,-336
184,-339,10,-4,-1120,10000,202,-336
184,-339,10,-4,-1119,10000,202,-336
184,-339,10,-3,-1119,10000,202,-336
184,-339,10,-4,-1119,10000,202,-336
184,-339,10,-4,-1121,10000,202,-336
184,-339,10,-5,-1123,10000,202,-334
184,-338,11,-5,-1123,10000,205,-334
184,-339,11,-4,-1123,10000,202,-334
184,-339,10,-4,-1123,10000,202,-336
184,-339,9,-5,-1123,10000,202,-336
184,-338,8,-7,-1122,10000,205,-336
184,-338,7,-8,-1121,10000,205,-336
184,-338,8,-9,-1120,10000,205,-336
182,-339,8,-9,-1120,10000,203,-336
180,-340,7,-9,-1121,10000,201,-338
180,-341,7,-8,-1123,10000,200,-339
181,-340,7,-8,-1123,10000,201,-338
182,-339,8,-8,-1123,10000,203,-336
183,-339,10,-7,-1121,10000,203,-334
181,-340,10,-8,-1120,10000,202,-335
180,-340,10,-8,-1119,10000,201,-335
180,-340,9,-9,-1119,10000,201,-335
181,-340,8,-9,-1120,10000,201,-338
182,-339,7,-9,-1120,10000,202,-338
183,-339,7,-8,-1119,10000,203,-336
184,-338,7,-8,-1119,10000,205,-336
184,-338,7,-8,-1119,10000,205,-336
183,-339,8,-7,-1119,10000,203,-336
180,-340,10,-6,-1119,10000,201,-335
179,-341,11,-6,-1119,10000,200,-336
179,-341,12,-5,-1119,10000,200,-336
180,-340,12,-6,-1119,10000,201,-335
181,-340,12,-7,-1119,10000,202,-335
181,-340,11,-6,-1119,10000,201,-335
180,-340,11,-5,-1119,10000,201,-335
179,-341,11,-5,-1119,10000,200,-336
179,-341,11,-6,-1119,10000,200,-336
179,-341,13,-7,-1119,10000,200,-336
179,-341,13,-8,-1119,10000,202,-336
180,-340,13,-7,-1119,10000,201,-335
180,-340,13,-7,-1119,10000,201,-335
181,-340,13,-7,-1119,10000,202,-335
182,-339,13,-7,-1119,10000,202,-335
183,-339,13,-7,-1119,10000,203,-334
184,-339,13,-7,-1119,10000,205,-334
184,-338,13,-7,-1119,10000,205,-334
184,-338,13,-7,-1119,10000,205,-334
184,-339,13,-7,-1119,10000,205,-334
184,-339,13,-7,-1119,10000,205,-334
184,-339,13,-7,-1119,10000,205,-334
184,-338,13,-7,-1119,10000,205,-334
184,-338,13,-7,-1119,10000,205,-334
184,-339,13,-7,-1119,10000,205,-334
184,-339,13,-7,-1119,10000,205,-334
184,-339,13,-7,-1119,10000,205,-334
184,-338,13,-7,-1119,10000,205,-334
184,-339,13,-7,-1119,10000,205,-334
184,-340,13,-7,-1119,10000,205,-335
183,-341,13,-7,-1119,10000,203,-336
184,-342,13,-7,-1119,10000,205,-338
184,-343,13,-7,-1119,10000,205,-338
186,-343,12,-8,-1119,10000,209,-338
186,-342,11,-9,-1120,10000,209,-338
186,-342,10,-9,-1120,10000,209,-336
185,-341,10,-10,-1119,10000,208,-336
185,-341,11,-9,-1119,10000,208,-336
186,-342,11,-9,-1120,10000,209,-338
187,-343,12,-8,-1121,10000,209,-338
186,-343,12,-8,-1123,10000,207,-339
185,-344,11,-7,-1123,10000,206,-339
183,-345,10,-7,-1121,10000,203,-340
182,-345,11,-7,-1120,10000,202,-340
180,-344,12,-8,-1119,10000,201,-339
180,-342,13,-8,-1119,10000,203,-338
180,-341,13,-7,-1120,10000,200,-336
179,-340,13,-7,-1120,10000,200,-335
180,-341,13,-7,-1119,10000,200,-336
180,-341,13,-7,-1119,10000,200,-336
180,-341,13,-7,-1119,10000,200,-336
180,-341,13,-7,-1119,10000,200,-336
180,-341,13,-7,-1119,10000,200,-336
180,-341,13,-7,-1119,10000,200,-336
180,-341,13,-7,-1119,10000,200,-336
179,-340,13,-7,-1119,10000,200,-335
179,-339,13,-7,-1119,10000,200,-335
179,-339,13,-7,-1119,10000,200,-334
179,-339,13,-7,-1119,10000,200,-335
179,-340,13,-7,-1119,10000,200,-335
180,-341,13,-7,-1119,10000,200,-336
180,-341,13,-7,-1119,10000,200,-336
180,-341,12,-7,-1119,10000,200,-336
180,-341,11,-7,-1119,10000,200,-336
180,-341,10,-7,-1119,10000,200,-336
180,-341,10,-8,-1119,10000,200,-336
180,-341,9,-7,-1119,10000,200,-339
180,-341,9,-7,-1119,10000,200,-339
179,-341,9,-7,-1119,10000,200,-339
180,-341,10,-5,-1119,10000,200,-339
180,-341,10,-4,-1119,10000,197,-339
180,-341,10,-3,-1119,10000,197,-339
179,-341,9,-5,-1119,10000,197,-339
179,-341,8,-7,-1119,10000,200,-339
180,-340,7,-8,-1119,10000,201,-338
180,-340,7,-9,-1119,10000,201,-338
181,-340,7,-9,-1119,10000,202,-338
180,-340,8,-9,-1119,10000,201,-338
180,-340,8,-9,-1119,10000,201,-338
180,-339,7,-8,-1119,10000,201,-336
180,-336,6,-7,-1119,10000,201,-334
180,-335,6,-7,-1119,10000,201,-333
180,-335,7,-8,-1119,10000,201,-333
180,-335,7,-8,-1119,10000,201,-333
181,-335,7,-8,-1119,10000,202,-333
182,-334,6,-7,-1119,10000,202,-332
181,-334,6,-7,-1119,10000,202,-332
181,-334,6,-7,-1119,10000,198,-332
181,-334,6,-7,-1119,10000,202,-332
181,-334,7,-8,-1119,10000,202,-332
181,-334,7,-9,-1119,10000,202,-332
182,-334,7,-8,-1119,10000,202,-332
181,-334,8,-7,-1119,10000,202,-332
180,-335,9,-5,-1119,10000,198,-333
178,-336,10,-5,-1119,10000,198,-332
177,-336,11,-7,-1119,10000,197,-332
177,-337,11,-8,-1119,10000,197,-332
177,-337,11,-8,-1119,10000,197,-333
178,-338,11,-6,-1119,10000,198,-333
178,-338,11,-5,-1119,10000,198,-333
178,-337,11,-5,-1119,10000,198,-333
177,-337,10,-5,-1119,10000,195,-333
178,-337,10,-5,-1119,10000,196,-333
178,-338,10,-5,-1119,10000,196,-334
178,-339,11,-5,-1119,10000,198,-334
178,-339,11,-5,-1119,10000,198,-334
179,-339,11,-5,-1119,10000,200,-334
179,-339,11,-5,-1119,10000,200,-335
179,-340,11,-6,-1119,10000,200,-335
180,-341,12,-7,-1119,10000,200,-336
180,-341,12,-6,-1119,10000,200,-336
180,-341,12,-6,-1119,10000,200,-336
180,-341,12,-6,-1119,10000,200,-336
179,-341,13,-7,-1119,10000,200,-336
179,-341,12,-9,-1119,10000,202,-336
179,-341,12,-8,-1119,10000,200,-336
180,-340,11,-7,-1119,10000,201,-335
183,-339,10,-7,-1119,10000,203,-334
184,-338,9,-9,-1119,10000,205,-334
184,-339,9,-10,-1119,10000,207,-334
183,-339,9,-10,-1119,10000,206,-334
182,-339,9,-9,-1119,10000,202,-335
182,-339,10,-8,-1119,10000,203,-334
183,-339,10,-8,-1119,10000,203,-334
184,-338,9,-10,-1119,10000,207,-333
184,-338,9,-11,-1119,10000,207,-333
184,-339,9,-11,-1119,10000,207,-334
184,-339,10,-10,-1119,10000,207,-334
184,-339,10,-10,-1119,10000,207,-334
184,-338,9,-10,-1119,10000,207,-333
184,-339,8,-10,-1119,10000,207,-336
184,-339,7,-8,-1119,10000,205,-336
184,-339,6,-7,-1119,10000,205,-336
184,-339,5,-7,-1119,10000,205,-336
184,-339,6,-7,-1119,10000,205,-336
184,-339,9,-7,-1119,10000,205,-336
184,-339,10,-7,-1119,10000,205,-334
184,-339,11,-7,-1119,10000,205,-334
184,-339,10,-8,-1119,10000,205,-334
184,-339,10,-8,-1119,10000,205,-334
184,-339,10,-9,-1119,10000,207,-334
184,-339,10,-10,-1119,10000,207,-334
184,-339,10,-10,-1119,10000,207,-334
184,-339,9,-11,-1119,10000,207,-334
184,-338,9,-10,-1119,10000,207,-333
183,-337,9,-10,-1119,10000,206,-333
183,-337,10,-10,-1119,10000,206,-332
183,-337,9,-10,-1119,10000,206,-332
183,-338,9,-10,-1119,10000,206,-333
183,-339,9,-10,-1119,10000,206,-334
182,-340,10,-10,-1119,10000,205,-335
181,-340,10,-11,-1119,10000,205,-335
180,-340,9,-10,-1119,10000,203,-335
180,-338,8,-9,-1119,10000,201,-336
179,-337,7,-8,-1119,10000,200,-335
179,-337,7,-7,-1119,10000,200,-335
179,-339,7,-8,-1119,10000,200,-336
179,-341,7,-8,-1119,10000,200,-339
180,-341,7,-8,-1119,10000,200,-339
180,-341,7,-7,-1119,10000,200,-339
180,-341,6,-7,-1119,10000,200,-339
180,-341,6,-7,-1119,10000,200,-339
179,-341,6,-7,-1119,10000,200,-339
180,-341,7,-6,-1119,10000,200,-339
180,-341,7,-6,-1119,10000,197,-339
180,-341,7,-6,-1119,10000,197,-339
180,-341,7,-6,-1119,10000,200,-339
180,-341,7,-6,-1119,10000,200,-339
180,-341,7,-6,-1119,10000,197,-339
180,-341,7,-6,-1119,10000,200,-339
180,-341,7,-6,-1119,10000,200,-339
180,-341,7,-6,-1119,10000,197,-339
180,-341,7,-6,-1119,10000,197,-339
180,-341,7,-6,-1119,10000,200,-339
180,-341,6,-7,-1119,10000,200,-339
180,-341,7,-6,-1119,10000,197,-339
180,-341,8,-5,-1119,10000,197,-339
179,-339,10,-4,-1119,10000,197,-338
178,-338,10,-3,-1119,10000,196,-335
177,-336,10,-3,-1119,10000,195,-334
177,-336,10,-4,-1119,10000,195,-334
177,-336,10,-4,-1119,10000,195,-334
177,-337,10,-4,-1119,10000,195,-334
177,-337,10,-3,-1119,10000,195,-334
177,-336,10,-4,-1119,10000,195,-334
177,-336,10,-4,-1119,10000,195,-334
177,-336,10,-3,-1119,10000,195,-334
177,-336,10,-4,-1119,10000,195,-334
177,-336,10,-4,-1119,10000,195,-334
177,-336,10,-4,-1120,10000,195,-334
177,-336,10,-3,-1119,10000,195,-334
179,-336,10,-3,-1119,10000,196,-333
179,-336,10,-4,-1119,10000,197,-333
178,-336,9,-4,-1120,10000,196,-334
177,-337,7,-6,-1121,10000,195,-334
177,-336,6,-7,-1121,10000,197,-334
178,-336,6,-7,-1120,10000,198,-334
180,-335,6,-7,-1119,10000,201,-333
182,-336,6,-7,-1119,10000,203,-334
184,-337,6,-7,-1121,10000,205,-335
184,-338,6,-7,-1123,10000,205,-335
183,-338,6,-7,-1124,10000,203,-335
183,-337,6,-7,-1123,10000,203,-335
183,-337,6,-7,-1121,10000,203,-335
183,-338,6,-7,-1121,10000,203,-335
184,-339,6,-7,-1122,10000,205,-336
184,-339,6,-7,-1123,10000,205,-336
184,-339,6,-7,-1123,10000,205,-336
183,-339,6,-7,-1122,10000,203,-336
180,-340,6,-7,-1122,10000,201,-338
180,-341,6,-7,-1121,10000,200,-339
179,-341,6,-7,-1121,10000,200,-339
179,-341,6,-7,-1120,10000,200,-339
180,-341,6,-7,-1119,10000,200,-339
179,-341,6,-7,-1119,10000,200,-339
179,-341,6,-7,-1119,10000,200,-339
180,-340,6,-7,-1120,10000,201,-338
180,-340,7,-6,-1119,10000,198,-338
181,-340,8,-5,-1119,10000,200,-338
180,-340,8,-5,-1119,10000,198,-338
180,-340,8,-5,-1119,10000,198,-339
179,-341,8,-5,-1119,10000,197,-339
179,-341,9,-4,-1119,10000,197,-339
180,-341,10,-4,-1120,10000,197,-339
180,-341,10,-3,-1119,10000,197,-339
180,-341,10,-3,-1119,10000,197,-339
180,-341,10,-4,-1119,10000,197,-339
180,-341,10,-4,-1120,10000,197,-339
180,-341,10,-4,-1121,10000,198,-339
179,-341,10,-4,-1121,10000,197,-339
179,-339,10,-4,-1121,10000,197,-338
178,-338,10,-4,-1120,10000,196,-335
178,-336,10,-4,-1119,10000,196,-334
179,-336,10,-4,-1119,10000,197,-334
180,-337,9,-4,-1119,10000,198,-334
181,-336,8,-5,-1120,10000,200,-334
182,-336,8,-5,-1119,10000,200,-334
182,-335,9,-5,-1119,10000,200,-333
182,-336,10,-5,-1119,10000,203,-330
182,-336,10,-6,-1119,10000,203,-332
183,-337,8,-7,-1119,10000,203,-335
183,-337,7,-6,-1119,10000,203,-335
182,-336,8,-5,-1119,10000,201,-334
181,-335,10,-4,-1119,10000,200,-333
181,-334,9,-4,-1119,10000,198,-332
181,-334,7,-6,-1119,10000,198,-332
181,-335,6,-7,-1119,10000,202,-333
181,-334,6,-7,-1119,10000,202,-332
181,-334,6,-7,-1119,10000,202,-332
182,-334,7,-7,-1119,10000,202,-332
182,-335,7,-8,-1119,10000,202,-333
182,-336,7,-8,-1119,10000,203,-334
183,-337,7,-8,-1119,10000,203,-334
183,-336,7,-7,-1119,10000,203,-334
183,-336,7,-8,-1119,10000,203,-334
182,-336,7,-8,-1119,10000,203,-334
181,-337,7,-7,-1119,10000,202,-335
180,-339,7,-6,-1119,10000,198,-336
179,-340,7,-6,-1119,10000,197,-339
179,-341,8,-7,-1119,10000,200,-339
180,-341,9,-9,-1119,10000,200,-339
180,-341,10,-9,-1119,10000,202,-336
180,-340,10,-7,-1119,10000,201,-335
179,-341,11,-5,-1119,10000,200,-336
178,-341,11,-4,-1119,10000,196,-336
176,-343,10,-4,-1119,10000,195,-340
175,-343,10,-4,-1119,10000,194,-341
175,-343,10,-4,-1119,10000,194,-341
175,-343,10,-4,-1119,10000,194,-341
175,-343,10,-3,-1119,10000,194,-341
175,-343,10,-4,-1119,10000,194,-341
175,-343,8,-5,-1119,10000,194,-341
177,-342,7,-6,-1119,10000,195,-340
178,-342,7,-6,-1119,10000,198,-340
178,-341,7,-6,-1119,10000,196,-339
178,-342,8,-5,-1119,10000,196,-340
177,-342,8,-5,-1119,10000,195,-340
176,-343,7,-6,-1119,10000,197,-340
177,-342,6,-7,-1119,10000,197,-340
178,-342,6,-7,-1119,10000,198,-340
179,-341,5,-6,-1119,10000,197,-339
180,-340,5,-6,-1119,10000,198,-339
180,-340,5,-5,-1119,10000,198,-341
179,-341,5,-5,-1119,10000,197,-341
179,-341,5,-6,-1119,10000,197,-341
180,-341,5,-6,-1119,10000,198,-339
180,-340,6,-7,-1119,10000,198,-338
182,-337,6,-7,-1119,10000,202,-335
182,-336,6,-7,-1119,10000,202,-333
183,-335,6,-7,-1119,10000,203,-333
183,-337,6,-7,-1119,10000,203,-335
184,-339,6,-7,-1119,10000,202,-336
184,-339,5,-6,-1119,10000,202,-336
183,-337,5,-5,-1119,10000,201,-338
183,-337,5,-6,-1119,10000,201,-334
183,-337,6,-7,-1119,10000,201,-335
183,-338,6,-7,-1119,10000,203,-335
183,-338,6,-7,-1119,10000,203,-335
183,-337,6,-7,-1119,10000,203,-335
183,-337,6,-7,-1119,10000,203,-335
183,-338,6,-7,-1119,10000,203,-335
181,-338,6,-7,-1119,10000,202,-335
181,-337,6,-7,-1119,10000,201,-334
181,-335,6,-7,-1119,10000,201,-333
181,-335,6,-7,-1119,10000,202,-333
181,-336,6,-7,-1119,10000,201,-334
180,-338,6,-7,-1119,10000,201,-335
179,-339,6,-7,-1119,10000,200,-338
178,-340,6,-7,-1119,10000,198,-338
179,-340,6,-7,-1119,10000,200,-338
179,-340,6,-7,-1119,10000,200,-338
179,-339,6,-7,-1119,10000,200,-338
179,-339,6,-7,-1119,10000,200,-338
179,-340,6,-7,-1119,10000,200,-338
179,-340,6,-7,-1119,10000,200,-338
180,-341,6,-7,-1119,10000,200,-339
180,-341,6,-7,-1119,10000,200,-339
180,-341,6,-7,-1119,10000,200,-339
180,-341,6,-7,-1119,10000,200,-339
180,-341,6,-7,-1119,10000,200,-339
180,-341,7,-6,-1119,10000,197,-339
180,-341,7,-6,-1119,10000,197,-339
180,-341,7,-6,-1119,10000,197,-339
180,-341,6,-7,-1119,10000,200,-339
180,-341,6,-7,-1119,10000,200,-339
180,-341,7,-6,-1119,10000,200,-339
180,-341,8,-5,-1119,10000,197,-339
180,-341,8,-5,-1119,10000,197,-339
180,-341,8,-5,-1119,10000,197,-339
180,-341,7,-6,-1119,10000,197,-339
180,-341,6,-7,-1120,10000,200,-339
180,-341,7,-6,-1119,10000,197,-339
180,-341,8,-5,-1119,10000,197,-339
180,-341,8,-5,-1119,10000,197,-339
180,-341,7,-6,-1120,10000,197,-339
180,-341,7,-6,-1121,10000,197,-339
180,-341,7,-6,-1121,10000,200,-339
180,-341,7,-6,-1122,10000,197,-339
179,-341,7,-6,-1122,10000,197,-339
180,-341,7,-7,-1122,10000,200,-339
180,-341,6,-7,-1123,10000,200,-339
180,-341,6,-7,-1123,10000,200,-339
179,-341,6,-7,-1121,10000,200,-339
179,-341,6,-7,-1120,10000,200,-339
180,-340,7,-7,-1119,10000,201,-338
180,-340,7,-8,-1119,10000,201,-338
181,-340,7,-8,-1120,10000,202,-338
180,-340,7,-8,-1121,10000,201,-338
180,-341,7,-7,-1121,10000,201,-339
180,-341,7,-8,-1120,10000,200,-339
179,-341,7,-8,-1120,10000,200,-339
179,-339,8,-9,-1120,10000,200,-338
179,-339,8,-9,-1120,10000,200,-336
178,-338,7,-8,-1121,10000,198,-336
178,-339,6,-7,-1121,10000,198,-336
179,-339,6,-7,-1120,10000,200,-338
179,-340,6,-7,-1119,10000,200,-338
180,-341,6,-7,-1119,10000,201,-339
180,-341,7,-7,-1119,10000,201,-339
180,-341,7,-6,-1120,10000,200,-339
179,-339,7,-6,-1119,10000,197,-338
178,-338,7,-6,-1119,10000,196,-336
178,-337,7,-6,-1119,10000,196,-335
178,-338,7,-6,-1119,10000,198,-335
179,-339,7,-7,-1119,10000,200,-336
179,-340,8,-7,-1119,10000,200,-338
180,-341,9,-7,-1119,10000,200,-339
180,-341,8,-7,-1119,10000,200,-339
180,-341,7,-7,-1119,10000,200,-339
180,-341,7,-7,-1119,10000,200,-339
180,-341,7,-9,-1119,10000,200,-339
180,-341,8,-9,-1119,10000,200,-339
180,-341,8,-9,-1119,10000,200,-339
180,-341,7,-8,-1119,10000,200,-339
180,-341,6,-7,-1119,10000,200,-339
180,-341,6,-7,-1119,10000,200,-339
180,-341,6,-7,-1119,10000,200,-339
180,-341,7,-7,-1119,10000,200,-339
180,-341,7,-6,-1119,10000,200,-339
180,-341,8,-6,-1119,10000,200,-339
180,-341,7,-6,-1119,10000,197,-339
180,-341,6,-7,-1119,10000,200,-339
180,-341,6,-7,-1119,10000,200,-339
180,-341,6,-7,-1119,10000,200,-339
180,-341,6,-7,-1119,10000,200,-339
180,-341,6,-7,-1119,10000,200,-339
180,-341,6,-7,-1119,10000,200,-339
180,-341,6,-7,-1119,10000,200,-339
180,-341,6,-7,-1119,10000,200,-339
180,-341,6,-7,-1119,10000,200,-339
180,-341,7,-6,-1119,10000,197,-339
180,-341,7,-6,-1119,10000,197,-339
180,-341,7,-6,-1119,10000,197,-339
179,-339,7,-6,-1119,10000,197,-338
178,-338,9,-4,-1119,10000,196,-335
177,-336,9,-4,-1119,10000,195,-334
177,-336,9,-4,-1119,10000,195,-334
177,-336,8,-5,-1119,10000,195,-334
177,-337,7,-6,-1119,10000,195,-334
177,-337,8,-5,-1119,10000,195,-334
177,-336,9,-4,-1119,10000,195,-334
177,-336,10,-4,-1119,10000,195,-334
177,-336,9,-4,-1119,10000,195,-334
177,-337,7,-6,-1119,10000,195,-334
178,-338,6,-7,-1119,10000,198,-335
178,-339,6,-7,-1119,10000,198,-336
178,-339,5,-6,-1119,10000,196,-339
178,-339,4,-4,-1119,10000,196,-339
179,-339,4,-4,-1119,10000,197,-339
179,-339,5,-5,-1119,10000,197,-340
179,-340,6,-7,-1119,10000,200,-338
180,-341,7,-7,-1119,10000,200,-339
180,-341,6,-7,-1119,10000,200,-339
180,-341,6,-7,-1119,10000,200,-339
180,-341,6,-7,-1119,10000,200,-339
180,-341,6,-7,-1119,10000,200,-339
179,-341,6,-7,-1119,10000,200,-339
179,-341,6,-7,-1119,10000,200,-339
179,-341,6,-7,-1119,10000,200,-339
180,-341,6,-7,-1119,10000,200,-339
180,-340,6,-7,-1119,10000,201,-338
179,-341,6,-7,-1119,10000,200,-339
178,-341,6,-7,-1119,10000,198,-339
176,-343,6,-7,-1119,10000,197,-340
175,-343,6,-7,-1119,10000,196,-341
175,-343,6,-7,-1119,10000,195,-341
175,-343,6,-7,-1119,10000,196,-341
175,-343,6,-7,-1119,10000,196,-341
175,-343,6,-7,-1119,10000,196,-341
175,-343,6,-7,-1119,10000,196,-341
175,-343,6,-7,-1119,10000,196,-341
175,-343,6,-7,-1119,10000,196,-341
175,-343,7,-6,-1119,10000,194,-341
175,-343,9,-4,-1119,10000,194,-341
175,-343,10,-4,-1119,10000,194,-341
175,-343,10,-3,-1119,10000,194,-341
175,-343,10,-3,-1119,10000,194,-341
175,-342,10,-4,-1119,10000,192,-340
174,-340,10,-4,-1119,10000,191,-338
173,-339,10,-4,-1119,10000,190,-336
173,-338,10,-3,-1119,10000,190,-336
173,-339,10,-4,-1119,10000,191,-336
174,-340,10,-4,-1119,10000,191,-338
174,-341,10,-4,-1119,10000,191,-339
173,-340,10,-4,-1120,10000,191,-339
173,-339,10,-4,-1119,10000,191,-338
174,-338,10,-3,-1119,10000,192,-336
176,-337,10,-4,-1119,10000,194,-335
177,-336,10,-4,-1120,10000,195,-334
178,-336,10,-4,-1120,10000,196,-334
178,-338,10,-4,-1121,10000,196,-336
179,-339,10,-3,-1123,10000,197,-338
179,-341,10,-4,-1123,10000,197,-339
179,-340,8,-5,-1122,10000,197,-338
179,-339,7,-6,-1120,10000,200,-336
180,-339,6,-7,-1120,10000,201,-336
182,-339,7,-7,-1121,10000,203,-336
184,-339,10,-6,-1123,10000,205,-334
183,-339,12,-6,-1123,10000,203,-334
182,-339,11,-7,-1121,10000,203,-334
182,-339,9,-8,-1120,10000,202,-336
184,-339,7,-9,-1119,10000,205,-336
184,-339,7,-9,-1119,10000,205,-338
185,-340,9,-8,-1120,10000,206,-335
185,-341,12,-8,-1120,10000,208,-336
186,-342,13,-8,-1119,10000,209,-338
186,-343,12,-8,-1119,10000,209,-338
186,-343,11,-8,-1119,10000,206,-338
184,-342,11,-7,-1119,10000,205,-338
183,-341,11,-7,-1119,10000,203,-336
183,-340,11,-7,-1119,10000,203,-335
184,-340,12,-8,-1119,10000,207,-335
184,-340,12,-9,-1119,10000,207,-335
184,-339,13,-7,-1119,10000,205,-334
184,-338,12,-6,-1119,10000,205,-334
184,-338,11,-5,-1119,10000,205,-334
184,-339,10,-5,-1119,10000,202,-334
183,-339,11,-5,-1119,10000,203,-334
180,-340,10,-5,-1119,10000,198,-335
180,-341,10,-4,-1119,10000,197,-339
179,-341,10,-4,-1119,10000,197,-339
179,-341,10,-4,-1119,10000,197,-339
179,-339,10,-4,-1119,10000,197,-338
179,-339,10,-4,-1119,10000,197,-338
179,-339,10,-4,-1119,10000,197,-338
179,-339,10,-4,-1119,10000,197,-336
178,-339,10,-4,-1119,10000,196,-336
178,-338,10,-4,-1119,10000,196,-336
178,-338,10,-4,-1119,10000,196,-336
178,-339,10,-4,-1119,10000,196,-336
178,-339,10,-3,-1119,10000,196,-336
178,-339,10,-4,-1119,10000,196,-338
178,-340,10,-4,-1120,10000,196,-339
177,-341,10,-4,-1119,10000,196,-339
178,-342,10,-3,-1119,10000,196,-340
179,-341,10,-3,-1119,10000,197,-339
180,-341,9,-4,-1120,10000,197,-339
180,-341,9,-4,-1121,10000,197,-339
180,-341,8,-5,-1121,10000,197,-339
179,-341,9,-4,-1121,10000,197,-339
179,-341,9,-4,-1120,10000,197,-339
180,-341,9,-4,-1119,10000,197,-339
180,-341,9,-4,-1120,10000,197,-339
180,-341,9,-4,-1121,10000,197,-339
180,-341,8,-5,-1121,10000,197,-339
179,-340,7,-6,-1121,10000,197,-339
179,-339,6,-7,-1120,10000,200,-338
179,-339,6,-7,-1119,10000,200,-336
179,-339,6,-7,-1119,10000,200,-338
179,-340,6,-7,-1119,10000,200,-338
180,-341,6,-7,-1120,10000,200,-339
180,-341,6,-7,-1119,10000,200,-339
180,-341,6,-7,-1119,10000,200,-339
180,-341,6,-7,-1119,10000,200,-339
179,-341,6,-7,-1119,10000,200,-339
179,-341,6,-7,-1119,10000,200,-339
179,-341,6,-7,-1119,10000,200,-339
180,-341,6,-7,-1119,10000,200,-339
180,-341,6,-7,-1119,10000,200,-339
179,-341,7,-6,-1119,10000,197,-339
178,-341,7,-6,-1119,10000,196,-339
177,-342,7,-6,-1119,10000,196,-340
177,-342,7,-6,-1119,10000,197,-340
176,-343,7,-6,-1119,10000,197,-340
177,-342,7,-6,-1119,10000,197,-340
177,-342,7,-6,-1119,10000,195,-340
176,-343,8,-5,-1119,10000,195,-340
176,-343,8,-5,-1119,10000,194,-341
175,-343,8,-5,-1119,10000,192,-341
175,-343,7,-6,-1119,10000,192,-341
176,-343,7,-6,-1119,10000,194,-341
177,-342,7,-6,-1119,10000,195,-340
177,-342,7,-6,-1119,10000,195,-340
176,-343,7,-6,-1119,10000,195,-340
176,-343,7,-6,-1119,10000,195,-340
176,-343,7,-6,-1119,10000,195,-340
177,-342,7,-6,-1119,10000,197,-340
176,-343,7,-7,-1119,10000,197,-341
176,-344,6,-7,-1119,10000,197,-343
177,-344,6,-7,-1119,10000,198,-343
179,-344,6,-7,-1119,10000,200,-343
181,-344,6,-7,-1119,10000,202,-343
182,-345,7,-7,-1119,10000,203,-343
182,-345,8,-7,-1119,10000,203,-343
182,-345,9,-7,-1119,10000,202,-343
182,-345,8,-7,-1119,10000,202,-344
182,-345,7,-7,-1119,10000,202,-344
182,-345,6,-7,-1119,10000,203,-343
181,-344,6,-7,-1119,10000,202,-341
180,-342,6,-7,-1119,10000,201,-340
180,-341,7,-7,-1119,10000,200,-339
179,-340,8,-6,-1119,10000,197,-339
180,-341,9,-4,-1119,10000,197,-339
180,-341,9,-4,-1119,10000,197,-339
180,-341,8,-5,-1119,10000,197,-339
180,-341,7,-6,-1119,10000,197,-339
180,-341,7,-6,-1119,10000,197,-339
180,-341,8,-5,-1119,10000,197,-339
180,-341,9,-4,-1119,10000,197,-339
180,-341,9,-4,-1119,10000,197,-339
180,-341,8,-5,-1119,10000,197,-339
180,-341,9,-4,-1119,10000,197,-339
180,-341,10,-4,-1119,10000,197,-339
179,-339,10,-4,-1119,10000,197,-338
178,-338,9,-4,-1119,10000,196,-336
177,-336,8,-5,-1119,10000,195,-334
177,-336,9,-5,-1119,10000,195,-334
177,-336,10,-4,-1119,10000,195,-334
178,-336,10,-3,-1119,10000,196,-334
177,-337,9,-2,-1119,10000,195,-335
176,-338,8,-2,-1119,10000,191,-335
174,-338,7,-1,-1119,10000,190,-336
174,-338,7,-1,-1119,10000,190,-336
176,-337,7,-1,-1119,10000,191,-335
177,-336,8,-2,-1119,10000,192,-334
177,-338,8,-3,-1119,10000,195,-336
176,-341,10,-3,-1119,10000,194,-339
175,-343,10,-4,-1119,10000,194,-341
175,-344,10,-4,-1119,10000,194,-341
175,-343,9,-4,-1119,10000,194,-341
175,-343,7,-6,-1119,10000,194,-341
175,-343,6,-7,-1119,10000,196,-341
177,-343,6,-7,-1119,10000,197,-341
179,-343,7,-6,-1119,10000,200,-341
181,-343,8,-5,-1119,10000,198,-341
182,-344,8,-5,-1119,10000,200,-343
182,-345,8,-5,-1119,10000,200,-343
182,-345,7,-6,-1119,10000,202,-344
182,-345,6,-7,-1119,10000,202,-344
182,-345,6,-7,-1119,10000,202,-343
182,-345,6,-7,-1119,10000,203,-343
182,-345,6,-7,-1119,10000,203,-343
182,-345,6,-7,-1119,10000,203,-343
182,-345,6,-7,-1119,10000,203,-343
182,-345,7,-6,-1119,10000,200,-344
182,-345,7,-6,-1119,10000,200,-344
182,-345,7,-6,-1119,10000,200,-343
181,-344,6,-7,-1119,10000,202,-341
181,-343,6,-7,-1119,10000,202,-341
180,-343,6,-7,-1119,10000,201,-340
180,-342,6,-7,-1119,10000,201,-339
180,-341,6,-7,-1119,10000,200,-339
180,-341,6,-7,-1119,10000,200,-339
180,-341,6,-7,-1119,10000,200,-339
180,-341,6,-7,-1119,10000,200,-339
180,-341,7,-6,-1119,10000,197,-339
180,-341,7,-6,-1119,10000,197,-339
180,-341,7,-6,-1119,10000,197,-339
180,-341,7,-6,-1119,10000,197,-339
180,-341,7,-6,-1119,10000,197,-339
179,-339,8,-5,-1119,10000,197,-338
178,-338,9,-4,-1119,10000,196,-335
177,-336,10,-4,-1119,10000,195,-334
177,-336,10,-3,-1119,10000,195,-334
177,-336,10,-3,-1119,10000,195,-334
177,-337,10,-4,-1119,10000,195,-334
177,-337,10,-4,-1119,10000,195,-334
177,-336,10,-4,-1119,10000,195,-334
177,-336,10,-3,-1119,10000,195,-334
177,-336,10,-4,-1119,10000,195,-334
177,-336,10,-4,-1119,10000,195,-334
177,-336,10,-4,-1119,10000,195,-334
177,-336,10,-4,-1119,10000,195,-334
177,-336,10,-4,-1119,10000,195,-334
177,-337,10,-3,-1119,10000,195,-334
177,-337,10,-4,-1119,10000,195,-334
177,-336,10,-4,-1119,10000,195,-334
177,-336,10,-4,-1119,10000,195,-334
177,-336,10,-3,-1119,10000,195,-334
178,-338,10,-3,-1119,10000,196,-335
179,-339,10,-4,-1119,10000,197,-338
180,-341,9,-4,-1119,10000,197,-339
180,-341,8,-5,-1119,10000,197,-339
180,-341,7,-6,-1119,10000,197,-339
180,-341,6,-7,-1119,10000,200,-339
180,-341,6,-7,-1119,10000,200,-339
180,-341,7,-6,-1119,10000,197,-339
180,-341,8,-5,-1119,10000,197,-339
180,-341,8,-5,-1119,10000,197,-339
180,-341,7,-6,-1119,10000,197,-339
180,-341,7,-6,-1119,10000,197,-339
180,-341,8,-5,-1119,10000,197,-339
180,-341,9,-4,-1119,10000,197,-339
180,-341,9,-4,-1119,10000,197,-339
180,-341,8,-5,-1119,10000,197,-339
180,-341,7,-6,-1119,10000,197,-339
179,-339,7,-6,-1119,10000,200,-338
178,-338,7,-6,-1119,10000,198,-335
177,-336,8,-6,-1119,10000,197,-334
177,-336,8,-5,-1119,10000,195,-334
178,-336,8,-3,-1119,10000,196,-334
179,-336,8,-2,-1119,10000,197,-334
178,-336,9,-3,-1119,10000,196,-334
177,-336,10,-3,-1119,10000,195,-334
177,-337,10,-4,-1119,10000,195,-335
177,-336,10,-4,-1119,10000,195,-334
178,-336,10,-4,-1119,10000,196,-334
179,-336,10,-3,-1119,10000,197,-333
178,-336,9,-3,-1119,10000,196,-334
177,-337,8,-3,-1119,10000,195,-334
177,-336,8,-2,-1119,10000,195,-334
178,-336,9,-2,-1119,10000,196,-334
179,-335,9,-3,-1119,10000,197,-333
180,-336,8,-3,-1119,10000,198,-334
181,-338,8,-2,-1119,10000,198,-336
180,-340,9,-2,-1119,10000,198,-339
180,-341,9,-3,-1119,10000,197,-339
181,-340,9,-3,-1119,10000,198,-338
182,-339,9,-5,-1119,10000,201,-336
184,-339,8,-5,-1119,10000,202,-336
184,-338,8,-6,-1119,10000,202,-336
184,-338,8,-5,-1119,10000,202,-336
184,-338,8,-5,-1119,10000,202,-336
184,-339,7,-7,-1119,10000,205,-336
184,-339,6,-7,-1119,10000,205,-338
184,-341,6,-7,-1119,10000,205,-339
184,-342,7,-6,-1119,10000,202,-340
184,-343,7,-6,-1119,10000,202,-340
185,-341,7,-6,-1119,10000,203,-339
185,-340,6,-7,-1119,10000,206,-338
185,-340,6,-7,-1119,10000,206,-338
184,-342,6,-7,-1119,10000,205,-339
182,-343,6,-7,-1119,10000,203,-341
180,-343,6,-7,-1119,10000,201,-340
179,-341,6,-7,-1119,10000,200,-339
179,-341,6,-7,-1119,10000,200,-339
179,-340,6,-7,-1119,10000,200,-338
180,-341,6,-7,-1119,10000,200,-339
180,-341,6,-7,-1119,10000,200,-339
179,-341,6,-7,-1119,10000,200,-339
180,-341,6,-7,-1119,10000,200,-339
180,-341,6,-7,-1119,10000,200,-339
180,-341,6,-7,-1119,10000,200,-339
179,-340,6,-7,-1119,10000,200,-338
179,-339,6,-7,-1119,10000,197,-336
178,-338,6,-7,-1119,10000,198,-335
178,-338,7,-8,-1119,10000,198,-335
178,-338,8,-10,-1119,10000,201,-335
178,-338,8,-10,-1119,10000,201,-335
178,-338,7,-9,-1119,10000,198,-335
177,-337,6,-7,-1119,10000,198,-335
177,-336,6,-7,-1119,10000,195,-334
177,-336,7,-6,-1119,10000,195,-334
177,-337,9,-5,-1119,10000,195,-334
177,-337,8,-5,-1119,10000,195,-334
177,-336,8,-6,-1119,10000,195,-334
176,-335,7,-6,-1119,10000,194,-333
177,-335,8,-5,-1119,10000,195,-333
178,-335,8,-5,-1119,10000,196,-333
179,-335,9,-4,-1119,10000,196,-333
178,-336,9,-4,-1119,10000,196,-334
177,-337,9,-4,-1119,10000,195,-334
177,-337,9,-4,-1119,10000,195,-335
177,-336,9,-4,-1119,10000,195,-334
178,-336,9,-4,-1119,10000,196,-334
179,-335,9,-4,-1119,10000,197,-333
180,-336,9,-4,-1119,10000,198,-334
181,-338,8,-5,-1119,10000,198,-336
180,-340,7,-6,-1119,10000,198,-338
180,-341,7,-6,-1119,10000,197,-339
180,-341,7,-6,-1119,10000,197,-339
179,-341,7,-6,-1119,10000,197,-339
180,-341,7,-6,-1119,10000,197,-339
180,-341,8,-5,-1120,10000,197,-339
180,-341,9,-4,-1119,10000,197,-339
179,-341,9,-4,-1119,10000,197,-339
180,-341,9,-4,-1119,10000,197,-339
180,-341,9,-4,-1120,10000,197,-339
180,-341,9,-4,-1120,10000,197,-339
180,-341,8,-5,-1122,10000,197,-339
180,-341,8,-5,-1122,10000,197,-339
179,-340,8,-5,-1121,10000,197,-339
179,-340,7,-6,-1120,10000,197,-339
180,-341,7,-6,-1120,10000,201,-339
180,-342,7,-6,-1120,10000,198,-340
180,-343,7,-6,-1121,10000,201,-340
180,-342,7,-6,-1121,10000,198,-340
180,-341,7,-6,-1122,10000,198,-339
179,-340,8,-5,-1123,10000,197,-339
179,-340,8,-5,-1122,10000,197,-339
179,-341,8,-5,-1121,10000,197,-339
179,-341,8,-5,-1120,10000,197,-339
180,-341,7,-6,-1119,10000,197,-339
180,-341,8,-5,-1119,10000,197,-339
180,-341,8,-5,-1120,10000,197,-339
179,-341,9,-4,-1120,10000,197,-339
178,-341,9,-4,-1119,10000,196,-339
177,-340,9,-4,-1119,10000,195,-338
177,-339,10,-3,-1119,10000,195,-336
177,-338,10,-3,-1119,10000,195,-335
178,-336,10,-3,-1119,10000,196,-334
177,-336,10,-4,-1119,10000,195,-334
176,-337,10,-4,-1119,10000,194,-335
176,-338,10,-3,-1119,10000,194,-335
176,-338,10,-4,-1119,10000,194,-335
175,-337,10,-4,-1119,10000,194,-335
176,-337,10,-3,-1119,10000,194,-335
177,-338,10,-4,-1119,10000,195,-335
177,-338,10,-4,-1119,10000,195,-336
178,-338,10,-4,-1119,10000,196,-336
178,-337,10,-3,-1119,10000,196,-335
177,-337,10,-4,-1119,10000,195,-335
177,-338,9,-4,-1119,10000,195,-335
179,-339,9,-4,-1119,10000,197,-338
180,-341,8,-5,-1119,10000,197,-339
180,-341,9,-4,-1119,10000,198,-339
180,-341,10,-4,-1119,10000,197,-339
180,-341,11,-5,-1119,10000,200,-336
180,-341,11,-5,-1119,10000,200,-336
180,-341,10,-5,-1119,10000,197,-336
180,-341,10,-4,-1119,10000,197,-339
180,-341,10,-3,-1119,10000,197,-339
180,-341,10,-3,-1119,10000,197,-339
180,-341,10,-4,-1119,10000,197,-339
180,-341,9,-5,-1119,10000,197,-339
180,-341,7,-6,-1119,10000,200,-339
179,-341,6,-7,-1119,10000,200,-339
180,-341,6,-7,-1119,10000,200,-339
180,-341,6,-7,-1119,10000,200,-339
179,-340,6,-7,-1119,10000,200,-338
179,-341,6,-7,-1119,10000,200,-339
180,-341,6,-7,-1119,10000,200,-339
180,-342,6,-7,-1119,10000,201,-340
182,-342,6,-7,-1119,10000,202,-340
182,-341,6,-7,-1119,10000,202,-339
181,-341,7,-7,-1119,10000,201,-339
180,-340,6,-7,-1119,10000,200,-338
179,-341,5,-6,-1119,10000,197,-339
179,-341,4,-4,-1119,10000,197,-341
180,-341,3,-3,-1119,10000,195,-341
180,-341,2,-3,-1119,10000,195,-341
180,-341,3,-3,-1119,10000,195,-341
179,-341,3,-3,-1119,10000,195,-341
180,-341,3,-3,-1119,10000,195,-341
180,-341,3,-3,-1119,10000,195,-341
180,-341,3,-3,-1119,10000,195,-341
180,-341,4,-4,-1119,10000,197,-341
180,-341,5,-4,-1119,10000,197,-341
180,-341,6,-5,-1119,10000,197,-339
180,-341,6,-6,-1119,10000,197,-339
180,-341,6,-6,-1119,10000,197,-339
180,-341,6,-5,-1119,10000,197,-339
180,-341,7,-3,-1119,10000,197,-339
180,-341,9,-3,-1119,10000,197,-339
180,-341,9,-4,-1119,10000,197,-339
180,-341,7,-6,-1119,10000,200,-339
180,-341,6,-7,-1119,10000,200,-339
180,-341,6,-7,-1119,10000,200,-339
180,-341,7,-6,-1119,10000,197,-339
180,-341,7,-6,-1119,10000,197,-339
180,-341,8,-5,-1119,10000,197,-339
180,-341,9,-4,-1119,10000,197,-339
180,-341,10,-4,-1119,10000,197,-339
179,-340,10,-3,-1119,10000,197,-339
179,-339,10,-3,-1119,10000,197,-338
179,-339,10,-4,-1119,10000,197,-338
179,-339,10,-4,-1119,10000,197,-338
178,-339,10,-4,-1119,10000,196,-338
177,-338,10,-3,-1119,10000,195,-336
177,-336,10,-4,-1119,10000,195,-334
179,-335,10,-4,-1119,10000,196,-333
181,-336,10,-4,-1119,10000,198,-334
182,-338,10,-4,-1119,10000,200,-336
181,-340,10,-4,-1119,10000,200,-338
179,-340,10,-4,-1119,10000,197,-338
177,-339,10,-4,-1119,10000,196,-336
177,-336,10,-4,-1119,10000,195,-334
178,-335,10,-3,-1119,10000,196,-333
179,-335,10,-4,-1119,10000,197,-333
180,-336,10,-4,-1119,10000,197,-333
180,-337,10,-4,-1119,10000,198,-334
179,-337,10,-3,-1119,10000,197,-335
178,-337,10,-3,-1119,10000,196,-335
177,-337,10,-4,-1119,10000,195,-335
177,-338,9,-4,-1119,10000,195,-335
180,-339,8,-5,-1119,10000,198,-336
183,-339,8,-5,-1119,10000,201,-336
184,-339,7,-6,-1119,10000,202,-336
184,-339,8,-6,-1119,10000,202,-336
184,-338,8,-5,-1119,10000,202,-336
184,-339,9,-4,-1119,10000,202,-336
184,-339,8,-3,-1119,10000,202,-336
184,-339,7,-2,-1119,10000,200,-336
184,-338,6,-2,-1119,10000,200,-336
184,-338,6,-2,-1119,10000,200,-336
184,-339,6,-2,-1119,10000,200,-339
184,-339,4,-3,-1119,10000,200,-339
184,-339,3,-4,-1119,10000,202,-339
184,-338,4,-5,-1119,10000,202,-339
184,-338,5,-4,-1119,10000,202,-339
184,-339,6,-2,-1119,10000,200,-339
183,-339,6,0,-1119,10000,198,-340
180,-340,5,-1,-1119,10000,196,-340
180,-341,4,-2,-1119,10000,195,-341
179,-341,5,-4,-1119,10000,197,-341
180,-341,6,-5,-1119,10000,197,-339
180,-341,9,-5,-1119,10000,197,-339
179,-340,10,-4,-1119,10000,197,-339
179,-340,9,-3,-1119,10000,197,-338
178,-339,8,-2,-1119,10000,194,-338
178,-338,8,-2,-1119,10000,194,-336
177,-337,8,-2,-1119,10000,195,-335
177,-337,9,-3,-1119,10000,195,-335
177,-338,10,-3,-1119,10000,195,-336
177,-340,10,-4,-1119,10000,196,-338
177,-341,10,-4,-1119,10000,195,-339
178,-340,10,-4,-1119,10000,196,-339
179,-339,10,-4,-1119,10000,197,-338
179,-339,10,-4,-1119,10000,197,-336
179,-339,10,-4,-1119,10000,197,-338
177,-341,10,-4,-1119,10000,196,-339
177,-342,10,-5,-1119,10000,195,-338
177,-343,11,-5,-1119,10000,197,-339
176,-341,10,-5,-1119,10000,194,-336
176,-339,10,-4,-1119,10000,194,-336
175,-338,10,-4,-1119,10000,192,-336
174,-338,10,-4,-1119,10000,191,-336
174,-338,10,-4,-1119,10000,192,-336
176,-338,10,-4,-1119,10000,194,-335
177,-337,10,-4,-1119,10000,195,-335
177,-336,10,-4,-1119,10000,195,-334
177,-336,10,-3,-1119,10000,195,-334
177,-337,10,-4,-1119,10000,195,-335
178,-338,10,-4,-1119,10000,196,-336
178,-339,10,-4,-1119,10000,196,-336
178,-339,10,-3,-1119,10000,196,-336
178,-339,10,-3,-1119,10000,196,-336
179,-339,10,-4,-1119,10000,197,-336
180,-339,8,-5,-1119,10000,198,-336
181,-339,7,-6,-1119,10000,200,-338
182,-340,7,-6,-1119,10000,200,-338
183,-339,8,-5,-1119,10000,201,-336
184,-339,9,-4,-1119,10000,202,-336
184,-338,9,-4,-1119,10000,202,-336
184,-338,9,-4,-1119,10000,202,-336
184,-339,8,-5,-1119,10000,202,-336
184,-339,7,-6,-1119,10000,205,-336
184,-339,6,-7,-1119,10000,205,-336
184,-338,7,-6,-1119,10000,202,-336
184,-338,8,-5,-1119,10000,202,-336
184,-339,9,-4,-1119,10000,202,-336
184,-339,9,-4,-1119,10000,202,-336
184,-339,9,-4,-1119,10000,202,-336
184,-338,8,-5,-1119,10000,202,-336
184,-338,8,-5,-1120,10000,202,-336
183,-339,7,-6,-1120,10000,201,-336
182,-339,6,-7,-1119,10000,203,-336
182,-339,6,-7,-1119,10000,202,-338
183,-339,6,-7,-1120,10000,203,-336
184,-339,6,-7,-1121,10000,205,-336
184,-338,6,-7,-1123,10000,205,-336
183,-339,6,-7,-1123,10000,203,-336
180,-340,6,-7,-1121,10000,201,-338
179,-341,6,-7,-1120,10000,200,-339
179,-341,6,-7,-1120,10000,200,-339
179,-341,6,-7,-1123,10000,200,-339
180,-341,6,-7,-1124,10000,200,-339
180,-341,6,-7,-1125,10000,200,-339
180,-341,6,-7,-1124,10000,200,-339
179,-341,6,-7,-1124,10000,200,-339
180,-341,6,-7,-1124,10000,200,-339
180,-341,7,-7,-1123,10000,200,-339
180,-341,8,-7,-1120,10000,200,-339
180,-341,8,-7,-1120,10000,200,-339
180,-341,8,-7,-1120,10000,200,-339
180,-341,8,-6,-1121,10000,200,-339
180,-341,8,-7,-1121,10000,200,-339
179,-341,8,-7,-1120,10000,200,-339
180,-341,8,-9,-1119,10000,200,-339
180,-341,9,-10,-1119,10000,202,-336
180,-341,9,-11,-1119,10000,202,-336
179,-341,10,-10,-1120,10000,202,-336
179,-341,8,-10,-1119,10000,202,-339
180,-341,7,-8,-1119,10000,200,-339
180,-340,6,-7,-1119,10000,201,-338
181,-340,6,-7,-1119,10000,202,-338
183,-339,8,-7,-1119,10000,203,-336
183,-339,9,-7,-1119,10000,203,-336
182,-339,8,-7,-1119,10000,202,-338
181,-340,7,-7,-1119,10000,201,-338
181,-340,6,-7,-1119,10000,202,-338
182,-339,6,-7,-1119,10000,202,-338
182,-339,6,-7,-1119,10000,203,-336
181,-340,6,-7,-1119,10000,202,-338
180,-341,6,-7,-1119,10000,200,-339
179,-341,6,-7,-1119,10000,200,-339
179,-341,6,-7,-1119,10000,200,-339
180,-341,6,-7,-1119,10000,200,-339
180,-341,6,-7,-1119,10000,200,-339
180,-341,6,-7,-1119,10000,200,-339
180,-341,6,-7,-1119,10000,200,-339
180,-341,6,-7,-1119,10000,200,-339
180,-341,6,-7,-1119,10000,200,-339
179,-341,6,-7,-1119,10000,200,-339
179,-341,6,-7,-1119,10000,200,-339
180,-340,6,-7,-1119,10000,201,-338
181,-340,6,-7,-1119,10000,201,-338
181,-340,6,-7,-1119,10000,202,-338
180,-340,6,-7,-1119,10000,201,-338
180,-341,6,-7,-1119,10000,200,-339
180,-341,6,-7,-1119,10000,200,-339
180,-340,7,-6,-1119,10000,198,-338
181,-340,7,-6,-1119,10000,200,-338
181,-340,7,-6,-1119,10000,198,-338
180,-340,6,-7,-1119,10000,201,-338
179,-341,6,-7,-1119,10000,200,-339
179,-341,6,-7,-1119,10000,200,-339
180,-341,6,-7,-1119,10000,200,-339
180,-341,6,-7,-1119,10000,200,-339
180,-341,6,-7,-1119,10000,200,-339
179,-341,6,-7,-1119,10000,200,-339
180,-341,6,-7,-1119,10000,200,-339
180,-341,6,-7,-1119,10000,200,-339
180,-341,6,-7,-1119,10000,197,-339
180,-341,6,-5,-1119,10000,197,-339
180,-341,7,-4,-1119,10000,197,-339
180,-341,7,-4,-1119,10000,197,-339
180,-341,7,-5,-1119,10000,197,-339
180,-341,7,-7,-1119,10000,200,-339
180,-341,6,-7,-1119,10000,200,-339
180,-341,6,-7,-1119,10000,200,-339
180,-341,6,-7,-1119,10000,200,-339
180,-341,6,-7,-1119,10000,200,-339
180,-341,6,-7,-1119,10000,200,-339
179,-341,7,-6,-1119,10000,197,-339
180,-341,8,-5,-1119,10000,197,-339
180,-341,9,-4,-1119,10000,197,-339
180,-341,8,-5,-1120,10000,197,-339
179,-341,8,-5,-1119,10000,197,-339
179,-341,7,-6,-1119,10000,197,-339
180,-341,7,-6,-1119,10000,197,-339
180,-340,7,-6,-1120,10000,198,-338
181,-340,8,-5,-1120,10000,200,-338
182,-339,8,-5,-1122,10000,200,-338
183,-339,8,-5,-1123,10000,201,-336
184,-339,7,-6,-1123,10000,202,-336
184,-338,7,-6,-1123,10000,202,-336
184,-338,8,-5,-1122,10000,202,-336
184,-339,9,-4,-1123,10000,202,-336
184,-339,9,-4,-1124,10000,202,-336
184,-339,8,-5,-1124,10000,202,-336
184,-339,7,-6,-1124,10000,202,-336
184,-338,7,-6,-1124,10000,202,-336
184,-338,7,-6,-1124,10000,202,-336
184,-339,7,-6,-1124,10000,202,-336
183,-339,7,-6,-1124,10000,201,-336
182,-339,7,-7,-1125,10000,202,-338
181,-340,6,-6,-1124,10000,200,-338
180,-340,6,-5,-1123,10000,198,-338
180,-341,7,-3,-1121,10000,197,-339
179,-341,9,-3,-1119,10000,197,-339
179,-341,10,-3,-1119,10000,197,-339
180,-341,10,-4,-1119,10000,197,-339
180,-341,9,-5,-1120,10000,197,-339
180,-341,7,-6,-1120,10000,197,-339
180,-341,7,-7,-1119,10000,200,-339
180,-341,7,-6,-1119,10000,197,-339
180,-341,6,-5,-1119,10000,197,-339
179,-340,6,-4,-1119,10000,197,-338
179,-339,6,-5,-1119,10000,197,-336
178,-338,7,-6,-1119,10000,196,-335
178,-337,7,-7,-1119,10000,198,-335
178,-338,6,-7,-1119,10000,198,-335
179,-339,6,-7,-1119,10000,200,-338
180,-341,6,-7,-1119,10000,200,-339
180,-341,6,-7,-1119,10000,201,-339
180,-341,6,-7,-1119,10000,200,-339
180,-341,6,-7,-1119,10000,197,-339
180,-341,6,-7,-1120,10000,200,-339
180,-341,7,-9,-1119,10000,200,-339
180,-341,8,-10,-1119,10000,202,-339
180,-341,9,-9,-1119,10000,200,-339
180,-341,8,-7,-1120,10000,200,-339
180,-341,8,-6,-1121,10000,200,-339
180,-341,7,-6,-1121,10000,197,-339
180,-341,6,-6,-1121,10000,197,-339
180,-341,6,-7,-1120,10000,200,-339
180,-341,7,-8,-1119,10000,200,-339
179,-341,7,-8,-1119,10000,200,-339
179,-341,8,-9,-1119,10000,200,-339
180,-341,9,-10,-1120,10000,202,-336
180,-341,9,-10,-1119,10000,202,-336
180,-341,10,-11,-1119,10000,202,-336
179,-341,9,-10,-1119,10000,202,-336
178,-341,8,-10,-1119,10000,201,-339
178,-341,8,-10,-1119,10000,201,-339
178,-342,8,-10,-1119,10000,201,-339
177,-342,9,-10,-1119,10000,201,-338
177,-342,8,-10,-1119,10000,200,-340
177,-343,8,-10,-1119,10000,200,-340
178,-342,8,-10,-1119,10000,201,-340
179,-340,8,-9,-1119,10000,200,-338
179,-339,8,-7,-1119,10000,200,-338
177,-340,7,-6,-1119,10000,195,-338
176,-341,7,-5,-1119,10000,194,-339
176,-342,7,-6,-1119,10000,195,-340
178,-342,7,-6,-1119,10000,198,-340
180,-341,7,-6,-1119,10000,200,-339
180,-340,7,-6,-1119,10000,198,-339
180,-341,8,-5,-1119,10000,197,-339
180,-341,8,-5,-1119,10000,197,-339
179,-341,8,-5,-1119,10000,197,-339
179,-341,7,-6,-1119,10000,197,-339
179,-341,6,-7,-1119,10000,200,-339
180,-341,6,-7,-1119,10000,200,-339
180,-340,6,-7,-1119,10000,201,-338
183,-339,6,-7,-1119,10000,203,-336
184,-339,6,-7,-1119,10000,205,-336
184,-338,6,-7,-1119,10000,205,-336
184,-338,6,-7,-1119,10000,205,-336
184,-339,6,-7,-1119,10000,205,-336
184,-339,6,-7,-1119,10000,205,-336
184,-339,6,-7,-1119,10000,205,-336
184,-338,6,-7,-1119,10000,205,-336
184,-339,7,-6,-1119,10000,202,-336
184,-339,7,-6,-1119,10000,202,-336
184,-338,7,-6,-1119,10000,205,-336
184,-338,7,-6,-1119,10000,205,-336
184,-338,7,-6,-1119,10000,202,-336
184,-339,7,-6,-1119,10000,202,-336
184,-340,7,-6,-1119,10000,205,-338
185,-340,7,-6,-1119,10000,203,-338
184,-339,7,-6,-1119,10000,202,-338
183,-339,8,-5,-1119,10000,201,-338
181,-341,8,-5,-1119,10000,200,-339
181,-343,7,-6,-1119,10000,200,-341
181,-344,7,-6,-1119,10000,198,-343
181,-343,8,-5,-1119,10000,198,-341
181,-343,9,-4,-1119,10000,198,-341
181,-343,10,-3,-1119,10000,198,-341
181,-344,10,-3,-1119,10000,200,-341
181,-344,10,-4,-1119,10000,198,-341
180,-342,9,-4,-1120,10000,198,-340
180,-341,9,-4,-1119,10000,197,-339
179,-340,8,-5,-1119,10000,197,-339
179,-341,9,-5,-1119,10000,197,-339
179,-341,8,-5,-1120,10000,197,-339
180,-341,7,-6,-1120,10000,197,-339
180,-341,5,-6,-1121,10000,197,-339
180,-341,4,-5,-1121,10000,197,-341
179,-341,3,-4,-1121,10000,197,-341
178,-341,4,-4,-1121,10000,196,-341
178,-342,4,-4,-1121,10000,196,-343
178,-341,3,-3,-1122,10000,194,-341
178,-341,3,-3,-1122,10000,194,-341
178,-341,3,-3,-1123,10000,194,-341
178,-341,3,-3,-1124,10000,194,-341
178,-341,3,-3,-1123,10000,194,-341
179,-341,3,-3,-1120,10000,195,-341
178,-341,3,-3,-1120,10000,194,-341
178,-342,3,-3,-1121,10000,194,-343
178,-341,3,-3,-1123,10000,194,-341
179,-341,3,-3,-1123,10000,195,-341
180,-340,3,-3,-1121,10000,196,-341
179,-341,3,-3,-1120,10000,195,-341
178,-341,4,-4,-1121,10000,196,-341
178,-342,4,-4,-1123,10000,196,-343
178,-341,4,-4,-1123,10000,196,-341
179,-341,4,-5,-1121,10000,197,-341
180,-341,5,-6,-1120,10000,197,-339
178,-341,6,-7,-1119,10000,198,-339
177,-342,7,-7,-1119,10000,197,-340
177,-342,6,-7,-1120,10000,197,-340
178,-342,6,-7,-1120,10000,198,-340
178,-342,6,-7,-1119,10000,198,-340
177,-341,6,-7,-1119,10000,198,-339
176,-341,6,-7,-1119,10000,196,-339
176,-340,6,-7,-1119,10000,196,-339
177,-340,6,-7,-1119,10000,197,-339
179,-341,6,-7,-1119,10000,200,-339
180,-341,6,-7,-1119,10000,201,-339
180,-341,6,-7,-1119,10000,200,-339
179,-339,6,-7,-1119,10000,200,-338
178,-338,7,-6,-1119,10000,196,-336
177,-336,9,-4,-1119,10000,195,-334
177,-336,9,-4,-1119,10000,195,-334
177,-336,7,-6,-1119,10000,195,-334
177,-337,6,-7,-1119,10000,198,-334
177,-337,5,-7,-1119,10000,198,-334
177,-336,6,-7,-1119,10000,197,-334
177,-336,7,-6,-1119,10000,195,-334
177,-336,7,-6,-1119,10000,195,-334
177,-336,7,-6,-1119,10000,195,-334
177,-337,7,-7,-1119,10000,198,-334
177,-336,6,-7,-1119,10000,197,-334
177,-336,6,-7,-1119,10000,197,-334
177,-336,5,-6,-1119,10000,195,-334
177,-337,5,-5,-1119,10000,196,-338
178,-337,4,-5,-1119,10000,196,-338
178,-338,3,-4,-1120,10000,196,-339
179,-339,3,-3,-1119,10000,195,-340
179,-340,3,-3,-1119,10000,195,-340
179,-340,4,-4,-1119,10000,197,-341
180,-341,5,-5,-1120,10000,197,-341
180,-341,5,-6,-1121,10000,197,-339
180,-341,5,-6,-1121,10000,197,-339
180,-341,5,-6,-1120,10000,197,-339
180,-341,6,-7,-1120,10000,197,-339
180,-341,6,-7,-1121,10000,200,-339
180,-341,6,-7,-1123,10000,200,-339
180,-341,6,-7,-1124,10000,200,-339
180,-341,6,-7,-1123,10000,200,-339
180,-341,6,-7,-1122,10000,200,-339
180,-341,6,-7,-1123,10000,200,-339
180,-341,6,-7,-1124,10000,200,-339
180,-341,6,-7,-1125,10000,200,-339
180,-341,6,-7,-1124,10000,200,-339
180,-341,6,-7,-1123,10000,200,-339
180,-341,6,-7,-1122,10000,200,-339
180,-341,6,-7,-1123,10000,200,-339
180,-341,6,-7,-1124,10000,200,-339
180,-341,6,-7,-1125,10000,200,-339
180,-341,6,-7,-1124,10000,200,-339
180,-341,6,-7,-1123,10000,200,-339
180,-341,6,-7,-1122,10000,200,-339
180,-341,6,-7,-1121,10000,200,-339
179,-340,6,-7,-1121,10000,200,-338
179,-339,6,-7,-1121,10000,200,-338
179,-339,6,-7,-1121,10000,200,-336
179,-340,6,-7,-1121,10000,200,-338
179,-340,7,-6,-1120,10000,197,-339
179,-339,7,-6,-1119,10000,197,-338
178,-338,7,-6,-1119,10000,198,-335
177,-336,7,-6,-1119,10000,195,-334
177,-336,7,-6,-1120,10000,197,-334
177,-336,7,-6,-1119,10000,195,-334
177,-337,7,-6,-1119,10000,195,-334
177,-337,6,-7,-1119,10000,198,-334
177,-336,6,-7,-1119,10000,197,-334
177,-336,6,-7,-1119,10000,197,-334
177,-336,6,-7,-1119,10000,197,-334
178,-338,6,-7,-1119,10000,198,-335
179,-339,6,-7,-1119,10000,200,-338
179,-340,6,-7,-1119,10000,200,-338
179,-340,7,-7,-1119,10000,200,-338
179,-339,7,-8,-1119,10000,200,-336
179,-339,7,-8,-1119,10000,200,-338
179,-340,7,-8,-1119,10000,200,-338
180,-341,6,-7,-1119,10000,200,-339
180,-341,6,-7,-1119,10000,200,-339
180,-341,6,-7,-1119,10000,200,-339
180,-341,6,-7,-1119,10000,200,-339
180,-341,6,-7,-1119,10000,200,-339
180,-341,6,-7,-1119,10000,200,-339
180,-341,6,-7,-1119,10000,200,-339
180,-341,7,-6,-1119,10000,200,-339
180,-341,8,-6,-1119,10000,200,-339
180,-341,7,-6,-1120,10000,197,-339
180,-341,5,-5,-1119,10000,197,-341
180,-341,3,-4,-1119,10000,197,-341
180,-341,3,-4,-1119,10000,197,-341
180,-341,5,-5,-1120,10000,197,-341
180,-341,6,-7,-1121,10000,200,-339
180,-341,7,-7,-1121,10000,200,-339
180,-341,6,-7,-1121,10000,200,-339
179,-341,6,-7,-1120,10000,200,-339
180,-341,6,-7,-1119,10000,200,-339
180,-341,6,-7,-1119,10000,200,-339
180,-341,6,-7,-1119,10000,200,-339
179,-341,6,-7,-1120,10000,200,-339
179,-341,6,-7,-1119,10000,200,-339
180,-341,6,-7,-1119,10000,201,-339
181,-341,6,-7,-1119,10000,200,-339
183,-340,5,-6,-1119,10000,201,-338
184,-340,5,-5,-1119,10000,202,-340
184,-340,5,-6,-1119,10000,202,-338
184,-342,6,-7,-1119,10000,202,-340
183,-344,6,-7,-1119,10000,203,-341
183,-345,6,-7,-1119,10000,203,-343
184,-344,6,-7,-1119,10000,205,-343
184,-344,6,-7,-1119,10000,205,-341
184,-344,6,-7,-1119,10000,205,-341
184,-344,6,-7,-1119,10000,205,-341
183,-343,6,-7,-1119,10000,203,-341
182,-343,6,-7,-1119,10000,203,-340
181,-342,6,-7,-1119,10000,202,-340
180,-342,6,-7,-1119,10000,201,-339
179,-341,6,-7,-1119,10000,200,-339
180,-341,6,-7,-1119,10000,200,-339
181,-342,6,-7,-1119,10000,202,-340
183,-343,6,-7,-1119,10000,203,-340
183,-343,6,-7,-1119,10000,203,-341
182,-341,6,-7,-1119,10000,202,-339
181,-340,6,-7,-1119,10000,202,-338
180,-340,6,-7,-1119,10000,201,-338
180,-340,6,-7,-1119,10000,200,-338
180,-341,6,-7,-1119,10000,200,-339
180,-341,6,-7,-1119,10000,200,-339
179,-341,6,-7,-1119,10000,200,-339
180,-341,6,-7,-1119,10000,200,-339
180,-341,6,-7,-1119,10000,200,-339
179,-341,6,-7,-1119,10000,200,-339
180,-341,6,-7,-1119,10000,200,-339
180,-341,6,-7,-1119,10000,200,-339
180,-341,6,-7,-1119,10000,200,-339
180,-341,6,-7,-1119,10000,200,-339
180,-341,6,-7,-1119,10000,200,-339
180,-341,6,-7,-1119,10000,200,-339
180,-341,6,-7,-1119,10000,200,-339
180,-341,7,-6,-1119,10000,197,-339
180,-341,9,-6,-1119,10000,200,-339
180,-341,10,-6,-1119,10000,200,-336
180,-341,10,-7,-1119,10000,200,-336
180,-341,10,-9,-1119,10000,202,-336
180,-341,11,-9,-1119,10000,202,-336
180,-341,12,-8,-1119,10000,202,-336
180,-341,12,-7,-1119,10000,200,-336
180,-341,10,-4,-1119,10000,197,-336
180,-341,10,-4,-1119,10000,197,-339
180,-341,10,-4,-1119,10000,197,-339
180,-341,11,-6,-1119,10000,200,-336
180,-341,11,-6,-1120,10000,200,-336
180,-341,11,-6,-1119,10000,200,-336
180,-341,10,-5,-1119,10000,197,-336
180,-341,10,-4,-1119,10000,197,-339
180,-341,10,-4,-1120,10000,197,-339
180,-341,10,-3,-1121,10000,197,-339
180,-341,10,-3,-1122,10000,197,-339
180,-341,10,-4,-1122,10000,197,-339
180,-341,9,-5,-1121,10000,197,-339
180,-341,7,-6,-1120,10000,197,-339
180,-341,6,-7,-1121,10000,200,-339
180,-341,7,-6,-1123,10000,200,-339
180,-341,7,-6,-1124,10000,197,-339
180,-341,7,-6,-1125,10000,197,-339
180,-341,6,-7,-1124,10000,200,-339
179,-341,6,-7,-1124,10000,200,-339
180,-341,6,-7,-1124,10000,200,-339
180,-341,6,-7,-1124,10000,200,-339
180,-341,6,-7,-1124,10000,197,-339
179,-341,5,-6,-1123,10000,197,-339
179,-341,5,-6,-1122,10000,197,-341
179,-341,5,-6,-1123,10000,197,-339
180,-340,6,-7,-1124,10000,198,-338
183,-339,6,-7,-1125,10000,203,-336
184,-338,6,-7,-1125,10000,205,-336
184,-339,6,-7,-1124,10000,205,-336
183,-339,6,-7,-1123,10000,203,-336
182,-339,6,-7,-1122,10000,202,-338
182,-339,6,-7,-1122,10000,203,-336
183,-339,6,-7,-1122,10000,203,-336
184,-338,7,-7,-1122,10000,205,-336
184,-338,7,-8,-1121,10000,205,-336
184,-339,7,-8,-1120,10000,205,-336
184,-339,7,-8,-1119,10000,205,-336
184,-339,6,-7,-1119,10000,205,-336
184,-338,6,-7,-1119,10000,202,-336
184,-339,6,-7,-1120,10000,205,-336
184,-339,7,-8,-1119,10000,205,-336
184,-339,7,-8,-1119,10000,205,-336
184,-339,7,-9,-1119,10000,205,-336
184,-338,7,-8,-1119,10000,205,-336
184,-339,8,-7,-1119,10000,205,-336
184,-339,9,-5,-1119,10000,205,-336
184,-339,10,-4,-1119,10000,202,-336
184,-338,10,-3,-1119,10000,202,-336
184,-338,10,-3,-1120,10000,202,-336
184,-339,10,-4,-1119,10000,202,-336
183,-339,10,-4,-1119,10000,201,-336
180,-340,10,-4,-1119,10000,198,-338
180,-341,10,-3,-1120,10000,197,-339
179,-341,10,-4,-1121,10000,197,-339
179,-341,10,-4,-1121,10000,197,-339
180,-341,10,-4,-1121,10000,197,-339
180,-341,10,-4,-1120,10000,197,-339
180,-341,10,-4,-1120,10000,197,-339
180,-341,10,-4,-1121,10000,197,-339
179,-341,10,-4,-1121,10000,197,-339
179,-341,10,-4,-1121,10000,197,-339
180,-341,10,-4,-1123,10000,197,-339
180,-341,10,-4,-1124,10000,197,-339
180,-341,10,-3,-1125,10000,197,-339
179,-341,10,-4,-1124,10000,197,-339
178,-341,10,-4,-1123,10000,196,-339
178,-342,10,-4,-1122,10000,196,-340
179,-342,10,-3,-1122,10000,197,-340
179,-341,10,-3,-1122,10000,197,-339
178,-340,10,-4,-1123,10000,196,-338
177,-339,8,-5,-1123,10000,195,-338
177,-339,7,-6,-1123,10000,195,-336
177,-338,6,-7,-1122,10000,198,-335
178,-337,7,-6,-1121,10000,198,-335
177,-337,7,-6,-1121,10000,195,-335
178,-338,7,-6,-1122,10000,196,-335
179,-339,6,-7,-1124,10000,200,-338
179,-341,6,-7,-1124,10000,200,-339
180,-341,6,-7,-1123,10000,201,-339
180,-341,6,-7,-1121,10000,200,-339
179,-340,6,-7,-1120,10000,200,-338
180,-341,6,-7,-1120,10000,200,-339
180,-341,6,-7,-1119,10000,200,-339
180,-341,6,-7,-1119,10000,201,-339
179,-340,6,-7,-1119,10000,200,-338
179,-339,6,-7,-1120,10000,200,-338
178,-338,6,-7,-1121,10000,198,-335
178,-338,6,-7,-1121,10000,198,-335
178,-338,6,-7,-1121,10000,198,-335
178,-337,6,-7,-1121,10000,198,-335
177,-337,6,-7,-1121,10000,198,-335
177,-336,6,-7,-1122,10000,197,-334
177,-336,6,-7,-1123,10000,197,-334
177,-336,6,-7,-1123,10000,197,-334
177,-337,6,-7,-1122,10000,198,-334
177,-337,6,-7,-1123,10000,198,-334
177,-336,6,-7,-1124,10000,197,-334
177,-336,6,-7,-1124,10000,197,-334
177,-336,6,-7,-1123,10000,197,-334
177,-337,6,-7,-1122,10000,198,-335
178,-337,6,-7,-1123,10000,196,-335
178,-338,5,-6,-1124,10000,196,-335
178,-338,5,-5,-1124,10000,196,-338
178,-338,5,-6,-1124,10000,196,-336
179,-339,6,-7,-1124,10000,200,-338
179,-340,7,-7,-1124,10000,200,-338
180,-341,6,-7,-1124,10000,200,-339
180,-341,5,-6,-1124,10000,197,-339
180,-341,5,-5,-1124,10000,197,-341
180,-341,5,-5,-1124,10000,197,-341
180,-341,4,-5,-1124,10000,197,-341
180,-341,4,-4,-1124,10000,197,-341
180,-341,4,-4,-1124,10000,197,-341
180,-341,4,-5,-1124,10000,197,-341
180,-341,5,-6,-1125,10000,197,-339
180,-341,6,-6,-1124,10000,197,-339
180,-341,5,-6,-1123,10000,197,-339
180,-341,5,-6,-1121,10000,197,-339
180,-341,5,-6,-1119,10000,197,-339
180,-341,6,-7,-1119,10000,197,-339
180,-341,6,-7,-1119,10000,200,-339
180,-341,6,-7,-1120,10000,200,-339
180,-341,6,-7,-1120,10000,200,-339
180,-341,6,-7,-1119,10000,200,-339
179,-341,6,-7,-1119,10000,200,-339
180,-341,6,-7,-1119,10000,200,-339
180,-341,6,-7,-1119,10000,200,-339
180,-341,6,-7,-1119,10000,200,-339
179,-341,6,-7,-1119,10000,200,-339
180,-341,6,-7,-1119,10000,200,-339
180,-341,6,-7,-1119,10000,201,-339
180,-340,7,-6,-1119,10000,201,-338
181,-339,8,-4,-1119,10000,198,-336
180,-338,9,-3,-1119,10000,198,-336
178,-338,8,-2,-1119,10000,196,-336
177,-338,8,-3,-1119,10000,195,-336
177,-337,8,-5,-1119,10000,195,-335
179,-336,8,-6,-1119,10000,200,-333
180,-335,7,-7,-1119,10000,201,-333
180,-335,6,-7,-1119,10000,201,-333
179,-336,6,-7,-1119,10000,200,-334
177,-336,7,-6,-1120,10000,195,-334
177,-337,9,-4,-1119,10000,195,-335
177,-336,10,-3,-1119,10000,195,-334
177,-337,9,-4,-1119,10000,195,-334
178,-337,7,-6,-1120,10000,196,-335
178,-338,6,-7,-1120,10000,198,-336
178,-339,7,-6,-1121,10000,198,-336
179,-339,7,-6,-1122,10000,197,-338
179,-339,7,-6,-1122,10000,197,-338
179,-339,6,-7,-1122,10000,200,-338
178,-339,6,-7,-1123,10000,198,-336
178,-337,6,-7,-1122,10000,198,-335
177,-336,6,-7,-1123,10000,197,-334
177,-336,6,-7,-1123,10000,197,-334
178,-338,6,-7,-1124,10000,198,-335
179,-339,6,-7,-1124,10000,200,-338
180,-341,6,-7,-1123,10000,200,-339
180,-341,6,-7,-1123,10000,201,-339
180,-341,6,-7,-1123,10000,200,-339
180,-341,6,-7,-1124,10000,200,-339
180,-341,6,-7,-1123,10000,200,-339
180,-341,6,-7,-1121,10000,200,-339
180,-341,6,-7,-1120,10000,200,-339
180,-341,6,-7,-1120,10000,200,-339
180,-341,6,-7,-1121,10000,200,-339
180,-341,6,-7,-1121,10000,200,-339
180,-341,6,-7,-1120,10000,197,-339
180,-341,5,-6,-1119,10000,197,-339
180,-341,5,-6,-1119,10000,197,-339
180,-341,5,-6,-1119,10000,197,-339
180,-341,5,-7,-1120,10000,200,-339
180,-341,6,-6,-1119,10000,197,-339
180,-341,6,-4,-1119,10000,197,-339
180,-341,7,-2,-1119,10000,195,-339
180,-341,7,-1,-1119,10000,195,-339
180,-341,7,-2,-1119,10000,195,-339
180,-341,7,-3,-1119,10000,197,-339
180,-341,8,-3,-1119,10000,197,-339
180,-341,8,-3,-1119,10000,197,-339
180,-341,8,-4,-1119,10000,197,-339
180,-341,7,-5,-1119,10000,197,-339
180,-341,6,-5,-1119,10000,197,-339
180,-341,6,-3,-1119,10000,195,-341
180,-341,7,-1,-1119,10000,195,-339
180,-341,9,-2,-1120,10000,197,-339
180,-341,10,-3,-1120,10000,197,-339
180,-341,10,-4,-1119,10000,197,-339
180,-341,8,-5,-1119,10000,197,-339
180,-341,7,-6,-1119,10000,197,-339
180,-341,7,-6,-1121,10000,197,-339
180,-341,8,-5,-1123,10000,197,-339
180,-341,9,-5,-1124,10000,197,-339
180,-341,7,-6,-1123,10000,197,-339
180,-341,6,-7,-1121,10000,200,-339
180,-341,5,-7,-1119,10000,200,-339
180,-341,6,-7,-1119,10000,200,-339
180,-341,7,-6,-1120,10000,197,-339
180,-341,7,-6,-1121,10000,197,-339
180,-341,7,-6,-1121,10000,197,-339
180,-341,7,-6,-1121,10000,200,-339
180,-341,7,-6,-1122,10000,197,-339
180,-341,7,-6,-1123,10000,197,-339
180,-341,7,-6,-1123,10000,200,-339
180,-341,7,-6,-1121,10000,197,-339
180,-341,7,-6,-1120,10000,197,-339
180,-341,8,-5,-1119,10000,197,-339
180,-341,9,-4,-1119,10000,197,-339
180,-341,8,-5,-1120,10000,197,-339
180,-341,8,-5,-1120,10000,197,-339
180,-341,8,-5,-1119,10000,197,-339
180,-341,8,-5,-1119,10000,197,-339
180,-341,8,-5,-1119,10000,197,-339
180,-341,8,-5,-1119,10000,197,-339
180,-341,9,-4,-1119,10000,197,-339
180,-341,9,-4,-1119,10000,197,-339
180,-341,10,-3,-1120,10000,197,-339
180,-341,10,-3,-1119,10000,197,-339
180,-341,10,-3,-1119,10000,197,-339
180,-341,10,-4,-1119,10000,197,-339
180,-341,10,-4,-1120,10000,197,-339
180,-341,10,-3,-1121,10000,197,-339
179,-341,10,-4,-1121,10000,197,-339
180,-341,10,-4,-1121,10000,197,-339
180,-341,10,-4,-1120,10000,197,-339
180,-341,10,-4,-1119,10000,197,-339
179,-341,10,-4,-1119,10000,197,-339
179,-341,10,-4,-1120,10000,197,-339
180,-341,10,-4,-1120,10000,197,-339
180,-340,10,-4,-1119,10000,198,-338
183,-339,10,-4,-1119,10000,201,-336
184,-339,10,-4,-1120,10000,202,-336
184,-338,10,-4,-1121,10000,202,-336
184,-338,10,-4,-1121,10000,202,-336
184,-339,10,-3,-1121,10000,202,-336
184,-339,10,-4,-1120,10000,202,-336
184,-339,10,-4,-1119,10000,202,-336
184,-338,10,-4,-1119,10000,202,-335
184,-338,10,-3,-1119,10000,202,-336
184,-339,10,-3,-1120,10000,202,-336
184,-340,10,-4,-1119,10000,202,-338
184,-340,10,-5,-1119,10000,205,-338
184,-340,10,-7,-1119,10000,205,-335
184,-339,8,-7,-1119,10000,205,-336
184,-338,7,-7,-1119,10000,205,-336
184,-338,6,-7,-1119,10000,205,-336
184,-339,6,-7,-1119,10000,205,-336
184,-339,6,-7,-1119,10000,205,-336
184,-339,7,-7,-1119,10000,205,-336
184,-339,7,-6,-1119,10000,202,-336
184,-339,7,-6,-1119,10000,202,-336
184,-339,7,-6,-1119,10000,202,-336
184,-339,6,-7,-1119,10000,205,-336
184,-338,6,-8,-1119,10000,205,-336
184,-339,6,-8,-1119,10000,205,-336
184,-339,7,-6,-1119,10000,202,-336
184,-339,8,-3,-1119,10000,202,-336
184,-338,8,-1,-1119,10000,200,-336
184,-339,7,-1,-1119,10000,200,-336
184,-339,7,-2,-1119,10000,200,-336
183,-339,6,-2,-1119,10000,198,-340
180,-339,5,-1,-1119,10000,196,-339
178,-337,6,0,-1119,10000,194,-338
177,-337,7,-1,-1119,10000,192,-335
177,-338,8,-1,-1119,10000,192,-335
179,-339,8,-1,-1119,10000,195,-338
180,-341,6,-1,-1119,10000,195,-341
180,-341,5,-1,-1119,10000,196,-341
180,-341,5,-1,-1119,10000,195,-341
180,-341,5,-1,-1119,10000,195,-341
180,-341,6,-1,-1119,10000,195,-341
180,-341,7,-1,-1119,10000,195,-339
180,-341,8,-1,-1119,10000,195,-339
180,-341,8,-2,-1119,10000,197,-339
180,-341,9,-3,-1119,10000,197,-339
180,-341,10,-4,-1119,10000,197,-339
180,-341,10,-4,-1119,10000,197,-339
180,-341,10,-4,-1119,10000,197,-339
180,-341,10,-4,-1119,10000,197,-339
180,-341,10,-4,-1119,10000,197,-339
180,-341,10,-4,-1119,10000,197,-339
180,-341,10,-4,-1119,10000,197,-339
180,-341,10,-4,-1119,10000,197,-339
180,-341,10,-4,-1119,10000,197,-339
180,-341,10,-4,-1119,10000,197,-339
180,-341,10,-4,-1119,10000,197,-339
180,-341,10,-4,-1119,10000,197,-339
180,-341,10,-4,-1119,10000,197,-339
180,-341,10,-4,-1119,10000,197,-339
180,-341,10,-4,-1119,10000,197,-339
180,-341,10,-4,-1120,10000,198,-339
180,-341,10,-4,-1119,10000,197,-339
179,-339,10,-4,-1119,10000,197,-338
178,-338,10,-4,-1119,10000,196,-336
178,-337,10,-4,-1120,10000,196,-335
178,-338,10,-4,-1121,10000,196,-336
179,-339,10,-4,-1121,10000,197,-336
178,-339,10,-3,-1121,10000,196,-336
178,-338,10,-4,-1120,10000,196,-335
177,-337,10,-4,-1119,10000,195,-334
177,-336,10,-4,-1119,10000,195,-334
177,-336,10,-3,-1119,10000,195,-334
177,-337,10,-3,-1120,10000,195,-334
177,-336,10,-4,-1119,10000,195,-334
177,-336,9,-4,-1119,10000,195,-334
177,-336,8,-5,-1119,10000,195,-334
178,-338,7,-6,-1119,10000,196,-335
179,-339,8,-5,-1119,10000,197,-338
180,-341,9,-5,-1119,10000,197,-339
180,-341,10,-4,-1119,10000,197,-339
180,-341,10,-3,-1119,10000,197,-339
180,-341,9,-2,-1119,10000,197,-339
180,-341,8,-3,-1119,10000,197,-339
180,-341,8,-4,-1119,10000,197,-339
180,-341,8,-4,-1119,10000,197,-339
180,-341,8,-4,-1119,10000,197,-339
180,-341,8,-3,-1119,10000,197,-339
180,-341,9,-3,-1119,10000,197,-339
180,-341,10,-3,-1120,10000,197,-339
180,-341,10,-4,-1119,10000,197,-339
180,-341,10,-4,-1119,10000,197,-339
180,-341,10,-4,-1119,10000,197,-339
180,-341,10,-4,-1120,10000,197,-339
180,-341,10,-4,-1120,10000,197,-339
180,-341,10,-4,-1121,10000,197,-339
180,-341,10,-3,-1122,10000,197,-339
180,-341,10,-4,-1122,10000,197,-339
180,-341,8,-5,-1122,10000,197,-339
180,-341,7,-6,-1122,10000,197,-339
179,-341,7,-6,-1120,10000,197,-339
180,-341,7,-6,-1119,10000,200,-339
180,-341,7,-6,-1119,10000,197,-339
180,-341,8,-5,-1121,10000,197,-339
179,-341,8,-5,-1123,10000,197,-339
179,-341,9,-4,-1124,10000,197,-339
180,-341,8,-5,-1123,10000,197,-339
180,-340,7,-6,-1121,10000,198,-338
183,-339,7,-6,-1120,10000,201,-336
184,-339,7,-6,-1121,10000,202,-336
184,-339,7,-6,-1122,10000,202,-336
184,-338,7,-6,-1123,10000,205,-335
184,-338,7,-6,-1124,10000,202,-336
184,-339,7,-7,-1124,10000,205,-336
184,-340,7,-6,-1123,10000,202,-338
185,-341,8,-5,-1121,10000,203,-339
185,-341,8,-5,-1119,10000,203,-339
184,-340,8,-5,-1119,10000,202,-338
184,-339,7,-6,-1119,10000,202,-336
184,-338,7,-6,-1120,10000,202,-336
184,-338,6,-5,-1120,10000,202,-336
184,-339,6,-5,-1119,10000,202,-336
184,-339,6,-5,-1119,10000,202,-336
184,-339,7,-6,-1119,10000,202,-336
184,-339,7,-7,-1119,10000,205,-336
184,-339,7,-7,-1119,10000,205,-336
184,-339,7,-6,-1119,10000,202,-336
184,-339,7,-6,-1119,10000,202,-336
184,-339,7,-6,-1119,10000,202,-336
184,-339,8,-6,-1119,10000,202,-336
184,-339,8,-5,-1119,10000,202,-336
184,-339,8,-6,-1119,10000,205,-336
184,-339,7,-6,-1119,10000,202,-336
184,-338,8,-6,-1119,10000,205,-336
184,-338,8,-5,-1119,10000,202,-336
184,-340,8,-4,-1119,10000,202,-338
185,-342,9,-5,-1119,10000,203,-339
186,-343,10,-6,-1119,10000,207,-339
186,-343,11,-7,-1119,10000,207,-338
186,-341,10,-8,-1119,10000,206,-336
184,-339,9,-7,-1120,10000,205,-338
183,-339,8,-5,-1120,10000,201,-338
181,-341,8,-4,-1119,10000,200,-339
180,-342,8,-5,-1119,10000,198,-340
180,-342,8,-7,-1119,10000,201,-340
180,-341,9,-7,-1121,10000,200,-339
179,-340,10,-7,-1123,10000,200,-335
179,-340,10,-7,-1124,10000,200,-335
180,-341,9,-7,-1123,10000,200,-336
180,-341,9,-7,-1122,10000,200,-339
180,-341,9,-6,-1123,10000,200,-339
180,-341,9,-5,-1123,10000,197,-339
180,-341,7,-6,-1124,10000,197,-339
180,-341,6,-7,-1125,10000,200,-339
180,-341,6,-7,-1124,10000,200,-339
179,-341,6,-7,-1123,10000,200,-339
179,-341,6,-7,-1122,10000,200,-339
180,-341,6,-7,-1121,10000,200,-339
180,-341,6,-7,-1120,10000,200,-339
180,-341,6,-7,-1120,10000,200,-339
179,-341,6,-7,-1119,10000,200,-339
178,-341,6,-7,-1119,10000,198,-339
178,-342,6,-7,-1119,10000,198,-340
178,-341,6,-6,-1120,10000,196,-339
179,-341,6,-5,-1119,10000,197,-339
180,-341,7,-4,-1119,10000,197,-339
179,-340,6,-4,-1119,10000,197,-339
179,-339,5,-5,-1119,10000,197,-338
178,-339,5,-6,-1119,10000,196,-339
178,-338,5,-7,-1119,10000,196,-336
178,-337,5,-6,-1119,10000,196,-338
178,-338,6,-4,-1119,10000,196,-335
178,-338,7,-3,-1119,10000,196,-336
179,-339,8,-2,-1119,10000,197,-338
179,-340,8,-3,-1119,10000,197,-339
180,-341,7,-6,-1119,10000,197,-339
180,-341,7,-6,-1119,10000,200,-339
180,-341,8,-5,-1119,10000,197,-339
180,-341,10,-3,-1119,10000,197,-339
180,-341,10,-3,-1119,10000,197,-339
179,-341,10,-4,-1119,10000,197,-339
179,-341,9,-5,-1119,10000,197,-339
180,-341,8,-5,-1119,10000,198,-339
182,-341,9,-4,-1119,10000,200,-339
183,-341,9,-4,-1120,10000,201,-339
183,-341,10,-4,-1119,10000,201,-339
181,-340,10,-4,-1119,10000,200,-338
181,-339,10,-3,-1119,10000,200,-338
182,-339,10,-4,-1120,10000,201,-336
183,-339,10,-4,-1121,10000,201,-336
183,-339,10,-5,-1121,10000,201,-335
181,-340,11,-5,-1120,10000,202,-335
181,-340,12,-6,-1120,10000,201,-335
182,-339,12,-7,-1121,10000,202,-335
184,-338,12,-8,-1123,10000,207,-333
184,-338,11,-9,-1123,10000,207,-333
184,-340,11,-9,-1121,10000,207,-335
185,-341,10,-10,-1120,10000,208,-336
186,-343,10,-10,-1119,10000,209,-338
186,-343,10,-11,-1119,10000,209,-339
186,-343,9,-10,-1120,10000,209,-338
186,-343,8,-10,-1120,10000,209,-341
186,-343,7,-8,-1119,10000,207,-340
185,-341,6,-7,-1119,10000,206,-339
184,-340,6,-7,-1119,10000,205,-338
184,-339,6,-7,-1119,10000,205,-336
184,-338,6,-7,-1119,10000,205,-336
184,-339,6,-7,-1119,10000,205,-336
184,-339,6,-7,-1119,10000,205,-336
184,-339,6,-7,-1119,10000,205,-336
184,-339,6,-7,-1119,10000,205,-336
184,-339,6,-7,-1119,10000,205,-336
184,-339,6,-7,-1119,10000,205,-336
184,-339,6,-7,-1119,10000,205,-336
183,-339,6,-7,-1119,10000,203,-336
182,-338,5,-6,-1119,10000,200,-335
180,-336,4,-5,-1119,10000,198,-336
180,-335,4,-5,-1119,10000,198,-335
180,-334,5,-5,-1119,10000,198,-334
181,-334,5,-6,-1119,10000,200,-332
183,-336,6,-7,-1119,10000,201,-334
183,-337,5,-6,-1119,10000,201,-335
183,-337,5,-6,-1119,10000,201,-334
182,-336,5,-6,-1119,10000,201,-333
180,-336,6,-7,-1119,10000,201,-333
179,-337,6,-7,-1119,10000,200,-335
178,-338,6,-7,-1119,10000,198,-335
179,-337,6,-7,-1119,10000,200,-335
180,-335,6,-7,-1119,10000,201,-333
180,-335,6,-7,-1119,10000,201,-333
179,-337,6,-7,-1119,10000,200,-334
179,-339,7,-6,-1119,10000,200,-338
179,-341,8,-5,-1119,10000,197,-339
180,-341,8,-5,-1119,10000,197,-339
180,-341,8,-5,-1119,10000,197,-339
180,-341,7,-6,-1119,10000,200,-339
180,-340,6,-7,-1119,10000,201,-338
180,-340,5,-7,-1119,10000,201,-338
181,-340,6,-7,-1119,10000,201,-338
180,-340,8,-7,-1119,10000,201,-338
181,-340,11,-7,-1119,10000,202,-335
182,-339,12,-7,-1119,10000,203,-334
184,-339,12,-6,-1119,10000,205,-334
184,-338,10,-6,-1119,10000,205,-334
184,-338,9,-6,-1119,10000,205,-336
184,-339,9,-5,-1119,10000,202,-336
184,-339,9,-4,-1119,10000,202,-336
184,-339,10,-3,-1119,10000,202,-336
184,-338,10,-4,-1119,10000,202,-336
184,-339,10,-4,-1119,10000,202,-336
184,-339,10,-4,-1119,10000,202,-336
184,-339,10,-3,-1119,10000,202,-336
184,-339,9,-4,-1119,10000,202,-336
184,-339,9,-5,-1120,10000,202,-336
184,-338,9,-5,-1120,10000,202,-336
184,-339,8,-5,-1119,10000,202,-336
184,-339,8,-3,-1119,10000,202,-336
184,-339,6,-2,-1119,10000,200,-339
184,-338,5,-2,-1121,10000,200,-339
184,-338,3,-3,-1123,10000,200,-339
183,-339,3,-3,-1124,10000,198,-339
182,-339,3,-3,-1125,10000,198,-340
182,-339,4,-2,-1124,10000,197,-340
183,-339,4,-2,-1124,10000,198,-340
184,-339,4,-3,-1124,10000,200,-339
184,-338,4,-3,-1124,10000,202,-339
183,-339,5,-4,-1124,10000,201,-339
180,-340,6,-5,-1124,10000,198,-338
179,-341,6,-6,-1124,10000,197,-339
179,-341,7,-6,-1124,10000,200,-339
180,-341,7,-6,-1124,10000,200,-339
180,-341,7,-6,-1124,10000,197,-339
179,-340,7,-6,-1124,10000,197,-339
179,-340,6,-7,-1124,10000,200,-338
178,-339,6,-7,-1124,10000,198,-336
178,-338,6,-7,-1124,10000,198,-336
178,-337,6,-7,-1124,10000,198,-335
177,-337,6,-7,-1124,10000,198,-334
177,-336,6,-7,-1124,10000,197,-334
177,-336,6,-7,-1123,10000,197,-334
177,-337,6,-7,-1122,10000,198,-334
177,-337,6,-7,-1122,10000,198,-334
177,-336,6,-7,-1123,10000,197,-334
177,-336,7,-7,-1123,10000,197,-334
177,-336,7,-8,-1123,10000,197,-334
179,-337,7,-8,-1122,10000,200,-335
180,-339,7,-8,-1121,10000,201,-336
180,-340,7,-7,-1121,10000,201,-338
180,-341,6,-7,-1121,10000,201,-339
181,-340,6,-7,-1120,10000,201,-338
182,-339,6,-7,-1120,10000,203,-336
184,-338,6,-7,-1119,10000,205,-336
184,-338,6,-7,-1119,10000,205,-336
184,-339,7,-6,-1119,10000,202,-336
184,-339,8,-5,-1120,10000,202,-336
184,-339,9,-4,-1119,10000,202,-336
183,-337,8,-5,-1119,10000,201,-335
182,-336,9,-4,-1119,10000,200,-333
181,-334,9,-4,-1119,10000,198,-332
181,-334,10,-3,-1119,10000,200,-332
181,-334,10,-3,-1119,10000,200,-332
181,-335,10,-3,-1119,10000,200,-333
180,-335,10,-4,-1119,10000,198,-333
179,-335,9,-4,-1119,10000,197,-333
178,-336,8,-5,-1119,10000,196,-334
178,-336,8,-6,-1119,10000,196,-334
179,-336,8,-5,-1119,10000,197,-333
180,-335,9,-4,-1119,10000,198,-333
180,-335,9,-4,-1119,10000,198,-333
179,-336,9,-5,-1119,10000,196,-333
177,-336,9,-7,-1119,10000,197,-334
177,-336,8,-8,-1119,10000,197,-334
179,-337,7,-7,-1119,10000,200,-335
180,-339,7,-7,-1119,10000,201,-336
181,-340,8,-7,-1119,10000,201,-338
181,-340,9,-9,-1119,10000,201,-335
181,-340,10,-10,-1119,10000,205,-335
182,-339,10,-10,-1119,10000,205,-335
183,-339,10,-9,-1119,10000,206,-334
183,-339,10,-9,-1119,10000,206,-334
182,-339,8,-9,-1119,10000,202,-338
181,-340,7,-9,-1119,10000,202,-338
181,-340,7,-8,-1119,10000,202,-338
181,-340,6,-7,-1119,10000,202,-338
182,-339,6,-7,-1119,10000,202,-338
183,-339,6,-7,-1119,10000,203,-336
184,-339,6,-7,-1119,10000,205,-336
184,-338,6,-7,-1119,10000,205,-336
184,-338,6,-7,-1119,10000,205,-336
184,-339,6,-7,-1119,10000,205,-336
184,-339,6,-7,-1119,10000,205,-336
184,-339,6,-7,-1119,10000,205,-336
184,-338,6,-7,-1119,10000,205,-336
184,-339,6,-7,-1119,10000,205,-336
184,-339,6,-7,-1119,10000,205,-336
184,-339,6,-7,-1119,10000,205,-336
184,-339,6,-7,-1119,10000,205,-336
184,-339,6,-7,-1119,10000,205,-336
184,-339,6,-7,-1119,10000,205,-336
184,-338,6,-7,-1119,10000,205,-336
184,-339,6,-7,-1119,10000,205,-336
184,-339,6,-7,-1119,10000,205,-336
184,-339,6,-7,-1119,10000,205,-336
184,-338,6,-7,-1119,10000,205,-336
184,-338,6,-7,-1120,10000,205,-336
184,-339,6,-7,-1119,10000,205,-336
183,-339,6,-7,-1119,10000,203,-336
180,-340,6,-7,-1119,10000,201,-338
180,-341,6,-7,-1120,10000,200,-339
179,-341,6,-7,-1120,10000,200,-339
179,-341,6,-7,-1121,10000,200,-339
179,-341,6,-7,-1121,10000,200,-339
180,-340,7,-6,-1121,10000,201,-338
180,-340,7,-6,-1121,10000,198,-338
181,-340,8,-5,-1120,10000,200,-338
181,-340,9,-4,-1120,10000,198,-338
180,-340,10,-4,-1119,10000,198,-339
179,-341,10,-3,-1119,10000,197,-339
179,-341,10,-3,-1120,10000,197,-339
180,-340,10,-4,-1122,10000,198,-339
180,-340,10,-4,-1123,10000,198,-338
181,-340,10,-4,-1123,10000,200,-338
181,-340,10,-3,-1122,10000,198,-338
180,-340,10,-3,-1121,10000,198,-338
181,-340,9,-4,-1121,10000,198,-338
182,-339,9,-4,-1121,10000,200,-338
183,-339,9,-4,-1120,10000,201,-336
184,-338,9,-4,-1120,10000,202,-336
184,-339,8,-5,-1119,10000,202,-336
183,-339,7,-6,-1119,10000,201,-336
182,-339,7,-6,-1119,10000,200,-338
182,-339,7,-7,-1120,10000,203,-336
183,-339,7,-6,-1119,10000,201,-336
184,-338,7,-6,-1119,10000,202,-336
184,-338,7,-6,-1119,10000,202,-335
184,-339,6,-7,-1119,10000,205,-336
182,-339,6,-7,-1119,10000,202,-338
181,-340,7,-8,-1119,10000,201,-338
181,-340,9,-9,-1119,10000,202,-338
182,-339,10,-10,-1119,10000,205,-335
182,-339,11,-10,-1119,10000,206,-334
181,-340,11,-10,-1119,10000,205,-335
180,-341,10,-9,-1119,10000,202,-336
179,-341,10,-8,-1119,10000,200,-336
179,-341,10,-8,-1119,10000,200,-336
180,-341,10,-8,-1119,10000,200,-336
180,-341,10,-7,-1119,10000,200,-336
179,-341,10,-7,-1120,10000,200,-336
179,-341,11,-6,-1119,10000,200,-336
180,-340,11,-5,-1119,10000,201,-335
180,-340,11,-5,-1119,10000,201,-335
181,-340,11,-5,-1120,10000,202,-335
180,-340,11,-5,-1120,10000,201,-335
180,-340,11,-5,-1121,10000,201,-335
179,-341,11,-5,-1121,10000,200,-336
179,-341,10,-4,-1121,10000,197,-339
180,-341,10,-4,-1121,10000,197,-339
180,-341,10,-4,-1122,10000,197,-339
179,-341,10,-4,-1122,10000,197,-339
179,-341,10,-4,-1122,10000,197,-339
180,-340,10,-4,-1123,10000,198,-339
180,-340,10,-4,-1124,10000,198,-338
181,-340,10,-4,-1124,10000,198,-338
181,-340,10,-4,-1125,10000,198,-338
181,-340,10,-4,-1124,10000,198,-338
181,-340,10,-3,-1123,10000,200,-338
182,-339,10,-4,-1121,10000,200,-338
182,-340,10,-4,-1119,10000,200,-338
181,-340,10,-4,-1119,10000,198,-338
180,-341,10,-3,-1119,10000,197,-339
178,-340,10,-3,-1120,10000,196,-338
178,-339,9,-4,-1120,10000,196,-336
179,-338,9,-4,-1119,10000,197,-336
180,-338,8,-5,-1119,10000,198,-336
181,-338,9,-4,-1120,10000,200,-336
182,-337,9,-4,-1119,10000,200,-335
181,-337,9,-4,-1119,10000,200,-334
181,-336,8,-5,-1119,10000,200,-334
181,-336,8,-5,-1120,10000,200,-334
181,-336,8,-5,-1121,10000,200,-334
180,-336,8,-5,-1121,10000,198,-334
180,-337,8,-5,-1121,10000,197,-335
181,-338,7,-6,-1120,10000,201,-335
183,-338,6,-7,-1119,10000,203,-335
183,-339,6,-7,-1119,10000,203,-336
183,-339,6,-7,-1119,10000,203,-338
181,-340,7,-6,-1120,10000,200,-338
180,-339,8,-6,-1119,10000,198,-336
180,-338,8,-5,-1119,10000,197,-336
179,-337,8,-5,-1119,10000,197,-335
178,-337,8,-5,-1119,10000,196,-335
178,-338,9,-5,-1119,10000,196,-336
179,-339,9,-5,-1119,10000,197,-338
179,-341,8,-4,-1119,10000,197,-339
180,-341,7,-3,-1119,10000,198,-339
180,-341,8,-3,-1119,10000,197,-339
179,-341,9,-3,-1119,10000,197,-339
179,-341,10,-3,-1119,10000,197,-339
179,-341,10,-3,-1119,10000,197,-339
180,-341,9,-3,-1119,10000,197,-339
180,-340,8,-3,-1119,10000,198,-339
179,-341,7,-3,-1119,10000,197,-339
178,-342,8,-5,-1119,10000,196,-340
176,-343,9,-5,-1119,10000,195,-340
177,-342,10,-4,-1119,10000,195,-340
178,-341,10,-3,-1119,10000,196,-339
179,-342,10,-3,-1119,10000,197,-340
179,-343,9,-5,-1119,10000,197,-340
179,-343,7,-6,-1119,10000,197,-341
179,-343,7,-6,-1119,10000,200,-341
179,-342,7,-6,-1119,10000,197,-340
179,-340,8,-5,-1119,10000,197,-339
179,-340,10,-5,-1119,10000,200,-338
180,-341,10,-6,-1119,10000,200,-336
180,-341,10,-8,-1120,10000,200,-336
179,-341,10,-9,-1119,10000,200,-336
180,-341,11,-8,-1119,10000,200,-336
180,-341,11,-7,-1119,10000,200,-336
179,-341,12,-6,-1120,10000,200,-336
180,-341,12,-6,-1121,10000,200,-336
180,-341,13,-7,-1121,10000,200,-336
179,-341,13,-7,-1121,10000,200,-336
179,-341,13,-7,-1120,10000,200,-336
179,-341,13,-7,-1119,10000,200,-336
180,-340,12,-8,-1119,10000,201,-335
180,-340,11,-9,-1119,10000,203,-335
181,-340,12,-8,-1120,10000,202,-335
181,-340,13,-7,-1120,10000,202,-335
180,-339,13,-7,-1119,10000,201,-334
179,-337,13,-7,-1119,10000,200,-333
178,-336,13,-7,-1120,10000,198,-332
177,-336,12,-7,-1121,10000,197,-332
177,-336,11,-6,-1122,10000,197,-332
177,-337,11,-5,-1123,10000,197,-332
177,-337,10,-5,-1123,10000,195,-332
177,-337,11,-5,-1123,10000,197,-332
177,-337,11,-5,-1124,10000,197,-332
177,-336,10,-5,-1124,10000,195,-332
177,-336,10,-4,-1123,10000,195,-334
177,-337,10,-4,-1121,10000,195,-334
178,-338,10,-3,-1119,10000,196,-336
179,-339,10,-4,-1119,10000,197,-338
179,-339,10,-4,-1120,10000,197,-338
178,-338,10,-4,-1122,10000,196,-336
178,-338,10,-3,-1122,10000,196,-336
179,-339,10,-3,-1122,10000,197,-338
179,-340,9,-4,-1122,10000,197,-339
180,-341,9,-4,-1121,10000,198,-339
180,-341,9,-4,-1121,10000,197,-339
179,-341,9,-4,-1121,10000,197,-339
180,-340,8,-5,-1123,10000,198,-339
180,-340,7,-6,-1123,10000,201,-338
181,-340,6,-7,-1121,10000,202,-338
180,-340,7,-6,-1120,10000,198,-338
180,-341,7,-6,-1119,10000,197,-339
179,-341,8,-5,-1119,10000,197,-339
180,-341,8,-5,-1120,10000,197,-339
181,-340,8,-5,-1120,10000,198,-338
182,-339,7,-5,-1119,10000,201,-336
183,-339,6,-5,-1119,10000,201,-336
182,-339,5,-6,-1119,10000,201,-336
183,-339,6,-7,-1119,10000,203,-336
183,-339,6,-7,-1119,10000,203,-336
184,-339,6,-7,-1119,10000,205,-336
183,-339,6,-7,-1119,10000,203,-336
182,-340,6,-7,-1119,10000,202,-338
181,-340,6,-7,-1119,10000,202,-338
180,-340,6,-7,-1119,10000,201,-338
180,-339,6,-7,-1119,10000,201,-336
180,-338,6,-7,-1119,10000,201,-335
180,-338,6,-7,-1119,10000,200,-335
179,-338,6,-7,-1119,10000,200,-336
178,-339,6,-7,-1119,10000,198,-336
178,-338,7,-6,-1119,10000,198,-335
177,-337,7,-6,-1119,10000,195,-334
177,-336,7,-6,-1119,10000,195,-334
177,-336,7,-6,-1119,10000,195,-334
177,-336,7,-6,-1119,10000,195,-334
177,-336,7,-6,-1119,10000,195,-334
177,-336,6,-7,-1119,10000,197,-334
177,-337,7,-7,-1119,10000,197,-335
176,-337,9,-5,-1119,10000,194,-335
175,-337,10,-4,-1119,10000,194,-335
176,-337,10,-3,-1119,10000,194,-335
177,-337,10,-4,-1120,10000,195,-335
178,-338,8,-5,-1119,10000,196,-335
179,-339,8,-7,-1119,10000,200,-338
178,-341,9,-8,-1119,10000,198,-339
177,-340,10,-7,-1120,10000,197,-335
177,-339,11,-5,-1121,10000,197,-334
177,-337,10,-5,-1121,10000,197,-335
177,-337,9,-7,-1121,10000,198,-334
178,-338,8,-10,-1120,10000,201,-335
179,-339,8,-10,-1119,10000,200,-338
179,-341,7,-9,-1119,10000,200,-339
180,-341,6,-7,-1119,10000,201,-339
180,-341,6,-7,-1120,10000,197,-339
179,-341,6,-7,-1119,10000,200,-339
179,-341,6,-7,-1119,10000,200,-339
180,-341,6,-7,-1119,10000,200,-339
180,-340,6,-7,-1119,10000,201,-338
183,-339,6,-7,-1119,10000,203,-336
184,-339,6,-7,-1119,10000,205,-336
184,-338,6,-7,-1119,10000,205,-336
184,-338,6,-7,-1119,10000,205,-336
184,-339,6,-7,-1119,10000,205,-336
184,-339,6,-7,-1119,10000,205,-336
184,-339,6,-7,-1119,10000,205,-336
184,-338,7,-6,-1119,10000,202,-336
184,-338,8,-5,-1119,10000,202,-336
184,-339,9,-4,-1119,10000,202,-336
184,-339,9,-4,-1120,10000,202,-336
184,-339,9,-4,-1119,10000,202,-336
184,-338,8,-5,-1119,10000,202,-336
184,-338,7,-6,-1119,10000,202,-336
184,-339,7,-6,-1120,10000,202,-336
183,-339,8,-5,-1121,10000,201,-336
180,-340,10,-4,-1121,10000,198,-338
180,-341,10,-3,-1121,10000,197,-339
179,-341,10,-4,-1120,10000,197,-339
179,-341,10,-4,-1120,10000,197,-339
180,-341,10,-4,-1120,10000,197,-339
180,-341,10,-4,-1121,10000,197,-339
179,-341,10,-3,-1121,10000,197,-339
180,-341,10,-4,-1123,10000,197,-339
180,-340,11,-5,-1124,10000,201,-335
179,-341,11,-6,-1124,10000,200,-336
178,-341,12,-6,-1123,10000,198,-336
176,-343,12,-6,-1122,10000,197,-338
175,-343,12,-7,-1121,10000,196,-339
175,-343,12,-7,-1120,10000,195,-339
175,-343,13,-7,-1121,10000,196,-339
175,-343,14,-7,-1123,10000,198,-339
175,-343,13,-8,-1124,10000,198,-339
175,-343,12,-8,-1123,10000,196,-339
175,-343,9,-9,-1121,10000,196,-339
175,-343,7,-8,-1121,10000,196,-341
175,-343,6,-7,-1122,10000,196,-341
175,-343,6,-7,-1123,10000,195,-341
175,-343,6,-7,-1123,10000,196,-341
177,-343,6,-7,-1123,10000,197,-341
178,-342,6,-7,-1122,10000,198,-340
179,-341,6,-7,-1121,10000,200,-339
179,-339,6,-7,-1120,10000,200,-338
178,-339,6,-7,-1119,10000,198,-336
178,-339,6,-7,-1119,10000,198,-336
178,-339,6,-7,-1120,10000,198,-338
179,-339,6,-7,-1120,10000,200,-338
180,-339,6,-7,-1119,10000,201,-336
181,-337,6,-7,-1119,10000,202,-334
182,-336,6,-7,-1119,10000,202,-333
182,-335,6,-7,-1119,10000,203,-333
182,-336,6,-7,-1119,10000,203,-333
182,-336,6,-7,-1119,10000,203,-334
183,-337,6,-7,-1119,10000,203,-335
183,-337,6,-7,-1119,10000,203,-335
183,-337,6,-7,-1119,10000,203,-334
182,-336,6,-7,-1119,10000,202,-334
182,-335,6,-7,-1119,10000,202,-333
182,-336,6,-7,-1119,10000,202,-334
183,-337,6,-7,-1119,10000,203,-334
183,-337,6,-7,-1119,10000,203,-334
183,-337,6,-7,-1120,10000,203,-335
182,-338,7,-6,-1119,10000,200,-335
180,-340,7,-6,-1119,10000,198,-338
180,-341,7,-6,-1119,10000,197,-339
179,-341,7,-6,-1120,10000,197,-339
179,-341,7,-6,-1120,10000,197,-339
180,-341,8,-5,-1121,10000,197,-339
180,-341,9,-4,-1122,10000,197,-339
179,-340,10,-4,-1123,10000,197,-339
179,-340,10,-3,-1124,10000,197,-338
179,-339,10,-3,-1124,10000,197,-338
179,-339,10,-4,-1124,10000,197,-338
179,-340,10,-4,-1124,10000,197,-339
180,-341,10,-4,-1124,10000,197,-339
180,-341,10,-3,-1124,10000,197,-339
180,-341,10,-3,-1124,10000,197,-339
180,-341,10,-3,-1124,10000,197,-339
180,-341,10,-4,-1123,10000,197,-339
180,-341,10,-6,-1122,10000,201,-339
180,-341,10,-7,-1123,10000,200,-336
179,-339,10,-6,-1124,10000,200,-335
178,-338,10,-4,-1124,10000,196,-336
178,-337,10,-3,-1124,10000,196,-335
178,-338,10,-3,-1124,10000,196,-336
178,-339,10,-4,-1124,10000,196,-336
179,-339,11,-5,-1124,10000,200,-334
179,-339,11,-5,-1124,10000,200,-334
178,-339,11,-5,-1123,10000,198,-334
178,-337,10,-4,-1122,10000,196,-335
177,-337,9,-3,-1123,10000,195,-334
177,-336,10,-4,-1124,10000,195,-334
177,-336,10,-5,-1125,10000,195,-332
177,-336,11,-5,-1124,10000,197,-332
178,-336,10,-5,-1123,10000,196,-332
178,-336,11,-5,-1122,10000,198,-332
179,-336,12,-6,-1123,10000,200,-330
178,-336,12,-7,-1124,10000,198,-332
177,-336,12,-7,-1124,10000,197,-332
177,-336,12,-7,-1123,10000,197,-332
177,-337,12,-6,-1122,10000,197,-332
177,-336,11,-6,-1121,10000,197,-332
177,-336,11,-5,-1120,10000,197,-332
177,-336,10,-4,-1119,10000,195,-334
177,-337,10,-3,-1119,10000,195,-335
176,-337,10,-4,-1120,10000,194,-335
175,-337,10,-4,-1121,10000,194,-335
175,-338,10,-4,-1121,10000,192,-336
173,-339,10,-4,-1121,10000,191,-336
173,-339,10,-3,-1120,10000,191,-336
173,-339,9,-4,-1119,10000,191,-336
174,-338,9,-4,-1119,10000,192,-336
175,-338,8,-5,-1120,10000,192,-336
174,-338,8,-5,-1121,10000,192,-336
173,-339,8,-5,-1121,10000,191,-336
173,-339,7,-6,-1121,10000,190,-336
173,-338,7,-6,-1120,10000,191,-336
176,-337,7,-6,-1119,10000,194,-335
178,-338,8,-5,-1119,10000,196,-336
179,-339,9,-4,-1119,10000,197,-336
179,-339,10,-3,-1120,10000,197,-338
179,-340,10,-3,-1119,10000,197,-338
179,-339,10,-4,-1119,10000,197,-338
178,-339,9,-4,-1119,10000,196,-338
179,-339,8,-5,-1119,10000,197,-338
179,-339,9,-5,-1119,10000,197,-338
179,-340,9,-4,-1119,10000,197,-339
180,-341,10,-3,-1119,10000,197,-339
180,-341,10,-3,-1119,10000,197,-339
180,-341,10,-4,-1119,10000,197,-339
180,-341,10,-5,-1119,10000,197,-336
180,-341,11,-5,-1119,10000,200,-336
180,-341,11,-5,-1119,10000,200,-336
180,-341,11,-5,-1119,10000,200,-336
180,-341,12,-6,-1119,10000,200,-336
180,-341,13,-7,-1119,10000,200,-336
180,-341,13,-8,-1119,10000,202,-336
180,-341,13,-7,-1119,10000,200,-336
180,-341,13,-7,-1119,10000,200,-336
180,-341,13,-7,-1119,10000,200,-336
180,-341,13,-7,-1119,10000,200,-336
180,-341,12,-8,-1119,10000,202,-336
180,-341,11,-9,-1119,10000,202,-336
180,-341,11,-9,-1119,10000,202,-336
180,-341,11,-9,-1119,10000,202,-336
179,-340,11,-9,-1119,10000,202,-335
179,-340,10,-10,-1119,10000,202,-335
180,-341,10,-10,-1119,10000,203,-336
180,-342,9,-9,-1119,10000,201,-338
180,-343,9,-8,-1119,10000,201,-338
180,-342,9,-8,-1119,10000,201,-338
180,-341,9,-9,-1119,10000,201,-339
179,-340,8,-10,-1119,10000,202,-338
179,-340,8,-10,-1119,10000,202,-338
180,-341,8,-9,-1119,10000,200,-339
180,-341,8,-7,-1119,10000,200,-339
180,-341,8,-6,-1119,10000,200,-339
179,-341,7,-6,-1119,10000,197,-339
180,-341,6,-6,-1119,10000,197,-339
180,-341,6,-7,-1119,10000,200,-339
180,-341,6,-7,-1119,10000,200,-339
179,-341,6,-7,-1119,10000,200,-339
179,-341,6,-7,-1119,10000,197,-339
180,-341,5,-6,-1119,10000,197,-339
180,-340,5,-6,-1119,10000,198,-340
182,-340,5,-6,-1119,10000,200,-338
182,-340,6,-6,-1119,10000,200,-338
181,-339,6,-6,-1119,10000,200,-338
180,-339,5,-6,-1119,10000,198,-336
180,-337,4,-5,-1119,10000,197,-338
180,-336,3,-4,-1119,10000,198,-336
182,-336,3,-3,-1119,10000,197,-335
183,-335,3,-3,-1119,10000,198,-335
182,-335,3,-3,-1119,10000,197,-335
181,-334,3,-3,-1119,10000,196,-334
181,-334,3,-3,-1119,10000,196,-334
181,-334,4,-4,-1119,10000,200,-334
182,-334,5,-5,-1119,10000,200,-334
182,-336,5,-6,-1119,10000,200,-333
183,-337,5,-6,-1119,10000,201,-335
184,-339,5,-6,-1120,10000,202,-336
184,-339,6,-7,-1119,10000,202,-336
184,-339,6,-7,-1119,10000,205,-336
184,-339,6,-7,-1119,10000,205,-336
184,-339,6,-7,-1120,10000,205,-336
184,-338,6,-7,-1121,10000,205,-336
184,-338,6,-7,-1121,10000,205,-336
184,-339,6,-7,-1121,10000,205,-336
183,-339,6,-7,-1120,10000,203,-336
180,-340,6,-7,-1119,10000,201,-338
180,-341,6,-7,-1119,10000,200,-339
179,-341,6,-7,-1119,10000,200,-339
179,-341,6,-7,-1120,10000,200,-339
180,-341,6,-7,-1119,10000,200,-339
180,-341,7,-6,-1119,10000,197,-339
179,-341,9,-4,-1119,10000,197,-339
179,-341,10,-4,-1119,10000,197,-339
180,-341,9,-4,-1119,10000,197,-339
180,-341,7,-6,-1119,10000,197,-339
179,-341,7,-6,-1119,10000,197,-339
178,-341,8,-5,-1120,10000,196,-339
178,-342,10,-4,-1119,10000,196,-340
178,-341,10,-3,-1119,10000,196,-339
179,-341,10,-3,-1119,10000,197,-339
180,-341,10,-4,-1120,10000,197,-339
180,-341,10,-4,-1120,10000,197,-339
180,-341,10,-4,-1122,10000,197,-339
179,-341,10,-3,-1122,10000,197,-339
179,-341,10,-3,-1121,10000,197,-339
180,-341,10,-4,-1120,10000,197,-339
180,-341,9,-4,-1120,10000,197,-339
180,-341,8,-5,-1120,10000,197,-339
180,-341,8,-5,-1121,10000,197,-339
180,-341,8,-5,-1121,10000,197,-339
180,-341,8,-5,-1120,10000,197,-339
180,-341,8,-5,-1119,10000,197,-339
180,-341,8,-5,-1119,10000,197,-339
180,-341,8,-5,-1119,10000,197,-339
179,-340,8,-5,-1121,10000,197,-338
179,-339,7,-6,-1123,10000,197,-336
178,-338,6,-7,-1124,10000,198,-336
178,-338,6,-7,-1123,10000,198,-335
178,-338,6,-7,-1122,10000,198,-335
179,-337,6,-7,-1123,10000,200,-335
180,-337,6,-7,-1123,10000,201,-334
180,-337,6,-7,-1124,10000,201,-335
180,-338,6,-7,-1125,10000,201,-336
180,-339,6,-7,-1124,10000,201,-336
180,-338,6,-7,-1123,10000,201,-336
180,-338,6,-6,-1123,10000,197,-335
180,-338,6,-5,-1123,10000,197,-335
179,-339,7,-4,-1123,10000,197,-338
179,-341,6,-5,-1123,10000,197,-339
180,-341,5,-5,-1123,10000,197,-341
179,-341,3,-5,-1123,10000,197,-341
179,-339,3,-3,-1123,10000,195,-340
179,-339,3,-2,-1123,10000,195,-340
179,-339,5,-1,-1123,10000,195,-340
179,-340,7,0,-1121,10000,195,-339
180,-341,8,-1,-1121,10000,195,-339
180,-341,8,-1,-1121,10000,195,-339
180,-341,7,-1,-1120,10000,195,-339
180,-341,7,0,-1120,10000,195,-341
180,-341,7,-1,-1119,10000,195,-339
180,-341,9,-3,-1119,10000,197,-339
180,-341,10,-4,-1119,10000,197,-339
179,-340,10,-4,-1120,10000,197,-339
179,-340,9,-3,-1119,10000,197,-339
180,-341,8,-2,-1119,10000,197,-339
180,-342,9,-2,-1119,10000,198,-340
180,-343,9,-3,-1119,10000,198,-340
180,-342,8,-5,-1119,10000,198,-340
180,-341,7,-6,-1119,10000,197,-339
179,-341,7,-6,-1119,10000,197,-339
179,-340,8,-5,-1119,10000,197,-339
181,-340,8,-5,-1119,10000,198,-338
183,-339,8,-6,-1119,10000,203,-338
183,-339,6,-7,-1119,10000,203,-336
183,-339,6,-7,-1119,10000,203,-336
182,-339,6,-7,-1119,10000,203,-336
182,-339,6,-7,-1119,10000,202,-338
182,-339,6,-7,-1119,10000,202,-338
182,-339,6,-7,-1119,10000,203,-336
183,-339,6,-7,-1119,10000,203,-336
183,-339,6,-7,-1119,10000,203,-336
184,-338,6,-7,-1120,10000,205,-336
184,-338,6,-7,-1119,10000,205,-336
184,-338,6,-7,-1119,10000,205,-336
184,-338,6,-7,-1119,10000,205,-336
183,-339,7,-6,-1120,10000,201,-336
182,-340,7,-6,-1121,10000,200,-338
181,-340,7,-6,-1121,10000,200,-338
181,-339,6,-7,-1121,10000,201,-336
181,-338,6,-7,-1120,10000,202,-336
181,-338,6,-7,-1119,10000,202,-335
180,-339,6,-7,-1119,10000,201,-336
179,-339,6,-7,-1119,10000,200,-336
177,-338,6,-7,-1120,10000,198,-335
177,-337,6,-7,-1119,10000,198,-335
178,-337,6,-7,-1119,10000,198,-335
178,-338,7,-6,-1120,10000,196,-336
178,-338,7,-6,-1120,10000,196,-335
177,-337,7,-6,-1119,10000,195,-335
177,-336,6,-7,-1119,10000,197,-334
177,-336,6,-7,-1120,10000,197,-334
177,-337,6,-7,-1121,10000,198,-334
177,-337,6,-7,-1123,10000,198,-334
177,-336,6,-7,-1123,10000,197,-334
177,-336,6,-7,-1121,10000,197,-334
177,-337,6,-7,-1119,10000,198,-334
178,-338,6,-7,-1118,10000,198,-335
178,-339,6,-7,-1119,10000,198,-336
178,-339,6,-7,-1121,10000,198,-336
178,-339,6,-7,-1122,10000,198,-336
179,-339,6,-7,-1123,10000,200,-336
179,-340,6,-7,-1123,10000,200,-338
179,-341,6,-7,-1123,10000,200,-339
180,-341,6,-7,-1123,10000,200,-339
180,-341,6,-7,-1123,10000,200,-339
180,-340,6,-7,-1123,10000,201,-338
179,-341,6,-7,-1123,10000,200,-339
178,-342,6,-7,-1123,10000,198,-340
177,-342,6,-7,-1123,10000,197,-340
176,-343,6,-7,-1123,10000,197,-340
177,-342,6,-7,-1121,10000,197,-340
178,-342,6,-7,-1120,10000,198,-340
179,-341,6,-7,-1120,10000,200,-339
179,-341,6,-7,-1120,10000,200,-339
178,-341,6,-7,-1122,10000,198,-339
178,-341,6,-7,-1122,10000,198,-339
178,-341,6,-7,-1121,10000,198,-339
179,-342,6,-7,-1120,10000,200,-339
180,-342,6,-7,-1121,10000,201,-340
180,-343,6,-7,-1123,10000,201,-340
180,-342,6,-7,-1123,10000,201,-340
180,-341,6,-7,-1123,10000,200,-339
179,-341,7,-6,-1123,10000,197,-339
179,-340,7,-6,-1122,10000,197,-339
180,-341,7,-6,-1122,10000,197,-339
180,-341,6,-7,-1123,10000,200,-339
180,-341,6,-7,-1123,10000,200,-339
180,-341,6,-7,-1122,10000,200,-339
180,-341,6,-7,-1121,10000,200,-339
179,-340,6,-7,-1119,10000,200,-338
179,-339,6,-7,-1119,10000,200,-338
179,-339,6,-7,-1120,10000,200,-336
179,-339,6,-7,-1121,10000,200,-338
179,-340,6,-7,-1121,10000,200,-338
180,-341,6,-7,-1120,10000,200,-339
180,-341,6,-7,-1119,10000,200,-339
180,-341,6,-7,-1119,10000,200,-339
180,-341,6,-7,-1120,10000,200,-339
180,-341,6,-7,-1120,10000,200,-339
180,-341,6,-7,-1119,10000,200,-339
180,-341,6,-7,-1119,10000,200,-339
180,-341,6,-7,-1120,10000,200,-339
180,-341,6,-7,-1121,10000,200,-339
180,-341,6,-7,-1121,10000,200,-339
180,-341,6,-7,-1120,10000,200,-339
180,-341,6,-7,-1120,10000,200,-339
180,-341,6,-7,-1120,10000,200,-339
180,-341,6,-7,-1121,10000,200,-339
180,-341,6,-7,-1121,10000,200,-339
180,-341,6,-7,-1120,10000,200,-339
180,-341,6,-7,-1119,10000,200,-339
180,-341,6,-7,-1119,10000,200,-339
180,-341,6,-7,-1121,10000,200,-339
179,-341,6,-7,-1123,10000,200,-339
180,-341,6,-7,-1123,10000,200,-339
180,-341,6,-7,-1121,10000,200,-339
180,-341,7,-6,-1120,10000,197,-339
180,-341,9,-4,-1120,10000,197,-339
179,-341,8,-5,-1121,10000,197,-339
179,-340,7,-6,-1121,10000,197,-339
181,-340,7,-6,-1120,10000,198,-338
183,-340,7,-6,-1119,10000,201,-338
184,-340,7,-6,-1119,10000,202,-338
183,-341,7,-6,-1119,10000,201,-339
182,-341,7,-6,-1120,10000,200,-339
181,-341,8,-5,-1120,10000,198,-339
179,-341,10,-4,-1121,10000,197,-339
179,-341,10,-3,-1122,10000,197,-339
180,-341,10,-3,-1122,10000,197,-339
181,-340,10,-4,-1122,10000,200,-338
183,-339,10,-4,-1121,10000,201,-336
183,-339,10,-3,-1120,10000,201,-336
181,-340,10,-4,-1120,10000,200,-338
180,-341,8,-5,-1119,10000,197,-339
179,-342,7,-6,-1119,10000,197,-340
179,-341,7,-7,-1119,10000,200,-339
179,-339,7,-7,-1119,10000,200,-338
178,-338,9,-8,-1120,10000,198,-335
178,-337,9,-8,-1121,10000,198,-335
178,-338,9,-7,-1121,10000,198,-335
179,-339,9,-5,-1121,10000,200,-336
179,-340,9,-4,-1120,10000,197,-339
179,-340,9,-4,-1119,10000,197,-339
179,-339,7,-6,-1119,10000,197,-338
178,-338,6,-7,-1119,10000,198,-335
178,-338,6,-7,-1120,10000,198,-335
179,-339,6,-7,-1120,10000,200,-336
180,-341,6,-7,-1122,10000,200,-339
180,-341,6,-7,-1122,10000,200,-339
180,-341,6,-7,-1122,10000,200,-339
180,-341,6,-7,-1120,10000,200,-339
180,-341,7,-6,-1120,10000,197,-339
179,-341,8,-5,-1119,10000,197,-339
180,-341,8,-5,-1119,10000,197,-339
180,-341,8,-5,-1119,10000,197,-339
180,-340,7,-6,-1120,10000,198,-338
181,-340,7,-6,-1119,10000,200,-338
182,-340,7,-6,-1119,10000,201,-338
183,-340,7,-6,-1119,10000,203,-338
184,-340,7,-6,-1119,10000,202,-338
185,-340,7,-6,-1119,10000,206,-338
185,-340,7,-6,-1119,10000,203,-338
185,-341,7,-6,-1119,10000,203,-339
185,-341,7,-6,-1119,10000,203,-339
185,-341,7,-6,-1119,10000,203,-339
186,-342,7,-6,-1119,10000,203,-339
186,-342,6,-7,-1119,10000,207,-340
186,-343,6,-7,-1119,10000,207,-341
186,-343,7,-6,-1119,10000,207,-341
186,-343,7,-6,-1119,10000,205,-340
187,-341,7,-6,-1119,10000,205,-339
187,-338,6,-7,-1119,10000,208,-336
187,-337,6,-7,-1119,10000,208,-334
186,-337,6,-7,-1119,10000,207,-334
185,-337,6,-7,-1119,10000,206,-335
185,-338,6,-7,-1119,10000,206,-336
184,-339,6,-7,-1119,10000,205,-336
184,-339,7,-6,-1119,10000,202,-336
184,-339,9,-4,-1120,10000,202,-336
184,-339,10,-3,-1119,10000,202,-336
184,-339,10,-3,-1119,10000,202,-336
184,-338,8,-5,-1119,10000,202,-336
184,-338,7,-6,-1120,10000,205,-336
184,-339,7,-6,-1121,10000,202,-336
183,-339,8,-5,-1121,10000,201,-336
180,-340,9,-4,-1120,10000,198,-338
180,-341,9,-4,-1120,10000,197,-339
179,-341,9,-5,-1120,10000,197,-339
179,-341,9,-6,-1120,10000,200,-339
180,-341,10,-6,-1121,10000,200,-336
180,-341,11,-4,-1121,10000,197,-336
179,-341,11,-4,-1121,10000,197,-336
179,-341,10,-5,-1123,10000,197,-336
180,-341,9,-6,-1123,10000,200,-339
181,-339,8,-7,-1123,10000,202,-338
183,-339,7,-7,-1123,10000,203,-338
183,-340,8,-5,-1123,10000,201,-338
182,-342,10,-4,-1123,10000,200,-340
181,-343,10,-3,-1123,10000,200,-341
182,-342,10,-3,-1121,10000,200,-340
183,-340,10,-4,-1120,10000,201,-338
182,-339,9,-4,-1120,10000,201,-338
180,-340,8,-5,-1121,10000,198,-338
180,-340,7,-6,-1121,10000,198,-339
180,-340,7,-6,-1121,10000,198,-338
182,-339,8,-5,-1121,10000,200,-338
182,-339,8,-5,-1120,10000,201,-336
181,-340,8,-5,-1120,10000,200,-338
181,-340,7,-6,-1120,10000,198,-338
182,-339,6,-7,-1121,10000,202,-338
183,-339,7,-6,-1121,10000,201,-336
184,-338,8,-5,-1120,10000,202,-336
184,-338,8,-5,-1119,10000,202,-336
184,-338,7,-6,-1119,10000,202,-336
184,-339,6,-7,-1120,10000,205,-336
183,-339,7,-6,-1121,10000,203,-336
183,-339,8,-5,-1121,10000,201,-336
182,-339,10,-3,-1121,10000,201,-336
183,-339,10,-3,-1121,10000,201,-336
182,-339,10,-3,-1121,10000,200,-338
181,-340,10,-4,-1122,10000,198,-338
180,-341,10,-4,-1122,10000,197,-339
179,-341,10,-4,-1122,10000,197,-339
179,-341,10,-4,-1123,10000,197,-339
180,-341,9,-4,-1124,10000,197,-339
180,-341,9,-4,-1124,10000,197,-339
180,-341,8,-5,-1123,10000,197,-339
180,-341,9,-5,-1121,10000,197,-339
180,-341,10,-5,-1121,10000,200,-336
179,-341,11,-5,-1122,10000,200,-336
179,-341,12,-5,-1124,10000,200,-336
179,-341,11,-6,-1125,10000,200,-336
180,-340,10,-7,-1124,10000,201,-335
183,-339,11,-7,-1123,10000,203,-334
184,-338,12,-8,-1121,10000,205,-334
184,-338,12,-8,-1119,10000,207,-333
183,-339,12,-8,-1119,10000,206,-334
180,-340,12,-8,-1120,10000,203,-335
180,-341,12,-8,-1121,10000,202,-336
180,-340,11,-9,-1121,10000,203,-335
182,-339,10,-9,-1121,10000,206,-334
183,-337,9,-9,-1120,10000,203,-332
183,-337,9,-9,-1119,10000,203,-332
182,-338,9,-9,-1119,10000,202,-333
180,-340,9,-8,-1119,10000,201,-338
180,-341,8,-7,-1120,10000,200,-339
179,-341,7,-7,-1119,10000,200,-339
179,-340,7,-6,-1119,10000,197,-338
179,-339,7,-6,-1119,10000,200,-336
179,-339,7,-7,-1119,10000,200,-338
179,-340,7,-7,-1119,10000,200,-338
180,-341,7,-6,-1119,10000,197,-339
180,-341,7,-6,-1119,10000,197,-339
179,-341,7,-7,-1119,10000,200,-339
180,-341,7,-8,-1119,10000,200,-339
180,-341,7,-9,-1119,10000,200,-339
179,-341,7,-8,-1119,10000,200,-339
178,-341,7,-6,-1119,10000,198,-339
178,-342,7,-6,-1119,10000,196,-340
177,-342,7,-6,-1119,10000,197,-340
176,-343,6,-7,-1119,10000,197,-340
175,-343,7,-6,-1119,10000,196,-341
175,-343,9,-5,-1119,10000,194,-341
175,-343,10,-4,-1119,10000,194,-341
175,-343,10,-3,-1119,10000,194,-341
175,-343,10,-3,-1119,10000,194,-341
175,-343,10,-4,-1119,10000,194,-341
175,-343,10,-4,-1119,10000,194,-341
175,-343,10,-4,-1119,10000,194,-341
175,-343,10,-3,-1119,10000,194,-341
175,-343,10,-4,-1120,10000,194,-341
175,-343,10,-4,-1119,10000,194,-341
175,-343,10,-4,-1119,10000,194,-341
175,-343,10,-5,-1119,10000,194,-339
175,-343,11,-5,-1120,10000,195,-339
175,-343,10,-5,-1120,10000,194,-339
176,-343,10,-4,-1122,10000,195,-340
178,-341,9,-3,-1122,10000,196,-339
179,-341,10,-4,-1122,10000,197,-339
180,-340,10,-5,-1120,10000,198,-335
180,-341,11,-5,-1119,10000,200,-336
179,-341,11,-5,-1119,10000,200,-336
179,-341,10,-5,-1120,10000,200,-336
179,-341,10,-6,-1121,10000,200,-336
180,-340,10,-7,-1121,10000,201,-335
183,-339,11,-7,-1121,10000,203,-334
184,-338,10,-6,-1120,10000,205,-334
184,-338,10,-6,-1119,10000,205,-333
184,-339,10,-6,-1119,10000,205,-336
183,-339,9,-4,-1119,10000,201,-336
181,-340,9,-4,-1119,10000,200,-338
181,-340,8,-4,-1120,10000,200,-338
182,-339,8,-6,-1120,10000,200,-338
183,-339,8,-7,-1122,10000,203,-336
184,-339,9,-8,-1122,10000,205,-336
184,-338,9,-8,-1122,10000,205,-336
184,-338,9,-9,-1122,10000,205,-336
184,-339,8,-10,-1122,10000,207,-336
184,-339,8,-9,-1122,10000,205,-336
184,-339,7,-9,-1122,10000,205,-336
184,-338,7,-8,-1121,10000,205,-336
184,-338,6,-7,-1120,10000,205,-336
184,-339,6,-7,-1119,10000,205,-336
185,-340,6,-7,-1119,10000,206,-338
186,-341,6,-7,-1120,10000,207,-339
185,-341,6,-7,-1121,10000,206,-339
183,-340,6,-7,-1123,10000,203,-338
181,-341,6,-7,-1124,10000,201,-339
180,-342,6,-7,-1123,10000,201,-339
180,-343,5,-7,-1122,10000,198,-341
181,-344,5,-6,-1123,10000,198,-341
181,-344,6,-5,-1124,10000,200,-341
181,-344,7,-3,-1125,10000,200,-343
182,-345,7,-2,-1125,10000,197,-343
182,-345,7,-2,-1124,10000,197,-343
181,-344,7,-3,-1123,10000,200,-341
180,-342,8,-5,-1122,10000,198,-340
180,-341,10,-4,-1123,10000,197,-339
180,-342,10,-3,-1124,10000,198,-340
180,-342,10,-3,-1124,10000,198,-340
180,-343,9,-4,-1124,10000,198,-340
180,-343,8,-5,-1124,10000,198,-340
180,-343,7,-6,-1124,10000,198,-340
180,-342,7,-6,-1124,10000,198,-340
180,-341,7,-6,-1124,10000,198,-339
180,-341,7,-6,-1125,10000,197,-339
179,-341,7,-6,-1124,10000,200,-339
179,-341,6,-7,-1122,10000,200,-339
180,-341,7,-6,-1121,10000,197,-339
181,-340,8,-5,-1121,10000,200,-338
182,-339,10,-4,-1122,10000,201,-336
182,-339,10,-3,-1123,10000,200,-338
181,-340,10,-3,-1123,10000,200,-338
181,-340,9,-4,-1122,10000,200,-338
182,-340,8,-5,-1120,10000,200,-338
182,-339,8,-5,-1120,10000,200,-336
182,-338,9,-4,-1119,10000,200,-335
182,-337,9,-4,-1119,10000,200,-335
183,-338,9,-4,-1119,10000,201,-335
184,-338,8,-5,-1120,10000,202,-335
184,-339,7,-6,-1119,10000,202,-336
184,-339,6,-7,-1119,10000,205,-336
184,-339,6,-7,-1119,10000,205,-336
184,-339,7,-6,-1119,10000,202,-336
184,-339,8,-5,-1119,10000,202,-336
184,-339,9,-4,-1119,10000,202,-336
184,-338,7,-6,-1119,10000,202,-336
184,-338,6,-7,-1119,10000,205,-336
184,-339,6,-7,-1119,10000,205,-336
183,-339,6,-7,-1119,10000,203,-336
182,-339,6,-7,-1119,10000,202,-338
181,-340,6,-7,-1119,10000,202,-338
180,-340,6,-7,-1119,10000,201,-338
180,-341,6,-7,-1119,10000,200,-339
179,-341,6,-7,-1119,10000,200,-339
180,-341,7,-6,-1119,10000,197,-339
181,-340,7,-6,-1119,10000,200,-338
183,-339,7,-6,-1119,10000,201,-336
183,-339,6,-7,-1119,10000,203,-336
181,-340,6,-7,-1119,10000,202,-338
180,-341,6,-7,-1119,10000,201,-339
179,-341,6,-7,-1119,10000,200,-339
178,-339,6,-7,-1119,10000,198,-336
178,-338,6,-7,-1119,10000,198,-335
178,-338,6,-7,-1119,10000,198,-335
179,-339,6,-7,-1119,10000,200,-336
180,-340,6,-7,-1119,10000,201,-338
181,-340,6,-7,-1119,10000,202,-338
181,-341,6,-7,-1119,10000,201,-339
180,-341,6,-7,-1119,10000,201,-339
180,-340,6,-7,-1119,10000,201,-338
181,-338,6,-7,-1119,10000,202,-336
181,-336,6,-7,-1119,10000,201,-334
180,-335,6,-7,-1119,10000,201,-333
180,-336,6,-7,-1119,10000,201,-334
180,-336,6,-7,-1119,10000,201,-334
181,-337,6,-7,-1119,10000,201,-335
180,-337,6,-7,-1119,10000,201,-335
179,-337,6,-7,-1119,10000,200,-335
178,-337,7,-6,-1119,10000,198,-335
177,-337,7,-6,-1119,10000,195,-335
177,-338,7,-6,-1119,10000,195,-336
178,-339,8,-5,-1119,10000,196,-336
179,-339,8,-5,-1119,10000,197,-338
180,-339,8,-5,-1119,10000,198,-336
180,-339,7,-6,-1119,10000,198,-336
180,-339,6,-7,-1119,10000,201,-338
180,-341,7,-6,-1119,10000,198,-339
180,-341,8,-5,-1119,10000,197,-339
179,-341,8,-5,-1119,10000,197,-339
180,-341,7,-6,-1119,10000,197,-339
180,-341,6,-7,-1119,10000,200,-339
180,-341,7,-6,-1120,10000,200,-339
179,-341,8,-5,-1119,10000,197,-339
180,-341,9,-4,-1119,10000,197,-339
180,-341,9,-4,-1119,10000,197,-339
180,-341,9,-4,-1120,10000,197,-339
180,-341,8,-5,-1121,10000,197,-339
180,-341,7,-6,-1121,10000,197,-339
180,-341,6,-7,-1121,10000,200,-339
180,-341,5,-7,-1120,10000,200,-339
180,-341,6,-7,-1119,10000,200,-339
179,-341,6,-7,-1119,10000,200,-339
179,-340,7,-6,-1119,10000,197,-338
179,-339,7,-6,-1120,10000,197,-336
178,-338,7,-6,-1120,10000,196,-336
177,-338,6,-7,-1119,10000,197,-335
176,-339,6,-7,-1119,10000,197,-336
176,-339,6,-7,-1119,10000,197,-338
177,-340,6,-7,-1120,10000,198,-338
179,-339,6,-7,-1121,10000,200,-338
179,-339,6,-7,-1121,10000,200,-338
178,-340,6,-7,-1121,10000,198,-338
176,-342,7,-6,-1120,10000,194,-340
175,-343,8,-5,-1119,10000,194,-341
175,-343,8,-5,-1119,10000,192,-341
174,-342,8,-5,-1119,10000,192,-340
174,-341,7,-6,-1119,10000,192,-339
174,-342,7,-6,-1120,10000,195,-340
175,-343,7,-6,-1121,10000,194,-341
175,-343,8,-5,-1123,10000,194,-341
175,-343,9,-4,-1124,10000,194,-341
175,-343,9,-4,-1125,10000,194,-341
175,-343,8,-5,-1124,10000,194,-341
176,-343,7,-6,-1124,10000,194,-341
176,-343,7,-6,-1124,10000,195,-340
177,-342,7,-6,-1124,10000,195,-340
176,-343,7,-6,-1124,10000,195,-340
177,-342,6,-7,-1124,10000,197,-340
178,-342,6,-7,-1124,10000,198,-340
179,-341,6,-7,-1124,10000,200,-339
180,-340,6,-7,-1124,10000,201,-338
180,-341,6,-7,-1124,10000,200,-339
179,-341,6,-7,-1124,10000,200,-339
179,-341,6,-7,-1123,10000,200,-339
179,-341,6,-7,-1122,10000,200,-339
180,-341,6,-7,-1123,10000,200,-339
180,-341,6,-7,-1124,10000,200,-339
180,-341,6,-7,-1123,10000,200,-339
180,-341,6,-7,-1121,10000,200,-339
180,-341,6,-7,-1119,10000,200,-339
180,-341,6,-7,-1119,10000,200,-339
180,-341,6,-7,-1119,10000,200,-339
180,-341,6,-7,-1120,10000,200,-339
180,-341,6,-7,-1120,10000,200,-339
180,-341,6,-7,-1119,10000,200,-339
180,-341,6,-7,-1119,10000,200,-339
180,-341,6,-7,-1119,10000,200,-339
180,-341,6,-7,-1119,10000,200,-339
180,-341,6,-7,-1119,10000,200,-339
180,-341,6,-7,-1119,10000,200,-339
180,-341,6,-7,-1119,10000,200,-339
180,-341,6,-7,-1119,10000,200,-339
180,-341,6,-7,-1119,10000,200,-339
180,-341,6,-7,-1119,10000,200,-339
180,-341,6,-7,-1119,10000,200,-339
180,-341,6,-7,-1119,10000,200,-339
180,-341,6,-7,-1119,10000,200,-339
180,-341,6,-7,-1119,10000,200,-339
180,-341,6,-6,-1119,10000,198,-339
180,-341,7,-6,-1119,10000,197,-339
179,-339,8,-7,-1120,10000,200,-338
178,-338,10,-9,-1119,10000,201,-333
178,-337,11,-9,-1119,10000,201,-333
178,-338,11,-8,-1119,10000,198,-333
179,-339,10,-5,-1120,10000,200,-334
179,-340,10,-3,-1120,10000,197,-338
180,-341,10,-3,-1121,10000,197,-339
180,-341,10,-3,-1122,10000,197,-339
180,-341,10,-4,-1123,10000,197,-339
179,-341,9,-5,-1124,10000,197,-339
179,-341,7,-7,-1124,10000,200,-339
180,-340,6,-7,-1124,10000,201,-338
180,-340,7,-6,-1124,10000,198,-338
181,-340,9,-4,-1124,10000,200,-338
180,-340,10,-3,-1124,10000,198,-338
180,-340,9,-4,-1124,10000,198,-339
180,-341,7,-6,-1124,10000,197,-339
179,-341,6,-7,-1124,10000,200,-339
179,-340,6,-7,-1124,10000,200,-338
179,-340,6,-7,-1124,10000,200,-338
180,-341,6,-7,-1124,10000,201,-339
180,-342,6,-7,-1124,10000,201,-340
180,-343,6,-7,-1124,10000,201,-340
180,-342,6,-7,-1125,10000,201,-340
180,-341,6,-7,-1124,10000,201,-339
179,-340,6,-7,-1123,10000,200,-338
179,-341,6,-7,-1121,10000,200,-339
179,-341,6,-7,-1119,10000,200,-339
180,-341,6,-7,-1119,10000,200,-339
180,-340,7,-8,-1119,10000,201,-338
180,-340,7,-8,-1120,10000,201,-338
181,-340,8,-9,-1120,10000,201,-338
180,-340,9,-10,-1119,10000,203,-335
181,-340,9,-10,-1119,10000,205,-335
182,-339,10,-10,-1119,10000,206,-334
184,-339,10,-10,-1119,10000,207,-334
184,-338,9,-10,-1119,10000,207,-333
184,-338,9,-10,-1119,10000,207,-333
184,-339,9,-10,-1119,10000,207,-334
184,-339,10,-10,-1119,10000,207,-334
184,-339,9,-10,-1119,10000,207,-334
184,-338,9,-11,-1119,10000,207,-333
183,-337,9,-10,-1119,10000,206,-332
182,-336,10,-10,-1119,10000,205,-330
181,-334,12,-8,-1119,10000,205,-329
181,-334,13,-7,-1119,10000,201,-329
181,-334,14,-7,-1119,10000,201,-329
181,-334,13,-7,-1119,10000,201,-329
181,-334,12,-7,-1119,10000,202,-329
182,-334,9,-6,-1119,10000,202,-332
182,-335,7,-6,-1119,10000,200,-333
182,-336,7,-6,-1119,10000,201,-334
182,-337,7,-6,-1119,10000,203,-335
184,-338,8,-7,-1119,10000,205,-335
185,-338,7,-8,-1119,10000,206,-335
187,-337,7,-8,-1119,10000,207,-334
188,-336,7,-9,-1120,10000,208,-334
188,-336,8,-10,-1120,10000,211,-334
188,-336,8,-9,-1119,10000,208,-334
188,-336,7,-8,-1119,10000,208,-334
188,-336,6,-7,-1120,10000,208,-334
188,-336,6,-7,-1121,10000,206,-334
187,-337,6,-7,-1123,10000,207,-334
185,-338,6,-7,-1122,10000,206,-335
184,-338,6,-7,-1121,10000,205,-336
183,-339,6,-7,-1121,10000,203,-336
184,-339,6,-7,-1122,10000,205,-336
184,-339,6,-7,-1123,10000,205,-336
184,-338,6,-7,-1121,10000,205,-336
184,-338,6,-7,-1120,10000,205,-336
184,-339,7,-6,-1119,10000,202,-336
183,-339,7,-6,-1119,10000,201,-338
181,-340,7,-6,-1120,10000,201,-338
179,-340,6,-7,-1122,10000,200,-338
178,-340,7,-6,-1122,10000,198,-338
179,-339,8,-5,-1122,10000,197,-338
179,-339,10,-3,-1120,10000,197,-338
179,-339,10,-3,-1119,10000,197,-338
178,-338,8,-5,-1119,10000,196,-336
177,-337,7,-6,-1120,10000,195,-335
177,-336,6,-7,-1122,10000,197,-334
177,-336,7,-6,-1122,10000,195,-334
177,-337,8,-5,-1122,10000,195,-334
177,-337,9,-4,-1120,10000,195,-334
177,-336,7,-6,-1120,10000,195,-334
177,-336,6,-7,-1119,10000,197,-334
177,-336,5,-7,-1119,10000,197,-334
177,-336,5,-7,-1119,10000,197,-334
177,-336,6,-7,-1119,10000,197,-334
177,-336,7,-6,-1119,10000,195,-334
177,-337,9,-4,-1120,10000,195,-334
177,-337,9,-4,-1121,10000,195,-334
177,-336,8,-6,-1121,10000,197,-334
177,-336,6,-7,-1121,10000,197,-334
177,-336,6,-7,-1120,10000,197,-334
178,-338,6,-7,-1119,10000,198,-335
180,-339,6,-7,-1119,10000,201,-336
181,-340,6,-7,-1119,10000,201,-338
180,-339,7,-8,-1119,10000,201,-338
179,-339,7,-9,-1120,10000,200,-336
180,-339,8,-9,-1121,10000,201,-336
182,-339,8,-9,-1123,10000,202,-336
184,-339,7,-8,-1123,10000,205,-336
184,-339,6,-7,-1121,10000,205,-336
184,-338,6,-7,-1120,10000,205,-336
184,-339,6,-7,-1121,10000,205,-336
184,-339,6,-7,-1122,10000,205,-336
184,-339,6,-7,-1123,10000,205,-336
184,-339,6,-7,-1124,10000,205,-336
184,-338,6,-7,-1124,10000,205,-336
184,-338,6,-7,-1123,10000,205,-336
184,-339,6,-7,-1122,10000,205,-336
183,-339,6,-7,-1123,10000,203,-336
182,-339,6,-7,-1123,10000,202,-338
181,-340,6,-7,-1123,10000,202,-338
180,-340,6,-7,-1122,10000,201,-338
180,-341,6,-7,-1121,10000,200,-339
179,-341,7,-6,-1122,10000,197,-339
179,-341,7,-6,-1123,10000,197,-339
180,-341,7,-6,-1123,10000,200,-339
180,-341,7,-7,-1123,10000,200,-339
180,-341,7,-6,-1121,10000,197,-339
179,-341,9,-5,-1120,10000,197,-339
180,-341,9,-4,-1119,10000,197,-339
180,-341,7,-5,-1120,10000,197,-339
180,-341,6,-7,-1121,10000,200,-339
180,-341,7,-9,-1121,10000,200,-339
180,-341,8,-10,-1121,10000,202,-339
180,-341,8,-9,-1120,10000,200,-339
180,-341,7,-8,-1119,10000,200,-339
180,-341,7,-8,-1119,10000,200,-339
180,-341,8,-10,-1119,10000,202,-339
179,-339,10,-10,-1120,10000,202,-335
178,-338,10,-11,-1119,10000,201,-333
177,-337,8,-9,-1119,10000,198,-334
177,-336,7,-8,-1119,10000,197,-334
177,-336,7,-8,-1120,10000,197,-334
177,-336,8,-9,-1121,10000,197,-334
177,-337,10,-10,-1121,10000,200,-333
178,-338,10,-11,-1120,10000,201,-333
179,-339,9,-10,-1120,10000,202,-334
179,-339,7,-8,-1121,10000,200,-338
179,-339,6,-7,-1122,10000,197,-338
179,-340,6,-7,-1123,10000,200,-338
180,-340,7,-8,-1121,10000,200,-338
180,-340,7,-8,-1120,10000,201,-338
181,-340,7,-8,-1119,10000,201,-338
181,-340,7,-7,-1119,10000,201,-338
181,-340,6,-7,-1120,10000,202,-338
182,-339,6,-7,-1121,10000,203,-336
182,-339,6,-7,-1121,10000,203,-336
181,-340,6,-7,-1121,10000,202,-338
180,-341,6,-7,-1120,10000,200,-339
179,-341,6,-7,-1119,10000,200,-339
179,-341,6,-7,-1119,10000,200,-339
180,-341,6,-7,-1119,10000,200,-339
180,-341,6,-7,-1120,10000,200,-339
180,-341,6,-7,-1119,10000,200,-339
179,-341,6,-7,-1119,10000,200,-339
180,-341,6,-7,-1119,10000,200,-339
180,-341,7,-6,-1119,10000,197,-339
180,-341,9,-4,-1120,10000,197,-339
180,-341,9,-5,-1120,10000,197,-339
180,-341,8,-7,-1119,10000,200,-339
180,-341,8,-8,-1119,10000,200,-339
180,-341,7,-7,-1119,10000,200,-339
180,-341,7,-7,-1121,10000,200,-339
179,-340,7,-6,-1123,10000,197,-339
179,-340,7,-6,-1124,10000,197,-339
180,-341,8,-5,-1123,10000,198,-339
180,-342,10,-4,-1121,10000,198,-340
180,-343,10,-3,-1120,10000,198,-340
180,-342,10,-3,-1120,10000,198,-340
180,-341,9,-4,-1121,10000,198,-339
179,-340,7,-6,-1122,10000,197,-339
180,-341,6,-7,-1122,10000,200,-339
180,-341,5,-7,-1122,10000,200,-339
180,-341,6,-7,-1123,10000,200,-339
180,-341,7,-6,-1124,10000,197,-339
179,-340,9,-4,-1124,10000,197,-339
180,-341,10,-4,-1125,10000,198,-339
180,-342,9,-4,-1124,10000,198,-340
180,-343,7,-6,-1124,10000,198,-340
180,-342,7,-6,-1123,10000,198,-340
180,-341,7,-6,-1122,10000,198,-339
179,-340,7,-6,-1123,10000,197,-339
179,-340,6,-7,-1124,10000,200,-338
179,-341,6,-7,-1125,10000,200,-339
179,-341,6,-7,-1124,10000,200,-339
179,-341,6,-7,-1122,10000,200,-339
181,-340,6,-7,-1121,10000,201,-338
183,-339,6,-7,-1121,10000,203,-336
184,-339,6,-7,-1122,10000,205,-336
183,-339,6,-7,-1123,10000,203,-336
181,-340,6,-7,-1123,10000,201,-338
180,-340,6,-7,-1123,10000,201,-338
182,-339,6,-7,-1124,10000,203,-336
184,-338,6,-7,-1124,10000,205,-336
184,-338,6,-7,-1123,10000,205,-336
183,-339,6,-7,-1121,10000,203,-336
182,-339,6,-7,-1119,10000,202,-338
182,-339,6,-7,-1119,10000,203,-336
183,-339,6,-7,-1120,10000,203,-336
184,-338,7,-6,-1121,10000,202,-336
184,-338,9,-5,-1123,10000,202,-336
184,-339,9,-6,-1123,10000,205,-336
184,-339,9,-7,-1123,10000,205,-336
184,-339,8,-7,-1123,10000,205,-336
184,-339,9,-7,-1123,10000,205,-336
184,-339,10,-7,-1122,10000,205,-334
184,-339,12,-8,-1122,10000,205,-334
184,-338,12,-9,-1123,10000,207,-333
184,-338,12,-8,-1123,10000,207,-333
184,-339,11,-9,-1124,10000,207,-334
182,-339,10,-9,-1124,10000,206,-334
181,-340,10,-10,-1124,10000,203,-335
180,-340,11,-10,-1124,10000,203,-335
180,-340,12,-8,-1124,10000,201,-335
182,-339,13,-7,-1124,10000,202,-335
183,-339,13,-7,-1124,10000,203,-334
184,-339,12,-8,-1124,10000,205,-334
184,-339,10,-9,-1124,10000,207,-334
183,-339,10,-10,-1123,10000,206,-334
182,-339,10,-9,-1122,10000,205,-335
181,-340,11,-9,-1123,10000,203,-335
180,-340,11,-9,-1124,10000,203,-335
180,-340,11,-9,-1124,10000,203,-335
180,-340,12,-8,-1124,10000,203,-335
181,-340,12,-8,-1124,10000,202,-335
182,-339,12,-8,-1124,10000,205,-335
183,-339,12,-8,-1124,10000,206,-334
184,-339,12,-8,-1124,10000,205,-334
184,-338,13,-7,-1124,10000,205,-334
184,-339,13,-7,-1124,10000,205,-334
184,-339,13,-7,-1123,10000,205,-334
183,-339,13,-7,-1122,10000,203,-334
181,-338,13,-7,-1121,10000,202,-334
179,-337,13,-7,-1120,10000,200,-332
178,-336,13,-7,-1120,10000,198,-330
178,-336,13,-7,-1119,10000,198,-332
180,-337,13,-7,-1119,10000,200,-332
181,-337,13,-7,-1119,10000,201,-333
181,-336,13,-7,-1120,10000,202,-332
181,-335,13,-7,-1119,10000,202,-330
182,-334,13,-7,-1119,10000,202,-329
182,-335,12,-6,-1119,10000,202,-330
182,-336,11,-6,-1119,10000,203,-332
182,-336,11,-5,-1119,10000,202,-330
181,-335,11,-6,-1119,10000,202,-330
181,-334,10,-6,-1119,10000,202,-329
181,-334,9,-6,-1119,10000,202,-332
181,-335,8,-5,-1120,10000,200,-333
181,-335,8,-5,-1119,10000,200,-333
181,-334,9,-4,-1119,10000,198,-332
181,-334,9,-5,-1119,10000,198,-332
181,-334,8,-5,-1120,10000,198,-332
182,-336,7,-6,-1121,10000,200,-333
183,-337,7,-6,-1121,10000,201,-335
184,-339,8,-5,-1120,10000,202,-336
184,-339,10,-4,-1119,10000,202,-336
184,-339,10,-3,-1119,10000,202,-336
184,-339,10,-3,-1121,10000,202,-336
184,-339,9,-4,-1122,10000,202,-336
184,-339,8,-5,-1123,10000,202,-336
184,-339,8,-5,-1123,10000,202,-336
184,-338,10,-5,-1123,10000,205,-336
184,-339,11,-5,-1123,10000,205,-334
184,-340,11,-5,-1123,10000,205,-335
185,-341,9,-5,-1122,10000,203,-339
186,-343,7,-5,-1121,10000,205,-340
186,-343,6,-6,-1122,10000,205,-341
186,-343,7,-6,-1123,10000,207,-341
186,-343,8,-7,-1124,10000,207,-340
186,-343,10,-8,-1123,10000,207,-338
186,-343,10,-8,-1121,10000,207,-338
186,-343,9,-7,-1119,10000,207,-340
186,-343,8,-6,-1119,10000,205,-340
186,-343,7,-6,-1119,10000,205,-340
186,-343,6,-7,-1120,10000,207,-340
185,-343,6,-7,-1120,10000,206,-341
184,-344,6,-7,-1119,10000,206,-341
185,-344,6,-7,-1119,10000,206,-341
186,-343,6,-7,-1119,10000,207,-340
185,-341,6,-7,-1119,10000,206,-339
184,-340,6,-7,-1119,10000,205,-338
184,-339,6,-7,-1119,10000,205,-336
184,-338,6,-7,-1119,10000,205,-335
184,-338,6,-7,-1119,10000,205,-336
184,-339,6,-7,-1119,10000,205,-336
183,-339,6,-7,-1119,10000,203,-338
182,-339,6,-7,-1119,10000,203,-336
183,-339,6,-7,-1119,10000,203,-336
183,-339,6,-7,-1119,10000,203,-336
183,-339,6,-7,-1119,10000,203,-336
182,-339,6,-7,-1119,10000,202,-338
181,-340,6,-7,-1119,10000,201,-338
180,-340,6,-7,-1119,10000,201,-338
180,-340,6,-7,-1119,10000,201,-338
181,-340,6,-7,-1119,10000,202,-338
182,-339,6,-7,-1119,10000,203,-336
183,-339,6,-7,-1119,10000,203,-336
182,-339,6,-7,-1120,10000,203,-336
181,-340,6,-7,-1119,10000,202,-338
180,-340,6,-7,-1119,10000,201,-338
180,-340,6,-7,-1119,10000,201,-338
180,-340,6,-7,-1120,10000,201,-338
181,-340,6,-7,-1121,10000,202,-338
182,-339,6,-7,-1121,10000,203,-336
183,-339,6,-7,-1121,10000,203,-336
184,-338,6,-7,-1121,10000,205,-335
184,-338,6,-7,-1122,10000,205,-335
184,-339,6,-7,-1124,10000,205,-336
182,-339,6,-7,-1125,10000,202,-338
181,-340,6,-7,-1124,10000,201,-338
181,-340,6,-7,-1122,10000,201,-338
182,-339,6,-7,-1121,10000,202,-338
183,-338,6,-7,-1121,10000,203,-335
183,-336,6,-7,-1123,10000,203,-334
182,-336,6,-7,-1124,10000,203,-334
182,-336,6,-7,-1123,10000,202,-333
182,-336,6,-7,-1121,10000,202,-334
182,-336,6,-7,-1121,10000,202,-334
182,-335,6,-7,-1121,10000,202,-333
181,-335,6,-7,-1120,10000,202,-333
181,-334,6,-7,-1120,10000,202,-332
181,-334,6,-7,-1119,10000,202,-332
182,-334,6,-7,-1120,10000,202,-332
181,-335,6,-7,-1121,10000,202,-333
180,-335,6,-7,-1121,10000,201,-333
178,-336,6,-7,-1121,10000,198,-334
177,-336,6,-7,-1120,10000,197,-334
177,-337,6,-7,-1119,10000,197,-334
177,-336,6,-7,-1119,10000,197,-334
177,-336,6,-7,-1119,10000,197,-334
177,-336,6,-7,-1120,10000,197,-334
177,-336,6,-7,-1119,10000,197,-334
177,-336,7,-6,-1119,10000,195,-334
177,-336,8,-6,-1119,10000,197,-334
177,-336,8,-7,-1119,10000,197,-334
177,-336,8,-8,-1119,10000,197,-334
177,-336,7,-9,-1119,10000,197,-334
177,-336,8,-9,-1119,10000,197,-334
177,-337,8,-9,-1119,10000,198,-334
177,-337,8,-10,-1119,10000,201,-334
177,-336,8,-9,-1119,10000,197,-334
177,-336,7,-8,-1119,10000,197,-334
177,-336,7,-7,-1120,10000,197,-334
179,-337,7,-8,-1119,10000,200,-335
180,-339,7,-8,-1119,10000,201,-336
182,-339,7,-8,-1119,10000,202,-338
183,-339,7,-7,-1120,10000,203,-336
184,-339,6,-7,-1121,10000,205,-336
184,-338,6,-7,-1122,10000,205,-336
184,-338,6,-7,-1122,10000,205,-336
184,-339,6,-7,-1121,10000,205,-336
184,-339,6,-7,-1121,10000,205,-336
184,-339,6,-7,-1121,10000,205,-336
184,-338,7,-8,-1123,10000,205,-336
184,-339,8,-9,-1123,10000,205,-336
184,-339,8,-9,-1121,10000,205,-336
184,-339,8,-9,-1119,10000,205,-336
184,-338,7,-8,-1119,10000,205,-336
184,-338,6,-7,-1120,10000,205,-336
184,-339,6,-7,-1121,10000,205,-336
183,-339,6,-7,-1121,10000,203,-336
180,-340,6,-7,-1120,10000,201,-338
180,-341,6,-7,-1119,10000,200,-339
179,-341,6,-7,-1119,10000,200,-339
179,-341,6,-7,-1119,10000,200,-339
180,-341,6,-7,-1120,10000,200,-339
180,-341,6,-7,-1119,10000,200,-339
180,-341,6,-7,-1119,10000,200,-339
179,-341,6,-7,-1119,10000,200,-339
180,-341,6,-7,-1119,10000,200,-339
180,-341,6,-7,-1119,10000,200,-339
180,-341,6,-7,-1119,10000,200,-339
180,-341,6,-7,-1119,10000,200,-339
180,-341,7,-6,-1119,10000,197,-339
180,-341,7,-6,-1120,10000,197,-339
180,-341,7,-6,-1119,10000,197,-339
180,-341,6,-7,-1119,10000,200,-339
180,-341,6,-7,-1119,10000,200,-339
180,-341,6,-7,-1120,10000,200,-339
180,-341,6,-7,-1121,10000,200,-339
180,-341,6,-7,-1121,10000,200,-339
180,-341,6,-7,-1121,10000,200,-339
179,-341,6,-7,-1120,10000,200,-339
180,-341,6,-7,-1119,10000,200,-339
180,-341,6,-7,-1120,10000,200,-339
180,-341,6,-7,-1121,10000,200,-339
179,-341,6,-7,-1121,10000,200,-339
179,-341,6,-7,-1121,10000,200,-339
180,-340,6,-7,-1120,10000,201,-338
180,-340,6,-7,-1119,10000,201,-338
181,-340,6,-7,-1119,10000,202,-338
181,-340,6,-7,-1119,10000,201,-338
180,-341,6,-7,-1120,10000,201,-339
179,-341,6,-7,-1120,10000,200,-339
179,-340,6,-7,-1119,10000,200,-338
179,-339,8,-6,-1119,10000,200,-336
179,-339,9,-4,-1119,10000,197,-338
179,-341,9,-4,-1119,10000,197,-339
179,-341,7,-6,-1120,10000,197,-339
180,-341,7,-7,-1121,10000,200,-339
181,-340,7,-8,-1122,10000,202,-338
182,-339,7,-9,-1122,10000,203,-336
182,-339,7,-8,-1121,10000,203,-336
181,-340,7,-7,-1120,10000,202,-338
181,-340,6,-7,-1121,10000,201,-338
180,-340,6,-7,-1123,10000,201,-338
180,-340,6,-7,-1124,10000,201,-338
180,-340,6,-7,-1123,10000,201,-338
179,-341,6,-7,-1121,10000,200,-339
180,-341,8,-6,-1121,10000,200,-339
180,-341,8,-4,-1122,10000,197,-339
179,-341,8,-3,-1124,10000,197,-339
179,-340,6,-4,-1125,10000,197,-338
179,-339,5,-6,-1125,10000,197,-338
180,-339,5,-7,-1124,10000,201,-336
181,-339,6,-7,-1124,10000,202,-338
182,-340,6,-7,-1123,10000,202,-338
182,-340,6,-7,-1122,10000,202,-338
182,-339,6,-7,-1123,10000,202,-338
183,-339,6,-7,-1124,10000,203,-336
184,-339,6,-7,-1125,10000,205,-336
184,-338,6,-7,-1124,10000,205,-336
184,-338,6,-7,-1123,10000,205,-336
184,-339,6,-7,-1122,10000,205,-336
184,-339,7,-8,-1122,10000,205,-336
184,-339,8,-8,-1123,10000,205,-336
184,-338,8,-7,-1123,10000,205,-336
184,-339,7,-6,-1123,10000,205,-336
184,-339,7,-6,-1123,10000,205,-336
184,-338,6,-7,-1122,10000,205,-336
184,-339,7,-6,-1121,10000,205,-336
184,-339,8,-6,-1120,10000,205,-336
184,-339,8,-5,-1120,10000,202,-336
184,-338,8,-5,-1119,10000,202,-336
184,-339,7,-6,-1119,10000,205,-336
184,-339,6,-7,-1119,10000,205,-336
182,-339,6,-7,-1120,10000,202,-338
180,-339,7,-6,-1119,10000,198,-336
179,-337,9,-4,-1119,10000,197,-335
180,-335,9,-4,-1119,10000,197,-333
181,-334,9,-4,-1119,10000,198,-332
181,-335,8,-5,-1119,10000,198,-333
180,-335,8,-5,-1120,10000,198,-333
180,-335,9,-4,-1119,10000,197,-333
180,-335,10,-3,-1119,10000,197,-333
180,-335,10,-3,-1119,10000,198,-333
180,-335,10,-3,-1120,10000,198,-333
180,-335,8,-5,-1121,10000,197,-333
179,-336,7,-6,-1121,10000,200,-333
179,-336,6,-7,-1120,10000,200,-334
179,-336,7,-6,-1120,10000,200,-333
178,-336,9,-4,-1120,10000,196,-334
177,-336,10,-3,-1123,10000,195,-334
177,-337,10,-3,-1124,10000,195,-335
178,-338,9,-4,-1125,10000,196,-336
178,-339,8,-5,-1124,10000,196,-336
178,-338,8,-5,-1124,10000,196,-335
177,-337,9,-4,-1124,10000,195,-334
177,-336,10,-4,-1124,10000,195,-334
177,-336,10,-4,-1124,10000,195,-334
178,-338,10,-4,-1123,10000,196,-335
179,-339,10,-4,-1122,10000,197,-338
179,-341,10,-4,-1123,10000,197,-339
180,-341,10,-4,-1124,10000,197,-339
180,-341,11,-5,-1125,10000,200,-336
180,-340,11,-6,-1124,10000,201,-335
181,-340,11,-6,-1123,10000,202,-335
182,-339,11,-5,-1121,10000,202,-335
183,-339,11,-5,-1119,10000,203,-334
184,-339,10,-4,-1119,10000,202,-334
184,-338,10,-5,-1119,10000,205,-334
184,-338,10,-7,-1120,10000,205,-334
184,-339,11,-7,-1119,10000,205,-334
184,-339,12,-8,-1119,10000,205,-334
184,-339,11,-9,-1120,10000,207,-334
184,-338,10,-10,-1121,10000,207,-333
184,-339,10,-10,-1121,10000,207,-334
184,-339,10,-10,-1121,10000,207,-334
184,-339,11,-9,-1120,10000,207,-334
184,-339,12,-8,-1119,10000,207,-334
184,-339,12,-8,-1119,10000,207,-334
184,-339,12,-8,-1120,10000,205,-334
184,-339,11,-9,-1121,10000,207,-334
184,-339,10,-10,-1121,10000,207,-334
184,-339,10,-10,-1121,10000,207,-334
184,-339,10,-10,-1120,10000,207,-334
184,-339,10,-10,-1119,10000,207,-334
184,-339,10,-9,-1119,10000,207,-334
184,-339,11,-9,-1119,10000,207,-334
184,-339,12,-9,-1121,10000,207,-334
184,-338,11,-9,-1123,10000,207,-333
184,-339,10,-9,-1124,10000,207,-334
184,-339,10,-10,-1123,10000,207,-334
184,-338,10,-10,-1122,10000,207,-333
183,-337,10,-10,-1121,10000,206,-333
183,-337,10,-10,-1122,10000,206,-332
183,-337,9,-9,-1122,10000,203,-333
181,-338,8,-7,-1122,10000,202,-335
180,-337,7,-6,-1121,10000,198,-335
179,-337,7,-6,-1120,10000,197,-335
179,-337,6,-7,-1121,10000,200,-335
179,-337,6,-7,-1123,10000,200,-335
179,-337,6,-7,-1124,10000,200,-335
180,-337,6,-7,-1123,10000,200,-335
181,-338,6,-7,-1121,10000,201,-335
182,-338,6,-7,-1120,10000,203,-336
184,-339,6,-7,-1120,10000,205,-336
184,-339,6,-7,-1121,10000,205,-336
184,-339,6,-7,-1121,10000,205,-336
184,-339,6,-7,-1120,10000,205,-336
184,-339,6,-7,-1119,10000,205,-336
184,-339,6,-7,-1120,10000,205,-336
184,-338,6,-7,-1123,10000,205,-336
184,-339,6,-7,-1124,10000,205,-336
184,-338,6,-7,-1125,10000,205,-336
184,-338,6,-7,-1125,10000,205,-336
184,-339,6,-7,-1123,10000,205,-336
184,-339,6,-7,-1123,10000,205,-336
184,-339,6,-7,-1122,10000,205,-336
184,-339,6,-7,-1123,10000,205,-336
185,-338,6,-7,-1124,10000,206,-335
184,-336,6,-7,-1124,10000,205,-334
184,-335,6,-7,-1123,10000,205,-333
182,-333,6,-7,-1122,10000,203,-330
182,-332,6,-7,-1121,10000,203,-330
184,-333,6,-7,-1121,10000,205,-330
186,-334,6,-7,-1122,10000,206,-332
187,-335,6,-7,-1122,10000,208,-333
187,-335,6,-7,-1123,10000,208,-332
187,-334,7,-8,-1123,10000,207,-332
186,-333,7,-9,-1123,10000,207,-330
186,-333,8,-9,-1122,10000,207,-330
186,-333,9,-10,-1122,10000,209,-328
187,-333,10,-10,-1123,10000,209,-328
187,-334,11,-10,-1123,10000,209,-329
187,-334,12,-8,-1124,10000,211,-329
187,-335,11,-7,-1123,10000,208,-330
187,-335,11,-7,-1121,10000,207,-329
187,-335,11,-7,-1119,10000,207,-329
188,-335,11,-8,-1119,10000,211,-330
188,-336,12,-8,-1120,10000,212,-330
188,-336,13,-7,-1121,10000,208,-332
186,-336,13,-7,-1121,10000,207,-330
183,-335,12,-8,-1121,10000,203,-330
182,-336,11,-9,-1120,10000,206,-330
182,-337,11,-10,-1119,10000,206,-332
184,-339,11,-9,-1119,10000,207,-334
184,-339,12,-8,-1120,10000,207,-334
184,-339,13,-7,-1121,10000,205,-334
184,-339,13,-7,-1121,10000,205,-334
183,-339,12,-8,-1121,10000,203,-334
180,-340,11,-9,-1121,10000,203,-335
180,-341,10,-10,-1123,10000,202,-336
179,-341,10,-10,-1124,10000,202,-336
179,-341,11,-9,-1124,10000,202,-336
180,-341,12,-8,-1124,10000,202,-336
180,-341,13,-7,-1124,10000,200,-336
180,-341,12,-8,-1124,10000,202,-336
179,-341,10,-9,-1124,10000,202,-336
180,-341,9,-10,-1124,10000,202,-336
180,-341,9,-11,-1123,10000,202,-336
180,-341,9,-10,-1122,10000,202,-336
180,-341,9,-10,-1121,10000,202,-336
180,-341,9,-10,-1120,10000,202,-336
180,-341,9,-11,-1121,10000,202,-336
180,-341,10,-10,-1123,10000,202,-336
180,-341,10,-9,-1124,10000,202,-336
180,-341,11,-7,-1125,10000,200,-336
179,-341,10,-7,-1125,10000,200,-336
180,-341,10,-8,-1124,10000,200,-336
180,-341,11,-9,-1122,10000,202,-336
180,-341,11,-9,-1121,10000,202,-336
179,-341,12,-8,-1121,10000,202,-336
179,-341,12,-8,-1121,10000,202,-336
180,-341,10,-9,-1121,10000,202,-336
181,-340,9,-10,-1120,10000,203,-335
182,-339,9,-11,-1119,10000,205,-335
183,-339,9,-11,-1119,10000,206,-335
183,-339,9,-10,-1119,10000,206,-335
183,-339,8,-10,-1120,10000,206,-336
182,-337,8,-9,-1119,10000,203,-335
181,-336,8,-10,-1119,10000,205,-334
180,-335,9,-10,-1119,10000,202,-330
179,-335,10,-10,-1119,10000,202,-330
179,-336,10,-10,-1119,10000,202,-330
179,-336,9,-10,-1119,10000,202,-330
178,-336,9,-10,-1119,10000,201,-332
177,-336,9,-10,-1119,10000,200,-332
177,-337,10,-10,-1119,10000,200,-332
177,-336,11,-9,-1119,10000,200,-332
178,-336,11,-9,-1119,10000,201,-332
179,-336,11,-9,-1119,10000,202,-330
178,-336,10,-9,-1119,10000,201,-332
177,-337,10,-9,-1119,10000,201,-332
177,-337,10,-9,-1119,10000,200,-332
177,-336,10,-10,-1119,10000,200,-332
178,-336,10,-10,-1119,10000,201,-332
180,-336,9,-10,-1119,10000,203,-332
181,-338,9,-10,-1120,10000,205,-333
181,-340,9,-10,-1119,10000,205,-335
181,-340,9,-10,-1119,10000,203,-335
181,-340,9,-10,-1119,10000,205,-335
182,-339,9,-11,-1120,10000,206,-334
184,-339,9,-10,-1120,10000,207,-334
184,-338,9,-10,-1121,10000,207,-333
184,-338,9,-10,-1121,10000,207,-333
184,-339,9,-11,-1121,10000,207,-334
184,-339,9,-11,-1121,10000,207,-334
184,-339,9,-10,-1120,10000,207,-334
184,-338,9,-9,-1120,10000,205,-334
184,-339,10,-7,-1120,10000,205,-334
184,-339,10,-7,-1120,10000,205,-334
184,-339,10,-8,-1121,10000,205,-334
184,-339,10,-8,-1121,10000,205,-334
184,-339,10,-8,-1120,10000,205,-334
184,-339,9,-8,-1120,10000,205,-334
184,-339,8,-8,-1121,10000,205,-336
184,-339,8,-9,-1121,10000,205,-336
184,-339,9,-9,-1121,10000,205,-334
184,-339,12,-8,-1121,10000,207,-334
184,-339,13,-7,-1120,10000,205,-334
184,-339,13,-7,-1121,10000,205,-334
184,-339,13,-7,-1123,10000,205,-334
184,-339,13,-7,-1124,10000,205,-334
184,-338,13,-7,-1125,10000,205,-334
184,-339,13,-7,-1125,10000,205,-334
184,-339,13,-7,-1124,10000,205,-334
184,-339,13,-7,-1122,10000,205,-334
184,-338,13,-7,-1120,10000,205,-334
184,-338,13,-7,-1120,10000,205,-334
184,-339,13,-7,-1120,10000,205,-334
183,-339,13,-7,-1121,10000,203,-335
181,-340,13,-8,-1121,10000,203,-335
179,-340,13,-7,-1120,10000,200,-335
178,-340,12,-6,-1119,10000,198,-335
178,-339,11,-5,-1119,10000,198,-334
179,-339,9,-5,-1120,10000,200,-336
179,-339,8,-7,-1120,10000,200,-338
179,-339,8,-9,-1119,10000,200,-338
178,-340,8,-10,-1119,10000,201,-335
179,-339,9,-11,-1120,10000,202,-335
180,-339,9,-10,-1120,10000,203,-334
181,-337,8,-10,-1121,10000,205,-334
182,-335,7,-8,-1121,10000,202,-333
182,-334,7,-8,-1121,10000,202,-332
181,-334,7,-8,-1121,10000,202,-332
181,-334,7,-8,-1120,10000,202,-332
181,-334,7,-8,-1120,10000,202,-332
181,-335,7,-8,-1119,10000,202,-333
181,-334,8,-9,-1119,10000,202,-332
181,-334,9,-10,-1121,10000,205,-329
181,-334,10,-11,-1123,10000,205,-329
181,-334,10,-10,-1123,10000,205,-329
181,-335,8,-9,-1121,10000,202,-333
181,-334,7,-8,-1120,10000,202,-332
181,-334,7,-8,-1120,10000,202,-332
181,-334,8,-9,-1121,10000,202,-332
181,-335,9,-11,-1123,10000,205,-329
182,-335,10,-11,-1123,10000,205,-330
182,-336,8,-10,-1123,10000,206,-334
183,-337,8,-8,-1123,10000,203,-335
183,-338,8,-8,-1122,10000,203,-335
184,-338,9,-8,-1123,10000,205,-335
184,-339,10,-8,-1124,10000,205,-334
184,-339,11,-9,-1124,10000,207,-334
184,-339,12,-9,-1124,10000,207,-334
184,-338,12,-9,-1124,10000,207,-333
184,-338,11,-8,-1124,10000,205,-334
183,-339,11,-7,-1124,10000,203,-334
183,-339,11,-6,-1124,10000,203,-334
182,-339,12,-6,-1124,10000,203,-334
183,-339,13,-7,-1124,10000,203,-334
183,-339,13,-7,-1124,10000,203,-334
183,-339,13,-7,-1124,10000,203,-334
181,-340,13,-7,-1124,10000,202,-335
180,-340,13,-7,-1124,10000,201,-335
180,-340,13,-7,-1124,10000,201,-335
180,-340,13,-7,-1124,10000,201,-335
180,-340,13,-7,-1124,10000,201,-335
180,-340,12,-8,-1124,10000,203,-335
180,-340,11,-9,-1124,10000,203,-335
180,-339,10,-10,-1124,10000,203,-334
180,-337,10,-10,-1124,10000,202,-332
179,-336,11,-9,-1124,10000,202,-330
178,-336,12,-9,-1124,10000,201,-332
177,-336,13,-7,-1124,10000,197,-332
177,-337,11,-7,-1124,10000,197,-332
178,-336,10,-7,-1124,10000,198,-332
180,-335,9,-7,-1124,10000,201,-333
181,-334,9,-7,-1124,10000,202,-332
182,-334,8,-7,-1124,10000,202,-332
181,-334,7,-7,-1124,10000,202,-332
181,-334,7,-6,-1124,10000,198,-332
181,-334,7,-6,-1124,10000,202,-332
181,-335,7,-6,-1124,10000,200,-333
181,-335,7,-6,-1124,10000,200,-333
181,-334,7,-7,-1124,10000,202,-332
181,-334,6,-7,-1124,10000,202,-332
181,-334,6,-7,-1124,10000,202,-332
182,-336,6,-7,-1124,10000,202,-334
182,-338,7,-6,-1124,10000,200,-335
182,-339,7,-6,-1124,10000,200,-338
183,-339,7,-6,-1124,10000,201,-338
184,-339,6,-7,-1124,10000,205,-336
184,-338,6,-7,-1124,10000,205,-336
184,-338,6,-7,-1124,10000,205,-336
184,-339,6,-7,-1124,10000,205,-336
184,-339,6,-7,-1124,10000,205,-336
184,-339,6,-7,-1124,10000,205,-336
184,-338,6,-7,-1124,10000,205,-335
184,-339,7,-7,-1124,10000,205,-336
184,-339,7,-8,-1124,10000,205,-338
185,-341,7,-8,-1124,10000,206,-339
185,-341,7,-8,-1125,10000,206,-339
185,-341,6,-7,-1124,10000,206,-339
184,-339,6,-7,-1123,10000,205,-338
184,-339,7,-6,-1121,10000,205,-336
184,-338,7,-6,-1121,10000,202,-336
184,-339,8,-5,-1121,10000,202,-336
184,-339,9,-4,-1121,10000,202,-336
184,-339,9,-4,-1120,10000,202,-336
184,-339,10,-3,-1119,10000,202,-336
184,-339,10,-3,-1119,10000,202,-336
184,-339,10,-4,-1119,10000,202,-336
184,-339,9,-4,-1120,10000,202,-336
184,-339,8,-5,-1119,10000,202,-336
184,-339,8,-5,-1119,10000,202,-336
184,-339,8,-5,-1119,10000,202,-336
184,-339,8,-5,-1119,10000,202,-336
184,-339,9,-4,-1119,10000,202,-336
184,-338,9,-4,-1119,10000,202,-336
184,-338,8,-5,-1119,10000,202,-336
184,-339,8,-5,-1119,10000,202,-336
184,-339,7,-6,-1119,10000,202,-336
184,-339,7,-6,-1120,10000,202,-336
184,-338,7,-6,-1120,10000,202,-336
185,-338,7,-6,-1119,10000,206,-335
185,-337,6,-7,-1119,10000,206,-335
185,-338,6,-7,-1119,10000,206,-335
184,-338,6,-7,-1121,10000,205,-336
184,-339,6,-7,-1123,10000,205,-336
184,-339,6,-7,-1124,10000,205,-336
184,-339,6,-7,-1124,10000,205,-336
184,-338,6,-7,-1123,10000,205,-336
184,-338,6,-7,-1122,10000,205,-336
184,-339,6,-7,-1123,10000,205,-336
184,-339,6,-7,-1124,10000,205,-336
184,-339,6,-7,-1124,10000,205,-336
184,-339,6,-7,-1124,10000,205,-336
184,-339,7,-7,-1124,10000,205,-336
184,-339,7,-8,-1124,10000,205,-336
184,-339,7,-8,-1124,10000,205,-336
184,-339,7,-9,-1124,10000,205,-336
184,-339,7,-8,-1124,10000,205,-336
184,-338,7,-8,-1124,10000,205,-336
184,-339,7,-8,-1124,10000,205,-336
184,-339,7,-9,-1124,10000,205,-336
184,-339,7,-8,-1124,10000,205,-336
184,-338,7,-7,-1124,10000,205,-336
184,-338,7,-7,-1124,10000,205,-336
183,-339,7,-6,-1124,10000,201,-336
182,-339,7,-6,-1124,10000,201,-336
182,-339,8,-5,-1124,10000,201,-336
183,-339,8,-5,-1124,10000,201,-336
183,-339,9,-5,-1124,10000,201,-336
183,-339,8,-5,-1124,10000,201,-336
181,-340,8,-5,-1124,10000,198,-338
180,-341,8,-5,-1124,10000,197,-339
179,-341,8,-5,-1124,10000,197,-339
179,-341,9,-4,-1124,10000,197,-339
180,-341,8,-5,-1123,10000,197,-339
180,-341,7,-6,-1122,10000,197,-339
180,-341,7,-6,-1123,10000,197,-339
179,-341,7,-6,-1124,10000,197,-339
180,-341,7,-6,-1123,10000,197,-339
180,-341,7,-6,-1121,10000,197,-339
180,-341,7,-6,-1120,10000,197,-339
180,-341,7,-6,-1120,10000,197,-339
180,-341,6,-7,-1121,10000,200,-339
180,-341,6,-7,-1122,10000,200,-339
180,-341,6,-7,-1122,10000,200,-339
180,-341,6,-7,-1122,10000,200,-339
180,-341,7,-6,-1122,10000,197,-339
180,-341,8,-5,-1122,10000,197,-339
180,-341,8,-5,-1123,10000,197,-339
180,-341,7,-6,-1123,10000,197,-339
180,-341,7,-6,-1123,10000,197,-339
180,-341,8,-5,-1123,10000,197,-339
180,-341,9,-4,-1122,10000,197,-339
180,-341,9,-4,-1121,10000,197,-339
180,-341,9,-5,-1121,10000,197,-339
180,-341,8,-5,-1122,10000,197,-339
180,-341,7,-6,-1124,10000,197,-339
180,-341,7,-6,-1125,10000,197,-339
180,-341,8,-5,-1124,10000,197,-339
180,-341,10,-4,-1123,10000,197,-339
180,-341,10,-4,-1122,10000,197,-336
180,-341,10,-6,-1122,10000,200,-336
180,-341,10,-8,-1122,10000,200,-336
180,-341,10,-9,-1123,10000,202,-336
180,-341,9,-9,-1123,10000,200,-336
180,-341,9,-7,-1124,10000,200,-339
180,-341,9,-5,-1124,10000,197,-339
180,-341,9,-4,-1123,10000,197,-339
180,-341,9,-4,-1122,10000,197,-339
180,-341,9,-4,-1123,10000,197,-339
180,-341,9,-5,-1124,10000,197,-339
180,-341,8,-6,-1124,10000,197,-339
180,-341,7,-6,-1124,10000,197,-339
180,-341,7,-6,-1124,10000,197,-339
180,-341,9,-4,-1124,10000,197,-339
180,-341,10,-4,-1124,10000,197,-339
180,-341,9,-4,-1123,10000,197,-339
180,-341,7,-6,-1123,10000,197,-339
179,-341,6,-7,-1122,10000,200,-339
180,-341,6,-7,-1122,10000,200,-339
180,-341,6,-7,-1123,10000,200,-339
180,-341,6,-7,-1123,10000,200,-339
179,-341,6,-7,-1124,10000,200,-339
179,-340,6,-7,-1123,10000,200,-338
179,-338,6,-7,-1121,10000,200,-336
180,-338,6,-7,-1119,10000,200,-335
180,-338,6,-7,-1119,10000,201,-335
180,-339,6,-7,-1120,10000,201,-338
180,-340,6,-7,-1121,10000,200,-338
180,-339,7,-6,-1121,10000,198,-336
181,-338,7,-6,-1120,10000,200,-335
183,-337,7,-6,-1120,10000,201,-335
184,-338,6,-7,-1121,10000,205,-335
184,-339,6,-7,-1121,10000,205,-336
182,-339,6,-7,-1120,10000,203,-338
182,-339,6,-7,-1119,10000,202,-338
183,-339,6,-7,-1119,10000,203,-336
183,-339,6,-7,-1119,10000,203,-336
184,-338,6,-7,-1120,10000,205,-336
184,-338,7,-8,-1119,10000,205,-336
184,-339,7,-8,-1119,10000,205,-336
184,-339,7,-9,-1119,10000,205,-336
184,-339,7,-9,-1119,10000,205,-336
184,-338,7,-8,-1119,10000,205,-336
184,-339,7,-7,-1119,10000,205,-336
184,-338,7,-7,-1119,10000,205,-336
184,-339,8,-7,-1119,10000,205,-336
184,-339,8,-7,-1119,10000,205,-336
184,-339,8,-7,-1119,10000,205,-336
184,-338,8,-6,-1120,10000,205,-336
184,-338,8,-5,-1119,10000,202,-336
184,-339,8,-5,-1119,10000,202,-336
182,-339,7,-6,-1119,10000,201,-336
181,-340,6,-7,-1120,10000,202,-338
181,-340,6,-8,-1121,10000,201,-338
181,-340,7,-8,-1121,10000,201,-338
181,-340,8,-8,-1121,10000,202,-338
181,-339,8,-7,-1120,10000,201,-336
180,-338,7,-6,-1119,10000,200,-336
179,-337,7,-5,-1119,10000,197,-335
179,-337,7,-6,-1120,10000,197,-334
181,-336,7,-7,-1121,10000,201,-334
182,-337,8,-7,-1123,10000,203,-335
184,-338,9,-7,-1123,10000,205,-335
183,-337,9,-7,-1122,10000,203,-334
183,-336,8,-6,-1121,10000,203,-333
182,-335,8,-5,-1121,10000,200,-333
181,-336,7,-5,-1120,10000,198,-334
180,-339,7,-6,-1120,10000,198,-336
180,-340,8,-7,-1119,10000,201,-338
181,-341,9,-10,-1120,10000,203,-336
181,-340,9,-10,-1121,10000,205,-335
181,-340,8,-10,-1121,10000,203,-335
180,-340,7,-9,-1120,10000,201,-338
179,-341,7,-8,-1120,10000,200,-339
179,-341,9,-7,-1120,10000,200,-339
179,-341,11,-7,-1121,10000,200,-336
180,-341,13,-7,-1122,10000,200,-336
180,-341,12,-8,-1122,10000,202,-336
180,-341,11,-9,-1122,10000,202,-336
179,-341,10,-10,-1121,10000,202,-336
179,-341,10,-10,-1121,10000,202,-336
179,-341,10,-10,-1122,10000,202,-336
181,-340,10,-10,-1122,10000,203,-335
183,-339,10,-10,-1122,10000,206,-334
184,-339,10,-10,-1121,10000,207,-334
183,-339,10,-9,-1121,10000,206,-334
182,-339,11,-9,-1122,10000,205,-334
181,-339,12,-8,-1122,10000,205,-335
182,-340,11,-9,-1121,10000,205,-335
182,-341,10,-9,-1120,10000,205,-336
182,-342,10,-10,-1119,10000,205,-338
180,-342,10,-10,-1119,10000,203,-338
179,-342,10,-10,-1120,10000,202,-336
180,-340,10,-10,-1120,10000,202,-335
181,-340,10,-10,-1119,10000,203,-335
181,-340,10,-10,-1119,10000,205,-335
180,-340,11,-10,-1119,10000,203,-335
180,-340,10,-10,-1119,10000,203,-335
180,-340,10,-10,-1119,10000,203,-335
182,-339,8,-10,-1119,10000,206,-336
184,-338,8,-10,-1119,10000,205,-336
185,-338,8,-10,-1119,10000,208,-335
184,-339,10,-10,-1119,10000,207,-334
182,-339,10,-10,-1119,10000,205,-335
181,-340,11,-10,-1119,10000,203,-335
181,-340,10,-10,-1119,10000,205,-335
182,-339,9,-10,-1119,10000,205,-335
182,-339,9,-9,-1119,10000,202,-335
181,-340,9,-8,-1119,10000,202,-335
181,-340,10,-8,-1119,10000,201,-335
182,-339,9,-9,-1120,10000,202,-338
184,-339,7,-9,-1119,10000,205,-336
184,-339,6,-8,-1119,10000,205,-336
184,-339,6,-6,-1119,10000,202,-336
184,-338,7,-6,-1120,10000,202,-336
183,-337,9,-6,-1120,10000,203,-335
183,-337,11,-7,-1121,10000,203,-333
183,-337,12,-9,-1123,10000,206,-333
184,-338,11,-9,-1123,10000,207,-333
184,-339,9,-9,-1123,10000,205,-334
184,-339,7,-8,-1121,10000,205,-336
184,-339,6,-7,-1119,10000,205,-336
184,-339,7,-6,-1119,10000,202,-336
184,-339,9,-4,-1120,10000,202,-336
184,-339,9,-4,-1122,10000,202,-336
184,-339,8,-6,-1122,10000,205,-336
184,-339,7,-8,-1121,10000,205,-336
184,-339,7,-9,-1121,10000,205,-336
184,-339,8,-9,-1121,10000,205,-336
184,-338,9,-10,-1121,10000,207,-333
184,-338,9,-10,-1120,10000,207,-333
184,-339,10,-11,-1120,10000,207,-334
185,-339,9,-11,-1119,10000,208,-334
184,-340,8,-9,-1119,10000,205,-338
183,-340,8,-7,-1119,10000,203,-338
181,-340,9,-6,-1120,10000,201,-338
179,-340,11,-7,-1119,10000,200,-335
179,-341,12,-9,-1119,10000,202,-336
180,-342,11,-9,-1119,10000,202,-336
180,-343,9,-9,-1119,10000,201,-338
181,-343,8,-9,-1120,10000,202,-341
182,-344,8,-10,-1119,10000,205,-343
181,-345,9,-10,-1119,10000,205,-340
181,-344,10,-11,-1119,10000,205,-339
180,-342,10,-11,-1120,10000,203,-338
180,-341,9,-10,-1121,10000,202,-336
180,-342,8,-10,-1121,10000,202,-339
181,-343,8,-9,-1121,10000,201,-340
181,-343,8,-10,-1121,10000,205,-341
180,-343,9,-10,-1121,10000,203,-338
180,-342,9,-10,-1122,10000,203,-338
180,-343,8,-10,-1123,10000,203,-340
181,-344,8,-9,-1124,10000,202,-341
182,-343,8,-9,-1124,10000,202,-340
182,-341,8,-9,-1123,10000,202,-339
183,-339,9,-10,-1123,10000,206,-335
183,-340,9,-10,-1123,10000,206,-335
184,-342,9,-10,-1123,10000,207,-338
183,-343,8,-10,-1122,10000,206,-341
182,-342,8,-9,-1122,10000,202,-340
182,-340,8,-9,-1122,10000,202,-338
183,-338,9,-10,-1122,10000,206,-333
184,-338,10,-10,-1122,10000,207,-333
184,-339,10,-10,-1122,10000,207,-334
184,-339,9,-10,-1120,10000,207,-334
184,-338,9,-10,-1120,10000,207,-333
184,-338,9,-10,-1119,10000,207,-333
184,-339,10,-10,-1119,10000,207,-334
183,-340,9,-10,-1119,10000,206,-335
183,-341,9,-10,-1120,10000,206,-336
183,-340,9,-11,-1119,10000,206,-335
184,-339,8,-11,-1119,10000,207,-334
184,-338,8,-12,-1119,10000,207,-336
183,-339,8,-11,-1119,10000,206,-334
182,-339,9,-11,-1119,10000,205,-335
181,-340,9,-10,-1119,10000,205,-335
180,-340,9,-10,-1119,10000,203,-335
180,-341,9,-10,-1119,10000,202,-336
179,-341,9,-10,-1119,10000,202,-336
179,-341,9,-10,-1120,10000,202,-336
179,-341,9,-10,-1119,10000,202,-336
179,-341,9,-10,-1119,10000,202,-336
180,-341,10,-10,-1119,10000,202,-336
180,-341,9,-10,-1120,10000,202,-336
180,-341,9,-10,-1121,10000,202,-336
179,-341,9,-10,-1121,10000,202,-336
178,-342,10,-10,-1121,10000,201,-336
178,-342,10,-10,-1120,10000,201,-336
178,-341,9,-10,-1119,10000,201,-336
179,-341,8,-10,-1119,10000,202,-339
180,-340,8,-9,-1120,10000,201,-338
178,-341,9,-10,-1120,10000,201,-336
176,-343,9,-10,-1119,10000,200,-338
175,-343,8,-10,-1119,10000,197,-341
175,-343,7,-9,-1119,10000,195,-341
176,-343,7,-8,-1121,10000,197,-340
178,-341,8,-7,-1123,10000,198,-339
180,-341,8,-7,-1124,10000,200,-339
180,-340,7,-6,-1125,10000,201,-338
180,-341,6,-7,-1124,10000,200,-339
179,-341,7,-8,-1124,10000,200,-339
179,-341,9,-9,-1124,10000,200,-336
179,-341,11,-7,-1124,10000,200,-336
180,-341,11,-5,-1124,10000,200,-336
179,-341,11,-4,-1124,10000,197,-336
180,-341,10,-5,-1124,10000,197,-336
180,-341,10,-7,-1124,10000,200,-336
180,-341,11,-8,-1124,10000,200,-336
179,-341,11,-9,-1124,10000,202,-336
179,-341,11,-9,-1124,10000,202,-336
180,-341,12,-9,-1124,10000,202,-336
180,-340,12,-8,-1124,10000,203,-335
181,-339,13,-7,-1124,10000,202,-335
182,-339,13,-7,-1124,10000,202,-335
183,-339,12,-8,-1124,10000,206,-335
184,-339,11,-9,-1124,10000,207,-334
184,-340,12,-8,-1124,10000,207,-335
184,-340,13,-8,-1124,10000,207,-335
184,-340,13,-7,-1124,10000,205,-335
185,-342,13,-7,-1123,10000,206,-336
186,-342,13,-7,-1122,10000,206,-338
185,-341,12,-9,-1123,10000,208,-336
185,-340,10,-10,-1124,10000,208,-335
184,-340,9,-10,-1125,10000,207,-335
184,-342,8,-10,-1124,10000,205,-339
184,-342,8,-9,-1122,10000,205,-340
182,-341,8,-10,-1121,10000,205,-339
180,-340,9,-10,-1121,10000,203,-335
180,-341,10,-10,-1122,10000,202,-336
180,-342,8,-10,-1122,10000,203,-340
180,-343,7,-8,-1121,10000,201,-340
180,-342,6,-7,-1121,10000,201,-340
180,-341,6,-7,-1122,10000,197,-339
179,-340,6,-7,-1123,10000,200,-338
179,-341,6,-7,-1123,10000,200,-339
180,-342,6,-7,-1123,10000,201,-340
181,-344,6,-7,-1123,10000,202,-341
182,-345,6,-7,-1122,10000,203,-343
182,-345,6,-7,-1121,10000,203,-344
182,-345,6,-7,-1120,10000,202,-344
182,-345,6,-7,-1120,10000,203,-343
182,-345,6,-7,-1122,10000,203,-343
182,-345,6,-7,-1122,10000,203,-343
182,-345,6,-7,-1121,10000,202,-343
182,-345,6,-7,-1121,10000,202,-343
182,-345,6,-7,-1121,10000,203,-343
183,-344,6,-7,-1122,10000,205,-343
183,-344,6,-7,-1123,10000,205,-343
183,-345,6,-7,-1122,10000,203,-343
182,-345,6,-7,-1121,10000,203,-343
183,-344,6,-7,-1121,10000,205,-343
184,-344,6,-7,-1121,10000,205,-341
184,-344,6,-7,-1121,10000,205,-341
184,-344,6,-7,-1121,10000,205,-341
183,-344,6,-7,-1120,10000,205,-343
184,-344,6,-7,-1119,10000,205,-341
186,-343,6,-7,-1119,10000,207,-341
187,-343,6,-7,-1119,10000,207,-340
186,-342,6,-7,-1120,10000,207,-340
186,-342,6,-7,-1119,10000,207,-339
185,-341,6,-7,-1119,10000,206,-339
185,-341,6,-7,-1119,10000,206,-339
184,-342,6,-7,-1119,10000,205,-339
181,-342,7,-6,-1119,10000,200,-339
180,-341,7,-6,-1119,10000,197,-339
179,-341,7,-6,-1119,10000,197,-339
179,-341,6,-7,-1119,10000,200,-339
180,-341,5,-7,-1119,10000,200,-339
180,-341,6,-7,-1119,10000,200,-339
179,-341,7,-6,-1119,10000,197,-339
180,-341,9,-5,-1119,10000,197,-339
180,-340,8,-5,-1119,10000,198,-339
179,-341,7,-6,-1119,10000,197,-339
178,-342,7,-6,-1119,10000,196,-340
177,-342,8,-5,-1119,10000,195,-340
177,-342,9,-5,-1119,10000,195,-340
177,-341,10,-5,-1119,10000,198,-339
178,-342,10,-6,-1120,10000,198,-338
178,-343,9,-6,-1119,10000,198,-341
178,-344,10,-4,-1119,10000,196,-341
178,-343,10,-3,-1119,10000,196,-341
178,-342,10,-3,-1120,10000,196,-340
179,-341,10,-4,-1121,10000,197,-339
179,-340,10,-4,-1121,10000,197,-339
180,-341,10,-4,-1121,10000,197,-339
180,-341,10,-3,-1120,10000,197,-339
179,-341,10,-3,-1119,10000,197,-339
179,-341,10,-4,-1119,10000,197,-339
180,-341,11,-5,-1119,10000,200,-336
180,-341,12,-7,-1120,10000,200,-336
180,-341,12,-6,-1119,10000,200,-336
179,-341,11,-5,-1119,10000,200,-336
180,-341,10,-4,-1119,10000,197,-339
180,-341,9,-5,-1119,10000,200,-339
180,-341,9,-6,-1120,10000,200,-339
179,-341,9,-6,-1119,10000,200,-339
179,-341,9,-4,-1119,10000,197,-339
180,-341,10,-3,-1119,10000,197,-339
180,-340,11,-4,-1120,10000,198,-335
181,-340,12,-7,-1120,10000,202,-335
182,-339,12,-8,-1121,10000,205,-335
182,-339,12,-9,-1121,10000,205,-335
181,-340,12,-9,-1121,10000,205,-335
182,-339,12,-8,-1121,10000,205,-335
182,-339,11,-9,-1120,10000,205,-335
181,-340,11,-9,-1120,10000,205,-335
180,-340,11,-9,-1120,10000,203,-335
180,-341,12,-8,-1121,10000,202,-336
179,-341,12,-9,-1121,10000,202,-336
179,-341,10,-9,-1121,10000,202,-336
180,-341,9,-9,-1120,10000,200,-336
180,-341,9,-8,-1119,10000,200,-336
180,-341,10,-8,-1120,10000,201,-336
179,-341,12,-7,-1122,10000,200,-336
179,-339,12,-7,-1122,10000,200,-334
178,-338,11,-7,-1121,10000,198,-333
178,-338,9,-8,-1121,10000,198,-334
179,-339,8,-9,-1121,10000,200,-336
179,-339,7,-9,-1121,10000,200,-336
178,-338,7,-9,-1120,10000,198,-335
177,-337,7,-8,-1120,10000,198,-334
178,-337,7,-7,-1119,10000,198,-335
179,-339,7,-7,-1119,10000,200,-338
180,-341,7,-6,-1119,10000,197,-339
180,-341,7,-6,-1120,10000,198,-339
180,-341,6,-7,-1119,10000,200,-339
180,-341,6,-7,-1119,10000,200,-339
180,-341,6,-7,-1119,10000,200,-339
180,-341,6,-7,-1120,10000,200,-339
180,-341,6,-7,-1120,10000,200,-339
180,-341,6,-7,-1119,10000,200,-339
179,-340,6,-7,-1119,10000,200,-338
180,-341,6,-7,-1119,10000,200,-339
180,-342,6,-7,-1121,10000,201,-340
181,-344,6,-7,-1123,10000,202,-341
182,-345,6,-7,-1124,10000,203,-343
182,-345,6,-7,-1124,10000,203,-344
182,-345,7,-6,-1123,10000,200,-344
182,-345,7,-6,-1122,10000,200,-343
182,-345,7,-6,-1122,10000,200,-343
182,-345,6,-7,-1122,10000,202,-343
182,-345,6,-7,-1123,10000,203,-343
182,-345,6,-7,-1123,10000,203,-344
182,-345,6,-7,-1123,10000,203,-343
181,-345,6,-7,-1123,10000,202,-343
181,-345,6,-7,-1123,10000,202,-343
182,-345,6,-7,-1123,10000,203,-343
184,-346,6,-7,-1123,10000,205,-344
184,-346,6,-7,-1123,10000,206,-344
184,-346,6,-7,-1122,10000,205,-344
182,-345,6,-7,-1123,10000,203,-343
181,-345,6,-7,-1124,10000,202,-343
181,-345,6,-7,-1124,10000,202,-343
182,-345,7,-6,-1123,10000,200,-343
182,-345,7,-6,-1121,10000,200,-344
182,-345,7,-6,-1119,10000,203,-343
182,-345,6,-7,-1119,10000,202,-343
182,-345,7,-6,-1119,10000,202,-343
182,-345,8,-5,-1120,10000,200,-343
182,-345,10,-3,-1120,10000,200,-343
182,-345,10,-3,-1119,10000,200,-344
181,-346,10,-4,-1119,10000,200,-344
180,-346,8,-5,-1119,10000,198,-344
178,-345,8,-5,-1119,10000,196,-344
176,-344,9,-4,-1119,10000,195,-343
176,-343,10,-4,-1119,10000,194,-341
177,-342,10,-3,-1119,10000,195,-340
178,-341,9,-4,-1119,10000,196,-339
179,-341,7,-6,-1119,10000,197,-339
179,-342,6,-7,-1119,10000,200,-340
178,-342,6,-7,-1119,10000,198,-340
178,-342,6,-7,-1119,10000,198,-340
179,-341,6,-7,-1119,10000,200,-339
180,-341,6,-7,-1119,10000,200,-339
180,-341,7,-7,-1119,10000,200,-339
180,-341,7,-8,-1119,10000,200,-339
179,-341,7,-8,-1119,10000,200,-339
179,-341,7,-8,-1119,10000,200,-339
180,-341,7,-7,-1119,10000,200,-339
180,-341,6,-7,-1119,10000,200,-339
179,-341,6,-7,-1119,10000,200,-339
180,-341,6,-7,-1119,10000,200,-339
180,-341,6,-7,-1119,10000,200,-339
180,-341,6,-7,-1119,10000,200,-339
179,-341,6,-7,-1119,10000,200,-339
179,-341,6,-7,-1119,10000,200,-339
180,-341,6,-7,-1119,10000,200,-339
180,-340,6,-7,-1119,10000,201,-338
183,-339,6,-7,-1119,10000,203,-336
184,-339,6,-7,-1119,10000,205,-336
184,-338,6,-7,-1119,10000,205,-336
184,-338,6,-7,-1119,10000,205,-336
184,-339,6,-7,-1119,10000,205,-336
184,-339,6,-7,-1119,10000,205,-336
184,-338,6,-7,-1119,10000,205,-336
184,-338,6,-7,-1120,10000,205,-336
184,-339,6,-7,-1120,10000,205,-336
185,-340,6,-7,-1119,10000,206,-338
186,-341,6,-7,-1119,10000,207,-339
185,-342,6,-7,-1119,10000,206,-339
183,-341,7,-6,-1121,10000,201,-339
180,-340,7,-6,-1123,10000,198,-338
179,-340,7,-6,-1124,10000,197,-338
179,-341,6,-7,-1123,10000,200,-339
180,-342,6,-7,-1121,10000,201,-340
180,-342,6,-7,-1119,10000,201,-340
180,-342,6,-7,-1118,10000,201,-340
180,-342,7,-6,-1120,10000,198,-340
180,-343,7,-6,-1121,10000,198,-340
181,-343,7,-6,-1122,10000,198,-341
181,-343,6,-7,-1123,10000,201,-341
181,-343,6,-7,-1123,10000,201,-341
180,-343,6,-7,-1123,10000,201,-340
180,-342,6,-7,-1122,10000,201,-339
180,-341,6,-7,-1121,10000,200,-339
179,-340,6,-7,-1120,10000,197,-339
179,-340,6,-7,-1120,10000,200,-338
179,-341,7,-8,-1121,10000,200,-339
180,-342,8,-10,-1120,10000,203,-340
181,-344,8,-10,-1120,10000,205,-341
182,-345,7,-8,-1121,10000,203,-344
182,-345,6,-7,-1122,10000,203,-344
181,-344,5,-6,-1123,10000,200,-343
179,-343,6,-7,-1122,10000,200,-340
178,-342,7,-8,-1121,10000,198,-340
177,-342,8,-10,-1121,10000,200,-339
176,-343,8,-9,-1121,10000,197,-340
176,-344,7,-8,-1120,10000,196,-343
177,-346,6,-7,-1119,10000,197,-345
177,-348,7,-8,-1119,10000,198,-346
178,-348,8,-9,-1119,10000,198,-346
177,-347,9,-10,-1121,10000,201,-343
177,-346,10,-11,-1123,10000,200,-341
177,-346,10,-11,-1125,10000,200,-341
177,-346,9,-10,-1124,10000,200,-341
177,-346,8,-9,-1123,10000,197,-344
176,-345,7,-8,-1120,10000,197,-343
175,-343,6,-7,-1120,10000,196,-341
175,-343,6,-7,-1120,10000,194,-341
175,-343,6,-7,-1121,10000,196,-341
175,-343,6,-7,-1121,10000,196,-341
175,-343,6,-7,-1121,10000,196,-341
175,-343,6,-7,-1121,10000,196,-341
175,-343,6,-7,-1122,10000,196,-341
175,-343,6,-7,-1122,10000,196,-341
175,-343,6,-7,-1121,10000,196,-341
176,-343,6,-7,-1120,10000,196,-341
176,-341,6,-7,-1119,10000,196,-339
175,-339,6,-7,-1119,10000,196,-338
174,-338,5,-6,-1120,10000,192,-336
174,-337,5,-5,-1120,10000,192,-338
176,-337,4,-5,-1119,10000,194,-338
178,-339,5,-5,-1119,10000,196,-339
179,-339,5,-6,-1120,10000,197,-338
179,-339,6,-7,-1121,10000,200,-338
178,-338,6,-7,-1121,10000,198,-336
177,-337,5,-6,-1121,10000,195,-335
177,-337,5,-5,-1120,10000,196,-338
178,-338,5,-6,-1119,10000,196,-335
178,-338,6,-7,-1119,10000,198,-335
178,-338,6,-7,-1120,10000,198,-336
179,-339,6,-7,-1121,10000,200,-338
179,-340,6,-7,-1121,10000,200,-338
180,-341,6,-7,-1121,10000,200,-339
180,-341,5,-8,-1121,10000,200,-339
180,-340,4,-8,-1121,10000,201,-338
180,-340,5,-8,-1122,10000,201,-338
181,-340,6,-8,-1123,10000,202,-338
181,-340,7,-8,-1123,10000,201,-338
180,-340,7,-8,-1122,10000,201,-338
179,-340,7,-8,-1123,10000,200,-338
178,-339,6,-7,-1124,10000,198,-336
178,-338,5,-7,-1124,10000,196,-336
178,-339,6,-7,-1123,10000,198,-336
179,-339,7,-8,-1122,10000,200,-338
179,-341,8,-10,-1123,10000,202,-339
180,-341,8,-10,-1124,10000,203,-339
180,-341,7,-8,-1125,10000,200,-339
179,-340,6,-7,-1125,10000,200,-338
179,-339,6,-7,-1123,10000,200,-338
179,-339,6,-7,-1123,10000,200,-336
179,-340,7,-7,-1123,10000,200,-338
179,-340,7,-6,-1123,10000,200,-338
179,-339,8,-6,-1123,10000,200,-338
178,-338,7,-6,-1123,10000,196,-336
177,-336,6,-7,-1122,10000,197,-334
177,-336,6,-7,-1121,10000,197,-334
177,-336,6,-7,-1120,10000,197,-334
177,-337,6,-7,-1120,10000,198,-334
177,-337,6,-7,-1120,10000,198,-334
177,-336,6,-7,-1121,10000,197,-334
177,-336,6,-7,-1122,10000,197,-334
177,-337,6,-7,-1123,10000,198,-334
178,-338,6,-7,-1123,10000,198,-335
178,-339,6,-7,-1123,10000,198,-336
179,-339,6,-7,-1123,10000,200,-336
178,-338,6,-7,-1124,10000,198,-336
178,-337,6,-7,-1124,10000,198,-335
178,-338,6,-7,-1124,10000,198,-336
179,-339,6,-7,-1124,10000,200,-338
180,-341,6,-7,-1124,10000,200,-339
181,-341,6,-7,-1123,10000,201,-339
181,-340,6,-7,-1122,10000,202,-338
182,-339,6,-7,-1121,10000,202,-338
182,-339,6,-7,-1120,10000,202,-338
182,-339,6,-7,-1121,10000,202,-338
181,-340,6,-7,-1122,10000,202,-338
180,-340,6,-7,-1122,10000,201,-338
180,-341,6,-7,-1122,10000,200,-339
179,-341,6,-7,-1120,10000,200,-339
179,-341,6,-7,-1120,10000,200,-339
180,-341,6,-7,-1119,10000,200,-339
180,-341,6,-7,-1119,10000,200,-339
180,-341,6,-7,-1119,10000,200,-339
180,-341,6,-7,-1120,10000,200,-339
180,-341,6,-7,-1119,10000,200,-339
179,-340,6,-7,-1119,10000,200,-338
179,-339,6,-7,-1119,10000,200,-338
179,-339,6,-7,-1119,10000,200,-336
179,-339,6,-7,-1119,10000,200,-338
179,-341,6,-7,-1119,10000,200,-339
180,-341,7,-6,-1119,10000,197,-339
180,-341,8,-6,-1119,10000,200,-339
180,-341,7,-6,-1119,10000,197,-339
180,-340,6,-7,-1119,10000,201,-338
179,-341,6,-7,-1119,10000,200,-339
178,-341,6,-7,-1119,10000,198,-339
176,-343,6,-7,-1119,10000,197,-340
175,-343,6,-6,-1119,10000,194,-341
175,-343,6,-5,-1119,10000,192,-341
175,-343,6,-4,-1119,10000,192,-341
175,-343,6,-5,-1119,10000,194,-341
176,-343,6,-6,-1119,10000,194,-341
177,-342,6,-7,-1119,10000,197,-340
177,-342,6,-7,-1119,10000,197,-340
176,-343,6,-7,-1119,10000,197,-340
176,-343,6,-7,-1119,10000,196,-341
176,-344,6,-7,-1119,10000,196,-343
177,-344,6,-7,-1119,10000,197,-343
179,-343,6,-7,-1120,10000,200,-341
180,-342,6,-7,-1120,10000,201,-340
181,-343,6,-7,-1119,10000,202,-341
182,-345,7,-8,-1119,10000,202,-343
182,-345,8,-9,-1119,10000,202,-344
182,-345,8,-9,-1121,10000,202,-344
182,-345,8,-10,-1123,10000,205,-343
182,-345,7,-10,-1124,10000,202,-343
182,-345,7,-11,-1125,10000,206,-343
182,-345,7,-12,-1124,10000,206,-343
182,-345,6,-13,-1124,10000,205,-343
180,-346,5,-13,-1124,10000,203,-344
179,-347,3,-12,-1124,10000,202,-345
179,-347,2,-11,-1124,10000,200,-347
179,-346,3,-10,-1124,10000,200,-346
178,-345,3,-9,-1124,10000,198,-346
177,-344,4,-9,-1124,10000,197,-343
176,-344,3,-10,-1124,10000,196,-345
176,-345,3,-10,-1124,10000,196,-345
176,-344,2,-10,-1124,10000,196,-345
175,-343,2,-10,-1124,10000,196,-344
175,-343,2,-10,-1124,10000,196,-343
175,-343,3,-10,-1124,10000,196,-344
176,-345,4,-9,-1124,10000,197,-343
177,-346,5,-8,-1124,10000,197,-344
177,-346,6,-7,-1124,10000,197,-344
176,-345,5,-7,-1124,10000,196,-343
175,-343,4,-8,-1124,10000,196,-341
175,-343,5,-8,-1124,10000,196,-341
175,-343,7,-9,-1124,10000,196,-341
176,-343,9,-10,-1124,10000,198,-339
175,-343,9,-10,-1124,10000,198,-339
173,-344,8,-10,-1124,10000,196,-343
172,-345,7,-9,-1124,10000,192,-343
172,-345,7,-8,-1124,10000,192,-343
173,-344,8,-9,-1124,10000,194,-343
175,-343,8,-9,-1124,10000,196,-341
176,-343,8,-10,-1124,10000,198,-341
176,-343,9,-10,-1124,10000,198,-338
175,-343,9,-10,-1124,10000,198,-339
175,-343,10,-10,-1125,10000,197,-339
174,-344,10,-10,-1124,10000,197,-339
174,-344,10,-10,-1123,10000,197,-339
174,-344,9,-10,-1121,10000,197,-339
175,-343,9,-10,-1119,10000,197,-339
175,-343,10,-10,-1119,10000,198,-339
175,-343,9,-10,-1119,10000,198,-339
176,-343,9,-10,-1120,10000,200,-338
178,-342,9,-10,-1120,10000,201,-336
179,-341,10,-10,-1119,10000,202,-336
180,-340,10,-11,-1119,10000,203,-335
180,-341,9,-10,-1119,10000,202,-336
179,-341,8,-9,-1120,10000,200,-339
180,-341,7,-8,-1119,10000,200,-339
180,-341,7,-8,-1119,10000,200,-339
179,-341,7,-8,-1119,10000,200,-339
178,-341,7,-8,-1120,10000,198,-339
178,-342,7,-7,-1121,10000,198,-340
177,-342,6,-7,-1121,10000,197,-340
176,-343,6,-7,-1121,10000,197,-340
175,-343,6,-7,-1120,10000,196,-341
175,-343,6,-7,-1119,10000,196,-341
175,-343,6,-7,-1119,10000,196,-341
175,-343,6,-7,-1119,10000,196,-341
175,-343,6,-7,-1120,10000,196,-341
175,-343,6,-7,-1121,10000,196,-341
175,-343,6,-7,-1121,10000,196,-341
175,-343,5,-8,-1121,10000,196,-341
175,-343,4,-8,-1121,10000,196,-341
175,-343,5,-8,-1123,10000,196,-341
176,-343,6,-7,-1123,10000,196,-341
176,-344,6,-7,-1123,10000,196,-343
176,-345,6,-7,-1123,10000,197,-343
176,-344,6,-7,-1123,10000,196,-343
175,-344,6,-7,-1123,10000,196,-341
175,-343,6,-7,-1124,10000,196,-341
175,-343,6,-7,-1125,10000,196,-341
175,-343,6,-7,-1124,10000,196,-341
175,-343,6,-7,-1124,10000,196,-341
174,-344,6,-7,-1123,10000,195,-341
174,-344,6,-7,-1122,10000,195,-341
174,-343,6,-7,-1121,10000,195,-341
174,-343,6,-7,-1120,10000,195,-341
174,-344,6,-7,-1120,10000,195,-341
174,-344,6,-7,-1119,10000,195,-341
174,-343,6,-7,-1119,10000,195,-341
175,-343,6,-7,-1119,10000,196,-341
175,-343,6,-7,-1120,10000,196,-341
174,-343,7,-7,-1119,10000,195,-341
173,-344,7,-8,-1119,10000,194,-343
174,-344,7,-8,-1119,10000,195,-343
175,-343,7,-8,-1119,10000,195,-341
175,-343,6,-7,-1119,10000,196,-340
175,-343,6,-7,-1119,10000,196,-341
174,-344,7,-7,-1119,10000,195,-343
174,-345,7,-8,-1119,10000,195,-344
173,-346,8,-9,-1119,10000,194,-344
173,-346,9,-10,-1119,10000,196,-341
171,-346,9,-10,-1119,10000,195,-341
170,-345,10,-10,-1119,10000,194,-341
170,-345,10,-10,-1119,10000,194,-341
171,-346,9,-10,-1119,10000,194,-341
171,-346,9,-10,-1119,10000,194,-341
171,-345,9,-10,-1119,10000,194,-340
172,-344,10,-10,-1119,10000,195,-340
172,-343,9,-10,-1119,10000,195,-339
171,-342,9,-10,-1119,10000,194,-338
169,-342,9,-10,-1119,10000,192,-338
168,-342,9,-10,-1119,10000,191,-338
168,-342,9,-10,-1119,10000,191,-338
169,-341,9,-10,-1119,10000,191,-336
170,-340,9,-10,-1119,10000,192,-335
172,-340,10,-10,-1119,10000,195,-335
173,-340,9,-10,-1119,10000,196,-335
174,-340,9,-10,-1119,10000,197,-335
174,-340,9,-10,-1119,10000,197,-335
173,-339,10,-10,-1119,10000,196,-335
173,-339,10,-11,-1119,10000,195,-334
173,-339,9,-10,-1119,10000,195,-334
173,-339,8,-10,-1119,10000,196,-336
173,-339,7,-8,-1119,10000,194,-336
173,-339,6,-7,-1119,10000,194,-336
173,-339,6,-7,-1120,10000,191,-336
173,-340,6,-7,-1120,10000,194,-339
174,-342,6,-7,-1119,10000,195,-340
175,-342,6,-7,-1119,10000,195,-340
174,-341,6,-7,-1119,10000,195,-339
174,-341,6,-7,-1121,10000,195,-339
174,-341,6,-7,-1123,10000,195,-339
175,-342,6,-7,-1124,10000,196,-340
176,-342,6,-7,-1125,10000,197,-340
177,-343,6,-7,-1124,10000,197,-340
177,-343,6,-7,-1124,10000,197,-341
176,-343,6,-7,-1123,10000,196,-341
175,-343,6,-7,-1122,10000,196,-341
174,-342,6,-7,-1122,10000,195,-340
174,-341,6,-7,-1123,10000,195,-339
175,-342,6,-7,-1123,10000,195,-340
175,-343,6,-7,-1123,10000,196,-341
175,-343,6,-7,-1123,10000,196,-341
175,-343,6,-7,-1122,10000,196,-341
175,-343,6,-7,-1121,10000,196,-341
175,-343,6,-7,-1120,10000,196,-341
175,-343,7,-8,-1120,10000,196,-341
175,-343,7,-8,-1119,10000,196,-341
175,-343,8,-9,-1119,10000,196,-341
175,-343,9,-10,-1120,10000,198,-339
175,-343,9,-10,-1119,10000,198,-339
175,-343,10,-10,-1119,10000,198,-339
175,-343,10,-10,-1120,10000,197,-339
174,-343,9,-10,-1121,10000,197,-339
174,-344,9,-10,-1123,10000,197,-339
174,-344,9,-10,-1123,10000,197,-339
173,-344,10,-10,-1121,10000,196,-340
173,-344,9,-10,-1121,10000,196,-340
173,-344,9,-10,-1121,10000,196,-340
173,-344,9,-10,-1122,10000,196,-340
174,-344,9,-10,-1122,10000,197,-339
174,-344,9,-10,-1121,10000,197,-339
174,-343,9,-10,-1119,10000,197,-339
175,-343,9,-10,-1119,10000,197,-339
175,-343,10,-10,-1120,10000,198,-339
175,-343,9,-10,-1121,10000,198,-339
175,-343,9,-10,-1121,10000,198,-339
175,-343,9,-10,-1121,10000,198,-339
175,-343,10,-10,-1120,10000,198,-339
175,-342,10,-11,-1119,10000,197,-338
174,-341,9,-10,-1119,10000,197,-336
174,-342,8,-10,-1119,10000,197,-340
174,-343,7,-8,-1120,10000,195,-341
173,-344,6,-7,-1119,10000,194,-343
173,-345,6,-7,-1119,10000,191,-343
172,-345,6,-7,-1119,10000,192,-343
171,-345,6,-7,-1120,10000,191,-343
170,-346,6,-7,-1119,10000,191,-344
171,-346,6,-7,-1119,10000,191,-344
173,-346,6,-7,-1119,10000,194,-344
175,-346,6,-7,-1120,10000,196,-345
176,-347,6,-7,-1120,10000,196,-345
174,-347,6,-7,-1122,10000,195,-345
172,-349,6,-7,-1123,10000,192,-347
173,-350,6,-7,-1123,10000,194,-347
174,-349,6,-7,-1123,10000,192,-347
176,-347,6,-7,-1122,10000,197,-345
176,-346,7,-8,-1123,10000,196,-344
176,-346,8,-10,-1124,10000,198,-344
175,-346,9,-10,-1124,10000,197,-341
175,-346,10,-11,-1124,10000,197,-341
174,-345,10,-10,-1124,10000,197,-341
173,-344,9,-10,-1124,10000,196,-340
173,-344,9,-10,-1124,10000,196,-340
173,-344,9,-10,-1123,10000,196,-340
174,-344,9,-10,-1122,10000,197,-339
175,-343,9,-10,-1123,10000,198,-339
175,-343,9,-10,-1124,10000,198,-339
175,-343,10,-10,-1124,10000,198,-339
175,-343,10,-11,-1124,10000,198,-339
175,-343,9,-10,-1124,10000,198,-339
175,-343,8,-10,-1124,10000,198,-341
175,-343,7,-8,-1124,10000,196,-341
175,-343,7,-8,-1124,10000,196,-341
175,-343,7,-8,-1123,10000,196,-341
175,-343,8,-9,-1122,10000,196,-341
175,-343,8,-9,-1123,10000,196,-341
175,-343,7,-8,-1124,10000,196,-341
175,-343,7,-6,-1124,10000,196,-341
175,-343,7,-6,-1125,10000,194,-341
175,-343,7,-6,-1124,10000,194,-341
175,-343,7,-7,-1123,10000,196,-341
175,-343,7,-7,-1123,10000,196,-341
175,-343,7,-7,-1123,10000,196,-341
175,-343,7,-6,-1123,10000,194,-341
176,-343,8,-5,-1122,10000,194,-341
175,-343,8,-5,-1121,10000,194,-341
173,-344,8,-5,-1120,10000,191,-343
172,-345,7,-6,-1119,10000,190,-343
172,-345,6,-7,-1119,10000,192,-343
174,-344,6,-7,-1121,10000,195,-341
175,-343,6,-7,-1122,10000,195,-341
174,-343,6,-7,-1122,10000,195,-341
173,-344,6,-7,-1122,10000,194,-343
173,-344,6,-7,-1123,10000,194,-343
173,-344,6,-7,-1123,10000,194,-343
174,-344,6,-7,-1122,10000,195,-341
173,-344,6,-7,-1121,10000,194,-343
173,-346,6,-7,-1120,10000,194,-344
173,-346,6,-7,-1120,10000,194,-345
175,-347,6,-7,-1121,10000,195,-345
177,-347,6,-7,-1121,10000,197,-345
178,-347,5,-8,-1120,10000,198,-345
178,-347,5,-8,-1120,10000,200,-345
177,-348,6,-9,-1121,10000,198,-346
176,-348,7,-9,-1121,10000,196,-346
174,-349,6,-9,-1122,10000,195,-347
173,-350,5,-10,-1122,10000,194,-347
173,-350,5,-13,-1123,10000,196,-349
173,-350,5,-14,-1123,10000,196,-347
173,-350,6,-14,-1123,10000,198,-347
173,-350,6,-14,-1124,10000,196,-347
174,-351,6,-14,-1124,10000,197,-349
176,-352,6,-14,-1124,10000,200,-350
179,-353,5,-14,-1124,10000,202,-351
180,-352,6,-14,-1124,10000,203,-350
180,-351,6,-14,-1124,10000,203,-350
179,-350,6,-14,-1124,10000,202,-349
179,-350,6,-13,-1124,10000,202,-349
179,-350,7,-13,-1124,10000,202,-349
179,-350,7,-13,-1124,10000,202,-349
177,-350,7,-13,-1124,10000,200,-347
176,-349,8,-12,-1124,10000,200,-347
176,-348,7,-10,-1124,10000,200,-346
177,-347,6,-9,-1124,10000,197,-345
177,-346,6,-9,-1124,10000,197,-344
176,-347,7,-9,-1124,10000,196,-345
174,-348,8,-9,-1124,10000,195,-346
172,-348,8,-9,-1124,10000,192,-346
171,-347,7,-8,-1124,10000,192,-345
171,-346,6,-7,-1124,10000,191,-344
171,-345,7,-8,-1124,10000,191,-343
171,-345,7,-8,-1124,10000,191,-343
171,-346,7,-8,-1125,10000,191,-344
171,-346,7,-7,-1124,10000,191,-344
171,-346,6,-7,-1123,10000,191,-344
171,-345,6,-7,-1121,10000,191,-344
171,-345,6,-7,-1119,10000,191,-343
171,-345,6,-7,-1119,10000,191,-344
172,-347,6,-7,-1119,10000,192,-345
173,-348,6,-7,-1120,10000,194,-346
173,-350,5,-8,-1120,10000,194,-347
173,-350,5,-8,-1119,10000,194,-349
173,-350,6,-8,-1119,10000,194,-349
173,-350,7,-9,-1120,10000,194,-347
173,-350,7,-10,-1121,10000,194,-347
173,-350,7,-11,-1121,10000,196,-347
173,-350,8,-12,-1120,10000,196,-345
173,-350,9,-11,-1120,10000,196,-345
173,-350,8,-10,-1120,10000,196,-347
173,-350,7,-8,-1121,10000,194,-347
173,-350,6,-7,-1121,10000,194,-347
173,-350,5,-7,-1120,10000,194,-349
172,-350,5,-8,-1119,10000,192,-349
170,-351,5,-8,-1119,10000,191,-350
170,-351,5,-8,-1119,10000,190,-350
171,-351,6,-7,-1120,10000,191,-350
171,-351,7,-7,-1119,10000,192,-349
172,-350,7,-7,-1119,10000,192,-349
172,-350,7,-8,-1119,10000,192,-349
172,-350,6,-9,-1119,10000,192,-349
172,-350,5,-10,-1119,10000,192,-349
173,-350,4,-10,-1119,10000,194,-349
173,-350,4,-10,-1119,10000,194,-347
173,-350,4,-10,-1120,10000,194,-347
173,-350,5,-10,-1119,10000,194,-349
172,-350,5,-10,-1119,10000,192,-349
172,-351,5,-10,-1119,10000,192,-349
170,-351,4,-10,-1120,10000,191,-350
169,-350,4,-10,-1121,10000,190,-349
169,-350,4,-8,-1121,10000,189,-349
169,-349,5,-7,-1121,10000,189,-347
169,-349,6,-7,-1120,10000,190,-347
170,-350,6,-7,-1119,10000,190,-349
171,-351,5,-8,-1119,10000,191,-350
172,-351,4,-8,-1119,10000,192,-350
172,-350,5,-8,-1120,10000,192,-349
171,-349,6,-7,-1119,10000,191,-347
170,-347,6,-7,-1119,10000,190,-346
170,-348,6,-7,-1119,10000,190,-346
171,-349,6,-7,-1119,10000,191,-347
172,-350,5,-8,-1119,10000,192,-349
173,-350,5,-8,-1119,10000,194,-349
173,-348,4,-8,-1119,10000,194,-346
172,-347,4,-8,-1119,10000,192,-345
172,-347,5,-8,-1119,10000,192,-345
171,-347,5,-8,-1119,10000,192,-345
171,-346,6,-7,-1119,10000,192,-345
171,-346,6,-7,-1119,10000,191,-344
171,-345,6,-7,-1119,10000,191,-344
171,-346,6,-7,-1119,10000,192,-345
172,-347,5,-7,-1119,10000,192,-346
172,-348,4,-8,-1119,10000,192,-346
173,-349,4,-9,-1119,10000,194,-350
173,-348,3,-9,-1119,10000,194,-349
172,-347,3,-10,-1119,10000,192,-347
171,-347,2,-10,-1119,10000,192,-347
170,-347,2,-10,-1119,10000,191,-349
169,-348,3,-10,-1119,10000,190,-349
168,-348,3,-10,-1119,10000,189,-349
168,-347,3,-10,-1120,10000,189,-347
168,-347,3,-10,-1119,10000,189,-347
167,-348,3,-10,-1119,10000,187,-349
166,-348,2,-10,-1119,10000,187,-349
166,-348,2,-10,-1120,10000,187,-349
166,-347,3,-10,-1121,10000,186,-349
167,-348,3,-9,-1121,10000,187,-349
167,-349,4,-9,-1121,10000,187,-347
168,-351,3,-10,-1120,10000,189,-351
169,-352,3,-10,-1120,10000,190,-352
169,-352,2,-10,-1120,10000,190,-354
169,-352,2,-10,-1121,10000,190,-354
169,-352,2,-11,-1122,10000,189,-352
169,-352,4,-12,-1123,10000,191,-350
169,-352,6,-12,-1123,10000,192,-350
169,-352,7,-10,-1123,10000,192,-350
169,-352,7,-9,-1123,10000,189,-350
167,-353,7,-7,-1122,10000,187,-351
166,-354,6,-7,-1122,10000,184,-352
166,-354,6,-7,-1122,10000,187,-352
167,-353,6,-7,-1123,10000,187,-351
167,-353,6,-7,-1124,10000,187,-351
166,-354,6,-7,-1124,10000,187,-352
165,-354,6,-7,-1123,10000,185,-354
164,-355,6,-7,-1121,10000,185,-354
165,-355,6,-7,-1121,10000,185,-354
165,-354,6,-7,-1121,10000,185,-352
164,-353,6,-9,-1121,10000,185,-351
164,-353,5,-11,-1120,10000,184,-351
164,-354,4,-11,-1119,10000,185,-352
165,-354,3,-10,-1119,10000,185,-356
165,-354,3,-9,-1121,10000,185,-356
164,-353,3,-9,-1123,10000,185,-355
164,-353,3,-10,-1123,10000,184,-354
164,-354,2,-10,-1121,10000,185,-355
165,-354,2,-11,-1120,10000,185,-355
165,-354,3,-12,-1119,10000,187,-352
164,-353,5,-13,-1119,10000,187,-351
164,-353,6,-11,-1120,10000,186,-351
164,-354,6,-9,-1120,10000,185,-352
164,-354,5,-8,-1120,10000,185,-352
165,-353,3,-9,-1119,10000,185,-354
166,-352,3,-10,-1119,10000,186,-354
167,-352,2,-11,-1119,10000,187,-352
167,-352,2,-10,-1120,10000,187,-354
168,-353,3,-10,-1120,10000,189,-354
168,-353,3,-10,-1121,10000,189,-355
168,-353,3,-10,-1121,10000,189,-355
167,-353,2,-10,-1121,10000,187,-354
167,-353,3,-10,-1121,10000,187,-354
167,-352,3,-10,-1122,10000,187,-352
168,-351,3,-10,-1122,10000,189,-351
168,-350,3,-10,-1121,10000,189,-351
168,-350,3,-10,-1120,10000,189,-351
168,-351,3,-10,-1121,10000,189,-351
167,-352,3,-10,-1122,10000,187,-352
166,-354,3,-10,-1123,10000,186,-355
164,-354,3,-10,-1124,10000,185,-356
164,-355,3,-10,-1123,10000,185,-356
165,-354,3,-10,-1122,10000,185,-356
166,-354,3,-10,-1121,10000,186,-355
166,-353,3,-10,-1120,10000,186,-355
165,-353,3,-10,-1120,10000,186,-354
164,-353,3,-10,-1121,10000,185,-354
164,-354,3,-10,-1121,10000,185,-355
164,-354,3,-10,-1120,10000,185,-355
165,-354,3,-10,-1120,10000,185,-356
165,-354,3,-10,-1120,10000,185,-356
165,-354,3,-10,-1121,10000,185,-356
164,-354,3,-10,-1121,10000,185,-356
165,-354,3,-10,-1120,10000,185,-356
165,-354,3,-10,-1119,10000,185,-356
165,-354,3,-10,-1119,10000,185,-356
165,-354,3,-10,-1119,10000,185,-356
165,-354,3,-10,-1120,10000,185,-356
165,-354,3,-11,-1119,10000,185,-354
164,-354,4,-12,-1119,10000,187,-354
165,-354,3,-11,-1119,10000,185,-354
165,-354,3,-10,-1119,10000,185,-356
164,-354,3,-10,-1119,10000,185,-356
164,-354,3,-10,-1119,10000,185,-356
165,-355,3,-10,-1119,10000,185,-356
165,-354,3,-10,-1119,10000,186,-356
166,-354,3,-10,-1119,10000,186,-355
166,-353,3,-10,-1119,10000,186,-355
166,-354,3,-10,-1120,10000,186,-355
167,-355,3,-10,-1119,10000,187,-356
168,-357,3,-10,-1119,10000,189,-358
169,-357,3,-10,-1119,10000,190,-358
170,-356,3,-10,-1120,10000,191,-357
170,-355,3,-10,-1121,10000,191,-356
171,-355,3,-10,-1121,10000,191,-356
171,-356,3,-10,-1120,10000,192,-356
172,-357,3,-10,-1120,10000,192,-357
172,-357,3,-10,-1120,10000,192,-357
171,-356,3,-10,-1120,10000,192,-357
169,-356,3,-10,-1121,10000,190,-357
167,-356,3,-10,-1121,10000,187,-357
166,-357,3,-10,-1120,10000,187,-358
166,-359,3,-10,-1119,10000,187,-360
167,-359,3,-10,-1119,10000,187,-360
166,-357,3,-10,-1119,10000,187,-358
166,-356,3,-10,-1120,10000,186,-357
166,-356,3,-10,-1119,10000,186,-357
166,-357,3,-10,-1119,10000,186,-358
165,-358,3,-10,-1119,10000,186,-360
162,-358,3,-10,-1119,10000,183,-358
160,-357,3,-10,-1119,10000,181,-357
160,-356,3,-10,-1119,10000,180,-357
160,-357,3,-10,-1119,10000,181,-358
161,-358,2,-10,-1119,10000,181,-360
162,-358,2,-10,-1119,10000,183,-360
161,-358,2,-9,-1119,10000,181,-358
160,-357,1,-9,-1119,10000,181,-358
161,-358,1,-9,-1119,10000,181,-358
162,-360,2,-10,-1119,10000,183,-361
163,-361,2,-11,-1119,10000,184,-362
163,-361,2,-11,-1119,10000,184,-363
163,-361,1,-11,-1119,10000,184,-362
163,-361,0,-10,-1119,10000,184,-362
163,-361,0,-11,-1119,10000,184,-362
163,-361,-1,-12,-1119,10000,184,-362
163,-361,0,-12,-1119,10000,184,-362
163,-361,1,-11,-1119,10000,184,-362
163,-361,3,-10,-1119,10000,184,-362
163,-361,2,-10,-1119,10000,184,-362
162,-361,1,-11,-1119,10000,184,-362
163,-361,1,-11,-1119,10000,184,-362
163,-361,2,-11,-1119,10000,184,-362
163,-361,2,-10,-1119,10000,184,-362
162,-361,1,-11,-1119,10000,184,-362
162,-361,0,-12,-1119,10000,184,-362
163,-361,0,-13,-1119,10000,184,-362
164,-360,0,-12,-1119,10000,185,-361
164,-360,1,-12,-1119,10000,185,-361
164,-361,1,-11,-1119,10000,185,-362
164,-362,1,-11,-1119,10000,185,-363
164,-363,0,-12,-1119,10000,185,-365
164,-364,0,-13,-1119,10000,185,-365
164,-363,0,-13,-1119,10000,187,-365
162,-363,0,-14,-1119,10000,185,-365
161,-362,0,-14,-1119,10000,184,-363
160,-362,0,-13,-1119,10000,184,-363
159,-363,0,-13,-1119,10000,183,-365
159,-363,0,-13,-1119,10000,183,-365
158,-363,0,-14,-1119,10000,181,-365
157,-364,0,-14,-1119,10000,180,-366
155,-365,0,-13,-1119,10000,179,-367
154,-366,0,-13,-1119,10000,175,-367
154,-366,0,-12,-1119,10000,174,-367
154,-366,0,-13,-1119,10000,175,-367
154,-366,0,-13,-1119,10000,178,-367
154,-366,-1,-13,-1119,10000,175,-367
154,-366,-2,-12,-1119,10000,175,-369
154,-366,-2,-11,-1119,10000,175,-369
154,-366,-2,-12,-1120,10000,175,-369
154,-366,-2,-11,-1119,10000,175,-369
154,-366,-3,-11,-1119,10000,175,-369
154,-366,-3,-10,-1119,10000,173,-369
154,-366,-4,-10,-1120,10000,173,-369
154,-366,-4,-10,-1121,10000,173,-369
154,-366,-3,-10,-1121,10000,172,-369
153,-366,-3,-11,-1121,10000,174,-371
152,-366,-2,-11,-1120,10000,173,-371
153,-367,-2,-11,-1119,10000,174,-371
154,-367,-2,-11,-1119,10000,175,-372
155,-368,-1,-12,-1119,10000,177,-372
155,-367,-1,-13,-1120,10000,175,-368
154,-366,0,-13,-1119,10000,175,-367
154,-366,-1,-13,-1119,10000,175,-368
155,-367,-1,-12,-1119,10000,175,-371
155,-367,-2,-11,-1119,10000,175,-371
155,-367,-3,-11,-1119,10000,175,-371
155,-368,-3,-10,-1119,10000,174,-372
156,-368,-4,-10,-1119,10000,174,-373
156,-370,-4,-9,-1119,10000,175,-374
157,-370,-4,-10,-1119,10000,175,-374
156,-370,-3,-12,-1119,10000,178,-374
156,-370,-3,-14,-1119,10000,178,-374
156,-370,-2,-14,-1119,10000,178,-374
156,-370,-4,-13,-1119,10000,178,-374
157,-370,-6,-12,-1119,10000,178,-374
156,-370,-7,-13,-1119,10000,178,-377
155,-371,-8,-13,-1119,10000,177,-377
153,-372,-7,-13,-1119,10000,174,-378
152,-372,-6,-14,-1119,10000,173,-377
152,-372,-5,-16,-1119,10000,175,-377
152,-372,-5,-16,-1119,10000,175,-377
152,-372,-6,-15,-1119,10000,173,-377
152,-372,-7,-13,-1119,10000,173,-379
151,-373,-7,-13,-1119,10000,172,-380
149,-374,-7,-13,-1119,10000,170,-380
148,-375,-7,-13,-1119,10000,169,-382
148,-375,-7,-13,-1119,10000,168,-382
148,-375,-7,-13,-1119,10000,168,-382
148,-375,-7,-13,-1119,10000,169,-382
148,-375,-7,-13,-1119,10000,169,-382
148,-375,-7,-13,-1119,10000,169,-382
148,-375,-7,-13,-1119,10000,168,-382
148,-375,-7,-13,-1119,10000,169,-382
148,-375,-7,-13,-1119,10000,169,-382
148,-375,-6,-14,-1119,10000,169,-379
148,-375,-6,-14,-1119,10000,169,-379
148,-375,-6,-14,-1119,10000,169,-379
148,-376,-7,-13,-1119,10000,169,-383
149,-376,-7,-13,-1119,10000,170,-383
149,-377,-7,-13,-1119,10000,170,-384
150,-378,-7,-13,-1119,10000,170,-385
150,-379,-7,-13,-1119,10000,172,-385
150,-379,-7,-13,-1119,10000,170,-386
149,-380,-7,-13,-1119,10000,170,-388
148,-380,-7,-13,-1119,10000,169,-388
149,-380,-7,-13,-1119,10000,170,-386
150,-379,-6,-14,-1119,10000,172,-383
150,-378,-5,-16,-1119,10000,173,-382
148,-378,-4,-17,-1119,10000,172,-383
146,-379,-3,-17,-1119,10000,170,-384
146,-381,-4,-17,-1119,10000,169,-385
146,-382,-4,-16,-1119,10000,169,-386
146,-382,-4,-16,-1119,10000,169,-386
146,-381,-3,-17,-1119,10000,169,-386
146,-381,-3,-18,-1119,10000,169,-383
146,-381,-3,-18,-1119,10000,172,-383
146,-381,-3,-18,-1120,10000,170,-385
146,-381,-4,-17,-1120,10000,169,-386
144,-382,-4,-17,-1119,10000,168,-386
143,-383,-4,-16,-1118,10000,167,-388
142,-383,-4,-17,-1118,10000,166,-388
141,-384,-5,-18,-1118,10000,164,-389
141,-384,-7,-19,-1117,10000,166,-389
142,-383,-7,-20,-1116,10000,166,-388
142,-383,-7,-19,-1115,10000,166,-388
141,-384,-6,-19,-1114,10000,166,-389
140,-384,-6,-19,-1114,10000,164,-389
138,-385,-7,-20,-1115,10000,162,-390
137,-386,-8,-21,-1115,10000,163,-390
137,-386,-8,-21,-1114,10000,163,-391
137,-386,-7,-20,-1114,10000,163,-390
137,-386,-7,-19,-1114,10000,161,-391
137,-386,-7,-18,-1114,10000,161,-391
137,-386,-8,-18,-1114,10000,161,-391
138,-386,-8,-19,-1114,10000,161,-390
137,-386,-9,-19,-1114,10000,161,-394
136,-386,-10,-18,-1114,10000,159,-394
134,-387,-10,-16,-1114,10000,155,-395
133,-388,-11,-16,-1114,10000,153,-396
133,-389,-11,-16,-1114,10000,153,-396
134,-390,-11,-17,-1114,10000,155,-397
134,-391,-11,-17,-1114,10000,156,-399
135,-391,-11,-16,-1114,10000,156,-399
135,-391,-11,-16,-1114,10000,156,-399
135,-391,-10,-16,-1114,10000,156,-399
135,-392,-11,-17,-1114,10000,156,-400
134,-393,-11,-17,-1115,10000,156,-401
133,-394,-11,-16,-1114,10000,155,-401
133,-394,-10,-15,-1114,10000,155,-401
133,-393,-7,-15,-1114,10000,155,-401
133,-394,-5,-16,-1115,10000,157,-399
132,-394,-4,-17,-1116,10000,156,-400
131,-395,-4,-18,-1116,10000,155,-400
130,-395,-6,-17,-1117,10000,155,-400
131,-395,-8,-15,-1119,10000,152,-402
132,-395,-9,-14,-1119,10000,153,-402
131,-395,-8,-16,-1119,10000,152,-402
130,-396,-7,-18,-1118,10000,153,-401
128,-396,-7,-19,-1117,10000,151,-401
126,-397,-7,-19,-1118,10000,150,-402
127,-399,-8,-19,-1119,10000,151,-404
128,-400,-9,-19,-1120,10000,152,-408
129,-401,-9,-18,-1120,10000,152,-410
128,-402,-10,-18,-1119,10000,152,-411
126,-403,-10,-18,-1119,10000,150,-411
125,-404,-10,-18,-1119,10000,148,-412
124,-404,-10,-17,-1119,10000,146,-412
123,-404,-10,-17,-1119,10000,145,-413
122,-405,-11,-16,-1119,10000,144,-413
121,-406,-10,-16,-1119,10000,142,-415
120,-406,-11,-16,-1119,10000,141,-415
119,-407,-12,-18,-1120,10000,140,-416
118,-408,-13,-19,-1120,10000,141,-416
116,-408,-14,-19,-1119,10000,140,-419
116,-409,-15,-20,-1118,10000,140,-421
117,-409,-14,-20,-1117,10000,141,-421
117,-410,-14,-19,-1118,10000,141,-422
118,-411,-14,-19,-1119,10000,141,-422
117,-412,-14,-19,-1119,10000,141,-423
117,-413,-14,-20,-1118,10000,141,-424
116,-414,-14,-19,-1116,10000,140,-426
115,-415,-14,-20,-1115,10000,139,-426
115,-415,-14,-20,-1115,10000,139,-427
114,-415,-14,-19,-1114,10000,137,-426
114,-415,-14,-19,-1114,10000,137,-426
114,-415,-14,-19,-1114,10000,139,-426
115,-416,-15,-20,-1115,10000,139,-427
116,-418,-15,-21,-1114,10000,140,-429
115,-420,-15,-21,-1114,10000,139,-432
114,-422,-15,-21,-1114,10000,137,-433
112,-422,-16,-21,-1114,10000,136,-433
112,-422,-17,-22,-1114,10000,136,-433
112,-421,-18,-22,-1114,10000,136,-433
112,-421,-18,-22,-1114,10000,136,-433
112,-422,-17,-21,-1114,10000,136,-433
112,-424,-16,-21,-1115,10000,136,-435
111,-426,-16,-21,-1115,10000,135,-438
110,-428,-17,-22,-1114,10000,135,-440
110,-429,-18,-23,-1114,10000,135,-440
110,-429,-18,-23,-1114,10000,134,-440
109,-429,-18,-23,-1116,10000,133,-440
108,-429,-18,-23,-1118,10000,133,-441
109,-431,-18,-23,-1119,10000,133,-443
109,-433,-18,-23,-1120,10000,133,-445
108,-435,-18,-23,-1120,10000,133,-446
107,-436,-18,-23,-1119,10000,131,-448
105,-437,-18,-23,-1119,10000,130,-449
104,-437,-18,-23,-1119,10000,129,-449
104,-437,-18,-23,-1120,10000,128,-450
103,-438,-18,-23,-1120,10000,126,-450
101,-439,-18,-23,-1119,10000,125,-451
100,-440,-18,-23,-1118,10000,124,-451
98,-440,-18,-23,-1116,10000,123,-452
97,-441,-19,-22,-1114,10000,120,-454
96,-442,-21,-21,-1114,10000,118,-456
95,-442,-21,-20,-1114,10000,117,-457
94,-443,-21,-19,-1115,10000,115,-457
93,-444,-21,-19,-1115,10000,115,-460
93,-446,-21,-20,-1114,10000,114,-461
93,-447,-22,-20,-1114,10000,114,-462
92,-448,-24,-22,-1114,10000,114,-463
90,-450,-25,-23,-1114,10000,112,-468
88,-452,-25,-23,-1114,10000,111,-469
86,-452,-25,-23,-1114,10000,108,-471
85,-453,-25,-22,-1114,10000,107,-471
83,-454,-25,-22,-1114,10000,106,-472
83,-456,-26,-23,-1114,10000,104,-474
83,-458,-27,-26,-1114,10000,107,-477
83,-460,-26,-29,-1114,10000,109,-476
82,-461,-25,-30,-1114,10000,108,-477
80,-462,-25,-29,-1114,10000,107,-477
79,-462,-26,-28,-1114,10000,106,-478
78,-462,-28,-27,-1114,10000,103,-480
77,-463,-28,-28,-1114,10000,102,-480
76,-463,-29,-31,-1114,10000,103,-482
75,-464,-29,-33,-1114,10000,104,-483
73,-467,-29,-33,-1114,10000,103,-485
73,-469,-30,-32,-1114,10000,100,-488
73,-471,-30,-31,-1114,10000,100,-489
72,-472,-30,-32,-1114,10000,100,-490
71,-472,-29,-32,-1114,10000,98,-490
70,-472,-29,-33,-1114,10000,100,-490
68,-473,-28,-33,-1114,10000,97,-491
67,-474,-29,-33,-1114,10000,96,-493
66,-476,-30,-33,-1114,10000,96,-495
65,-478,-31,-33,-1114,10000,92,-498
65,-481,-32,-33,-1114,10000,91,-500
64,-483,-34,-33,-1114,10000,91,-505
64,-486,-35,-33,-1114,10000,91,-507
64,-487,-36,-32,-1114,10000,91,-509
65,-487,-36,-32,-1115,10000,92,-509
63,-487,-36,-32,-1115,10000,91,-509
61,-488,-36,-32,-1114,10000,89,-510
59,-490,-36,-32,-1113,10000,86,-511
57,-491,-36,-32,-1112,10000,84,-512
55,-491,-36,-32,-1112,10000,83,-513
54,-492,-36,-32,-1112,10000,81,-515
54,-494,-37,-33,-1112,10000,81,-516
53,-496,-37,-33,-1111,10000,80,-518
52,-499,-37,-33,-1110,10000,80,-521
50,-501,-37,-34,-1111,10000,78,-523
46,-502,-38,-34,-1111,10000,74,-527
44,-503,-39,-36,-1111,10000,72,-528
42,-504,-40,-36,-1110,10000,69,-529
40,-507,-39,-36,-1109,10000,68,-532
39,-509,-39,-36,-1109,10000,67,-534
38,-512,-41,-36,-1109,10000,65,-538
36,-514,-42,-38,-1110,10000,67,-539
34,-516,-43,-39,-1109,10000,64,-542
32,-519,-43,-39,-1109,10000,62,-545
29,-522,-43,-39,-1109,10000,59,-548
27,-524,-43,-39,-1109,10000,57,-549
25,-525,-44,-40,-1109,10000,56,-551
23,-527,-46,-41,-1109,10000,53,-555
22,-530,-47,-42,-1109,10000,52,-559
21,-532,-47,-43,-1109,10000,51,-561
20,-535,-47,-42,-1109,10000,50,-563
18,-538,-46,-43,-1109,10000,48,-567
16,-541,-45,-43,-1109,10000,46,-567
13,-544,-46,-44,-1109,10000,46,-571
11,-545,-47,-44,-1109,10000,45,-574
9,-547,-49,-45,-1109,10000,42,-577
8,-549,-50,-45,-1109,10000,41,-578
6,-551,-50,-45,-1109,10000,39,-581
5,-554,-50,-46,-1109,10000,37,-584
3,-557,-51,-46,-1109,10000,35,-587
1,-561,-53,-48,-1109,10000,35,-594
0,-565,-54,-49,-1110,10000,32,-598
-2,-569,-54,-49,-1110,10000,30,-603
-4,-573,-54,-49,-1109,10000,28,-605
-7,-576,-54,-49,-1108,10000,25,-609
-9,-579,-55,-49,-1106,10000,24,-612
-10,-583,-56,-50,-1106,10000,21,-616
-11,-587,-57,-52,-1106,10000,24,-620
-14,-590,-59,-53,-1106,10000,21,-623
-16,-594,-60,-54,-1105,10000,19,-631
-18,-599,-61,-55,-1105,10000,17,-634
-21,-603,-61,-55,-1105,10000,14,-640
-24,-607,-61,-55,-1105,10000,12,-644
-26,-611,-61,-55,-1105,10000,9,-648
-29,-614,-62,-56,-1105,10000,7,-651
-31,-618,-64,-57,-1105,10000,4,-655
-34,-622,-65,-58,-1105,10000,2,-659
-37,-625,-65,-59,-1105,10000,1,-662
-41,-629,-66,-60,-1105,10000,-2,-667
-44,-633,-67,-61,-1105,10000,-6,-673
-46,-637,-68,-61,-1105,10000,-7,-677
-47,-641,-69,-62,-1105,10000,-8,-682
-49,-645,-70,-63,-1105,10000,-10,-686
-52,-649,-71,-64,-1105,10000,-13,-689
-55,-653,-72,-65,-1105,10000,-13,-694
-59,-658,-73,-67,-1105,10000,-17,-699
-63,-663,-75,-67,-1105,10000,-21,-706
-68,-668,-76,-67,-1105,10000,-26,-712
-72,-674,-77,-67,-1105,10000,-32,-719
-76,-679,-77,-68,-1105,10000,-34,-723
-78,-683,-79,-71,-1105,10000,-36,-727
-81,-687,-80,-73,-1105,10000,-36,-732
-85,-692,-82,-74,-1104,10000,-40,-739
-88,-698,-84,-74,-1103,10000,-46,-745
-92,-705,-84,-74,-1103,10000,-47,-753
-96,-711,-85,-75,-1103,10000,-51,-760
-99,-717,-86,-75,-1104,10000,-54,-765
-103,-722,-88,-76,-1105,10000,-58,-773
-107,-728,-90,-78,-1105,10000,-62,-780
-112,-734,-90,-79,-1103,10000,-67,-786
-115,-740,-91,-80,-1101,10000,-70,-792
-120,-747,-91,-80,-1100,10000,-74,-799
-125,-753,-93,-80,-1099,10000,-79,-808
-130,-759,-96,-83,-1100,10000,-81,-814
-135,-766,-97,-85,-1100,10000,-86,-821
-140,-772,-99,-87,-1100,10000,-91,-827
-145,-778,-101,-87,-1100,10000,-96,-837
-150,-786,-102,-87,-1100,10000,-101,-845
-155,-795,-104,-89,-1100,10000,-106,-854
-159,-803,-106,-91,-1100,10000,-107,-863
-164,-811,-108,-93,-1100,10000,-113,-874
-171,-819,-109,-94,-1100,10000,-119,-881
-178,-826,-111,-95,-1100,10000,-126,-889
-185,-834,-112,-95,-1100,10000,-134,-898
-192,-842,-114,-96,-1100,10000,-140,-909
-198,-850,-116,-98,-1098,10000,-146,-916
-204,-857,-118,-100,-1096,10000,-150,-924
-211,-865,-120,-102,-1095,10000,-156,-932
-218,-873,-122,-103,-1095,10000,-163,-943
-225,-883,-123,-104,-1095,10000,-170,-953
-232,-892,-125,-106,-1095,10000,-174,-963
-238,-901,-127,-108,-1095,10000,-180,-975
-243,-911,-130,-111,-1095,10000,-185,-986
-248,-922,-132,-113,-1095,10000,-187,-996
-254,-932,-135,-115,-1095,10000,-194,-1009
-261,-942,-137,-117,-1095,10000,-201,-1019
-269,-952,-139,-119,-1095,10000,-206,-1030
-277,-963,-141,-122,-1093,10000,-214,-1041
-285,-975,-143,-126,-1091,10000,-219,-1057
-293,-987,-145,-129,-1090,10000,-227,-1069
-301,-999,-148,-132,-1090,10000,-233,-1081
-309,-1011,-151,-133,-1090,10000,-240,-1096
-318,-1022,-153,-136,-1090,10000,-249,-1108
-327,-1034,-156,-139,-1090,10000,-255,-1120
-336,-1047,-159,-143,-1091,10000,-261,-1136
-345,-1061,-162,-146,-1090,10000,-271,-1151
-354,-1074,-164,-148,-1088,10000,-280,-1164
-364,-1088,-166,-150,-1087,10000,-286,-1181
-373,-1102,-170,-153,-1085,10000,-295,-1196
-383,-1117,-174,-156,-1085,10000,-303,-1214
-393,-1132,-177,-160,-1085,10000,-313,-1229
-404,-1147,-181,-163,-1084,10000,-321,-1247
-414,-1163,-184,-166,-1083,10000,-330,-1264
-423,-1180,-188,-169,-1082,10000,-338,-1284
-434,-1197,-192,-173,-1081,10000,-347,-1302
-445,-1214,-195,-176,-1080,10000,-358,-1322
-457,-1231,-199,-179,-1080,10000,-368,-1340
-469,-1249,-203,-183,-1080,10000,-379,-1361
-480,-1266,-206,-186,-1080,10000,-388,-1379
-492,-1284,-210,-189,-1079,10000,-400,-1400
-504,-1301,-214,-192,-1077,10000,-410,-1418
-517,-1319,-217,-195,-1075,10000,-422,-1439
-531,-1338,-221,-199,-1075,10000,-433,-1458
-545,-1358,-225,-204,-1075,10000,-444,-1483
-558,-1379,-231,-208,-1076,10000,-456,-1506
-572,-1399,-237,-210,-1076,10000,-471,-1530
-588,-1421,-241,-213,-1074,10000,-487,-1555
-605,-1443,-245,-216,-1072,10000,-500,-1578
-620,-1466,-249,-221,-1070,10000,-513,-1604
-635,-1489,-254,-226,-1070,10000,-527,-1628
-649,-1514,-260,-231,-1071,10000,-539,-1656
-664,-1538,-265,-235,-1071,10000,-552,-1684
-679,-1563,-269,-240,-1069,10000,-566,-1710
-696,-1588,-273,-246,-1067,10000,-579,-1738
-714,-1613,-278,-251,-1066,10000,-594,-1763
-731,-1639,-285,-256,-1066,10000,-610,-1794
-749,-1667,-291,-262,-1066,10000,-623,-1826
-767,-1696,-297,-268,-1066,10000,-639,-1857
-786,-1725,-303,-273,-1064,10000,-657,-1890
-805,-1755,-310,-278,-1062,10000,-675,-1925
-826,-1785,-315,-284,-1061,10000,-692,-1959
-846,-1816,-320,-290,-1061,10000,-709,-1991
-867,-1848,-325,-297,-1060,10000,-727,-2026
-888,-1882,-330,-304,-1059,10000,-743,-2064
-910,-1916,-337,-310,-1058,10000,-762,-2099
-934,-1951,-344,-317,-1056,10000,-782,-2138
-957,-1986,-352,-324,-1055,10000,-805,-2180
-980,-2023,-359,-330,-1054,10000,-826,-2220
-1004,-2060,-366,-336,-1052,10000,-847,-2260
-1029,-2099,-373,-343,-1051,10000,-869,-2304
-1055,-2139,-381,-351,-1051,10000,-888,-2348
-1081,-2182,-388,-361,-1051,10000,-911,-2392
-1108,-2223,-397,-371,-1050,10000,-933,-2437
-1135,-2265,-405,-379,-1048,10000,-958,-2486
-1163,-2309,-415,-387,-1046,10000,-982,-2535
-1192,-2355,-424,-395,-1044,10000,-1005,-2584
-1222,-2402,-433,-403,-1043,10000,-1032,-2639
-1252,-2450,-441,-412,-1041,10000,-1059,-2690
-1283,-2498,-450,-421,-1040,10000,-1085,-2743
-1315,-2548,-459,-430,-1038,10000,-1113,-2797
-1348,-2599,-469,-441,-1037,10000,-1141,-2854
-1382,-2654,-479,-451,-1035,10000,-1170,-2915
-1415,-2709,-491,-461,-1033,10000,-1198,-2974
-1449,-2764,-502,-472,-1030,10000,-1229,-3037
-1485,-2822,-515,-483,-1028,10000,-1259,-3101
-1523,-2882,-527,-496,-1026,10000,-1291,-3166
-1561,-2943,-538,-509,-1025,10000,-1324,-3234
-1599,-3007,-550,-521,-1023,10000,-1356,-3303
-1638,-3072,-562,-533,-1020,10000,-1389,-3376
-1679,-3139,-574,-545,-1018,10000,-1424,-3451
-1723,-3208,-587,-558,-1017,10000,-1462,-3524
-1769,-3278,-599,-573,-1015,10000,-1501,-3603
-1814,-3351,-614,-588,-1013,10000,-1539,-3682
-1861,-3426,-628,-603,-1011,10000,-1579,-3767
-1907,-3504,-643,-618,-1008,10000,-1617,-3851
-1955,-3583,-657,-633,-1007,10000,-1658,-3939
-2003,-3664,-672,-649,-1006,10000,-1698,-4028
-2054,-3748,-688,-665,-1004,10000,-1743,-4119
-2107,-3834,-704,-683,-1001,10000,-1787,-4215
-2162,-3923,-721,-702,-997,10000,-1833,-4311
-2218,-4015,-737,-721,-994,10000,-1881,-4411
-2275,-4109,-754,-738,-991,10000,-1928,-4514
-2334,-4205,-771,-755,-989,10000,-1978,-4619
-2394,-4304,-789,-774,-987,10000,-2030,-4729
-2457,-4407,-807,-795,-984,10000,-2083,-4841
-2520,-4514,-827,-817,-982,10000,-2135,-4959
-2584,-4624,-846,-839,-978,10000,-2187,-5078
-2649,-4737,-867,-860,-975,10000,-2243,-5204
-2718,-4853,-889,-882,-972,10000,-2301,-5330
-2791,-4972,-910,-904,-968,10000,-2364,-5461
-2865,-5095,-932,-928,-965,10000,-2426,-5594
-2940,-5223,-954,-953,-962,10000,-2490,-5735
-3017,-5354,-977,-979,-958,10000,-2552,-5877
-3096,-5488,-1000,-1006,-955,10000,-2619,-6024
-3178,-5625,-1024,-1033,-952,10000,-2688,-6173
-3263,-5767,-1049,-1061,-949,10000,-2761,-6328
-3351,-5915,-1076,-1089,-944,10000,-2833,-6491
-3440,-6067,-1103,-1118,-939,10000,-2909,-6656
-3532,-6224,-1130,-1149,-934,10000,-2985,-6830
-3627,-6386,-1158,-1181,-930,10000,-3065,-7004
-3726,-6553,-1188,-1212,-928,10000,-3149,-7187
-3829,-6726,-1219,-1244,-925,10000,-3237,-7378
-3934,-6905,-1252,-1278,-920,10000,-3324,-7574
-4040,-7089,-1285,-1315,-913,10000,-3411,-7776
-4147,-7278,-1318,-1352,-906,10000,-3502,-7982
-4259,-7474,-1350,-1391,-900,10000,-3593,-8194
-4376,-7675,-1384,-1431,-896,10000,-3692,-8413
-4497,-7882,-1421,-1470,-892,10000,-3792,-8640
-4622,-8097,-1459,-1511,-887,10000,-3896,-8876
-4749,-8319,-1497,-1554,-881,10000,-4004,-9118
-4880,-8548,-1537,-1599,-875,10000,-4113,-9367
-5010,-8782,-1577,-1645,-869,10000,-4220,-9623
-5142,-9022,-1619,-1693,-863,10000,-4328,-9883
-5284,-9273,-1662,-1741,-856,10000,-4447,-10000
-5444,-9541,-1706,-1790,-849,10000,-4585,-10000
-5604,-9814,-1751,-1841,-843,10000,-4726,-10000
-5722,-10000,-1797,-1893,-837,10000,-4825,-10000
-5758,-10000,-1845,-1947,-830,10000,-4839,-10000
-5700,-10000,-1894,-2004,-822,10000,-4757,-10000
-5611,-10000,-1945,-2063,-814,10000,-4641,-10000
-5507,-10000,-1998,-2122,-806,10000,-4510,-10000
-5413,-10000,-2053,-2184,-799,10000,-4388,-10000
-5321,-10000,-2110,-2247,-792,10000,-4267,-10000
-5224,-10000,-2167,-2312,-783,10000,-4140,-10000
-5120,-10000,-2226,-2381,-774,10000,-4004,-10000
-5011,-10000,-2286,-2450,-764,10000,-3862,-10000
-4900,-10000,-2347,-2523,-754,10000,-3719,-10000
-4786,-10000,-2412,-2598,-744,10000,-3569,-10000
-4671,-10000,-2479,-2674,-734,10000,-3421,-10000
-4552,-10000,-2548,-2752,-725,10000,-3265,-10000
-4421,-10000,-2620,-2833,-715,10000,-3099,-10000
-4279,-10000,-2692,-2917,-704,10000,-2920,-10000
-4145,-10000,-2766,-3004,-692,10000,-2744,-10000
-4047,-10000,-2842,-3095,-679,10000,-2605,-10000
-4010,-10000,-2921,-3189,-667,10000,-2526,-10000
-4010,-10000,-3002,-3284,-655,10000,-2486,-10000
-4013,-10000,-3086,-3381,-643,10000,-2447,-10000
-4017,-10000,-3172,-3482,-631,10000,-2408,-10000
-4014,-10000,-3261,-3587,-617,10000,-2360,-10000
-4011,-10000,-3353,-3695,-603,10000,-2309,-10000
-4010,-10000,-3447,-3807,-588,10000,-2262,-10000
-4011,-10000,-3544,-3922,-574,10000,-2213,-10000
-4011,-10000,-3645,-4042,-559,10000,-2163,-10000
-4011,-10000,-3748,-4165,-543,10000,-2110,-10000
-4011,-10000,-3853,-4291,-526,10000,-2055,-10000
-4011,-10000,-3962,-4421,-509,10000,-1998,-10000
-4011,-10000,-4074,-4555,-492,10000,-1940,-10000
-4011,-10000,-4190,-4693,-475,10000,-1879,-10000
-4011,-10000,-4309,-4835,-456,10000,-1820,-10000
-4011,-10000,-4432,-4980,-437,10000,-1757,-10000
-4011,-10000,-4559,-5131,-418,10000,-1693,-10000
-4011,-10000,-4688,-5285,-398,10000,-1626,-10000
-4011,-10000,-4819,-5445,-377,10000,-1558,-10000
-4011,-10000,-4955,-5609,-354,10000,-1485,-10000
-4011,-10000,-5095,-5776,-332,10000,-1413,-10000
-4011,-10000,-5240,-5949,-309,10000,-1339,-10000
-4011,-10000,-5389,-6127,-286,10000,-1263,-10000
-4011,-10000,-5540,-6309,-260,10000,-1184,-10000
-4011,-10000,-5693,-6492,-234,10000,-1105,-10000
-4011,-10000,-5847,-6677,-206,10000,-1024,-10000
-4011,-10000,-6013,-6872,-180,10000,-941,-10000
-4011,-10000,-6192,-7081,-154,10000,-852,-10000
-4011,-10000,-6370,-7292,-125,10000,-761,-10000
-4011,-10000,-6511,-7472,-94,10000,-681,-10000
-4011,-10000,-6584,-7591,-62,10000,-623,-10000
-4011,-10000,-6578,-7638,-29,10000,-592,-10000
-4011,-10000,-6553,-7666,2,10000,-566,-10000
-4011,-10000,-6518,-7688,35,10000,-544,-10000
-4011,-10000,-6490,-7718,70,10000,-516,-10000
-4011,-10000,-6467,-7754,106,10000,-487,-10000
-4011,-10000,-6441,-7788,143,10000,-458,-10000
-4011,-10000,-6414,-7818,181,10000,-432,-10000
-4011,-10000,-6386,-7848,220,10000,-406,-10000
-4011,-10000,-6359,-7878,260,10000,-379,-10000
-4011,-10000,-6331,-7909,303,9998,-351,-10000
-4011,-10000,-6303,-7940,346,9995,-324,-10000
-4011,-10000,-6276,-7970,390,9992,-296,-10000
-4011,-10000,-6250,-7999,434,9989,-272,-10000
-4011,-10000,-6224,-8028,479,9987,-246,-10000
-4011,-10000,-6199,-8056,527,9984,-222,-10000
-4011,-10000,-6174,-8083,577,9981,-197,-10000
-4011,-10000,-6151,-8110,627,9978,-174,-10000
-4011,-10000,-6128,-8135,679,9974,-152,-10000
-4011,-10000,-6107,-8158,732,9971,-131,-10000
-4011,-10000,-6088,-8179,786,9968,-112,-10000
-4011,-10000,-6070,-8199,842,9965,-95,-10000
-4011,-10000,-6054,-8217,898,9961,-79,-10000
-4011,-10000,-6040,-8232,956,9958,-67,-10000
-4011,-10000,-6028,-8246,1015,9954,-54,-10000
-4011,-10000,-6018,-8257,1077,9950,-45,-10000
-4011,-10000,-6010,-8265,1139,9946,-37,-10000
-4011,-10000,-6006,-8271,1201,9943,-32,-10000
-4011,-10000,-6005,-8272,1264,9939,-32,-10000
-4011,-10000,-6007,-8269,1329,9935,-35,-10000
-4011,-10000,-6013,-8263,1395,9931,-40,-10000
-4011,-10000,-6021,-8254,1463,9927,-47,-10000
-4011,-10000,-6032,-8242,1531,9923,-57,-10000
-4011,-10000,-6046,-8225,1598,9918,-72,-10000
-4011,-10000,-6065,-8204,1667,9914,-90,-10000
-4011,-10000,-6089,-8178,1736,9910,-114,-10000
-4011,-10000,-6118,-8146,1807,9906,-142,-10000
-4011,-10000,-6150,-8110,1878,9901,-174,-10000
-4011,-10000,-6185,-8071,1950,9897,-209,-10000
-4011,-10000,-6224,-8028,2021,9892,-246,-10000
-4011,-10000,-6268,-7979,2091,9888,-289,-10000
-4011,-10000,-6317,-7925,2161,9884,-336,-10000
-4011,-10000,-6370,-7866,2232,9880,-389,-10000
-4011,-10000,-6428,-7802,2303,9875,-446,-10000
-4011,-10000,-6490,-7733,2374,9871,-506,-10000
-4011,-10000,-6555,-7660,2442,9867,-571,-10000
-4011,-10000,-6625,-7582,2510,9862,-639,-10000
-4011,-10000,-6700,-7500,2576,9859,-714,-10000
-4011,-10000,-6777,-7414,2642,9855,-788,-10000
-4011,-10000,-6858,-7324,2706,9851,-869,-10000
-4011,-10000,-6942,-7230,2767,9848,-950,-10000
-4011,-10000,-7030,-7132,2826,9842,-1038,-10000
-4011,-10000,-7122,-7031,2881,9835,-1126,-10000
-4011,-10000,-7216,-6926,2936,9831,-1220,-10000
-4011,-10000,-7313,-6819,2988,9835,-1313,-10000
-4011,-10000,-7412,-6709,3037,9833,-1411,-10000
-4011,-10000,-7513,-6596,3082,9817,-1511,-10000
-4011,-10000,-7616,-6482,3119,9742,-1613,-10000
-4011,-10000,-7720,-6366,3149,9609,-1712,-10000
-4011,-10000,-7826,-6249,3174,9442,-1817,-10000
-4011,-10000,-7932,-6131,3195,9266,-1922,-10000
-4011,-10000,-8040,-6011,3212,9093,-2027,-10000
-4011,-10000,-8148,-5891,3223,8921,-2132,-10000
-4011,-10000,-8256,-5771,3230,8745,-2240,-10000
-4011,-10000,-8364,-5652,3232,8567,-2345,-10000
-4011,-10000,-8471,-5532,3230,8388,-2450,-10000
-4011,-10000,-8579,-5413,3224,8207,-2555,-10000
-4011,-10000,-8684,-5296,3215,8023,-2659,-10000
-4011,-10000,-8788,-5181,3202,7832,-2762,-10000
-4011,-10000,-8889,-5069,3183,7639,-2858,-10000
-4011,-10000,-8988,-4958,3161,7448,-2956,-10000
-4011,-10000,-9085,-4851,3134,7262,-3051,-10000
-4011,-10000,-9179,-4746,3104,7078,-3144,-10000
-4011,-10000,-9272,-4643,3072,6890,-3236,-10000
-4011,-10000,-9362,-4543,3036,6698,-3324,-10000
-4011,-10000,-9447,-4448,2998,6506,-3409,-10000
-4011,-10000,-9528,-4358,2957,6317,-3488,-10000
-4011,-10000,-9606,-4272,2915,6134,-3563,-10000
-4011,-10000,-9678,-4191,2869,5952,-3636,-10000
-4011,-10000,-9748,-4115,2822,5772,-3703,-10000
-4011,-10000,-9812,-4043,2773,5594,-3765,-10000
-4010,-10000,-9873,-3976,2724,5420,-3824,-10000
-4011,-10000,-9929,-3916,2674,5249,-3878,-10000
-4024,-10000,-9978,-3859,2623,5079,-3941,-10000
-4037,-10000,-10000,-3799,2571,4911,-4000,-10000
-4020,-10000,-10000,-3744,2520,4747,-4017,-10000
-4010,-10000,-10000,-3717,2469,4589,-4024,-10000
-4010,-10000,-10000,-3692,2418,4435,-4041,-10000
-4148,-10000,-10000,-3665,2365,4285,-4200,-10000
-4540,-10000,-10000,-3544,2311,4139,-4680,-10000
-5070,-10000,-9774,-3252,2257,3997,-5351,-10000
-5593,-10000,-9370,-2869,2203,3859,-6031,-10000
-6016,-9860,-8958,-2489,2151,3728,-6604,-10000
-6348,-9249,-8598,-2167,2098,3601,-7058,-10000
-6637,-8717,-8282,-1894,2046,3479,-7448,-10000
-6913,-8209,-7973,-1635,1995,3361,-7818,-10000
-7175,-7726,-7655,-1378,1944,3247,-8171,-10000
-7418,-7280,-7334,-1126,1893,3137,-8500,-10000
-7642,-6866,-7016,-886,1843,3033,-8801,-10000
-7850,-6486,-6702,-657,1793,2933,-9090,-10000
-8039,-6138,-6391,-440,1743,2838,-9355,-9679
-8195,-5815,-6086,-234,1693,2748,-9580,-9234
-8326,-5522,-5788,-41,1644,2662,-9773,-8822
-8472,-5278,-5498,138,1595,2580,-9973,-8459
-8623,-5074,-5216,307,1546,2504,-10000,-8141
-8727,-4881,-4940,464,1498,2431,-10000,-7828
-8699,-4648,-4671,611,1449,2362,-10000,-7480
-8283,-4236,-4410,747,1402,2297,-9933,-6946
-7596,-3706,-4157,872,1355,2236,-9261,-6280
-6839,-3165,-3913,986,1310,2180,-8514,-5601
-6189,-2704,-3678,1090,1266,2128,-7871,-5011
-5682,-2342,-3451,1187,1222,2078,-7368,-4530
-5257,-2043,-3232,1275,1178,2032,-6943,-4117
-4853,-1773,-3021,1356,1135,1990,-6538,-3735
-4458,-1522,-2818,1429,1092,1951,-6137,-3379
-4080,-1294,-2623,1493,1052,1914,-5749,-3048
-3724,-1088,-2436,1552,1013,1880,-5383,-2741
-3388,-900,-2258,1604,975,1850,-5034,-2461
-3071,-732,-2088,1652,936,1823,-4703,-2202
-2775,-580,-1927,1694,898,1799,-4391,-1962
-2497,-444,-1774,1733,863,1778,-4098,-1746
-2239,-323,-1627,1767,829,1758,-3824,-1545
-2000,-214,-1488,1797,795,1740,-3567,-1362
-1777,-115,-1355,1824,762,1725,-3325,-1192
-1570,-25,-1231,1847,730,1712,-3099,-1036
-1377,56,-1114,1868,700,1701,-2888,-889
-1198,132,-1004,1886,670,1691,-2694,-754
-1032,201,-899,1904,642,1682,-2512,-628
-878,267,-800,1921,615,1675,-2342,-512
-734,328,-708,1936,590,1670,-2183,-400
-599,385,-623,1949,566,1668,-2033,-299
-474,436,-544,1959,543,1667,-1894,-202
-356,485,-469,1969,520,1666,-1763,-114
-246,532,-400,1979,498,1666,-1640,-30
-143,578,-336,1989,478,1669,-1528,52
-47,624,-275,1998,458,1672,-1420,129
43,667,-221,2007,440,1676,-1322,203
130,709,-171,2014,422,1681,-1225,272
213,750,-126,2023,404,1686,-1137,339
290,790,-84,2031,388,1693,-1055,401
362,827,-46,2040,372,1700,-977,458
431,863,-10,2047,358,1708,-903,513
498,898,20,2054,344,1716,-833,566
563,933,48,2061,331,1726,-765,615
625,966,74,2069,318,1736,-701,664
684,999,97,2078,305,1747,-642,708
740,1031,118,2085,293,1757,-585,753
793,1062,135,2092,281,1767,-529,793
844,1091,149,2097,271,1778,-478,830
894,1119,162,2103,260,1790,-429,867
941,1144,173,2108,250,1802,-384,896
987,1167,182,2114,241,1815,-338,926
1032,1189,189,2121,231,1828,-295,952
1074,1210,195,2125,221,1842,-255,977
1114,1232,197,2129,211,1855,-217,1001
1152,1252,199,2132,202,1868,-179,1022
1187,1271,200,2135,193,1882,-146,1042
1221,1287,201,2138,184,1896,-114,1059
1253,1303,201,2140,175,1911,-81,1076
1285,1317,199,2142,166,1926,-52,1092
1315,1330,197,2143,157,1941,-21,1103
1342,1341,192,2142,148,1957,2,1113
1366,1352,187,2141,139,1972,26,1123
1387,1362,181,2137,131,1987,51,1130
1407,1369,176,2132,122,2001,72,1138
1427,1376,171,2127,113,2016,93,1143
1445,1382,165,2121,103,2032,114,1148
1460,1388,158,2114,92,2048,133,1152
1472,1393,151,2105,82,2063,150,1156
1483,1398,145,2095,72,2079,166,1160
1493,1400,140,2083,64,2094,180,1163
1500,1401,133,2071,55,2110,195,1162
1505,1402,126,2057,46,2128,208,1160
1509,1402,119,2042,38,2144,219,1160
1511,1401,112,2026,29,2160,229,1160
1510,1399,107,2008,20,2175,239,1158
1508,1396,102,1989,10,2190,249,1156
1503,1393,97,1969,0,2205,256,1156
1496,1388,92,1946,-8,2222,261,1151
1488,1381,88,1923,-18,2239,266,1146
1480,1373,83,1898,-28,2256,273,1138
1470,1364,79,1872,-39,2272,280,1131
1458,1356,76,1843,-49,2287,286,1127
1444,1347,72,1813,-59,2302,292,1121
1429,1336,70,1781,-68,2317,295,1113
1413,1325,68,1749,-77,2332,301,1107
1395,1311,68,1716,-87,2348,302,1098
1376,1298,67,1683,-98,2363,305,1090
1355,1283,66,1647,-108,2378,307,1082
1333,1268,67,1611,-117,2392,307,1070
1310,1250,68,1572,-127,2406,311,1060
1285,1232,69,1532,-137,2420,311,1049
1258,1214,71,1491,-148,2434,311,1038
1231,1196,73,1450,-158,2448,311,1027
1202,1175,75,1408,-167,2462,310,1015
1172,1152,79,1365,-176,2476,310,1001
1141,1130,84,1322,-185,2489,305,987
1109,1108,90,1278,-195,2501,302,975
1076,1084,96,1233,-206,2513,299,959
1042,1058,101,1187,-217,2526,297,943
1007,1031,106,1141,-227,2538,294,928
971,1004,112,1095,-235,2551,288,910
933,978,119,1048,-242,2563,281,894
895,952,126,1002,-250,2574,277,880
857,925,133,955,-257,2585,271,861
818,896,140,908,-266,2596,263,844
779,866,148,861,-274,2608,256,822
739,834,156,814,-281,2619,249,803
699,802,165,767,-289,2629,240,783
658,772,174,722,-296,2638,231,764
617,741,183,677,-303,2646,219,744
576,712,192,632,-311,2655,211,727
534,683,201,586,-317,2665,198,709
494,653,210,541,-324,2674,190,688
452,621,219,497,-330,2682,180,668
411,589,228,455,-336,2689,169,648
370,558,238,414,-341,2697,155,627
329,527,247,373,-344,2705,144,605
290,497,257,333,-347,2713,131,588
252,469,266,294,-351,2720,120,568
214,440,275,256,-356,2726,111,550
178,411,283,219,-361,2732,101,531
141,383,291,184,-364,2738,86,512
105,357,299,151,-366,2745,75,493
71,331,307,118,-368,2751,63,476
38,305,314,87,-371,2757,52,458
6,279,322,57,-372,2761,42,439
-23,255,328,28,-373,2764,32,422
-52,232,334,0,-373,2768,23,406
-81,210,339,-25,-374,2772,12,390
-107,189,344,-49,-374,2776,2,377
-130,169,348,-71,-374,2780,-6,361
-152,150,351,-91,-374,2782,-14,346
-172,133,354,-108,-373,2784,-23,333
-191,117,356,-126,-372,2787,-29,319
-209,102,357,-142,-372,2791,-37,308
-225,88,357,-156,-370,2794,-43,294
-239,75,356,-168,-368,2796,-50,283
-251,64,356,-177,-367,2797,-57,274
-261,54,354,-184,-365,2798,-62,263
-269,45,350,-190,-363,2800,-67,255
-276,37,345,-195,-361,2802,-72,244
-281,29,339,-198,-358,2803,-76,233
-283,23,334,-199,-355,2804,-78,224
-283,20,328,-199,-351,2804,-80,218
-281,17,322,-198,-347,2805,-81,209
-278,14,314,-195,-343,2807,-83,202
-273,13,304,-190,-340,2808,-83,196
-266,12,294,-184,-336,2808,-83,190
-257,13,283,-176,-332,2808,-80,184
-247,15,271,-167,-327,2807,-78,178
-236,16,257,-157,-323,2807,-76,172
-223,17,244,-146,-320,2807,-73,163
-209,19,231,-132,-317,2807,-70,157
-192,23,217,-117,-312,2807,-68,151
-175,28,202,-102,-308,2806,-63,147
-157,34,185,-87,-303,2806,-59,141
-138,40,169,-71,-297,2806,-54,137
-118,46,152,-53,-292,2807,-50,131
-97,54,135,-34,-288,2807,-46,129
-76,62,117,-14,-282,2806,-41,124
-54,70,98,5,-278,2805,-36,120
-31,77,80,24,-274,2806,-29,115
-7,84,62,44,-271,2807,-23,111
16,93,43,65,-268,2809,-15,104
40,103,24,86,-265,2809,-10,102
65,112,4,109,-262,2808,-6,100
89,121,-14,131,-258,2808,0,93
114,128,-32,152,-253,2808,7,89
137,135,-50,173,-250,2808,14,84
161,142,-69,193,-249,2808,18,79
184,150,-87,213,-247,2807,24,74
208,157,-105,233,-244,2807,31,69
232,164,-122,253,-241,2807,39,64
256,172,-138,273,-238,2808,46,62
280,180,-155,292,-237,2810,56,58
302,187,-170,311,-235,2811,59,56
321,195,-184,328,-234,2812,65,53
340,201,-199,345,-233,2812,70,50
359,206,-213,361,-234,2811,76,46
379,212,-225,376,-234,2811,84,42
396,219,-237,391,-234,2812,90,41
411,224,-247,405,-234,2813,92,40
424,228,-256,419,-233,2815,93,36
436,232,-265,431,-233,2817,96,35
447,237,-273,441,-234,2817,100,32
457,242,-280,450,-237,2816,102,32
466,247,-285,458,-240,2816,103,36
473,251,-290,465,-242,2817,106,35
479,252,-294,472,-243,2819,107,34
484,255,-297,477,-245,2820,107,34
487,257,-299,481,-248,2822,108,34
490,260,-299,483,-252,2823,108,36
491,261,-298,484,-256,2824,109,37
491,262,-296,483,-259,2826,109,41
490,263,-295,481,-263,2828,111,42
487,266,-292,478,-267,2830,109,47
482,267,-289,474,-271,2831,109,52
475,268,-285,469,-275,2831,104,54
467,268,-280,464,-278,2832,101,57
458,267,-273,456,-283,2834,100,61
449,266,-265,448,-287,2836,98,68
439,267,-256,438,-292,2838,95,73
426,266,-247,427,-297,2840,91,78
411,265,-238,415,-302,2841,86,84
396,263,-229,402,-307,2842,83,89
379,261,-218,388,-311,2844,76,95
364,260,-205,373,-316,2845,74,103
348,259,-192,357,-321,2847,70,109
331,256,-180,341,-326,2848,65,117
312,253,-168,323,-332,2851,62,120
292,249,-155,305,-337,2852,58,126
271,246,-141,285,-342,2853,52,134
250,245,-127,266,-347,2853,45,144
229,242,-112,247,-351,2853,40,152
207,239,-97,227,-355,2855,35,158
185,234,-82,205,-358,2857,30,166
162,230,-66,183,-362,2858,24,172
139,227,-50,159,-368,2859,20,180
116,224,-35,136,-372,2859,17,189
93,220,-20,114,-376,2861,9,196
69,216,-4,92,-379,2863,3,205
45,213,10,70,-382,2865,-1,213
20,210,26,48,-385,2865,-9,220
-3,209,41,26,-388,2865,-14,230
-27,206,57,4,-392,2865,-21,239
-50,203,72,-16,-395,2866,-28,247
-73,200,86,-38,-398,2867,-34,253
-95,197,100,-60,-400,2867,-40,261
-117,195,114,-81,-401,2867,-45,271
-138,193,128,-101,-402,2866,-48,279
-159,191,142,-120,-403,2867,-54,286
-179,189,156,-139,-404,2869,-58,295
-198,188,169,-157,-406,2871,-65,303
-216,187,180,-174,-407,2872,-70,310
-234,187,192,-190,-406,2871,-73,319
-251,186,204,-205,-404,2871,-79,327
-267,186,216,-219,-402,2871,-83,333
-282,186,228,-232,-401,2871,-89,344
-296,187,239,-244,-401,2871,-90,351
-307,188,248,-256,-401,2871,-91,357
-318,188,256,-266,-400,2869,-95,365
-329,187,264,-274,-398,2867,-100,368
-340,187,272,-281,-397,2866,-106,373
-350,187,278,-287,-397,2865,-108,375
-357,188,284,-293,-395,2865,-111,382
-364,189,288,-299,-392,2865,-113,385
-369,190,292,-302,-387,2865,-115,389
-372,190,295,-303,-383,2865,-117,391
-374,188,297,-303,-380,2864,-118,390
-375,186,299,-303,-379,2863,-119,390
-376,184,300,-301,-376,2861,-120,388
-375,182,300,-299,-373,2859,-122,385
-374,180,298,-295,-368,2859,-123,380
-369,177,293,-289,-362,2858,-123,375
-364,172,288,-283,-358,2857,-122,366
-357,166,283,-276,-355,2855,-123,356
-351,159,278,-268,-352,2853,-120,344
-343,152,272,-259,-349,2852,-120,333
-334,145,263,-247,-344,2853,-120,321
-323,139,251,-235,-339,2853,-119,306
-311,131,240,-223,-334,2852,-119,288
-298,121,229,-211,-329,2850,-115,271
-285,109,217,-198,-324,2848,-113,251
-271,98,204,-184,-320,2846,-112,233
-256,86,190,-168,-315,2845,-108,211
-240,75,175,-150,-310,2845,-108,186
-222,62,159,-133,-305,2845,-104,163
-205,47,141,-115,-300,2845,-101,136
-187,32,123,-98,-296,2845,-97,111
-169,17,106,-80,-291,2844,-96,83
-151,2,89,-60,-285,2843,-93,54
-132,-12,70,-39,-281,2840,-91,26
-112,-28,51,-19,-276,2839,-90,-1
-92,-44,31,0,-273,2838,-85,-32
-72,-61,10,18,-270,2838,-81,-62
-51,-78,-9,37,-266,2838,-78,-92
-31,-95,-30,57,-262,2838,-74,-124
-11,-112,-50,78,-258,2838,-72,-156
8,-128,-70,99,-255,2837,-68,-185
29,-145,-90,120,-251,2837,-67,-214
49,-162,-110,140,-249,2837,-63,-247
69,-179,-130,160,-247,2837,-59,-277
88,-196,-151,179,-245,2837,-56,-307
107,-213,-169,197,-243,2837,-53,-338
125,-230,-187,216,-241,2836,-52,-367
143,-246,-205,234,-238,2835,-47,-396
160,-261,-222,253,-237,2835,-47,-423
176,-275,-238,271,-237,2835,-45,-448
192,-289,-253,289,-237,2834,-45,-472
208,-303,-268,305,-238,2833,-41,-499
222,-318,-281,320,-238,2832,-40,-521
235,-331,-294,334,-237,2831,-39,-545
246,-343,-307,347,-237,2831,-37,-565
257,-355,-318,361,-238,2832,-39,-584
267,-366,-328,373,-239,2832,-37,-603
277,-377,-336,385,-241,2832,-37,-622
285,-387,-343,395,-242,2832,-39,-638
292,-397,-349,405,-244,2832,-39,-653
297,-405,-356,415,-246,2832,-40,-666
302,-413,-361,424,-248,2832,-42,-677
306,-420,-364,431,-251,2832,-42,-687
309,-426,-365,437,-253,2833,-45,-694
311,-431,-365,441,-256,2832,-45,-699
313,-435,-364,446,-260,2833,-46,-704
314,-440,-365,450,-265,2833,-47,-711
312,-445,-364,453,-269,2835,-51,-717
310,-448,-361,454,-272,2836,-53,-717
306,-450,-356,454,-277,2835,-54,-717
302,-451,-349,453,-281,2834,-57,-715
298,-450,-343,452,-286,2835,-58,-712
294,-450,-338,450,-291,2837,-59,-706
289,-450,-331,448,-296,2838,-63,-704
282,-448,-322,445,-300,2839,-64,-698
275,-446,-313,440,-305,2839,-67,-690
268,-443,-304,435,-310,2839,-69,-681
260,-440,-295,430,-316,2839,-70,-672
251,-437,-286,424,-322,2840,-75,-665
241,-434,-277,419,-328,2840,-80,-656
231,-430,-267,411,-334,2841,-84,-644
221,-424,-256,403,-339,2842,-84,-634
211,-418,-245,393,-344,2843,-87,-621
201,-412,-234,384,-349,2843,-87,-606
191,-407,-224,375,-354,2843,-90,-594
181,-401,-213,365,-360,2844,-91,-581
170,-396,-202,355,-366,2844,-95,-570
160,-389,-192,345,-372,2846,-95,-555
151,-380,-181,335,-376,2846,-96,-539
141,-372,-170,325,-379,2846,-96,-523
131,-363,-159,315,-383,2847,-100,-506
120,-355,-149,305,-387,2849,-101,-493
111,-346,-139,293,-393,2851,-101,-477
101,-337,-130,283,-398,2851,-101,-461
92,-327,-121,273,-402,2851,-103,-445
85,-316,-112,263,-406,2851,-101,-427
77,-306,-104,254,-410,2851,-102,-411
70,-295,-95,244,-414,2853,-100,-395
61,-283,-86,234,-418,2856,-102,-374
53,-271,-78,226,-422,2857,-103,-357
45,-258,-71,217,-425,2858,-104,-339
39,-246,-65,210,-428,2858,-102,-323
35,-234,-59,202,-430,2858,-103,-307
30,-222,-54,194,-433,2858,-101,-290
24,-209,-49,185,-435,2858,-100,-272
19,-195,-43,177,-437,2858,-101,-255
15,-180,-39,169,-440,2858,-97,-235
12,-166,-35,162,-442,2860,-96,-218
9,-152,-32,156,-444,2862,-95,-201
5,-139,-29,150,-446,2864,-93,-184
1,-125,-25,145,-448,2864,-93,-168
0,-111,-21,140,-449,2864,-93,-151
-2,-97,-17,135,-450,2864,-91,-135
-4,-84,-14,130,-451,2864,-89,-118
-6,-69,-13,125,-452,2864,-89,-101
-7,-54,-12,119,-454,2865,-85,-83
-7,-39,-10,115,-455,2868,-84,-67
-7,-24,-8,112,-456,2869,-80,-50
-6,-10,-6,109,-455,2869,-78,-35
-6,3,-5,108,-455,2869,-79,-19
-7,16,-4,107,-455,2869,-76,-4
-7,30,-4,105,-457,2869,-78,9
-5,44,-3,103,-458,2869,-74,24
-3,58,-2,101,-460,2869,-72,41
-2,72,0,100,-460,2869,-68,54
0,86,1,99,-460,2869,-68,72
0,99,2,99,-460,2871,-67,85
2,112,2,99,-460,2872,-62,98
4,124,3,97,-460,2873,-61,111
7,136,4,96,-460,2873,-58,125
9,149,5,96,-460,2873,-53,139
12,162,5,96,-460,2874,-53,152
15,174,4,96,-460,2874,-50,164
19,186,4,96,-460,2874,-47,177
22,197,5,96,-460,2874,-43,187
25,208,6,97,-460,2874,-41,198
28,220,7,98,-460,2874,-39,212
30,233,8,99,-459,2874,-36,225
33,245,10,100,-459,2874,-34,238
36,257,11,101,-460,2874,-31,250
39,267,12,102,-462,2875,-29,263
43,278,12,102,-463,2874,-24,273
47,287,12,102,-463,2875,-20,284
51,298,13,103,-462,2875,-20,294
53,308,14,104,-461,2875,-18,305
54,318,15,105,-462,2874,-17,314
56,328,16,106,-465,2874,-15,325
60,339,17,106,-466,2875,-12,338
63,350,18,108,-465,2876,-8,350
66,357,20,110,-463,2878,-8,358
69,365,21,112,-461,2879,-6,366
72,371,23,112,-459,2880,-3,372
75,379,24,113,-459,2879,0,380
78,388,25,114,-460,2879,2,391
79,396,26,115,-461,2879,3,401
81,403,26,117,-461,2879,2,405
83,409,26,118,-461,2880,3,415
85,415,28,118,-461,2880,7,419
88,420,29,119,-461,2880,9,426
90,427,30,119,-460,2879,10,432
92,434,30,121,-460,2879,13,440
93,441,31,122,-460,2879,12,448
95,448,32,123,-461,2881,13,454
97,452,33,122,-461,2883,17,461
98,456,34,122,-461,2884,18,465
99,461,34,124,-459,2884,17,469
100,465,34,127,-458,2884,15,472
102,469,34,129,-459,2884,17,476
104,473,34,130,-461,2884,19,479
107,477,34,129,-461,2884,23,484
109,481,34,129,-460,2886,24,488
109,484,34,129,-459,2887,24,491
109,487,35,130,-460,2889,24,494
110,489,35,130,-461,2890,24,496
111,493,36,131,-462,2889,25,502
112,497,37,132,-461,2889,26,506
112,499,37,132,-460,2889,26,510
111,501,37,132,-459,2890,23,511
110,502,38,132,-460,2892,21,512
109,503,38,132,-462,2894,24,513
109,505,37,132,-463,2894,20,515
108,507,36,132,-464,2894,19,515
106,509,33,132,-464,2894,18,516
104,510,30,133,-463,2895,15,515
102,510,30,133,-463,2898,13,515
100,510,31,132,-463,2899,12,515
98,510,31,133,-463,2899,9,517
96,511,31,133,-463,2899,7,516
93,511,29,133,-463,2899,1,516
89,510,26,133,-463,2900,-1,512
85,507,23,132,-463,2902,-6,510
82,504,21,130,-463,2904,-9,505
78,499,20,130,-463,2904,-12,498
74,494,18,130,-463,2904,-17,493
68,488,15,130,-463,2905,-21,487
61,483,12,129,-462,2907,-29,478
54,477,9,127,-462,2909,-36,469
46,469,7,125,-462,2909,-45,462
39,460,4,123,-462,2909,-51,452
32,449,0,122,-462,2909,-58,438
24,436,-3,121,-462,2910,-65,422
14,422,-8,119,-462,2912,-75,405
2,408,-13,117,-462,2913,-87,388
-10,392,-18,114,-462,2914,-100,371
-24,374,-22,111,-462,2914,-111,350
-37,353,-28,107,-462,2913,-124,325
-51,331,-35,103,-462,2913,-135,300
-68,307,-43,98,-462,2913,-151,272
-86,279,-51,93,-462,2913,-169,239
-104,248,-60,88,-462,2914,-185,203
-125,215,-68,83,-462,2915,-205,167
-147,179,-75,76,-462,2917,-223,128
-170,140,-84,69,-462,2918,-244,81
-195,97,-94,61,-463,2919,-266,35
-220,52,-105,53,-466,2919,-288,-15
-249,3,-116,44,-466,2919,-312,-72
-279,-49,-128,35,-467,2919,-340,-129
-312,-108,-140,24,-467,2919,-367,-195
-347,-173,-151,13,-468,2919,-395,-267
-384,-243,-165,1,-470,2919,-429,-345
-423,-318,-181,-12,-472,2919,-462,-428
-464,-398,-198,-27,-472,2919,-496,-516
-507,-484,-215,-43,-472,2919,-531,-611
-552,-577,-232,-60,-472,2920,-570,-712
-600,-677,-249,-78,-473,2919,-609,-821
-652,-785,-267,-97,-474,2917,-650,-941
-706,-899,-288,-117,-475,2916,-695,-1064
-762,-1022,-310,-139,-475,2915,-739,-1197
-820,-1152,-332,-163,-477,2914,-784,-1340
-882,-1292,-355,-188,-479,2914,-834,-1491
-946,-1441,-378,-214,-480,2913,-886,-1652
-1014,-1599,-403,-242,-481,2912,-937,-1823
-1083,-1767,-428,-272,-483,2910,-991,-2004
-1154,-1945,-454,-304,-484,2908,-1044,-2198
-1228,-2132,-482,-337,-485,2907,-1099,-2399
-1305,-2330,-511,-373,-487,2904,-1158,-2609
-1385,-2537,-541,-410,-489,2902,-1219,-2834
-1466,-2757,-571,-449,-491,2899,-1278,-3067
-1549,-2987,-602,-489,-494,2897,-1340,-3315
-1636,-3230,-634,-531,-496,2895,-1401,-3575
-1725,-3483,-668,-575,-498,2891,-1466,-3846
-1817,-3748,-702,-621,-499,2887,-1532,-4127
-1910,-4022,-737,-668,-500,2882,-1597,-4419
-2006,-4306,-773,-718,-502,2877,-1665,-4721
-2103,-4601,-810,-769,-504,2872,-1731,-5035
-2202,-4907,-848,-822,-506,2867,-1801,-5360
-2303,-5222,-885,-876,-509,2863,-1871,-5694
-2406,-5545,-923,-932,-513,2858,-1939,-6037
-2508,-5877,-961,-989,-515,2852,-2009,-6389
-2611,-6216,-1001,-1047,-517,2845,-2077,-6748
-2715,-6563,-1040,-1105,-519,2837,-2147,-7114
-2821,-6916,-1079,-1164,-522,2829,-2216,-7488
-2927,-7273,-1118,-1224,-526,2821,-2288,-7865
-3033,-7634,-1157,-1284,-528,2813,-2357,-8246
-3137,-7998,-1196,-1346,-531,2805,-2424,-8630
-3240,-8364,-1234,-1409,-533,2796,-2489,-9015
-3343,-8731,-1272,-1470,-535,2786,-2553,-9402
-3444,-9097,-1310,-1532,-538,2775,-2618,-9785
-3545,-9461,-1347,-1592,-541,2763,-2680,-10000
-3642,-9822,-1383,-1652,-544,2751,-2746,-10000
-3738,-10000,-1419,-1711,-546,2739,-2815,-10000
-3831,-10000,-1454,-1769,-547,2727,-2883,-10000
-3923,-10000,-1488,-1826,-549,2713,-2949,-10000
-4010,-10000,-1519,-1880,-552,2699,-3011,-10000
-4093,-10000,-1548,-1933,-554,2685,-3068,-10000
-4176,-10000,-1577,-1983,-556,2670,-3128,-10000
-4263,-10000,-1604,-2031,-558,2654,-3192,-10000
-4341,-10000,-1631,-2078,-561,2638,-3249,-10000
-4385,-10000,-1655,-2121,-563,2620,-3272,-10000
-4376,-10000,-1677,-2161,-565,2602,-3243,-10000
-4316,-10000,-1698,-2198,-566,2583,-3164,-10000
-4239,-10000,-1715,-2232,-567,2563,-3067,-10000
-4166,-10000,-1731,-2262,-568,2543,-2977,-10000
-4107,-10000,-1745,-2290,-569,2522,-2902,-10000
-4062,-10000,-1756,-2313,-571,2501,-2844,-10000
-4030,-10000,-1765,-2331,-572,2479,-2801,-10000
-4013,-10000,-1771,-2344,-573,2457,-2777,-10000
-4010,-10000,-1774,-2354,-574,2435,-2768,-10000
-4012,-10000,-1776,-2361,-576,2412,-2768,-10000
-4014,-10000,-1775,-2365,-577,2388,-2764,-10000
-4012,-10000,-1773,-2365,-578,2362,-2763,-10000
-4010,-10000,-1767,-2360,-578,2336,-2763,-10000
-4012,-10000,-1759,-2351,-578,2309,-2771,-10000
-4029,-10000,-1747,-2337,-578,2283,-2793,-10000
-4062,-10000,-1734,-2320,-577,2256,-2834,-10000
-4106,-10000,-1719,-2299,-577,2228,-2889,-10000
-4161,-10000,-1703,-2274,-575,2200,-2957,-10000
-4230,-10000,-1684,-2246,-574,2172,-3042,-10000
-4310,-10000,-1663,-2214,-574,2143,-3138,-10000
-4385,-10000,-1640,-2178,-574,2114,-3232,-10000
-4416,-10000,-1615,-2139,-573,2084,-3281,-10000
-4387,-10000,-1588,-2098,-572,2053,-3272,-10000
-4315,-10000,-1559,-2054,-570,2022,-3220,-10000
-4226,-10000,-1528,-2007,-568,1991,-3151,-10000
-4141,-10000,-1496,-1957,-566,1961,-3089,-10000
-4059,-10000,-1463,-1904,-564,1931,-3031,-10000
-3974,-10000,-1428,-1849,-563,1899,-2968,-10000
-3881,-10000,-1392,-1792,-562,1867,-2901,-10000
-3784,-10000,-1355,-1734,-561,1835,-2832,-10000
-3684,-9878,-1317,-1674,-559,1804,-2757,-10000
-3581,-9513,-1278,-1615,-557,1773,-2685,-10000
-3477,-9143,-1239,-1554,-555,1742,-2617,-9795
-3371,-8769,-1198,-1492,-553,1711,-2547,-9400
-3262,-8392,-1156,-1429,-552,1681,-2476,-9000
-3151,-8016,-1115,-1365,-551,1652,-2403,-8603
-3039,-7640,-1073,-1302,-548,1623,-2332,-8207
-2928,-7265,-1033,-1239,-545,1593,-2258,-7811
-2817,-6893,-993,-1177,-543,1563,-2185,-7418
-2705,-6525,-953,-1114,-542,1534,-2110,-7030
-2592,-6163,-912,-1053,-540,1507,-2032,-6646
-2480,-5808,-872,-993,-538,1480,-1958,-6272
-2369,-5460,-832,-935,-537,1454,-1881,-5904
-2261,-5122,-793,-877,-535,1428,-1806,-5545
-2153,-4795,-755,-820,-534,1402,-1733,-5199
-2047,-4477,-717,-764,-533,1378,-1658,-4860
-1943,-4170,-680,-710,-532,1356,-1585,-4535
-1841,-3874,-644,-658,-531,1334,-1514,-4220
-1741,-3589,-609,-609,-529,1314,-1442,-3917
-1643,-3317,-574,-563,-528,1294,-1369,-3626
-1547,-3059,-540,-519,-528,1274,-1298,-3353
-1455,-2813,-508,-476,-529,1256,-1231,-3089
-1367,-2579,-479,-434,-529,1239,-1168,-2840
-1282,-2358,-452,-394,-528,1222,-1107,-2605
-1200,-2150,-425,-357,-528,1206,-1044,-2382
-1121,-1955,-398,-323,-528,1191,-983,-2175
-1045,-1774,-372,-291,-528,1178,-926,-1980
-974,-1604,-348,-262,-527,1165,-870,-1796
-906,-1442,-326,-234,-526,1153,-817,-1623
-842,-1293,-304,-208,-526,1142,-769,-1463
-782,-1155,-283,-183,-527,1132,-721,-1313
-724,-1029,-264,-160,-529,1123,-676,-1179
-670,-914,-247,-140,-530,1114,-631,-1054
-619,-807,-232,-121,-531,1106,-592,-939
-571,-708,-217,-103,-531,1100,-552,-831
-526,-616,-202,-86,-531,1094,-517,-732
-485,-534,-188,-71,-531,1089,-483,-643
-448,-461,-176,-59,-532,1084,-452,-563
-414,-393,-166,-49,-534,1079,-423,-488
-381,-330,-156,-39,-535,1074,-394,-421
-350,-273,-148,-29,-536,1070,-369,-360
-323,-221,-140,-21,-536,1066,-345,-303
-299,-175,-134,-13,-536,1063,-324,-252
-277,-132,-129,-7,-536,1059,-308,-208
-256,-92,-124,-1,-537,1056,-291,-164
-238,-57,-121,2,-537,1055,-273,-128
-222,-25,-118,4,-537,1054,-260,-92
-208,2,-115,7,-536,1053,-246,-64
-194,27,-113,9,-537,1051,-233,-35
-181,51,-110,9,-538,1050,-220,-9
-170,73,-108,8,-540,1050,-209,12
-161,93,-108,7,-542,1050,-198,35
-154,111,-109,5,-542,1049,-192,54
-149,130,-110,3,-542,1048,-185,70
-144,147,-112,0,-542,1047,-180,89
-139,162,-112,-4,-542,1046,-170,107
-135,174,-114,-9,-542,1046,-164,119
-133,184,-115,-14,-542,1045,-159,129
-131,195,-117,-20,-542,1045,-155,140
-130,206,-119,-29,-544,1045,-150,152
-130,217,-122,-38,-545,1045,-145,163
-132,226,-126,-47,-547,1046,-142,173
-133,234,-130,-57,-547,1046,-139,181
-136,242,-132,-69,-547,1046,-134,189
-138,250,-135,-82,-547,1046,-129,197
-142,257,-138,-96,-547,1046,-123,206
-146,263,-143,-111,-547,1046,-119,211
-150,267,-148,-127,-547,1046,-114,218
-155,270,-151,-145,-547,1046,-109,222
-162,274,-153,-164,-547,1046,-104,228
-170,279,-155,-184,-547,1045,-100,235
-179,283,-159,-205,-547,1045,-97,240
-189,285,-162,-225,-548,1046,-95,245
-199,286,-166,-248,-549,1046,-93,247
-211,286,-168,-272,-550,1046,-90,251
-223,287,-171,-298,-551,1044,-85,255
-237,287,-174,-325,-552,1042,-84,256
-250,285,-178,-354,-552,1041,-78,260
-266,283,-181,-384,-552,1041,-76,260
-283,280,-182,-415,-552,1041,-74,262
-302,278,-183,-447,-552,1040,-74,264
-321,274,-183,-480,-552,1038,-72,267
-340,271,-183,-513,-552,1036,-70,268
-360,265,-184,-546,-552,1035,-68,267
-380,259,-184,-582,-553,1033,-67,266
-403,252,-184,-619,-553,1030,-64,267
-427,245,-183,-657,-553,1026,-64,267
-451,238,-181,-695,-553,1023,-64,267
-475,230,-180,-734,-552,1020,-63,263
-499,221,-178,-773,-550,1016,-63,262
-524,211,-177,-814,-549,1013,-61,260
-549,201,-175,-856,-549,1010,-59,260
-575,190,-173,-897,-548,1006,-58,256
-602,179,-171,-938,-546,1002,-58,252
-629,169,-168,-979,-544,997,-58,249
-657,157,-165,-1020,-542,991,-59,247
-686,145,-161,-1061,-541,986,-61,242
-714,132,-158,-1101,-539,982,-63,236
-742,119,-154,-1142,-537,976,-64,233
-769,108,-150,-1182,-534,970,-67,228
-795,97,-145,-1222,-531,963,-64,227
-820,86,-140,-1261,-528,955,-63,225
-845,75,-137,-1299,-526,948,-64,222
-871,63,-134,-1337,-523,939,-65,218
-896,53,-132,-1372,-520,932,-65,214
-920,43,-129,-1406,-516,923,-67,209
-942,33,-125,-1438,-511,915,-68,207
-964,25,-122,-1469,-506,906,-69,206
-984,16,-119,-1499,-501,896,-70,205
-1002,8,-117,-1527,-495,886,-69,202
-1019,1,-115,-1554,-489,876,-68,200
-1034,-4,-115,-1579,-483,865,-69,198
-1049,-9,-114,-1601,-477,854,-69,198
-1063,-13,-115,-1622,-470,842,-72,196
-1075,-15,-115,-1639,-462,830,-70,197
-1084,-16,-115,-1654,-455,818,-69,198
-1090,-16,-117,-1667,-448,806,-69,198
-1096,-16,-119,-1677,-440,793,-70,201
-1100,-15,-121,-1686,-432,779,-69,202
-1102,-14,-124,-1693,-422,766,-67,203
-1103,-12,-127,-1698,-413,752,-64,202
-1101,-7,-130,-1699,-405,738,-63,207
-1097,-1,-134,-1696,-396,724,-62,212
-1092,6,-139,-1691,-386,708,-62,214
-1086,15,-145,-1684,-375,692,-63,222
-1077,24,-153,-1675,-364,677,-61,225
-1066,33,-160,-1665,-354,662,-58,228
-1053,44,-168,-1652,-343,647,-54,234
-1040,57,-176,-1636,-333,631,-53,239
-1025,70,-183,-1617,-322,614,-53,249
-1008,83,-191,-1597,-310,597,-52,253
-990,97,-199,-1575,-299,581,-50,261
-969,111,-208,-1552,-287,565,-45,264
-947,125,-216,-1526,-275,548,-42,272
-924,140,-226,-1498,-264,531,-39,277
-899,154,-235,-1470,-253,513,-36,281
-874,169,-245,-1440,-242,495,-30,288
-849,184,-253,-1408,-231,477,-28,295
-825,200,-263,-1373,-220,460,-28,299
-800,214,-271,-1337,-209,443,-29,303
-773,228,-281,-1302,-199,426,-28,307
-745,241,-289,-1266,-188,409,-24,311
-717,254,-297,-1230,-178,391,-20,314
-689,267,-306,-1192,-166,373,-19,318
-661,279,-314,-1154,-155,355,-18,319
-634,289,-321,-1116,-145,338,-14,317
-606,298,-328,-1077,-136,321,-14,317
-579,307,-333,-1038,-128,305,-14,319
-552,316,-338,-998,-119,289,-14,318
-526,323,-343,-958,-110,272,-14,317
-500,328,-348,-920,-101,256,-13,313
-474,332,-353,-883,-92,240,-10,307
-451,336,-356,-846,-83,225,-12,305
-428,338,-359,-809,-76,210,-14,299
-405,339,-361,-772,-69,195,-15,291
-383,338,-365,-735,-63,180,-17,283
-360,337,-367,-701,-57,164,-15,277
-339,335,-368,-666,-50,151,-17,267
-320,331,-368,-633,-45,138,-19,258
-302,326,-368,-601,-41,126,-20,249
-285,321,-367,-569,-37,113,-23,238
-267,315,-366,-538,-33,101,-24,227
-250,308,-365,-508,-28,89,-28,214
-235,299,-363,-478,-24,78,-31,202
-222,290,-359,-449,-20,66,-35,189
-208,282,-354,-422,-17,55,-35,180
-195,274,-350,-396,-15,44,-39,170
-183,266,-346,-371,-12,34,-41,158
-172,257,-342,-347,-9,25,-42,147
-163,249,-338,-324,-7,17,-48,136
-154,243,-332,-301,-5,8,-51,130
-145,237,-326,-279,-4,0,-54,124
-136,231,-320,-257,-3,-9,-59,115
-127,224,-314,-237,-2,-17,-61,108
-119,217,-307,-217,-1,-24,-63,101
-113,212,-300,-199,-1,-30,-65,97
-106,208,-291,-181,-2,-37,-68,93
-98,206,-283,-164,-3,-45,-70,95
-91,205,-274,-149,-2,-52,-70,93
-84,205,-266,-135,0,-58,-72,96
-78,205,-258,-121,0,-63,-70,98
-72,205,-249,-107,0,-68,-72,101
-66,208,-241,-92,0,-74,-73,103
-61,212,-232,-78,0,-81,-75,111
-57,216,-223,-65,0,-87,-76,117
-51,221,-214,-53,-1,-93,-75,124
-45,227,-205,-42,-1,-97,-74,133
-38,234,-195,-30,0,-101,-73,142
-31,242,-186,-19,-1,-104,-72,156
-25,252,-178,-8,-3,-109,-70,166
-20,262,-170,2,-5,-113,-70,179
-15,273,-161,11,-7,-116,-70,195
-9,285,-152,20,-7,-119,-68,209
-4,295,-144,28,-7,-122,-68,223
0,305,-136,37,-9,-126,-65,235
6,315,-128,45,-11,-130,-62,249
11,326,-121,53,-13,-134,-59,262
18,339,-114,61,-14,-137,-58,278
25,350,-106,67,-13,-139,-54,292
30,360,-99,73,-13,-141,-51,305
35,368,-93,79,-13,-144,-50,316
39,376,-87,85,-14,-146,-46,325
42,384,-82,89,-15,-149,-45,334
46,391,-75,93,-16,-151,-41,345
50,397,-69,96,-17,-153,-37,356
54,402,-63,99,-18,-155,-36,361
57,407,-60,103,-18,-156,-34,368
60,411,-56,106,-19,-158,-32,373
61,415,-53,109,-20,-159,-31,379
62,416,-48,112,-21,-160,-30,383
63,416,-44,114,-21,-161,-30,383
64,414,-41,116,-22,-162,-31,383
65,411,-38,117,-22,-164,-30,380
66,407,-36,118,-22,-165,-29,379
65,401,-34,119,-23,-164,-30,373
64,393,-32,121,-24,-164,-30,365
62,385,-32,122,-25,-164,-32,356
60,377,-31,122,-25,-166,-34,347
57,368,-30,121,-25,-168,-37,340
54,357,-29,119,-25,-169,-37,329
51,344,-28,118,-25,-169,-40,317
49,332,-28,118,-25,-169,-42,303
45,318,-28,118,-24,-169,-46,290
41,305,-29,117,-25,-169,-50,277
36,292,-29,115,-26,-169,-51,262
32,277,-29,113,-28,-168,-54,247
28,261,-30,111,-29,-167,-56,230
24,245,-30,109,-30,-167,-59,214
20,229,-31,107,-30,-168,-62,200
15,213,-31,105,-29,-168,-65,184
10,198,-32,102,-29,-167,-68,168
5,182,-33,100,-29,-166,-73,152
0,166,-35,99,-29,-164,-75,133
-5,150,-36,98,-29,-163,-84,117
-10,134,-37,97,-29,-164,-85,101
-14,119,-37,95,-29,-164,-90,85
-19,105,-37,92,-30,-164,-91,70
-25,91,-37,90,-31,-164,-97,56
-30,77,-39,88,-32,-163,-100,41
-35,64,-41,87,-33,-163,-103,28
-38,50,-42,84,-33,-163,-104,14
-42,37,-41,82,-33,-163,-108,1
-46,24,-42,80,-32,-163,-109,-12
-50,12,-43,79,-33,-164,-113,-25
-55,1,-43,78,-34,-164,-118,-36
-58,-8,-45,76,-34,-163,-120,-46
-60,-18,-46,75,-34,-163,-120,-56
-62,-26,-46,73,-34,-164,-122,-65
-64,-35,-46,73,-34,-166,-124,-74
-67,-42,-47,72,-34,-167,-126,-81
-71,-50,-48,70,-35,-167,-128,-89
-74,-57,-48,68,-34,-165,-130,-96
-77,-62,-48,67,-34,-164,-134,-102
-78,-66,-48,67,-34,-165,-135,-106
-80,-69,-47,68,-34,-167,-136,-109
-82,-73,-47,68,-34,-169,-137,-114
-85,-78,-48,68,-34,-169,-141,-118
-86,-82,-49,66,-34,-169,-142,-123
-87,-85,-50,65,-34,-168,-140,-128
-87,-86,-50,65,-34,-168,-141,-126
-88,-87,-48,65,-34,-168,-142,-128
-90,-88,-46,65,-34,-168,-144,-129
-92,-89,-45,65,-34,-168,-146,-130
-93,-90,-45,64,-34,-168,-147,-128
-94,-90,-45,64,-34,-168,-146,-129
-95,-90,-45,64,-34,-168,-146,-129
-95,-90,-45,64,-34,-168,-146,-129
-94,-90,-45,64,-34,-169,-148,-129
-94,-91,-45,64,-34,-169,-145,-130
-93,-93,-45,64,-34,-168,-144,-131
-92,-94,-45,64,-34,-168,-146,-133
-92,-95,-45,64,-34,-168,-146,-134
-92,-95,-44,64,-34,-170,-144,-134
-92,-94,-44,63,-35,-172,-144,-133
-93,-93,-45,64,-35,-173,-144,-131
-94,-91,-45,65,-35,-174,-147,-133
-94,-90,-46,68,-35,-173,-151,-131
-95,-90,-45,70,-35,-173,-151,-131
-94,-90,-45,71,-35,-173,-151,-131
-94,-90,-44,71,-35,-173,-151,-131
-94,-90,-44,71,-35,-175,-151,-131
-94,-90,-44,71,-35,-177,-151,-131
-94,-90,-44,71,-35,-178,-151,-131
-94,-90,-44,71,-35,-179,-151,-131
-94,-90,-44,71,-35,-178,-151,-131
-94,-90,-44,71,-35,-178,-151,-131
-94,-91,-44,71,-35,-178,-150,-133
-93,-92,-44,71,-35,-178,-150,-133
-93,-93,-44,71,-35,-180,-150,-134
-93,-93,-44,71,-35,-182,-148,-135
-92,-94,-44,71,-35,-183,-148,-135
-92,-94,-44,71,-36,-184,-148,-135
-92,-94,-44,70,-37,-183,-148,-135
-92,-94,-43,70,-37,-183,-148,-135
-93,-94,-43,70,-37,-183,-150,-133
-92,-95,-43,70,-36,-183,-148,-136
-90,-95,-44,70,-35,-183,-146,-136
-88,-95,-44,70,-35,-184,-145,-136
-87,-94,-43,70,-36,-187,-144,-133
-87,-93,-41,69,-36,-188,-144,-131
-87,-91,-39,70,-36,-188,-140,-129
-86,-89,-37,71,-36,-188,-140,-125
-85,-87,-37,71,-36,-188,-139,-123
-85,-85,-37,70,-36,-189,-139,-120
-84,-83,-38,70,-36,-191,-137,-118
-82,-79,-37,70,-36,-193,-136,-114
-80,-76,-36,72,-36,-193,-137,-111
-79,-72,-35,73,-36,-193,-135,-107
-77,-68,-34,73,-36,-193,-134,-103
-75,-63,-33,74,-36,-192,-131,-97
-72,-56,-33,74,-36,-193,-129,-91
-71,-49,-33,74,-36,-194,-128,-84
-68,-42,-31,75,-36,-196,-125,-74
-65,-36,-30,77,-36,-198,-123,-67
-62,-28,-29,78,-36,-198,-123,-59
-60,-20,-28,79,-36,-198,-120,-52
-58,-11,-27,80,-36,-197,-118,-42
-55,0,-25,81,-36,-198,-115,-29
-51,9,-23,84,-36,-199,-112,-18
-47,19,-21,86,-36,-201,-111,-7
-45,29,-21,90,-36,-203,-111,2
-42,39,-21,91,-36,-203,-108,13
-38,50,-20,93,-36,-202,-104,24
-33,62,-18,94,-36,-202,-102,36
-30,74,-16,96,-36,-203,-100,48
-27,85,-14,98,-36,-204,-97,62
-24,97,-11,100,-36,-205,-95,74
-20,109,-9,102,-36,-205,-92,86
-15,121,-7,104,-37,-206,-87,101
-10,132,-5,106,-37,-207,-84,113
-7,143,-4,108,-37,-208,-83,124
-5,154,-3,110,-37,-208,-81,135
-2,165,-3,112,-37,-207,-81,146
1,176,-2,114,-37,-208,-78,158
5,186,0,117,-37,-208,-75,168
9,195,1,119,-37,-207,-73,178
11,204,2,120,-37,-207,-70,190
14,213,4,121,-37,-208,-68,198
17,220,5,122,-37,-209,-64,206
20,227,7,124,-37,-210,-64,213
23,234,9,126,-37,-211,-62,220
25,241,10,127,-37,-211,-59,230
26,247,11,127,-37,-211,-58,236
28,253,11,128,-37,-212,-56,242
31,257,12,129,-37,-213,-54,247
32,260,13,129,-37,-213,-53,250
34,262,13,130,-37,-212,-51,252
36,263,14,130,-37,-212,-50,253
38,264,14,130,-37,-212,-47,255
39,265,13,130,-37,-212,-46,255
39,266,14,130,-37,-213,-46,256
39,265,14,130,-37,-213,-46,256
38,263,13,130,-37,-212,-47,253
38,260,12,129,-37,-211,-47,250
39,256,11,127,-37,-209,-46,246
38,252,10,126,-37,-207,-46,241
38,247,9,126,-37,-207,-47,238
36,243,10,126,-37,-207,-48,233
34,239,10,127,-37,-208,-50,229
32,234,10,126,-37,-208,-52,223
29,227,9,126,-37,-207,-54,213
28,219,7,124,-37,-207,-56,205
26,209,6,124,-37,-207,-58,195
24,202,5,122,-37,-207,-57,187
21,195,3,121,-37,-207,-59,180
18,187,2,118,-37,-207,-62,173
15,179,1,116,-37,-207,-63,164
12,169,0,115,-37,-207,-65,151
8,160,-1,115,-37,-207,-69,142
4,151,-3,115,-37,-207,-73,133
0,142,-5,113,-37,-207,-78,120
-3,132,-7,111,-37,-207,-81,111
-6,124,-7,109,-37,-207,-81,102
-9,116,-6,107,-37,-207,-84,95
-13,109,-7,104,-37,-207,-85,90
-17,101,-8,102,-37,-207,-89,79
-20,92,-10,101,-37,-207,-92,69
-23,83,-12,100,-37,-207,-92,61
-26,75,-13,99,-37,-207,-95,52
-29,68,-14,98,-37,-208,-98,45
-32,61,-15,97,-37,-208,-102,35
-35,54,-15,97,-37,-207,-104,28
-37,49,-16,96,-36,-205,-106,21
-40,44,-18,95,-36,-204,-109,17
-43,39,-18,94,-36,-204,-109,12
-46,34,-19,93,-36,-206,-112,7
-47,30,-20,92,-37,-207,-113,3
-49,26,-21,91,-37,-206,-115,0
-51,23,-22,90,-36,-206,-118,-6
-54,19,-23,90,-36,-206,-120,-9
-57,16,-24,89,-37,-207,-123,-13
-58,14,-25,88,-37,-208,-124,-15
-58,12,-26,87,-37,-208,-122,-17
-59,11,-26,87,-37,-207,-123,-19
-60,9,-26,87,-37,-207,-123,-20
-59,7,-26,87,-37,-207,-123,-23
-58,7,-26,87,-37,-208,-122,-23
-58,6,-26,87,-37,-208,-122,-24
-60,5,-26,87,-37,-207,-123,-24
-62,5,-26,87,-37,-207,-125,-25
-62,5,-26,87,-37,-207,-125,-24
-61,7,-26,87,-37,-208,-124,-23
-60,9,-26,87,-37,-209,-123,-20
-60,10,-26,87,-37,-209,-123,-19
-61,10,-26,87,-37,-209,-124,-19
-61,10,-25,88,-37,-209,-128,-19
-60,12,-23,89,-37,-211,-126,-17
-59,15,-22,90,-37,-212,-125,-14
-59,17,-22,90,-37,-213,-125,-12
-60,19,-22,90,-37,-213,-125,-10
-61,20,-23,90,-37,-212,-126,-9
-60,21,-22,90,-37,-212,-126,-8
-59,23,-21,91,-37,-214,-125,-3
-57,25,-20,93,-37,-216,-124,-2
-57,28,-19,93,-37,-217,-123,0
-56,29,-18,94,-37,-218,-123,2
-57,30,-18,93,-37,-217,-123,2
-57,30,-19,93,-37,-217,-123,2
-56,29,-19,93,-37,-217,-122,2
-56,30,-19,93,-37,-217,-122,2
-56,32,-18,93,-37,-217,-122,4
-57,33,-19,93,-37,-217,-123,6
-56,35,-19,93,-37,-217,-123,8
-55,36,-19,93,-37,-217,-122,9
-53,37,-19,93,-37,-217,-119,9
-53,37,-19,93,-37,-217,-119,9
-53,37,-19,93,-37,-217,-119,9
-53,37,-19,93,-37,-217,-119,9
-53,37,-19,93,-37,-217,-119,9
-53,37,-19,93,-37,-217,-119,9
-53,37,-18,93,-37,-217,-119,9
-53,37,-19,93,-37,-217,-119,9
-53,37,-19,93,-37,-217,-119,9
-53,37,-19,93,-37,-217,-119,9
-51,38,-18,93,-37,-219,-118,10
-51,38,-18,94,-37,-220,-118,10
-52,37,-19,93,-37,-220,-118,10
-53,37,-20,92,-37,-219,-119,9
-51,38,-21,91,-37,-217,-118,10
-50,38,-21,91,-37,-217,-117,12
-50,39,-20,92,-37,-217,-117,12
-51,38,-19,93,-37,-217,-118,10
-53,37,-18,94,-37,-217,-119,9
-53,37,-19,94,-37,-217,-123,9
-53,37,-19,94,-37,-217,-122,9
-53,37,-19,93,-37,-217,-119,9
-53,37,-19,93,-38,-217,-119,9
-53,37,-18,93,-37,-219,-119,9
-53,37,-19,94,-37,-221,-122,9
-53,37,-20,94,-38,-222,-122,9
-53,37,-20,95,-38,-223,-122,9
-53,37,-20,95,-38,-222,-122,9
-53,37,-20,95,-38,-222,-122,7
-53,37,-21,96,-36,-222,-122,7
-53,37,-22,97,-35,-222,-124,7
-53,37,-22,98,-34,-222,-125,7
-54,37,-21,98,-35,-222,-125,7
-53,37,-21,98,-36,-222,-124,7
-51,37,-20,99,-37,-222,-123,8
-50,39,-19,100,-36,-222,-122,9
-50,40,-18,100,-35,-222,-122,10
-50,43,-18,101,-33,-222,-122,15
-50,44,-18,101,-32,-221,-122,17
-48,45,-18,100,-32,-220,-119,15
-46,47,-18,100,-33,-221,-117,18
-44,49,-18,100,-33,-222,-115,19
-44,51,-18,101,-33,-223,-115,24
-43,54,-18,101,-33,-223,-115,26
-42,57,-18,101,-33,-222,-113,30
-39,59,-18,100,-33,-222,-111,30
-37,62,-19,100,-33,-222,-109,32
-36,65,-18,101,-33,-222,-108,39
-35,68,-17,101,-33,-222,-107,42
-34,73,-16,103,-33,-222,-106,47
-31,78,-14,104,-33,-222,-106,52
-29,82,-14,104,-33,-222,-104,56
-28,86,-15,104,-33,-222,-102,59
-25,89,-15,104,-33,-223,-100,64
-23,93,-14,104,-33,-223,-98,68
-21,97,-12,106,-33,-222,-96,72
-20,101,-11,107,-33,-222,-95,79
-18,106,-11,107,-33,-222,-93,84
-15,111,-11,107,-33,-224,-91,89
-13,116,-11,107,-33,-226,-87,92
-10,119,-11,107,-33,-227,-86,97
-10,121,-10,108,-33,-228,-85,100
-9,123,-8,109,-33,-227,-85,102
-9,126,-7,110,-33,-227,-86,104
-7,128,-7,111,-33,-227,-85,107
-5,131,-7,111,-33,-227,-84,109
-5,132,-8,110,-33,-227,-83,111
-5,133,-7,110,-33,-227,-83,112
-5,133,-7,110,-33,-227,-84,112
-5,133,-7,111,-33,-227,-84,112
-6,131,-9,111,-33,-229,-84,109
-7,129,-10,113,-33,-231,-85,104
-9,127,-11,114,-33,-232,-90,103
-11,125,-11,115,-33,-233,-91,101
-12,122,-10,114,-33,-232,-92,97
-12,119,-11,114,-33,-232,-92,93
-13,115,-12,113,-33,-232,-93,90
-15,110,-13,112,-33,-233,-95,85
-17,104,-14,111,-33,-234,-95,80
-20,98,-14,109,-33,-234,-97,73
-21,91,-14,108,-33,-234,-98,65
-23,83,-15,107,-33,-234,-97,58
-24,76,-17,106,-33,-235,-98,48
-27,68,-18,104,-34,-237,-101,40
-30,60,-18,103,-34,-238,-104,31
-33,51,-18,101,-34,-237,-104,23
-36,43,-19,100,-34,-237,-107,13
-38,34,-21,98,-34,-237,-109,4
-41,25,-23,97,-34,-237,-112,-3
-43,16,-25,95,-34,-237,-112,-13
-47,6,-26,94,-34,-237,-115,-26
-50,-4,-27,93,-34,-237,-118,-37
-54,-14,-28,92,-34,-237,-122,-48
-58,-25,-30,90,-34,-237,-125,-58
-62,-34,-32,88,-34,-237,-126,-70
-66,-43,-33,88,-34,-237,-131,-80
-69,-52,-33,87,-34,-237,-134,-90
-72,-61,-33,86,-34,-237,-136,-98
-74,-70,-34,84,-34,-237,-137,-107
-77,-79,-36,81,-34,-237,-139,-117
-81,-88,-37,79,-34,-237,-140,-126
-84,-96,-37,78,-34,-237,-142,-134
-86,-103,-37,77,-34,-237,-145,-141
-88,-109,-38,76,-34,-237,-146,-148
-91,-116,-39,75,-34,-237,-148,-155
-94,-122,-40,74,-34,-237,-152,-161
-96,-126,-42,73,-34,-237,-152,-168
-97,-130,-43,72,-34,-237,-153,-172
-98,-132,-44,71,-34,-237,-153,-174
-99,-135,-44,71,-34,-237,-155,-177
-101,-138,-44,71,-34,-238,-156,-180
-102,-141,-44,71,-34,-239,-157,-184
-104,-143,-44,71,-34,-240,-158,-186
-105,-144,-44,71,-34,-241,-161,-186
-105,-142,-44,71,-34,-240,-161,-185
-104,-140,-44,71,-35,-240,-159,-183
-103,-139,-44,71,-36,-240,-158,-181
-103,-137,-44,71,-35,-241,-158,-179
-104,-134,-44,71,-35,-242,-159,-177
-104,-131,-44,71,-36,-242,-159,-173
-103,-126,-44,71,-36,-242,-158,-168
-101,-121,-43,72,-35,-243,-156,-163
-98,-117,-42,73,-34,-245,-155,-156
-97,-112,-40,74,-35,-246,-156,-152
-97,-106,-39,76,-36,-247,-156,-145
-96,-98,-39,77,-36,-247,-155,-137
-95,-90,-39,79,-36,-246,-156,-129
-93,-83,-37,79,-35,-246,-152,-122
-91,-76,-36,79,-34,-247,-150,-114
-87,-70,-35,79,-34,-246,-146,-106
-83,-62,-33,80,-34,-247,-142,-97
-80,-55,-32,81,-35,-248,-142,-90
-79,-48,-31,83,-35,-250,-141,-83
-77,-40,-30,86,-35,-251,-142,-74
-75,-32,-29,89,-35,-251,-140,-65
-72,-24,-29,90,-35,-252,-139,-58
-69,-17,-28,90,-34,-253,-137,-51
-68,-10,-27,90,-35,-255,-135,-43
-66,-3,-26,92,-37,-256,-134,-37
-63,3,-25,93,-38,-257,-131,-28
-59,8,-23,94,-38,-256,-128,-21
-57,13,-22,95,-37,-256,-125,-17
-56,18,-21,96,-36,-256,-124,-12
-55,23,-22,97,-36,-258,-126,-6
-54,28,-22,97,-36,-260,-125,-1
-50,32,-21,98,-38,-261,-122,2
-47,34,-20,99,-38,-262,-119,4
-45,36,-18,100,-39,-261,-117,6
-44,38,-18,101,-39,-261,-115,10
-43,41,-18,101,-39,-261,-114,14
-42,43,-18,100,-40,-261,-113,14
-40,44,-18,100,-40,-261,-112,15
-39,45,-18,100,-40,-261,-111,15
-37,45,-18,101,-40,-261,-108,19
-36,46,-18,101,-40,-261,-107,19
-35,47,-18,101,-40,-261,-106,20
-34,47,-18,100,-40,-261,-106,18
-33,47,-19,100,-40,-261,-104,18
-33,48,-18,101,-40,-261,-104,21
-32,49,-17,101,-40,-261,-103,23
-31,50,-16,103,-40,-261,-102,24
-30,53,-15,104,-40,-261,-104,26
-30,55,-14,104,-40,-261,-103,29
-29,57,-15,104,-40,-261,-103,31
-28,60,-15,104,-40,-260,-102,34
-27,62,-14,104,-40,-259,-101,36
-26,65,-13,104,-40,-258,-97,39
-25,69,-11,104,-40,-258,-96,46
-22,74,-11,105,-40,-258,-97,51
-20,79,-10,108,-40,-258,-95,56
-19,83,-9,110,-40,-257,-96,61
-18,89,-8,110,-40,-256,-95,67
-18,95,-7,110,-39,-256,-95,73
-16,101,-7,110,-40,-256,-93,79
-14,108,-7,111,-40,-256,-92,86
-12,115,-5,112,-40,-256,-90,93
-10,122,-4,113,-40,-256,-87,100
-8,128,-3,114,-39,-256,-86,109
-6,134,-3,115,-40,-256,-84,115
-4,141,-1,116,-40,-258,-83,123
-3,149,0,116,-40,-260,-81,130
-2,158,0,117,-40,-260,-84,139
-1,165,0,117,-40,-260,-83,147
0,172,0,118,-40,-259,-80,155
3,179,1,119,-40,-260,-78,161
4,185,2,120,-40,-260,-76,170
5,191,3,121,-40,-260,-75,177
6,196,4,121,-40,-259,-75,181
6,199,5,122,-40,-260,-75,184
7,202,5,122,-40,-260,-75,186
7,203,5,122,-40,-260,-74,189
9,205,6,123,-40,-259,-73,190
10,205,6,123,-40,-258,-72,190
10,203,5,122,-40,-259,-72,189
10,201,4,121,-40,-260,-72,186
9,197,3,120,-40,-260,-73,183
8,192,2,120,-40,-260,-73,178
6,186,2,120,-40,-258,-75,172
4,180,1,119,-40,-258,-76,162
2,173,0,119,-40,-258,-79,155
-1,166,0,117,-40,-257,-83,147
-4,156,-1,115,-40,-257,-83,137
-8,145,0,112,-40,-256,-84,126
-11,132,-2,109,-40,-256,-86,113
-14,119,-3,107,-40,-256,-87,100
-18,106,-5,105,-40,-256,-91,86
-22,93,-8,104,-40,-256,-95,70
-27,79,-10,101,-40,-256,-100,56
-33,63,-13,99,-40,-256,-102,40
-38,47,-15,97,-40,-256,-107,20
-43,32,-18,94,-40,-256,-111,4
-47,16,-19,92,-40,-256,-113,-10
-52,0,-20,90,-40,-256,-117,-26
-57,-16,-21,87,-39,-256,-120,-45
-63,-32,-24,84,-39,-255,-123,-62
-68,-48,-26,80,-39,-254,-126,-80
-72,-62,-29,78,-39,-253,-129,-93
-75,-74,-31,76,-39,-252,-131,-107
-79,-87,-32,75,-39,-252,-135,-123
-84,-99,-35,73,-39,-251,-140,-135
-88,-111,-37,70,-39,-251,-141,-147
-92,-122,-39,68,-39,-251,-145,-162
-95,-132,-40,66,-39,-252,-147,-172
-98,-138,-40,65,-39,-252,-148,-178
-101,-144,-40,64,-39,-253,-151,-181
-103,-148,-40,62,-39,-254,-153,-186
-105,-153,-42,61,-39,-255,-152,-194
-107,-157,-42,61,-39,-256,-155,-197
-109,-159,-43,61,-40,-256,-158,-200
-110,-159,-42,61,-40,-256,-157,-198
-111,-156,-41,61,-40,-256,-158,-197
-111,-153,-40,61,-40,-256,-158,-191
-111,-149,-39,62,-40,-256,-159,-186
-111,-144,-38,63,-40,-256,-162,-181
-111,-138,-38,64,-40,-256,-161,-175
-109,-131,-38,64,-40,-256,-159,-168
-107,-123,-37,64,-40,-256,-158,-161
-105,-114,-35,66,-39,-258,-156,-151
-103,-104,-33,68,-36,-260,-155,-137
-100,-93,-32,69,-35,-261,-151,-126
-97,-82,-30,70,-35,-261,-148,-115
-94,-71,-28,71,-36,-261,-148,-104
-91,-60,-27,73,-37,-263,-146,-90
-88,-48,-26,76,-37,-265,-145,-78
-85,-37,-25,79,-37,-266,-142,-69
-81,-25,-25,81,-36,-266,-141,-57
-79,-14,-23,84,-36,-266,-139,-43
-76,-3,-21,86,-36,-266,-140,-32
-75,7,-19,87,-36,-268,-139,-20
-72,18,-18,88,-36,-269,-136,-9
-68,27,-16,89,-36,-270,-133,2
-65,36,-15,91,-36,-270,-129,10
-62,43,-13,92,-36,-270,-129,18
-60,50,-12,93,-36,-270,-126,25
-58,56,-11,93,-36,-271,-125,31
-55,61,-11,94,-36,-273,-123,37
-53,65,-10,94,-36,-274,-120,41
-51,68,-10,95,-36,-276,-118,46
-50,68,-9,96,-36,-276,-117,47
-48,69,-8,96,-36,-276,-115,47
-47,68,-9,96,-36,-276,-114,47
-47,67,-11,94,-36,-276,-114,42
-46,62,-12,93,-36,-276,-113,39
-47,57,-12,93,-36,-276,-114,32
-48,51,-12,93,-36,-276,-114,26
-49,45,-13,93,-36,-276,-115,20
-52,37,-14,91,-34,-276,-115,13
-54,29,-15,90,-33,-276,-118,4
-57,20,-17,89,-33,-276,-120,-4
-59,10,-18,88,-33,-276,-123,-17
-62,0,-19,87,-33,-277,-125,-28
-65,-9,-21,85,-32,-278,-125,-37
-68,-20,-22,83,-31,-279,-128,-48
-71,-32,-23,79,-31,-279,-128,-62
-74,-46,-23,77,-31,-278,-131,-75
-77,-58,-24,75,-32,-278,-131,-87
-80,-70,-26,74,-32,-279,-134,-100
-83,-80,-28,73,-31,-280,-137,-113
-86,-91,-29,71,-31,-281,-140,-125
-89,-103,-30,70,-32,-281,-142,-137
-91,-115,-31,69,-32,-281,-142,-148
-94,-125,-33,68,-31,-281,-145,-159
-97,-135,-35,66,-31,-281,-147,-172
-99,-143,-36,64,-32,-281,-150,-180
-101,-150,-37,64,-31,-281,-151,-187
-103,-156,-38,63,-31,-281,-151,-194
-105,-162,-39,62,-31,-281,-152,-200
-107,-167,-40,61,-32,-282,-153,-206
-108,-172,-41,60,-32,-284,-155,-209
-108,-174,-41,60,-32,-286,-156,-212
-109,-176,-42,60,-32,-286,-156,-217
-109,-176,-41,60,-32,-286,-156,-214
-109,-176,-41,60,-32,-285,-156,-214
-109,-174,-40,61,-32,-285,-156,-212
-109,-171,-39,62,-32,-286,-156,-208
-108,-166,-38,63,-31,-288,-157,-203
-105,-159,-37,64,-28,-290,-156,-197
-102,-151,-37,65,-28,-291,-152,-189
-99,-143,-35,66,-27,-291,-150,-180
-97,-134,-33,67,-27,-291,-147,-168
-94,-123,-31,69,-27,-291,-145,-157
-90,-110,-29,71,-28,-292,-144,-144
-86,-97,-28,75,-28,-294,-139,-130
-80,-82,-26,79,-27,-296,-136,-115
-74,-66,-24,83,-28,-296,-134,-96
-69,-49,-21,85,-28,-296,-129,-78
-64,-31,-19,87,-27,-296,-126,-61
-58,-13,-17,89,-27,-296,-122,-40
-52,4,-15,92,-27,-296,-118,-20
-46,24,-14,96,-28,-297,-112,0
-40,44,-11,100,-28,-299,-108,19
-34,64,-8,104,-28,-301,-106,40
-29,83,-5,108,-28,-301,-103,63
-22,104,-3,112,-28,-301,-100,84
-16,125,-1,116,-28,-301,-95,106
-10,148,0,118,-28,-301,-91,129
-3,170,2,120,-26,-301,-85,155
3,190,4,124,-24,-301,-81,175
9,208,6,128,-23,-301,-78,194
14,225,8,132,-22,-301,-73,211
18,242,10,134,-23,-301,-72,228
23,258,12,136,-23,-301,-67,245
28,272,14,137,-23,-302,-63,262
32,286,15,138,-23,-303,-58,277
36,298,16,139,-23,-303,-54,289
40,308,17,140,-23,-303,-53,300
43,317,18,142,-23,-302,-51,308
44,324,18,144,-23,-301,-52,314
45,329,19,145,-23,-301,-51,321
46,332,19,147,-23,-301,-51,323
46,332,18,147,-23,-301,-50,324
47,331,18,147,-23,-301,-48,323
48,328,17,146,-23,-301,-48,319
46,323,16,146,-23,-301,-50,314
43,315,15,145,-23,-301,-52,303
41,306,14,143,-23,-300,-54,294
39,294,13,141,-23,-299,-54,281
36,280,13,138,-23,-299,-57,268
32,265,12,136,-22,-299,-58,255
28,249,10,133,-23,-298,-62,235
23,231,7,130,-25,-296,-64,217
18,211,2,127,-26,-296,-69,194
11,191,0,124,-27,-296,-73,174
4,169,-2,122,-27,-296,-79,148
-1,147,-5,119,-26,-296,-85,125
-7,123,-8,116,-26,-295,-87,98
-14,99,-13,112,-27,-292,-93,74
-21,75,-17,108,-28,-291,-98,47
-29,51,-20,106,-27,-291,-106,21
-37,27,-24,103,-27,-291,-109,-4
-44,3,-27,99,-27,-290,-117,-29
-51,-20,-31,94,-27,-288,-120,-56
-58,-43,-32,90,-27,-286,-125,-80
-65,-65,-34,86,-27,-286,-129,-103
-72,-87,-36,84,-27,-286,-135,-125
-79,-108,-40,81,-27,-286,-140,-150
-86,-127,-43,78,-27,-286,-146,-169
-93,-144,-46,74,-27,-286,-151,-186
-100,-159,-47,72,-27,-286,-157,-202
-105,-174,-48,70,-27,-287,-159,-217
-109,-187,-49,68,-27,-286,-163,-234
-113,-199,-50,65,-27,-285,-164,-245
-117,-208,-52,63,-27,-283,-168,-255
-121,-216,-54,62,-27,-283,-172,-263
-124,-221,-55,61,-27,-283,-174,-269
-125,-225,-55,61,-27,-283,-177,-273
-126,-227,-55,61,-27,-283,-177,-274
-126,-226,-55,61,-27,-284,-178,-273
-126,-223,-54,62,-27,-284,-178,-271
-127,-219,-52,63,-27,-284,-178,-266
-126,-213,-51,64,-27,-283,-178,-260
-125,-205,-51,65,-27,-283,-177,-252
-122,-196,-50,65,-27,-283,-174,-242
-119,-186,-49,66,-27,-283,-173,-229
-116,-173,-47,68,-27,-283,-170,-217
-113,-159,-44,71,-27,-285,-168,-202
-109,-144,-40,74,-27,-286,-167,-185
-105,-129,-38,76,-27,-287,-163,-169
-100,-114,-36,80,-27,-286,-161,-153
-94,-97,-36,83,-26,-286,-158,-136
-89,-80,-35,86,-25,-286,-152,-118
-84,-62,-32,88,-26,-286,-148,-100
-79,-43,-29,91,-26,-286,-147,-79
-74,-25,-26,94,-27,-286,-141,-59
-68,-7,-23,98,-27,-286,-139,-39
-61,9,-21,102,-27,-286,-135,-20
-56,26,-20,105,-27,-286,-133,-3
-51,42,-19,107,-27,-286,-128,12
-47,57,-17,108,-27,-286,-124,28
-43,70,-15,110,-27,-286,-120,41
-39,84,-14,111,-27,-288,-117,58
-35,97,-11,113,-27,-290,-115,72
-31,108,-10,115,-27,-291,-112,83
-26,118,-9,116,-27,-290,-107,93
-22,126,-7,117,-27,-289,-102,104
-18,133,-6,118,-27,-289,-98,112
-15,141,-5,120,-27,-291,-98,119
-13,148,-5,122,-27,-291,-96,126
-10,153,-6,123,-27,-291,-97,129
-8,156,-7,124,-27,-291,-95,133
-6,157,-7,124,-27,-291,-92,134
-3,158,-7,124,-27,-291,-90,135
-3,159,-7,124,-27,-291,-89,135
-2,159,-7,124,-27,-291,-89,135
-3,157,-7,124,-27,-291,-89,133
-4,154,-7,124,-27,-291,-90,130
-4,151,-7,124,-27,-291,-90,128
-3,149,-7,124,-27,-291,-89,125
-2,147,-6,123,-27,-291,-87,125
-1,143,-5,122,-27,-290,-84,122
0,138,-5,120,-27,-289,-84,117
0,134,-6,118,-27,-289,-80,112
0,131,-7,117,-27,-289,-80,109
-1,128,-8,117,-27,-289,-81,106
-2,125,-7,117,-27,-290,-83,103
-3,121,-7,117,-27,-291,-84,100
-3,118,-7,117,-27,-290,-83,96
-2,116,-7,117,-27,-288,-83,95
-1,115,-7,117,-27,-286,-81,93
-1,115,-7,117,-27,-286,-80,93
-1,115,-7,117,-27,-286,-80,93
-1,115,-7,117,-27,-286,-81,93
-2,116,-7,117,-27,-286,-81,95
-2,119,-7,117,-27,-286,-81,97
-1,122,-7,117,-27,-286,-81,100
0,126,-6,118,-27,-286,-83,103
1,131,-5,119,-27,-286,-81,109
3,138,-3,120,-27,-286,-79,117
4,144,-2,122,-27,-286,-79,123
5,151,-1,123,-27,-286,-78,130
7,158,-1,124,-27,-286,-79,136
9,165,0,126,-27,-286,-76,144
11,172,0,128,-27,-286,-74,152
13,180,0,130,-27,-286,-75,159
14,189,1,132,-27,-286,-74,169
16,198,2,133,-27,-286,-73,181
18,208,3,134,-27,-286,-73,191
21,216,3,134,-27,-286,-70,200
22,225,4,135,-27,-286,-69,208
23,233,5,136,-27,-286,-68,217
25,241,7,137,-27,-286,-67,224
26,247,8,138,-27,-286,-65,231
28,252,10,139,-27,-286,-64,239
29,256,10,140,-27,-286,-65,242
30,259,10,142,-27,-286,-65,246
30,260,8,143,-27,-286,-64,245
30,261,7,144,-27,-286,-67,245
30,261,7,144,-27,-286,-67,245
30,260,7,144,-27,-287,-67,245
29,259,7,144,-27,-286,-68,242
28,254,7,144,-27,-285,-69,239
27,248,6,143,-28,-283,-69,233
26,242,5,142,-28,-281,-68,225
25,234,4,140,-28,-281,-69,217
22,225,3,138,-27,-281,-72,208
20,215,3,136,-28,-281,-72,197
17,203,2,134,-28,-282,-74,184
14,191,0,132,-28,-281,-74,172
12,178,0,130,-28,-280,-76,158
8,165,-2,128,-28,-278,-80,144
3,151,-4,127,-29,-276,-85,130
-1,137,-6,125,-30,-276,-87,113
-5,122,-7,122,-31,-276,-91,97
-9,107,-8,118,-32,-276,-91,81
-14,91,-10,115,-32,-276,-93,67
-19,77,-11,113,-32,-277,-98,51
-23,64,-13,112,-31,-276,-102,37
-28,51,-16,110,-30,-275,-103,21
-31,38,-18,108,-29,-273,-107,8
-35,24,-20,105,-30,-271,-111,-4
-39,11,-23,103,-30,-271,-112,-20
-42,0,-25,101,-31,-271,-114,-32
-45,-10,-26,100,-31,-271,-118,-43
-49,-19,-28,98,-31,-271,-122,-53
-52,-28,-28,98,-31,-271,-124,-62
-54,-36,-29,97,-31,-271,-124,-69
-56,-42,-30,97,-31,-271,-125,-79
-58,-46,-31,95,-31,-271,-126,-84
-59,-49,-32,94,-31,-271,-129,-86
-61,-50,-32,94,-31,-271,-130,-87
-61,-50,-32,94,-31,-271,-130,-87
-61,-50,-32,94,-31,-271,-130,-87
-61,-50,-32,94,-31,-271,-130,-86
-61,-48,-32,95,-31,-271,-130,-85
-61,-44,-32,96,-31,-271,-130,-81
-60,-39,-30,97,-31,-271,-130,-75
-59,-32,-29,97,-31,-271,-129,-67
-58,-25,-28,98,-31,-271,-130,-59
-56,-18,-28,99,-31,-273,-129,-51
-55,-10,-28,101,-31,-274,-128,-43
-54,-1,-27,102,-31,-276,-126,-35
-53,6,-25,103,-31,-277,-128,-26
-50,14,-24,105,-31,-276,-126,-18
-47,23,-23,107,-31,-276,-123,-8
-44,32,-22,110,-31,-276,-123,0
-40,42,-21,112,-31,-276,-122,10
-38,52,-19,114,-31,-276,-119,23
-35,62,-18,114,-31,-276,-117,34
-32,73,-17,115,-31,-276,-113,43
-29,82,-15,117,-31,-276,-111,53
-27,90,-13,119,-31,-278,-109,62
-24,97,-11,120,-31,-279,-107,72
-21,104,-10,120,-31,-280,-106,79
-18,112,-10,121,-31,-280,-103,86
-16,118,-10,123,-31,-279,-101,93
-15,124,-10,125,-31,-279,-103,100
-14,130,-10,126,-31,-280,-102,106
-12,135,-9,127,-31,-280,-101,111
-10,140,-9,127,-31,-279,-98,115
-9,143,-9,128,-31,-278,-97,119
-8,146,-9,129,-31,-276,-100,119
-8,149,-9,129,-31,-276,-98,122
-7,150,-10,128,-31,-276,-96,124
-7,151,-9,126,-31,-276,-95,128
-7,151,-8,125,-31,-276,-92,128
-7,151,-7,124,-31,-276,-92,126
-7,149,-7,124,-31,-276,-92,125
-7,147,-6,124,-31,-276,-92,123
-7,144,-7,124,-31,-276,-93,120
-8,141,-8,123,-31,-276,-93,117
-9,137,-9,122,-31,-276,-95,113
-9,133,-10,121,-31,-276,-95,108
-10,128,-11,120,-31,-275,-95,103
-11,123,-12,120,-31,-274,-96,98
-13,117,-13,119,-31,-275,-96,90
-15,111,-14,118,-31,-275,-97,84
-17,104,-15,117,-31,-275,-100,76
-19,96,-15,117,-31,-274,-101,68
-21,90,-15,116,-31,-275,-102,62
-22,83,-15,115,-31,-275,-104,54
-24,75,-14,112,-31,-275,-103,47
-25,68,-14,111,-31,-274,-104,42
-27,62,-14,110,-31,-273,-103,35
-29,55,-16,109,-31,-272,-106,26
-32,48,-17,109,-31,-271,-108,19
-34,42,-18,108,-31,-271,-109,13
-36,37,-18,107,-31,-272,-112,7
-38,32,-19,106,-31,-274,-113,2
-39,28,-20,105,-31,-274,-114,-1
-40,24,-21,104,-31,-274,-113,-4
-41,19,-22,104,-31,-274,-114,-10
-43,14,-22,104,-31,-275,-115,-15
-43,10,-21,104,-31,-276,-119,-19
-43,9,-21,104,-31,-276,-119,-20
-43,9,-22,104,-31,-276,-117,-20
-43,9,-23,103,-31,-276,-115,-23
-43,9,-24,102,-31,-276,-115,-23
-43,9,-24,102,-31,-276,-117,-23
-43,9,-23,103,-31,-276,-115,-23
-43,11,-22,104,-31,-276,-115,-19
-42,14,-21,104,-31,-276,-115,-15
-41,17,-21,104,-31,-276,-114,-12
-40,20,-21,105,-31,-276,-115,-9
-39,24,-19,107,-31,-276,-114,-6
-37,28,-18,108,-31,-276,-113,-1
-37,34,-18,108,-31,-277,-113,4
-37,41,-18,107,-31,-278,-113,12
-36,46,-18,107,-31,-279,-112,17
-33,52,-18,108,-31,-280,-109,23
-30,56,-16,111,-31,-281,-109,26
-28,62,-14,113,-32,-281,-107,34
-26,69,-13,115,-32,-281,-106,43
-25,78,-12,115,-31,-281,-104,52
-24,86,-11,115,-31,-281,-103,61
-21,94,-11,116,-32,-281,-101,68
-19,100,-10,117,-32,-282,-101,75
-16,105,-9,119,-32,-283,-98,80
-13,110,-8,121,-32,-284,-96,85
-10,116,-7,122,-32,-285,-96,91
-9,122,-6,123,-32,-285,-93,97
-7,127,-7,124,-32,-286,-92,103
-5,132,-7,124,-32,-286,-90,107
-3,135,-6,125,-32,-286,-89,112
-1,139,-4,126,-32,-286,-86,117
0,142,-3,127,-32,-286,-86,120
2,145,-3,128,-32,-286,-85,124
3,148,-3,127,-32,-286,-85,126
2,149,-3,127,-32,-286,-85,128
1,150,-3,127,-32,-286,-86,129
1,151,-3,127,-32,-286,-86,129
3,151,-3,127,-32,-286,-85,130
4,152,-3,127,-32,-286,-84,130
5,150,-3,127,-32,-287,-83,129
4,148,-3,127,-32,-288,-83,126
3,146,-3,127,-32,-289,-84,125
3,145,-3,127,-32,-290,-84,124
4,144,-3,127,-32,-290,-83,123
4,143,-3,127,-32,-289,-83,122
3,140,-3,128,-32,-289,-84,119
1,138,-3,127,-32,-289,-86,117
0,136,-4,126,-32,-290,-86,114
-1,134,-6,125,-32,-291,-86,111
-3,132,-7,124,-32,-291,-87,107
-4,128,-7,124,-32,-291,-90,104
-6,124,-7,124,-32,-291,-91,100
-8,118,-7,124,-32,-291,-93,93
-10,114,-8,123,-32,-291,-95,90
-10,112,-9,122,-32,-291,-95,86
-11,109,-10,121,-32,-291,-96,85
-13,107,-10,121,-32,-291,-98,83
-15,104,-10,121,-32,-291,-100,79
-17,100,-10,121,-32,-291,-102,75
-18,97,-11,120,-32,-291,-100,72
-18,93,-13,119,-32,-290,-101,65
-19,90,-14,118,-32,-291,-101,63
-21,88,-14,117,-32,-292,-102,59
-22,85,-14,118,-32,-294,-104,57
-24,83,-14,117,-32,-294,-106,54
-25,80,-14,117,-32,-294,-107,52
-26,79,-14,118,-32,-294,-108,51
-26,77,-14,118,-32,-295,-108,48
-26,75,-15,119,-32,-296,-111,47
-26,74,-16,118,-32,-296,-111,46
-27,73,-18,116,-32,-296,-109,45
-28,72,-18,115,-32,-296,-111,43
-28,73,-18,114,-32,-296,-111,45
-27,74,-18,114,-32,-296,-109,45
-25,74,-18,115,-32,-296,-107,46
-24,75,-18,114,-32,-295,-106,46
-23,75,-18,114,-32,-296,-104,47
-23,77,-18,114,-32,-297,-104,48
-23,79,-18,115,-32,-299,-104,48
-22,82,-18,117,-32,-300,-107,51
-21,84,-17,119,-33,-300,-106,56
-19,87,-16,119,-32,-301,-103,58
-16,91,-15,119,-33,-302,-101,63
-14,97,-14,120,-33,-304,-98,70
-11,104,-14,122,-33,-305,-96,76
-9,110,-13,123,-33,-306,-95,83
-8,117,-12,123,-32,-305,-92,90
-6,125,-10,123,-32,-306,-91,101
-4,134,-9,124,-32,-306,-90,109
-1,142,-7,125,-32,-307,-87,118
1,151,-6,126,-32,-308,-84,128
4,159,-4,127,-30,-310,-84,139
7,168,-3,129,-28,-310,-81,147
8,177,-1,131,-28,-310,-80,157
10,187,0,133,-30,-310,-81,167
11,196,1,135,-32,-310,-80,177
13,207,2,137,-32,-311,-80,187
15,217,3,139,-31,-313,-79,197
17,226,3,141,-28,-314,-76,207
20,233,5,142,-28,-314,-74,217
23,240,6,143,-29,-315,-74,223
24,246,7,144,-31,-316,-73,230
25,252,7,144,-32,-315,-72,235
25,256,8,145,-32,-315,-72,240
25,260,10,146,-31,-315,-72,244
26,262,11,147,-31,-317,-72,246
27,264,11,148,-32,-319,-70,251
26,264,11,147,-33,-320,-72,249
25,261,10,146,-34,-321,-73,245
23,257,8,145,-34,-320,-74,241
22,252,7,145,-34,-320,-75,236
21,246,7,144,-34,-320,-76,230
18,239,7,141,-34,-320,-76,223
16,229,6,139,-32,-320,-79,213
13,218,3,137,-30,-320,-79,201
10,205,0,135,-31,-320,-81,185
7,191,-1,134,-32,-320,-84,172
3,177,-2,131,-33,-320,-85,157
0,162,-3,128,-33,-320,-89,141
-5,147,-5,125,-32,-320,-91,125
-10,130,-8,123,-32,-320,-96,106
-16,113,-11,121,-33,-320,-102,87
-23,94,-14,118,-34,-320,-104,67
-30,75,-16,115,-34,-320,-112,47
-36,57,-19,113,-34,-321,-115,28
-42,39,-22,111,-34,-321,-120,7
-47,22,-25,108,-34,-322,-125,-9
-51,6,-28,105,-34,-321,-126,-29
-56,-10,-29,102,-34,-321,-131,-46
-61,-26,-30,99,-34,-321,-134,-63
-67,-42,-31,96,-34,-322,-136,-79
-73,-56,-33,93,-34,-323,-142,-93
-78,-69,-37,91,-35,-323,-147,-109
-83,-79,-39,89,-34,-322,-148,-120
-86,-88,-39,88,-32,-322,-152,-129
-90,-97,-39,86,-31,-323,-156,-137
-93,-103,-39,86,-31,-324,-159,-145
-97,-108,-41,85,-33,-325,-161,-150
-99,-110,-43,85,-34,-325,-164,-152
-100,-111,-44,85,-33,-325,-166,-156
-100,-112,-43,83,-31,-325,-163,-153
-100,-111,-41,82,-29,-326,-163,-153
-101,-109,-40,81,-29,-327,-162,-151
-102,-105,-39,82,-29,-328,-163,-145
-101,-100,-38,83,-30,-329,-164,-139
-99,-93,-38,85,-30,-330,-163,-131
-95,-85,-37,86,-30,-330,-159,-124
-93,-76,-36,86,-29,-330,-157,-114
-91,-67,-35,86,-29,-330,-156,-104
-90,-56,-33,87,-29,-330,-155,-93
-87,-45,-32,90,-30,-332,-155,-83
-83,-34,-31,92,-30,-334,-151,-68
-78,-22,-28,94,-30,-335,-148,-56
-73,-10,-26,97,-30,-335,-144,-45
-70,0,-25,99,-30,-335,-140,-32
-66,11,-25,101,-30,-335,-140,-21
-62,23,-24,102,-30,-335,-136,-9
-58,35,-22,104,-30,-335,-134,4
-54,46,-19,106,-30,-335,-130,17
-49,57,-17,108,-30,-335,-126,28
-45,68,-15,110,-30,-336,-122,41
-41,78,-13,112,-30,-338,-122,52
-37,88,-12,113,-31,-340,-118,62
-34,97,-10,114,-32,-340,-114,72
-30,105,-9,115,-32,-340,-111,80
-27,112,-8,116,-32,-340,-108,87
-25,119,-7,117,-30,-340,-106,96
-22,124,-7,117,-30,-340,-103,102
-20,129,-6,118,-30,-340,-103,107
-18,133,-5,119,-31,-340,-101,111
-16,136,-4,120,-33,-339,-100,114
-14,140,-3,121,-33,-339,-97,118
-12,142,-2,122,-32,-339,-96,120
-10,143,-1,123,-31,-340,-93,122
-9,144,0,123,-30,-340,-92,125
-9,146,0,124,-30,-340,-92,126
-8,149,0,124,-32,-340,-92,130
-7,151,-1,125,-32,-340,-93,129
-6,152,-2,125,-32,-340,-91,130
-4,152,-2,126,-30,-340,-90,131
-5,152,-1,126,-30,-340,-91,131
-5,153,-2,126,-31,-340,-91,133
-5,155,-3,126,-32,-340,-91,134
-4,158,-3,127,-32,-340,-92,137
-3,161,-2,128,-31,-340,-92,140
-4,162,-1,130,-30,-340,-92,141
-4,163,0,130,-30,-340,-93,141
-4,164,0,131,-30,-340,-93,144
-3,166,0,131,-30,-340,-91,145
-1,169,0,130,-30,-340,-90,147
0,171,0,130,-30,-340,-89,151
1,175,0,130,-30,-340,-87,155
1,178,0,131,-31,-340,-87,157
1,181,0,131,-32,-340,-87,161
1,184,1,132,-32,-340,-87,163
2,186,2,133,-32,-340,-86,168
3,189,2,133,-31,-340,-85,172
4,192,3,134,-30,-341,-87,174
5,195,3,134,-30,-342,-86,178
6,197,3,134,-30,-343,-85,179
7,198,3,134,-31,-343,-84,180
7,200,3,134,-31,-342,-84,183
7,202,3,134,-30,-342,-84,184
6,203,3,134,-30,-342,-85,185
6,203,3,134,-31,-342,-86,185
6,203,3,134,-31,-342,-86,185
6,202,3,134,-30,-341,-85,185
6,202,3,134,-30,-340,-85,184
7,202,3,134,-30,-340,-84,184
7,200,3,134,-31,-340,-84,183
7,198,2,133,-32,-340,-81,180
7,195,1,132,-32,-340,-81,174
5,191,0,131,-31,-340,-84,172
3,188,0,130,-30,-340,-85,168
1,184,0,130,-30,-340,-87,163
0,178,-1,129,-32,-340,-87,157
0,172,-2,129,-34,-339,-87,152
0,166,-3,128,-34,-340,-87,145
0,160,-3,128,-32,-340,-87,140
0,154,-3,126,-30,-339,-86,133
-2,148,-3,125,-30,-338,-87,126
-4,141,-4,123,-32,-337,-87,120
-6,135,-4,122,-33,-336,-90,113
-8,128,-5,122,-33,-336,-91,106
-10,120,-7,122,-32,-336,-95,96
-11,113,-8,121,-32,-336,-93,89
-13,107,-10,119,-33,-335,-96,83
-16,101,-12,117,-35,-334,-98,76
-18,95,-14,117,-35,-335,-101,67
-20,88,-14,118,-35,-335,-102,61
-21,82,-14,118,-35,-335,-103,53
-23,77,-15,117,-35,-335,-104,48
-25,73,-16,115,-35,-335,-107,45
-26,70,-16,113,-35,-335,-106,41
-28,66,-16,112,-35,-335,-107,37
-28,63,-16,112,-35,-335,-107,34
-28,60,-16,113,-35,-335,-107,31
-29,57,-16,113,-35,-335,-108,28
-31,55,-15,112,-35,-335,-109,25
-32,53,-15,111,-35,-335,-108,26
-32,53,-15,109,-35,-335,-109,24
-33,54,-17,108,-35,-335,-109,25
-33,55,-17,108,-35,-334,-109,25
-34,57,-17,109,-35,-334,-111,28
-33,59,-16,109,-34,-332,-109,30
-32,61,-15,110,-33,-332,-108,35
-30,64,-14,111,-33,-331,-107,37
-29,67,-14,111,-33,-330,-106,41
-27,69,-14,111,-34,-330,-104,43
-27,73,-15,111,-34,-328,-103,47
-26,77,-14,111,-33,-326,-103,51
-26,81,-13,112,-31,-325,-106,56
-25,86,-12,112,-30,-325,-106,59
-25,90,-11,114,-29,-325,-104,64
-23,94,-10,117,-29,-324,-106,68
-21,97,-10,119,-29,-322,-103,72
-19,101,-9,119,-29,-320,-102,76
-18,105,-8,118,-31,-320,-100,80
-16,108,-7,118,-31,-321,-98,86
-14,112,-8,118,-30,-321,-97,87
-14,115,-9,119,-30,-319,-96,91
-13,118,-10,120,-30,-317,-96,92
-13,120,-9,119,-31,-315,-96,95
-13,122,-9,119,-31,-315,-96,97
-12,124,-9,119,-31,-315,-95,100
-11,126,-9,120,-31,-316,-93,102
-9,128,-9,122,-31,-316,-95,103
-8,128,-8,123,-31,-315,-93,103
-8,128,-8,123,-31,-315,-93,103
-8,128,-8,123,-30,-315,-93,103
-8,128,-8,123,-29,-315,-93,104
-8,128,-7,124,-30,-315,-93,103
-9,126,-7,124,-30,-315,-95,102
-10,125,-7,124,-30,-316,-96,100
-11,123,-7,123,-31,-316,-96,98
-10,122,-8,123,-32,-315,-96,97
-10,122,-9,122,-32,-314,-96,97
-11,121,-10,122,-32,-312,-96,96
-12,119,-10,121,-31,-310,-97,93
-13,116,-10,121,-29,-310,-98,91
-14,114,-10,121,-28,-310,-98,90
-14,112,-11,121,-28,-311,-98,86
-14,109,-11,121,-28,-311,-100,84
-16,107,-10,120,-28,-310,-101,83
-17,107,-9,120,-28,-310,-100,81
-18,106,-9,120,-28,-310,-101,80
-18,105,-10,120,-28,-310,-100,80
-17,103,-11,120,-28,-310,-100,78
-17,101,-13,119,-28,-311,-100,74
-19,100,-14,118,-28,-310,-101,72
-20,99,-14,117,-28,-310,-102,72
-20,99,-14,117,-28,-310,-102,72
-20,99,-14,118,-28,-311,-102,72
-21,98,-14,118,-28,-312,-103,70
-23,97,-14,118,-28,-312,-106,69
-23,97,-14,117,-28,-312,-106,69
-21,98,-14,117,-28,-311,-103,70
-20,99,-14,117,-28,-312,-102,72
-20,99,-14,117,-28,-314,-102,72
-21,98,-14,117,-28,-315,-103,70
-23,97,-14,117,-28,-316,-106,69
-25,97,-14,117,-28,-316,-107,69
-25,97,-14,117,-28,-315,-108,69
-25,97,-14,117,-28,-315,-107,69
-24,96,-14,117,-28,-316,-106,68
-22,94,-14,118,-28,-315,-104,67
-22,93,-14,118,-29,-315,-104,64
-23,92,-14,117,-28,-315,-106,64
-25,91,-13,117,-29,-317,-107,63
-26,90,-12,115,-29,-319,-106,64
-28,90,-11,114,-29,-321,-108,64
-29,89,-10,114,-29,-321,-109,63
-31,88,-10,114,-29,-320,-111,62
-31,86,-10,114,-27,-320,-111,61
-32,83,-11,114,-25,-321,-112,57
-34,81,-12,113,-26,-322,-113,54
-35,79,-13,112,-28,-324,-115,52
-36,75,-14,111,-29,-325,-113,48
-37,72,-15,110,-29,-326,-114,46
-39,69,-14,111,-28,-325,-115,42
-40,67,-14,111,-27,-325,-117,40
-40,65,-14,111,-27,-325,-118,39
-41,64,-14,111,-28,-325,-118,37
-43,61,-14,111,-28,-325,-119,35
-44,58,-14,111,-27,-327,-120,31
-45,56,-15,110,-26,-329,-122,26
-45,54,-17,108,-25,-330,-122,25
-45,52,-18,108,-25,-331,-122,23
-46,50,-18,107,-25,-332,-123,20
-46,48,-18,107,-25,-334,-123,18
-47,46,-18,107,-25,-335,-123,17
-46,46,-18,108,-25,-336,-123,17
-47,46,-18,108,-25,-337,-123,15
-48,45,-18,107,-25,-339,-124,15
-50,44,-19,106,-25,-339,-126,14
-51,44,-21,105,-25,-341,-128,14
-51,44,-21,104,-25,-342,-125,14
-51,43,-22,104,-25,-343,-125,14
-50,42,-22,104,-25,-345,-124,13
-50,40,-21,104,-25,-345,-124,10
-51,38,-22,104,-25,-345,-128,8
-52,37,-22,104,-26,-346,-129,7
-53,37,-22,104,-26,-348,-128,7
-55,36,-22,104,-26,-350,-129,7
-56,36,-22,104,-26,-350,-130,6
-57,34,-22,104,-26,-350,-133,3
-56,32,-22,105,-26,-350,-131,-1
-54,29,-23,106,-26,-350,-130,-3
-53,27,-25,106,-26,-350,-129,-4
-54,25,-27,104,-26,-350,-130,-7
-55,25,-27,103,-26,-350,-131,-9
-57,23,-28,103,-26,-350,-133,-12
-57,20,-28,103,-26,-350,-133,-14
-57,17,-28,104,-26,-350,-133,-18
-57,14,-28,105,-26,-350,-133,-20
-58,12,-28,105,-26,-350,-134,-23
-59,11,-28,104,-26,-348,-135,-24
-61,10,-28,104,-26,-346,-136,-24
-62,8,-28,104,-25,-345,-137,-26
-62,6,-28,104,-25,-345,-139,-29
-63,4,-28,104,-25,-345,-139,-31
-63,3,-28,104,-25,-346,-139,-32
-63,4,-28,104,-25,-345,-139,-31
-64,5,-28,104,-25,-343,-140,-30
-65,7,-29,104,-25,-342,-140,-28
-65,8,-28,104,-25,-340,-141,-26
-64,9,-27,105,-25,-340,-140,-25
-63,11,-26,107,-25,-340,-141,-21
-61,14,-25,108,-25,-340,-140,-19
-60,18,-25,108,-25,-339,-139,-14
-59,21,-25,108,-25,-337,-137,-10
-58,25,-24,108,-25,-335,-136,-7
-56,28,-22,110,-25,-335,-134,-3
-54,32,-21,111,-25,-335,-133,0
-53,37,-21,111,-25,-336,-131,4
-51,43,-21,111,-25,-336,-130,10
-49,50,-20,112,-25,-334,-128,18
-46,56,-19,113,-25,-332,-125,26
-44,62,-18,114,-25,-330,-126,32
-43,69,-17,115,-25,-330,-124,40
-40,75,-17,115,-25,-330,-123,46
-38,80,-15,116,-25,-331,-120,52
-35,86,-14,117,-25,-331,-117,57
-33,92,-13,119,-25,-330,-115,63
-31,98,-11,120,-25,-330,-113,73
-29,106,-11,120,-25,-330,-114,80
-27,112,-10,121,-26,-330,-112,87
-25,119,-9,122,-27,-330,-111,93
-23,124,-8,123,-26,-330,-108,100
-21,128,-7,124,-25,-330,-107,103
-19,131,-7,124,-25,-330,-104,107
-17,134,-7,124,-25,-330,-102,109
-14,138,-6,125,-25,-331,-100,114
-11,141,-3,125,-25,-331,-97,119
-11,143,-2,126,-25,-330,-97,122
-10,144,-2,127,-25,-329,-96,122
-10,144,-2,126,-25,-327,-96,123
-8,145,-1,125,-24,-325,-95,123
-7,145,0,124,-24,-325,-90,126
-5,144,0,123,-24,-325,-89,125
-5,143,0,123,-24,-326,-89,124
-5,141,0,124,-24,-326,-89,122
-7,139,0,124,-24,-325,-90,120
-8,138,0,123,-24,-325,-91,119
-8,135,0,123,-24,-325,-91,117
-8,132,0,123,-24,-325,-91,113
-8,129,0,124,-24,-325,-91,109
-9,126,0,124,-24,-325,-91,107
-10,123,0,123,-24,-325,-92,103
-10,119,-1,123,-24,-325,-93,100
-11,115,-3,121,-24,-325,-93,93
-10,112,-3,120,-24,-325,-93,90
-10,109,-3,120,-24,-325,-92,86
-10,105,-3,120,-24,-325,-93,83
-12,102,-3,120,-24,-325,-95,80
-14,99,-4,119,-24,-325,-97,76
-17,96,-6,118,-24,-325,-96,73
-18,93,-7,117,-24,-325,-98,70
-19,89,-7,117,-24,-325,-98,67
-20,86,-7,117,-24,-325,-100,63
-21,84,-8,117,-24,-325,-101,61
-22,82,-8,117,-24,-325,-102,57
-23,81,-8,116,-24,-325,-103,56
-25,80,-8,116,-24,-325,-104,57
-26,79,-9,116,-24,-325,-106,53
-28,79,-10,115,-24,-325,-107,52
-29,78,-12,115,-24,-325,-108,52
-29,76,-12,115,-24,-325,-109,51
-29,75,-12,115,-24,-325,-109,48
-30,73,-11,115,-24,-325,-109,47
-32,72,-12,115,-24,-325,-111,46
-33,72,-13,116,-24,-325,-115,46
-34,73,-13,116,-25,-325,-115,45
-34,75,-12,115,-24,-325,-114,48
-35,75,-10,114,-24,-325,-114,48
-36,74,-10,114,-25,-326,-115,48
-36,74,-12,113,-25,-326,-115,47
-35,74,-14,112,-25,-325,-114,47
-35,74,-14,111,-24,-325,-112,48
-36,75,-13,111,-23,-326,-113,48
-38,75,-13,112,-23,-327,-118,48
-39,74,-14,113,-23,-329,-118,46
-38,74,-16,114,-23,-329,-118,46
-37,74,-17,113,-23,-327,-117,46
-36,75,-16,112,-23,-325,-115,46
-36,76,-14,111,-22,-325,-113,50
-36,77,-13,112,-21,-327,-113,51
-36,78,-14,113,-21,-329,-117,52
-37,79,-16,114,-22,-329,-117,51
-37,79,-18,115,-22,-329,-119,51
-37,79,-17,115,-22,-329,-119,51
-37,79,-16,116,-21,-330,-119,50
-37,79,-15,117,-20,-331,-119,51
-36,80,-15,116,-21,-331,-118,51
-35,80,-16,116,-22,-330,-118,51
-34,80,-16,116,-23,-330,-117,52
-34,81,-15,117,-22,-330,-117,52
-33,83,-13,116,-21,-331,-115,54
-33,85,-12,115,-19,-331,-113,59
-32,87,-10,114,-20,-331,-112,62
-32,89,-10,114,-21,-330,-112,63
-31,92,-10,115,-23,-329,-112,65
-30,93,-10,117,-23,-328,-113,68
-28,97,-11,119,-22,-328,-111,72
-26,100,-11,120,-22,-327,-111,74
-24,104,-11,121,-22,-326,-109,79
-24,109,-11,121,-23,-325,-109,84
-24,114,-10,121,-23,-325,-109,89
-23,119,-9,122,-23,-326,-109,93
-21,122,-8,123,-24,-326,-107,97
-19,126,-7,124,-25,-325,-104,101
-16,130,-6,124,-25,-324,-102,106
-14,136,-5,125,-25,-322,-100,112
-13,142,-4,126,-24,-321,-100,120
-12,148,-3,127,-24,-320,-101,126
-10,154,-3,127,-24,-320,-98,133
-7,158,-3,127,-24,-321,-96,136
-6,161,-2,128,-24,-321,-95,140
-4,165,-1,130,-24,-321,-93,144
-2,170,0,131,-24,-321,-91,148
0,175,0,131,-24,-319,-90,155
0,180,0,130,-24,-317,-87,159
1,184,0,130,-24,-316,-87,163
2,187,0,130,-24,-316,-86,167
2,191,1,131,-24,-316,-86,172
3,195,2,133,-24,-314,-85,177
3,198,3,134,-24,-312,-87,180
4,200,3,134,-23,-311,-87,183
5,202,3,134,-23,-310,-86,185
5,204,3,134,-23,-311,-86,186
4,206,3,134,-24,-311,-87,189
4,207,3,133,-23,-311,-85,190
5,208,3,134,-23,-309,-86,191
6,209,4,135,-23,-307,-85,191
7,209,6,136,-23,-306,-85,191
5,208,7,137,-23,-306,-86,191
4,207,6,136,-23,-306,-87,190
3,207,4,135,-23,-306,-89,189
3,207,3,134,-23,-305,-87,190
4,208,3,133,-23,-303,-85,190
3,207,3,134,-23,-301,-87,190
3,205,3,134,-23,-301,-89,187
2,203,3,134,-23,-301,-89,185
2,200,3,134,-23,-302,-90,183
2,198,3,134,-23,-301,-89,181
2,197,3,134,-23,-300,-90,179
1,195,2,133,-23,-298,-87,178
0,193,1,131,-22,-296,-89,173
0,190,0,131,-22,-296,-89,169
0,187,0,130,-22,-296,-89,167
0,184,0,130,-22,-296,-90,163
-2,181,0,131,-22,-296,-91,161
-4,178,0,131,-23,-296,-93,158
-6,175,0,130,-23,-296,-95,155
-7,172,0,130,-22,-296,-96,151
-8,168,0,131,-22,-295,-97,147
-8,165,0,131,-22,-293,-97,144
-10,162,0,130,-22,-293,-98,141
-11,158,0,130,-22,-293,-101,136
-13,155,-2,128,-22,-292,-102,134
-14,151,-3,127,-22,-292,-102,130
-14,147,-3,127,-22,-293,-103,125
-14,143,-3,128,-22,-293,-103,122
-15,139,-3,127,-22,-293,-103,118
-16,136,-2,126,-22,-292,-102,114
-17,133,-1,125,-22,-291,-103,111
-18,130,-2,124,-22,-291,-104,107
-20,127,-4,124,-22,-291,-106,104
-21,125,-7,124,-22,-292,-107,100
-23,122,-8,124,-22,-291,-108,97
-23,118,-7,125,-22,-291,-108,93
-23,114,-6,124,-22,-291,-108,89
-23,110,-6,122,-22,-291,-108,87
-23,109,-7,122,-22,-291,-108,84
-24,108,-7,122,-22,-292,-109,83
-25,106,-7,123,-22,-292,-109,81
-25,104,-7,124,-22,-291,-109,79
-25,102,-7,125,-22,-291,-111,76
-26,101,-7,124,-22,-291,-112,75
-27,101,-6,123,-22,-293,-112,75
-27,101,-5,122,-22,-295,-112,78
-27,101,-5,122,-22,-296,-109,78
-27,101,-5,122,-23,-297,-109,79
-25,102,-7,122,-23,-296,-111,76
-24,103,-8,122,-22,-296,-109,78
-22,104,-9,122,-22,-296,-107,79
-21,105,-9,123,-23,-297,-107,80
-21,107,-7,123,-23,-298,-106,81
-19,108,-7,124,-23,-298,-104,84
-18,110,-7,124,-23,-298,-103,85
-17,111,-7,124,-23,-298,-102,86
-16,112,-7,124,-23,-299,-102,87
-16,115,-7,124,-23,-301,-101,90
-14,117,-7,124,-23,-302,-100,92
-13,119,-7,124,-23,-301,-98,95
-11,121,-7,124,-23,-301,-97,97
-11,123,-7,124,-23,-301,-96,98
-11,125,-7,124,-23,-303,-97,100
-11,126,-7,124,-23,-305,-96,102
-9,128,-7,124,-23,-306,-95,103
-8,128,-8,125,-23,-306,-93,103
-8,128,-8,126,-23,-306,-96,103
-9,129,-9,126,-23,-306,-97,104
-10,131,-10,127,-24,-307,-97,103
-9,133,-10,128,-24,-307,-97,106
-8,134,-10,128,-23,-308,-96,108
-7,135,-10,128,-21,-307,-95,108
-6,135,-10,128,-20,-308,-93,108
-5,133,-10,128,-20,-309,-93,107
-4,132,-10,128,-22,-310,-92,104
-5,130,-10,128,-24,-313,-93,103
-7,128,-10,128,-23,-314,-95,101
-8,128,-10,128,-21,-316,-96,101
-8,128,-10,128,-19,-316,-96,101
-8,128,-10,128,-18,-316,-96,101
-9,127,-10,128,-19,-316,-97,101
-11,126,-10,128,-19,-316,-98,100
-12,126,-10,128,-19,-316,-100,100
-13,126,-10,128,-19,-318,-101,98
-14,125,-10,128,-19,-319,-102,97
-14,122,-10,128,-19,-321,-102,95
-15,121,-10,128,-19,-323,-106,93
-15,120,-10,127,-19,-325,-103,93
-15,122,-9,126,-19,-326,-103,97
-16,122,-8,126,-19,-326,-103,97
-17,121,-8,125,-19,-326,-102,96
-18,119,-8,125,-19,-325,-107,95
-20,119,-8,125,-19,-326,-104,93
-20,120,-7,124,-20,-327,-106,95
-21,121,-7,124,-20,-329,-107,96
-21,121,-7,124,-20,-331,-107,96
-21,121,-7,124,-20,-331,-107,96
-21,121,-7,124,-20,-330,-106,96
-20,123,-7,124,-20,-331,-106,98
-21,125,-7,124,-20,-332,-107,100
-21,126,-6,125,-20,-334,-107,101
-22,126,-4,126,-20,-336,-108,104
-21,128,-3,127,-20,-336,-109,106
-21,130,-3,128,-20,-336,-109,108
-19,133,-3,127,-20,-335,-108,111
-18,134,-3,127,-20,-335,-107,112
-18,135,-3,127,-20,-336,-106,113
-18,136,-3,127,-20,-337,-106,114
-17,137,-3,127,-20,-339,-106,115
-16,139,-3,127,-21,-341,-104,117
-15,141,-3,127,-20,-341,-103,119
-14,142,-3,127,-20,-340,-100,120
-12,143,-3,127,-20,-340,-101,120
-11,143,-4,128,-21,-340,-100,119
-9,144,-6,130,-21,-342,-97,119
-8,145,-7,131,-21,-344,-98,120
-6,145,-7,131,-19,-345,-97,122
-5,146,-7,131,-17,-346,-96,123
-3,147,-6,131,-16,-346,-93,123
-3,148,-7,131,-16,-347,-93,124
-2,148,-7,131,-16,-349,-92,124
-1,148,-7,131,-16,-350,-91,124
0,149,-6,131,-16,-351,-90,125
1,150,-5,132,-17,-352,-89,126
1,151,-5,132,-18,-354,-89,128
1,151,-5,132,-18,-355,-89,128
0,152,-5,132,-18,-356,-90,128
0,151,-4,133,-17,-355,-90,128
0,152,-3,134,-17,-355,-90,128
0,153,-2,134,-18,-355,-90,129
0,154,-3,134,-19,-357,-91,130
0,155,-3,134,-18,-358,-91,131
0,155,-3,134,-17,-360,-91,131
0,154,-3,134,-17,-361,-91,130
0,155,-3,134,-17,-361,-91,131
-1,156,-3,134,-17,-360,-92,133
-2,158,-3,134,-17,-360,-93,134
-3,159,-3,134,-17,-361,-93,135
-3,159,-3,134,-17,-361,-93,136
-3,159,-3,134,-17,-362,-93,135
-3,159,-2,134,-17,-363,-93,135
-3,158,-3,134,-17,-364,-95,135
-4,158,-4,133,-17,-365,-95,134
-5,157,-5,132,-17,-365,-96,134
-6,157,-7,131,-17,-365,-97,133
-6,157,-7,130,-17,-365,-97,133
-7,157,-6,131,-17,-366,-98,133
-8,155,-5,132,-17,-365,-100,131
-9,154,-5,133,-17,-364,-100,130
-9,151,-6,132,-17,-361,-100,128
-9,150,-6,131,-17,-361,-100,125
-10,149,-7,130,-17,-361,-101,124
-11,148,-7,131,-17,-362,-102,124
-14,148,-7,132,-17,-362,-104,124
-15,147,-8,133,-17,-361,-108,120
-16,145,-9,133,-17,-360,-109,118
-15,142,-10,133,-17,-360,-108,115
-15,140,-11,131,-17,-360,-106,113
-15,137,-13,131,-17,-361,-108,111
-15,135,-14,131,-17,-360,-108,106
-16,133,-14,131,-17,-360,-109,103
-17,131,-13,131,-17,-360,-109,101
-18,129,-13,131,-17,-361,-111,98
-19,126,-13,131,-17,-361,-112,96
-21,122,-13,131,-17,-360,-113,92
-21,119,-13,131,-17,-359,-114,89
-23,116,-13,131,-17,-357,-115,86
-24,114,-13,132,-17,-355,-117,84
-25,111,-13,131,-17,-355,-118,80
-26,107,-14,130,-16,-356,-118,76
-27,104,-16,129,-17,-357,-117,73
-28,101,-17,128,-17,-357,-118,70
-29,98,-18,128,-17,-357,-119,68
-29,96,-17,128,-16,-356,-119,64
-29,93,-16,127,-16,-355,-119,62
-30,90,-15,127,-17,-355,-120,59
-31,88,-15,126,-18,-355,-118,57
-31,87,-14,125,-19,-356,-118,59
-30,86,-14,125,-20,-357,-117,58
-29,85,-14,124,-20,-358,-117,57
-29,83,-14,124,-21,-358,-117,54
-30,83,-14,124,-21,-358,-117,54
-31,82,-14,125,-20,-359,-118,53
-32,82,-14,125,-20,-360,-119,53
-32,82,-14,124,-20,-360,-119,53
-32,83,-14,124,-21,-360,-119,54
-31,86,-14,124,-22,-360,-118,57
-30,88,-14,124,-22,-360,-118,59
-30,88,-14,124,-22,-360,-118,59
-31,89,-14,125,-22,-360,-119,61
-33,91,-14,125,-22,-360,-120,62
-34,93,-14,124,-21,-360,-122,64
-33,96,-13,123,-20,-360,-118,68
-32,98,-13,123,-20,-360,-118,70
-32,100,-13,123,-20,-360,-119,72
-32,102,-14,124,-20,-360,-120,74
-32,104,-14,125,-18,-360,-120,75
-32,104,-13,124,-17,-361,-119,76
-31,104,-12,122,-17,-360,-117,76
-31,104,-12,122,-18,-358,-117,76
-31,104,-12,123,-20,-357,-117,76
-32,104,-13,124,-20,-355,-119,76
-32,104,-14,124,-20,-355,-120,75
-32,102,-13,123,-20,-355,-120,74
-32,100,-12,122,-20,-355,-117,72
-32,97,-10,121,-20,-356,-117,72
-32,94,-10,121,-20,-355,-117,68
-32,91,-10,121,-20,-354,-117,65
-32,89,-11,120,-21,-352,-118,63
-33,85,-13,119,-21,-350,-115,57
-34,81,-14,117,-21,-348,-115,52
-35,75,-14,117,-21,-347,-117,46
-35,69,-14,118,-21,-346,-117,40
-36,64,-14,118,-21,-345,-118,35
-37,59,-15,117,-21,-344,-119,30
-39,53,-16,115,-21,-342,-122,24
-42,47,-18,114,-20,-341,-124,18
-44,41,-19,113,-20,-340,-123,12
-45,36,-19,113,-20,-339,-124,3
-45,30,-20,112,-20,-337,-124,-1
-46,24,-20,112,-20,-336,-124,-8
-48,18,-21,111,-20,-335,-126,-14
-49,11,-22,110,-20,-336,-128,-21
-51,5,-24,108,-20,-336,-129,-28
-52,0,-25,108,-20,-336,-130,-32
-53,-3,-25,107,-20,-334,-131,-36
-54,-6,-25,108,-20,-332,-133,-40
-55,-9,-25,108,-20,-331,-133,-42
-56,-12,-25,108,-20,-330,-134,-46
-57,-14,-26,107,-20,-331,-134,-48
-56,-17,-28,105,-20,-331,-131,-53
-56,-18,-28,104,-20,-331,-131,-54
-57,-18,-29,104,-20,-331,-131,-54
-58,-17,-28,104,-20,-331,-133,-53
-59,-16,-28,104,-20,-331,-134,-52
-59,-15,-28,104,-20,-331,-134,-51
-58,-14,-29,104,-20,-331,-133,-51
-57,-13,-28,105,-20,-331,-133,-50
-57,-11,-28,105,-20,-331,-133,-47
-58,-8,-26,107,-20,-331,-136,-41
-58,-3,-25,108,-20,-331,-136,-37
-57,0,-25,108,-20,-331,-135,-32
-57,3,-26,108,-20,-330,-135,-31
-56,6,-27,109,-20,-331,-134,-29
-55,10,-27,110,-20,-331,-135,-25
-53,15,-26,112,-20,-332,-134,-19
-52,21,-25,114,-20,-332,-133,-14
-50,26,-25,115,-20,-332,-134,-8
-49,30,-25,115,-20,-333,-133,-4
-47,35,-25,115,-20,-333,-128,0
-46,41,-25,115,-20,-334,-126,6
-44,47,-23,115,-20,-334,-128,13
-43,53,-22,117,-20,-334,-126,21
-41,58,-21,118,-20,-335,-125,26
-39,63,-21,118,-20,-336,-123,31
-37,68,-21,118,-20,-336,-122,37
-36,74,-20,119,-20,-336,-120,42
-35,78,-18,121,-20,-336,-119,47
-33,83,-16,122,-20,-336,-120,54
-31,88,-15,123,-20,-336,-118,59
-28,94,-14,124,-20,-336,-115,65
-27,99,-14,124,-20,-336,-114,72
-26,104,-14,125,-20,-336,-113,75
-25,108,-12,126,-20,-336,-113,80
-24,112,-11,127,-20,-336,-112,85
-22,117,-10,128,-20,-336,-109,89
-21,121,-10,128,-20,-336,-109,93
-19,125,-10,128,-20,-336,-107,98
-18,128,-9,129,-20,-335,-108,101
-15,132,-7,130,-20,-334,-106,107
-14,136,-6,131,-20,-334,-104,112
-13,140,-6,131,-20,-334,-104,115
-13,144,-7,131,-20,-335,-103,119
-11,148,-7,131,-20,-336,-102,123
-10,151,-6,130,-20,-336,-98,126
-7,154,-3,129,-20,-336,-96,133
-5,157,-1,130,-20,-336,-93,136
-4,159,0,130,-20,-336,-93,139
-4,162,0,131,-20,-336,-92,141
-4,165,0,131,-20,-336,-93,144
-4,168,0,131,-20,-334,-92,147
-4,171,0,130,-20,-332,-92,150
-3,174,0,130,-20,-331,-92,153
-2,176,0,132,-20,-332,-91,156
-2,178,2,133,-20,-332,-91,159
-1,180,3,134,-20,-332,-92,162
-1,181,4,134,-20,-332,-91,163
-1,184,3,134,-20,-332,-93,166
-2,185,2,135,-20,-334,-93,164
-2,187,1,137,-20,-334,-93,167
-1,188,0,137,-20,-333,-96,168
-1,187,0,138,-20,-332,-96,167
-1,186,0,137,-20,-334,-95,166
-1,183,0,137,-20,-335,-96,162
-2,182,0,137,-20,-336,-96,161
-2,181,0,138,-20,-336,-96,161
-2,181,0,137,-20,-336,-96,161
-2,180,0,136,-20,-336,-96,159
-2,177,-2,135,-20,-336,-96,155
-3,174,-4,135,-20,-336,-97,151
-5,170,-6,137,-20,-336,-98,146
-5,166,-6,138,-20,-336,-102,140
-6,162,-6,139,-20,-336,-102,136
-7,158,-6,138,-20,-336,-103,131
-9,153,-7,137,-20,-336,-102,126
-10,149,-8,136,-20,-336,-104,122
-12,145,-10,134,-20,-336,-104,118
-13,141,-11,133,-20,-336,-106,114
-14,136,-12,132,-20,-336,-107,109
-15,130,-13,131,-20,-336,-108,101
-17,123,-15,130,-20,-336,-107,93
-18,117,-16,129,-20,-336,-108,86
-19,111,-17,128,-20,-336,-109,80
-19,105,-18,128,-20,-336,-109,75
-20,99,-18,127,-20,-336,-111,69
-22,93,-19,126,-20,-336,-112,62
-24,86,-20,124,-20,-336,-111,54
-25,80,-18,122,-20,-336,-112,48
-26,75,-18,121,-20,-336,-113,45
-28,72,-18,120,-20,-336,-112,40
-29,68,-20,119,-20,-336,-113,36
-31,64,-21,118,-20,-336,-114,32
-32,61,-21,118,-20,-336,-115,30
-33,59,-21,118,-20,-336,-117,28
-35,58,-21,118,-20,-336,-119,26
-36,57,-20,117,-20,-336,-120,25
-36,57,-19,116,-20,-336,-118,25
-36,57,-18,115,-20,-336,-118,26
-36,59,-19,115,-20,-335,-117,28
-35,62,-19,115,-20,-335,-117,30
-33,64,-18,115,-20,-336,-115,35
-32,67,-16,115,-20,-337,-113,39
-31,70,-15,117,-20,-339,-113,41
-29,75,-14,117,-20,-339,-111,47
-28,82,-14,118,-20,-339,-109,53
-26,90,-13,119,-20,-339,-108,62
-24,97,-12,120,-20,-339,-109,72
-22,103,-10,122,-20,-339,-107,78
-19,108,-7,124,-20,-339,-104,84
-17,116,-6,125,-20,-340,-102,91
-14,125,-4,126,-20,-341,-100,103
-12,136,-2,126,-20,-341,-97,114
-10,145,0,127,-21,-340,-96,124
-8,155,0,130,-20,-340,-97,136
-5,166,2,132,-20,-340,-95,148
-2,178,3,134,-20,-340,-93,159
2,189,4,135,-21,-340,-89,172
6,201,7,137,-21,-340,-85,184
8,212,9,139,-20,-340,-83,197
11,222,10,140,-19,-340,-81,207
13,232,11,142,-19,-340,-81,218
17,244,13,143,-19,-340,-78,230
21,256,15,144,-20,-340,-74,242
25,268,17,146,-19,-340,-70,257
27,279,18,148,-17,-340,-70,269
30,290,20,150,-16,-341,-68,280
33,299,21,153,-15,-341,-68,290
36,309,22,155,-15,-341,-65,300
37,318,22,157,-15,-341,-64,310
39,326,23,158,-16,-341,-64,317
40,333,25,159,-17,-341,-64,324
43,339,26,159,-18,-341,-62,334
45,346,27,159,-17,-341,-59,340
48,351,26,159,-16,-341,-57,345
49,356,25,160,-15,-339,-56,350
50,361,25,161,-15,-337,-54,352
50,364,26,162,-15,-336,-54,358
51,366,28,162,-15,-336,-54,361
52,365,28,163,-15,-336,-53,360
52,363,28,163,-15,-336,-53,358
51,361,28,163,-15,-336,-53,355
50,358,27,162,-15,-336,-54,352
48,354,27,162,-15,-336,-56,349
47,348,26,161,-15,-336,-57,343
46,341,25,160,-15,-336,-58,333
43,332,24,159,-15,-335,-61,324
41,322,22,157,-15,-332,-63,313
39,311,20,155,-15,-331,-62,302
38,300,18,154,-15,-331,-63,289
36,289,17,152,-15,-331,-64,277
33,276,14,151,-15,-332,-67,263
29,262,12,148,-15,-331,-68,249
25,247,10,146,-15,-330,-72,230
21,231,8,145,-15,-328,-76,214
16,214,6,143,-15,-326,-80,197
12,197,3,140,-15,-326,-81,178
9,180,0,138,-15,-326,-84,161
6,163,-2,135,-15,-326,-85,142
2,145,-4,133,-15,-326,-87,122
-1,128,-7,131,-15,-326,-91,104
-7,112,-9,129,-15,-326,-96,87
-12,97,-11,126,-14,-326,-100,69
-16,81,-14,125,-14,-326,-103,53
-19,65,-16,122,-15,-326,-106,36
-21,50,-18,120,-15,-326,-104,18
-24,36,-21,118,-15,-326,-107,3
-28,22,-23,116,-14,-326,-112,-12
-33,10,-26,114,-13,-326,-113,-24
-37,0,-28,112,-13,-326,-117,-35
-39,-8,-29,110,-13,-326,-119,-45
-41,-18,-30,108,-14,-326,-118,-54
-43,-28,-31,107,-15,-326,-120,-64
-45,-35,-32,106,-15,-326,-122,-74
-47,-39,-34,105,-15,-326,-123,-78
-47,-41,-36,105,-14,-326,-124,-80
-48,-42,-36,105,-14,-326,-124,-81
-50,-44,-36,105,-15,-326,-126,-83
-51,-44,-35,105,-15,-326,-128,-84
-51,-44,-36,105,-15,-326,-128,-84
-51,-43,-36,105,-15,-326,-128,-81
-50,-40,-36,105,-15,-328,-126,-79
-49,-36,-34,106,-15,-330,-126,-75
-49,-32,-32,107,-15,-331,-125,-70
-48,-26,-32,108,-15,-331,-128,-65
-47,-21,-33,109,-15,-331,-126,-59
-46,-14,-34,111,-15,-332,-129,-52
-46,-6,-34,113,-15,-334,-128,-47
-45,1,-33,114,-15,-336,-128,-36
-44,8,-32,115,-15,-336,-128,-29
-43,15,-30,116,-15,-336,-125,-23
-40,22,-29,117,-15,-336,-126,-15
-38,29,-28,118,-16,-337,-124,-7
-38,37,-26,119,-16,-339,-124,2
-39,45,-25,121,-16,-340,-125,10
-39,52,-25,121,-16,-341,-125,18
-38,60,-24,122,-16,-343,-125,25
-37,68,-23,122,-16,-344,-124,34
-34,75,-22,123,-16,-345,-124,41
-33,81,-21,125,-16,-346,-123,47
-32,87,-19,126,-16,-346,-122,57
-32,93,-18,127,-16,-347,-122,62
-30,98,-17,128,-16,-349,-120,67
-29,102,-16,129,-16,-350,-119,72
-28,106,-16,129,-16,-351,-118,75
-27,110,-16,129,-16,-350,-118,80
-27,114,-16,129,-16,-350,-117,84
-25,117,-14,130,-16,-352,-115,87
-24,119,-13,131,-16,-354,-117,89
-24,121,-13,132,-17,-356,-117,91
-25,123,-13,132,-17,-356,-118,92
-24,125,-13,131,-17,-355,-117,95
-22,126,-12,130,-16,-355,-113,98
-20,127,-12,130,-15,-357,-111,100
-19,128,-12,130,-15,-359,-109,101
-18,126,-13,131,-15,-360,-111,96
-18,125,-13,131,-16,-361,-111,95
-17,123,-13,131,-17,-361,-107,96
-16,123,-12,130,-17,-360,-107,96
-17,123,-11,129,-17,-360,-107,96
-18,122,-11,129,-17,-360,-108,95
-19,121,-10,128,-17,-360,-107,93
-19,119,-10,128,-17,-361,-107,91
-19,117,-10,128,-17,-361,-107,89
-19,115,-10,128,-17,-362,-107,87
-19,112,-11,127,-17,-363,-107,85
-20,109,-12,126,-17,-364,-107,81
-20,106,-12,126,-17,-365,-108,78
-21,104,-13,125,-17,-365,-109,76
-24,103,-14,125,-17,-365,-111,75
-25,101,-14,124,-17,-365,-113,73
-25,98,-14,124,-17,-365,-113,70
-25,95,-14,124,-17,-365,-113,67
-26,92,-14,124,-17,-365,-113,64
-27,90,-14,125,-17,-365,-114,62
-29,89,-14,125,-17,-365,-117,61
-31,88,-14,125,-17,-365,-118,59
-32,86,-14,124,-17,-365,-119,57
-32,83,-14,124,-17,-365,-119,54
-32,82,-15,123,-17,-365,-119,53
-33,82,-15,123,-17,-365,-120,53
-34,84,-15,123,-16,-365,-122,56
-35,86,-15,123,-15,-365,-123,57
-35,86,-14,124,-16,-367,-123,57
-35,86,-14,124,-17,-368,-123,57
-36,87,-14,125,-18,-368,-123,58
-37,88,-14,125,-18,-367,-124,59
-36,90,-14,125,-17,-366,-124,62
-35,93,-14,125,-16,-367,-123,64
-34,96,-14,124,-14,-368,-122,68
-33,100,-14,124,-12,-369,-120,72
-32,104,-14,125,-12,-370,-120,75
-32,108,-12,126,-14,-370,-119,80
-31,112,-11,127,-16,-370,-119,84
-31,115,-10,128,-18,-370,-119,87
-30,120,-10,128,-16,-370,-118,92
-28,124,-10,128,-14,-370,-115,97
-26,130,-9,129,-12,-370,-117,102
-25,135,-7,130,-12,-369,-115,111
-24,140,-6,131,-12,-367,-115,115
-22,144,-6,131,-13,-365,-113,119
-19,148,-7,131,-14,-365,-111,124
-16,153,-6,131,-14,-365,-107,129
-14,158,-5,132,-14,-365,-106,134
-14,162,-4,133,-13,-365,-104,139
-12,166,-3,134,-12,-366,-103,142
-9,170,-2,134,-12,-366,-101,147
-7,175,-1,135,-12,-365,-98,153
-5,178,0,136,-12,-364,-100,157
-4,180,0,137,-13,-362,-98,159
-2,181,0,138,-14,-360,-96,161
0,184,0,137,-15,-360,-95,163
0,187,0,137,-16,-360,-93,166
1,189,0,137,-15,-361,-92,168
2,190,0,137,-14,-360,-92,169
2,190,0,137,-14,-359,-91,169
3,190,0,137,-14,-357,-90,170
5,191,0,137,-15,-356,-89,170
7,191,0,137,-16,-355,-86,172
7,191,0,137,-17,-354,-86,170
8,189,0,137,-17,-352,-85,169
8,189,0,137,-16,-350,-85,168
8,189,0,137,-16,-350,-85,169
8,189,1,137,-16,-351,-83,168
7,188,1,136,-16,-350,-84,168
6,186,1,137,-15,-349,-87,166
5,184,0,137,-14,-347,-89,163
5,182,0,137,-14,-346,-89,161
4,180,-2,135,-15,-346,-89,157
2,177,-3,134,-16,-346,-89,153
0,173,-3,134,-16,-344,-91,150
-1,169,-3,134,-15,-342,-92,146
-2,166,-3,134,-14,-341,-93,142
-4,164,-2,134,-14,-340,-95,140
-6,162,-3,134,-14,-341,-97,139
-8,160,-4,133,-15,-341,-100,136
-10,156,-5,132,-14,-339,-102,133
-12,152,-7,131,-14,-337,-103,129
-13,149,-7,131,-14,-336,-103,125
-14,147,-7,131,-15,-336,-104,123
-16,144,-6,131,-15,-336,-107,120
-17,141,-6,131,-15,-336,-108,117
-18,139,-7,131,-15,-335,-109,114
-19,138,-7,130,-15,-332,-109,114
-20,138,-8,130,-15,-331,-111,114
-21,138,-8,129,-15,-331,-112,113
-22,137,-9,128,-15,-331,-111,111
-22,135,-10,128,-15,-332,-111,108
-22,133,-10,128,-15,-331,-111,106
-22,131,-10,128,-15,-330,-111,104
-22,131,-10,128,-15,-328,-111,103
-22,131,-10,128,-15,-326,-111,103
-22,131,-10,128,-15,-326,-111,104
-23,131,-10,128,-15,-326,-112,103
-24,130,-10,128,-15,-326,-112,103
-25,129,-10,128,-15,-326,-113,102
-25,128,-10,128,-15,-326,-113,101
-24,127,-10,128,-15,-326,-112,100
-24,127,-10,128,-15,-326,-112,100
-23,126,-10,128,-15,-326,-111,98
-23,124,-10,128,-15,-326,-111,97
-22,122,-10,128,-15,-326,-109,95
-21,121,-10,128,-14,-326,-108,93
-19,120,-10,128,-14,-326,-107,93
-18,119,-10,128,-14,-326,-106,91
-18,118,-10,128,-15,-326,-106,90
-18,117,-11,126,-15,-325,-106,89
-18,115,-10,125,-14,-324,-106,87
-18,115,-10,125,-14,-325,-106,90
-17,114,-10,127,-13,-326,-104,86
-17,113,-10,128,-12,-326,-104,86
-17,112,-10,128,-12,-326,-104,85
-18,111,-10,126,-12,-326,-106,84
-18,110,-10,125,-13,-326,-106,83
-19,109,-11,124,-13,-326,-106,81
-17,108,-13,125,-13,-326,-104,80
-16,108,-13,126,-12,-326,-103,81
-15,109,-11,127,-11,-326,-102,81
-14,111,-10,128,-11,-326,-102,84
-15,113,-10,128,-11,-326,-102,85
-14,115,-10,128,-10,-327,-102,89
-14,118,-10,128,-10,-327,-102,91
-13,121,-10,127,-10,-326,-101,93
-12,124,-10,128,-10,-326,-100,97
-10,128,-9,129,-10,-326,-101,103
-9,133,-7,130,-10,-328,-100,108
-8,139,-7,131,-10,-330,-98,114
-7,145,-6,131,-10,-331,-97,122
-5,152,-5,132,-10,-332,-96,129
-3,159,-4,133,-10,-332,-93,135
0,166,-3,134,-10,-331,-91,142
0,172,-2,136,-10,-331,-92,148
2,178,-1,137,-10,-332,-91,156
4,185,0,139,-11,-331,-89,164
6,192,0,140,-12,-331,-87,172
7,200,2,140,-11,-331,-86,180
9,208,3,141,-11,-332,-87,187
10,216,3,144,-10,-333,-86,196
12,223,4,145,-10,-333,-85,203
14,229,6,146,-10,-333,-84,213
15,235,7,146,-10,-333,-83,218
15,240,8,147,-10,-335,-84,223
16,244,7,148,-10,-336,-84,228
17,246,6,148,-10,-336,-83,228
18,248,7,148,-10,-336,-81,231
19,249,7,147,-10,-336,-80,233
20,250,7,147,-11,-337,-80,234
20,249,6,147,-10,-336,-80,230
19,247,5,147,-10,-335,-80,228
18,242,5,147,-10,-332,-81,224
17,237,4,147,-10,-332,-83,218
15,231,3,146,-10,-333,-85,212
13,226,2,144,-10,-335,-84,206
11,218,0,142,-10,-335,-85,198
9,209,0,141,-10,-333,-87,186
7,198,-2,141,-10,-331,-89,175
5,187,-4,140,-10,-331,-91,164
3,175,-5,139,-10,-331,-92,152
0,162,-6,137,-10,-332,-92,139
-3,149,-7,134,-10,-332,-96,123
-8,137,-9,132,-12,-330,-98,111
-12,126,-10,129,-12,-328,-102,98
-15,114,-11,127,-11,-326,-102,86
-18,101,-13,125,-10,-326,-104,73
-21,87,-14,124,-9,-326,-108,59
-26,74,-16,122,-11,-327,-113,42
-31,60,-18,120,-14,-326,-114,29
-34,49,-20,119,-15,-326,-118,17
-36,39,-22,117,-15,-326,-120,7
-39,29,-23,116,-13,-326,-123,-4
-42,21,-24,114,-11,-326,-123,-13
-45,13,-24,111,-11,-326,-123,-19
-48,6,-24,109,-13,-326,-125,-26
-50,1,-25,108,-14,-326,-129,-31
-54,-1,-25,108,-14,-326,-131,-35
-56,-5,-25,108,-14,-327,-134,-39
-58,-7,-25,108,-14,-326,-136,-41
-60,-8,-26,107,-14,-325,-137,-42
-61,-8,-26,107,-13,-323,-140,-42
-62,-6,-26,107,-11,-321,-140,-40
-63,-3,-25,107,-11,-321,-141,-36
-63,0,-25,108,-12,-321,-141,-32
-63,7,-25,108,-14,-321,-141,-25
-62,14,-24,109,-15,-321,-141,-19
-61,21,-22,110,-14,-321,-140,-10
-60,29,-22,111,-14,-321,-139,-2
-59,38,-21,111,-14,-321,-137,6
-58,47,-20,112,-14,-321,-137,14
-57,55,-18,113,-14,-321,-137,25
-55,64,-17,115,-14,-321,-137,34
-52,73,-16,118,-13,-321,-134,43
-49,83,-16,120,-12,-321,-134,54
-46,94,-16,122,-13,-321,-134,63
-44,103,-15,124,-14,-321,-133,75
-42,112,-13,125,-14,-321,-130,84
-39,120,-11,127,-14,-321,-128,92
-36,129,-10,128,-14,-321,-124,101
-33,137,-9,129,-14,-321,-124,112
-30,146,-7,130,-14,-321,-122,122
-28,154,-7,131,-14,-321,-119,130
-26,161,-5,132,-14,-321,-118,136
-23,166,-4,133,-14,-321,-115,142
-21,171,-3,134,-13,-321,-112,147
-17,176,-1,135,-13,-321,-109,155
-15,181,0,137,-13,-321,-109,159
-13,185,0,137,-14,-322,-107,164
-12,189,0,137,-13,-321,-107,168
-10,192,0,137,-13,-320,-106,172
-9,194,0,137,-13,-318,-104,173
-7,195,1,138,-14,-316,-102,174
-6,196,2,140,-14,-316,-101,175
-4,197,3,141,-14,-316,-100,177
-4,198,4,141,-14,-317,-98,180
-3,200,5,140,-14,-316,-97,181
-2,200,4,140,-14,-316,-97,181
-1,199,4,140,-14,-317,-96,181
0,199,4,140,-14,-317,-95,179
0,199,4,140,-14,-316,-93,181
0,200,5,139,-14,-315,-93,183
1,201,6,138,-14,-313,-90,183
3,199,6,138,-14,-311,-89,181
3,197,6,138,-14,-311,-87,180
4,196,6,137,-14,-311,-87,179
4,196,7,137,-14,-311,-87,179
4,196,7,137,-14,-311,-86,179
4,195,7,137,-14,-312,-86,178
4,193,7,138,-14,-312,-87,175
3,190,7,137,-14,-311,-87,173
3,188,6,136,-14,-310,-87,170
3,186,4,135,-14,-308,-87,168
3,185,3,134,-14,-308,-87,167
2,183,3,134,-14,-308,-89,164
1,180,3,134,-14,-308,-90,162
1,176,2,133,-14,-307,-86,158
2,173,1,131,-14,-307,-86,152
2,169,0,130,-14,-307,-86,148
1,167,0,130,-14,-307,-86,146
0,164,0,131,-14,-307,-89,142
-1,160,0,131,-14,-307,-90,139
-3,155,-2,131,-14,-307,-93,134
-4,151,-4,131,-14,-307,-95,126
-6,148,-5,130,-14,-307,-96,124
-7,144,-7,131,-14,-307,-97,119
-8,139,-8,130,-14,-306,-100,114
-10,133,-9,129,-14,-306,-101,106
-13,126,-10,128,-14,-305,-101,100
-15,119,-10,127,-14,-304,-103,92
-17,114,-11,126,-14,-303,-104,86
-18,109,-13,125,-14,-302,-106,81
-19,105,-14,125,-14,-302,-107,76
-21,100,-14,124,-13,-301,-108,72
-22,94,-14,124,-14,-302,-109,67
-23,88,-15,123,-14,-302,-111,59
-24,83,-16,122,-14,-302,-111,54
-26,78,-17,121,-14,-302,-111,47
-28,74,-19,120,-13,-300,-113,42
-30,70,-20,119,-13,-298,-114,39
-32,65,-21,118,-13,-297,-115,34
-32,61,-21,118,-13,-296,-115,30
-33,59,-21,118,-13,-297,-117,28
-35,56,-21,118,-13,-297,-119,24
-36,54,-21,118,-13,-297,-120,21
-37,51,-21,118,-13,-296,-120,19
-37,49,-22,117,-13,-296,-120,18
-37,49,-23,115,-13,-295,-122,14
-39,49,-25,115,-13,-294,-120,14
-41,49,-25,115,-13,-293,-123,14
-43,49,-24,115,-13,-292,-126,14
-43,48,-23,116,-13,-292,-128,15
-43,48,-22,116,-13,-292,-126,15
-41,49,-22,117,-14,-292,-125,17
-40,51,-21,118,-14,-292,-124,19
-40,54,-21,118,-14,-292,-124,21
-41,56,-21,118,-14,-292,-125,24
-41,59,-21,118,-14,-292,-125,28
-40,62,-21,118,-16,-292,-125,30
-39,65,-21,118,-16,-292,-124,34
-39,69,-20,119,-15,-292,-123,37
-38,73,-19,120,-15,-292,-122,41
-36,78,-18,121,-15,-292,-120,46
-33,83,-17,121,-15,-292,-118,52
-32,87,-16,122,-15,-292,-119,57
-31,93,-15,123,-14,-292,-119,64
-31,99,-14,125,-16,-292,-118,70
-30,106,-13,127,-17,-292,-118,78
-28,112,-12,128,-18,-292,-118,85
-25,119,-11,129,-18,-292,-115,91
-22,124,-10,128,-18,-292,-113,97
-20,130,-9,129,-18,-292,-111,103
-19,137,-8,130,-16,-292,-109,113
-17,145,-7,131,-15,-292,-108,120
-16,152,-5,132,-15,-292,-107,128
-14,159,-4,133,-16,-292,-106,135
-11,165,-3,134,-17,-292,-102,141
-8,170,-1,135,-17,-292,-100,150
-6,175,0,137,-16,-292,-100,155
-5,180,-1,139,-14,-292,-98,157
-4,185,-1,140,-14,-292,-101,162
-3,191,0,141,-16,-292,-100,168
-1,197,1,141,-18,-292,-98,177
0,202,3,141,-18,-292,-93,181
3,206,3,141,-18,-292,-93,186
3,211,3,142,-18,-292,-93,191
5,215,3,143,-18,-292,-91,195
7,218,5,144,-18,-292,-90,198
9,221,6,145,-18,-292,-87,203
10,224,6,146,-18,-292,-86,205
11,227,6,146,-18,-292,-85,207
13,228,6,145,-18,-292,-84,212
14,228,7,144,-18,-292,-83,212
15,227,7,144,-18,-292,-81,211
16,226,7,144,-18,-292,-81,209
15,226,7,145,-18,-292,-81,209
15,226,6,145,-18,-292,-81,209
16,226,5,144,-18,-292,-81,206
16,225,3,143,-18,-292,-80,206
17,224,2,142,-18,-292,-80,205
18,222,2,142,-17,-292,-79,202
18,219,3,141,-16,-292,-79,200
17,216,3,141,-16,-292,-76,196
16,213,4,141,-16,-291,-78,194
15,209,3,140,-17,-292,-79,189
14,206,1,138,-18,-292,-80,186
13,202,0,138,-18,-293,-80,183
12,199,0,137,-18,-293,-81,179
12,196,0,137,-18,-293,-81,177
11,193,0,137,-18,-292,-81,173
11,190,0,138,-18,-293,-83,170
9,188,0,138,-18,-295,-85,168
6,185,0,137,-18,-296,-87,164
5,181,1,137,-18,-297,-86,161
4,178,2,135,-16,-297,-86,157
4,175,3,134,-14,-296,-86,157
3,174,3,133,-14,-296,-85,156
2,173,3,134,-16,-296,-89,155
0,172,3,134,-18,-298,-90,153
0,172,3,134,-18,-300,-91,153
-1,171,3,134,-17,-302,-92,152
-1,171,3,134,-15,-302,-92,152
-2,170,3,134,-14,-301,-93,152
-1,170,3,134,-14,-302,-92,152
0,171,3,134,-13,-303,-91,152
0,173,3,134,-13,-305,-91,155
0,175,3,134,-14,-307,-91,157
0,178,3,134,-14,-307,-92,159
0,181,3,134,-14,-307,-91,163
0,185,3,133,-13,-307,-89,167
1,189,4,133,-14,-308,-87,170
2,193,6,133,-14,-310,-86,175
3,197,7,135,-14,-312,-85,180
4,202,7,137,-14,-313,-87,185
5,208,7,138,-14,-315,-86,190
6,214,8,138,-14,-316,-85,196
7,220,9,139,-14,-317,-85,206
10,227,10,140,-14,-318,-83,212
12,234,12,142,-14,-318,-83,219
13,242,13,143,-15,-319,-81,228
12,249,14,143,-14,-320,-83,235
12,256,14,144,-13,-321,-83,242
13,263,15,145,-12,-323,-83,249
14,269,15,147,-11,-325,-84,256
16,275,15,150,-11,-326,-81,262
18,280,15,151,-11,-327,-83,267
20,284,14,151,-10,-328,-81,271
21,287,14,151,-10,-330,-80,274
23,291,14,151,-10,-331,-78,278
23,294,14,151,-10,-332,-78,281
22,296,14,151,-10,-333,-79,284
21,298,17,150,-10,-335,-78,286
20,299,19,150,-10,-336,-79,289
20,300,21,151,-11,-337,-79,290
20,299,19,153,-11,-338,-81,290
21,299,17,153,-10,-339,-80,286
21,296,15,152,-9,-341,-80,283
19,292,15,150,-7,-342,-80,279
17,286,16,149,-6,-341,-81,273
14,280,16,149,-5,-341,-84,267
13,273,14,148,-6,-343,-85,260
13,266,13,147,-6,-345,-85,252
12,258,12,146,-6,-346,-86,244
10,249,11,144,-6,-346,-85,235
6,240,10,143,-6,-346,-89,225
2,230,10,142,-6,-346,-93,216
0,220,9,140,-6,-346,-93,206
-2,209,7,137,-6,-346,-95,191
-3,197,4,134,-6,-346,-96,179
-6,185,2,133,-6,-346,-97,167
-9,172,0,132,-6,-348,-101,151
-13,160,-1,132,-6,-350,-104,139
-15,148,-1,130,-7,-350,-103,126
-16,136,-3,129,-7,-348,-104,114
-19,125,-5,127,-6,-346,-107,100
-22,113,-8,125,-4,-346,-109,89
-25,101,-10,122,-3,-346,-111,76
-28,89,-12,120,-3,-346,-113,61
-29,78,-14,119,-4,-346,-113,50
-30,68,-16,120,-5,-346,-114,39
-33,58,-18,120,-5,-346,-117,26
-36,50,-20,119,-3,-346,-119,18
-39,41,-21,118,-2,-346,-123,9
-40,33,-22,116,-1,-346,-124,1
-42,26,-23,116,-1,-347,-125,-8
-43,20,-24,115,-1,-347,-125,-14
-43,16,-25,114,-1,-346,-123,-18
-44,13,-26,113,-1,-345,-124,-21
-45,10,-27,113,-1,-345,-125,-25
-47,7,-27,112,-1,-345,-128,-28
-47,6,-27,112,-1,-345,-128,-29
-46,7,-27,112,-3,-343,-126,-28
-45,10,-28,112,-5,-342,-125,-25
-45,12,-29,111,-6,-341,-125,-23
-46,14,-28,112,-6,-339,-126,-20
-47,18,-27,112,-4,-338,-128,-17
-46,24,-25,114,-2,-337,-126,-10
-44,30,-25,115,-1,-337,-128,-4
-42,37,-26,115,-1,-336,-125,2
-40,44,-27,117,-2,-336,-124,9
-39,52,-26,119,-2,-333,-125,17
-38,60,-25,122,-2,-332,-124,25
-37,69,-23,123,-3,-330,-124,35
-36,78,-22,123,-5,-328,-126,45
-36,87,-21,124,-5,-327,-125,53
-35,95,-20,126,-5,-325,-125,64
-33,103,-18,127,-5,-324,-124,73
-30,111,-17,128,-4,-322,-120,80
-26,118,-17,129,-4,-320,-117,87
-23,125,-17,130,-5,-319,-117,95
-22,132,-16,132,-5,-317,-115,102
-22,137,-14,132,-4,-315,-115,107
-22,143,-12,133,-4,-314,-115,115
-19,148,-10,133,-4,-312,-113,122
-17,154,-11,135,-4,-310,-111,126
-14,158,-12,137,-4,-309,-111,129
-13,162,-13,139,-4,-307,-112,133
-13,164,-13,139,-4,-305,-112,135
-12,166,-10,138,-4,-303,-109,140
-12,169,-9,137,-3,-303,-108,142
-11,171,-9,136,-4,-303,-104,145
-10,172,-9,136,-4,-302,-106,146
-9,171,-10,137,-3,-301,-106,145
-8,169,-10,136,-3,-299,-104,142
-7,168,-9,136,-3,-297,-101,141
-7,167,-7,137,-4,-297,-101,141
-7,166,-7,137,-5,-298,-103,140
-7,164,-7,137,-5,-298,-101,137
-7,162,-8,136,-5,-297,-101,135
-8,159,-9,135,-3,-296,-102,133
-9,157,-10,135,-3,-296,-103,130
-10,154,-10,134,-3,-296,-103,128
-9,151,-10,134,-4,-296,-103,124
-8,148,-10,134,-5,-296,-101,122
-7,145,-10,134,-6,-295,-100,119
-6,142,-10,135,-6,-293,-100,115
-7,140,-10,135,-6,-292,-101,113
-7,137,-10,134,-5,-292,-101,111
-7,136,-10,133,-4,-294,-100,109
-6,133,-11,131,-3,-296,-96,107
-5,131,-13,130,-3,-297,-96,103
-7,129,-13,130,-3,-298,-97,102
-8,128,-11,129,-3,-298,-98,101
-9,128,-10,128,-3,-297,-96,101
-8,128,-10,127,-3,-297,-96,101
-7,129,-11,128,-3,-297,-97,102
-6,131,-12,130,-3,-297,-96,104
-6,133,-12,133,-3,-299,-98,106
-6,135,-11,134,-3,-301,-98,108
-6,137,-10,135,-4,-303,-98,111
-4,141,-10,134,-4,-303,-97,114
-3,146,-10,135,-4,-302,-96,119
-1,150,-9,136,-4,-302,-95,124
0,155,-7,137,-4,-302,-93,129
0,160,-6,137,-4,-304,-95,134
3,168,-6,138,-4,-306,-92,145
5,177,-5,139,-4,-307,-90,153
8,186,-4,140,-4,-307,-87,163
10,194,-3,141,-4,-307,-85,172
12,202,-1,142,-4,-307,-84,180
14,211,0,144,-4,-309,-81,189
18,222,1,145,-4,-310,-81,202
21,233,3,147,-4,-312,-78,214
24,244,4,148,-4,-313,-75,225
27,255,5,149,-4,-314,-73,236
29,266,6,150,-4,-315,-70,247
32,278,8,151,-5,-317,-72,263
34,290,10,153,-4,-317,-69,275
37,301,12,155,-3,-317,-65,286
41,313,14,159,-2,-319,-64,299
45,324,15,162,-1,-321,-63,311
48,336,16,166,-1,-322,-61,323
51,348,18,167,-1,-323,-61,335
54,358,18,168,0,-324,-58,347
55,367,20,169,0,-325,-57,357
57,375,22,170,0,-327,-54,365
59,382,23,172,0,-327,-53,372
60,389,25,173,0,-327,-53,382
61,396,25,173,0,-327,-52,389
61,401,25,173,0,-328,-51,394
62,404,25,173,0,-330,-51,397
62,406,25,173,0,-332,-53,399
62,406,25,173,-1,-332,-53,399
62,404,25,173,-1,-334,-51,397
61,401,24,172,0,-335,-52,393
60,397,23,171,0,-336,-52,388
58,390,21,170,0,-337,-54,380
55,382,20,169,-1,-337,-57,372
52,372,19,167,-1,-338,-61,362
49,361,18,167,-1,-340,-63,351
46,349,16,166,0,-342,-63,335
42,334,14,164,1,-342,-67,321
38,318,11,161,2,-342,-70,305
34,301,8,158,2,-342,-72,284
29,283,5,156,1,-342,-76,264
25,263,3,154,0,-342,-80,242
21,244,1,150,0,-342,-80,223
17,224,0,145,0,-342,-83,202
10,203,-3,141,1,-342,-86,180
3,181,-5,138,1,-342,-92,158
-3,160,-7,137,0,-342,-97,134
-9,139,-10,135,0,-342,-102,112
-14,119,-13,131,1,-340,-107,89
-19,100,-17,128,3,-339,-108,69
-23,81,-21,125,3,-337,-112,47
-28,62,-24,123,3,-337,-117,28
-33,45,-25,120,1,-336,-119,10
-39,28,-27,117,0,-337,-122,-7
-44,11,-28,114,0,-337,-126,-23
-48,-2,-29,111,-1,-337,-128,-37
-51,-14,-31,108,-1,-337,-130,-53
-54,-25,-33,107,-1,-336,-131,-63
-59,-34,-35,106,0,-334,-136,-74
-62,-43,-36,105,0,-332,-139,-84
-65,-50,-36,105,0,-330,-141,-90
-66,-53,-36,105,0,-328,-144,-93
-68,-54,-36,104,0,-327,-145,-95
-71,-55,-37,103,0,-327,-147,-95
-73,-56,-38,103,0,-327,-150,-98
-73,-55,-37,103,0,-327,-150,-95
-72,-50,-36,104,0,-326,-148,-91
-70,-44,-36,104,0,-324,-147,-84
-68,-37,-35,105,0,-322,-145,-76
-67,-29,-35,106,0,-322,-144,-68
-65,-21,-33,108,0,-322,-145,-59
-64,-11,-31,109,0,-323,-145,-50
-62,0,-28,109,0,-322,-142,-36
-60,11,-26,109,0,-321,-139,-24
-56,23,-24,109,0,-319,-135,-9
-52,34,-21,111,-1,-317,-130,2
-47,46,-19,113,-1,-317,-125,17
-43,59,-17,115,-1,-318,-124,29
-39,72,-15,117,0,-318,-120,43
-35,86,-13,119,0,-316,-117,57
-31,99,-10,121,0,-314,-117,73
-27,112,-8,123,-1,-312,-113,86
-23,125,-5,125,-1,-312,-109,101
-19,139,-3,127,-2,-312,-108,117
-15,152,-1,130,-2,-312,-103,130
-11,164,1,131,-2,-311,-100,142
-7,175,3,133,-3,-309,-96,156
-4,185,4,135,-4,-307,-96,167
-1,195,6,136,-4,-306,-93,177
1,204,7,137,-4,-303,-90,186
4,213,8,138,-3,-301,-87,198
9,221,10,140,-3,-299,-83,207
13,228,13,142,-3,-297,-81,214
16,236,14,144,-3,-296,-79,222
18,243,16,145,-3,-294,-76,231
20,249,17,146,-3,-293,-75,239
22,255,17,146,-3,-292,-73,244
25,258,18,147,-3,-291,-70,247
26,260,19,148,-3,-290,-72,250
28,263,20,149,-3,-288,-70,252
28,266,21,150,-3,-286,-69,256
29,270,22,151,-3,-284,-68,260
31,272,21,150,-3,-283,-67,262
33,273,21,150,-2,-282,-64,263
34,274,21,150,-2,-281,-63,263
35,274,21,150,-3,-280,-63,263
34,274,21,150,-3,-278,-63,263
32,273,21,150,-4,-276,-65,263
31,272,22,151,-3,-275,-67,262
31,270,21,150,-2,-273,-67,260
31,268,20,149,-1,-271,-67,257
32,266,19,148,-2,-269,-65,255
31,262,18,147,-3,-268,-64,252
30,259,18,147,-4,-268,-64,249
30,254,17,146,-5,-268,-65,244
29,249,15,144,-5,-267,-65,236
28,244,13,143,-5,-265,-67,230
25,239,11,141,-5,-263,-69,225
22,234,10,140,-4,-262,-69,219
20,228,10,140,-4,-261,-72,214
20,222,9,139,-4,-260,-72,207
19,216,8,138,-5,-259,-72,198
17,209,7,137,-6,-258,-74,192
14,202,7,137,-6,-258,-76,185
12,195,6,136,-6,-258,-79,178
12,188,5,135,-6,-258,-79,170
12,180,3,134,-6,-257,-79,162
10,172,2,133,-6,-255,-78,155
8,165,1,132,-5,-253,-80,144
6,158,0,131,-5,-253,-81,137
5,152,-1,129,-6,-253,-83,131
4,146,-2,128,-6,-253,-83,125
2,139,-3,127,-6,-253,-85,118
0,133,-3,128,-5,-253,-87,112
-2,127,-3,127,-4,-253,-90,106
-4,123,-4,126,-3,-253,-90,101
-4,119,-5,125,-4,-253,-89,95
-5,115,-7,125,-5,-253,-90,90
-6,111,-8,125,-6,-253,-93,86
-8,107,-10,125,-6,-253,-96,83
-10,104,-11,125,-6,-253,-97,76
-11,102,-12,123,-5,-253,-98,75
-11,100,-13,123,-4,-255,-98,73
-12,98,-14,124,-2,-257,-100,70
-13,97,-14,125,-1,-258,-101,69
-15,96,-14,125,-3,-259,-102,68
-16,95,-14,125,-4,-259,-103,67
-17,93,-14,124,-4,-258,-103,65
-17,93,-14,124,-3,-258,-104,64
-18,92,-14,124,-1,-258,-104,64
-19,91,-14,124,-2,-258,-107,63
-21,91,-14,124,-3,-259,-108,63
-22,91,-14,124,-4,-260,-109,63
-22,92,-14,124,-3,-260,-109,64
-22,93,-14,125,-2,-261,-109,65
-22,93,-14,124,-1,-262,-109,65
-22,93,-14,124,-1,-263,-109,64
-21,91,-14,124,-1,-263,-108,63
-22,89,-14,125,-1,-263,-109,61
-23,87,-13,125,-1,-263,-109,58
-24,86,-14,124,-1,-263,-111,57
-25,84,-15,123,-1,-265,-112,56
-26,82,-16,122,-1,-267,-113,51
-27,78,-17,121,-1,-268,-111,47
-28,74,-17,121,-3,-268,-113,42
-30,70,-17,121,-5,-268,-114,39
-32,67,-17,121,-7,-269,-115,35
-34,63,-18,120,-7,-271,-118,31
-36,57,-20,119,-5,-273,-120,25
-38,51,-21,118,-3,-273,-122,19
-39,45,-21,118,-2,-273,-123,13
-41,39,-22,117,-2,-274,-125,7
-44,34,-23,116,-2,-276,-128,0
-48,28,-25,116,-2,-278,-131,-6
-51,22,-28,116,-2,-278,-134,-15
-53,15,-30,116,-3,-278,-136,-21
-54,9,-32,116,-6,-279,-140,-29
-56,2,-32,115,-7,-281,-139,-36
-57,-5,-32,114,-7,-282,-140,-43
-59,-12,-34,113,-6,-283,-141,-53
-61,-18,-36,111,-5,-285,-144,-59
-64,-24,-38,109,-6,-286,-146,-65
-66,-30,-39,108,-7,-287,-146,-72
-68,-37,-40,107,-7,-288,-147,-79
-70,-43,-41,106,-4,-289,-148,-89
-71,-49,-42,105,-3,-291,-151,-93
-74,-53,-42,105,-3,-292,-153,-98
-76,-57,-42,105,-4,-293,-156,-102
-79,-61,-43,104,-5,-293,-158,-106
-80,-64,-45,103,-5,-294,-159,-109
-80,-66,-46,102,-3,-296,-157,-112
-81,-68,-46,102,-3,-298,-157,-114
-80,-69,-46,102,-3,-299,-157,-115
-79,-69,-46,102,-3,-301,-156,-114
-79,-67,-46,102,-4,-302,-156,-113
-80,-66,-45,103,-4,-303,-159,-112
-81,-65,-44,105,-3,-303,-159,-111
-79,-64,-42,105,-4,-306,-158,-109
-77,-61,-41,104,-4,-309,-157,-103
-75,-56,-40,103,-4,-311,-151,-98
-72,-50,-39,103,-4,-312,-148,-92
-70,-44,-37,105,-4,-313,-147,-86
-68,-37,-36,107,-4,-314,-147,-76
-65,-29,-34,109,-4,-315,-145,-69
-61,-21,-32,108,-5,-317,-141,-61
-58,-11,-31,109,-5,-319,-139,-51
-56,-1,-29,110,-5,-321,-136,-37
-53,9,-27,112,-5,-321,-134,-25
-50,22,-24,115,-5,-322,-134,-13
-46,35,-21,118,-5,-324,-130,2
-43,48,-18,120,-5,-325,-126,17
-39,61,-17,121,-5,-326,-123,30
-35,75,-16,123,-5,-327,-122,43
-31,88,-15,125,-5,-327,-118,57
-26,102,-14,129,-5,-328,-115,72
-20,116,-12,132,-5,-330,-112,89
-14,130,-10,135,-5,-332,-107,102
-10,144,-7,137,-5,-332,-106,117
-7,158,-4,139,-5,-332,-103,134
-4,173,-3,140,-5,-332,-101,148
-1,186,-3,141,-5,-333,-97,163
3,198,-2,143,-6,-333,-95,175
8,209,-1,144,-7,-333,-91,187
12,221,0,146,-7,-333,-87,198
14,231,2,148,-7,-335,-85,212
17,241,3,151,-6,-336,-85,222
20,249,3,153,-5,-336,-83,230
23,257,4,155,-5,-333,-81,239
26,264,5,156,-5,-332,-79,246
28,271,7,157,-7,-331,-76,252
29,277,9,157,-9,-331,-76,258
31,281,10,156,-10,-332,-74,266
32,284,10,156,-10,-331,-74,269
34,285,9,156,-10,-331,-72,269
34,285,10,156,-10,-332,-72,269
34,285,10,155,-10,-332,-69,269
33,285,11,155,-10,-331,-69,269
33,283,11,154,-10,-330,-69,268
33,279,11,154,-10,-328,-69,264
33,273,10,153,-8,-326,-69,258
32,267,9,152,-8,-326,-70,251
30,260,7,151,-8,-326,-72,242
28,254,6,150,-9,-327,-72,235
26,247,6,148,-10,-327,-73,229
25,239,7,145,-10,-326,-72,223
23,231,7,144,-10,-326,-74,214
21,221,6,143,-10,-326,-75,205
17,210,5,142,-10,-326,-76,194
13,199,3,140,-10,-326,-81,179
9,188,1,139,-10,-326,-85,168
5,177,0,136,-10,-326,-87,156
2,166,-3,134,-10,-326,-87,142
0,154,-5,132,-10,-326,-91,130
-5,141,-7,131,-10,-326,-96,117
-10,129,-7,130,-10,-326,-101,104
-15,117,-9,129,-10,-326,-104,92
-18,105,-11,127,-10,-326,-106,78
-22,93,-14,124,-10,-326,-109,65
-27,80,-16,122,-10,-326,-114,52
-32,69,-17,121,-10,-326,-115,39
-36,59,-18,120,-10,-326,-119,28
-39,49,-20,119,-10,-326,-123,17
-43,38,-22,117,-10,-326,-126,6
-46,28,-23,115,-10,-326,-130,-6
-51,19,-25,115,-10,-326,-131,-15
-54,10,-26,113,-10,-326,-135,-24
-57,3,-27,112,-10,-327,-137,-32
-59,-3,-28,112,-10,-327,-139,-40
-61,-9,-30,110,-10,-326,-141,-46
-63,-14,-31,109,-10,-325,-144,-53
-66,-20,-32,108,-10,-323,-146,-59
-69,-24,-31,107,-9,-321,-146,-64
-72,-28,-31,104,-10,-321,-148,-65
-73,-31,-31,102,-10,-321,-148,-68
-74,-33,-32,101,-11,-321,-148,-70
-74,-35,-32,101,-12,-321,-150,-73
-75,-35,-32,101,-14,-321,-150,-73
-75,-34,-32,101,-14,-322,-150,-72
-75,-31,-32,101,-14,-321,-150,-68
-75,-28,-32,101,-13,-319,-150,-64
-74,-25,-31,102,-12,-318,-150,-62
-74,-22,-31,102,-13,-318,-150,-59
-74,-20,-30,103,-14,-319,-148,-57
-72,-16,-29,104,-14,-321,-147,-53
-71,-10,-29,104,-15,-322,-146,-47
-69,-4,-28,104,-14,-321,-145,-41
-67,1,-28,104,-14,-321,-142,-34
-65,7,-28,105,-14,-321,-141,-28
-62,13,-26,106,-14,-321,-140,-21
-59,21,-25,108,-14,-321,-137,-12
-56,29,-24,109,-14,-321,-135,-2
-53,39,-22,110,-15,-323,-131,7
-49,48,-20,112,-15,-324,-129,17
-46,57,-19,113,-15,-325,-125,28
-42,66,-18,114,-14,-325,-124,36
-39,74,-17,115,-13,-325,-120,45
-35,83,-14,117,-13,-325,-118,54
-32,93,-11,120,-14,-326,-114,67
-29,102,-9,122,-14,-326,-114,76
-26,112,-9,124,-14,-328,-112,87
-24,123,-9,127,-13,-330,-112,98
-20,133,-9,129,-13,-331,-111,106
-17,142,-7,131,-13,-331,-108,118
-13,151,-4,133,-12,-331,-104,128
-10,160,-1,135,-11,-331,-102,139
-7,168,0,137,-10,-333,-102,146
-5,174,0,137,-12,-335,-98,153
-2,181,1,138,-14,-336,-96,161
0,188,2,139,-15,-336,-93,168
3,198,3,140,-14,-336,-90,178
6,207,5,142,-12,-338,-89,190
9,215,6,143,-10,-339,-87,198
12,221,7,144,-10,-341,-84,205
16,227,7,144,-12,-341,-81,211
18,232,8,145,-14,-341,-79,216
19,237,10,146,-14,-340,-78,220
20,242,11,147,-12,-341,-78,225
21,247,11,148,-11,-343,-76,230
23,252,11,147,-12,-345,-74,235
25,256,11,147,-14,-346,-72,240
28,259,10,147,-16,-346,-69,244
30,262,11,147,-15,-346,-68,246
32,265,12,148,-13,-347,-65,252
33,269,14,150,-11,-349,-67,256
33,272,14,151,-11,-351,-67,260
34,274,15,151,-11,-351,-67,262
35,274,14,151,-11,-351,-64,262
38,274,14,151,-11,-350,-62,261
40,273,14,151,-11,-351,-59,260
42,272,14,151,-11,-351,-58,260
41,271,14,151,-11,-351,-59,258
39,271,14,151,-11,-349,-61,258
38,269,14,150,-11,-347,-62,256
38,267,14,149,-11,-346,-59,253
39,264,13,147,-12,-346,-58,251
39,261,11,146,-13,-345,-58,249
38,257,11,147,-12,-344,-59,242
36,252,11,148,-11,-343,-62,236
32,245,10,148,-10,-341,-64,230
30,240,10,146,-10,-340,-67,224
27,235,8,145,-11,-340,-69,218
26,228,7,144,-11,-338,-70,212
24,220,7,144,-10,-336,-73,203
22,212,6,143,-10,-334,-74,195
19,204,5,142,-10,-333,-75,186
16,195,3,141,-10,-332,-78,175
13,186,2,140,-10,-331,-80,166
10,176,1,138,-10,-330,-84,156
6,165,0,136,-10,-328,-84,145
2,155,-1,133,-10,-327,-87,134
-1,145,-2,131,-10,-326,-91,123
-4,134,-3,129,-10,-326,-92,113
-7,123,-4,126,-10,-325,-92,101
-10,112,-6,125,-10,-323,-96,86
-15,100,-8,123,-10,-321,-100,75
-21,90,-9,121,-11,-321,-106,64
-24,79,-11,119,-11,-321,-106,53
-27,67,-12,117,-11,-321,-109,41
-29,55,-14,115,-11,-321,-111,26
-32,44,-16,114,-13,-319,-111,14
-37,34,-17,112,-14,-318,-115,4
-42,26,-19,110,-14,-318,-120,-3
-46,17,-21,108,-13,-317,-122,-14
-48,8,-22,107,-12,-316,-124,-24
-50,0,-22,105,-11,-317,-125,-32
-53,-7,-22,104,-11,-317,-125,-40
-56,-14,-23,103,-11,-316,-129,-47
-59,-21,-24,102,-12,-316,-131,-56
-61,-27,-25,101,-13,-317,-133,-62
-62,-33,-27,100,-13,-318,-135,-67
-65,-37,-28,98,-11,-319,-136,-72
-67,-40,-28,97,-9,-320,-137,-75
-69,-43,-29,98,-9,-321,-141,-80
-69,-45,-30,99,-11,-321,-141,-83
-68,-46,-31,100,-12,-322,-140,-84
-68,-47,-32,101,-11,-322,-142,-85
-67,-48,-32,102,-10,-321,-141,-85
-67,-48,-32,101,-9,-321,-141,-85
-68,-47,-32,101,-9,-321,-142,-85
-68,-46,-32,101,-10,-323,-142,-84
-69,-45,-32,101,-10,-325,-144,-83
-70,-42,-32,101,-10,-326,-145,-80
-70,-40,-32,101,-11,-327,-145,-78
-69,-37,-32,101,-12,-327,-144,-74
-68,-35,-31,102,-11,-327,-142,-73
-66,-32,-31,104,-10,-328,-144,-69
-65,-28,-31,107,-10,-329,-142,-68
-65,-24,-32,108,-10,-330,-145,-63
-65,-20,-32,108,-10,-331,-145,-59
-64,-16,-32,108,-10,-331,-144,-56
-64,-12,-31,109,-10,-332,-144,-51
-63,-8,-29,110,-10,-333,-144,-45
-62,-4,-28,112,-10,-335,-142,-41
-60,0,-28,112,-10,-336,-141,-36
-58,5,-28,111,-11,-337,-139,-30
-56,9,-28,112,-10,-336,-137,-25
-55,14,-27,112,-10,-336,-136,-21
-55,18,-26,113,-10,-336,-135,-17
-54,21,-24,115,-10,-336,-135,-14
-52,25,-23,116,-11,-338,-136,-7
-50,29,-22,117,-11,-339,-134,-3
-49,33,-21,118,-11,-341,-133,1
-48,38,-21,119,-11,-341,-131,6
-47,42,-21,118,-11,-341,-131,9
-46,47,-19,117,-11,-341,-130,15
-44,52,-18,117,-11,-341,-125,23
-43,57,-16,117,-11,-341,-124,28
-40,62,-16,118,-11,-341,-125,34
-39,67,-16,120,-11,-341,-124,39
-39,72,-17,120,-11,-342,-123,43
-38,77,-17,121,-11,-343,-123,46
-36,81,-17,122,-11,-344,-123,50
-35,86,-16,122,-11,-345,-123,54
-34,90,-15,123,-11,-346,-122,62
-32,94,-14,124,-11,-346,-119,65
-30,98,-14,125,-11,-345,-118,70
-28,101,-14,125,-11,-344,-115,73
-27,105,-13,125,-11,-343,-115,76
-26,108,-11,125,-11,-342,-114,80
-26,112,-10,125,-11,-341,-113,84
-25,115,-10,126,-11,-341,-113,87
-24,118,-10,127,-11,-341,-112,90
-21,120,-10,128,-11,-341,-109,92
-19,122,-10,128,-11,-342,-107,95
-18,124,-10,128,-11,-341,-107,97
-18,126,-10,128,-11,-339,-107,98
-19,128,-10,128,-11,-338,-107,101
-18,129,-10,128,-11,-337,-106,101
-16,129,-10,128,-10,-336,-104,102
-15,130,-9,129,-10,-335,-106,102
-14,130,-8,129,-10,-333,-104,106
-14,130,-9,129,-10,-332,-104,106
-15,130,-10,128,-10,-331,-103,103
-15,130,-10,127,-10,-331,-103,103
-14,130,-10,128,-10,-331,-102,103
-14,130,-9,129,-10,-332,-104,106
-15,130,-7,130,-10,-332,-106,106
-16,129,-7,131,-10,-332,-106,104
-16,129,-7,130,-10,-331,-107,104
-16,129,-8,130,-10,-330,-106,104
-15,130,-8,129,-10,-329,-106,106
-14,130,-8,129,-10,-328,-104,106
-14,130,-8,129,-10,-328,-104,106
-14,130,-8,130,-10,-327,-104,106
-15,130,-7,130,-10,-326,-106,106
-15,130,-7,131,-10,-326,-106,106
-14,130,-6,131,-10,-326,-104,106
-13,131,-6,131,-10,-327,-103,107
-12,133,-7,131,-10,-326,-103,108
-12,135,-6,131,-10,-326,-103,111
-12,136,-6,131,-10,-326,-103,112
-13,137,-7,131,-10,-326,-103,113
-12,138,-7,131,-10,-326,-103,114
-11,140,-6,131,-10,-326,-102,117
-10,143,-5,132,-10,-326,-101,119
-10,146,-4,133,-10,-326,-101,122
-9,148,-3,134,-10,-326,-101,124
-9,149,-3,134,-11,-326,-100,125
-9,150,-3,134,-12,-326,-100,126
-8,152,-3,134,-11,-326,-100,129
-7,154,-3,134,-10,-326,-98,130
-6,155,-3,134,-10,-326,-97,131
-5,154,-4,133,-10,-326,-96,130
-6,152,-5,132,-10,-326,-97,128
-7,150,-5,132,-10,-326,-98,126
-8,149,-5,132,-10,-326,-100,125
-9,146,-5,132,-10,-326,-100,122
-9,143,-6,131,-10,-326,-100,118
-9,139,-7,131,-10,-327,-100,114
-11,134,-7,130,-10,-327,-102,109
-13,127,-9,129,-10,-326,-103,103
-15,120,-10,128,-10,-325,-102,92
-18,112,-11,126,-10,-323,-106,84
-21,104,-13,125,-10,-321,-108,76
-25,97,-14,124,-12,-321,-112,69
-27,88,-15,123,-12,-321,-114,59
-29,78,-15,121,-12,-321,-113,50
-32,67,-15,119,-11,-322,-117,39
-36,56,-16,115,-10,-321,-117,26
-39,46,-18,114,-9,-320,-120,17
-43,35,-20,114,-9,-318,-124,2
-46,24,-22,114,-10,-317,-126,-8
-49,13,-24,112,-9,-316,-130,-19
-53,3,-25,110,-9,-315,-131,-31
-56,-5,-26,108,-9,-313,-134,-41
-60,-14,-28,105,-9,-312,-135,-51
-62,-24,-29,104,-10,-312,-137,-61
-64,-33,-31,102,-13,-312,-139,-70
-66,-41,-32,101,-14,-312,-140,-79
-68,-48,-32,101,-14,-310,-142,-86
-69,-54,-32,101,-14,-308,-144,-92
-72,-60,-32,101,-13,-307,-146,-97
-74,-64,-33,101,-13,-306,-148,-102
-75,-67,-34,100,-13,-307,-150,-108
-76,-71,-35,99,-14,-307,-150,-112
-76,-73,-35,99,-14,-307,-147,-114
-75,-75,-34,99,-14,-307,-147,-115
-76,-73,-32,99,-14,-307,-147,-111
-76,-69,-31,100,-14,-307,-148,-107
-76,-65,-31,100,-14,-307,-148,-103
-75,-61,-32,101,-14,-307,-150,-100
-73,-57,-31,102,-14,-307,-147,-95
-71,-52,-30,103,-14,-307,-146,-90
-69,-45,-28,104,-14,-306,-144,-83
-66,-36,-27,105,-14,-305,-141,-74
-63,-26,-26,107,-14,-305,-140,-63
-59,-15,-24,109,-14,-305,-137,-50
-56,-5,-22,110,-14,-307,-134,-39
-52,5,-19,111,-14,-307,-130,-24
-48,18,-17,112,-14,-307,-126,-12
-45,32,-16,114,-14,-305,-124,2
-42,47,-15,116,-14,-304,-123,17
-38,62,-13,119,-14,-305,-119,32
-32,76,-10,121,-14,-307,-117,51
-25,91,-8,123,-14,-307,-109,65
-20,106,-6,125,-14,-305,-104,81
-16,122,-4,126,-14,-303,-102,100
-13,137,-2,128,-14,-302,-102,115
-9,154,0,130,-14,-303,-97,133
-4,171,2,133,-14,-303,-92,152
1,188,4,135,-14,-303,-90,170
6,203,7,137,-14,-302,-85,185
10,216,9,139,-14,-302,-81,202
15,230,11,141,-13,-301,-79,216
20,244,13,143,-13,-300,-74,230
25,257,15,144,-13,-298,-70,244
27,270,17,146,-13,-297,-68,260
30,281,18,147,-13,-296,-65,271
34,291,18,149,-13,-297,-64,280
38,300,18,152,-13,-297,-63,291
42,309,19,155,-13,-297,-59,300
44,316,21,156,-13,-296,-57,307
46,321,23,155,-13,-295,-56,312
47,325,24,155,-13,-294,-54,319
47,328,23,155,-13,-293,-54,319
48,330,23,156,-13,-292,-53,321
49,328,21,157,-13,-292,-54,319
50,325,20,156,-13,-292,-53,317
51,321,19,155,-13,-291,-50,313
50,316,18,154,-13,-289,-51,305
48,309,18,154,-13,-287,-52,297
45,302,18,154,-13,-287,-56,290
42,293,17,153,-13,-287,-58,280
39,282,14,151,-13,-287,-62,271
36,271,12,148,-13,-288,-62,258
32,258,11,147,-13,-287,-65,242
28,244,9,146,-12,-285,-69,228
23,229,7,144,-12,-284,-73,213
18,213,5,142,-12,-282,-78,196
13,197,2,140,-12,-282,-80,178
8,180,0,137,-12,-282,-85,161
3,164,-2,133,-12,-282,-86,142
0,147,-3,129,-12,-282,-89,126
-6,131,-4,126,-12,-283,-91,109
-10,116,-6,125,-12,-282,-96,91
-17,99,-7,123,-12,-281,-101,74
-22,83,-9,122,-12,-279,-107,57
-28,67,-11,120,-12,-279,-113,41
-34,53,-14,117,-12,-279,-115,24
-39,40,-17,115,-12,-280,-120,10
-44,30,-19,113,-12,-280,-123,0
-48,19,-20,112,-12,-280,-126,-13
-52,8,-21,111,-12,-281,-130,-24
-56,-1,-22,110,-12,-281,-134,-35
-59,-10,-24,109,-12,-280,-137,-43
-62,-16,-25,108,-12,-279,-140,-51
-65,-20,-25,107,-12,-280,-142,-54
-66,-23,-26,107,-12,-281,-144,-58
-67,-25,-27,105,-12,-282,-142,-62
-68,-26,-28,104,-12,-282,-144,-63
-68,-27,-29,104,-12,-282,-144,-63
-68,-26,-28,104,-12,-282,-144,-63
-68,-24,-27,105,-12,-283,-142,-61
-66,-20,-26,107,-12,-284,-144,-54
-66,-14,-25,108,-12,-285,-144,-47
-66,-7,-25,108,-12,-286,-144,-41
-65,-2,-24,108,-12,-287,-142,-35
-62,4,-23,110,-13,-287,-140,-29
-58,12,-21,111,-13,-287,-136,-20
-54,21,-20,112,-12,-287,-133,-10
-50,32,-19,113,-11,-288,-129,2
-47,44,-18,114,-10,-290,-129,14
-44,55,-18,116,-10,-292,-126,25
-40,66,-18,119,-10,-294,-125,35
-36,77,-16,122,-10,-296,-123,46
-33,89,-15,124,-10,-297,-120,61
-30,100,-13,126,-10,-297,-118,72
-26,111,-11,127,-10,-297,-114,83
-21,122,-9,128,-10,-299,-109,95
-16,133,-7,130,-10,-300,-107,108
-12,145,-5,131,-10,-302,-102,120
-8,156,-4,133,-9,-303,-100,133
-5,166,-3,136,-8,-304,-98,142
-1,177,-2,139,-8,-305,-95,153
3,187,-1,141,-9,-307,-92,164
8,197,0,143,-9,-307,-89,177
12,206,2,144,-9,-307,-85,186
15,214,3,147,-9,-307,-84,194
18,220,3,148,-9,-308,-80,201
22,228,4,148,-9,-310,-78,209
25,236,5,148,-9,-311,-74,217
28,243,6,150,-9,-312,-70,224
32,248,7,151,-9,-314,-68,233
34,253,9,152,-9,-315,-68,238
37,259,10,153,-9,-316,-65,242
39,265,11,154,-9,-316,-63,250
41,271,11,154,-9,-315,-62,256
43,275,11,154,-9,-315,-59,260
45,278,11,154,-9,-316,-57,263
47,280,12,155,-10,-317,-54,266
49,284,14,157,-10,-317,-53,269
50,288,15,158,-9,-317,-54,277
51,292,15,158,-9,-317,-52,280
52,294,15,157,-8,-317,-51,283
54,296,16,156,-7,-317,-48,284
56,298,18,156,-8,-317,-47,286
57,301,20,157,-9,-317,-46,292
58,305,21,157,-10,-317,-45,296
58,307,22,157,-10,-317,-45,299
59,309,21,157,-9,-317,-43,301
60,311,21,157,-9,-315,-43,302
61,314,21,157,-8,-313,-42,306
61,318,22,158,-7,-312,-42,308
62,321,24,159,-7,-311,-41,312
63,323,25,160,-9,-311,-40,314
64,325,26,161,-10,-312,-40,319
65,328,25,160,-9,-312,-39,322
65,329,25,160,-7,-312,-39,321
65,330,25,160,-7,-310,-39,322
65,329,25,160,-8,-308,-39,322
65,329,25,160,-9,-307,-39,321
65,329,25,160,-8,-307,-39,322
65,329,25,160,-7,-307,-39,321
64,329,25,160,-7,-307,-40,321
63,328,25,160,-7,-307,-41,319
61,326,25,160,-8,-307,-42,318
61,323,25,160,-9,-305,-42,317
59,319,25,160,-9,-303,-43,313
58,315,25,160,-8,-302,-45,306
57,310,24,160,-7,-302,-46,301
56,304,23,158,-7,-302,-47,295
54,297,22,156,-7,-302,-46,288
50,288,22,155,-6,-301,-50,279
46,280,21,153,-5,-299,-54,271
42,273,20,150,-3,-297,-56,263
39,263,18,148,-5,-297,-58,253
35,252,17,146,-7,-297,-59,241
30,238,15,144,-8,-297,-64,224
24,224,13,143,-7,-298,-69,211
18,211,11,142,-6,-297,-75,196
13,197,10,140,-5,-296,-79,183
7,183,7,137,-6,-294,-84,166
1,168,3,134,-7,-292,-89,150
-4,151,0,131,-7,-292,-92,130
-10,134,-2,128,-7,-292,-97,113
-15,117,-5,126,-6,-292,-101,95
-20,99,-7,124,-6,-291,-106,74
-25,81,-9,122,-7,-289,-111,56
-31,64,-11,120,-8,-288,-112,37
-36,48,-14,117,-8,-287,-117,18
-40,32,-17,115,-8,-287,-122,2
-45,15,-20,112,-7,-286,-123,-17
-50,-1,-22,110,-7,-284,-128,-35
-55,-17,-25,107,-7,-282,-133,-51
-59,-32,-28,104,-7,-282,-134,-69
-62,-45,-31,102,-7,-282,-136,-83
-64,-57,-33,101,-7,-283,-139,-97
-66,-67,-32,101,-7,-283,-140,-104
-68,-76,-32,99,-7,-282,-139,-114
-70,-85,-32,97,-7,-282,-141,-123
-72,-91,-32,95,-7,-282,-140,-130
-72,-97,-32,94,-7,-282,-141,-135
-73,-100,-34,93,-7,-282,-141,-139
-73,-101,-35,92,-7,-282,-141,-140
-72,-101,-35,92,-7,-282,-140,-139
-70,-97,-34,93,-7,-282,-139,-136
-68,-92,-32,94,-7,-282,-136,-130
-65,-85,-31,95,-7,-282,-133,-123
-61,-76,-30,97,-7,-282,-130,-114
-58,-65,-28,98,-7,-282,-129,-100
-53,-52,-27,100,-7,-282,-125,-86
-48,-36,-25,102,-7,-282,-120,-69
-43,-18,-21,104,-7,-282,-118,-50
-39,0,-18,107,-7,-282,-114,-29
-33,21,-16,109,-7,-282,-109,-8
-27,44,-14,113,-7,-282,-106,14
-20,68,-13,117,-7,-283,-102,39
-14,94,-10,122,-7,-283,-98,68
-7,120,-5,126,-7,-282,-92,96
-2,148,-1,130,-7,-282,-90,126
3,176,2,133,-7,-282,-85,157
11,204,6,138,-7,-284,-80,186
18,232,8,143,-6,-286,-76,216
25,261,11,148,-6,-287,-73,246
31,290,15,152,-7,-288,-69,278
37,318,19,155,-7,-288,-64,308
42,345,23,158,-6,-287,-63,336
46,369,26,161,-5,-288,-59,365
50,392,29,166,-5,-288,-58,386
54,412,32,171,-6,-288,-57,407
58,430,34,175,-6,-288,-56,426
61,446,36,177,-4,-288,-53,443
63,460,36,177,-3,-288,-51,460
64,471,37,177,-4,-288,-51,471
65,479,37,179,-5,-288,-52,478
66,482,38,180,-6,-287,-52,482
66,482,38,180,-6,-287,-51,483
65,480,37,180,-6,-287,-52,479
63,473,35,179,-7,-287,-54,471
60,462,33,178,-8,-287,-57,460
56,449,30,177,-8,-287,-61,443
52,432,28,174,-8,-287,-64,426
48,413,25,171,-7,-287,-65,406
42,390,21,169,-6,-287,-70,379
36,362,17,166,-6,-288,-74,351
29,332,13,161,-7,-287,-80,318
21,299,9,155,-7,-288,-83,284
12,263,4,149,-7,-288,-89,245
3,226,0,143,-7,-287,-95,203
-6,186,-5,137,-6,-287,-101,163
-16,144,-10,130,-6,-287,-107,118
-27,101,-15,124,-7,-289,-114,73
-37,57,-21,118,-8,-291,-122,25
-49,12,-27,110,-8,-292,-129,-23
-60,-33,-33,102,-8,-292,-135,-72
-72,-78,-40,95,-8,-292,-144,-119
-84,-123,-46,89,-8,-292,-151,-168
-96,-167,-51,84,-8,-294,-161,-216
-107,-210,-57,79,-8,-296,-170,-262
-118,-251,-64,71,-8,-297,-175,-306
-129,-290,-70,63,-8,-297,-183,-347
-140,-328,-75,56,-8,-297,-187,-388
-150,-364,-79,51,-8,-298,-197,-427
-160,-396,-83,49,-8,-300,-207,-461
-169,-425,-87,46,-9,-302,-212,-494
-177,-450,-91,41,-9,-303,-218,-520
-185,-473,-94,36,-9,-304,-223,-544
-193,-492,-97,32,-9,-304,-230,-565
-200,-509,-100,29,-9,-306,-234,-582
-205,-521,-101,28,-9,-308,-240,-595
-210,-529,-103,27,-9,-310,-244,-606
-213,-534,-103,26,-9,-312,-247,-610
-215,-534,-104,26,-9,-312,-250,-611
-217,-531,-104,25,-9,-313,-251,-607
-218,-524,-104,26,-9,-315,-252,-600
-219,-514,-104,27,-9,-317,-253,-590
-218,-502,-104,30,-10,-318,-255,-578
-215,-487,-102,33,-10,-321,-253,-562
-211,-468,-98,36,-10,-323,-252,-542
-207,-447,-94,39,-10,-325,-249,-518
-201,-423,-90,42,-10,-326,-246,-491
-195,-397,-87,45,-10,-328,-240,-465
-188,-368,-83,49,-10,-330,-234,-433
-180,-338,-79,53,-10,-332,-229,-401
-172,-306,-73,57,-10,-335,-224,-367
-162,-273,-68,62,-10,-336,-214,-330
-152,-240,-62,67,-11,-338,-208,-294
-143,-206,-57,72,-11,-339,-202,-256
-132,-171,-52,77,-11,-341,-195,-220
-120,-136,-46,83,-11,-343,-183,-181
-108,-99,-40,88,-11,-345,-174,-141
-97,-62,-33,93,-11,-347,-167,-101
-85,-25,-28,99,-11,-349,-158,-61
-72,10,-22,105,-11,-351,-148,-23
-59,47,-17,113,-12,-352,-137,17
-45,84,-11,120,-12,-354,-128,57
-32,120,-6,126,-12,-356,-117,95
-18,156,0,131,-12,-357,-107,135
-4,193,5,136,-12,-359,-97,175
8,230,11,141,-12,-360,-86,216
21,267,18,147,-12,-361,-74,256
35,302,25,153,-12,-362,-63,295
48,337,31,159,-12,-364,-53,333
61,372,37,164,-11,-365,-45,372
73,407,42,169,-10,-366,-35,408
85,442,47,174,-9,-366,-24,448
97,476,53,179,-8,-365,-15,484
107,509,57,184,-7,-366,-8,518
117,541,61,189,-7,-366,-2,554
126,572,65,194,-7,-366,4,585
136,601,69,199,-7,-366,13,618
145,629,74,204,-7,-366,19,646
152,656,79,209,-7,-366,24,677
159,682,83,213,-7,-366,26,706
165,706,87,216,-7,-366,32,731
172,727,89,219,-7,-364,36,753
177,744,89,222,-7,-362,39,771
180,758,90,225,-7,-361,42,784
182,769,91,227,-7,-360,41,795
183,777,93,229,-7,-359,41,806
184,783,95,229,-7,-358,42,813
184,785,95,229,-7,-356,42,815
184,783,94,229,-7,-354,42,813
184,776,92,227,-7,-353,42,803
181,765,89,226,-7,-350,42,792
177,750,86,224,-7,-347,39,773
173,733,82,222,-6,-345,35,756
167,711,78,219,-6,-343,30,731
161,686,73,216,-6,-341,24,703
153,656,68,213,-6,-340,19,672
144,623,63,208,-6,-338,10,636
133,585,58,202,-6,-336,3,594
123,544,52,196,-5,-332,-2,549
112,500,46,189,-5,-330,-9,504
102,455,39,182,-5,-328,-14,455
90,408,32,174,-5,-327,-23,404
76,358,24,166,-5,-325,-32,351
61,306,16,159,-4,-322,-43,294
47,251,7,151,-5,-319,-54,236
32,195,0,144,-6,-317,-63,173
18,139,-8,135,-8,-316,-74,113
3,83,-16,125,-9,-315,-83,52
-12,27,-24,115,-10,-313,-95,-7
-27,-26,-30,107,-9,-312,-103,-62
-42,-79,-37,99,-9,-312,-115,-119
-57,-130,-43,91,-9,-312,-124,-173
-72,-178,-51,84,-9,-310,-136,-225
-87,-224,-59,77,-9,-309,-147,-275
-101,-267,-66,71,-9,-307,-159,-323
-114,-309,-72,64,-9,-307,-167,-368
-127,-346,-76,57,-9,-307,-177,-407
-140,-380,-80,52,-9,-307,-186,-444
-151,-410,-84,47,-9,-307,-195,-476
-161,-436,-88,44,-9,-309,-205,-504
-171,-458,-93,40,-9,-310,-211,-529
-180,-476,-96,37,-9,-310,-219,-548
-188,-489,-99,35,-9,-310,-225,-562
-195,-499,-101,33,-9,-310,-231,-574
-201,-505,-101,32,-9,-311,-238,-581
-205,-508,-101,32,-9,-312,-242,-584
-209,-508,-101,32,-9,-313,-246,-584
-211,-504,-101,32,-10,-314,-249,-581
-212,-497,-102,32,-10,-314,-250,-573
-213,-487,-100,33,-11,-316,-251,-562
-214,-472,-98,35,-11,-318,-255,-544
-213,-455,-95,37,-10,-320,-255,-527
-211,-437,-93,40,-9,-321,-252,-509
-207,-418,-91,43,-10,-322,-252,-487
-204,-398,-90,48,-10,-323,-252,-466
-199,-375,-87,52,-10,-325,-250,-444
-193,-351,-83,56,-10,-326,-244,-418
-187,-327,-79,59,-10,-327,-241,-391
-180,-303,-75,62,-10,-326,-235,-366
-174,-278,-72,65,-10,-326,-233,-339
-168,-254,-68,68,-9,-326,-227,-311
-161,-230,-66,73,-10,-328,-222,-286
-153,-207,-64,78,-11,-330,-218,-262
-146,-183,-61,82,-14,-331,-213,-238
-139,-160,-57,86,-15,-331,-207,-212
-133,-138,-54,89,-15,-331,-203,-190
-126,-118,-50,92,-15,-331,-197,-166
-119,-98,-47,94,-15,-332,-191,-145
-111,-79,-45,96,-15,-334,-185,-125
-103,-60,-43,98,-15,-336,-178,-103
-95,-42,-39,101,-15,-336,-173,-85
-88,-24,-36,104,-15,-336,-166,-63
-82,-7,-33,107,-15,-336,-161,-47
-76,6,-30,109,-15,-336,-157,-32
-70,19,-28,112,-15,-336,-151,-15
-63,32,-26,113,-15,-336,-145,-3
-57,44,-24,115,-15,-336,-141,8
-51,56,-22,117,-15,-336,-136,24
-46,67,-20,119,-15,-336,-131,35
-42,78,-17,121,-15,-336,-126,46
-38,88,-15,123,-15,-336,-125,59
-34,97,-14,125,-15,-336,-122,69
-29,106,-13,125,-15,-336,-117,78
-24,114,-11,127,-15,-336,-112,86
-21,121,-9,129,-15,-336,-112,93
-19,127,-7,130,-15,-336,-109,102
-17,134,-7,131,-15,-336,-108,109
-14,141,-6,131,-15,-336,-104,117
-9,148,-5,132,-15,-336,-101,124
-5,154,-4,133,-15,-336,-96,130
-3,158,-3,134,-15,-336,-95,135
-3,162,-3,134,-15,-336,-93,139
-1,167,-3,134,-15,-336,-92,144
0,171,-2,135,-15,-336,-90,150
3,175,0,136,-15,-334,-90,155
4,178,0,137,-15,-333,-89,157
6,180,0,138,-15,-333,-87,159
7,183,0,137,-15,-334,-86,163
8,186,0,137,-15,-334,-85,166
7,189,0,137,-15,-333,-86,168
7,191,0,137,-15,-331,-86,170
7,193,0,137,-15,-330,-86,173
9,194,0,137,-15,-331,-84,174
10,194,0,137,-15,-331,-83,174
11,194,0,137,-15,-332,-83,174
11,194,0,137,-15,-331,-83,174
11,194,0,137,-15,-329,-83,174
10,194,0,137,-15,-328,-83,174
10,195,0,137,-15,-326,-84,175
10,198,0,137,-15,-326,-83,178
11,200,1,138,-15,-326,-83,180
12,201,2,140,-15,-326,-81,181
13,201,3,141,-15,-327,-80,181
14,202,4,141,-15,-326,-80,183
15,204,5,140,-15,-325,-79,186
15,206,6,138,-15,-323,-76,189
15,208,6,138,-14,-321,-76,191
15,210,5,140,-14,-321,-79,192
16,212,3,140,-14,-321,-78,192
17,216,3,141,-14,-321,-76,196
18,219,3,141,-14,-321,-75,200
19,222,5,142,-14,-321,-75,206
20,226,6,143,-14,-321,-76,209
21,229,7,144,-14,-321,-76,212
21,234,7,144,-15,-322,-75,217
22,238,7,144,-14,-321,-75,222
24,242,7,144,-14,-319,-73,225
26,245,7,144,-14,-318,-72,229
27,249,8,145,-14,-318,-69,233
28,254,10,146,-14,-319,-69,239
29,260,11,147,-14,-320,-68,244
30,264,11,148,-14,-318,-67,249
31,267,11,147,-14,-317,-67,251
32,269,11,147,-14,-316,-65,253
34,271,10,147,-14,-316,-63,256
35,273,10,147,-14,-317,-63,258
34,276,11,147,-14,-317,-63,261
34,278,12,148,-14,-316,-63,266
34,280,13,149,-14,-316,-63,267
35,280,13,150,-14,-317,-65,267
36,279,12,149,-14,-317,-64,267
36,277,12,148,-14,-316,-61,264
36,274,13,147,-14,-315,-61,261
36,271,13,147,-14,-314,-62,258
36,267,12,147,-14,-314,-62,255
35,263,11,147,-14,-313,-63,247
32,258,10,145,-14,-312,-65,245
28,253,10,143,-14,-311,-67,240
26,247,10,141,-14,-311,-68,233
25,239,10,140,-14,-311,-67,225
24,231,9,139,-14,-311,-68,217
23,223,8,138,-14,-311,-69,207
21,216,6,138,-14,-312,-70,200
18,208,3,139,-14,-312,-75,189
15,199,0,139,-14,-311,-78,179
13,188,0,137,-14,-310,-80,168
10,178,-1,134,-14,-310,-81,158
7,168,-2,130,-14,-310,-81,147
3,159,-2,128,-14,-311,-84,137
1,149,-3,127,-14,-312,-84,128
-1,139,-4,126,-14,-312,-86,117
-4,129,-6,125,-14,-311,-90,104
-9,119,-8,123,-14,-311,-93,93
-13,109,-10,122,-14,-311,-97,84
-16,99,-11,120,-14,-312,-98,74
-20,90,-13,119,-14,-312,-102,62
-23,81,-14,117,-14,-311,-104,53
-27,73,-15,116,-14,-310,-108,45
-31,65,-16,115,-14,-310,-113,36
-35,58,-18,114,-14,-310,-117,29
-38,51,-19,113,-14,-311,-119,19
-40,44,-20,112,-14,-312,-119,12
-42,37,-21,111,-14,-311,-120,6
-44,31,-21,109,-14,-311,-123,-1
-48,25,-21,109,-14,-312,-126,-7
-52,18,-23,108,-14,-313,-130,-14
-55,14,-25,108,-14,-313,-134,-19
-57,9,-24,107,-14,-313,-133,-23
-59,6,-23,105,-14,-314,-135,-26
-61,3,-23,103,-14,-315,-134,-30
-63,-1,-24,101,-14,-316,-136,-35
-65,-6,-25,101,-14,-317,-139,-40
-66,-10,-25,101,-14,-317,-139,-43
-68,-13,-25,101,-14,-317,-140,-47
-69,-17,-25,101,-14,-316,-142,-51
-71,-22,-26,100,-14,-315,-144,-56
-73,-26,-27,98,-14,-314,-146,-61
-75,-31,-28,97,-14,-315,-145,-65
-76,-36,-28,96,-14,-316,-146,-70
-77,-42,-29,95,-14,-317,-146,-76
-79,-48,-30,94,-14,-317,-148,-85
-81,-54,-31,93,-14,-316,-151,-91
-84,-58,-31,92,-14,-316,-151,-93
-87,-63,-31,90,-14,-316,-153,-98
-89,-70,-32,89,-14,-316,-156,-108
-91,-79,-35,88,-14,-316,-158,-118
-94,-88,-37,87,-14,-316,-161,-128
-96,-97,-39,86,-14,-316,-162,-139
-99,-104,-39,85,-14,-317,-162,-146
-101,-110,-40,83,-14,-317,-164,-152
-102,-116,-41,82,-14,-316,-166,-158
-104,-124,-42,80,-14,-316,-164,-167
-105,-133,-43,79,-13,-316,-166,-175
-106,-141,-43,78,-13,-318,-166,-184
-108,-148,-44,77,-13,-320,-168,-191
-110,-154,-45,76,-12,-321,-169,-197
-113,-159,-46,75,-12,-322,-173,-202
-115,-165,-47,75,-12,-321,-173,-211
-117,-169,-48,74,-12,-321,-174,-214
-117,-172,-47,74,-13,-323,-174,-218
-117,-175,-47,74,-12,-325,-174,-222
-118,-177,-48,75,-10,-326,-178,-223
-119,-178,-48,76,-9,-326,-179,-224
-120,-177,-49,76,-10,-327,-179,-224
-120,-177,-48,75,-10,-328,-179,-223
-119,-176,-48,74,-10,-330,-175,-222
-117,-173,-47,74,-10,-331,-174,-219
-117,-169,-47,76,-10,-332,-177,-216
-117,-164,-47,79,-10,-333,-180,-209
-118,-158,-47,82,-10,-335,-180,-205
-116,-152,-46,83,-11,-337,-181,-198
-114,-145,-45,83,-11,-340,-179,-191
-110,-136,-43,84,-11,-341,-175,-181
-107,-126,-42,85,-11,-343,-172,-169
-103,-116,-40,87,-11,-344,-168,-158
-99,-105,-39,89,-11,-346,-166,-147
-96,-95,-37,90,-11,-348,-164,-136
-93,-83,-36,91,-12,-349,-162,-122
-89,-71,-35,92,-11,-350,-158,-109
-85,-57,-34,93,-10,-351,-155,-95
-81,-44,-33,96,-8,-352,-153,-81
-77,-30,-31,100,-7,-354,-150,-68
-72,-17,-29,104,-6,-356,-147,-53
-66,-3,-28,106,-7,-357,-144,-39
-61,10,-26,107,-7,-360,-140,-24
-57,24,-25,108,-7,-362,-135,-8
-53,37,-24,109,-7,-365,-131,4
-48,49,-21,111,-7,-365,-128,17
-44,60,-19,113,-7,-366,-123,30
-40,72,-17,115,-8,-367,-122,43
-36,84,-16,118,-8,-369,-118,56
-32,97,-16,121,-8,-370,-117,69
-27,108,-14,124,-8,-371,-115,80
-23,119,-13,126,-8,-372,-111,91
-19,128,-11,127,-8,-374,-107,101
-15,137,-10,128,-8,-375,-103,111
-11,147,-8,129,-8,-377,-102,123
-8,156,-7,131,-8,-379,-100,131
-4,164,-4,133,-8,-380,-96,140
0,172,-2,134,-8,-381,-91,148
4,179,-1,136,-8,-380,-90,158
7,187,0,136,-8,-380,-86,167
10,194,0,137,-8,-380,-83,174
13,201,1,139,-9,-382,-81,181
15,210,2,140,-9,-383,-79,190
18,219,3,140,-9,-385,-76,200
21,227,5,142,-9,-386,-74,211
24,234,6,143,-9,-386,-73,218
26,242,7,144,-9,-385,-70,225
28,250,8,145,-9,-383,-69,234
30,258,10,146,-9,-382,-68,242
32,266,11,147,-9,-382,-65,251
34,274,12,148,-9,-383,-63,262
37,283,13,149,-9,-385,-61,271
39,292,14,151,-9,-386,-61,279
42,300,16,152,-9,-385,-58,288
44,307,17,153,-9,-383,-57,296
46,314,18,154,-9,-382,-54,302
48,320,18,154,-8,-380,-53,308
50,326,19,155,-8,-380,-51,318
52,333,21,156,-8,-380,-50,325
54,340,21,157,-8,-381,-51,332
54,346,21,158,-8,-381,-50,338
56,350,20,159,-8,-380,-48,343
56,353,20,159,-8,-379,-48,343
57,354,19,160,-8,-379,-50,344
56,356,18,161,-8,-379,-51,346
55,357,18,161,-8,-379,-51,346
55,356,18,161,-8,-377,-52,345
54,353,18,161,-8,-376,-52,343
53,349,18,161,-8,-375,-53,339
51,344,18,161,-8,-375,-56,333
49,337,18,160,-8,-375,-58,325
46,328,16,158,-8,-376,-61,317
42,318,14,157,-8,-376,-62,303
39,306,12,155,-8,-376,-64,291
35,293,10,154,-8,-375,-68,278
31,278,7,151,-8,-375,-69,262
26,260,6,148,-8,-374,-74,242
20,242,5,144,-8,-373,-76,224
13,223,3,140,-8,-372,-81,203
6,203,0,137,-7,-371,-87,183
0,182,-3,134,-7,-371,-91,158
-4,159,-6,131,-7,-371,-96,136
-10,136,-8,128,-9,-370,-98,112
-18,113,-10,123,-11,-370,-103,87
-26,89,-13,119,-12,-371,-108,61
-33,66,-17,115,-11,-371,-115,37
-41,42,-21,112,-10,-370,-119,10
-49,19,-22,109,-9,-369,-126,-13
-56,-4,-22,105,-10,-367,-131,-37
-63,-28,-25,101,-10,-365,-136,-62
-71,-50,-29,98,-11,-365,-142,-85
-78,-70,-33,94,-11,-365,-147,-108
-85,-89,-36,91,-12,-366,-153,-130
-91,-107,-38,88,-12,-366,-157,-148
-97,-123,-39,84,-12,-365,-161,-166
-102,-139,-40,81,-12,-364,-162,-181
-105,-152,-42,79,-12,-362,-166,-195
-109,-163,-45,76,-12,-361,-169,-206
-113,-173,-47,75,-12,-360,-172,-219
-116,-180,-47,75,-12,-361,-173,-227
-119,-185,-47,75,-12,-361,-175,-231
-120,-187,-47,74,-12,-359,-177,-234
-121,-188,-49,73,-12,-357,-178,-235
-121,-188,-50,72,-11,-356,-178,-235
-121,-186,-50,72,-11,-355,-178,-233
-121,-183,-49,73,-12,-356,-178,-229
-120,-177,-47,74,-12,-356,-177,-223
-118,-169,-46,75,-11,-356,-178,-213
-116,-161,-45,77,-10,-356,-175,-205
-113,-151,-43,78,-8,-356,-173,-194
-111,-140,-41,80,-8,-356,-172,-183
-108,-127,-39,83,-10,-356,-170,-167
-103,-113,-36,84,-12,-356,-167,-152
-98,-98,-34,86,-12,-356,-162,-137
-92,-84,-33,88,-11,-355,-156,-123
-87,-69,-32,91,-10,-354,-155,-107
-82,-54,-30,95,-10,-352,-152,-92
-77,-39,-28,98,-10,-352,-150,-74
-72,-22,-26,101,-11,-353,-145,-57
-66,-6,-24,102,-12,-354,-140,-40
-62,8,-22,104,-12,-355,-135,-21
-57,24,-19,106,-12,-355,-133,-6
-51,38,-17,108,-11,-354,-128,8
-46,52,-15,110,-11,-354,-123,23
-43,65,-14,112,-12,-355,-122,39
-38,78,-12,113,-12,-356,-118,52
-33,90,-10,115,-12,-356,-113,64
-27,101,-8,116,-12,-354,-107,78
-22,111,-7,117,-12,-354,-103,89
-20,120,-7,119,-12,-354,-102,95
-17,128,-7,122,-12,-355,-103,103
-14,136,-6,125,-12,-356,-100,112
-11,143,-4,127,-12,-356,-100,122
-9,150,-3,127,-12,-356,-97,129
-8,156,-3,127,-12,-356,-97,135
-7,161,-2,128,-12,-356,-96,140
-6,165,-1,130,-12,-356,-95,144
-3,168,0,130,-12,-356,-92,147
-3,169,0,131,-12,-356,-91,148
-3,170,0,131,-12,-356,-92,148
-4,171,0,130,-12,-356,-92,150
-3,173,0,130,-12,-356,-92,152
-1,174,0,130,-12,-356,-90,153
0,174,0,130,-12,-356,-89,153
0,172,0,131,-12,-356,-89,151
-1,170,0,131,-12,-356,-90,150
-2,169,0,131,-12,-356,-91,147
-2,166,0,131,-12,-355,-91,146
-1,164,0,130,-12,-354,-90,144
-2,161,-1,130,-12,-354,-90,140
-3,158,-3,129,-12,-355,-91,136
-4,154,-4,129,-12,-355,-92,130
-5,150,-5,128,-12,-354,-93,126
-7,145,-5,129,-12,-353,-95,122
-7,141,-5,130,-11,-351,-96,117
-8,137,-5,130,-11,-350,-98,113
-8,135,-7,129,-11,-351,-96,111
-8,132,-8,127,-11,-351,-96,108
-8,128,-9,126,-11,-351,-96,103
-8,125,-9,126,-11,-349,-96,100
-8,121,-9,127,-11,-347,-96,96
-9,117,-10,127,-11,-346,-97,90
-10,114,-10,128,-11,-346,-97,86
-10,112,-10,128,-11,-346,-97,84
-10,111,-10,128,-11,-346,-97,84
-10,111,-10,128,-11,-346,-97,84
-9,111,-10,128,-11,-346,-97,84
-9,109,-10,128,-11,-346,-96,81
-8,108,-10,128,-11,-344,-96,80
-8,107,-10,128,-11,-343,-95,80
-7,109,-10,128,-11,-341,-95,83
-7,113,-10,128,-11,-341,-95,86
-6,117,-10,128,-11,-341,-93,90
-5,120,-10,127,-11,-342,-92,92
-3,123,-10,128,-10,-341,-91,96
-2,127,-9,129,-11,-340,-92,103
-1,134,-7,130,-11,-338,-91,109
0,141,-7,131,-10,-336,-91,117
0,148,-6,131,-10,-336,-91,124
0,154,-5,132,-10,-336,-90,130
1,160,-4,133,-10,-336,-89,136
2,165,-3,134,-12,-336,-87,142
3,169,-3,134,-13,-336,-87,146
5,174,-3,134,-13,-336,-85,151
7,181,-2,135,-13,-334,-84,161
8,188,0,136,-13,-332,-85,168
9,194,0,137,-14,-331,-84,174
9,198,0,138,-15,-331,-84,178
10,199,0,138,-15,-331,-84,179
11,201,0,137,-15,-331,-83,180
12,202,1,137,-15,-331,-79,183
12,204,1,136,-15,-331,-79,184
11,204,1,137,-15,-331,-80,184
10,202,0,137,-15,-331,-83,181
9,200,0,138,-15,-331,-84,180
8,196,0,138,-15,-331,-85,177
7,192,0,137,-15,-331,-86,172
6,187,0,135,-15,-331,-85,167
5,180,0,133,-15,-331,-85,159
3,173,0,132,-15,-331,-85,152
0,165,-1,132,-15,-331,-90,144
-2,155,-3,132,-15,-331,-92,131
-4,145,-5,132,-15,-331,-95,122
-8,135,-7,130,-15,-331,-98,111
-12,124,-7,126,-15,-331,-100,100
-17,114,-7,123,-15,-331,-102,89
-21,103,-9,122,-15,-331,-106,78
-23,92,-12,120,-15,-331,-108,67
-26,79,-14,118,-15,-331,-108,51
-30,66,-16,116,-15,-332,-112,37
-35,54,-18,115,-15,-335,-115,25
-39,43,-19,113,-15,-336,-120,10
-43,31,-21,111,-15,-336,-122,-1
-45,19,-22,108,-15,-336,-124,-13
-49,8,-24,106,-15,-336,-124,-24
-52,-1,-26,106,-16,-337,-128,-35
-56,-10,-27,105,-16,-339,-131,-47
-59,-18,-28,104,-16,-341,-134,-54
-62,-24,-28,101,-16,-341,-134,-58
-64,-29,-28,99,-16,-341,-136,-63
-65,-35,-29,98,-16,-341,-136,-72
-66,-41,-30,99,-16,-342,-137,-79
-67,-46,-30,99,-16,-343,-139,-83
-69,-49,-29,98,-16,-344,-141,-86
-70,-50,-29,98,-16,-345,-142,-85
-72,-50,-29,97,-16,-346,-144,-85
-72,-50,-29,98,-16,-346,-145,-87
-72,-49,-29,98,-16,-345,-145,-84
-72,-46,-28,97,-16,-346,-141,-81
-72,-43,-29,98,-16,-347,-144,-81
-72,-39,-30,99,-16,-349,-144,-75
-70,-32,-31,100,-16,-350,-142,-69
-68,-26,-30,101,-16,-351,-144,-63
-66,-19,-29,102,-16,-350,-141,-56
-64,-13,-28,104,-16,-350,-140,-50
-62,-6,-27,105,-16,-351,-137,-42
-61,0,-26,107,-17,-352,-139,-34
-58,8,-24,107,-17,-353,-134,-24
-55,17,-24,106,-17,-354,-130,-15
-51,27,-23,108,-16,-354,-128,-4
-49,36,-22,110,-15,-355,-128,3
-46,45,-21,112,-14,-356,-128,13
-43,53,-19,114,-15,-356,-125,24
-40,61,-17,114,-16,-355,-122,31
-36,70,-17,115,-16,-355,-118,41
-33,79,-16,118,-15,-356,-115,51
-31,88,-16,121,-15,-356,-115,59
-28,95,-14,124,-14,-355,-115,67
-25,102,-13,126,-15,-355,-113,74
-22,109,-11,127,-15,-355,-109,81
-19,116,-10,128,-15,-357,-107,89
-17,124,-10,128,-15,-359,-104,96
-13,131,-10,128,-15,-360,-101,104
-10,138,-9,129,-15,-361,-100,112
-6,144,-8,130,-15,-361,-97,120
-4,149,-6,131,-15,-360,-95,125
-3,153,-4,131,-14,-360,-93,129
-1,157,-3,132,-14,-361,-92,136
0,162,-2,133,-14,-360,-91,141
1,167,-3,134,-13,-360,-89,144
3,172,-2,133,-12,-361,-87,151
4,176,0,133,-12,-362,-86,155
6,179,2,133,-12,-364,-81,162
8,182,3,133,-12,-365,-80,164
9,184,3,134,-12,-366,-81,166
10,186,3,134,-12,-366,-81,168
10,188,3,134,-12,-365,-81,170
10,191,3,134,-12,-365,-80,173
11,193,3,134,-12,-365,-80,175
12,195,3,134,-12,-365,-79,178
13,197,3,134,-12,-365,-78,180
14,198,3,134,-12,-365,-78,181
14,199,2,135,-12,-365,-78,181
15,201,2,135,-12,-365,-76,181
16,202,2,135,-12,-365,-75,183
17,203,3,134,-12,-365,-74,186
17,204,3,134,-12,-365,-74,186
17,203,4,135,-12,-365,-74,186
17,202,4,135,-12,-365,-74,185
17,203,4,135,-12,-365,-74,186
18,205,3,135,-12,-365,-74,189
18,208,4,135,-12,-365,-73,191
19,210,5,136,-12,-365,-73,194
19,210,5,136,-12,-366,-72,194
19,210,4,135,-12,-366,-73,192
19,209,4,135,-12,-365,-73,192
19,210,5,136,-12,-364,-73,192
19,212,7,137,-12,-364,-72,195
20,215,7,137,-12,-364,-72,198
21,216,7,137,-12,-365,-70,200
21,217,6,138,-12,-366,-70,200
21,217,5,139,-12,-366,-73,200
20,217,5,140,-12,-365,-74,200
19,219,4,140,-12,-365,-74,202
19,221,4,139,-12,-366,-74,205
21,224,6,138,-12,-366,-70,207
22,227,8,138,-12,-365,-69,213
24,229,9,140,-12,-364,-68,214
25,230,8,140,-12,-362,-69,213
25,230,7,140,-12,-362,-69,214
24,231,6,139,-12,-362,-70,214
23,232,7,139,-12,-362,-70,216
23,232,8,140,-12,-361,-70,216
24,231,8,143,-13,-360,-70,216
24,231,8,144,-14,-360,-73,216
23,232,8,144,-13,-360,-74,216
22,232,8,143,-12,-360,-72,216
22,231,8,143,-12,-359,-72,214
22,229,7,142,-12,-357,-72,212
21,227,5,141,-12,-357,-74,211
18,225,5,140,-12,-356,-76,208
17,221,5,139,-12,-356,-78,205
15,218,5,138,-12,-356,-79,201
15,215,4,138,-12,-354,-79,197
14,211,2,137,-11,-352,-80,191
12,208,2,136,-11,-351,-79,189
11,204,3,134,-12,-350,-80,186
10,199,2,133,-13,-350,-79,183
8,195,1,131,-13,-350,-80,175
7,191,0,131,-13,-351,-81,170
5,185,0,131,-12,-351,-84,164
4,179,0,131,-11,-351,-84,158
1,174,-1,130,-11,-349,-86,153
0,171,-2,128,-11,-347,-90,150
-3,168,-3,126,-11,-346,-90,147
-5,164,-2,126,-11,-346,-91,142
-6,159,-1,125,-11,-346,-92,137
-7,153,0,125,-11,-346,-92,131
-8,148,0,124,-12,-346,-91,129
-10,144,-1,123,-13,-346,-93,125
-11,141,-3,121,-12,-346,-95,119
-12,139,-3,120,-11,-346,-96,117
-13,137,-4,120,-10,-346,-96,115
-13,134,-4,121,-11,-346,-96,113
-14,132,-3,121,-12,-346,-97,111
-14,130,-3,121,-13,-346,-97,108
-16,129,-3,120,-12,-346,-100,107
-18,128,-5,119,-11,-346,-101,106
-19,128,-6,119,-11,-345,-102,106
-19,128,-7,119,-11,-344,-102,106
-19,128,-7,120,-11,-344,-102,103
-19,128,-8,120,-11,-346,-102,103
-17,128,-9,121,-11,-346,-101,103
-16,130,-10,121,-11,-346,-102,104
-15,132,-9,122,-11,-346,-101,107
-16,133,-8,123,-11,-345,-102,108
-17,134,-7,123,-11,-344,-103,109
-17,134,-7,124,-11,-343,-103,109
-16,135,-7,124,-11,-342,-102,111
-14,137,-7,124,-11,-341,-101,113
-14,140,-7,124,-11,-341,-101,115
-14,141,-7,124,-11,-341,-101,117
-14,140,-7,124,-11,-341,-101,115
-14,139,-7,124,-11,-341,-100,114
-14,138,-6,123,-11,-341,-100,114
-13,137,-6,123,-11,-341,-98,113
-13,137,-6,123,-11,-341,-98,113
-14,136,-6,124,-11,-341,-100,112
-15,134,-6,123,-10,-341,-101,109
-15,132,-6,121,-11,-340,-98,109
-15,128,-7,119,-11,-339,-98,103
-15,124,-9,119,-11,-338,-98,100
-17,120,-10,121,-10,-337,-102,95
-18,115,-11,122,-10,-336,-103,91
-19,111,-11,121,-10,-336,-104,86
-19,105,-10,119,-11,-336,-102,80
-20,99,-10,116,-13,-336,-100,74
-23,92,-11,114,-14,-336,-103,67
-28,86,-12,112,-14,-335,-107,59
-32,79,-13,112,-13,-332,-111,53
-34,71,-14,111,-12,-332,-113,45
-35,64,-15,111,-12,-331,-112,37
-36,57,-16,109,-13,-330,-113,28
-38,51,-17,108,-15,-329,-114,21
-40,44,-18,108,-15,-328,-117,14
-43,37,-19,106,-15,-327,-119,7
-47,29,-21,105,-14,-326,-123,0
-50,22,-23,103,-14,-326,-124,-10
-52,15,-24,102,-14,-326,-125,-17
-54,9,-25,101,-15,-326,-128,-24
-57,3,-25,101,-15,-327,-130,-29
-61,-1,-26,100,-15,-326,-134,-35
-64,-7,-28,99,-15,-325,-137,-41
-67,-12,-28,97,-15,-323,-137,-46
-68,-17,-28,96,-14,-321,-139,-51
-70,-20,-28,95,-14,-321,-140,-53
-72,-22,-29,96,-14,-321,-142,-57
-74,-24,-30,97,-14,-321,-144,-61
-74,-25,-31,96,-14,-321,-145,-62
-75,-26,-31,95,-14,-321,-145,-63
-75,-26,-30,94,-14,-321,-146,-61
-76,-25,-29,95,-14,-321,-146,-59
-76,-25,-29,97,-14,-321,-146,-59
-76,-23,-29,98,-15,-323,-148,-57
-76,-21,-29,98,-15,-325,-150,-58
-77,-18,-29,97,-15,-326,-150,-52
-76,-15,-28,99,-15,-327,-150,-50
-75,-11,-26,100,-15,-326,-147,-46
-72,-8,-25,101,-15,-326,-146,-42
-71,-4,-24,100,-15,-326,-145,-37
-70,0,-24,100,-15,-326,-144,-32
-69,6,-23,101,-14,-326,-142,-28
-67,11,-23,103,-14,-326,-140,-21
-64,16,-22,104,-15,-326,-137,-17
-61,21,-21,104,-15,-326,-137,-8
-59,28,-20,105,-15,-326,-135,-2
-57,35,-19,106,-14,-326,-134,4
-55,40,-18,107,-13,-326,-131,10
-53,44,-18,107,-13,-326,-129,14
-50,48,-18,108,-13,-326,-126,18
-48,52,-17,108,-14,-327,-124,23
-46,57,-16,109,-15,-328,-123,28
-44,64,-15,110,-15,-329,-122,37
-43,69,-14,111,-15,-329,-119,42
-41,73,-13,112,-15,-329,-120,46
-39,76,-12,113,-15,-329,-119,50
-37,80,-11,114,-15,-330,-117,54
-35,85,-10,114,-15,-330,-115,59
-34,90,-11,114,-15,-329,-114,64
-32,95,-10,114,-15,-328,-112,69
-30,98,-10,115,-15,-328,-111,73
-28,100,-9,117,-15,-328,-111,75
-26,103,-9,118,-15,-327,-109,78
-25,106,-8,119,-15,-327,-107,80
-24,110,-7,120,-15,-326,-107,85
-22,113,-6,121,-15,-326,-106,91
-21,117,-5,122,-14,-326,-103,95
-19,120,-5,122,-14,-326,-102,98
-16,123,-5,122,-15,-326,-100,101
-14,127,-3,122,-15,-326,-97,104
-11,131,-1,123,-15,-326,-95,109
-10,136,0,125,-14,-326,-96,114
-9,140,-2,126,-13,-326,-95,119
-8,145,-3,127,-13,-326,-97,124
-7,149,-4,128,-13,-326,-95,128
-5,154,-2,128,-14,-326,-93,133
-2,157,0,129,-15,-326,-91,136
0,161,1,129,-15,-326,-89,142
0,166,0,130,-15,-326,-87,147
1,172,0,130,-15,-326,-87,152
2,179,0,132,-14,-326,-86,158
3,184,2,133,-13,-326,-85,166
5,187,3,133,-13,-326,-83,169
7,191,3,134,-13,-326,-84,173
10,195,4,135,-14,-326,-81,178
11,200,6,136,-15,-326,-80,183
13,205,7,137,-15,-326,-79,187
13,208,7,137,-15,-326,-78,191
14,211,7,137,-14,-326,-78,195
14,215,7,137,-14,-326,-76,198
15,219,7,137,-15,-326,-76,202
16,222,7,137,-15,-326,-75,206
17,224,7,137,-15,-326,-74,207
18,225,7,137,-15,-326,-74,208
18,226,7,137,-15,-326,-74,209
17,226,7,137,-15,-326,-75,209
16,226,7,137,-14,-326,-75,209
16,224,7,137,-14,-326,-75,208
17,223,7,137,-15,-326,-75,207
17,222,6,137,-15,-326,-75,205
16,219,4,137,-15,-326,-75,202
14,216,3,136,-14,-326,-78,200
12,212,3,135,-13,-326,-79,195
10,205,3,134,-13,-326,-81,189
8,198,2,135,-13,-326,-83,181
7,192,0,136,-14,-326,-84,172
4,185,-2,135,-15,-326,-86,166
1,178,-4,134,-15,-326,-89,155
-1,169,-6,132,-15,-326,-92,146
-3,160,-7,131,-15,-328,-95,136
-6,151,-7,130,-15,-329,-97,128
-9,142,-9,129,-15,-331,-100,115
-12,133,-11,127,-15,-332,-101,106
-15,123,-12,124,-15,-331,-102,96
-17,114,-12,121,-15,-331,-102,86
-19,104,-13,119,-15,-331,-101,76
-21,94,-14,117,-15,-331,-103,67
-24,84,-15,116,-14,-331,-106,56
-28,75,-16,115,-14,-332,-109,46
-31,65,-18,114,-13,-334,-113,36
-34,56,-19,113,-14,-336,-115,25
-37,47,-20,112,-15,-336,-115,15
-39,39,-21,111,-15,-336,-118,7
-42,32,-22,109,-14,-336,-120,0
-44,25,-21,106,-14,-336,-120,-6
-46,20,-21,104,-14,-336,-123,-9
-49,15,-21,104,-14,-336,-123,-14
-50,11,-23,103,-14,-337,-124,-21
-51,7,-24,102,-14,-339,-124,-25
-51,3,-25,101,-14,-341,-124,-29
-50,1,-26,101,-14,-341,-123,-31
-51,0,-25,101,-14,-341,-124,-34
-52,-1,-24,102,-14,-341,-125,-34
-53,0,-23,101,-15,-341,-125,-34
-52,0,-22,99,-16,-341,-123,-29
-51,3,-22,98,-16,-341,-122,-28
-50,5,-21,98,-16,-341,-120,-24
-48,8,-20,99,-15,-341,-119,-21
-47,12,-19,101,-14,-341,-118,-17
-47,18,-18,101,-14,-341,-118,-10
-45,24,-18,101,-14,-341,-117,-2
-42,30,-18,101,-14,-341,-113,2
-39,35,-16,103,-14,-341,-111,8
-36,42,-14,104,-14,-341,-109,15
-34,51,-12,106,-14,-340,-108,24
-31,61,-11,107,-14,-341,-106,37
-29,71,-10,108,-14,-341,-103,47
-26,82,-9,109,-14,-342,-101,58
-23,92,-8,110,-14,-343,-101,69
-21,103,-7,112,-14,-342,-98,80
-18,113,-5,113,-14,-341,-96,91
-15,123,-3,114,-14,-342,-93,103
-12,133,-1,116,-13,-344,-91,114
-8,142,-1,118,-13,-346,-90,123
-4,152,-2,120,-14,-346,-87,133
0,162,-1,123,-13,-346,-84,144
1,173,0,125,-14,-346,-85,155
2,182,2,126,-14,-346,-84,164
4,191,3,127,-13,-346,-81,174
8,199,4,128,-13,-346,-78,181
12,206,5,129,-13,-346,-74,191
15,213,6,130,-13,-346,-72,200
17,220,7,131,-13,-346,-69,206
18,225,9,133,-12,-346,-72,212
19,230,11,134,-11,-346,-70,217
21,235,13,136,-11,-346,-68,224
23,240,14,137,-11,-346,-67,229
24,244,14,137,-11,-346,-65,234
25,246,13,137,-11,-346,-64,235
26,247,14,137,-11,-346,-63,236
27,249,15,138,-11,-346,-63,239
28,252,16,139,-11,-346,-62,241
28,253,18,140,-12,-346,-64,242
29,253,17,140,-13,-345,-63,242
30,251,16,139,-12,-345,-59,240
31,250,16,138,-11,-344,-59,239
31,249,16,139,-11,-343,-61,239
31,248,17,140,-11,-342,-61,238
31,246,18,141,-11,-341,-62,235
30,243,17,140,-11,-341,-62,231
31,240,16,139,-11,-341,-58,229
32,237,15,137,-10,-341,-58,227
33,235,15,135,-11,-341,-57,224
32,234,16,136,-11,-341,-57,223
31,233,17,136,-11,-340,-58,222
29,232,17,136,-11,-339,-61,222
28,232,16,135,-11,-339,-58,220
28,232,15,134,-11,-339,-58,220
29,232,15,134,-11,-339,-57,220
31,233,16,134,-11,-337,-56,222
32,235,18,134,-10,-336,-56,227
32,237,18,135,-10,-336,-56,229
31,240,18,136,-10,-336,-58,231
30,242,18,137,-11,-337,-59,234
31,245,19,137,-10,-336,-59,238
32,250,20,137,-10,-335,-56,242
33,256,21,136,-10,-333,-54,249
33,262,20,137,-10,-331,-57,255
33,268,19,140,-10,-331,-57,260
33,273,20,143,-10,-331,-59,266
33,278,21,144,-10,-332,-59,271
33,284,21,144,-10,-332,-59,277
33,292,21,143,-10,-330,-61,285
33,299,21,143,-10,-328,-61,292
34,306,22,144,-10,-326,-59,300
34,311,24,146,-10,-326,-59,305
34,315,25,146,-10,-326,-59,308
33,317,25,147,-10,-327,-63,311
31,320,24,148,-10,-326,-65,313
30,321,22,149,-10,-325,-67,314
30,322,21,150,-10,-323,-69,313
30,322,21,151,-10,-322,-69,312
30,320,20,149,-10,-321,-69,311
28,315,19,148,-10,-320,-70,306
27,309,18,147,-10,-320,-69,300
25,302,16,145,-10,-319,-72,292
22,293,15,145,-10,-318,-74,283
18,282,14,144,-10,-317,-78,269
15,269,12,144,-9,-317,-80,256
12,254,9,142,-10,-317,-84,238
9,238,6,138,-9,-317,-84,222
5,221,4,135,-9,-315,-86,205
2,204,1,134,-9,-313,-90,184
-2,185,-2,133,-9,-312,-93,164
-6,165,-5,130,-9,-311,-97,141
-10,142,-8,126,-9,-312,-98,118
-14,120,-11,121,-9,-312,-100,96
-20,98,-14,117,-9,-312,-102,70
-26,75,-18,115,-9,-312,-108,47
-32,53,-21,111,-9,-312,-111,21
-38,30,-24,106,-9,-312,-114,-2
-43,8,-27,102,-9,-311,-118,-24
-48,-13,-28,100,-10,-310,-120,-48
-53,-34,-31,97,-11,-309,-125,-70
-57,-55,-34,95,-12,-308,-126,-92
-62,-75,-36,92,-11,-308,-130,-115
-67,-93,-39,89,-10,-308,-133,-134
-73,-110,-41,86,-9,-309,-137,-152
-79,-126,-43,84,-8,-310,-144,-168
-84,-140,-45,81,-8,-311,-146,-185
-89,-152,-47,79,-10,-312,-151,-197
-93,-162,-49,78,-11,-312,-152,-207
-96,-169,-50,76,-11,-312,-156,-216
-98,-176,-50,75,-10,-311,-157,-222
-101,-181,-50,73,-9,-312,-157,-227
-103,-184,-51,72,-9,-314,-159,-230
-106,-185,-51,73,-10,-315,-166,-231
-108,-185,-51,75,-12,-316,-167,-231
-109,-183,-51,76,-13,-316,-168,-229
-109,-180,-51,78,-13,-317,-170,-229
-108,-174,-51,78,-14,-318,-170,-223
-108,-166,-50,79,-14,-320,-170,-212
-108,-158,-48,80,-13,-321,-170,-203
-108,-149,-47,81,-11,-322,-170,-195
-107,-140,-46,82,-11,-323,-169,-185
-105,-129,-46,82,-13,-324,-168,-174
-103,-117,-45,83,-14,-326,-168,-162
-100,-104,-43,86,-14,-328,-166,-148
-97,-91,-43,90,-13,-330,-166,-135
-95,-79,-42,92,-13,-330,-167,-123
-93,-66,-41,94,-13,-331,-164,-109
-90,-55,-39,96,-14,-333,-162,-95
-86,-43,-37,97,-14,-334,-159,-83
-83,-32,-35,99,-13,-336,-157,-72
-79,-21,-32,101,-12,-336,-153,-58
-75,-10,-30,103,-12,-336,-151,-46
-72,1,-28,104,-14,-337,-148,-35
-68,11,-28,105,-14,-338,-145,-24
-64,20,-26,107,-13,-339,-142,-13
-60,28,-24,108,-12,-339,-139,-4
-57,35,-22,110,-12,-340,-136,2
-55,41,-21,111,-12,-341,-134,9
-53,46,-21,111,-11,-343,-133,14
-50,51,-20,112,-11,-344,-129,19
-46,56,-19,113,-11,-346,-125,26
-43,61,-18,114,-11,-346,-125,31
-41,64,-17,115,-11,-347,-123,35
-39,66,-18,114,-11,-347,-122,37
-39,67,-18,114,-11,-347,-120,37
-38,67,-18,114,-11,-347,-120,39
-38,67,-18,114,-11,-348,-119,39
-37,68,-18,115,-11,-349,-119,39
-37,68,-18,114,-11,-350,-119,40
-36,69,-17,113,-11,-351,-115,40
-36,68,-17,113,-12,-353,-115,40
-34,68,-16,112,-12,-354,-113,39
-32,66,-15,112,-12,-356,-112,37
-32,65,-15,111,-12,-356,-109,39
-33,64,-14,111,-12,-356,-111,37
-34,64,-14,111,-12,-355,-111,37
-34,63,-14,111,-12,-356,-111,36
-33,61,-15,111,-12,-357,-109,35
-32,60,-15,111,-12,-359,-108,34
-32,59,-14,111,-12,-360,-108,32
-32,59,-14,111,-12,-361,-108,32
-32,60,-14,111,-12,-362,-109,34
-32,60,-14,111,-12,-364,-109,34
-32,60,-14,111,-12,-365,-108,34
-32,60,-14,111,-12,-366,-108,34
-32,60,-14,111,-12,-365,-108,34
-32,59,-14,111,-12,-365,-108,32
-32,59,-14,111,-12,-365,-108,32
-32,59,-15,110,-13,-367,-108,32
-31,61,-14,111,-13,-369,-108,35
-31,64,-13,112,-13,-370,-109,37
-31,67,-12,113,-13,-371,-109,41
-30,70,-10,114,-13,-371,-109,43
-29,72,-10,114,-13,-370,-109,46
-28,75,-11,114,-13,-370,-107,48
-27,78,-11,114,-13,-370,-106,52
-25,81,-10,114,-13,-370,-104,56
-23,84,-10,115,-13,-370,-103,58
-22,89,-8,116,-13,-370,-102,63
-21,94,-7,117,-13,-370,-101,70
-20,99,-7,117,-13,-371,-100,76
-18,104,-6,118,-13,-370,-100,81
-15,109,-4,119,-13,-370,-97,87
-12,115,-4,120,-13,-370,-95,93
-10,121,-4,121,-13,-371,-92,100
-8,128,-3,120,-13,-372,-91,106
-6,133,-3,121,-13,-372,-89,112
-3,138,-1,122,-13,-372,-86,119
0,144,0,124,-13,-372,-84,125
1,150,0,125,-13,-374,-84,129
3,157,0,126,-13,-375,-81,136
5,163,0,127,-13,-374,-80,145
7,170,2,128,-13,-374,-79,152
9,177,3,129,-13,-374,-76,159
11,184,3,130,-13,-375,-78,166
13,190,2,131,-13,-375,-75,172
16,196,2,133,-13,-375,-73,179
18,202,4,135,-13,-375,-74,184
18,208,6,137,-13,-375,-73,191
19,213,7,137,-13,-375,-73,196
20,218,7,137,-11,-375,-72,201
22,224,7,137,-10,-375,-69,207
25,229,7,137,-10,-375,-67,213
26,234,8,138,-11,-375,-65,218
27,238,10,140,-11,-375,-64,225
29,243,10,140,-10,-375,-63,229
30,247,10,140,-10,-375,-62,234
31,252,10,140,-9,-375,-61,239
31,256,10,140,-9,-375,-61,242
31,259,11,141,-8,-375,-63,246
31,261,13,143,-8,-375,-63,249
32,263,14,144,-8,-375,-63,250
33,266,14,144,-8,-375,-62,253
34,268,14,144,-8,-375,-62,255
35,269,14,144,-8,-375,-59,256
36,270,14,144,-8,-375,-59,257
37,269,14,144,-8,-375,-58,257
37,270,14,144,-8,-375,-58,257
36,269,14,144,-9,-375,-58,257
35,269,14,144,-10,-375,-59,256
33,268,14,144,-9,-375,-62,255
32,265,13,142,-8,-374,-63,252
31,262,13,140,-8,-372,-62,250
29,259,12,139,-7,-371,-63,246
29,255,11,139,-8,-370,-63,242
28,252,10,140,-8,-371,-64,239
26,247,10,141,-8,-371,-68,234
25,243,10,139,-7,-371,-67,229
24,238,10,136,-8,-371,-65,225
21,233,10,133,-8,-371,-68,219
18,226,10,133,-7,-371,-72,212
14,219,10,133,-8,-369,-74,205
11,212,9,133,-8,-367,-78,197
9,204,7,132,-7,-366,-80,190
7,196,6,130,-7,-365,-80,181
3,187,4,128,-7,-366,-83,169
1,178,2,126,-7,-366,-85,161
-1,170,0,125,-9,-365,-85,152
-4,162,0,123,-11,-365,-87,144
-6,153,-1,122,-10,-364,-90,134
-9,143,-2,122,-9,-363,-92,122
-12,133,-3,120,-8,-362,-95,112
-16,124,-4,119,-8,-361,-98,102
-19,115,-7,118,-9,-361,-102,92
-22,105,-8,117,-9,-361,-102,80
-25,95,-10,115,-7,-361,-104,70
-28,85,-10,112,-7,-361,-106,59
-32,76,-10,111,-7,-361,-109,53
-35,68,-11,110,-7,-361,-112,42
-37,61,-13,109,-7,-361,-114,34
-39,52,-14,108,-7,-361,-115,25
-41,43,-15,106,-7,-361,-115,17
-45,36,-15,104,-7,-361,-119,8
-48,28,-16,102,-7,-361,-119,1
-50,22,-17,101,-7,-361,-122,-4
-52,15,-18,100,-7,-361,-123,-12
-54,8,-18,101,-7,-361,-125,-21
-57,3,-20,102,-7,-361,-130,-26
-59,0,-21,102,-7,-361,-131,-31
-61,-3,-23,101,-7,-361,-134,-37
-62,-7,-23,99,-7,-361,-133,-39
-63,-12,-22,97,-7,-361,-134,-43
-64,-17,-22,97,-7,-361,-135,-48
-65,-19,-22,97,-7,-361,-136,-51
-66,-20,-22,97,-7,-361,-136,-51
-67,-19,-22,97,-7,-361,-137,-51
-66,-19,-22,97,-7,-361,-136,-51
-67,-19,-22,97,-7,-361,-137,-51
-66,-20,-22,97,-7,-361,-136,-51
-66,-19,-22,97,-7,-361,-136,-51
-66,-18,-22,97,-7,-361,-136,-50
-65,-15,-22,98,-7,-361,-136,-46
-65,-12,-22,99,-7,-361,-135,-43
-65,-8,-22,100,-7,-361,-135,-40
-63,-5,-22,100,-7,-361,-134,-36
-62,-1,-22,100,-7,-361,-133,-32
-61,0,-21,101,-7,-361,-131,-30
-61,3,-19,101,-7,-361,-131,-26
-60,7,-19,101,-7,-361,-130,-23
-58,12,-18,100,-7,-361,-129,-18
-57,16,-18,100,-7,-361,-128,-13
-55,21,-17,101,-7,-361,-126,-6
-54,25,-16,103,-7,-361,-128,-1
-53,29,-14,104,-7,-361,-126,2
-51,34,-14,104,-7,-361,-125,7
-49,39,-15,104,-7,-361,-123,12
-48,45,-15,104,-7,-361,-122,18
-46,50,-16,105,-7,-361,-120,23
-45,54,-15,106,-7,-361,-119,28
-45,58,-15,106,-7,-361,-119,31
-44,64,-14,107,-7,-361,-118,37
-43,70,-13,108,-7,-361,-118,43
-41,76,-12,110,-7,-361,-118,50
-39,79,-11,112,-7,-361,-117,53
-37,83,-11,114,-7,-361,-117,57
-36,87,-10,114,-7,-361,-115,61
-33,92,-10,115,-7,-361,-113,67
-30,97,-8,116,-7,-361,-111,74
-28,103,-7,117,-7,-361,-108,80
-26,107,-7,117,-6,-361,-107,84
-25,111,-7,117,-5,-361,-106,89
-24,116,-7,117,-6,-361,-104,93
-21,121,-6,118,-7,-361,-102,100
-18,126,-5,119,-7,-359,-102,104
-16,130,-4,120,-7,-357,-100,108
-15,134,-3,121,-7,-357,-98,112
-13,138,-2,122,-7,-357,-97,117
-11,143,-1,123,-7,-358,-95,122
-8,148,0,123,-7,-357,-92,129
-6,153,0,123,-7,-357,-90,135
-4,158,0,124,-7,-356,-87,140
-2,162,0,126,-7,-356,-89,141
-1,167,0,129,-7,-356,-90,146
0,171,0,130,-7,-357,-87,150
3,174,0,130,-7,-356,-85,156
4,178,2,128,-7,-354,-81,161
6,182,3,129,-7,-353,-80,164
7,185,3,131,-7,-351,-81,167
7,188,3,134,-7,-351,-84,170
8,191,3,135,-7,-351,-83,174
8,195,3,134,-7,-352,-83,178
9,198,3,134,-7,-351,-83,180
10,199,3,134,-7,-350,-81,181
11,200,3,134,-7,-348,-80,183
13,201,3,134,-6,-346,-79,184
13,201,3,134,-6,-346,-78,184
13,201,3,134,-6,-346,-79,184
11,200,3,134,-6,-346,-80,183
9,199,3,133,-6,-346,-79,183
8,198,4,133,-6,-347,-80,181
9,197,4,132,-6,-346,-80,180
8,195,4,133,-6,-345,-80,178
8,193,3,133,-6,-343,-80,175
6,190,3,134,-6,-341,-85,172
5,186,3,134,-6,-341,-85,168
5,182,3,134,-6,-341,-86,164
5,178,2,133,-6,-342,-84,161
3,175,0,132,-6,-342,-85,155
0,171,0,131,-6,-340,-87,151
-1,167,0,129,-6,-338,-87,148
-3,162,1,127,-6,-336,-89,144
-4,158,0,128,-6,-336,-90,140
-6,153,0,128,-6,-336,-92,133
-8,149,0,128,-6,-337,-93,128
-9,144,0,126,-6,-337,-95,125
-10,138,0,125,-6,-335,-96,119
-11,132,-1,124,-6,-333,-96,111
-12,126,-3,124,-5,-332,-97,104
-14,121,-3,123,-5,-331,-96,98
-16,116,-3,121,-5,-332,-98,93
-18,112,-4,120,-5,-332,-101,89
-20,107,-5,119,-5,-330,-103,84
-22,102,-6,118,-5,-328,-102,80
-23,97,-7,117,-5,-327,-103,74
-24,92,-7,117,-5,-326,-103,69
-25,87,-7,117,-5,-327,-104,64
-26,83,-8,116,-5,-327,-106,59
-28,80,-10,115,-5,-327,-107,54
-29,76,-11,114,-5,-327,-108,51
-29,72,-11,114,-5,-326,-108,46
-29,68,-10,113,-5,-326,-108,42
-31,65,-10,112,-5,-325,-107,39
-32,63,-10,110,-5,-324,-109,36
-34,60,-10,109,-5,-323,-111,36
-35,58,-10,109,-5,-322,-109,34
-36,56,-10,110,-5,-322,-112,31
-36,54,-10,111,-5,-322,-113,26
-36,51,-12,111,-5,-322,-113,25
-37,49,-13,109,-5,-322,-113,23
-38,47,-12,108,-5,-322,-112,20
-39,45,-11,107,-5,-322,-113,18
-40,44,-11,107,-5,-322,-114,19
-39,42,-11,107,-5,-322,-113,18
-39,41,-11,108,-5,-322,-113,14
-40,41,-12,108,-5,-322,-114,14
-42,40,-12,108,-5,-322,-119,13
-43,40,-12,108,-5,-322,-117,13
-43,39,-12,108,-5,-321,-117,12
-43,39,-12,108,-5,-322,-117,12
-45,39,-12,108,-5,-324,-122,12
-47,40,-13,109,-5,-325,-124,13
-48,40,-14,110,-5,-326,-124,13
-46,41,-14,110,-5,-326,-123,13
-45,42,-15,111,-5,-325,-122,14
-44,42,-15,111,-5,-325,-123,12
-44,42,-15,111,-5,-326,-120,14
-45,41,-14,109,-5,-327,-122,14
-44,42,-12,108,-5,-327,-118,15
-44,44,-11,107,-5,-327,-118,17
-43,46,-12,108,-5,-327,-117,19
-43,48,-13,109,-5,-327,-119,21
-42,49,-14,110,-5,-327,-119,21
-41,49,-13,110,-5,-327,-118,23
-40,51,-13,110,-5,-327,-117,24
-40,53,-14,109,-5,-327,-117,26
-40,55,-14,109,-5,-327,-117,29
-40,57,-13,109,-5,-327,-117,30
-39,59,-12,110,-5,-327,-117,32
-37,61,-10,111,-5,-327,-114,35
-35,63,-9,112,-5,-327,-112,40
-33,66,-9,113,-5,-327,-111,42
-33,68,-9,112,-5,-327,-109,45
-33,71,-9,112,-5,-327,-111,47
-33,75,-9,111,-5,-326,-109,51
-32,78,-8,110,-4,-326,-109,54
-31,81,-7,111,-4,-327,-108,57
-29,83,-5,113,-3,-328,-107,59
-28,84,-4,114,-4,-329,-106,61
-28,85,-4,114,-5,-328,-104,64
-27,88,-4,114,-5,-327,-104,68
-26,92,-4,113,-5,-326,-103,72
-25,95,-4,114,-5,-327,-102,72
-24,97,-4,113,-5,-328,-102,74
-23,98,-4,113,-5,-330,-101,78
-22,100,-3,114,-5,-332,-100,80
-22,102,-1,116,-5,-332,-100,83
-21,104,-1,118,-5,-332,-101,84
-20,105,-3,119,-5,-332,-102,83
-18,106,-4,119,-5,-332,-101,84
-18,108,-4,119,-5,-332,-97,85
-17,110,-4,118,-4,-332,-97,87
-16,112,-3,119,-3,-331,-96,90
-16,113,-3,120,-4,-332,-98,91
-17,114,-3,121,-3,-333,-100,91
-18,115,-4,121,-2,-335,-101,92
-18,116,-4,121,-1,-337,-101,93
-17,118,-3,120,0,-337,-100,96
-16,120,-3,120,-1,-337,-100,98
-16,122,-3,120,-1,-337,-98,100
-17,123,-3,120,-1,-336,-100,101
-17,124,-4,121,-1,-337,-100,102
-16,126,-5,122,-1,-337,-100,103
-15,128,-5,122,-1,-338,-98,106
-14,130,-5,122,-1,-339,-97,107
-15,130,-4,121,-1,-340,-98,108
-14,130,-3,120,-1,-341,-97,108
-14,132,-4,121,-1,-341,-97,111
-13,134,-5,122,-1,-341,-96,113
-13,137,-5,122,-1,-342,-96,115
-13,137,-5,122,-1,-343,-96,115
-12,137,-4,121,-1,-345,-96,114
-11,137,-3,120,-1,-345,-95,115
-10,138,-3,120,-1,-345,-93,117
-9,140,-3,120,-1,-345,-92,118
-9,141,-5,122,-1,-346,-92,119
-10,142,-6,123,-1,-347,-96,118
-10,141,-7,124,-1,-347,-96,117
-9,140,-7,124,-1,-346,-95,115
-9,139,-6,123,-1,-347,-95,114
-8,138,-5,122,-2,-348,-91,117
-8,139,-6,123,-2,-349,-93,114
-8,139,-7,124,-2,-350,-93,115
-8,139,-7,124,-2,-350,-93,114
-9,137,-7,124,-2,-351,-95,113
-10,135,-6,123,-2,-352,-95,111
-10,133,-6,123,-2,-352,-96,108
-11,130,-6,123,-2,-352,-97,106
-12,128,-7,123,-2,-351,-97,103
-13,124,-6,123,-2,-351,-98,100
-14,121,-6,123,-2,-351,-100,96
-14,117,-6,123,-2,-351,-100,92
-16,114,-6,124,-2,-353,-101,89
-17,111,-7,124,-2,-355,-102,85
-18,107,-7,122,-2,-356,-103,81
-21,103,-7,120,-2,-357,-103,78
-22,100,-7,119,-2,-357,-104,74
-24,96,-8,120,-2,-356,-106,70
-26,92,-9,121,-2,-356,-111,67
-27,88,-10,121,-2,-356,-112,63
-28,85,-10,120,-2,-357,-113,59
-29,83,-10,120,-2,-357,-112,57
-31,80,-9,119,-2,-356,-113,54
-32,78,-9,120,-2,-356,-114,52
-34,75,-9,119,-2,-356,-115,50
-34,73,-8,119,-2,-358,-115,47
-33,72,-7,117,-2,-360,-112,48
-32,71,-7,117,-2,-361,-112,47
-32,70,-7,117,-2,-362,-112,47
-34,69,-7,117,-2,-361,-113,46
-35,69,-7,117,-2,-361,-114,45
-36,69,-7,117,-1,-361,-115,45
-35,71,-7,117,0,-361,-114,47
-34,73,-7,117,0,-361,-113,50
-33,75,-7,117,0,-361,-112,52
-32,77,-7,117,0,-361,-112,53
-32,80,-7,117,0,-363,-112,56
-32,83,-6,118,0,-365,-112,61
-31,88,-4,119,1,-366,-114,64
-30,92,-3,120,2,-367,-112,69
-27,96,-3,120,2,-366,-109,73
-25,98,-3,120,2,-366,-107,75
-23,101,-3,120,1,-366,-106,79
-22,105,-3,121,1,-368,-104,83
-22,110,-2,122,1,-370,-104,87
-21,114,-1,122,1,-371,-103,91
-19,118,-1,123,1,-372,-102,98
-18,121,0,123,1,-372,-101,102
-16,126,0,124,1,-371,-98,106
-14,130,0,124,1,-371,-97,111
-13,134,0,124,1,-372,-97,115
-12,139,0,123,1,-372,-95,119
-10,142,0,124,1,-371,-93,123
-9,146,-1,125,1,-370,-95,124
-7,149,-2,126,1,-369,-92,128
-4,152,-1,127,1,-368,-90,131
-2,155,0,129,1,-368,-91,134
0,158,0,130,1,-367,-89,140
0,160,0,131,1,-366,-87,139
1,162,0,131,1,-366,-87,141
2,163,0,131,1,-367,-86,142
2,165,0,130,1,-366,-85,145
3,167,0,130,1,-365,-85,146
2,169,0,130,1,-363,-86,148
3,172,0,131,2,-361,-85,151
3,173,1,131,2,-361,-85,153
4,174,2,133,2,-361,-84,156
5,175,3,134,2,-362,-86,157
6,175,3,134,2,-361,-84,157
8,176,3,134,2,-361,-83,158
9,177,3,134,2,-360,-81,158
8,177,3,134,2,-359,-83,158
6,177,3,134,2,-358,-85,158
3,176,3,134,2,-357,-87,158
3,175,3,134,2,-357,-87,157
5,175,3,134,2,-357,-86,157
6,175,3,134,2,-357,-84,157
7,175,3,134,2,-357,-84,157
6,175,3,134,2,-357,-85,157
5,174,3,134,2,-357,-85,156
5,175,3,134,2,-357,-86,157
4,174,3,134,2,-357,-86,156
3,174,3,134,2,-357,-87,156
3,172,2,133,2,-357,-85,153
2,169,0,132,2,-357,-86,148
1,167,0,131,2,-357,-86,146
1,164,0,131,2,-357,-87,144
0,162,0,130,2,-357,-89,144
-1,160,1,127,2,-357,-87,141
-3,157,0,124,2,-357,-87,139
-5,154,0,123,2,-357,-89,135
-7,149,-1,125,2,-357,-92,128
-8,145,-2,126,2,-357,-93,123
-9,140,-4,126,2,-357,-95,119
-10,136,-6,126,2,-356,-96,112
-11,132,-7,125,2,-355,-97,107
-13,126,-7,124,2,-355,-98,101
-14,119,-8,123,2,-356,-100,95
-16,112,-9,122,2,-356,-101,87
-18,106,-10,121,2,-355,-103,80
-20,99,-11,120,2,-354,-106,74
-23,92,-12,120,2,-352,-108,67
-27,84,-13,119,2,-351,-108,56
-30,77,-14,118,2,-352,-112,48
-34,69,-14,117,2,-352,-115,41
-38,62,-15,116,2,-352,-119,32
-40,55,-17,115,2,-352,-122,25
-43,48,-18,114,2,-352,-124,19
-44,42,-19,113,2,-352,-123,9
-46,35,-20,112,2,-352,-125,3
-50,28,-21,111,3,-352,-129,-3
-53,20,-22,110,2,-352,-131,-12
-55,11,-23,109,2,-352,-134,-21
-57,3,-24,109,2,-352,-135,-29
-59,-2,-25,108,3,-352,-136,-36
-61,-7,-26,107,3,-352,-140,-41
-64,-13,-27,104,2,-352,-140,-47
-66,-19,-26,102,1,-351,-139,-53
-67,-25,-25,101,0,-351,-140,-59
-68,-30,-25,101,0,-351,-140,-64
-68,-34,-26,100,0,-351,-141,-68
-69,-38,-28,99,1,-351,-141,-73
-69,-41,-29,98,2,-352,-141,-75
-70,-43,-29,97,3,-352,-140,-78
-71,-45,-29,97,3,-352,-144,-80
-72,-47,-29,98,2,-352,-145,-81
-73,-48,-29,98,2,-352,-145,-84
-73,-48,-29,98,2,-352,-145,-86
-73,-48,-29,97,3,-352,-142,-83
-74,-47,-28,97,2,-352,-144,-83
-73,-47,-28,97,2,-352,-142,-83
-72,-46,-28,97,2,-352,-142,-81
-72,-44,-29,97,2,-352,-141,-79
-72,-40,-28,97,2,-352,-141,-75
-72,-37,-25,96,2,-352,-141,-72
-72,-33,-23,97,2,-353,-142,-65
-71,-29,-23,98,2,-354,-141,-62
-69,-25,-23,98,2,-355,-139,-56
-67,-19,-23,99,2,-356,-137,-51
-64,-13,-23,100,2,-356,-136,-45
-61,-7,-22,101,2,-357,-134,-39
-59,-2,-21,103,2,-357,-131,-34
-56,2,-19,104,2,-357,-129,-28
-54,8,-18,105,2,-357,-128,-21
-52,15,-18,107,2,-357,-128,-14
-50,22,-17,109,2,-357,-126,-7
-48,28,-16,110,2,-357,-124,-1
-46,35,-14,111,2,-357,-123,8
-44,41,-13,112,2,-356,-123,14
-43,48,-12,113,2,-355,-122,21
-40,55,-11,114,2,-355,-119,28
-37,62,-10,114,2,-355,-117,36
-33,70,-10,115,2,-356,-113,43
-30,77,-8,116,2,-357,-109,53
-28,84,-8,117,2,-357,-108,61
-26,90,-8,118,2,-357,-108,64
-25,97,-8,121,2,-357,-107,72
-22,103,-8,123,2,-357,-107,78
-20,108,-6,126,2,-357,-106,84
-17,114,-4,127,2,-357,-104,91
-14,119,-3,127,2,-357,-102,97
-12,126,-3,127,2,-357,-100,103
-10,131,-3,127,2,-357,-98,109
-8,136,-3,127,2,-357,-96,114
-7,139,-2,128,2,-356,-95,117
-5,142,-1,130,2,-355,-93,120
-3,146,0,131,2,-355,-91,124
-1,150,0,131,2,-355,-90,129
0,153,0,130,2,-356,-87,133
1,157,0,130,2,-356,-86,136
3,161,0,131,2,-355,-85,140
3,164,0,133,2,-355,-86,142
3,167,1,134,2,-354,-87,146
3,170,2,135,2,-354,-87,148
4,173,3,135,2,-354,-86,155
6,175,3,134,2,-355,-83,157
7,177,3,133,2,-356,-80,158
8,178,3,134,2,-357,-83,159
8,180,2,135,2,-357,-83,159
8,182,1,137,2,-357,-83,162
9,184,2,137,2,-357,-85,164
9,186,3,138,2,-357,-84,166
9,188,4,138,2,-357,-81,170
9,190,4,138,2,-357,-81,173
10,192,4,137,2,-357,-81,175
10,194,4,138,2,-357,-84,177
11,194,3,139,2,-357,-83,174
12,195,3,140,2,-357,-81,175
13,197,3,141,2,-357,-80,177
15,200,3,141,2,-357,-79,180
16,203,5,142,2,-357,-78,185
16,205,6,143,2,-357,-80,187
15,206,7,144,2,-357,-81,189
16,208,7,144,3,-357,-80,190
18,209,7,144,3,-357,-79,192
18,211,7,144,4,-357,-79,195
18,213,7,144,4,-357,-79,196
17,214,7,144,3,-357,-80,197
16,214,7,144,2,-357,-80,197
17,216,7,144,2,-356,-79,200
18,219,7,144,3,-356,-78,202
18,220,8,145,4,-355,-78,203
18,221,9,145,4,-354,-78,205
19,221,8,145,3,-353,-78,203
18,220,7,144,3,-352,-78,203
19,221,7,144,2,-352,-78,203
18,221,7,144,2,-352,-79,203
17,220,7,144,2,-352,-79,203
16,218,7,144,3,-352,-80,201
15,216,7,144,3,-352,-81,198
15,214,7,143,2,-352,-81,197
14,211,5,142,2,-352,-79,194
13,207,3,140,2,-352,-80,187
11,202,1,138,2,-352,-83,183
10,198,0,137,2,-352,-84,178
9,193,0,137,2,-350,-84,173
8,188,0,137,2,-349,-85,168
7,181,0,137,2,-348,-86,161
5,175,0,137,2,-349,-89,155
1,167,-2,135,2,-350,-91,144
-1,159,-4,133,2,-349,-92,135
-3,151,-5,131,2,-348,-95,126
-5,142,-5,130,3,-347,-93,118
-6,135,-6,128,3,-346,-95,111
-9,127,-7,126,3,-347,-96,102
-12,119,-8,123,3,-347,-97,93
-15,109,-9,122,3,-347,-101,84
-19,99,-10,121,3,-347,-103,73
-21,89,-11,120,3,-347,-103,63
-25,80,-13,119,3,-347,-107,51
-29,71,-15,117,3,-347,-111,42
-31,61,-17,115,3,-347,-113,32
-34,53,-18,114,3,-347,-115,24
-36,46,-18,114,3,-347,-117,17
-39,39,-19,113,3,-347,-118,9
-43,32,-20,112,3,-347,-122,0
-46,24,-21,112,3,-347,-124,-8
-48,17,-22,111,3,-347,-126,-14
-50,11,-22,110,3,-346,-128,-21
-53,5,-23,108,3,-347,-128,-26
-55,1,-24,107,2,-347,-130,-31
-57,-2,-25,107,2,-348,-133,-35
-59,-6,-25,107,2,-348,-137,-40
-61,-9,-24,107,2,-348,-136,-42
-62,-12,-22,105,2,-349,-137,-46
-64,-14,-22,104,2,-350,-139,-48
-64,-15,-23,104,2,-351,-140,-48
-65,-14,-25,104,2,-352,-140,-48
-66,-14,-24,104,2,-352,-141,-47
-65,-13,-22,104,2,-353,-139,-47
-65,-13,-21,104,2,-354,-137,-43
-65,-13,-22,105,2,-355,-140,-47
-65,-12,-24,107,2,-356,-140,-46
-65,-9,-25,108,2,-356,-142,-43
-64,-5,-25,108,2,-356,-141,-39
-62,0,-25,108,2,-357,-140,-34
-61,3,-25,108,2,-358,-139,-29
-59,8,-25,107,2,-360,-137,-25
-58,12,-25,107,2,-360,-136,-20
-57,16,-25,108,2,-360,-135,-15
-55,21,-25,110,2,-360,-134,-12
-53,26,-25,112,2,-361,-134,-8
-51,32,-25,114,2,-361,-131,-2
-49,39,-24,114,2,-362,-130,4
-47,46,-22,115,1,-363,-128,14
-44,51,-21,115,1,-365,-125,19
-41,56,-21,117,1,-366,-125,24
-38,61,-21,118,1,-367,-123,30
-37,68,-20,119,1,-367,-122,36
-35,75,-18,120,1,-366,-119,43
-32,81,-16,122,1,-366,-119,50
-30,87,-14,124,1,-367,-117,58
-27,92,-14,124,1,-366,-114,64
-25,97,-14,125,1,-366,-112,68
-23,101,-14,125,1,-366,-111,73
-20,106,-13,125,1,-367,-108,79
-18,112,-10,126,1,-368,-106,85
-16,118,-9,126,1,-368,-103,92
-14,123,-8,128,1,-368,-102,98
-13,127,-7,130,1,-368,-103,103
-11,133,-7,131,1,-368,-101,108
-8,138,-7,131,1,-369,-100,114
-7,144,-6,131,1,-370,-97,119
-6,148,-6,132,1,-370,-96,124
-4,152,-4,133,1,-370,-96,129
-3,159,-3,134,1,-370,-93,135
-1,165,-1,136,1,-369,-95,145
1,171,0,137,1,-369,-92,150
4,176,0,137,2,-370,-89,155
7,181,0,137,4,-372,-86,161
9,187,1,139,4,-372,-85,167
9,193,3,140,3,-370,-84,173
10,198,3,140,2,-368,-84,178
12,202,4,141,2,-367,-81,183
14,208,3,140,2,-368,-79,187
16,213,3,140,3,-368,-78,194
18,219,5,142,3,-368,-76,202
19,223,6,143,2,-367,-78,206
21,226,7,144,1,-366,-75,209
23,230,7,144,1,-366,-74,213
24,235,7,144,1,-366,-73,218
24,238,7,144,2,-367,-73,222
25,241,7,144,2,-366,-73,224
25,242,7,144,1,-366,-72,225
26,243,7,144,1,-366,-72,227
25,245,7,144,1,-366,-72,229
24,246,7,144,1,-366,-73,230
23,246,7,144,1,-366,-74,230
23,244,7,144,1,-366,-74,228
22,242,7,144,1,-366,-74,225
22,238,6,143,1,-366,-75,222
21,233,6,143,1,-366,-75,217
20,227,6,143,1,-366,-76,211
18,221,6,143,1,-366,-78,205
17,214,5,142,1,-366,-78,197
14,207,2,140,1,-366,-79,187
12,199,1,138,1,-366,-81,179
10,190,0,136,1,-367,-81,169
7,180,1,134,1,-367,-84,159
3,169,1,132,1,-366,-85,148
0,159,0,131,1,-365,-89,137
-4,147,-1,130,1,-363,-92,125
-7,134,-3,128,2,-361,-95,113
-10,122,-6,125,2,-361,-96,97
-14,108,-8,123,1,-363,-98,84
-19,94,-10,122,1,-364,-103,69
-25,80,-11,120,1,-363,-109,53
-30,66,-13,119,2,-362,-112,37
-34,53,-15,116,2,-361,-115,24
-38,40,-18,114,2,-361,-119,10
-41,27,-20,112,2,-361,-119,-4
-46,13,-21,111,2,-362,-124,-19
-51,0,-23,110,2,-361,-129,-34
-55,-13,-25,108,2,-361,-133,-47
-59,-25,-27,105,2,-361,-134,-62
-63,-36,-29,104,2,-361,-137,-73
-67,-48,-32,102,2,-362,-141,-85
-71,-59,-33,100,2,-362,-145,-97
-75,-68,-35,99,2,-361,-148,-109
-79,-76,-36,98,2,-361,-150,-117
-82,-83,-37,97,2,-362,-153,-124
-84,-90,-38,96,1,-363,-155,-130
-85,-97,-40,94,1,-365,-156,-140
-87,-103,-42,92,1,-365,-156,-147
-90,-109,-43,91,1,-365,-158,-153
-93,-114,-43,91,1,-365,-161,-158
-95,-117,-43,92,1,-366,-163,-162
-96,-119,-43,91,1,-367,-164,-163
-97,-119,-44,90,1,-367,-166,-164
-99,-120,-46,89,1,-366,-167,-164
-100,-121,-46,88,1,-366,-168,-166
-101,-121,-46,89,1,-366,-168,-166
-101,-121,-44,90,1,-368,-168,-166
-100,-120,-44,90,1,-370,-168,-164
-101,-117,-44,91,1,-371,-169,-162
-101,-114,-44,91,1,-372,-169,-158
-100,-111,-43,91,1,-372,-168,-156
-99,-109,-42,90,1,-371,-167,-153
-97,-106,-42,90,1,-371,-166,-151
-96,-102,-41,92,1,-371,-164,-146
-95,-97,-39,93,1,-371,-163,-139
-94,-91,-37,92,1,-373,-163,-133
-91,-86,-36,91,1,-375,-159,-128
-88,-81,-36,91,1,-376,-155,-119
-86,-75,-36,92,1,-376,-156,-114
-85,-70,-34,94,1,-376,-155,-108
-84,-65,-33,97,2,-376,-156,-102
-82,-59,-32,99,3,-376,-155,-97
-79,-52,-32,101,2,-376,-153,-90
-74,-46,-32,101,1,-376,-148,-83
-72,-39,-32,103,1,-376,-146,-76
-70,-32,-30,104,0,-378,-145,-69
-68,-26,-28,104,0,-379,-144,-63
-66,-20,-26,104,0,-379,-141,-53
-64,-13,-25,105,1,-379,-140,-47
-62,-6,-24,107,2,-380,-137,-40
-60,0,-24,108,3,-380,-139,-34
-58,5,-24,109,2,-381,-136,-28
-55,10,-23,110,1,-381,-134,-23
-52,15,-21,111,0,-381,-130,-17
-48,22,-20,112,0,-381,-126,-9
-45,30,-19,114,1,-381,-126,1
-43,37,-18,114,0,-381,-125,7
-43,43,-17,113,0,-381,-122,13
-42,47,-16,113,1,-381,-120,18
-39,51,-15,113,3,-381,-118,21
-37,57,-13,115,4,-381,-115,30
-34,64,-12,115,4,-381,-113,37
-31,69,-13,116,3,-381,-113,43
-29,74,-14,117,2,-381,-111,46
-27,78,-13,118,2,-381,-108,50
-25,81,-10,119,2,-381,-107,56
-23,84,-8,119,1,-381,-106,58
-22,89,-8,119,2,-381,-104,63
-21,94,-9,119,3,-381,-103,68
-19,98,-10,119,3,-381,-101,73
-18,101,-8,119,3,-381,-101,76
-18,104,-6,119,3,-381,-101,81
-18,108,-5,120,2,-381,-100,86
-16,113,-5,122,1,-381,-100,90
-14,117,-5,123,1,-381,-100,95
-11,121,-3,123,2,-381,-96,98
-10,124,-2,123,3,-381,-92,102
-9,127,-1,125,3,-381,-95,106
-8,131,-2,126,3,-381,-93,109
-6,135,-3,127,3,-382,-93,113
-3,139,-4,127,3,-381,-91,117
-1,143,-3,128,3,-379,-89,122
0,147,-2,128,3,-377,-87,125
1,151,-1,130,3,-377,-86,130
3,157,0,130,4,-377,-85,136
5,164,0,131,5,-378,-83,144
6,172,1,132,5,-378,-81,152
8,179,2,133,4,-377,-80,162
10,185,3,133,4,-376,-79,168
12,191,3,134,4,-376,-79,173
15,197,4,135,4,-376,-76,179
17,203,6,136,5,-376,-74,186
19,209,7,137,5,-376,-72,192
21,216,7,137,4,-376,-70,200
23,224,8,138,4,-376,-68,207
24,231,10,140,4,-376,-68,217
24,237,10,140,5,-375,-68,224
25,243,10,140,6,-373,-67,229
26,248,10,140,6,-372,-65,234
29,252,11,141,5,-371,-65,239
31,256,13,143,3,-371,-64,244
32,260,14,144,3,-371,-63,247
33,263,14,144,4,-371,-62,251
33,266,14,144,5,-372,-62,253
32,267,14,144,4,-372,-63,253
32,267,14,144,3,-371,-63,255
32,267,14,144,3,-370,-63,255
32,267,14,144,3,-368,-63,253
32,265,14,144,3,-366,-63,252
31,263,14,144,3,-366,-64,250
30,259,14,144,3,-366,-64,246
28,253,13,143,3,-366,-67,240
26,247,12,141,3,-367,-68,234
23,240,10,140,3,-367,-69,227
19,233,9,139,5,-367,-73,219
16,223,8,138,5,-366,-76,207
12,212,6,137,4,-365,-79,195
8,199,3,135,3,-365,-83,181
4,185,2,133,3,-364,-84,167
0,172,2,131,4,-363,-89,153
-3,159,1,127,5,-362,-89,140
-5,144,0,124,6,-361,-89,125
-8,129,-3,120,5,-361,-91,107
-13,113,-6,118,5,-361,-95,90
-18,97,-9,116,4,-361,-98,72
-25,80,-11,114,3,-361,-104,54
-29,64,-14,111,3,-361,-106,39
-33,48,-17,108,3,-362,-109,19
-37,31,-19,106,4,-362,-113,2
-42,15,-22,104,6,-361,-118,-14
-47,0,-24,102,6,-361,-120,-34
-52,-15,-26,100,5,-359,-125,-50
-57,-30,-27,97,4,-358,-126,-64
-60,-44,-27,94,3,-357,-130,-79
-64,-57,-28,92,3,-358,-130,-91
-68,-69,-30,90,5,-360,-134,-104
-72,-80,-32,88,5,-361,-136,-115
-77,-89,-34,87,5,-361,-140,-128
-80,-97,-36,85,5,-358,-144,-135
-83,-103,-37,84,6,-357,-146,-141
-84,-108,-37,83,7,-357,-147,-147
-86,-112,-38,83,7,-357,-150,-152
-88,-116,-39,82,7,-357,-151,-156
-90,-118,-39,82,7,-357,-150,-157
-90,-117,-40,81,7,-357,-151,-159
-90,-116,-40,81,7,-358,-151,-157
-89,-114,-39,82,7,-360,-150,-153
-89,-111,-39,82,7,-362,-152,-150
-89,-107,-38,83,6,-362,-152,-146
-90,-101,-37,83,7,-362,-153,-140
-88,-93,-37,84,7,-362,-152,-131
-86,-84,-36,85,7,-362,-150,-122
-82,-74,-34,87,7,-362,-146,-112
-79,-63,-32,88,7,-362,-144,-98
-77,-53,-30,90,7,-362,-145,-89
-76,-43,-29,90,7,-361,-144,-78
-74,-33,-28,92,7,-362,-141,-68
-71,-21,-26,94,6,-363,-139,-56
-67,-8,-23,96,6,-365,-137,-40
-63,4,-22,97,6,-367,-134,-26
-59,15,-21,98,6,-367,-130,-14
-54,26,-20,100,6,-367,-125,-3
-50,35,-18,102,6,-366,-124,6
-46,44,-17,104,7,-366,-120,17
-43,54,-16,105,7,-367,-117,26
-39,63,-15,106,6,-368,-113,36
-36,72,-14,108,6,-368,-113,46
-32,81,-14,111,6,-368,-109,56
-29,89,-12,114,7,-368,-109,63
-26,96,-10,115,7,-370,-106,70
-23,104,-8,116,8,-372,-103,79
-20,110,-7,117,7,-372,-101,87
-18,115,-6,118,6,-370,-101,93
-16,119,-4,119,6,-369,-98,97
-14,122,-3,120,6,-370,-97,100
-12,124,-3,120,7,-371,-95,102
-11,126,-3,120,8,-372,-93,104
-9,128,-3,120,7,-372,-92,106
-9,129,-4,120,7,-372,-92,107
-10,131,-4,120,7,-372,-92,109
-9,133,-3,120,9,-372,-92,111
-7,133,-2,122,10,-372,-90,111
-5,132,-1,123,9,-372,-87,113
-3,130,-1,123,8,-372,-86,112
-3,130,-2,122,7,-372,-86,108
-4,130,-3,120,8,-372,-86,108
-4,130,-4,120,7,-372,-86,108
-4,130,-3,120,7,-372,-87,108
-4,131,-3,120,7,-372,-86,109
-2,131,-3,120,8,-371,-85,109
0,132,-3,120,9,-370,-84,111
0,133,-3,121,9,-370,-83,112
0,134,-2,122,8,-370,-83,113
-1,136,-1,122,8,-371,-84,114
0,137,-1,123,7,-372,-84,118
0,140,0,123,7,-372,-83,122
0,142,0,124,7,-372,-83,124
0,145,0,123,6,-371,-83,126
1,148,0,123,5,-370,-81,129
2,152,0,123,6,-368,-81,134
3,157,0,125,8,-367,-80,139
4,162,2,126,10,-367,-81,144
5,167,3,127,10,-368,-80,150
7,172,3,127,10,-369,-79,153
9,177,3,127,8,-368,-76,158
11,183,3,127,7,-367,-74,166
13,190,4,128,7,-366,-73,172
14,196,5,129,7,-366,-72,181
15,202,6,130,7,-367,-72,187
17,207,6,130,9,-367,-69,192
19,212,7,130,10,-367,-67,197
21,216,7,131,10,-367,-65,202
23,223,9,133,9,-367,-67,208
25,230,10,133,7,-366,-64,216
27,237,10,133,7,-365,-63,223
29,244,10,133,7,-364,-61,230
31,249,11,134,10,-363,-59,236
32,254,12,136,11,-364,-58,244
33,259,13,137,12,-364,-57,249
35,263,14,137,11,-363,-56,252
37,267,15,138,11,-362,-53,257
39,272,16,139,11,-362,-54,262
41,276,17,140,11,-362,-52,266
42,279,18,140,11,-363,-51,269
43,283,18,140,11,-362,-50,273
44,286,17,140,12,-361,-48,277
45,289,17,140,12,-359,-48,280
46,291,17,140,12,-357,-47,281
46,292,17,140,11,-357,-46,283
47,292,17,140,10,-357,-46,283
47,292,17,140,9,-357,-46,283
46,291,17,140,8,-357,-46,281
46,291,17,140,7,-357,-46,281
46,291,17,140,8,-357,-46,281
47,292,17,140,9,-355,-46,283
47,292,17,140,10,-354,-46,283
46,291,17,140,11,-352,-46,281
46,290,17,140,12,-352,-47,280
45,287,18,140,12,-352,-47,278
44,284,18,140,11,-352,-48,274
43,280,17,140,10,-353,-50,271
42,276,16,139,10,-352,-51,267
40,271,14,138,10,-350,-50,262
38,267,14,137,10,-349,-52,257
36,262,14,136,10,-347,-53,252
36,257,16,134,10,-347,-52,247
35,252,16,132,11,-348,-52,241
33,245,15,131,12,-348,-53,235
31,239,13,130,11,-347,-53,228
29,231,12,129,9,-346,-54,220
26,224,10,128,7,-346,-58,212
24,214,10,127,7,-346,-59,203
21,206,10,125,9,-345,-59,194
19,197,9,122,9,-344,-62,185
16,187,8,119,10,-343,-62,175
13,177,7,117,10,-342,-65,164
9,167,6,116,10,-342,-69,152
4,158,5,115,9,-343,-73,142
0,148,3,114,7,-343,-74,131
-2,137,1,113,8,-342,-78,120
-5,126,0,111,9,-342,-80,107
-8,115,-2,109,11,-343,-84,96
-12,105,-3,106,12,-343,-85,85
-16,95,-3,103,12,-342,-85,75
-19,85,-4,101,10,-341,-89,64
-23,74,-4,100,10,-341,-90,53
-28,62,-6,99,10,-341,-95,41
-31,50,-7,97,11,-340,-97,29
-34,40,-9,96,13,-339,-101,18
-37,30,-11,94,13,-339,-103,6
-40,22,-11,93,13,-339,-106,-2
-44,14,-12,93,13,-339,-109,-10
-47,5,-13,92,13,-339,-109,-19
-50,-3,-15,90,11,-338,-113,-29
-53,-12,-17,89,10,-337,-115,-40
-55,-19,-18,88,10,-337,-117,-47
-56,-25,-18,87,11,-337,-118,-54
-57,-31,-19,87,12,-338,-119,-59
-58,-35,-19,87,12,-338,-120,-64
-60,-40,-19,87,12,-338,-122,-69
-63,-44,-19,86,11,-337,-125,-73
-65,-48,-19,85,11,-337,-124,-78
-65,-50,-20,83,12,-338,-124,-80
-65,-52,-21,83,13,-338,-124,-81
-65,-52,-21,84,13,-338,-125,-81
-65,-52,-22,85,13,-338,-125,-81
-66,-52,-22,84,13,-338,-125,-81
-65,-52,-23,83,13,-338,-124,-81
-64,-52,-23,83,13,-338,-123,-81
-62,-50,-23,83,13,-338,-122,-80
-62,-48,-23,84,13,-338,-122,-78
-63,-45,-22,83,13,-338,-123,-74
-63,-42,-23,83,13,-338,-123,-72
-61,-39,-23,83,13,-338,-122,-68
-59,-36,-22,83,13,-338,-119,-64
-58,-31,-21,84,13,-337,-118,-61
-58,-27,-20,86,13,-338,-120,-56
-58,-22,-19,87,13,-339,-120,-51
-56,-17,-19,87,13,-341,-119,-46
-54,-12,-19,87,12,-343,-117,-40
-51,-6,-18,87,12,-343,-114,-35
-50,-1,-17,89,12,-343,-113,-29
-49,2,-17,91,13,-342,-114,-25
-48,7,-16,93,12,-343,-113,-20
-46,13,-15,94,12,-344,-112,-12
-44,20,-14,95,12,-346,-109,-4
-42,26,-14,95,12,-347,-108,2
-39,32,-14,96,12,-348,-108,8
-37,37,-14,98,12,-348,-106,9
-35,41,-13,99,12,-347,-104,17
-33,46,-12,100,12,-347,-102,21
-31,50,-11,100,12,-347,-100,26
-29,56,-11,101,12,-349,-98,32
-27,62,-10,101,12,-351,-98,39
-25,67,-9,102,12,-353,-97,43
-23,71,-8,103,12,-353,-95,48
-21,75,-8,104,12,-352,-93,52
-20,79,-9,104,12,-352,-92,56
-19,83,-10,106,12,-352,-93,61
-18,88,-11,107,12,-354,-92,62
-17,92,-11,108,12,-356,-91,67
-16,94,-10,108,12,-357,-91,72
-15,97,-9,108,12,-357,-90,74
-14,98,-9,108,12,-357,-90,76
-14,101,-9,108,12,-357,-89,79
-13,103,-9,109,12,-357,-87,80
-11,106,-8,109,12,-357,-86,84
-10,108,-8,110,12,-357,-87,86
-9,111,-8,109,12,-357,-84,89
-10,112,-10,108,11,-359,-85,90
-11,114,-11,107,12,-361,-86,91
-12,115,-11,107,13,-362,-87,90
-12,115,-11,107,13,-363,-87,92
-12,115,-11,107,13,-362,-87,92
-12,115,-11,107,12,-362,-87,93
-12,115,-11,107,11,-362,-87,92
-11,114,-11,107,11,-362,-86,91
-12,111,-11,107,11,-362,-87,89
-12,109,-11,107,12,-362,-87,86
-13,107,-11,107,12,-362,-89,84
-14,104,-12,106,11,-362,-89,79
-14,101,-14,104,11,-362,-89,76
-15,98,-15,104,11,-362,-90,73
-17,94,-15,103,11,-362,-91,69
-19,89,-15,104,11,-362,-93,64
-21,84,-14,104,11,-362,-96,58
-24,78,-14,104,11,-362,-98,52
-26,73,-16,103,11,-362,-98,47
-28,69,-17,101,11,-362,-100,43
-29,65,-19,101,11,-362,-101,36
-32,59,-19,101,11,-362,-103,30
-34,53,-18,101,11,-362,-106,26
-36,46,-18,100,11,-364,-107,19
-37,42,-18,98,11,-366,-108,15
-38,38,-19,96,11,-367,-107,10
-40,33,-19,94,11,-366,-108,6
-42,27,-19,94,11,-365,-111,0
-43,20,-19,93,11,-365,-109,-7
-44,14,-20,93,11,-366,-111,-13
-46,9,-21,91,11,-367,-111,-18
-47,5,-22,90,11,-368,-113,-24
-49,0,-23,90,12,-367,-114,-29
-51,-4,-22,90,13,-366,-117,-35
-52,-8,-23,89,13,-366,-118,-39
-53,-10,-25,88,13,-366,-118,-41
-54,-13,-26,87,12,-365,-117,-43
-55,-15,-26,87,11,-365,-118,-46
-57,-17,-26,87,11,-364,-119,-48
-57,-19,-25,87,11,-364,-123,-51
-58,-22,-26,87,11,-365,-120,-53
-58,-25,-27,86,11,-365,-120,-56
-57,-27,-28,85,11,-364,-119,-61
-57,-28,-29,84,11,-363,-119,-62
-57,-27,-29,84,11,-362,-119,-61
-57,-26,-28,85,11,-362,-119,-59
-57,-25,-28,85,11,-362,-120,-57
-57,-25,-28,85,11,-363,-120,-57
-57,-26,-27,86,11,-364,-120,-57
-57,-26,-26,87,11,-365,-120,-57
-57,-24,-25,87,11,-365,-122,-56
-56,-21,-26,87,11,-365,-120,-52
-55,-17,-26,87,11,-366,-120,-48
-54,-14,-26,87,11,-367,-119,-46
-54,-12,-26,87,11,-367,-117,-43
-53,-10,-26,87,11,-367,-115,-41
-51,-7,-25,88,11,-367,-115,-37
-49,-4,-24,90,11,-367,-114,-35
-49,0,-24,92,11,-367,-117,-31
-49,2,-24,93,11,-367,-117,-28
-48,7,-24,92,11,-367,-113,-23
-46,11,-23,91,11,-367,-112,-18
-45,15,-22,92,11,-367,-111,-14
-44,18,-21,94,11,-368,-112,-10
-43,21,-21,96,11,-370,-112,-7
-42,25,-21,96,11,-372,-111,-4
-41,28,-21,96,11,-372,-109,-1
-40,31,-20,97,11,-372,-111,2
-39,35,-19,99,11,-372,-111,6
-39,39,-18,100,11,-371,-111,9
-38,43,-19,101,11,-371,-109,14
-37,48,-19,101,11,-372,-108,19
-35,51,-17,101,10,-373,-107,24
-32,53,-15,102,10,-375,-103,26
-29,55,-13,101,10,-376,-101,31
-27,58,-12,101,10,-377,-98,35
-26,62,-12,101,10,-377,-98,39
-26,66,-12,102,10,-376,-98,43
-25,71,-10,104,10,-376,-97,47
-23,74,-8,104,10,-376,-95,51
-21,78,-8,104,10,-376,-93,54
-20,81,-8,103,10,-376,-92,58
-19,84,-7,104,10,-377,-91,62
-18,88,-7,104,10,-377,-90,65
-16,92,-7,105,10,-376,-89,72
-14,96,-7,104,10,-376,-86,75
-13,99,-6,105,10,-377,-85,79
-11,103,-6,105,10,-378,-84,83
-9,107,-5,106,10,-379,-81,87
-8,110,-4,107,10,-380,-80,90
-7,113,-3,108,10,-380,-80,93
-6,118,-2,109,10,-380,-81,98
-5,122,-1,110,10,-381,-80,103
-3,127,0,110,10,-382,-78,108
-1,132,0,110,10,-382,-76,113
0,137,-1,110,10,-381,-75,118
1,140,-1,110,10,-381,-74,122
3,144,0,112,10,-381,-73,125
4,148,0,114,10,-381,-73,129
6,151,0,115,10,-382,-72,134
8,155,0,116,10,-382,-69,137
9,159,0,117,10,-381,-70,140
10,162,-1,117,10,-380,-70,145
11,166,0,117,10,-378,-69,148
10,170,0,118,10,-376,-70,152
11,174,1,119,10,-376,-69,157
11,177,2,120,10,-376,-69,162
12,178,3,120,10,-377,-68,163
13,179,3,120,10,-377,-67,164
14,181,2,120,10,-376,-67,167
15,184,2,120,10,-376,-65,169
15,185,2,120,10,-377,-65,170
15,186,3,120,10,-377,-65,170
17,187,2,120,10,-376,-64,172
18,188,2,120,10,-375,-63,174
18,191,2,120,10,-375,-63,177
18,192,3,120,10,-375,-63,178
17,193,3,120,10,-375,-63,178
17,192,2,120,10,-373,-63,178
17,192,1,119,11,-372,-63,175
17,192,0,118,11,-371,-63,175
17,193,0,118,11,-371,-64,175
17,192,1,119,11,-372,-63,175
18,191,2,120,11,-372,-63,177
19,189,1,119,11,-372,-62,172
20,188,0,118,11,-372,-61,172
20,188,0,118,11,-371,-61,170
18,187,1,119,11,-370,-62,169
18,185,1,119,11,-368,-63,168
17,183,0,118,11,-368,-63,166
17,181,0,117,11,-368,-63,164
17,180,-1,116,11,-368,-62,163
16,179,0,117,11,-368,-64,162
14,177,0,118,11,-367,-65,159
14,174,0,118,11,-367,-67,156
13,172,0,118,11,-367,-67,155
13,170,0,117,11,-367,-67,152
13,168,0,117,11,-367,-67,150
13,166,0,117,11,-367,-67,148
13,164,0,117,11,-367,-67,146
13,161,0,117,11,-367,-68,144
12,157,0,117,11,-367,-65,140
10,154,0,116,11,-367,-67,135
9,151,0,116,11,-367,-68,133
7,148,0,115,12,-367,-70,129
7,146,0,115,11,-367,-70,128
7,144,0,115,10,-367,-70,128
6,142,0,115,8,-367,-72,126
5,139,0,115,7,-367,-72,120
5,137,0,116,7,-367,-73,118
4,135,0,116,8,-367,-73,117
2,134,0,116,8,-367,-75,115
1,133,-1,115,7,-367,-76,114
0,132,-3,115,7,-367,-76,113
0,131,-4,114,8,-367,-76,112
0,130,-4,113,8,-367,-78,108
0,128,-4,113,7,-367,-79,109
-1,126,-4,114,6,-366,-79,107
-2,126,-4,114,6,-365,-80,107
-1,126,-4,114,8,-363,-79,107
-1,126,-4,113,10,-362,-79,107
-2,126,-4,113,11,-362,-80,107
-2,126,-4,113,10,-362,-80,107
-1,126,-4,114,8,-362,-79,104
0,126,-4,114,6,-362,-78,104
1,128,-4,113,6,-361,-76,109
1,130,-3,112,7,-362,-76,111
1,131,-2,111,8,-362,-74,113
0,132,-1,110,9,-362,-74,113
0,131,0,110,8,-362,-74,112
0,131,-1,110,7,-362,-74,112
0,132,-1,110,6,-361,-75,113
0,135,-1,110,7,-362,-75,115
0,137,-1,110,8,-362,-75,118
0,138,-1,110,9,-362,-75,119
0,139,-1,110,8,-362,-74,120
1,139,-1,110,7,-362,-73,120
1,139,-1,110,7,-361,-73,120
1,139,0,110,7,-361,-74,120
0,138,-1,110,6,-362,-75,119
0,138,-1,110,7,-363,-75,119
-1,137,-1,110,7,-364,-76,119
-1,137,0,110,7,-363,-76,118
-2,137,0,110,7,-362,-78,118
-3,136,-1,110,7,-361,-79,118
-4,135,-2,109,6,-361,-80,117
-5,133,-3,108,7,-362,-79,114
-6,131,-4,107,8,-362,-79,112
-7,129,-4,107,10,-363,-80,109
-8,126,-4,107,11,-364,-81,107
-10,122,-5,106,10,-363,-84,103
-12,119,-7,104,8,-364,-85,100
-14,115,-8,104,8,-365,-86,93
-16,111,-8,103,10,-366,-89,89
-18,106,-8,103,11,-368,-91,84
-20,100,-9,102,11,-368,-92,78
-23,94,-10,101,10,-366,-95,72
-25,87,-11,100,9,-365,-95,64
-27,80,-12,100,10,-365,-97,57
-29,72,-13,99,11,-366,-98,48
-31,65,-13,98,11,-366,-101,41
-33,59,-14,96,11,-365,-102,35
-35,52,-15,94,11,-364,-102,26
-38,46,-17,94,11,-364,-104,19
-40,37,-17,92,11,-365,-106,10
-42,28,-18,90,10,-365,-108,2
-43,19,-18,88,10,-364,-106,-7
-44,10,-20,86,10,-362,-104,-17
-46,0,-22,84,11,-361,-107,-26
-49,-8,-23,84,10,-361,-109,-36
-51,-17,-23,83,8,-362,-111,-45
-52,-25,-22,81,6,-362,-112,-53
-54,-33,-23,79,7,-362,-111,-62
-56,-41,-25,77,8,-360,-113,-70
-59,-49,-28,77,9,-358,-117,-80
-63,-57,-29,76,9,-357,-119,-89
-65,-64,-30,76,9,-357,-122,-96
-66,-71,-30,75,8,-357,-123,-103
-68,-78,-32,74,9,-357,-124,-111
-70,-83,-33,73,9,-357,-126,-118
-72,-88,-32,73,9,-357,-125,-124
-72,-93,-33,72,8,-357,-125,-129
-73,-97,-34,72,7,-357,-126,-133
-74,-100,-36,71,7,-357,-126,-135
-75,-102,-37,71,7,-357,-129,-137
-78,-104,-38,70,7,-357,-131,-140
-80,-105,-37,70,8,-357,-133,-141
-81,-104,-37,71,9,-357,-134,-140
-81,-103,-36,71,10,-357,-134,-139
-80,-101,-36,72,9,-357,-135,-136
-79,-98,-35,72,8,-357,-135,-134
-78,-96,-34,73,8,-358,-134,-133
-78,-93,-34,73,8,-360,-134,-129
-78,-89,-34,73,10,-362,-134,-125
-77,-84,-33,74,10,-362,-134,-119
-75,-79,-32,75,12,-362,-131,-114
-72,-72,-31,75,11,-362,-129,-104
-69,-65,-30,77,10,-361,-126,-97
-67,-57,-28,78,9,-362,-124,-90
-67,-50,-28,79,10,-363,-126,-81
-66,-41,-26,80,11,-363,-125,-73
-64,-32,-25,81,11,-364,-124,-64
-60,-23,-23,83,11,-364,-120,-52
-56,-15,-22,85,11,-365,-119,-43
-53,-7,-21,87,11,-367,-115,-35
-50,1,-20,88,11,-368,-113,-25
-49,12,-18,89,11,-367,-112,-15
-45,22,-17,90,11,-367,-108,-4
-41,32,-16,90,11,-367,-104,8
-37,41,-15,90,11,-367,-101,17
-33,50,-14,91,11,-367,-97,25
-30,58,-13,92,11,-367,-93,35
-27,68,-11,94,11,-367,-93,45
-24,76,-10,97,11,-367,-91,53
-21,84,-10,99,10,-367,-90,61
-18,91,-10,101,9,-367,-90,69
-15,100,-9,102,10,-367,-87,78
-13,108,-7,102,11,-367,-84,89
-10,115,-6,102,11,-367,-80,96
-7,122,-6,103,11,-367,-79,103
-2,127,-5,105,11,-367,-75,108
0,133,-4,107,11,-367,-73,114
2,139,-3,108,11,-367,-73,120
4,146,-2,109,11,-367,-72,128
6,151,-1,110,11,-367,-69,133
8,155,0,111,9,-367,-67,140
9,159,1,112,10,-367,-65,144
10,164,2,113,10,-365,-64,148
11,169,2,113,11,-363,-64,153
13,173,2,113,10,-362,-63,158
14,177,2,113,8,-361,-61,162
17,179,3,114,7,-361,-58,164
19,183,5,115,6,-361,-59,168
20,187,6,116,6,-362,-58,175
22,191,6,116,7,-362,-57,179
23,194,6,116,8,-362,-54,180
24,198,6,116,9,-360,-54,184
25,200,7,117,8,-358,-53,189
26,203,8,119,7,-357,-52,191
27,205,10,120,7,-357,-52,194
27,209,10,120,7,-357,-52,197
27,212,9,119,7,-357,-52,201
27,216,9,119,7,-357,-52,205
29,220,9,119,7,-357,-50,208
30,223,10,121,7,-357,-48,212
32,226,12,122,7,-355,-47,216
33,231,13,123,7,-354,-48,220
34,235,13,123,7,-352,-47,227
36,239,13,123,7,-352,-46,230
36,242,13,123,7,-352,-45,231
37,244,13,123,7,-352,-45,234
37,247,13,123,7,-351,-45,238
37,251,13,122,7,-349,-45,240
37,254,13,123,7,-347,-45,246
39,256,14,124,7,-347,-43,249
41,259,15,125,7,-347,-41,251
43,261,16,126,7,-347,-40,253
44,264,16,125,7,-347,-39,257
44,266,15,125,7,-347,-39,260
43,267,15,125,7,-347,-39,261
43,267,15,125,7,-347,-40,261
43,267,16,126,7,-346,-39,260
43,267,16,126,7,-344,-39,260
43,267,15,125,8,-342,-39,261
43,267,14,124,8,-342,-40,261
42,267,13,123,8,-342,-40,260
41,265,14,123,7,-343,-41,257
39,262,14,124,7,-343,-42,255
39,258,14,124,8,-342,-43,251
37,255,13,123,8,-342,-45,247
36,251,11,122,8,-342,-46,240
33,245,10,120,7,-343,-46,235
31,239,10,119,7,-343,-48,228
29,231,11,118,8,-342,-47,220
28,222,10,116,8,-341,-48,211
25,213,9,115,8,-339,-52,201
21,204,7,113,8,-337,-56,192
18,195,6,111,8,-337,-56,183
15,184,4,108,8,-337,-58,172
11,172,3,107,8,-337,-62,157
7,159,1,105,8,-338,-63,144
3,147,0,104,8,-338,-67,131
-1,135,-2,102,8,-337,-72,119
-6,124,-4,101,8,-336,-76,104
-10,111,-6,99,8,-334,-80,91
-14,97,-7,97,8,-332,-81,76
-19,83,-8,95,9,-332,-86,63
-24,69,-10,90,8,-332,-89,48
-29,56,-11,87,8,-333,-90,35
-33,42,-13,85,8,-333,-95,20
-37,28,-16,85,8,-332,-98,4
-41,15,-19,85,9,-332,-102,-10
-45,3,-21,83,8,-332,-106,-24
-50,-9,-22,80,7,-332,-108,-37
-54,-21,-22,78,5,-333,-112,-50
-58,-32,-23,76,4,-332,-113,-61
-61,-42,-24,75,3,-331,-115,-72
-64,-51,-26,74,3,-329,-118,-81
-66,-60,-28,73,4,-328,-120,-92
-68,-68,-29,71,4,-327,-122,-101
-70,-77,-30,70,4,-327,-122,-109
-74,-84,-32,68,4,-327,-125,-117
-77,-92,-33,68,3,-328,-129,-125
-79,-98,-35,68,3,-329,-133,-134
-80,-104,-36,69,3,-331,-134,-140
-80,-110,-38,68,3,-331,-133,-146
-80,-114,-38,67,3,-331,-133,-150
-81,-117,-39,65,3,-329,-131,-153
-83,-119,-39,65,4,-328,-133,-155
-84,-120,-40,66,4,-328,-137,-159
-86,-120,-41,67,4,-329,-139,-159
-86,-119,-41,67,3,-331,-140,-158
-86,-119,-41,67,3,-332,-139,-158
-86,-118,-41,67,3,-333,-139,-157
-85,-117,-41,67,5,-332,-137,-156
-85,-115,-41,67,7,-332,-139,-153
-85,-111,-40,68,7,-332,-137,-150
-84,-106,-39,68,6,-332,-137,-145
-83,-101,-39,69,5,-332,-136,-139
-81,-95,-38,70,5,-334,-134,-131
-80,-90,-38,70,5,-336,-134,-125
-80,-83,-37,70,5,-337,-134,-119
-79,-77,-37,70,4,-338,-134,-112
-78,-70,-36,71,4,-337,-133,-106
-76,-64,-35,73,5,-337,-133,-98
-74,-57,-33,75,7,-337,-130,-91
-71,-48,-32,75,8,-337,-128,-83
-68,-39,-31,75,8,-339,-125,-70
-66,-30,-31,76,8,-341,-124,-62
-65,-22,-29,78,8,-342,-123,-53
-64,-14,-28,80,8,-342,-124,-45
-61,-6,-28,83,7,-343,-124,-36
-58,1,-28,85,8,-344,-120,-29
-54,9,-27,86,8,-346,-118,-20
-51,17,-25,88,8,-347,-117,-12
-48,26,-23,89,7,-348,-114,-2
-46,35,-22,90,6,-347,-113,6
-45,42,-21,91,6,-347,-111,15
-43,48,-20,93,6,-346,-109,21
-39,55,-19,94,7,-347,-108,29
-36,63,-17,95,8,-347,-106,37
-33,71,-16,96,7,-349,-102,45
-30,77,-16,97,7,-350,-100,51
-27,82,-16,98,7,-352,-97,57
-25,87,-17,101,7,-352,-97,62
-22,93,-16,102,7,-352,-95,68
-20,99,-15,104,7,-352,-95,74
-19,104,-14,105,7,-352,-93,79
-18,108,-12,106,7,-352,-92,84
-16,112,-11,107,7,-352,-91,90
-14,115,-11,107,7,-352,-89,92
-13,119,-11,107,7,-354,-87,96
-11,122,-11,107,7,-355,-87,100
-10,125,-12,106,5,-357,-86,101
-10,128,-11,107,3,-357,-85,106
-9,129,-10,108,4,-357,-85,108
-9,130,-8,109,5,-357,-85,108
-7,130,-7,110,7,-357,-85,108
-5,130,-8,109,6,-357,-81,108
-4,130,-10,108,5,-357,-79,108
-3,130,-11,107,4,-357,-79,109
-4,131,-11,107,4,-357,-80,107
-5,130,-11,107,4,-356,-80,108
-4,128,-11,107,4,-357,-80,104
-5,126,-11,107,4,-358,-80,102
-6,124,-11,107,3,-360,-81,102
-8,122,-10,106,3,-361,-84,100
-9,120,-10,106,2,-362,-85,98
-9,118,-10,106,2,-362,-84,96
-8,115,-12,106,3,-361,-83,91
-9,113,-14,105,5,-361,-84,89
-11,110,-15,104,5,-361,-86,85
-13,107,-15,104,3,-361,-89,81
-15,104,-14,102,2,-361,-87,79
-17,100,-14,101,3,-361,-89,75
-17,97,-14,100,5,-361,-90,72
-18,93,-15,100,7,-362,-91,68
-20,88,-15,98,6,-361,-90,63
-21,83,-15,97,5,-362,-90,57
-21,78,-15,97,4,-362,-91,52
-21,74,-15,97,4,-361,-91,48
-22,70,-16,96,4,-361,-91,45
-25,66,-18,95,3,-361,-93,40
-27,61,-19,94,2,-363,-96,35
-28,55,-19,93,1,-365,-95,29
-28,50,-19,93,2,-366,-95,24
-29,46,-18,93,3,-367,-95,20
-30,42,-19,93,3,-367,-96,15
-32,39,-19,93,5,-366,-97,12
-33,35,-18,93,5,-366,-100,8
-35,32,-18,94,6,-366,-103,4
-36,28,-19,94,6,-366,-104,1
-37,25,-20,92,4,-366,-102,-1
-37,22,-21,90,3,-366,-103,-4
-38,19,-20,88,3,-366,-101,-7
-39,17,-18,88,3,-366,-102,-9
-39,14,-18,87,5,-366,-102,-9
-40,12,-18,88,5,-367,-103,-14
-41,11,-19,87,3,-366,-104,-15
-42,10,-19,87,2,-366,-104,-17
-42,8,-19,87,1,-366,-104,-19
-41,6,-19,86,1,-367,-104,-20
-41,5,-19,87,1,-368,-104,-21
-42,5,-19,87,1,-368,-104,-21
-42,6,-19,86,1,-368,-104,-20
-43,7,-19,86,3,-369,-106,-19
-43,8,-19,86,5,-369,-106,-18
-43,10,-19,87,4,-369,-106,-17
-41,12,-19,87,3,-368,-104,-14
-39,14,-19,87,2,-368,-102,-12
-38,16,-19,86,2,-369,-101,-10
-37,18,-19,86,3,-371,-101,-8
-38,21,-19,87,3,-372,-101,-4
-37,25,-18,88,2,-372,-101,-1
-36,28,-16,89,1,-371,-100,3
-35,32,-15,90,2,-371,-98,7
-34,35,-15,90,3,-371,-97,10
-33,38,-16,90,4,-372,-96,14
-32,42,-16,90,4,-371,-96,18
-32,46,-16,90,4,-371,-96,23
-31,51,-14,91,3,-371,-95,28
-29,55,-13,92,3,-372,-93,31
-28,60,-12,93,2,-372,-95,36
-27,64,-13,94,3,-373,-93,41
-27,68,-14,96,3,-374,-96,45
-26,72,-14,98,5,-375,-96,46
-25,76,-13,99,6,-376,-93,53
-23,81,-12,100,6,-377,-92,58
-22,86,-11,101,6,-377,-92,63
-20,90,-11,100,6,-376,-90,67
-18,93,-11,100,6,-376,-89,70
-18,97,-11,100,6,-376,-87,74
-16,100,-12,100,6,-376,-86,78
-15,103,-11,101,6,-376,-85,81
-13,107,-10,101,6,-376,-84,85
-11,111,-8,101,6,-376,-81,91
-10,115,-7,102,6,-376,-80,95
-9,118,-7,103,6,-376,-83,98
-8,121,-8,104,6,-376,-81,98
-7,123,-8,104,6,-376,-80,102
-6,126,-7,102,6,-376,-79,107
-4,128,-5,101,6,-376,-74,109
-3,131,-3,101,6,-376,-73,112
-1,133,-2,102,6,-376,-72,117
-1,136,-2,104,6,-376,-72,119
0,137,-2,105,6,-376,-74,119
0,140,-3,106,6,-376,-73,122
1,143,-3,106,6,-376,-72,124
3,145,-3,105,6,-376,-69,126
4,148,-3,105,6,-376,-69,130
5,151,-3,106,6,-376,-68,133
6,152,-3,107,6,-376,-67,134
7,154,-2,109,6,-376,-68,136
8,155,-1,110,6,-376,-67,137
8,157,0,110,6,-376,-67,139
8,159,0,110,6,-376,-67,141
8,162,-1,110,6,-376,-68,144
8,164,-1,110,6,-376,-67,146
10,165,-1,110,6,-376,-65,147
11,167,0,111,6,-376,-64,152
12,169,1,112,6,-376,-63,153
12,171,2,113,6,-376,-63,156
11,172,3,113,6,-376,-64,157
11,173,2,113,6,-376,-64,158
11,173,2,113,6,-376,-64,157
11,172,3,113,6,-376,-64,157
11,172,3,114,6,-376,-64,157
11,172,3,114,6,-376,-64,157
11,173,3,114,6,-376,-64,158
10,173,3,114,6,-376,-65,158
10,174,3,114,6,-376,-65,159
10,173,3,114,6,-376,-65,158
11,173,3,114,6,-376,-64,158
12,172,2,114,6,-376,-64,157
12,172,2,113,6,-376,-64,157
11,173,2,113,6,-376,-64,157
10,172,2,113,6,-376,-65,157
9,171,2,114,6,-376,-67,156
7,169,1,114,6,-376,-70,153
7,166,0,114,6,-376,-70,148
7,164,-1,112,6,-376,-69,146
6,162,-2,112,6,-376,-69,145
6,160,-2,111,6,-376,-69,141
5,157,-1,111,6,-376,-70,139
3,153,-1,111,6,-376,-72,135
2,149,-1,111,6,-376,-73,130
0,144,-2,111,6,-376,-74,125
0,140,-3,110,5,-376,-75,122
-1,135,-3,108,4,-376,-76,117
-2,131,-5,108,4,-376,-78,113
-3,127,-6,108,4,-376,-79,108
-4,121,-7,107,5,-376,-80,100
-7,115,-7,105,5,-376,-80,96
-9,110,-7,104,4,-376,-81,87
-10,104,-8,103,3,-376,-83,83
-10,99,-9,102,2,-376,-83,76
-11,93,-10,101,1,-376,-83,70
-13,86,-11,101,1,-376,-83,64
-16,79,-12,100,3,-376,-86,56
-20,71,-12,99,4,-376,-89,48
-24,64,-14,98,5,-376,-92,41
-26,57,-15,97,4,-376,-95,31
-27,51,-17,96,3,-376,-96,24
-29,45,-18,95,3,-376,-98,18
-31,38,-18,93,3,-376,-97,12
-33,31,-18,92,4,-375,-98,4
-35,24,-19,91,5,-375,-101,-2
-37,18,-20,90,5,-375,-102,-8
-39,11,-22,90,4,-375,-104,-18
-42,6,-23,90,3,-374,-107,-23
-44,1,-23,88,3,-373,-107,-29
-47,-4,-22,86,5,-372,-111,-31
-50,-9,-22,84,6,-371,-111,-37
-52,-13,-23,83,5,-371,-112,-41
-52,-16,-24,82,3,-372,-112,-43
-52,-18,-25,82,3,-372,-112,-50
-52,-21,-26,80,4,-371,-112,-52
-54,-25,-27,80,6,-372,-113,-56
-55,-28,-26,80,7,-372,-114,-59
-55,-30,-26,80,6,-371,-114,-62
-55,-30,-26,80,4,-371,-114,-62
-55,-30,-26,80,3,-371,-114,-61
-55,-30,-26,80,3,-371,-115,-61
-55,-30,-26,80,3,-371,-114,-62
-55,-30,-26,80,3,-371,-114,-62
-54,-29,-26,80,3,-371,-113,-61
-53,-27,-26,80,3,-371,-112,-58
-52,-25,-27,80,3,-372,-112,-56
-53,-23,-26,80,3,-371,-112,-54
-53,-21,-25,81,3,-371,-113,-52
-52,-19,-24,83,4,-371,-112,-47
-51,-15,-23,84,3,-372,-111,-43
-50,-10,-23,84,2,-372,-111,-39
-50,-6,-23,83,1,-373,-109,-34
-48,-2,-22,83,2,-373,-108,-30
-45,1,-22,85,3,-373,-106,-25
-43,5,-21,87,3,-374,-106,-21
-42,10,-22,89,3,-375,-107,-17
-41,14,-22,90,2,-375,-106,-15
-39,18,-20,91,3,-375,-106,-8
-38,23,-19,91,3,-376,-103,-3
-36,27,-18,92,3,-376,-102,1
-35,32,-19,93,2,-376,-101,4
-35,36,-21,92,1,-376,-101,9
-34,40,-20,93,0,-376,-100,13
-33,44,-18,94,1,-376,-100,18
-32,49,-16,96,3,-376,-101,23
-30,53,-15,97,4,-376,-98,26
-28,56,-15,97,4,-376,-97,30
-27,58,-15,97,3,-376,-96,32
-26,61,-15,97,1,-376,-95,35
-25,65,-15,97,0,-376,-93,39
-24,68,-15,97,1,-376,-93,42
-23,71,-14,97,1,-376,-92,48
-23,74,-14,98,1,-376,-92,51
-23,77,-13,99,1,-376,-92,54
-22,80,-12,99,1,-375,-92,57
-21,83,-12,100,1,-375,-90,59
-19,85,-12,100,1,-375,-89,62
-19,87,-11,101,1,-375,-89,64
-18,89,-10,102,1,-374,-91,67
-18,91,-9,102,1,-373,-90,69
-16,94,-9,102,1,-373,-87,72
-14,97,-10,101,1,-373,-86,74
-14,99,-10,102,1,-372,-87,76
-15,101,-10,103,1,-372,-87,78
-15,102,-9,104,1,-371,-87,79
-13,104,-8,105,1,-371,-86,81
-11,106,-9,105,1,-371,-84,84
-10,108,-10,106,1,-372,-85,86
-10,110,-11,107,1,-371,-85,89
-10,112,-11,108,1,-371,-85,87
-11,113,-11,107,1,-371,-86,89
-11,115,-11,107,1,-371,-86,91
-10,118,-11,107,1,-371,-85,96
-10,120,-10,108,1,-371,-85,98
-8,122,-8,109,1,-371,-84,101
-7,123,-7,110,1,-371,-85,102
-6,124,-7,111,1,-371,-84,102
-6,123,-8,111,1,-371,-84,102
-6,124,-7,110,1,-371,-84,102
-4,124,-7,109,1,-371,-80,103
-2,126,-6,108,1,-371,-78,107
-1,126,-5,108,1,-371,-76,107
-2,126,-6,108,1,-371,-78,107
-4,124,-6,109,1,-372,-79,103
-6,123,-7,109,1,-372,-81,102
-7,123,-7,109,1,-371,-81,102
-6,124,-7,109,1,-370,-81,102
-6,124,-7,109,1,-370,-81,102
-4,122,-6,109,1,-370,-80,101
-4,121,-5,108,1,-369,-80,102
-5,119,-4,107,1,-368,-78,100
-6,118,-4,107,1,-367,-79,98
-7,116,-5,107,1,-367,-83,96
-8,114,-6,108,1,-368,-84,95
-8,111,-7,109,1,-368,-84,89
-9,109,-8,108,1,-368,-84,87
-8,108,-8,108,1,-368,-84,85
-8,106,-8,107,1,-368,-84,84
-10,104,-7,107,1,-367,-85,81
-11,100,-7,105,1,-366,-84,78
-14,96,-7,105,1,-366,-86,74
-14,92,-8,104,2,-366,-86,70
-15,90,-9,104,2,-367,-87,67
-15,87,-9,104,1,-366,-87,64
-16,84,-9,105,0,-366,-87,61
-17,80,-10,106,0,-366,-91,57
-18,77,-11,105,0,-366,-92,53
-19,74,-12,103,1,-366,-91,51
-20,71,-13,102,2,-366,-92,46
-22,69,-14,102,2,-366,-93,43
-23,66,-14,103,2,-367,-95,40
-24,63,-14,103,2,-367,-96,36
-25,59,-14,103,1,-366,-96,32
-25,56,-14,102,0,-365,-97,30
-27,53,-15,102,0,-365,-98,26
-28,50,-17,101,0,-365,-100,24
-30,48,-18,101,0,-365,-101,19
-31,45,-19,100,0,-365,-102,15
-32,41,-18,100,0,-365,-102,12
-32,39,-18,100,1,-365,-103,9
-33,37,-18,100,2,-366,-103,8
-34,36,-18,101,2,-367,-104,9
-35,34,-18,101,2,-367,-106,7
-36,32,-18,101,1,-366,-107,4
-36,30,-19,100,1,-366,-107,1
-37,28,-21,98,2,-366,-108,-1
-37,27,-22,97,1,-366,-107,-2
-38,25,-22,97,1,-366,-108,-3
-39,25,-21,98,1,-366,-109,-4
-40,23,-19,100,1,-366,-111,-6
-40,23,-19,99,1,-366,-111,-6
-40,23,-21,99,1,-366,-111,-6
-39,23,-23,98,1,-366,-111,-6
-40,24,-25,99,1,-366,-113,-8
-41,25,-25,101,1,-367,-114,-7
-41,25,-24,102,1,-367,-114,-6
-42,26,-23,103,1,-366,-115,-6
-42,26,-23,103,1,-366,-115,-6
-42,26,-23,103,1,-367,-115,-6
-42,27,-23,103,1,-368,-115,-4
-40,27,-22,104,1,-370,-113,-2
-39,28,-21,104,1,-369,-112,-1
-38,28,-21,104,1,-368,-111,-1
-38,30,-21,104,1,-368,-111,1
-38,33,-22,104,1,-369,-111,3
-38,36,-22,104,1,-371,-112,7
-38,39,-22,104,1,-372,-112,9
-37,40,-21,104,1,-372,-113,10
-37,41,-21,105,1,-372,-113,12
-35,41,-20,105,1,-371,-112,12
-33,42,-20,105,1,-370,-109,12
-32,43,-21,104,1,-369,-106,14
-31,45,-22,104,1,-370,-104,15
-31,47,-22,104,1,-371,-104,18
-31,49,-21,105,1,-372,-107,20
-31,51,-19,106,1,-372,-107,21
-30,53,-18,107,1,-371,-107,24
-30,55,-18,108,1,-371,-106,26
-29,58,-18,107,1,-371,-106,29
-28,60,-18,108,1,-371,-104,31
-26,62,-17,108,1,-371,-103,34
-24,64,-17,108,1,-371,-101,35
-22,66,-17,108,1,-372,-98,37
-22,68,-17,109,1,-372,-98,40
-22,72,-16,110,1,-371,-98,43
-22,75,-15,111,1,-370,-98,50
-20,78,-14,111,1,-369,-97,52
-18,82,-14,111,1,-370,-95,57
-17,86,-15,110,1,-371,-93,61
-15,90,-14,111,1,-370,-92,65
-14,95,-14,113,1,-368,-95,69
-13,99,-13,114,1,-367,-93,74
-11,104,-13,116,1,-366,-93,79
-9,110,-13,117,2,-366,-91,83
-8,117,-13,119,1,-366,-90,90
-7,123,-12,120,1,-366,-92,96
-7,129,-11,121,1,-368,-92,104
-6,134,-9,122,1,-370,-92,111
-4,141,-8,123,1,-372,-90,118
-2,148,-7,124,1,-371,-89,125
0,155,-6,124,0,-370,-86,131
0,159,-5,125,0,-369,-85,136
1,163,-4,126,0,-368,-84,142
3,168,-3,127,1,-367,-85,147
5,174,-3,128,1,-368,-84,153
7,181,-2,128,1,-370,-81,161
8,187,-1,130,1,-371,-80,167
8,192,0,130,1,-370,-80,172
9,195,0,131,1,-368,-79,175
10,198,1,131,1,-368,-79,178
11,200,2,133,1,-368,-78,183
12,202,3,134,0,-367,-79,185
13,205,3,134,0,-367,-79,187
14,207,3,134,-1,-366,-78,190
14,207,2,133,-1,-366,-74,190
14,205,2,132,0,-366,-74,189
13,203,1,132,0,-366,-75,184
13,201,0,131,0,-366,-75,181
13,198,0,131,-1,-366,-75,178
13,194,0,130,-2,-366,-75,174
12,189,-1,130,-2,-366,-75,169
11,184,-2,128,-1,-366,-78,163
9,177,-3,128,-1,-366,-79,157
7,170,-3,127,-1,-366,-80,150
5,163,-4,126,0,-366,-80,142
3,155,-5,125,0,-366,-81,133
2,147,-7,124,1,-367,-83,123
0,137,-8,123,1,-366,-85,113
-2,127,-10,122,0,-365,-87,103
-5,118,-11,120,0,-363,-87,93
-8,108,-13,119,0,-361,-90,80
-11,97,-14,118,0,-361,-93,69
-14,86,-15,117,0,-361,-96,58
-18,75,-17,115,0,-361,-100,46
-22,65,-18,113,0,-361,-101,36
-26,56,-18,109,0,-361,-102,26
-30,46,-19,107,0,-361,-106,17
-33,35,-20,105,0,-361,-109,6
-36,25,-22,104,0,-361,-109,-4
-40,16,-23,103,0,-361,-113,-15
-44,8,-25,102,-2,-361,-117,-24
-48,1,-25,101,-2,-361,-122,-31
-51,-6,-25,101,-2,-361,-124,-39
-54,-13,-25,101,-2,-361,-126,-47
-56,-19,-26,100,-3,-361,-128,-53
-58,-24,-28,99,-2,-361,-130,-58
-61,-27,-29,98,0,-361,-133,-62
-62,-30,-29,97,0,-361,-131,-64
-63,-33,-29,97,0,-361,-135,-67
-65,-35,-29,98,0,-361,-137,-69
-67,-36,-29,98,-2,-361,-139,-72
-68,-36,-29,98,-3,-361,-141,-70
-69,-33,-29,98,-2,-361,-141,-68
-68,-31,-29,98,-2,-361,-140,-68
-67,-29,-29,97,-2,-361,-136,-63
-66,-27,-28,97,-2,-361,-136,-61
-66,-23,-26,97,-2,-361,-136,-57
-65,-18,-25,98,-2,-361,-135,-52
-64,-13,-24,99,-2,-361,-135,-47
-63,-8,-23,99,-1,-361,-134,-40
-62,-4,-22,98,-1,-361,-133,-35
-61,1,-21,98,0,-361,-131,-29
-59,7,-21,101,0,-361,-130,-23
-57,14,-21,103,0,-361,-130,-17
-55,20,-19,104,0,-361,-128,-9
-53,27,-17,104,0,-363,-126,-2
-51,34,-16,105,0,-365,-125,7
-50,41,-17,106,0,-366,-124,10
-47,46,-18,108,0,-367,-124,17
-44,52,-17,109,-2,-366,-122,23
-42,58,-16,110,-2,-366,-119,29
-40,64,-15,110,-1,-366,-117,37
-38,70,-14,111,0,-366,-114,43
-35,76,-13,112,1,-367,-114,50
-32,82,-12,113,1,-366,-112,56
-30,87,-11,113,-1,-366,-109,61
-28,91,-10,114,-3,-366,-108,65
-27,94,-10,116,-3,-366,-107,69
-25,98,-11,119,-3,-367,-107,73
-23,101,-10,121,-1,-368,-108,75
-21,104,-10,122,0,-369,-106,79
-20,107,-10,121,1,-370,-104,81
-19,111,-10,121,1,-371,-104,86
-19,115,-11,120,0,-371,-104,90
-19,117,-11,120,0,-371,-104,92
-19,117,-10,121,0,-371,-104,92
-18,118,-9,122,1,-371,-103,92
-16,118,-8,123,1,-371,-101,93
-14,119,-8,123,1,-371,-100,93
-14,119,-9,122,1,-371,-100,95
-14,119,-9,122,1,-371,-100,95
-14,119,-8,122,1,-371,-100,93
-14,119,-8,123,1,-371,-100,93
-14,119,-8,123,1,-371,-100,93
-14,119,-7,123,1,-371,-100,95
-14,119,-7,124,1,-371,-100,95
-14,119,-7,124,1,-371,-100,95
-16,119,-8,123,1,-371,-101,93
-17,117,-9,122,1,-371,-102,92
-18,115,-9,122,1,-371,-103,91
-18,114,-9,122,1,-372,-103,89
-18,112,-9,122,1,-372,-103,87
-18,111,-10,121,1,-371,-103,85
-20,109,-11,121,1,-370,-104,84
-21,107,-10,121,1,-369,-106,81
-21,105,-10,120,1,-370,-103,80
-22,103,-9,119,1,-371,-104,78
-23,101,-8,119,1,-372,-106,75
-24,99,-9,119,1,-370,-106,74
-25,97,-9,120,1,-368,-107,72
-26,96,-11,120,1,-366,-108,70
-27,94,-13,119,2,-366,-109,65
-27,92,-14,118,1,-366,-109,64
-27,91,-14,117,1,-367,-109,63
-28,89,-12,117,1,-367,-109,63
-28,87,-11,117,2,-366,-111,62
-29,85,-12,118,2,-366,-112,59
-29,84,-13,119,1,-366,-111,56
-28,83,-13,119,0,-366,-111,54
-28,84,-13,119,-1,-366,-111,56
-28,84,-13,119,-1,-366,-111,56
-28,84,-12,119,0,-367,-111,58
-28,83,-11,119,2,-366,-111,57
-28,82,-12,120,2,-365,-112,56
-28,83,-12,121,1,-363,-112,54
-27,84,-13,123,0,-361,-114,56
-26,85,-14,125,0,-361,-113,57
-25,87,-14,125,0,-361,-112,59
-24,90,-14,125,0,-361,-112,62
-24,93,-14,124,0,-361,-111,65
-23,96,-14,125,0,-361,-111,68
-21,99,-13,126,-1,-361,-108,72
-20,101,-11,126,-1,-361,-107,73
-19,104,-10,127,-1,-361,-106,75
-18,108,-10,128,0,-361,-104,80
-16,112,-9,129,0,-361,-106,85
-14,118,-9,131,1,-361,-103,90
-12,122,-8,132,2,-361,-102,95
-11,127,-7,132,1,-362,-102,102
-10,132,-7,131,-1,-363,-101,107
-8,137,-7,130,-3,-363,-98,113
-5,143,-7,131,-3,-363,-96,118
-2,148,-6,133,0,-362,-93,124
0,154,-5,135,0,-361,-93,130
2,160,-4,135,0,-361,-91,136
4,165,-3,135,0,-361,-89,141
7,170,-1,135,-2,-361,-84,150
9,176,0,136,-2,-362,-84,156
11,183,0,137,-1,-362,-83,163
13,190,0,138,0,-363,-80,170
15,197,1,139,-1,-363,-78,177
16,203,2,140,-2,-363,-78,184
18,209,3,140,-3,-363,-75,190
19,216,4,141,-3,-363,-75,196
21,221,5,142,-3,-363,-73,205
23,224,6,143,-2,-363,-73,208
25,228,7,144,-2,-362,-72,212
25,231,7,144,-3,-362,-72,216
25,235,7,144,-3,-362,-72,219
26,239,7,144,-3,-363,-70,223
28,242,7,144,-3,-363,-69,227
29,245,7,144,-2,-362,-68,229
30,247,7,144,-2,-361,-67,231
31,249,7,144,-2,-361,-67,234
31,250,7,144,-2,-361,-67,234
31,250,7,144,-2,-362,-65,234
31,249,7,144,-2,-361,-67,234
30,248,7,144,-2,-360,-67,231
28,245,7,144,-2,-357,-69,229
26,240,7,144,-2,-357,-70,224
24,235,7,144,-2,-357,-73,218
23,229,6,143,-2,-358,-74,212
21,223,5,142,-2,-358,-73,206
19,216,3,140,-2,-357,-74,196
16,208,1,138,-2,-356,-78,189
13,200,0,137,-2,-357,-80,180
10,190,0,136,-2,-356,-83,170
7,180,-2,136,-2,-355,-85,159
3,170,-3,134,-2,-353,-86,146
0,159,-4,133,-2,-351,-90,136
-2,148,-4,131,-2,-351,-93,124
-6,135,-6,129,-2,-352,-93,111
-10,121,-7,126,-2,-353,-97,96
-14,108,-10,125,-2,-354,-101,83
-18,96,-11,123,-2,-353,-103,68
-22,85,-12,121,-2,-352,-107,57
-26,74,-13,119,-2,-351,-108,45
-30,61,-15,116,-1,-351,-112,32
-33,49,-16,115,-1,-351,-114,20
-37,38,-19,114,-2,-352,-118,8
-41,28,-21,112,-3,-351,-119,-3
-44,18,-22,110,-3,-351,-123,-14
-47,8,-23,108,-3,-351,-125,-24
-51,0,-22,105,-2,-351,-126,-32
-54,-7,-22,104,-1,-351,-130,-39
-58,-15,-21,104,-2,-351,-130,-46
-60,-21,-23,103,-3,-351,-133,-56
-61,-26,-24,102,-3,-351,-134,-61
-62,-30,-25,101,-3,-351,-135,-64
-63,-32,-25,101,-2,-351,-135,-67
-63,-34,-25,101,-1,-351,-135,-68
-64,-35,-25,101,-1,-351,-136,-69
-65,-36,-25,101,-1,-351,-137,-70
-67,-36,-25,101,-2,-351,-139,-70
-67,-35,-25,101,-3,-351,-140,-69
-67,-32,-25,101,-3,-351,-139,-67
-65,-29,-25,101,-3,-351,-137,-63
-65,-25,-24,102,-2,-351,-137,-59
-64,-22,-23,103,-1,-351,-136,-56
-62,-17,-22,104,-1,-351,-135,-48
-60,-10,-21,104,-2,-351,-135,-42
-58,-4,-21,105,-2,-351,-134,-35
-57,1,-20,106,-2,-351,-133,-29
-57,7,-18,108,-1,-352,-133,-23
-56,13,-17,109,-2,-351,-133,-17
-55,20,-15,110,-2,-351,-131,-9
-54,27,-15,110,-2,-351,-130,0
-51,35,-14,111,-2,-352,-128,7
-49,41,-14,113,-2,-353,-128,13
-47,46,-13,115,-2,-354,-126,19
-45,52,-13,116,-2,-353,-126,25
-43,59,-13,117,-2,-352,-124,30
-41,66,-14,118,-2,-351,-123,37
-39,73,-14,118,-2,-351,-120,43
-36,78,-13,119,-2,-351,-118,50
-34,81,-13,119,-2,-351,-115,52
-32,83,-12,119,-2,-352,-114,57
-31,86,-11,120,-2,-353,-115,59
-30,90,-10,121,-2,-354,-115,64
-28,93,-10,121,-2,-354,-113,68
-26,96,-10,121,-2,-354,-111,70
-25,97,-10,121,-2,-353,-109,72
-24,97,-10,121,-2,-353,-109,72
-23,97,-10,121,-2,-355,-108,72
-21,98,-10,121,-2,-356,-107,73
-20,99,-10,121,-2,-357,-106,74
-20,99,-10,121,-2,-357,-104,74
-20,100,-10,121,-2,-356,-106,74
-21,101,-10,121,-2,-356,-106,75
-21,101,-10,121,-2,-356,-106,75
-21,101,-10,121,-3,-356,-106,75
-21,99,-10,121,-4,-356,-106,74
-21,98,-10,121,-3,-356,-106,73
-22,98,-10,121,-2,-356,-107,73
-21,99,-10,121,-2,-356,-107,73
-21,99,-10,121,-2,-356,-106,74
-20,99,-10,121,-2,-356,-104,74
-20,99,-10,121,-2,-356,-104,74
-20,99,-10,121,-2,-356,-104,74
-21,100,-11,120,-2,-356,-106,75
-21,101,-10,121,-2,-356,-106,75
-22,102,-9,122,-2,-356,-107,76
-22,102,-8,123,-2,-356,-107,76
-22,103,-7,124,-2,-356,-107,78
-21,104,-6,124,-2,-356,-107,79
-20,106,-7,124,-2,-356,-104,81
-20,109,-7,124,-2,-356,-104,84
-21,110,-7,124,-2,-356,-106,85
-21,112,-7,124,-2,-357,-107,86
-22,113,-7,124,-2,-356,-107,87
-21,115,-7,124,-2,-356,-107,90
-21,118,-7,124,-2,-356,-106,92
-20,119,-7,124,-2,-357,-106,95
-21,121,-7,124,-2,-358,-106,96
-21,122,-7,125,-2,-358,-107,97
-22,122,-6,126,-2,-357,-107,97
-22,122,-5,125,-2,-357,-107,100
-22,122,-5,124,-2,-357,-107,100
-22,122,-4,122,-2,-358,-104,100
-22,122,-5,122,-2,-357,-104,100
-21,122,-5,122,-2,-357,-104,100
-21,122,-4,122,-2,-357,-103,100
-21,121,-4,121,-2,-358,-104,98
-22,120,-3,120,-2,-358,-106,97
-23,118,-3,120,-2,-357,-106,96
-23,116,-3,120,-2,-356,-106,93
-23,114,-3,121,-2,-356,-106,92
-23,112,-4,121,-2,-356,-106,89
-23,109,-5,120,-2,-357,-106,86
-23,105,-6,118,-2,-356,-106,83
-23,101,-7,117,-2,-356,-103,79
-24,98,-7,117,-2,-356,-103,75
-25,95,-7,117,-2,-356,-104,73
-26,92,-7,118,-2,-356,-108,67
-27,89,-8,119,-2,-356,-109,63
-28,85,-10,118,-2,-356,-109,59
-28,83,-12,117,-2,-356,-111,57
-28,80,-12,116,-2,-356,-111,53
-28,77,-12,115,-2,-356,-108,51
-28,74,-12,115,-2,-356,-108,47
-29,71,-12,115,-2,-356,-108,45
-29,68,-13,116,-2,-356,-111,41
-30,66,-13,116,-2,-356,-112,40
-30,66,-12,115,-2,-356,-109,40
-30,66,-11,115,-2,-356,-109,40
-30,66,-10,114,-2,-357,-109,40
-30,66,-10,113,-2,-356,-109,40
-31,65,-11,114,-2,-356,-111,39
-32,65,-12,115,-2,-356,-111,39
-32,67,-13,117,-2,-357,-113,37
-32,69,-13,119,-2,-358,-113,40
-32,70,-13,119,-2,-358,-117,41
-33,72,-13,119,-2,-358,-115,43
-34,73,-13,119,-2,-358,-115,45
-34,76,-11,119,-2,-360,-117,50
-33,79,-10,119,-2,-361,-115,53
-32,83,-9,120,-2,-361,-114,57
-31,86,-9,120,-2,-361,-113,61
-32,89,-10,121,-2,-361,-117,63
-32,91,-11,121,-2,-361,-117,65
-32,93,-11,121,-2,-361,-117,67
-31,95,-10,121,-2,-361,-115,69
-29,98,-10,122,-2,-361,-114,72
-28,101,-8,123,-3,-363,-113,75
-28,103,-7,124,-3,-365,-113,78
-27,105,-6,123,-3,-366,-112,83
-26,107,-6,123,-3,-367,-112,84
-25,108,-6,123,-3,-366,-111,83
-23,109,-6,123,-3,-366,-108,84
-22,111,-6,123,-3,-366,-108,85
-22,113,-6,123,-3,-366,-108,87
-22,115,-6,123,-3,-366,-108,90
-21,115,-6,122,-3,-366,-107,93
-20,116,-5,122,-3,-366,-103,93
-19,117,-4,121,-3,-368,-102,95
-18,117,-3,120,-3,-369,-101,95
-17,116,-3,120,-3,-369,-100,93
-15,115,-4,121,-3,-369,-98,92
-14,114,-4,121,-3,-370,-97,91
-13,114,-3,120,-3,-370,-96,91
-13,114,-3,120,-3,-371,-96,91
-14,114,-3,120,-3,-371,-96,91
-13,114,-3,120,-3,-371,-96,92
-12,115,-3,120,-3,-371,-95,92
-12,115,-3,120,-3,-371,-95,93
-12,115,-3,120,-3,-371,-95,92
-11,114,-3,121,-3,-371,-93,91
-11,113,-4,121,-3,-372,-93,91
-10,114,-3,120,-3,-372,-92,92
-9,116,-3,119,-2,-372,-89,93
-7,118,-2,118,-1,-372,-87,98
-5,119,0,117,0,-373,-85,100
-3,121,0,118,0,-374,-83,102
-1,125,2,118,1,-375,-79,108
1,130,5,117,1,-376,-76,113
4,135,7,118,1,-376,-73,122
8,141,8,119,1,-376,-69,128
13,147,10,120,1,-376,-64,134
17,155,13,121,1,-376,-61,145
20,164,16,122,1,-376,-58,153
24,173,20,123,1,-376,-54,166
28,184,22,125,1,-376,-50,177
35,196,25,126,1,-378,-43,192
42,211,29,127,0,-379,-36,207
49,227,34,129,0,-381,-30,227
55,244,39,130,1,-381,-24,247
62,263,44,133,2,-381,-18,268
69,283,48,135,4,-381,-10,292
77,307,53,139,5,-381,-6,316
86,331,57,144,6,-381,2,344
95,357,62,148,6,-381,7,373
104,384,69,152,5,-381,15,404
112,412,76,155,5,-381,24,435
122,442,83,160,5,-381,30,468
132,473,89,165,5,-381,37,502
143,505,94,169,6,-381,47,538
154,540,99,175,7,-381,56,574
165,576,106,181,9,-382,63,614
174,612,113,187,10,-382,69,654
183,648,119,192,10,-381,74,693
193,683,125,198,10,-380,84,732
202,719,130,202,12,-378,90,770
212,755,136,208,14,-377,96,810
220,791,142,213,16,-376,101,850
228,827,148,218,16,-377,108,887
236,861,153,223,15,-377,112,925
243,892,157,227,15,-375,117,958
251,919,160,232,17,-374,120,987
257,945,164,237,19,-372,124,1013
263,968,167,242,21,-372,129,1040
267,989,169,245,21,-371,130,1060
270,1006,171,247,21,-369,130,1079
272,1020,172,250,21,-368,133,1092
274,1030,172,253,22,-366,131,1103
274,1036,171,255,25,-364,130,1109
275,1038,169,256,26,-361,130,1109
274,1036,168,255,26,-359,130,1107
272,1029,166,254,26,-358,128,1099
268,1018,164,252,28,-357,123,1085
263,1003,160,251,30,-355,119,1069
258,983,155,249,32,-353,114,1046
252,957,150,246,32,-350,111,1018
244,927,144,242,32,-347,103,983
233,893,138,238,32,-345,93,947
221,857,130,234,32,-343,85,907
209,817,122,228,34,-340,74,864
197,774,114,220,36,-337,68,814
184,726,105,213,37,-334,58,762
170,675,95,205,38,-331,46,708
155,621,85,199,38,-329,35,646
140,564,74,191,38,-328,23,583
123,506,64,183,38,-326,10,521
107,446,54,173,38,-323,0,455
89,387,43,163,39,-320,-13,390
71,326,31,154,39,-317,-28,323
53,263,18,146,39,-314,-41,253
34,200,7,137,39,-313,-57,183
14,136,-3,128,39,-311,-73,115
-5,75,-14,118,39,-309,-86,47
-24,14,-25,107,39,-306,-102,-18
-43,-46,-36,98,39,-303,-114,-85
-62,-106,-48,90,39,-301,-130,-152
-82,-165,-59,82,39,-300,-146,-214
-101,-222,-69,74,39,-300,-163,-279
-120,-277,-79,66,39,-300,-179,-340
-138,-330,-90,58,39,-299,-194,-399
-156,-383,-100,52,39,-298,-208,-457
-173,-433,-109,45,40,-297,-222,-512
-189,-481,-117,38,40,-296,-234,-563
-205,-526,-126,31,40,-296,-246,-615
-220,-568,-134,25,40,-295,-261,-661
-235,-607,-143,20,40,-295,-272,-704
-247,-644,-151,14,40,-297,-284,-744
-259,-678,-157,8,40,-299,-292,-782
-271,-708,-163,3,39,-300,-301,-815
-282,-735,-169,0,38,-301,-311,-845
-292,-759,-175,-2,36,-301,-322,-872
-302,-780,-180,-4,35,-303,-330,-898
-309,-799,-183,-7,34,-305,-334,-919
-315,-814,-186,-10,34,-306,-340,-935
-320,-825,-187,-12,34,-308,-343,-946
-325,-832,-189,-13,34,-311,-347,-953
-328,-836,-191,-13,34,-313,-351,-960
-332,-837,-193,-12,34,-316,-357,-961
-334,-836,-194,-10,33,-318,-360,-960
-337,-832,-193,-9,32,-320,-365,-957
-338,-826,-191,-8,30,-323,-366,-950
-337,-817,-189,-7,28,-325,-366,-941
-335,-804,-187,-5,28,-329,-363,-927
-332,-788,-185,-2,28,-332,-363,-909
-328,-769,-182,1,28,-335,-360,-889
-324,-747,-179,5,26,-337,-358,-866
-318,-722,-175,10,24,-339,-356,-838
-311,-695,-171,14,22,-342,-352,-811
-304,-666,-166,19,22,-345,-349,-778
-297,-636,-162,24,22,-348,-341,-745
-290,-603,-156,29,22,-351,-339,-711
-282,-568,-151,34,20,-354,-333,-673
-272,-533,-145,39,18,-357,-324,-634
-263,-497,-139,45,16,-359,-318,-594
-253,-460,-133,50,16,-361,-312,-554
-244,-422,-127,55,16,-364,-306,-512
-234,-383,-120,60,16,-366,-297,-469
-224,-343,-111,65,16,-368,-290,-427
-213,-306,-103,71,16,-371,-280,-385
-202,-269,-95,77,14,-374,-272,-343
-191,-232,-89,83,12,-375,-264,-305
-179,-198,-84,87,10,-376,-257,-267
-168,-163,-79,92,10,-377,-246,-229
-156,-131,-73,97,10,-378,-238,-192
-145,-99,-67,103,10,-380,-229,-159
-134,-68,-61,108,10,-383,-222,-126
-123,-41,-54,112,10,-385,-211,-95
-112,-16,-49,115,9,-386,-201,-67
-103,5,-44,117,8,-386,-191,-41
-93,26,-40,120,7,-388,-183,-17
-83,46,-37,124,6,-390,-175,3
-75,65,-32,128,5,-391,-169,24
-67,80,-27,130,5,-391,-162,42
-61,93,-24,131,5,-391,-156,56
-54,103,-21,131,5,-391,-146,69
-46,113,-19,132,5,-391,-141,80
-40,122,-17,135,5,-391,-136,91
-36,130,-14,138,5,-391,-133,100
-34,135,-13,139,5,-391,-133,104
-30,138,-12,137,5,-391,-126,108
-26,139,-11,136,3,-390,-122,112
-21,139,-10,134,2,-390,-114,112
-18,139,-10,135,1,-391,-111,112
-16,140,-8,136,1,-392,-109,113
-15,141,-7,137,1,-393,-112,114
-15,141,-7,136,0,-392,-108,114
-14,140,-6,133,0,-391,-106,115
-13,137,-5,132,0,-390,-103,112
-11,134,-5,132,0,-391,-102,109
-10,132,-6,132,0,-390,-101,107
-10,130,-6,131,0,-389,-101,106
-12,128,-7,131,0,-387,-102,103
-12,126,-7,131,0,-386,-103,101
-12,124,-7,131,0,-385,-102,100
-11,122,-6,131,0,-386,-101,97
-10,122,-5,130,0,-386,-97,97
-10,121,-4,129,0,-386,-97,97
-10,121,-5,129,0,-384,-98,97
-10,121,-5,130,0,-383,-98,97
-10,121,-5,130,0,-383,-97,97
-10,122,-4,129,0,-383,-97,97
-11,122,-3,127,0,-383,-98,101
-12,124,-4,128,0,-382,-100,102
-12,126,-6,130,0,-381,-101,101
-12,128,-7,131,0,-380,-102,103
-11,130,-7,131,0,-380,-101,106
-10,132,-6,130,0,-381,-98,107
-10,133,-5,130,0,-381,-98,108
-11,133,-5,130,0,-381,-98,109
-10,136,-6,131,0,-379,-101,111
-10,138,-7,131,0,-377,-101,114
-10,140,-7,131,1,-376,-101,115
-10,142,-7,131,1,-376,-101,118
-9,144,-6,131,1,-376,-100,119
-8,145,-6,131,1,-376,-98,120
-7,146,-7,131,1,-376,-97,122
-6,146,-7,131,1,-376,-97,122
-6,145,-6,131,1,-376,-97,122
-7,145,-5,132,0,-376,-97,122
-6,145,-4,133,0,-376,-97,122
-6,146,-4,133,0,-376,-97,122
-7,146,-5,132,0,-376,-97,122
-8,145,-6,131,0,-376,-98,120
-10,144,-6,132,1,-375,-101,119
-10,142,-5,132,0,-372,-101,118
-10,140,-5,132,0,-371,-101,115
-10,138,-6,131,0,-371,-101,114
-11,136,-7,131,0,-371,-102,112
-12,133,-7,131,0,-371,-103,108
-13,130,-7,131,-1,-371,-103,106
-13,127,-7,131,-1,-371,-103,102
-13,124,-7,131,-2,-371,-103,98
-13,120,-7,132,-2,-371,-103,95
-14,115,-7,131,-3,-369,-103,91
-15,112,-7,129,-3,-368,-102,87
-16,109,-7,126,-3,-366,-103,84
-17,105,-7,124,-2,-366,-102,80
-17,101,-7,124,-2,-366,-102,76
-17,97,-7,124,-3,-366,-102,72
-18,93,-8,123,-3,-366,-103,68
-20,89,-9,122,-3,-366,-104,64
-22,86,-10,121,-3,-366,-107,59
-24,82,-11,120,-3,-366,-108,57
-24,79,-11,120,-3,-366,-108,53
-24,76,-12,119,-3,-367,-106,50
-24,73,-13,119,-3,-366,-106,45
-25,70,-13,118,-3,-365,-107,41
-27,68,-14,118,-3,-362,-108,39
-29,67,-14,117,-2,-362,-111,37
-30,66,-14,117,-3,-362,-112,37
-30,66,-14,118,-3,-363,-112,37
-31,66,-14,118,-3,-363,-113,37
-33,65,-14,118,-2,-362,-114,36
-35,64,-14,117,-2,-361,-117,35
-35,64,-14,117,-2,-361,-117,35
-34,64,-14,117,-2,-361,-115,35
-33,65,-14,117,-2,-361,-114,36
-31,65,-14,117,-2,-361,-113,36
-31,67,-14,117,-2,-361,-113,39
-31,69,-14,117,-2,-361,-113,40
-31,72,-14,118,-2,-362,-113,43
-31,75,-14,118,-3,-363,-113,47
-31,78,-14,118,-3,-363,-113,50
-32,80,-14,117,-3,-363,-114,52
-31,82,-14,117,-2,-362,-113,53
-30,84,-14,118,-2,-361,-113,56
-29,87,-13,119,-2,-361,-111,59
-28,90,-11,120,-2,-361,-111,64
-28,94,-10,121,-2,-361,-113,68
-28,97,-10,121,-2,-361,-113,72
-28,100,-10,121,-2,-361,-113,74
-27,101,-10,121,-2,-361,-112,75
-25,102,-9,122,-2,-361,-111,76
-24,103,-8,123,-2,-361,-109,78
-23,104,-8,125,-2,-361,-108,79
-22,107,-8,126,-2,-361,-111,81
-22,110,-8,125,-2,-361,-109,85
-21,112,-7,124,-2,-361,-107,86
-21,112,-7,124,-2,-362,-107,86
-21,112,-7,124,-2,-361,-107,86
-21,112,-7,124,-2,-360,-107,86
-20,112,-7,124,-2,-358,-106,87
-18,113,-7,124,-2,-356,-103,87
-16,112,-8,125,-2,-356,-102,87
-16,113,-8,126,-2,-356,-103,87
-17,114,-8,125,-2,-357,-102,89
-17,114,-7,124,-2,-357,-102,90
-17,114,-7,124,-2,-356,-102,89
-17,113,-7,124,-2,-356,-102,87
-16,112,-8,125,-2,-356,-101,87
-15,112,-8,126,-2,-356,-102,87
-13,114,-8,125,-2,-357,-98,90
-13,116,-7,124,-2,-357,-98,91
-13,118,-7,124,-2,-356,-98,92
-14,118,-7,124,-2,-354,-98,93
-14,118,-7,124,-2,-353,-98,92
-14,118,-7,124,-2,-353,-100,93
-14,119,-7,124,-2,-354,-100,93
-14,119,-7,124,-2,-355,-100,95
-14,119,-7,124,-2,-354,-100,95
-13,120,-7,124,-2,-354,-98,95
-12,120,-6,124,-2,-354,-97,96
-10,121,-6,125,-2,-354,-96,97
-8,122,-5,125,-2,-355,-93,97
-7,123,-6,125,-2,-355,-92,98
-7,125,-6,125,-2,-355,-92,101
-7,127,-6,125,-2,-354,-92,103
-8,128,-6,125,-2,-353,-93,104
-8,128,-5,126,-2,-353,-93,107
-8,128,-4,126,-2,-354,-93,106
-8,127,-3,127,-2,-355,-96,106
-8,128,-4,129,-2,-355,-96,103
-9,130,-5,130,-2,-354,-97,104
-10,131,-6,130,-2,-352,-97,106
-9,131,-5,130,-2,-352,-97,107
-9,130,-6,130,-2,-353,-97,104
-8,128,-6,130,-2,-354,-98,103
-9,127,-7,131,-2,-353,-100,103
-10,126,-7,131,-2,-352,-101,102
-11,125,-7,132,-2,-351,-102,100
-12,122,-7,131,-2,-352,-103,97
-13,120,-6,129,-2,-353,-101,95
-14,117,-7,126,-2,-354,-102,92
-16,114,-8,125,-2,-353,-101,89
-17,111,-9,126,-2,-352,-104,86
-18,108,-10,128,-2,-351,-106,80
-19,105,-10,128,-2,-351,-109,78
-21,102,-11,127,-2,-351,-109,74
-23,98,-11,124,-2,-352,-111,70
-24,93,-11,122,-2,-351,-109,68
-25,89,-10,121,-2,-351,-109,63
-25,85,-10,120,-2,-351,-109,59
-26,82,-11,120,-2,-351,-108,56
-26,77,-13,119,-2,-351,-108,48
-28,73,-14,118,-2,-351,-109,45
-29,68,-14,117,-2,-351,-111,40
-31,64,-14,118,-2,-351,-112,35
-32,61,-14,117,-2,-351,-113,31
-32,58,-15,116,-2,-351,-114,29
-33,55,-16,115,-2,-351,-114,26
-34,53,-17,115,-2,-351,-115,24
-35,50,-16,115,-2,-351,-115,21
-36,48,-17,115,-2,-351,-117,19
-36,46,-17,115,-2,-352,-117,17
-35,45,-18,114,-2,-352,-117,15
-35,44,-18,114,-2,-351,-115,14
-34,44,-18,114,-2,-351,-115,14
-35,44,-18,114,-2,-351,-115,15
-35,45,-18,114,-2,-353,-117,15
-36,46,-18,114,-2,-355,-117,17
-36,46,-18,114,-2,-356,-117,17
-36,46,-18,114,-2,-357,-118,17
-36,47,-18,114,-2,-357,-118,18
-37,49,-18,114,-2,-356,-119,20
-37,52,-18,114,-2,-356,-119,23
-37,55,-16,115,-2,-356,-119,26
-37,58,-15,117,-2,-356,-119,29
-37,61,-14,117,-2,-357,-118,32
-36,64,-14,117,-2,-356,-118,35
-35,68,-14,118,-2,-356,-117,39
-33,71,-13,119,-2,-356,-115,42
-30,75,-12,120,-2,-357,-114,50
-30,79,-10,121,-2,-357,-114,53
-30,83,-10,121,-2,-358,-114,57
-30,86,-10,121,-2,-359,-114,61
-29,89,-10,121,-2,-360,-114,63
-28,90,-10,121,-2,-361,-113,64
-26,92,-10,121,-2,-361,-111,67
-25,95,-10,121,-2,-361,-111,69
-24,97,-10,121,-2,-361,-109,72
-23,98,-10,121,-2,-361,-108,73
-21,99,-10,121,-2,-361,-107,73
-20,99,-10,121,-2,-361,-104,73
-20,99,-10,121,-2,-361,-104,73
-20,99,-10,121,-2,-361,-104,74
-21,101,-11,121,-2,-361,-106,75
-22,102,-10,121,-2,-361,-107,76
-22,102,-10,121,-2,-361,-107,76
-21,101,-9,119,-2,-361,-103,75
-20,99,-9,119,-2,-361,-103,74
-20,99,-8,118,-2,-361,-102,74
-20,99,-8,119,-2,-361,-102,74
-20,99,-7,119,-2,-361,-103,74
-21,99,-6,119,-2,-361,-104,76
-23,98,-6,118,-2,-361,-103,75
-24,97,-7,117,-2,-361,-104,74
-24,96,-7,117,-2,-361,-104,73
-23,94,-7,117,-1,-361,-103,70
-22,93,-7,117,0,-361,-102,69
-22,93,-7,117,-1,-361,-102,69
-22,93,-7,117,-2,-361,-102,70
-22,93,-7,117,-2,-361,-102,69
-21,91,-8,118,-2,-361,-103,65
-20,89,-9,119,-2,-361,-102,64
-20,89,-9,119,-2,-361,-102,63
-21,89,-10,120,-2,-361,-103,63
-22,90,-10,120,-1,-361,-107,64
-22,89,-11,121,0,-361,-107,63
-21,88,-11,121,0,-361,-106,62
-20,88,-11,121,0,-361,-104,62
-21,89,-10,120,-1,-361,-106,63
-23,91,-10,120,-1,-361,-107,65
-24,92,-11,121,0,-361,-108,65
-24,92,-12,122,0,-361,-108,64
-24,92,-13,123,1,-361,-108,64
-23,92,-13,123,2,-361,-111,64
-22,92,-13,123,3,-361,-107,64
-22,93,-13,124,2,-361,-109,64
-22,93,-13,124,0,-361,-109,64
-22,92,-14,125,-1,-361,-109,64
-22,93,-14,125,-2,-361,-109,64
-21,94,-14,124,-1,-361,-108,67
-21,97,-13,124,0,-361,-108,69
-20,99,-12,124,0,-361,-107,72
-20,102,-10,125,0,-362,-107,76
-19,104,-9,127,-1,-362,-107,79
-18,105,-9,128,-2,-363,-106,78
-17,107,-10,128,-2,-363,-104,79
-16,108,-10,128,0,-363,-103,81
-16,111,-10,128,0,-363,-103,84
-16,114,-9,129,1,-364,-106,86
-15,118,-7,130,1,-364,-104,92
-14,121,-6,131,0,-364,-104,96
-13,124,-6,131,0,-365,-103,98
-13,127,-7,131,0,-366,-103,102
-13,130,-7,131,0,-367,-103,106
-12,133,-7,131,0,-366,-103,108
-11,136,-5,132,-1,-364,-102,111
-9,139,-4,133,0,-363,-100,114
-8,141,-3,134,0,-363,-98,117
-7,144,-2,134,0,-364,-98,119
-6,145,-3,134,-1,-366,-97,122
-5,146,-3,134,-2,-367,-96,123
-3,148,-3,134,-3,-366,-95,124
-3,149,-3,134,-2,-366,-93,125
-3,151,-3,134,-1,-366,-95,126
-4,152,-3,134,0,-366,-96,128
-5,152,-3,134,0,-366,-96,129
-5,152,-3,134,0,-366,-96,129
-4,152,-3,134,0,-366,-96,128
-3,151,-2,134,-1,-366,-95,126
-3,149,-3,134,-2,-366,-93,125
-3,148,-4,133,-1,-366,-95,124
-4,146,-5,132,-1,-366,-95,122
-6,144,-7,131,-1,-367,-96,120
-7,142,-7,131,-2,-367,-97,118
-8,138,-7,131,-2,-368,-98,114
-9,134,-6,131,-1,-368,-100,109
-10,131,-6,131,0,-368,-101,107
-10,128,-7,130,0,-369,-101,103
-11,125,-9,129,-1,-369,-101,97
-12,120,-10,128,-3,-368,-100,92
-14,115,-10,128,-3,-366,-102,87
-16,111,-10,128,-3,-366,-103,84
-17,108,-10,127,-2,-365,-104,80
-19,104,-10,126,-2,-366,-107,79
-21,101,-11,124,-2,-367,-108,73
-22,97,-13,123,-3,-368,-109,69
-24,93,-14,124,-3,-368,-112,64
-26,89,-14,125,-3,-367,-113,61
-27,84,-13,124,-2,-367,-114,56
-28,80,-14,122,-3,-367,-113,51
-30,75,-15,121,-3,-368,-114,47
-31,72,-16,120,-3,-369,-115,43
-32,70,-16,119,-2,-369,-117,41
-33,68,-15,119,-1,-369,-118,39
-33,66,-15,119,-1,-368,-118,36
-34,64,-15,119,-1,-367,-118,35
-34,64,-14,118,-2,-367,-115,35
-36,63,-14,118,-3,-367,-117,34
-37,62,-14,117,-3,-368,-119,34
-39,62,-15,117,-3,-369,-120,32
-39,61,-16,116,-3,-368,-120,32
-39,61,-15,117,-2,-367,-120,32
-38,61,-14,117,-3,-367,-120,32
-37,62,-14,118,-3,-367,-119,32
-36,63,-14,118,-3,-368,-117,34
-35,65,-14,117,-3,-368,-117,36
-36,67,-14,117,-3,-366,-118,37
-36,69,-14,118,-3,-365,-118,40
-34,71,-15,119,-3,-366,-119,42
-33,74,-16,120,-2,-368,-117,45
-32,76,-17,121,-1,-369,-115,45
-31,79,-18,121,-1,-370,-118,47
-30,81,-17,122,-1,-369,-117,50
-30,83,-16,122,-3,-370,-117,52
-29,85,-15,123,-3,-370,-117,57
-29,87,-14,125,-1,-371,-117,58
-29,89,-13,125,0,-371,-117,61
-29,91,-14,124,1,-371,-117,63
-28,93,-14,124,2,-371,-115,65
-27,95,-14,125,2,-371,-114,67
-26,97,-13,125,1,-371,-113,68
-25,97,-12,126,1,-371,-112,69
-22,97,-11,126,0,-371,-109,69
-21,98,-11,127,0,-371,-108,70
-21,101,-10,128,0,-371,-111,73
-22,102,-10,128,1,-371,-109,74
-22,104,-9,127,1,-372,-109,78
-22,104,-8,126,1,-374,-109,79
-20,105,-8,125,1,-374,-104,80
-18,106,-8,125,0,-374,-106,81
-17,107,-9,126,0,-374,-104,81
-17,106,-8,126,0,-374,-104,81
-17,107,-7,126,0,-375,-104,81
-17,108,-7,127,-1,-375,-104,83
-17,111,-7,127,-1,-375,-104,85
-17,112,-8,127,-2,-374,-104,87
-17,113,-8,127,-1,-375,-104,87
-16,112,-8,128,0,-375,-103,87
-15,113,-9,128,1,-376,-102,87
-13,114,-9,129,1,-376,-103,89
-12,116,-8,130,0,-376,-102,91
-13,118,-7,131,-1,-376,-103,93
-14,119,-6,131,-1,-376,-104,93
-15,119,-6,131,0,-376,-106,95
-15,120,-7,131,0,-376,-104,95
-14,122,-8,130,0,-376,-104,97
-13,123,-9,129,-1,-377,-103,98
-12,125,-8,129,-1,-378,-102,100
-12,126,-8,130,0,-379,-102,101
-12,126,-8,130,0,-379,-103,101
-13,126,-8,129,1,-381,-103,101
-13,125,-8,129,1,-381,-103,101
-12,126,-8,130,0,-381,-103,101
-12,126,-7,130,0,-380,-102,101
-11,126,-8,129,0,-379,-102,102
-10,126,-10,128,0,-379,-98,100
-11,126,-10,127,0,-379,-98,100
-12,126,-10,128,1,-379,-100,98
-13,126,-10,128,1,-378,-101,98
-12,126,-10,128,1,-376,-100,100
-12,126,-10,128,0,-375,-100,98
-13,124,-10,128,0,-375,-101,96
-14,121,-10,128,-1,-376,-101,93
-14,119,-10,128,-1,-376,-102,92
-14,119,-10,128,0,-376,-102,91
-15,117,-10,128,0,-376,-102,90
-15,115,-10,128,0,-376,-103,87
-15,111,-11,127,0,-376,-103,84
-16,108,-11,126,0,-376,-103,81
-17,107,-12,126,0,-376,-104,79
-18,104,-13,125,-1,-374,-104,76
-18,102,-14,125,-3,-372,-106,74
-19,100,-14,124,-3,-371,-106,73
-19,98,-14,124,-3,-371,-107,70
-20,96,-14,124,-3,-371,-107,68
-21,93,-14,124,-3,-371,-108,64
-22,91,-14,125,-3,-371,-109,63
-23,88,-14,125,-3,-371,-111,61
-24,86,-14,125,-3,-371,-112,58
-25,83,-14,124,-3,-371,-112,54
-25,81,-14,124,-3,-371,-112,52
-26,79,-15,123,-3,-371,-113,51
-26,79,-16,122,-2,-371,-113,51
-26,79,-16,122,-1,-371,-113,51
-27,79,-16,122,-1,-371,-114,48
-28,77,-16,122,-1,-371,-115,46
-28,74,-16,122,-2,-371,-115,45
-28,72,-15,123,-3,-371,-115,43
-28,72,-15,123,-3,-371,-114,43
-28,73,-15,123,-3,-371,-114,43
-28,73,-15,123,-3,-371,-114,45
-28,73,-14,124,-3,-371,-114,43
-28,72,-14,124,-3,-371,-114,43
-28,72,-14,124,-3,-371,-115,43
-29,74,-14,124,-3,-371,-115,45
-29,76,-15,123,-3,-371,-117,47
-30,77,-14,122,-3,-371,-114,48
-30,77,-13,123,-3,-371,-114,48
-30,77,-13,124,-3,-372,-117,48
-31,77,-13,124,-3,-372,-118,48
-31,78,-14,125,-3,-373,-118,50
-30,79,-14,125,-3,-372,-117,51
-28,81,-14,124,-3,-372,-115,53
-28,83,-14,125,-3,-372,-115,54
-28,83,-14,124,-3,-374,-115,54
-28,84,-14,124,-3,-376,-115,56
-28,84,-14,124,-3,-376,-115,56
-29,85,-14,125,-3,-376,-117,56
-30,86,-14,125,-3,-376,-117,58
-29,89,-14,124,-3,-376,-117,61
-28,90,-13,123,-3,-376,-115,62
-26,90,-13,123,-3,-376,-111,62
-26,90,-13,123,-3,-376,-111,62
-26,91,-14,124,-3,-376,-113,63
-26,92,-14,125,-2,-376,-113,64
-26,93,-14,125,-1,-376,-114,64
-26,93,-14,124,-2,-376,-114,64
-26,93,-13,123,-2,-376,-113,65
-25,94,-13,123,-2,-376,-109,67
-24,96,-13,123,0,-376,-108,68
-24,97,-13,123,0,-376,-109,69
-24,96,-13,123,0,-376,-109,68
-24,95,-13,124,0,-376,-111,67
-23,94,-14,124,0,-376,-111,65
-23,93,-14,125,0,-376,-109,65
-23,95,-14,125,0,-376,-111,67
-24,96,-14,124,0,-376,-111,68
-24,95,-14,125,-1,-376,-112,67
-25,93,-14,125,-1,-376,-112,65
-24,93,-14,124,0,-376,-111,64
-24,93,-14,124,0,-376,-111,65
-23,94,-14,124,0,-376,-111,65
-24,93,-13,125,0,-376,-111,65
-25,91,-13,125,0,-376,-113,63
-26,90,-12,126,0,-375,-113,62
-26,90,-13,125,1,-375,-113,62
-24,91,-13,125,1,-374,-112,63
-23,90,-14,124,0,-375,-111,62
-23,90,-14,124,0,-375,-111,62
-25,89,-14,124,0,-376,-112,61
-26,89,-14,125,0,-376,-113,61
-26,89,-14,125,0,-376,-113,61
-25,88,-14,124,0,-376,-112,59
-24,86,-14,125,-2,-376,-112,58
-24,86,-14,125,-3,-376,-112,58
-25,87,-14,124,-2,-376,-112,59
-26,89,-14,124,0,-376,-113,61
-26,89,-14,124,0,-376,-113,61
-25,88,-13,125,-1,-376,-112,59
-24,86,-13,125,-1,-376,-112,58
-24,86,-12,126,0,-376,-111,57
-24,86,-13,125,0,-376,-112,58
-24,86,-13,125,1,-376,-112,58
-24,86,-14,124,1,-376,-112,58
-24,86,-14,124,1,-376,-111,57
-24,86,-14,124,1,-376,-111,58
-25,87,-14,125,1,-376,-112,59
-26,89,-13,126,0,-376,-113,61
-26,90,-11,126,-2,-375,-113,62
-26,91,-10,126,-3,-376,-113,63
-25,91,-9,124,-2,-376,-109,65
-25,91,-8,123,-2,-377,-109,65
-25,91,-7,123,-2,-378,-111,65
-26,90,-7,123,-1,-377,-111,64
-25,91,-8,123,0,-377,-111,65
-24,92,-8,123,0,-377,-108,67
-22,92,-8,125,0,-377,-107,67
-21,93,-8,126,0,-377,-108,67
-22,93,-8,125,0,-378,-109,67
-23,93,-7,124,0,-379,-107,67
-24,93,-7,124,0,-380,-109,67
-25,93,-7,124,0,-379,-109,68
-25,94,-7,124,0,-378,-109,69
-24,96,-7,124,0,-377,-109,70
-24,97,-8,125,0,-377,-109,72
-24,97,-9,127,1,-377,-112,72
-23,98,-10,128,0,-376,-111,70
-22,100,-10,129,-1,-376,-112,72
-22,102,-9,129,-1,-375,-112,76
-22,103,-8,130,0,-376,-112,78
-21,104,-7,130,0,-376,-112,79
-20,107,-7,131,0,-376,-111,81
-19,109,-6,131,-1,-376,-109,84
-18,112,-6,131,-3,-376,-108,86
-17,114,-7,131,-3,-375,-107,89
-17,117,-7,131,-3,-375,-107,91
-17,119,-7,131,-3,-376,-107,95
-16,122,-7,131,-2,-376,-107,97
-15,124,-6,131,-1,-376,-106,98
-14,126,-6,131,0,-376,-104,101
-13,127,-7,131,0,-376,-103,102
-14,129,-7,131,0,-376,-104,104
-15,130,-7,131,-1,-376,-106,106
-15,130,-6,131,-2,-376,-106,106
-14,131,-5,132,-1,-376,-104,106
-12,133,-5,132,0,-376,-103,108
-12,135,-5,132,0,-376,-103,111
-12,137,-6,131,0,-376,-103,112
-13,137,-7,131,0,-376,-103,112
-12,137,-7,131,0,-376,-103,112
-13,137,-7,131,0,-376,-104,112
-14,136,-7,131,0,-375,-104,112
-14,136,-7,131,-1,-375,-106,111
-14,134,-6,131,-2,-374,-106,109
-15,132,-6,131,0,-373,-106,107
-15,130,-7,131,1,-374,-106,106
-14,130,-7,130,1,-374,-104,106
-14,129,-9,129,0,-372,-104,101
-14,127,-10,128,-1,-371,-102,100
-16,124,-10,127,-1,-371,-103,97
-18,122,-10,128,-1,-371,-106,95
-19,120,-10,128,-1,-371,-107,92
-19,118,-10,128,-3,-371,-107,91
-19,116,-10,128,-3,-371,-107,89
-19,115,-10,128,-3,-371,-107,87
-20,113,-10,128,-1,-371,-109,85
-21,110,-10,128,-1,-371,-108,83
-21,108,-11,126,-1,-371,-108,80
-21,105,-11,124,-2,-371,-109,78
-23,104,-11,123,-3,-371,-108,75
-24,103,-9,124,-3,-371,-109,78
-25,102,-7,124,-3,-371,-111,76
-26,100,-7,124,-3,-371,-111,75
-26,98,-7,123,-3,-371,-111,73
-26,97,-8,122,-2,-371,-111,72
-27,95,-9,122,-1,-371,-112,69
-28,93,-9,122,-1,-371,-113,68
-28,92,-9,122,-1,-371,-113,65
-28,90,-9,122,-1,-371,-113,64
-29,88,-10,121,0,-371,-114,63
-31,88,-10,121,1,-371,-115,62
-31,88,-9,122,0,-372,-117,62
-31,88,-8,123,0,-372,-115,62
-31,88,-8,123,-1,-373,-115,62
-30,88,-9,122,-1,-373,-115,62
-31,88,-9,122,0,-373,-115,62
-32,89,-8,122,1,-372,-117,63
-32,91,-8,123,1,-372,-117,65
-31,92,-8,123,1,-373,-115,67
-31,92,-7,123,1,-375,-115,65
-32,92,-6,123,1,-375,-117,65
-32,92,-4,122,1,-375,-115,69
-32,93,-3,121,1,-373,-114,69
-30,94,-3,120,1,-373,-113,70
-29,94,-3,120,1,-373,-112,72
-28,94,-4,121,1,-372,-111,72
-28,94,-3,121,1,-372,-111,72
-28,95,-3,120,1,-371,-111,72
-25,96,-3,120,1,-371,-108,73
-25,97,-3,120,1,-371,-107,74
-24,97,-3,120,1,-372,-107,74
-24,97,-3,120,1,-371,-107,74
-23,98,-3,120,1,-371,-106,75
-22,99,-3,120,1,-371,-104,76
-20,99,-3,120,1,-371,-103,76
-20,99,-3,120,1,-371,-102,76
-20,99,-3,121,1,-371,-102,76
-21,100,-2,122,1,-371,-103,76
-21,101,-1,122,1,-371,-103,80
-21,101,-1,123,1,-371,-103,80
-21,101,-2,122,1,-371,-103,78
-21,101,-2,122,1,-372,-103,78
-21,101,-2,122,1,-372,-104,78
-21,102,-1,122,1,-371,-103,79
-21,103,-1,123,1,-369,-103,83
-19,105,-1,122,2,-368,-102,83
-18,106,-2,122,3,-368,-101,84
-18,106,-2,122,3,-370,-101,84
-18,106,-1,123,3,-372,-101,84
-19,106,0,123,3,-372,-101,85
-18,106,0,124,4,-370,-101,86
-17,106,0,124,6,-368,-100,86
-15,108,0,124,7,-367,-97,87
-15,109,-1,125,6,-368,-100,87
-15,112,-1,125,5,-368,-101,89
-16,113,-1,125,4,-368,-102,90
-17,113,-1,125,5,-368,-102,90
-16,112,-2,126,6,-369,-102,90
-16,112,-3,127,6,-370,-102,90
-16,112,-3,128,6,-370,-103,90
-17,114,-3,127,6,-369,-104,91
-18,115,-3,127,6,-369,-106,92
-18,117,-3,127,6,-369,-107,95
-19,117,-3,127,6,-369,-107,95
-18,117,-3,127,6,-370,-107,95
-19,116,-3,127,6,-371,-107,93
-19,115,-3,127,6,-372,-107,92
-19,115,-3,127,6,-372,-107,92
-19,115,-3,127,6,-371,-107,92
-19,114,-3,127,6,-371,-107,91
-20,112,-3,128,6,-371,-108,90
-21,111,-4,128,6,-371,-108,85
-21,110,-5,127,6,-371,-108,85
-21,110,-7,126,6,-371,-108,85
-20,109,-8,126,6,-371,-107,84
-19,107,-10,126,6,-371,-107,79
-19,105,-10,126,6,-371,-107,78
-20,105,-10,126,6,-371,-107,76
-21,104,-10,126,6,-371,-108,79
-21,104,-10,125,6,-371,-109,76
-21,103,-12,125,6,-371,-108,75
-21,101,-14,125,6,-371,-108,73
-22,99,-14,125,6,-371,-109,70
-23,97,-14,124,6,-371,-111,69
-24,97,-14,124,6,-371,-112,68
-24,96,-14,124,6,-371,-111,68
-23,94,-15,123,6,-371,-111,67
-23,92,-16,122,6,-371,-111,64
-24,89,-17,122,6,-371,-109,58
-25,87,-17,121,6,-371,-109,57
-24,86,-17,121,6,-371,-108,56
-24,86,-16,122,6,-372,-111,54
-25,85,-15,123,6,-372,-112,57
-27,85,-15,123,6,-371,-114,56
-29,84,-15,123,6,-371,-115,56
-29,84,-15,123,6,-371,-115,56
-28,82,-15,123,7,-372,-114,53
-26,80,-15,123,7,-372,-113,52
-26,79,-15,123,8,-372,-113,51
-28,80,-15,123,7,-372,-114,51
-29,81,-15,123,7,-372,-117,53
-31,83,-14,124,6,-372,-118,54
-32,82,-14,125,6,-371,-119,53
-32,82,-14,125,6,-370,-119,53
-32,81,-14,125,6,-368,-119,52
-32,82,-14,125,7,-367,-119,53
-31,83,-14,124,6,-366,-118,54
-30,83,-12,123,6,-367,-115,54
-29,83,-11,122,6,-367,-114,54
-28,83,-12,122,6,-367,-113,54
-28,84,-13,123,6,-367,-113,56
-29,85,-13,123,6,-367,-113,57
-30,87,-12,122,6,-367,-114,58
-31,88,-10,122,6,-365,-115,62
-31,88,-7,123,6,-363,-115,63
-31,88,-7,124,7,-362,-115,63
-31,88,-7,125,7,-361,-115,62
-31,88,-7,124,7,-362,-115,62
-31,88,-7,124,7,-362,-115,62
-31,88,-7,124,7,-362,-115,62
-31,88,-7,124,7,-362,-115,62
-31,88,-7,124,7,-362,-115,62
-31,88,-7,124,7,-362,-115,62
-31,88,-7,124,7,-362,-115,62
-30,88,-7,124,7,-362,-115,62
-31,88,-7,124,7,-362,-115,62
-32,88,-7,124,7,-362,-117,62
-34,86,-7,124,7,-362,-119,61
-34,85,-5,123,7,-362,-119,61
-34,82,-5,122,7,-362,-115,58
-33,81,-5,122,7,-362,-115,57
-32,81,-6,122,7,-362,-117,57
-32,81,-6,123,7,-362,-117,58
-32,82,-5,122,7,-362,-114,58
-33,82,-4,121,7,-362,-115,58
-33,81,-4,119,7,-362,-115,57
-32,80,-5,119,8,-362,-114,57
-31,78,-6,118,9,-362,-111,54
-31,77,-6,118,8,-362,-111,53
-30,77,-6,119,7,-362,-113,53
-30,77,-5,121,7,-362,-113,53
-31,77,-5,122,8,-361,-113,53
-31,77,-5,120,10,-362,-113,53
-30,77,-7,119,10,-363,-113,53
-30,77,-7,118,8,-364,-112,51
-30,77,-9,120,6,-364,-112,51
-30,77,-9,122,6,-364,-115,51
-30,77,-9,122,7,-365,-115,51
-30,77,-10,121,10,-365,-115,51
-30,77,-9,119,11,-367,-112,51
-31,79,-8,118,12,-367,-113,52
-31,81,-8,118,11,-367,-113,54
-31,82,-8,119,11,-367,-113,56
-32,82,-9,120,11,-367,-114,56
-31,82,-10,120,11,-367,-115,56
-30,83,-10,120,11,-366,-112,57
-29,85,-9,119,11,-365,-112,59
-30,87,-9,119,11,-366,-112,61
-30,88,-9,119,11,-367,-113,62
-29,89,-10,120,11,-367,-112,63
-28,90,-10,121,10,-367,-113,64
-28,91,-11,121,9,-367,-113,65
-28,93,-11,121,10,-367,-113,68
-27,95,-10,121,10,-367,-112,69
-26,97,-10,121,11,-367,-111,72
-26,98,-10,121,11,-365,-111,73
-25,100,-10,121,11,-364,-111,74
-25,102,-11,120,11,-364,-111,76
-24,103,-10,121,11,-365,-109,78
-24,105,-10,122,11,-365,-108,79
-24,107,-9,124,11,-364,-109,81
-24,108,-8,126,11,-362,-112,83
-23,110,-7,126,11,-362,-111,85
-21,111,-7,124,11,-363,-107,86
-20,113,-7,124,11,-364,-104,87
-19,114,-7,124,11,-365,-104,90
-18,115,-6,125,11,-366,-103,91
-18,117,-5,126,11,-365,-103,92
-17,118,-5,126,11,-364,-102,95
-16,119,-4,126,11,-362,-101,96
-14,119,-3,127,11,-361,-102,96
-14,119,-3,128,11,-362,-102,97
-14,119,-3,128,11,-363,-102,97
-14,119,-3,127,11,-364,-102,97
-14,119,-3,127,11,-364,-100,96
-14,119,-3,127,11,-363,-102,96
-14,119,-4,128,11,-363,-102,93
-15,119,-6,130,11,-363,-102,95
-15,120,-6,131,11,-365,-106,96
-15,121,-6,132,11,-367,-106,96
-14,121,-5,133,11,-368,-104,96
-15,119,-5,132,11,-367,-104,95
-16,118,-6,131,11,-367,-106,93
-17,117,-7,131,11,-367,-107,92
-18,117,-7,131,11,-367,-109,92
-19,117,-6,131,11,-367,-109,91
-18,116,-6,131,11,-367,-108,91
-19,114,-7,131,11,-367,-109,89
-20,113,-7,130,11,-367,-111,87
-21,111,-9,129,11,-367,-111,84
-21,110,-10,128,11,-367,-109,83
-22,109,-10,127,11,-367,-109,81
-22,108,-10,128,11,-366,-111,80
-23,105,-10,128,11,-366,-111,78
-24,103,-10,128,11,-365,-112,75
-25,101,-10,128,11,-365,-112,73
-25,98,-10,128,11,-364,-113,70
-25,96,-10,128,11,-364,-115,68
-25,94,-11,129,11,-365,-115,65
-25,93,-12,128,11,-367,-115,64
-26,91,-12,127,11,-368,-115,63
-27,89,-13,128,11,-368,-117,61
-29,87,-13,130,11,-367,-118,58
-29,85,-13,131,11,-365,-122,57
-29,84,-13,132,11,-363,-120,52
-30,83,-14,131,11,-362,-122,51
-31,82,-14,130,11,-364,-123,51
-32,82,-15,130,11,-365,-122,51
-33,81,-15,130,11,-366,-123,50
-33,79,-15,130,11,-364,-123,48
-34,77,-15,130,11,-362,-124,46
-35,75,-16,129,11,-361,-124,43
-35,74,-17,128,12,-362,-124,42
-35,74,-17,128,11,-364,-124,42
-35,75,-17,128,11,-364,-124,43
-35,76,-17,128,11,-364,-125,45
-36,78,-18,128,11,-364,-126,46
-37,79,-18,129,12,-365,-129,47
-37,79,-17,130,13,-366,-129,47
-36,80,-16,130,13,-366,-128,48
-36,81,-15,131,13,-365,-128,50
-36,83,-15,131,11,-365,-129,52
-37,86,-14,132,11,-366,-129,54
-37,89,-14,133,11,-367,-129,57
-36,91,-14,133,13,-367,-129,59
-35,93,-15,134,13,-367,-130,62
-33,95,-16,135,13,-367,-128,64
-32,98,-17,135,12,-367,-128,64
-32,101,-17,135,11,-367,-128,69
-31,102,-15,136,11,-367,-126,72
-29,105,-14,137,11,-367,-124,74
-26,108,-13,138,11,-367,-122,76
-24,110,-13,138,12,-367,-119,80
-23,112,-13,138,13,-367,-118,83
-23,114,-13,138,13,-367,-118,84
-23,115,-13,138,13,-367,-118,85
-23,116,-13,138,12,-367,-118,86
-21,119,-13,138,11,-367,-117,89
-20,121,-13,138,11,-367,-115,91
-18,123,-13,138,11,-367,-113,93
-16,126,-13,138,11,-367,-112,96
-15,128,-13,138,11,-367,-111,98
-14,130,-13,138,11,-367,-109,100
-13,131,-13,138,11,-367,-108,102
-12,132,-13,138,11,-367,-107,102
-10,132,-13,138,11,-367,-106,102
-10,132,-13,138,11,-367,-104,102
-10,132,-13,138,11,-367,-106,102
-11,133,-13,138,11,-367,-107,103
-12,135,-13,138,11,-367,-108,106
-12,137,-13,138,11,-367,-107,108
-10,139,-13,138,11,-367,-108,109
-7,140,-13,138,11,-367,-102,111
-5,140,-13,138,11,-367,-100,112
-4,141,-12,137,11,-368,-100,112
-5,142,-12,137,11,-367,-101,113
-6,144,-12,137,11,-365,-101,115
-5,146,-11,139,11,-364,-101,117
-4,149,-11,140,11,-362,-102,119
-4,151,-10,141,12,-362,-102,122
-4,152,-10,140,11,-362,-102,123
-4,154,-10,140,11,-362,-103,125
-4,156,-10,141,11,-362,-103,128
-4,158,-9,142,12,-362,-102,131
-4,160,-8,143,12,-362,-103,134
-4,162,-7,143,11,-361,-103,135
-5,163,-7,144,10,-362,-103,136
-4,165,-7,144,10,-363,-103,139
-3,168,-7,144,10,-364,-102,141
-2,170,-6,144,11,-363,-101,145
-1,173,-5,144,10,-362,-100,147
0,175,-4,144,8,-363,-100,148
0,176,-4,145,7,-365,-100,151
0,177,-3,144,6,-366,-98,155
0,179,-3,143,6,-367,-98,156
0,181,-1,143,7,-367,-95,158
0,183,0,143,8,-367,-95,159
1,184,0,144,8,-367,-97,161
3,185,0,145,8,-367,-96,164
4,185,0,145,7,-367,-93,162
5,185,0,144,6,-366,-93,162
4,186,0,144,6,-367,-93,163
4,185,0,144,8,-367,-93,162
5,185,0,144,10,-367,-91,164
5,184,1,143,10,-367,-91,164
4,183,1,143,8,-367,-91,162
3,181,1,144,7,-367,-92,161
2,180,1,143,6,-366,-93,159
1,178,1,141,6,-367,-95,157
0,176,1,139,6,-367,-93,155
0,173,0,137,6,-367,-95,152
-2,170,0,137,7,-367,-96,150
-3,168,0,138,8,-367,-97,146
-4,165,0,139,8,-367,-98,144
-5,161,0,139,8,-367,-100,140
-7,157,0,139,8,-367,-101,136
-10,153,-1,138,8,-367,-104,129
-13,150,-3,136,10,-365,-107,125
-14,146,-3,134,10,-363,-104,122
-14,141,-3,134,10,-362,-104,117
-14,137,-3,134,8,-361,-104,112
-16,131,-3,134,8,-362,-107,107
-18,126,-4,133,10,-362,-108,101
-21,121,-5,132,11,-362,-111,96
-22,115,-6,131,12,-362,-113,90
-23,111,-7,130,12,-362,-113,85
-24,106,-7,130,11,-362,-114,81
-25,103,-10,130,11,-362,-115,75
-28,100,-13,131,11,-362,-118,72
-30,95,-14,131,12,-362,-122,64
-31,92,-13,130,11,-362,-120,63
-32,89,-11,129,11,-362,-122,61
-32,87,-11,129,11,-362,-122,58
-33,85,-12,130,11,-362,-123,56
-35,82,-13,131,11,-362,-126,51
-36,80,-13,132,11,-362,-128,48
-37,79,-14,131,11,-362,-129,47
-37,79,-14,130,11,-362,-126,47
-37,79,-16,129,11,-362,-126,48
-37,79,-16,129,11,-362,-126,48
-37,79,-16,129,11,-362,-126,48
-37,79,-15,130,11,-362,-126,47
-37,79,-14,130,11,-362,-129,47
-36,79,-13,131,11,-362,-128,48
-35,82,-13,131,11,-362,-126,51
-34,84,-13,131,11,-362,-126,53
-34,87,-13,131,11,-362,-126,56
-34,90,-13,131,12,-362,-126,59
-34,94,-13,131,11,-362,-126,63
-33,96,-13,131,11,-362,-126,65
-32,98,-14,131,11,-364,-124,67
-31,101,-13,131,11,-365,-123,70
-30,104,-12,132,11,-367,-123,75
-30,107,-10,133,10,-367,-123,79
-30,109,-10,134,10,-367,-123,81
-28,111,-9,135,9,-367,-122,84
-26,113,-10,135,10,-367,-119,85
-25,115,-10,134,11,-367,-118,87
-25,117,-10,134,11,-367,-118,90
-24,119,-10,134,11,-367,-117,91
-22,121,-10,135,11,-367,-115,93
-21,123,-10,135,11,-367,-113,96
-19,126,-10,134,11,-367,-112,98
-19,127,-10,135,11,-367,-112,100
-19,128,-10,135,11,-367,-112,101
-18,129,-9,135,11,-367,-111,101
-16,129,-8,135,11,-367,-108,102
-15,130,-9,136,11,-367,-108,102
-15,130,-10,137,11,-367,-111,103
-14,130,-10,139,11,-367,-111,103
-13,130,-10,140,11,-367,-111,101
-12,131,-10,142,11,-367,-109,102
-11,132,-9,142,11,-367,-109,104
-10,133,-9,141,11,-367,-108,106
-10,135,-9,141,11,-367,-108,108
-9,137,-9,141,11,-367,-107,109
-8,138,-9,141,11,-367,-107,111
-8,139,-9,141,11,-367,-106,112
-7,140,-9,141,11,-367,-104,113
-5,140,-9,141,11,-367,-103,113
-5,141,-9,141,11,-367,-103,114
-5,142,-9,142,11,-367,-103,115
-6,144,-8,142,11,-367,-103,118
-5,146,-8,143,11,-367,-103,119
-4,148,-8,142,11,-367,-102,120
-3,149,-8,143,10,-367,-102,123
-3,151,-7,144,10,-367,-102,124
-3,153,-6,144,10,-367,-101,126
-2,154,-5,145,11,-367,-101,128
-1,155,-6,145,10,-367,-100,129
-1,157,-6,144,9,-367,-100,131
-1,159,-6,144,8,-367,-100,133
0,162,-6,145,9,-367,-98,135
0,164,-6,144,10,-367,-98,139
0,166,-6,144,11,-367,-98,140
-1,166,-6,145,11,-367,-100,140
-1,165,-4,146,10,-367,-100,139
0,165,-3,147,9,-367,-102,141
-1,165,-2,148,8,-366,-102,141
-1,167,-3,147,9,-366,-102,141
-2,169,-3,147,10,-367,-103,142
-2,170,-3,147,10,-368,-103,144
-3,169,-3,148,10,-368,-104,145
-3,166,-2,148,9,-368,-103,142
-3,164,-2,148,8,-367,-104,140
-5,163,-2,148,8,-368,-106,139
-5,163,-2,148,10,-370,-107,139
-6,162,-3,147,11,-370,-107,137
-6,159,-5,146,11,-368,-107,133
-7,155,-6,144,10,-367,-106,129
-8,151,-6,144,9,-368,-107,124
-9,148,-6,144,10,-370,-108,122
-10,145,-6,145,10,-372,-108,118
-11,141,-5,145,11,-372,-109,114
-12,138,-6,144,11,-372,-111,112
-13,135,-7,144,11,-372,-112,108
-15,131,-8,143,11,-372,-113,103
-17,127,-9,141,11,-372,-115,100
-18,122,-11,140,10,-372,-115,92
-18,119,-12,139,9,-372,-117,89
-19,116,-13,138,8,-372,-114,86
-21,114,-13,138,8,-372,-115,84
-22,111,-13,138,10,-371,-117,80
-23,107,-13,138,11,-372,-118,76
-25,104,-13,139,11,-373,-122,73
-26,102,-14,139,10,-375,-123,72
-26,101,-15,139,10,-376,-124,70
-27,101,-18,138,9,-377,-124,68
-28,99,-19,138,7,-377,-125,65
-29,98,-20,138,7,-376,-126,64
-31,97,-19,138,7,-376,-128,64
-31,99,-18,137,7,-376,-128,65
-30,100,-18,137,7,-376,-128,67
-29,100,-18,137,7,-376,-126,67
-30,100,-18,136,8,-377,-125,67
-30,101,-18,136,9,-378,-125,68
-30,103,-18,136,8,-379,-125,70
-30,105,-19,137,7,-379,-128,72
-30,107,-20,138,6,-380,-128,74
-30,108,-20,138,6,-381,-128,75
-30,110,-20,139,7,-381,-128,78
-29,113,-19,140,7,-382,-128,80
-29,115,-17,141,7,-383,-129,81
-29,116,-15,141,9,-385,-126,84
-28,117,-14,140,10,-386,-126,86
-27,118,-13,138,8,-387,-123,87
-26,120,-13,138,7,-386,-122,90
-25,122,-13,138,7,-386,-120,92
-25,124,-13,138,9,-386,-120,95
-24,126,-12,140,10,-386,-122,96
-21,126,-11,140,9,-387,-119,96
-20,127,-10,140,6,-388,-118,97
-19,127,-10,140,5,-389,-118,97
-19,127,-10,140,6,-390,-117,97
-18,128,-10,141,8,-391,-117,97
-18,128,-10,142,8,-391,-115,98
-16,129,-9,141,8,-391,-114,102
-16,129,-9,140,8,-391,-114,102
-16,129,-7,139,9,-391,-112,102
-16,129,-6,138,10,-391,-112,102
-15,130,-6,137,10,-391,-111,104
-14,130,-6,138,10,-391,-109,102
-14,130,-6,138,9,-391,-109,103
-15,130,-6,138,8,-391,-111,102
-16,129,-6,138,7,-391,-112,102
-18,129,-6,138,7,-391,-113,101
-19,128,-6,138,7,-391,-114,101
-19,126,-7,138,7,-391,-114,98
-18,126,-7,139,6,-391,-113,98
-18,125,-7,139,5,-391,-113,97
-17,124,-7,139,5,-391,-112,97
-17,124,-8,140,5,-391,-112,96
-17,123,-8,140,5,-391,-112,96
-17,123,-8,140,5,-391,-112,96
-16,123,-7,140,5,-390,-112,96
-15,124,-7,139,6,-388,-111,97
-14,125,-7,138,7,-386,-109,97
-12,126,-8,137,7,-386,-108,98
-12,126,-8,137,6,-386,-107,98
-12,126,-8,138,5,-386,-108,98
-12,126,-9,140,5,-386,-108,98
-12,125,-8,140,5,-386,-111,98
-12,126,-7,140,5,-386,-108,98
-12,128,-6,138,5,-386,-107,101
-12,130,-7,138,5,-384,-107,102
-12,131,-9,139,5,-383,-107,103
-11,132,-12,139,5,-381,-109,102
-12,133,-13,140,5,-381,-109,103
-12,135,-12,140,5,-381,-109,106
-11,137,-11,140,5,-381,-109,108
-11,140,-9,140,5,-381,-107,113
-10,142,-7,139,5,-381,-106,114
-10,144,-6,138,5,-381,-106,117
-10,145,-7,137,5,-381,-103,119
-9,147,-7,137,5,-381,-102,120
-8,148,-7,137,5,-381,-103,122
-8,148,-7,138,5,-381,-104,122
-9,150,-6,138,5,-381,-104,123
-8,152,-6,138,5,-381,-104,125
-7,155,-6,138,5,-381,-103,128
-7,156,-6,138,5,-381,-102,130
-7,156,-7,139,5,-381,-103,130
-8,156,-7,140,5,-381,-104,130
-9,157,-8,140,5,-381,-108,130
-10,159,-9,141,5,-381,-108,131
-10,160,-9,141,5,-381,-108,134
-9,161,-9,141,5,-381,-108,135
-9,161,-7,141,5,-381,-108,134
-9,161,-6,142,5,-381,-108,134
-9,161,-6,143,5,-381,-108,135
-9,162,-6,142,5,-381,-108,135
-9,161,-5,142,5,-381,-108,134
-10,159,-3,141,5,-381,-106,135
-10,156,-2,141,5,-381,-107,133
-11,154,-3,141,5,-381,-107,130
-11,154,-4,141,5,-381,-108,129
-12,152,-7,140,5,-381,-108,125
-12,150,-7,139,5,-381,-108,123
-13,147,-7,138,5,-381,-108,119
-13,143,-6,138,6,-381,-108,117
-13,140,-6,138,6,-381,-108,113
-13,138,-6,138,5,-381,-108,113
-14,134,-6,138,5,-381,-109,107
-15,131,-7,138,5,-381,-111,103
-17,129,-7,137,6,-381,-111,101
-18,126,-7,137,7,-381,-112,100
-19,124,-7,137,7,-381,-112,96
-20,120,-7,137,7,-382,-115,92
-22,116,-7,137,6,-383,-118,89
-24,113,-7,137,5,-383,-117,85
-25,109,-8,136,5,-383,-117,81
-25,106,-9,135,5,-383,-118,78
-26,103,-10,135,5,-384,-119,75
-27,101,-10,135,5,-385,-119,73
-28,100,-10,134,5,-385,-122,72
-29,98,-9,133,5,-384,-122,70
-29,96,-8,132,5,-384,-119,68
-29,94,-7,132,5,-385,-119,69
-30,93,-7,133,6,-386,-120,68
-32,93,-8,133,7,-386,-124,64
-33,93,-10,133,8,-386,-125,64
-33,92,-12,132,8,-386,-125,64
-33,92,-13,132,8,-386,-125,62
-33,92,-14,131,7,-386,-125,62
-33,92,-14,131,6,-386,-125,61
-33,92,-13,131,7,-386,-125,61
-32,93,-12,133,8,-386,-124,64
-32,94,-11,134,10,-386,-124,65
-32,97,-11,133,10,-386,-125,68
-32,98,-12,132,10,-386,-125,70
-32,99,-12,130,10,-387,-122,70
-31,99,-11,130,10,-388,-122,70
-29,100,-9,132,10,-389,-119,72
-28,102,-9,134,10,-390,-122,74
-28,104,-9,135,10,-390,-122,76
-29,105,-10,134,10,-389,-122,78
-29,106,-11,134,10,-388,-122,78
-29,106,-11,133,10,-387,-122,78
-28,106,-10,133,10,-387,-120,78
-26,107,-10,134,10,-387,-119,79
-25,108,-10,134,10,-388,-117,80
-25,108,-11,134,10,-388,-117,80
-25,108,-11,134,10,-387,-118,80
-25,108,-10,134,10,-386,-118,80
-24,107,-9,135,10,-386,-117,79
-22,105,-9,135,10,-386,-114,78
-21,104,-10,135,10,-386,-113,76
-21,104,-12,134,10,-386,-113,74
-22,104,-13,134,10,-386,-114,73
-23,104,-13,133,10,-386,-115,73
-23,104,-12,133,10,-386,-115,75
-21,102,-12,132,10,-385,-114,74
-20,101,-13,132,10,-383,-113,70
-20,99,-14,133,10,-383,-113,69
-21,98,-16,134,10,-383,-115,68
-23,97,-16,134,10,-382,-118,67
-24,96,-15,133,10,-382,-115,65
-23,94,-14,133,10,-383,-115,63
-22,93,-14,132,10,-384,-114,62
-22,92,-14,132,10,-385,-114,62
-22,93,-14,132,10,-384,-114,62
-22,93,-13,131,9,-384,-114,62
-22,93,-13,131,8,-384,-114,62
-22,92,-13,131,9,-385,-114,62
-22,92,-13,131,9,-385,-114,62
-22,92,-14,132,9,-385,-114,62
-22,92,-14,133,8,-385,-114,62
-22,93,-15,133,7,-386,-114,62
-22,93,-14,132,6,-386,-114,62
-22,92,-14,132,5,-386,-114,62
-22,92,-12,132,4,-386,-114,64
-22,93,-10,133,5,-386,-114,64
-23,94,-10,134,7,-386,-115,65
-24,96,-10,135,9,-386,-115,68
-24,97,-10,135,9,-386,-117,69
-25,97,-10,134,7,-386,-117,69
-25,97,-10,134,5,-386,-117,69
-25,98,-10,134,5,-386,-117,70
-25,101,-10,134,5,-386,-118,73
-24,103,-10,134,5,-384,-117,74
-23,104,-10,134,5,-383,-115,76
-22,104,-10,134,6,-381,-114,76
-22,104,-10,134,5,-381,-115,75
-22,103,-10,134,5,-381,-115,75
-22,103,-10,134,5,-381,-115,75
-22,103,-10,134,5,-381,-115,75
-22,104,-10,134,5,-381,-115,75
-22,103,-10,134,5,-381,-115,75
-22,103,-10,134,5,-381,-115,75
-22,103,-10,134,5,-381,-115,75
-22,104,-10,134,5,-379,-115,75
-22,103,-10,134,5,-378,-115,75
-22,103,-10,134,6,-376,-115,75
-22,103,-10,134,6,-376,-115,75
-22,104,-10,134,6,-376,-115,75
-22,104,-10,134,6,-376,-114,75
-22,103,-10,134,6,-376,-115,75
-24,103,-10,134,6,-376,-117,74
-25,102,-10,134,6,-376,-118,74
-27,101,-10,134,6,-376,-119,73
-27,101,-10,134,6,-376,-119,73
-27,101,-10,134,6,-376,-119,73
-27,101,-10,134,6,-375,-119,73
-27,101,-10,134,6,-373,-119,73
-27,101,-10,134,6,-371,-119,73
-25,102,-10,134,6,-371,-118,74
-24,103,-10,134,6,-371,-117,74
-22,104,-10,134,6,-371,-115,75
-22,104,-10,134,6,-371,-114,76
-22,103,-10,134,6,-372,-115,75
-24,103,-10,134,6,-372,-117,74
-24,102,-10,134,6,-371,-117,74
-24,103,-10,134,6,-370,-117,74
-23,103,-10,134,6,-368,-115,75
-22,104,-10,134,6,-367,-115,75
-22,104,-10,134,6,-366,-115,75
-22,103,-10,134,6,-366,-115,75
-22,104,-10,134,6,-367,-115,75
-22,104,-10,135,7,-367,-114,75
-23,104,-10,135,6,-367,-115,75
-24,103,-10,134,6,-367,-117,75
-25,102,-10,134,6,-365,-118,74
-26,100,-10,134,7,-363,-119,72
-25,98,-10,135,7,-362,-118,69
-25,97,-11,136,6,-361,-119,69
-24,97,-11,136,5,-361,-119,68
-24,97,-10,136,5,-362,-119,69
-25,97,-10,135,5,-361,-117,69
-26,96,-10,134,6,-361,-118,68
-27,94,-11,133,7,-360,-119,65
-27,92,-12,132,7,-359,-119,63
-27,91,-13,132,6,-358,-119,59
-26,90,-12,132,5,-357,-119,62
-27,88,-12,132,5,-357,-119,59
-28,86,-12,133,6,-357,-120,57
-28,84,-13,132,6,-357,-120,52
-28,83,-13,131,6,-357,-120,52
-28,84,-13,131,5,-357,-120,52
-28,83,-14,131,5,-357,-120,52
-30,83,-14,133,7,-357,-122,52
-31,82,-16,134,7,-357,-125,51
-33,82,-16,135,7,-357,-128,51
-33,81,-16,134,6,-357,-128,50
-33,79,-16,134,3,-357,-128,47
-33,78,-16,134,2,-357,-128,46
-32,78,-16,135,2,-357,-126,46
-32,79,-17,135,2,-357,-126,45
-31,79,-17,135,2,-357,-125,46
-32,79,-17,135,2,-357,-126,47
-32,77,-17,135,2,-357,-126,46
-32,77,-17,135,2,-357,-126,45
-32,78,-17,135,2,-357,-126,46
-32,78,-17,135,2,-357,-126,47
-31,78,-17,135,2,-357,-125,47
-30,78,-17,135,2,-357,-125,46
-31,78,-17,135,2,-357,-125,47
-32,80,-17,135,2,-357,-126,48
-32,82,-16,135,2,-357,-126,51
-31,83,-16,135,2,-357,-125,52
-30,83,-17,135,2,-356,-125,52
-29,83,-17,135,2,-355,-124,52
-29,83,-17,135,2,-354,-123,52
-28,84,-16,135,2,-353,-123,52
-28,85,-15,136,2,-353,-122,54
-27,87,-15,136,2,-353,-122,56
-25,89,-15,136,2,-352,-120,58
-24,90,-16,135,2,-352,-119,59
-23,92,-16,135,2,-351,-118,61
-23,93,-16,135,2,-352,-118,62
-23,95,-15,136,2,-352,-118,64
-22,96,-14,137,2,-352,-117,65
-21,97,-14,137,2,-352,-115,67
-20,98,-13,138,2,-352,-114,68
-18,100,-13,138,2,-352,-113,69
-18,103,-13,138,2,-352,-112,73
-18,104,-13,138,2,-352,-113,74
-18,106,-13,138,2,-352,-113,75
-18,106,-13,138,2,-352,-113,75
-17,107,-13,138,2,-352,-112,76
-16,108,-13,138,2,-352,-111,78
-16,111,-13,138,2,-352,-111,80
-16,112,-13,138,2,-352,-111,83
-16,113,-13,138,2,-352,-112,83
-16,112,-13,138,2,-352,-112,83
-16,112,-13,138,2,-352,-112,81
-16,112,-13,138,2,-352,-112,81
-16,112,-13,138,2,-351,-112,83
-17,114,-13,138,2,-351,-112,84
-17,116,-13,138,2,-352,-112,86
-16,116,-13,138,2,-354,-112,86
-16,116,-13,138,2,-355,-114,85
-17,115,-13,138,2,-355,-114,85
-18,114,-13,138,2,-353,-113,84
-18,114,-12,137,2,-352,-113,84
-17,114,-12,137,2,-353,-112,84
-16,113,-12,137,2,-355,-111,83
-16,112,-13,138,2,-357,-112,83
-18,112,-13,138,2,-358,-113,81
-19,111,-13,138,2,-357,-114,81
-20,110,-13,138,2,-354,-115,80
-21,109,-14,137,2,-354,-115,79
-21,108,-14,137,2,-354,-117,78
-22,106,-14,137,2,-354,-117,75
-22,104,-13,138,2,-355,-118,74
-23,104,-13,138,2,-354,-118,73
-24,103,-13,138,2,-354,-119,73
-25,102,-13,138,2,-353,-120,72
-27,101,-13,138,2,-353,-122,70
-26,100,-13,138,2,-352,-122,69
-25,99,-13,138,3,-352,-120,68
-25,98,-13,138,2,-351,-119,68
-25,98,-13,138,2,-352,-119,68
-25,98,-13,138,2,-352,-120,68
-25,98,-13,138,3,-352,-120,68
-25,99,-13,138,3,-352,-123,68
-26,99,-13,138,2,-351,-124,68
-27,100,-13,138,1,-350,-122,69
-26,101,-12,137,0,-350,-122,70
-25,102,-12,137,0,-349,-120,72
-24,103,-12,137,0,-348,-119,73
-24,104,-13,138,0,-347,-119,74
-23,106,-13,139,1,-346,-120,75
-23,108,-13,138,2,-347,-118,78
-23,111,-12,137,3,-347,-118,80
-23,113,-12,136,1,-347,-118,83
-23,115,-11,137,0,-346,-119,87
-23,118,-10,137,-1,-346,-119,90
-22,121,-9,138,-2,-346,-118,93
-21,123,-9,139,-1,-346,-115,96
-19,126,-10,140,-1,-346,-117,96
-19,127,-10,140,-1,-346,-117,100
-19,130,-8,140,-1,-346,-115,102
-19,131,-7,139,0,-346,-114,104
-18,133,-8,138,0,-346,-114,106
-18,136,-8,138,0,-346,-113,108
-19,137,-8,138,0,-346,-114,111
-19,139,-7,138,0,-346,-115,112
-18,139,-6,138,1,-346,-114,112
-17,140,-6,138,1,-346,-113,113
-15,141,-6,138,0,-346,-111,114
-14,141,-6,138,0,-346,-111,114
-15,141,-6,138,0,-346,-111,114
-15,141,-6,138,0,-346,-111,114
-15,141,-6,138,-1,-346,-111,114
-15,141,-6,138,-2,-346,-111,114
-15,141,-6,138,-2,-346,-112,114
-16,140,-6,137,-1,-346,-112,115
-17,138,-5,137,0,-346,-111,113
-18,135,-5,136,0,-346,-111,111
-18,134,-5,137,0,-346,-111,109
-17,134,-6,137,0,-346,-113,109
-16,134,-6,138,0,-346,-112,107
-16,133,-6,138,0,-346,-112,106
-17,131,-6,138,0,-346,-112,103
-18,129,-6,137,0,-346,-113,101
-19,127,-7,137,-1,-346,-112,100
-19,126,-7,137,-1,-346,-112,98
-18,125,-7,137,-1,-346,-111,97
-17,124,-7,137,-1,-346,-109,96
-16,122,-8,136,-1,-346,-108,95
-16,119,-10,135,-1,-346,-108,92
-16,118,-10,134,-1,-346,-108,91
-17,118,-10,134,-1,-346,-109,90
-18,117,-10,135,-1,-346,-111,90
-18,117,-10,135,-1,-346,-111,90
-18,115,-10,135,-1,-346,-111,87
-17,114,-10,134,-1,-346,-109,86
-16,112,-10,134,-1,-346,-108,85
-16,112,-10,135,-1,-346,-108,85
-16,112,-10,135,-1,-346,-109,85
-18,112,-11,136,-1,-346,-113,81
-19,110,-11,137,-1,-346,-114,79
-19,107,-11,137,-1,-346,-114,76
-18,105,-11,136,-1,-346,-113,78
-18,105,-11,136,-1,-346,-113,75
-18,106,-12,137,-1,-346,-113,75
-18,106,-12,137,-1,-346,-113,75
-18,106,-12,137,-1,-346,-113,76
-18,106,-11,136,-1,-347,-113,78
-20,105,-10,135,-1,-346,-112,78
-21,104,-10,134,-1,-346,-114,76
-22,104,-10,134,-1,-346,-115,75
-22,103,-10,135,-2,-347,-114,75
-22,102,-10,135,-2,-348,-114,74
-22,100,-10,135,-2,-349,-114,72
-24,98,-10,134,-2,-348,-115,70
-25,97,-10,133,-2,-347,-117,69
-25,97,-11,134,-1,-346,-117,69
-24,97,-11,134,-1,-346,-117,69
-24,96,-11,133,-1,-346,-117,68
-24,93,-11,132,-2,-348,-117,65
-25,91,-11,129,-2,-350,-115,63
-26,90,-10,128,-2,-351,-113,62
-27,90,-10,127,-2,-352,-114,62
-28,90,-10,128,-1,-352,-115,61
-29,89,-10,128,-1,-351,-117,61
-31,88,-10,128,-1,-351,-118,59
-30,86,-10,128,-2,-351,-118,58
-29,85,-10,128,-2,-351,-117,57
-28,83,-10,128,-1,-351,-115,54
-28,83,-10,128,0,-351,-115,54
-29,85,-10,128,1,-351,-115,57
-30,87,-10,128,1,-351,-117,58
-31,88,-10,128,0,-351,-118,59
-31,88,-10,128,-1,-351,-118,59
-31,88,-10,128,-2,-351,-118,59
-30,88,-10,128,-2,-351,-118,59
-29,89,-10,128,-1,-351,-117,61
-29,91,-10,128,-1,-351,-117,63
-28,93,-10,128,-1,-351,-115,65
-28,95,-10,128,-2,-351,-115,67
-27,95,-10,128,-2,-351,-114,67
-26,96,-9,129,-2,-351,-115,68
-25,98,-8,129,-2,-351,-115,72
-26,100,-8,130,-2,-351,-115,74
-25,102,-8,129,-2,-351,-115,76
-24,103,-8,130,-2,-351,-114,78
-23,104,-7,130,-2,-351,-113,78
-23,105,-7,131,-2,-351,-113,79
-22,107,-6,131,-2,-351,-113,81
-23,111,-6,131,-2,-351,-113,85
-23,113,-7,131,-2,-351,-113,89
-22,115,-7,131,-2,-351,-113,90
-21,115,-7,131,-2,-351,-112,90
-20,116,-7,131,-2,-351,-111,91
-19,118,-7,131,-2,-351,-109,92
-20,120,-7,131,-2,-351,-111,95
-21,121,-7,131,-2,-351,-112,96
-21,121,-7,131,-2,-351,-112,96
-21,123,-7,131,-2,-351,-111,98
-19,126,-7,132,-1,-351,-109,101
-19,127,-8,133,-1,-351,-109,100
-19,128,-8,133,-2,-351,-112,101
-19,128,-9,133,-2,-351,-112,101
-19,127,-10,135,-2,-351,-112,100
-20,129,-9,136,-1,-351,-113,102
-21,131,-7,137,0,-351,-117,103
-21,132,-6,138,0,-351,-117,104
-21,132,-6,138,0,-351,-117,107
-21,132,-6,138,0,-351,-117,104
-21,132,-7,137,0,-351,-117,104
-21,132,-7,137,0,-351,-114,104
-21,132,-7,137,0,-351,-114,104
-21,132,-7,137,0,-351,-114,104
-21,132,-7,137,0,-351,-114,104
-21,132,-8,136,0,-351,-114,104
-21,131,-10,135,1,-352,-114,103
-20,130,-10,134,2,-352,-113,102
-21,129,-10,134,2,-351,-114,102
-21,128,-10,135,1,-351,-114,101
-22,127,-10,135,0,-352,-115,100
-21,125,-10,134,0,-353,-114,97
-21,122,-10,134,2,-353,-113,95
-21,120,-10,135,2,-353,-113,92
-21,118,-10,135,2,-354,-114,91
-22,117,-10,134,2,-355,-115,90
-23,115,-10,133,2,-356,-115,87
-23,113,-11,133,2,-357,-115,85
-22,111,-10,133,2,-357,-115,83
-23,109,-11,133,1,-356,-115,81
-24,106,-12,132,0,-356,-117,79
-25,104,-13,132,1,-356,-118,73
-25,101,-14,131,2,-357,-118,70
-25,98,-13,131,2,-357,-117,68
-24,97,-12,130,2,-357,-114,69
-24,96,-12,130,2,-357,-114,68
-24,93,-13,130,2,-357,-114,65
-25,90,-14,130,2,-357,-117,59
-25,87,-16,129,2,-356,-114,56
-24,86,-16,127,2,-357,-114,54
-24,86,-16,126,2,-358,-114,54
-25,85,-16,127,2,-360,-114,54
-27,84,-17,128,2,-361,-117,53
-28,84,-17,129,2,-362,-118,53
-28,83,-17,129,2,-362,-118,52
-28,84,-17,128,2,-361,-118,53
-28,84,-16,127,2,-361,-118,53
-30,83,-16,126,2,-361,-119,52
-31,82,-15,126,2,-361,-118,51
-31,82,-14,127,2,-361,-120,53
-30,83,-13,129,2,-361,-120,54
-29,85,-12,130,2,-361,-119,57
-29,87,-12,131,2,-361,-119,58
-30,88,-12,130,2,-361,-120,59
-31,88,-11,129,2,-361,-122,59
-32,89,-10,128,2,-361,-122,61
-31,91,-11,129,2,-361,-120,63
-30,93,-11,129,2,-361,-120,65
-29,96,-11,129,2,-361,-119,68
-29,98,-9,129,2,-361,-119,70
-28,100,-7,130,2,-361,-118,74
-28,103,-7,130,2,-361,-118,76
-27,105,-7,130,2,-361,-117,79
-26,107,-8,130,2,-361,-117,81
-26,109,-7,130,2,-361,-115,84
-25,112,-7,131,2,-361,-115,86
-24,114,-6,131,2,-361,-114,89
-21,115,-7,131,2,-361,-112,90
-20,116,-7,132,2,-361,-111,91
-19,118,-8,132,2,-361,-109,90
-20,120,-7,132,2,-361,-111,95
-20,122,-8,133,2,-361,-111,95
-18,122,-9,133,2,-361,-112,95
-17,123,-10,134,2,-361,-109,96
-15,124,-10,135,2,-361,-108,97
-14,126,-9,136,2,-361,-107,100
-14,129,-7,137,2,-361,-107,101
-14,129,-6,137,2,-362,-109,101
-13,128,-7,137,2,-362,-108,101
-13,127,-7,137,2,-361,-106,100
-13,126,-7,137,2,-361,-106,100
-13,126,-7,138,2,-361,-108,100
-13,126,-7,139,1,-363,-108,100
-13,127,-8,141,1,-365,-111,100
-13,127,-10,141,1,-366,-111,100
-13,127,-11,141,1,-367,-111,97
-13,126,-11,140,1,-367,-111,96
-14,125,-10,140,1,-366,-112,95
-15,124,-11,140,1,-366,-113,95
-16,123,-12,139,1,-366,-114,93
-16,122,-13,138,1,-366,-112,92
-15,120,-13,138,1,-366,-111,90
-16,119,-13,138,1,-367,-111,89
-17,117,-13,138,1,-368,-112,87
-18,115,-13,138,1,-369,-113,85
-18,113,-13,138,1,-370,-115,83
-20,111,-13,138,1,-370,-117,81
-21,109,-13,138,1,-370,-117,79
-23,107,-12,137,1,-369,-118,76
-23,105,-12,137,1,-370,-118,74
-23,104,-12,137,1,-371,-118,73
-24,102,-12,137,1,-372,-119,72
-25,102,-11,136,1,-372,-120,74
-27,102,-10,135,1,-371,-119,74
-28,100,-10,134,1,-371,-120,72
-28,99,-10,134,1,-371,-120,72
-27,99,-10,135,1,-371,-120,70
-27,100,-10,135,1,-371,-119,72
-27,101,-10,134,0,-371,-119,73
-28,101,-10,134,0,-371,-122,73
-30,100,-10,134,0,-371,-123,72
-30,99,-10,135,1,-371,-123,72
-28,100,-10,135,2,-371,-120,72
-27,101,-10,134,2,-371,-119,73
-27,103,-8,133,1,-371,-120,75
-28,104,-7,132,0,-371,-119,78
-29,105,-8,132,0,-371,-119,76
-28,107,-9,133,0,-371,-120,79
-27,108,-10,134,1,-371,-119,80
-27,111,-9,134,1,-371,-120,83
-27,112,-9,133,1,-371,-119,84
-26,113,-9,133,1,-371,-119,85
-24,114,-9,134,1,-371,-117,86
-23,114,-10,135,1,-371,-117,86
-23,116,-10,135,1,-371,-115,87
-23,118,-10,134,1,-372,-115,91
-22,120,-10,135,1,-371,-115,92
-21,121,-9,136,1,-371,-114,93
-21,121,-7,137,0,-371,-113,93
-21,121,-6,138,0,-372,-117,93
-21,122,-6,138,0,-372,-117,97
-20,124,-6,138,0,-373,-115,98
-20,125,-6,138,1,-373,-115,97
-20,126,-6,137,2,-372,-115,98
-20,126,-7,137,1,-371,-113,98
-18,124,-7,137,0,-370,-112,97
-17,123,-7,137,0,-371,-109,96
-17,123,-6,138,0,-373,-112,95
-18,122,-5,138,0,-374,-113,97
-19,122,-6,138,0,-374,-114,95
-20,122,-7,137,0,-373,-113,95
-18,122,-8,136,0,-373,-111,95
-17,121,-9,136,1,-374,-111,93
-18,119,-8,136,1,-375,-111,91
-18,117,-9,136,1,-373,-111,90
-19,117,-9,135,1,-372,-112,89
-19,116,-10,134,1,-371,-112,89
-19,115,-10,134,1,-371,-112,87
-20,112,-10,134,1,-371,-112,84
-20,110,-10,135,1,-373,-113,83
-21,110,-9,135,1,-375,-113,81
-21,110,-10,135,1,-376,-113,83
-21,110,-11,133,1,-375,-113,83
-19,109,-12,132,1,-373,-112,81
-19,107,-13,131,1,-371,-112,76
-19,105,-12,132,1,-371,-112,78
-21,104,-11,133,1,-372,-114,76
-22,103,-10,135,1,-373,-115,75
-23,104,-9,135,0,-372,-115,75
-22,103,-10,135,0,-372,-115,75
-21,103,-10,134,0,-371,-114,75
-21,102,-10,134,0,-371,-114,74
-22,100,-10,134,1,-371,-114,72
-24,98,-10,134,1,-372,-115,70
-25,97,-10,134,0,-371,-117,69
-25,97,-10,134,0,-371,-118,68
-24,97,-10,134,0,-371,-117,69
-23,97,-10,134,1,-371,-115,69
-23,98,-10,134,0,-371,-115,70
-23,98,-10,134,-1,-371,-115,69
-24,97,-10,134,-3,-371,-117,69
-25,97,-10,134,-3,-371,-117,69
-25,97,-10,134,-1,-371,-117,69
-25,97,-10,134,0,-371,-117,69
-24,97,-10,134,1,-371,-117,69
-24,97,-10,134,2,-371,-117,69
-24,97,-10,134,2,-371,-117,69
-25,97,-10,134,1,-371,-117,69
-25,98,-10,134,0,-371,-118,69
-25,99,-10,134,-1,-371,-118,70
-25,101,-10,134,-1,-371,-118,73
-23,102,-10,135,0,-371,-115,74
-22,102,-9,135,2,-371,-114,74
-21,102,-10,134,1,-371,-113,74
-22,102,-10,133,0,-371,-114,74
-22,103,-12,132,-1,-371,-115,75
-23,104,-13,131,-1,-371,-115,73
-23,104,-14,131,0,-371,-115,73
-23,104,-14,131,0,-372,-115,73
-22,104,-13,132,-1,-372,-114,73
-22,104,-13,131,-3,-373,-114,73
-22,104,-13,131,-3,-372,-115,75
-23,104,-14,131,-3,-371,-115,73
-23,104,-14,133,-3,-371,-115,73
-22,103,-15,134,-3,-371,-117,73
-20,102,-16,134,-2,-371,-115,72
-18,102,-15,134,-1,-371,-113,72
-17,103,-15,133,0,-371,-109,73
-17,104,-14,132,0,-371,-109,74
-17,104,-13,132,0,-371,-109,74
-17,103,-12,132,-1,-371,-109,75
-18,101,-10,133,-3,-371,-109,73
-18,99,-10,134,-3,-370,-111,72
-20,99,-9,135,-3,-369,-112,72
-21,100,-10,135,-3,-368,-113,72
-21,101,-11,136,-3,-367,-115,73
-21,101,-11,136,-2,-366,-115,73
-21,101,-11,136,-3,-366,-115,73
-21,100,-10,135,-3,-366,-113,72
-21,101,-10,134,-3,-366,-113,73
-21,101,-10,134,-3,-366,-113,74
-22,102,-10,134,-3,-366,-114,74
-23,101,-10,135,-3,-366,-115,73
-23,100,-10,135,-3,-366,-115,72
-23,98,-10,134,-3,-366,-115,70
-23,97,-10,134,-3,-366,-115,69
-24,97,-10,134,-3,-366,-117,69
-25,97,-10,134,-3,-366,-117,69
-25,97,-10,134,-3,-366,-117,69
-25,97,-10,134,-3,-366,-117,69
-25,97,-10,134,-3,-366,-117,69
-25,97,-10,134,-3,-366,-117,69
-24,97,-10,134,-3,-366,-117,69
-23,98,-10,134,-3,-366,-115,70
-24,99,-10,134,-3,-366,-115,70
-24,99,-10,134,-3,-366,-117,72
-23,99,-10,134,-3,-366,-115,70
-22,99,-10,134,-3,-366,-114,70
-20,99,-10,134,-3,-366,-113,70
-20,100,-10,134,-3,-366,-113,73
-21,101,-10,134,-3,-366,-113,73
-22,102,-10,134,-3,-366,-114,74
-22,103,-10,134,-3,-366,-115,75
-22,103,-10,134,-3,-366,-114,75
-21,102,-10,134,-3,-366,-114,74
-21,101,-10,134,-3,-366,-113,73
-21,99,-10,134,-3,-366,-113,72
-21,100,-10,134,-3,-366,-113,73
-20,101,-10,134,-3,-365,-112,74
-18,102,-10,134,-3,-365,-111,74
-16,102,-10,134,-3,-365,-108,74
-15,102,-10,134,-3,-364,-107,74
-16,101,-10,134,-2,-363,-108,74
-17,101,-10,134,-3,-363,-109,73
-19,100,-10,134,-3,-363,-112,72
-20,99,-10,134,-3,-362,-113,70
-21,99,-10,134,-2,-362,-113,70
-20,99,-10,135,-2,-361,-112,72
-20,100,-10,135,-3,-361,-112,72
-20,99,-10,134,-3,-361,-113,70
-21,99,-10,134,-4,-361,-113,70
-22,98,-10,134,-3,-361,-114,70
-23,99,-10,135,-2,-361,-115,70
-23,100,-11,136,-1,-361,-118,72
-22,101,-11,136,-2,-361,-118,73
-21,101,-11,136,-4,-361,-117,73
-21,102,-10,135,-5,-361,-113,74
-22,102,-10,135,-6,-361,-114,74
-22,103,-10,135,-5,-361,-115,75
-23,104,-11,136,-5,-361,-118,75
-23,104,-12,137,-4,-361,-118,73
-22,104,-12,137,-4,-361,-118,73
-22,103,-13,138,-3,-361,-118,73
-23,104,-13,138,-2,-361,-120,73
-22,104,-13,138,-2,-361,-120,73
-22,104,-13,138,-2,-363,-118,73
-22,103,-13,138,-3,-365,-118,73
-23,104,-13,138,-2,-366,-118,73
-23,105,-13,138,-2,-367,-118,74
-23,105,-13,138,-3,-366,-118,75
-22,105,-13,138,-3,-366,-117,75
-21,105,-13,138,-4,-366,-115,74
-21,104,-13,138,-6,-366,-115,74
-22,104,-13,138,-6,-366,-117,73
-23,103,-13,138,-6,-366,-118,73
-23,104,-13,138,-4,-366,-118,73
-22,104,-13,138,-3,-366,-117,73
-21,104,-13,138,-2,-366,-117,74
-21,104,-13,138,-2,-366,-117,74
-21,104,-13,138,-3,-368,-117,74
-21,104,-13,138,-3,-369,-115,74
-19,104,-14,137,-3,-371,-114,73
-17,103,-14,137,-3,-371,-112,73
-16,102,-15,137,-3,-371,-111,72
-15,101,-14,137,-4,-371,-109,72
-16,101,-15,137,-5,-371,-111,72
-18,101,-16,136,-4,-371,-112,70
-19,100,-16,135,-3,-371,-114,69
-20,99,-16,134,-3,-371,-114,69
-20,99,-14,132,-3,-371,-113,68
-20,99,-13,132,-3,-372,-113,69
-21,101,-13,131,-3,-373,-113,70
-21,103,-14,131,-3,-374,-114,72
-21,104,-13,132,-3,-374,-114,74
-21,104,-12,133,-3,-374,-113,76
-20,105,-11,133,-3,-374,-113,78
-20,106,-11,133,-3,-375,-112,79
-20,108,-12,133,-3,-376,-113,80
-21,110,-12,132,-3,-376,-113,83
-21,112,-11,133,-3,-375,-114,84
-21,114,-10,134,-5,-374,-113,86
-20,115,-9,135,-6,-374,-113,87
-19,117,-10,135,-6,-374,-112,90
-19,118,-10,134,-5,-375,-112,91
-18,120,-10,134,-5,-375,-112,92
-18,122,-10,135,-6,-374,-111,95
-18,125,-10,134,-6,-372,-111,97
-18,126,-10,134,-6,-372,-111,100
-19,127,-10,135,-7,-372,-112,100
-19,128,-9,136,-7,-372,-112,101
-18,128,-7,137,-8,-372,-111,101
-16,129,-6,138,-8,-372,-111,102
-15,130,-6,138,-8,-371,-111,106
-15,131,-6,138,-7,-371,-111,104
-15,132,-6,138,-7,-372,-111,104
-15,131,-6,138,-8,-372,-111,103
-15,130,-6,138,-8,-372,-111,103
-15,130,-6,138,-8,-372,-111,102
-14,130,-7,138,-7,-372,-109,102
-15,130,-7,139,-7,-372,-111,102
-14,130,-7,139,-5,-372,-111,103
-14,131,-7,139,-5,-372,-111,103
-15,130,-7,139,-6,-373,-111,102
-15,128,-7,139,-7,-373,-111,101
-16,125,-8,140,-6,-373,-112,98
-16,123,-8,140,-5,-374,-112,96
-17,123,-8,140,-5,-374,-112,95
-17,123,-7,139,-6,-375,-112,96
-17,124,-7,139,-7,-375,-112,96
-16,123,-7,138,-7,-374,-112,96
-16,123,-7,138,-6,-374,-112,96
-17,123,-7,140,-6,-373,-112,96
-18,125,-8,140,-8,-373,-113,97
-18,126,-9,140,-8,-372,-117,98
-19,128,-10,140,-8,-373,-114,101
-19,128,-10,139,-7,-374,-114,101
-19,128,-8,138,-6,-374,-114,101
-19,127,-7,138,-7,-374,-114,100
-20,129,-6,138,-7,-374,-115,101
-21,131,-7,139,-8,-374,-117,103
-20,133,-7,139,-8,-372,-115,106
-18,133,-7,139,-8,-372,-114,106
-17,134,-7,138,-7,-372,-113,107
-18,136,-6,138,-6,-374,-113,108
-19,137,-6,138,-6,-375,-114,109
-19,138,-6,138,-7,-376,-115,111
-18,140,-6,138,-8,-376,-114,112
-16,140,-6,138,-8,-375,-112,113
-15,141,-6,138,-7,-376,-111,114
-15,141,-6,138,-6,-376,-111,114
-15,141,-6,138,-7,-375,-111,114
-16,142,-6,138,-8,-374,-112,114
-15,143,-6,138,-8,-374,-111,117
-13,145,-7,138,-7,-374,-109,118
-13,147,-7,139,-4,-374,-108,119
-12,148,-7,139,-3,-372,-108,120
-13,148,-7,139,-2,-371,-109,122
-13,148,-7,138,-4,-371,-109,120
-13,148,-6,137,-7,-372,-109,123
-13,147,-6,137,-8,-373,-109,123
-13,147,-6,138,-9,-372,-108,120
-13,148,-7,139,-8,-371,-109,120
-14,149,-7,139,-7,-370,-109,123
-14,151,-8,140,-6,-370,-111,124
-15,151,-9,141,-6,-371,-113,124
-14,151,-9,141,-7,-371,-113,124
-14,149,-10,142,-7,-371,-113,120
-14,148,-10,142,-7,-371,-112,119
-13,148,-9,141,-6,-371,-112,120
-12,148,-9,141,-5,-371,-111,122
-10,149,-9,141,-5,-371,-108,123
-9,150,-9,141,-6,-371,-107,123
-9,150,-9,141,-7,-371,-107,123
-10,149,-9,141,-8,-371,-108,123
-11,149,-9,141,-8,-371,-109,122
-10,149,-9,141,-7,-371,-108,123
-9,150,-9,141,-7,-371,-107,123
-9,150,-9,141,-7,-371,-107,123
-10,149,-9,141,-8,-371,-108,123
-12,148,-9,141,-8,-371,-111,122
-13,148,-9,141,-8,-371,-112,120
-14,148,-9,141,-8,-371,-112,120
-13,147,-10,141,-8,-371,-112,120
-12,146,-10,140,-8,-371,-111,117
-11,145,-11,140,-8,-371,-109,115
-11,144,-10,140,-8,-371,-109,114
-12,142,-9,141,-8,-371,-111,115
-13,140,-9,141,-8,-371,-111,113
-14,138,-10,140,-8,-371,-112,108
-13,137,-12,139,-8,-371,-111,107
-12,136,-13,138,-8,-371,-108,107
-12,135,-13,138,-8,-371,-108,106
-13,135,-13,138,-8,-371,-109,104
-14,134,-13,138,-8,-371,-111,104
-16,133,-13,138,-8,-371,-112,103
-17,130,-13,138,-8,-371,-113,101
-18,129,-13,138,-8,-371,-113,98
-19,128,-13,138,-8,-371,-114,97
-19,128,-12,139,-8,-371,-117,97
-19,128,-11,140,-7,-371,-117,98
-18,126,-11,140,-8,-371,-117,96
-18,124,-10,139,-8,-371,-113,96
-18,122,-11,137,-8,-371,-113,95
-19,122,-11,137,-7,-369,-114,93
-20,122,-11,137,-7,-367,-115,91
-21,121,-12,136,-8,-366,-117,91
-21,121,-11,135,-9,-365,-114,93
-21,121,-10,135,-9,-365,-114,93
-21,121,-8,136,-9,-365,-113,93
-21,121,-7,137,-8,-366,-113,93
-21,121,-7,137,-8,-366,-117,93
-21,121,-8,136,-9,-365,-114,93
-21,121,-9,136,-9,-364,-113,93
-19,122,-9,136,-10,-362,-112,95
-18,122,-7,137,-10,-361,-111,95
-17,123,-6,137,-10,-360,-112,96
-17,123,-6,137,-10,-360,-112,96
-17,124,-7,137,-11,-361,-112,96
-15,124,-9,136,-11,-361,-108,97
-14,125,-8,135,-12,-361,-107,97
-13,126,-7,136,-12,-361,-106,101
-13,127,-5,136,-12,-359,-106,102
-14,129,-5,137,-12,-357,-107,104
-15,130,-6,138,-11,-356,-111,104
-15,130,-6,138,-12,-355,-111,103
-14,130,-6,138,-12,-356,-111,103
-13,130,-6,138,-12,-356,-108,103
-11,132,-6,138,-12,-356,-107,107
-10,132,-6,138,-12,-355,-106,106
-10,133,-8,137,-12,-354,-106,106
-10,132,-9,136,-12,-353,-103,106
-10,132,-7,134,-12,-352,-103,106
-10,132,-5,134,-12,-352,-103,108
-10,132,-3,134,-12,-352,-101,108
-10,132,-3,135,-11,-351,-103,108
-10,132,-4,136,-11,-351,-103,108
-10,132,-5,137,-11,-350,-103,108
-10,132,-5,136,-11,-351,-103,108
-10,132,-6,135,-11,-351,-103,108
-10,133,-5,134,-11,-351,-103,108
-10,132,-4,134,-11,-351,-103,108
-12,131,-4,135,-11,-351,-104,107
-13,131,-4,134,-13,-351,-106,106
-13,131,-6,133,-15,-350,-106,106
-12,131,-7,132,-16,-349,-102,107
-12,131,-7,131,-15,-349,-102,107
-13,131,-7,131,-14,-349,-103,106
-14,130,-5,132,-13,-350,-104,106
-15,130,-4,133,-13,-350,-106,106
-15,130,-3,134,-14,-350,-106,106
-14,130,-2,135,-14,-349,-104,106
-14,130,-2,134,-15,-348,-104,106
-14,130,-3,134,-15,-347,-104,106
-15,130,-4,133,-15,-346,-106,106
-15,130,-4,133,-14,-345,-106,106
-15,130,-3,133,-14,-345,-106,106
-15,130,-3,133,-15,-346,-106,106
-14,130,-4,133,-17,-347,-104,106
-14,130,-4,133,-17,-347,-104,106
-15,130,-4,134,-15,-346,-106,106
-16,129,-3,134,-14,-346,-106,104
-18,129,-4,133,-14,-347,-108,103
-19,128,-5,133,-15,-349,-109,103
-19,127,-5,132,-16,-349,-109,102
-18,127,-6,132,-16,-348,-109,102
-18,126,-6,133,-15,-347,-108,101
-18,125,-7,133,-14,-347,-108,100
-18,123,-7,132,-14,-347,-109,98
-20,122,-7,131,-16,-347,-111,97
-21,121,-7,131,-17,-347,-111,96
-21,121,-6,131,-17,-348,-112,96
-21,119,-7,131,-16,-350,-112,93
-22,116,-7,131,-14,-350,-113,91
-22,115,-7,131,-13,-351,-113,90
-23,114,-6,131,-13,-351,-114,89
-24,114,-6,131,-14,-350,-114,89
-25,112,-7,131,-16,-350,-115,86
-25,109,-7,130,-17,-350,-115,84
-25,108,-8,130,-16,-350,-115,83
-26,107,-8,129,-14,-350,-117,81
-27,106,-9,128,-13,-350,-115,78
-28,104,-10,128,-13,-350,-117,76
-28,104,-10,128,-14,-350,-117,75
-28,103,-10,127,-15,-350,-115,75
-27,102,-10,128,-15,-350,-114,74
-27,101,-10,128,-14,-350,-114,73
-27,101,-9,129,-15,-350,-117,75
-27,101,-9,129,-16,-350,-117,75
-27,101,-9,128,-15,-350,-114,73
-27,101,-10,128,-13,-351,-114,73
-27,101,-9,128,-11,-351,-114,73
-27,101,-7,130,-12,-350,-117,75
-25,102,-7,131,-14,-349,-115,76
-24,103,-6,131,-16,-349,-114,78
-23,105,-6,131,-17,-349,-113,79
-24,107,-7,131,-16,-349,-114,81
-25,108,-7,131,-16,-349,-114,83
-24,109,-7,131,-16,-350,-114,84
-22,109,-7,131,-16,-350,-112,84
-21,111,-7,131,-15,-349,-112,86
-21,113,-7,131,-14,-349,-112,87
-21,115,-7,131,-14,-349,-112,90
-21,117,-6,131,-14,-350,-112,92
-20,120,-5,130,-15,-351,-108,95
-21,121,-5,130,-15,-351,-108,96
-21,122,-5,130,-14,-350,-112,96
-21,121,-5,131,-14,-350,-112,96
-21,121,-4,131,-14,-350,-112,96
-21,121,-3,130,-13,-350,-109,98
-21,122,-2,129,-13,-350,-109,100
-23,124,-2,128,-14,-351,-111,102
-23,125,-2,128,-15,-350,-112,102
-23,125,-2,129,-16,-350,-112,102
-22,123,-2,129,-14,-350,-111,101
-22,122,-2,128,-13,-351,-109,100
-21,122,-3,128,-14,-352,-109,100
-21,121,-3,127,-14,-352,-108,98
-21,121,-3,127,-15,-352,-109,98
-22,120,-3,127,-14,-352,-111,98
-24,119,-3,127,-12,-354,-112,97
-24,118,-3,127,-11,-355,-112,95
-24,115,-3,127,-11,-356,-112,92
-25,114,-3,127,-12,-356,-113,91
-25,113,-3,127,-12,-356,-113,90
-26,111,-3,127,-12,-356,-114,89
-26,109,-3,127,-11,-355,-114,86
-25,106,-3,127,-12,-355,-113,83
-25,103,-3,127,-12,-356,-113,80
-27,101,-4,126,-12,-357,-112,78
-28,100,-4,126,-12,-358,-113,76
-30,99,-5,126,-12,-357,-115,76
-31,99,-5,126,-12,-356,-117,76
-32,99,-4,126,-12,-356,-117,76
-31,99,-4,126,-12,-357,-117,75
-30,98,-3,127,-12,-359,-118,74
-29,96,-3,127,-12,-361,-117,73
-28,94,-3,127,-12,-361,-115,72
-28,94,-3,127,-12,-361,-115,70
-28,94,-3,127,-12,-361,-115,72
-30,96,-3,127,-12,-361,-118,73
-31,97,-3,127,-12,-361,-119,74
-31,99,-3,127,-12,-361,-119,75
-30,100,-3,127,-12,-361,-118,78
-28,101,-3,127,-12,-361,-115,78
-27,101,-3,127,-12,-361,-114,78
-26,101,-3,127,-12,-361,-114,78
-25,102,-3,127,-12,-361,-113,79
-25,104,-3,127,-12,-361,-112,80
-25,106,-3,127,-12,-361,-112,84
-25,109,-3,127,-11,-361,-113,86
-25,112,-3,127,-10,-361,-113,89
-25,114,-3,127,-10,-361,-113,91
-24,116,-2,128,-11,-361,-112,93
-24,117,-2,129,-12,-361,-112,95
-24,119,-1,129,-12,-361,-112,96
-24,122,0,130,-10,-361,-112,100
-23,124,0,130,-10,-361,-111,102
-22,126,0,131,-11,-362,-111,103
-20,127,0,131,-12,-362,-108,104
-19,128,0,130,-12,-362,-107,106
-19,129,0,130,-11,-362,-107,107
-21,130,0,130,-9,-362,-109,108
-21,132,0,130,-9,-363,-109,109
-21,133,0,130,-9,-365,-109,111
-20,133,0,130,-8,-365,-108,111
-18,133,0,130,-8,-366,-107,112
-18,133,0,130,-8,-366,-107,112
-20,133,0,130,-9,-365,-108,112
-21,132,0,130,-10,-365,-109,109
-21,130,0,130,-11,-365,-109,108
-20,129,0,130,-10,-365,-108,107
-19,127,0,130,-9,-365,-107,104
-18,127,0,130,-7,-366,-107,106
-19,128,0,130,-7,-366,-107,106
-19,128,0,130,-7,-366,-107,106
-19,128,0,130,-7,-366,-108,106
-20,127,0,130,-7,-366,-108,104
-21,125,0,130,-7,-366,-109,102
-21,122,0,130,-7,-366,-109,100
-21,121,0,131,-7,-366,-109,98
-21,121,0,131,-7,-366,-109,98
-21,121,0,130,-7,-366,-108,98
-21,121,0,130,-7,-366,-109,98
-21,121,-1,130,-7,-366,-109,98
-21,121,-1,130,-7,-366,-109,98
-21,121,-1,130,-7,-366,-109,98
-21,121,-2,128,-7,-366,-109,98
-21,121,-3,127,-7,-366,-108,98
-21,121,-3,127,-7,-366,-109,98
-21,121,-3,128,-7,-364,-109,98
-21,121,-4,129,-7,-362,-109,96
-21,121,-4,129,-7,-361,-108,96
-21,121,-4,128,-7,-361,-108,98
-21,121,-3,128,-7,-361,-109,98
-23,120,-4,128,-7,-361,-111,97
-24,119,-5,130,-7,-361,-112,95
-24,119,-7,131,-7,-361,-114,95
-22,120,-7,131,-7,-361,-113,95
-20,120,-7,131,-7,-361,-111,95
-20,119,-7,131,-7,-361,-111,95
-20,120,-7,131,-7,-361,-111,95
-21,121,-7,131,-7,-361,-112,96
-21,121,-7,131,-7,-361,-112,96
-21,121,-7,131,-7,-361,-112,96
-20,122,-7,131,-7,-361,-111,97
-18,122,-7,131,-7,-361,-108,97
-17,123,-6,131,-7,-361,-107,98
-16,123,-7,131,-7,-361,-107,98
-17,124,-7,132,-7,-361,-107,98
-18,125,-9,133,-7,-361,-111,97
-19,126,-10,134,-7,-361,-112,98
-19,128,-10,135,-7,-361,-112,101
-18,129,-9,136,-7,-362,-111,101
-16,129,-8,136,-7,-364,-108,102
-14,130,-7,137,-7,-366,-107,102
-14,130,-7,137,-7,-366,-109,102
-16,131,-6,138,-6,-366,-112,103
-17,133,-6,138,-5,-366,-112,106
-15,135,-6,138,-6,-366,-111,108
-14,137,-6,138,-7,-366,-109,109
-13,137,-6,138,-7,-366,-109,109
-14,136,-6,138,-7,-366,-109,109
-14,136,-6,138,-7,-366,-109,108
-14,136,-6,138,-7,-365,-109,108
-13,136,-6,138,-7,-366,-108,109
-12,137,-6,138,-7,-367,-108,109
-12,137,-6,138,-8,-369,-108,109
-13,137,-6,138,-8,-371,-108,109
-12,137,-6,137,-7,-371,-108,109
-12,137,-7,137,-6,-371,-106,109
-13,137,-7,137,-4,-371,-106,109
-14,136,-7,137,-4,-371,-107,109
-15,135,-7,137,-6,-371,-108,108
-16,133,-9,136,-7,-371,-109,106
-16,131,-10,135,-8,-371,-109,104
-16,129,-10,134,-7,-371,-109,102
-17,127,-9,133,-5,-371,-109,100
-17,125,-8,133,-4,-371,-111,97
-17,122,-8,132,-4,-371,-108,95
-18,118,-9,132,-4,-371,-108,91
-19,115,-10,132,-5,-371,-109,87
-21,111,-10,131,-6,-371,-112,83
-23,108,-11,130,-7,-371,-113,80
-25,104,-10,129,-7,-371,-114,76
-25,101,-10,128,-7,-371,-113,73
-25,96,-10,127,-6,-371,-113,68
-25,91,-11,127,-6,-371,-112,63
-26,87,-13,127,-6,-371,-113,58
-27,84,-15,126,-6,-371,-114,53
-28,81,-15,125,-7,-371,-115,51
-29,77,-14,125,-7,-371,-117,48
-30,74,-14,125,-8,-371,-117,45
-31,71,-14,125,-8,-371,-118,42
-32,70,-14,125,-8,-371,-118,41
-33,68,-14,125,-7,-370,-120,39
-35,65,-14,125,-6,-371,-122,36
-37,63,-14,124,-6,-372,-124,34
-38,61,-14,124,-7,-374,-125,31
-38,60,-14,125,-7,-375,-125,30
-38,58,-14,125,-7,-376,-125,29
-39,56,-14,124,-7,-376,-125,26
-40,54,-14,124,-6,-375,-126,25
-41,54,-15,123,-6,-375,-128,25
-41,56,-16,122,-6,-375,-128,26
-42,58,-17,122,-7,-375,-126,26
-43,59,-17,122,-7,-375,-130,28
-43,60,-16,122,-8,-376,-130,28
-43,59,-15,123,-8,-377,-129,30
-41,59,-14,124,-8,-378,-128,30
-40,61,-13,125,-8,-378,-126,31
-39,63,-14,125,-8,-378,-126,34
-39,65,-14,125,-8,-378,-125,36
-38,67,-15,126,-8,-379,-125,35
-37,68,-16,126,-7,-380,-126,37
-36,70,-16,127,-6,-381,-125,39
-35,72,-17,128,-7,-381,-124,41
-34,75,-17,128,-8,-379,-124,43
-34,77,-17,128,-8,-377,-123,46
-33,79,-17,128,-8,-375,-123,48
-33,81,-17,128,-8,-375,-123,50
-33,83,-17,128,-8,-375,-123,52
-33,85,-16,129,-8,-376,-123,53
-32,87,-14,130,-8,-376,-125,56
-32,89,-13,131,-8,-375,-124,58
-31,92,-13,132,-8,-375,-123,61
-31,95,-14,132,-8,-375,-123,64
-31,98,-15,133,-8,-375,-123,67
-29,100,-15,134,-8,-376,-124,69
-28,100,-15,135,-8,-376,-123,69
-27,101,-14,137,-8,-375,-122,70
-26,103,-14,136,-8,-374,-122,73
-25,106,-14,135,-8,-372,-120,75
-25,108,-14,134,-8,-371,-118,78
-25,108,-14,134,-8,-370,-118,78
-25,108,-13,135,-8,-371,-120,76
-25,108,-11,136,-8,-371,-120,79
-24,110,-10,135,-8,-371,-117,81
-23,113,-10,135,-8,-371,-115,85
-23,114,-10,134,-8,-372,-115,86
-23,115,-10,135,-8,-372,-115,87
-23,115,-10,135,-8,-373,-115,86
-23,114,-10,134,-8,-372,-115,86
-23,114,-10,133,-8,-372,-115,86
-23,114,-11,133,-8,-372,-115,86
-23,114,-11,133,-8,-372,-115,86
-23,114,-11,133,-8,-374,-115,86
-23,114,-12,133,-8,-375,-115,86
-23,114,-12,132,-8,-376,-115,86
-23,114,-12,132,-8,-376,-115,86
-23,114,-11,133,-8,-375,-115,86
-23,114,-10,134,-8,-375,-115,86
-23,114,-11,133,-8,-375,-115,86
-23,114,-12,132,-8,-375,-115,86
-23,114,-12,133,-8,-375,-115,86
-23,114,-11,133,-8,-376,-115,86
-23,114,-10,134,-8,-375,-115,86
-23,114,-10,134,-8,-375,-117,86
-23,114,-11,133,-8,-375,-115,86
-21,115,-11,133,-8,-376,-114,87
-20,116,-10,134,-10,-377,-112,89
-19,117,-10,135,-10,-377,-112,89
-18,117,-10,135,-9,-377,-111,90
-18,117,-9,133,-8,-376,-111,89
-19,117,-7,132,-8,-375,-109,91
-19,117,-6,131,-9,-375,-109,91
-18,117,-5,132,-11,-375,-109,92
-17,117,-5,132,-11,-376,-107,92
-15,118,-6,132,-11,-377,-106,93
-14,119,-5,133,-12,-377,-104,95
-14,121,-4,133,-13,-377,-104,96
-16,122,-3,134,-13,-377,-106,97
-17,123,-3,134,-14,-379,-107,98
-17,124,-3,133,-13,-380,-107,98
-17,123,-4,133,-12,-379,-107,98
-17,123,-4,133,-11,-377,-107,98
-16,123,-4,133,-10,-375,-107,98
-15,124,-4,133,-10,-375,-106,100
-15,124,-4,133,-12,-375,-106,100
-15,124,-4,133,-13,-375,-106,100
-16,124,-5,132,-13,-375,-107,98
-17,124,-6,131,-13,-375,-107,98
-17,123,-7,131,-13,-375,-107,98
-16,122,-7,131,-13,-375,-107,97
-15,120,-6,131,-13,-375,-106,96
-14,119,-6,131,-13,-375,-104,95
-14,119,-7,131,-13,-375,-104,93
-15,118,-7,131,-13,-374,-106,93
-17,118,-7,131,-13,-372,-107,93
-19,117,-7,131,-13,-370,-109,91
-20,114,-7,131,-13,-370,-109,89
-20,112,-7,131,-13,-370,-111,87
-20,111,-6,131,-13,-371,-111,85
-21,110,-7,132,-13,-371,-111,85
-21,108,-7,132,-13,-369,-112,83
-22,106,-9,132,-13,-367,-112,78
-23,104,-10,130,-12,-365,-113,75
-23,101,-10,128,-12,-365,-111,73
-24,99,-10,127,-12,-365,-111,70
-25,97,-11,129,-12,-366,-114,69
-26,96,-11,130,-12,-366,-117,68
-28,95,-12,130,-12,-365,-118,67
-28,93,-11,130,-12,-365,-118,65
-27,92,-11,129,-12,-365,-117,64
-27,90,-10,128,-12,-366,-114,62
-27,89,-10,128,-12,-366,-114,61
-29,89,-10,128,-12,-365,-117,61
-31,88,-10,128,-12,-364,-118,59
-31,88,-10,128,-12,-364,-119,59
-31,88,-10,128,-12,-364,-118,59
-30,88,-10,128,-12,-365,-118,59
-29,89,-10,128,-12,-366,-117,61
-28,91,-10,128,-12,-365,-115,63
-28,93,-10,128,-12,-363,-115,65
-28,95,-11,129,-12,-362,-118,67
-29,95,-12,129,-12,-362,-119,67
-29,94,-12,130,-12,-362,-119,65
-28,94,-11,131,-12,-364,-118,65
-27,95,-9,132,-12,-365,-117,67
-26,97,-8,132,-12,-366,-117,69
-26,100,-7,133,-12,-366,-117,74
-27,101,-8,133,-12,-365,-119,73
-27,102,-9,134,-12,-365,-119,74
-26,102,-9,134,-12,-365,-119,74
-25,102,-9,133,-12,-365,-118,74
-24,102,-9,133,-12,-365,-117,74
-23,103,-10,134,-12,-365,-115,75
-23,103,-10,135,-12,-365,-115,75
-22,104,-10,135,-12,-365,-115,75
-23,105,-10,134,-12,-365,-115,78
-24,107,-10,134,-12,-365,-117,79
-26,108,-10,134,-12,-365,-119,80
-28,107,-10,135,-12,-365,-120,79
-28,104,-10,134,-12,-365,-120,76
-28,102,-10,134,-12,-365,-120,74
-27,101,-10,134,-12,-365,-119,73
-26,101,-10,135,-12,-366,-119,73
-27,101,-11,136,-12,-366,-122,73
-27,101,-11,136,-12,-365,-122,73
-27,101,-11,136,-12,-364,-122,73
-27,101,-10,135,-12,-364,-119,73
-27,101,-10,134,-12,-364,-119,73
-26,100,-10,134,-12,-365,-119,72
-25,98,-10,135,-12,-366,-118,70
-25,97,-10,135,-12,-366,-117,69
-24,97,-10,134,-12,-365,-117,68
-25,97,-11,133,-12,-365,-117,69
-25,97,-12,132,-12,-366,-117,69
-25,97,-12,133,-12,-366,-117,69
-24,97,-11,133,-12,-365,-117,69
-24,97,-11,133,-12,-364,-117,68
-25,97,-11,133,-12,-364,-117,69
-25,98,-12,132,-12,-364,-117,70
-25,101,-12,132,-12,-365,-117,73
-24,103,-12,132,-12,-366,-117,75
-23,104,-11,133,-12,-366,-115,75
-22,104,-10,133,-12,-365,-114,75
-21,104,-11,133,-12,-365,-113,76
-19,105,-12,133,-12,-365,-112,78
-19,107,-14,131,-12,-365,-112,76
-20,109,-13,131,-12,-365,-112,79
-21,110,-12,131,-12,-365,-111,83
-21,111,-9,132,-12,-365,-113,83
-19,111,-8,133,-12,-365,-112,83
-18,111,-9,135,-12,-365,-111,84
-17,112,-10,135,-12,-365,-109,85
-17,114,-10,135,-12,-365,-109,86
-16,116,-10,134,-12,-365,-109,89
-15,118,-8,133,-12,-365,-108,91
-14,119,-8,133,-12,-365,-107,91
-14,119,-9,133,-12,-365,-107,92
-15,120,-10,134,-12,-365,-107,92
-16,122,-10,135,-12,-365,-108,95
-16,125,-9,136,-12,-366,-109,98
-16,128,-7,137,-12,-366,-108,101
-15,130,-6,138,-12,-365,-111,102
-14,130,-6,138,-12,-364,-109,106
-14,131,-6,138,-12,-362,-109,103
-13,132,-6,138,-12,-362,-108,104
-12,135,-6,138,-12,-362,-107,108
-11,138,-6,137,-12,-362,-107,111
-10,140,-6,138,-12,-361,-106,113
-10,142,-5,139,-12,-361,-106,118
-10,143,-3,140,-12,-360,-107,119
-12,145,-3,141,-12,-361,-108,120
-13,146,-2,141,-12,-361,-108,122
-12,148,-2,141,-11,-361,-108,124
-10,149,-3,141,-12,-361,-106,125
-10,151,-3,141,-14,-359,-106,126
-10,153,-3,141,-15,-357,-106,129
-11,154,-2,141,-16,-355,-107,130
-11,155,-3,141,-16,-355,-108,130
-11,154,-3,141,-15,-355,-108,130
-11,154,-3,141,-15,-356,-107,130
-11,154,-3,141,-14,-356,-107,130
-11,154,-2,141,-13,-355,-107,130
-11,154,-2,140,-12,-356,-107,130
-11,155,-3,139,-13,-356,-107,130
-11,155,-4,138,-13,-355,-108,130
-13,153,-5,138,-13,-356,-109,129
-13,151,-4,138,-12,-356,-107,126
-14,149,-4,138,-13,-356,-107,125
-14,148,-5,137,-15,-355,-107,123
-14,146,-6,137,-17,-355,-111,122
-15,145,-7,138,-17,-355,-111,118
-16,142,-6,138,-15,-355,-112,115
-17,140,-5,137,-13,-356,-111,115
-18,138,-3,135,-12,-356,-111,113
-19,135,-3,134,-13,-355,-109,111
-20,132,-4,134,-14,-355,-113,107
-20,129,-5,134,-15,-355,-113,103
-19,126,-6,133,-15,-355,-113,101
-20,123,-6,132,-14,-355,-111,98
-22,120,-6,131,-14,-355,-112,95
-24,118,-7,131,-14,-355,-114,92
-25,115,-7,131,-13,-356,-115,90
-25,112,-7,131,-12,-356,-115,86
-25,109,-6,131,-13,-356,-115,84
-25,106,-7,132,-13,-355,-115,80
-26,103,-7,132,-13,-355,-117,78
-28,101,-8,131,-12,-356,-118,73
-29,98,-10,130,-13,-355,-119,70
-29,96,-12,130,-13,-355,-119,68
-30,93,-13,130,-13,-355,-119,64
-30,90,-12,130,-12,-356,-120,62
-31,88,-11,129,-11,-356,-120,59
-32,86,-10,128,-11,-356,-119,57
-32,83,-10,127,-12,-356,-119,54
-32,82,-11,126,-12,-356,-119,53
-32,80,-12,126,-12,-356,-119,51
-32,77,-13,125,-12,-356,-119,48
-33,76,-14,125,-12,-356,-120,47
-34,75,-14,125,-11,-356,-122,46
-35,74,-13,125,-11,-356,-122,46
-35,75,-12,126,-12,-356,-122,46
-35,75,-13,125,-13,-355,-122,46
-34,75,-13,125,-14,-355,-122,46
-35,75,-14,124,-13,-355,-122,46
-35,75,-14,124,-12,-356,-123,46
-35,75,-14,125,-11,-356,-122,46
-33,75,-14,124,-11,-356,-120,47
-32,76,-14,124,-11,-356,-119,47
-31,77,-14,124,-12,-355,-118,48
-31,78,-13,125,-13,-356,-118,50
-32,80,-11,127,-14,-357,-119,51
-32,82,-10,128,-15,-358,-119,53
-31,84,-10,128,-14,-358,-118,56
-30,86,-10,128,-13,-358,-118,58
-31,88,-10,128,-12,-358,-118,59
-30,90,-10,128,-11,-360,-118,62
-29,93,-10,128,-11,-361,-117,64
-28,97,-10,128,-12,-361,-115,68
-27,99,-10,127,-13,-358,-114,72
-27,101,-10,128,-14,-357,-114,73
-27,102,-9,129,-13,-357,-117,74
-26,104,-7,130,-12,-359,-117,78
-25,106,-6,131,-12,-359,-115,80
-25,107,-6,131,-11,-358,-115,81
-25,108,-7,131,-11,-356,-115,83
-25,108,-7,130,-12,-355,-115,83
-25,110,-8,130,-13,-355,-114,85
-23,112,-7,130,-14,-356,-113,86
-22,113,-7,131,-13,-356,-113,87
-22,113,-6,131,-12,-356,-112,89
-22,113,-6,131,-11,-356,-112,89
-23,114,-7,131,-11,-356,-113,89
-23,115,-7,131,-12,-356,-113,90
-23,115,-7,131,-12,-356,-113,90
-23,114,-6,131,-12,-356,-113,89
-23,114,-7,131,-11,-356,-113,89
-23,114,-8,132,-11,-355,-113,86
-23,114,-9,133,-12,-354,-115,86
-23,114,-9,133,-13,-354,-115,86
-23,114,-8,132,-14,-354,-113,86
-23,114,-7,131,-14,-355,-113,89
-23,114,-6,130,-14,-354,-113,89
-23,114,-7,131,-13,-353,-113,89
-23,114,-7,132,-12,-351,-113,89
-23,114,-8,132,-12,-350,-113,86
-23,114,-7,132,-13,-350,-113,89
-23,114,-7,132,-13,-351,-114,89
-23,115,-5,132,-12,-351,-113,90
-21,115,-5,132,-10,-351,-112,90
-20,116,-5,132,-11,-351,-111,91
-19,116,-6,131,-13,-351,-109,91
-18,117,-7,131,-15,-351,-108,92
-18,119,-7,131,-16,-350,-108,93
-18,121,-6,131,-16,-350,-108,96
-18,125,-5,132,-15,-349,-108,100
-18,127,-5,132,-14,-348,-108,102
-19,127,-5,132,-14,-347,-109,102
-19,127,-5,132,-15,-346,-109,102
-19,128,-5,132,-16,-346,-109,103
-18,130,-6,132,-16,-346,-109,104
-18,132,-5,132,-16,-346,-108,108
-18,134,-4,133,-16,-346,-108,109
-17,135,-3,134,-16,-346,-107,111
-15,135,-3,135,-16,-346,-106,111
-14,136,-3,134,-16,-345,-104,111
-14,138,-3,134,-16,-344,-104,113
-14,140,-3,134,-16,-344,-104,115
-15,141,-3,134,-16,-344,-106,117
-15,141,-3,134,-16,-344,-106,117
-15,141,-4,135,-16,-343,-108,117
-16,142,-4,136,-16,-341,-109,118
-17,144,-4,135,-16,-340,-111,119
-17,145,-3,134,-16,-340,-108,120
-17,146,-3,134,-16,-341,-108,122
-16,146,-4,135,-16,-341,-109,122
-15,147,-5,137,-16,-341,-108,123
-14,147,-6,137,-16,-341,-109,123
-13,148,-6,137,-16,-341,-107,123
-13,148,-5,136,-16,-341,-107,124
-15,147,-5,137,-16,-341,-108,123
-16,146,-6,137,-16,-341,-112,122
-16,144,-6,138,-16,-341,-112,117
-15,143,-6,137,-16,-341,-108,118
-14,142,-5,136,-16,-341,-107,117
-14,141,-5,137,-16,-341,-107,117
-14,141,-6,138,-16,-341,-111,114
-15,140,-6,139,-16,-341,-111,113
-14,139,-6,138,-16,-341,-109,112
-14,138,-6,136,-16,-341,-107,114
-14,137,-6,133,-16,-341,-106,113
-16,135,-7,132,-16,-341,-107,111
-16,133,-9,133,-16,-341,-109,106
-15,131,-10,134,-16,-341,-108,103
-15,130,-9,134,-16,-341,-108,103
-16,129,-7,134,-16,-341,-108,102
-17,127,-7,135,-16,-341,-109,100
-17,125,-8,135,-16,-341,-109,98
-17,123,-10,135,-16,-341,-111,96
-18,122,-10,134,-16,-341,-111,95
-19,122,-9,133,-16,-340,-112,95
-21,122,-8,133,-16,-341,-113,93
-21,121,-8,134,-16,-342,-114,93
-22,119,-10,134,-16,-344,-114,91
-22,117,-11,134,-16,-346,-115,89
-23,114,-11,133,-16,-346,-115,86
-22,112,-10,134,-16,-346,-115,85
-21,111,-10,134,-16,-346,-114,84
-21,110,-10,134,-16,-346,-113,83
-21,110,-10,133,-16,-345,-113,81
-21,110,-12,133,-16,-346,-113,83
-21,111,-12,132,-16,-346,-113,83
-20,111,-12,132,-16,-347,-113,83
-20,109,-12,132,-16,-347,-113,81
-20,106,-12,132,-16,-347,-113,79
-21,104,-12,132,-16,-348,-114,76
-22,103,-12,132,-16,-349,-115,75
-23,103,-12,132,-16,-350,-115,75
-23,104,-13,132,-16,-351,-115,73
-22,104,-13,131,-16,-351,-114,73
-22,104,-13,131,-16,-351,-114,73
-24,103,-13,131,-17,-352,-115,73
-25,102,-13,131,-17,-354,-118,72
-26,100,-13,131,-17,-354,-118,69
-26,99,-13,131,-17,-355,-119,69
-25,99,-13,131,-17,-356,-118,68
-25,98,-14,131,-17,-356,-117,67
-25,97,-14,132,-17,-356,-117,67
-24,97,-13,132,-17,-355,-117,67
-24,97,-13,130,-17,-355,-114,69
-25,97,-12,128,-17,-355,-114,69
-25,97,-11,126,-17,-355,-112,69
-25,97,-11,127,-17,-357,-112,69
-24,97,-11,129,-17,-359,-114,69
-23,97,-11,129,-17,-360,-113,69
-23,98,-11,129,-17,-361,-113,70
-23,100,-10,128,-17,-361,-113,72
-23,102,-10,127,-17,-360,-111,74
-23,104,-11,127,-17,-360,-111,75
-23,104,-11,126,-17,-360,-111,76
-22,104,-11,127,-17,-360,-109,75
-22,103,-10,128,-17,-360,-109,75
-22,103,-10,128,-17,-360,-109,75
-23,105,-10,128,-17,-360,-111,78
-24,107,-10,128,-17,-360,-112,79
-25,108,-10,128,-17,-360,-113,80
-25,108,-10,128,-17,-360,-113,80
-25,108,-10,127,-17,-360,-113,80
-24,110,-10,128,-17,-360,-112,81
-23,112,-9,129,-17,-360,-113,87
-23,115,-8,130,-17,-360,-113,90
-23,115,-7,130,-17,-360,-113,90
-23,114,-7,130,-17,-360,-113,89
-23,114,-7,130,-17,-360,-113,89
-23,115,-7,131,-17,-360,-113,90
-24,116,-6,131,-17,-360,-114,91
-25,117,-6,131,-17,-360,-115,92
-25,119,-7,131,-17,-360,-115,93
-24,120,-7,131,-17,-360,-114,95
-23,122,-7,131,-17,-360,-113,97
-23,124,-7,131,-17,-360,-113,100
-23,125,-6,131,-17,-360,-114,100
-23,125,-6,131,-17,-360,-114,101
-22,126,-7,131,-17,-360,-113,101
-21,128,-7,132,-17,-360,-112,103
-21,131,-7,135,-17,-360,-114,103
-21,132,-7,137,-17,-360,-114,104
-21,132,-7,136,-17,-361,-114,104
-20,133,-7,135,-17,-361,-113,106
-19,135,-7,134,-17,-360,-112,107
-19,137,-9,135,-17,-359,-112,109
-19,139,-9,136,-17,-358,-112,112
-18,140,-9,136,-17,-358,-112,113
-16,140,-9,135,-17,-358,-109,113
-15,141,-9,135,-17,-358,-108,114
-15,141,-8,136,-17,-357,-108,114
-15,141,-8,136,-17,-356,-108,114
-15,141,-7,137,-17,-355,-108,114
-14,141,-7,137,-17,-355,-107,114
-13,142,-8,136,-17,-355,-107,115
-14,142,-10,135,-17,-356,-107,115
-14,141,-10,134,-17,-355,-108,114
-14,140,-10,134,-17,-355,-108,113
-14,138,-10,135,-17,-355,-107,111
-13,137,-10,135,-17,-355,-106,109
-12,137,-10,134,-17,-355,-106,109
-13,137,-10,134,-17,-355,-106,109
-13,137,-9,135,-17,-355,-106,109
-12,135,-9,136,-17,-355,-106,108
-11,134,-8,136,-17,-355,-104,107
-10,133,-9,136,-17,-355,-103,106
-10,132,-9,135,-17,-355,-102,104
-10,131,-10,134,-17,-355,-103,104
-11,130,-10,134,-17,-355,-103,103
-12,128,-10,134,-17,-355,-104,101
-13,127,-10,135,-17,-355,-106,100
-13,126,-10,135,-17,-355,-106,98
-13,126,-10,135,-17,-355,-106,98
-14,125,-10,134,-17,-355,-107,97
-14,123,-10,134,-17,-355,-107,96
-15,121,-11,133,-17,-355,-108,93
-15,119,-12,133,-17,-356,-107,91
-15,118,-12,132,-17,-356,-108,90
-17,117,-13,131,-17,-355,-109,87
-18,117,-13,131,-17,-355,-111,87
-19,117,-13,131,-17,-355,-112,87
-19,117,-13,131,-17,-357,-112,86
-19,116,-13,131,-17,-359,-112,86
-20,115,-13,131,-17,-360,-112,84
-20,114,-13,131,-17,-359,-113,84
-21,114,-14,131,-17,-358,-114,84
-21,113,-13,131,-17,-359,-114,83
-22,112,-12,133,-17,-360,-114,84
-21,110,-11,133,-17,-361,-114,83
-20,110,-11,133,-17,-361,-113,81
-19,111,-12,133,-17,-360,-112,83
-18,112,-12,132,-17,-360,-111,84
-18,113,-11,133,-17,-360,-111,85
-18,113,-10,134,-17,-360,-111,85
-20,112,-9,135,-17,-360,-112,84
-20,112,-10,135,-17,-360,-113,84
-20,113,-10,134,-17,-360,-113,85
-19,115,-10,134,-17,-361,-112,87
-19,117,-10,134,-17,-360,-112,89
-18,117,-10,134,-17,-360,-111,90
-18,117,-10,134,-17,-360,-111,89
-17,117,-10,135,-17,-361,-109,90
-16,119,-10,135,-17,-362,-109,92
-16,122,-10,134,-17,-362,-109,95
-16,123,-10,134,-17,-362,-109,96
-17,124,-10,135,-17,-361,-109,97
-17,123,-8,136,-17,-360,-109,96
-17,123,-7,137,-17,-360,-109,96
-17,123,-7,137,-17,-360,-109,96
-17,124,-8,136,-18,-361,-109,96
-17,124,-10,135,-19,-361,-109,97
-18,126,-10,134,-19,-362,-111,98
-18,126,-10,134,-19,-361,-111,98
-18,125,-10,135,-18,-361,-111,98
-17,124,-10,135,-18,-361,-109,97
-16,124,-10,134,-19,-361,-108,97
-14,124,-10,134,-19,-361,-107,97
-14,125,-10,135,-18,-362,-107,97
-15,125,-10,135,-18,-364,-108,97
-16,124,-10,134,-17,-365,-108,97
-17,124,-10,134,-17,-366,-109,96
-17,123,-10,134,-17,-365,-109,96
-17,123,-9,135,-17,-365,-109,96
-16,123,-9,136,-17,-365,-109,96
-16,123,-8,136,-17,-365,-109,96
-16,123,-9,136,-17,-365,-109,96
-17,123,-9,135,-17,-365,-109,96
-17,123,-10,134,-17,-365,-109,96
-17,123,-10,134,-17,-365,-109,96
-17,123,-10,134,-17,-365,-109,96
-17,123,-10,134,-18,-365,-109,96
-17,123,-10,135,-18,-365,-109,96
-17,123,-9,135,-19,-365,-109,96
-17,123,-8,136,-18,-365,-109,96
-16,123,-7,137,-18,-366,-109,96
-17,123,-8,136,-17,-367,-109,96
-17,123,-9,136,-17,-368,-109,96
-17,124,-10,135,-17,-369,-109,96
-16,123,-9,134,-17,-370,-109,96
-16,122,-8,133,-18,-370,-108,95
-15,120,-7,132,-19,-370,-106,96
-16,119,-7,132,-19,-370,-106,93
-17,117,-7,132,-19,-369,-107,92
-18,117,-8,132,-18,-370,-108,89
-19,117,-7,132,-17,-370,-109,91
-19,117,-7,131,-18,-372,-109,91
-20,116,-7,131,-18,-374,-111,91
-21,115,-7,131,-18,-375,-112,90
-23,115,-7,131,-18,-374,-114,90
-23,114,-7,131,-18,-373,-114,89
-22,113,-7,131,-18,-373,-113,87
-21,112,-7,131,-18,-374,-111,86
-21,110,-7,131,-18,-375,-111,85
-21,109,-7,131,-18,-375,-112,84
-24,108,-7,131,-18,-375,-114,83
-25,108,-7,131,-18,-375,-115,83
-25,108,-6,131,-18,-375,-115,83
-25,108,-6,131,-18,-375,-115,83
-25,108,-7,131,-18,-375,-114,83
-25,108,-7,130,-18,-375,-114,83
-25,106,-8,129,-18,-375,-115,80
-26,103,-9,129,-18,-375,-117,75
-27,101,-9,129,-18,-375,-117,75
-27,101,-9,129,-18,-375,-117,73
-27,101,-10,128,-18,-375,-114,73
-27,101,-10,128,-18,-375,-114,73
-27,101,-10,128,-18,-375,-114,73
-28,101,-10,128,-18,-375,-115,73
-28,100,-10,128,-18,-375,-115,72
-29,100,-10,128,-18,-375,-117,72
-30,99,-10,128,-18,-375,-118,72
-31,99,-10,128,-18,-375,-118,70
-31,99,-10,128,-18,-376,-119,70
-31,98,-10,128,-18,-377,-119,70
-31,99,-10,128,-18,-376,-118,70
-29,100,-10,128,-18,-375,-117,72
-28,101,-10,128,-18,-375,-115,73
-27,101,-10,128,-18,-375,-114,73
-27,101,-10,128,-18,-375,-114,73
-27,101,-10,128,-18,-375,-114,73
-26,102,-10,128,-18,-375,-113,74
-24,102,-10,128,-18,-375,-112,74
-22,103,-10,128,-18,-375,-109,75
-21,104,-10,128,-18,-375,-108,76
-20,106,-10,128,-18,-375,-107,79
-20,109,-10,128,-18,-375,-107,81
-21,110,-10,128,-18,-375,-108,83
-21,110,-10,128,-18,-375,-108,83
-21,110,-10,128,-18,-375,-108,83
-19,111,-9,129,-18,-375,-109,83
-18,113,-9,129,-18,-375,-108,85
-18,115,-9,129,-18,-375,-108,87
-18,117,-8,129,-18,-375,-109,92
-19,118,-7,130,-18,-375,-109,92
-20,119,-8,132,-18,-375,-111,93
-19,120,-9,133,-18,-375,-112,92
-17,122,-11,134,-18,-375,-111,95
-17,123,-12,133,-18,-375,-109,96
-16,124,-13,132,-18,-375,-109,96
-17,124,-12,131,-18,-375,-107,96
-17,123,-11,131,-18,-375,-107,96
-17,123,-10,130,-18,-375,-107,96
-17,123,-9,130,-18,-375,-107,96
-17,123,-9,130,-18,-375,-107,96
-16,123,-9,131,-18,-375,-107,96
-16,123,-9,131,-18,-375,-107,96
-17,123,-10,130,-18,-375,-107,96
-19,124,-11,129,-18,-376,-109,97
-21,124,-11,128,-18,-377,-112,97
-22,124,-10,130,-19,-378,-113,97
-23,124,-8,131,-20,-377,-113,96
-23,124,-7,132,-19,-376,-113,100
-23,125,-8,134,-19,-375,-117,97
-23,126,-10,135,-19,-374,-117,98
-23,126,-10,135,-19,-375,-117,98
-23,125,-10,135,-19,-375,-117,97
-22,126,-8,133,-18,-375,-115,98
-22,127,-7,132,-19,-375,-113,102
-22,130,-7,132,-21,-375,-113,104
-22,132,-9,133,-22,-375,-115,104
-22,132,-10,134,-23,-375,-115,104
-21,132,-10,135,-23,-375,-114,104
-21,132,-9,134,-22,-375,-114,104
-21,134,-8,133,-22,-375,-114,107
-20,137,-8,132,-22,-375,-111,109
-19,139,-7,132,-23,-375,-111,114
-19,139,-7,131,-22,-375,-111,114
-19,138,-7,131,-22,-375,-111,114
-19,138,-8,132,-22,-375,-111,112
-19,140,-9,133,-22,-375,-112,113
-18,143,-9,133,-22,-375,-112,117
-18,145,-8,133,-22,-375,-108,118
-17,146,-8,132,-22,-375,-108,119
-17,145,-8,132,-22,-375,-108,118
-18,145,-7,132,-22,-375,-108,120
-18,145,-7,131,-22,-375,-108,120
-18,145,-6,131,-22,-375,-108,120
-17,145,-7,131,-22,-375,-108,120
-18,145,-8,132,-22,-375,-108,118
-18,145,-9,133,-22,-375,-111,118
-18,146,-9,134,-22,-375,-112,119
-17,145,-9,133,-22,-375,-111,118
-17,144,-8,132,-22,-375,-107,117
-16,142,-7,132,-22,-375,-107,118
-15,141,-7,131,-22,-375,-106,117
-15,141,-7,131,-22,-375,-106,117
-14,141,-6,131,-22,-375,-106,117
-14,140,-6,131,-22,-375,-106,115
-14,137,-7,131,-22,-375,-106,113
-16,135,-7,131,-22,-375,-107,111
-17,134,-6,131,-22,-375,-108,109
-17,134,-5,132,-22,-375,-108,109
-17,135,-4,133,-22,-375,-108,111
-17,134,-4,133,-22,-375,-108,109
-18,133,-3,133,-22,-375,-108,108
-19,131,-4,133,-22,-375,-109,106
-20,130,-5,133,-22,-375,-111,106
-21,130,-5,132,-22,-375,-112,104
-20,129,-5,132,-22,-375,-111,104
-19,128,-4,133,-22,-375,-109,103
-19,128,-3,134,-22,-375,-109,103
-20,129,-3,133,-22,-375,-111,104
-21,130,-4,133,-22,-375,-112,106
-21,132,-4,133,-22,-375,-112,107
-21,132,-3,133,-22,-375,-112,107
-21,132,-3,133,-22,-375,-112,107
-21,132,-4,133,-22,-375,-112,107
-22,133,-4,133,-22,-373,-113,108
-22,136,-4,133,-22,-371,-113,111
-21,137,-5,132,-22,-370,-112,113
-19,139,-6,131,-22,-369,-111,114
-18,140,-7,131,-22,-370,-108,115
-17,141,-7,130,-22,-370,-107,117
-16,143,-6,131,-22,-368,-107,118
-17,144,-5,132,-22,-366,-108,119
-17,144,-4,133,-22,-365,-108,120
-16,145,-3,134,-22,-365,-107,122
-14,147,-2,134,-22,-365,-106,123
-14,148,-3,134,-22,-365,-104,124
-14,149,-3,134,-22,-363,-106,125
-14,150,-3,134,-22,-361,-106,126
-14,151,-3,134,-21,-360,-104,128
-12,153,-3,134,-21,-360,-103,129
-11,154,-3,134,-21,-360,-102,130
-11,154,-3,134,-21,-359,-102,130
-11,154,-3,134,-21,-357,-102,130
-10,156,-3,134,-21,-355,-102,133
-10,159,-3,134,-21,-355,-101,135
-10,161,-3,134,-21,-355,-101,136
-9,161,-3,134,-21,-355,-100,137
-7,162,-3,134,-21,-355,-98,137
-6,162,-3,134,-21,-355,-97,139
-6,164,-3,134,-21,-355,-97,141
-6,166,-3,134,-21,-355,-97,142
-7,168,-2,135,-21,-355,-98,146
-7,167,0,137,-21,-354,-101,146
-7,167,0,137,-21,-353,-101,146
-7,167,0,138,-21,-354,-101,146
-7,169,0,137,-21,-355,-102,147
-9,170,0,137,-21,-354,-103,148
-10,172,0,137,-21,-352,-103,151
-10,172,0,137,-21,-350,-104,151
-9,172,0,137,-21,-350,-103,151
-9,170,0,137,-21,-350,-103,150
-8,169,0,137,-21,-350,-102,147
-8,167,0,137,-21,-350,-102,146
-10,166,0,138,-21,-350,-104,145
-11,164,0,137,-21,-350,-104,142
-11,162,0,137,-21,-350,-106,140
-11,158,-2,135,-21,-350,-106,134
-12,154,-3,134,-21,-350,-103,130
-12,149,-3,134,-21,-350,-103,125
-14,146,-2,133,-21,-350,-104,124
-15,142,-2,133,-21,-350,-107,120
-17,139,-3,132,-21,-350,-108,117
-18,133,-4,130,-21,-350,-107,109
-19,128,-4,129,-21,-350,-107,103
-21,121,-5,128,-21,-350,-109,96
-23,115,-6,128,-21,-350,-112,90
-25,110,-7,127,-21,-350,-112,85
-25,105,-8,126,-21,-350,-113,80
-26,100,-9,124,-21,-350,-112,74
-28,94,-11,123,-21,-350,-113,69
-31,90,-11,122,-21,-350,-115,61
-33,85,-11,122,-21,-350,-118,57
-35,80,-10,121,-21,-350,-119,54
-36,76,-10,121,-21,-350,-120,50
-36,72,-11,120,-22,-351,-118,46
-37,68,-13,118,-23,-350,-119,39
-37,65,-14,118,-22,-349,-119,36
-37,62,-15,118,-21,-346,-118,34
-37,60,-16,120,-21,-345,-122,31
-39,58,-17,122,-21,-347,-125,26
-39,56,-18,122,-21,-349,-126,24
-40,54,-18,121,-21,-350,-126,23
-40,54,-16,120,-21,-349,-124,25
-41,55,-14,118,-21,-348,-123,25
-41,56,-14,118,-21,-349,-123,26
-42,58,-15,119,-21,-350,-126,29
-41,60,-16,119,-21,-350,-125,30
-40,62,-16,120,-21,-350,-125,34
-41,64,-15,121,-21,-350,-125,35
-41,67,-13,122,-21,-350,-125,37
-41,69,-12,122,-21,-350,-125,40
-41,73,-11,122,-21,-350,-125,43
-39,76,-11,122,-21,-350,-124,50
-39,79,-12,122,-21,-350,-124,51
-39,82,-13,123,-21,-350,-124,53
-38,84,-12,123,-21,-350,-125,56
-36,87,-10,123,-21,-350,-120,61
-34,90,-8,123,-21,-350,-119,64
-32,92,-7,123,-21,-350,-118,67
-32,95,-8,123,-21,-351,-117,69
-32,97,-8,123,-21,-352,-117,70
-31,99,-7,124,-21,-352,-117,73
-30,101,-7,124,-21,-352,-115,75
-30,104,-7,124,-21,-351,-115,78
-29,105,-7,125,-21,-350,-114,80
-29,106,-8,126,-21,-350,-117,80
-29,106,-9,126,-21,-350,-117,80
-29,105,-9,127,-21,-350,-117,80
-28,106,-10,128,-21,-350,-115,78
-26,107,-10,128,-21,-350,-114,79
-25,108,-10,128,-21,-350,-113,80
-24,108,-10,128,-21,-350,-112,80
-25,108,-9,129,-21,-350,-114,80
-25,108,-8,129,-21,-350,-115,83
-26,107,-9,129,-21,-350,-117,79
-27,105,-10,128,-21,-350,-114,76
-28,102,-10,128,-21,-350,-115,74
-27,101,-10,128,-21,-350,-114,73
-27,101,-10,128,-21,-350,-114,73
-26,101,-10,128,-21,-351,-114,73
-27,100,-10,128,-21,-352,-114,72
-27,99,-10,128,-21,-352,-114,70
-27,98,-10,127,-21,-352,-114,69
-26,97,-10,128,-21,-351,-113,69
-26,96,-11,129,-21,-350,-117,68
-27,95,-12,130,-21,-350,-117,67
-28,94,-14,131,-21,-350,-120,63
-29,94,-14,131,-21,-350,-122,63
-29,94,-13,130,-21,-350,-119,67
-29,95,-11,130,-21,-350,-119,67
-29,95,-11,129,-21,-351,-119,67
-29,95,-12,130,-21,-353,-119,67
-28,94,-14,130,-21,-353,-118,63
-28,93,-15,130,-21,-353,-120,63
-28,93,-16,130,-21,-353,-118,62
-28,93,-16,129,-21,-352,-118,62
-28,94,-14,128,-21,-353,-118,63
-29,95,-14,129,-21,-354,-119,67
-28,95,-14,129,-21,-355,-118,67
-28,95,-14,130,-21,-355,-118,64
-27,95,-14,131,-21,-355,-119,64
-28,95,-14,132,-21,-355,-120,64
-27,96,-13,132,-21,-355,-119,64
-26,96,-13,131,-21,-355,-118,65
-25,97,-14,129,-21,-355,-114,69
-24,97,-13,127,-21,-355,-112,69
-24,97,-13,126,-21,-355,-112,68
-25,97,-12,125,-21,-355,-112,69
-25,98,-12,126,-21,-355,-113,70
-26,100,-12,126,-21,-355,-113,72
-27,101,-11,127,-21,-355,-114,73
-27,101,-11,126,-21,-355,-114,73
-27,101,-12,126,-21,-355,-114,73
-25,101,-12,126,-21,-355,-113,74
-24,102,-12,126,-21,-355,-111,74
-23,104,-12,126,-21,-355,-111,76
-23,105,-11,126,-21,-357,-111,76
-23,105,-11,127,-21,-358,-111,76
-23,104,-11,127,-21,-360,-111,76
-22,105,-10,127,-21,-361,-109,76
-20,106,-10,128,-21,-360,-107,78
-19,108,-10,128,-21,-360,-106,80
-19,107,-10,128,-21,-360,-107,79
-20,106,-10,128,-21,-360,-107,78
-20,105,-10,128,-22,-360,-107,76
-19,105,-10,128,-22,-360,-107,78
-18,105,-10,128,-22,-360,-106,78
-19,105,-10,128,-21,-360,-107,78
-21,104,-10,128,-21,-360,-108,76
-22,103,-10,128,-22,-360,-109,75
-22,102,-10,128,-23,-360,-109,74
-23,101,-10,128,-24,-360,-111,73
-24,99,-10,128,-25,-360,-112,72
-25,98,-10,128,-25,-360,-112,69
-25,97,-10,128,-25,-360,-114,69
-25,97,-11,129,-24,-360,-114,69
-25,96,-11,129,-23,-360,-115,68
-27,94,-11,129,-23,-360,-117,65
-27,92,-10,128,-23,-360,-117,63
-27,90,-10,127,-24,-360,-114,62
-26,90,-11,126,-25,-360,-113,62
-26,90,-12,127,-25,-360,-113,62
-26,90,-12,128,-25,-360,-117,62
-28,90,-12,129,-24,-360,-118,62
-29,89,-12,128,-24,-360,-119,61
-31,88,-13,126,-24,-360,-118,59
-31,88,-14,125,-24,-360,-118,59
-31,88,-14,124,-24,-360,-118,59
-31,88,-14,124,-24,-360,-118,59
-31,88,-14,125,-25,-360,-118,59
-31,88,-14,125,-27,-360,-118,59
-31,88,-14,125,-26,-360,-118,59
-31,88,-14,124,-25,-360,-118,59
-31,88,-14,124,-25,-360,-118,59
-31,88,-14,124,-25,-360,-118,59
-30,88,-14,124,-26,-360,-118,59
-29,89,-14,125,-27,-360,-117,61
-29,91,-14,125,-27,-360,-117,63
-28,93,-14,125,-26,-359,-115,65
-27,95,-14,124,-26,-359,-114,67
-26,96,-14,124,-26,-360,-113,68
-25,98,-14,125,-27,-361,-113,70
-25,101,-13,125,-27,-363,-112,73
-24,104,-11,127,-27,-363,-112,76
-24,107,-10,128,-27,-363,-112,79
-24,109,-10,128,-27,-363,-112,81
-22,111,-10,128,-27,-364,-111,83
-21,114,-10,127,-27,-365,-108,86
-19,118,-10,128,-27,-365,-107,90
-18,122,-9,129,-27,-363,-108,97
-16,126,-7,130,-27,-363,-106,101
-14,129,-7,131,-27,-363,-104,104
-12,133,-7,131,-27,-364,-102,108
-11,136,-6,131,-27,-365,-102,112
-10,140,-5,132,-27,-365,-101,115
-10,144,-4,133,-27,-365,-101,120
-9,149,-3,134,-27,-365,-100,125
-6,155,-2,134,-27,-365,-97,131
-3,161,-1,135,-27,-365,-93,140
0,166,0,136,-27,-365,-95,145
0,171,0,137,-27,-365,-93,151
0,177,0,138,-27,-365,-93,156
0,183,1,138,-27,-365,-93,162
2,189,2,140,-27,-365,-91,169
6,197,3,141,-27,-365,-87,177
8,205,5,142,-25,-365,-86,189
9,214,6,143,-23,-365,-87,197
10,222,7,144,-23,-365,-86,205
13,229,8,146,-25,-365,-84,212
15,236,9,147,-27,-365,-81,219
18,242,9,149,-27,-365,-81,227
19,250,9,149,-27,-365,-80,234
20,259,8,150,-27,-365,-80,242
21,267,9,152,-27,-365,-81,251
23,274,10,153,-27,-365,-80,258
25,280,11,154,-27,-365,-78,264
27,286,12,154,-27,-365,-76,272
28,293,11,154,-27,-365,-75,278
28,299,10,155,-27,-365,-75,284
28,302,9,157,-27,-365,-78,285
28,304,8,158,-27,-365,-78,286
29,307,8,158,-27,-365,-76,289
31,309,8,158,-27,-365,-75,291
31,310,8,158,-27,-365,-75,294
30,310,7,159,-27,-363,-79,294
28,308,5,160,-26,-361,-80,289
27,305,3,161,-26,-360,-81,285
26,301,2,160,-26,-359,-83,281
26,296,1,158,-26,-359,-83,277
25,291,0,157,-26,-360,-84,271
23,285,-1,156,-26,-360,-85,262
20,277,-3,155,-26,-360,-87,253
16,268,-7,155,-26,-360,-91,242
14,257,-10,154,-26,-358,-93,231
12,245,-13,152,-26,-356,-95,216
10,233,-14,150,-26,-355,-96,203
7,220,-17,148,-26,-354,-96,191
4,207,-20,145,-26,-355,-100,174
0,193,-24,144,-26,-355,-102,157
-2,178,-29,141,-26,-355,-106,141
-6,162,-34,139,-27,-355,-109,124
-11,147,-36,137,-28,-355,-114,106
-15,132,-38,135,-28,-354,-115,90
-20,115,-41,133,-28,-355,-119,72
-23,97,-44,130,-28,-355,-120,52
-27,81,-48,126,-29,-354,-123,35
-30,66,-52,123,-31,-354,-123,17
-34,52,-56,120,-32,-354,-126,3
-38,40,-59,116,-31,-356,-131,-12
-43,28,-63,113,-31,-358,-133,-24
-46,17,-66,110,-31,-359,-136,-37
-49,6,-69,108,-31,-360,-136,-50
-52,-4,-72,106,-32,-360,-139,-63
-54,-13,-74,104,-32,-359,-141,-73
-57,-20,-77,103,-31,-359,-144,-83
-60,-25,-79,101,-31,-360,-146,-86
-62,-28,-81,99,-32,-359,-146,-90
-64,-31,-83,97,-33,-359,-147,-93
-64,-33,-84,95,-35,-359,-148,-96
-64,-35,-86,94,-36,-361,-147,-100
-64,-33,-90,94,-37,-363,-148,-98
-66,-30,-93,93,-37,-364,-150,-97
-68,-28,-94,92,-36,-364,-152,-95
-68,-24,-94,90,-36,-364,-150,-91
-67,-19,-93,88,-36,-365,-148,-86
-66,-12,-92,86,-37,-367,-145,-75
-66,-3,-92,86,-38,-368,-146,-69
-66,6,-94,87,-40,-369,-148,-59
-65,14,-95,89,-42,-368,-147,-51
-63,23,-96,88,-42,-368,-146,-42
-61,32,-95,86,-42,-370,-142,-32
-60,43,-95,85,-42,-372,-141,-20
-59,54,-95,85,-43,-373,-140,-9
-56,65,-95,86,-44,-373,-140,1
-53,75,-95,86,-45,-373,-135,12
-50,86,-96,85,-46,-374,-133,23
-47,98,-94,85,-47,-377,-129,34
-43,109,-93,86,-47,-379,-125,46
-40,120,-90,86,-48,-382,-123,59
-38,128,-89,85,-47,-383,-120,68
-35,137,-89,84,-47,-383,-115,78
-33,146,-88,83,-47,-384,-113,90
-29,157,-86,83,-49,-386,-111,101
-26,167,-84,83,-51,-387,-107,111
-22,175,-82,83,-53,-387,-101,122
-19,183,-80,84,-53,-388,-98,130
-16,192,-79,85,-53,-389,-98,139
-13,201,-77,87,-53,-391,-95,148
-10,210,-75,89,-53,-392,-92,161
-7,218,-74,90,-53,-393,-89,168
-3,225,-72,92,-53,-392,-85,177
0,232,-69,93,-53,-392,-83,186
2,239,-66,95,-53,-394,-81,192
5,247,-64,97,-54,-396,-79,203
7,255,-62,100,-55,-397,-80,212
9,264,-60,103,-57,-397,-78,220
12,273,-58,106,-58,-397,-78,230
16,281,-57,109,-59,-397,-76,238
21,289,-56,113,-58,-397,-72,246
25,296,-54,116,-58,-397,-70,253
29,304,-54,119,-58,-397,-69,262
32,313,-54,123,-58,-397,-69,271
34,322,-54,127,-58,-395,-69,280
37,331,-55,131,-57,-393,-68,288
41,340,-56,135,-58,-392,-67,296
44,348,-58,137,-60,-392,-67,302
46,355,-61,140,-61,-391,-68,307
47,363,-64,144,-63,-390,-69,312
48,370,-67,146,-63,-389,-70,319
49,376,-70,149,-63,-387,-73,323
49,382,-74,150,-64,-385,-75,327
49,387,-79,152,-65,-383,-78,329
48,391,-85,152,-67,-382,-81,330
47,393,-92,152,-67,-380,-81,328
46,395,-100,150,-68,-378,-85,328
44,396,-108,147,-70,-375,-87,323
41,395,-116,144,-73,-373,-90,319
37,392,-126,140,-75,-370,-95,312
33,388,-135,136,-76,-368,-97,305
29,382,-145,129,-76,-367,-100,294
24,374,-155,121,-77,-365,-102,280
18,365,-165,113,-80,-363,-104,268
12,355,-176,105,-84,-360,-108,253
6,343,-187,97,-87,-357,-112,239
0,329,-200,88,-89,-355,-117,219
-8,313,-212,77,-90,-354,-118,197
-17,294,-224,67,-91,-353,-124,173
-25,276,-235,56,-94,-351,-128,151
-35,256,-247,46,-97,-349,-134,126
-44,236,-258,34,-101,-346,-137,101
-54,213,-269,21,-103,-345,-142,74
-63,189,-280,8,-105,-345,-144,47
-72,164,-290,-3,-108,-346,-147,19
-81,140,-299,-15,-110,-347,-150,-8
-90,115,-307,-25,-113,-347,-153,-35
-99,90,-314,-35,-115,-348,-159,-63
-107,65,-322,-45,-118,-349,-162,-91
-115,40,-329,-55,-120,-350,-164,-119
-121,16,-334,-63,-124,-352,-166,-144
-128,-7,-338,-69,-128,-355,-169,-172
-134,-29,-340,-75,-130,-357,-173,-195
-140,-50,-341,-79,-133,-359,-175,-216
-146,-70,-343,-84,-135,-361,-178,-236
-151,-89,-342,-86,-138,-364,-181,-253
-156,-107,-340,-87,-140,-367,-185,-272
-159,-123,-335,-87,-144,-372,-185,-286
-159,-136,-330,-85,-146,-377,-185,-296
-158,-148,-324,-83,-149,-382,-184,-306
-158,-157,-317,-80,-150,-386,-184,-313
-159,-165,-309,-75,-152,-391,-187,-316
-161,-171,-300,-69,-155,-396,-189,-319
-160,-174,-290,-62,-158,-401,-191,-318
-159,-175,-279,-54,-160,-405,-191,-317
-155,-173,-267,-46,-161,-410,-191,-310
-151,-169,-254,-36,-162,-415,-190,-301
-148,-165,-241,-26,-164,-420,-189,-291
-144,-160,-226,-16,-166,-424,-187,-281
-140,-154,-212,-5,-167,-429,-189,-268
-135,-146,-196,6,-168,-434,-186,-253
-129,-136,-180,18,-169,-439,-186,-239
-123,-124,-164,29,-170,-444,-183,-219
-117,-112,-147,39,-172,-449,-179,-198
-112,-99,-130,50,-174,-454,-177,-181
-105,-87,-114,60,-175,-458,-174,-161
-99,-74,-97,71,-176,-461,-170,-140
-93,-62,-81,82,-178,-465,-168,-123
-89,-49,-64,93,-180,-468,-167,-102
-85,-36,-47,103,-180,-471,-164,-84
-79,-24,-31,114,-180,-473,-162,-64
-72,-12,-15,123,-180,-474,-158,-45
-65,-2,1,132,-180,-476,-150,-29
-58,7,17,140,-182,-478,-147,-10
-53,15,34,148,-184,-480,-142,4
-48,21,49,156,-186,-482,-137,18
-44,27,65,163,-186,-484,-135,29
-39,32,80,170,-186,-485,-131,42
-34,38,95,177,-186,-487,-126,53
-30,43,110,184,-186,-487,-123,65
-27,46,123,190,-186,-487,-122,74
-23,46,137,195,-186,-487,-115,83
-18,46,149,200,-186,-487,-111,87
-14,46,162,205,-186,-487,-107,91
-10,45,174,211,-186,-487,-106,96
-6,44,186,218,-187,-487,-102,100
-3,42,197,224,-186,-487,-101,102
0,38,207,228,-185,-487,-98,104
3,34,217,232,-182,-485,-93,102
5,30,227,236,-181,-484,-91,103
7,26,236,240,-181,-483,-89,104
10,22,245,244,-181,-482,-86,102
13,16,252,248,-180,-481,-84,102
15,9,259,253,-179,-479,-84,97
17,3,266,258,-177,-478,-83,93
18,-1,272,263,-176,-477,-83,91
19,-5,278,266,-174,-476,-83,90
19,-9,284,268,-172,-475,-81,85
20,-13,288,270,-169,-473,-80,84
21,-17,292,271,-167,-472,-80,81
20,-21,296,273,-165,-470,-80,81
20,-23,299,275,-164,-467,-81,78
19,-27,300,277,-162,-465,-84,74
18,-30,301,277,-160,-464,-85,70
17,-33,300,277,-159,-462,-86,68
15,-36,299,275,-156,-461,-85,65
14,-36,298,272,-154,-458,-86,64
13,-37,297,269,-151,-456,-85,64
11,-38,295,266,-148,-454,-85,63
8,-38,291,261,-146,-451,-87,61
5,-37,287,256,-143,-449,-87,62
1,-36,284,250,-140,-447,-90,62
-1,-35,279,245,-138,-444,-90,61
-4,-34,274,240,-135,-442,-91,59
-8,-32,268,234,-133,-441,-92,62
-11,-28,262,227,-130,-439,-93,62
-14,-26,255,219,-128,-438,-91,62
-18,-25,248,210,-126,-437,-92,62
-21,-22,240,202,-123,-437,-91,62
-26,-19,232,193,-120,-436,-93,62
-30,-14,224,185,-118,-434,-95,64
-35,-10,215,178,-116,-431,-97,67
-39,-6,206,172,-114,-429,-100,65
-42,-2,198,165,-112,-428,-100,67
-44,0,190,158,-109,-426,-100,68
-45,4,182,150,-106,-425,-98,69
-46,8,173,143,-102,-424,-96,69
-47,13,164,136,-100,-423,-95,70
-49,17,156,131,-98,-423,-97,73
-51,22,149,127,-95,-424,-98,75
-52,26,142,124,-93,-424,-98,76
-53,30,135,121,-90,-425,-98,75
-53,33,127,118,-88,-424,-102,76
-54,37,119,116,-86,-423,-102,75
-53,41,112,114,-84,-421,-101,76
-51,45,107,113,-82,-420,-100,78
-50,48,102,113,-79,-420,-101,79
-49,52,98,114,-76,-420,-102,81
-48,57,93,116,-74,-421,-103,83
-46,61,89,119,-73,-421,-104,85
-44,65,84,122,-71,-420,-104,86
-41,68,79,124,-70,-421,-104,87
-38,71,75,127,-68,-421,-103,87
-36,74,73,131,-66,-421,-106,87
-34,77,71,136,-65,-421,-107,89
-33,81,69,141,-64,-421,-111,92
-32,86,67,146,-63,-421,-112,95
-29,89,65,150,-61,-421,-113,95
-27,91,64,154,-60,-421,-112,97
-23,94,63,158,-59,-421,-111,98
-19,97,64,162,-58,-422,-113,102
-17,101,64,166,-57,-422,-112,104
-14,103,63,170,-55,-421,-113,104
-13,105,62,172,-54,-420,-112,107
-12,107,61,174,-54,-418,-113,109
-10,109,61,177,-55,-417,-114,112
-9,112,61,179,-55,-416,-112,112
-7,114,61,182,-54,-417,-113,113
-6,116,61,184,-52,-415,-114,115
-5,119,61,186,-51,-413,-113,118
-4,121,61,186,-51,-412,-112,120
-3,123,61,186,-52,-412,-112,123
-3,125,61,186,-53,-411,-111,125
-2,127,61,186,-51,-410,-111,128
-3,129,60,185,-49,-409,-112,129
-3,130,59,184,-49,-408,-112,130
-4,130,59,182,-49,-407,-109,130
-4,130,60,180,-49,-406,-109,130
-4,130,60,179,-49,-404,-107,130
-4,132,58,177,-49,-402,-108,131
-6,133,56,175,-48,-401,-109,134
-6,135,55,173,-48,-399,-107,135
-7,135,55,170,-49,-398,-108,135
-6,135,56,168,-48,-397,-104,135
-6,134,55,166,-48,-396,-102,135
-6,135,55,162,-48,-394,-102,135
-6,135,54,160,-48,-393,-100,135
-6,135,53,157,-48,-392,-97,135
-7,134,51,155,-48,-391,-98,134
-9,133,50,153,-46,-390,-100,134
-10,132,49,151,-46,-388,-100,133
-10,132,49,149,-46,-386,-100,133
-10,133,47,148,-46,-385,-96,134
-10,132,45,146,-46,-383,-96,133
-11,131,43,144,-45,-381,-97,129
-13,129,41,142,-43,-379,-98,126
-13,128,40,141,-43,-378,-100,125
-13,126,39,140,-42,-377,-96,124
-13,126,38,139,-42,-376,-96,124
-14,125,36,137,-42,-375,-97,120
-15,124,34,136,-42,-375,-98,119
-16,123,32,134,-42,-374,-100,119
-17,123,31,133,-42,-373,-98,117
-17,124,30,132,-43,-372,-98,117
-17,123,30,131,-42,-370,-97,115
-16,122,28,130,-40,-369,-97,115
-15,120,26,130,-38,-368,-96,113
-14,119,24,132,-37,-369,-97,109
-14,119,23,132,-36,-368,-97,109
-15,118,21,131,-36,-365,-98,108
-18,118,20,130,-37,-364,-101,108
-19,117,19,128,-37,-364,-100,104
-19,116,18,127,-37,-364,-100,104
-19,117,17,126,-36,-364,-100,104
-18,117,17,126,-36,-364,-98,104
-19,117,16,126,-36,-364,-100,104
-21,117,14,126,-37,-364,-101,104
-23,117,12,126,-37,-365,-106,102
-24,115,10,126,-36,-364,-107,101
-24,115,9,127,-36,-362,-107,97
-23,114,10,127,-34,-360,-106,100
-23,114,10,127,-33,-360,-106,100
-23,114,9,126,-32,-361,-106,97
-24,114,7,124,-32,-361,-107,96
-25,113,6,123,-31,-361,-106,96
-25,113,6,123,-31,-360,-106,96
-26,113,6,123,-32,-359,-107,95
-27,113,5,125,-32,-359,-111,95
-27,112,4,126,-32,-359,-111,91
-27,111,3,127,-31,-359,-112,91
-25,109,3,127,-31,-359,-111,89
-24,108,3,126,-31,-359,-107,87
-25,108,4,126,-31,-360,-108,90
-26,107,4,126,-31,-360,-109,87
-28,106,3,126,-31,-359,-113,86
-28,104,3,127,-31,-358,-113,84
-28,102,3,127,-32,-357,-113,81
-27,101,3,127,-31,-357,-112,80
-27,101,2,126,-31,-357,-112,80
-27,101,1,126,-31,-357,-112,80
-27,102,1,125,-31,-356,-109,81
-27,101,0,124,-31,-355,-109,80
-27,99,0,124,-31,-354,-109,79
-28,97,0,123,-30,-354,-111,76
-29,95,0,124,-29,-354,-112,74
-29,94,0,124,-28,-355,-112,74
-29,94,0,124,-28,-355,-112,74
-28,93,0,123,-28,-354,-111,73
-27,91,-1,123,-29,-354,-109,70
-27,90,-3,124,-30,-354,-112,67
-26,90,-4,124,-29,-354,-111,67
-26,90,-6,125,-28,-354,-111,64
-26,89,-6,124,-27,-355,-111,63
-26,87,-5,122,-26,-355,-108,63
-27,84,-5,122,-26,-355,-109,61
-28,83,-5,122,-26,-353,-111,59
-29,83,-6,123,-26,-351,-113,57
-28,84,-7,124,-26,-350,-113,58
-28,84,-7,124,-26,-350,-113,58
-29,83,-7,124,-26,-350,-113,57
-29,83,-7,124,-26,-350,-114,57
-30,83,-7,124,-26,-350,-114,57
-29,83,-7,124,-26,-350,-114,57
-28,83,-7,124,-26,-350,-113,57
-28,84,-7,124,-26,-350,-113,58
-29,83,-7,124,-26,-350,-114,57
-30,83,-7,124,-26,-350,-114,57
-31,82,-7,124,-26,-350,-115,56
-32,82,-7,124,-26,-350,-117,56
-32,83,-7,124,-26,-350,-117,57
-31,84,-7,124,-26,-350,-115,58
-29,85,-7,124,-26,-350,-114,59
-28,85,-7,124,-26,-350,-113,59
-29,86,-7,124,-26,-350,-114,59
-30,86,-7,124,-26,-350,-115,61
-31,88,-7,124,-26,-350,-115,62
-29,89,-7,124,-26,-350,-114,63
-28,90,-7,124,-26,-350,-112,64
-27,90,-6,123,-26,-349,-112,64
-27,92,-6,122,-26,-348,-112,68
-28,93,-5,122,-26,-349,-111,70
-27,95,-4,121,-26,-350,-109,72
-26,97,-3,122,-26,-350,-108,74
-26,98,-1,123,-26,-350,-108,78
-26,100,0,123,-26,-350,-108,80
-25,102,0,124,-26,-350,-108,81
-24,103,0,124,-26,-350,-107,83
-23,104,0,124,-26,-350,-106,84
-23,104,0,123,-26,-350,-106,84
-24,106,0,123,-26,-350,-107,86
-24,109,0,123,-26,-350,-107,89
-22,111,0,124,-26,-350,-106,91
-22,113,0,124,-26,-350,-104,93
-23,114,0,123,-26,-350,-106,95
-24,116,0,123,-26,-350,-107,96
-23,118,0,123,-26,-350,-107,98
-22,120,0,124,-26,-350,-106,100
-22,122,-1,125,-25,-350,-107,100
-22,124,-1,125,-24,-350,-108,102
-23,126,-1,125,-24,-350,-108,103
-22,126,-1,125,-25,-350,-108,103
-21,126,-2,126,-26,-351,-107,104
-21,128,-3,127,-26,-352,-107,106
-21,130,-3,128,-25,-351,-109,108
-21,132,-3,127,-22,-351,-109,109
-21,133,-3,127,-21,-351,-109,111
-21,132,-3,127,-22,-354,-109,111
-21,132,-3,127,-23,-355,-109,109
-21,132,-3,127,-23,-355,-109,109
-21,132,-3,127,-22,-355,-109,111
-21,132,-3,127,-21,-355,-109,111
-21,132,-3,127,-21,-355,-109,109
-22,130,-3,127,-21,-355,-111,108
-23,129,-3,127,-21,-355,-112,106
-24,127,-3,127,-21,-355,-113,104
-24,126,-3,127,-21,-355,-112,103
-23,124,-3,127,-21,-355,-111,102
-21,122,-3,127,-21,-357,-109,100
-21,121,-3,127,-21,-358,-107,98
-20,121,-2,126,-21,-358,-106,98
-20,119,-2,126,-21,-358,-106,97
-21,118,-2,127,-21,-359,-106,96
-21,115,-3,127,-21,-360,-107,93
-22,113,-3,126,-21,-360,-108,90
-22,110,-4,123,-21,-360,-106,87
-22,108,-3,121,-21,-360,-104,85
-21,106,-3,120,-21,-360,-103,83
-21,104,-3,120,-21,-360,-104,81
-22,103,-3,121,-21,-360,-104,80
-23,102,-3,121,-21,-360,-106,79
-24,100,-3,120,-21,-360,-107,76
-25,97,-4,120,-21,-360,-107,74
-25,94,-4,120,-22,-360,-108,72
-26,92,-5,119,-21,-360,-108,69
-26,91,-6,119,-21,-360,-108,68
-26,90,-6,118,-21,-360,-106,67
-26,89,-7,117,-22,-360,-106,65
-26,87,-7,117,-22,-360,-106,63
-27,85,-7,117,-21,-360,-107,62
-28,83,-7,117,-20,-360,-108,61
-29,83,-7,117,-20,-360,-108,61
-28,84,-7,117,-20,-360,-108,61
-28,84,-8,116,-21,-360,-108,61
-28,84,-9,116,-22,-361,-108,58
-28,83,-8,116,-22,-363,-108,59
-29,83,-7,117,-22,-365,-109,61
-31,84,-7,118,-22,-365,-111,61
-32,85,-7,117,-20,-365,-112,62
-33,86,-7,117,-18,-365,-113,63
-33,87,-7,117,-18,-365,-113,64
-33,88,-6,118,-18,-365,-115,65
-33,90,-6,121,-19,-365,-115,67
-34,92,-6,123,-19,-365,-119,65
-34,94,-6,124,-18,-365,-119,68
-33,96,-6,123,-17,-365,-118,70
-32,98,-6,123,-17,-367,-118,72
-32,99,-6,123,-18,-368,-117,73
-32,101,-7,124,-18,-370,-117,75
-31,102,-7,124,-18,-371,-117,76
-30,104,-7,124,-17,-370,-115,79
-30,106,-6,124,-18,-370,-115,80
-29,107,-6,125,-18,-370,-114,81
-29,109,-5,125,-18,-370,-114,84
-28,111,-6,125,-18,-371,-114,86
-28,112,-6,125,-18,-372,-113,87
-27,112,-5,125,-18,-373,-112,87
-25,112,-5,126,-18,-374,-111,90
-24,114,-4,127,-18,-375,-112,91
-24,116,-3,127,-18,-375,-112,93
-24,118,-3,127,-18,-375,-109,95
-24,119,-2,126,-18,-375,-109,97
-22,120,-2,126,-18,-375,-108,97
-21,121,-2,126,-18,-375,-107,98
-21,122,-3,127,-18,-375,-107,100
-22,124,-3,127,-18,-375,-111,102
-23,125,-3,127,-18,-375,-112,103
-24,126,-3,127,-18,-375,-112,103
-23,126,-3,127,-16,-375,-112,103
-22,126,-3,128,-15,-376,-111,103
-20,127,-3,127,-14,-377,-108,104
-19,127,-2,126,-15,-377,-104,106
-18,128,-1,125,-14,-377,-104,106
-19,128,0,124,-14,-378,-102,108
-19,128,0,123,-13,-379,-102,108
-20,129,0,123,-13,-380,-103,109
-20,129,0,124,-13,-380,-103,109
-20,130,0,125,-13,-380,-106,111
-21,131,0,125,-13,-380,-104,112
-21,132,0,125,-13,-380,-104,112
-21,132,1,125,-13,-380,-107,112
-21,132,2,126,-13,-380,-107,112
-21,132,2,126,-13,-380,-107,112
-21,132,2,126,-13,-380,-107,112
-21,132,2,126,-13,-380,-107,112
-22,131,2,126,-13,-380,-108,112
-23,131,2,126,-13,-380,-109,111
-23,131,2,126,-13,-380,-109,111
-23,131,2,126,-13,-381,-109,111
-23,131,2,126,-13,-382,-109,111
-24,130,2,126,-13,-382,-111,111
-25,130,2,126,-13,-382,-112,109
-26,130,1,125,-13,-381,-112,109
-26,130,0,125,-13,-380,-109,109
-25,130,0,124,-13,-380,-109,109
-25,130,0,123,-13,-380,-109,109
-25,130,0,122,-12,-380,-109,111
-26,130,1,121,-11,-380,-107,111
-25,129,1,122,-10,-380,-109,109
-25,128,0,122,-11,-380,-108,108
-24,127,0,123,-12,-380,-108,107
-24,126,0,123,-11,-380,-107,107
-24,127,0,122,-10,-380,-108,107
-24,126,0,122,-10,-380,-107,107
-24,126,0,123,-10,-380,-107,106
-23,125,0,124,-10,-380,-107,106
-23,125,0,123,-10,-380,-107,106
-23,125,0,123,-10,-380,-107,106
-23,125,0,122,-11,-380,-107,106
-23,126,0,123,-10,-380,-106,106
-24,127,0,123,-10,-380,-107,107
-25,129,0,124,-8,-380,-108,109
-26,130,0,124,-8,-380,-109,111
-26,130,0,123,-8,-380,-109,111
-25,129,0,123,-8,-380,-108,109
-24,129,0,123,-8,-380,-107,109
-23,129,0,123,-8,-381,-106,109
-23,130,0,123,-8,-380,-106,111
-23,130,0,123,-8,-380,-107,111
-23,131,0,123,-8,-380,-107,112
-22,131,0,123,-8,-381,-106,112
-21,132,0,123,-8,-382,-104,112
-21,132,0,123,-9,-382,-104,112
-21,132,0,123,-9,-382,-104,112
-21,132,0,123,-8,-383,-104,112
-21,132,0,123,-8,-383,-104,112
-21,132,0,123,-8,-384,-104,112
-21,132,0,123,-9,-383,-104,112
-21,132,0,123,-9,-384,-104,112
-21,132,0,123,-8,-385,-104,112
-21,132,0,123,-7,-386,-104,112
-21,133,0,123,-5,-386,-104,113
-21,132,0,123,-4,-385,-104,112
-21,131,0,124,-3,-386,-104,111
-21,128,0,124,-3,-386,-104,108
-22,126,0,123,-4,-385,-106,106
-23,125,-1,123,-4,-385,-106,106
-23,125,-3,121,-4,-385,-106,103
-24,126,-3,120,-3,-386,-107,103
-25,125,-4,120,-4,-385,-108,102
-26,122,-3,120,-4,-385,-109,100
-26,120,-3,120,-4,-385,-109,98
-25,119,-3,120,-4,-385,-108,96
-25,117,-3,120,-4,-386,-108,95
-25,116,-3,120,-4,-386,-108,93
-27,115,-3,120,-4,-385,-109,92
-27,114,-3,120,-4,-384,-111,91
-28,112,-3,120,-4,-383,-111,90
-28,110,-3,120,-4,-383,-111,87
-28,107,-3,120,-4,-383,-111,85
-28,104,-3,120,-4,-383,-112,81
-29,102,-3,120,-4,-382,-112,79
-30,100,-3,120,-3,-381,-113,76
-31,99,-3,120,-3,-380,-113,75
-32,97,-3,121,-3,-380,-114,74
-33,95,-3,120,-3,-381,-115,72
-33,92,-4,119,-3,-381,-115,69
-32,91,-6,118,-3,-380,-112,68
-32,89,-7,117,-3,-379,-112,65
-32,87,-7,117,-3,-377,-112,64
-33,85,-7,117,-3,-376,-113,62
-33,83,-7,117,-3,-375,-113,59
-33,81,-7,117,-3,-376,-113,58
-33,79,-7,117,-3,-376,-113,56
-34,77,-7,117,-3,-376,-113,53
-34,75,-7,117,-3,-376,-113,51
-35,74,-7,117,-3,-376,-114,51
-36,74,-7,117,-3,-376,-115,50
-38,73,-7,117,-3,-376,-118,50
-39,73,-7,117,-3,-376,-119,48
-38,71,-7,117,-3,-376,-118,47
-37,69,-7,117,-3,-376,-117,45
-38,68,-7,117,-3,-376,-117,43
-39,67,-6,116,-3,-376,-119,43
-41,66,-6,116,-3,-376,-120,42
-42,64,-6,117,-3,-376,-122,40
-42,61,-7,117,-3,-376,-122,37
-43,59,-8,115,-3,-376,-123,35
-43,59,-8,114,-3,-376,-123,35
-43,59,-8,113,-3,-376,-119,35
-42,58,-8,114,-3,-376,-122,34
-41,56,-9,114,-3,-375,-120,30
-42,54,-9,113,-2,-375,-118,28
-43,53,-9,111,0,-374,-120,29
-45,53,-8,111,0,-374,-122,28
-45,53,-8,111,-1,-375,-122,28
-45,53,-9,112,-2,-376,-122,28
-44,51,-8,112,-3,-376,-120,26
-43,50,-8,111,-2,-375,-119,25
-43,48,-7,110,-1,-374,-119,24
-42,48,-7,110,-1,-373,-119,23
-42,48,-7,110,-2,-372,-119,24
-43,48,-8,110,-1,-372,-119,24
-43,48,-8,110,0,-372,-119,24
-43,48,-8,110,0,-372,-119,24
-42,48,-7,110,1,-371,-119,24
-42,48,-7,110,0,-371,-119,24
-42,48,-8,110,0,-371,-119,24
-42,48,-9,112,0,-371,-119,24
-42,48,-10,112,1,-371,-119,21
-43,48,-10,113,1,-372,-119,21
-43,48,-10,113,1,-372,-119,21
-43,48,-10,113,1,-371,-119,21
-42,48,-10,113,1,-370,-119,21
-42,48,-10,113,1,-368,-119,20
-43,48,-9,112,2,-367,-119,24
-43,50,-8,111,1,-368,-119,25
-43,52,-7,110,1,-368,-119,28
-42,54,-8,110,1,-368,-119,30
-40,55,-9,111,1,-367,-117,31
-40,55,-10,112,1,-366,-117,29
-40,55,-10,113,1,-366,-119,29
-41,56,-10,113,1,-366,-120,29
-42,57,-10,113,1,-367,-119,30
-42,60,-9,113,1,-366,-118,32
-41,63,-10,112,1,-366,-118,36
-40,65,-10,113,1,-366,-120,37
-41,66,-10,114,1,-366,-120,39
-41,66,-10,115,1,-366,-120,39
-41,66,-9,116,1,-366,-120,39
-40,66,-8,116,1,-366,-119,42
-39,67,-8,116,1,-366,-119,41
-39,69,-8,116,1,-366,-119,45
-39,70,-7,117,1,-366,-119,46
-39,72,-7,117,1,-366,-118,47
-38,72,-7,117,1,-366,-117,48
-36,72,-7,117,2,-366,-115,48
-36,72,-7,117,2,-366,-115,48
-35,73,-7,117,1,-366,-114,50
-35,74,-7,117,1,-366,-114,51
-35,75,-7,117,1,-366,-114,51
-33,76,-7,117,2,-366,-113,52
-32,76,-7,117,3,-366,-111,53
-30,77,-7,117,3,-366,-109,53
-30,77,-7,117,3,-366,-109,53
-30,77,-7,117,3,-366,-109,53
-30,77,-7,117,5,-366,-109,53
-29,78,-7,117,6,-367,-108,54
-28,80,-7,117,7,-367,-108,57
-28,83,-7,117,7,-367,-108,59
-28,83,-7,117,6,-367,-108,61
-28,84,-7,117,6,-367,-108,61
-28,86,-7,117,6,-367,-108,62
-28,88,-7,117,7,-367,-107,64
-27,91,-7,118,6,-367,-109,68
-27,94,-8,118,6,-367,-109,69
-26,96,-8,118,6,-367,-108,70
-24,99,-8,118,6,-367,-107,74
-23,102,-7,120,6,-367,-106,76
-22,105,-7,122,6,-367,-107,80
-21,108,-7,123,6,-367,-107,83
-21,112,-6,123,6,-367,-107,86
-21,115,-6,123,6,-367,-107,90
-21,119,-6,123,6,-367,-107,96
-21,123,-6,125,6,-367,-107,98
-20,127,-5,126,6,-367,-106,102
-19,131,-5,126,6,-367,-108,107
-18,135,-4,127,6,-367,-107,113
-18,138,-3,127,6,-367,-103,117
-17,141,-3,127,7,-367,-103,119
-17,144,-3,127,7,-367,-106,123
-17,147,-4,129,6,-367,-106,123
-16,150,-4,130,6,-367,-107,125
-15,151,-4,131,6,-366,-107,128
-15,152,-2,131,7,-366,-104,130
-15,152,-2,131,8,-367,-103,130
-15,151,-2,133,8,-368,-107,130
-16,152,-2,133,8,-369,-107,130
-15,152,-1,132,7,-368,-107,130
-15,152,0,130,6,-367,-103,130
-16,150,-1,129,6,-366,-104,128
-17,148,-2,129,6,-366,-106,125
-18,145,-3,128,8,-367,-107,123
-18,143,-3,128,10,-367,-107,122
-18,139,-3,127,11,-367,-106,117
-17,135,-3,127,10,-367,-106,113
-18,130,-3,128,9,-367,-107,108
-19,126,-3,127,8,-367,-107,103
-19,121,-4,126,8,-367,-104,98
-20,116,-6,125,9,-367,-104,91
-21,110,-7,124,9,-367,-106,85
-23,105,-7,124,10,-367,-108,80
-25,101,-7,124,11,-367,-109,75
-26,96,-7,122,11,-367,-111,70
-27,91,-8,120,11,-367,-109,65
-27,86,-8,119,11,-367,-109,61
-29,82,-9,119,11,-367,-111,56
-31,77,-10,118,11,-367,-113,51
-32,71,-10,116,11,-367,-112,45
-33,65,-11,114,11,-367,-112,39
-34,60,-11,114,11,-367,-113,34
-35,57,-10,114,11,-367,-114,30
-35,53,-10,114,11,-367,-114,26
-36,50,-11,114,11,-367,-115,24
-38,47,-12,113,11,-367,-117,20
-39,44,-12,112,11,-367,-118,18
-40,44,-12,112,11,-367,-119,17
-40,44,-13,112,11,-367,-119,17
-40,44,-13,112,11,-367,-119,17
-40,44,-13,112,11,-367,-119,17
-40,44,-13,112,11,-367,-119,17
-40,44,-12,113,11,-367,-119,17
-41,45,-11,114,11,-367,-120,18
-41,46,-10,114,11,-367,-120,19
-41,49,-10,114,11,-367,-120,21
-40,51,-10,114,11,-368,-119,24
-41,55,-11,114,11,-370,-120,28
-42,58,-11,114,11,-372,-120,31
-43,61,-11,114,11,-372,-122,35
-42,64,-10,114,11,-372,-122,37
-40,66,-10,115,11,-372,-119,40
-38,69,-8,116,11,-372,-118,42
-37,72,-7,117,11,-372,-117,48
-36,75,-7,117,11,-372,-117,51
-36,78,-7,117,11,-372,-117,54
-36,81,-7,117,11,-372,-117,57
-36,84,-7,118,11,-372,-118,61
-35,87,-8,118,11,-372,-117,62
-33,90,-8,119,11,-373,-115,64
-33,93,-8,119,10,-375,-115,67
-32,94,-8,119,10,-377,-115,69
-32,97,-7,119,11,-377,-114,72
-31,99,-8,120,13,-375,-114,73
-30,100,-8,121,14,-375,-114,74
-28,101,-9,122,14,-375,-113,75
-27,101,-9,122,12,-376,-112,75
-27,101,-10,122,12,-377,-112,75
-27,101,-9,122,14,-377,-112,75
-27,101,-9,122,15,-377,-112,75
-27,101,-8,122,16,-377,-112,75
-27,101,-7,123,14,-377,-112,75
-27,102,-7,124,14,-377,-112,76
-27,101,-7,124,14,-377,-112,75
-26,100,-7,124,15,-377,-112,74
-25,98,-7,124,16,-377,-111,73
-25,97,-7,124,16,-377,-109,72
-24,97,-7,124,15,-377,-109,72
-24,97,-8,123,15,-377,-109,72
-25,97,-8,123,15,-377,-109,72
-25,95,-8,123,16,-377,-111,70
-27,93,-7,124,15,-377,-112,68
-27,92,-7,124,15,-377,-112,67
-27,91,-6,124,15,-377,-112,65
-27,90,-7,125,15,-377,-112,64
-26,90,-7,124,15,-377,-111,64
-27,90,-8,123,15,-377,-112,64
-28,90,-9,121,15,-377,-113,64
-29,89,-11,121,15,-377,-114,63
-30,88,-12,122,15,-377,-114,59
-30,86,-11,124,15,-377,-117,58
-29,85,-10,126,15,-377,-117,57
-29,85,-10,126,15,-377,-117,59
-30,86,-11,125,15,-377,-117,58
-30,86,-13,124,15,-377,-117,58
-29,86,-14,124,15,-377,-117,57
-28,84,-14,125,15,-377,-115,56
-28,83,-14,125,15,-377,-115,54
-28,84,-13,124,15,-377,-115,56
-29,85,-13,124,15,-377,-115,57
-29,86,-13,123,15,-377,-114,57
-29,85,-13,123,15,-377,-117,57
-29,85,-14,124,15,-375,-117,57
-29,85,-14,125,15,-373,-117,57
-29,86,-14,125,16,-372,-115,58
-28,88,-14,124,16,-372,-115,59
-28,89,-14,124,16,-372,-115,61
-27,90,-14,124,16,-372,-114,62
-27,90,-14,124,16,-372,-114,62
-26,90,-14,124,16,-372,-113,62
-26,90,-14,125,16,-372,-113,62
-26,90,-14,125,16,-372,-113,62
-27,92,-14,124,16,-372,-114,63
-28,93,-14,124,16,-372,-115,64
-28,94,-14,124,16,-372,-115,65
-28,96,-14,125,16,-372,-115,68
-26,98,-15,126,16,-372,-114,69
-26,100,-15,126,16,-372,-113,69
-27,101,-15,126,16,-372,-114,73
-27,102,-14,125,16,-372,-114,74
-25,102,-14,124,16,-372,-113,74
-24,102,-14,124,16,-372,-112,74
-24,103,-14,125,16,-372,-111,75
-24,103,-14,125,16,-372,-112,75
-24,103,-14,125,16,-372,-111,75
-23,103,-14,124,16,-372,-111,75
-22,104,-14,124,16,-372,-109,75
-22,104,-14,125,16,-372,-109,75
-22,104,-13,126,16,-372,-109,75
-22,103,-12,126,16,-372,-109,75
-22,103,-10,126,16,-372,-109,75
-22,104,-9,124,16,-372,-107,78
-22,103,-7,124,16,-372,-107,78
-22,103,-7,124,16,-372,-107,78
-22,103,-7,124,16,-372,-107,78
-22,103,-7,124,16,-372,-107,78
-22,103,-7,124,16,-372,-107,78
-22,104,-7,124,16,-372,-107,78
-23,104,-7,124,16,-372,-108,78
-23,104,-7,124,16,-372,-108,79
-22,103,-7,124,16,-372,-107,78
-22,102,-7,124,16,-372,-107,76
-21,101,-7,124,16,-372,-106,75
-20,99,-7,124,16,-372,-106,74
-21,98,-7,124,16,-372,-106,73
-22,98,-7,124,16,-372,-107,73
-23,98,-6,123,16,-372,-108,73
-23,97,-6,123,16,-372,-108,72
-24,97,-6,123,16,-370,-108,72
-25,97,-6,122,16,-368,-109,74
-26,97,-5,122,16,-367,-108,74
-28,95,-4,121,16,-367,-111,72
-28,93,-4,121,16,-367,-111,70
-27,92,-6,122,16,-367,-112,68
-26,90,-7,124,16,-367,-111,64
-26,90,-7,125,16,-367,-111,64
-27,88,-7,124,16,-367,-112,63
-28,86,-6,123,16,-368,-113,61
-28,84,-5,122,16,-368,-111,61
-29,81,-3,120,16,-369,-112,58
-30,79,-3,120,16,-368,-112,56
-31,77,-3,120,16,-368,-113,53
-33,74,-5,120,16,-367,-115,51
-34,71,-6,118,16,-366,-117,47
-35,68,-7,117,16,-367,-114,43
-35,65,-7,117,16,-368,-114,41
-35,62,-7,117,16,-371,-114,37
-35,59,-7,117,16,-372,-114,35
-36,56,-8,116,16,-372,-114,32
-36,54,-10,115,16,-372,-115,26
-36,50,-11,114,16,-372,-115,24
-37,47,-11,114,16,-372,-117,20
-39,43,-11,114,16,-372,-118,17
-40,40,-11,115,16,-372,-119,13
-40,38,-12,113,16,-372,-119,10
-41,36,-13,111,16,-372,-118,8
-42,34,-12,108,16,-372,-118,7
-43,32,-12,107,16,-372,-117,4
-43,29,-11,107,16,-372,-117,4
-43,28,-11,107,16,-372,-117,3
-42,26,-11,107,16,-372,-115,0
-42,26,-11,107,16,-372,-115,0
-42,26,-11,107,16,-372,-115,-1
-42,26,-11,107,15,-372,-115,1
-41,27,-11,107,16,-374,-114,2
-41,28,-11,107,16,-374,-115,3
-42,30,-12,107,15,-373,-115,3
-43,33,-11,107,15,-374,-117,6
-42,36,-10,108,15,-375,-115,12
-42,39,-8,108,16,-377,-115,14
-41,42,-6,109,17,-377,-115,18
-41,45,-6,109,18,-377,-114,20
-41,49,-7,110,17,-377,-118,25
-41,55,-8,111,16,-377,-118,30
-40,61,-7,112,15,-377,-117,37
-39,66,-5,112,15,-377,-117,42
-39,71,-3,112,16,-377,-117,50
-39,75,-3,112,17,-377,-115,53
-37,79,-3,112,19,-377,-114,58
-36,84,-4,113,20,-377,-113,63
-35,89,-3,115,21,-377,-113,68
-35,93,-1,116,21,-377,-113,73
-35,97,0,117,20,-377,-115,76
-34,101,0,117,20,-379,-114,80
-32,104,0,117,20,-381,-113,83
-31,106,0,117,20,-382,-111,86
-30,109,0,118,20,-381,-111,89
-29,112,0,118,20,-380,-109,92
-29,115,0,118,20,-380,-109,95
-28,117,0,117,20,-381,-108,97
-27,118,0,117,20,-382,-108,98
-26,119,-1,117,20,-382,-107,100
-26,121,0,117,20,-382,-107,101
-25,122,0,117,20,-382,-106,102
-24,124,0,118,20,-382,-104,104
-23,123,0,118,20,-382,-103,103
-22,122,0,119,21,-383,-103,102
-23,120,-2,120,24,-382,-106,98
-22,120,-4,120,25,-382,-106,97
-21,120,-4,121,25,-382,-104,98
-20,120,-3,121,25,-383,-102,97
-19,118,-3,121,25,-383,-102,96
-20,116,-2,122,25,-384,-103,93
-21,115,-3,121,25,-384,-104,92
-22,113,-3,121,24,-384,-104,91
-21,112,-3,120,23,-386,-104,89
-21,111,-3,120,23,-387,-103,89
-20,110,-3,120,23,-387,-103,87
-21,108,-3,120,24,-387,-103,85
-22,106,-3,120,25,-387,-104,83
-23,104,-3,120,25,-387,-106,81
-23,103,-3,120,25,-387,-106,80
-22,104,-4,120,25,-387,-104,81
-22,104,-4,119,25,-387,-104,81
-23,104,-5,119,25,-387,-106,81
-23,103,-5,119,25,-387,-106,80
-24,103,-3,120,25,-387,-107,80
-24,103,-3,121,25,-387,-107,80
-24,102,-3,120,25,-387,-107,80
-25,102,-5,119,25,-387,-107,79
-25,102,-6,118,25,-387,-108,79
-26,101,-6,118,25,-387,-106,79
-26,102,-6,118,25,-387,-108,79
-25,102,-5,119,25,-387,-108,79
-24,103,-4,120,25,-387,-106,80
-22,103,-4,120,25,-387,-104,80
-22,104,-3,118,25,-387,-102,81
-23,105,-3,117,25,-387,-103,85
-24,107,-2,117,25,-387,-104,86
-24,108,-2,118,25,-387,-104,89
-22,110,-2,119,25,-387,-102,87
-21,110,-3,120,26,-387,-103,87
-20,110,-2,119,27,-387,-101,87
-20,110,-2,118,28,-387,-101,90
-19,111,-1,117,27,-387,-100,91
-18,112,0,117,25,-387,-96,92
-18,115,0,118,25,-387,-98,96
-18,119,1,119,26,-387,-98,100
-17,122,2,120,28,-386,-98,104
-16,124,4,121,29,-386,-96,107
-14,127,5,122,30,-386,-95,109
-13,129,6,123,30,-387,-93,112
-12,132,6,123,29,-386,-92,115
-10,136,6,123,29,-386,-91,119
-9,140,7,124,29,-386,-92,124
-8,145,9,126,30,-387,-92,129
-9,149,9,127,29,-388,-92,133
-9,154,10,127,29,-388,-92,140
-7,158,10,127,29,-387,-91,145
-6,163,10,127,29,-386,-90,150
-4,169,12,129,29,-384,-89,156
-3,175,13,130,30,-383,-90,162
-3,179,14,132,30,-382,-90,167
-1,184,15,133,30,-383,-89,170
0,188,16,134,29,-383,-87,175
0,193,16,134,30,-383,-86,180
1,198,16,135,30,-383,-85,185
2,203,15,135,30,-383,-87,190
3,207,14,136,30,-383,-86,195
3,210,14,137,29,-383,-86,198
4,213,14,137,30,-383,-85,201
5,215,14,137,32,-383,-85,203
4,217,14,137,33,-383,-85,205
3,218,14,137,32,-383,-86,206
3,218,14,137,32,-383,-86,206
4,217,14,137,32,-381,-85,205
4,214,12,136,33,-380,-85,202
3,211,11,135,34,-379,-86,196
2,207,10,134,34,-379,-86,192
2,202,10,133,33,-379,-86,187
2,198,9,132,32,-379,-86,183
1,191,7,132,32,-378,-87,175
0,183,6,131,34,-378,-89,164
-3,173,3,132,35,-378,-92,156
-6,164,1,131,35,-379,-95,142
-8,155,-1,130,35,-378,-97,133
-10,146,-3,128,35,-376,-98,124
-12,136,-4,126,35,-375,-97,114
-14,125,-6,125,35,-373,-98,100
-16,113,-7,123,36,-373,-102,89
-19,101,-10,122,35,-373,-104,76
-22,90,-11,120,35,-373,-104,65
-25,79,-13,119,35,-373,-107,51
-27,68,-14,117,35,-373,-108,40
-30,57,-15,117,35,-373,-112,28
-34,46,-16,115,35,-373,-115,17
-37,36,-18,114,35,-373,-118,6
-40,26,-21,112,35,-373,-118,-6
-42,17,-22,110,35,-373,-120,-15
-43,9,-24,108,35,-373,-122,-23
-45,2,-25,108,35,-373,-123,-30
-48,-2,-25,108,34,-373,-125,-36
-51,-7,-26,107,33,-372,-129,-40
-52,-11,-27,105,34,-371,-128,-47
-53,-13,-28,104,35,-372,-128,-50
-54,-15,-29,104,36,-373,-129,-51
-56,-15,-28,104,35,-373,-131,-51
-57,-15,-28,104,35,-373,-133,-52
-57,-14,-28,104,35,-373,-131,-51
-55,-12,-28,104,35,-373,-130,-48
-54,-7,-29,104,35,-373,-130,-43
-55,-2,-28,104,35,-373,-130,-37
-55,3,-27,105,35,-373,-130,-32
-54,9,-26,107,35,-375,-133,-24
-52,15,-25,108,35,-376,-130,-17
-50,22,-25,108,35,-378,-129,-10
-49,29,-24,109,35,-378,-128,-2
-48,38,-23,110,35,-378,-128,6
-47,47,-21,111,35,-378,-126,15
-45,56,-20,112,35,-378,-124,24
-42,65,-19,115,35,-378,-124,34
-39,72,-18,116,35,-378,-122,41
-37,81,-16,118,35,-378,-119,52
-36,89,-14,118,35,-378,-119,61
-36,96,-13,119,35,-378,-118,68
-33,102,-12,120,35,-378,-118,76
-30,107,-11,120,35,-379,-115,81
-27,112,-10,121,35,-381,-112,87
-25,119,-9,122,35,-383,-111,93
-23,124,-8,123,35,-383,-108,100
-21,129,-7,124,34,-383,-107,103
-19,131,-6,124,33,-383,-104,107
-18,134,-5,125,33,-383,-104,109
-16,136,-4,126,34,-383,-102,114
-15,138,-3,127,34,-383,-103,115
-14,138,-3,128,34,-383,-102,115
-13,137,-3,127,33,-383,-101,115
-12,136,-3,127,33,-383,-101,114
-12,135,-3,127,34,-383,-100,113
-11,134,-3,127,35,-383,-100,112
-12,132,-3,127,35,-383,-100,109
-13,130,-3,127,35,-383,-101,107
-13,127,-3,127,34,-383,-101,104
-13,124,-4,126,33,-383,-98,102
-13,119,-4,126,33,-383,-98,97
-14,115,-4,126,33,-383,-100,93
-14,112,-4,126,34,-383,-100,90
-14,109,-5,125,35,-383,-100,84
-15,106,-7,124,35,-384,-100,81
-17,102,-8,123,34,-385,-102,78
-18,99,-10,122,35,-384,-103,74
-19,96,-10,121,35,-383,-103,70
-19,94,-11,120,34,-383,-104,69
-20,92,-10,121,33,-383,-104,67
-22,89,-10,121,33,-383,-107,63
-24,87,-10,121,33,-383,-108,62
-24,86,-11,120,34,-383,-106,61
-23,85,-13,119,35,-383,-104,57
-22,83,-14,118,35,-383,-104,54
-23,81,-14,117,35,-383,-104,53
-25,81,-14,117,35,-383,-107,52
-28,82,-14,118,35,-383,-109,53
-29,84,-14,118,34,-383,-111,56
-27,85,-14,118,33,-383,-109,57
-25,85,-14,118,32,-383,-107,57
-24,86,-14,117,33,-383,-106,58
-24,87,-14,117,34,-383,-107,59
-26,89,-14,118,35,-383,-108,61
-27,90,-15,119,35,-383,-112,62
-27,90,-17,120,34,-384,-112,62
-26,90,-17,121,34,-385,-111,59
-25,91,-17,121,34,-385,-109,61
-24,93,-16,120,35,-385,-108,65
-24,96,-16,120,34,-385,-108,68
-24,97,-18,121,34,-384,-108,67
-25,97,-17,122,34,-383,-112,67
-25,97,-16,123,35,-382,-112,67
-25,97,-15,123,35,-383,-112,69
-25,97,-15,123,34,-384,-112,69
-24,97,-15,123,34,-386,-112,69
-25,97,-16,122,34,-387,-112,69
-25,97,-16,122,34,-386,-112,67
-25,97,-16,122,34,-385,-112,67
-25,97,-17,122,34,-384,-112,67
-25,97,-18,121,35,-383,-112,67
-24,96,-17,121,35,-383,-108,65
-23,94,-17,120,34,-383,-108,65
-22,93,-16,120,34,-384,-107,64
-22,92,-16,120,35,-385,-107,64
-22,93,-17,121,35,-384,-107,62
-22,93,-17,121,34,-383,-107,62
-22,92,-16,120,34,-383,-107,64
-23,92,-15,119,33,-383,-108,64
-25,91,-15,118,32,-383,-108,63
-26,90,-14,118,31,-383,-108,62
-26,89,-14,117,30,-383,-108,61
-25,87,-14,117,30,-383,-107,59
-24,86,-14,117,30,-381,-106,58
-25,85,-13,116,30,-379,-107,59
-27,84,-12,115,30,-378,-107,58
-28,83,-12,115,30,-377,-108,58
-28,84,-11,114,30,-378,-108,58
-28,84,-11,114,30,-378,-108,58
-28,83,-11,114,30,-378,-108,58
-29,82,-11,114,30,-378,-108,56
-29,79,-11,114,30,-378,-108,53
-29,78,-10,113,30,-378,-106,52
-28,77,-9,111,30,-378,-106,54
-29,77,-7,110,30,-378,-107,54
-30,77,-7,110,30,-378,-107,54
-30,77,-8,110,30,-378,-107,54
-30,77,-8,110,30,-378,-107,53
-30,77,-7,110,30,-378,-107,53
-32,76,-7,109,30,-378,-106,53
-33,75,-7,109,30,-378,-108,52
-35,75,-7,109,30,-378,-109,51
-35,75,-6,108,30,-378,-109,51
-35,75,-5,108,30,-378,-109,54
-34,75,-4,107,30,-378,-107,53
-34,74,-6,108,30,-378,-108,52
-33,72,-7,109,30,-378,-108,48
-33,70,-7,109,30,-378,-108,46
-34,69,-5,108,30,-378,-108,48
-35,69,-3,108,31,-378,-109,47
-36,68,-3,109,32,-378,-111,47
-36,68,-4,109,32,-378,-111,47
-36,69,-5,108,32,-378,-111,47
-35,69,-6,108,31,-378,-109,47
-35,68,-6,108,30,-378,-109,47
-36,68,-6,108,30,-378,-111,45
-37,68,-7,110,31,-378,-112,45
-37,68,-7,110,32,-378,-114,43
-37,68,-8,110,32,-378,-114,43
-36,68,-8,110,31,-378,-113,45
-36,68,-7,110,30,-378,-113,45
-36,68,-7,110,30,-377,-113,45
-36,68,-7,110,30,-376,-113,45
-36,68,-7,110,30,-376,-113,45
-37,68,-8,110,30,-377,-114,43
-37,68,-8,109,30,-377,-112,43
-36,68,-9,109,30,-376,-111,45
-36,69,-9,108,31,-375,-111,45
-33,70,-9,108,32,-373,-108,46
-32,70,-10,108,32,-373,-107,47
-32,71,-10,108,32,-373,-107,47
-32,71,-10,108,32,-373,-107,47
-32,71,-10,108,32,-373,-107,47
-32,70,-9,109,33,-373,-107,46
-32,69,-8,109,34,-373,-106,45
-31,69,-7,110,33,-373,-108,45
-32,69,-7,110,33,-373,-109,46
-32,70,-7,110,34,-373,-109,47
-32,70,-7,110,35,-373,-109,47
-32,69,-7,110,35,-373,-109,46
-32,69,-7,110,35,-373,-108,45
-32,69,-7,110,35,-373,-108,45
-32,68,-8,110,35,-373,-108,45
-31,68,-8,109,35,-373,-106,43
-30,66,-9,109,35,-373,-104,42
-30,66,-8,109,35,-373,-104,42
-30,66,-9,109,35,-373,-104,42
-30,66,-10,108,35,-373,-104,42
-30,66,-11,107,35,-373,-104,40
-29,65,-12,106,36,-372,-103,39
-28,63,-11,106,35,-371,-103,40
-28,62,-11,108,35,-370,-102,39
-28,61,-11,109,36,-369,-104,35
-28,62,-12,111,36,-369,-104,35
-28,62,-13,112,36,-370,-107,35
-28,62,-14,111,35,-370,-107,36
-28,62,-15,111,34,-370,-104,36
-27,61,-14,111,34,-369,-103,35
-26,59,-14,111,33,-368,-102,32
-25,57,-14,111,34,-368,-102,31
-25,57,-14,111,34,-368,-102,30
-26,59,-15,110,34,-368,-102,32
-26,61,-14,111,35,-368,-102,35
-25,64,-13,112,35,-368,-103,37
-23,65,-11,113,33,-368,-102,39
-23,64,-11,112,32,-368,-100,39
-23,64,-12,111,32,-368,-100,37
-24,64,-13,110,32,-368,-101,39
-24,65,-15,110,33,-368,-101,40
-23,68,-15,111,34,-368,-100,42
-23,70,-13,112,33,-367,-102,45
-22,72,-12,113,32,-366,-102,46
-23,74,-11,114,32,-365,-102,48
-24,75,-10,114,32,-364,-103,50
-23,77,-10,114,32,-364,-103,51
-23,79,-11,114,33,-365,-102,53
-22,83,-11,114,34,-367,-102,57
-22,86,-11,114,33,-368,-101,61
-22,89,-10,114,32,-369,-102,64
-21,91,-10,114,33,-368,-101,65
-22,92,-11,114,34,-367,-102,67
-22,93,-12,115,35,-366,-102,67
-23,94,-13,116,34,-367,-104,68
-23,96,-13,117,32,-368,-104,68
-21,98,-11,118,32,-368,-104,73
-21,99,-10,119,33,-368,-103,74
-20,99,-11,120,35,-368,-102,74
-19,100,-13,119,36,-368,-101,73
-18,102,-14,118,36,-368,-101,74
-18,104,-14,117,35,-368,-101,76
-18,106,-14,117,35,-368,-101,79
-18,106,-14,117,35,-368,-101,79
-18,106,-14,117,36,-368,-101,79
-18,106,-14,118,36,-368,-101,78
-17,106,-13,119,35,-368,-100,79
-17,107,-11,120,34,-368,-100,81
-17,107,-10,121,32,-368,-102,81
-17,107,-10,121,31,-368,-102,81
-17,106,-10,121,32,-368,-102,81
-17,106,-10,121,32,-368,-102,81
-17,107,-10,121,32,-368,-102,81
-15,108,-10,121,31,-370,-101,83
-14,108,-10,121,30,-371,-98,84
-13,107,-11,120,30,-371,-98,83
-14,104,-12,120,31,-372,-98,79
-15,102,-12,119,32,-372,-97,78
-16,101,-11,120,32,-372,-98,76
-16,101,-10,121,32,-373,-101,76
-16,101,-10,121,31,-373,-101,76
-16,101,-11,120,30,-373,-101,76
-16,102,-13,119,30,-373,-98,74
-16,102,-14,117,30,-373,-98,74
-16,101,-14,117,31,-373,-98,74
-16,100,-14,117,30,-372,-98,72
-17,97,-14,118,30,-373,-100,69
-18,95,-15,119,31,-374,-102,67
-18,94,-15,119,32,-376,-103,67
-18,95,-15,119,32,-378,-102,67
-18,95,-15,119,31,-378,-102,67
-18,95,-16,120,30,-378,-102,68
-18,95,-17,121,30,-378,-102,64
-18,95,-18,122,30,-378,-106,64
-19,94,-18,121,30,-378,-106,64
-20,94,-17,121,30,-378,-104,64
-19,94,-17,121,30,-378,-103,64
-18,94,-17,121,30,-377,-103,64
-18,95,-17,121,30,-378,-102,65
-18,97,-17,121,30,-379,-103,67
-19,98,-17,121,30,-381,-104,68
-20,98,-17,121,29,-383,-104,68
-19,98,-17,121,30,-383,-104,68
-18,99,-17,121,30,-381,-103,68
-17,101,-17,121,30,-380,-102,70
-16,103,-17,121,30,-381,-101,73
-17,104,-17,121,30,-382,-102,74
-18,104,-17,121,29,-383,-102,74
-18,105,-18,121,29,-383,-103,75
-17,106,-17,121,30,-383,-102,76
-15,108,-16,122,30,-383,-102,80
-14,108,-15,123,30,-383,-101,80
-14,108,-15,123,30,-383,-101,80
-14,109,-16,123,30,-383,-102,79
-16,111,-16,122,29,-383,-103,84
-16,112,-15,123,29,-383,-104,85
-17,113,-14,124,30,-382,-104,85
-16,112,-14,125,30,-381,-104,85
-16,112,-14,126,30,-381,-103,85
-15,113,-15,126,30,-381,-102,83
-14,114,-15,126,30,-382,-102,86
-14,114,-14,125,30,-382,-101,86
-13,114,-14,125,30,-382,-101,87
-12,115,-14,124,30,-381,-100,87
-12,115,-14,124,30,-381,-100,87
-12,116,-15,123,30,-381,-100,89
-13,116,-16,122,30,-379,-101,86
-13,117,-16,122,30,-378,-101,87
-14,118,-16,122,30,-378,-101,91
-14,119,-14,124,30,-379,-102,91
-15,119,-14,124,30,-381,-102,92
-14,119,-15,123,30,-381,-102,92
-13,120,-16,122,29,-381,-101,92
-11,120,-16,122,28,-381,-98,91
-10,121,-15,123,28,-382,-98,93
-10,123,-14,125,28,-383,-98,96
-11,125,-13,125,28,-383,-100,97
-12,126,-14,125,27,-383,-100,98
-13,125,-14,124,25,-382,-101,98
-12,126,-14,125,25,-382,-100,98
-11,128,-15,126,25,-382,-100,101
-11,130,-15,126,25,-382,-98,101
-10,132,-14,126,25,-384,-98,104
-10,133,-14,125,25,-386,-98,106
-11,134,-14,124,25,-387,-100,107
-11,136,-14,124,25,-387,-98,108
-10,138,-14,125,25,-387,-98,111
-9,139,-13,126,25,-387,-97,113
-7,141,-12,126,25,-387,-96,114
-7,144,-12,126,25,-387,-95,117
-7,145,-12,126,25,-387,-95,119
-7,146,-12,126,25,-387,-95,119
-7,146,-11,127,25,-387,-95,119
-6,145,-10,128,25,-387,-95,119
-6,146,-10,128,25,-387,-93,119
-4,146,-10,128,25,-387,-92,120
-4,147,-10,128,24,-388,-95,120
-4,148,-10,128,24,-389,-92,122
-6,150,-9,127,24,-389,-93,126
-7,151,-8,126,24,-389,-95,126
-8,151,-7,124,24,-388,-93,126
-8,151,-7,123,25,-387,-93,126
-7,150,-7,124,25,-387,-93,126
-7,151,-7,124,25,-387,-93,126
-7,151,-8,125,24,-388,-95,126
-7,151,-8,126,24,-389,-95,126
-7,151,-8,125,24,-389,-92,126
-8,151,-7,124,25,-389,-93,126
-9,150,-7,124,25,-388,-95,126
-9,150,-7,124,25,-387,-95,125
-8,149,-7,124,23,-387,-95,125
-7,147,-7,124,21,-387,-93,123
-7,145,-7,124,20,-387,-92,122
-6,145,-7,124,19,-387,-92,122
-6,146,-7,124,20,-387,-92,122
-7,146,-7,124,20,-387,-92,122
-8,145,-7,124,20,-387,-93,122
-10,144,-7,124,20,-387,-96,120
-10,142,-6,124,20,-387,-96,118
-10,140,-7,124,20,-387,-95,115
-8,139,-8,123,20,-387,-93,114
-8,139,-9,122,20,-385,-93,114
-9,139,-10,121,20,-383,-95,114
-10,138,-11,120,20,-383,-96,114
-10,136,-10,121,20,-383,-96,112
-10,134,-10,121,20,-384,-96,109
-11,132,-10,121,20,-383,-96,108
-12,131,-11,121,20,-383,-97,107
-13,130,-11,121,20,-382,-98,104
-13,127,-10,121,20,-382,-98,102
-12,124,-10,120,20,-382,-95,100
-11,122,-9,120,20,-382,-93,98
-11,121,-9,119,20,-381,-93,96
-12,119,-9,117,20,-379,-95,95
-13,116,-10,115,21,-377,-92,91
-13,113,-10,114,20,-377,-92,87
-13,110,-11,114,20,-377,-93,85
-14,108,-11,114,20,-377,-93,84
-15,107,-11,114,21,-377,-95,83
-16,105,-11,114,21,-378,-96,80
-17,103,-11,114,20,-377,-97,78
-18,101,-11,114,19,-375,-97,75
-18,99,-11,114,17,-374,-98,74
-18,96,-10,114,16,-372,-98,70
-18,93,-10,114,15,-372,-98,68
-20,90,-11,114,16,-372,-100,64
-21,88,-11,113,16,-372,-101,63
-22,86,-12,112,16,-372,-102,61
-24,85,-13,112,16,-373,-103,59
-25,83,-14,111,16,-372,-102,57
-25,80,-14,111,16,-370,-102,54
-25,78,-14,111,16,-368,-102,52
-24,77,-14,111,16,-367,-101,51
-24,75,-14,111,16,-367,-101,50
-24,73,-14,111,16,-367,-101,47
-25,70,-14,111,16,-367,-102,45
-26,68,-14,111,16,-368,-102,42
-25,68,-14,111,16,-367,-102,42
-26,69,-14,111,16,-365,-102,42
-26,69,-14,111,16,-364,-102,43
-27,68,-14,111,16,-362,-103,42
-28,66,-14,111,16,-362,-104,40
-28,63,-14,111,16,-362,-104,37
-28,62,-14,111,16,-363,-104,35
-28,62,-14,111,16,-363,-104,35
-27,62,-15,110,17,-362,-103,35
-27,62,-16,109,16,-362,-103,32
-28,62,-17,109,16,-362,-104,32
-28,62,-17,108,16,-362,-104,32
-28,63,-18,107,17,-362,-104,34
-28,66,-17,106,17,-362,-104,37
-27,68,-17,106,16,-362,-101,39
-26,69,-17,107,15,-362,-103,40
-25,69,-18,107,15,-362,-102,40
-24,69,-18,108,15,-362,-101,41
-23,70,-18,108,16,-362,-100,41
-21,71,-18,107,15,-362,-98,42
-21,71,-18,107,13,-362,-97,42
-21,71,-18,107,11,-362,-97,42
-21,71,-18,107,11,-362,-98,42
-23,72,-18,108,13,-362,-100,43
-23,74,-18,108,15,-362,-100,46
-22,75,-18,108,16,-363,-100,47
-21,77,-18,107,15,-362,-97,48
-20,78,-18,107,13,-361,-96,50
-20,79,-18,108,11,-360,-96,51
-21,80,-17,108,11,-359,-97,52
-22,82,-15,110,11,-359,-100,53
-22,82,-14,111,12,-360,-100,56
-21,82,-14,111,13,-360,-98,56
-20,82,-14,111,14,-360,-97,57
-19,83,-14,111,13,-358,-96,58
-18,85,-14,111,12,-357,-95,59
-19,87,-14,111,12,-357,-96,62
-20,88,-14,111,12,-357,-97,63
-20,89,-14,111,12,-357,-97,63
-20,88,-14,111,12,-357,-97,63
-20,88,-14,111,12,-357,-97,63
-20,88,-14,111,12,-357,-97,63
-20,88,-15,111,12,-357,-97,63
-20,88,-15,111,12,-357,-97,63
-20,88,-14,111,12,-357,-97,63
-20,88,-14,110,12,-357,-97,63
-20,88,-13,109,11,-358,-97,63
-20,88,-13,109,12,-357,-97,63
-20,88,-13,109,12,-356,-97,63
-20,88,-13,109,12,-354,-97,63
-20,88,-12,108,12,-354,-95,63
-20,88,-11,107,12,-354,-95,63
-20,88,-11,107,12,-354,-95,65
-20,89,-11,107,12,-353,-95,65
-20,88,-11,107,12,-352,-95,63
-19,87,-11,107,12,-352,-93,62
-18,85,-11,107,12,-352,-92,59
-18,84,-11,107,12,-353,-92,61
-18,83,-11,107,12,-352,-92,61
-18,84,-11,107,12,-352,-92,61
-18,84,-11,107,12,-352,-92,61
-18,84,-11,107,12,-353,-92,62
-18,84,-11,107,12,-353,-92,62
-18,84,-11,107,12,-352,-92,61
-17,83,-11,107,12,-351,-91,59
-15,81,-11,107,12,-349,-90,56
-15,80,-12,107,11,-347,-89,54
-16,81,-11,107,10,-347,-90,58
-18,82,-10,106,11,-347,-92,59
-20,83,-9,105,12,-348,-92,59
-21,83,-9,104,13,-348,-93,59
-20,83,-9,104,13,-347,-92,59
-21,82,-9,104,11,-347,-92,59
-21,82,-9,104,10,-347,-93,59
-22,82,-9,104,10,-347,-95,59
-22,82,-9,104,10,-347,-93,58
-22,81,-9,104,12,-347,-93,58
-22,82,-8,104,12,-347,-93,59
-22,83,-8,103,11,-347,-95,61
-24,85,-8,103,9,-347,-96,62
-24,86,-8,103,8,-347,-96,63
-25,86,-8,104,9,-347,-97,63
-24,86,-8,104,11,-347,-96,63
-24,86,-8,103,13,-347,-96,63
-24,86,-8,103,13,-347,-96,63
-24,86,-8,103,13,-347,-96,63
-24,86,-8,103,12,-347,-96,63
-24,86,-8,103,12,-347,-96,63
-24,86,-8,103,12,-347,-96,63
-24,86,-8,103,13,-347,-96,63
-24,86,-8,103,12,-347,-96,63
-25,86,-8,103,12,-347,-97,63
-24,86,-8,103,12,-347,-96,63
-24,85,-8,103,12,-347,-96,62
-22,83,-8,103,12,-348,-95,61
-22,82,-8,104,12,-347,-93,58
-22,82,-8,103,12,-347,-93,58
-21,82,-8,103,12,-347,-93,58
-21,82,-8,103,12,-348,-93,58
-21,81,-8,104,12,-349,-93,58
-21,80,-8,104,12,-350,-93,57
-21,79,-8,103,12,-350,-93,56
-21,78,-9,102,12,-351,-93,54
-21,77,-10,102,12,-352,-92,54
-21,76,-10,102,12,-353,-93,53
-21,75,-10,102,12,-353,-93,52
-22,73,-10,102,12,-352,-93,50
-21,71,-11,101,12,-352,-93,47
-20,69,-11,101,12,-352,-90,46
-20,67,-10,100,12,-352,-89,43
-20,66,-8,99,12,-352,-90,45
-22,65,-7,97,12,-352,-89,43
-23,64,-8,97,12,-352,-90,43
-23,63,-8,96,11,-352,-90,42
-23,61,-8,97,10,-352,-90,40
-24,58,-8,97,10,-352,-90,37
-24,56,-8,97,11,-353,-91,35
-24,54,-8,97,12,-352,-91,32
-24,53,-8,96,12,-351,-91,31
-25,52,-8,97,12,-350,-91,31
-25,52,-8,96,12,-351,-92,30
-25,50,-8,96,12,-352,-92,29
-25,48,-8,96,12,-353,-91,28
-25,46,-8,97,12,-353,-92,25
-26,45,-8,97,12,-351,-92,24
-27,45,-8,96,12,-349,-93,24
-28,45,-9,95,12,-347,-95,24
-28,46,-10,94,12,-347,-95,24
-28,45,-11,94,12,-347,-95,21
-29,44,-10,94,12,-349,-95,20
-29,43,-11,94,12,-350,-95,19
-27,43,-11,93,12,-350,-93,19
-25,44,-12,93,12,-350,-91,20
-25,46,-12,93,12,-348,-91,23
-25,47,-11,93,12,-348,-91,24
-25,48,-11,94,12,-348,-92,25
-27,50,-10,94,12,-350,-93,29
-28,50,-11,94,12,-350,-93,26
-28,51,-11,94,12,-350,-93,28
-27,52,-11,94,12,-348,-93,29
-25,54,-10,95,12,-348,-91,32
-23,57,-9,96,12,-349,-90,36
-22,59,-8,97,12,-351,-89,39
-22,61,-9,98,12,-352,-91,41
-23,63,-10,99,12,-353,-92,40
-24,65,-11,100,12,-353,-93,42
-24,68,-12,101,12,-352,-96,45
-23,71,-12,101,12,-352,-95,48
-22,75,-11,100,12,-352,-91,52
-21,77,-11,99,12,-352,-90,54
-20,79,-10,99,12,-352,-90,56
-19,81,-10,100,12,-352,-89,58
-19,83,-9,102,12,-352,-91,61
-18,86,-7,102,12,-352,-89,65
-17,88,-5,101,12,-353,-87,68
-17,90,-5,101,12,-353,-86,70
-17,92,-7,102,12,-352,-86,72
-17,94,-8,103,12,-352,-89,72
-17,97,-8,104,12,-352,-90,74
-17,99,-8,104,12,-354,-90,76
-16,102,-8,104,12,-356,-89,79
-15,104,-8,104,12,-357,-87,81
-14,106,-8,103,11,-358,-86,84
-14,108,-8,103,12,-357,-86,85
-14,108,-8,103,12,-357,-86,86
-13,111,-7,104,12,-357,-86,89
-12,113,-7,104,12,-357,-85,93
-12,115,-6,105,12,-357,-85,95
-12,115,-7,104,12,-357,-85,96
-12,115,-8,104,12,-357,-85,93
-12,115,-8,103,12,-357,-85,92
-11,115,-6,103,12,-357,-84,96
-10,116,-5,104,12,-357,-83,96
-9,116,-5,104,12,-357,-83,97
-9,116,-6,105,12,-357,-81,97
-8,117,-8,105,12,-357,-80,95
-7,117,-7,105,12,-357,-80,97
-7,117,-4,104,12,-357,-80,97
-8,117,-2,104,12,-357,-78,101
-7,117,-2,104,12,-357,-78,101
-7,117,-3,105,12,-357,-80,98
-8,117,-4,107,12,-357,-80,97
-9,117,-5,107,11,-359,-81,97
-11,116,-4,107,11,-361,-84,96
-12,115,-4,107,11,-361,-85,95
-12,113,-4,107,11,-360,-85,93
-10,112,-4,107,11,-359,-84,92
-10,111,-4,107,11,-360,-83,91
-9,110,-4,107,11,-361,-81,91
-10,110,-4,107,11,-362,-83,91
-11,110,-4,107,11,-362,-84,90
-11,109,-4,106,11,-362,-84,90
-12,109,-4,104,11,-362,-85,90
-12,110,-3,104,11,-362,-81,90
-12,109,-3,103,11,-362,-81,90
-12,108,-2,102,11,-362,-83,90
-12,105,-2,102,11,-362,-83,87
-12,104,-3,103,11,-362,-81,84
-11,104,-4,106,11,-362,-84,84
-11,104,-4,107,11,-362,-84,84
-11,104,-4,107,11,-364,-84,85
-11,104,-3,106,11,-365,-84,85
-12,104,-3,105,11,-367,-84,84
-12,104,-5,104,11,-368,-84,84
-12,104,-6,104,11,-367,-84,84
-12,104,-7,105,11,-367,-84,84
-11,104,-6,105,11,-367,-84,84
-11,104,-6,105,11,-367,-84,84
-12,104,-6,105,11,-367,-85,84
-13,103,-7,104,11,-367,-85,84
-13,103,-6,103,11,-367,-85,84
-12,103,-5,101,12,-367,-83,84
-12,103,-4,100,13,-369,-83,84
-12,103,-4,99,14,-370,-80,84
-13,103,-5,100,13,-370,-83,84
-13,103,-5,100,12,-370,-83,84
-12,104,-5,100,11,-371,-83,84
-11,104,-5,100,11,-371,-81,85
-11,104,-5,100,11,-372,-81,85
-12,104,-5,100,11,-372,-81,84
-11,104,-5,100,11,-372,-81,84
-11,104,-5,100,11,-372,-81,85
-12,105,-5,100,11,-371,-83,85
-13,107,-5,100,11,-372,-84,87
-14,108,-5,100,10,-373,-84,89
-14,109,-5,100,10,-375,-84,89
-13,109,-5,100,10,-376,-83,89
-12,109,-5,100,11,-377,-83,90
-11,109,-5,100,11,-377,-81,90
-10,110,-5,100,10,-376,-80,91
-10,110,-5,100,10,-376,-80,91
-10,111,-5,100,10,-376,-80,91
-10,112,-5,100,11,-377,-80,92
-11,113,-5,100,12,-377,-81,93
-11,114,-5,100,13,-377,-81,95
-12,114,-5,100,12,-377,-83,95
-11,113,-5,100,11,-377,-81,93
-11,113,-5,100,10,-376,-81,93
-11,112,-5,100,10,-376,-81,92
-10,112,-5,100,10,-376,-80,92
-10,112,-5,100,12,-377,-80,92
-10,112,-5,100,14,-377,-80,92
-10,111,-5,100,15,-377,-80,91
-9,111,-5,100,14,-377,-79,91
-10,110,-5,100,12,-377,-80,91
-10,110,-5,100,10,-376,-80,91
-10,110,-5,100,10,-377,-80,91
-9,111,-5,100,10,-378,-79,91
-9,111,-5,100,12,-379,-79,91
-10,111,-5,100,14,-379,-80,91
-11,110,-5,100,15,-379,-81,90
-12,108,-5,100,15,-378,-83,87
-12,105,-5,100,14,-379,-83,85
-12,104,-5,100,14,-380,-83,84
-11,104,-5,100,14,-382,-81,84
-11,104,-5,100,14,-382,-81,84
-11,104,-5,100,12,-382,-81,85
-12,104,-5,100,10,-381,-83,85
-13,103,-5,100,10,-381,-83,84
-14,101,-5,100,11,-382,-84,81
-14,99,-4,100,14,-382,-84,79
-14,97,-5,100,15,-382,-84,78
-14,97,-5,100,16,-382,-84,76
-14,97,-4,100,15,-380,-84,76
-15,95,-4,100,13,-380,-85,75
-14,93,-4,100,11,-380,-84,73
-14,91,-5,100,11,-381,-84,72
-15,90,-6,99,11,-382,-83,70
-16,91,-6,99,12,-382,-83,70
-16,91,-5,98,12,-382,-84,72
-15,90,-5,97,10,-381,-83,70
-14,90,-5,96,10,-381,-81,69
-14,88,-6,94,12,-382,-79,68
-15,87,-5,93,14,-382,-79,69
-17,86,-5,93,15,-382,-81,68
-18,86,-5,93,14,-382,-84,68
-19,86,-5,93,11,-382,-84,68
-18,86,-5,93,10,-381,-83,68
-17,86,-5,93,11,-382,-81,68
-15,86,-5,93,14,-382,-80,68
-15,85,-5,93,15,-382,-80,68
-16,85,-5,93,16,-382,-80,68
-16,85,-5,93,15,-382,-80,67
-16,85,-5,93,15,-382,-80,67
-16,85,-5,93,15,-382,-81,68
-17,86,-5,93,15,-382,-81,68
-18,86,-5,93,15,-382,-83,68
-18,85,-5,93,15,-382,-84,68
-18,86,-5,93,15,-382,-84,68
-18,87,-5,93,15,-382,-83,70
-17,90,-5,93,15,-382,-81,73
-16,91,-5,93,15,-382,-80,73
-15,91,-5,93,15,-382,-80,73
-15,90,-5,93,15,-382,-80,73
-16,92,-5,93,15,-382,-81,74
-17,94,-4,94,15,-382,-83,76
-18,95,-2,95,15,-382,-84,78
-18,95,-1,96,15,-382,-83,78
-17,95,-1,96,15,-382,-81,78
-15,97,-1,96,15,-382,-80,79
-14,98,-1,96,15,-382,-79,81
-15,101,-1,96,15,-382,-80,84
-16,101,-1,96,15,-382,-81,84
-16,102,-1,96,15,-382,-81,85
-16,102,-1,96,15,-382,-81,85
-16,101,-1,96,15,-382,-81,84
-16,101,-1,96,15,-382,-81,84
-15,101,-1,96,15,-382,-80,84
-15,102,-1,96,15,-382,-80,85
-14,104,-1,96,15,-382,-79,87
-13,107,-1,96,15,-382,-79,90
-14,108,-1,96,15,-382,-79,91
-14,108,-1,96,15,-382,-79,91
-14,108,-1,96,15,-382,-80,91
-14,108,-1,96,15,-382,-79,91
-12,109,-1,96,15,-382,-78,92
-10,110,-1,96,15,-382,-75,93
-10,110,-1,96,15,-382,-75,93
-10,110,-1,96,15,-382,-75,93
-11,110,-1,96,15,-382,-76,92
-11,110,-1,96,16,-382,-76,92
-10,110,-1,96,17,-382,-75,93
-9,111,-1,96,17,-382,-74,93
-9,111,-1,96,16,-382,-74,93
-9,111,-1,96,15,-382,-74,93
-9,111,-1,96,15,-382,-74,93
-9,111,-1,96,16,-382,-74,93
-10,110,-1,96,17,-382,-75,93
-11,110,-2,95,17,-383,-76,92
-11,110,-3,95,15,-384,-76,92
-11,110,-3,94,15,-385,-76,92
-11,109,-4,93,14,-384,-76,92
-12,109,-5,93,15,-382,-78,92
-13,108,-5,93,16,-382,-79,91
-14,108,-5,93,16,-383,-80,91
-16,108,-5,93,17,-385,-81,91
-17,106,-5,93,16,-385,-83,89
-17,104,-5,93,15,-384,-83,87
-17,103,-5,93,15,-382,-83,86
-17,102,-5,93,15,-381,-81,85
-17,101,-5,93,15,-381,-83,84
-18,99,-5,93,15,-382,-83,81
-18,96,-5,93,15,-382,-83,79
-18,95,-5,93,17,-382,-84,78
-19,94,-5,93,19,-382,-84,76
-21,93,-6,94,18,-382,-85,73
-21,91,-7,95,17,-382,-86,72
-21,90,-7,95,15,-382,-87,69
-20,88,-8,95,16,-382,-87,68
-21,87,-8,94,18,-382,-86,67
-22,86,-7,93,21,-382,-87,65
-23,83,-7,93,21,-381,-87,63
-22,82,-7,93,18,-380,-86,62
-21,80,-7,92,16,-381,-85,59
-20,79,-7,92,16,-381,-85,58
-21,77,-9,92,16,-381,-85,57
-22,75,-10,92,17,-380,-87,54
-24,75,-11,92,17,-379,-89,52
-24,75,-11,92,17,-378,-89,54
-24,75,-10,91,17,-379,-89,54
-24,75,-10,91,16,-380,-89,54
-23,74,-11,93,16,-380,-87,51
-22,72,-12,93,17,-380,-89,50
-21,71,-12,93,17,-381,-89,48
-21,70,-11,92,17,-382,-85,50
-21,71,-10,90,16,-382,-86,50
-21,71,-10,91,15,-382,-86,51
-21,71,-11,92,15,-382,-86,51
-21,71,-11,93,15,-382,-89,48
-21,71,-11,93,15,-382,-86,47
-21,71,-11,90,15,-382,-86,50
-21,71,-12,88,15,-382,-84,50
-21,71,-13,87,15,-382,-84,47
-21,71,-14,88,15,-382,-86,47
-21,71,-14,90,15,-382,-86,47
-21,71,-14,91,15,-381,-86,47
-21,71,-13,91,15,-382,-86,47
-21,71,-12,90,15,-383,-86,47
-21,71,-12,91,15,-384,-86,47
-21,71,-13,92,15,-385,-85,47
-21,71,-14,93,15,-384,-89,47
-21,71,-14,93,15,-383,-89,47
-21,71,-13,92,15,-382,-86,47
-21,71,-11,92,15,-382,-85,50
-21,71,-10,92,15,-382,-85,50
-22,70,-11,93,15,-382,-86,47
-22,70,-11,93,15,-382,-89,47
-23,70,-11,92,15,-382,-87,47
-22,70,-10,91,15,-382,-86,50
-22,70,-9,90,15,-383,-84,50
-22,70,-8,89,15,-384,-84,50
-23,70,-8,90,15,-383,-85,50
-23,70,-8,90,15,-382,-85,50
-22,71,-8,90,15,-381,-84,50
-21,71,-9,90,15,-381,-83,51
-21,71,-10,90,15,-382,-85,50
-21,71,-11,92,15,-382,-86,50
-21,71,-10,95,15,-382,-89,48
-22,72,-10,96,15,-382,-89,51
-22,73,-9,94,15,-382,-89,52
-23,73,-9,93,15,-382,-87,53
-23,74,-9,92,15,-382,-87,53
-23,75,-7,92,15,-382,-87,54
-23,76,-5,93,15,-382,-87,58
-21,78,-4,93,15,-382,-86,61
-21,80,-4,93,15,-382,-85,63
-21,81,-5,93,15,-382,-86,63
-22,82,-6,92,15,-382,-86,62
-23,83,-6,92,15,-382,-87,63
-22,86,-6,91,15,-382,-87,68
-21,87,-6,92,15,-382,-86,70
-20,88,-6,92,15,-382,-85,70
-19,89,-6,92,15,-382,-84,72
-20,89,-7,92,15,-382,-85,69
-21,91,-6,92,15,-382,-86,72
-23,93,-6,92,15,-382,-89,76
-24,96,-5,93,15,-382,-89,78
-23,97,-5,93,15,-382,-89,80
-21,99,-5,93,15,-382,-86,81
-21,101,-6,93,15,-382,-86,80
-21,102,-7,94,15,-382,-86,83
-22,104,-6,96,15,-382,-90,84
-23,104,-4,97,15,-382,-91,86
-23,103,-2,97,15,-382,-91,86
-22,103,-2,98,15,-382,-90,85
-21,104,-3,98,15,-382,-89,87
-20,106,-4,98,15,-381,-87,89
-20,109,-3,97,15,-380,-87,91
-20,110,-2,98,15,-379,-89,92
-21,111,-3,99,15,-380,-89,93
-21,110,-3,101,15,-381,-91,93
-20,111,-4,101,15,-382,-90,91
-19,111,-3,101,15,-382,-89,91
-18,112,-3,101,15,-380,-89,95
-18,112,-2,102,15,-378,-87,95
-17,112,-2,102,15,-377,-87,95
-16,112,-2,102,15,-377,-86,96
-15,113,-1,103,15,-378,-85,96
-14,113,-1,103,15,-379,-85,96
-14,113,-1,104,15,-378,-85,96
-14,113,-2,104,15,-378,-85,96
-14,114,-3,104,15,-378,-87,95
-13,114,-3,103,15,-379,-84,95
-12,115,-3,102,15,-378,-83,95
-12,115,-3,101,15,-377,-83,95
-12,115,-4,101,15,-377,-83,96
-13,116,-4,100,15,-376,-83,97
-14,118,-5,100,15,-377,-84,98
-14,119,-5,100,15,-377,-85,100
-14,119,-5,101,15,-377,-85,100
-15,119,-6,101,15,-377,-85,100
-14,119,-6,101,15,-377,-85,100
-14,118,-6,101,15,-377,-84,98
-13,116,-6,101,15,-377,-83,97
-12,115,-5,101,15,-377,-83,96
-12,114,-5,101,15,-377,-83,95
-12,115,-5,101,15,-377,-83,95
-12,115,-6,101,15,-377,-83,95
-12,115,-6,101,15,-377,-83,96
-12,115,-6,101,15,-377,-83,96
-12,115,-6,101,15,-377,-83,95
-11,114,-6,101,15,-377,-81,95
-10,112,-6,100,15,-377,-80,92
-9,111,-7,100,15,-377,-79,91
-10,110,-8,101,15,-377,-80,91
-11,110,-9,101,15,-377,-81,87
-13,109,-10,101,15,-375,-85,87
-14,108,-10,102,16,-374,-86,86
-14,107,-10,102,16,-372,-86,85
-12,105,-9,102,16,-372,-85,83
-11,104,-10,101,16,-372,-84,83
-11,104,-11,100,16,-372,-81,81
-11,104,-12,100,16,-372,-81,81
-12,104,-12,100,16,-372,-81,81
-12,104,-11,100,15,-372,-81,81
-12,104,-11,100,14,-372,-81,81
-12,104,-11,100,13,-372,-81,81
-11,104,-12,100,13,-370,-81,81
-11,104,-12,101,13,-368,-84,83
-12,104,-13,101,14,-367,-85,81
-13,103,-14,102,15,-367,-85,78
-13,103,-14,103,16,-367,-89,78
-13,103,-14,103,16,-367,-87,78
-12,104,-14,103,15,-367,-85,79
-12,105,-14,102,14,-367,-85,80
-12,106,-14,103,13,-367,-85,81
-13,106,-14,103,12,-367,-87,81
-14,107,-15,104,11,-367,-89,83
-14,108,-15,104,11,-367,-89,83
-14,108,-15,104,11,-367,-89,84
-14,108,-15,104,11,-367,-89,84
-14,108,-15,104,11,-367,-89,83
-14,108,-15,104,11,-367,-89,83
-14,108,-15,104,11,-367,-89,83
-14,108,-15,104,11,-367,-89,84
-14,108,-15,104,11,-367,-89,84
-14,108,-15,104,11,-367,-89,84
-14,108,-15,104,11,-367,-89,84
-14,108,-15,104,11,-367,-89,83
-13,107,-15,104,11,-367,-89,83
-12,108,-15,104,11,-367,-86,83
-10,109,-15,104,11,-367,-85,84
-9,108,-14,102,11,-367,-81,84
-9,107,-13,101,11,-367,-81,85
-9,106,-12,101,11,-368,-81,84
-10,104,-12,101,11,-367,-83,83
-11,104,-13,101,11,-365,-84,83
-12,104,-13,102,11,-364,-84,80
-11,104,-14,102,11,-362,-84,80
-11,103,-14,103,11,-362,-83,78
-10,101,-14,103,11,-362,-83,76
-10,99,-14,103,12,-362,-83,74
-12,98,-14,103,11,-362,-87,73
-14,97,-15,104,11,-362,-89,73
-14,97,-14,104,11,-362,-89,73
-13,96,-14,104,12,-361,-87,72
-12,94,-14,105,12,-360,-86,69
-11,93,-13,105,11,-360,-85,68
-11,93,-13,105,10,-359,-85,68
-13,93,-14,104,8,-359,-87,68
-15,92,-14,104,7,-360,-90,67
-16,90,-14,104,6,-360,-90,65
-14,89,-14,105,7,-360,-89,64
-13,89,-12,106,7,-359,-87,63
-12,89,-11,107,7,-358,-86,63
-13,89,-12,106,7,-358,-87,63
-14,88,-12,106,7,-358,-87,63
-14,86,-13,106,7,-359,-89,62
-13,86,-13,105,7,-358,-87,61
-12,87,-13,104,7,-358,-84,62
-12,87,-13,103,7,-358,-84,62
-12,87,-13,104,7,-359,-84,62
-13,87,-14,105,7,-360,-87,62
-12,87,-14,104,7,-361,-86,62
-11,87,-14,103,7,-361,-83,62
-10,88,-14,102,7,-362,-83,63
-11,90,-13,102,7,-362,-83,67
-11,90,-11,102,7,-362,-83,67
-10,90,-10,102,7,-362,-81,67
-9,89,-10,101,7,-362,-81,67
-9,90,-11,101,7,-362,-79,68
-10,91,-12,100,7,-362,-80,69
-11,93,-12,100,7,-362,-81,70
-10,94,-11,100,7,-362,-80,72
-9,94,-10,101,7,-362,-81,72
-9,94,-9,103,7,-362,-81,72
-8,96,-8,104,7,-362,-80,74
-9,98,-7,103,7,-362,-81,79
-9,99,-7,102,7,-362,-79,80
-9,100,-7,102,7,-362,-79,80
-10,101,-7,102,7,-362,-83,81
-10,102,-8,103,7,-362,-83,80
-11,104,-8,104,7,-362,-84,81
-12,104,-7,103,7,-362,-85,85
-12,105,-6,101,7,-362,-83,86
-12,107,-5,99,7,-361,-80,87
-10,109,-4,100,7,-362,-78,90
-10,111,-3,101,6,-363,-80,91
-10,112,-2,102,6,-365,-80,95
-11,113,-1,103,6,-367,-81,96
-12,114,-1,104,7,-367,-83,97
-12,115,-1,103,7,-367,-83,98
-11,117,-1,103,6,-366,-81,100
-10,119,-1,103,5,-366,-81,102
-10,121,-1,103,4,-366,-80,104
-10,122,-1,103,5,-366,-80,106
-11,123,-1,103,6,-367,-81,106
-12,124,-2,102,7,-367,-83,107
-12,125,-2,102,6,-367,-83,108
-11,127,-2,102,5,-366,-83,111
-10,129,-1,103,4,-366,-80,112
-10,131,-1,103,5,-366,-80,114
-10,132,-2,102,6,-367,-80,115
-10,132,-2,102,6,-367,-81,115
-10,133,-2,102,5,-366,-81,117
-10,134,-1,103,5,-366,-81,118
-10,136,-1,103,5,-366,-81,120
-10,138,-1,103,6,-366,-81,122
-9,138,-1,103,5,-366,-80,122
-9,137,-1,103,4,-366,-80,120
-9,136,-1,103,3,-366,-80,119
-9,134,-1,103,4,-366,-80,118
-10,133,-1,103,5,-366,-80,117
-10,132,0,104,6,-367,-81,115
-10,132,1,105,7,-367,-81,115
-11,133,2,107,7,-367,-84,115
-10,132,2,107,6,-367,-84,115
-9,131,0,105,6,-367,-80,114
-9,130,0,104,6,-367,-80,113
-9,128,0,103,7,-367,-80,111
-10,126,0,104,6,-367,-81,109
-12,124,0,104,6,-367,-83,108
-12,122,0,104,6,-367,-83,106
-13,120,0,103,6,-367,-83,103
-13,118,-1,103,6,-367,-84,101
-14,115,-1,103,6,-367,-85,98
-15,113,-1,103,6,-367,-85,96
-16,111,-1,103,6,-367,-86,93
-16,109,-1,103,6,-367,-86,91
-17,107,-1,103,6,-367,-87,90
-18,104,-1,104,6,-367,-89,87
-18,102,-1,103,6,-367,-87,85
-18,99,-1,101,6,-367,-89,81
-19,96,-2,99,6,-367,-86,79
-19,94,-3,98,6,-367,-87,76
-20,92,-3,98,6,-367,-87,74
-21,90,-4,99,6,-367,-87,73
-21,88,-3,98,6,-367,-89,70
-22,85,-3,97,6,-367,-89,68
-22,83,-4,96,6,-366,-90,65
-23,81,-4,95,7,-365,-87,63
-24,79,-5,94,6,-365,-89,61
-24,77,-5,93,6,-366,-89,59
-24,75,-5,93,6,-366,-89,57
-23,74,-5,93,7,-365,-87,56
-23,71,-5,93,7,-364,-87,53
-25,69,-5,93,6,-361,-89,51
-25,68,-5,93,5,-361,-90,50
-25,68,-5,93,5,-361,-90,50
-25,67,-5,93,6,-362,-89,48
-25,65,-5,93,6,-362,-90,47
-27,64,-5,93,6,-361,-91,45
-28,62,-5,93,5,-361,-92,43
-28,61,-5,93,5,-361,-92,43
-28,62,-5,93,6,-361,-92,43
-28,62,-5,93,7,-362,-92,43
-28,62,-6,92,7,-362,-92,43
-27,62,-7,91,7,-362,-91,41
-27,62,-7,91,7,-362,-91,41
-29,61,-7,90,6,-361,-91,40
-31,60,-7,91,5,-361,-95,39
-32,59,-7,91,5,-361,-96,39
-32,59,-8,91,5,-361,-96,39
-31,60,-8,90,6,-361,-92,39
-30,61,-8,89,7,-362,-91,40
-31,60,-9,90,7,-362,-92,39
-32,59,-9,91,7,-362,-96,39
-32,59,-10,93,7,-362,-96,39
-31,60,-11,94,7,-362,-97,36
-29,61,-11,95,7,-362,-96,37
-28,62,-10,95,7,-362,-95,41
-28,61,-9,95,7,-362,-95,41
-29,61,-10,96,7,-362,-96,40
-30,60,-10,97,7,-362,-97,36
-30,61,-10,97,7,-362,-97,37
-29,62,-9,97,7,-362,-96,41
-28,62,-9,98,7,-362,-97,39
-27,61,-10,99,7,-362,-96,37
-26,59,-11,100,7,-362,-95,35
-25,57,-13,100,7,-362,-95,34
-25,57,-14,98,7,-362,-95,34
-25,57,-15,97,7,-362,-95,31
-25,58,-16,96,7,-362,-93,31
-25,57,-15,97,7,-362,-95,31
-25,57,-14,97,7,-362,-95,31
-25,57,-14,98,7,-362,-95,34
-25,57,-14,98,7,-362,-95,34
-25,57,-14,97,7,-362,-95,34
-25,57,-14,97,7,-362,-95,34
-25,58,-14,97,7,-362,-95,34
-25,57,-14,98,7,-362,-93,31
-25,57,-14,97,7,-362,-93,34
-25,57,-14,97,7,-362,-95,34
-26,58,-14,98,7,-362,-95,32
-27,61,-14,98,7,-362,-96,35
-26,63,-14,98,7,-362,-96,36
-25,64,-15,97,7,-362,-93,39
-23,64,-14,98,7,-362,-92,39
-23,64,-13,99,7,-362,-92,41
-24,64,-12,101,7,-362,-95,41
-25,65,-13,102,7,-362,-96,42
-25,67,-13,102,7,-362,-97,41
-24,69,-13,101,7,-362,-96,43
-23,71,-13,101,7,-362,-95,47
-22,72,-11,101,7,-362,-91,50
-23,74,-10,101,7,-362,-92,51
-24,75,-9,102,7,-362,-96,52
-24,75,-10,103,7,-362,-96,52
-24,75,-11,102,7,-362,-96,52
-22,75,-13,101,7,-362,-95,52
-21,78,-11,102,7,-362,-93,54
-21,80,-10,103,7,-362,-93,57
-21,82,-8,104,7,-362,-93,59
-21,82,-9,105,6,-361,-93,58
-22,82,-9,104,5,-361,-95,59
-22,83,-8,104,5,-361,-95,59
-23,84,-8,103,5,-361,-96,62
-24,86,-8,104,6,-361,-96,63
-24,86,-9,104,7,-362,-96,63
-24,87,-9,104,7,-362,-96,64
-24,88,-9,104,7,-362,-96,65
-23,88,-8,104,7,-362,-95,65
-23,88,-9,104,7,-362,-96,64
-24,86,-10,105,7,-362,-98,63
-25,87,-10,106,7,-362,-100,64
-26,88,-10,106,6,-361,-101,65
-26,89,-10,105,5,-361,-101,67
-25,89,-10,105,5,-361,-98,67
-24,89,-9,105,5,-361,-96,65
-23,88,-9,104,6,-361,-95,64
-23,87,-8,104,7,-362,-95,64
-24,86,-8,104,7,-362,-96,63
-24,86,-8,103,7,-362,-96,63
-25,86,-9,103,6,-361,-97,63
-24,86,-10,102,6,-361,-96,63
-23,85,-10,102,5,-361,-95,62
-22,83,-9,102,5,-361,-95,61
-22,81,-9,102,5,-361,-95,58
-23,81,-9,102,5,-361,-95,58
-23,81,-10,101,6,-361,-96,58
-23,81,-10,101,6,-361,-96,58
-23,79,-10,102,6,-361,-95,57
-23,77,-9,102,5,-361,-95,54
-22,76,-9,102,4,-361,-93,53
-22,75,-9,103,3,-361,-93,52
-23,75,-9,103,2,-361,-95,52
-23,75,-9,102,2,-361,-95,52
-24,75,-9,103,3,-361,-96,52
-24,75,-9,103,4,-361,-96,52
-24,75,-9,103,3,-361,-96,52
-24,75,-9,102,2,-361,-96,52
-24,76,-9,102,2,-361,-96,53
-23,78,-10,104,3,-361,-95,54
-24,79,-10,106,3,-361,-98,56
-25,79,-11,107,4,-361,-100,56
-25,79,-11,108,4,-361,-100,53
-25,80,-11,107,3,-361,-100,54
-24,83,-11,107,3,-361,-98,59
-24,85,-11,107,2,-361,-98,62
-24,86,-11,107,2,-361,-98,63
-24,86,-11,107,2,-361,-98,61
-24,86,-11,107,2,-361,-98,63
-25,87,-11,107,2,-361,-100,64
-26,89,-11,107,2,-361,-101,65
-27,90,-10,108,2,-361,-102,67
-26,91,-10,108,2,-361,-101,68
-25,91,-10,108,2,-361,-100,68
-24,92,-10,106,2,-361,-98,69
-23,92,-8,105,2,-361,-96,69
-24,92,-7,105,2,-361,-96,72
-23,92,-5,105,2,-362,-96,72
-22,92,-6,105,3,-362,-95,72
-22,93,-7,104,4,-361,-95,70
-22,93,-8,104,3,-361,-95,70
-22,92,-8,103,2,-360,-95,69
-22,92,-8,103,2,-359,-95,69
-22,93,-8,104,2,-358,-95,70
-22,92,-8,104,2,-357,-95,69
-22,92,-8,104,2,-357,-95,69
-22,92,-8,104,2,-356,-95,69
-22,93,-8,104,2,-357,-95,70
-21,93,-8,103,2,-357,-93,70
-21,93,-7,102,2,-357,-93,73
-21,93,-7,102,2,-357,-93,73
-21,93,-7,102,2,-355,-93,73
-21,93,-7,102,2,-353,-91,73
-20,93,-6,101,2,-352,-90,74
-19,95,-5,100,3,-351,-89,75
-19,96,-6,101,4,-352,-89,76
-19,97,-7,102,4,-352,-89,78
-19,98,-7,102,4,-352,-90,78
-19,98,-6,101,3,-352,-90,78
-20,98,-6,101,2,-352,-90,78
-20,99,-6,101,2,-352,-90,79
-20,100,-6,102,2,-352,-90,80
-21,100,-7,102,3,-352,-91,80
-22,98,-7,102,3,-352,-92,78
-23,97,-7,102,2,-352,-96,76
-23,97,-7,103,2,-352,-96,78
-23,100,-7,104,3,-352,-95,80
-22,102,-7,104,3,-352,-95,83
-22,104,-7,104,2,-352,-95,84
-22,104,-6,105,2,-352,-95,84
-23,104,-5,106,2,-352,-96,84
-23,105,-5,106,3,-352,-96,85
-24,106,-5,106,4,-352,-97,86
-25,108,-5,105,4,-352,-97,87
-25,108,-5,105,4,-352,-97,89
-25,108,-4,106,3,-352,-97,89
-25,108,-4,107,2,-352,-97,87
-24,106,-4,107,3,-352,-97,86
-24,104,-4,107,4,-352,-96,85
-22,104,-4,107,6,-352,-95,84
-21,104,-4,107,6,-352,-93,84
-19,105,-4,107,5,-352,-92,85
-18,106,-4,107,3,-352,-91,86
-18,106,-4,107,3,-352,-91,86
-18,105,-4,107,4,-352,-90,85
-17,103,-4,107,6,-352,-89,83
-16,102,-4,106,6,-352,-89,81
-16,101,-4,107,4,-352,-89,81
-16,101,-3,108,2,-352,-89,81
-16,102,-2,109,1,-351,-91,81
-16,102,0,110,2,-352,-91,81
-16,101,-1,110,4,-352,-91,81
-16,101,-1,109,6,-352,-91,81
-16,101,-2,108,6,-352,-91,81
-16,101,-2,108,6,-352,-91,81
-16,101,-2,108,5,-352,-91,81
-16,102,-2,109,5,-352,-91,81
-16,102,-1,109,4,-352,-91,81
-16,101,-1,110,4,-352,-91,81
-15,101,-2,109,4,-352,-90,81
-16,102,-3,108,5,-352,-89,81
-17,103,-4,107,6,-352,-90,83
-18,104,-3,107,5,-351,-90,84
-17,105,-3,108,5,-352,-90,85
-16,105,-3,108,5,-352,-91,85
-16,106,-4,107,6,-353,-89,86
-17,106,-4,107,5,-354,-90,86
-18,106,-4,106,4,-353,-91,86
-18,107,-4,107,3,-352,-90,87
-16,109,-5,108,4,-353,-91,89
-16,111,-6,109,5,-355,-91,89
-16,112,-7,109,6,-357,-91,90
-16,113,-6,109,6,-357,-91,91
-17,114,-5,108,6,-357,-92,95
-18,115,-5,108,5,-356,-93,96
-19,117,-6,108,6,-356,-95,97
-19,116,-6,109,7,-357,-95,95
-18,117,-7,111,7,-358,-96,95
-18,119,-5,113,7,-359,-96,96
-17,122,-4,114,7,-360,-95,100
-17,123,-3,114,7,-361,-95,103
-16,124,-4,114,7,-361,-95,104
-16,122,-4,114,7,-362,-93,101
-15,122,-4,114,7,-362,-93,102
-16,121,-3,114,7,-362,-93,101
-17,121,-4,114,7,-362,-95,98
-18,120,-6,114,7,-362,-96,98
-17,119,-9,114,7,-362,-97,93
-16,118,-10,114,7,-362,-97,93
-17,118,-10,115,7,-362,-97,92
-18,118,-10,115,7,-362,-98,92
-18,117,-10,115,7,-362,-98,92
-18,115,-10,114,7,-362,-98,91
-18,114,-10,114,7,-362,-97,89
-17,112,-10,115,7,-362,-97,87
-18,111,-9,115,7,-362,-98,86
-18,110,-10,115,7,-362,-98,85
-18,108,-10,114,7,-362,-98,84
-18,106,-11,114,7,-362,-97,81
-18,104,-11,114,7,-362,-97,79
-18,102,-11,114,6,-362,-98,78
-19,100,-10,114,7,-362,-98,75
-19,97,-10,114,7,-360,-98,73
-18,96,-11,114,7,-358,-98,72
-18,95,-11,114,7,-357,-98,70
-19,94,-10,114,7,-357,-98,69
-20,92,-11,114,7,-357,-100,67
-20,90,-11,114,7,-357,-100,64
-19,87,-11,114,7,-357,-98,62
-18,85,-10,114,7,-357,-97,59
-19,83,-10,114,7,-357,-98,58
-20,83,-10,114,7,-357,-100,57
-21,81,-12,113,7,-357,-101,56
-23,80,-14,111,7,-357,-100,54
-24,78,-14,111,7,-357,-101,52
-25,77,-14,111,7,-357,-102,51
-24,76,-13,112,7,-357,-103,51
-24,75,-13,112,7,-357,-103,50
-24,75,-13,112,6,-357,-103,50
-24,75,-14,111,5,-357,-103,50
-24,75,-14,112,6,-357,-103,50
-24,75,-13,112,6,-357,-103,50
-24,75,-13,111,6,-357,-101,50
-24,75,-12,108,6,-357,-101,50
-24,75,-11,107,6,-357,-98,50
-24,75,-11,107,6,-357,-98,52
-24,75,-11,107,6,-356,-98,52
-24,75,-11,107,5,-357,-98,50
-24,75,-11,107,5,-358,-98,50
-24,75,-11,107,6,-360,-98,52
-24,76,-11,107,7,-362,-98,53
-25,77,-11,107,7,-362,-100,53
-25,78,-11,107,7,-362,-100,54
-25,79,-11,107,7,-361,-100,56
-26,79,-11,107,7,-362,-101,56
-26,79,-11,107,7,-363,-101,56
-27,79,-10,108,6,-365,-101,56
-26,80,-9,108,6,-367,-101,57
-26,82,-9,109,6,-367,-101,59
-24,83,-9,108,6,-367,-98,61
-23,85,-9,109,6,-366,-98,62
-24,86,-8,109,6,-367,-98,63
-25,87,-7,110,6,-368,-102,64
-26,89,-7,110,6,-369,-103,65
-25,91,-7,110,6,-370,-102,68
-23,92,-7,110,6,-371,-101,69
-22,93,-7,110,6,-371,-100,69
-22,93,-7,110,6,-372,-100,70
-23,93,-7,110,6,-372,-100,70
-23,94,-7,110,6,-371,-101,72
-22,96,-7,110,6,-371,-100,73
-21,98,-7,110,6,-371,-98,75
-20,99,-7,110,6,-371,-97,76
-20,100,-7,110,6,-371,-97,76
-20,99,-7,110,6,-371,-97,76
-20,99,-7,110,6,-371,-97,76
-20,99,-7,110,6,-371,-97,76
-20,99,-7,111,6,-371,-97,76
-20,99,-7,111,6,-371,-97,76
-20,99,-6,112,6,-371,-97,76
-20,99,-7,111,6,-372,-97,76
-20,99,-7,110,6,-372,-97,76
-20,99,-7,110,6,-371,-97,76
-20,99,-7,111,6,-370,-97,76
-20,99,-6,112,6,-369,-97,76
-20,99,-7,111,6,-370,-97,76
-21,100,-7,111,6,-371,-98,76
-20,99,-7,110,6,-372,-97,76
-19,98,-7,110,6,-370,-96,75
-18,96,-7,110,6,-368,-96,74
-20,94,-7,110,6,-367,-97,72
-22,94,-7,110,6,-366,-100,72
-23,94,-7,110,6,-367,-100,72
-22,94,-7,110,6,-367,-100,72
-20,95,-7,110,6,-367,-97,73
-18,96,-7,110,6,-367,-96,73
-19,96,-7,110,6,-367,-96,74
-20,95,-7,110,6,-367,-97,73
-21,94,-7,110,6,-367,-98,72
-21,93,-7,110,6,-367,-98,70
-22,92,-8,110,6,-367,-100,69
-22,92,-8,110,6,-367,-100,69
-21,93,-7,110,6,-367,-98,70
-19,94,-7,109,6,-367,-93,72
-18,96,-6,109,6,-367,-93,74
-19,98,-7,109,6,-367,-93,75
-20,99,-7,110,6,-367,-97,76
-21,100,-8,110,6,-367,-98,76
-20,99,-8,110,6,-367,-97,76
-20,99,-7,110,6,-367,-97,76
-20,99,-7,110,6,-367,-97,76
-20,99,-7,110,6,-367,-97,76
-20,99,-7,110,6,-367,-97,76
-20,99,-7,110,6,-367,-97,76
-20,99,-7,111,6,-367,-97,76
-20,99,-7,111,6,-367,-97,76
-20,99,-6,112,6,-367,-97,76
-20,99,-7,111,6,-367,-97,76
-20,99,-7,111,6,-367,-97,76
-21,98,-7,111,6,-367,-98,75
-23,97,-6,112,6,-367,-101,75
-25,97,-5,113,6,-368,-102,74
-25,97,-5,113,6,-368,-103,74
-25,97,-5,113,6,-368,-102,74
-23,96,-4,113,6,-368,-101,73
-23,94,-4,114,6,-369,-100,74
-23,92,-3,114,6,-369,-101,72
-25,90,-4,113,6,-369,-102,70
-26,90,-5,113,6,-368,-103,67
-27,90,-5,112,6,-367,-104,68
-26,90,-6,112,6,-366,-103,67
-25,89,-7,111,7,-367,-102,65
-25,87,-7,110,8,-367,-102,64
-26,86,-7,110,8,-367,-103,63
-27,84,-8,110,8,-367,-104,61
-27,83,-8,110,7,-367,-104,59
-27,80,-7,110,6,-367,-104,57
-28,79,-7,110,6,-366,-102,56
-29,78,-6,109,6,-367,-103,54
-30,77,-6,108,7,-367,-104,56
-30,75,-6,108,8,-367,-104,52
-29,74,-8,109,8,-365,-103,51
-28,73,-9,109,8,-363,-102,50
-28,73,-10,108,7,-362,-102,50
-28,73,-9,107,7,-361,-103,50
-29,72,-9,107,7,-361,-104,48
-29,71,-9,107,7,-362,-103,47
-27,69,-9,107,7,-362,-101,45
-26,68,-9,107,7,-362,-101,45
-27,69,-9,108,7,-360,-101,45
-29,71,-10,107,7,-358,-103,47
-29,72,-11,107,7,-357,-103,46
-28,73,-10,108,7,-357,-103,50
-27,72,-8,109,7,-357,-102,48
-26,69,-7,110,7,-357,-103,46
-25,68,-8,109,7,-357,-100,45
-25,68,-10,108,7,-357,-100,45
-26,70,-11,107,7,-357,-101,46
-28,72,-10,108,7,-357,-102,48
-28,73,-10,108,7,-357,-102,50
-28,73,-10,108,7,-357,-103,50
-27,73,-10,108,7,-357,-101,50
-26,73,-10,108,7,-355,-101,50
-25,74,-10,108,7,-354,-100,51
-25,76,-11,108,7,-354,-100,53
-25,78,-10,108,9,-355,-100,54
-26,79,-10,108,9,-355,-101,56
-26,79,-9,109,8,-356,-101,56
-26,79,-9,111,7,-356,-103,56
-27,81,-10,113,9,-357,-103,54
-27,82,-10,114,10,-357,-107,57
-28,83,-11,115,10,-357,-108,58
-29,84,-11,114,9,-357,-109,58
-28,84,-11,114,7,-357,-108,58
-27,84,-11,114,7,-357,-107,58
-25,85,-11,114,7,-357,-104,59
-24,86,-11,114,7,-357,-103,61
-25,88,-11,114,7,-357,-104,62
-26,90,-10,114,7,-357,-106,64
-26,90,-10,114,7,-357,-106,64
-26,89,-10,114,7,-357,-106,63
-25,87,-12,113,7,-357,-104,62
-24,86,-14,111,7,-357,-101,61
-24,85,-14,111,7,-357,-101,59
-24,86,-14,111,8,-357,-101,61
-25,86,-13,112,9,-357,-104,61
-25,85,-13,112,10,-357,-104,59
-26,83,-13,112,9,-357,-106,57
-26,82,-14,111,8,-357,-103,56
-25,80,-14,111,7,-357,-102,54
-25,80,-13,112,7,-357,-104,54
-25,78,-14,112,8,-358,-104,52
-25,76,-13,112,8,-359,-104,51
-24,75,-12,112,8,-358,-103,50
-25,75,-10,112,8,-357,-102,48
-25,74,-9,113,9,-358,-102,51
-25,72,-10,113,9,-360,-104,46
-25,70,-11,113,9,-362,-104,45
-26,69,-12,113,8,-362,-104,42
-26,68,-11,112,7,-362,-102,42
-26,68,-10,112,6,-361,-102,42
-26,68,-10,112,7,-362,-102,42
-25,68,-10,112,8,-362,-102,41
-25,67,-10,110,8,-362,-101,41
-25,66,-10,108,8,-362,-98,42
-25,65,-10,108,7,-362,-98,41
-25,63,-10,107,8,-362,-100,40
-26,63,-11,108,8,-362,-100,36
-27,62,-11,109,8,-362,-103,36
-28,62,-10,111,8,-362,-104,36
-28,62,-9,111,8,-362,-104,39
-28,61,-8,110,8,-362,-104,37
-27,62,-8,109,8,-362,-101,39
-28,63,-11,109,7,-362,-104,37
-29,65,-13,111,7,-362,-106,40
-30,66,-14,111,7,-362,-107,40
-30,65,-14,110,7,-362,-107,39
-28,63,-12,108,7,-362,-102,37
-27,62,-11,107,7,-362,-101,39
-28,61,-11,107,7,-362,-102,37
-29,61,-12,108,7,-362,-103,35
-31,60,-13,108,7,-362,-107,34
-32,60,-12,108,6,-362,-108,34
-32,60,-11,108,7,-362,-107,34
-32,59,-11,107,7,-360,-106,35
-31,58,-11,107,7,-358,-106,31
-30,56,-12,106,7,-357,-104,30
-29,55,-13,106,7,-357,-103,29
-29,55,-12,106,7,-357,-103,29
-30,55,-11,107,7,-357,-103,31
-31,55,-11,107,7,-357,-104,29
-33,54,-12,106,7,-357,-107,28
-33,52,-13,106,7,-357,-107,25
-32,50,-13,105,7,-357,-107,23
-32,49,-14,105,7,-357,-106,21
-31,48,-15,105,7,-357,-104,21
-31,49,-16,105,7,-357,-104,21
-31,49,-16,104,7,-357,-104,21
-32,48,-15,104,7,-355,-106,21
-32,49,-14,104,7,-354,-106,23
-32,50,-14,105,7,-352,-106,23
-32,50,-14,106,7,-352,-107,24
-33,51,-15,106,7,-352,-107,24
-34,52,-15,107,7,-352,-108,25
-33,53,-14,107,7,-352,-107,26
-32,54,-12,108,7,-352,-107,28
-31,55,-11,108,7,-351,-104,29
-30,56,-11,108,7,-350,-104,30
-31,58,-12,108,7,-350,-106,32
-32,61,-12,108,7,-350,-109,35
-33,63,-12,108,7,-350,-109,36
-32,65,-11,108,7,-350,-107,39
-32,65,-11,107,7,-350,-107,42
-32,67,-11,107,7,-349,-106,41
-32,69,-11,107,7,-348,-106,45
-31,71,-10,108,7,-349,-104,47
-29,72,-9,110,7,-350,-107,48
-29,74,-7,110,7,-350,-106,50
-29,76,-7,111,7,-350,-106,52
-29,79,-7,110,7,-349,-107,56
-29,82,-7,110,7,-347,-107,58
-29,84,-7,110,7,-347,-106,61
-28,84,-7,110,7,-347,-106,61
-27,84,-7,110,7,-347,-104,61
-25,85,-7,110,7,-347,-102,62
-24,86,-7,110,7,-347,-102,63
-25,87,-7,110,7,-347,-102,64
-26,89,-7,110,7,-347,-103,65
-26,90,-7,110,7,-347,-103,67
-25,91,-7,110,7,-347,-102,68
-24,92,-7,110,7,-347,-101,69
-23,92,-7,110,7,-347,-101,69
-24,92,-8,110,7,-347,-101,69
-25,91,-8,110,7,-347,-102,68
-25,90,-7,110,7,-349,-102,67
-25,87,-7,109,7,-350,-100,64
-24,86,-6,109,7,-352,-98,63
-24,86,-7,109,7,-353,-98,63
-24,86,-7,110,7,-353,-102,63
-24,86,-8,110,7,-351,-102,63
-24,85,-8,110,7,-350,-101,62
-22,83,-7,110,7,-350,-100,61
-21,82,-7,111,7,-351,-98,59
-22,82,-7,110,7,-352,-98,58
-23,81,-9,109,7,-352,-97,58
-24,79,-10,108,7,-351,-98,56
-24,77,-11,107,7,-350,-98,53
-24,75,-10,108,7,-350,-98,52
-24,75,-10,108,7,-352,-98,51
-24,75,-10,108,7,-352,-98,52
-24,75,-11,108,7,-352,-98,52
-23,75,-11,107,7,-352,-97,52
-23,74,-11,107,7,-352,-97,51
-23,73,-11,107,7,-352,-97,47
-23,74,-12,108,7,-352,-100,48
-23,75,-13,109,7,-351,-100,50
-22,76,-13,110,7,-350,-100,51
-21,77,-13,110,7,-350,-98,51
-21,77,-14,110,7,-350,-97,51
-21,77,-14,110,7,-350,-97,51
-21,78,-14,111,7,-351,-98,52
-21,80,-14,112,7,-352,-101,54
-22,82,-12,113,7,-352,-101,56
-23,83,-11,114,7,-352,-102,58
-24,85,-10,114,7,-352,-103,59
-24,86,-10,114,7,-352,-103,59
-23,87,-11,114,7,-352,-102,62
-22,89,-11,114,7,-352,-102,64
-21,91,-11,114,7,-352,-101,65
-22,93,-11,115,7,-352,-102,67
-22,93,-11,114,7,-352,-102,68
-23,93,-10,113,7,-352,-100,67
-22,92,-9,112,7,-352,-100,69
-21,93,-8,112,7,-352,-98,70
-19,94,-8,112,7,-352,-96,72
-18,96,-7,112,7,-352,-96,74
-19,98,-7,112,7,-352,-97,75
-20,99,-6,111,7,-352,-97,76
-20,99,-5,113,7,-352,-97,76
-19,100,-5,115,7,-352,-96,78
-17,101,-5,115,7,-352,-97,78
-17,103,-5,115,7,-353,-97,80
-17,105,-4,114,7,-354,-95,83
-18,106,-4,113,7,-354,-96,86
-18,106,-4,113,7,-354,-96,86
-18,106,-4,114,7,-353,-96,84
-18,106,-5,115,7,-352,-96,84
-18,106,-5,115,7,-351,-98,84
-18,106,-4,116,7,-352,-98,84
-18,106,-3,116,7,-354,-98,84
-18,106,-4,116,7,-356,-98,84
-18,106,-6,116,7,-357,-98,84
-18,106,-7,117,7,-356,-98,84
-18,106,-7,117,7,-355,-98,84
-18,106,-6,116,7,-355,-98,84
-18,106,-6,116,8,-357,-98,84
-18,106,-6,116,9,-357,-98,84
-17,104,-7,117,8,-357,-97,83
-17,103,-7,117,7,-357,-97,80
-18,102,-7,117,7,-357,-98,79
-20,102,-7,117,7,-357,-100,79
-21,102,-7,117,7,-357,-101,79
-21,101,-7,117,7,-357,-102,79
-21,100,-7,117,7,-357,-101,78
-21,99,-7,117,8,-357,-101,76
-22,98,-7,117,9,-357,-102,75
-23,98,-7,117,9,-357,-103,75
-23,97,-7,117,9,-357,-103,74
-24,96,-7,117,9,-357,-104,73
-25,95,-7,117,8,-357,-104,72
-25,93,-7,117,7,-357,-104,70
-25,92,-7,118,7,-357,-104,69
-26,91,-7,117,8,-357,-106,68
-26,90,-8,116,10,-357,-106,67
-26,89,-9,114,12,-357,-106,63
-25,87,-9,113,11,-357,-102,62
-24,86,-9,112,10,-357,-101,63
-24,86,-8,111,9,-358,-101,63
-25,85,-7,111,9,-358,-102,62
-26,83,-7,110,9,-359,-103,59
-27,81,-7,110,9,-359,-103,57
-26,79,-7,110,9,-360,-103,56
-26,79,-8,110,10,-360,-103,56
-26,79,-8,110,10,-359,-103,56
-25,78,-8,110,10,-358,-102,54
-24,77,-8,110,8,-358,-101,53
-24,75,-7,110,7,-360,-101,52
-24,75,-7,110,8,-361,-101,51
-24,75,-8,110,10,-362,-101,52
-24,75,-9,112,12,-362,-101,52
-24,75,-10,113,12,-362,-101,50
-24,75,-10,114,12,-362,-103,50
-24,75,-10,113,11,-362,-103,50
-23,75,-10,113,11,-362,-100,50
-24,75,-10,113,11,-362,-101,50
-25,76,-10,114,12,-362,-104,51
-25,78,-11,114,11,-362,-104,52
-25,80,-11,114,11,-364,-104,54
-23,82,-11,114,11,-365,-103,56
-22,82,-11,114,11,-367,-101,56
-21,82,-11,114,11,-368,-101,56
-22,82,-11,114,11,-367,-101,56
-23,83,-10,114,11,-367,-102,57
-24,85,-10,114,11,-367,-103,59
-24,88,-10,114,11,-367,-103,63
-23,91,-11,114,11,-367,-102,65
-22,93,-11,114,11,-368,-102,67
-22,93,-10,114,11,-370,-102,68
-23,93,-10,115,11,-372,-102,68
-24,96,-8,116,11,-372,-104,73
-24,99,-7,117,11,-372,-104,76
-23,101,-7,117,11,-372,-103,79
-22,104,-7,117,11,-372,-102,81
-21,104,-7,117,11,-372,-102,81
-21,106,-7,117,11,-372,-102,84
-21,108,-7,117,11,-371,-102,85
-21,109,-7,117,11,-372,-102,87
-21,110,-7,117,10,-373,-101,87
-21,110,-7,117,10,-375,-101,87
-21,111,-7,117,10,-376,-102,89
-22,113,-7,117,10,-377,-102,90
-21,115,-7,117,10,-377,-102,92
-20,117,-7,117,10,-376,-101,95
-19,118,-7,117,10,-376,-100,96
-19,118,-7,117,10,-376,-100,96
-19,118,-7,117,10,-376,-100,96
-19,118,-7,117,10,-376,-100,96
-20,119,-7,117,10,-376,-101,97
-21,121,-7,117,10,-376,-101,98
-21,122,-7,117,10,-376,-102,100
-21,121,-7,117,10,-376,-102,98
-21,119,-8,117,10,-376,-101,95
-19,118,-8,118,10,-376,-102,93
-18,118,-7,120,10,-376,-101,92
-15,118,-6,121,10,-377,-98,96
-14,119,-4,121,10,-376,-97,97
-14,119,-4,120,10,-376,-97,97
-14,119,-5,119,10,-376,-97,97
-14,119,-6,119,10,-377,-97,97
-14,119,-7,118,10,-378,-97,96
-14,118,-7,117,10,-378,-93,96
-14,117,-7,117,10,-378,-93,95
-14,118,-7,117,10,-379,-95,96
-14,119,-7,118,10,-380,-97,97
-14,119,-8,118,10,-381,-97,95
-13,118,-8,119,10,-380,-96,93
-13,116,-7,119,10,-379,-96,93
-13,114,-6,119,11,-380,-96,91
-15,113,-7,119,12,-381,-97,90
-16,112,-8,119,12,-382,-98,87
-17,112,-8,118,12,-382,-100,87
-16,112,-7,118,10,-380,-100,90
-16,112,-7,117,10,-379,-96,90
-16,113,-7,117,10,-380,-96,90
-16,113,-7,117,12,-381,-96,90
-16,112,-7,117,12,-382,-96,90
-17,111,-7,117,12,-382,-97,89
-18,109,-7,117,11,-382,-98,86
-20,109,-7,117,10,-381,-100,86
-21,110,-7,117,10,-381,-101,87
-21,111,-7,117,10,-381,-101,89
-21,110,-7,117,11,-382,-101,87
-20,109,-7,117,12,-382,-100,86
-19,107,-7,117,12,-382,-98,85
-18,106,-7,117,12,-382,-98,84
-18,105,-7,117,11,-382,-98,83
-18,106,-7,117,10,-381,-98,84
-18,106,-7,117,10,-381,-98,84
-18,106,-7,117,10,-382,-98,84
-18,106,-7,117,10,-382,-98,84
-18,106,-7,117,10,-381,-98,84
-18,106,-7,117,10,-381,-98,84
-18,106,-7,117,10,-381,-98,84
-19,105,-7,117,10,-383,-100,83
-21,104,-7,117,12,-385,-101,81
-22,103,-7,117,13,-386,-102,80
-23,103,-7,117,13,-386,-103,80
-22,104,-7,117,12,-385,-102,81
-21,104,-7,117,12,-385,-102,81
-20,104,-7,117,13,-386,-101,81
-19,104,-7,118,14,-387,-102,81
-19,101,-7,117,14,-387,-98,79
-19,100,-6,116,13,-387,-100,78
-20,99,-5,115,12,-386,-97,76
-20,99,-4,113,12,-385,-98,79
-19,98,-4,113,12,-383,-97,78
-19,96,-4,115,13,-382,-96,73
-19,94,-5,115,13,-381,-98,72
-21,93,-6,115,13,-381,-101,70
-22,93,-7,114,13,-382,-102,69
-22,91,-8,113,12,-382,-100,68
-22,89,-10,113,10,-381,-102,63
-23,87,-11,114,10,-380,-102,62
-24,86,-11,114,10,-378,-103,61
-24,86,-11,114,11,-377,-103,61
-25,84,-10,114,12,-376,-104,58
-26,82,-10,114,13,-375,-106,56
-27,79,-10,114,12,-375,-107,53
-28,76,-10,114,11,-374,-108,50
-29,74,-11,114,10,-373,-108,48
-28,73,-12,113,11,-372,-108,47
-29,71,-12,113,11,-370,-108,45
-29,68,-11,113,11,-368,-108,42
-30,66,-11,113,11,-367,-109,40
-30,66,-12,113,11,-367,-109,40
-30,66,-13,112,11,-367,-109,40
-31,66,-13,112,11,-368,-111,40
-31,64,-13,112,11,-367,-111,37
-31,62,-14,111,11,-366,-108,35
-31,60,-14,111,11,-364,-108,34
-32,59,-14,111,11,-362,-108,32
-32,59,-14,111,11,-361,-111,32
-32,60,-13,112,11,-361,-112,34
-32,60,-12,113,11,-361,-111,34
-32,59,-11,113,11,-361,-111,32
-32,59,-12,112,11,-360,-111,32
-32,60,-14,111,11,-359,-108,34
-33,61,-14,111,12,-357,-109,34
-34,62,-14,111,12,-357,-111,36
-34,64,-12,113,12,-357,-113,37
-33,65,-10,114,12,-357,-112,39
-31,65,-10,114,12,-357,-111,39
-30,66,-11,114,12,-357,-109,40
-30,66,-12,113,12,-357,-109,40
-31,68,-12,112,12,-357,-109,41
-30,70,-12,113,12,-357,-109,43
-29,72,-11,114,12,-357,-108,46
-28,73,-11,114,12,-357,-108,47
-28,75,-10,114,12,-357,-108,48
-28,76,-10,114,12,-357,-108,51
-27,78,-11,114,12,-357,-107,52
-27,79,-12,115,12,-357,-106,53
-26,81,-13,116,11,-358,-108,54
-26,83,-13,116,11,-359,-108,54
-25,85,-13,116,11,-360,-108,59
-25,87,-12,115,11,-361,-104,62
-25,89,-11,117,11,-362,-107,63
-25,91,-11,119,11,-362,-107,65
-25,93,-11,121,11,-362,-109,68
-24,96,-10,121,11,-362,-109,70
-23,98,-10,120,11,-362,-106,73
-21,99,-9,119,11,-362,-103,74
-20,99,-9,119,11,-362,-103,74
-20,99,-9,119,11,-362,-102,74
-21,101,-9,119,11,-363,-103,75
-22,102,-8,118,11,-364,-104,78
-21,104,-7,117,11,-364,-101,81
-20,106,-7,117,11,-364,-100,83
-18,106,-7,117,11,-363,-98,84
-18,106,-7,117,12,-362,-98,84
-18,105,-7,117,12,-362,-98,83
-18,106,-7,117,11,-362,-98,84
-18,106,-7,117,10,-362,-98,84
-19,107,-7,117,10,-362,-100,85
-19,108,-7,117,10,-362,-100,85
-19,107,-7,117,11,-362,-100,85
-18,106,-7,117,11,-362,-98,84
-18,106,-7,117,10,-362,-98,84
-18,106,-7,117,10,-362,-98,84
-18,106,-7,117,10,-362,-98,84
-18,106,-7,117,11,-362,-98,84
-18,106,-7,117,12,-362,-98,84
-18,106,-7,118,11,-362,-101,83
-18,106,-8,118,10,-362,-101,80
-18,106,-9,119,9,-362,-101,80
-18,106,-8,118,10,-362,-101,80
-18,106,-7,117,11,-362,-98,84
-18,106,-7,117,12,-362,-98,84
-18,106,-8,118,10,-362,-101,80
-18,104,-9,119,8,-362,-101,79
-16,103,-8,118,7,-362,-98,78
-16,102,-7,118,6,-361,-98,79
-16,101,-7,117,7,-362,-96,79
-17,101,-7,117,7,-362,-97,78
-18,100,-7,117,7,-362,-98,78
-19,100,-7,117,7,-362,-100,78
-19,100,-7,117,7,-362,-100,78
-19,100,-7,117,9,-362,-100,76
-19,98,-8,118,10,-362,-101,73
-18,96,-8,119,10,-362,-101,70
-18,95,-9,119,10,-362,-101,70
-20,95,-10,120,8,-362,-102,70
-21,95,-10,120,7,-360,-106,69
-23,94,-10,122,7,-358,-107,69
-23,93,-10,122,8,-357,-107,68
-22,92,-9,122,9,-357,-107,67
-22,93,-8,121,9,-357,-104,67
-22,93,-8,119,9,-357,-104,67
-22,93,-8,118,9,-357,-104,68
-22,93,-8,119,8,-357,-104,68
-22,93,-9,119,7,-357,-104,67
-22,92,-9,119,7,-357,-104,67
-22,92,-9,119,7,-357,-104,67
-22,93,-9,119,7,-357,-104,67
-21,93,-8,118,7,-357,-103,68
-19,94,-7,117,7,-357,-98,72
-18,95,-7,117,7,-355,-97,73
-18,95,-7,117,7,-354,-97,73
-18,95,-7,117,7,-352,-97,72
-18,94,-7,117,7,-352,-98,72
-18,95,-7,117,7,-352,-98,73
-17,97,-7,117,7,-352,-97,74
-16,100,-7,118,7,-352,-98,76
-16,102,-7,117,7,-352,-96,79
-16,102,-6,116,7,-352,-96,80
-16,101,-5,115,7,-352,-96,79
-16,101,-5,115,7,-352,-96,79
-16,101,-5,116,7,-352,-96,79
-17,103,-4,117,7,-352,-97,80
-18,104,-3,117,7,-352,-98,83
-18,106,-2,117,7,-352,-98,86
-17,107,-1,118,7,-352,-97,87
-15,108,-1,118,7,-353,-95,87
-14,108,-1,118,7,-354,-93,87
-14,108,0,117,7,-355,-93,89
-14,108,0,116,7,-354,-91,89
-14,108,0,116,7,-353,-91,89
-14,108,0,117,7,-352,-93,87
-14,108,-1,118,7,-352,-93,89
-14,108,-3,119,7,-352,-96,86
-14,108,-3,120,7,-352,-96,85
-15,108,-4,121,7,-352,-97,85
-17,106,-3,121,7,-352,-100,84
-18,106,-4,120,7,-352,-101,83
-18,106,-4,119,7,-352,-101,83
-18,106,-5,119,7,-352,-101,84
-18,106,-4,119,7,-352,-101,84
-19,105,-5,119,7,-352,-102,83
-20,103,-6,118,7,-352,-103,80
-21,101,-7,117,7,-352,-101,78
-21,99,-7,117,7,-352,-102,76
-22,98,-7,117,7,-352,-102,75
-23,98,-7,117,7,-352,-103,75
-23,96,-7,117,7,-352,-102,73
-23,94,-7,117,7,-352,-102,72
-22,92,-7,117,7,-352,-102,69
-22,92,-7,117,7,-352,-102,69
-22,93,-7,117,7,-352,-102,69
-22,93,-7,117,7,-352,-102,70
-22,93,-7,117,7,-352,-102,69
-23,91,-7,117,7,-352,-102,68
-24,88,-7,117,7,-352,-103,65
-24,86,-7,117,7,-352,-103,63
-24,85,-7,117,7,-352,-104,62
-24,86,-8,116,8,-351,-104,63
-24,86,-8,115,9,-350,-103,63
-24,86,-8,114,9,-350,-103,63
-24,86,-7,114,8,-350,-101,63
-24,86,-7,115,7,-349,-104,63
-24,86,-7,116,7,-347,-104,63
-24,86,-7,117,9,-347,-103,63
-24,86,-7,117,9,-347,-104,63
-25,87,-7,117,9,-347,-104,64
-25,88,-7,117,9,-347,-104,64
-25,87,-7,117,10,-347,-104,64
-25,86,-7,117,10,-347,-104,63
-22,86,-7,117,10,-347,-102,63
-21,87,-7,117,10,-347,-101,64
-20,88,-7,117,11,-347,-100,65
-21,88,-7,117,12,-347,-101,65
-23,86,-7,117,13,-347,-102,63
-23,85,-7,117,12,-347,-103,62
-22,85,-7,117,11,-347,-102,62
-21,85,-7,117,11,-347,-101,62
-22,85,-7,117,10,-347,-101,62
-22,84,-7,117,10,-347,-102,61
-22,83,-7,117,10,-347,-102,59
-22,82,-7,117,11,-347,-101,58
-22,81,-7,117,12,-347,-101,58
-23,81,-7,117,13,-347,-102,58
-25,80,-7,117,12,-349,-104,57
-26,79,-7,117,12,-351,-106,56
-26,79,-8,116,12,-352,-106,56
-26,78,-10,115,12,-353,-106,52
-25,78,-10,114,12,-353,-104,52
-25,77,-11,114,12,-352,-104,51
-25,75,-11,114,12,-352,-104,50
-25,74,-10,114,12,-352,-104,48
-26,74,-10,114,12,-352,-106,47
-27,73,-10,114,12,-353,-107,47
-28,73,-11,114,12,-353,-107,47
-28,73,-10,114,12,-352,-108,47
-28,72,-11,114,12,-352,-108,46
-27,72,-11,114,12,-353,-107,46
-26,70,-11,114,12,-354,-106,43
-26,68,-10,114,12,-355,-104,42
-25,68,-10,114,12,-356,-104,42
-25,68,-11,114,12,-356,-104,42
-25,69,-12,113,12,-356,-104,42
-26,68,-12,113,12,-357,-104,42
-27,68,-12,113,12,-357,-106,42
-29,67,-11,114,12,-357,-108,41
-30,66,-12,114,12,-357,-109,40
-30,66,-12,113,12,-357,-109,40
-30,66,-12,111,12,-357,-107,40
-30,66,-11,108,12,-357,-107,40
-30,66,-11,108,12,-357,-104,42
-30,66,-10,108,12,-357,-104,42
-30,66,-11,110,12,-357,-107,40
-30,66,-12,110,12,-357,-107,40
-30,66,-13,109,12,-357,-107,40
-30,66,-12,108,12,-357,-104,40
-31,66,-11,107,12,-357,-106,40
-32,65,-11,107,12,-357,-106,41
-32,65,-11,107,12,-357,-107,41
-33,64,-11,107,12,-357,-108,37
-34,64,-11,107,12,-357,-108,40
-35,64,-11,107,12,-357,-109,40
-34,63,-11,107,12,-357,-108,40
-33,63,-12,108,12,-357,-108,36
-33,62,-14,110,12,-357,-109,35
-33,61,-15,111,12,-357,-112,35
-33,61,-15,111,12,-357,-112,35
-33,61,-14,110,12,-357,-109,35
-33,61,-12,108,12,-357,-107,35
-33,61,-11,107,12,-357,-107,35
-33,61,-12,108,12,-357,-107,35
-33,61,-13,108,12,-357,-109,35
-33,61,-13,109,12,-357,-109,34
-32,61,-13,110,12,-357,-109,35
-33,62,-13,112,12,-357,-112,35
-34,63,-13,112,12,-357,-113,36
-34,64,-14,112,12,-357,-113,37
-35,64,-14,111,12,-357,-112,37
-34,64,-14,111,12,-357,-111,37
-33,65,-14,111,12,-357,-109,39
-31,65,-12,113,12,-357,-111,39
-30,66,-10,114,12,-357,-109,40
-31,67,-10,114,12,-357,-109,41
-32,69,-11,114,12,-357,-111,43
-31,71,-11,114,12,-357,-111,45
-29,72,-10,113,12,-357,-109,46
-28,72,-9,112,12,-357,-106,48
-28,73,-9,112,12,-357,-104,50
-28,74,-9,111,12,-357,-106,51
-30,76,-9,112,12,-357,-107,52
-31,77,-8,112,12,-357,-108,53
-31,77,-6,114,12,-357,-108,54
-31,77,-4,114,12,-357,-108,53
-30,77,-3,114,11,-359,-107,56
-29,78,-4,114,11,-361,-106,57
-28,80,-4,113,11,-361,-104,59
-28,83,-4,113,11,-360,-106,62
-28,84,-4,114,11,-359,-106,61
-28,84,-5,115,11,-360,-108,61
-28,84,-5,115,11,-361,-108,61
-28,83,-5,114,12,-362,-106,61
-28,84,-4,114,12,-362,-106,61
-28,83,-4,114,12,-362,-106,61
-29,83,-5,114,11,-362,-106,61
-28,84,-5,115,11,-362,-108,61
-27,84,-5,115,12,-362,-107,61
-25,85,-5,115,13,-362,-104,62
-24,86,-6,116,14,-361,-104,63
-24,86,-7,117,15,-361,-103,63
-24,86,-7,118,15,-361,-106,63
-24,86,-7,117,15,-361,-104,63
-24,86,-7,117,16,-361,-103,63
-24,86,-7,117,17,-361,-104,63
-25,87,-7,117,17,-361,-104,64
-26,89,-7,117,16,-361,-106,67
-25,91,-7,117,16,-360,-106,68
-25,92,-7,117,17,-360,-104,69
-24,92,-7,117,17,-360,-103,69
-23,92,-7,118,16,-361,-106,69
-22,92,-8,118,15,-362,-104,67
-22,92,-8,119,14,-362,-104,67
-22,93,-8,118,15,-361,-104,67
-23,94,-7,117,16,-359,-103,70
-23,96,-7,117,17,-357,-102,73
-21,99,-8,118,17,-357,-104,73
-20,99,-8,119,17,-357,-103,74
-20,99,-7,119,17,-357,-102,74
-20,99,-6,119,16,-357,-103,76
-21,101,-6,118,15,-357,-101,78
-21,103,-6,119,14,-359,-103,80
-21,104,-5,119,15,-361,-103,81
-20,105,-4,121,16,-362,-102,83
-19,105,-3,121,16,-363,-102,83
-18,106,-3,120,16,-363,-101,83
-19,107,-3,120,16,-362,-102,84
-20,109,-3,120,16,-362,-103,86
-20,110,-3,120,16,-362,-103,87
-20,111,-3,120,17,-362,-102,89
-18,112,-3,120,16,-362,-101,90
-16,112,-3,120,16,-362,-100,90
-16,112,-3,120,16,-362,-98,90
-16,112,-3,120,16,-362,-98,90
-16,112,-3,120,16,-362,-100,90
-17,114,-4,121,16,-362,-100,91
-18,115,-4,121,16,-362,-101,92
-18,116,-3,120,16,-362,-101,93
-18,115,-3,120,16,-362,-101,92
-17,114,-4,121,16,-362,-100,92
-17,113,-5,122,16,-362,-100,91
-16,112,-6,123,16,-363,-102,87
-16,112,-7,124,16,-363,-102,87
-16,112,-7,124,16,-362,-101,87
-16,113,-7,124,16,-361,-101,87
-17,113,-7,124,16,-359,-102,87
-18,112,-7,124,17,-357,-103,86
-19,110,-7,124,17,-357,-104,85
-19,107,-7,124,16,-358,-103,83
-19,106,-7,124,16,-358,-103,80
-18,105,-7,124,17,-356,-103,80
-18,106,-7,124,17,-354,-103,80
-18,106,-7,124,17,-353,-103,81
-18,106,-7,124,17,-352,-103,81
-19,105,-7,124,17,-352,-104,80
-21,104,-8,123,17,-353,-106,79
-22,104,-8,123,17,-353,-107,78
-23,103,-7,123,17,-353,-108,78
-23,103,-7,124,17,-351,-108,78
-22,104,-7,124,16,-349,-107,78
-21,104,-8,123,15,-348,-106,79
-20,105,-8,123,15,-349,-104,80
-19,105,-8,123,17,-350,-104,80
-19,105,-6,123,18,-349,-104,80
-19,105,-5,123,18,-348,-104,83
-20,106,-6,123,17,-349,-104,81
-20,109,-7,124,15,-351,-104,84
-20,112,-7,124,15,-352,-104,87
-19,115,-7,124,15,-353,-104,90
-19,117,-7,124,16,-353,-104,92
-19,118,-7,124,17,-353,-104,93
-20,120,-7,124,17,-353,-106,95
-20,121,-6,125,17,-353,-106,96
-18,123,-4,126,17,-353,-104,101
-17,125,-3,127,17,-352,-106,102
-16,127,-3,128,17,-353,-104,104
-16,129,-3,127,17,-354,-103,107
-16,131,-3,127,17,-356,-104,109
-16,133,-3,127,17,-357,-104,111
-16,135,-3,127,16,-358,-104,113
-14,136,-3,127,16,-358,-103,114
-13,136,-3,127,17,-357,-101,114
-11,137,-3,128,17,-357,-100,115
-10,140,-3,127,17,-357,-98,118
-10,142,-2,126,17,-357,-96,120
-10,143,-1,125,16,-358,-96,122
-10,143,-1,125,16,-359,-96,122
-11,144,0,126,16,-359,-97,122
-12,144,0,128,16,-359,-98,123
-12,146,0,128,16,-359,-98,126
-11,147,0,127,16,-359,-97,128
-9,147,1,127,16,-360,-95,128
-7,148,1,128,16,-361,-93,129
-8,148,2,128,16,-362,-93,129
-9,148,2,128,16,-363,-96,129
-10,148,2,128,16,-363,-96,129
-10,148,2,128,16,-362,-96,129
-9,149,2,128,16,-362,-95,130
-8,150,0,128,16,-362,-95,131
-9,150,-1,127,16,-362,-95,129
-10,150,-3,127,16,-362,-96,128
-10,149,-4,127,16,-362,-98,128
-9,148,-3,127,16,-362,-97,126
-9,146,-3,127,16,-362,-97,124
-10,146,-3,127,16,-362,-98,124
-12,146,-3,127,16,-362,-101,124
-13,146,-3,127,16,-362,-102,124
-13,147,-3,127,16,-362,-101,125
-13,146,-3,127,16,-362,-101,124
-12,146,-3,127,16,-362,-101,124
-11,145,-3,127,16,-362,-100,123
-10,144,-3,127,16,-363,-98,122
-10,143,-3,127,16,-363,-98,120
-12,142,-3,127,16,-362,-100,120
-14,142,-3,127,16,-361,-102,120
-15,141,-3,127,16,-359,-103,119
-15,141,-3,127,17,-357,-103,119
-15,140,-3,127,16,-358,-103,118
-13,138,-3,127,16,-358,-101,117
-12,135,-4,126,16,-358,-97,113
-12,133,-4,126,17,-357,-98,111
-14,131,-4,126,17,-357,-100,108
-14,130,-4,126,17,-357,-100,108
-14,129,-6,125,17,-357,-100,104
-13,127,-7,124,16,-358,-98,103
-14,125,-7,124,16,-358,-98,101
-14,122,-5,125,17,-357,-100,98
-15,121,-4,126,17,-357,-101,98
-14,119,-4,126,17,-357,-100,97
-14,118,-5,125,17,-357,-98,92
-14,115,-7,124,16,-358,-98,91
-15,113,-7,123,16,-358,-100,89
-17,111,-7,124,17,-357,-102,85
-19,109,-7,124,17,-356,-103,84
-19,108,-7,125,17,-354,-104,83
-19,107,-7,124,17,-354,-104,81
-18,105,-8,123,17,-354,-102,80
-16,103,-9,122,17,-354,-101,78
-16,101,-10,121,17,-353,-101,76
-17,101,-11,121,17,-353,-102,75
-19,100,-11,122,17,-352,-103,72
-20,99,-11,122,17,-353,-104,74
-21,99,-11,122,17,-353,-106,74
-20,99,-12,122,17,-353,-104,72
-20,99,-13,123,17,-353,-107,72
-20,99,-14,124,17,-353,-107,72
-20,99,-13,124,17,-353,-107,72
-20,99,-12,123,17,-353,-106,72
-20,99,-12,123,17,-353,-106,72
-20,99,-12,122,17,-353,-104,72
-20,99,-13,122,17,-353,-104,72
-20,99,-13,122,17,-353,-104,72
-20,99,-14,121,17,-353,-104,72
-21,100,-14,122,17,-353,-106,73
-21,101,-14,122,17,-353,-106,73
-22,102,-13,122,17,-353,-107,74
-21,103,-12,122,17,-353,-107,75
-21,104,-10,121,17,-353,-107,79
-21,104,-10,121,17,-353,-106,79
-21,104,-11,122,17,-353,-106,79
-21,104,-12,122,17,-353,-106,76
-21,104,-12,122,17,-353,-106,76
-21,104,-10,121,17,-353,-107,79
-22,104,-10,121,17,-353,-107,79
-22,103,-10,121,17,-353,-107,78
-22,103,-10,121,17,-353,-107,78
-22,103,-11,121,17,-353,-107,78
-22,104,-11,121,17,-353,-107,79
-23,104,-10,121,17,-353,-108,78
-22,103,-10,121,16,-352,-107,78
-22,103,-10,121,15,-352,-107,78
-21,102,-11,121,15,-352,-106,76
-21,101,-11,121,17,-353,-106,75
-22,99,-10,121,18,-353,-107,74
-23,98,-10,121,18,-353,-108,73
-24,97,-10,121,17,-353,-109,72
-24,95,-11,121,15,-352,-109,70
-24,93,-11,122,15,-352,-108,65
-25,92,-12,122,16,-352,-109,63
-26,90,-11,122,16,-352,-111,62
-28,88,-11,121,16,-352,-112,62
-28,86,-11,122,15,-352,-113,59
-27,83,-12,122,15,-353,-112,54
-27,80,-11,122,16,-353,-111,52
-28,79,-11,121,18,-353,-112,52
-29,78,-10,121,17,-352,-113,52
-30,77,-10,121,16,-352,-114,51
-30,75,-10,121,15,-354,-114,50
-29,74,-12,120,14,-356,-113,48
-28,73,-13,119,13,-357,-111,45
-28,72,-13,119,12,-358,-111,43
-28,73,-13,119,13,-357,-109,45
-27,72,-13,119,15,-357,-108,43
-27,70,-14,118,17,-357,-108,41
-27,68,-14,117,18,-357,-108,39
-28,66,-14,117,17,-357,-109,37
-30,66,-14,117,15,-357,-112,37
-31,66,-14,118,13,-357,-113,37
-31,67,-14,118,14,-357,-113,39
-30,68,-14,117,15,-357,-112,39
-29,68,-14,117,16,-357,-111,40
-29,69,-14,117,16,-357,-111,40
-30,70,-14,118,15,-357,-112,41
-32,70,-14,118,14,-357,-114,41
-33,70,-14,118,14,-357,-114,41
-32,71,-14,117,14,-357,-114,42
-32,72,-13,116,14,-357,-114,46
-31,75,-12,115,14,-357,-111,50
-30,77,-10,116,15,-357,-109,51
-30,77,-9,118,15,-358,-112,51
-31,77,-9,119,14,-359,-113,51
-31,78,-10,121,13,-359,-115,52
-31,80,-10,121,13,-358,-115,54
-30,83,-11,121,15,-357,-114,57
-29,85,-10,121,17,-358,-114,59
-30,87,-10,121,17,-359,-114,62
-30,88,-11,120,15,-359,-115,62
-31,88,-10,121,13,-359,-115,62
-32,89,-9,122,13,-359,-117,63
-32,91,-8,123,14,-361,-117,65
-32,93,-7,124,16,-362,-117,67
-30,94,-7,125,17,-361,-115,68
-29,94,-8,126,17,-359,-117,68
-28,95,-8,126,17,-357,-115,69
-28,97,-8,125,17,-357,-113,70
-28,99,-7,124,17,-358,-113,74
-27,101,-7,124,16,-357,-112,75
-27,102,-8,125,15,-356,-112,76
-27,101,-9,127,15,-354,-114,76
-27,101,-10,128,16,-352,-114,73
-27,101,-10,128,16,-352,-114,73
-27,101,-9,127,16,-352,-114,75
-27,101,-9,126,15,-353,-114,75
-27,101,-9,127,15,-353,-114,75
-26,101,-10,127,15,-352,-114,74
-26,102,-9,127,14,-351,-113,76
-25,102,-9,126,12,-349,-112,76
-25,101,-10,126,13,-347,-112,73
-25,98,-12,125,14,-347,-112,70
-25,97,-14,125,14,-348,-112,69
-25,97,-14,124,14,-348,-112,69
-25,97,-14,124,14,-346,-112,69
-25,97,-14,125,14,-344,-112,69
-24,96,-14,125,14,-343,-112,68
-23,95,-14,125,13,-343,-109,67
-22,92,-14,124,12,-343,-109,64
-22,90,-14,124,13,-342,-109,62
-23,88,-14,124,13,-341,-111,59
-24,86,-14,124,13,-341,-112,58
-25,85,-14,124,13,-341,-112,57
-24,84,-14,124,13,-341,-112,56
-24,82,-14,124,13,-339,-111,53
-24,80,-14,125,13,-338,-111,52
-25,80,-14,124,13,-337,-112,51
-25,79,-14,124,13,-338,-112,51
-25,78,-14,124,13,-338,-112,50
-25,76,-14,125,13,-337,-112,48
-25,75,-14,125,13,-338,-112,46
-26,73,-14,124,13,-339,-113,43
-27,72,-15,123,13,-341,-114,42
-28,71,-15,123,13,-341,-114,42
-27,71,-15,123,13,-341,-114,42
-27,71,-14,124,13,-341,-113,42
-26,70,-14,125,13,-342,-113,41
-26,70,-14,125,12,-343,-113,41
-27,70,-14,124,12,-343,-113,41
-27,71,-14,124,12,-343,-114,42
-28,72,-14,125,12,-343,-115,43
-28,73,-14,125,12,-344,-115,45
-28,73,-14,124,12,-344,-115,45
-28,73,-15,123,12,-344,-114,43
-28,72,-15,123,12,-344,-114,43
-28,72,-15,123,12,-346,-115,43
-28,74,-14,124,12,-347,-115,45
-28,77,-14,125,12,-348,-115,48
-28,79,-14,125,12,-348,-114,51
-26,79,-14,125,12,-347,-113,51
-25,79,-14,124,12,-347,-112,51
-25,80,-13,123,12,-348,-112,52
-24,82,-11,122,12,-348,-108,53
-24,84,-10,121,12,-347,-108,58
-24,86,-10,121,12,-347,-108,61
-24,89,-10,121,12,-347,-108,63
-23,91,-11,121,12,-349,-107,65
-22,92,-11,121,12,-351,-107,67
-22,93,-10,121,12,-352,-107,67
-22,93,-9,122,12,-353,-107,67
-21,93,-8,123,12,-353,-106,68
-20,95,-7,124,12,-352,-104,70
-19,98,-6,124,12,-352,-104,73
-20,99,-7,124,12,-353,-104,74
-20,100,-7,124,12,-354,-106,74
-21,101,-7,124,12,-354,-106,75
-22,102,-7,124,12,-354,-107,76
-22,103,-7,124,12,-353,-107,78
-23,104,-7,124,12,-354,-108,79
-21,104,-7,124,12,-356,-107,79
-21,104,-7,124,12,-357,-106,79
-20,105,-7,124,11,-358,-104,80
-19,106,-7,124,12,-357,-104,80
-19,106,-7,124,12,-357,-104,80
-19,105,-7,124,12,-357,-104,80
-19,105,-7,124,12,-357,-104,80
-20,105,-7,124,12,-357,-104,80
-21,106,-7,124,12,-357,-106,81
-21,108,-7,124,12,-357,-107,83
-21,110,-6,125,12,-357,-107,85
-21,110,-6,127,12,-357,-109,85
-22,109,-7,129,12,-357,-109,84
-23,108,-8,130,12,-357,-113,83
-23,108,-7,129,12,-357,-111,84
-22,109,-7,128,12,-357,-109,84
-21,110,-7,128,12,-357,-108,85
-20,110,-9,128,12,-357,-108,85
-21,110,-10,128,11,-358,-108,83
-21,110,-10,128,11,-359,-108,83
-19,111,-9,128,11,-359,-107,84
-18,112,-9,129,11,-359,-108,84
-16,112,-9,129,11,-358,-107,87
-16,112,-8,129,12,-357,-107,87
-17,114,-7,130,12,-357,-107,89
-17,116,-7,130,12,-357,-107,91
-15,118,-7,130,12,-357,-106,93
-14,119,-7,130,12,-357,-104,93
-14,119,-7,130,12,-357,-104,95
-15,120,-7,131,12,-357,-106,96
-14,122,-6,131,12,-357,-104,97
-13,125,-6,131,12,-357,-103,100
-13,126,-7,131,12,-357,-103,102
-13,127,-7,131,12,-357,-103,102
-14,128,-6,131,12,-357,-104,103
-13,130,-7,131,12,-357,-103,106
-13,133,-7,131,12,-357,-103,108
-12,135,-6,131,12,-357,-103,111
-12,137,-5,132,12,-357,-103,112
-12,139,-4,133,12,-357,-103,114
-11,141,-3,134,12,-357,-102,117
-11,143,-2,134,12,-357,-102,119
-11,145,-3,134,12,-357,-102,120
-11,147,-3,134,12,-357,-102,123
-10,149,-3,134,12,-357,-101,125
-10,151,-3,134,12,-357,-101,128
-10,153,-3,134,12,-357,-101,129
-9,155,-3,134,12,-357,-101,130
-8,156,-3,134,12,-357,-100,133
-8,158,-3,134,12,-357,-100,134
-8,159,-3,134,12,-357,-98,135
-8,161,-3,134,13,-357,-100,137
-7,162,-3,134,14,-357,-98,139
-8,163,-3,134,13,-357,-100,140
-8,163,-1,135,12,-357,-100,142
-9,163,0,136,11,-357,-102,141
-7,162,0,136,12,-357,-101,141
-6,162,0,137,13,-357,-100,141
-6,162,0,137,14,-357,-100,141
-8,162,0,137,13,-357,-102,141
-9,161,0,136,12,-357,-102,140
-9,160,-1,136,12,-357,-102,139
-8,158,-2,135,12,-357,-98,136
-7,155,-2,135,12,-357,-98,133
-8,152,-2,135,12,-357,-100,130
-9,150,-2,134,12,-357,-100,126
-8,148,-3,134,12,-357,-98,124
-7,147,-3,134,12,-356,-98,123
-7,144,-3,134,12,-355,-98,120
-8,141,-2,134,12,-354,-98,117
-9,137,-3,134,12,-354,-100,113
-9,133,-4,133,12,-354,-100,108
-9,129,-5,132,12,-354,-100,104
-9,126,-7,131,12,-354,-100,102
-9,123,-7,131,12,-353,-100,98
-10,119,-7,131,12,-352,-101,95
-11,115,-7,131,12,-352,-101,91
-10,112,-7,130,12,-352,-101,87
-11,109,-8,130,12,-353,-101,84
-12,108,-8,129,12,-352,-102,83
-12,105,-9,128,12,-352,-100,80
-13,103,-9,126,12,-352,-101,78
-14,101,-8,125,12,-352,-101,75
-14,99,-7,124,12,-352,-98,74
-14,97,-7,124,12,-353,-98,72
-14,95,-8,126,12,-352,-101,69
-14,93,-9,127,12,-352,-102,68
-15,91,-10,128,12,-352,-102,63
-17,90,-9,127,12,-353,-104,64
-18,89,-8,125,12,-354,-106,63
-20,89,-8,125,12,-354,-104,63
-20,88,-9,126,11,-354,-107,63
-20,88,-10,128,12,-354,-107,61
-20,89,-10,128,14,-356,-109,61
-20,89,-10,128,16,-357,-107,61
-20,88,-10,128,16,-358,-107,61
-20,88,-10,127,15,-357,-107,59
-20,88,-10,128,14,-357,-107,59
-20,90,-9,129,13,-357,-109,64
-21,91,-8,130,13,-357,-111,65
-22,93,-7,130,14,-357,-112,67
-22,93,-7,130,16,-357,-112,67
-22,93,-7,130,17,-357,-112,67
-22,93,-8,130,17,-357,-112,67
-23,94,-8,129,17,-357,-113,68
-25,95,-9,129,17,-357,-115,69
-28,95,-9,129,17,-357,-118,69
-29,95,-9,128,17,-357,-117,67
-29,94,-10,128,17,-357,-117,67
-29,94,-10,128,16,-357,-117,67
-29,94,-10,128,15,-357,-117,67
-29,95,-10,128,15,-357,-117,67
-29,95,-11,127,15,-356,-117,67
-28,95,-13,125,17,-356,-115,67
-28,93,-14,124,17,-355,-115,64
-28,91,-14,124,16,-354,-115,63
-29,89,-14,124,14,-353,-117,61
-30,88,-14,125,14,-352,-118,59
-31,88,-13,125,15,-352,-118,59
-32,86,-14,124,15,-352,-119,57
-32,84,-15,123,15,-353,-119,56
-32,82,-16,122,15,-352,-119,51
-33,81,-17,121,16,-352,-118,50
-33,79,-18,121,16,-352,-118,48
-34,77,-17,121,16,-352,-119,46
-35,75,-17,121,15,-352,-119,43
-35,74,-17,121,14,-352,-119,43
-34,74,-17,122,13,-352,-120,42
-33,72,-18,122,14,-352,-120,41
-33,70,-17,121,14,-352,-118,39
-35,67,-16,120,15,-352,-119,39
-35,65,-15,119,14,-352,-119,36
-35,64,-14,118,14,-352,-117,35
-34,62,-14,117,14,-352,-115,34
-33,61,-14,117,14,-352,-114,31
-32,60,-14,118,14,-352,-113,30
-32,60,-13,119,14,-352,-113,30
-32,59,-12,119,14,-352,-113,32
-33,59,-12,119,13,-352,-114,32
-35,58,-13,119,12,-352,-117,29
-36,57,-13,118,12,-352,-118,28
-37,57,-13,119,13,-352,-119,28
-36,57,-12,120,16,-352,-120,30
-35,58,-10,121,18,-353,-119,31
-33,58,-10,121,18,-353,-117,31
-32,60,-10,121,17,-353,-115,32
-32,61,-10,121,15,-353,-117,35
-34,62,-10,121,15,-353,-118,36
-34,63,-10,121,16,-352,-119,36
-34,64,-10,121,17,-352,-119,37
-34,66,-10,121,15,-352,-118,40
-33,68,-10,121,14,-354,-118,42
-32,70,-10,121,13,-356,-117,43
-32,71,-11,120,15,-357,-117,45
-32,72,-10,121,16,-358,-117,46
-31,75,-10,122,17,-358,-115,48
-30,77,-8,123,17,-357,-115,51
-29,79,-7,124,17,-357,-113,52
-28,80,-6,124,17,-357,-113,54
-28,82,-7,125,17,-357,-113,56
-28,83,-8,125,17,-357,-113,57
-27,85,-8,125,17,-357,-114,58
-26,86,-8,125,17,-357,-111,61
-26,89,-8,126,17,-357,-113,63
-27,91,-9,127,17,-357,-114,65
-28,94,-9,128,17,-357,-115,68
-28,95,-9,130,17,-357,-118,67
-26,96,-8,130,17,-357,-115,70
-25,97,-7,130,17,-357,-114,72
-24,97,-7,131,17,-357,-114,72
-24,97,-6,131,17,-357,-114,72
-24,97,-6,131,17,-357,-114,70
-23,97,-7,131,17,-357,-113,72
-23,98,-7,131,17,-357,-113,73
-23,100,-7,131,17,-357,-113,74
-23,101,-6,131,17,-357,-113,76
-22,102,-6,130,17,-357,-109,76
-21,101,-5,130,17,-357,-108,75
-21,100,-6,130,17,-357,-108,75
-21,101,-7,131,17,-357,-111,75
-21,101,-7,131,17,-357,-112,76
-22,103,-7,131,17,-357,-112,78
-22,104,-5,130,17,-357,-109,78
-23,104,-5,130,17,-357,-111,78
-23,104,-6,130,17,-357,-113,78
-22,104,-6,131,17,-357,-113,79
-21,104,-6,130,16,-358,-108,79
-19,105,-4,129,17,-358,-107,80
-18,106,-3,127,18,-357,-106,84
-19,107,-3,127,19,-356,-104,85
-20,108,-3,127,18,-356,-107,86
-20,110,-3,128,17,-356,-108,87
-20,112,-3,127,16,-355,-108,90
-19,115,-3,127,17,-355,-107,92
-19,116,-3,128,18,-354,-107,93
-18,117,-3,130,19,-354,-106,95
-17,118,-2,131,20,-354,-104,95
-16,120,-1,131,20,-353,-104,97
-16,122,-1,130,20,-353,-104,100
-16,123,0,130,20,-352,-104,101
-17,123,0,130,19,-353,-104,101
-17,123,0,130,18,-353,-104,101
-16,126,-1,130,18,-353,-103,103
-15,128,-1,130,18,-353,-103,106
-15,130,-1,132,18,-353,-106,108
-16,130,-1,133,19,-353,-107,108
-16,130,-1,133,20,-353,-107,108
-16,129,-1,133,22,-351,-107,107
-16,128,-1,132,23,-350,-106,106
-16,126,0,131,22,-348,-104,103
-16,124,0,131,22,-348,-104,102
-17,123,-1,132,21,-347,-104,101
-16,122,-2,133,20,-348,-107,100
-16,120,-2,134,20,-348,-107,95
-17,118,-3,134,22,-348,-107,93
-18,116,-4,133,23,-346,-108,91
-20,114,-5,132,22,-345,-109,89
-20,112,-7,131,21,-343,-111,87
-20,110,-7,131,19,-343,-111,85
-20,108,-7,131,17,-343,-111,84
-21,107,-6,131,17,-343,-111,81
-21,104,-7,131,18,-343,-112,79
-21,102,-7,130,19,-343,-112,76
-21,100,-8,130,20,-343,-112,75
-21,99,-8,129,20,-343,-111,74
-22,98,-9,128,20,-343,-109,70
-23,98,-10,128,19,-343,-111,70
-24,97,-10,128,19,-342,-111,69
-24,97,-10,128,19,-341,-112,69
-25,97,-10,128,19,-340,-112,69
-25,96,-10,127,19,-339,-112,68
-25,97,-10,128,19,-338,-112,69
-24,99,-9,129,19,-338,-114,70
-23,101,-7,130,20,-338,-113,75
-22,103,-7,131,21,-339,-113,78
-22,106,-6,131,22,-341,-112,80
-21,108,-6,131,23,-341,-112,83
-20,111,-7,131,23,-341,-111,86
-19,115,-7,131,22,-341,-109,90
-18,119,-7,132,22,-342,-108,93
-18,123,-6,133,22,-343,-108,98
-17,127,-5,134,22,-343,-111,102
-17,130,-4,136,22,-343,-109,106
-16,133,-5,137,22,-343,-109,109
-14,137,-6,137,21,-343,-109,113
-12,142,-5,137,20,-343,-106,118
-11,147,-3,137,21,-343,-104,123
-10,151,-1,137,22,-343,-103,126
-9,154,-1,140,22,-343,-104,130
-7,157,-2,142,22,-345,-103,134
-6,161,-2,142,22,-346,-102,137
-4,165,-1,142,22,-346,-101,141
-3,168,0,143,22,-345,-100,145
-3,171,0,144,22,-343,-102,147
-3,173,0,145,22,-343,-102,150
-2,176,0,146,22,-343,-101,152
-2,178,0,146,22,-343,-101,155
-3,180,0,146,22,-343,-102,156
-3,180,-1,147,22,-343,-102,157
-4,180,-1,146,22,-343,-103,157
-3,181,0,146,22,-343,-102,157
-2,181,0,146,22,-343,-101,158
-2,181,-1,147,22,-343,-101,158
-2,181,-2,148,22,-343,-103,158
-3,181,-2,149,22,-343,-104,158
-3,181,-2,148,22,-343,-104,157
-3,180,-3,147,22,-343,-104,156
-3,177,-5,146,22,-343,-104,151
-3,174,-6,145,22,-343,-102,147
-3,171,-6,144,22,-343,-102,145
-4,169,-5,144,22,-344,-103,142
-5,167,-4,143,22,-343,-104,140
-6,164,-4,143,22,-342,-104,140
-7,160,-3,142,22,-340,-103,136
-9,157,-2,142,22,-338,-104,134
-10,155,-3,141,23,-338,-107,130
-11,152,-3,140,22,-338,-107,128
-12,149,-5,139,22,-339,-108,124
-13,144,-6,138,22,-339,-109,117
-14,139,-6,138,23,-338,-111,112
-15,135,-6,138,23,-338,-111,108
-15,131,-6,138,22,-338,-111,103
-15,128,-6,136,21,-338,-108,103
-16,125,-6,133,21,-338,-107,100
-17,122,-7,131,21,-338,-107,97
-18,119,-7,130,22,-338,-108,93
-18,116,-7,131,23,-338,-108,91
-18,113,-7,131,23,-338,-108,87
-18,110,-7,131,22,-338,-108,85
-19,107,-6,131,22,-338,-109,83
-20,105,-7,131,22,-338,-111,79
-21,103,-7,130,23,-338,-111,78
-21,101,-9,129,22,-338,-111,73
-20,99,-10,128,22,-338,-107,72
-19,98,-10,127,22,-338,-107,70
-20,96,-10,128,23,-338,-107,68
-21,93,-10,128,22,-338,-108,65
-22,92,-10,128,22,-338,-109,64
-22,92,-10,128,22,-338,-109,64
-22,93,-10,128,23,-339,-109,64
-23,94,-10,128,23,-339,-109,65
-24,96,-10,128,22,-338,-111,68
-25,97,-10,128,21,-338,-112,69
-25,97,-10,128,21,-338,-113,69
-25,97,-10,128,21,-340,-112,69
-23,97,-8,129,22,-341,-113,72
-21,98,-7,130,23,-342,-111,73
-20,99,-8,130,23,-342,-111,74
-21,101,-10,130,22,-342,-111,73
-21,102,-10,130,22,-343,-112,74
-21,104,-9,131,22,-343,-111,76
-20,105,-7,131,22,-343,-111,80
-19,107,-6,131,22,-343,-109,83
-19,109,-6,131,22,-343,-109,84
-20,110,-7,131,22,-343,-111,85
-21,111,-7,131,22,-343,-111,85
-22,112,-7,132,22,-343,-112,86
-22,113,-7,132,22,-342,-112,89
-21,115,-7,132,22,-341,-112,90
-20,116,-8,132,22,-342,-109,89
-19,117,-9,133,22,-343,-112,89
-19,118,-10,134,22,-343,-112,91
-20,120,-10,135,22,-343,-113,92
-21,121,-10,135,22,-343,-114,93
-21,121,-10,135,22,-343,-114,93
-21,121,-10,135,22,-343,-114,93
-21,121,-10,134,22,-343,-114,93
-21,121,-9,133,22,-343,-114,93
-21,121,-8,133,22,-343,-112,93
-20,120,-8,132,22,-342,-111,92
-19,119,-8,133,22,-342,-112,91
-19,117,-9,134,22,-342,-112,89
-19,114,-9,134,23,-343,-112,86
-20,112,-9,133,23,-342,-112,84
-21,111,-8,133,22,-341,-113,83
-21,110,-9,134,22,-340,-113,81
-21,108,-9,134,22,-339,-113,80
-22,106,-10,133,23,-339,-114,79
-23,104,-10,130,24,-341,-113,75
-23,101,-11,129,25,-342,-113,73
-24,99,-12,129,24,-343,-113,70
-24,96,-12,130,23,-342,-113,68
-24,93,-12,130,22,-340,-114,65
-25,91,-11,129,22,-340,-115,63
-27,88,-10,128,22,-341,-117,59
-28,86,-11,129,22,-343,-118,57
-28,83,-13,129,22,-344,-117,54
-27,81,-15,128,22,-343,-117,50
-28,79,-16,127,22,-343,-117,47
-28,76,-16,127,22,-343,-117,45
-28,75,-16,126,22,-343,-118,43
-28,73,-15,126,22,-343,-115,45
-29,72,-14,125,22,-343,-115,43
-30,70,-14,125,22,-343,-117,41
-31,68,-14,124,22,-343,-118,39
-32,65,-14,124,22,-343,-119,36
-33,64,-14,125,22,-343,-119,35
-34,64,-14,125,22,-343,-120,35
-35,64,-15,126,22,-343,-122,35
-35,64,-15,126,22,-343,-122,32
-35,63,-14,125,22,-343,-122,34
-36,63,-14,125,22,-343,-123,34
-37,62,-14,126,22,-343,-124,34
-38,62,-14,127,22,-343,-126,32
-39,62,-14,128,22,-343,-128,32
-39,62,-14,128,22,-343,-128,30
-38,62,-13,128,22,-343,-126,32
-37,62,-12,128,22,-343,-126,32
-36,62,-12,127,22,-343,-125,34
-35,63,-13,127,22,-343,-122,34
-35,65,-13,127,22,-343,-124,36
-36,67,-13,129,22,-343,-125,37
-36,68,-13,131,22,-343,-125,39
-36,68,-13,131,22,-343,-128,36
-37,68,-12,130,22,-343,-126,39
-37,68,-11,129,22,-343,-126,39
-37,69,-10,128,22,-343,-124,40
-37,72,-10,127,22,-343,-124,42
-36,74,-10,128,22,-343,-123,46
-35,75,-10,128,22,-343,-122,46
-34,75,-10,128,22,-343,-122,46
-35,74,-10,128,22,-343,-122,46
-35,74,-10,128,22,-343,-122,46
-36,76,-10,128,22,-343,-123,47
-35,79,-10,128,22,-343,-123,50
-34,81,-10,128,22,-343,-122,52
-33,82,-10,128,22,-343,-120,53
-32,81,-10,128,22,-343,-119,52
-32,81,-10,128,22,-343,-119,52
-33,81,-10,128,22,-343,-120,52
-32,83,-10,128,22,-343,-119,54
-31,86,-10,128,22,-343,-118,58
-31,88,-10,128,22,-343,-118,59
-31,89,-10,128,22,-343,-120,61
-31,88,-10,128,22,-343,-118,59
-31,88,-9,126,22,-343,-118,62
-31,88,-8,125,22,-343,-118,62
-31,88,-8,125,22,-343,-115,62
-30,88,-8,125,22,-343,-118,62
-31,88,-9,126,22,-343,-118,62
-31,89,-10,127,22,-343,-119,61
-32,91,-10,127,22,-344,-120,63
-33,92,-10,127,22,-345,-120,63
-33,93,-9,126,22,-345,-120,67
-32,93,-8,126,22,-345,-119,67
-30,93,-8,126,22,-344,-118,68
-29,94,-9,126,22,-343,-117,69
-28,95,-9,126,22,-343,-115,69
-28,95,-8,126,22,-343,-115,69
-29,94,-8,125,22,-343,-114,69
-30,94,-7,124,23,-343,-115,68
-31,94,-7,124,24,-343,-115,68
-31,93,-7,124,24,-343,-117,68
-30,92,-7,124,24,-343,-115,67
-28,91,-7,124,23,-343,-113,65
-27,90,-7,124,22,-343,-112,64
-26,90,-7,124,22,-343,-111,64
-26,90,-6,124,22,-343,-111,64
-27,90,-6,125,22,-343,-112,64
-27,90,-5,125,22,-343,-112,64
-26,90,-6,125,22,-343,-111,64
-26,90,-6,124,22,-343,-111,64
-26,90,-7,124,22,-343,-111,64
-26,91,-7,124,22,-343,-111,65
-26,90,-7,124,22,-343,-111,64
-27,88,-7,124,22,-343,-112,62
-28,86,-7,124,22,-343,-113,59
-29,85,-7,124,22,-343,-113,59
-30,86,-7,124,22,-343,-114,59
-31,88,-6,124,22,-343,-115,62
-31,88,-6,125,22,-343,-115,63
-31,88,-5,126,22,-343,-115,63
-31,88,-7,126,22,-343,-118,62
-31,88,-9,127,22,-343,-118,62
-31,88,-10,127,23,-343,-118,59
-31,88,-11,128,24,-343,-118,59
-31,88,-10,128,24,-343,-120,59
-31,88,-9,129,24,-343,-120,59
-31,88,-8,129,23,-343,-120,62
-31,88,-9,129,22,-343,-120,59
-31,88,-10,128,22,-342,-120,59
-31,87,-10,128,22,-341,-118,59
-30,87,-10,128,22,-342,-117,58
-30,86,-10,128,22,-343,-117,58
-30,87,-10,127,24,-343,-117,58
-31,87,-10,128,26,-344,-118,59
-32,87,-11,129,27,-344,-122,59
-34,86,-13,130,27,-343,-124,58
-35,86,-13,131,26,-342,-128,54
-35,85,-13,130,25,-341,-125,57
-35,86,-11,129,25,-342,-125,57
-35,86,-10,128,25,-343,-123,57
-35,86,-10,127,25,-343,-123,58
-35,86,-11,127,26,-343,-123,57
-35,84,-12,126,26,-343,-122,56
-33,83,-12,126,25,-343,-120,53
-33,81,-13,125,25,-343,-120,52
-32,81,-14,125,25,-343,-119,52
-33,81,-14,124,24,-343,-120,52
-33,81,-14,124,23,-343,-120,52
-33,81,-14,125,23,-343,-120,52
-33,81,-14,125,24,-343,-120,52
-33,81,-14,124,26,-343,-120,52
-32,81,-14,124,27,-343,-119,52
-32,81,-13,125,28,-343,-119,52
-32,81,-13,126,26,-343,-119,52
-33,81,-13,126,24,-343,-120,52
-33,81,-13,125,22,-343,-120,52
-32,81,-11,125,22,-343,-119,52
-31,82,-10,125,22,-343,-118,56
-30,83,-8,126,22,-343,-117,57
-29,85,-8,126,22,-343,-117,59
-30,87,-9,127,23,-343,-117,61
-31,88,-10,128,25,-343,-118,59
-31,88,-11,127,25,-343,-118,59
-31,88,-10,128,26,-343,-118,59
-30,90,-9,129,26,-343,-120,64
-29,93,-7,130,25,-343,-119,67
-28,94,-7,131,25,-343,-118,68
-29,95,-7,130,25,-343,-119,69
-30,96,-8,130,25,-343,-120,70
-31,97,-7,130,26,-343,-120,72
-30,99,-7,131,27,-343,-120,73
-28,101,-6,131,27,-343,-118,75
-27,101,-6,131,26,-343,-117,75
-28,102,-7,131,24,-343,-118,76
-28,104,-7,130,23,-343,-118,79
-28,106,-8,130,24,-342,-118,80
-26,108,-7,130,25,-341,-117,83
-25,108,-7,131,26,-340,-114,83
-24,108,-6,131,27,-341,-114,83
-26,107,-6,131,28,-342,-115,81
-27,105,-7,131,27,-343,-118,80
-28,104,-7,132,27,-344,-118,78
-28,103,-8,133,27,-344,-120,74
-27,102,-9,133,27,-343,-120,74
-27,101,-10,133,27,-343,-119,73
-27,101,-11,131,27,-343,-117,73
-26,100,-13,131,27,-343,-119,72
-25,99,-14,131,27,-343,-117,68
-25,97,-14,131,27,-343,-117,67
-25,95,-13,131,27,-343,-118,64
-26,93,-13,131,27,-343,-118,62
-26,91,-13,131,27,-343,-118,59
-26,89,-13,131,26,-343,-118,58
-26,86,-13,131,25,-343,-118,56
-27,84,-13,131,25,-343,-119,53
-28,84,-13,131,27,-343,-120,52
-28,84,-13,131,28,-343,-120,52
-28,84,-13,131,27,-343,-120,52
-29,82,-13,131,25,-343,-120,51
-30,79,-13,131,24,-343,-122,47
-30,77,-13,131,22,-343,-122,46
-30,77,-13,131,23,-343,-123,46
-30,77,-13,131,24,-343,-123,46
-32,76,-13,131,25,-343,-124,45
-33,76,-13,131,27,-343,-125,45
-34,75,-13,131,27,-343,-126,43
-35,74,-13,131,25,-343,-126,42
-35,75,-13,131,24,-343,-126,43
-34,75,-13,131,24,-343,-126,43
-34,75,-13,131,25,-343,-126,43
-34,75,-13,131,27,-343,-126,43
-35,75,-14,131,28,-343,-126,43
-34,75,-15,130,27,-344,-126,43
-35,75,-15,130,27,-344,-126,43
-35,75,-14,130,27,-343,-126,43
-35,75,-13,130,27,-343,-124,46
-35,74,-12,130,27,-343,-124,46
-34,75,-12,128,27,-345,-124,46
-33,75,-12,127,27,-347,-123,47
-32,78,-13,128,27,-348,-122,48
-32,79,-12,130,27,-349,-122,50
-31,79,-12,130,27,-349,-120,51
-31,79,-12,130,27,-348,-120,51
-31,78,-13,130,27,-348,-120,50
-31,78,-13,131,27,-348,-123,47
-31,79,-14,131,27,-349,-123,47
-32,79,-13,132,27,-350,-124,48
-32,80,-13,131,27,-350,-124,50
-31,82,-13,131,27,-350,-123,51
-30,83,-13,131,27,-349,-122,52
-28,84,-13,131,27,-348,-120,52
-28,84,-13,131,27,-348,-120,52
-28,84,-13,131,26,-348,-120,52
-28,83,-13,131,25,-349,-120,52
-28,83,-13,131,25,-350,-120,52
-28,83,-13,131,26,-350,-120,52
-28,84,-13,131,26,-350,-120,52
-28,83,-13,131,25,-349,-120,52
-28,83,-13,131,25,-348,-120,52
-28,84,-13,131,25,-348,-120,52
-28,84,-13,131,26,-348,-120,52
-28,83,-13,131,27,-348,-120,52
-28,83,-14,131,27,-348,-120,52
-28,84,-14,131,25,-348,-120,52
-29,85,-13,131,25,-348,-122,54
-30,87,-13,131,25,-348,-122,56
-30,87,-13,131,25,-348,-122,56
-29,86,-14,132,24,-347,-122,54
-28,84,-14,132,23,-346,-120,53
-28,83,-15,133,23,-345,-120,52
-29,83,-14,132,24,-345,-122,51
-31,82,-14,131,25,-345,-123,51
-33,81,-13,131,26,-345,-125,50
-33,82,-13,131,26,-345,-125,51
-32,81,-14,132,26,-344,-124,50
-32,80,-15,133,27,-343,-124,48
-32,78,-15,133,28,-343,-124,47
-33,76,-15,133,28,-343,-125,45
-34,74,-14,133,27,-344,-126,42
-35,73,-14,131,26,-343,-126,41
-34,72,-14,130,26,-343,-125,40
-34,70,-16,129,26,-343,-124,39
-35,69,-17,128,25,-343,-124,37
-35,67,-18,128,24,-343,-124,36
-35,65,-17,128,23,-343,-124,34
-35,64,-17,128,23,-343,-124,32
-34,63,-17,128,24,-343,-124,31
-34,64,-17,128,25,-343,-123,32
-34,64,-17,128,25,-343,-124,32
-34,64,-17,128,25,-343,-124,32
-35,64,-16,130,26,-343,-124,32
-34,64,-16,130,27,-343,-126,31
-34,64,-17,130,28,-343,-125,32
-33,65,-18,129,27,-343,-123,34
-33,66,-18,129,26,-343,-123,34
-32,67,-17,130,25,-343,-124,35
-32,68,-15,132,25,-343,-124,36
-32,69,-14,133,25,-343,-124,37
-33,72,-13,132,25,-343,-125,40
-34,74,-13,131,24,-343,-125,42
-33,75,-13,131,23,-343,-125,43
-32,77,-13,131,22,-343,-124,46
-31,78,-14,131,22,-343,-123,47
-30,80,-14,131,22,-343,-123,50
-30,83,-13,131,23,-343,-122,52
-29,85,-12,132,23,-345,-122,57
-28,88,-11,133,24,-346,-120,59
-28,90,-10,133,24,-346,-120,62
-28,93,-11,134,24,-346,-120,64
-29,96,-11,134,24,-347,-122,67
-29,99,-10,134,23,-348,-122,70
-29,102,-10,135,22,-348,-122,74
-28,104,-10,135,23,-348,-122,76
-27,106,-10,135,24,-348,-120,78
-26,108,-11,136,25,-348,-120,79
-25,109,-11,136,24,-348,-120,81
-26,111,-11,136,23,-348,-122,83
-27,112,-10,135,22,-348,-120,84
-26,113,-9,136,23,-348,-119,85
-24,114,-8,136,25,-348,-117,86
-23,114,-8,136,25,-348,-115,86
-22,115,-8,136,25,-348,-115,87
-23,115,-8,137,25,-348,-117,87
-24,116,-7,137,25,-348,-117,87
-24,116,-6,138,25,-350,-119,87
-24,116,-6,138,25,-352,-119,87
-24,116,-6,138,25,-353,-119,89
-24,115,-6,138,25,-353,-119,87
-23,115,-6,138,26,-351,-119,87
-23,114,-6,138,25,-350,-118,86
-23,114,-6,138,25,-349,-118,86
-23,114,-6,138,26,-350,-118,86
-23,114,-6,138,26,-351,-118,86
-23,114,-6,138,27,-352,-118,86
-23,115,-6,138,26,-353,-118,86
-23,115,-6,138,25,-353,-118,87
-22,115,-6,138,25,-353,-118,86
-22,113,-6,138,25,-353,-118,85
-22,111,-6,138,25,-353,-118,83
-24,109,-7,139,25,-353,-119,81
-25,108,-7,140,26,-353,-120,79
-25,108,-8,140,25,-353,-120,79
-24,107,-9,141,25,-353,-122,79
-23,105,-10,140,25,-353,-120,74
-22,104,-12,139,25,-353,-120,73
-24,103,-13,138,24,-353,-119,72
-25,101,-13,138,24,-353,-120,70
-26,100,-13,138,25,-353,-122,69
-25,99,-13,138,25,-353,-120,68
-25,97,-13,138,25,-354,-119,65
-25,95,-13,138,25,-356,-119,64
-24,93,-14,138,23,-358,-119,62
-25,91,-14,138,22,-358,-119,61
-25,91,-14,137,23,-358,-120,59
-26,90,-15,136,25,-358,-120,59
-26,89,-16,136,26,-358,-120,58
-25,88,-17,135,27,-358,-119,57
-25,85,-18,136,26,-358,-119,52
-26,83,-18,137,25,-357,-123,50
-27,81,-18,137,24,-358,-124,47
-26,79,-18,137,23,-360,-123,46
-26,79,-17,136,24,-361,-120,46
-26,79,-17,135,25,-361,-120,46
-24,80,-16,135,26,-361,-119,48
-23,81,-16,135,27,-362,-118,50
-22,83,-17,135,26,-362,-117,52
-23,85,-17,135,25,-362,-118,52
-24,86,-17,135,24,-361,-119,52
-24,86,-16,135,23,-360,-118,56
-23,87,-15,136,24,-360,-118,56
-22,88,-14,137,25,-361,-117,57
-21,91,-13,138,26,-363,-115,61
-21,94,-12,139,26,-363,-115,64
-21,98,-12,139,25,-363,-118,67
-21,100,-11,140,22,-363,-118,69
-21,103,-11,140,21,-362,-119,72
-21,105,-10,141,21,-361,-119,75
-21,108,-10,141,21,-361,-119,80
-21,111,-9,141,21,-361,-119,83
-21,114,-9,141,21,-361,-119,86
-20,117,-8,142,21,-360,-118,90
-19,121,-7,144,22,-360,-117,93
-18,124,-6,145,23,-359,-117,96
-18,126,-6,145,23,-359,-117,98
-18,129,-6,144,23,-358,-117,102
-18,133,-6,144,22,-358,-115,106
-17,136,-5,146,21,-357,-118,108
-15,139,-3,147,21,-358,-115,114
-14,142,-2,148,21,-358,-114,117
-13,144,-2,148,21,-358,-113,119
-13,146,-2,148,21,-358,-113,122
-12,148,-2,148,21,-358,-113,123
-12,148,-2,148,21,-358,-113,124
-10,149,-2,148,21,-358,-112,125
-10,151,-2,148,21,-358,-111,126
-9,154,-2,148,21,-358,-109,129
-8,156,-2,148,21,-358,-109,131
-7,157,-2,148,21,-356,-108,133
-7,157,-2,148,22,-354,-108,133
-7,156,-2,148,23,-354,-108,133
-7,156,-2,148,24,-356,-108,133
-7,156,-2,148,23,-358,-108,133
-7,156,-2,148,22,-358,-108,133
-7,156,-2,148,21,-358,-108,133
-7,157,-2,148,21,-357,-108,133
-7,157,-1,147,21,-358,-106,133
-7,156,-1,147,22,-358,-106,133
-6,155,-1,147,23,-358,-107,131
-5,154,-1,147,23,-358,-103,130
-4,152,0,145,23,-357,-102,129
-4,152,0,144,21,-358,-101,128
-6,151,0,143,21,-358,-102,128
-8,151,0,143,21,-359,-103,126
-9,150,-1,143,22,-359,-104,126
-9,150,-1,143,24,-359,-104,125
-8,149,-1,142,24,-360,-104,124
-8,146,-1,142,24,-361,-104,122
-10,144,-2,142,24,-362,-106,120
-10,143,-2,141,23,-362,-107,118
-11,143,-3,141,22,-361,-107,119
-10,143,-3,141,22,-361,-107,119
-11,143,-3,141,22,-361,-107,119
-12,143,-2,141,23,-361,-108,118
-14,142,-2,141,23,-361,-109,118
-14,141,-3,141,22,-362,-111,117
-14,139,-3,141,22,-363,-111,114
-15,137,-3,141,22,-364,-111,113
-16,136,-2,141,23,-363,-112,111
-16,134,-2,141,23,-361,-112,109
-17,133,-3,141,25,-359,-112,108
-17,131,-3,140,26,-360,-113,106
-18,129,-5,139,27,-361,-113,103
-18,127,-6,138,25,-363,-114,100
-18,126,-6,137,22,-363,-113,98
-18,125,-6,138,21,-361,-113,97
-18,122,-6,138,21,-359,-113,95
-18,121,-6,138,21,-358,-114,93
-19,118,-6,138,23,-357,-114,91
-20,116,-6,138,25,-358,-115,91
-21,114,-6,138,27,-358,-115,86
-21,112,-7,137,26,-358,-114,84
-22,110,-9,136,25,-358,-114,81
-24,108,-10,135,23,-358,-117,80
-26,107,-10,134,23,-358,-118,79
-27,105,-10,134,24,-358,-120,76
-28,103,-10,135,26,-358,-120,75
-27,101,-10,135,27,-358,-120,73
-27,99,-10,135,27,-358,-120,70
-28,97,-10,134,26,-358,-120,68
-28,93,-9,134,25,-358,-120,65
-29,90,-8,133,25,-356,-122,62
-30,88,-8,132,25,-354,-119,59
-30,87,-8,131,25,-353,-120,61
-29,85,-10,129,25,-353,-119,57
-28,83,-11,129,25,-353,-117,54
-27,81,-12,129,25,-353,-117,52
-27,79,-11,129,25,-353,-117,50
-28,76,-10,128,25,-353,-117,47
-29,74,-10,127,24,-353,-115,46
-28,73,-10,128,23,-353,-115,45
-29,72,-11,129,23,-353,-118,43
-30,70,-13,130,25,-353,-119,41
-31,68,-13,131,26,-353,-123,36
-32,66,-14,132,27,-353,-124,34
-33,64,-13,131,27,-353,-125,32
-33,62,-13,131,26,-353,-125,30
-32,61,-14,131,26,-353,-124,29
-32,60,-15,130,26,-353,-124,28
-33,58,-15,129,27,-353,-122,26
-35,58,-15,128,26,-353,-124,26
-36,57,-15,126,26,-353,-123,25
-37,57,-15,126,26,-353,-123,28
-36,57,-15,126,26,-353,-123,25
-36,57,-14,126,26,-353,-123,28
-36,57,-14,125,26,-353,-123,28
-36,57,-14,124,26,-353,-123,28
-36,57,-13,125,26,-353,-123,28
-36,57,-13,125,26,-353,-123,28
-36,57,-13,126,26,-353,-123,28
-36,57,-13,126,26,-353,-123,28
-36,57,-13,125,26,-353,-123,28
-37,59,-13,125,26,-353,-123,29
-38,60,-13,125,26,-353,-124,31
-38,61,-13,125,26,-354,-125,32
-39,61,-12,126,26,-354,-125,31
-39,61,-11,126,26,-353,-125,32
-39,63,-10,127,27,-353,-126,34
-39,65,-10,128,26,-353,-125,36
-38,67,-10,128,26,-355,-124,39
-37,68,-10,128,26,-357,-124,39
-36,68,-10,128,26,-358,-123,39
-36,70,-10,128,26,-358,-123,41
-35,73,-10,128,26,-358,-122,43
-34,75,-10,128,26,-357,-120,47
-32,76,-10,128,26,-357,-119,47
-30,77,-10,128,26,-356,-117,48
-29,78,-10,127,26,-357,-115,50
-28,80,-10,128,26,-357,-115,51
-28,82,-11,129,26,-358,-118,53
-28,84,-12,130,26,-358,-118,56
-28,86,-12,132,26,-358,-119,57
-27,89,-11,134,26,-358,-119,61
-27,91,-10,135,26,-358,-119,63
-28,93,-9,135,26,-358,-120,64
-28,95,-10,135,26,-358,-120,67
-27,98,-10,134,26,-358,-119,69
-26,100,-10,135,26,-358,-119,72
-25,101,-10,135,26,-358,-118,73
-25,102,-11,136,26,-358,-120,74
-24,103,-12,137,26,-358,-119,72
-24,104,-12,137,26,-358,-119,74
-24,106,-13,138,26,-358,-119,75
-25,108,-13,138,26,-358,-122,78
-25,108,-13,138,26,-358,-123,78
-25,108,-13,138,26,-358,-120,78
-25,108,-13,138,26,-358,-120,76
-25,108,-13,138,26,-358,-120,76
-25,108,-13,138,26,-358,-120,78
-25,108,-13,138,26,-358,-120,78
-25,108,-13,138,26,-358,-119,78
-24,107,-13,138,26,-358,-119,76
-23,105,-13,138,26,-358,-118,74
-24,103,-13,138,26,-358,-119,72
-25,102,-13,138,26,-357,-120,72
-27,101,-13,138,26,-357,-122,70
-27,101,-13,138,26,-356,-123,70
-26,100,-13,138,26,-357,-122,69
-25,98,-14,137,26,-358,-120,68
-25,97,-14,137,26,-358,-119,67
-24,97,-15,136,26,-357,-119,67
-24,97,-16,136,26,-355,-119,67
-25,97,-16,135,26,-355,-119,67
-25,95,-17,135,26,-356,-120,64
-26,92,-17,135,26,-358,-120,62
-26,90,-17,135,26,-358,-120,59
-26,90,-16,135,26,-358,-122,59
-26,90,-16,135,26,-358,-122,59
-27,90,-16,135,26,-358,-122,59
-26,90,-17,135,26,-358,-120,57
-25,91,-17,135,26,-358,-119,58
-23,92,-16,135,26,-358,-118,61
-22,92,-14,135,26,-358,-117,62
-22,93,-13,136,26,-358,-117,62
-22,93,-12,137,26,-358,-117,62
-23,94,-12,138,26,-358,-118,63
-24,95,-12,137,26,-358,-118,64
-25,97,-11,136,26,-358,-119,69
-25,99,-11,136,26,-358,-120,70
-25,101,-11,136,26,-358,-120,73
-23,102,-12,136,26,-357,-118,72
-22,104,-11,137,26,-358,-118,73
-23,105,-10,138,26,-359,-118,78
-25,107,-10,140,26,-360,-123,79
-26,109,-9,141,26,-361,-124,81
-25,111,-8,141,26,-360,-123,84
-24,113,-8,140,26,-359,-122,85
-22,114,-9,140,26,-358,-120,86
-23,115,-9,141,26,-358,-120,86
-23,114,-9,141,26,-359,-120,86
-23,114,-9,141,26,-361,-120,86
-22,115,-8,140,26,-361,-117,87
-20,117,-8,140,26,-361,-115,90
-20,119,-8,140,26,-362,-115,91
-20,119,-7,139,26,-362,-115,92
-20,120,-7,139,26,-361,-115,92
-21,121,-7,139,26,-359,-117,93
-21,120,-7,139,26,-358,-117,92
-20,120,-7,138,26,-358,-115,92
-18,120,-6,138,26,-359,-113,92
-17,122,-6,138,26,-360,-113,95
-18,122,-6,138,26,-359,-113,95
-18,121,-6,138,26,-358,-114,93
-19,118,-6,138,26,-357,-114,91
-19,117,-6,138,26,-357,-114,89
-18,116,-6,138,26,-358,-114,89
-18,117,-7,138,26,-358,-114,89
-18,117,-7,139,26,-358,-114,90
-18,117,-7,139,26,-358,-114,90
-19,117,-7,139,26,-358,-114,89
-19,117,-7,138,26,-358,-114,89
-19,117,-6,138,26,-357,-114,89
-19,117,-6,138,26,-357,-114,89
-19,117,-6,138,26,-355,-114,89
-19,117,-7,138,26,-355,-114,89
-19,117,-7,137,26,-355,-114,89
-19,117,-7,137,26,-355,-112,89
-19,117,-7,137,26,-354,-112,89
-19,118,-6,137,26,-353,-114,90
-20,119,-6,138,27,-353,-115,91
-20,119,-6,138,26,-353,-115,91
-21,120,-6,138,26,-354,-115,92
-21,120,-6,138,26,-353,-115,92
-21,121,-6,138,26,-353,-117,93
-22,122,-6,138,26,-353,-117,95
-23,124,-6,138,26,-354,-118,96
-23,125,-6,138,26,-354,-119,97
-24,126,-6,138,26,-353,-119,98
-23,126,-6,138,27,-353,-119,98
-23,125,-6,138,26,-353,-119,97
-23,125,-6,138,26,-355,-119,97
-23,125,-6,138,26,-357,-119,97
-23,126,-6,138,26,-358,-119,98
-23,126,-6,138,26,-357,-119,98
-23,125,-6,138,26,-355,-119,97
-23,124,-6,138,27,-353,-118,96
-23,124,-6,138,26,-353,-118,96
-23,124,-6,138,26,-355,-118,96
-22,123,-6,138,26,-357,-118,96
-22,122,-6,138,26,-356,-117,95
-21,121,-6,138,26,-355,-117,93
-21,121,-6,138,26,-355,-117,93
-21,121,-6,138,26,-356,-117,93
-21,121,-6,138,26,-356,-117,93
-21,121,-6,138,26,-356,-117,93
-21,121,-6,138,26,-355,-117,93
-21,121,-6,138,26,-356,-117,93
-21,121,-6,138,26,-357,-117,93
-21,121,-6,138,26,-357,-117,93
-21,121,-6,138,26,-357,-117,93
-21,121,-6,138,26,-357,-117,93
-21,121,-6,138,26,-358,-117,93
-21,121,-6,138,26,-358,-115,93
-21,121,-6,138,26,-358,-115,93
-21,121,-6,138,26,-358,-117,93
-22,122,-6,138,26,-358,-118,95
-22,124,-6,138,26,-358,-118,97
-22,126,-6,138,26,-358,-118,98
-20,127,-6,138,26,-358,-115,100
-19,128,-6,138,26,-358,-114,101
-19,128,-6,138,26,-358,-114,103
-20,129,-5,137,26,-358,-113,104
-21,130,-5,136,26,-358,-114,106
-20,132,-6,137,26,-358,-113,107
-18,134,-6,138,26,-358,-114,109
-18,136,-5,139,26,-358,-113,111
-19,137,-4,140,26,-358,-114,112
-19,138,-3,141,26,-358,-115,113
-18,140,-2,141,26,-358,-114,115
-17,142,-1,140,26,-357,-113,117
-17,144,-1,140,26,-357,-113,119
-17,145,-1,140,26,-358,-113,120
-17,145,-2,141,26,-359,-113,120
-17,146,-3,141,26,-360,-113,122
-15,148,-3,141,26,-359,-112,124
-14,151,-2,141,26,-358,-111,126
-14,153,-1,140,26,-357,-109,129
-13,154,0,141,26,-357,-109,130
-11,154,0,141,26,-358,-108,130
-11,154,-1,141,26,-358,-107,130
-10,155,-1,141,26,-358,-106,131
-8,155,0,140,26,-358,-104,134
-7,156,1,140,26,-358,-101,135
-6,157,1,140,26,-357,-100,135
-7,156,0,140,26,-357,-100,135
-7,156,1,139,26,-355,-101,135
-7,156,2,139,26,-355,-100,135
-7,156,3,140,26,-355,-100,135
-7,156,4,141,26,-355,-101,135
-8,156,3,141,26,-354,-102,134
-8,155,4,140,26,-353,-102,134
-8,156,4,140,27,-353,-102,137
-9,156,4,140,26,-353,-102,137
-10,155,4,140,26,-354,-103,136
-10,153,5,139,26,-353,-104,134
-10,151,5,139,26,-353,-103,131
-9,150,6,138,26,-354,-100,130
-9,150,6,138,26,-354,-100,131
-8,150,6,138,27,-353,-100,131
-9,150,6,137,27,-352,-100,131
-9,148,7,137,27,-350,-101,129
-10,145,7,137,27,-349,-101,126
-11,144,7,137,26,-349,-102,124
-11,143,7,137,27,-350,-102,124
-11,143,6,137,28,-350,-102,124
-10,142,6,136,30,-349,-101,123
-9,140,6,136,31,-348,-100,122
-9,139,5,136,31,-348,-100,119
-10,139,6,137,30,-348,-101,119
-12,140,5,136,30,-349,-103,120
-13,140,4,135,31,-348,-104,120
-12,140,4,134,32,-349,-103,120
-12,138,4,135,32,-349,-103,119
-12,137,4,137,32,-349,-103,118
-13,137,4,138,32,-349,-103,117
-13,136,3,138,32,-349,-106,117
-12,136,2,138,32,-349,-106,114
-12,137,1,138,32,-349,-106,114
-14,138,0,138,32,-349,-107,115
-16,139,0,137,32,-349,-109,117
-18,139,0,137,32,-349,-112,117
-19,137,0,137,32,-347,-113,115
-18,135,0,137,32,-345,-112,113
-17,134,0,137,32,-344,-111,112
-16,134,0,138,33,-343,-109,112
-17,134,0,137,34,-344,-111,112
-18,133,0,137,35,-344,-112,112
-19,132,-2,135,36,-344,-109,109
-19,130,-3,134,35,-344,-111,104
-20,128,-3,134,35,-344,-111,103
-20,126,-3,134,36,-344,-111,102
-21,125,-2,134,36,-344,-112,100
-21,122,-3,134,37,-345,-112,97
-21,121,-4,133,37,-344,-112,96
-21,120,-5,132,37,-343,-112,95
-21,119,-6,131,37,-341,-112,93
-22,117,-7,131,37,-339,-113,91
-22,115,-7,131,36,-339,-113,90
-22,113,-6,131,35,-339,-113,87
-22,111,-6,131,36,-339,-113,86
-23,109,-7,131,37,-339,-113,84
-24,106,-7,131,38,-339,-114,80
-25,104,-7,131,38,-339,-115,78
-26,102,-7,131,37,-339,-117,76
-27,101,-7,131,36,-339,-117,75
-27,101,-7,131,36,-339,-117,75
-26,100,-7,131,36,-337,-117,74
-25,98,-6,131,36,-336,-115,73
-25,96,-7,131,36,-334,-115,70
-27,95,-7,132,36,-334,-117,69
-28,94,-9,133,36,-334,-120,65
-29,95,-10,134,35,-334,-122,67
-29,95,-10,135,34,-334,-122,67
-28,94,-10,135,33,-334,-120,65
-28,93,-10,135,33,-334,-120,65
-28,93,-10,134,34,-334,-120,64
-28,93,-10,134,34,-334,-120,64
-28,94,-10,135,34,-334,-120,65
-29,95,-8,136,34,-334,-122,67
-29,95,-7,137,35,-334,-122,67
-29,94,-6,137,36,-334,-124,65
-29,94,-7,137,37,-334,-124,65
-29,94,-7,137,38,-335,-122,65
-29,94,-7,137,37,-334,-122,65
-29,94,-7,137,36,-334,-122,65
-29,94,-8,136,35,-334,-122,65
-29,94,-10,135,35,-335,-122,65
-29,94,-10,134,36,-336,-122,65
-28,94,-10,135,36,-336,-120,65
-28,94,-10,135,36,-336,-120,65
-29,94,-10,135,36,-335,-122,65
-29,95,-9,134,36,-334,-122,67
-29,95,-10,135,37,-334,-122,67
-28,95,-11,136,38,-334,-123,67
-27,95,-12,137,38,-335,-122,64
-27,96,-13,138,38,-336,-122,64
-28,97,-13,139,37,-336,-125,65
-29,99,-14,138,37,-336,-124,68
-28,101,-14,137,37,-335,-123,69
-27,101,-14,137,38,-334,-122,70
-27,101,-14,137,38,-334,-122,70
-27,101,-13,138,38,-334,-122,70
-27,101,-13,138,37,-335,-122,70
-26,103,-13,138,36,-334,-122,73
-25,106,-13,138,36,-334,-120,75
-25,108,-13,138,36,-334,-120,78
-25,108,-13,138,36,-334,-120,78
-25,108,-13,138,34,-334,-122,78
-23,108,-14,139,33,-334,-120,78
-22,109,-14,140,34,-334,-119,79
-21,111,-15,141,36,-334,-119,78
-22,113,-15,141,37,-334,-119,80
-23,114,-15,140,37,-334,-120,84
-22,115,-14,139,36,-334,-119,85
-20,116,-13,140,35,-334,-118,86
-19,117,-14,142,35,-334,-117,86
-18,117,-14,144,35,-334,-119,84
-18,117,-13,144,36,-334,-119,86
-18,117,-12,144,35,-334,-119,86
-18,117,-11,144,34,-334,-119,86
-19,116,-13,143,33,-334,-119,86
-20,116,-15,142,32,-334,-120,84
-20,116,-16,141,32,-334,-120,83
-20,116,-15,140,33,-334,-118,83
-20,116,-14,139,33,-334,-118,86
-20,116,-14,139,33,-334,-118,86
-21,115,-14,140,32,-334,-119,85
-21,113,-15,141,32,-334,-119,80
-21,112,-16,141,32,-334,-120,79
-21,111,-16,141,32,-334,-120,78
-21,110,-15,140,32,-334,-118,76
-21,108,-14,140,32,-334,-118,78
-22,106,-14,139,32,-334,-119,75
-23,104,-13,138,32,-334,-118,73
-23,103,-13,138,32,-334,-118,73
-22,102,-13,138,32,-334,-117,72
-21,101,-14,137,32,-336,-115,70
-20,100,-14,137,32,-337,-114,69
-20,99,-14,137,32,-339,-114,68
-21,98,-14,138,32,-339,-118,68
-23,98,-14,139,32,-339,-120,67
-25,97,-14,140,32,-339,-122,67
-24,95,-14,139,32,-339,-122,64
-23,93,-14,139,32,-339,-120,63
-22,93,-13,138,32,-339,-117,62
-22,93,-13,138,32,-339,-117,63
-22,96,-13,138,32,-339,-117,65
-21,98,-14,138,32,-339,-115,68
-20,100,-13,138,32,-339,-115,69
-21,101,-12,139,32,-339,-118,70
-22,102,-11,140,32,-339,-119,72
-22,103,-10,140,32,-339,-119,73
-21,104,-10,140,32,-339,-119,74
-21,106,-10,141,32,-339,-118,75
-21,110,-9,142,32,-340,-118,83
-20,114,-8,143,32,-341,-118,86
-18,117,-7,144,32,-340,-117,90
-17,120,-7,144,32,-339,-114,92
-16,123,-6,144,32,-340,-113,95
-15,125,-6,145,32,-342,-113,97
-15,128,-6,145,32,-344,-113,101
-15,130,-6,144,32,-344,-113,102
-14,133,-6,144,32,-344,-112,106
-14,136,-6,144,32,-344,-112,108
-14,139,-6,145,32,-344,-112,112
-14,142,-6,144,32,-344,-112,115
-13,144,-6,144,32,-343,-112,117
-12,146,-6,144,32,-344,-111,119
-12,148,-5,145,32,-345,-111,120
-13,150,-5,146,32,-347,-113,123
-14,151,-4,146,32,-349,-114,124
-14,152,-5,146,32,-349,-115,125
-14,153,-5,145,32,-349,-113,126
-13,154,-6,145,32,-349,-112,126
-11,154,-6,145,32,-349,-112,128
-10,154,-6,144,32,-349,-109,128
-11,154,-5,144,32,-348,-109,128
-11,155,-3,143,32,-349,-111,130
-11,154,-2,142,32,-350,-107,130
-10,153,-1,142,31,-352,-107,129
-10,151,-1,142,32,-354,-106,126
-9,150,-3,141,33,-354,-104,125
-8,150,-3,141,35,-354,-104,125
-9,150,-3,141,35,-354,-104,125
-9,150,-1,142,35,-353,-104,125
-9,150,0,144,34,-353,-104,125
-9,150,0,144,33,-354,-107,125
-8,150,1,145,33,-355,-106,129
-7,151,0,144,34,-356,-106,129
-6,151,0,144,35,-355,-104,128
-6,153,0,145,36,-354,-104,129
-6,155,0,144,37,-354,-104,131
-7,156,1,143,36,-353,-103,135
-7,157,3,141,35,-354,-103,135
-7,157,3,141,35,-354,-101,135
-7,156,3,141,34,-354,-103,135
-7,156,2,142,34,-354,-103,135
-7,157,2,143,35,-354,-103,135
-7,157,2,142,35,-354,-103,136
-8,158,2,142,36,-354,-104,136
-8,159,2,142,36,-354,-104,137
-8,160,2,142,36,-354,-104,139
-8,161,3,142,36,-354,-104,139
-9,160,3,141,36,-354,-102,139
-10,158,3,140,36,-353,-103,136
-11,156,3,140,37,-353,-104,135
-12,155,3,140,36,-352,-106,134
-12,155,3,141,36,-351,-106,134
-12,155,4,141,36,-350,-106,134
-13,155,3,140,36,-349,-107,134
-14,153,3,140,36,-349,-108,131
-15,151,1,138,36,-349,-109,130
-16,149,0,137,36,-349,-111,128
-17,147,0,137,36,-349,-111,125
-17,145,0,137,36,-349,-111,124
-17,145,0,138,36,-349,-111,124
-18,145,0,138,36,-349,-111,123
-18,143,0,137,36,-349,-112,122
-19,141,1,136,36,-349,-109,119
-19,139,2,135,36,-349,-111,117
-19,138,2,135,36,-349,-111,115
-19,138,2,135,37,-349,-111,117
-19,139,2,135,37,-349,-111,117
-19,139,3,134,37,-349,-111,119
-19,139,3,134,36,-349,-111,119
-19,138,3,134,36,-349,-111,119
-19,138,3,134,37,-349,-111,119
-19,138,3,134,38,-349,-111,119
-19,138,3,134,39,-349,-111,119
-19,138,3,134,40,-349,-111,119
-19,138,3,134,40,-349,-111,119
-19,139,3,134,40,-349,-111,119
-19,138,3,133,40,-349,-108,119
-19,138,4,133,40,-349,-108,119
-19,138,5,133,41,-349,-108,119
-19,139,5,134,42,-349,-108,119
-19,139,5,135,42,-349,-111,119
-20,139,5,134,42,-349,-108,119
-21,138,5,133,41,-349,-109,118
-21,135,4,133,41,-349,-111,115
-22,133,3,133,41,-349,-111,113
-22,132,3,134,41,-349,-113,112
-21,132,3,134,42,-349,-112,112
-21,132,3,134,43,-349,-112,112
-20,131,3,134,43,-349,-111,112
-19,129,3,134,43,-349,-111,109
-19,126,3,134,43,-349,-109,106
-20,123,3,134,43,-349,-108,103
-22,121,3,134,44,-349,-113,101
-24,119,2,135,45,-350,-114,96
-25,118,0,136,46,-350,-115,95
-24,116,-1,136,46,-350,-117,93
-22,113,-2,136,47,-348,-114,91
-21,111,-2,135,46,-346,-111,86
-22,109,-2,135,46,-344,-112,84
-24,108,-3,137,46,-344,-117,83
-25,108,-3,137,47,-345,-118,83
-25,108,-4,138,47,-345,-118,83
-24,107,-5,138,47,-345,-117,81
-23,105,-6,138,46,-344,-118,76
-22,104,-7,138,45,-344,-118,75
-22,103,-8,138,45,-344,-117,75
-22,103,-9,138,45,-344,-117,75
-23,104,-10,138,46,-344,-118,75
-24,105,-12,139,47,-345,-119,74
-24,107,-13,138,47,-345,-119,76
-24,108,-13,138,46,-344,-122,78
-22,110,-14,139,46,-344,-119,79
-21,110,-15,140,46,-344,-118,78
-20,110,-16,142,47,-345,-120,78
-20,110,-16,142,46,-344,-120,76
-21,110,-17,142,46,-344,-120,76
-20,110,-16,142,46,-344,-120,76
-20,110,-16,142,46,-345,-120,78
-21,110,-16,142,46,-344,-120,76
-22,110,-16,142,46,-344,-122,76
-24,109,-16,142,46,-344,-124,75
-25,108,-17,143,46,-345,-125,74
-24,107,-18,143,46,-346,-124,74
-23,105,-20,143,46,-346,-123,69
-22,103,-21,143,46,-346,-125,68
-23,101,-22,143,46,-345,-125,65
-24,99,-22,142,46,-344,-124,63
-25,97,-22,141,46,-344,-124,62
-24,96,-21,140,46,-344,-124,59
-24,93,-21,140,47,-346,-124,57
-25,90,-21,141,46,-348,-124,53
-25,85,-21,140,46,-349,-124,50
-25,81,-21,138,46,-350,-123,45
-25,78,-22,136,46,-350,-122,41
-26,75,-23,135,47,-350,-123,39
-28,73,-24,135,46,-349,-124,36
-30,70,-24,135,45,-349,-126,34
-32,67,-24,136,43,-349,-129,30
-32,64,-23,135,43,-349,-129,26
-33,61,-23,135,43,-349,-129,24
-33,58,-24,135,43,-350,-129,21
-34,56,-24,135,43,-350,-130,19
-35,55,-24,135,43,-349,-131,18
-35,54,-24,136,43,-348,-131,17
-35,54,-24,135,43,-347,-131,17
-35,54,-22,134,42,-348,-129,17
-35,54,-21,133,41,-349,-129,20
-35,56,-20,132,41,-349,-126,21
-35,58,-20,131,42,-348,-126,24
-34,60,-21,131,42,-348,-125,25
-34,63,-21,132,42,-348,-128,29
-35,65,-19,133,41,-348,-129,31
-36,69,-17,133,42,-348,-128,37
-36,73,-14,132,42,-346,-128,41
-34,76,-14,131,42,-346,-126,45
-33,80,-13,131,42,-347,-125,48
-32,83,-12,132,42,-349,-124,54
-32,87,-10,133,42,-350,-124,58
-32,91,-7,132,41,-348,-123,64
-32,94,-6,131,40,-346,-123,68
-32,97,-6,131,40,-346,-122,72
-31,101,-6,132,40,-347,-120,75
-29,103,-4,133,41,-348,-119,78
-29,105,-2,133,42,-349,-119,83
-29,107,0,132,42,-348,-118,84
-30,109,1,132,42,-348,-118,86
-29,111,2,133,42,-347,-117,91
-27,112,3,134,42,-347,-118,92
-25,113,4,133,42,-346,-113,92
-24,114,5,132,42,-345,-112,93
-23,115,6,130,42,-344,-108,97
-23,115,7,130,41,-344,-108,97
-23,114,6,130,40,-344,-108,97
-22,113,6,130,40,-344,-108,96
-21,112,6,130,40,-344,-107,95
-20,111,7,129,41,-344,-106,93
-21,110,9,128,42,-345,-103,92
-21,108,9,127,42,-345,-104,91
-22,106,10,126,42,-344,-104,91
-22,104,10,127,42,-343,-106,89
-22,102,9,127,42,-341,-104,84
-22,100,8,126,42,-339,-104,83
-23,98,7,124,42,-339,-106,80
-23,95,6,124,42,-339,-106,78
-24,93,6,123,42,-340,-107,74
-25,91,6,123,42,-340,-106,73
-26,90,5,122,42,-338,-107,73
-26,90,4,121,43,-336,-107,72
-26,89,1,121,44,-335,-106,68
-25,87,0,122,46,-334,-107,67
-24,86,0,124,47,-335,-106,65
-25,87,0,124,48,-335,-107,67
-26,89,0,124,47,-335,-108,68
-27,90,-1,123,47,-335,-109,70
-26,91,-3,122,47,-335,-108,68
-26,90,-6,123,47,-335,-111,64
-26,90,-7,124,47,-335,-111,64
-26,90,-7,124,47,-334,-111,64
-27,90,-7,124,47,-333,-112,64
-26,90,-8,125,47,-334,-113,64
-25,91,-9,127,47,-335,-113,65
-24,93,-10,128,47,-335,-112,65
-23,94,-10,128,47,-335,-113,65
-22,94,-10,128,47,-335,-109,65
-22,93,-10,127,47,-335,-109,65
-23,93,-10,128,47,-335,-109,65
-24,95,-11,129,47,-335,-114,67
-25,97,-12,130,47,-335,-114,69
-24,97,-13,131,47,-335,-117,67
-24,96,-14,132,47,-335,-117,65
-24,93,-14,131,47,-336,-117,63
-25,91,-13,131,47,-335,-117,59
-26,90,-13,132,47,-333,-118,59
-27,90,-12,132,47,-332,-119,62
-27,90,-12,133,47,-330,-119,62
-26,90,-12,132,48,-330,-119,62
-26,90,-13,132,49,-330,-118,59
-26,90,-13,132,50,-330,-118,59
-26,90,-13,132,49,-330,-119,62
-27,90,-12,133,48,-331,-119,62
-26,90,-11,133,47,-332,-119,62
-26,90,-11,134,47,-332,-118,62
-26,90,-10,135,47,-332,-118,62
-27,90,-11,136,47,-331,-122,62
-28,91,-11,136,48,-331,-123,63
-28,93,-11,136,49,-332,-123,64
-27,96,-11,135,50,-333,-119,68
-26,98,-10,136,49,-334,-119,69
-26,100,-10,137,48,-335,-122,72
-26,101,-10,139,47,-335,-122,73
-26,103,-10,140,47,-334,-124,73
-26,106,-10,139,47,-333,-120,75
-25,110,-10,139,47,-333,-119,81
-23,112,-9,139,47,-335,-118,85
-21,115,-9,141,48,-335,-119,87
-20,118,-9,142,49,-335,-118,90
-20,121,-10,142,49,-335,-118,91
-19,126,-10,141,49,-335,-117,96
-19,130,-9,141,47,-335,-117,102
-18,134,-8,143,47,-334,-117,107
-18,138,-7,143,47,-335,-115,111
-16,140,-7,144,49,-336,-114,113
-14,143,-8,144,49,-338,-115,115
-14,146,-8,145,48,-340,-114,119
-14,148,-8,147,47,-340,-114,119
-13,151,-8,148,47,-340,-114,122
-12,154,-9,148,47,-340,-115,124
-11,154,-9,149,47,-340,-115,125
-11,154,-9,148,47,-340,-114,125
-11,154,-9,148,47,-339,-114,125
-11,154,-9,148,47,-340,-114,124
-11,154,-9,148,47,-341,-114,124
-11,154,-9,148,47,-343,-114,125
-11,154,-9,148,46,-344,-114,125
-11,154,-10,148,46,-345,-114,124
-12,152,-10,147,46,-345,-115,123
-13,150,-11,146,47,-345,-113,120
-13,148,-11,146,47,-345,-114,118
-14,145,-12,146,47,-345,-114,115
-14,142,-14,146,46,-344,-117,109
-13,138,-15,148,46,-344,-117,106
-14,135,-17,148,47,-346,-117,102
-14,132,-18,147,48,-348,-117,97
-15,129,-20,146,48,-350,-118,93
-16,125,-20,145,49,-350,-119,90
-18,122,-20,145,49,-350,-120,86
-19,118,-20,146,49,-350,-122,83
-21,114,-19,146,50,-350,-123,79
-21,111,-19,145,49,-350,-124,75
-22,109,-19,143,48,-350,-122,74
-23,108,-19,142,48,-350,-123,74
-23,105,-19,140,48,-350,-123,72
-23,101,-19,139,47,-349,-120,68
-24,99,-19,139,46,-350,-120,65
-25,97,-19,140,46,-351,-122,64
-26,96,-19,140,46,-353,-123,63
-28,95,-19,140,47,-354,-128,62
-28,93,-19,139,48,-355,-125,59
-27,92,-19,137,47,-355,-124,58
-27,91,-18,136,46,-354,-122,58
-27,92,-17,135,46,-354,-122,61
-28,93,-17,135,46,-354,-123,62
-27,92,-17,135,46,-354,-122,61
-27,91,-16,136,46,-354,-122,61
-27,92,-13,136,46,-354,-122,61
-28,93,-11,136,46,-354,-123,64
-28,94,-9,135,46,-356,-120,65
-29,95,-9,134,46,-357,-122,67
-29,95,-10,134,46,-359,-122,67
-30,96,-10,134,46,-360,-122,67
-30,97,-10,135,46,-359,-123,69
-30,99,-8,136,46,-359,-123,70
-28,101,-8,136,46,-359,-120,73
-28,103,-9,136,46,-359,-120,74
-28,104,-10,135,46,-360,-120,76
-29,105,-9,135,46,-359,-122,76
-29,105,-7,136,46,-358,-122,78
-28,106,-5,136,46,-356,-120,81
-27,108,-4,136,46,-354,-119,83
-26,111,-3,135,46,-353,-119,85
-27,112,-3,134,46,-354,-117,86
-27,113,-3,134,46,-356,-118,87
-27,114,-3,134,46,-358,-118,89
-27,116,-4,135,46,-357,-120,90
-27,118,-4,136,46,-356,-120,92
-26,119,-4,135,46,-354,-119,93
-25,119,-3,134,46,-354,-115,93
-25,119,-3,134,46,-354,-115,93
-25,119,-3,134,46,-354,-115,93
-25,119,-3,134,46,-354,-115,93
-25,119,-3,134,46,-354,-115,93
-23,119,-3,134,46,-354,-114,95
-22,120,-3,134,46,-354,-113,95
-22,121,-4,133,45,-353,-112,96
-23,120,-4,133,44,-352,-113,95
-24,119,-4,133,45,-353,-114,93
-25,118,-3,134,46,-354,-115,92
-24,116,-3,134,46,-354,-114,91
-23,114,-3,134,46,-354,-114,89
-23,112,-3,134,46,-354,-113,87
-24,110,-3,134,46,-354,-114,85
-25,108,-3,134,46,-354,-115,83
-25,105,-2,134,46,-354,-115,80
-25,102,-3,134,46,-354,-115,76
-25,98,-4,133,46,-354,-115,73
-26,96,-5,132,46,-354,-115,70
-27,94,-6,131,46,-354,-117,68
-27,92,-7,131,46,-354,-117,65
-26,89,-7,131,46,-354,-117,63
-26,86,-6,131,46,-354,-115,61
-26,84,-7,131,47,-354,-115,58
-26,80,-7,131,48,-354,-115,54
-27,78,-6,131,49,-354,-117,52
-28,74,-5,130,48,-354,-117,48
-29,72,-5,130,49,-354,-118,46
-31,71,-6,130,50,-354,-118,45
-32,71,-7,129,51,-354,-122,45
-33,71,-8,128,51,-355,-119,45
-33,69,-7,128,50,-354,-120,43
-34,68,-6,128,50,-354,-122,41
-36,66,-6,129,49,-354,-123,40
-36,67,-8,128,50,-354,-123,40
-36,68,-9,126,50,-354,-123,41
-37,68,-9,126,50,-354,-124,41
-37,68,-8,127,49,-354,-124,41
-37,69,-6,130,50,-354,-124,42
-37,72,-6,130,50,-354,-124,46
-37,75,-6,129,51,-354,-124,48
-36,78,-7,127,51,-354,-124,51
-36,80,-7,126,51,-355,-123,53
-34,82,-6,127,51,-355,-122,56
-33,85,-5,128,51,-354,-120,58
-32,87,-3,128,51,-354,-119,63
-31,90,-3,128,51,-354,-119,67
-32,93,-3,129,51,-356,-119,69
-32,97,-4,131,51,-358,-122,72
-31,101,-4,133,50,-360,-120,75
-29,104,-4,134,50,-359,-119,79
-28,107,-3,134,51,-358,-119,81
-27,110,-3,134,51,-357,-118,85
-26,114,-3,134,51,-358,-117,89
-26,117,-2,135,50,-359,-117,95
-25,120,0,137,50,-360,-118,97
-24,123,0,137,50,-360,-117,101
-22,127,0,138,50,-359,-115,104
-21,131,0,137,50,-359,-114,108
-20,135,0,137,50,-359,-113,113
-18,138,0,137,50,-359,-112,115
-18,139,0,138,50,-360,-111,117
-16,140,-2,140,50,-360,-112,115
-16,141,-3,141,50,-359,-112,117
-15,142,-3,141,51,-358,-112,118
-15,144,-3,141,51,-357,-111,120
-14,147,-3,141,51,-358,-111,123
-13,148,-3,141,50,-359,-109,123
-13,148,-3,141,51,-358,-109,124
-13,148,-2,141,51,-357,-109,123
-13,148,-2,141,52,-355,-109,123
-13,148,-3,141,53,-354,-109,123
-13,146,-5,141,52,-355,-108,122
-13,144,-7,141,51,-355,-111,117
-14,142,-9,141,51,-355,-112,114
-14,140,-10,142,51,-354,-112,109
-14,137,-10,142,51,-354,-113,107
-15,134,-10,140,51,-354,-113,104
-17,130,-12,139,51,-355,-114,101
-18,126,-13,138,52,-355,-113,96
-20,122,-14,137,53,-355,-115,92
-21,117,-14,137,52,-355,-117,87
-22,113,-15,137,51,-355,-117,83
-23,109,-15,136,51,-354,-118,79
-25,104,-16,135,51,-354,-119,74
-26,100,-18,134,51,-354,-122,67
-28,95,-19,133,51,-354,-123,62
-30,90,-20,132,51,-354,-123,57
-32,86,-21,131,51,-354,-124,52
-33,83,-20,132,51,-355,-125,48
-35,79,-20,132,51,-355,-129,45
-37,73,-20,132,51,-354,-129,39
-39,67,-21,131,51,-354,-130,32
-40,62,-23,129,51,-354,-131,28
-41,58,-24,129,51,-356,-133,21
-42,55,-25,129,51,-358,-134,18
-43,52,-24,128,50,-359,-135,14
-44,49,-23,128,50,-360,-136,14
-45,46,-21,126,50,-360,-134,10
-45,43,-21,125,50,-359,-134,8
-44,40,-21,124,50,-359,-133,6
-44,38,-22,123,50,-360,-130,3
-45,36,-23,123,51,-359,-131,1
-46,35,-22,123,51,-359,-133,0
-46,35,-21,124,50,-359,-135,0
-46,35,-21,125,50,-361,-135,0
-46,34,-20,125,50,-363,-135,-1
-45,33,-20,124,51,-365,-131,1
-44,34,-18,122,52,-365,-130,2
-43,36,-17,122,53,-363,-129,3
-43,38,-17,121,52,-363,-126,6
-43,39,-17,121,51,-363,-126,7
-43,40,-18,121,50,-364,-128,8
-43,42,-17,122,50,-365,-130,9
-42,45,-16,122,50,-365,-129,13
-41,48,-15,123,50,-364,-128,18
-40,51,-14,125,50,-364,-126,21
-40,54,-14,125,50,-364,-126,24
-40,57,-14,124,50,-364,-126,28
-39,60,-14,124,50,-364,-126,30
-38,64,-13,125,51,-364,-125,35
-38,68,-11,127,52,-365,-124,39
-37,72,-10,128,52,-365,-124,42
-36,74,-10,128,52,-365,-123,46
-35,77,-9,128,51,-365,-122,48
-33,79,-9,129,50,-364,-123,51
-32,83,-9,129,50,-364,-122,57
-31,86,-9,128,50,-364,-118,58
-32,89,-10,128,50,-365,-119,61
-32,91,-9,128,51,-366,-119,62
-32,93,-7,130,52,-367,-122,67
-31,95,-7,131,52,-366,-122,69
-31,97,-6,131,51,-365,-120,72
-31,99,-6,131,51,-364,-120,73
-31,99,-7,131,52,-364,-122,73
-31,99,-7,131,53,-365,-122,73
-31,99,-7,131,54,-365,-122,73
-31,99,-7,131,54,-365,-122,73
-31,99,-7,131,54,-365,-122,73
-31,99,-7,131,54,-365,-122,73
-31,99,-7,131,56,-365,-122,73
-30,98,-7,131,56,-365,-120,72
-29,96,-6,131,55,-365,-119,70
-28,94,-6,131,53,-365,-118,69
-29,92,-7,131,52,-365,-119,67
-30,90,-7,130,52,-365,-120,64
-32,87,-8,130,53,-365,-122,62
-33,85,-8,129,54,-365,-123,59
-33,83,-8,130,54,-365,-123,56
-34,79,-8,130,54,-365,-124,53
-34,76,-9,129,53,-365,-123,47
-33,73,-10,128,53,-365,-120,45
-33,72,-10,127,54,-365,-120,42
-34,70,-10,128,55,-365,-123,41
-35,68,-11,129,56,-365,-124,40
-36,67,-11,129,55,-365,-125,37
-35,65,-12,128,54,-365,-124,36
-35,64,-13,126,51,-365,-122,35
-35,63,-13,124,50,-364,-122,34
-37,62,-14,124,52,-365,-124,32
-39,61,-14,125,54,-365,-125,32
-39,61,-14,126,55,-365,-125,32
-38,62,-15,126,54,-365,-125,30
-37,62,-15,127,54,-365,-126,30
-37,62,-16,127,54,-365,-126,30
-37,62,-17,128,55,-365,-126,30
-37,63,-17,128,55,-365,-126,31
-37,64,-17,129,55,-365,-126,32
-36,66,-16,129,55,-365,-125,35
-35,69,-16,129,55,-365,-124,37
-33,72,-16,129,55,-365,-123,40
-31,75,-15,129,55,-365,-120,43
-29,79,-14,130,55,-365,-119,47
-29,82,-14,131,55,-365,-120,51
-29,85,-13,131,54,-365,-120,53
-29,87,-13,131,53,-365,-120,57
-28,91,-12,132,54,-365,-120,63
-28,95,-11,133,55,-365,-120,67
-27,99,-10,135,55,-365,-119,70
-25,102,-9,135,55,-365,-118,74
-23,105,-10,134,55,-365,-115,78
-22,109,-10,134,55,-365,-114,81
-22,113,-10,134,55,-365,-114,85
-22,116,-8,136,55,-365,-115,89
-22,120,-7,137,55,-365,-114,92
-21,123,-6,138,55,-365,-117,96
-19,126,-6,138,55,-365,-114,98
-19,127,-6,138,55,-365,-114,100
-18,129,-4,138,55,-365,-113,103
-16,130,-2,139,55,-365,-109,106
-15,133,-1,139,55,-365,-108,109
-14,137,0,139,55,-365,-108,115
-15,140,0,138,55,-365,-108,118
-15,141,0,137,55,-365,-108,119
-14,142,0,137,56,-365,-107,120
-12,142,0,137,55,-365,-106,120
-11,143,0,137,53,-365,-104,120
-10,143,0,137,52,-365,-103,122
-10,145,0,138,52,-365,-103,124
-10,148,0,139,53,-365,-103,126
-9,150,1,139,55,-365,-102,128
-9,150,2,137,56,-365,-102,129
-9,150,4,136,55,-365,-100,131
-9,150,5,136,55,-365,-100,131
-9,150,7,137,55,-365,-100,131
-9,150,7,137,55,-364,-100,131
-10,149,7,138,56,-362,-101,130
-11,147,7,137,55,-361,-102,128
-11,144,5,136,55,-361,-102,125
-11,143,4,134,55,-361,-102,124
-10,143,3,134,55,-361,-102,123
-11,143,4,134,55,-361,-102,124
-11,144,4,135,55,-360,-102,124
-11,144,4,135,55,-360,-102,124
-10,142,3,134,55,-359,-101,123
-9,140,3,134,55,-360,-100,120
-10,138,3,133,55,-360,-98,119
-11,137,3,134,55,-360,-102,118
-13,137,2,135,55,-360,-103,118
-13,137,1,137,55,-359,-104,114
-12,135,0,137,56,-358,-106,113
-10,134,0,138,56,-357,-103,112
-10,132,0,137,56,-357,-103,111
-11,131,0,137,56,-357,-104,109
-13,130,0,137,56,-357,-107,108
-14,130,0,137,56,-357,-108,108
-15,130,0,137,56,-357,-108,108
-15,130,0,138,57,-356,-108,108
-15,130,0,138,57,-355,-108,108
-14,130,-3,139,57,-355,-111,104
-14,130,-5,139,57,-355,-111,104
-14,130,-6,138,57,-355,-109,103
-15,130,-7,138,59,-355,-111,102
-16,129,-6,138,59,-355,-112,102
-18,128,-6,138,58,-355,-113,101
-18,128,-6,138,58,-355,-113,101
-16,129,-6,137,59,-355,-112,104
-15,130,-6,138,60,-355,-111,103
-14,130,-7,139,60,-355,-109,103
-15,130,-9,140,60,-355,-113,102
-15,130,-8,140,59,-355,-111,103
-14,132,-7,139,58,-355,-109,104
-13,134,-7,138,57,-355,-108,107
-13,137,-7,139,57,-356,-108,109
-14,138,-8,140,59,-355,-109,112
-14,140,-8,140,61,-354,-113,113
-14,141,-8,140,61,-352,-109,114
-12,142,-7,139,61,-352,-108,115
-11,144,-7,139,61,-352,-107,117
-10,145,-6,140,61,-352,-106,119
-9,148,-4,140,61,-351,-106,124
-9,149,-3,141,60,-350,-104,125
-9,151,-3,140,58,-350,-104,126
-8,152,-3,140,58,-350,-104,128
-8,154,-4,140,59,-350,-103,130
-7,156,-3,141,60,-350,-103,133
-5,158,-2,141,59,-350,-101,134
-4,158,-2,141,58,-350,-100,134
-3,158,-3,141,56,-350,-98,134
-2,159,-3,141,56,-350,-98,135
-2,161,-2,142,56,-350,-98,137
-3,163,-2,142,56,-349,-98,140
-2,165,-1,142,57,-348,-98,141
-1,164,-1,142,57,-348,-97,140
0,162,-1,143,56,-348,-96,137
0,160,-1,144,56,-347,-98,136
0,161,-2,147,56,-347,-102,137
-1,163,-2,148,56,-346,-102,140
-2,165,-2,148,56,-346,-103,141
-1,164,-2,148,56,-346,-102,140
-1,162,-2,148,56,-345,-102,137
-1,159,-2,148,57,-345,-102,135
-2,159,-2,148,57,-345,-103,135
-3,159,-2,148,56,-345,-103,135
-3,159,-2,148,56,-345,-104,135
-3,158,-3,148,56,-345,-104,134
-4,158,-3,147,57,-345,-106,131
-5,158,-3,147,58,-346,-107,131
-6,157,-3,147,58,-346,-107,133
-6,156,-3,147,58,-345,-107,129
-5,153,-5,147,57,-344,-106,126
-6,151,-8,148,57,-343,-107,122
-7,150,-10,148,56,-344,-111,120
-8,150,-10,148,57,-343,-112,120
-9,150,-8,148,57,-342,-111,120
-10,149,-7,147,57,-340,-111,122
-11,147,-7,146,57,-339,-112,120
-12,145,-9,146,57,-340,-113,115
-13,142,-11,145,57,-342,-113,113
-13,140,-11,144,57,-342,-113,111
-13,138,-10,143,57,-342,-111,108
-14,135,-10,143,57,-341,-112,106
-15,131,-11,144,57,-340,-115,101
-17,128,-13,144,57,-340,-118,97
-19,124,-15,143,57,-340,-119,91
-19,120,-17,142,57,-340,-119,87
-20,116,-17,142,57,-340,-120,84
-20,112,-16,142,57,-340,-120,79
-21,108,-15,141,57,-340,-119,75
-22,103,-15,138,57,-340,-120,73
-24,97,-15,136,57,-340,-119,67
-25,91,-16,135,57,-340,-120,61
-26,86,-17,135,57,-340,-120,52
-28,82,-18,134,57,-340,-122,48
-28,78,-19,133,57,-340,-123,43
-29,72,-20,132,57,-340,-122,39
-31,67,-21,131,57,-340,-123,34
-33,62,-20,132,57,-340,-124,28
-35,58,-20,132,57,-340,-129,24
-36,54,-20,132,57,-340,-128,19
-36,50,-21,131,57,-340,-128,15
-36,45,-21,131,57,-341,-128,10
-37,42,-21,130,56,-341,-128,7
-38,40,-21,131,55,-342,-129,4
-39,39,-21,130,55,-343,-130,3
-40,37,-23,130,55,-344,-131,2
-40,35,-24,129,56,-345,-131,-2
-40,33,-24,128,55,-345,-131,-3
-39,32,-23,127,55,-344,-130,-2
-39,33,-21,127,55,-343,-128,-1
-40,35,-19,127,55,-343,-129,2
-42,36,-18,126,55,-345,-130,4
-42,38,-19,126,54,-345,-130,6
-41,38,-20,126,52,-345,-129,3
-39,39,-21,125,52,-345,-128,3
-39,40,-19,126,53,-345,-128,8
-39,45,-18,127,55,-345,-128,13
-39,50,-17,128,55,-345,-128,18
-39,54,-17,128,54,-345,-128,23
-38,58,-17,128,52,-345,-126,26
-37,61,-17,128,51,-345,-126,29
-36,64,-16,129,51,-345,-125,32
-35,68,-14,130,52,-345,-126,37
-34,75,-13,131,52,-345,-126,43
-33,82,-13,131,51,-345,-125,51
-32,87,-13,131,52,-345,-124,56
-31,92,-12,132,52,-345,-123,63
-29,96,-11,133,51,-345,-122,67
-28,101,-10,134,51,-345,-122,73
-28,106,-10,135,51,-345,-120,78
-26,111,-9,135,52,-345,-119,84
-24,116,-9,135,53,-345,-117,87
-21,119,-8,136,54,-345,-114,92
-20,123,-7,137,53,-345,-113,95
-19,126,-7,137,52,-345,-114,98
-18,129,-6,138,51,-345,-114,102
-18,133,-6,138,51,-345,-113,106
-17,136,-6,138,51,-345,-112,108
-16,139,-6,138,51,-345,-112,112
-15,141,-6,137,52,-345,-111,114
-14,143,-6,138,53,-345,-111,117
-14,145,-5,139,54,-345,-111,120
-14,147,-3,140,53,-345,-111,123
-14,147,-3,141,52,-345,-111,123
-14,147,-2,141,51,-344,-109,123
-13,147,-2,141,52,-343,-109,123
-13,148,-2,141,53,-342,-109,124
-14,147,-2,141,54,-341,-111,123
-15,145,-3,141,55,-340,-112,120
-16,142,-3,140,54,-340,-112,118
-15,141,-5,139,53,-340,-111,117
-14,139,-6,138,52,-340,-111,112
-14,137,-6,138,52,-340,-109,111
-15,134,-6,138,52,-340,-111,107
-17,131,-6,138,52,-340,-112,103
-17,127,-7,137,52,-340,-111,100
-17,122,-9,136,52,-340,-111,95
-18,118,-10,135,52,-340,-111,90
-18,113,-10,134,52,-340,-111,86
-20,109,-10,133,52,-340,-112,81
-21,104,-10,130,52,-340,-111,76
-22,99,-10,128,52,-340,-109,72
-23,94,-10,127,52,-340,-111,65
-24,89,-10,128,52,-340,-112,61
-25,86,-11,127,52,-340,-112,57
-26,82,-13,126,52,-340,-113,53
-26,77,-14,125,52,-340,-113,48
-28,73,-14,124,52,-340,-114,43
-29,69,-14,124,53,-340,-117,40
-31,65,-14,124,54,-340,-118,36
-32,63,-14,125,54,-340,-119,34
-34,60,-13,125,54,-340,-120,31
-36,58,-14,124,54,-340,-122,29
-36,57,-15,123,53,-340,-123,28
-36,57,-16,122,52,-339,-123,28
-36,56,-17,121,52,-338,-120,24
-37,55,-18,121,52,-339,-120,23
-38,54,-17,121,53,-340,-123,23
-39,55,-16,122,54,-340,-125,25
-38,57,-15,123,55,-340,-124,28
-37,59,-14,124,56,-340,-124,29
-37,60,-13,125,57,-340,-124,30
-38,61,-14,125,57,-341,-125,31
-39,64,-14,124,57,-340,-125,35
-38,67,-14,124,57,-340,-125,39
-37,72,-14,124,57,-340,-124,42
-36,75,-13,125,57,-342,-124,46
-35,79,-11,127,57,-344,-122,50
-33,83,-10,128,56,-345,-120,54
-32,87,-10,128,56,-346,-122,58
-31,92,-10,128,56,-345,-119,63
-30,95,-10,127,56,-345,-118,67
-30,98,-10,128,56,-345,-117,70
-28,102,-9,129,56,-345,-118,74
-27,105,-8,131,56,-345,-118,80
-27,108,-8,133,56,-346,-117,80
-26,111,-8,133,56,-347,-119,83
-26,113,-8,133,56,-347,-119,85
-25,115,-9,133,56,-347,-118,87
-25,117,-9,133,56,-348,-118,90
-24,120,-9,133,56,-349,-117,92
-23,122,-8,133,56,-350,-115,93
-22,123,-8,132,56,-350,-113,95
-21,124,-8,132,56,-350,-112,97
-20,126,-8,133,56,-350,-113,98
-19,127,-9,133,56,-350,-112,100
-19,128,-8,132,56,-350,-109,101
-19,128,-7,131,56,-350,-109,103
-19,128,-6,131,56,-350,-111,103
-19,127,-6,131,56,-350,-109,102
-18,126,-7,131,56,-350,-108,101
-17,125,-7,131,56,-350,-108,100
-16,124,-7,131,56,-350,-107,98
-17,123,-7,131,56,-350,-107,98
-18,122,-7,131,56,-352,-108,97
-19,121,-7,131,56,-354,-109,96
-19,118,-7,132,56,-354,-109,92
-19,117,-8,132,56,-354,-109,89
-19,117,-8,131,56,-353,-109,89
-20,116,-8,130,56,-353,-111,91
-21,114,-7,130,56,-354,-111,89
-21,112,-8,130,56,-355,-111,86
-21,110,-9,129,56,-355,-111,85
-22,109,-10,128,56,-355,-109,81
-23,108,-11,127,56,-355,-111,80
-24,107,-10,127,56,-355,-112,79
-24,105,-9,128,56,-355,-112,78
-24,103,-9,129,56,-355,-114,78
-24,101,-9,129,56,-355,-114,75
-25,98,-9,128,56,-355,-112,69
-26,96,-10,128,56,-355,-114,68
-28,95,-9,129,56,-355,-118,69
-28,94,-7,130,56,-355,-118,69
-28,93,-7,130,56,-354,-118,68
-27,92,-9,129,56,-355,-117,65
-28,90,-10,128,57,-357,-115,62
-29,88,-10,128,57,-358,-117,59
-30,86,-9,128,57,-360,-117,58
-29,85,-8,129,57,-361,-119,59
-28,84,-9,129,59,-360,-118,56
-28,83,-10,128,60,-360,-118,54
-30,83,-10,128,61,-360,-117,54
-31,82,-9,127,61,-360,-118,56
-32,80,-8,125,60,-360,-117,54
-32,78,-7,124,60,-360,-117,52
-31,77,-7,124,60,-360,-115,51
-32,76,-7,124,60,-360,-117,50
-33,75,-7,124,60,-360,-118,50
-33,74,-7,124,60,-361,-118,47
-33,72,-7,124,60,-363,-117,46
-32,71,-7,124,60,-365,-117,45
-32,70,-7,124,60,-365,-117,43
-32,71,-8,123,60,-365,-117,45
-32,69,-8,123,60,-365,-115,43
-32,67,-8,123,60,-365,-117,41
-33,65,-8,123,60,-365,-118,39
-34,64,-9,122,60,-365,-118,37
-35,64,-10,121,60,-365,-119,37
-35,64,-11,120,60,-365,-119,37
-34,64,-10,121,60,-365,-119,37
-34,64,-10,121,60,-365,-119,37
-34,64,-10,121,60,-365,-119,37
-34,64,-10,121,60,-365,-119,37
-34,63,-10,121,60,-365,-118,36
-33,62,-10,121,60,-366,-118,35
-33,61,-10,120,60,-367,-117,35
-32,60,-11,120,60,-367,-117,34
-32,60,-13,121,60,-367,-117,31
-32,59,-13,122,60,-366,-115,30
-32,59,-13,123,60,-366,-118,30
-32,60,-12,123,60,-366,-118,30
-32,61,-13,124,61,-366,-119,32
-33,63,-14,124,61,-367,-120,34
-34,64,-14,125,62,-367,-122,35
-35,64,-14,125,61,-367,-122,35
-34,64,-14,125,61,-367,-122,35
-33,66,-14,124,61,-366,-120,36
-33,68,-14,124,62,-366,-120,39
-32,70,-14,125,61,-365,-119,41
-32,71,-14,125,61,-365,-119,42
-32,72,-15,126,60,-365,-118,41
-31,75,-15,126,60,-365,-118,43
-30,77,-15,126,61,-365,-117,46
-31,79,-15,126,62,-365,-118,50
-32,80,-14,126,63,-365,-119,51
-31,82,-14,125,62,-365,-118,53
-31,85,-14,124,61,-366,-118,56
-30,87,-14,125,60,-366,-117,58
-30,88,-12,126,60,-367,-117,59
-31,88,-12,126,60,-366,-118,59
-32,89,-11,127,60,-365,-119,61
-33,90,-11,126,61,-365,-120,62
-33,92,-11,127,61,-365,-120,64
-32,93,-10,128,62,-367,-119,64
-30,94,-10,128,61,-367,-118,65
-29,94,-11,127,60,-366,-117,67
-28,95,-11,126,60,-365,-115,67
-28,94,-11,127,60,-365,-115,67
-29,94,-11,128,61,-365,-117,67
-29,95,-10,127,62,-365,-117,67
-29,95,-9,126,63,-365,-117,69
-28,95,-8,126,62,-366,-115,69
-28,93,-8,126,61,-367,-115,67
-28,91,-9,126,60,-367,-115,65
-29,89,-10,126,60,-366,-117,61
-31,87,-10,124,60,-365,-115,62
-30,87,-9,122,60,-365,-114,61
-29,85,-9,121,60,-365,-114,59
-28,83,-10,121,62,-365,-113,57
-28,80,-10,121,64,-365,-113,53
-28,76,-10,121,65,-365,-113,51
-28,74,-10,121,64,-365,-113,48
-29,72,-10,121,63,-365,-114,46
-31,71,-10,121,63,-365,-115,45
-33,68,-9,119,63,-365,-114,42
-34,66,-8,118,63,-365,-115,40
-34,64,-7,118,64,-365,-115,40
-34,62,-8,118,65,-365,-115,35
-34,60,-8,119,65,-365,-115,34
-35,58,-8,118,64,-365,-117,31
-36,57,-8,118,63,-365,-118,30
-36,56,-8,118,63,-365,-117,29
-35,54,-8,119,65,-365,-117,28
-35,52,-8,118,65,-365,-117,25
-36,51,-7,118,65,-365,-118,26
-37,51,-7,117,65,-365,-115,28
-36,54,-7,117,65,-365,-115,29
-36,56,-7,117,65,-365,-115,31
-36,57,-7,117,65,-365,-115,32
-36,57,-7,117,65,-365,-115,34
-37,58,-7,117,65,-365,-115,34
-36,61,-7,119,65,-364,-118,34
-36,63,-7,122,65,-364,-120,36
-35,65,-6,123,65,-364,-119,39
-34,68,-5,123,65,-364,-119,43
-33,70,-6,123,65,-364,-118,43
-32,72,-7,124,65,-364,-117,46
-31,75,-7,124,65,-364,-115,48
-30,79,-7,124,65,-363,-114,53
-29,83,-7,124,65,-362,-114,57
-29,87,-7,124,65,-362,-113,62
-28,91,-7,124,65,-363,-113,65
-28,94,-7,124,65,-365,-113,68
-28,96,-7,124,65,-366,-113,70
-27,99,-7,124,65,-365,-112,74
-26,103,-8,125,65,-363,-112,78
-25,106,-10,126,65,-362,-113,80
-24,109,-10,128,65,-362,-112,81
-24,113,-9,129,65,-362,-114,85
-23,116,-7,130,65,-362,-114,91
-23,118,-7,131,65,-361,-113,93
-22,120,-7,130,65,-360,-113,95
-21,121,-7,130,67,-360,-112,96
-19,122,-7,130,69,-361,-109,97
-18,122,-8,130,69,-361,-108,97
-16,123,-9,129,67,-361,-107,96
-17,124,-10,128,65,-360,-104,96
-18,125,-9,128,65,-361,-106,98
-18,126,-7,130,67,-361,-108,101
-18,126,-6,131,69,-361,-109,102
-18,125,-6,131,70,-360,-108,100
-17,123,-6,131,69,-361,-107,98
-16,123,-7,131,68,-362,-107,98
-16,123,-7,131,68,-363,-107,98
-17,124,-7,131,68,-363,-107,98
-18,123,-7,131,68,-362,-108,98
-19,120,-7,131,69,-362,-109,96
-19,118,-7,131,70,-363,-109,92
-19,117,-7,131,70,-364,-109,91
-19,117,-7,131,70,-364,-109,91
-20,116,-7,131,70,-362,-111,91
-21,114,-7,131,70,-361,-111,89
-21,112,-6,131,70,-361,-112,86
-21,110,-7,131,70,-362,-111,85
-21,110,-7,131,70,-362,-111,85
-20,110,-7,130,70,-362,-111,85
-19,109,-7,129,70,-362,-107,84
-19,107,-5,127,70,-363,-107,83
-19,105,-4,127,70,-365,-107,83
-21,104,-3,126,70,-366,-106,81
-22,104,-4,126,70,-365,-107,81
-23,104,-6,125,70,-364,-108,78
-23,104,-6,125,70,-362,-108,78
-22,104,-6,124,70,-363,-107,78
-22,104,-6,125,70,-364,-107,78
-22,104,-5,125,70,-364,-107,79
-22,104,-5,126,70,-363,-107,79
-22,103,-5,126,70,-362,-107,78
-22,103,-5,126,70,-364,-107,80
-23,104,-3,126,70,-365,-108,81
-23,105,-2,126,70,-366,-108,83
-23,107,-2,126,70,-366,-108,85
-23,108,-3,127,70,-365,-108,86
-24,109,-3,127,70,-365,-112,86
-23,109,-3,128,70,-365,-111,86
-22,109,-3,128,70,-365,-109,86
-21,110,-3,127,70,-365,-106,87
-20,110,-2,126,70,-365,-106,87
-21,110,-1,125,70,-365,-106,87
-21,111,-1,125,70,-365,-107,89
-22,113,-2,126,70,-365,-107,91
-22,115,-2,126,70,-365,-107,92
-21,116,-1,126,70,-365,-107,93
-20,116,0,126,70,-365,-106,93
-19,116,0,128,70,-365,-104,96
-19,116,1,129,70,-366,-104,96
-19,117,2,129,70,-366,-104,97
-19,118,2,128,70,-365,-104,98
-19,120,1,129,70,-364,-107,101
-19,122,0,130,70,-362,-107,100
-18,123,0,131,70,-361,-107,101
-18,123,0,131,72,-361,-106,101
-17,123,0,130,74,-361,-104,101
-16,123,0,130,75,-361,-104,101
-16,123,0,130,75,-361,-104,101
-17,123,0,131,75,-361,-104,101
-18,125,0,132,75,-361,-106,102
-18,126,1,132,75,-361,-107,107
-19,128,1,130,75,-361,-107,108
-18,129,1,130,75,-361,-107,109
-17,129,0,129,75,-361,-106,107
-16,129,0,130,74,-361,-104,107
-15,130,0,131,73,-361,-103,107
-15,130,0,131,74,-361,-103,108
-14,130,0,130,75,-361,-102,108
-14,130,0,130,75,-359,-102,108
-15,130,-2,128,75,-358,-103,108
-16,129,-3,127,75,-357,-104,107
-18,128,-3,127,75,-357,-106,106
-19,127,-3,127,75,-357,-107,104
-19,127,-3,128,75,-357,-108,104
-19,128,-3,127,75,-356,-107,106
-19,128,-3,127,75,-356,-107,106
-19,127,-3,127,75,-356,-107,104
-20,126,-3,128,75,-356,-108,103
-20,123,-4,129,75,-356,-108,101
-21,120,-5,129,75,-356,-108,95
-21,116,-5,127,75,-356,-108,91
-21,114,-6,126,75,-357,-106,89
-21,112,-7,124,75,-356,-106,86
-21,110,-7,124,75,-354,-106,85
-21,108,-7,124,75,-353,-107,83
-22,105,-7,124,75,-351,-107,80
-23,102,-7,124,75,-351,-108,76
-24,98,-6,124,75,-351,-109,73
-25,95,-7,124,75,-351,-111,69
-26,92,-8,123,75,-351,-111,65
-27,89,-9,122,75,-351,-112,63
-28,85,-10,121,75,-351,-112,59
-28,82,-11,120,75,-351,-113,56
-30,79,-10,121,75,-352,-114,52
-31,75,-10,121,75,-351,-115,50
-32,72,-10,121,75,-350,-117,46
-32,69,-12,119,76,-348,-114,42
-32,66,-13,119,76,-348,-113,37
-32,63,-13,119,76,-348,-114,35
-32,61,-12,119,76,-348,-114,35
-33,59,-12,120,76,-347,-117,32
-34,56,-13,119,76,-346,-115,26
-36,54,-14,118,76,-346,-117,24
-37,51,-14,117,76,-346,-119,21
-38,51,-14,118,76,-346,-119,21
-38,50,-14,118,76,-346,-119,21
-37,50,-13,116,76,-346,-118,20
-36,48,-12,115,76,-346,-115,20
-37,46,-11,114,76,-346,-115,19
-39,44,-9,115,76,-346,-118,17
-40,44,-9,116,76,-346,-119,17
-40,44,-8,116,76,-346,-119,18
-41,45,-9,116,76,-346,-119,18
-41,46,-8,116,76,-346,-120,21
-42,46,-7,117,76,-346,-120,21
-42,47,-7,117,76,-346,-122,23
-41,49,-7,117,76,-346,-120,24
-39,50,-7,117,76,-346,-119,26
-38,50,-7,117,76,-346,-118,26
-38,50,-7,117,76,-346,-117,26
-38,50,-7,117,76,-346,-117,26
-39,52,-7,117,76,-346,-118,28
-40,54,-7,117,76,-346,-119,29
-40,55,-7,117,76,-346,-119,31
-39,56,-7,117,76,-346,-118,31
-37,56,-6,118,78,-346,-117,32
-36,57,-4,119,78,-346,-118,32
-37,58,-3,120,77,-346,-118,34
-38,60,-3,121,76,-346,-119,36
-37,62,-3,120,77,-346,-119,39
-36,63,-3,120,79,-346,-118,40
-34,64,-3,120,81,-346,-117,40
-34,64,-3,120,81,-346,-115,40
-35,65,-3,120,81,-346,-117,41
-36,67,-3,120,81,-346,-118,43
-37,68,-3,120,81,-346,-119,43
-37,68,-3,120,81,-346,-119,45
-36,68,-3,120,81,-346,-118,45
-37,68,-3,120,81,-346,-119,43
-37,68,-3,121,81,-347,-119,43
-37,68,-4,121,81,-346,-119,43
-37,68,-4,119,81,-346,-119,43
-37,68,-6,118,81,-346,-117,43
-37,68,-7,117,81,-347,-117,43
-37,68,-9,118,81,-348,-119,42
-37,68,-9,119,81,-348,-119,42
-37,68,-9,120,81,-348,-119,41
-36,67,-9,120,81,-348,-118,41
-35,65,-9,119,81,-348,-117,39
-34,64,-10,118,81,-349,-115,37
-34,63,-12,118,80,-350,-115,37
-34,64,-14,117,80,-351,-115,35
-35,64,-14,117,80,-352,-117,35
-35,64,-14,118,80,-352,-117,35
-34,63,-14,118,80,-351,-115,34
-33,61,-14,117,80,-351,-114,31
-32,60,-15,117,80,-351,-114,30
-32,59,-16,116,81,-351,-113,30
-32,59,-16,115,81,-352,-113,30
-32,60,-17,115,80,-352,-114,30
-32,60,-17,115,80,-351,-114,30
-32,60,-17,115,80,-351,-114,30
-32,60,-16,117,81,-351,-114,30
-32,60,-16,118,82,-353,-117,30
-32,59,-17,119,82,-355,-115,30
-32,59,-18,119,82,-357,-115,28
-32,60,-18,121,81,-357,-117,28
-33,61,-17,122,80,-357,-119,29
-34,63,-17,122,80,-356,-120,31
-34,64,-17,121,80,-356,-118,32
-35,64,-17,121,81,-356,-119,32
-35,64,-17,121,82,-358,-119,32
-34,64,-17,121,83,-360,-118,32
-34,64,-17,121,83,-361,-118,32
-34,64,-17,121,82,-362,-118,32
-34,64,-17,121,81,-361,-118,32
-36,63,-17,121,81,-361,-119,31
-37,62,-17,121,81,-362,-122,31
-38,62,-17,121,82,-364,-123,30
-39,61,-17,121,83,-365,-123,29
-39,59,-17,121,84,-365,-123,28
-40,57,-17,121,85,-365,-124,25
-41,55,-17,121,85,-365,-125,24
-40,54,-17,121,84,-365,-124,23
-40,53,-17,121,83,-366,-124,21
-40,51,-18,121,83,-367,-124,19
-42,49,-18,120,83,-367,-125,17
-42,48,-19,120,84,-366,-126,15
-42,47,-18,120,85,-366,-125,14
-41,45,-17,121,85,-366,-125,13
-41,43,-17,122,84,-367,-125,12
-43,42,-17,121,85,-367,-126,9
-44,42,-18,120,85,-366,-128,9
-45,42,-20,119,84,-365,-129,9
-45,42,-21,118,83,-365,-129,9
-44,41,-21,118,82,-365,-128,8
-44,40,-21,118,82,-366,-128,8
-43,40,-21,118,83,-367,-128,8
-42,41,-21,118,83,-367,-126,9
-41,43,-21,118,83,-366,-125,10
-40,44,-21,118,83,-366,-124,12
-40,45,-21,118,83,-366,-124,13
-41,47,-21,118,84,-367,-125,15
-40,51,-20,119,84,-367,-124,19
-39,54,-18,120,83,-366,-123,23
-36,57,-17,121,83,-366,-120,25
-34,60,-17,121,83,-367,-118,29
-33,64,-17,121,84,-368,-117,32
-32,68,-17,121,85,-369,-117,37
-32,72,-16,122,84,-370,-118,41
-30,76,-15,123,84,-370,-117,47
-28,80,-14,125,84,-370,-115,51
-27,85,-13,125,85,-371,-114,56
-26,90,-14,124,84,-372,-113,62
-24,95,-14,124,83,-372,-112,67
-22,100,-14,125,81,-371,-109,72
-21,105,-12,126,79,-371,-108,76
-20,110,-11,126,79,-371,-108,83
-19,115,-10,128,81,-371,-107,87
-18,119,-10,128,83,-371,-108,91
-18,122,-9,129,84,-371,-108,97
-17,126,-7,130,85,-371,-107,102
-15,131,-7,131,85,-371,-106,107
-14,136,-7,132,84,-371,-104,112
-13,140,-9,133,83,-371,-107,113
-12,144,-10,134,82,-371,-106,118
-11,147,-9,136,83,-371,-104,120
-10,149,-7,137,84,-371,-106,122
-9,150,-6,138,84,-371,-104,123
-8,152,-6,138,84,-371,-103,128
-8,155,-6,138,84,-371,-103,128
-7,156,-6,138,84,-371,-103,130
-7,157,-6,137,84,-371,-103,130
-5,157,-6,138,84,-371,-101,131
-4,158,-6,138,85,-371,-100,134
-3,160,-5,139,84,-371,-100,136
-3,162,-5,139,82,-372,-100,139
-5,163,-5,139,81,-372,-101,140
-5,163,-6,139,81,-371,-102,137
-5,163,-5,139,83,-370,-102,140
-5,163,-4,138,84,-368,-98,139
-4,162,-3,136,85,-368,-98,137
-3,160,-3,135,84,-368,-97,136
-2,159,-3,136,82,-368,-95,136
0,159,-3,137,81,-367,-93,136
0,160,-3,137,81,-366,-93,136
0,161,-3,135,81,-366,-92,137
0,161,-3,134,82,-366,-90,137
0,161,-3,134,83,-366,-90,137
0,160,-3,134,83,-367,-91,136
-1,160,-1,136,83,-367,-95,139
-1,159,0,137,83,-366,-95,137
-2,159,0,136,83,-365,-96,137
-3,159,-1,136,83,-364,-96,137
-3,159,-3,134,83,-364,-93,135
-3,159,-3,134,82,-364,-93,135
-2,157,-3,134,81,-364,-92,134
-1,156,-2,134,80,-363,-92,133
0,155,-2,134,80,-361,-91,131
-1,154,-3,134,80,-361,-92,130
-2,152,-4,133,80,-361,-92,128
-3,149,-4,133,80,-361,-93,125
-4,147,-3,133,81,-361,-95,123
-6,144,-3,134,82,-361,-96,120
-7,141,-4,133,83,-361,-98,117
-9,137,-5,132,82,-361,-100,113
-10,134,-7,131,81,-361,-101,109
-11,130,-7,130,80,-361,-101,106
-12,127,-7,131,80,-361,-102,103
-13,124,-6,131,81,-361,-103,100
-14,121,-6,131,82,-361,-104,96
-15,117,-7,131,81,-361,-104,92
-16,113,-7,130,80,-361,-107,87
-18,108,-9,129,80,-361,-107,80
-19,104,-10,128,80,-361,-106,75
-20,99,-10,127,80,-361,-108,72
-22,95,-10,128,80,-360,-109,67
-22,91,-10,128,80,-360,-109,63
-23,86,-11,127,80,-360,-109,58
-24,82,-13,125,80,-359,-111,53
-25,78,-15,123,80,-358,-112,50
-27,75,-16,122,80,-357,-114,43
-29,71,-16,122,80,-356,-115,40
-30,68,-16,123,80,-356,-117,36
-30,64,-16,122,80,-357,-117,32
-31,61,-16,121,80,-357,-115,32
-32,60,-15,119,80,-356,-117,31
-33,59,-14,118,80,-356,-115,30
-34,57,-14,117,80,-356,-115,28
-34,54,-14,118,80,-356,-115,25
-34,53,-14,118,80,-356,-115,24
-34,52,-14,118,80,-356,-115,23
-34,54,-14,117,80,-356,-115,25
-36,56,-14,117,80,-356,-117,26
-36,57,-14,118,80,-356,-118,28
-36,57,-15,119,80,-356,-120,28
-36,57,-15,119,80,-356,-120,29
-36,59,-16,120,80,-356,-119,30
-35,61,-17,120,80,-356,-119,32
-35,64,-17,120,80,-356,-119,35
-34,66,-16,120,80,-356,-118,37
-32,68,-15,121,80,-356,-117,40
-31,71,-15,123,80,-356,-118,42
-31,72,-15,124,80,-356,-118,43
-32,75,-15,123,80,-356,-118,46
-32,78,-15,123,80,-356,-119,48
-31,81,-14,124,80,-356,-118,52
-30,83,-14,125,81,-356,-117,54
-29,85,-13,125,82,-357,-117,57
-30,86,-14,125,82,-357,-117,58
-31,88,-14,124,82,-357,-118,59
-30,90,-14,124,81,-356,-118,62
-29,93,-14,125,80,-356,-117,64
-29,94,-13,125,80,-356,-117,67
-29,95,-11,127,80,-356,-117,67
-29,95,-10,128,80,-356,-117,67
-28,95,-10,128,80,-356,-115,67
-26,96,-10,128,80,-356,-113,68
-25,97,-10,128,80,-356,-112,69
-24,97,-10,128,80,-356,-112,69
-25,97,-10,128,80,-356,-112,69
-25,97,-10,128,80,-356,-112,69
-25,97,-11,127,80,-356,-112,69
-24,96,-11,126,80,-356,-111,68
-23,94,-12,126,80,-356,-109,65
-23,93,-13,125,80,-356,-109,64
-23,92,-14,125,80,-356,-111,63
-23,91,-14,124,80,-356,-111,63
-22,90,-14,124,80,-356,-109,62
-21,87,-14,125,80,-356,-108,59
-22,85,-14,125,80,-356,-109,57
-22,83,-14,125,80,-356,-109,54
-22,82,-14,124,80,-356,-109,53
-22,82,-14,125,80,-356,-108,53
-21,82,-14,125,80,-356,-108,53
-22,80,-14,125,80,-356,-109,51
-23,77,-12,123,80,-356,-111,48
-24,75,-11,122,80,-356,-108,46
-24,75,-12,120,80,-356,-108,46
-24,75,-13,120,80,-356,-108,46
-25,75,-14,120,80,-356,-109,46
-27,74,-14,120,80,-356,-111,45
-27,72,-13,119,80,-356,-109,43
-27,69,-13,118,80,-356,-108,41
-26,68,-14,117,80,-356,-107,40
-25,68,-14,117,80,-356,-107,40
-26,69,-14,118,80,-356,-107,40
-26,69,-13,119,80,-357,-108,41
-27,70,-11,120,80,-357,-108,43
-27,71,-10,121,80,-356,-112,45
-28,72,-10,121,80,-356,-112,46
-28,72,-10,121,80,-356,-112,46
-28,72,-10,121,80,-358,-113,46
-28,73,-10,121,80,-360,-113,47
-29,74,-10,121,80,-361,-113,48
-29,76,-10,121,80,-362,-114,50
-30,77,-10,121,80,-361,-114,51
-30,78,-10,121,80,-361,-115,52
-31,77,-10,121,80,-361,-115,51
-31,76,-10,121,80,-361,-115,51
-30,77,-10,121,80,-361,-114,51
-29,78,-10,121,80,-361,-114,52
-28,80,-10,121,80,-362,-113,54
-27,81,-10,121,80,-363,-112,54
-26,81,-10,121,80,-363,-111,54
-26,80,-10,121,80,-362,-111,54
-27,80,-11,121,80,-362,-112,54
-27,81,-11,121,80,-362,-112,54
-27,80,-10,121,79,-365,-112,54
-26,80,-10,120,79,-366,-108,54
-26,79,-9,119,79,-367,-108,53
-26,79,-9,119,79,-366,-108,53
-26,79,-8,118,79,-366,-108,53
-26,79,-7,117,79,-366,-106,56
-26,79,-7,117,79,-366,-106,56
-25,79,-8,116,79,-366,-104,53
-26,79,-9,116,79,-366,-106,53
-27,79,-8,117,79,-366,-107,53
-29,78,-7,117,79,-366,-108,54
-31,77,-7,117,79,-366,-111,53
-31,77,-8,116,79,-366,-111,53
-30,77,-9,116,79,-366,-109,51
-29,76,-8,116,80,-366,-109,50
-28,74,-7,117,80,-366,-108,51
-29,72,-7,117,79,-366,-109,48
-31,71,-7,117,79,-367,-111,47
-32,70,-8,116,79,-368,-112,47
-33,70,-9,116,80,-368,-112,43
-32,71,-8,116,81,-368,-112,45
-32,71,-7,117,82,-367,-112,47
-32,70,-6,116,81,-366,-112,47
-32,70,-6,116,80,-367,-112,47
-32,70,-6,116,79,-368,-112,47
-32,70,-7,117,79,-369,-112,47
-32,70,-7,117,79,-370,-112,47
-32,71,-7,117,81,-371,-112,47
-32,71,-7,117,82,-372,-112,47
-32,71,-7,117,82,-372,-112,47
-32,70,-7,117,82,-371,-112,47
-32,70,-7,117,80,-371,-112,46
-32,71,-7,117,79,-371,-112,47
-32,73,-7,117,80,-371,-111,50
-31,75,-7,117,83,-371,-111,51
-30,77,-8,118,84,-371,-112,51
-30,78,-10,120,84,-371,-112,52
-31,79,-11,121,83,-371,-115,52
-31,80,-11,121,82,-371,-115,54
-30,82,-10,121,83,-371,-114,56
-28,84,-10,121,84,-372,-113,58
-28,86,-10,121,84,-372,-112,59
-27,88,-11,122,84,-371,-112,63
-27,91,-12,122,84,-371,-112,63
-27,94,-13,123,84,-371,-112,65
-26,96,-13,124,84,-373,-113,68
-25,97,-13,125,84,-375,-112,69
-24,99,-11,127,84,-376,-111,72
-23,101,-10,128,84,-376,-111,73
-22,103,-10,128,84,-376,-109,75
-22,106,-10,128,84,-376,-112,78
-21,108,-11,129,84,-376,-112,80
-19,110,-11,129,84,-376,-109,83
-18,112,-11,129,84,-376,-108,85
-17,114,-10,128,84,-376,-107,86
-18,115,-11,129,84,-376,-108,87
-18,116,-12,130,84,-376,-108,89
-18,118,-13,131,84,-376,-111,87
-16,120,-14,132,84,-376,-109,90
-16,122,-13,132,84,-376,-109,92
-16,123,-13,131,84,-376,-109,93
-17,124,-13,131,84,-376,-109,93
-16,126,-13,131,84,-376,-109,96
-15,128,-13,131,84,-376,-108,98
-14,130,-12,132,84,-376,-107,102
-14,130,-12,133,84,-376,-107,102
-15,130,-11,133,82,-376,-108,103
-15,131,-10,134,80,-376,-108,103
-15,133,-10,134,79,-376,-108,106
-14,136,-10,135,80,-376,-107,109
-13,137,-10,135,82,-376,-106,109
-12,137,-10,134,84,-376,-106,111
-12,136,-10,135,84,-376,-106,109
-13,136,-10,135,84,-376,-106,109
-13,137,-10,134,84,-376,-106,109
-13,138,-10,134,84,-376,-107,111
-14,140,-10,135,83,-376,-107,113
-15,140,-11,136,80,-376,-111,113
-15,139,-12,137,79,-376,-111,109
-15,137,-13,138,79,-376,-111,108
-16,136,-14,139,80,-376,-114,106
-16,135,-13,138,81,-376,-112,106
-17,134,-13,138,81,-376,-112,104
-17,134,-13,138,79,-376,-113,104
-17,134,-14,137,79,-376,-113,104
-18,133,-16,136,79,-376,-113,103
-18,130,-16,135,79,-376,-114,100
-18,127,-17,134,79,-376,-113,97
-18,124,-17,135,79,-375,-113,92
-18,122,-18,136,79,-375,-113,90
-18,121,-19,137,79,-374,-117,87
-19,118,-20,139,79,-374,-117,85
-19,115,-20,139,79,-374,-117,83
-20,112,-20,139,79,-373,-118,80
-21,110,-21,138,79,-371,-118,75
-21,108,-22,136,79,-371,-119,72
-21,104,-23,135,79,-371,-119,69
-21,101,-24,135,79,-371,-118,65
-20,99,-24,135,79,-371,-118,63
-20,97,-24,135,79,-371,-118,61
-21,95,-24,136,79,-371,-118,59
-22,93,-23,136,79,-371,-119,58
-24,91,-23,135,80,-370,-120,56
-25,90,-24,133,79,-369,-119,53
-25,87,-25,132,78,-369,-119,51
-25,86,-26,131,76,-370,-119,50
-24,86,-26,130,75,-370,-119,50
-23,86,-25,130,74,-369,-115,50
-23,85,-24,129,75,-368,-114,50
-24,84,-23,128,75,-367,-115,51
-25,84,-24,128,75,-367,-117,48
-25,84,-24,128,75,-367,-117,48
-25,84,-24,129,75,-366,-117,48
-24,84,-24,129,75,-366,-115,48
-23,84,-24,129,75,-365,-114,48
-23,86,-24,128,75,-366,-115,50
-25,87,-23,128,75,-366,-117,54
-26,89,-21,128,73,-366,-118,56
-26,90,-19,129,71,-366,-118,57
-26,90,-18,129,70,-365,-118,59
-25,91,-17,129,69,-365,-114,61
-25,92,-17,128,70,-365,-115,62
-26,94,-17,128,71,-366,-117,63
-27,95,-17,128,72,-366,-117,64
-26,96,-17,128,72,-366,-117,65
-25,98,-16,130,72,-365,-118,68
-24,101,-14,130,72,-365,-117,70
-24,102,-12,130,72,-366,-113,74
-23,104,-11,129,72,-367,-113,75
-23,105,-10,128,72,-368,-111,78
-23,107,-10,128,72,-367,-111,79
-22,109,-10,128,72,-366,-109,81
-21,110,-10,127,72,-365,-108,83
-19,111,-9,127,71,-365,-107,86
-18,112,-8,127,70,-365,-106,86
-17,114,-6,129,70,-366,-104,89
-18,116,-7,131,70,-365,-108,91
-18,117,-7,132,70,-365,-108,91
-19,117,-7,131,70,-365,-109,92
-19,117,-6,130,70,-365,-107,91
-18,117,-4,128,70,-365,-106,92
-17,117,-3,127,70,-365,-104,95
-17,118,-3,127,70,-366,-102,95
-17,117,-3,127,70,-365,-104,95
-18,117,-3,127,70,-365,-106,95
-19,117,-3,127,70,-365,-107,95
-19,117,-3,127,70,-366,-107,95
-18,117,-3,127,70,-367,-107,95
-18,117,-3,128,70,-368,-107,95
-19,117,-3,127,70,-367,-107,95
-19,117,-2,126,70,-366,-104,95
-18,117,-1,125,70,-365,-103,95
-17,115,-1,123,70,-365,-100,96
-17,114,-1,122,70,-365,-100,93
-18,112,-2,122,70,-366,-101,90
-19,110,-3,121,70,-365,-102,87
-20,109,-3,121,70,-365,-102,86
-19,108,-3,120,70,-365,-102,85
-18,106,-3,120,70,-365,-101,83
-18,104,-3,120,70,-365,-101,81
-20,101,-3,120,70,-365,-102,79
-21,100,-3,120,70,-365,-103,76
-20,99,-3,120,70,-365,-102,76
-19,98,-3,120,70,-365,-102,75
-18,97,-3,120,70,-365,-101,74
-19,94,-3,120,71,-366,-102,72
-21,93,-4,121,72,-366,-103,69
-22,93,-4,121,71,-366,-104,69
-21,93,-3,120,70,-365,-103,70
-21,94,-3,120,70,-365,-103,70
-21,93,-3,120,70,-365,-103,70
-22,93,-4,121,70,-365,-104,69
-22,93,-4,121,70,-365,-104,69
-22,94,-5,122,70,-365,-104,72
-21,97,-5,123,70,-365,-106,74
-20,99,-6,123,70,-365,-104,74
-19,102,-7,124,71,-366,-104,76
-19,104,-7,124,72,-366,-103,79
-18,106,-7,124,72,-366,-103,80
-18,108,-5,125,72,-366,-103,83
-17,111,-5,126,72,-366,-102,89
-16,114,-4,126,73,-366,-101,91
-15,117,-4,126,74,-366,-100,95
-15,121,-4,126,75,-366,-101,98
-15,124,-3,127,75,-366,-103,102
-15,128,-3,127,75,-366,-103,106
-15,130,-3,127,75,-366,-103,108
-14,132,-3,128,74,-366,-102,111
-14,135,-4,128,73,-366,-102,111
-13,137,-5,129,73,-366,-102,113
-13,140,-4,128,74,-366,-101,117
-12,143,-3,128,75,-366,-101,122
-11,144,-2,128,75,-366,-100,123
-11,145,-1,129,74,-366,-100,123
-12,146,0,130,73,-366,-101,124
-12,145,-1,130,73,-366,-101,124
-12,145,-2,130,74,-366,-101,124
-12,145,-3,130,75,-366,-100,123
-11,144,-3,130,75,-366,-100,123
-11,143,-1,130,75,-366,-100,122
-11,141,-1,130,75,-366,-100,119
-12,139,-2,129,75,-366,-100,117
-14,135,-3,127,75,-366,-102,113
-15,131,-3,127,75,-366,-103,108
-17,127,-3,127,75,-366,-104,106
-18,124,-3,127,75,-366,-107,102
-21,120,-3,128,75,-366,-108,97
-23,114,-3,128,75,-366,-111,91
-25,108,-3,127,75,-366,-111,85
-25,102,-3,125,75,-366,-111,79
-26,96,-4,124,75,-366,-111,73
-27,90,-6,123,75,-366,-112,67
-28,84,-6,122,75,-366,-113,61
-29,78,-6,121,75,-366,-111,54
-29,72,-6,118,75,-366,-111,48
-30,66,-7,117,75,-366,-109,42
-32,61,-7,117,75,-366,-112,37
-36,56,-7,117,75,-366,-114,31
-37,51,-6,117,75,-366,-115,26
-37,46,-7,115,75,-366,-115,21
-37,40,-8,113,75,-366,-113,15
-37,36,-8,111,75,-366,-113,10
-38,32,-8,110,75,-366,-114,8
-38,30,-7,110,75,-366,-114,6
-37,28,-8,110,75,-366,-113,3
-37,25,-8,109,75,-366,-111,1
-38,23,-9,109,75,-365,-114,-1
-39,22,-9,110,75,-365,-115,-2
-40,22,-9,109,75,-364,-113,-2
-39,22,-10,108,75,-365,-113,-2
-39,22,-11,107,75,-365,-113,-2
-39,22,-12,106,75,-366,-113,-4
-40,22,-11,107,75,-366,-113,-2
-40,23,-10,108,75,-366,-113,-1
-39,26,-8,109,75,-366,-113,1
-38,30,-8,110,75,-366,-114,4
-36,33,-8,109,75,-366,-111,9
-36,37,-9,109,76,-367,-109,13
-36,41,-9,109,76,-366,-111,17
-37,44,-8,110,76,-364,-113,20
-36,48,-7,110,76,-362,-112,24
-34,51,-7,111,76,-361,-111,28
-33,55,-7,111,78,-361,-109,31
-33,59,-7,110,79,-361,-109,35
-33,62,-7,110,79,-361,-108,39
-34,66,-7,111,79,-361,-111,42
-34,70,-8,113,79,-361,-111,46
-34,73,-7,115,80,-361,-113,50
-34,77,-6,116,80,-361,-114,53
-33,79,-5,115,80,-361,-113,56
-32,82,-5,115,80,-361,-112,58
-30,84,-6,116,80,-361,-111,61
-30,87,-7,117,80,-361,-109,63
-29,89,-7,118,80,-361,-112,65
-28,89,-8,117,80,-361,-108,65
-26,90,-7,117,80,-361,-106,68
-25,93,-6,118,80,-361,-106,69
-25,95,-4,119,80,-361,-108,72
-26,96,-3,120,80,-361,-108,73
-26,97,-3,121,80,-361,-108,74
-26,96,-3,120,80,-361,-108,73
-25,96,-3,120,80,-361,-107,73
-24,96,-3,120,80,-361,-107,73
-23,95,-3,120,80,-361,-106,72
-23,94,-3,120,80,-361,-106,72
-23,94,-3,120,80,-361,-106,70
-23,93,-3,120,80,-361,-104,70
-22,92,-3,120,80,-361,-104,69
-21,91,-3,120,80,-363,-103,68
-21,90,-3,120,80,-365,-103,67
-21,90,-3,120,80,-366,-103,67
-21,91,-4,120,79,-365,-103,68
-21,91,-3,120,79,-362,-103,68
-21,90,-2,122,80,-361,-103,67
-20,88,-1,123,82,-363,-102,68
-19,88,-1,123,83,-365,-102,67
-20,88,-2,122,83,-365,-102,65
-21,90,-4,121,81,-365,-103,67
-23,91,-4,120,80,-363,-104,68
-24,92,-3,120,80,-362,-106,69
-24,92,-2,121,82,-362,-106,69
-23,93,-2,122,83,-361,-104,69
-22,93,-3,123,84,-361,-104,69
-22,93,-6,123,83,-361,-107,67
-22,93,-7,123,81,-362,-107,67
-22,92,-7,123,80,-361,-107,67
-22,92,-5,124,79,-361,-107,69
-22,93,-3,126,81,-361,-107,70
-23,94,-3,127,83,-361,-108,70
-24,96,-3,127,85,-362,-112,73
-25,97,-4,127,85,-362,-112,74
-25,97,-5,126,85,-361,-109,74
-25,97,-5,126,85,-360,-109,74
-25,97,-4,126,85,-358,-109,74
-25,97,-4,126,85,-357,-109,74
-25,97,-5,126,85,-356,-109,72
-25,97,-6,125,85,-357,-109,72
-25,97,-7,124,85,-357,-109,72
-24,97,-7,124,85,-357,-109,72
-24,96,-7,124,85,-357,-109,70
-23,95,-7,124,85,-357,-108,70
-23,95,-7,124,85,-357,-108,69
-23,94,-7,124,85,-357,-108,68
-23,92,-7,124,85,-357,-108,67
-25,90,-7,124,85,-356,-109,64
-25,87,-6,124,85,-355,-109,62
-24,86,-7,124,85,-355,-109,61
-23,85,-8,123,85,-355,-108,59
-23,83,-9,122,85,-356,-107,57
-23,81,-10,121,85,-356,-107,56
-24,79,-11,120,85,-355,-108,53
-25,76,-10,121,85,-354,-109,50
-25,73,-10,121,85,-354,-109,47
-25,70,-10,121,85,-354,-109,43
-25,69,-12,120,85,-354,-109,42
-26,68,-13,119,85,-354,-108,40
-27,68,-13,119,85,-355,-108,39
-28,66,-13,119,85,-355,-109,37
-28,63,-13,119,85,-355,-109,35
-29,61,-14,118,85,-355,-111,32
-31,60,-14,117,85,-355,-112,30
-32,59,-14,117,85,-356,-113,30
-32,60,-14,117,85,-357,-114,30
-32,60,-14,118,85,-357,-114,30
-32,60,-14,118,85,-357,-113,30
-32,60,-14,117,85,-357,-113,30
-32,60,-14,117,85,-357,-114,30
-32,59,-14,118,85,-357,-114,30
-32,59,-13,119,85,-357,-113,30
-30,60,-11,120,85,-357,-112,34
-30,62,-10,121,85,-357,-114,36
-30,65,-10,121,85,-357,-114,39
-30,68,-10,121,85,-357,-114,41
-30,70,-10,121,85,-357,-114,43
-30,73,-9,122,85,-357,-114,46
-30,76,-8,123,85,-357,-114,50
-29,79,-7,124,85,-356,-114,53
-29,83,-7,124,85,-357,-114,57
-29,87,-7,124,85,-357,-114,62
-28,91,-6,125,85,-358,-113,65
-27,94,-4,126,85,-358,-112,72
-26,97,-3,127,86,-358,-113,74
-25,101,-3,128,87,-359,-113,78
-24,104,-3,127,87,-360,-112,81
-23,107,-3,127,86,-361,-111,85
-22,110,-2,128,85,-362,-111,87
-22,114,0,130,85,-362,-111,91
-22,116,0,131,86,-362,-111,93
-21,119,0,132,88,-362,-109,97
-21,121,0,132,88,-362,-112,98
-21,122,0,131,88,-362,-109,100
-22,122,0,131,89,-362,-109,100
-22,122,0,132,89,-362,-111,100
-21,122,0,132,88,-362,-112,100
-20,122,0,131,88,-362,-108,100
-19,122,-1,130,89,-362,-107,100
-19,122,-3,129,90,-362,-107,100
-20,120,-5,130,90,-362,-108,95
-21,117,-7,131,89,-362,-112,92
-22,115,-7,131,88,-362,-112,90
-22,113,-7,131,88,-362,-112,87
-21,111,-7,130,89,-362,-112,86
-21,108,-9,129,90,-362,-112,80
-22,105,-10,128,90,-362,-109,78
-23,101,-10,128,90,-362,-111,74
-24,97,-10,128,90,-362,-111,69
-24,93,-11,127,90,-362,-112,65
-25,89,-13,125,90,-362,-112,61
-25,85,-14,124,90,-362,-112,57
-26,82,-14,124,90,-362,-113,53
-26,79,-14,125,90,-362,-113,51
-26,77,-14,125,90,-362,-113,48
-28,75,-15,123,90,-362,-114,46
-29,71,-16,122,90,-361,-115,40
-30,68,-17,121,90,-362,-114,37
-30,66,-18,121,90,-363,-114,35
-29,65,-17,121,89,-365,-113,34
-28,63,-17,122,89,-367,-115,31
-29,61,-17,122,89,-367,-115,30
-30,60,-17,121,89,-367,-114,28
-32,59,-17,121,89,-367,-115,28
-33,61,-17,121,89,-367,-117,29
-34,63,-18,122,89,-367,-120,31
-34,64,-18,122,89,-366,-120,32
-35,64,-18,122,89,-367,-122,32
-34,64,-18,122,89,-368,-120,32
-33,66,-18,122,89,-370,-120,34
-33,68,-19,122,89,-372,-119,36
-32,70,-19,123,89,-372,-119,39
-33,72,-18,124,89,-372,-119,41
-33,75,-17,126,89,-372,-122,43
-33,77,-16,127,89,-372,-123,46
-32,80,-16,128,89,-372,-122,48
-31,82,-17,128,89,-372,-120,51
-30,84,-17,128,89,-372,-120,53
-29,87,-18,128,89,-372,-119,57
-28,91,-17,128,89,-372,-118,59
-27,94,-16,129,89,-372,-117,64
-26,97,-14,130,89,-372,-117,69
-25,101,-12,130,89,-372,-115,73
-24,104,-12,130,89,-372,-114,76
-23,108,-13,131,89,-372,-115,78
-22,111,-13,132,89,-372,-115,80
-22,113,-12,133,89,-372,-114,85
-21,115,-11,133,89,-372,-114,87
-21,118,-10,134,89,-372,-114,90
-20,122,-9,135,89,-372,-113,93
-19,126,-8,136,89,-372,-112,98
-18,129,-7,137,89,-372,-111,101
-17,131,-6,138,89,-372,-112,103
-17,133,-6,138,89,-372,-112,106
-17,136,-6,138,89,-371,-113,108
-18,138,-6,137,89,-370,-111,113
-17,140,-5,136,89,-370,-111,115
-15,141,-4,136,89,-370,-108,117
-14,143,-3,135,89,-370,-107,118
-14,146,-3,134,89,-368,-104,122
-13,147,-3,134,89,-367,-104,123
-13,148,-3,134,89,-366,-104,124
-11,148,-3,134,89,-367,-102,124
-10,149,-3,134,89,-367,-101,125
-10,151,-2,135,89,-367,-101,126
-10,153,-1,136,89,-365,-103,131
-11,154,-1,136,90,-363,-104,133
-11,155,-1,136,90,-362,-104,134
-10,155,-1,136,90,-361,-104,134
-10,155,-1,136,90,-362,-103,134
-10,155,0,136,90,-362,-103,134
-9,155,0,136,90,-362,-103,134
-8,155,0,137,90,-362,-102,134
-7,156,-2,138,90,-362,-101,133
-6,157,-2,139,90,-362,-102,133
-7,156,-1,139,90,-362,-102,133
-7,156,0,139,90,-362,-101,135
-7,156,0,139,90,-362,-101,135
-7,156,-1,139,90,-362,-101,133
-7,157,-2,140,90,-362,-103,133
-7,157,-1,140,90,-362,-103,133
-7,156,-1,139,90,-362,-101,133
-6,155,-1,139,90,-362,-100,131
-5,153,-2,140,90,-362,-101,129
-4,152,-3,141,90,-362,-101,128
-4,152,-2,140,90,-362,-101,128
-4,152,0,139,90,-362,-98,130
-5,152,0,137,90,-362,-98,131
-5,152,0,137,90,-362,-98,131
-4,152,0,137,90,-362,-98,130
-4,151,0,137,90,-362,-97,130
-4,150,0,137,90,-362,-97,129
-3,150,0,137,90,-362,-97,128
-2,149,0,137,90,-362,-96,128
-2,148,0,137,90,-362,-95,126
-2,148,0,137,90,-362,-96,126
-3,148,0,137,90,-362,-96,126
-4,147,0,137,90,-362,-97,125
-4,145,0,137,90,-362,-97,124
-4,143,0,137,90,-362,-97,122
-4,142,0,137,90,-362,-97,120
-4,141,1,136,90,-362,-95,119
-4,141,2,136,90,-362,-95,119
-5,139,2,136,90,-362,-96,118
-5,137,2,135,90,-362,-96,115
-6,135,1,134,90,-362,-96,113
-6,134,0,133,90,-362,-97,113
-7,133,-1,132,90,-362,-97,112
-8,132,-2,133,90,-362,-98,109
-10,129,-2,133,91,-362,-101,107
-11,126,-2,133,92,-362,-102,104
-11,124,-2,133,91,-362,-102,102
-11,122,-2,134,90,-362,-101,97
-12,121,-3,134,90,-361,-102,96
-14,119,-4,133,90,-362,-104,95
-16,116,-6,132,90,-363,-107,91
-17,113,-7,131,90,-365,-107,89
-17,110,-7,131,90,-367,-107,85
-18,108,-7,131,89,-367,-108,83
-18,106,-6,131,89,-367,-107,80
-19,104,-6,131,90,-367,-108,79
-20,101,-7,132,90,-367,-109,75
-21,99,-9,132,92,-367,-112,70
-23,96,-11,131,92,-367,-113,68
-22,93,-12,130,92,-367,-112,65
-22,91,-13,130,90,-367,-112,63
-22,89,-12,130,89,-367,-112,61
-22,87,-12,131,90,-367,-114,58
-24,86,-13,131,91,-367,-115,57
-25,84,-14,130,92,-367,-115,53
-26,83,-14,127,93,-368,-115,52
-27,81,-15,126,93,-368,-113,51
-27,80,-16,126,93,-369,-117,48
-28,79,-16,127,93,-369,-117,47
-28,78,-17,128,94,-369,-118,47
-28,78,-17,128,95,-368,-118,46
-28,79,-17,128,94,-368,-118,47
-28,80,-17,128,94,-368,-118,48
-29,82,-17,128,93,-369,-118,51
-29,83,-17,128,92,-370,-119,52
-29,84,-17,128,93,-371,-118,53
-28,84,-17,128,93,-372,-118,53
-28,84,-17,128,94,-372,-118,53
-29,85,-17,129,94,-372,-118,54
-30,87,-16,129,94,-372,-119,56
-31,88,-16,129,94,-372,-120,57
-31,88,-15,128,94,-372,-120,57
-29,89,-15,127,94,-372,-119,58
-27,89,-15,127,94,-372,-117,58
-26,90,-14,128,93,-372,-117,62
-27,92,-13,128,92,-372,-117,63
-28,93,-12,128,92,-372,-118,65
-29,94,-10,128,93,-372,-117,67
-29,95,-10,128,93,-372,-117,67
-29,95,-10,128,94,-372,-117,67
-28,94,-10,128,93,-372,-115,67
-28,93,-10,128,92,-372,-115,65
-27,92,-10,128,91,-372,-114,63
-28,90,-10,128,90,-372,-115,62
-29,88,-10,128,89,-372,-117,59
-30,86,-10,128,88,-372,-117,58
-31,84,-10,128,89,-372,-118,56
-31,82,-10,128,91,-372,-118,53
-32,80,-10,128,92,-372,-119,51
-33,78,-10,128,92,-372,-120,48
-33,74,-10,128,91,-372,-119,46
-32,71,-10,128,91,-372,-119,42
-31,67,-11,127,90,-372,-118,39
-30,64,-13,125,90,-372,-117,35
-31,62,-14,124,89,-372,-118,32
-32,59,-14,124,89,-372,-118,30
-33,57,-13,125,89,-372,-119,28
-33,55,-14,124,90,-372,-120,25
-34,54,-15,123,91,-372,-120,24
-34,52,-16,122,91,-372,-120,23
-33,51,-16,122,91,-372,-119,19
-32,50,-16,123,91,-372,-119,19
-32,50,-15,123,92,-372,-119,20
-33,50,-13,122,91,-372,-117,20
-33,51,-12,121,90,-372,-117,21
-32,53,-12,120,89,-372,-115,24
-31,54,-12,120,90,-371,-114,25
-31,56,-13,121,92,-372,-114,26
-31,58,-13,122,94,-372,-115,29
-31,62,-12,123,94,-374,-115,32
-30,66,-12,123,94,-375,-114,37
-29,70,-13,123,93,-375,-115,41
-27,75,-14,124,93,-375,-114,46
-26,80,-14,125,93,-375,-113,51
-24,85,-13,126,93,-376,-112,57
-24,92,-11,127,93,-377,-111,63
-23,97,-10,128,93,-377,-111,69
-22,104,-10,128,93,-377,-109,76
-22,110,-10,128,93,-377,-109,83
-21,115,-9,128,93,-377,-109,87
-21,119,-8,130,93,-377,-112,93
-21,123,-7,131,93,-377,-111,98
-20,127,-5,132,93,-377,-111,102
-20,132,-3,133,93,-377,-111,107
-20,137,-3,134,93,-377,-111,112
-19,140,-3,135,93,-377,-112,115
-18,144,-5,137,93,-377,-112,119
-18,147,-6,137,93,-376,-114,119
-18,149,-6,138,93,-376,-113,122
-17,151,-5,139,93,-377,-113,126
-16,152,-4,139,93,-379,-112,128
-15,152,-4,140,93,-380,-112,128
-15,152,-4,139,93,-380,-112,128
-15,152,-5,139,93,-379,-112,128
-15,151,-6,138,93,-379,-111,124
-15,148,-6,137,93,-380,-111,122
-15,145,-6,138,93,-381,-111,118
-16,142,-6,138,93,-381,-112,114
-16,139,-6,138,93,-380,-112,112
-16,136,-7,138,93,-380,-112,109
-16,133,-7,137,93,-380,-112,106
-16,129,-8,135,93,-380,-109,102
-17,125,-7,132,93,-380,-108,100
-19,120,-6,131,93,-380,-109,96
-20,116,-6,131,93,-380,-109,91
-20,111,-8,131,93,-380,-109,84
-20,107,-11,132,93,-381,-113,79
-21,102,-13,131,93,-382,-114,72
-23,97,-13,130,93,-382,-113,69
-24,92,-12,130,93,-382,-113,64
-24,88,-11,129,93,-382,-113,59
-24,84,-11,129,93,-382,-114,56
-25,81,-11,127,93,-382,-112,52
-27,78,-11,126,93,-382,-113,50
-27,75,-12,126,93,-382,-114,46
-28,72,-13,125,93,-382,-115,43
-29,71,-14,125,93,-382,-115,42
-29,68,-14,125,95,-382,-117,40
-30,66,-14,124,97,-382,-117,37
-30,66,-14,125,97,-381,-117,37
-30,66,-14,125,97,-380,-117,37
-30,66,-14,125,96,-379,-117,37
-31,68,-14,125,95,-379,-118,39
-32,69,-14,125,95,-379,-118,40
-32,70,-14,124,95,-379,-119,41
-33,72,-14,124,94,-379,-120,43
-33,74,-14,124,94,-379,-120,45
-32,77,-13,125,95,-379,-119,48
-31,81,-11,127,97,-380,-118,52
-30,84,-10,128,98,-381,-118,56
-30,87,-10,128,97,-382,-117,58
-30,90,-10,128,96,-383,-118,61
-29,93,-10,127,97,-382,-117,64
-28,96,-9,129,98,-380,-118,68
-27,99,-8,131,99,-379,-117,72
-27,102,-9,133,98,-378,-120,74
-27,105,-9,135,97,-379,-119,76
-27,108,-10,135,97,-379,-119,80
-27,111,-10,135,97,-379,-119,84
-27,114,-10,134,98,-379,-119,86
-25,117,-10,134,99,-379,-118,89
-24,119,-10,134,99,-379,-117,92
-23,122,-10,135,98,-380,-115,93
-22,123,-9,135,98,-381,-114,96
-21,124,-8,136,98,-380,-114,97
-19,126,-7,137,99,-379,-112,98
-18,126,-7,137,98,-378,-111,98
-18,126,-7,137,97,-377,-111,98
-18,127,-8,137,97,-377,-114,100
-19,127,-7,137,97,-377,-114,100
-18,126,-6,137,97,-377,-114,98
-18,125,-6,137,97,-377,-113,100
-17,124,-7,137,97,-377,-112,96
-17,123,-8,138,98,-377,-112,95
-17,123,-10,139,99,-377,-112,96
-17,123,-12,139,98,-377,-114,93
-17,123,-13,139,97,-377,-114,93
-17,123,-13,138,97,-377,-114,93
-17,123,-13,138,97,-377,-112,93
-17,123,-13,138,98,-377,-112,93
-17,123,-13,138,99,-377,-112,93
-17,123,-13,138,99,-377,-112,93
-17,123,-13,138,98,-377,-114,92
-16,122,-13,138,99,-377,-111,92
-15,122,-13,138,99,-377,-111,91
-16,122,-13,138,98,-377,-111,92
-17,123,-13,138,97,-377,-114,92
-17,123,-14,139,97,-377,-115,93
-16,123,-15,141,97,-377,-114,91
-15,124,-15,143,98,-377,-115,92
-14,126,-15,143,98,-377,-114,93
-14,129,-15,143,97,-377,-114,96
-14,130,-15,143,97,-377,-114,97
-15,130,-14,144,97,-377,-115,98
-16,131,-13,145,98,-377,-117,101
-16,133,-12,145,99,-377,-117,103
-16,135,-12,145,99,-377,-117,104
-15,137,-13,145,98,-377,-115,108
-14,140,-13,145,97,-377,-115,109
-13,141,-12,145,95,-377,-114,112
-12,143,-13,145,94,-377,-113,113
-11,144,-13,145,93,-377,-112,114
-11,144,-12,145,93,-377,-112,114
-11,145,-12,146,94,-377,-112,115
-12,146,-10,148,94,-377,-115,117
-13,147,-9,148,93,-377,-115,117
-13,147,-9,148,93,-377,-117,118
-13,148,-9,148,93,-377,-117,118
-13,148,-9,149,93,-377,-117,118
-13,148,-10,149,93,-377,-117,118
-12,148,-10,150,93,-377,-115,118
-10,147,-11,149,93,-377,-114,118
-10,147,-13,147,93,-377,-114,117
-12,145,-14,146,93,-377,-115,113
-13,143,-14,146,93,-377,-113,111
-14,140,-13,145,93,-377,-114,111
-13,138,-12,145,93,-377,-113,108
-12,135,-12,145,94,-377,-113,106
-12,133,-14,144,94,-377,-113,103
-14,129,-15,143,93,-377,-114,96
-16,125,-17,142,92,-377,-115,92
-18,122,-17,141,90,-375,-118,89
-18,118,-16,142,89,-373,-119,85
-19,115,-16,142,88,-372,-119,83
-19,111,-16,142,89,-371,-119,78
-20,106,-17,141,91,-372,-120,73
-22,102,-19,140,91,-372,-119,69
-24,99,-20,139,90,-372,-120,65
-25,95,-20,138,90,-372,-123,62
-27,90,-19,137,89,-372,-124,57
-28,86,-18,136,89,-372,-123,52
-29,82,-17,135,89,-372,-123,51
-30,79,-16,135,89,-372,-124,47
-31,75,-17,134,89,-372,-125,41
-32,72,-18,134,89,-372,-125,39
-33,69,-19,133,89,-372,-128,35
-35,65,-20,133,89,-371,-129,30
-36,61,-20,132,89,-370,-128,26
-37,58,-20,131,89,-368,-129,24
-38,57,-19,130,89,-368,-130,21
-39,55,-18,130,89,-370,-130,23
-40,54,-18,129,89,-370,-129,21
-39,52,-17,128,89,-369,-128,20
-38,51,-17,128,89,-367,-128,19
-38,50,-17,128,89,-366,-126,18
-38,50,-17,128,89,-366,-126,18
-38,51,-17,129,89,-367,-126,19
-38,51,-17,128,89,-367,-128,19
-39,50,-16,127,89,-367,-128,18
-38,50,-14,126,89,-367,-124,20
-37,51,-13,126,89,-367,-123,21
-36,53,-11,126,89,-367,-123,24
-36,56,-10,128,89,-367,-123,26
-36,59,-10,128,90,-367,-125,29
-37,61,-10,128,90,-367,-124,31
-36,63,-10,128,89,-367,-123,34
-35,65,-10,128,88,-367,-122,36
-34,68,-10,128,87,-367,-122,39
-34,69,-10,128,87,-367,-120,40
-33,72,-10,128,87,-367,-120,42
-32,74,-10,128,88,-367,-119,46
-32,77,-10,127,88,-367,-119,48
-32,80,-10,128,87,-367,-119,51
-32,83,-9,129,87,-367,-122,53
-31,84,-7,130,87,-367,-120,58
-29,85,-7,129,87,-367,-117,59
-28,86,-5,127,86,-366,-114,59
-26,87,-5,126,84,-366,-111,62
-25,88,-5,125,84,-366,-111,65
-25,89,-5,126,86,-367,-111,63
-25,89,-5,126,88,-367,-111,63
-26,89,-5,126,88,-367,-111,63
-26,90,-5,126,86,-366,-112,67
-26,90,-5,126,85,-366,-111,64
-27,90,-6,125,86,-366,-112,64
-27,90,-7,124,88,-367,-112,64
-27,90,-7,124,90,-367,-112,64
-26,90,-7,124,90,-367,-111,64
-25,89,-7,124,90,-367,-111,63
-26,89,-7,124,89,-367,-111,63
-27,88,-7,124,89,-367,-112,63
-28,87,-7,124,89,-367,-113,61
-29,85,-7,124,89,-367,-114,59
-28,84,-7,124,89,-367,-113,58
-28,83,-7,124,89,-367,-113,57
-29,83,-7,124,89,-367,-114,57
-32,83,-7,124,89,-367,-117,57
-32,82,-8,125,89,-367,-119,56
-32,80,-9,126,89,-367,-119,53
-32,77,-9,127,89,-367,-119,51
-33,75,-9,127,89,-367,-120,50
-34,74,-9,127,89,-367,-122,48
-35,75,-11,126,89,-367,-123,46
-35,75,-13,126,89,-367,-122,46
-34,75,-14,125,89,-367,-122,46
-34,73,-14,124,89,-367,-120,45
-33,72,-14,124,89,-367,-120,43
-33,72,-14,125,89,-367,-120,42
-33,72,-14,125,89,-367,-120,43
-33,72,-14,125,89,-367,-120,42
-33,71,-14,124,89,-367,-119,42
-32,70,-14,124,89,-367,-119,41
-32,70,-14,124,89,-367,-119,41
-32,70,-14,124,89,-367,-119,41
-32,71,-14,124,89,-367,-119,42
-32,71,-14,125,89,-367,-119,42
-32,70,-14,125,89,-367,-119,41
-32,70,-14,124,89,-367,-119,41
-32,70,-14,124,89,-367,-119,41
-32,71,-14,125,89,-367,-119,42
-32,70,-15,126,89,-367,-119,41
-32,70,-16,127,89,-367,-122,39
-32,70,-17,128,89,-367,-122,39
-32,71,-18,128,89,-367,-122,39
-32,71,-17,128,89,-367,-122,39
-32,70,-17,128,89,-367,-122,39
-32,69,-17,128,89,-367,-122,37
-32,68,-17,128,89,-367,-120,37
-32,69,-17,128,89,-367,-122,37
-32,70,-17,128,89,-367,-122,39
-32,71,-17,128,89,-367,-122,39
-32,71,-17,128,89,-367,-122,39
-32,70,-17,128,89,-367,-122,39
-32,70,-17,128,89,-367,-122,39
-32,71,-17,128,89,-367,-122,39
-33,70,-17,128,89,-367,-122,39
-32,70,-17,128,89,-367,-122,39
-31,71,-17,128,89,-367,-120,40
-29,72,-16,129,89,-367,-119,41
-29,74,-15,129,89,-367,-118,43
-29,76,-15,130,89,-367,-119,45
-30,77,-14,130,89,-366,-122,46
-29,78,-14,131,89,-366,-122,47
-28,79,-14,132,89,-367,-119,47
-27,80,-13,131,89,-368,-119,48
-27,82,-13,130,89,-368,-117,53
-27,85,-11,129,89,-368,-117,56
-26,87,-10,128,89,-367,-113,58
-26,89,-10,127,89,-368,-113,61
-26,90,-10,127,89,-370,-113,62
-25,91,-10,128,89,-372,-112,63
-24,93,-9,129,89,-372,-114,64
-24,96,-7,130,89,-372,-114,70
-25,98,-7,131,89,-372,-114,72
-25,101,-6,131,89,-372,-115,75
-24,103,-6,131,89,-372,-114,78
-22,106,-7,131,89,-372,-112,80
-21,108,-7,131,89,-372,-111,83
-21,110,-7,131,89,-372,-111,85
-21,112,-7,131,89,-372,-112,86
-22,113,-6,131,89,-372,-112,89
-21,115,-6,132,89,-372,-112,90
-20,116,-5,132,89,-372,-111,91
-19,117,-4,133,89,-371,-109,91
-18,117,-3,133,89,-371,-108,91
-19,117,-3,134,89,-370,-109,91
-18,117,-3,134,89,-369,-108,91
-17,117,-3,134,89,-368,-107,92
-17,118,-3,134,89,-367,-107,93
-18,118,-2,134,89,-367,-108,93
-18,117,-2,133,89,-367,-108,95
-18,115,-3,132,89,-367,-108,92
-17,114,-3,132,90,-367,-107,89
-16,112,-3,133,90,-367,-107,87
-18,112,-3,134,89,-367,-108,86
-19,111,-3,135,89,-367,-109,86
-20,109,-3,134,89,-367,-111,84
-21,107,-2,134,90,-367,-111,84
-21,104,-2,133,91,-368,-112,81
-22,103,-2,133,91,-367,-113,80
-24,101,-3,132,91,-365,-114,79
-24,99,-4,130,90,-363,-112,73
-23,96,-4,129,90,-362,-111,70
-23,93,-5,128,91,-361,-111,68
-23,92,-5,130,93,-362,-111,67
-25,91,-6,131,95,-362,-114,65
-25,89,-7,131,95,-362,-115,63
-26,86,-7,131,94,-362,-115,61
-27,84,-7,131,93,-362,-117,58
-28,84,-6,131,93,-362,-118,58
-28,83,-6,131,93,-362,-118,57
-28,83,-7,131,94,-364,-118,57
-27,81,-7,130,94,-365,-117,54
-26,79,-9,129,94,-367,-115,51
-26,79,-10,128,94,-368,-113,51
-27,80,-10,128,94,-367,-114,52
-28,83,-10,128,94,-367,-114,54
-28,84,-10,127,94,-367,-115,56
-28,84,-10,128,94,-367,-115,56
-28,83,-11,129,94,-367,-118,54
-28,84,-13,130,94,-367,-118,56
-29,85,-13,131,94,-367,-120,53
-29,87,-14,132,94,-367,-120,56
-28,89,-13,132,94,-367,-120,58
-26,91,-13,131,94,-368,-119,59
-26,93,-13,131,94,-368,-118,62
-25,95,-13,131,94,-369,-118,64
-24,97,-13,132,94,-368,-117,65
-23,98,-14,133,95,-368,-115,68
-22,100,-14,135,96,-368,-117,69
-22,102,-14,137,96,-369,-117,72
-22,104,-14,138,95,-370,-120,73
-23,104,-13,138,94,-370,-120,73
-23,104,-13,138,94,-369,-118,73
-22,103,-13,138,95,-369,-118,73
-22,103,-13,138,96,-370,-118,73
-22,104,-13,138,96,-370,-120,73
-22,103,-14,139,95,-370,-120,73
-22,103,-15,141,94,-369,-120,70
-22,103,-16,142,94,-368,-123,70
-22,103,-17,142,94,-367,-123,70
-22,103,-16,142,94,-367,-123,70
-22,103,-16,142,94,-367,-123,70
-22,103,-16,141,94,-367,-123,70
-22,103,-16,140,94,-367,-120,70
-22,103,-16,138,94,-367,-120,73
-22,103,-15,138,94,-367,-120,73
-22,104,-14,139,94,-367,-120,73
-22,104,-15,140,94,-367,-120,73
-22,104,-16,142,94,-367,-123,70
-22,103,-16,142,94,-367,-123,70
-23,103,-15,141,94,-367,-120,70
-22,104,-14,140,94,-367,-120,73
-21,104,-13,138,94,-367,-117,74
-20,105,-13,138,94,-367,-114,74
-18,105,-13,138,94,-367,-113,75
-18,106,-13,138,94,-367,-115,75
-17,108,-13,138,94,-367,-112,78
-17,111,-12,139,94,-367,-114,80
-17,114,-11,140,94,-367,-114,84
-18,116,-11,140,94,-367,-115,85
-18,117,-10,141,94,-367,-117,86
-17,117,-9,141,94,-367,-115,90
-16,119,-9,141,94,-367,-113,91
-15,120,-9,141,94,-367,-113,92
-15,122,-9,141,94,-367,-113,93
-17,123,-9,141,94,-367,-114,96
-18,125,-9,141,94,-367,-115,97
-18,127,-9,141,94,-367,-115,100
-17,129,-10,142,94,-367,-115,98
-17,129,-10,142,94,-367,-114,100
-16,130,-9,141,94,-367,-114,102
-14,130,-9,141,94,-367,-113,102
-14,130,-8,140,94,-367,-109,102
-16,130,-7,139,94,-367,-112,102
-18,129,-8,138,94,-367,-113,101
-19,127,-9,136,94,-367,-112,100
-19,126,-10,135,93,-367,-112,98
-17,125,-10,134,92,-367,-111,97
-16,123,-10,134,93,-367,-109,96
-18,123,-10,135,94,-367,-111,95
-20,122,-10,135,95,-367,-113,95
-22,120,-10,134,94,-367,-115,92
-23,118,-10,134,93,-367,-117,91
-24,116,-10,134,91,-367,-117,87
-24,114,-10,134,91,-366,-117,86
-24,112,-10,134,91,-365,-117,84
-23,110,-10,134,90,-365,-115,83
-24,109,-10,134,90,-365,-117,81
-25,107,-10,134,91,-366,-118,79
-25,105,-10,134,91,-367,-118,78
-25,104,-10,134,91,-367,-118,76
-24,103,-10,134,90,-367,-117,75
-23,103,-10,134,89,-367,-115,74
-23,103,-10,134,89,-367,-115,75
-24,103,-10,135,90,-367,-117,75
-24,103,-10,135,90,-367,-117,75
-23,104,-10,134,92,-367,-115,75
-22,104,-10,134,92,-367,-115,76
-22,103,-10,135,93,-367,-115,75
-22,103,-9,136,93,-367,-114,75
-21,104,-7,137,93,-367,-114,76
-21,106,-6,138,93,-367,-115,79
-20,109,-6,138,93,-367,-114,84
-18,111,-6,138,92,-367,-113,83
-18,112,-6,138,92,-367,-113,84
-18,114,-6,138,92,-367,-113,86
-17,115,-6,138,93,-367,-112,87
-17,117,-6,138,94,-367,-112,90
-16,119,-6,137,94,-367,-111,93
-15,120,-6,137,94,-369,-108,96
-16,122,-5,137,94,-371,-109,97
-16,123,-4,138,94,-372,-109,98
-16,124,-3,140,93,-371,-111,100
-14,125,-3,140,93,-370,-109,100
-12,126,-4,140,92,-370,-107,101
-12,126,-3,140,93,-372,-107,101
-13,126,-3,140,93,-372,-108,101
-13,127,-3,141,94,-372,-108,102
-13,127,-2,141,94,-372,-108,102
-12,127,-2,141,94,-372,-107,102
-11,127,-3,141,94,-372,-106,102
-12,127,-3,140,94,-372,-107,102
-13,127,-5,139,94,-372,-108,102
-13,127,-6,138,94,-372,-108,100
-13,126,-6,137,94,-373,-108,98
-12,126,-6,138,93,-375,-107,98
-12,126,-6,138,93,-377,-107,98
-13,126,-6,138,93,-377,-108,98
-14,125,-6,138,93,-377,-109,97
-15,123,-6,138,93,-377,-111,96
-15,122,-6,138,93,-377,-111,93
-16,121,-6,138,93,-377,-111,93
-15,120,-6,138,93,-377,-111,92
-14,119,-6,137,93,-377,-109,95
-14,119,-6,138,93,-377,-109,91
-14,119,-7,139,93,-377,-109,91
-14,119,-8,140,93,-377,-109,91
-14,119,-9,140,93,-377,-112,92
-14,119,-8,140,93,-377,-109,92
-14,119,-9,140,93,-377,-112,91
-14,119,-9,141,93,-377,-112,91
-14,119,-10,142,93,-377,-112,90
-13,120,-10,142,93,-377,-111,90
-11,120,-10,142,93,-378,-109,90
-10,121,-9,141,93,-379,-108,93
-10,122,-9,141,93,-380,-107,95
-9,124,-9,142,93,-380,-107,96
-9,126,-10,143,93,-380,-107,96
-8,127,-12,144,93,-380,-108,97
-8,129,-12,145,93,-381,-108,98
-7,130,-10,146,93,-382,-108,101
-7,132,-9,146,93,-381,-107,102
-6,134,-9,146,93,-380,-107,104
-6,135,-11,146,93,-380,-106,106
-5,137,-11,146,93,-380,-106,107
-5,139,-10,147,93,-381,-108,109
-4,141,-9,148,93,-382,-107,112
-5,143,-9,149,93,-382,-108,114
-4,145,-9,148,93,-382,-107,115
-3,147,-9,148,93,-382,-107,117
-2,148,-9,148,93,-382,-106,119
-2,148,-9,148,93,-382,-104,119
-3,149,-9,148,93,-382,-106,120
-4,151,-9,148,93,-382,-107,122
-4,152,-9,148,93,-380,-108,123
-5,152,-9,148,93,-378,-108,123
-4,152,-9,148,93,-377,-108,123
-4,152,-9,148,93,-376,-107,123
-4,152,-9,148,93,-377,-108,123
-6,151,-9,148,93,-377,-109,122
-7,150,-9,148,93,-377,-111,120
-9,150,-9,148,93,-377,-112,120
-9,150,-9,148,93,-377,-112,120
-9,150,-9,148,93,-376,-112,120
-10,149,-9,148,93,-375,-113,119
-10,147,-9,148,93,-375,-114,118
-12,145,-9,148,93,-375,-115,115
-12,142,-9,148,93,-375,-115,113
-13,140,-9,148,94,-374,-115,111
-13,138,-10,148,94,-372,-117,108
-14,136,-10,148,94,-372,-117,106
-15,134,-10,148,94,-372,-118,104
-16,131,-10,147,94,-372,-117,101
-16,129,-10,145,94,-372,-117,100
-17,127,-10,143,94,-372,-114,97
-18,125,-10,142,94,-372,-115,95
-18,122,-9,141,94,-372,-115,93
-18,119,-9,141,94,-372,-115,91
-18,116,-10,141,93,-372,-115,85
-18,113,-11,140,92,-372,-115,83
-19,109,-12,140,91,-372,-117,79
-20,106,-12,139,91,-372,-118,75
-21,104,-13,138,92,-372,-117,74
-22,103,-12,137,92,-372,-117,73
-22,102,-12,137,91,-370,-117,72
-22,100,-11,136,91,-368,-117,72
-23,98,-10,136,92,-367,-115,70
-25,97,-10,135,94,-367,-117,69
-25,96,-10,134,95,-367,-117,68
-24,95,-10,135,93,-367,-117,67
-23,94,-9,135,90,-367,-115,65
-23,94,-10,135,89,-367,-115,65
-24,95,-11,134,89,-367,-117,67
-24,97,-12,132,91,-367,-117,68
-25,97,-13,131,93,-367,-117,67
-24,98,-12,132,94,-367,-115,69
-22,100,-10,133,93,-367,-114,72
-20,103,-10,135,93,-367,-112,75
-19,105,-9,135,93,-367,-112,78
-19,107,-10,134,93,-367,-112,79
-20,109,-10,134,93,-366,-112,81
-20,112,-9,136,93,-365,-112,84
-20,115,-7,137,93,-366,-112,87
-19,119,-6,138,94,-366,-114,92
-19,125,-6,138,94,-366,-114,97
-18,130,-6,138,94,-366,-114,102
-17,135,-6,137,94,-366,-113,109
-15,139,-5,139,95,-366,-112,114
-14,142,-4,141,94,-365,-109,117
-13,144,-5,144,93,-364,-112,118
-13,148,-6,145,91,-364,-114,120
-13,151,-6,145,91,-365,-112,124
-12,153,-5,144,93,-365,-111,126
-10,155,-4,142,94,-364,-107,131
-8,157,-3,143,94,-364,-107,134
-8,159,-3,144,92,-365,-107,135
-9,160,-3,146,91,-365,-107,136
-9,162,-1,147,92,-365,-108,137
-8,162,0,147,93,-365,-107,137
-7,162,0,146,95,-364,-106,137
-7,160,-1,146,94,-365,-106,136
-7,158,-2,145,93,-365,-106,134
-7,156,-2,145,92,-366,-106,133
-7,156,-1,144,92,-365,-106,133
-6,155,-1,143,92,-364,-102,131
-5,154,-1,142,92,-362,-101,130
-5,151,-1,142,93,-362,-101,126
-6,147,-1,142,93,-362,-102,123
-6,144,-2,142,94,-362,-101,120
-5,143,-2,142,95,-362,-101,118
-4,141,-3,141,95,-362,-100,117
-4,139,-3,141,94,-362,-100,114
-5,137,-3,141,94,-362,-101,113
-6,135,-2,141,94,-362,-102,111
-6,134,-2,141,94,-362,-102,109
-5,133,-3,141,95,-362,-101,108
-4,132,-3,141,95,-362,-100,107
-4,131,-3,141,94,-363,-100,106
-3,130,-3,141,93,-362,-98,106
-4,130,-3,141,93,-361,-100,106
-4,131,-2,141,93,-358,-100,106
-4,132,-2,141,94,-358,-100,107
-5,133,-3,141,95,-358,-101,108
-6,135,-3,141,95,-359,-102,111
-7,136,-2,141,95,-359,-103,112
-7,137,-1,142,95,-358,-103,113
-7,140,0,144,95,-357,-103,115
-6,142,0,144,95,-357,-104,118
-6,144,1,145,95,-357,-104,123
-5,147,1,144,95,-356,-101,125
-5,151,0,144,95,-354,-103,126
-4,154,0,146,95,-352,-102,130
-3,157,-1,147,95,-352,-101,133
-1,159,-1,147,95,-353,-100,135
0,162,0,147,95,-353,-100,139
0,166,2,148,95,-351,-98,145
0,170,2,150,95,-349,-100,146
2,173,1,151,95,-347,-98,150
3,176,0,152,95,-347,-98,152
3,177,0,151,96,-347,-98,153
3,179,0,151,96,-348,-98,156
3,180,0,151,95,-347,-97,156
5,180,0,151,94,-346,-96,157
7,181,0,151,93,-344,-93,158
7,181,0,151,93,-343,-93,158
7,181,1,151,93,-342,-93,158
6,181,1,151,95,-342,-95,158
7,181,0,151,96,-342,-93,158
7,180,0,150,94,-341,-93,157
7,177,-1,149,92,-340,-93,155
6,176,-2,148,91,-339,-95,152
5,174,-2,148,93,-338,-96,151
4,172,-2,148,94,-338,-96,148
4,169,-2,148,95,-338,-96,145
5,165,-2,148,93,-338,-96,141
4,161,-2,148,91,-337,-96,137
3,158,-3,147,91,-337,-97,134
0,154,-5,146,91,-338,-100,128
0,151,-6,144,91,-338,-98,124
0,148,-6,144,91,-337,-98,120
0,144,-6,145,91,-336,-97,117
0,140,-6,145,91,-334,-97,113
-1,135,-7,144,92,-332,-98,108
-4,132,-8,142,92,-332,-102,104
-7,129,-9,141,91,-332,-104,101
-8,126,-10,141,91,-333,-106,96
-8,125,-10,142,91,-333,-106,95
-8,122,-9,141,92,-332,-106,95
-9,120,-9,141,93,-333,-107,92
-10,117,-10,142,93,-333,-108,87
-11,115,-10,142,93,-333,-108,85
-11,115,-12,144,92,-332,-112,85
-12,114,-12,145,91,-332,-112,84
-13,113,-13,145,91,-332,-113,83
-14,112,-14,144,91,-332,-113,79
-15,110,-14,144,92,-333,-114,78
-16,108,-14,144,92,-332,-117,78
-17,107,-13,145,91,-332,-117,76
-18,106,-12,145,91,-332,-118,75
-18,106,-14,144,91,-333,-118,75
-18,106,-15,143,91,-334,-118,73
-18,106,-17,142,91,-335,-118,73
-18,104,-17,142,91,-334,-118,70
-19,101,-16,142,91,-333,-119,68
-21,100,-16,142,91,-332,-120,67
-22,98,-16,142,91,-332,-122,64
-22,96,-16,142,92,-333,-122,63
-22,93,-17,143,92,-333,-122,59
-21,90,-18,143,91,-332,-120,57
-21,87,-18,142,90,-332,-120,53
-21,85,-19,140,90,-333,-120,52
-23,83,-21,140,90,-334,-122,47
-23,81,-21,140,91,-334,-123,45
-24,79,-21,140,91,-335,-123,42
-24,75,-20,139,90,-337,-120,41
-24,72,-20,139,88,-338,-120,37
-25,69,-21,138,88,-337,-120,32
-26,66,-24,138,88,-336,-122,30
-27,64,-25,137,88,-334,-125,28
-27,61,-26,137,87,-334,-124,24
-28,58,-25,137,86,-335,-124,21
-28,56,-25,137,86,-337,-124,19
-28,54,-24,136,86,-338,-124,17
-28,52,-23,135,86,-337,-124,15
-27,51,-23,135,86,-337,-123,14
-27,51,-24,136,86,-337,-123,14
-28,50,-25,137,86,-337,-124,13
-30,48,-25,137,86,-337,-125,10
-31,47,-24,136,86,-337,-126,9
-31,47,-24,135,86,-337,-126,10
-31,49,-24,136,86,-337,-126,12
-31,51,-23,137,86,-337,-126,14
-31,53,-23,139,86,-338,-129,17
-30,54,-22,139,85,-339,-126,18
-30,56,-21,138,84,-339,-126,19
-30,57,-21,138,85,-339,-126,19
-31,58,-20,138,86,-339,-128,24
-32,59,-20,139,86,-340,-128,25
-32,61,-20,139,85,-342,-129,28
-30,64,-20,139,84,-343,-126,30
-28,67,-20,138,84,-342,-125,32
-27,69,-20,138,84,-341,-124,35
-28,72,-19,139,83,-340,-124,37
-28,73,-19,140,81,-340,-124,39
-28,75,-19,140,81,-340,-124,41
-27,76,-19,140,81,-340,-123,42
-25,78,-18,140,81,-340,-122,43
-24,79,-18,141,81,-341,-123,46
-22,80,-17,141,81,-342,-122,47
-22,82,-17,141,81,-342,-122,48
-23,83,-18,141,81,-342,-122,50
-23,85,-18,141,81,-342,-123,51
-23,86,-18,141,81,-342,-122,53
-21,88,-18,140,81,-342,-120,54
-20,88,-18,140,81,-342,-117,54
-19,88,-19,139,81,-342,-117,54
-20,88,-19,139,81,-342,-117,54
-20,88,-18,140,81,-342,-117,54
-20,88,-18,141,81,-342,-119,54
-21,90,-17,141,81,-342,-120,56
-21,91,-18,140,81,-342,-120,58
-22,92,-19,140,81,-342,-119,59
-22,93,-19,139,81,-342,-119,59
-22,93,-19,139,81,-342,-119,59
-22,92,-18,140,81,-342,-119,59
-22,92,-19,140,81,-342,-119,59
-22,93,-19,139,82,-342,-119,59
-22,93,-20,138,81,-342,-119,59
-22,92,-20,138,80,-342,-119,59
-22,92,-20,139,78,-342,-119,59
-22,93,-20,139,76,-341,-119,59
-22,93,-20,138,76,-341,-119,59
-22,93,-20,138,76,-341,-119,59
-24,92,-20,139,76,-341,-120,58
-24,90,-20,139,76,-341,-122,57
-25,88,-20,138,76,-341,-122,54
-25,86,-21,138,76,-341,-122,50
-25,84,-22,136,76,-341,-122,47
-25,81,-24,136,76,-341,-122,45
-25,79,-25,136,76,-341,-122,42
-25,75,-25,137,76,-341,-122,39
-26,72,-24,137,76,-341,-123,36
-27,69,-25,135,76,-341,-124,32
-29,65,-26,133,76,-341,-123,29
-32,61,-27,132,76,-341,-125,24
-33,58,-27,132,76,-342,-126,20
-33,55,-27,132,77,-342,-128,18
-33,52,-27,132,76,-341,-126,14
-33,48,-28,131,75,-340,-126,8
-33,44,-30,130,73,-338,-126,4
-34,40,-31,129,72,-338,-126,1
-35,37,-31,128,71,-338,-128,-2
-36,35,-31,129,72,-338,-130,-4
-38,32,-31,129,72,-337,-131,-7
-39,30,-31,129,72,-336,-133,-9
-41,27,-31,129,72,-336,-134,-12
-41,25,-31,129,72,-336,-134,-14
-40,23,-31,129,72,-336,-133,-17
-39,22,-31,129,72,-336,-133,-18
-39,22,-31,129,72,-336,-133,-18
-39,22,-30,130,72,-336,-133,-18
-39,22,-29,130,72,-336,-133,-18
-39,22,-28,131,72,-336,-133,-18
-40,23,-28,131,72,-336,-134,-17
-41,25,-27,132,72,-336,-134,-12
-40,27,-27,132,72,-336,-134,-9
-39,29,-27,132,72,-337,-133,-7
-40,32,-27,132,72,-338,-133,-4
-40,34,-26,133,72,-339,-134,-2
-40,37,-25,134,71,-340,-136,0
-38,39,-24,135,70,-341,-134,2
-36,43,-23,136,69,-341,-131,6
-34,47,-22,137,68,-341,-130,9
-34,51,-21,138,68,-341,-130,14
-33,55,-20,138,67,-341,-130,20
-33,59,-20,139,66,-340,-130,25
-33,63,-20,139,66,-341,-129,29
-32,66,-20,139,66,-342,-128,32
-30,70,-19,139,66,-344,-126,36
-28,74,-18,140,66,-346,-128,40
-28,79,-17,142,66,-346,-126,45
-28,83,-15,144,66,-346,-126,48
-28,86,-15,146,66,-346,-130,52
-27,88,-15,147,66,-345,-129,54
-26,91,-14,147,66,-345,-128,57
-24,93,-14,146,66,-346,-125,59
-22,96,-13,145,66,-347,-122,65
-21,99,-12,145,66,-349,-120,68
-21,101,-12,145,66,-349,-122,70
-22,102,-13,145,66,-349,-122,72
-22,104,-14,146,66,-349,-125,70
-21,104,-14,147,66,-350,-124,72
-20,105,-14,146,66,-351,-122,72
-18,106,-13,145,66,-351,-118,75
-18,106,-12,145,66,-350,-118,75
-18,106,-12,145,66,-349,-118,75
-18,106,-13,145,66,-347,-118,75
-18,104,-14,144,66,-346,-117,72
-18,102,-15,143,66,-347,-118,69
-19,100,-16,142,66,-349,-119,67
-20,99,-17,141,66,-350,-119,65
-19,98,-16,142,66,-350,-119,64
-18,97,-16,142,66,-349,-118,63
-18,95,-16,142,66,-347,-118,62
-19,94,-16,142,66,-346,-118,61
-20,92,-16,142,66,-345,-119,58
-21,90,-16,142,66,-346,-120,57
-20,88,-17,141,65,-346,-119,54
-20,88,-19,140,64,-346,-117,54
-19,88,-20,139,63,-346,-117,54
-21,87,-20,138,62,-346,-118,53
-22,85,-20,138,61,-345,-119,51
-23,83,-20,139,61,-344,-119,50
-23,83,-20,139,61,-344,-119,48
-22,82,-20,139,61,-344,-119,48
-21,82,-20,138,62,-343,-118,48
-21,82,-20,138,62,-343,-118,48
-22,82,-20,138,61,-341,-119,48
-22,82,-20,138,61,-340,-119,48
-22,81,-20,139,61,-340,-119,47
-22,82,-20,139,61,-341,-119,48
-21,84,-20,139,61,-341,-118,50
-20,86,-20,139,61,-340,-117,53
-20,88,-20,138,61,-341,-117,54
-21,90,-19,138,61,-340,-118,57
-21,91,-19,140,61,-340,-118,58
-21,94,-18,142,61,-340,-122,61
-21,97,-19,144,61,-341,-123,62
-21,99,-19,145,61,-342,-123,63
-21,101,-19,145,61,-343,-123,65
-21,103,-18,144,61,-342,-120,69
-20,105,-18,144,62,-341,-123,72
-19,107,-19,145,62,-340,-122,72
-18,110,-19,147,61,-341,-120,74
-18,113,-18,147,61,-342,-120,78
-18,115,-18,146,60,-342,-120,80
-17,118,-18,147,58,-342,-120,83
-17,120,-18,148,57,-341,-119,85
-16,122,-16,149,57,-342,-118,89
-15,124,-14,148,58,-342,-118,91
-14,126,-14,147,58,-342,-117,93
-14,127,-14,146,58,-341,-117,95
-14,129,-14,146,57,-340,-117,96
-13,130,-14,146,57,-340,-115,98
-11,132,-13,145,57,-342,-112,102
-10,132,-13,145,57,-342,-111,102
-11,133,-13,145,57,-342,-112,103
-12,135,-13,145,57,-341,-113,106
-13,137,-13,145,57,-340,-113,107
-11,138,-13,145,57,-340,-112,108
-10,138,-12,145,57,-341,-111,109
-9,139,-12,145,57,-343,-109,109
-9,138,-13,145,57,-343,-109,109
-10,138,-14,144,57,-343,-111,106
-10,138,-14,144,57,-343,-111,106
-9,139,-14,144,57,-343,-109,109
-8,139,-13,145,57,-343,-108,109
-9,137,-12,145,57,-343,-109,107
-10,134,-14,144,57,-343,-111,104
-11,133,-15,143,56,-343,-111,101
-10,132,-16,142,55,-342,-111,100
-10,131,-17,141,55,-341,-109,98
-8,130,-16,142,55,-340,-108,97
-8,129,-16,142,57,-340,-108,96
-9,127,-16,142,57,-340,-109,95
-10,125,-16,142,57,-340,-111,92
-12,122,-16,142,55,-340,-113,90
-14,120,-16,142,54,-340,-113,87
-13,117,-16,142,54,-340,-113,85
-13,115,-16,142,54,-340,-113,83
-14,114,-16,142,56,-340,-113,81
-15,113,-16,142,56,-340,-115,80
-16,113,-17,142,56,-340,-117,80
-16,112,-17,142,55,-340,-115,80
-16,111,-16,142,54,-340,-115,79
-16,109,-16,141,53,-340,-113,76
-17,107,-15,140,52,-340,-114,74
-18,105,-14,140,52,-339,-115,75
-18,104,-14,139,52,-339,-114,74
-16,103,-13,138,52,-339,-113,73
-16,102,-13,138,52,-338,-111,72
-17,101,-13,138,52,-337,-112,70
-19,100,-13,138,52,-336,-115,69
-19,98,-14,139,52,-336,-117,68
-19,96,-13,138,52,-336,-113,65
-18,95,-12,137,52,-337,-112,64
-19,94,-11,136,52,-337,-113,65
-21,93,-10,135,52,-338,-113,65
-22,93,-10,134,52,-338,-114,64
-22,92,-10,134,52,-338,-114,64
-21,91,-10,135,52,-337,-113,63
-21,91,-10,134,52,-337,-113,63
-22,92,-10,135,52,-338,-114,63
-23,92,-10,135,52,-340,-115,63
-23,90,-10,135,52,-340,-115,62
-23,88,-10,134,52,-340,-115,59
-23,87,-10,133,52,-340,-115,58
-24,86,-11,131,52,-340,-113,57
-24,86,-12,131,52,-340,-114,57
-24,85,-11,131,52,-340,-113,56
-22,83,-10,130,52,-340,-112,54
-21,82,-9,129,52,-340,-111,53
-22,81,-9,128,52,-340,-108,53
-23,81,-10,128,52,-340,-109,52
-25,80,-10,128,52,-340,-112,52
-26,80,-10,128,52,-340,-113,51
-26,79,-10,128,52,-340,-113,51
-25,78,-10,128,52,-340,-112,50
-24,76,-10,128,52,-340,-111,48
-23,75,-10,127,52,-340,-111,46
-23,75,-10,128,52,-341,-111,46
-25,76,-11,129,52,-343,-114,47
-26,78,-13,130,51,-345,-115,50
-26,80,-13,131,51,-345,-118,48
-26,79,-14,132,51,-345,-118,48
-25,78,-14,131,51,-345,-117,47
-25,77,-13,131,51,-345,-117,46
-26,77,-13,131,51,-345,-118,46
-27,78,-13,131,51,-345,-119,47
-28,79,-13,131,51,-345,-120,47
-28,79,-13,131,51,-345,-119,47
-27,79,-13,131,51,-345,-119,47
-27,79,-13,131,51,-345,-119,47
-28,78,-13,131,51,-345,-119,47
-29,78,-13,131,51,-345,-120,47
-30,77,-14,131,51,-345,-122,46
-31,77,-14,131,51,-345,-123,46
-32,76,-13,131,51,-345,-124,45
-33,75,-13,132,51,-345,-125,43
-35,75,-13,131,51,-345,-126,43
-35,75,-15,131,52,-345,-126,43
-34,74,-17,130,51,-344,-126,42
-34,71,-18,130,51,-343,-125,40
-35,68,-18,129,52,-343,-126,36
-36,65,-17,129,52,-343,-125,32
-37,62,-17,128,52,-343,-126,30
-38,60,-18,127,52,-342,-128,29
-38,58,-19,126,50,-341,-126,26
-39,54,-21,125,48,-340,-128,20
-39,51,-22,126,48,-339,-129,17
-41,48,-22,126,50,-339,-129,13
-41,45,-21,126,52,-340,-130,10
-41,42,-21,125,52,-340,-130,7
-40,38,-20,125,51,-340,-129,3
-40,34,-21,124,50,-340,-129,0
-41,31,-21,124,49,-338,-129,-3
-41,28,-22,124,48,-336,-129,-6
-41,25,-23,123,47,-335,-129,-9
-42,22,-23,122,47,-335,-128,-12
-42,19,-24,122,47,-335,-128,-15
-42,17,-24,121,47,-335,-128,-18
-41,15,-24,121,47,-335,-126,-19
-41,15,-24,122,47,-335,-126,-20
-42,16,-24,122,47,-335,-128,-19
-42,17,-24,122,47,-335,-128,-18
-42,19,-24,121,47,-335,-128,-15
-41,21,-24,122,47,-335,-126,-13
-40,22,-24,122,47,-335,-125,-12
-39,24,-25,122,47,-335,-125,-10
-39,26,-25,121,47,-335,-125,-8
-39,28,-24,122,47,-336,-125,-6
-40,32,-23,122,47,-338,-125,-2
-39,36,-21,124,47,-340,-128,1
-38,39,-21,126,47,-340,-126,4
-36,44,-23,128,47,-340,-128,9
-36,48,-24,129,47,-340,-126,12
-35,53,-24,129,47,-340,-126,15
-35,57,-24,128,47,-340,-126,23
-34,62,-23,127,47,-340,-125,28
-32,67,-21,128,47,-340,-124,32
-31,72,-21,130,47,-339,-123,37
-30,77,-20,131,47,-340,-122,43
-29,81,-19,131,47,-340,-122,47
-28,86,-18,132,47,-341,-120,56
-27,90,-17,133,47,-342,-119,59
-25,95,-17,134,47,-341,-120,64
-24,99,-17,135,47,-340,-119,68
-22,103,-16,136,47,-341,-117,72
-20,106,-16,136,47,-343,-115,76
-18,109,-16,136,46,-344,-113,79
-17,112,-16,136,46,-343,-112,81
-17,114,-15,136,47,-343,-112,84
-18,116,-13,136,47,-343,-113,86
-19,116,-12,137,46,-344,-114,86
-19,117,-12,137,46,-345,-114,86
-17,117,-12,138,46,-345,-112,87
-15,118,-13,138,46,-344,-111,89
-14,119,-12,137,46,-345,-109,89
-14,119,-11,136,46,-345,-109,92
-14,119,-10,136,46,-344,-109,92
-14,118,-11,136,47,-343,-108,90
-13,116,-12,135,47,-343,-106,89
-12,113,-13,133,47,-343,-104,83
-13,110,-14,132,46,-344,-106,80
-15,108,-14,131,47,-345,-107,78
-16,105,-13,131,46,-345,-108,75
-17,103,-13,131,46,-345,-109,73
-17,101,-13,132,46,-344,-109,70
-18,99,-13,132,47,-343,-111,68
-19,95,-13,131,47,-343,-112,64
-21,92,-13,131,47,-343,-113,62
-22,89,-13,131,45,-343,-114,58
-23,87,-13,131,43,-341,-115,56
-24,86,-13,131,44,-340,-115,54
-24,84,-13,131,46,-339,-115,53
-24,82,-13,131,46,-339,-115,51
-24,80,-13,131,46,-340,-115,50
-26,79,-14,131,44,-340,-118,48
-28,78,-14,131,43,-339,-119,47
-28,76,-13,131,45,-339,-120,45
-29,74,-13,130,47,-340,-118,46
-28,72,-12,130,48,-340,-118,43
-28,72,-13,130,47,-340,-117,43
-28,72,-12,130,45,-340,-118,43
-29,74,-11,129,43,-339,-118,46
-29,76,-10,128,42,-339,-117,47
-29,78,-10,127,41,-339,-115,50
-28,79,-10,128,41,-339,-114,51
-26,79,-10,128,42,-341,-113,51
-26,81,-10,128,44,-342,-113,52
-26,83,-10,127,46,-343,-113,54
-25,85,-10,128,45,-343,-113,57
-25,87,-11,129,44,-344,-115,58
-26,89,-13,130,42,-345,-115,61
-25,92,-13,132,41,-344,-118,61
-24,96,-12,133,42,-344,-117,68
-22,100,-12,133,42,-344,-114,72
-22,102,-12,132,42,-344,-114,74
-22,104,-13,132,42,-344,-114,74
-22,106,-12,132,42,-344,-114,78
-21,108,-11,133,42,-344,-114,80
-21,110,-10,134,42,-344,-113,83
-20,113,-9,135,42,-344,-113,85
-19,115,-10,135,42,-344,-112,87
-19,117,-10,134,42,-344,-112,89
-17,117,-10,135,42,-344,-109,90
-16,119,-10,135,42,-344,-108,91
-15,120,-10,134,42,-344,-108,93
-16,122,-10,134,42,-344,-108,95
-16,123,-10,135,42,-344,-109,96
-17,124,-9,136,42,-344,-109,96
-17,123,-8,137,42,-344,-112,96
-17,123,-9,138,42,-344,-112,96
-16,123,-10,137,43,-344,-112,96
-16,123,-10,137,44,-344,-112,96
-17,123,-8,137,45,-344,-112,96
-18,123,-7,139,45,-345,-113,95
-20,122,-8,139,45,-345,-115,95
-21,121,-10,139,45,-344,-115,93
-21,119,-10,139,45,-343,-117,91
-21,117,-9,137,45,-343,-115,90
-20,116,-8,136,44,-342,-113,89
-21,115,-8,135,43,-341,-113,87
-21,114,-10,135,44,-340,-114,86
-22,111,-10,134,45,-339,-115,84
-23,108,-10,135,45,-339,-115,80
-23,104,-9,135,43,-340,-115,76
-23,102,-10,135,42,-341,-115,74
-24,98,-10,133,42,-341,-115,70
-25,95,-12,132,42,-342,-118,67
-26,92,-13,131,43,-342,-118,61
-26,90,-14,131,43,-343,-118,58
-25,87,-13,131,44,-343,-117,56
-24,84,-13,132,43,-343,-117,53
-25,81,-13,132,43,-343,-117,51
-28,79,-14,130,42,-343,-117,48
-29,77,-15,128,41,-344,-119,46
-30,76,-16,127,42,-345,-119,45
-29,74,-16,127,43,-345,-118,43
-28,73,-16,126,46,-344,-117,42
-29,72,-15,126,47,-345,-115,43
-31,71,-14,125,46,-344,-118,42
-33,70,-14,124,43,-344,-119,41
-32,71,-14,124,42,-344,-119,42
-31,71,-14,125,42,-344,-118,42
-29,72,-14,125,43,-344,-115,43
-28,72,-14,125,43,-344,-115,43
-28,73,-14,124,44,-344,-114,45
-27,75,-15,123,44,-344,-114,46
-27,77,-15,123,43,-344,-113,48
-26,79,-15,123,43,-344,-113,51
-27,81,-14,124,42,-344,-114,53
-27,84,-14,125,42,-344,-114,56
-27,87,-12,126,43,-344,-114,59
-26,90,-11,127,44,-344,-113,62
-26,93,-10,128,43,-345,-113,64
-26,96,-10,128,42,-345,-113,68
-26,99,-10,128,41,-344,-113,72
-26,102,-10,128,42,-343,-113,74
-25,104,-10,127,43,-343,-112,76
-23,107,-10,128,44,-343,-111,79
-22,110,-9,129,43,-344,-112,83
-22,113,-7,130,42,-344,-112,87
-22,115,-7,131,42,-343,-113,90
-23,116,-6,131,42,-343,-113,91
-23,119,-6,131,42,-343,-113,93
-23,120,-7,131,42,-342,-113,95
-22,121,-7,131,42,-341,-112,96
-21,121,-7,131,43,-340,-112,96
-21,121,-7,131,43,-341,-112,96
-21,121,-7,131,44,-341,-112,96
-21,121,-7,131,44,-341,-112,96
-20,120,-7,131,43,-340,-111,95
-19,118,-7,131,44,-341,-109,93
-19,117,-7,131,45,-343,-109,91
-20,116,-7,131,46,-345,-111,91
-21,115,-7,131,46,-345,-112,90
-22,114,-7,131,47,-345,-112,89
-21,111,-7,131,47,-343,-112,86
-20,109,-6,131,47,-342,-111,84
-20,106,-6,131,47,-342,-111,81
-21,104,-7,131,47,-343,-111,79
-22,102,-7,130,47,-343,-112,76
-22,100,-9,129,46,-344,-112,72
-23,97,-10,128,46,-345,-111,68
-24,93,-10,128,46,-345,-111,65
-25,91,-10,128,46,-345,-112,63
-26,89,-10,128,46,-344,-113,61
-27,86,-10,128,47,-343,-114,58
-27,84,-11,127,47,-343,-114,56
-27,82,-13,126,47,-343,-114,53
-27,80,-15,126,46,-344,-114,52
-26,80,-15,126,46,-345,-113,48
-27,79,-14,125,46,-345,-113,50
-28,76,-14,125,46,-344,-115,47
-30,74,-14,125,46,-344,-117,45
-31,71,-15,126,46,-344,-118,42
-31,69,-16,126,46,-344,-120,37
-31,67,-16,127,46,-344,-120,36
-32,65,-16,127,46,-344,-120,34
-32,64,-16,127,46,-344,-122,32
-34,64,-17,128,46,-344,-123,32
-35,64,-18,127,46,-344,-124,32
-36,63,-19,126,46,-344,-125,31
-37,62,-19,126,46,-344,-126,30
-38,60,-19,126,46,-344,-126,29
-37,58,-19,126,46,-344,-126,26
-36,57,-20,125,46,-344,-125,23
-36,57,-21,125,46,-344,-125,23
-37,56,-21,125,46,-344,-126,21
-39,56,-21,125,46,-344,-129,21
-40,55,-20,125,46,-344,-129,20
-41,55,-21,125,46,-344,-130,20
-41,55,-21,125,46,-344,-130,20
-40,55,-20,125,46,-345,-129,20
-40,55,-20,125,46,-345,-129,20
-40,55,-21,125,46,-344,-129,20
-41,55,-21,124,46,-344,-130,20
-40,55,-22,123,46,-344,-126,20
-40,55,-22,123,46,-346,-126,20
-40,55,-22,123,46,-348,-126,20
-40,55,-22,123,46,-349,-126,20
-40,55,-23,122,46,-350,-126,20
-40,55,-24,122,46,-350,-126,20
-41,55,-24,121,46,-349,-128,20
-40,55,-24,121,46,-349,-126,20
-40,55,-24,122,46,-349,-126,20
-40,55,-24,122,46,-349,-126,20
-41,55,-24,122,46,-349,-128,20
-41,54,-24,121,46,-349,-128,20
-40,55,-25,121,46,-349,-126,20
-39,56,-24,122,46,-350,-126,21
-38,57,-23,122,46,-349,-124,23
-36,57,-21,124,46,-349,-125,23
-35,56,-21,125,46,-349,-124,21
-34,54,-20,125,46,-350,-123,20
-34,53,-20,125,46,-350,-123,19
-34,54,-21,124,46,-349,-123,19
-34,54,-21,124,45,-349,-123,20
-35,54,-20,125,44,-349,-124,20
-35,54,-19,126,45,-349,-124,23
-35,56,-18,127,46,-349,-124,24
-34,57,-18,127,46,-350,-123,25
-34,59,-18,127,46,-350,-123,28
-33,61,-18,127,46,-349,-122,29
-33,63,-17,128,46,-349,-122,31
-32,64,-17,128,46,-349,-122,32
-32,66,-17,128,46,-349,-122,34
-31,67,-17,128,46,-349,-120,36
-30,70,-17,128,46,-349,-119,39
-29,73,-17,128,46,-350,-119,42
-28,77,-16,129,46,-350,-118,46
-28,80,-15,129,46,-349,-118,48
-27,82,-15,130,45,-349,-117,51
-28,86,-14,130,44,-349,-120,54
-28,90,-14,131,45,-349,-120,59
-28,95,-13,131,46,-349,-120,64
-26,100,-13,131,47,-350,-118,69
-24,103,-12,132,46,-350,-117,75
-22,106,-11,133,45,-349,-114,78
-21,109,-10,135,43,-349,-114,81
-21,113,-9,135,41,-349,-114,85
-20,117,-10,134,41,-349,-113,90
-19,121,-10,134,41,-349,-112,93
-18,124,-10,134,42,-349,-112,97
-18,128,-9,136,42,-349,-111,101
-17,132,-7,137,42,-349,-111,104
-17,134,-6,138,41,-349,-113,107
-16,137,-6,138,42,-349,-112,112
-16,139,-6,138,42,-349,-112,112
-15,141,-6,138,41,-349,-111,114
-14,142,-7,138,41,-349,-109,114
-12,143,-6,138,41,-349,-108,115
-10,143,-5,137,42,-348,-103,119
-10,144,-4,135,43,-347,-103,119
-9,144,-3,134,44,-346,-100,120
-8,145,-3,133,43,-346,-98,120
-8,145,-3,134,42,-345,-98,120
-8,144,-4,136,42,-344,-101,120
-9,143,-5,137,42,-344,-102,118
-9,141,-5,137,42,-344,-102,117
-8,139,-4,136,42,-345,-102,114
-8,137,-3,135,42,-345,-98,113
-8,135,-3,133,42,-344,-98,111
-9,133,-4,133,42,-343,-100,108
-10,131,-6,133,43,-343,-100,107
-9,129,-9,134,44,-342,-102,102
-9,126,-10,134,43,-341,-102,100
-9,123,-10,135,43,-340,-102,96
-11,121,-10,135,44,-339,-103,93
-13,118,-9,134,45,-339,-106,91
-14,116,-8,133,46,-339,-104,89
-15,113,-8,132,44,-340,-104,85
-16,111,-8,133,42,-339,-108,84
-16,109,-9,134,42,-339,-109,81
-17,106,-10,134,42,-339,-109,79
-17,104,-9,134,42,-339,-109,76
-16,103,-9,133,42,-339,-108,75
-16,102,-7,132,42,-339,-106,76
-17,101,-7,132,42,-339,-107,75
-18,99,-7,131,42,-340,-108,73
-18,97,-8,131,42,-340,-108,72
-18,95,-10,130,42,-339,-108,67
-18,94,-12,130,42,-338,-107,67
-18,95,-13,130,42,-336,-107,67
-18,95,-13,132,42,-336,-111,64
-19,96,-12,132,42,-336,-112,68
-20,98,-12,132,42,-336,-112,70
-19,100,-11,131,42,-335,-109,72
-17,101,-10,130,42,-335,-107,74
-16,102,-8,131,42,-334,-106,76
-15,101,-8,132,42,-335,-106,74
-16,101,-9,133,42,-335,-108,74
-17,102,-11,133,42,-335,-109,74
-17,105,-11,134,42,-335,-109,78
-16,109,-10,134,42,-335,-108,81
-14,112,-9,134,42,-335,-107,84
-13,114,-8,134,42,-335,-106,86
-13,116,-7,133,42,-334,-103,91
-12,118,-6,133,43,-333,-102,93
-11,120,-6,133,43,-333,-104,96
-10,123,-6,133,43,-333,-100,98
-8,126,-4,133,43,-333,-98,102
-7,130,-4,133,43,-332,-98,106
-7,133,-5,133,43,-330,-97,108
-6,135,-6,133,43,-329,-100,111
-5,137,-7,135,43,-329,-98,113
-4,139,-5,137,43,-330,-97,115
-4,142,-5,137,43,-330,-97,118
-4,146,-5,137,43,-330,-97,122
-5,148,-6,137,43,-330,-101,124
-5,151,-6,138,43,-330,-101,124
-5,151,-5,139,43,-330,-101,128
-4,152,-5,139,43,-330,-101,129
-5,154,-4,139,43,-330,-101,130
-6,155,-4,139,43,-330,-102,131
-7,156,-5,139,43,-330,-103,133
-7,157,-5,139,43,-330,-103,133
-7,157,-6,138,43,-330,-103,133
-7,156,-6,138,43,-330,-102,130
-6,155,-6,138,43,-330,-102,129
-5,154,-6,138,43,-330,-101,128
-6,152,-6,138,43,-330,-102,125
-6,149,-6,138,43,-330,-102,123
-7,147,-6,138,43,-330,-102,120
-8,144,-6,138,43,-329,-103,119
-8,140,-6,138,43,-328,-103,113
-8,137,-7,137,43,-327,-102,111
-8,135,-9,136,43,-326,-101,108
-8,132,-10,135,43,-326,-101,104
-9,129,-10,134,43,-326,-102,102
-10,126,-9,133,43,-326,-103,98
-11,123,-8,133,43,-326,-101,96
-12,121,-7,132,43,-327,-102,96
-12,118,-8,132,43,-326,-102,91
-12,115,-8,131,43,-325,-102,87
-12,112,-9,129,42,-325,-102,84
-12,108,-10,128,40,-324,-100,81
-13,107,-10,127,40,-325,-100,79
-13,105,-10,128,41,-325,-100,78
-13,103,-10,128,42,-326,-101,75
-14,102,-10,128,41,-326,-102,75
-16,101,-10,128,40,-326,-103,74
-16,101,-10,128,39,-326,-103,74
-16,102,-10,128,40,-327,-103,74
-16,101,-10,128,41,-327,-103,74
-16,101,-10,127,42,-327,-103,73
-16,101,-9,127,43,-326,-103,76
-17,103,-9,126,44,-325,-104,78
-16,105,-9,127,43,-324,-103,80
-15,107,-10,127,41,-325,-103,79
-15,108,-9,129,39,-327,-106,80
-16,108,-9,129,39,-328,-106,84
-17,110,-8,130,41,-328,-107,85
-17,112,-7,130,43,-327,-107,87
-17,114,-7,131,43,-327,-107,89
-18,116,-6,131,43,-328,-108,91
-18,116,-6,131,43,-329,-108,91
-19,117,-7,131,43,-330,-109,91
-19,117,-7,131,43,-330,-109,91
-19,118,-7,131,43,-330,-109,92
-20,120,-7,131,43,-330,-111,95
-20,122,-7,131,43,-330,-111,97
-19,122,-7,131,43,-330,-109,97
-18,122,-7,131,43,-329,-108,97
-19,122,-7,131,43,-330,-109,97
-20,122,-7,131,43,-332,-111,97
-21,122,-7,131,43,-333,-112,96
-21,121,-6,131,43,-333,-112,96
-20,119,-6,131,43,-333,-111,95
-19,118,-7,131,43,-332,-109,93
-19,117,-7,130,43,-332,-109,92
-18,116,-8,130,42,-333,-108,91
-18,115,-8,129,41,-334,-108,90
-17,114,-9,128,40,-335,-104,86
-17,113,-10,128,41,-335,-104,85
-16,112,-10,128,42,-335,-104,85
-15,111,-10,128,43,-335,-103,84
-14,110,-10,128,43,-335,-102,83
-14,108,-10,128,42,-335,-102,80
-15,108,-10,128,42,-335,-102,80
-17,106,-10,128,42,-335,-104,79
-18,105,-10,128,43,-335,-104,78
-17,103,-10,128,42,-335,-104,75
-16,102,-10,128,42,-335,-103,74
-16,101,-10,128,42,-335,-106,74
-15,102,-10,128,42,-335,-103,74
-15,100,-10,126,42,-335,-102,73
-16,98,-11,124,42,-335,-103,70
-17,96,-12,122,42,-335,-101,68
-18,95,-11,121,42,-335,-102,67
-18,95,-11,121,42,-335,-102,69
-18,93,-10,121,42,-335,-102,68
-18,91,-10,121,42,-335,-102,65
-18,89,-11,121,42,-335,-103,63
-19,88,-13,121,42,-335,-103,61
-20,88,-15,121,42,-335,-104,61
-21,87,-16,120,42,-335,-106,59
-23,85,-15,119,42,-335,-108,57
-25,82,-14,117,42,-335,-107,53
-26,79,-14,117,42,-335,-108,51
-27,77,-15,119,42,-335,-112,48
-27,75,-16,119,42,-335,-112,46
-27,72,-16,119,42,-335,-112,43
-27,69,-15,119,42,-335,-112,40
-28,66,-15,119,42,-335,-112,37
-29,62,-15,119,42,-335,-113,34
-30,59,-15,119,42,-335,-114,30
-32,56,-16,118,42,-335,-113,26
-32,53,-17,115,42,-335,-114,24
-33,49,-18,115,42,-335,-114,19
-34,46,-19,115,42,-335,-114,14
-34,43,-19,116,42,-335,-115,12
-35,42,-18,115,42,-335,-117,9
-36,40,-18,115,42,-335,-118,10
-37,39,-18,114,42,-335,-118,9
-36,36,-18,115,42,-335,-117,4
-35,34,-19,116,42,-335,-115,2
-34,33,-19,116,42,-335,-115,1
-35,34,-19,115,42,-335,-115,2
-36,35,-19,115,42,-334,-117,3
-36,36,-18,115,43,-333,-117,3
-35,36,-18,117,43,-332,-115,7
-33,38,-16,118,43,-331,-117,8
-33,40,-16,119,43,-331,-117,10
-32,43,-17,119,43,-331,-115,13
-31,45,-17,119,43,-330,-114,13
-31,49,-18,119,43,-330,-114,17
-30,54,-17,120,43,-329,-113,21
-29,57,-16,120,43,-330,-113,28
-28,60,-15,120,43,-330,-113,31
-27,64,-15,120,43,-330,-111,35
-25,68,-15,122,43,-330,-109,40
-24,75,-15,123,43,-330,-111,46
-23,82,-15,124,43,-330,-111,53
-22,87,-14,125,43,-330,-109,58
-21,91,-12,126,43,-330,-108,63
-20,96,-11,127,43,-330,-107,68
-19,100,-10,128,43,-330,-107,72
-19,105,-10,128,43,-330,-106,76
-19,109,-10,128,43,-330,-106,81
-18,114,-9,129,43,-330,-108,86
-18,118,-9,129,41,-329,-108,92
-17,121,-8,130,39,-329,-107,96
-17,124,-7,130,39,-329,-107,98
-16,126,-7,131,41,-329,-107,101
-16,128,-7,131,43,-330,-106,103
-15,130,-7,132,43,-330,-106,106
-13,131,-8,132,43,-330,-103,104
-12,131,-7,132,43,-330,-102,107
-11,132,-7,132,43,-330,-102,107
-12,131,-7,132,43,-330,-102,107
-13,131,-8,132,43,-330,-103,104
-14,130,-7,132,43,-330,-104,106
-14,129,-7,132,41,-329,-104,104
-13,127,-7,131,39,-329,-103,102
-12,126,-7,130,38,-329,-102,101
-12,124,-9,129,37,-329,-102,97
-12,122,-10,128,38,-329,-100,95
-12,119,-10,128,38,-329,-100,91
-13,116,-10,128,38,-329,-101,89
-13,112,-10,128,38,-329,-100,85
-13,110,-10,128,38,-329,-101,83
-14,108,-10,128,38,-329,-101,81
-15,106,-11,127,38,-329,-102,79
-15,104,-13,125,38,-329,-102,76
-15,100,-14,125,38,-329,-102,73
-15,97,-14,124,38,-330,-102,69
-16,96,-14,124,38,-330,-103,68
-18,95,-14,125,38,-329,-104,67
-18,93,-14,124,38,-328,-106,65
-20,90,-14,124,38,-328,-107,62
-20,86,-14,125,39,-328,-107,58
-21,83,-14,125,39,-329,-108,56
-22,82,-14,125,40,-330,-108,53
-22,81,-14,123,39,-330,-108,52
-22,80,-16,121,38,-329,-107,51
-23,78,-16,120,38,-329,-107,50
-24,75,-16,119,39,-329,-108,47
-25,74,-16,120,40,-329,-109,45
-26,72,-16,120,39,-329,-111,43
-27,71,-17,121,38,-329,-111,40
-28,69,-17,121,38,-329,-112,39
-29,68,-18,121,38,-329,-115,36
-30,66,-17,122,38,-329,-117,35
-30,66,-17,121,38,-329,-114,35
-30,66,-18,121,38,-329,-114,35
-30,66,-18,120,38,-329,-114,35
-30,66,-18,120,38,-329,-114,35
-31,66,-18,120,38,-329,-115,34
-33,64,-18,120,38,-329,-117,32
-34,64,-18,120,38,-329,-118,32
-35,64,-18,120,38,-329,-119,32
-35,64,-18,120,38,-329,-119,32
-34,64,-19,120,38,-329,-118,32
-34,64,-20,119,38,-329,-118,32
-34,64,-21,118,38,-329,-118,32
-34,64,-21,118,38,-329,-118,32
-35,64,-21,118,38,-329,-119,32
-35,63,-21,118,38,-329,-119,31
-35,61,-21,118,38,-329,-119,30
-35,59,-21,118,38,-329,-119,28
-35,58,-21,118,38,-329,-119,26
-36,57,-21,118,38,-329,-120,25
-36,57,-21,118,38,-329,-120,25
-36,56,-21,118,38,-329,-120,24
-36,55,-21,118,38,-329,-119,24
-35,55,-21,118,38,-329,-118,23
-34,54,-21,118,38,-329,-118,23
-34,53,-21,118,38,-329,-118,21
-35,52,-21,118,38,-329,-119,20
-37,51,-21,118,38,-330,-120,19
-38,51,-21,118,38,-329,-122,19
-39,50,-21,118,38,-329,-123,19
-38,49,-22,117,38,-329,-122,18
-36,47,-22,116,38,-330,-120,15
-36,46,-22,117,38,-331,-120,14
-36,46,-21,118,38,-332,-120,13
-36,46,-21,118,38,-332,-119,14
-35,47,-20,117,38,-332,-118,15
-33,48,-20,116,38,-332,-114,15
-31,49,-19,116,38,-332,-112,17
-31,49,-18,115,38,-332,-113,17
-32,50,-18,115,38,-333,-113,20
-33,50,-18,114,38,-333,-114,21
-33,51,-18,114,38,-332,-114,21
-32,52,-18,114,38,-332,-113,23
-31,54,-18,114,38,-332,-112,25
-30,57,-18,115,38,-333,-112,28
-30,59,-19,115,37,-333,-111,28
-30,62,-19,115,38,-333,-112,31
-30,65,-19,116,38,-331,-112,34
-29,68,-17,116,38,-330,-111,40
-29,71,-15,116,38,-330,-111,42
-28,73,-14,117,36,-331,-109,45
-27,75,-14,118,35,-332,-109,46
-27,77,-15,119,34,-332,-111,48
-27,80,-16,121,34,-331,-112,52
-27,84,-16,123,36,-329,-114,53
-27,88,-14,122,37,-329,-112,61
-25,91,-12,121,37,-329,-109,63
-24,93,-10,121,36,-329,-109,68
-24,96,-11,122,35,-329,-109,70
-24,98,-13,123,35,-329,-111,70
-23,101,-14,125,34,-329,-111,74
-21,104,-14,125,34,-329,-109,76
-21,107,-12,125,33,-329,-108,79
-20,109,-10,125,33,-329,-107,84
-18,111,-8,126,34,-329,-106,85
-18,112,-8,126,35,-329,-106,86
-18,114,-8,126,34,-328,-106,89
-17,115,-8,125,34,-327,-104,91
-17,117,-8,125,33,-326,-104,92
-16,119,-8,125,33,-325,-103,93
-14,119,-7,125,33,-325,-100,95
-14,119,-7,125,33,-324,-100,95
-14,119,-8,124,33,-324,-100,95
-14,119,-9,124,33,-324,-100,93
-14,119,-10,125,33,-325,-102,91
-14,119,-11,126,33,-324,-102,92
-14,119,-10,127,33,-324,-102,92
-14,119,-9,127,33,-324,-102,93
-14,118,-8,126,33,-325,-101,93
-12,116,-8,125,33,-325,-97,91
-12,115,-8,125,33,-324,-97,90
-12,114,-8,125,33,-323,-97,90
-12,115,-7,125,33,-321,-97,90
-12,115,-7,124,33,-319,-97,90
-11,115,-7,124,33,-319,-96,90
-10,116,-7,124,33,-319,-95,91
-10,117,-7,124,33,-320,-95,92
-10,119,-7,124,33,-320,-95,93
-10,119,-7,124,33,-319,-95,95
-9,121,-7,124,33,-319,-95,96
-8,122,-7,124,33,-319,-93,97
-7,123,-7,124,33,-319,-92,98
-7,125,-7,124,33,-319,-92,101
-7,127,-7,124,33,-319,-92,102
-8,128,-6,124,33,-319,-93,104
-8,130,-6,125,33,-319,-93,106
-7,132,-5,125,33,-319,-92,108
-6,135,-6,125,33,-319,-91,111
-5,137,-5,126,33,-319,-91,113
-5,140,-4,126,33,-319,-90,118
-4,141,-3,127,33,-319,-92,119
-4,142,-3,128,33,-319,-92,120
-3,144,-3,127,33,-319,-92,122
-3,146,-3,128,33,-319,-91,124
-2,148,-4,128,33,-319,-90,124
-2,148,-4,129,33,-319,-90,124
-3,148,-4,128,33,-319,-91,124
-3,149,-5,129,33,-319,-91,125
-2,150,-5,130,33,-319,-90,126
0,150,-6,131,33,-319,-91,126
1,151,-7,131,33,-319,-89,128
1,151,-7,131,33,-319,-89,128
1,152,-7,131,33,-319,-89,128
0,151,-6,131,33,-319,-90,128
0,150,-6,131,33,-319,-90,126
-1,149,-7,131,33,-319,-91,125
-2,148,-7,130,33,-319,-92,124
-2,147,-9,129,33,-319,-92,123
-2,144,-10,128,33,-319,-90,118
-2,141,-10,127,33,-319,-90,115
-2,138,-11,127,33,-319,-90,111
-3,135,-12,126,33,-319,-90,108
-3,132,-12,126,33,-319,-91,106
-5,130,-13,125,33,-319,-92,103
-6,127,-13,124,33,-319,-93,101
-6,124,-13,123,34,-319,-91,97
-5,120,-12,122,33,-319,-90,93
-6,116,-11,122,33,-319,-91,90
-7,113,-11,120,33,-319,-92,89
-9,111,-13,119,34,-320,-91,84
-10,109,-14,118,34,-320,-92,81
-11,106,-14,117,33,-319,-93,79
-12,102,-14,118,32,-318,-95,75
-13,99,-14,118,32,-318,-96,72
-14,95,-14,118,33,-318,-96,68
-15,93,-14,118,33,-318,-97,64
-16,91,-14,117,33,-318,-98,63
-17,90,-15,117,32,-318,-98,62
-18,88,-15,116,31,-319,-100,59
-18,86,-15,117,31,-318,-101,57
-19,83,-15,118,31,-316,-101,56
-19,83,-14,118,30,-314,-101,54
-20,83,-13,117,31,-314,-102,54
-21,83,-12,115,32,-314,-100,57
-21,82,-11,114,34,-315,-101,57
-22,81,-10,114,33,-315,-102,56
-22,81,-10,114,31,-314,-101,56
-22,82,-11,114,29,-314,-101,56
-21,84,-11,114,28,-314,-101,58
-21,86,-11,114,29,-314,-100,61
-20,88,-11,114,29,-314,-100,62
-19,89,-10,114,29,-314,-98,63
-19,90,-10,114,29,-314,-98,65
-19,93,-10,114,29,-314,-98,68
-19,96,-11,114,29,-314,-98,70
-19,98,-11,114,29,-314,-100,73
-19,100,-10,114,29,-314,-98,75
-17,101,-10,115,29,-314,-97,76
-17,102,-8,116,29,-314,-97,80
-17,104,-7,117,29,-314,-97,83
-19,107,-7,117,29,-314,-100,85
-20,109,-7,117,29,-314,-100,87
-19,111,-7,117,29,-314,-100,89
-18,112,-7,117,29,-314,-98,90
-17,112,-7,117,29,-314,-97,90
-16,112,-7,117,29,-314,-96,90
-15,113,-7,117,29,-314,-95,91
-14,115,-7,117,29,-314,-95,93
-14,118,-7,117,29,-314,-93,96
-14,119,-7,117,29,-314,-95,97
-14,119,-7,117,29,-314,-95,97
-15,119,-7,117,29,-314,-95,97
-14,119,-7,117,29,-314,-95,97
-13,118,-7,117,29,-314,-93,96
-13,116,-7,117,29,-314,-92,93
-13,114,-7,117,29,-314,-93,92
-15,113,-7,117,29,-314,-95,91
-16,112,-7,117,29,-314,-96,90
-16,111,-7,117,29,-315,-96,89
-14,110,-7,117,29,-314,-95,87
-14,108,-7,117,29,-313,-95,86
-15,107,-7,117,29,-311,-95,85
-16,106,-7,117,29,-309,-96,84
-17,103,-7,117,29,-309,-97,80
-17,100,-8,116,29,-309,-97,74
-17,97,-9,115,29,-310,-97,72
-17,94,-10,115,29,-310,-96,69
-17,92,-10,115,29,-309,-96,67
-17,90,-10,115,29,-309,-96,64
-18,88,-10,114,29,-310,-97,63
-18,85,-11,114,29,-310,-97,59
-17,83,-11,114,29,-309,-97,57
-16,81,-11,114,29,-308,-95,56
-15,80,-10,114,29,-307,-93,54
-15,80,-10,114,29,-308,-93,54
-15,80,-11,114,29,-309,-95,54
-15,80,-11,114,29,-309,-95,54
-15,80,-11,114,29,-308,-93,54
-15,79,-10,114,29,-307,-93,54
-15,80,-10,114,29,-305,-95,54
-16,81,-10,114,29,-305,-95,56
-17,83,-11,114,29,-304,-96,57
-16,84,-11,114,29,-304,-96,59
-15,86,-10,114,29,-304,-95,61
-14,88,-9,115,29,-305,-93,63
-14,91,-8,116,29,-304,-93,67
-14,95,-9,116,29,-304,-93,70
-14,97,-9,115,29,-304,-93,72
-13,98,-10,115,29,-304,-93,73
-13,99,-9,116,29,-304,-92,74
-13,101,-7,117,29,-304,-92,79
-12,105,-7,117,29,-304,-92,83
-12,108,-7,117,29,-304,-92,86
-11,111,-7,117,29,-304,-91,89
-12,114,-7,117,29,-304,-92,92
-12,116,-7,117,29,-304,-92,93
-14,118,-7,117,29,-304,-93,96
-14,119,-8,119,29,-304,-97,95
-14,119,-9,119,29,-304,-97,95
-14,119,-10,120,29,-304,-97,93
-14,119,-9,119,29,-304,-97,95
-15,120,-10,120,29,-304,-97,96
-16,122,-10,120,29,-304,-101,97
-17,123,-11,121,29,-304,-102,98
-17,124,-11,121,29,-304,-103,100
-16,123,-10,121,29,-304,-102,98
-15,122,-10,121,29,-304,-101,97
-15,120,-10,121,29,-304,-101,96
-16,119,-11,121,29,-304,-101,93
-16,116,-10,121,29,-304,-102,91
-16,114,-10,121,29,-304,-102,89
-16,111,-10,121,29,-304,-101,86
-16,108,-11,121,29,-304,-101,84
-16,107,-12,120,29,-304,-101,79
-18,105,-13,119,29,-304,-100,78
-18,102,-13,116,30,-305,-101,74
-19,99,-12,115,29,-305,-98,74
-19,95,-11,114,29,-304,-100,70
-20,92,-10,114,29,-303,-100,67
-21,90,-10,114,30,-303,-101,64
-21,86,-12,113,30,-302,-101,61
-21,83,-14,112,29,-301,-101,58
-21,80,-14,111,28,-300,-98,54
-21,78,-14,111,28,-299,-98,52
-22,76,-14,111,28,-299,-100,51
-23,74,-14,111,29,-299,-100,48
-23,71,-15,110,30,-300,-100,46
-24,68,-16,109,31,-299,-101,40
-25,65,-17,109,30,-299,-102,36
-26,62,-17,108,28,-299,-103,34
-27,60,-18,108,27,-299,-103,31
-26,58,-18,107,26,-299,-103,30
-27,57,-18,107,26,-299,-103,29
-28,56,-18,108,28,-299,-104,28
-29,55,-18,108,29,-299,-106,26
-29,54,-18,108,30,-300,-106,25
-28,52,-19,106,28,-300,-104,24
-27,51,-20,104,27,-299,-101,23
-27,50,-19,104,25,-298,-101,21
-28,50,-18,105,25,-297,-102,21
-29,50,-18,107,25,-298,-106,21
-30,50,-19,107,25,-299,-106,20
-31,49,-21,105,26,-299,-107,20
-31,49,-21,104,27,-299,-104,20
-30,49,-21,104,28,-299,-107,20
-28,50,-20,105,29,-299,-104,20
-28,51,-19,106,29,-299,-103,21
-28,53,-19,107,29,-299,-104,24
-28,54,-18,107,28,-299,-104,25
-28,56,-18,108,28,-299,-104,26
-27,57,-18,108,28,-299,-103,28
-26,57,-18,108,27,-299,-102,29
-25,59,-18,107,27,-299,-102,30
-25,61,-18,107,28,-299,-102,32
-25,63,-18,108,28,-299,-102,35
-25,66,-17,108,29,-299,-101,37
-24,68,-15,110,29,-299,-100,40
-22,70,-14,111,28,-299,-100,45
-21,72,-14,111,26,-299,-98,47
-20,75,-14,111,26,-299,-96,50
-19,79,-15,110,26,-299,-96,53
-19,83,-14,111,27,-299,-96,58
-18,88,-13,112,26,-299,-97,62
-16,92,-12,113,25,-299,-96,67
-14,95,-11,114,25,-299,-93,70
-13,99,-10,114,25,-299,-92,74
-12,103,-10,114,25,-299,-92,79
-12,108,-11,114,25,-299,-92,83
-12,111,-11,114,25,-299,-92,86
-10,114,-11,114,25,-299,-91,90
-9,116,-10,115,25,-299,-89,92
-7,119,-8,116,25,-299,-87,97
-7,123,-7,117,25,-299,-87,101
-6,127,-7,117,25,-299,-86,106
-6,131,-7,117,25,-299,-86,109
-5,133,-7,117,25,-299,-86,112
-4,135,-7,117,25,-299,-85,114
-4,138,-7,117,25,-299,-85,117
-3,140,-7,117,25,-299,-84,118
-3,141,-7,117,25,-299,-84,120
-4,141,-7,117,25,-299,-85,120
-4,141,-7,118,25,-299,-85,119
-5,141,-6,118,25,-299,-85,120
-5,142,-6,118,25,-299,-89,120
-5,143,-6,118,25,-299,-85,122
-3,143,-6,119,25,-299,-86,122
-3,143,-6,120,25,-301,-86,122
-3,142,-5,122,25,-303,-86,120
-4,141,-4,122,25,-303,-87,119
-5,139,-4,122,25,-303,-89,118
-6,137,-6,123,25,-302,-91,115
-6,135,-7,124,25,-301,-91,111
-7,133,-8,123,25,-302,-92,108
-7,130,-9,122,25,-302,-92,106
-8,126,-9,120,25,-303,-91,102
-10,123,-9,119,25,-303,-92,98
-11,120,-10,119,25,-303,-93,95
-11,117,-10,119,25,-303,-93,92
-11,114,-10,117,25,-302,-93,89
-11,110,-9,115,25,-301,-91,85
-12,106,-10,114,25,-299,-92,81
-13,101,-10,114,25,-299,-93,76
-15,96,-11,114,25,-299,-95,72
-17,92,-11,114,25,-299,-96,67
-18,88,-12,113,25,-299,-97,63
-18,85,-13,112,25,-299,-97,59
-18,82,-14,111,25,-299,-96,57
-20,79,-15,110,25,-299,-97,53
-21,75,-16,109,25,-299,-98,47
-22,72,-17,108,25,-299,-98,43
-22,69,-18,108,25,-299,-98,41
-22,66,-18,107,25,-299,-98,37
-24,62,-18,107,25,-299,-101,34
-26,59,-18,108,25,-299,-102,30
-28,56,-18,108,25,-299,-104,28
-29,54,-18,107,25,-299,-106,25
-30,51,-18,105,25,-299,-103,23
-30,50,-19,104,25,-299,-103,20
-30,47,-21,103,25,-299,-103,18
-30,46,-22,104,25,-299,-103,17
-31,44,-22,104,25,-299,-107,14
-32,43,-22,104,25,-299,-108,13
-33,42,-21,104,25,-299,-107,13
-34,42,-22,104,25,-299,-108,13
-33,42,-22,104,25,-299,-107,12
-33,41,-21,104,25,-299,-109,12
-32,40,-21,105,25,-299,-108,10
-33,41,-20,105,25,-299,-109,12
-33,42,-20,105,25,-299,-109,12
-34,43,-20,105,25,-299,-109,13
-32,43,-20,105,25,-299,-108,13
-32,43,-20,106,25,-299,-108,14
-31,43,-20,106,25,-299,-107,14
-32,44,-19,106,25,-299,-108,15
-32,46,-19,106,25,-299,-108,17
-33,48,-18,107,25,-299,-109,19
-33,50,-18,108,25,-299,-109,21
-33,52,-18,108,23,-299,-109,23
-32,53,-18,107,23,-299,-109,24
-31,55,-18,107,24,-299,-107,26
-29,57,-18,108,25,-299,-106,29
-28,60,-17,108,25,-299,-104,31
-27,61,-17,108,23,-299,-103,32
-26,63,-17,108,22,-299,-103,34
-25,65,-18,108,22,-299,-102,36
-25,67,-17,108,23,-301,-102,39
-25,71,-16,109,23,-303,-102,42
-25,73,-15,111,21,-304,-101,47
-24,75,-14,111,20,-304,-103,50
-23,77,-14,111,20,-304,-100,51
-22,79,-14,109,21,-304,-100,53
-22,83,-12,108,22,-304,-97,57
-22,86,-12,107,21,-304,-97,61
-22,89,-11,108,20,-304,-96,63
-20,92,-12,108,20,-304,-97,67
-19,94,-13,108,20,-304,-96,69
-18,97,-13,108,20,-304,-95,72
-17,101,-12,108,20,-304,-95,75
-18,104,-11,109,20,-304,-95,79
-17,107,-9,110,20,-304,-95,85
-16,109,-7,110,21,-304,-93,87
-14,112,-7,111,22,-304,-92,90
-13,114,-7,110,21,-304,-91,92
-11,117,-8,110,20,-303,-89,95
-10,119,-7,111,20,-304,-87,97
-9,122,-7,111,20,-305,-86,100
-8,125,-6,112,20,-307,-86,103
-7,126,-5,112,20,-309,-85,104
-7,129,-5,113,20,-309,-85,107
-6,131,-4,113,19,-309,-84,112
-4,134,-4,114,19,-309,-83,114
-3,136,-4,114,19,-309,-81,118
-3,138,-4,114,19,-309,-80,117
-2,140,-4,113,19,-309,-80,119
-1,143,-4,113,19,-309,-79,124
0,146,-3,114,19,-309,-78,128
1,148,-1,116,19,-309,-76,130
1,150,-1,118,19,-309,-79,131
2,152,-2,120,19,-309,-80,131
2,155,-3,120,19,-309,-80,134
3,156,-4,121,19,-309,-79,135
4,158,-4,121,19,-308,-78,137
5,160,-3,120,19,-308,-78,139
6,162,-3,120,19,-309,-76,141
7,164,-4,121,19,-310,-75,144
8,165,-4,121,19,-311,-74,145
9,166,-3,120,19,-310,-73,145
10,168,-2,120,19,-309,-73,147
11,170,-1,120,19,-308,-72,152
11,173,-1,121,19,-308,-72,155
11,173,-2,121,19,-308,-72,152
11,172,-2,122,19,-309,-72,152
11,172,-1,123,19,-310,-72,152
11,172,0,123,19,-311,-72,155
12,174,0,124,19,-310,-70,156
12,175,0,124,19,-309,-70,158
11,176,0,123,19,-308,-72,158
10,176,0,123,19,-308,-73,158
10,175,0,123,19,-309,-73,157
10,174,0,123,19,-309,-73,156
10,174,0,123,19,-309,-73,156
10,173,0,123,19,-309,-73,156
11,173,0,123,19,-309,-72,156
11,173,0,123,19,-309,-72,155
11,173,0,123,19,-309,-72,155
10,171,0,123,19,-309,-73,153
9,170,0,124,19,-309,-74,152
8,167,0,124,19,-309,-74,150
8,165,0,123,20,-307,-75,146
7,163,-1,122,20,-305,-75,145
7,161,-3,121,20,-304,-75,140
6,159,-3,121,20,-304,-76,137
5,156,-3,121,20,-305,-78,135
3,153,-2,122,20,-306,-79,133
3,151,-3,121,20,-305,-80,130
2,148,-3,121,20,-304,-80,128
2,145,-3,120,20,-303,-80,124
1,141,-4,120,20,-303,-81,119
-1,137,-5,119,20,-304,-85,115
-4,134,-6,118,20,-304,-87,112
-6,131,-7,117,20,-304,-86,109
-7,128,-7,117,20,-304,-87,106
-7,124,-8,116,20,-304,-87,100
-9,120,-10,115,20,-304,-90,96
-11,117,-10,114,20,-304,-91,92
-13,113,-11,114,20,-304,-92,87
-15,109,-11,114,20,-304,-95,85
-16,106,-10,114,20,-304,-96,81
-18,102,-11,114,20,-304,-97,76
-19,97,-12,113,20,-304,-98,72
-19,92,-13,112,20,-304,-100,67
-21,87,-14,111,20,-304,-97,62
-23,82,-15,110,20,-304,-100,57
-25,78,-16,109,20,-304,-102,50
-27,74,-17,108,20,-304,-103,45
-27,70,-18,108,20,-304,-103,41
-27,66,-18,107,20,-304,-103,37
-27,62,-19,106,20,-304,-103,34
-29,57,-20,105,20,-304,-106,29
-30,53,-21,104,20,-304,-103,24
-31,49,-22,104,20,-304,-104,20
-31,45,-22,104,20,-304,-104,15
-32,42,-21,104,20,-304,-106,13
-33,38,-21,104,20,-304,-109,9
-34,35,-22,104,20,-304,-107,6
-34,31,-23,103,20,-304,-108,-1
-35,26,-24,102,20,-304,-108,-4
-35,23,-25,101,20,-304,-108,-8
-35,20,-25,101,20,-304,-108,-10
-35,18,-25,101,20,-304,-108,-14
-35,15,-25,101,20,-304,-108,-17
-36,11,-25,101,20,-304,-108,-20
-36,9,-26,100,20,-304,-109,-23
-36,7,-27,97,20,-303,-107,-25
-36,7,-28,96,20,-304,-107,-25
-37,7,-28,96,20,-305,-107,-24
-38,7,-29,97,20,-307,-108,-25
-39,4,-29,98,19,-309,-112,-28
-39,1,-29,98,19,-309,-112,-30
-39,0,-29,98,19,-309,-112,-31
-39,1,-29,97,19,-309,-112,-31
-40,3,-29,97,19,-309,-113,-29
-41,4,-29,98,20,-309,-113,-28
-41,5,-28,98,19,-309,-114,-28
-41,5,-27,99,19,-308,-114,-28
-40,6,-27,100,19,-309,-113,-25
-39,9,-26,100,20,-310,-112,-23
-39,11,-25,101,20,-312,-112,-20
-38,14,-25,101,19,-314,-111,-18
-37,16,-25,101,18,-314,-111,-15
-36,18,-26,101,17,-314,-109,-13
-35,21,-25,101,18,-314,-108,-10
-34,23,-24,102,19,-314,-107,-8
-34,25,-23,103,19,-314,-107,-6
-33,28,-22,104,18,-314,-106,-1
-32,30,-22,105,16,-313,-108,-2
-32,32,-23,105,16,-314,-107,0
-31,34,-23,105,18,-315,-107,2
-31,36,-22,105,18,-316,-107,4
-30,39,-22,104,16,-317,-106,7
-28,41,-22,105,14,-317,-104,9
-27,43,-24,106,14,-317,-103,12
-26,46,-25,108,16,-318,-104,14
-25,48,-26,108,18,-319,-104,14
-25,52,-25,108,18,-319,-104,20
-26,55,-23,107,16,-318,-102,24
-26,58,-20,108,14,-318,-102,29
-26,59,-19,108,14,-318,-102,30
-25,60,-20,110,14,-318,-103,31
-24,62,-21,111,14,-318,-102,30
-23,63,-22,111,14,-318,-102,31
-23,63,-21,111,14,-318,-102,32
-23,65,-21,111,14,-318,-102,34
-23,66,-21,111,14,-318,-102,35
-22,69,-21,111,14,-318,-101,37
-21,71,-21,111,14,-318,-101,40
-21,72,-20,112,14,-318,-101,41
-21,71,-19,114,14,-318,-103,42
-22,70,-18,115,14,-318,-103,42
-21,70,-17,114,14,-319,-103,42
-21,71,-18,112,14,-320,-101,42
-20,72,-19,111,14,-321,-100,43
-19,73,-19,111,14,-322,-98,45
-19,74,-18,112,14,-322,-98,46
-19,74,-17,113,14,-322,-98,46
-19,75,-15,113,14,-321,-98,46
-21,75,-15,112,14,-322,-100,46
-22,74,-16,110,14,-323,-98,46
-21,73,-16,109,14,-323,-97,45
-18,73,-15,110,14,-323,-95,47
-17,73,-16,112,14,-323,-96,45
-18,72,-18,112,14,-323,-97,45
-20,72,-20,112,14,-323,-100,41
-21,71,-21,111,14,-323,-101,40
-20,71,-21,110,14,-323,-100,40
-20,72,-20,109,14,-323,-98,43
-20,72,-19,109,14,-323,-100,43
-21,71,-20,110,14,-323,-101,42
-23,70,-20,110,14,-323,-102,40
-23,70,-20,109,14,-323,-102,41
-21,69,-19,108,14,-323,-98,40
-20,68,-19,108,14,-323,-96,39
-20,66,-19,108,13,-323,-96,37
-22,65,-19,108,12,-323,-98,36
-23,64,-19,108,11,-323,-100,35
-23,63,-20,109,10,-323,-102,34
-22,61,-20,110,9,-323,-101,30
-21,60,-20,110,9,-323,-100,29
-21,60,-19,109,9,-323,-100,31
-21,60,-18,108,9,-323,-97,31
-22,59,-18,107,9,-323,-98,31
-22,58,-18,107,9,-323,-98,29
-22,56,-18,108,9,-323,-98,26
-22,54,-18,108,9,-323,-98,25
-23,53,-18,107,9,-323,-98,24
-22,52,-19,107,9,-323,-98,23
-21,50,-19,106,9,-323,-97,21
-21,49,-20,105,9,-323,-97,20
-20,49,-21,104,9,-323,-93,20
-21,49,-21,104,9,-323,-93,20
-21,49,-21,104,9,-323,-97,20
-21,49,-21,105,9,-323,-97,20
-21,49,-20,105,9,-323,-97,20
-21,49,-21,105,9,-323,-97,20
-20,49,-21,104,9,-323,-93,20
-19,50,-21,104,9,-323,-92,21
-19,50,-21,105,9,-323,-95,21
-19,50,-20,106,9,-323,-96,20
-21,49,-20,106,9,-322,-97,20
-21,50,-20,106,9,-321,-97,21
-21,52,-20,106,9,-321,-97,24
-20,55,-19,106,9,-321,-96,26
-19,57,-18,107,9,-322,-96,29
-20,59,-18,108,9,-322,-96,30
-21,59,-18,108,9,-321,-97,31
-21,60,-18,108,8,-321,-97,31
-21,62,-18,107,7,-321,-97,34
-20,65,-18,107,8,-321,-96,36
-19,66,-18,107,9,-320,-95,37
-19,66,-18,108,10,-320,-95,37
-19,67,-17,109,9,-320,-96,39
-20,68,-16,109,7,-320,-96,40
-20,70,-15,109,7,-320,-96,45
-19,72,-14,108,8,-320,-96,47
-17,73,-13,107,9,-321,-91,47
-15,74,-12,108,8,-320,-90,48
-14,75,-12,109,6,-320,-91,50
-14,76,-13,110,4,-319,-91,51
-14,79,-13,110,4,-319,-91,53
-15,80,-13,108,4,-319,-91,54
-14,81,-11,107,4,-319,-89,58
-12,81,-11,107,4,-319,-86,58
-12,83,-11,107,4,-319,-86,58
-12,85,-12,108,4,-319,-86,59
-12,87,-12,108,4,-318,-89,62
-11,90,-12,108,4,-318,-89,64
-11,92,-13,109,4,-318,-87,67
-10,93,-14,109,4,-318,-87,68
-10,94,-14,109,4,-318,-87,69
-9,96,-12,109,4,-318,-86,72
-9,98,-10,108,4,-318,-84,75
-9,99,-10,108,4,-318,-84,76
-8,101,-10,108,4,-318,-83,79
-7,103,-10,108,4,-318,-81,80
-7,105,-9,109,4,-318,-81,83
-7,106,-9,109,4,-316,-83,84
-7,107,-9,109,4,-314,-83,85
-7,108,-8,109,4,-313,-81,86
-6,111,-8,110,4,-314,-84,89
-5,112,-7,110,4,-314,-83,90
-5,113,-7,111,4,-315,-83,91
-5,113,-7,110,4,-315,-83,91
-6,114,-8,110,4,-314,-84,92
-7,115,-8,110,4,-314,-85,93
-8,117,-7,110,4,-313,-85,95
-8,118,-6,112,4,-313,-85,96
-8,117,-5,112,4,-313,-85,96
-8,117,-5,113,4,-313,-85,95
-8,117,-5,112,4,-313,-85,95
-7,117,-6,112,4,-313,-85,95
-7,118,-6,112,4,-313,-85,96
-8,118,-6,112,4,-313,-86,96
-9,116,-7,111,4,-313,-86,95
-10,114,-7,110,5,-313,-87,92
-10,112,-8,110,4,-313,-89,90
-10,111,-7,110,4,-313,-87,89
-9,111,-7,111,4,-313,-87,89
-10,110,-7,110,5,-313,-87,89
-10,109,-8,109,5,-313,-85,87
-11,106,-10,108,4,-313,-86,84
-11,103,-11,107,3,-313,-86,80
-10,101,-11,107,3,-313,-85,79
-10,99,-11,107,3,-313,-85,76
-11,97,-11,107,4,-311,-86,74
-13,94,-12,106,4,-309,-87,69
-14,90,-14,104,3,-308,-89,65
-14,87,-15,104,2,-307,-89,62
-14,84,-15,103,1,-307,-89,59
-13,81,-15,104,0,-308,-87,56
-13,77,-14,104,0,-307,-87,51
-14,73,-14,104,0,-307,-87,47
-15,70,-16,103,0,-308,-87,45
-18,68,-17,101,0,-308,-89,42
-19,65,-18,101,0,-307,-90,39
-18,61,-19,100,0,-306,-90,32
-18,58,-18,100,0,-304,-90,30
-18,56,-18,101,0,-303,-89,30
-18,54,-18,101,0,-302,-89,25
-18,52,-18,101,0,-303,-90,23
-19,50,-18,100,0,-303,-90,24
-21,49,-18,99,0,-303,-91,23
-21,49,-17,99,0,-303,-92,23
-21,49,-18,100,0,-303,-92,23
-21,49,-18,100,0,-303,-91,23
-21,49,-19,101,0,-303,-91,20
-21,49,-19,100,0,-303,-91,20
-21,49,-18,101,0,-303,-92,23
-21,50,-17,101,0,-303,-92,24
-21,51,-16,103,0,-303,-92,25
-19,53,-15,104,0,-303,-92,26
-17,56,-14,104,0,-303,-91,30
-16,58,-15,104,0,-303,-90,32
-16,61,-14,104,0,-303,-90,35
-17,62,-14,104,0,-303,-90,36
-16,65,-13,105,0,-303,-90,39
-14,68,-13,106,0,-303,-89,42
-13,71,-12,107,0,-303,-86,46
-12,75,-11,107,0,-303,-86,52
-12,78,-11,107,0,-301,-86,54
-10,81,-11,107,0,-299,-85,58
-9,85,-12,107,0,-298,-83,59
-7,88,-12,108,0,-299,-81,63
-6,92,-13,108,0,-300,-83,67
-6,96,-11,109,1,-301,-83,72
-6,100,-9,110,0,-300,-83,78
-6,103,-7,110,0,-299,-83,81
-6,106,-7,111,0,-298,-83,84
-5,109,-8,111,1,-297,-83,86
-3,112,-9,112,1,-298,-81,91
-3,116,-10,112,0,-298,-80,91
-3,118,-9,112,0,-298,-81,96
-3,120,-8,112,-2,-297,-81,98
-3,122,-8,110,-2,-297,-80,100
-2,124,-7,110,0,-298,-79,102
-1,126,-7,110,0,-298,-79,104
-2,128,-7,111,0,-298,-80,106
-3,129,-8,112,0,-297,-81,108
-4,130,-9,114,-1,-296,-84,106
-3,131,-10,115,-1,-296,-83,107
-1,132,-9,116,-2,-296,-81,108
0,134,-9,116,-3,-297,-80,109
0,134,-9,116,-3,-296,-80,111
0,134,-9,115,-3,-294,-80,111
0,133,-10,115,-3,-294,-80,109
-1,132,-10,115,-3,-296,-81,108
-3,131,-10,115,-3,-296,-83,107
-3,130,-10,114,-3,-295,-84,106
-2,127,-11,114,-3,-293,-83,103
-1,125,-11,114,-3,-292,-81,101
-1,122,-11,114,-3,-292,-81,97
-1,119,-10,114,-3,-293,-81,95
-2,116,-10,114,-3,-293,-81,92
-3,114,-11,114,-3,-292,-83,90
-5,112,-11,114,-3,-292,-85,87
-6,108,-10,114,-3,-292,-86,84
-7,105,-10,114,-3,-292,-86,80
-7,102,-11,114,-3,-292,-87,78
-7,99,-12,113,-3,-293,-87,74
-8,96,-13,112,-3,-293,-87,70
-10,92,-14,111,-3,-292,-86,67
-11,89,-15,110,-3,-291,-87,64
-12,87,-15,111,-3,-291,-89,62
-13,85,-15,111,-3,-291,-92,57
-13,83,-14,111,-3,-292,-90,57
-14,81,-14,109,-3,-293,-91,56
-14,79,-13,108,-3,-293,-89,53
-15,76,-14,105,-3,-292,-90,51
-15,73,-16,105,-3,-292,-89,47
-15,70,-17,106,-3,-292,-91,41
-16,68,-18,107,-3,-292,-92,40
-18,67,-17,106,-3,-292,-95,39
-19,66,-16,105,-3,-292,-92,40
-19,65,-15,104,-3,-293,-92,40
-18,65,-14,103,-3,-293,-92,39
-18,64,-15,104,-3,-292,-91,39
-18,62,-15,104,-3,-291,-92,36
-20,61,-15,104,-4,-291,-93,35
-21,60,-15,104,-4,-291,-95,34
-21,60,-15,104,-4,-292,-95,34
-20,60,-15,104,-3,-293,-95,34
-19,61,-15,104,-4,-293,-93,35
-18,61,-15,104,-7,-292,-92,35
-18,62,-15,104,-7,-292,-92,36
-17,63,-15,104,-7,-292,-91,37
-18,64,-15,104,-6,-292,-92,39
-18,65,-14,104,-6,-292,-92,39
-18,66,-13,102,-8,-292,-90,40
-18,67,-13,101,-8,-292,-89,43
-16,68,-13,101,-8,-292,-87,45
-16,70,-14,103,-6,-291,-87,45
-16,72,-14,104,-6,-291,-90,46
-17,73,-11,105,-6,-291,-91,51
-17,75,-10,106,-7,-292,-91,52
-16,77,-10,106,-8,-292,-90,54
-15,79,-11,107,-8,-292,-90,57
-15,81,-11,107,-8,-292,-90,56
-15,83,-11,107,-8,-292,-90,58
-14,86,-11,107,-8,-292,-89,63
-14,88,-11,107,-8,-291,-89,65
-14,89,-10,108,-8,-290,-89,67
-14,91,-9,108,-8,-291,-89,68
-13,94,-9,109,-8,-292,-87,72
-12,96,-9,108,-8,-292,-86,74
-10,99,-9,109,-8,-292,-85,76
-10,101,-8,109,-8,-290,-85,79
-9,103,-7,110,-8,-289,-86,81
-8,105,-7,110,-8,-289,-86,84
-8,108,-7,110,-8,-288,-86,85
-9,109,-7,110,-8,-287,-86,87
-9,111,-7,110,-8,-287,-87,89
-9,112,-7,110,-8,-287,-86,90
-7,112,-7,110,-8,-288,-85,90
-5,112,-7,110,-8,-287,-83,90
-3,114,-7,110,-8,-287,-81,92
-3,116,-7,111,-8,-287,-80,93
-3,118,-6,112,-8,-287,-81,96
-3,120,-5,112,-8,-287,-81,98
-2,120,-5,113,-8,-287,-80,98
0,121,-4,113,-8,-287,-78,102
0,122,-4,114,-8,-287,-76,103
0,123,-4,114,-8,-287,-78,104
0,124,-4,113,-8,-287,-78,106
-1,125,-4,113,-8,-287,-79,106
-1,124,-4,113,-8,-287,-79,106
-1,125,-4,114,-8,-287,-79,106
0,126,-4,113,-8,-287,-78,107
1,128,-4,113,-8,-287,-76,109
2,129,-4,113,-8,-287,-75,109
2,128,-4,113,-8,-287,-74,109
2,128,-4,113,-8,-287,-75,109
2,129,-4,113,-8,-287,-74,109
3,129,-4,113,-8,-287,-74,111
3,130,-4,113,-8,-287,-73,111
3,129,-4,113,-8,-287,-74,111
2,128,-4,113,-8,-287,-74,109
2,128,-4,114,-8,-287,-74,107
3,129,-4,114,-8,-287,-74,108
3,130,-4,113,-8,-287,-74,112
1,132,-3,112,-8,-287,-75,113
0,133,-3,112,-8,-287,-76,114
0,133,-3,112,-8,-287,-78,114
0,133,-3,112,-8,-287,-75,114
0,133,-2,111,-8,-287,-75,114
0,133,-1,111,-8,-287,-75,114
0,133,-1,111,-8,-288,-75,114
0,132,-2,111,-8,-288,-75,113
0,133,-2,111,-8,-287,-75,114
0,134,-1,110,-7,-286,-76,115
-1,135,-1,110,-7,-285,-76,117
-1,136,-1,110,-7,-286,-76,117
-1,136,-1,110,-8,-287,-76,117
-1,136,-1,110,-7,-288,-76,117
-1,135,-1,110,-8,-288,-76,117
-1,135,-1,110,-7,-286,-76,117
0,134,-1,110,-7,-284,-76,115
0,134,-1,110,-7,-282,-75,115
0,134,-1,110,-7,-282,-76,115
0,134,0,110,-8,-282,-75,115
0,134,-1,110,-9,-283,-75,115
0,133,-1,110,-9,-283,-75,114
0,132,-2,111,-9,-282,-76,113
-2,131,-2,112,-9,-282,-78,112
-3,130,-1,111,-10,-282,-79,112
-4,130,-1,110,-10,-282,-80,112
-4,131,-2,109,-10,-282,-80,112
-3,130,-3,108,-9,-282,-76,112
-3,129,-4,107,-9,-282,-75,111
-2,127,-5,107,-9,-282,-75,108
-3,126,-4,107,-10,-282,-76,107
-4,124,-4,107,-10,-282,-78,104
-5,122,-4,107,-10,-282,-78,103
-4,121,-4,107,-10,-282,-78,102
-4,120,-4,107,-9,-282,-76,101
-4,119,-4,107,-7,-282,-78,100
-5,116,-4,107,-7,-282,-78,97
-6,114,-4,107,-7,-283,-79,95
-7,112,-4,107,-9,-283,-80,93
-8,111,-4,107,-10,-282,-81,91
-10,109,-4,107,-10,-281,-83,89
-11,106,-5,106,-9,-281,-84,86
-12,102,-7,104,-9,-280,-85,83
-13,99,-8,104,-10,-279,-85,76
-14,97,-8,103,-12,-278,-86,74
-16,94,-8,104,-12,-277,-89,72
-18,91,-8,104,-11,-277,-90,69
-18,89,-8,103,-10,-278,-91,67
-19,87,-7,102,-10,-278,-89,67
-19,85,-5,101,-10,-278,-89,64
-21,83,-6,101,-9,-278,-90,62
-22,79,-7,101,-9,-278,-91,59
-23,77,-9,100,-10,-278,-92,53
-24,75,-9,98,-10,-278,-93,52
-24,75,-9,97,-9,-278,-91,54
-25,74,-9,97,-7,-278,-92,53
-26,72,-9,98,-7,-278,-95,50
-26,70,-9,98,-9,-278,-96,50
-26,68,-8,97,-10,-277,-93,47
-25,68,-8,96,-11,-277,-92,47
-25,68,-8,96,-10,-278,-92,47
-25,69,-8,96,-9,-278,-92,48
-26,68,-8,96,-9,-278,-92,47
-28,68,-8,96,-10,-278,-95,47
-29,67,-9,97,-10,-278,-96,46
-28,66,-9,97,-8,-278,-96,46
-28,68,-10,98,-7,-278,-97,45
-26,70,-9,97,-8,-278,-93,48
-27,72,-9,97,-10,-277,-93,51
-28,73,-9,97,-12,-277,-95,52
-28,73,-10,98,-12,-277,-98,50
-28,73,-10,99,-10,-277,-97,50
-28,73,-10,98,-10,-278,-97,50
-28,72,-9,97,-10,-278,-95,52
-28,73,-8,97,-12,-277,-95,52
-28,73,-8,98,-12,-277,-97,52
-27,73,-8,99,-12,-278,-96,52
-25,74,-8,99,-10,-279,-95,53
-25,76,-8,97,-10,-280,-91,56
-24,79,-8,96,-10,-279,-91,58
-23,81,-9,96,-11,-278,-90,61
-22,82,-8,97,-12,-277,-89,62
-22,82,-7,98,-13,-277,-89,62
-22,82,-6,99,-12,-279,-89,62
-22,82,-5,100,-10,-281,-91,61
-20,82,-4,100,-8,-282,-90,62
-19,83,-4,100,-7,-283,-89,63
-18,85,-5,100,-9,-283,-87,65
-19,87,-5,100,-11,-282,-89,67
-20,88,-5,100,-12,-282,-90,68
-20,89,-4,100,-11,-282,-90,68
-20,88,-5,100,-9,-282,-90,68
-20,88,-5,100,-7,-282,-90,68
-20,88,-5,100,-7,-282,-90,68
-20,88,-5,100,-7,-282,-90,68
-20,88,-5,100,-7,-283,-90,68
-20,89,-4,100,-7,-283,-90,68
-20,88,-5,100,-8,-282,-90,68
-19,87,-5,100,-9,-282,-89,67
-18,86,-5,100,-9,-283,-89,65
-18,84,-4,100,-9,-285,-87,64
-17,84,-4,100,-8,-286,-86,63
-16,83,-5,100,-7,-286,-86,63
-16,81,-6,99,-7,-284,-83,61
-16,79,-7,97,-7,-283,-84,59
-18,78,-8,97,-7,-283,-85,58
-19,77,-7,97,-7,-284,-86,57
-19,76,-7,97,-7,-284,-86,56
-18,75,-7,98,-7,-285,-85,54
-17,73,-8,97,-7,-286,-84,53
-17,71,-8,97,-8,-287,-84,50
-18,68,-8,96,-8,-288,-85,47
-19,67,-8,96,-8,-288,-86,46
-19,66,-8,97,-8,-287,-86,46
-19,67,-10,98,-8,-287,-89,43
-19,66,-10,99,-8,-287,-87,42
-18,66,-10,99,-8,-287,-87,42
-18,65,-10,98,-8,-287,-87,41
-18,65,-10,97,-8,-287,-84,42
-18,65,-9,98,-8,-287,-87,45
-18,65,-7,99,-8,-287,-87,45
-19,65,-6,99,-8,-288,-87,45
-19,66,-6,98,-8,-288,-86,46
-19,66,-7,98,-8,-287,-85,46
-18,68,-7,98,-8,-287,-85,47
-18,69,-6,99,-8,-287,-85,48
-18,70,-5,100,-8,-289,-87,50
-18,73,-4,100,-8,-291,-87,52
-18,75,-5,100,-8,-292,-87,54
-18,76,-6,101,-8,-293,-87,56
-20,78,-6,101,-8,-292,-89,57
-21,79,-6,102,-8,-292,-90,58
-21,80,-5,102,-8,-292,-91,59
-21,82,-5,103,-8,-292,-90,62
-19,85,-5,104,-8,-292,-91,64
-19,87,-5,106,-8,-292,-91,67
-20,90,-4,107,-8,-292,-92,69
-21,91,-4,107,-8,-292,-93,72
-22,92,-4,107,-8,-292,-95,72
-22,93,-5,106,-8,-292,-95,73
-22,93,-6,105,-8,-292,-95,73
-23,94,-6,106,-8,-292,-95,74
-23,94,-4,107,-8,-292,-96,74
-23,94,-3,107,-8,-292,-96,74
-22,93,-4,107,-8,-292,-95,73
-22,92,-7,107,-8,-292,-97,69
-22,92,-9,107,-8,-292,-97,69
-22,92,-10,108,-8,-292,-97,69
-22,93,-10,108,-8,-292,-97,70
-22,93,-10,108,-8,-292,-97,70
-22,92,-11,107,-8,-292,-97,69
-21,91,-11,107,-8,-292,-96,69
-21,90,-11,107,-8,-292,-95,67
-19,88,-11,107,-8,-292,-93,63
-19,87,-11,107,-8,-292,-93,64
-19,85,-11,107,-8,-292,-93,62
-21,82,-11,107,-8,-292,-95,59
-21,80,-12,107,-8,-292,-95,54
-21,79,-13,107,-8,-293,-95,53
-19,77,-15,106,-8,-292,-93,52
-18,76,-16,105,-8,-290,-92,51
-18,75,-17,105,-8,-289,-92,50
-17,73,-17,106,-8,-289,-91,45
-16,72,-18,108,-8,-290,-92,43
-16,70,-18,108,-8,-292,-92,41
-16,68,-18,107,-8,-293,-92,40
-16,68,-19,107,-8,-292,-92,40
-16,68,-19,107,-8,-292,-92,40
-15,69,-19,106,-8,-292,-92,41
-15,69,-19,106,-8,-292,-91,41
-14,69,-20,104,-8,-292,-89,41
-15,68,-19,104,-8,-292,-89,40
-15,69,-19,105,-8,-292,-89,41
-15,70,-18,107,-8,-292,-92,42
-16,72,-18,108,-8,-292,-92,43
-17,73,-18,108,-8,-292,-93,45
-18,73,-18,108,-8,-292,-93,45
-17,73,-18,107,-8,-292,-93,45
-16,75,-18,107,-8,-292,-93,47
-15,77,-18,107,-8,-292,-92,50
-15,79,-18,108,-8,-292,-92,52
-16,81,-17,108,-8,-294,-92,53
-17,83,-16,110,-8,-296,-93,54
-17,86,-14,111,-8,-297,-93,61
-17,89,-14,111,-8,-298,-93,63
-16,92,-15,111,-8,-297,-93,67
-15,95,-16,112,-8,-297,-95,67
-15,97,-17,113,-8,-297,-95,69
-15,99,-17,115,-8,-297,-97,72
-15,100,-15,117,-8,-297,-97,73
-14,102,-14,118,-8,-297,-97,74
-14,105,-14,118,-8,-297,-96,78
-13,107,-14,118,-8,-297,-96,80
-12,109,-14,117,-9,-297,-95,81
-11,110,-14,117,-10,-297,-93,83
-10,112,-14,118,-10,-297,-93,84
-11,113,-15,119,-10,-297,-96,86
-11,115,-17,120,-9,-297,-96,87
-12,117,-17,121,-8,-297,-97,87
-12,119,-18,122,-8,-297,-100,89
-12,120,-18,121,-8,-297,-100,91
-11,121,-17,121,-8,-297,-96,91
-10,122,-17,121,-9,-297,-95,92
-10,121,-17,121,-9,-297,-95,91
-10,121,-17,121,-10,-297,-95,91
-10,121,-17,121,-11,-297,-95,91
-10,122,-18,122,-12,-297,-98,92
-10,122,-18,122,-13,-297,-98,92
-10,121,-18,122,-13,-297,-97,91
-9,120,-18,122,-13,-297,-96,91
-9,119,-18,122,-13,-297,-96,89
-9,116,-18,122,-13,-297,-96,86
-10,114,-18,123,-13,-297,-97,84
-10,112,-20,123,-13,-297,-97,83
-10,111,-21,123,-13,-297,-97,80
-10,108,-22,121,-13,-297,-97,76
-10,106,-23,120,-13,-297,-97,74
-11,103,-24,120,-13,-297,-98,70
-11,100,-24,121,-13,-297,-98,67
-12,96,-24,122,-13,-297,-98,63
-13,93,-24,122,-13,-297,-100,61
-14,91,-24,121,-13,-297,-101,58
-15,90,-25,121,-13,-297,-102,57
-15,87,-27,119,-13,-297,-102,53
-15,83,-28,118,-13,-297,-102,47
-16,79,-28,118,-13,-297,-102,43
-17,76,-28,118,-13,-297,-103,41
-18,75,-28,118,-14,-297,-104,39
-19,73,-29,117,-15,-297,-106,37
-19,71,-30,116,-16,-297,-103,35
-20,68,-31,115,-17,-296,-103,32
-21,65,-32,115,-18,-296,-104,29
-21,63,-32,115,-18,-296,-106,28
-21,61,-32,115,-18,-296,-106,25
-21,60,-32,115,-18,-296,-104,24
-22,57,-31,115,-18,-296,-106,21
-22,55,-31,115,-18,-296,-106,19
-23,54,-32,113,-18,-296,-107,17
-23,53,-33,111,-18,-296,-104,17
-23,53,-34,111,-18,-296,-107,17
-23,54,-35,111,-18,-296,-106,14
-23,54,-35,112,-18,-296,-107,14
-24,53,-35,112,-18,-296,-108,14
-26,51,-35,112,-18,-296,-109,12
-27,51,-35,112,-18,-296,-111,12
-28,50,-35,112,-18,-296,-111,12
-27,51,-35,112,-19,-296,-111,12
-27,51,-35,112,-20,-296,-111,12
-27,51,-35,112,-21,-296,-111,12
-27,51,-36,111,-21,-296,-111,12
-28,51,-36,110,-22,-296,-111,12
-28,51,-37,110,-23,-296,-111,12
-27,51,-38,109,-23,-296,-111,12
-27,50,-39,109,-22,-296,-108,12
-27,51,-39,108,-22,-296,-108,12
-28,52,-39,108,-22,-296,-109,13
-29,54,-39,108,-22,-296,-109,15
-30,55,-39,109,-23,-296,-111,15
-30,55,-39,109,-23,-296,-114,17
-29,55,-40,110,-23,-296,-113,14
-28,56,-41,111,-22,-296,-112,14
-26,57,-41,111,-22,-296,-109,15
-27,56,-42,112,-23,-296,-113,14
-28,56,-42,112,-24,-296,-114,14
-30,57,-42,112,-25,-296,-117,15
-30,59,-42,112,-25,-296,-117,17
-29,61,-42,112,-26,-296,-115,19
-28,62,-43,111,-28,-296,-112,21
-27,62,-45,110,-28,-296,-111,20
-27,61,-46,110,-28,-296,-113,18
-28,62,-48,111,-28,-296,-114,18
-28,63,-49,112,-28,-296,-114,17
-29,65,-49,113,-28,-297,-118,18
-30,66,-49,112,-28,-298,-119,19
-30,66,-49,112,-28,-297,-117,23
-29,67,-48,113,-28,-296,-118,23
-27,68,-49,112,-29,-297,-113,21
-26,70,-50,112,-30,-299,-113,24
-27,72,-51,110,-31,-299,-113,25
-28,73,-53,109,-32,-299,-114,26
-28,73,-53,109,-32,-298,-115,26
-28,72,-53,109,-33,-298,-114,26
-28,72,-52,109,-33,-298,-114,26
-28,73,-52,109,-32,-298,-114,26
-28,74,-54,108,-33,-299,-115,28
-29,76,-55,107,-33,-300,-115,30
-30,77,-56,106,-32,-301,-117,28
-31,77,-56,106,-32,-301,-118,29
-30,78,-56,106,-33,-301,-117,29
-29,78,-56,106,-34,-300,-115,30
-28,80,-57,105,-36,-298,-112,32
-28,82,-58,103,-37,-297,-112,34
-28,83,-58,101,-38,-297,-112,35
-28,83,-58,101,-38,-298,-109,37
-28,83,-57,100,-37,-299,-111,37
-28,84,-57,98,-37,-299,-111,37
-29,85,-59,97,-38,-299,-108,39
-30,86,-60,96,-39,-300,-109,39
-31,88,-60,96,-41,-300,-109,40
-31,88,-60,96,-42,-300,-111,40
-31,88,-61,95,-43,-300,-111,40
-31,88,-63,93,-43,-300,-109,40
-30,88,-64,92,-42,-300,-109,40
-31,88,-64,92,-42,-300,-109,40
-32,89,-64,93,-43,-300,-111,41
-32,91,-64,93,-43,-300,-112,42
-33,92,-65,92,-42,-299,-112,43
-33,93,-66,90,-42,-300,-112,42
-33,92,-67,89,-43,-301,-111,41
-34,91,-68,89,-44,-303,-111,41
-36,91,-68,89,-46,-304,-113,40
-37,90,-68,88,-47,-305,-114,40
-37,90,-70,87,-48,-305,-114,39
-37,88,-71,86,-48,-304,-113,37
-37,86,-71,86,-47,-304,-114,36
-38,84,-72,85,-47,-305,-114,34
-39,83,-73,84,-47,-304,-115,30
-39,82,-75,83,-48,-304,-115,29
-39,80,-76,82,-49,-304,-113,26
-40,77,-76,79,-51,-305,-114,24
-42,75,-76,77,-53,-306,-113,21
-43,72,-76,75,-53,-306,-114,18
-43,70,-77,73,-53,-306,-112,17
-43,68,-79,72,-52,-304,-112,14
-45,66,-80,72,-52,-304,-114,12
-46,63,-81,71,-52,-305,-115,9
-47,60,-82,69,-53,-307,-117,6
-48,56,-83,68,-54,-309,-117,0
-49,53,-85,67,-56,-309,-115,-3
-50,50,-86,66,-58,-309,-115,-7
-51,46,-87,65,-58,-309,-118,-9
-53,44,-88,64,-57,-309,-119,-12
-54,42,-90,63,-57,-309,-119,-14
-55,41,-91,61,-57,-308,-122,-18
-57,41,-92,60,-59,-309,-120,-18
-58,40,-93,60,-61,-310,-122,-19
-59,38,-93,59,-63,-312,-122,-21
-58,36,-94,58,-63,-314,-122,-23
-57,35,-96,57,-63,-314,-120,-24
-57,35,-96,57,-62,-313,-120,-24
-57,35,-97,56,-63,-313,-120,-24
-57,35,-97,56,-63,-313,-120,-24
-57,35,-98,55,-64,-315,-120,-26
-58,36,-99,54,-65,-317,-122,-25
-59,38,-100,53,-65,-318,-119,-24
-59,39,-101,52,-65,-319,-120,-23
-60,39,-101,52,-66,-320,-120,-21
-61,40,-101,52,-68,-321,-122,-21
-61,42,-101,52,-69,-323,-122,-19
-61,45,-102,52,-68,-325,-122,-17
-61,48,-103,51,-68,-326,-122,-13
-61,51,-104,50,-68,-327,-123,-10
-61,53,-104,50,-69,-328,-123,-10
-62,56,-104,50,-70,-328,-123,-6
-61,59,-104,50,-71,-329,-123,-2
-60,62,-103,49,-72,-331,-122,1
-59,65,-103,48,-73,-332,-118,4
-58,67,-103,48,-73,-332,-117,6
-57,69,-103,49,-74,-334,-119,8
-57,72,-103,49,-74,-337,-119,10
-57,75,-102,48,-75,-340,-117,14
-57,78,-101,47,-74,-342,-115,17
-56,80,-101,46,-74,-342,-115,19
-55,81,-101,46,-75,-342,-114,19
-55,81,-101,46,-76,-343,-114,19
-54,81,-101,46,-78,-345,-113,19
-53,81,-101,46,-78,-346,-113,20
-52,82,-100,47,-78,-347,-111,24
-50,83,-98,49,-77,-349,-109,24
-50,83,-97,49,-77,-350,-109,24
-50,83,-96,48,-79,-351,-109,24
-50,83,-95,46,-80,-351,-107,28
-50,83,-94,46,-80,-352,-107,28
-50,83,-93,46,-80,-353,-107,26
-51,81,-91,48,-80,-355,-108,25
-50,79,-90,49,-80,-356,-107,24
-49,78,-89,50,-80,-357,-108,24
-49,76,-88,51,-80,-356,-108,23
-49,75,-86,53,-80,-356,-108,21
-50,72,-85,54,-80,-358,-108,19
-50,70,-84,54,-81,-360,-109,17
-49,68,-83,55,-82,-361,-108,15
-46,67,-83,57,-84,-361,-108,13
-44,65,-84,59,-85,-361,-106,12
-43,65,-84,61,-86,-361,-107,10
-42,65,-83,62,-86,-361,-106,12
-42,65,-82,63,-85,-361,-106,12
-42,65,-81,63,-85,-361,-106,12
-41,64,-81,65,-85,-361,-107,10
-39,63,-81,68,-85,-361,-106,9
-38,64,-83,70,-86,-361,-107,8
-37,65,-84,72,-86,-361,-108,9
-36,68,-86,75,-87,-359,-111,12
-36,70,-86,77,-88,-357,-109,10
-34,71,-86,79,-89,-356,-111,13
-33,74,-88,79,-90,-355,-109,15
-32,76,-90,80,-90,-355,-108,15
-29,79,-93,81,-90,-356,-108,18
-28,83,-97,83,-90,-356,-109,19
-26,86,-100,84,-91,-356,-107,20
-25,91,-103,85,-93,-354,-108,23
-24,96,-106,86,-95,-352,-109,28
-23,100,-109,87,-95,-350,-109,29
-21,104,-113,87,-94,-350,-111,31
-20,110,-119,87,-95,-351,-109,35
-19,117,-124,86,-96,-351,-111,39
-18,123,-129,85,-98,-349,-111,43
-18,128,-134,83,-99,-347,-109,46
-16,133,-140,83,-100,-345,-108,48
-15,137,-147,81,-101,-345,-109,51
-14,143,-154,79,-102,-345,-108,51
-15,148,-162,77,-104,-346,-109,53
-15,153,-169,75,-104,-345,-109,57
-15,158,-175,73,-105,-343,-109,59
-15,163,-181,70,-107,-342,-109,62
-15,169,-187,67,-108,-340,-109,65
-14,174,-193,64,-110,-339,-109,68
-14,178,-200,60,-112,-340,-109,70
-15,181,-206,56,-113,-340,-107,68
-17,185,-213,51,-115,-340,-109,72
-18,188,-219,47,-117,-339,-108,73
-19,193,-224,45,-118,-339,-109,74
-19,196,-229,43,-119,-339,-109,75
-19,199,-233,39,-120,-339,-108,75
-19,201,-237,35,-122,-339,-107,78
-21,203,-241,31,-124,-339,-106,78
-22,205,-245,28,-127,-340,-107,80
-23,207,-247,26,-130,-342,-108,79
-24,208,-249,24,-132,-344,-106,80
-24,209,-252,22,-133,-345,-107,81
-25,208,-253,20,-135,-346,-108,78
-27,207,-254,17,-137,-348,-107,76
-27,205,-254,15,-140,-349,-107,76
-28,202,-253,14,-142,-351,-106,74
-29,200,-252,14,-144,-354,-107,72
-31,199,-251,16,-145,-356,-112,70
-33,198,-249,17,-147,-359,-113,69
-33,196,-246,18,-149,-361,-113,70
-33,192,-242,20,-151,-362,-113,69
-34,189,-238,21,-152,-363,-111,65
-35,185,-234,24,-154,-365,-115,64
-36,182,-230,26,-156,-368,-117,64
-36,180,-224,29,-158,-371,-115,64
-35,177,-218,32,-159,-374,-114,63
-34,173,-212,36,-161,-378,-117,62
-34,169,-205,40,-163,-381,-117,59
-34,164,-197,44,-166,-383,-117,57
-34,159,-188,48,-169,-385,-117,57
-34,154,-180,52,-170,-387,-115,54
-34,151,-173,55,-170,-390,-118,54
-34,147,-165,59,-171,-393,-118,56
-33,144,-156,64,-172,-397,-118,54
-32,141,-147,68,-174,-400,-117,57
-30,138,-137,72,-176,-402,-115,56
-29,133,-128,76,-177,-404,-114,56
-28,128,-119,81,-177,-406,-113,56
-28,124,-109,84,-179,-408,-113,54
-27,122,-99,87,-181,-410,-112,57
-26,120,-88,90,-184,-412,-111,59
-25,118,-78,95,-185,-414,-109,63
-23,114,-69,98,-186,-415,-107,62
-21,112,-61,101,-187,-416,-106,64
-21,110,-52,104,-187,-418,-106,64
-20,108,-42,106,-188,-420,-102,68
-19,107,-32,108,-190,-422,-101,72
-18,106,-22,110,-191,-423,-98,76
-18,105,-13,112,-192,-423,-97,80
-16,103,-3,114,-193,-423,-93,83
-15,101,6,116,-193,-422,-93,83
-16,98,15,119,-193,-423,-91,85
-17,95,24,120,-193,-424,-92,87
-17,93,33,121,-194,-426,-90,91
-17,92,41,122,-195,-428,-90,92
-16,91,51,125,-197,-428,-86,96
-15,90,61,126,-198,-427,-85,101
-15,90,70,127,-197,-426,-83,104
-15,87,79,128,-197,-424,-81,107
-16,85,88,130,-197,-424,-83,107
-17,83,97,132,-197,-424,-80,109
-16,81,106,135,-197,-425,-79,111
-15,80,115,136,-198,-426,-79,115
-14,78,124,137,-197,-427,-75,118
-14,75,132,138,-196,-428,-73,119
-14,71,140,142,-194,-428,-73,118
-14,69,149,145,-192,-426,-73,118
-14,67,157,148,-191,-424,-73,122
-13,65,165,149,-192,-423,-72,124
-12,61,174,150,-192,-422,-68,124
-12,58,183,153,-192,-423,-68,125
-12,53,192,157,-190,-423,-68,123
-11,49,201,161,-189,-422,-68,123
-11,44,209,164,-187,-420,-68,122
-11,42,216,166,-186,-418,-67,123
-10,40,223,167,-185,-418,-63,124
-9,37,230,169,-184,-419,-63,124
-8,33,237,171,-182,-419,-62,123
-8,28,243,174,-181,-417,-61,123
-7,24,249,176,-180,-415,-61,120
-6,22,254,178,-179,-414,-59,118
-5,20,259,180,-177,-414,-58,119
-4,18,263,182,-175,-413,-57,119
-4,15,267,184,-173,-411,-57,119
-4,12,271,186,-172,-408,-58,118
-4,9,276,189,-170,-406,-58,115
-4,8,280,191,-167,-405,-61,117
-4,8,283,194,-165,-404,-59,117
-4,8,284,195,-163,-404,-59,117
-4,8,284,194,-161,-402,-59,117
-4,8,284,194,-159,-400,-59,119
-4,8,285,193,-158,-399,-59,119
-4,8,285,193,-155,-397,-59,119
-4,8,283,193,-152,-396,-59,117
-4,8,280,192,-150,-394,-61,117
-4,9,276,190,-148,-393,-61,115
-4,12,273,189,-144,-392,-59,118
-4,15,271,189,-142,-390,-59,119
-4,18,268,188,-140,-388,-59,122
-5,21,264,187,-137,-386,-61,122
-5,24,259,184,-136,-384,-61,123
-5,28,252,181,-134,-382,-62,124
-4,32,246,178,-131,-381,-61,125
-4,36,239,175,-127,-379,-59,128
-4,41,232,173,-124,-379,-59,128
-4,47,225,172,-122,-378,-61,131
-5,52,220,171,-120,-377,-63,134
-5,58,213,170,-119,-375,-63,137
-4,63,207,168,-117,-374,-63,140
-4,69,199,167,-114,-373,-65,141
-3,75,192,166,-112,-372,-65,146
-3,82,185,165,-109,-371,-68,147
-3,88,177,164,-107,-370,-67,151
-3,93,169,163,-104,-369,-69,151
-2,99,162,162,-102,-369,-68,155
0,104,155,162,-101,-370,-69,155
0,110,148,162,-99,-370,-70,158
1,115,142,162,-97,-370,-72,162
3,120,135,163,-94,-368,-70,161
5,125,128,162,-92,-367,-72,163
7,129,122,163,-90,-365,-72,166
8,133,116,163,-89,-365,-70,167
10,137,111,165,-87,-366,-70,167
12,141,105,167,-86,-366,-74,168
14,144,101,170,-85,-366,-74,168
16,146,97,173,-84,-366,-75,168
17,148,94,175,-83,-366,-75,168
19,151,91,176,-81,-366,-74,170
21,153,88,178,-79,-366,-74,170
24,156,86,180,-77,-366,-74,170
26,156,85,184,-76,-366,-74,170
28,156,84,187,-76,-366,-74,170
30,155,83,191,-76,-367,-75,167
31,155,82,193,-76,-367,-76,167
32,156,80,195,-75,-366,-75,166
33,157,79,196,-72,-366,-76,166
34,157,79,198,-71,-365,-75,167
36,157,79,201,-70,-364,-76,166
38,155,81,203,-71,-363,-74,164
40,153,82,205,-71,-362,-74,163
43,152,83,206,-71,-362,-72,162
45,151,83,208,-71,-362,-70,161
46,150,84,209,-71,-362,-72,159
46,149,86,209,-71,-360,-70,158
47,148,86,210,-70,-358,-69,157
48,146,87,211,-70,-357,-69,158
47,144,88,213,-70,-357,-70,156
46,141,89,213,-70,-357,-70,153
46,139,90,213,-70,-355,-70,151
46,137,90,212,-70,-354,-70,148
46,136,90,212,-70,-352,-70,147
45,135,90,212,-70,-351,-72,146
43,132,91,211,-70,-350,-72,144
41,130,92,210,-70,-349,-73,144
39,127,93,209,-70,-347,-75,141
38,126,94,209,-70,-346,-76,139
38,124,93,209,-69,-343,-76,137
37,122,93,207,-70,-341,-75,135
36,119,93,204,-69,-339,-73,133
35,118,93,202,-69,-337,-74,131
32,117,93,199,-69,-336,-75,133
29,115,93,197,-68,-334,-78,131
26,114,93,195,-67,-332,-78,130
24,112,92,194,-67,-331,-80,128
22,112,91,191,-67,-329,-79,126
22,111,91,188,-67,-328,-80,126
21,111,90,186,-66,-326,-79,126
19,111,88,184,-66,-325,-80,126
18,109,86,182,-65,-323,-79,123
17,107,85,180,-65,-321,-80,120
16,105,85,176,-63,-320,-78,118
15,104,84,174,-63,-319,-76,117
15,104,82,172,-63,-318,-76,117
14,105,80,170,-63,-317,-78,118
13,105,79,168,-63,-315,-76,118
11,105,79,165,-63,-313,-79,118
9,105,78,162,-63,-311,-78,118
9,104,76,160,-62,-310,-78,118
9,104,74,158,-61,-309,-75,115
10,104,71,156,-61,-308,-75,114
10,104,68,154,-60,-307,-75,115
9,106,67,152,-59,-305,-75,114
8,107,66,151,-57,-304,-76,115
7,109,65,150,-57,-304,-75,118
6,111,64,149,-57,-303,-75,119
6,110,62,147,-57,-302,-76,118
6,110,60,146,-58,-301,-75,118
6,110,59,145,-57,-299,-76,115
6,112,57,143,-56,-299,-74,118
5,113,56,140,-54,-298,-74,119
4,114,55,137,-52,-296,-73,119
3,113,54,136,-51,-294,-74,119
2,112,54,135,-52,-294,-75,117
0,110,52,135,-52,-294,-76,115
0,111,51,134,-52,-295,-74,117
0,112,51,133,-52,-295,-75,115
0,114,50,132,-52,-293,-75,118
-1,115,49,132,-52,-291,-76,118
-2,115,46,132,-50,-290,-80,118
-3,114,45,132,-49,-289,-81,114
-5,113,45,131,-48,-290,-81,113
-7,112,46,128,-48,-290,-83,115
-9,111,46,126,-48,-289,-81,114
-9,109,44,124,-47,-286,-83,112
-8,108,42,125,-46,-285,-81,108
-7,106,39,125,-46,-285,-80,107
-8,105,38,125,-46,-285,-84,103
-10,104,38,124,-46,-285,-83,102
-11,104,38,122,-45,-285,-84,104
-12,104,38,120,-45,-284,-83,104
-13,104,37,119,-45,-284,-84,103
-14,102,36,119,-44,-284,-85,100
-15,100,33,120,-43,-283,-87,98
-14,98,33,119,-42,-282,-85,96
-14,97,32,116,-41,-281,-85,95
-15,97,31,115,-41,-280,-85,95
-16,96,29,115,-41,-280,-86,91
-17,94,26,115,-41,-280,-87,89
-17,91,25,115,-40,-281,-87,84
-19,89,24,113,-39,-281,-89,81
-21,87,23,112,-39,-281,-91,80
-23,86,21,111,-37,-281,-92,79
-23,85,20,110,-36,-279,-93,78
-23,83,19,109,-36,-277,-91,75
-23,82,18,108,-36,-276,-91,74
-24,80,16,106,-36,-275,-91,69
-25,78,15,106,-36,-276,-92,68
-26,75,15,107,-36,-276,-93,65
-26,72,14,107,-36,-276,-93,62
-27,69,13,107,-37,-276,-97,56
-29,67,10,106,-36,-276,-98,53
-30,64,9,106,-35,-276,-100,51
-31,62,8,106,-32,-274,-101,48
-32,60,9,106,-31,-272,-102,46
-33,57,9,106,-31,-272,-102,43
-33,55,8,105,-31,-272,-101,41
-34,53,6,104,-31,-273,-101,37
-33,53,4,104,-31,-273,-102,36
-34,53,2,105,-31,-272,-103,36
-35,52,2,106,-31,-271,-104,34
-37,52,1,107,-31,-271,-109,32
-38,51,2,107,-31,-271,-109,31
-38,49,2,106,-31,-271,-107,30
-37,47,2,106,-31,-271,-106,29
-36,46,2,106,-31,-270,-104,26
-35,46,1,106,-31,-269,-107,28
-36,48,2,106,-31,-268,-104,29
-36,50,2,106,-31,-267,-104,31
-36,52,2,106,-31,-267,-104,32
-35,52,2,106,-31,-266,-104,34
-34,53,2,106,-31,-266,-103,34
-33,54,2,106,-31,-266,-102,35
-31,56,2,106,-31,-267,-101,37
-30,59,2,106,-31,-267,-100,40
-29,61,1,106,-30,-266,-101,42
-28,63,1,106,-31,-265,-101,45
-28,66,2,107,-30,-265,-100,47
-27,69,2,106,-30,-265,-97,51
-26,72,2,106,-30,-264,-96,54
-25,75,1,106,-31,-263,-97,57
-26,78,0,107,-31,-262,-98,61
-25,81,0,109,-30,-261,-97,63
-25,84,0,111,-29,-262,-100,65
-23,87,0,112,-28,-262,-98,69
-22,89,1,112,-28,-262,-97,72
-21,91,1,112,-27,-262,-96,73
-21,93,1,112,-26,-262,-96,75
-20,96,2,113,-25,-262,-95,78
-18,99,2,113,-25,-262,-93,81
-17,101,2,113,-26,-262,-92,83
-16,102,2,113,-26,-261,-91,84
-15,104,2,113,-26,-262,-90,86
-15,106,2,113,-25,-263,-90,89
-14,108,2,113,-25,-265,-90,91
-14,108,2,113,-26,-267,-89,91
-12,109,1,112,-26,-267,-87,91
-11,110,0,112,-26,-267,-86,92
-10,112,1,112,-26,-267,-86,95
-11,114,2,113,-26,-267,-86,97
-12,115,2,113,-26,-267,-87,98
-11,116,2,113,-26,-267,-86,98
-9,116,2,113,-24,-267,-84,100
-7,117,1,114,-22,-267,-85,100
-7,117,2,115,-21,-267,-85,101
-8,119,3,115,-22,-268,-86,102
-8,120,3,117,-25,-269,-86,103
-8,122,3,118,-26,-270,-89,104
-8,123,3,120,-26,-271,-89,106
-7,125,2,121,-25,-271,-87,106
-7,126,2,121,-23,-272,-87,107
-8,128,2,120,-21,-272,-89,111
-8,128,3,120,-21,-272,-89,112
-9,129,3,119,-21,-271,-90,112
-10,131,3,119,-21,-270,-90,114
-9,133,3,119,-21,-270,-90,117
-7,134,3,120,-21,-271,-89,118
-6,134,2,120,-21,-272,-87,118
-6,134,2,120,-21,-272,-86,118
-6,135,2,120,-21,-271,-86,118
-6,137,2,120,-21,-268,-86,120
-6,139,2,120,-21,-267,-87,122
-7,140,2,120,-21,-267,-89,123
-8,140,2,120,-22,-267,-89,123
-9,139,2,120,-23,-267,-90,123
-8,139,2,120,-22,-267,-90,122
-8,139,2,120,-21,-267,-90,122
-8,139,2,120,-21,-267,-89,123
-8,139,2,120,-21,-267,-90,123
-9,139,3,120,-21,-267,-90,123
-8,139,3,121,-21,-267,-90,122
-8,137,1,121,-21,-266,-89,118
-7,136,0,121,-21,-265,-87,117
-6,135,0,119,-21,-266,-86,115
-6,135,0,117,-21,-266,-86,115
-6,134,0,116,-21,-266,-84,115
-7,133,0,116,-21,-266,-85,114
-7,131,0,117,-21,-266,-89,112
-8,128,-1,119,-21,-266,-89,108
-9,126,-3,119,-21,-265,-89,103
-9,123,-2,119,-21,-264,-90,102
-10,122,-2,119,-21,-263,-91,102
-11,120,-1,118,-21,-263,-91,101
-12,119,-2,117,-22,-263,-92,100
-13,116,-3,117,-23,-263,-93,96
-13,114,-4,117,-22,-263,-93,92
-14,112,-5,116,-21,-264,-93,90
-15,110,-6,116,-21,-263,-95,87
-16,107,-6,115,-21,-263,-96,85
-16,105,-5,115,-21,-262,-96,83
-16,103,-5,114,-21,-263,-93,80
-16,101,-4,114,-21,-263,-93,79
-16,100,-4,114,-21,-263,-93,78
-18,98,-5,115,-21,-264,-97,75
-20,96,-6,116,-21,-265,-100,73
-22,94,-7,115,-21,-267,-102,72
-22,93,-7,113,-21,-267,-100,69
-22,92,-6,112,-21,-267,-100,69
-22,92,-6,112,-21,-267,-100,69
-22,93,-7,113,-21,-267,-100,69
-22,93,-8,113,-21,-267,-100,70
-22,93,-9,112,-21,-267,-100,69
-22,92,-8,111,-21,-268,-100,69
-22,92,-7,110,-21,-269,-100,69
-22,93,-7,110,-21,-269,-100,69
-22,93,-7,110,-21,-269,-100,69
-22,92,-7,111,-21,-270,-100,69
-21,91,-8,110,-21,-271,-98,68
-21,91,-7,110,-21,-271,-98,68
-21,91,-7,110,-21,-272,-98,68
-22,92,-7,110,-21,-272,-100,69
-22,92,-7,110,-21,-272,-100,69
-21,91,-7,110,-21,-272,-98,68
-21,91,-7,110,-21,-272,-98,68
-21,91,-7,110,-21,-272,-98,68
-21,90,-7,110,-21,-272,-98,67
-20,89,-7,110,-21,-271,-97,65
-19,88,-7,110,-21,-272,-96,65
-20,88,-7,110,-21,-273,-97,65
-20,88,-7,110,-21,-275,-97,65
-20,88,-7,110,-21,-277,-97,65
-20,88,-7,110,-21,-277,-97,65
-18,89,-7,110,-21,-277,-96,65
-17,90,-7,110,-21,-277,-93,67
-16,90,-7,110,-21,-277,-92,68
-15,91,-7,110,-21,-277,-92,68
-15,90,-7,110,-21,-277,-92,68
-16,90,-7,110,-21,-277,-92,68
-16,90,-7,111,-21,-277,-92,68
-16,90,-7,111,-21,-277,-92,68
-15,90,-6,112,-21,-277,-92,68
-16,91,-7,111,-21,-277,-92,68
-15,91,-7,111,-21,-277,-92,68
-15,90,-7,111,-21,-276,-92,68
-15,90,-6,112,-21,-275,-92,68
-16,91,-6,112,-21,-275,-92,68
-17,92,-5,113,-21,-275,-93,69
-17,94,-4,113,-21,-276,-95,74
-17,95,-3,113,-21,-277,-93,75
-15,97,-4,114,-21,-277,-92,78
-14,97,-5,115,-21,-275,-93,75
-13,97,-6,116,-21,-273,-93,74
-14,97,-6,116,-21,-272,-93,74
-14,97,-5,115,-21,-271,-93,75
-13,99,-4,114,-21,-272,-91,76
-12,102,-4,113,-21,-272,-90,81
-11,104,-4,113,-21,-272,-89,84
-11,104,-4,114,-21,-272,-89,83
-13,105,-4,114,-21,-272,-90,85
-14,107,-4,114,-21,-272,-91,86
-14,108,-4,114,-21,-272,-91,89
-13,109,-4,113,-21,-272,-90,90
-12,111,-4,113,-21,-272,-90,89
-11,113,-4,114,-21,-272,-89,93
-12,115,-3,115,-21,-272,-90,95
-12,115,-1,116,-21,-272,-90,96
-11,115,0,117,-21,-272,-91,96
-9,116,0,117,-21,-271,-89,96
-8,117,0,117,-21,-270,-87,97
-8,119,0,117,-21,-270,-89,100
-9,120,0,117,-21,-271,-90,101
-10,121,0,117,-21,-272,-91,102
-10,122,0,117,-21,-272,-91,102
-10,122,0,117,-21,-271,-91,102
-10,121,0,116,-21,-268,-89,102
-10,121,0,116,-21,-267,-89,102
-10,122,0,115,-21,-267,-87,102
-9,122,0,116,-21,-267,-86,102
-8,122,0,117,-21,-267,-89,103
-9,122,-1,117,-21,-267,-89,102
-10,122,0,117,-21,-267,-90,102
-9,122,0,116,-21,-267,-87,102
-8,122,0,115,-21,-267,-86,103
-7,123,0,116,-21,-267,-85,103
-7,123,0,116,-21,-267,-85,104
-7,123,0,117,-21,-267,-87,104
-8,122,0,117,-21,-267,-89,103
-9,120,0,117,-21,-267,-90,101
-9,118,0,117,-21,-267,-89,98
-8,117,0,117,-20,-267,-87,98
-7,117,0,117,-19,-267,-87,97
-7,117,0,117,-20,-267,-87,97
-7,117,0,117,-21,-267,-87,98
-7,118,-1,117,-21,-267,-87,98
-8,117,0,117,-21,-267,-85,97
-9,116,0,115,-21,-267,-86,97
-10,116,1,114,-21,-267,-87,98
-11,115,0,115,-20,-267,-89,98
-10,115,0,115,-19,-267,-89,96
-11,115,0,116,-19,-267,-89,96
-12,115,0,115,-19,-267,-90,98
-12,114,0,114,-19,-267,-90,95
-11,114,0,112,-20,-267,-86,93
-10,113,-1,111,-21,-267,-86,93
-11,113,-2,111,-21,-267,-86,93
-13,114,-2,112,-20,-268,-89,95
-15,114,-3,112,-19,-267,-93,95
-16,113,-3,113,-19,-266,-93,93
-16,111,-3,112,-20,-264,-93,91
-15,109,-2,111,-21,-263,-90,90
-15,108,-2,111,-21,-263,-90,87
-17,106,-3,112,-21,-263,-95,86
-18,105,-3,113,-21,-263,-96,85
-18,104,-4,114,-21,-262,-96,83
-17,103,-4,114,-21,-262,-93,81
-16,101,-5,113,-21,-262,-93,79
-16,99,-6,111,-21,-262,-93,76
-17,97,-6,109,-21,-262,-91,74
-18,95,-6,108,-21,-262,-93,75
-19,94,-5,108,-21,-262,-95,74
-21,93,-6,109,-21,-262,-96,70
-21,92,-7,111,-21,-262,-98,69
-21,90,-8,111,-21,-262,-98,67
-21,86,-8,109,-19,-262,-96,63
-21,83,-8,108,-17,-262,-96,61
-21,80,-9,107,-18,-262,-95,57
-20,78,-9,107,-19,-262,-95,56
-21,77,-10,108,-21,-262,-95,53
-22,76,-10,109,-20,-262,-97,53
-23,75,-10,110,-18,-262,-101,52
-23,74,-9,109,-16,-262,-97,51
-24,72,-7,108,-15,-262,-98,48
-24,69,-7,107,-16,-262,-98,46
-25,68,-7,107,-16,-262,-100,45
-26,68,-7,106,-16,-262,-100,45
-26,68,-7,106,-16,-262,-97,45
-26,68,-7,105,-16,-262,-97,47
-25,68,-6,105,-16,-262,-97,47
-24,69,-6,105,-16,-262,-96,48
-23,70,-6,105,-16,-262,-95,50
-22,72,-7,105,-16,-262,-93,51
-23,73,-6,105,-16,-262,-95,53
-24,75,-4,106,-16,-262,-96,54
-23,78,-4,107,-16,-262,-96,57
-23,80,-4,107,-16,-262,-95,59
-22,81,-4,107,-16,-262,-93,61
-21,82,-4,107,-16,-262,-93,62
-21,84,-4,106,-16,-262,-93,64
-21,87,-4,107,-16,-262,-93,67
-21,91,-3,108,-16,-262,-93,70
-21,95,-2,109,-16,-262,-96,75
-21,98,-1,110,-16,-262,-96,78
-20,101,0,110,-16,-262,-95,81
-18,104,0,110,-16,-262,-93,84
-18,108,-1,110,-16,-262,-92,87
-17,111,-1,110,-16,-262,-92,91
-17,113,-1,110,-16,-262,-92,93
-17,116,0,111,-16,-262,-92,100
-16,119,1,112,-16,-262,-92,102
-15,123,2,113,-16,-262,-91,106
-13,125,3,113,-16,-262,-89,108
-12,128,2,113,-16,-262,-87,112
-11,130,2,113,-16,-262,-86,113
-10,132,2,113,-16,-262,-86,115
-10,135,3,114,-16,-262,-85,118
-9,137,4,115,-16,-262,-87,120
-8,139,5,115,-16,-263,-86,122
-8,139,4,115,-16,-263,-86,123
-8,139,5,115,-16,-262,-86,123
-8,139,5,116,-16,-262,-86,122
-8,139,6,117,-16,-263,-86,122
-8,139,6,117,-16,-264,-86,122
-8,139,6,116,-16,-266,-86,122
-8,139,6,116,-16,-266,-87,125
-8,139,6,117,-14,-265,-86,123
-8,139,5,118,-12,-264,-86,123
-8,139,3,119,-11,-264,-90,122
-9,137,1,119,-11,-264,-90,118
-10,135,0,118,-13,-265,-90,115
-10,132,0,117,-14,-266,-91,113
-11,130,0,117,-16,-267,-92,111
-11,128,0,117,-16,-267,-92,108
-12,125,0,117,-14,-266,-92,106
-12,122,-1,116,-13,-265,-90,102
-13,119,-3,115,-11,-266,-91,100
-14,115,-4,113,-11,-267,-91,96
-15,112,-4,113,-11,-268,-92,90
-15,108,-4,113,-11,-267,-92,87
-16,103,-3,114,-11,-266,-93,84
-16,100,-4,114,-11,-266,-93,80
-18,97,-5,113,-11,-266,-95,74
-18,93,-7,111,-11,-267,-96,70
-19,90,-7,110,-11,-268,-97,68
-20,87,-8,110,-11,-268,-97,64
-21,83,-7,110,-11,-267,-98,61
-22,80,-7,111,-11,-267,-100,57
-23,77,-7,110,-11,-267,-101,54
-24,75,-8,109,-11,-267,-98,52
-24,72,-10,108,-11,-267,-98,50
-25,71,-11,107,-11,-267,-100,47
-26,69,-11,107,-11,-267,-100,43
-27,67,-11,107,-11,-267,-101,43
-28,65,-11,107,-11,-267,-102,42
-28,63,-11,107,-11,-267,-102,40
-28,62,-11,107,-11,-267,-102,39
-27,61,-11,107,-11,-267,-101,37
-27,60,-11,107,-11,-267,-101,36
-26,59,-12,106,-11,-267,-101,34
-27,59,-14,104,-11,-267,-101,32
-28,59,-15,104,-11,-267,-102,32
-28,59,-14,104,-11,-267,-102,32
-29,60,-13,104,-11,-267,-103,34
-28,60,-12,104,-11,-267,-100,36
-28,61,-12,103,-11,-267,-100,37
-28,62,-13,102,-11,-267,-100,36
-28,63,-14,103,-11,-267,-100,37
-28,64,-15,103,-11,-267,-102,37
-28,63,-15,104,-11,-267,-102,37
-29,63,-14,104,-11,-267,-103,37
-29,64,-14,104,-11,-267,-103,39
-28,66,-13,105,-11,-267,-103,40
-27,68,-13,106,-11,-267,-101,42
-26,70,-12,106,-11,-268,-101,43
-27,72,-11,107,-11,-268,-101,48
-28,72,-11,107,-11,-267,-102,50
-28,73,-11,107,-11,-266,-103,47
-28,73,-11,107,-11,-266,-102,47
-26,73,-11,107,-11,-266,-101,50
-26,75,-10,106,-11,-267,-101,52
-26,78,-10,106,-11,-267,-101,54
-26,80,-10,106,-11,-266,-101,57
-25,80,-11,106,-11,-266,-100,57
-23,81,-10,106,-11,-266,-97,58
-22,82,-8,106,-11,-267,-93,58
-22,83,-6,107,-11,-268,-95,63
-23,85,-5,108,-11,-267,-98,64
-23,87,-6,109,-11,-266,-98,64
-22,88,-7,110,-11,-266,-96,64
-20,89,-7,110,-11,-266,-97,65
-18,89,-8,110,-11,-267,-95,67
-17,90,-7,111,-11,-268,-93,67
-16,91,-7,110,-11,-268,-93,69
-17,94,-8,110,-11,-267,-95,72
-17,97,-7,110,-11,-267,-95,74
-16,100,-7,111,-11,-267,-93,76
-15,102,-5,113,-11,-267,-92,80
-14,105,-4,113,-11,-268,-91,85
-13,107,-4,114,-11,-268,-91,87
-12,109,-4,114,-11,-267,-90,86
-11,110,-4,113,-11,-267,-89,90
-10,111,-3,112,-11,-267,-87,91
-9,112,-2,111,-11,-269,-84,92
-8,115,-1,111,-11,-271,-84,96
-8,118,0,112,-12,-272,-84,98
-8,122,0,115,-12,-273,-86,102
-7,124,0,116,-12,-273,-85,104
-7,127,0,117,-12,-272,-87,107
-8,128,0,117,-12,-272,-89,108
-9,130,0,116,-11,-271,-86,111
-8,132,1,116,-11,-270,-86,115
-7,134,2,118,-11,-269,-89,117
-7,136,3,120,-11,-269,-87,119
-7,138,2,120,-11,-269,-89,122
-7,141,1,119,-11,-269,-89,122
-7,144,1,119,-11,-269,-89,125
-7,146,1,119,-11,-268,-87,126
-6,146,2,119,-11,-267,-87,130
-6,145,3,118,-11,-267,-85,129
-7,145,3,116,-11,-267,-85,129
-7,145,2,116,-11,-268,-85,129
-7,145,3,117,-11,-267,-85,129
-7,145,2,118,-11,-267,-87,129
-7,145,2,118,-11,-267,-87,129
-6,145,2,116,-11,-267,-85,129
-6,146,1,114,-11,-267,-85,130
-7,146,2,113,-11,-268,-83,129
-8,145,2,113,-11,-268,-84,129
-9,143,2,113,-11,-267,-85,126
-9,140,2,113,-12,-267,-85,124
-8,139,2,113,-11,-267,-84,123
-8,137,2,113,-10,-269,-84,120
-8,136,2,113,-8,-271,-84,119
-9,133,2,113,-7,-273,-85,117
-10,131,1,112,-8,-273,-85,114
-10,128,0,112,-8,-273,-85,112
-11,125,0,112,-8,-273,-86,108
-12,122,0,111,-7,-273,-87,106
-13,120,0,110,-7,-273,-89,101
-14,118,-1,110,-7,-273,-89,98
-14,115,-1,110,-7,-273,-90,96
-14,112,-1,111,-7,-273,-90,92
-14,109,-2,112,-7,-273,-90,90
-15,106,-3,111,-7,-273,-90,86
-15,103,-5,109,-7,-272,-90,84
-15,100,-5,108,-7,-273,-90,80
-16,98,-5,107,-7,-273,-89,78
-16,96,-4,106,-7,-274,-89,75
-17,93,-4,107,-7,-275,-89,73
-18,91,-4,107,-7,-274,-90,72
-18,90,-5,108,-7,-273,-93,69
-20,88,-6,108,-7,-273,-95,65
-21,86,-6,108,-7,-272,-96,63
-21,84,-6,108,-7,-273,-96,61
-21,82,-6,108,-7,-273,-96,59
-22,81,-7,109,-7,-273,-96,58
-23,81,-8,110,-7,-273,-100,57
-25,80,-7,111,-7,-273,-102,57
-26,79,-7,109,-7,-273,-101,56
-26,79,-5,108,-7,-273,-101,58
-26,80,-5,108,-7,-273,-101,59
-27,81,-6,109,-7,-273,-101,57
-27,81,-7,111,-7,-271,-103,58
-27,80,-8,111,-7,-269,-104,57
-27,81,-7,109,-7,-268,-102,58
-27,82,-7,106,-7,-267,-102,59
-27,84,-7,105,-7,-268,-100,63
-25,86,-7,106,-7,-268,-97,65
-24,86,-7,107,-7,-268,-98,63
-24,86,-6,109,-7,-268,-98,63
-24,86,-7,110,-7,-268,-98,63
-24,86,-7,111,-7,-268,-102,63
-25,87,-8,110,-7,-268,-102,64
-25,88,-9,109,-7,-268,-102,64
-25,89,-9,109,-7,-268,-101,65
-26,89,-8,109,-7,-268,-101,67
-26,90,-8,110,-7,-268,-103,67
-25,91,-7,111,-7,-268,-102,68
-23,92,-7,111,-7,-268,-101,69
-22,92,-7,110,-7,-268,-100,69
-22,93,-7,110,-7,-268,-100,69
-22,93,-7,110,-7,-268,-100,69
-22,93,-7,111,-7,-268,-100,69
-21,93,-8,111,-7,-268,-98,70
-20,93,-9,112,-7,-268,-97,70
-19,94,-10,112,-7,-268,-97,69
-19,94,-10,114,-7,-268,-98,69
-18,95,-11,114,-7,-268,-97,69
-18,95,-10,113,-7,-268,-95,70
-18,95,-8,111,-7,-267,-95,73
-18,95,-8,110,-7,-268,-96,73
-18,95,-8,111,-7,-269,-96,73
-18,95,-10,113,-7,-271,-95,69
-18,94,-11,114,-7,-273,-97,69
-17,93,-11,114,-7,-273,-97,68
-16,93,-11,114,-7,-273,-96,68
-16,92,-11,114,-7,-273,-95,67
-16,91,-11,114,-7,-273,-95,65
-17,90,-11,114,-7,-273,-96,64
-18,89,-10,113,-7,-273,-96,63
-20,88,-9,112,-7,-273,-97,65
-20,89,-8,112,-7,-273,-97,65
-20,88,-9,112,-7,-273,-97,65
-21,87,-10,111,-7,-273,-98,62
-22,87,-12,110,-7,-273,-100,62
-24,86,-12,108,-7,-273,-101,61
-24,86,-12,107,-7,-273,-98,61
-25,86,-11,107,-7,-273,-100,63
-25,85,-11,107,-7,-273,-100,62
-25,84,-11,107,-7,-273,-100,58
-24,82,-11,107,-7,-273,-98,57
-24,81,-11,107,-7,-273,-98,58
-24,80,-10,106,-7,-273,-98,57
-26,79,-10,106,-7,-273,-101,56
-26,79,-10,106,-7,-273,-101,56
-26,79,-12,106,-7,-273,-101,53
-26,80,-13,104,-7,-273,-101,54
-27,79,-13,102,-7,-273,-100,53
-27,77,-13,101,-7,-273,-98,52
-27,75,-13,102,-7,-273,-98,50
-27,73,-14,103,-7,-273,-98,47
-28,73,-14,103,-7,-273,-100,47
-28,73,-14,103,-7,-273,-100,47
-28,73,-14,103,-7,-271,-102,47
-28,72,-14,103,-7,-269,-102,46
-26,70,-14,102,-7,-268,-98,43
-25,69,-13,101,-7,-268,-97,46
-26,68,-12,101,-7,-269,-97,45
-27,68,-12,101,-7,-270,-98,45
-28,66,-13,101,-7,-269,-100,42
-29,64,-13,101,-7,-268,-101,40
-28,62,-12,101,-7,-268,-100,39
-27,60,-11,100,-7,-269,-96,36
-26,59,-11,100,-7,-270,-95,35
-25,58,-11,100,-7,-270,-95,34
-25,57,-11,101,-7,-268,-95,34
-26,57,-11,101,-7,-267,-96,34
-27,57,-11,101,-7,-268,-96,34
-27,55,-11,100,-7,-269,-96,31
-27,53,-12,100,-6,-271,-96,29
-27,51,-11,100,-7,-273,-96,28
-27,50,-10,102,-7,-273,-98,26
-27,51,-10,103,-7,-273,-98,26
-27,51,-10,103,-7,-273,-98,28
-27,51,-11,102,-6,-273,-98,28
-27,51,-11,102,-5,-273,-98,26
-27,51,-10,103,-5,-273,-98,26
-27,51,-9,105,-5,-273,-98,28
-28,52,-9,106,-6,-273,-102,28
-29,53,-10,105,-7,-274,-103,29
-29,55,-10,105,-7,-274,-103,31
-29,58,-10,106,-7,-274,-103,34
-28,60,-10,106,-7,-274,-102,36
-28,61,-10,106,-7,-276,-102,37
-27,62,-10,106,-7,-277,-101,39
-27,64,-10,106,-7,-278,-101,40
-27,66,-10,106,-7,-278,-101,42
-26,69,-8,106,-7,-278,-101,46
-26,73,-6,106,-7,-278,-98,52
-26,76,-4,106,-7,-278,-98,54
-25,79,-4,107,-7,-278,-97,58
-23,81,-5,108,-7,-278,-97,61
-21,83,-7,109,-7,-278,-96,61
-20,86,-7,109,-7,-278,-95,63
-20,90,-5,108,-7,-278,-95,70
-19,94,-4,107,-7,-278,-91,74
-18,98,-4,106,-7,-278,-91,79
-17,101,-6,108,-7,-278,-92,81
-16,104,-7,109,-7,-278,-91,81
-14,107,-7,111,-7,-278,-92,84
-13,108,-5,112,-7,-278,-90,86
-11,110,-3,112,-7,-278,-89,90
-9,112,-1,111,-7,-278,-85,92
-8,115,-1,111,-7,-278,-84,96
-7,119,-2,112,-7,-278,-83,100
-6,122,-3,112,-7,-278,-84,102
-6,123,-4,113,-7,-278,-84,104
-6,124,-3,113,-7,-278,-84,104
-6,125,-3,112,-7,-278,-81,106
-7,126,-2,112,-7,-278,-83,107
-8,128,-2,112,-7,-278,-84,109
-8,128,-3,112,-7,-278,-86,109
-8,128,-4,113,-7,-278,-86,109
-8,128,-4,114,-7,-278,-86,106
-8,128,-4,114,-7,-278,-86,107
-8,128,-4,113,-7,-278,-86,109
-9,127,-4,113,-7,-278,-87,108
-10,125,-4,113,-7,-278,-89,106
-12,124,-4,114,-7,-278,-90,104
-12,124,-4,113,-7,-277,-90,104
-11,124,-4,113,-7,-277,-90,104
-11,123,-4,114,-7,-278,-89,103
-11,121,-4,114,-7,-279,-89,102
-12,118,-4,114,-7,-280,-90,98
-12,116,-4,113,-7,-279,-90,95
-13,115,-5,113,-7,-278,-90,92
-13,114,-5,112,-7,-277,-91,91
-14,112,-5,113,-7,-277,-92,90
-14,110,-5,112,-7,-278,-92,87
-14,108,-7,112,-7,-278,-91,85
-14,107,-7,111,-7,-278,-91,84
-14,105,-7,110,-7,-278,-89,83
-14,102,-7,109,-7,-278,-90,80
-15,100,-6,109,-7,-278,-90,78
-15,99,-7,109,-7,-278,-90,76
-15,97,-8,110,-7,-278,-92,74
-15,94,-8,109,-7,-278,-90,72
-16,92,-8,109,-7,-278,-91,69
-17,90,-7,108,-7,-278,-92,67
-19,89,-7,107,-7,-278,-93,67
-20,88,-7,105,-7,-278,-92,65
-20,87,-8,104,-7,-278,-92,64
-18,86,-8,103,-7,-278,-91,63
-18,85,-8,103,-7,-278,-90,62
-17,84,-8,104,-7,-278,-89,61
-16,83,-8,104,-6,-278,-89,59
-17,81,-8,104,-5,-278,-89,58
-17,81,-8,103,-6,-276,-89,58
-18,80,-8,104,-6,-275,-90,57
-17,80,-8,104,-6,-275,-89,57
-17,79,-8,103,-5,-275,-89,56
-18,78,-8,103,-5,-275,-90,54
-19,77,-8,104,-6,-276,-91,54
-20,77,-7,104,-7,-277,-92,57
-21,79,-5,106,-7,-276,-92,58
-21,79,-4,106,-7,-274,-92,58
-20,80,-5,106,-7,-273,-92,59
-20,81,-6,105,-7,-274,-92,61
-20,83,-5,105,-7,-276,-92,62
-20,85,-4,106,-7,-277,-92,64
-20,86,-4,107,-7,-276,-92,67
-20,88,-4,107,-7,-274,-92,68
-20,89,-4,106,-7,-274,-92,68
-19,90,-4,107,-7,-274,-91,70
-19,93,-3,108,-7,-276,-91,73
-19,96,-2,109,-7,-276,-93,75
-19,98,-1,110,-7,-276,-93,79
-19,100,-1,109,-7,-275,-93,80
-18,101,-2,109,-7,-275,-92,81
-16,103,-2,109,-7,-276,-91,83
-16,105,-1,110,-7,-278,-91,85
-15,107,0,110,-7,-278,-91,87
-15,110,0,110,-7,-278,-90,90
-14,112,-1,110,-7,-278,-90,92
-14,115,-1,110,-7,-278,-89,96
-13,119,-1,110,-7,-278,-89,100
-11,121,0,110,-7,-278,-86,101
-9,123,0,110,-7,-278,-85,104
-8,126,-1,110,-7,-278,-84,107
-7,130,-1,110,-6,-278,-83,111
-7,133,0,110,-5,-278,-83,114
-6,135,0,111,-6,-278,-81,119
-5,137,1,112,-6,-278,-81,120
-5,139,2,113,-6,-278,-81,123
-5,142,3,113,-5,-278,-81,125
-4,146,2,113,-5,-278,-80,130
-3,149,2,113,-4,-278,-79,134
-1,152,2,113,-4,-278,-78,136
0,154,2,113,-3,-278,-76,139
0,155,3,114,-3,-278,-75,140
0,157,4,115,-3,-278,-79,141
0,159,4,116,-4,-278,-78,144
1,161,4,115,-3,-278,-78,145
3,162,6,115,-3,-278,-73,148
4,163,7,114,-2,-278,-72,150
4,165,9,113,-2,-278,-68,152
4,166,10,112,-2,-278,-69,156
3,168,9,113,-2,-278,-70,155
3,168,8,113,-2,-276,-73,155
3,168,8,114,-2,-274,-73,155
3,168,8,114,-2,-273,-73,155
3,168,8,114,-2,-273,-73,155
3,168,7,114,-2,-273,-73,155
3,168,8,114,-2,-273,-73,155
3,168,8,114,-2,-273,-73,155
3,168,8,113,-2,-273,-73,155
3,168,9,113,-2,-273,-70,155
3,168,9,113,-2,-273,-70,155
3,168,9,113,-2,-273,-70,155
3,168,9,113,-2,-273,-73,155
3,168,9,113,-2,-273,-73,155
3,168,9,113,-2,-273,-70,155
3,168,9,113,-2,-273,-70,155
3,168,9,113,-2,-274,-70,155
3,168,9,113,-2,-273,-70,155
3,168,9,113,-2,-271,-70,155
3,168,9,113,-2,-270,-70,155
3,168,9,113,-2,-270,-70,155
3,168,9,113,-2,-271,-70,155
3,168,9,113,-2,-271,-70,155
3,168,9,113,-2,-270,-70,155
3,167,9,113,-2,-268,-70,155
3,166,9,113,-2,-268,-69,153
3,166,9,113,-2,-268,-69,153
3,167,9,113,-2,-268,-70,153
3,167,9,113,-1,-268,-70,155
3,167,9,113,-1,-268,-69,153
5,165,9,113,-1,-268,-68,152
5,163,9,113,-2,-270,-68,151
4,162,9,113,-2,-272,-69,150
2,162,9,113,-2,-273,-70,148
1,162,9,113,-1,-274,-72,148
0,161,8,112,0,-272,-73,148
0,159,7,110,1,-270,-73,146
0,157,6,110,2,-268,-74,144
0,155,5,109,2,-268,-74,141
0,153,5,109,1,-269,-73,140
0,151,5,109,1,-270,-73,137
0,150,5,109,1,-271,-73,136
0,149,6,110,2,-270,-74,135
-1,147,6,110,3,-269,-75,134
-2,144,5,109,3,-268,-75,130
-3,140,4,109,2,-268,-76,126
-3,137,3,108,2,-268,-76,122
-5,135,2,107,2,-269,-78,119
-6,133,1,106,3,-268,-76,117
-6,131,2,106,2,-268,-76,115
-6,128,1,106,2,-268,-79,111
-7,124,0,108,2,-268,-80,108
-8,120,0,109,2,-268,-81,103
-10,118,0,109,2,-268,-83,101
-11,115,0,108,2,-268,-84,98
-12,114,0,107,2,-268,-85,97
-13,113,-2,106,2,-269,-85,93
-13,111,-4,107,2,-269,-86,91
-14,109,-5,107,2,-268,-86,89
-14,106,-4,107,2,-267,-86,86
-15,103,-4,107,3,-266,-87,83
-16,100,-4,107,3,-266,-89,80
-18,99,-4,107,3,-266,-90,79
-19,98,-4,107,3,-266,-92,78
-21,97,-4,107,3,-265,-93,76
-21,95,-4,107,3,-264,-93,75
-22,93,-4,107,3,-263,-95,73
-22,92,-4,107,3,-263,-95,72
-24,92,-4,107,3,-263,-96,72
-25,90,-4,107,3,-264,-97,69
-25,87,-4,107,3,-263,-97,67
-24,86,-4,107,3,-263,-96,65
-24,86,-4,107,3,-264,-96,65
-25,85,-5,105,4,-264,-97,64
-27,85,-7,105,5,-263,-100,64
-28,84,-7,105,4,-264,-101,61
-28,82,-8,106,3,-264,-102,58
-27,80,-9,107,3,-265,-102,57
-26,80,-10,107,3,-266,-101,57
-26,79,-11,107,3,-265,-101,56
-27,79,-11,107,3,-264,-102,53
-28,76,-11,107,3,-263,-103,51
-29,74,-11,107,3,-263,-103,51
-28,73,-11,107,4,-263,-102,50
-28,73,-11,107,5,-265,-102,50
-28,72,-11,107,6,-267,-102,50
-28,71,-11,107,7,-269,-103,47
-29,69,-11,107,7,-269,-103,45
-30,66,-12,106,6,-269,-104,40
-31,64,-14,104,5,-269,-104,37
-31,62,-15,104,6,-269,-106,35
-32,60,-15,103,7,-269,-106,34
-32,57,-14,104,8,-269,-107,31
-33,55,-14,104,7,-269,-107,29
-34,53,-15,104,6,-269,-108,26
-35,50,-16,103,6,-270,-108,24
-35,49,-17,102,6,-271,-107,21
-36,46,-17,101,7,-272,-107,19
-36,44,-17,101,6,-273,-108,18
-37,41,-18,101,5,-273,-108,14
-37,39,-18,101,6,-274,-108,9
-38,37,-18,101,7,-274,-109,8
-39,35,-18,100,7,-274,-111,8
-42,33,-18,99,5,-274,-113,7
-43,31,-18,99,3,-273,-114,4
-44,31,-19,98,3,-273,-115,3
-45,31,-19,99,5,-274,-115,1
-44,31,-19,98,7,-274,-114,1
-43,30,-19,97,8,-275,-112,2
-42,28,-20,95,7,-276,-111,-1
-43,26,-21,95,5,-275,-112,-3
-45,24,-20,95,5,-274,-113,-4
-46,24,-20,95,6,-274,-114,-6
-46,24,-20,95,7,-273,-115,-6
-46,24,-20,94,7,-273,-114,-2
-45,25,-19,94,7,-274,-113,-2
-44,25,-19,94,7,-275,-113,-2
-43,26,-19,96,7,-276,-112,-1
-43,27,-20,97,7,-275,-112,-2
-43,29,-21,98,7,-274,-114,0
-44,31,-20,98,7,-274,-115,1
-44,31,-18,98,7,-275,-115,3
-44,31,-16,98,7,-276,-112,3
-43,32,-16,98,6,-275,-112,4
-42,33,-15,97,5,-274,-111,7
-41,36,-15,97,5,-273,-111,9
-40,38,-14,98,5,-273,-109,10
-39,39,-12,99,5,-274,-108,14
-39,41,-11,101,6,-274,-107,17
-38,43,-11,101,7,-274,-107,19
-37,47,-11,100,7,-274,-107,23
-36,50,-12,100,7,-274,-106,26
-36,52,-11,100,7,-274,-104,29
-35,54,-10,101,7,-274,-106,30
-34,57,-9,102,6,-274,-106,32
-32,61,-8,104,4,-274,-104,37
-31,64,-8,104,4,-274,-103,41
-30,68,-8,103,5,-274,-102,43
-30,70,-8,104,6,-274,-102,47
-28,72,-7,104,7,-274,-100,52
-26,75,-5,106,6,-274,-98,54
-24,79,-4,106,5,-274,-96,58
-23,82,-3,105,6,-274,-95,62
-22,86,-2,105,7,-274,-95,65
-22,89,-2,104,7,-274,-91,70
-22,92,-1,103,7,-274,-92,74
-21,94,-1,103,7,-274,-91,76
-21,97,-1,103,7,-274,-91,80
-19,100,0,104,7,-274,-89,83
-18,102,0,105,7,-274,-87,85
-17,104,1,106,7,-274,-90,87
-17,106,2,107,7,-274,-90,89
-16,108,2,106,7,-274,-86,91
-15,112,2,106,7,-274,-85,95
-14,115,2,106,7,-274,-84,98
-13,119,2,106,7,-274,-84,102
-12,120,2,106,7,-274,-83,103
-12,121,2,106,7,-274,-83,103
-11,121,2,106,7,-274,-81,104
-10,121,2,106,7,-274,-80,104
-11,122,3,107,7,-273,-84,106
-11,125,3,108,7,-274,-85,111
-11,126,4,108,7,-275,-84,112
-10,128,4,108,7,-277,-83,113
-8,128,4,108,7,-278,-81,114
-7,128,3,108,7,-279,-80,114
-8,128,3,108,7,-279,-81,114
-8,128,4,108,6,-278,-81,114
-8,128,4,108,7,-278,-81,114
-8,128,4,108,8,-278,-81,114
-8,128,4,108,10,-279,-81,114
-8,129,3,108,10,-279,-81,114
-8,128,3,108,10,-279,-81,112
-8,126,3,107,10,-279,-81,109
-9,124,3,107,11,-279,-83,109
-10,122,3,108,12,-279,-84,108
-11,120,4,108,12,-279,-85,106
-13,118,4,108,12,-279,-86,103
-12,116,4,108,11,-279,-85,102
-12,115,3,106,11,-279,-83,101
-12,115,4,106,12,-279,-83,100
-13,114,3,106,11,-279,-84,100
-14,112,4,108,11,-279,-87,97
-14,110,4,109,11,-279,-87,95
-15,108,4,109,11,-279,-87,93
-15,107,3,108,11,-279,-87,90
-15,107,2,106,11,-279,-86,90
-15,108,1,106,11,-279,-86,90
-16,107,1,106,11,-279,-89,90
-15,108,2,107,11,-279,-89,90
-15,108,2,107,11,-279,-87,91
-14,108,2,106,11,-279,-85,91
-14,108,3,105,11,-280,-84,93
-13,108,3,105,11,-280,-84,93
-14,108,3,105,11,-280,-85,93
-15,109,2,106,11,-281,-85,92
-15,111,2,107,11,-282,-89,93
-15,113,3,107,11,-284,-85,98
-13,114,5,106,11,-284,-84,100
-12,115,5,105,11,-282,-83,101
-12,116,3,105,11,-282,-83,102
-13,118,2,105,11,-282,-84,103
-13,119,3,107,11,-283,-84,104
-12,121,5,108,12,-284,-85,107
-11,122,7,108,13,-284,-84,108
-11,124,7,109,14,-284,-84,111
-11,126,6,109,15,-284,-84,112
-10,129,5,110,15,-284,-84,114
-10,131,5,110,15,-284,-84,117
-10,132,5,109,14,-284,-84,118
-10,133,6,110,15,-284,-83,119
-8,135,5,109,16,-284,-81,120
-7,138,5,110,16,-284,-80,124
-6,142,5,109,16,-284,-79,129
-6,144,5,109,16,-284,-80,131
-7,146,5,109,16,-284,-80,133
-6,146,5,109,16,-284,-80,133
-5,146,5,110,16,-284,-79,133
-3,147,5,110,16,-284,-78,134
-2,148,5,110,16,-284,-76,134
-2,148,5,109,16,-284,-75,134
-2,148,6,109,16,-284,-75,134
-3,149,6,110,16,-284,-76,136
-4,151,5,112,16,-284,-78,137
-5,152,4,114,16,-284,-81,136
-6,152,3,114,16,-284,-81,136
-7,149,2,114,16,-284,-83,134
-7,147,1,113,16,-284,-84,130
-7,145,2,113,16,-284,-83,129
-5,144,3,113,16,-284,-81,128
-5,143,3,112,17,-284,-81,126
-5,141,3,112,18,-284,-81,124
-6,139,2,111,19,-284,-83,123
-7,136,0,110,20,-284,-83,119
-7,133,0,109,21,-284,-80,117
-8,130,0,108,21,-284,-81,113
-9,127,1,107,21,-284,-83,111
-10,125,2,107,21,-284,-84,108
-10,123,2,107,21,-284,-84,107
-11,119,2,106,21,-284,-81,102
-12,115,0,105,21,-285,-83,98
-13,110,0,104,21,-285,-84,93
-14,106,-1,103,21,-284,-84,89
-16,103,-1,103,21,-283,-86,86
-17,101,-1,103,21,-282,-86,84
-18,99,0,103,21,-281,-89,81
-20,96,-1,103,21,-281,-90,79
-21,92,-2,102,21,-280,-91,75
-21,89,-3,101,21,-279,-91,68
-22,86,-5,100,21,-279,-92,65
-22,83,-5,99,21,-279,-90,63
-23,81,-5,100,21,-280,-93,61
-25,78,-4,100,21,-279,-95,57
-27,75,-4,100,21,-279,-96,54
-28,73,-6,99,21,-279,-96,52
-30,72,-7,97,21,-279,-97,51
-30,70,-8,97,21,-279,-97,50
-30,68,-8,96,21,-279,-97,47
-30,65,-8,97,21,-280,-97,43
-29,62,-8,97,21,-280,-96,41
-30,61,-8,97,21,-279,-97,40
-32,60,-8,97,21,-279,-98,39
-34,58,-8,96,21,-280,-101,37
-34,57,-8,97,21,-281,-101,35
-34,55,-9,97,21,-282,-101,34
-34,53,-10,98,21,-283,-103,29
-35,52,-10,98,21,-283,-104,28
-37,51,-10,98,21,-283,-106,28
-38,51,-10,99,21,-284,-107,28
-38,51,-10,99,21,-285,-107,26
-37,50,-10,99,21,-285,-107,25
-36,47,-10,98,21,-284,-106,23
-37,46,-11,97,21,-284,-106,21
-39,44,-11,97,21,-284,-107,20
-40,44,-12,98,21,-284,-108,19
-41,44,-12,99,21,-285,-109,20
-40,44,-13,99,21,-285,-109,20
-39,43,-14,99,22,-284,-108,17
-38,41,-14,97,23,-284,-107,17
-38,40,-14,96,23,-284,-104,15
-37,39,-14,95,23,-286,-103,15
-38,39,-14,96,22,-288,-107,15
-39,39,-15,97,22,-289,-108,12
-39,39,-15,97,21,-290,-108,12
-39,39,-15,97,21,-289,-108,12
-38,39,-15,97,22,-289,-107,12
-37,40,-15,97,24,-289,-106,13
-37,40,-15,97,26,-289,-106,13
-38,40,-15,97,26,-289,-107,13
-38,39,-15,97,26,-289,-107,13
-38,39,-15,97,25,-289,-107,13
-36,40,-15,97,25,-289,-106,13
-35,41,-14,98,25,-289,-103,17
-34,43,-12,99,26,-289,-103,19
-35,45,-13,99,26,-289,-103,20
-36,46,-14,98,26,-289,-104,19
-37,48,-15,97,25,-289,-106,21
-37,50,-14,97,24,-289,-107,25
-37,51,-13,99,24,-289,-106,28
-36,52,-11,100,25,-290,-104,29
-34,53,-11,101,25,-289,-103,29
-34,53,-11,100,25,-289,-103,29
-33,55,-11,100,25,-289,-102,31
-32,57,-11,100,24,-290,-102,34
-32,59,-11,100,24,-291,-101,35
-32,60,-11,100,25,-292,-101,36
-31,62,-11,100,26,-291,-101,39
-31,64,-12,100,26,-290,-100,41
-30,66,-11,100,25,-289,-100,42
-30,66,-10,101,25,-289,-102,42
-30,66,-9,102,25,-289,-102,42
-29,67,-8,103,26,-290,-101,43
-28,69,-7,104,25,-289,-100,46
-28,71,-8,104,25,-289,-100,48
-28,73,-8,103,25,-289,-100,50
-26,73,-8,103,25,-289,-98,50
-25,75,-8,104,25,-289,-97,51
-25,76,-7,104,25,-289,-97,56
-25,78,-5,106,25,-289,-97,58
-26,79,-4,107,25,-290,-98,58
-26,79,-4,107,25,-290,-98,58
-25,80,-4,107,25,-289,-97,59
-24,82,-4,106,25,-289,-96,62
-23,85,-3,106,25,-290,-96,64
-24,86,-3,106,25,-291,-96,65
-24,86,-3,106,25,-293,-96,65
-24,86,-3,105,25,-293,-96,65
-24,88,-2,104,25,-291,-93,70
-23,91,-1,104,25,-290,-92,73
-22,92,-2,104,25,-289,-92,74
-22,93,-3,105,25,-289,-95,73
-22,93,-3,106,25,-290,-95,73
-21,94,-4,105,25,-290,-93,74
-21,97,-3,106,25,-289,-93,78
-21,101,-3,107,25,-289,-93,80
-21,103,-2,109,25,-289,-97,83
-21,104,-1,110,25,-289,-96,84
-20,105,0,110,25,-289,-95,85
-19,107,0,110,25,-289,-93,86
-18,110,-1,110,25,-290,-93,90
-18,113,-1,110,25,-290,-93,93
-17,116,-1,110,25,-289,-92,96
-16,119,0,110,25,-288,-91,98
-14,121,0,111,26,-288,-90,104
-12,124,1,112,25,-288,-87,107
-11,126,1,114,25,-289,-89,109
-10,129,0,116,25,-289,-87,109
-10,131,0,116,26,-288,-89,112
-10,134,0,115,26,-287,-87,115
-9,137,0,116,26,-287,-87,118
-7,140,0,116,26,-287,-86,120
-6,142,0,117,26,-286,-87,123
-6,144,0,117,26,-285,-86,125
-5,146,0,118,26,-285,-86,128
-4,149,0,119,26,-285,-85,130
-4,151,0,122,26,-285,-87,131
-3,153,0,123,26,-285,-86,134
-2,155,0,122,26,-285,-86,137
-2,157,0,122,26,-285,-86,139
-2,159,0,121,27,-285,-86,140
-1,160,-1,122,28,-285,-85,141
0,160,0,124,28,-285,-84,142
0,161,0,124,28,-285,-83,142
0,162,0,124,29,-285,-83,145
1,165,0,123,29,-285,-83,147
2,167,0,124,29,-285,-81,148
3,168,0,124,29,-285,-80,150
3,168,0,123,28,-285,-80,150
2,167,0,123,28,-285,-81,148
1,167,0,122,28,-285,-81,148
1,167,1,122,28,-285,-81,148
3,167,2,121,29,-285,-78,150
3,168,2,120,28,-285,-78,153
3,168,2,120,28,-285,-78,153
3,167,2,120,27,-285,-78,152
2,166,2,120,28,-285,-78,150
3,164,2,120,29,-285,-78,148
4,163,2,120,30,-285,-76,147
3,162,2,120,29,-285,-76,146
2,162,3,120,28,-285,-78,146
1,161,3,120,27,-285,-80,146
0,161,2,120,27,-285,-80,145
1,161,2,119,27,-285,-80,142
1,161,1,119,27,-284,-79,144
1,161,0,118,28,-284,-80,142
1,161,0,118,29,-283,-80,144
1,162,0,118,30,-282,-80,144
1,161,1,119,29,-281,-79,144
1,160,1,119,28,-280,-79,142
1,158,0,118,27,-280,-79,139
0,156,0,117,27,-280,-80,137
0,155,0,117,28,-280,-80,136
1,154,0,118,28,-280,-79,136
1,153,1,119,27,-280,-79,135
1,152,2,119,26,-280,-79,134
0,151,2,120,26,-280,-80,135
1,151,2,120,26,-280,-79,135
2,150,3,120,26,-280,-79,134
2,149,3,120,26,-280,-78,133
1,147,3,120,26,-280,-79,130
1,144,2,120,26,-280,-79,129
0,143,1,119,26,-280,-80,124
0,142,1,119,26,-280,-80,124
0,141,1,119,26,-279,-81,123
-1,140,2,120,26,-278,-83,123
-2,138,3,120,26,-278,-83,122
-3,137,3,120,26,-278,-84,122
-3,136,3,120,26,-279,-84,119
-4,134,3,120,26,-278,-85,117
-4,132,2,120,26,-278,-85,115
-4,130,2,119,26,-278,-84,112
-4,131,1,119,26,-279,-84,112
-3,130,0,118,26,-280,-84,112
-4,129,0,118,26,-280,-85,109
-5,126,0,118,26,-280,-86,107
-6,124,1,117,26,-280,-84,107
-6,123,1,116,27,-280,-84,107
-6,123,0,116,28,-279,-84,104
-6,124,0,117,28,-278,-86,104
-6,124,0,117,28,-278,-86,104
-6,124,0,116,26,-278,-84,104
-6,123,1,114,26,-278,-84,107
-6,123,2,113,27,-277,-81,107
-6,124,2,113,28,-275,-81,107
-6,125,2,113,29,-275,-81,108
-7,126,2,113,31,-275,-83,109
-7,127,2,113,31,-275,-83,111
-8,126,2,113,31,-275,-84,109
-7,127,1,114,30,-275,-85,111
-6,129,1,114,29,-275,-84,112
-5,130,1,114,29,-275,-83,113
-5,130,0,115,28,-275,-83,113
-6,129,0,115,29,-275,-84,109
-8,128,0,116,29,-275,-86,109
-8,128,0,116,30,-275,-86,108
-8,128,0,115,31,-275,-86,109
-8,128,0,115,32,-275,-86,109
-8,128,0,115,31,-275,-86,109
-8,128,0,116,30,-274,-86,109
-8,128,0,116,29,-273,-86,109
-8,128,0,117,30,-274,-89,108
-7,128,0,117,31,-275,-87,109
-8,128,0,117,32,-274,-89,108
-10,127,0,117,32,-272,-90,108
-11,127,0,116,30,-270,-89,107
-11,127,-1,116,30,-270,-89,108
-10,127,-2,115,30,-270,-87,108
-9,126,-1,116,31,-271,-87,107
-9,124,0,117,32,-271,-90,104
-10,122,0,116,32,-270,-87,102
-10,121,-1,116,32,-270,-89,102
-10,121,-1,116,32,-270,-89,102
-10,122,-1,116,32,-270,-87,102
-10,122,-1,116,32,-270,-87,102
-10,121,-1,116,32,-270,-87,102
-10,121,-3,115,32,-270,-89,102
-10,122,-3,115,32,-270,-89,102
-10,122,-3,115,32,-270,-89,102
-10,121,-3,114,32,-270,-89,102
-10,121,-4,114,32,-270,-87,102
-10,121,-5,114,32,-270,-87,100
-10,123,-6,116,32,-270,-91,101
-11,125,-6,118,32,-270,-92,103
-13,126,-5,120,32,-270,-96,103
-13,126,-4,121,32,-270,-96,103
-12,126,-3,121,32,-270,-95,103
-11,126,-3,120,32,-270,-93,104
-10,129,-3,120,32,-271,-93,107
-10,131,-3,120,32,-271,-93,109
-10,133,-3,120,32,-270,-93,111
-10,133,-3,120,32,-269,-93,111
-10,132,-3,120,32,-268,-93,111
-10,132,-3,120,32,-269,-93,111
-10,132,-3,120,32,-270,-93,111
-10,134,-4,120,32,-269,-93,112
-10,136,-3,120,32,-267,-93,114
-10,138,-2,122,32,-265,-93,115
-10,139,-1,123,32,-265,-92,118
-9,139,0,123,32,-265,-92,120
-8,139,0,123,32,-266,-91,119
-7,137,-1,122,32,-266,-90,115
-7,136,-3,123,32,-265,-90,114
-8,135,-5,124,32,-265,-93,113
-10,135,-7,124,32,-265,-95,111
-11,134,-7,124,32,-265,-97,109
-12,132,-7,124,32,-265,-97,107
-12,129,-7,124,32,-265,-98,104
-13,127,-7,124,32,-265,-98,102
-14,125,-6,124,32,-265,-100,100
-14,122,-7,124,32,-265,-100,98
-14,121,-8,123,32,-265,-100,96
-14,118,-9,122,32,-265,-100,93
-14,115,-10,121,32,-265,-98,90
-15,112,-10,121,31,-265,-100,86
-18,108,-10,121,30,-266,-102,83
-19,104,-10,121,31,-266,-104,79
-20,101,-11,120,32,-266,-104,75
-19,98,-12,119,32,-264,-102,73
-19,94,-13,119,32,-262,-101,67
-19,90,-13,119,31,-260,-101,62
-20,86,-14,118,31,-260,-102,58
-21,83,-14,117,31,-262,-103,56
-22,82,-13,116,31,-264,-103,56
-23,80,-13,117,31,-264,-104,54
-23,78,-13,117,31,-263,-106,50
-24,75,-15,116,31,-262,-106,47
-24,72,-16,114,32,-262,-103,43
-25,70,-15,112,33,-262,-104,42
-26,69,-15,111,33,-261,-102,40
-26,68,-15,111,32,-260,-106,42
-25,68,-15,112,31,-260,-104,40
-25,68,-16,113,31,-262,-104,40
-24,67,-17,114,31,-263,-106,39
-25,66,-18,114,31,-263,-107,37
-25,65,-18,114,31,-263,-107,36
-25,64,-17,113,29,-262,-104,35
-25,63,-16,112,29,-260,-103,35
-24,64,-16,112,29,-260,-102,35
-23,65,-16,112,29,-261,-102,36
-24,66,-17,113,28,-262,-102,37
-25,67,-18,114,27,-262,-107,39
-26,68,-18,114,27,-261,-107,39
-26,69,-18,114,27,-261,-107,41
-25,71,-18,114,27,-261,-107,42
-24,73,-18,114,27,-263,-106,45
-24,75,-18,114,29,-265,-106,46
-24,76,-18,114,30,-266,-106,47
-23,77,-18,114,30,-266,-104,48
-22,80,-18,115,29,-265,-104,52
-22,82,-18,115,28,-265,-103,51
-22,82,-19,116,28,-265,-104,51
-22,82,-20,117,28,-265,-106,51
-21,83,-19,118,29,-265,-106,53
-20,86,-19,119,29,-265,-104,56
-20,88,-19,120,29,-265,-104,58
-21,90,-19,120,28,-265,-106,59
-21,91,-19,119,28,-265,-106,61
-22,92,-20,119,27,-265,-107,62
-21,94,-20,119,27,-265,-106,63
-19,94,-19,119,27,-265,-103,64
-18,95,-19,120,27,-265,-102,64
-17,95,-18,120,27,-265,-102,64
-18,95,-18,120,27,-265,-102,64
-19,96,-18,120,27,-265,-103,65
-20,98,-18,121,27,-265,-104,68
-20,99,-17,121,27,-265,-104,69
-19,100,-17,121,27,-265,-103,70
-17,101,-17,121,27,-265,-102,70
-16,101,-17,121,27,-265,-101,72
-15,102,-17,121,27,-265,-100,72
-16,101,-17,121,27,-266,-101,72
-16,101,-16,122,27,-267,-103,70
-16,102,-16,122,27,-268,-103,74
-17,103,-15,123,27,-269,-104,75
-18,105,-14,124,27,-270,-104,78
-18,106,-14,124,27,-270,-106,78
-18,106,-14,125,27,-270,-106,79
-19,106,-14,125,27,-270,-106,78
-18,106,-14,125,27,-270,-106,78
-17,106,-14,124,27,-270,-104,79
-15,108,-13,123,27,-270,-102,80
-14,108,-11,122,27,-270,-98,83
-14,108,-11,121,27,-270,-98,84
-15,109,-10,120,27,-270,-100,85
-16,111,-10,121,27,-270,-101,86
-16,113,-11,121,27,-270,-101,87
-15,114,-11,121,27,-270,-101,89
-15,113,-10,121,27,-270,-100,89
-15,113,-10,121,27,-270,-101,87
-16,112,-10,121,27,-270,-101,87
-16,114,-10,121,27,-270,-101,90
-15,117,-10,121,27,-270,-101,92
-14,119,-10,121,27,-270,-100,93
-14,120,-10,121,26,-270,-100,95
-14,119,-10,121,25,-270,-100,95
-14,119,-10,121,25,-271,-100,93
-14,119,-11,121,25,-271,-100,93
-14,119,-11,121,26,-272,-100,93
-14,119,-10,121,27,-271,-100,93
-14,119,-10,120,27,-270,-97,95
-14,120,-9,119,27,-270,-96,95
-12,120,-9,119,27,-271,-95,96
-11,119,-8,118,26,-273,-93,95
-10,119,-7,117,25,-274,-90,96
-9,119,-7,117,25,-273,-89,97
-9,120,-7,117,25,-272,-90,97
-9,120,-7,117,26,-273,-90,98
-9,120,-7,117,27,-273,-90,97
-9,119,-7,117,27,-273,-89,96
-8,117,-7,117,27,-272,-87,95
-7,117,-7,117,27,-272,-87,95
-8,117,-7,117,26,-273,-87,95
-8,117,-7,117,27,-274,-87,95
-8,117,-7,117,26,-275,-87,95
-8,117,-7,117,26,-275,-87,95
-8,117,-7,117,26,-275,-87,95
-7,117,-6,116,26,-275,-87,95
-7,115,-6,115,26,-275,-87,93
-7,115,-5,115,26,-275,-87,93
-7,116,-6,116,26,-275,-87,95
-7,116,-6,116,26,-275,-87,95
-7,116,-6,116,26,-275,-87,93
-7,115,-5,115,26,-275,-86,92
-6,114,-4,114,26,-275,-84,92
-6,115,-4,113,26,-274,-84,95
-7,115,-3,113,26,-275,-85,96
-7,115,-3,115,26,-276,-85,95
-8,113,-2,116,26,-278,-85,93
-8,112,-2,117,26,-280,-89,92
-9,111,-3,117,26,-280,-89,89
-9,111,-2,117,26,-280,-90,91
-10,111,-1,117,26,-280,-90,91
-10,111,0,117,26,-280,-90,91
-10,110,0,117,26,-280,-90,91
-10,110,0,116,26,-280,-87,91
-10,111,-2,116,26,-280,-87,91
-9,111,-2,116,26,-280,-87,91
-9,111,-1,116,26,-280,-87,91
-10,110,0,116,26,-280,-87,91
-12,110,0,117,26,-280,-92,90
-13,110,0,117,26,-280,-93,90
-14,111,0,117,26,-280,-93,91
-12,111,0,117,26,-280,-92,91
-10,111,0,117,26,-279,-90,91
-9,111,0,117,26,-280,-90,91
-9,111,0,116,26,-280,-87,91
-10,111,-1,116,26,-281,-87,91
-10,111,-2,116,26,-281,-87,91
-10,110,-2,117,26,-281,-90,91
-9,111,-2,118,26,-280,-90,91
-10,111,-2,119,26,-281,-90,91
-10,112,-3,120,26,-283,-93,89
-10,112,-4,120,26,-283,-93,90
-10,112,-6,119,26,-281,-93,89
-11,112,-6,119,26,-280,-93,90
-11,113,-5,119,27,-280,-93,91
-12,114,-4,119,28,-281,-95,92
-12,115,-3,120,28,-282,-95,93
-12,115,-3,120,28,-281,-95,92
-12,115,-3,120,27,-280,-95,92
-12,115,-3,121,26,-280,-95,92
-12,115,-3,120,26,-281,-95,92
-12,115,-4,119,26,-283,-95,92
-12,115,-6,118,26,-285,-92,92
-12,115,-7,117,26,-285,-92,93
-11,115,-7,117,26,-285,-91,93
-9,116,-7,117,26,-285,-89,93
-8,117,-7,117,26,-285,-87,95
-8,119,-7,117,26,-285,-87,96
-9,120,-7,117,26,-285,-90,98
-10,121,-7,117,26,-285,-91,100
-10,122,-7,117,26,-285,-91,100
-10,122,-7,117,27,-285,-91,100
-10,121,-7,117,28,-285,-90,100
-10,121,-7,117,27,-285,-91,100
-10,121,-7,117,26,-285,-90,100
-10,121,-7,117,26,-285,-91,100
-10,121,-7,117,26,-285,-91,100
-10,121,-7,117,26,-285,-91,100
-10,121,-7,117,26,-285,-90,100
-10,122,-7,117,26,-285,-90,100
-10,121,-7,117,26,-285,-91,100
-11,121,-7,117,26,-285,-91,98
-13,120,-7,117,26,-285,-93,97
-14,119,-7,117,26,-285,-95,97
-15,119,-7,117,26,-285,-95,97
-14,119,-7,117,26,-285,-95,97
-14,118,-7,117,26,-287,-93,96
-13,117,-7,117,26,-288,-93,95
-13,117,-7,117,27,-289,-93,95
-13,116,-7,117,28,-289,-92,93
-14,115,-7,117,27,-289,-93,92
-15,113,-7,117,26,-288,-95,91
-16,111,-7,117,25,-288,-96,89
-16,109,-7,117,26,-287,-96,86
-17,107,-7,117,26,-287,-97,85
-18,106,-7,117,26,-286,-97,84
-18,104,-8,116,26,-286,-98,83
-18,102,-10,115,26,-287,-97,78
-18,100,-10,114,26,-288,-98,75
-19,98,-11,114,26,-287,-100,73
-20,96,-11,114,26,-286,-100,70
-21,94,-10,114,26,-286,-101,68
-21,91,-10,114,26,-285,-101,65
-21,87,-10,114,26,-286,-101,62
-22,84,-11,114,26,-286,-101,58
-23,81,-11,114,26,-286,-102,56
-24,79,-11,114,26,-287,-103,53
-24,76,-11,114,25,-288,-103,51
-23,74,-10,114,25,-289,-102,48
-23,72,-10,114,25,-290,-102,46
-24,68,-11,114,25,-290,-103,42
-25,65,-12,113,25,-290,-104,39
-26,61,-13,112,25,-289,-104,35
-26,59,-14,111,25,-288,-102,32
-26,58,-15,110,26,-288,-102,31
-27,57,-14,111,25,-288,-103,30
-28,55,-14,111,25,-289,-104,29
-28,53,-14,111,25,-290,-104,26
-27,51,-14,111,25,-290,-103,25
-27,50,-14,111,25,-289,-103,24
-28,50,-14,111,25,-289,-104,24
-30,50,-14,111,25,-289,-107,23
-32,49,-14,111,25,-289,-108,23
-32,48,-14,111,25,-289,-108,21
-32,48,-14,111,25,-289,-108,21
-32,49,-14,111,25,-289,-108,23
-31,51,-14,111,25,-289,-107,24
-30,53,-14,111,25,-289,-107,26
-29,55,-14,111,25,-289,-106,29
-30,56,-14,111,25,-289,-106,29
-30,57,-14,111,25,-289,-107,30
-30,58,-14,111,25,-289,-107,32
-29,61,-14,111,25,-289,-106,35
-27,64,-14,111,25,-289,-104,37
-26,67,-14,111,25,-289,-103,41
-26,70,-15,110,25,-289,-103,43
-26,72,-14,111,25,-289,-103,46
-25,74,-14,112,25,-289,-104,48
-23,77,-12,113,25,-289,-103,51
-22,80,-10,114,25,-289,-101,54
-21,83,-10,113,25,-289,-101,58
-21,87,-9,112,25,-289,-97,64
-21,90,-9,111,25,-289,-98,67
-20,92,-7,112,25,-289,-97,69
-19,94,-6,114,25,-289,-98,72
-17,97,-6,116,25,-289,-97,74
-16,100,-6,116,25,-289,-96,76
-17,102,-5,115,25,-289,-97,80
-16,105,-5,114,25,-289,-93,83
-15,108,-5,114,25,-289,-92,85
-14,110,-6,116,25,-289,-93,87
-13,112,-6,118,25,-289,-92,90
-12,115,-4,119,25,-289,-95,93
-11,117,-3,119,25,-289,-93,95
-10,118,-1,119,25,-289,-91,98
-10,119,0,117,25,-289,-90,100
-9,121,0,116,25,-289,-87,101
-8,122,0,116,25,-289,-86,103
-7,123,0,117,25,-289,-87,103
-6,123,-2,118,25,-289,-86,104
-5,124,-2,118,25,-289,-85,104
-6,124,-1,118,25,-289,-86,104
-7,125,0,118,25,-289,-87,106
-7,127,1,119,25,-289,-87,107
-8,128,2,121,25,-289,-89,108
-8,129,0,123,25,-289,-91,109
-8,128,0,124,25,-289,-91,108
-8,128,-1,123,25,-289,-91,106
-8,128,-2,122,25,-290,-91,106
-9,129,-2,122,25,-290,-92,107
-9,130,-3,121,25,-289,-92,108
-9,129,-2,122,26,-288,-92,107
-8,128,-1,122,26,-286,-91,107
-8,128,-1,123,26,-286,-91,108
-8,128,-1,122,26,-286,-91,108
-8,128,-2,122,26,-286,-91,106
-8,128,-3,121,26,-285,-91,107
-8,128,-3,121,26,-285,-91,106
-9,127,-3,121,24,-285,-92,106
-11,126,-2,122,23,-284,-93,104
-12,126,-3,121,22,-284,-95,103
-13,125,-3,121,23,-284,-96,103
-13,126,-4,120,24,-285,-96,103
-12,126,-4,121,25,-285,-96,104
-12,125,-3,121,26,-284,-95,103
-12,124,-3,120,26,-284,-95,102
-11,123,-3,120,27,-283,-93,101
-10,123,-4,120,27,-282,-93,101
-11,122,-5,119,26,-281,-93,101
-12,122,-7,119,25,-280,-95,100
-13,120,-7,119,23,-279,-96,96
-14,119,-8,119,22,-279,-97,93
-15,119,-9,119,23,-279,-97,95
-14,119,-9,119,24,-280,-97,93
-14,118,-10,120,24,-280,-96,93
-13,116,-9,119,23,-279,-96,91
-13,115,-9,119,21,-280,-96,90
-14,113,-8,118,21,-280,-96,89
-14,112,-7,117,21,-279,-93,90
-14,111,-7,117,21,-278,-93,89
-13,108,-8,116,22,-276,-93,86
-13,107,-8,116,22,-274,-93,84
-14,104,-8,116,21,-274,-93,80
-14,102,-9,116,22,-274,-95,78
-15,100,-10,115,22,-275,-95,75
-15,99,-10,114,21,-275,-95,74
-15,97,-10,115,21,-274,-95,72
-15,94,-10,115,21,-274,-95,69
-16,92,-10,115,22,-274,-96,67
-18,90,-10,114,23,-275,-97,64
-18,89,-11,114,24,-275,-97,63
-18,87,-11,114,23,-274,-98,62
-19,85,-11,115,22,-274,-98,59
-19,83,-12,115,21,-273,-98,58
-19,83,-12,115,22,-272,-98,57
-18,83,-12,115,22,-271,-98,58
-18,84,-11,114,22,-270,-97,58
-18,84,-10,114,22,-270,-97,58
-18,84,-10,115,22,-270,-98,58
-19,83,-10,116,22,-270,-98,57
-19,83,-11,116,22,-270,-98,58
-18,84,-11,115,22,-270,-97,58
-18,85,-10,115,22,-270,-97,59
-19,87,-9,117,22,-270,-101,62
-21,90,-8,119,22,-270,-103,64
-20,92,-8,119,22,-270,-102,67
-19,94,-7,118,22,-270,-101,72
-18,97,-7,117,22,-270,-97,74
-17,101,-6,118,22,-270,-96,78
-16,105,-4,119,22,-269,-98,83
-15,109,-3,121,22,-268,-98,86
-15,112,-3,121,22,-268,-97,90
-14,115,-3,120,22,-268,-97,93
-14,120,-4,120,22,-269,-96,97
-14,125,-3,120,22,-270,-96,103
-13,129,-3,121,22,-269,-96,107
-12,133,-1,123,22,-268,-95,114
-11,136,0,123,22,-267,-95,117
-10,139,0,124,22,-266,-93,120
-9,143,0,124,22,-265,-92,124
-8,146,0,123,22,-265,-91,126
-7,150,0,123,22,-265,-90,131
-5,154,0,123,22,-265,-89,135
-4,157,0,124,22,-265,-87,139
-2,159,0,124,22,-265,-86,140
-1,160,0,123,22,-265,-85,141
0,161,1,123,22,-265,-84,142
0,162,2,124,22,-265,-83,144
0,164,2,125,22,-265,-84,146
0,166,2,126,22,-265,-86,147
-1,166,2,127,22,-265,-87,147
-1,166,3,127,22,-264,-87,147
-1,165,3,127,22,-263,-87,147
0,165,3,127,22,-263,-86,147
0,165,3,127,22,-262,-86,146
0,164,3,127,22,-262,-86,145
0,162,2,126,22,-262,-86,144
-2,160,0,125,22,-261,-86,142
-3,159,0,124,22,-260,-86,141
-3,159,0,123,22,-260,-86,140
-2,158,0,123,22,-260,-85,139
-1,156,0,123,22,-260,-85,137
-1,154,0,124,22,-260,-85,135
-2,151,0,124,22,-260,-86,133
-3,150,0,123,22,-260,-86,131
-3,148,-1,123,22,-260,-86,129
-3,146,-3,121,22,-260,-86,124
-3,144,-3,120,22,-260,-86,122
-3,141,-4,120,22,-260,-86,120
-3,139,-3,120,22,-260,-86,118
-4,137,-3,120,22,-260,-87,115
-5,136,-3,120,22,-258,-87,114
-6,134,-3,120,23,-256,-89,113
-6,133,-3,120,23,-256,-89,111
-6,131,-3,120,23,-256,-89,109
-6,130,-3,120,23,-257,-89,108
-6,129,-4,119,23,-256,-89,107
-7,128,-5,119,23,-256,-90,107
-7,127,-5,119,23,-255,-90,106
-7,125,-5,119,23,-255,-90,103
-7,123,-5,119,23,-255,-90,101
-9,122,-6,118,23,-255,-89,100
-10,121,-7,117,23,-255,-90,100
-10,121,-8,117,23,-255,-91,100
-10,122,-7,117,23,-255,-91,100
-10,122,-6,118,23,-255,-91,100
-10,121,-6,119,23,-255,-92,98
-9,120,-7,119,23,-255,-92,98
-9,119,-8,119,23,-255,-91,93
-9,118,-9,119,23,-255,-92,93
-10,118,-8,118,23,-255,-92,93
-11,117,-8,117,23,-255,-91,92
-11,116,-7,117,23,-255,-91,93
-12,115,-6,118,23,-255,-92,92
-12,115,-4,119,23,-255,-95,92
-12,115,-4,121,23,-255,-95,92
-12,115,-4,122,23,-255,-95,92
-12,115,-5,122,23,-255,-95,92
-12,115,-5,122,23,-255,-95,93
-12,115,-4,121,22,-254,-95,92
-12,115,-3,120,21,-253,-95,92
-12,114,-3,120,21,-253,-95,92
-11,113,-5,122,21,-253,-93,91
-11,112,-6,123,22,-254,-96,87
-11,113,-7,123,23,-254,-96,87
-11,114,-7,122,23,-253,-96,89
-12,115,-7,122,23,-252,-97,90
-12,115,-7,122,23,-252,-97,90
-12,115,-6,123,23,-253,-97,90
-12,115,-6,123,23,-253,-97,90
-11,117,-7,122,23,-252,-96,92
-10,119,-8,121,23,-250,-93,95
-10,121,-8,122,23,-250,-95,96
-10,122,-8,122,23,-250,-96,97
-10,123,-7,121,23,-250,-93,98
-10,125,-7,120,21,-250,-93,100
-9,127,-7,119,21,-250,-92,103
-9,130,-7,119,22,-250,-92,106
-10,131,-7,120,23,-250,-93,107
-10,132,-8,120,23,-250,-93,108
-9,133,-8,119,22,-250,-92,109
-8,136,-8,118,21,-250,-91,112
-8,138,-7,118,21,-250,-91,117
-8,139,-6,119,23,-250,-91,118
-8,139,-5,119,23,-250,-91,118
-7,140,-4,120,23,-250,-90,118
-6,140,-4,120,23,-250,-89,119
-5,142,-3,121,23,-250,-89,120
-5,143,-3,120,23,-250,-87,122
-5,143,-3,120,23,-250,-87,122
-4,142,-3,120,23,-250,-87,120
-4,141,-3,120,23,-250,-87,119
-4,141,-3,120,23,-250,-87,119
-4,142,-3,120,23,-250,-87,120
-4,142,-3,120,23,-250,-87,120
-6,140,-3,120,23,-250,-89,119
-7,138,-4,121,23,-250,-90,117
-7,136,-4,121,23,-250,-90,114
-6,134,-3,120,23,-250,-90,113
-6,134,-3,119,22,-250,-86,113
-7,134,-2,119,21,-250,-89,113
-9,133,-3,119,22,-250,-92,112
-9,131,-3,120,23,-250,-92,109
-9,129,-4,121,23,-250,-92,107
-9,127,-3,120,23,-250,-92,104
-10,125,-2,119,23,-250,-91,103
-11,124,-2,118,23,-250,-91,104
-11,123,-1,118,23,-250,-91,104
-11,122,-1,118,23,-250,-91,103
-11,121,-1,118,23,-250,-91,101
-12,119,-1,118,23,-250,-92,100
-13,118,-2,119,23,-250,-93,98
-13,116,-3,119,23,-250,-93,95
-14,115,-3,119,23,-249,-93,92
-15,113,-2,118,23,-248,-95,93
-16,112,0,117,23,-249,-96,92
-17,112,0,116,23,-250,-95,92
-16,112,0,117,23,-250,-97,92
-15,111,-1,118,23,-250,-96,91
-14,109,-2,118,23,-250,-95,90
-14,108,-1,118,23,-250,-93,89
-14,108,-1,118,23,-250,-93,87
-14,108,-2,119,23,-250,-93,89
-14,108,-3,120,23,-250,-96,86
-14,108,-5,120,23,-250,-96,86
-14,108,-7,119,23,-250,-96,85
-14,108,-7,117,23,-250,-95,85
-14,108,-7,116,23,-250,-93,86
-13,109,-6,115,23,-250,-92,86
-11,110,-5,115,23,-250,-91,87
-10,111,-6,116,23,-250,-90,89
-9,111,-5,115,23,-250,-90,89
-9,110,-5,115,23,-250,-87,89
-10,110,-4,114,23,-250,-87,89
-10,112,-4,113,23,-250,-89,92
-11,114,-4,113,23,-250,-89,93
-12,115,-4,114,23,-250,-90,92
-12,115,-4,114,23,-250,-90,92
-12,115,-4,114,23,-250,-90,92
-11,115,-4,114,23,-250,-89,96
-10,118,-3,113,23,-250,-87,98
-9,120,-4,114,23,-250,-87,101
-10,122,-5,115,23,-250,-87,100
-10,122,-7,116,23,-250,-91,100
-10,121,-7,117,23,-250,-91,100
-10,122,-7,119,23,-250,-93,100
-10,125,-5,120,23,-250,-93,102
-9,128,-3,120,23,-250,-92,106
-9,130,-3,121,23,-250,-92,108
-10,131,-3,120,23,-250,-92,109
-10,132,-4,120,23,-250,-93,111
-10,133,-3,120,23,-250,-93,111
-10,134,-3,121,23,-250,-93,113
-9,137,-2,122,23,-250,-92,115
-9,138,-2,122,23,-250,-92,117
-8,140,-2,122,23,-250,-91,118
-8,141,-3,121,23,-250,-91,119
-7,144,-2,122,23,-250,-90,122
-6,145,-1,122,23,-251,-90,126
-7,146,0,123,23,-252,-90,128
-7,147,0,124,23,-253,-91,128
-8,148,0,124,23,-254,-91,130
-8,150,0,123,23,-255,-91,131
-6,151,0,123,23,-256,-90,133
-4,152,0,123,23,-255,-87,134
-3,153,0,123,23,-255,-86,135
-2,155,0,123,23,-253,-85,136
-1,156,0,123,23,-253,-85,137
-1,157,0,123,23,-254,-85,139
-2,158,0,123,23,-254,-86,140
-3,159,0,123,23,-254,-86,140
-3,159,0,123,23,-253,-86,140
-3,159,0,124,23,-253,-86,141
-2,159,0,124,23,-254,-86,140
-3,159,0,123,23,-255,-86,140
-3,159,0,122,23,-256,-86,140
-2,159,0,122,23,-255,-86,140
-1,159,0,123,23,-255,-85,141
0,160,0,123,23,-253,-83,142
1,161,0,123,23,-253,-83,142
1,162,1,122,23,-254,-81,144
1,161,1,119,23,-255,-80,144
1,161,0,117,23,-255,-80,142
1,161,0,117,23,-255,-80,142
1,161,0,118,23,-255,-80,142
1,161,1,119,23,-255,-80,144
0,162,3,120,23,-255,-80,146
0,163,3,120,23,-255,-80,147
0,164,3,120,23,-255,-81,148
0,165,2,120,23,-255,-81,148
0,165,2,120,23,-255,-81,150
0,166,2,120,23,-255,-81,150
-1,166,2,120,23,-255,-83,150
-1,165,3,121,23,-255,-83,150
0,166,5,121,23,-255,-81,150
0,166,6,121,23,-255,-81,150
0,166,7,121,24,-255,-80,151
1,167,8,120,25,-255,-76,153
0,166,9,120,25,-256,-78,153
0,166,10,120,25,-255,-79,153
-1,166,9,119,26,-255,-80,152
-1,165,9,119,27,-255,-80,152
0,164,9,120,27,-256,-79,151
0,162,9,120,26,-257,-78,150
1,161,9,119,25,-257,-78,148
1,161,9,119,24,-256,-76,148
1,161,9,119,24,-256,-76,147
1,160,9,119,25,-257,-76,147
2,159,9,119,26,-258,-75,146
3,157,9,119,27,-259,-74,144
4,155,9,119,28,-259,-74,142
4,153,9,119,28,-259,-74,140
2,151,9,119,27,-260,-75,137
0,149,9,119,26,-261,-78,135
0,147,10,120,25,-260,-79,134
-1,145,10,120,26,-259,-79,131
-2,143,9,119,27,-258,-80,129
-2,140,8,119,28,-259,-80,126
-2,138,7,117,28,-260,-80,124
-2,136,6,116,27,-260,-80,122
-1,133,6,116,27,-260,-79,117
-2,130,5,116,27,-260,-80,113
-2,127,5,116,28,-260,-80,111
-3,125,4,115,27,-260,-81,108
-3,123,3,115,27,-259,-79,107
-4,121,3,114,27,-258,-79,104
-5,119,2,113,27,-259,-80,102
-5,116,2,113,27,-260,-80,100
-6,114,2,113,27,-260,-81,97
-7,112,2,113,27,-260,-83,95
-8,111,2,113,27,-260,-84,95
-10,111,2,113,27,-260,-85,93
-11,110,1,113,27,-260,-86,92
-12,108,0,113,27,-260,-87,89
-12,105,-2,114,27,-260,-90,85
-13,103,-3,114,28,-260,-91,84
-14,102,-4,114,28,-260,-92,80
-15,101,-4,114,28,-260,-92,79
-16,100,-4,113,27,-260,-93,80
-15,100,-4,113,27,-260,-92,80
-15,101,-4,113,27,-260,-92,80
-15,101,-4,114,29,-260,-92,81
-15,101,-4,114,31,-260,-92,80
-16,100,-4,114,32,-260,-93,80
-18,98,-4,113,31,-260,-96,75
-19,97,-5,113,29,-260,-96,74
-19,97,-5,112,27,-260,-96,74
-19,96,-5,113,27,-260,-96,74
-19,96,-5,112,27,-260,-96,74
-18,96,-6,112,28,-260,-96,73
-18,95,-7,110,27,-260,-95,73
-17,95,-8,110,27,-260,-95,73
-18,95,-7,110,28,-260,-95,72
-19,94,-7,110,29,-260,-96,72
-21,93,-7,110,29,-260,-98,70
-22,93,-7,110,28,-260,-100,69
-23,93,-7,110,28,-260,-100,69
-22,93,-7,110,28,-260,-100,70
-22,93,-7,110,29,-260,-100,69
-21,91,-7,110,29,-260,-98,68
-20,90,-7,110,28,-260,-97,67
-20,88,-7,110,27,-260,-97,65
-20,88,-7,110,27,-260,-97,65
-19,88,-7,110,27,-260,-96,65
-19,89,-8,110,28,-260,-96,67
-18,90,-8,110,28,-260,-95,67
-18,89,-7,110,27,-260,-95,67
-20,88,-7,110,27,-260,-97,65
-20,88,-7,110,27,-259,-97,64
-20,88,-8,111,27,-258,-97,65
-18,89,-8,112,28,-257,-96,65
-17,90,-8,112,28,-256,-93,67
-15,90,-9,111,28,-256,-92,68
-15,91,-9,112,28,-255,-92,68
-15,91,-10,113,28,-255,-95,65
-16,90,-10,114,28,-255,-95,65
-16,90,-9,115,28,-256,-95,64
-15,91,-7,115,28,-257,-95,68
-15,93,-7,115,28,-257,-95,70
-14,95,-7,117,28,-257,-93,73
-13,97,-7,117,28,-256,-93,74
-13,98,-7,117,28,-255,-93,75
-14,99,-7,117,28,-255,-95,76
-15,100,-7,117,28,-255,-95,78
-15,101,-7,117,28,-256,-95,79
-14,103,-7,117,28,-255,-95,80
-14,104,-7,117,28,-255,-93,83
-14,107,-7,117,28,-255,-93,84
-13,108,-7,117,28,-255,-93,86
-13,109,-7,117,28,-255,-92,87
-12,111,-7,117,28,-255,-92,89
-11,113,-7,117,28,-255,-91,91
-11,115,-7,117,28,-255,-91,92
-12,117,-7,117,28,-255,-92,95
-11,119,-6,118,28,-255,-91,97
-10,121,-6,119,28,-255,-92,98
-9,122,-5,119,28,-255,-91,101
-8,124,-4,120,28,-255,-91,102
-7,127,-4,120,28,-255,-90,104
-7,130,-3,120,28,-255,-90,108
-7,133,-3,120,28,-255,-90,111
-6,135,-3,121,28,-255,-89,113
-5,136,-3,121,28,-255,-87,114
-4,138,-3,121,28,-255,-87,117
-3,140,-3,121,28,-255,-86,118
-3,141,-2,122,28,-255,-86,120
-1,143,-1,122,28,-255,-84,124
0,145,0,123,28,-255,-83,126
1,148,0,124,28,-255,-81,130
0,151,0,124,28,-255,-83,133
0,154,0,124,28,-255,-83,135
0,155,0,123,28,-255,-83,136
2,157,0,123,28,-255,-81,139
3,158,0,124,28,-255,-80,139
2,159,0,125,28,-255,-80,140
2,159,2,126,28,-255,-84,141
3,161,3,127,28,-255,-83,142
4,162,3,127,28,-255,-81,144
5,163,3,127,28,-255,-80,145
5,165,3,127,28,-255,-80,147
5,167,3,127,28,-255,-80,150
6,169,3,127,28,-255,-79,151
7,170,3,127,28,-255,-78,152
7,170,3,127,28,-255,-78,152
7,171,3,127,28,-255,-79,153
5,173,3,127,28,-255,-80,156
5,174,3,127,28,-255,-81,156
5,174,3,127,28,-255,-80,156
6,173,3,127,28,-255,-80,155
6,172,3,127,28,-255,-79,153
7,171,3,127,28,-255,-79,152
7,170,2,126,28,-255,-79,152
7,170,2,126,28,-255,-78,152
7,170,2,126,28,-255,-79,152
7,170,1,126,28,-256,-78,152
8,169,1,125,28,-256,-75,151
8,167,1,125,28,-256,-74,150
8,165,1,126,28,-254,-78,147
7,162,2,126,28,-252,-78,145
7,160,1,125,29,-250,-75,142
7,159,0,124,30,-251,-75,141
6,159,0,123,29,-252,-76,141
5,158,0,123,29,-252,-78,140
4,155,0,124,29,-252,-79,137
3,153,0,124,29,-252,-80,135
3,151,0,123,30,-252,-80,133
2,150,-1,122,30,-252,-80,129
0,148,-2,122,30,-251,-83,126
-1,145,-2,122,29,-251,-84,124
-3,142,-3,122,28,-250,-86,120
-3,139,-3,121,28,-250,-86,118
-2,137,-3,119,28,-249,-83,115
-3,135,-3,117,28,-249,-84,115
-4,132,-2,116,28,-249,-83,113
-7,130,0,116,28,-250,-85,111
-7,127,0,117,28,-251,-87,107
-7,125,-1,116,28,-251,-87,106
-7,123,-2,116,28,-250,-85,103
-8,122,-3,115,28,-251,-86,102
-10,119,-3,114,29,-251,-89,100
-11,117,-3,114,30,-251,-89,97
-12,115,-4,113,29,-249,-90,96
-14,113,-4,113,28,-248,-91,91
-14,112,-5,113,28,-248,-92,90
-14,110,-5,113,28,-249,-92,87
-14,108,-5,112,28,-249,-92,86
-15,107,-6,112,28,-249,-92,85
-16,105,-6,112,28,-247,-93,83
-18,103,-7,112,28,-246,-96,80
-19,100,-7,112,30,-245,-97,78
-19,97,-7,111,32,-246,-96,75
-18,94,-6,110,32,-246,-93,72
-18,91,-6,109,30,-246,-92,69
-18,90,-7,109,28,-245,-92,67
-19,88,-7,110,28,-245,-93,65
-21,86,-7,111,28,-245,-97,63
-21,83,-8,110,28,-245,-98,61
-22,80,-8,109,28,-245,-97,57
-23,77,-10,108,29,-245,-97,53
-24,75,-11,107,30,-246,-98,50
-25,73,-12,107,31,-246,-98,47
-25,71,-11,107,32,-246,-100,47
-25,68,-10,106,32,-246,-100,45
-25,65,-10,106,32,-246,-100,41
-26,61,-9,104,32,-246,-97,37
-27,58,-8,104,32,-246,-98,35
-28,56,-8,104,31,-246,-100,32
-29,54,-9,104,30,-246,-101,30
-30,51,-10,104,31,-246,-101,28
-30,49,-10,103,32,-246,-102,25
-30,47,-10,102,33,-246,-102,23
-30,46,-10,102,32,-246,-101,21
-30,45,-10,101,30,-246,-101,20
-30,43,-11,101,30,-246,-100,19
-31,41,-11,101,31,-246,-100,17
-32,39,-10,101,33,-246,-103,15
-32,37,-9,102,34,-246,-103,13
-31,37,-8,103,34,-246,-102,13
-29,38,-7,104,33,-246,-101,14
-28,40,-8,104,32,-245,-98,15
-27,41,-8,103,32,-244,-98,18
-28,43,-8,103,32,-243,-100,19
-30,45,-8,103,32,-243,-102,21
-32,47,-8,104,32,-244,-103,24
-31,50,-7,104,32,-244,-102,29
-29,54,-5,106,32,-245,-101,32
-27,58,-4,107,32,-245,-98,37
-28,62,-4,107,33,-245,-100,41
-28,67,-4,107,33,-246,-100,46
-28,71,-4,107,32,-246,-101,50
-28,75,-3,108,31,-246,-102,54
-28,79,-2,109,32,-246,-102,58
-27,84,-1,110,33,-246,-102,63
-27,88,0,110,33,-246,-102,68
-26,92,-1,110,33,-246,-101,72
-26,96,-1,111,33,-246,-101,76
-25,101,-2,111,33,-246,-101,80
-24,104,-3,112,33,-246,-102,84
-23,107,-2,114,33,-246,-101,87
-22,109,-1,115,33,-246,-100,90
-21,111,0,117,33,-246,-102,91
-22,113,0,117,33,-246,-102,93
-21,115,0,117,33,-246,-102,95
-21,116,0,117,33,-246,-102,96
-21,115,-1,115,33,-246,-98,96
-20,114,-3,115,33,-246,-98,93
-20,112,-5,115,33,-246,-101,90
-20,110,-7,116,33,-246,-101,87
-20,108,-7,117,33,-246,-100,86
-20,106,-6,116,33,-246,-100,84
-21,103,-5,115,33,-246,-101,80
-22,100,-6,114,33,-246,-100,78
-23,96,-8,114,33,-246,-102,73
-24,92,-11,114,33,-246,-103,67
-24,86,-13,113,33,-246,-104,61
-25,80,-14,112,33,-246,-104,54
-25,74,-14,111,33,-246,-102,48
-25,69,-14,110,33,-246,-101,43
-25,63,-14,110,33,-246,-101,37
-25,57,-14,108,33,-246,-102,31
-27,51,-16,107,33,-246,-103,23
-28,45,-17,106,33,-246,-102,15
-28,39,-16,105,33,-246,-102,12
-29,33,-15,104,33,-246,-102,6
-30,28,-15,103,33,-246,-101,2
-31,25,-17,101,33,-246,-102,-1
-32,22,-18,101,33,-245,-103,-7
-33,19,-19,100,33,-245,-103,-10
-34,15,-19,101,33,-244,-104,-13
-35,12,-18,101,33,-245,-106,-18
-36,9,-18,101,33,-245,-107,-20
-37,7,-18,100,33,-246,-107,-21
-37,7,-18,100,33,-246,-107,-20
-37,7,-18,101,33,-246,-107,-23
-37,7,-20,102,33,-246,-109,-21
-36,9,-21,103,33,-246,-108,-20
-36,11,-21,102,33,-246,-108,-18
-36,15,-20,102,33,-246,-108,-14
-36,19,-19,103,33,-246,-108,-10
-35,22,-18,105,33,-246,-108,-7
-35,26,-17,106,33,-246,-111,-3
-34,31,-17,107,33,-246,-111,1
-34,36,-18,107,33,-246,-111,7
-33,42,-18,107,33,-246,-109,13
-31,48,-17,108,33,-246,-107,19
-28,53,-16,110,33,-246,-104,24
-26,59,-14,111,33,-246,-102,32
-25,66,-13,112,33,-245,-104,40
-23,74,-12,112,33,-246,-102,48
-21,82,-11,114,33,-247,-101,56
-19,89,-10,116,33,-248,-98,63
-16,96,-10,119,33,-247,-98,70
-14,102,-11,120,33,-246,-100,78
-13,110,-10,121,33,-246,-98,85
-12,119,-10,122,33,-247,-97,93
-11,126,-8,123,33,-247,-97,102
-10,133,-6,125,33,-248,-96,108
-9,139,-4,126,33,-248,-95,117
-7,146,-3,127,33,-249,-95,124
-4,152,-3,127,33,-249,-93,131
-2,158,-3,127,33,-248,-91,136
0,162,-2,128,33,-248,-87,141
3,167,-1,130,33,-248,-84,146
6,171,0,130,33,-249,-81,151
8,176,0,131,33,-250,-80,156
9,180,1,132,33,-249,-79,159
9,184,2,133,33,-249,-79,166
10,187,3,134,33,-247,-80,169
11,191,3,134,33,-247,-79,173
12,194,3,134,33,-247,-79,177
14,195,3,134,33,-248,-76,178
15,197,4,135,33,-247,-76,179
15,198,6,137,33,-246,-75,181
17,201,7,137,33,-246,-74,184
18,204,7,137,33,-245,-73,186
20,205,7,137,33,-246,-72,189
21,206,8,136,33,-246,-70,191
21,205,8,136,33,-246,-67,191
21,205,8,136,33,-246,-68,191
21,205,8,136,33,-246,-70,191
21,205,7,137,33,-246,-70,189
21,205,7,137,33,-246,-70,189
21,205,7,136,33,-246,-70,189
21,205,9,135,33,-246,-68,191
21,205,10,134,33,-246,-68,191
21,206,10,133,33,-246,-68,191
21,205,9,132,33,-245,-67,191
22,204,7,131,33,-242,-64,190
21,202,7,130,33,-241,-64,187
20,200,6,130,33,-241,-65,185
19,197,6,130,33,-241,-67,183
18,194,5,129,33,-241,-68,179
17,191,4,128,33,-241,-69,174
16,187,3,127,33,-241,-70,170
14,184,2,127,33,-241,-72,167
14,181,2,127,33,-241,-72,163
13,177,3,127,33,-241,-72,159
13,173,4,126,33,-241,-70,156
12,169,4,123,33,-241,-72,153
10,164,3,121,33,-241,-70,148
8,159,3,120,33,-241,-72,144
7,154,2,120,33,-241,-73,137
7,147,2,120,33,-241,-73,131
5,142,1,119,33,-240,-74,123
3,137,0,118,33,-239,-76,118
2,132,0,117,33,-240,-78,113
0,127,0,117,33,-240,-79,108
0,122,0,117,33,-240,-80,103
-1,117,-2,116,33,-239,-81,98
-1,113,-3,115,34,-238,-79,93
-1,109,-3,112,34,-238,-79,90
-3,105,-1,111,34,-238,-78,86
-5,102,-1,110,33,-238,-80,83
-8,98,-2,110,34,-238,-83,78
-10,93,-5,111,34,-236,-85,72
-10,90,-8,111,34,-236,-87,68
-10,88,-8,110,34,-236,-87,65
-12,86,-7,109,34,-237,-86,64
-14,85,-6,109,34,-238,-87,62
-14,82,-6,109,33,-238,-89,59
-15,80,-7,110,34,-238,-90,57
-16,79,-8,110,34,-238,-93,56
-18,78,-8,110,35,-237,-95,54
-19,78,-7,110,36,-237,-96,54
-20,78,-7,110,36,-236,-96,54
-20,78,-7,110,36,-236,-96,54
-19,77,-7,110,36,-236,-96,54
-19,77,-7,110,35,-236,-96,54
-19,78,-7,110,34,-236,-96,54
-19,79,-7,110,33,-236,-96,57
-18,82,-7,110,34,-236,-95,59
-18,84,-7,110,35,-236,-95,61
-18,86,-7,110,36,-236,-95,63
-18,88,-7,110,35,-236,-95,64
-18,91,-7,110,34,-236,-95,68
-16,94,-7,110,34,-236,-93,72
-15,98,-7,111,34,-236,-92,75
-14,101,-6,112,34,-236,-91,79
-13,104,-5,112,34,-236,-91,81
-13,107,-5,113,34,-236,-91,85
-13,110,-4,113,34,-238,-91,90
-13,113,-4,114,33,-239,-90,93
-11,117,-4,114,33,-240,-89,97
-10,119,-4,113,33,-239,-89,100
-10,121,-4,113,34,-238,-89,100
-10,122,-4,114,34,-237,-87,102
-9,123,-3,115,34,-237,-87,104
-9,126,-2,116,34,-238,-86,107
-8,128,-1,116,34,-238,-86,109
-8,128,-1,115,34,-238,-86,109
-8,128,-1,116,34,-237,-86,109
-8,128,-2,118,34,-236,-89,108
-8,128,-2,119,34,-236,-89,108
-8,128,-3,119,34,-236,-89,106
-7,127,-2,119,34,-236,-87,106
-6,125,-3,119,34,-236,-89,103
-6,124,-3,120,34,-236,-89,102
-6,122,-3,121,34,-236,-89,100
-7,119,-3,121,34,-236,-90,97
-7,116,-3,120,34,-236,-90,93
-7,113,-3,120,34,-236,-90,91
-8,111,-3,120,34,-236,-91,89
-9,109,-3,120,34,-236,-91,87
-9,106,-3,121,34,-236,-92,84
-10,104,-3,120,34,-236,-92,81
-10,101,-4,119,34,-236,-92,79
-11,99,-6,118,35,-236,-91,76
-11,96,-7,117,36,-236,-91,74
-11,93,-7,117,36,-236,-91,70
-11,90,-7,117,36,-236,-91,67
-12,86,-7,117,36,-236,-91,64
-12,85,-7,118,35,-236,-93,62
-12,83,-7,117,34,-236,-91,61
-11,82,-6,116,34,-236,-90,59
-10,81,-5,115,34,-236,-89,58
-10,80,-5,115,34,-236,-86,57
-11,79,-7,115,34,-236,-90,56
-13,77,-8,115,34,-236,-92,52
-14,77,-7,116,33,-236,-92,54
-13,79,-6,116,34,-236,-92,56
-12,81,-6,116,36,-236,-91,58
-11,83,-7,115,38,-237,-90,59
-11,83,-8,115,39,-238,-91,61
-12,85,-7,115,37,-238,-92,62
-13,88,-6,115,36,-238,-92,65
-12,92,-6,116,36,-237,-91,69
-11,95,-6,116,37,-237,-90,73
-10,97,-7,117,38,-238,-90,75
-9,99,-8,117,38,-239,-89,76
-9,102,-7,117,37,-240,-89,79
-9,106,-6,118,37,-241,-89,84
-9,111,-4,119,36,-242,-91,89
-8,115,-3,120,35,-241,-91,93
-7,119,-3,121,34,-241,-90,97
-6,124,-3,121,35,-241,-89,102
-3,129,-4,121,36,-241,-86,107
-1,133,-3,120,37,-241,-84,112
0,138,-3,120,36,-241,-84,117
0,142,-4,120,36,-241,-84,120
0,145,-4,122,36,-241,-83,124
0,149,-5,124,37,-241,-85,128
2,152,-4,126,37,-242,-83,131
3,155,-3,128,37,-242,-85,135
2,158,-3,128,38,-241,-85,137
1,160,-3,127,39,-240,-86,139
1,161,-3,127,39,-240,-87,140
1,163,-3,127,39,-240,-86,142
2,166,-3,128,38,-239,-85,145
3,168,-3,127,38,-238,-85,147
3,168,-4,126,39,-238,-83,147
2,168,-6,125,39,-238,-84,145
0,166,-7,124,38,-238,-85,142
0,164,-7,123,38,-238,-86,140
-1,162,-7,124,39,-238,-87,139
-1,160,-6,125,39,-238,-87,136
-2,157,-5,125,38,-237,-87,134
-1,153,-5,125,37,-236,-87,130
-2,148,-6,125,37,-236,-89,125
-3,143,-7,124,37,-236,-89,119
-5,139,-8,123,38,-237,-90,115
-6,134,-10,122,39,-236,-92,111
-7,129,-10,121,39,-236,-92,104
-7,122,-10,121,39,-236,-92,97
-7,115,-10,119,38,-236,-90,91
-8,108,-10,119,38,-236,-90,83
-8,101,-12,118,37,-236,-91,76
-8,95,-12,116,36,-236,-90,70
-9,89,-12,115,35,-236,-89,63
-10,82,-12,113,34,-236,-90,56
-12,75,-13,111,33,-236,-89,50
-14,70,-14,111,34,-236,-90,45
-15,65,-14,111,35,-236,-91,39
-15,59,-14,111,36,-236,-91,32
-15,53,-16,110,35,-236,-91,24
-16,48,-17,109,34,-236,-92,19
-17,45,-18,107,34,-236,-93,17
-19,42,-18,106,34,-236,-95,13
-19,39,-16,105,34,-236,-92,13
-18,36,-14,104,34,-236,-91,9
-18,34,-15,103,34,-236,-91,7
-19,33,-16,103,34,-236,-90,6
-21,32,-16,103,34,-236,-93,6
-22,32,-16,103,34,-236,-95,4
-22,31,-15,103,34,-236,-96,4
-22,31,-14,104,34,-236,-96,4
-23,32,-14,104,34,-236,-96,6
-24,35,-15,103,34,-237,-97,8
-24,38,-15,104,33,-238,-97,10
-23,41,-14,105,33,-239,-97,14
-22,44,-12,106,33,-240,-96,18
-21,47,-11,107,33,-239,-95,23
-21,50,-11,107,33,-239,-95,26
-21,54,-11,107,33,-240,-95,28
-21,60,-10,108,33,-241,-95,36
-21,66,-9,109,33,-241,-95,42
-20,72,-7,110,33,-241,-97,48
-20,76,-7,111,33,-241,-96,52
-19,79,-8,112,33,-241,-96,57
-19,83,-10,113,33,-241,-96,58
-18,89,-11,114,33,-241,-97,63
-17,93,-11,114,33,-241,-97,68
-16,98,-10,115,33,-241,-96,73
-16,102,-8,116,33,-241,-96,79
-16,105,-7,117,33,-241,-96,83
-15,109,-7,117,33,-241,-95,87
-13,113,-7,117,33,-241,-93,91
-11,117,-7,117,33,-241,-91,95
-10,119,-7,117,33,-241,-91,97
-10,121,-7,117,33,-241,-90,100
-9,124,-7,118,33,-241,-92,102
-8,126,-5,119,33,-241,-91,104
-8,128,-4,118,33,-241,-89,106
-8,129,-4,117,33,-241,-89,107
-8,129,-5,117,33,-241,-89,107
-8,128,-6,116,33,-241,-89,106
-7,127,-6,116,33,-241,-87,104
-6,125,-6,115,33,-241,-86,103
-6,124,-4,115,33,-241,-84,102
-7,123,-4,114,33,-241,-85,103
-7,123,-4,114,33,-241,-85,103
-8,122,-4,113,33,-241,-86,102
-7,119,-4,113,33,-241,-85,100
-7,116,-4,114,33,-241,-85,95
-7,113,-4,114,33,-241,-85,93
-8,111,-3,114,33,-241,-86,91
-9,109,-4,113,33,-241,-86,90
-9,107,-5,113,33,-241,-86,85
-10,104,-7,111,33,-240,-87,81
-10,101,-7,110,33,-239,-87,79
-10,99,-8,110,34,-238,-87,76
-11,96,-7,110,34,-237,-89,74
-12,94,-7,110,34,-237,-89,72
-13,93,-7,110,34,-237,-90,70
-14,91,-7,110,34,-238,-91,68
-15,90,-7,110,33,-238,-92,67
-15,87,-7,110,33,-238,-92,64
-16,85,-7,110,34,-238,-93,62
-17,83,-7,110,34,-237,-93,59
-18,81,-8,110,34,-237,-95,58
-19,80,-8,110,34,-238,-96,57
-18,79,-7,110,33,-239,-95,56
-18,78,-7,109,33,-239,-92,56
-18,78,-6,108,34,-238,-92,54
-19,78,-6,108,34,-237,-93,54
-20,78,-6,108,34,-237,-93,54
-19,77,-6,108,34,-238,-93,54
-19,77,-5,108,33,-239,-93,57
-19,77,-4,107,33,-240,-91,57
-20,79,-4,107,33,-241,-92,58
-21,81,-4,107,33,-241,-93,61
-21,82,-4,107,33,-241,-93,62
-20,83,-4,107,33,-241,-92,63
-19,83,-4,107,33,-241,-91,63
-18,83,-4,107,33,-241,-91,63
-19,85,-4,107,34,-241,-91,64
-19,87,-4,107,34,-241,-91,67
-18,89,-4,107,34,-241,-91,69
-18,91,-4,106,33,-241,-90,72
-17,93,-4,107,33,-241,-90,74
-18,95,-3,108,34,-241,-90,75
-18,97,-2,109,35,-241,-93,76
-18,98,-1,110,36,-241,-93,79
-17,101,0,110,37,-241,-92,81
-15,104,0,109,37,-241,-87,86
-14,107,1,107,36,-241,-87,90
-14,108,2,106,36,-241,-84,91
-14,108,2,106,35,-241,-84,91
-13,109,1,106,35,-241,-85,91
-11,110,1,108,36,-241,-84,93
-10,112,2,108,37,-241,-84,95
-11,113,3,109,38,-241,-84,96
-12,114,5,110,39,-241,-85,100
-12,115,4,111,39,-241,-87,101
-11,117,3,112,38,-241,-87,100
-10,119,3,112,38,-241,-86,102
-10,121,4,111,38,-241,-84,104
-10,122,4,111,39,-241,-83,108
-10,122,3,112,38,-241,-85,104
-10,121,2,113,38,-241,-86,104
-10,121,3,115,38,-241,-89,104
-10,121,4,116,38,-241,-87,104
-9,122,6,116,38,-241,-86,106
-7,123,6,117,38,-241,-85,109
-6,123,6,116,38,-241,-84,109
-5,124,5,116,38,-241,-83,107
-4,125,5,116,38,-242,-83,108
-3,127,6,116,38,-242,-81,111
-3,129,6,116,38,-241,-81,113
-3,130,6,116,38,-240,-81,114
-4,131,5,117,38,-239,-81,114
-3,131,5,117,38,-240,-81,114
-2,133,4,118,38,-241,-80,117
-1,135,4,118,38,-242,-79,119
0,138,5,118,38,-242,-79,122
0,140,5,118,38,-241,-78,124
0,142,3,119,38,-240,-80,125
0,144,3,119,39,-238,-80,128
0,145,3,119,39,-236,-80,129
0,148,3,119,39,-236,-80,133
2,152,4,119,39,-236,-79,136
3,155,5,120,39,-236,-78,140
4,159,5,122,39,-237,-76,144
5,162,5,123,39,-237,-75,146
4,164,6,123,39,-237,-79,148
4,167,6,123,39,-236,-76,152
5,171,6,123,39,-235,-75,156
6,174,6,123,39,-234,-74,158
8,176,7,124,39,-234,-75,161
8,178,8,126,39,-233,-75,163
9,181,10,127,39,-232,-74,168
9,184,10,127,39,-231,-74,172
8,186,10,126,39,-231,-75,174
9,188,8,125,39,-231,-75,173
10,188,7,124,39,-232,-73,174
12,189,7,124,39,-231,-72,174
13,190,7,124,39,-231,-70,175
11,190,7,124,39,-231,-73,175
9,190,7,124,39,-231,-74,175
8,189,6,123,41,-232,-73,174
8,188,6,123,41,-232,-73,173
8,187,6,123,40,-232,-75,172
6,185,6,124,39,-232,-78,169
5,182,7,124,39,-232,-78,167
4,178,6,123,40,-231,-76,163
4,173,5,122,43,-230,-76,158
4,169,3,121,44,-229,-76,153
2,163,2,121,44,-228,-78,145
0,159,1,122,44,-228,-83,141
-1,154,0,120,44,-228,-83,136
-3,148,0,118,44,-228,-84,129
-3,140,-1,116,44,-228,-81,122
-4,131,-3,114,44,-229,-83,112
-5,124,-4,113,43,-228,-84,104
-6,118,-4,114,42,-227,-84,96
-8,111,-4,114,42,-227,-85,89
-10,104,-5,113,41,-227,-87,81
-12,95,-6,112,42,-227,-89,73
-14,86,-7,110,42,-227,-91,63
-15,79,-9,109,43,-227,-90,56
-17,73,-10,108,44,-227,-91,50
-18,67,-11,107,43,-227,-92,43
-18,61,-11,107,42,-227,-92,35
-18,56,-12,107,41,-227,-92,30
-19,50,-12,106,40,-227,-92,24
-21,45,-13,104,41,-227,-91,19
-22,41,-12,101,43,-227,-93,17
-24,37,-12,100,44,-227,-92,13
-24,35,-11,100,45,-227,-92,10
-23,32,-11,100,44,-227,-91,8
-23,31,-11,101,43,-227,-91,7
-23,31,-12,100,41,-225,-91,7
-24,30,-12,100,39,-224,-92,6
-24,31,-11,100,39,-224,-92,7
-24,32,-10,101,39,-224,-95,8
-24,35,-9,102,40,-225,-95,10
-24,37,-8,104,42,-226,-95,13
-23,40,-8,104,43,-226,-93,17
-22,44,-8,103,43,-227,-93,20
-22,48,-8,104,43,-227,-93,25
-21,54,-7,104,42,-227,-92,32
-21,60,-5,105,41,-227,-92,39
-21,66,-4,106,42,-227,-92,45
-20,72,-4,107,43,-227,-92,51
-19,78,-3,108,44,-227,-91,57
-18,84,-2,109,44,-227,-92,63
-16,90,-1,110,44,-227,-90,70
-15,97,-1,110,44,-227,-90,76
-14,102,0,110,44,-227,-89,83
-14,108,0,111,44,-227,-89,91
-14,114,1,112,44,-227,-89,97
-13,120,2,113,44,-227,-89,103
-12,126,3,113,44,-227,-87,108
-11,130,2,113,44,-227,-87,114
-10,134,2,113,44,-227,-86,118
-8,139,1,114,43,-227,-86,123
-7,144,0,115,42,-227,-85,128
-6,148,0,115,43,-227,-85,129
-5,151,0,117,44,-227,-84,131
-4,152,2,119,44,-227,-85,134
-3,153,2,120,44,-227,-84,137
-2,154,3,121,44,-227,-83,137
0,154,2,120,44,-228,-81,139
0,155,2,120,44,-229,-81,139
0,155,2,120,44,-228,-81,139
0,155,3,119,44,-227,-81,139
-1,154,4,118,44,-227,-80,137
-2,152,4,118,44,-227,-81,136
-3,149,4,119,44,-227,-81,133
-3,146,3,119,44,-227,-85,130
-3,143,1,119,44,-227,-84,124
-3,140,0,118,44,-227,-84,122
-3,137,0,116,44,-227,-81,118
-4,134,1,114,44,-227,-83,118
-5,131,2,113,44,-227,-81,114
-6,128,3,113,44,-227,-81,112
-6,125,2,113,44,-227,-81,108
-7,121,1,112,44,-227,-83,104
-8,117,0,111,44,-227,-83,100
-9,113,-1,110,44,-227,-84,93
-10,110,-1,110,44,-227,-85,90
-10,108,-1,110,44,-227,-85,89
-11,106,0,110,44,-227,-86,86
-13,104,0,110,44,-227,-87,84
-14,101,-2,109,44,-227,-89,81
-14,99,-3,108,44,-227,-87,79
-15,97,-4,107,44,-227,-87,76
-15,94,-5,106,44,-227,-87,74
-16,92,-4,107,44,-227,-89,72
-17,90,-3,108,44,-227,-90,69
-19,89,-3,108,44,-227,-91,69
-19,88,-3,108,44,-227,-91,68
-19,87,-4,107,44,-227,-91,67
-20,85,-4,107,44,-227,-92,64
-20,83,-4,107,44,-227,-92,62
-21,81,-4,107,44,-227,-93,61
-22,81,-4,107,44,-227,-95,61
-22,82,-4,107,44,-227,-95,62
-22,82,-4,107,44,-227,-93,62
-21,82,-4,107,44,-227,-93,61
-21,82,-4,107,44,-227,-93,61
-22,82,-4,107,44,-227,-93,61
-22,81,-4,107,44,-227,-95,61
-22,82,-4,107,44,-227,-93,62
-21,83,-4,107,44,-227,-92,62
-19,83,-4,107,44,-227,-91,63
-17,84,-4,107,44,-227,-90,64
-16,85,-4,107,44,-227,-89,64
-16,86,-4,107,44,-227,-89,67
-17,88,-4,107,45,-227,-89,68
-17,90,-4,107,46,-227,-89,70
-16,92,-4,107,46,-227,-89,72
-16,94,-4,107,46,-227,-87,74
-15,96,-4,107,45,-229,-87,76
-14,99,-4,107,46,-230,-86,79
-14,101,-4,107,47,-231,-86,81
-13,103,-4,107,47,-231,-85,84
-12,106,-4,107,47,-231,-85,86
-12,108,-4,107,47,-230,-84,89
-11,109,-3,108,47,-230,-84,90
-10,111,-2,108,48,-231,-85,91
-9,113,-2,108,49,-232,-84,93
-8,115,-3,108,49,-232,-81,96
-7,117,-3,107,49,-232,-80,97
-7,117,-3,108,49,-232,-80,97
-8,117,-2,109,49,-232,-83,98
-8,118,-1,110,49,-232,-84,98
-8,121,0,110,49,-232,-84,101
-7,123,0,110,49,-232,-83,103
-6,124,-1,110,49,-232,-81,104
-5,124,-1,110,49,-232,-80,104
-6,124,-1,110,49,-232,-81,104
-6,123,0,110,49,-232,-81,104
-6,124,0,110,49,-232,-81,104
-6,124,-1,110,49,-232,-81,106
-5,124,-2,111,49,-232,-80,104
-5,122,-3,113,49,-232,-83,103
-6,120,-4,114,49,-232,-84,98
-7,118,-4,114,49,-232,-84,96
-7,117,-4,113,49,-232,-85,97
-7,116,-3,112,49,-232,-85,96
-6,114,-2,112,49,-232,-84,95
-6,111,-3,112,49,-231,-84,91
-6,108,-5,112,49,-230,-84,86
-7,106,-7,112,49,-230,-85,84
-8,104,-8,110,49,-230,-86,83
-8,102,-8,110,49,-229,-86,79
-9,99,-7,110,49,-228,-86,76
-9,96,-7,111,49,-228,-86,74
-10,93,-7,110,49,-228,-87,72
-11,91,-8,109,49,-230,-86,68
-13,88,-10,108,49,-230,-87,65
-15,86,-11,107,49,-230,-89,61
-15,83,-12,107,49,-228,-90,58
-15,81,-11,107,49,-228,-90,58
-15,80,-10,106,49,-229,-90,57
-16,79,-9,104,49,-230,-89,56
-18,78,-8,104,49,-231,-90,54
-19,78,-9,104,49,-231,-91,54
-20,77,-9,104,49,-231,-92,54
-20,78,-9,105,49,-232,-91,54
-19,78,-9,105,49,-232,-91,54
-19,78,-9,105,49,-232,-91,54
-19,77,-8,104,49,-232,-91,54
-19,77,-8,104,49,-232,-91,54
-19,78,-9,102,49,-232,-91,54
-20,79,-10,101,49,-232,-92,56
-21,80,-10,101,49,-232,-93,57
-21,81,-10,102,49,-232,-93,58
-21,83,-8,104,49,-232,-93,59
-20,85,-7,104,49,-232,-92,62
-19,87,-7,104,49,-232,-91,64
-18,89,-8,103,48,-234,-90,67
-18,91,-8,103,48,-236,-90,69
-17,94,-8,104,48,-237,-89,72
-17,97,-7,104,48,-238,-90,76
-17,100,-5,105,48,-237,-90,80
-17,103,-4,107,48,-237,-89,83
-16,105,-5,108,48,-237,-91,85
-15,108,-7,109,48,-237,-90,85
-14,110,-8,110,48,-237,-91,87
-12,113,-8,111,48,-237,-90,91
-11,116,-7,112,48,-237,-89,93
-10,120,-5,113,48,-237,-89,98
-9,124,-4,113,48,-237,-87,104
-9,126,-3,114,48,-237,-86,107
-8,128,-4,114,48,-237,-86,108
-8,128,-4,113,48,-237,-86,107
-8,130,-4,113,49,-237,-86,108
-7,132,-4,114,49,-237,-85,113
-5,135,-2,115,48,-237,-83,117
-3,137,-1,116,48,-238,-81,118
-2,137,-2,115,48,-239,-80,118
-2,137,-2,115,49,-240,-80,118
-2,137,-2,115,50,-241,-80,118
-2,137,-2,115,50,-242,-80,118
-2,137,-1,116,49,-242,-80,118
-3,136,-1,116,49,-242,-81,117
-4,134,-1,116,50,-242,-81,115
-4,132,0,116,51,-242,-83,113
-4,130,0,117,51,-242,-85,111
-4,128,-1,116,50,-242,-83,109
-5,126,-2,115,49,-242,-83,107
-5,124,-2,115,49,-242,-84,104
-7,122,-3,114,51,-242,-85,102
-9,119,-4,114,52,-242,-86,100
-10,115,-4,113,52,-242,-87,95
-10,110,-4,114,52,-242,-87,90
-9,106,-4,113,51,-242,-86,86
-10,101,-5,113,50,-242,-87,79
-11,96,-7,112,48,-242,-89,74
-12,92,-8,110,48,-242,-90,69
-13,88,-7,110,50,-242,-90,65
-14,85,-6,109,50,-242,-89,62
-15,81,-6,109,50,-242,-90,58
-18,77,-8,109,48,-242,-92,53
-19,74,-10,108,48,-242,-93,51
-20,70,-11,107,48,-242,-93,45
-21,67,-10,105,50,-242,-95,43
-22,64,-9,104,50,-242,-93,41
-23,60,-8,105,50,-242,-95,36
-23,57,-10,106,49,-242,-97,34
-23,55,-12,106,49,-243,-97,29
-23,54,-14,105,50,-244,-97,28
-24,52,-15,104,51,-245,-97,26
-25,50,-15,103,52,-246,-98,24
-25,48,-15,104,53,-245,-100,21
-25,46,-14,104,53,-244,-100,20
-25,46,-14,104,51,-242,-98,20
-25,46,-14,104,50,-242,-98,20
-25,47,-15,104,49,-242,-98,20
-26,48,-15,104,49,-242,-100,21
-27,50,-15,104,50,-242,-101,23
-27,51,-15,104,50,-242,-101,24
-26,52,-15,104,50,-242,-100,25
-25,53,-14,104,51,-242,-98,26
-24,54,-14,104,53,-242,-97,28
-24,56,-14,104,54,-242,-97,30
-24,58,-15,104,53,-242,-97,32
-24,61,-15,103,51,-242,-97,35
-23,64,-14,104,51,-242,-97,37
-23,68,-14,104,52,-242,-97,42
-23,72,-12,106,53,-242,-97,46
-23,76,-11,107,53,-242,-97,52
-22,79,-11,107,54,-242,-97,57
-22,83,-11,107,53,-244,-97,61
-23,87,-11,107,53,-245,-97,64
-23,90,-10,108,51,-246,-97,68
-22,94,-8,109,50,-245,-97,72
-21,98,-7,110,50,-244,-98,75
-20,101,-7,111,51,-243,-97,79
-19,104,-7,110,52,-242,-96,81
-18,105,-7,110,53,-242,-96,83
-17,107,-7,110,51,-242,-95,85
-16,108,-7,110,50,-242,-93,86
-15,111,-7,110,50,-242,-93,89
-15,113,-7,110,50,-242,-92,91
-14,116,-7,110,52,-242,-91,93
-14,118,-7,110,52,-242,-92,96
-14,119,-7,110,52,-242,-92,97
-14,119,-7,110,51,-242,-92,97
-14,119,-7,110,49,-242,-92,97
-14,117,-7,110,49,-242,-92,95
-14,115,-7,110,50,-242,-92,93
-14,114,-7,110,51,-242,-92,91
-15,112,-7,110,52,-242,-92,90
-15,111,-7,110,50,-242,-92,89
-15,110,-7,110,48,-242,-92,87
-15,108,-7,110,48,-242,-93,85
-16,105,-7,110,48,-242,-93,83
-17,101,-8,109,48,-242,-91,79
-18,97,-9,109,48,-242,-92,74
-19,93,-10,108,48,-242,-93,70
-19,90,-10,108,48,-242,-93,68
-19,87,-11,107,48,-242,-93,64
-19,83,-11,107,48,-242,-93,61
-20,79,-11,107,48,-242,-93,56
-22,75,-11,107,48,-242,-96,51
-24,71,-11,107,48,-241,-98,48
-24,68,-12,106,48,-240,-98,42
-23,65,-14,104,48,-241,-97,39
-22,61,-14,104,48,-242,-96,35
-21,58,-15,103,48,-242,-95,32
-22,55,-15,104,48,-242,-96,29
-22,52,-14,104,48,-242,-96,25
-23,49,-14,104,48,-242,-97,23
-24,47,-14,104,48,-242,-97,21
-25,46,-15,104,48,-242,-98,20
-25,47,-15,104,48,-242,-98,20
-25,46,-15,104,48,-242,-98,20
-25,46,-14,104,48,-242,-98,20
-25,47,-14,103,48,-242,-96,20
-25,48,-13,102,48,-242,-97,21
-25,50,-13,101,48,-242,-96,26
-24,52,-12,101,48,-242,-95,29
-24,54,-11,101,48,-242,-92,30
-24,55,-10,101,48,-242,-92,31
-23,57,-10,101,48,-242,-95,34
-22,59,-10,102,48,-242,-93,35
-21,61,-9,103,49,-242,-92,39
-19,65,-8,103,50,-241,-91,41
-20,68,-8,104,51,-240,-91,45
-20,72,-9,104,50,-241,-92,48
-20,75,-10,104,49,-242,-92,52
-20,79,-10,105,49,-242,-95,56
-20,81,-9,107,49,-240,-95,58
-19,84,-8,109,50,-239,-93,62
-18,87,-8,110,51,-239,-95,64
-17,92,-7,111,52,-240,-95,69
-16,96,-7,110,53,-242,-93,73
-16,99,-8,110,52,-243,-93,76
-16,102,-8,110,51,-242,-93,79
-16,104,-7,110,50,-242,-93,81
-18,104,-6,111,49,-242,-96,83
-19,105,-5,113,48,-242,-96,83
-18,106,-5,115,48,-242,-98,84
-17,107,-6,116,49,-242,-97,85
-15,108,-6,116,50,-242,-95,85
-14,108,-6,115,50,-242,-95,86
-15,108,-6,114,50,-242,-92,85
-16,105,-7,114,50,-242,-93,83
-17,103,-8,114,50,-242,-97,80
-16,102,-10,115,50,-242,-96,76
-15,100,-11,114,50,-242,-95,75
-15,98,-11,114,50,-241,-95,73
-16,94,-10,114,49,-240,-96,69
-17,91,-11,114,48,-240,-97,65
-18,89,-12,113,48,-241,-98,63
-19,87,-13,112,48,-240,-98,62
-19,85,-14,111,49,-239,-96,59
-20,81,-14,111,50,-238,-97,56
-21,77,-14,111,50,-239,-97,51
-21,73,-14,111,50,-240,-97,47
-21,70,-15,110,48,-240,-97,41
-21,67,-17,108,48,-239,-97,39
-21,64,-18,107,48,-238,-98,35
-23,61,-18,107,50,-238,-100,32
-24,58,-18,108,50,-239,-101,29
-24,56,-18,108,50,-239,-101,28
-24,55,-18,107,48,-238,-100,26
-24,53,-19,106,49,-238,-101,24
-25,50,-20,105,50,-238,-101,21
-26,48,-20,105,50,-239,-102,19
-26,46,-19,106,51,-239,-102,17
-26,46,-19,106,51,-238,-102,17
-26,46,-20,105,51,-238,-102,17
-26,46,-21,104,52,-239,-102,17
-27,45,-22,104,51,-239,-101,15
-29,44,-22,104,50,-238,-102,15
-30,44,-21,104,49,-238,-103,15
-30,45,-20,105,48,-239,-107,17
-31,47,-19,106,48,-240,-107,18
-30,50,-18,107,48,-240,-106,20
-29,52,-18,108,48,-239,-106,23
-29,54,-18,108,49,-239,-106,25
-29,55,-18,107,50,-240,-106,26
-30,57,-18,107,51,-242,-106,29
-28,60,-18,107,50,-243,-104,31
-26,62,-18,108,49,-242,-102,34
-25,64,-17,108,48,-242,-101,36
-24,66,-17,108,48,-242,-101,37
-25,67,-17,108,48,-242,-102,39
-25,68,-17,108,48,-242,-102,40
-25,70,-17,108,48,-242,-102,41
-23,71,-17,108,48,-242,-100,42
-22,72,-17,108,48,-242,-100,45
-22,74,-17,109,48,-242,-100,46
-23,74,-16,109,48,-242,-100,46
-24,75,-15,110,48,-243,-101,48
-24,75,-14,111,48,-245,-101,50
-24,75,-14,111,48,-247,-101,50
-24,75,-14,111,48,-247,-101,50
-24,75,-14,111,48,-246,-101,50
-23,74,-14,111,48,-245,-100,48
-22,72,-14,111,48,-245,-98,46
-21,71,-14,111,48,-245,-98,45
-21,71,-15,111,48,-245,-97,45
-21,71,-14,111,48,-246,-98,46
-21,71,-14,111,48,-246,-98,46
-22,70,-14,111,48,-247,-100,45
-24,68,-15,110,48,-246,-101,39
-25,65,-17,109,48,-245,-101,36
-26,63,-19,108,48,-244,-102,35
-26,63,-20,109,48,-243,-102,34
-26,61,-19,108,48,-242,-102,32
-26,59,-18,108,48,-242,-102,30
-26,56,-18,108,48,-244,-102,26
-26,53,-19,106,48,-245,-102,24
-27,51,-21,105,48,-246,-103,21
-29,50,-22,104,48,-246,-102,20
-30,50,-22,104,48,-245,-103,20
-31,49,-22,104,48,-245,-107,17
-32,47,-22,106,48,-246,-108,15
-33,44,-23,106,48,-247,-109,12
-35,41,-23,105,48,-247,-111,9
-36,39,-23,103,48,-247,-109,7
-36,37,-23,103,48,-247,-109,6
-37,35,-24,105,48,-247,-113,2
-38,32,-24,106,48,-247,-113,0
-39,29,-25,106,48,-247,-115,-2
-41,27,-25,104,48,-247,-117,-4
-41,25,-26,102,48,-248,-117,-7
-40,23,-27,102,47,-249,-113,-9
-40,20,-26,102,48,-248,-113,-12
-40,18,-26,101,48,-247,-113,-14
-41,15,-26,100,48,-248,-114,-17
-42,13,-27,100,47,-250,-115,-19
-43,11,-27,99,47,-251,-115,-20
-43,9,-28,98,47,-251,-115,-23
-43,7,-28,98,47,-250,-115,-24
-42,6,-29,98,47,-250,-114,-29
-41,5,-30,98,47,-251,-114,-30
-41,4,-29,97,47,-252,-113,-28
-41,4,-28,97,47,-252,-111,-28
-41,5,-25,96,47,-252,-112,-28
-41,5,-25,95,47,-252,-112,-25
-41,5,-24,95,48,-252,-109,-25
-41,4,-24,95,47,-252,-109,-25
-41,4,-23,96,47,-252,-112,-25
-41,5,-22,97,47,-253,-112,-25
-40,7,-21,97,47,-254,-111,-23
-40,9,-21,97,47,-255,-111,-20
-39,11,-22,97,47,-256,-109,-18
-38,14,-22,97,46,-256,-108,-15
-38,16,-22,97,45,-257,-108,-13
-38,18,-21,98,46,-257,-108,-10
-38,21,-20,99,47,-257,-108,-7
-36,26,-18,101,48,-256,-107,-1
-33,31,-17,102,47,-256,-104,4
-31,36,-16,103,46,-256,-102,9
-30,40,-15,103,45,-256,-104,13
-31,44,-15,104,44,-258,-104,17
-30,49,-14,104,43,-260,-104,21
-29,55,-14,104,44,-261,-103,29
-28,62,-12,106,45,-260,-102,36
-27,68,-12,107,45,-260,-101,42
-26,74,-11,108,45,-260,-101,51
-25,78,-10,108,46,-261,-100,54
-24,82,-8,109,47,-262,-98,59
-23,87,-7,110,46,-262,-100,64
-21,93,-8,111,46,-261,-98,70
-20,98,-9,111,45,-261,-97,75
-18,102,-9,112,45,-262,-96,80
-16,106,-7,112,46,-262,-93,84
-14,109,-5,113,47,-261,-92,87
-14,114,-4,113,47,-261,-91,93
-14,118,-3,114,47,-261,-92,98
-14,121,-4,114,47,-263,-92,102
-13,124,-4,114,46,-265,-91,102
-11,126,-4,114,47,-266,-89,104
-9,128,-4,113,46,-265,-87,108
-9,129,-4,114,46,-264,-86,111
-10,131,-4,113,46,-265,-87,112
-10,132,-4,113,46,-266,-89,113
-9,133,-4,113,46,-267,-87,114
-7,135,-4,114,46,-267,-85,113
-6,134,-4,114,46,-266,-84,113
-6,133,-4,113,46,-266,-84,113
-7,130,-3,112,46,-266,-85,111
-8,128,-2,111,46,-266,-84,109
-8,128,-1,110,46,-266,-84,109
-8,128,0,110,46,-266,-84,109
-9,126,-1,110,46,-266,-84,107
-9,124,-1,110,46,-266,-85,104
-10,120,-1,110,46,-266,-85,101
-10,118,-1,110,46,-266,-85,98
-10,115,-1,110,46,-266,-86,96
-11,114,0,110,46,-266,-86,93
-12,111,0,110,46,-266,-87,91
-12,108,-1,110,46,-266,-86,87
-12,105,-2,109,46,-266,-87,85
-13,104,-3,108,46,-266,-87,84
-15,102,-4,107,46,-266,-87,83
-16,99,-4,106,46,-267,-89,79
-17,96,-4,107,46,-267,-90,75
-16,93,-4,107,46,-266,-89,73
-15,90,-5,108,46,-266,-90,70
-15,88,-6,108,46,-266,-90,65
-17,86,-7,108,46,-268,-91,63
-19,84,-8,106,46,-270,-93,61
-21,82,-10,105,46,-271,-95,59
-21,80,-10,106,46,-271,-96,57
-21,79,-12,106,46,-271,-95,53
-21,77,-12,106,46,-271,-95,51
-22,75,-13,106,46,-271,-96,50
-23,74,-12,106,46,-271,-97,48
-24,71,-11,107,46,-270,-98,46
-25,69,-12,106,46,-269,-100,43
-25,68,-14,105,46,-268,-100,42
-25,67,-14,104,46,-268,-100,41
-24,66,-15,104,46,-268,-98,40
-23,64,-15,104,46,-269,-97,39
-24,62,-14,104,46,-270,-97,36
-25,60,-14,103,46,-270,-96,34
-25,57,-13,102,46,-271,-97,31
-25,56,-14,103,46,-271,-96,30
-24,54,-14,103,46,-270,-97,28
-23,54,-15,104,46,-268,-97,28
-23,53,-15,104,46,-266,-96,26
-23,53,-15,104,46,-266,-97,26
-24,53,-14,103,46,-267,-98,26
-25,52,-14,103,46,-270,-96,26
-25,51,-14,102,46,-271,-96,24
-25,48,-14,103,46,-272,-96,21
-25,47,-14,103,46,-271,-98,20
-25,46,-15,104,46,-270,-98,20
-25,46,-15,104,46,-269,-98,20
-26,46,-15,104,46,-270,-100,20
-27,46,-15,104,46,-271,-101,19
-28,45,-15,104,46,-271,-102,19
-28,45,-14,104,46,-271,-102,18
-28,45,-15,104,46,-271,-101,18
-27,45,-15,104,46,-271,-101,18
-28,45,-15,104,46,-271,-102,18
-29,44,-14,104,46,-271,-102,18
-29,44,-14,104,46,-271,-103,18
-30,44,-15,104,46,-271,-103,18
-29,45,-16,103,46,-271,-100,18
-28,45,-17,101,46,-271,-100,19
-28,45,-18,101,46,-271,-98,19
-28,45,-19,100,46,-271,-98,15
-28,45,-19,101,46,-271,-98,17
-27,47,-20,102,46,-271,-101,18
-26,48,-20,103,46,-271,-100,19
-26,50,-21,104,46,-271,-100,20
-27,50,-22,104,46,-271,-101,21
-27,51,-22,104,46,-271,-103,21
-28,51,-22,104,46,-271,-103,21
-28,51,-21,104,46,-271,-101,23
-27,51,-21,104,46,-271,-101,21
-27,50,-21,104,46,-271,-101,21
-27,51,-22,104,46,-271,-101,21
-28,52,-22,104,46,-271,-102,21
-29,54,-22,104,46,-271,-106,25
-30,55,-21,105,46,-271,-106,26
-29,54,-18,105,46,-271,-103,25
-28,52,-16,104,46,-271,-102,26
-28,52,-14,104,46,-271,-102,25
-29,54,-14,104,46,-271,-103,28
-29,55,-16,105,46,-270,-103,29
-30,56,-17,105,46,-269,-104,29
-30,55,-17,104,46,-268,-103,29
-30,55,-17,103,46,-269,-103,29
-29,55,-16,103,46,-270,-101,29
-29,55,-15,103,46,-271,-103,29
-30,55,-14,104,46,-270,-103,29
-31,55,-14,104,46,-270,-104,29
-32,54,-15,104,46,-270,-107,28
-33,52,-15,104,46,-270,-107,25
-32,50,-15,104,46,-270,-107,23
-31,49,-14,103,46,-270,-102,23
-31,49,-13,101,46,-270,-102,25
-32,49,-12,100,46,-271,-101,25
-33,48,-11,100,46,-272,-102,24
-34,46,-11,100,46,-271,-103,21
-34,43,-11,101,46,-270,-103,19
-34,42,-12,100,46,-269,-103,18
-34,42,-12,99,46,-270,-102,18
-33,42,-13,99,46,-271,-102,18
-32,41,-14,98,46,-271,-101,17
-32,39,-14,97,45,-271,-101,14
-32,37,-15,97,44,-271,-101,10
-34,36,-15,97,44,-271,-103,9
-36,36,-15,97,44,-271,-104,8
-36,35,-15,97,45,-271,-104,8
-35,34,-15,97,45,-270,-103,7
-34,34,-15,97,44,-269,-103,7
-35,34,-15,97,44,-268,-103,7
-35,35,-15,97,45,-267,-103,8
-36,36,-15,97,45,-267,-104,9
-36,36,-15,97,45,-266,-104,9
-36,35,-15,97,43,-266,-104,8
-36,35,-15,97,42,-266,-104,8
-35,35,-15,97,43,-266,-103,8
-35,37,-15,97,45,-266,-103,10
-35,40,-15,97,46,-266,-103,13
-34,43,-15,97,45,-266,-103,17
-33,46,-14,98,44,-266,-102,19
-33,48,-12,99,42,-266,-102,24
-32,50,-11,100,42,-266,-101,25
-33,51,-11,101,43,-266,-102,28
-33,54,-11,100,44,-266,-102,30
-32,58,-11,100,45,-266,-102,34
-31,61,-12,100,46,-266,-101,37
-31,64,-12,100,45,-267,-100,41
-30,66,-11,100,44,-266,-100,42
-29,68,-10,101,43,-266,-101,45
-28,71,-9,102,42,-266,-101,47
-27,73,-9,102,43,-267,-98,50
-26,76,-10,101,44,-268,-98,52
-25,78,-10,101,44,-268,-97,54
-24,80,-9,102,44,-267,-96,57
-24,83,-8,103,43,-267,-96,59
-24,85,-7,104,44,-266,-96,62
-24,86,-8,104,45,-266,-96,63
-22,87,-8,103,45,-266,-95,64
-21,88,-8,103,44,-266,-93,65
-21,90,-8,103,43,-267,-92,67
-21,91,-8,104,43,-267,-93,69
-22,93,-8,103,45,-268,-95,70
-22,93,-8,103,45,-267,-95,70
-20,92,-8,103,45,-267,-92,69
-19,90,-8,103,45,-267,-91,68
-18,89,-8,103,45,-268,-91,67
-19,88,-8,103,46,-268,-91,65
-20,88,-8,103,47,-267,-92,65
-20,88,-8,103,47,-266,-92,65
-20,88,-8,103,47,-266,-92,65
-20,88,-8,104,46,-266,-92,65
-20,88,-8,104,46,-267,-92,65
-20,88,-8,103,47,-266,-92,65
-20,89,-8,103,46,-266,-92,65
-20,88,-8,103,46,-266,-92,65
-19,87,-8,104,46,-266,-91,64
-18,86,-9,104,46,-266,-91,63
-18,85,-9,105,46,-266,-90,63
-18,86,-9,104,46,-266,-91,63
-18,85,-8,104,46,-266,-90,63
-18,84,-8,103,46,-266,-90,62
-17,84,-8,103,46,-266,-89,62
-17,84,-8,103,46,-266,-89,62
-17,84,-8,104,46,-266,-89,62
-18,84,-8,104,46,-266,-90,62
-18,84,-8,104,47,-266,-90,62
-17,84,-8,103,46,-266,-89,62
-16,84,-8,103,46,-267,-87,62
-14,86,-8,103,46,-267,-86,63
-14,88,-8,104,47,-266,-86,65
-16,89,-8,104,47,-265,-87,67
-17,90,-8,103,46,-264,-89,67
-17,89,-9,102,45,-264,-89,67
-15,89,-9,102,45,-264,-87,67
-14,89,-9,102,45,-264,-86,67
-15,90,-8,103,46,-263,-87,68
-15,91,-8,104,47,-262,-87,68
-15,91,-8,104,47,-261,-87,68
-16,90,-8,103,47,-261,-87,68
-17,90,-8,103,47,-261,-89,67
-18,89,-8,103,47,-262,-91,67
-20,88,-8,104,47,-261,-92,65
-20,88,-8,104,47,-261,-92,65
-20,89,-8,104,47,-261,-92,67
-20,88,-8,103,47,-261,-92,65
-20,86,-7,102,47,-261,-92,67
-21,84,-7,102,47,-261,-91,63
-21,82,-7,102,47,-261,-93,62
-22,81,-8,103,47,-261,-95,58
-23,81,-7,103,47,-261,-96,61
-25,80,-7,102,47,-261,-95,59
-25,78,-6,101,47,-261,-95,58
-25,76,-5,101,47,-261,-93,56
-25,75,-6,101,47,-261,-95,54
-27,73,-7,102,47,-261,-96,52
-28,71,-8,103,47,-261,-101,47
-30,68,-8,104,47,-261,-102,45
-30,66,-8,104,47,-261,-102,42
-29,64,-8,103,47,-261,-101,41
-30,62,-8,103,47,-261,-101,39
-31,61,-8,104,47,-261,-102,37
-31,59,-7,104,47,-261,-103,36
-32,58,-8,103,47,-261,-103,34
-32,56,-9,102,47,-261,-103,32
-33,54,-10,101,47,-261,-104,30
-34,53,-11,100,47,-261,-103,29
-34,51,-12,100,47,-261,-103,28
-32,50,-11,100,47,-261,-101,26
-31,47,-11,100,47,-261,-100,24
-30,45,-11,100,47,-261,-98,21
-29,44,-11,101,47,-261,-98,20
-29,44,-11,100,47,-262,-98,20
-29,45,-12,99,47,-262,-98,20
-29,45,-14,98,47,-261,-98,18
-29,44,-15,97,47,-260,-97,18
-28,43,-15,97,47,-259,-97,17
-28,42,-15,97,47,-259,-96,15
-28,42,-15,97,47,-259,-96,15
-28,42,-15,97,47,-259,-96,15
-28,41,-15,97,47,-259,-96,14
-27,40,-15,97,47,-259,-96,14
-27,40,-16,97,47,-259,-95,14
-27,41,-16,98,47,-260,-96,15
-29,43,-16,98,47,-261,-97,17
-30,44,-16,98,47,-262,-98,18
-29,45,-15,97,47,-262,-98,18
-28,45,-15,97,47,-261,-97,19
-26,46,-15,97,47,-260,-95,19
-25,46,-15,97,47,-258,-93,20
-25,46,-14,98,47,-257,-93,23
-25,47,-13,99,47,-258,-95,24
-26,50,-12,99,47,-260,-95,26
-27,53,-13,99,47,-262,-96,29
-26,56,-12,99,47,-262,-95,32
-25,57,-12,100,47,-262,-95,34
-24,59,-11,101,47,-261,-96,35
-23,60,-10,102,48,-261,-95,36
-22,62,-9,102,49,-261,-93,39
-22,65,-9,102,48,-261,-93,41
-21,67,-9,102,47,-261,-92,43
-21,69,-10,103,47,-261,-92,46
-21,72,-10,104,47,-261,-92,50
-20,76,-10,105,47,-261,-95,53
-19,79,-9,105,47,-261,-91,56
-18,82,-8,104,47,-261,-90,59
-17,84,-8,105,47,-261,-89,62
-17,86,-9,107,47,-261,-91,63
-16,89,-9,109,47,-261,-91,65
-16,92,-9,110,47,-261,-93,69
-16,94,-8,111,46,-261,-93,72
-15,97,-7,111,47,-261,-92,74
-13,99,-7,110,49,-261,-89,76
-12,102,-7,109,50,-262,-87,80
-12,105,-6,109,50,-262,-87,83
-12,108,-7,109,49,-261,-87,86
-11,110,-7,110,47,-261,-89,87
-10,110,-8,111,46,-261,-87,89
-8,112,-7,112,47,-261,-86,90
-7,113,-6,111,47,-261,-85,91
-7,116,-5,111,47,-261,-85,96
-7,118,-4,111,47,-261,-83,98
-7,118,-4,111,47,-261,-81,98
-6,118,-5,110,47,-261,-81,98
-6,118,-6,110,47,-261,-81,96
-7,119,-6,110,47,-262,-81,97
-7,122,-5,110,47,-261,-83,100
-7,123,-4,109,47,-261,-83,103
-7,123,-3,108,47,-261,-83,103
-7,123,-4,107,47,-262,-79,104
-6,124,-4,107,47,-263,-79,104
-6,124,-4,107,48,-263,-79,104
-6,124,-3,108,49,-264,-81,104
-5,122,-2,109,48,-265,-80,103
-4,121,-3,108,47,-265,-79,102
-3,120,-5,108,46,-264,-79,101
-3,119,-6,108,46,-263,-79,100
-4,117,-5,108,47,-262,-79,98
-5,115,-3,108,49,-262,-80,96
-5,113,-3,108,50,-263,-78,93
-5,113,-3,108,50,-264,-78,93
-6,113,-4,107,48,-264,-78,93
-7,112,-4,107,46,-264,-79,93
-7,110,-4,107,46,-264,-80,91
-7,108,-4,107,48,-266,-80,87
-8,106,-4,107,49,-266,-80,86
-9,105,-4,107,48,-265,-81,85
-10,104,-4,106,47,-263,-83,85
-12,104,-4,107,46,-262,-84,85
-12,104,-5,108,48,-262,-87,84
-11,103,-7,109,51,-263,-86,80
-10,101,-7,110,52,-264,-87,79
-9,100,-8,111,51,-263,-86,78
-9,99,-8,110,48,-263,-86,76
-10,99,-7,110,46,-263,-87,76
-12,98,-7,110,46,-263,-90,75
-14,97,-7,110,49,-263,-91,75
-14,97,-7,111,50,-263,-91,74
-14,97,-7,110,50,-262,-91,75
-13,97,-8,109,49,-261,-87,75
-14,97,-10,108,47,-261,-89,75
-14,98,-11,107,46,-262,-89,75
-14,97,-11,107,46,-263,-89,73
-13,96,-11,107,47,-263,-87,74
-12,94,-11,107,48,-263,-86,72
-11,93,-11,107,49,-262,-86,70
-11,93,-11,107,50,-262,-86,70
-11,93,-11,107,49,-262,-86,68
-11,93,-11,107,48,-262,-86,68
-11,93,-11,107,47,-261,-85,70
-11,93,-11,107,47,-261,-86,70
-12,91,-11,107,47,-262,-86,69
-13,90,-11,108,47,-263,-87,64
-14,88,-12,108,47,-265,-89,63
-14,87,-14,108,46,-265,-91,62
-14,87,-15,106,47,-263,-87,62
-13,86,-15,104,47,-262,-87,62
-13,86,-15,103,48,-262,-87,61
-12,85,-15,104,49,-263,-86,61
-12,85,-14,104,48,-263,-86,59
-12,84,-15,104,47,-262,-86,59
-12,84,-15,104,47,-261,-86,59
-12,83,-15,104,47,-261,-86,58
-12,83,-15,104,47,-261,-86,58
-12,83,-15,104,47,-262,-86,58
-13,85,-15,104,47,-261,-87,59
-13,86,-15,104,47,-261,-87,61
-14,87,-14,104,47,-261,-87,62
-14,87,-14,104,47,-261,-87,62
-13,86,-14,104,47,-261,-87,61
-13,86,-15,104,47,-261,-87,61
-13,86,-15,103,47,-261,-87,62
-14,88,-14,104,47,-261,-89,63
-15,89,-14,105,47,-261,-90,64
-15,90,-12,106,47,-261,-90,65
-14,91,-11,107,47,-261,-89,68
-13,93,-10,106,47,-261,-87,70
-12,94,-10,106,47,-261,-86,72
-13,96,-10,106,47,-261,-87,74
-14,97,-11,107,47,-262,-89,74
-14,98,-11,107,47,-262,-89,75
-13,99,-11,106,47,-261,-87,76
-12,101,-10,106,47,-261,-87,79
-12,104,-8,106,47,-261,-85,81
-12,106,-6,107,47,-263,-85,86
-12,108,-4,107,46,-265,-84,89
-11,110,-4,107,46,-266,-84,90
-10,111,-4,107,46,-267,-83,91
-9,111,-4,107,46,-267,-81,91
-10,110,-4,107,46,-266,-83,90
-10,111,-4,107,46,-266,-83,91
-9,113,-4,107,46,-266,-83,93
-8,115,-4,107,46,-266,-81,96
-7,117,-3,107,46,-266,-80,97
-7,118,-3,108,46,-266,-80,98
-8,119,-2,109,46,-266,-84,100
-10,120,-1,110,46,-266,-85,101
-10,121,-1,110,46,-266,-85,102
-10,120,-2,109,47,-267,-85,101
-8,119,-3,108,47,-266,-81,100
-8,117,-3,106,46,-266,-80,98
-7,117,-2,106,46,-266,-80,97
-7,115,-1,106,46,-267,-80,98
-7,115,0,105,47,-268,-79,97
-6,114,-1,104,48,-268,-76,97
-6,114,-1,103,49,-268,-76,97
-5,114,-1,103,48,-267,-75,97
-5,112,-1,103,47,-266,-75,96
-6,110,-1,103,46,-266,-75,93
-7,108,-1,103,46,-266,-76,91
-7,107,-1,103,46,-267,-78,90
-8,106,-1,103,47,-268,-78,90
-9,106,-1,103,46,-270,-79,89
-10,104,-1,103,46,-271,-80,87
-11,103,-1,103,46,-272,-81,85
-10,101,-1,103,46,-271,-80,84
-9,100,-1,103,47,-271,-79,83
-9,99,-1,103,48,-271,-79,83
-10,99,-1,103,48,-271,-80,81
-12,98,-1,103,48,-271,-83,81
-13,97,-1,103,46,-271,-84,80
-14,96,-1,103,46,-271,-84,79
-13,95,-1,103,48,-271,-83,78
-12,94,-1,103,50,-271,-81,76
-12,94,-1,103,51,-271,-81,76
-12,94,-1,103,50,-271,-81,76
-13,96,-1,103,49,-271,-83,79
-14,97,0,102,50,-271,-84,80
-14,97,0,101,51,-271,-81,80
-12,98,1,100,51,-271,-80,84
-10,99,1,99,51,-271,-78,84
-10,101,1,99,51,-271,-78,86
-11,103,1,100,51,-271,-79,89
-11,104,1,100,51,-271,-79,90
-10,105,1,100,51,-271,-78,90
-9,106,1,99,51,-271,-76,91
-8,107,1,99,51,-271,-75,92
-9,109,1,99,51,-272,-76,95
-10,112,1,99,51,-271,-78,97
-10,114,1,100,51,-271,-79,100
-10,116,1,100,51,-271,-78,102
-9,119,1,100,51,-272,-76,104
-7,121,2,99,51,-273,-75,107
-7,123,1,99,51,-274,-74,108
-6,123,1,99,51,-273,-74,109
-6,124,1,100,51,-272,-74,109
-6,125,1,102,51,-272,-76,111
-6,127,2,104,51,-273,-76,111
-5,130,1,104,51,-273,-75,113
-4,131,0,104,51,-273,-74,114
-3,131,0,104,51,-272,-74,114
-4,130,0,104,51,-273,-74,114
-5,130,0,104,51,-275,-75,113
-5,129,0,103,50,-277,-76,113
-7,129,-1,103,51,-277,-78,112
-7,129,-2,104,52,-275,-78,109
-8,128,-3,106,54,-275,-81,109
-8,128,-4,107,56,-275,-81,109
-8,127,-3,108,56,-276,-84,108
-8,125,-3,108,54,-277,-84,106
-8,122,-3,108,52,-277,-81,103
-9,120,-3,107,51,-276,-81,101
-10,118,-4,107,51,-276,-83,98
-11,116,-5,106,53,-276,-84,96
-12,112,-5,106,54,-277,-85,92
-12,109,-5,106,55,-277,-85,89
-12,106,-5,106,56,-277,-85,86
-13,103,-6,105,56,-277,-86,84
-15,100,-7,104,55,-277,-87,80
-16,96,-8,104,54,-277,-89,74
-17,92,-8,103,54,-277,-89,69
-16,88,-8,104,54,-277,-89,65
-16,85,-8,104,54,-277,-89,62
-17,81,-10,104,54,-277,-89,58
-18,76,-13,104,54,-277,-90,51
-18,73,-14,103,54,-277,-90,47
-19,69,-14,102,55,-277,-90,43
-19,65,-14,103,56,-277,-91,39
-20,60,-14,103,56,-277,-91,34
-21,56,-15,103,54,-277,-92,30
-21,53,-18,101,52,-276,-92,26
-21,50,-18,101,51,-277,-92,21
-21,47,-18,100,52,-277,-92,18
-22,44,-19,100,53,-276,-93,15
-24,42,-20,99,53,-276,-95,13
-25,39,-21,99,53,-276,-96,10
-25,37,-21,98,52,-278,-96,8
-25,36,-21,98,52,-280,-96,7
-25,35,-21,98,53,-281,-95,6
-24,36,-21,97,54,-282,-95,7
-25,36,-22,97,55,-282,-95,7
-25,36,-23,98,55,-281,-95,7
-24,36,-23,98,54,-281,-95,7
-25,35,-23,99,54,-281,-95,6
-25,36,-23,99,53,-281,-96,7
-25,37,-24,99,52,-281,-96,6
-25,39,-25,99,51,-281,-98,8
-24,41,-24,100,52,-281,-97,9
-24,44,-23,101,52,-281,-97,12
-24,46,-22,103,52,-281,-97,14
-24,49,-22,104,51,-282,-100,20
-23,52,-22,104,50,-282,-100,23
-22,55,-22,104,50,-283,-96,26
-22,58,-22,104,50,-283,-96,30
-21,61,-21,105,51,-283,-97,32
-20,64,-19,106,50,-284,-97,36
-20,68,-18,107,50,-284,-96,39
-20,72,-18,108,50,-285,-96,43
-19,76,-18,108,50,-285,-96,48
-18,80,-18,108,50,-286,-95,52
-17,83,-18,107,50,-286,-93,54
-17,86,-18,108,50,-285,-93,58
-17,90,-17,108,50,-284,-93,62
-16,93,-15,110,50,-285,-93,65
-14,97,-15,111,50,-286,-93,69
-13,100,-15,112,50,-286,-92,73
-13,103,-16,112,50,-286,-92,75
-13,106,-16,112,50,-286,-92,79
-13,109,-15,111,50,-286,-92,81
-11,111,-13,112,50,-286,-91,86
-9,112,-12,113,50,-286,-89,87
-8,115,-12,113,50,-286,-89,90
-8,117,-12,113,50,-286,-89,92
-8,119,-13,112,50,-286,-89,95
-8,121,-12,112,50,-286,-89,97
-7,123,-11,113,50,-286,-87,98
-6,124,-11,114,50,-285,-86,100
-5,122,-11,113,50,-284,-85,98
-4,121,-13,112,51,-285,-84,96
-3,120,-14,111,50,-286,-81,96
-3,119,-15,110,48,-286,-81,95
-4,119,-14,111,47,-285,-83,95
-6,117,-14,111,47,-284,-84,92
-7,115,-14,111,48,-284,-84,90
-6,113,-14,111,49,-285,-84,89
-4,111,-14,111,49,-285,-81,86
-3,109,-15,111,48,-284,-80,85
-3,105,-16,110,46,-284,-80,78
-4,101,-17,108,46,-284,-81,73
-6,96,-17,106,45,-285,-80,69
-7,92,-16,105,45,-285,-81,67
-7,88,-16,105,46,-286,-81,63
-7,84,-18,105,46,-286,-81,56
-8,80,-20,104,46,-286,-83,52
-9,76,-21,103,45,-286,-84,48
-10,73,-20,102,45,-286,-84,45
-11,69,-19,101,45,-286,-83,41
-11,65,-18,101,45,-286,-83,37
-12,61,-18,101,45,-285,-84,35
-14,57,-18,100,45,-285,-85,29
-17,53,-19,100,45,-284,-87,24
-19,48,-21,98,45,-284,-90,19
-20,43,-22,97,45,-284,-91,14
-21,39,-22,97,45,-284,-92,10
-23,36,-22,97,46,-283,-93,7
-25,34,-22,97,46,-282,-96,4
-26,31,-22,97,46,-281,-97,1
-27,28,-21,97,46,-281,-98,-1
-28,25,-22,97,46,-281,-98,-4
-28,21,-23,96,46,-281,-98,-7
-28,18,-25,95,46,-281,-96,-10
-28,15,-25,94,46,-281,-96,-17
-29,12,-26,93,46,-281,-97,-19
-31,10,-26,94,45,-281,-98,-21
-32,9,-25,94,45,-281,-100,-23
-34,8,-25,94,44,-281,-101,-23
-35,6,-25,94,44,-281,-102,-25
-35,4,-26,94,44,-281,-102,-28
-35,3,-26,94,44,-281,-102,-29
-34,2,-26,94,44,-281,-102,-29
-34,3,-25,94,44,-280,-102,-29
-34,3,-26,94,43,-279,-102,-29
-34,3,-26,94,41,-279,-102,-29
-35,3,-26,94,40,-280,-102,-29
-34,3,-26,94,41,-281,-102,-29
-34,3,-26,95,41,-281,-102,-29
-34,2,-26,93,41,-281,-102,-29
-34,3,-26,92,41,-281,-102,-29
-35,4,-25,90,41,-281,-101,-25
-36,6,-25,88,41,-281,-101,-24
-37,7,-25,88,41,-281,-102,-23
-36,7,-25,87,41,-281,-101,-21
-36,8,-26,87,41,-281,-101,-21
-36,9,-25,88,41,-281,-101,-20
-37,11,-24,89,41,-281,-102,-18
-37,12,-22,90,41,-281,-103,-17
-36,13,-22,90,41,-281,-102,-15
-35,14,-22,90,41,-281,-101,-15
-35,15,-22,90,41,-281,-101,-14
-36,17,-22,90,41,-281,-101,-12
-37,17,-22,90,41,-281,-102,-12
-38,18,-22,90,41,-281,-103,-10
-38,19,-22,90,41,-281,-103,-9
-38,21,-22,90,41,-281,-103,-7
-36,24,-22,90,41,-281,-102,-6
-35,25,-22,90,41,-281,-101,-4
-33,25,-21,91,41,-281,-100,-3
-32,26,-21,92,41,-281,-98,0
-32,28,-20,92,41,-281,-97,1
-31,30,-20,93,41,-281,-97,3
-30,33,-19,94,41,-280,-98,6
-28,35,-18,93,41,-279,-93,8
-26,36,-18,93,41,-279,-92,10
-26,39,-17,91,41,-280,-92,12
-26,42,-16,90,41,-280,-90,18
-26,45,-15,90,41,-279,-90,21
-25,49,-15,90,41,-278,-89,25
-23,52,-14,91,41,-276,-87,28
-22,54,-14,91,41,-275,-86,30
-20,56,-14,91,41,-276,-84,32
-19,59,-14,91,41,-276,-84,36
-19,63,-13,92,41,-276,-83,40
-18,67,-12,93,41,-276,-85,45
-18,71,-12,93,40,-276,-84,48
-16,74,-12,93,39,-276,-83,51
-15,77,-11,94,39,-276,-81,54
-14,80,-9,95,39,-276,-81,61
-13,84,-8,97,39,-276,-80,64
-13,88,-8,97,40,-276,-80,68
-12,92,-9,97,41,-276,-79,72
-10,95,-10,98,42,-276,-80,73
-9,98,-9,97,41,-276,-76,79
-7,102,-7,98,40,-276,-74,83
-6,107,-6,99,39,-276,-73,87
-5,113,-5,100,38,-275,-75,93
-4,118,-5,100,39,-275,-74,98
-3,122,-5,100,39,-276,-73,102
-2,125,-4,101,39,-276,-73,106
-1,127,-2,102,39,-275,-72,111
0,131,-1,103,38,-275,-70,114
0,134,-1,103,36,-275,-70,118
0,139,-1,103,36,-275,-69,123
1,143,-1,103,36,-275,-69,126
2,147,0,104,37,-275,-68,131
3,150,0,105,38,-275,-67,134
3,153,2,106,38,-275,-67,137
4,156,2,107,38,-275,-69,140
4,159,2,107,38,-275,-69,144
4,161,1,106,39,-276,-68,146
5,163,1,106,41,-276,-68,148
5,165,2,106,42,-276,-65,150
5,167,3,105,41,-274,-65,155
6,169,3,106,40,-272,-64,157
7,170,4,107,39,-273,-63,157
7,170,5,107,39,-274,-64,157
7,171,7,107,38,-275,-64,158
7,173,8,106,39,-274,-64,163
8,176,9,106,39,-272,-63,166
9,177,9,106,40,-271,-62,167
9,177,9,106,41,-272,-62,167
9,177,8,106,41,-273,-62,167
9,176,8,106,39,-274,-62,166
9,174,8,106,38,-273,-62,164
9,173,9,106,37,-272,-62,163
8,172,9,105,38,-271,-59,162
8,171,10,104,40,-271,-61,161
7,170,11,104,41,-271,-61,161
7,170,11,103,41,-271,-61,163
7,170,11,102,40,-271,-58,159
6,168,9,102,40,-271,-62,158
6,166,7,103,40,-271,-62,156
6,162,7,102,39,-271,-62,152
7,160,7,101,38,-271,-62,150
7,157,8,99,39,-271,-58,147
6,155,9,99,40,-271,-59,145
5,153,8,99,41,-271,-59,142
5,150,7,98,41,-271,-61,140
5,147,6,97,39,-271,-59,136
5,144,4,96,39,-271,-59,133
4,140,5,96,39,-271,-58,130
2,137,5,96,40,-271,-63,126
1,134,5,96,41,-269,-63,123
1,130,4,95,42,-267,-61,119
1,126,2,93,42,-267,-61,113
1,123,1,92,42,-267,-61,109
0,120,1,92,42,-268,-62,107
-1,117,1,93,42,-267,-64,103
-2,113,1,93,42,-267,-64,100
-2,109,0,92,42,-266,-64,95
-2,105,-1,90,42,-266,-64,91
-3,101,-2,89,42,-266,-65,87
-5,98,-2,89,42,-266,-65,84
-7,95,-2,89,42,-266,-69,81
-9,92,-2,89,42,-266,-72,78
-9,88,-2,89,42,-266,-72,74
-9,85,-1,90,42,-266,-72,70
-9,83,-2,89,42,-266,-72,68
-10,81,-3,88,42,-266,-69,63
-10,78,-4,87,42,-266,-70,61
-11,75,-5,86,42,-266,-70,57
-12,72,-6,86,42,-266,-72,54
-13,69,-6,86,42,-266,-73,52
-14,67,-5,86,42,-266,-73,50
-14,65,-5,86,42,-266,-74,47
-16,63,-5,86,42,-266,-75,45
-16,62,-5,86,42,-266,-75,43
-17,62,-5,86,43,-266,-76,43
-17,63,-5,86,44,-266,-76,45
-17,63,-6,84,43,-266,-75,45
-17,62,-6,83,42,-266,-73,45
-17,60,-7,83,42,-266,-74,42
-18,57,-7,83,43,-266,-78,40
-19,57,-8,84,44,-266,-79,39
-20,58,-9,83,45,-266,-79,40
-21,60,-9,83,44,-267,-80,41
-21,60,-8,83,43,-268,-80,42
-21,60,-7,85,42,-269,-80,42
-21,60,-6,86,43,-269,-80,42
-20,61,-7,85,45,-270,-79,42
-20,62,-6,85,46,-270,-79,43
-21,62,-6,84,45,-271,-80,43
-20,62,-6,84,45,-271,-79,45
-19,63,-5,84,45,-271,-78,45
-18,65,-4,84,46,-271,-75,47
-18,66,-3,84,46,-271,-75,51
-19,67,-3,84,46,-271,-76,52
-20,68,-4,85,46,-271,-79,50
-21,69,-5,86,46,-271,-80,52
-21,71,-6,86,46,-271,-80,53
-21,72,-5,86,46,-271,-80,53
-20,72,-5,86,46,-271,-79,53
-19,72,-5,86,46,-271,-79,54
-19,74,-5,86,46,-271,-78,56
-19,76,-6,86,46,-271,-78,58
-19,77,-5,86,46,-271,-79,59
-20,78,-5,86,46,-271,-79,61
-20,79,-5,86,46,-271,-80,61
-21,80,-5,86,46,-271,-80,63
-22,82,-5,86,46,-271,-81,64
-22,82,-5,86,46,-271,-83,64
-21,82,-5,86,46,-271,-81,64
-21,82,-5,86,46,-271,-80,64
-19,83,-5,86,46,-271,-79,65
-18,85,-5,86,46,-271,-78,68
-18,86,-5,86,46,-271,-78,68
-18,86,-5,86,46,-272,-78,68
-19,86,-5,86,46,-273,-79,68
-18,85,-5,86,46,-274,-78,68
-17,86,-5,86,46,-275,-76,68
-15,86,-5,86,46,-276,-74,69
-14,87,-5,86,46,-276,-74,70
-14,88,-5,86,46,-276,-74,70
-14,87,-5,86,46,-276,-74,70
-13,87,-5,86,46,-276,-73,69
-12,87,-5,86,46,-276,-72,69
-11,87,-5,86,46,-276,-72,70
-10,88,-5,86,46,-276,-70,70
-10,88,-5,86,46,-276,-69,70
-9,89,-5,86,46,-276,-69,72
-9,89,-5,86,46,-276,-68,72
-9,89,-5,86,46,-276,-68,72
-9,88,-5,86,46,-276,-68,72
-9,87,-6,86,46,-276,-68,70
-9,87,-6,86,46,-276,-69,69
-10,86,-6,86,46,-276,-69,69
-10,86,-5,86,46,-276,-70,68
-11,85,-5,86,46,-276,-72,68
-13,86,-6,86,46,-277,-73,68
-13,86,-7,87,46,-278,-73,69
-13,86,-7,89,46,-278,-75,67
-13,85,-8,90,46,-278,-75,65
-12,83,-9,90,46,-277,-74,63
-13,81,-10,89,46,-276,-74,61
-13,80,-10,88,47,-276,-75,61
-14,80,-10,88,48,-276,-76,61
-15,80,-9,89,47,-276,-76,61
-15,80,-8,90,46,-276,-78,61
-15,79,-8,90,46,-276,-76,59
-14,79,-9,90,47,-276,-76,59
-13,77,-10,88,48,-277,-75,57
-14,75,-11,87,49,-278,-76,54
-16,73,-11,88,49,-278,-78,53
-17,73,-10,88,47,-278,-79,53
-18,73,-10,88,46,-278,-79,52
-17,73,-11,88,46,-278,-79,53
-17,73,-12,86,48,-277,-79,53
-17,74,-13,86,50,-277,-79,53
-17,73,-12,86,50,-276,-79,53
-18,72,-12,86,48,-276,-79,51
-18,69,-11,86,46,-276,-79,48
-18,68,-11,85,46,-276,-76,47
-17,67,-10,84,46,-276,-75,47
-16,68,-10,84,46,-277,-75,48
-15,69,-9,83,46,-278,-74,48
-14,69,-10,83,46,-278,-73,48
-14,68,-10,84,46,-278,-74,48
-15,69,-11,85,46,-277,-74,48
-16,70,-10,87,46,-276,-78,50
-15,72,-10,88,47,-276,-76,52
-14,75,-9,88,48,-276,-75,54
-13,76,-9,87,49,-277,-75,56
-13,76,-9,88,50,-278,-74,56
-13,75,-8,89,50,-278,-75,54
-12,75,-7,89,50,-278,-74,54
-12,76,-7,88,49,-278,-74,58
-11,79,-6,87,50,-278,-70,61
-10,81,-7,87,50,-278,-70,63
-10,82,-7,87,50,-276,-70,65
-10,83,-6,86,49,-276,-69,65
-8,84,-5,86,49,-278,-68,67
-8,85,-5,86,50,-280,-67,68
-8,87,-5,86,51,-281,-68,70
-7,89,-5,86,51,-282,-67,72
-6,91,-4,87,49,-281,-65,74
-6,92,-4,87,47,-281,-65,75
-6,94,-4,86,47,-281,-65,78
-5,96,-5,86,49,-281,-65,79
-4,97,-4,86,50,-281,-64,80
-3,99,-3,88,51,-281,-63,81
-3,101,-2,89,51,-281,-65,86
-5,102,-1,90,51,-281,-67,87
-6,103,0,90,50,-281,-69,89
-7,105,0,90,49,-281,-69,91
-6,107,-1,90,49,-281,-68,92
-5,109,-1,90,49,-281,-68,95
-5,112,-2,89,50,-281,-65,97
-5,113,-2,89,51,-281,-65,98
-5,114,-1,90,51,-281,-68,100
-4,113,0,90,50,-281,-67,100
-4,113,0,91,50,-281,-67,98
-4,113,-1,90,50,-281,-67,100
-4,115,-1,88,51,-281,-64,101
-4,118,0,86,50,-281,-64,103
-3,119,1,86,50,-281,-62,106
-3,120,2,86,50,-281,-61,109
-3,120,2,87,50,-281,-61,108
-3,119,1,87,50,-281,-62,108
-3,119,1,86,50,-281,-62,106
-3,119,0,86,50,-281,-62,106
-3,119,0,86,50,-281,-62,106
-3,119,0,86,50,-281,-62,106
-3,119,1,86,50,-281,-62,108
-3,119,1,86,50,-281,-61,106
-3,120,0,86,50,-281,-61,106
-4,120,0,86,50,-281,-62,106
-4,119,0,86,50,-281,-62,104
-6,117,1,86,50,-281,-64,103
-6,114,1,86,50,-281,-64,101
-6,112,0,86,50,-281,-63,98
-5,113,0,83,50,-281,-63,101
-6,113,0,81,50,-281,-61,102
-6,113,1,80,50,-281,-61,102
-4,112,2,81,50,-281,-59,101
-3,110,1,83,50,-281,-58,98
-3,109,1,83,50,-281,-61,97
-4,108,1,83,50,-281,-62,96
-6,107,2,83,50,-281,-63,95
-7,105,3,83,51,-281,-62,93
-6,103,3,83,51,-280,-61,91
-5,102,3,84,50,-279,-63,91
-5,101,2,84,50,-280,-63,90
-5,100,1,84,50,-281,-63,89
-6,97,0,83,51,-282,-64,86
-7,96,0,82,52,-282,-62,84
-7,94,0,80,52,-281,-62,83
-8,93,1,80,52,-280,-63,81
-8,91,2,80,51,-280,-63,79
-7,90,3,81,52,-280,-62,78
-6,90,3,81,52,-279,-61,78
-6,90,3,81,53,-278,-61,78
-7,90,3,81,53,-277,-62,78
-9,89,3,81,54,-276,-63,76
-8,87,3,81,54,-277,-63,75
-7,86,3,81,54,-277,-62,74
-7,85,3,81,53,-277,-61,73
-6,84,2,80,53,-276,-61,73
-6,84,2,80,54,-277,-61,72
-6,83,2,80,56,-277,-61,72
-6,83,1,79,57,-277,-61,70
-6,83,0,79,56,-277,-61,72
-7,84,0,78,54,-277,-58,72
-7,84,0,79,53,-276,-59,73
-7,84,2,80,53,-276,-61,73
-7,85,3,81,54,-276,-61,73
-7,86,3,81,54,-277,-62,74
-8,88,2,80,54,-277,-63,75
-9,89,0,79,55,-277,-64,76
-9,89,0,78,56,-277,-62,76
-9,89,0,79,55,-277,-61,76
-8,90,1,79,55,-277,-63,78
-7,93,2,80,54,-277,-62,81
-7,95,2,80,54,-277,-62,84
-7,97,2,80,55,-277,-62,85
-9,98,1,80,56,-277,-64,86
-9,99,1,80,56,-277,-64,87
-9,99,2,80,56,-277,-64,87
-8,101,2,80,56,-277,-63,89
-7,102,2,80,56,-277,-62,91
-6,105,2,81,56,-277,-62,93
-7,106,2,82,56,-277,-62,95
-8,107,1,84,56,-277,-65,95
-8,108,1,86,56,-277,-67,96
-8,110,0,86,56,-277,-65,96
-7,112,0,86,56,-277,-64,98
-6,113,0,86,56,-277,-63,100
-5,113,0,86,56,-277,-63,100
-5,113,1,86,56,-277,-63,101
-5,113,0,86,56,-277,-63,98
-5,113,0,86,56,-277,-63,98
-5,113,1,86,56,-277,-63,101
-5,113,0,86,56,-277,-63,100
-6,113,0,86,56,-277,-63,100
-5,113,1,85,56,-277,-63,101
-5,112,2,85,56,-277,-63,101
-4,111,2,85,56,-277,-62,100
-4,110,1,85,56,-277,-62,98
-3,110,0,84,56,-277,-61,96
-3,109,0,83,56,-277,-61,95
-3,109,0,83,56,-277,-61,95
-4,108,0,83,56,-277,-62,96
-5,105,1,83,56,-277,-63,93
-6,103,1,84,56,-277,-63,91
-6,102,0,84,56,-277,-63,87
-5,101,0,84,56,-277,-63,87
-4,101,-1,84,56,-276,-61,86
-4,99,-2,83,56,-276,-61,85
-4,97,-3,82,56,-275,-61,83
-4,94,-2,82,56,-274,-62,80
-5,92,-2,83,56,-273,-63,78
-7,90,-2,83,56,-272,-64,76
-8,89,-2,83,56,-272,-65,74
-8,87,-2,82,56,-272,-65,73
-7,86,-2,83,56,-272,-64,72
-7,85,-2,82,56,-272,-64,70
-7,83,-2,82,56,-272,-64,69
-9,82,-2,82,56,-272,-65,67
-9,79,-2,83,56,-272,-67,64
-9,78,-2,83,56,-272,-65,63
-8,76,-3,82,56,-271,-64,62
-8,74,-3,81,56,-272,-64,59
-9,72,-3,81,56,-272,-65,57
-10,71,-3,81,56,-273,-67,56
-10,69,-3,83,56,-274,-67,54
-9,68,-3,83,56,-273,-65,53
-8,67,-4,83,56,-272,-64,52
-7,67,-6,81,56,-273,-64,50
-8,67,-7,80,56,-275,-64,50
-9,66,-8,81,56,-277,-65,48
-11,65,-9,83,57,-277,-70,47
-12,64,-9,83,58,-277,-72,43
-13,65,-9,83,57,-277,-72,45
-12,66,-9,83,56,-277,-72,48
-12,68,-9,83,56,-277,-72,51
-12,70,-9,83,57,-275,-72,52
-12,71,-9,83,58,-274,-70,53
-11,71,-10,82,57,-274,-68,51
-10,71,-11,81,56,-274,-67,51
-10,71,-11,81,56,-276,-67,51
-11,72,-10,81,56,-276,-68,52
-12,74,-10,81,56,-276,-69,54
-13,75,-11,81,56,-275,-70,56
-13,76,-13,81,56,-274,-73,56
-11,76,-14,83,56,-274,-70,53
-10,77,-14,84,57,-274,-72,54
-9,78,-13,84,58,-273,-68,58
-9,79,-12,84,57,-272,-69,59
-10,81,-11,85,57,-272,-69,61
-10,83,-12,86,56,-272,-72,63
-8,84,-12,87,56,-272,-70,64
-6,84,-12,86,56,-272,-68,64
-6,84,-11,86,56,-272,-68,64
-7,85,-11,85,56,-272,-67,65
-8,87,-11,85,56,-272,-70,68
-9,89,-12,86,56,-273,-72,69
-8,90,-12,86,56,-274,-70,70
-7,92,-11,87,56,-274,-69,73
-6,93,-10,89,56,-273,-68,74
-6,95,-9,90,56,-274,-68,75
-7,95,-8,90,56,-275,-69,75
-7,95,-9,90,56,-275,-69,75
-7,95,-9,90,56,-275,-69,75
-7,95,-9,90,56,-275,-69,75
-7,95,-7,88,56,-275,-69,79
-6,96,-6,87,56,-276,-68,79
-5,96,-7,87,56,-277,-68,79
-5,96,-7,88,56,-277,-67,79
-5,96,-7,88,56,-277,-67,79
-5,96,-7,87,56,-277,-65,79
-6,96,-6,86,56,-277,-65,79
-7,95,-6,87,56,-277,-67,79
-7,95,-7,87,57,-277,-67,78
-7,95,-7,87,58,-277,-67,78
-7,95,-6,87,57,-277,-67,78
-7,95,-7,87,56,-277,-67,78
-7,95,-7,87,55,-277,-67,79
-5,96,-7,87,55,-277,-65,79
-4,97,-6,86,56,-277,-64,80
-4,97,-5,86,57,-277,-63,80
-4,97,-6,87,58,-277,-63,80
-4,97,-8,89,57,-277,-65,78
-4,97,-9,90,56,-277,-65,78
-4,97,-9,90,56,-277,-65,78
-3,95,-9,90,56,-277,-65,76
-2,94,-9,90,56,-277,-64,74
-1,93,-9,90,56,-277,-63,74
0,94,-9,90,56,-277,-62,75
-1,95,-9,90,56,-277,-63,75
-2,96,-9,90,56,-277,-64,76
-3,97,-9,90,56,-277,-64,78
-3,97,-9,90,56,-277,-64,78
-1,98,-9,90,56,-277,-63,79
0,99,-9,90,56,-277,-62,80
1,100,-9,90,56,-277,-61,80
1,100,-9,90,56,-277,-61,81
0,101,-9,90,56,-277,-62,83
0,103,-9,90,56,-276,-62,84
0,105,-9,90,56,-276,-62,86
0,105,-9,90,56,-275,-61,86
1,105,-9,90,56,-274,-61,86
2,106,-8,90,56,-273,-59,87
1,108,-8,90,56,-272,-61,89
1,110,-8,90,56,-272,-61,91
2,112,-9,90,56,-272,-59,92
3,112,-9,89,56,-272,-58,93
4,113,-8,90,56,-272,-57,95
4,115,-7,90,56,-272,-57,96
5,117,-6,92,56,-272,-59,101
5,119,-5,93,56,-272,-59,102
6,120,-4,93,56,-272,-58,104
6,122,-5,93,56,-272,-58,106
5,123,-5,93,56,-272,-59,107
4,124,-5,93,56,-272,-61,108
4,124,-5,93,56,-272,-61,108
4,124,-5,93,56,-271,-61,108
4,124,-5,93,56,-272,-59,108
3,125,-5,93,56,-272,-61,109
3,127,-4,94,56,-273,-62,111
2,128,-3,95,56,-274,-63,112
2,129,-2,97,56,-273,-65,113
2,128,-2,98,56,-272,-65,112
2,128,-3,98,56,-272,-65,112
2,128,-4,99,56,-271,-65,109
2,129,-4,99,56,-272,-65,111
2,128,-3,99,56,-272,-65,112
3,127,-2,98,56,-272,-64,111
3,125,-1,96,56,-272,-61,109
4,124,-2,95,56,-272,-59,108
5,124,-4,93,56,-272,-59,108
4,124,-5,93,56,-272,-61,108
3,123,-7,94,56,-272,-61,104
2,121,-7,94,56,-272,-62,102
1,119,-6,94,56,-272,-63,100
2,118,-5,93,56,-272,-62,102
3,117,-5,93,56,-272,-62,101
3,116,-4,93,56,-272,-62,100
3,114,-5,93,56,-272,-61,98
2,112,-6,92,56,-271,-62,96
0,111,-7,90,56,-271,-62,91
0,109,-9,90,56,-270,-64,90
0,106,-10,90,56,-271,-65,87
0,103,-10,91,56,-271,-64,84
0,101,-10,90,56,-271,-64,81
0,99,-9,90,56,-271,-64,80
0,97,-8,90,56,-270,-63,78
-1,95,-9,90,56,-270,-63,75
-1,93,-10,89,57,-269,-63,74
-1,91,-11,87,56,-267,-63,72
-2,89,-12,86,56,-267,-64,69
-2,87,-12,86,56,-267,-64,67
-1,85,-12,86,57,-267,-63,65
-1,84,-12,86,57,-267,-63,64
-1,82,-12,86,56,-267,-63,62
-2,79,-12,86,55,-267,-64,59
-2,77,-12,86,54,-267,-64,57
-2,76,-12,86,54,-268,-63,56
-2,75,-12,86,52,-270,-63,56
-3,75,-12,86,51,-270,-64,56
-4,74,-12,86,51,-269,-65,54
-6,72,-12,86,53,-268,-68,52
-6,72,-12,86,54,-268,-68,52
-5,72,-12,86,53,-268,-67,52
-5,72,-12,86,52,-267,-67,52
-5,71,-12,86,51,-266,-67,51
-6,70,-12,86,51,-266,-68,50
-7,71,-12,86,51,-267,-68,51
-7,73,-12,86,52,-268,-69,53
-7,74,-12,86,51,-270,-68,53
-6,74,-12,86,51,-270,-68,54
-6,73,-12,86,51,-271,-68,53
-6,73,-12,86,51,-270,-68,53
-6,74,-12,86,51,-269,-68,53
-7,75,-12,86,51,-268,-68,56
-8,76,-12,86,51,-268,-69,56
-9,77,-12,86,51,-268,-70,57
-9,78,-12,86,51,-269,-70,58
-8,80,-12,86,51,-270,-70,59
-7,82,-12,86,51,-270,-69,62
-6,84,-12,86,51,-270,-68,64
-6,85,-12,86,51,-270,-68,65
-7,86,-12,86,51,-269,-69,67
-8,87,-12,86,51,-268,-70,67
-9,89,-12,86,51,-268,-70,69
-8,91,-12,86,51,-270,-70,72
-8,93,-12,86,51,-271,-70,74
-8,96,-11,87,51,-272,-70,76
-8,99,-11,88,51,-271,-70,80
-8,101,-10,88,51,-270,-70,81
-7,101,-9,89,51,-270,-69,81
-5,102,-9,89,51,-270,-68,83
-4,102,-8,90,51,-271,-67,83
-4,104,-8,90,51,-272,-67,84
-3,106,-8,90,51,-272,-65,87
-3,108,-9,90,51,-271,-65,90
-4,110,-9,89,51,-271,-67,91
-5,112,-8,90,51,-271,-67,92
-5,113,-7,90,51,-271,-68,93
-4,114,-6,92,51,-271,-69,97
-2,114,-5,93,51,-271,-68,97
-1,115,-4,93,51,-271,-67,98
-1,117,-5,93,51,-271,-67,101
-3,118,-5,93,51,-271,-68,102
-3,119,-5,93,51,-271,-69,103
-4,120,-5,93,51,-271,-69,103
-3,119,-5,93,51,-271,-69,103
-3,119,-5,93,51,-271,-68,103
-3,119,-5,93,51,-271,-68,103
-3,119,-5,93,51,-271,-68,103
-3,119,-5,93,51,-271,-69,103
-4,119,-5,93,51,-271,-69,102
-3,119,-5,93,51,-271,-68,103
-2,120,-5,93,51,-271,-67,104
0,121,-5,93,51,-271,-65,104
0,121,-6,92,51,-271,-65,102
-2,120,-7,92,51,-271,-67,102
-3,119,-6,92,51,-271,-68,103
-4,119,-4,92,51,-271,-67,103
-4,120,-2,91,51,-271,-67,103
-3,119,-1,90,51,-271,-65,106
-3,118,-2,89,51,-271,-63,104
-2,116,-3,88,51,-271,-62,100
-1,115,-4,87,51,-271,-61,100
-1,115,-5,86,51,-271,-61,98
-2,115,-6,86,51,-271,-62,98
-3,114,-5,86,51,-271,-63,98
-4,114,-5,86,51,-271,-64,97
-5,114,-5,86,51,-271,-65,97
-5,113,-5,86,51,-271,-65,96
-5,111,-5,86,51,-271,-64,95
-4,110,-5,86,51,-271,-64,93
-3,109,-5,86,51,-271,-63,92
-3,109,-5,86,51,-271,-63,92
-3,108,-5,86,51,-271,-63,91
-4,107,-5,86,51,-271,-64,90
-6,105,-5,86,51,-271,-65,89
-6,105,-5,86,51,-271,-67,89
-5,105,-6,86,51,-271,-65,89
-4,104,-5,86,51,-271,-64,87
-3,103,-5,86,51,-271,-63,86
-4,102,-5,86,51,-271,-64,85
-5,102,-6,86,51,-271,-65,85
-5,102,-6,86,51,-271,-65,85
-4,101,-5,86,51,-271,-64,84
-3,99,-4,85,50,-271,-63,83
-3,97,-4,84,49,-272,-62,80
-3,97,-4,85,50,-272,-62,80
-3,97,-5,86,51,-271,-62,80
-3,98,-6,86,51,-271,-63,81
-3,98,-6,86,51,-271,-63,81
-3,97,-6,86,51,-273,-62,80
-3,97,-6,86,51,-275,-62,80
-3,97,-5,86,51,-276,-62,80
-3,97,-4,85,51,-275,-62,80
-3,97,-4,85,51,-274,-62,80
-3,97,-4,85,51,-275,-62,80
-3,97,-4,84,51,-276,-62,80
-3,97,-3,83,51,-276,-59,84
-3,97,-2,83,51,-275,-59,84
-3,97,-2,82,51,-273,-59,84
-2,98,-2,83,51,-273,-59,84
-1,98,-2,83,51,-274,-58,84
-1,98,-2,83,51,-274,-58,84
-1,98,-2,83,51,-273,-58,84
-1,99,-2,83,51,-272,-58,85
-1,101,-1,83,51,-273,-58,86
0,103,0,84,51,-273,-57,89
0,104,0,84,51,-273,-57,91
0,104,0,85,51,-272,-57,91
-1,104,0,86,51,-273,-58,90
-2,105,1,86,51,-275,-59,93
-2,108,1,86,51,-275,-59,96
-2,109,1,86,51,-273,-59,98
0,110,1,86,51,-272,-58,98
0,111,0,86,51,-272,-57,97
1,111,0,86,51,-273,-56,97
0,112,1,86,51,-274,-57,98
0,114,2,86,51,-274,-58,102
-1,115,3,88,51,-274,-59,103
-2,115,4,89,51,-273,-62,103
-1,115,3,90,51,-273,-61,103
0,116,2,91,51,-274,-63,102
0,118,2,91,51,-275,-62,104
1,120,2,91,51,-276,-58,107
0,122,3,90,51,-275,-59,111
0,122,3,91,51,-274,-59,111
0,122,2,91,51,-273,-62,108
1,122,1,92,51,-274,-61,108
3,123,1,93,51,-275,-58,109
4,124,1,93,51,-275,-58,111
4,126,1,92,51,-275,-58,112
3,127,1,92,51,-276,-59,114
2,128,1,92,51,-275,-61,114
2,129,1,93,51,-274,-61,115
2,129,1,92,51,-274,-61,115
2,128,1,92,51,-274,-61,114
2,129,1,92,52,-274,-59,115
3,129,1,93,53,-273,-59,115
3,130,1,93,53,-273,-58,115
3,129,1,92,53,-273,-59,115
3,128,2,91,53,-273,-59,114
2,127,2,91,52,-272,-59,113
2,127,2,92,52,-271,-59,113
3,127,1,92,51,-271,-59,114
3,128,2,92,51,-271,-59,114
2,127,2,90,51,-272,-57,114
1,126,3,88,51,-271,-58,115
0,126,3,86,51,-271,-57,114
0,125,2,86,51,-271,-58,113
0,123,0,86,51,-271,-58,109
-1,121,0,87,51,-271,-61,108
-2,120,0,88,51,-271,-62,106
-3,120,-1,88,51,-271,-63,106
-4,119,-1,88,51,-271,-64,106
-4,118,-1,88,51,-271,-64,103
-5,115,-1,89,52,-271,-65,101
-5,113,-1,90,53,-271,-68,100
-6,112,-2,89,53,-271,-68,98
-6,111,-3,89,53,-271,-69,93
-7,108,-4,87,52,-271,-67,92
-7,107,-5,86,51,-271,-68,90
-7,106,-6,86,51,-271,-67,89
-6,105,-5,86,51,-271,-67,89
-6,104,-5,86,51,-272,-65,87
-6,101,-5,86,51,-272,-67,85
-7,99,-5,86,52,-271,-67,81
-7,96,-5,86,53,-270,-67,79
-7,94,-5,86,53,-268,-67,78
-6,92,-5,86,53,-268,-65,75
-5,90,-5,86,52,-270,-65,74
-6,88,-5,86,52,-271,-65,70
-7,86,-6,85,54,-271,-67,69
-8,84,-8,83,54,-271,-68,67
-9,82,-9,83,54,-270,-69,65
-10,81,-9,82,52,-270,-69,63
-10,79,-9,83,52,-268,-69,61
-10,77,-9,83,53,-267,-69,59
-10,77,-9,83,53,-266,-69,59
-10,76,-9,83,53,-268,-69,59
-11,75,-9,83,52,-271,-70,57
-12,72,-9,83,51,-272,-72,54
-14,70,-9,83,51,-270,-73,52
-14,68,-9,83,52,-268,-74,51
-14,67,-9,83,52,-267,-74,50
-14,65,-9,83,51,-267,-74,47
-15,63,-9,82,51,-270,-74,46
-16,62,-10,82,52,-272,-73,41
-16,61,-10,82,53,-272,-73,40
-15,59,-10,82,53,-271,-72,39
-14,58,-9,82,53,-271,-73,40
-14,57,-10,82,52,-272,-70,37
-15,57,-11,80,51,-272,-72,36
-18,57,-12,79,51,-271,-74,36
-19,56,-13,79,51,-270,-75,35
-19,54,-13,79,51,-270,-75,32
-19,52,-12,79,51,-270,-75,31
-19,50,-13,80,51,-271,-75,29
-20,49,-13,80,51,-271,-76,29
-20,49,-13,79,51,-270,-76,28
-20,48,-13,79,51,-270,-76,26
-19,46,-13,79,51,-270,-75,25
-20,44,-13,79,51,-271,-75,23
-21,43,-13,80,51,-272,-76,21
-22,42,-14,81,51,-272,-81,21
-23,42,-15,82,51,-271,-81,19
-23,43,-16,81,51,-271,-81,19
-22,43,-17,80,51,-271,-81,19
-22,42,-17,80,51,-271,-81,19
-22,43,-15,80,51,-271,-81,19
-23,43,-14,80,51,-271,-79,21
-23,42,-15,80,51,-271,-79,21
-23,42,-16,79,51,-271,-79,19
-23,42,-17,77,51,-271,-79,19
-23,43,-17,76,51,-271,-79,19
-23,43,-17,77,51,-271,-79,20
-24,44,-18,80,51,-271,-83,20
-23,43,-18,81,51,-271,-81,20
-24,44,-18,80,51,-271,-83,20
-24,45,-17,78,51,-271,-80,21
-25,46,-17,77,51,-271,-81,23
-25,47,-17,77,51,-271,-81,24
-25,47,-18,78,51,-271,-81,23
-25,46,-19,80,51,-271,-84,23
-25,46,-19,80,51,-271,-84,23
-25,46,-19,79,51,-271,-84,23
-25,47,-18,77,51,-271,-81,23
-25,46,-16,76,51,-271,-81,25
-25,46,-16,76,51,-271,-81,25
-25,47,-16,76,51,-271,-81,26
-25,46,-16,76,51,-271,-81,25
-25,46,-16,76,51,-271,-81,25
-25,46,-16,76,51,-271,-81,25
-25,47,-16,76,51,-271,-81,26
-25,47,-16,76,51,-271,-81,26
-25,46,-16,76,51,-271,-81,25
-25,45,-16,76,51,-271,-81,24
-26,42,-16,76,51,-271,-83,20
-27,40,-17,76,51,-271,-83,17
-27,39,-16,76,51,-271,-83,18
-27,40,-15,75,51,-271,-80,19
-27,40,-14,74,51,-271,-80,19
-27,40,-13,73,51,-271,-78,19
-27,40,-13,72,51,-271,-79,21
-27,40,-13,72,51,-272,-78,19
-26,39,-13,73,51,-271,-78,18
-25,37,-13,73,51,-271,-76,15
-25,36,-13,73,51,-271,-75,14
-26,35,-13,72,51,-272,-76,14
-28,34,-13,72,51,-272,-79,13
-29,34,-13,72,51,-274,-80,13
-28,32,-13,73,51,-275,-79,10
-27,30,-13,73,51,-276,-78,9
-26,29,-13,72,51,-276,-78,8
-26,29,-12,72,51,-275,-76,10
-27,29,-12,71,51,-274,-78,10
-28,28,-11,70,51,-275,-79,9
-30,27,-10,70,51,-276,-79,8
-30,27,-10,69,51,-276,-79,8
-30,27,-10,69,51,-275,-78,8
-29,28,-10,69,51,-274,-78,9
-30,28,-10,69,51,-275,-78,9
-31,27,-10,69,51,-276,-79,8
-31,27,-10,69,51,-277,-79,8
-29,27,-9,70,51,-277,-78,8
-29,28,-8,70,51,-276,-78,12
-30,28,-9,70,51,-276,-79,9
-32,30,-8,70,51,-276,-81,12
-33,31,-7,71,51,-276,-83,15
-32,32,-6,72,51,-276,-84,15
-30,32,-6,72,51,-276,-81,17
-28,33,-6,72,51,-276,-80,17
-28,34,-7,73,51,-276,-80,18
-29,34,-7,74,51,-276,-80,15
-30,35,-7,75,51,-276,-81,17
-30,36,-7,75,51,-276,-81,18
-29,37,-7,75,51,-276,-80,21
-28,39,-6,75,51,-276,-80,23
-27,40,-5,74,51,-276,-79,24
-25,41,-4,74,51,-276,-76,25
-24,43,-3,74,51,-276,-75,26
-24,44,-3,74,51,-276,-75,28
-24,45,-3,75,51,-276,-75,29
-25,46,-3,75,51,-276,-76,30
-24,48,-3,76,51,-276,-75,32
-23,51,-2,75,51,-276,-75,35
-23,53,-2,75,51,-276,-75,37
-24,55,-3,75,51,-276,-75,40
-25,57,-3,75,51,-276,-76,41
-24,58,-2,75,51,-276,-75,42
-22,59,-2,75,51,-276,-74,43
-21,60,-2,75,51,-276,-73,45
-21,61,-3,75,51,-276,-73,46
-22,63,-3,75,51,-276,-74,47
-22,64,-3,76,51,-276,-74,48
-21,66,-1,76,51,-276,-73,53
-20,68,0,78,51,-276,-72,56
-19,70,0,79,51,-277,-70,58
-18,72,1,79,52,-276,-73,59
-18,73,0,79,53,-276,-73,61
-18,75,0,78,52,-276,-69,62
-18,77,0,77,51,-277,-69,64
-17,79,0,76,53,-278,-69,67
-15,80,1,76,54,-278,-68,68
-14,82,2,76,54,-278,-67,70
-14,85,2,77,53,-277,-65,73
-14,86,3,76,52,-278,-65,74
-13,86,2,76,52,-278,-65,74
-13,86,2,76,52,-278,-65,74
-13,88,3,76,52,-277,-65,79
-12,91,3,75,52,-276,-62,81
-11,93,3,75,52,-276,-62,84
-10,93,3,76,53,-276,-63,84
-10,93,1,77,54,-277,-62,81
-9,94,1,78,54,-276,-62,83
-10,95,2,78,54,-277,-62,84
-10,98,3,79,54,-277,-62,86
-9,100,3,81,54,-277,-64,89
-9,101,3,82,54,-277,-64,89
-7,101,3,82,54,-277,-63,89
-7,101,3,81,55,-277,-62,89
-6,101,3,81,56,-277,-61,90
-6,103,3,81,56,-277,-61,91
-7,105,3,82,56,-277,-62,93
-7,106,4,82,56,-277,-63,95
-7,107,4,82,56,-277,-63,95
-6,107,4,82,56,-277,-62,96
-4,108,4,82,56,-277,-59,96
-3,108,4,82,56,-276,-58,97
-3,108,4,82,56,-275,-58,97
-3,109,4,82,56,-275,-58,97
-2,109,4,82,56,-275,-57,98
0,110,4,82,56,-276,-56,98
1,111,4,82,56,-275,-53,100
1,111,4,82,56,-275,-53,100
0,112,4,82,56,-275,-54,101
-1,114,4,82,56,-276,-56,102
-1,115,4,82,56,-277,-57,104
0,116,4,82,57,-276,-56,106
1,117,4,82,57,-275,-53,106
2,117,4,82,57,-274,-52,106
2,117,4,82,57,-273,-52,106
2,119,4,82,57,-272,-52,107
2,121,5,83,58,-272,-52,113
2,124,5,83,59,-272,-52,115
3,128,6,84,59,-272,-52,119
2,130,7,84,57,-272,-53,122
0,131,7,85,56,-272,-54,123
0,133,8,85,56,-272,-56,124
0,134,8,85,58,-272,-56,125
0,136,7,85,59,-272,-56,128
0,139,7,85,60,-272,-54,130
1,141,8,85,60,-272,-54,133
0,143,8,85,60,-272,-54,135
0,143,7,85,60,-272,-56,135
0,144,7,85,59,-272,-57,135
-1,145,8,85,58,-272,-57,137
0,147,9,86,57,-272,-59,139
0,149,10,87,59,-272,-58,141
1,151,11,88,61,-272,-57,142
2,151,11,89,61,-272,-56,144
3,151,11,89,61,-272,-56,144
3,151,11,88,61,-272,-56,144
3,151,11,88,61,-272,-56,144
3,151,11,89,61,-272,-54,144
4,152,12,90,61,-272,-53,146
5,152,13,90,61,-272,-53,147
5,152,12,89,61,-272,-52,147
6,153,11,89,61,-272,-52,145
7,154,11,89,61,-272,-51,146
8,154,12,89,61,-272,-50,148
10,154,12,90,61,-272,-47,148
12,152,12,89,61,-272,-46,147
12,151,12,89,61,-272,-46,146
12,150,12,89,61,-272,-46,145
12,150,13,90,61,-272,-46,145
12,151,14,91,61,-273,-46,146
12,151,14,91,61,-272,-46,146
12,150,14,91,61,-271,-46,145
12,151,13,90,62,-269,-45,146
12,151,12,90,63,-269,-45,146
12,150,11,89,63,-269,-46,142
12,150,11,89,61,-269,-46,142
12,150,13,89,61,-268,-46,145
13,151,15,89,62,-267,-45,146
15,152,16,90,64,-267,-42,147
16,153,16,90,64,-267,-41,148
16,153,15,89,63,-267,-41,148
16,153,16,88,63,-267,-39,147
17,153,17,87,63,-267,-39,151
17,154,18,88,63,-267,-37,151
18,155,18,88,64,-267,-37,153
18,157,18,88,64,-267,-37,155
17,159,18,88,63,-267,-39,157
17,161,18,88,63,-267,-39,159
17,163,18,88,63,-267,-39,161
16,163,17,89,64,-267,-40,161
16,164,17,90,65,-267,-42,159
15,165,16,90,66,-267,-42,161
16,168,17,90,66,-267,-42,163
16,171,16,90,66,-267,-42,167
16,173,15,90,66,-267,-42,169
16,175,15,92,66,-267,-42,170
15,176,16,93,66,-267,-46,172
14,178,17,94,66,-267,-47,173
13,178,18,95,66,-267,-47,174
13,179,19,95,66,-267,-47,174
14,180,18,95,66,-267,-47,175
14,181,18,95,66,-267,-47,177
13,183,18,95,66,-267,-48,178
12,184,18,95,66,-267,-48,180
13,185,18,95,66,-267,-48,180
14,185,18,95,66,-267,-47,180
14,184,18,95,66,-267,-46,179
14,181,18,95,66,-267,-47,177
13,179,18,95,66,-267,-47,175
13,179,18,95,66,-267,-48,174
13,179,18,95,66,-267,-47,174
14,178,18,95,67,-268,-47,173
14,176,18,95,68,-268,-47,172
13,173,18,95,68,-267,-47,168
12,171,18,95,67,-266,-48,166
11,169,19,95,67,-266,-50,167
10,167,18,95,68,-266,-50,162
10,165,16,95,69,-268,-50,159
11,163,13,95,71,-268,-50,156
11,160,12,95,70,-267,-52,152
10,157,11,96,70,-264,-52,150
10,153,11,95,70,-263,-53,145
9,149,10,94,69,-262,-53,141
8,144,9,93,68,-263,-52,136
7,141,8,92,68,-263,-52,133
7,138,7,92,68,-263,-53,128
6,135,7,91,69,-263,-53,124
5,130,5,90,70,-263,-54,119
3,124,4,89,70,-263,-56,113
2,119,4,89,69,-263,-58,108
0,114,3,88,68,-263,-59,103
0,110,2,87,69,-263,-57,98
-1,104,1,86,70,-263,-58,90
-2,98,-1,86,71,-263,-59,84
-5,93,-3,86,70,-263,-65,75
-8,87,-5,86,70,-263,-68,70
-10,81,-7,85,70,-263,-69,63
-10,74,-8,84,71,-263,-69,56
-9,66,-9,83,72,-263,-68,48
-10,60,-10,82,72,-263,-67,40
-12,54,-11,80,71,-263,-68,34
-15,49,-13,79,71,-263,-70,28
-17,42,-14,78,71,-263,-73,21
-19,35,-15,77,71,-263,-74,13
-21,27,-16,76,71,-263,-76,6
-22,22,-18,75,71,-263,-75,-1
-24,18,-19,74,71,-263,-76,-6
-25,13,-19,73,71,-263,-78,-10
-26,8,-20,73,71,-263,-79,-15
-28,1,-22,73,71,-263,-80,-23
-29,-5,-25,73,71,-263,-84,-32
-31,-10,-26,74,71,-263,-86,-37
-32,-14,-27,73,72,-263,-87,-43
-34,-17,-28,72,72,-263,-89,-47
-36,-21,-29,71,71,-263,-90,-51
-37,-24,-30,70,70,-263,-90,-54
-39,-28,-31,70,69,-263,-90,-58
-39,-31,-31,70,70,-263,-93,-62
-40,-35,-31,70,71,-263,-95,-65
-41,-38,-30,70,71,-263,-96,-69
-43,-39,-30,70,69,-263,-97,-70
-44,-41,-30,70,68,-262,-96,-72
-45,-43,-32,69,68,-263,-96,-74
-45,-45,-33,69,68,-264,-100,-76
-46,-47,-36,68,68,-266,-100,-80
-46,-47,-36,68,67,-267,-100,-81
-46,-47,-36,68,67,-268,-100,-81
-45,-47,-35,69,68,-268,-100,-80
-46,-47,-34,69,68,-267,-100,-80
-47,-48,-35,70,67,-267,-101,-81
-47,-48,-35,70,67,-267,-101,-81
-47,-47,-36,72,68,-268,-101,-80
-47,-44,-35,73,69,-268,-104,-78
-48,-41,-34,74,70,-268,-104,-75
-50,-39,-33,74,69,-267,-106,-73
-51,-38,-33,74,68,-267,-108,-72
-51,-37,-34,73,67,-269,-108,-70
-51,-35,-34,74,67,-271,-108,-69
-50,-32,-33,74,68,-272,-107,-65
-48,-30,-34,73,67,-273,-104,-63
-47,-27,-34,73,68,-273,-104,-61
-47,-24,-33,74,68,-272,-104,-58
-47,-21,-33,75,68,-272,-104,-54
-46,-18,-31,76,68,-272,-103,-48
-45,-15,-30,77,67,-273,-102,-46
-44,-13,-30,77,66,-272,-101,-43
-43,-11,-30,77,66,-272,-101,-41
-43,-8,-30,77,67,-272,-101,-39
-43,-5,-30,77,68,-273,-101,-35
-41,-2,-29,75,67,-274,-98,-31
-39,0,-28,75,66,-274,-95,-30
-38,2,-26,74,66,-274,-93,-24
-37,5,-24,75,66,-273,-92,-21
-37,8,-23,77,66,-274,-95,-18
-37,11,-23,77,66,-276,-95,-15
-36,13,-23,77,66,-277,-95,-13
-36,15,-24,76,65,-278,-91,-10
-34,17,-23,76,65,-278,-90,-9
-34,19,-22,78,65,-277,-92,-7
-34,22,-21,79,65,-277,-92,-4
-35,23,-20,80,65,-277,-93,0
-35,25,-19,80,65,-278,-93,1
-34,25,-20,80,65,-279,-92,1
-32,26,-19,80,65,-279,-91,2
-32,28,-18,80,65,-278,-90,3
-32,30,-17,80,65,-278,-91,6
-32,32,-16,81,65,-278,-90,8
-30,33,-16,82,65,-281,-89,9
-29,33,-16,83,65,-282,-87,9
-29,33,-15,82,65,-283,-87,9
-29,35,-14,81,65,-282,-87,13
-29,37,-13,80,65,-282,-85,15
-28,39,-12,79,65,-282,-84,18
-27,40,-13,79,65,-282,-84,19
-28,42,-13,79,65,-282,-84,20
-28,43,-12,79,65,-282,-85,21
-28,45,-11,80,65,-282,-84,24
-26,46,-10,82,65,-282,-85,25
-25,47,-10,84,65,-282,-84,25
-25,46,-10,85,65,-282,-84,25
-25,46,-10,84,65,-282,-84,25
-24,47,-9,83,65,-282,-83,26
-22,50,-9,83,65,-282,-81,31
-22,52,-9,83,65,-282,-81,34
-22,53,-9,82,65,-282,-81,35
-23,54,-9,83,65,-282,-83,35
-23,53,-8,84,65,-282,-83,35
-22,54,-7,86,65,-282,-81,35
-20,55,-8,86,65,-282,-79,34
-17,56,-8,85,65,-282,-76,37
-15,57,-8,84,65,-282,-74,40
-15,60,-8,84,65,-282,-74,41
-16,61,-8,85,65,-282,-75,43
-17,62,-7,87,65,-282,-79,43
-17,62,-7,87,65,-282,-75,45
-16,63,-6,86,65,-282,-75,45
-14,65,-5,86,65,-282,-74,47
-14,67,-5,86,65,-282,-74,50
-14,69,-6,86,65,-282,-73,51
-14,70,-6,86,65,-282,-73,52
-12,72,-5,86,65,-282,-72,54
-12,74,-4,87,65,-282,-72,57
-13,75,-4,87,65,-282,-72,58
-13,75,-4,86,65,-282,-73,58
-13,76,-5,86,65,-282,-72,58
-12,77,-4,86,65,-282,-72,59
-12,79,-3,88,65,-282,-72,62
-11,82,-2,89,65,-282,-73,67
-10,85,-1,90,65,-282,-72,70
-9,86,-2,89,65,-282,-72,72
-9,89,-2,89,65,-282,-72,74
-10,90,-2,89,64,-282,-72,75
-10,92,-2,89,63,-282,-73,76
-10,93,-2,89,64,-282,-73,79
-9,96,-2,89,65,-282,-72,81
-9,98,-2,89,65,-283,-72,84
-9,99,-2,89,65,-284,-72,85
-9,100,-2,89,65,-284,-72,85
-9,102,-2,89,65,-283,-72,87
-9,104,-2,89,65,-283,-72,89
-9,105,-1,90,64,-284,-72,91
-8,106,-1,90,63,-285,-72,91
-7,106,0,90,64,-285,-70,92
-7,106,-1,90,65,-286,-70,92
-8,108,-1,90,65,-286,-70,93
-9,109,-2,89,65,-286,-72,95
-10,110,-2,89,65,-287,-73,96
-10,111,-2,89,65,-288,-73,96
-10,111,-2,89,65,-288,-73,96
-10,110,-2,89,65,-287,-73,96
-9,111,-2,89,65,-285,-72,96
-10,110,-2,89,65,-284,-73,96
-9,109,-2,89,65,-283,-72,95
-9,109,-2,90,65,-284,-72,95
-8,108,-2,89,65,-285,-68,93
-7,108,-3,88,65,-286,-68,91
-8,107,-3,88,65,-285,-68,90
-9,106,-3,89,65,-284,-72,89
-10,104,-3,88,65,-282,-70,87
-11,102,-4,87,65,-282,-70,85
-10,101,-4,85,65,-282,-70,84
-9,100,-4,84,65,-282,-69,84
-9,99,-4,85,65,-282,-69,83
-10,98,-5,86,65,-282,-70,81
-11,95,-5,86,65,-282,-70,78
-11,92,-4,85,65,-282,-70,75
-10,91,-3,83,65,-282,-68,76
-10,90,-2,82,65,-282,-67,75
-10,90,-2,82,65,-282,-67,75
-9,89,-2,82,65,-282,-67,75
-9,89,-2,83,65,-282,-65,74
-9,89,-2,83,65,-282,-67,74
-9,87,-2,83,65,-282,-67,72
-10,84,-2,82,65,-282,-67,69
-10,82,-2,82,65,-282,-68,67
-11,82,-2,82,65,-282,-68,67
-11,82,-2,82,65,-282,-68,68
-11,83,-2,82,65,-284,-68,68
-10,82,-2,82,65,-285,-68,68
-10,81,-2,83,65,-286,-67,65
-10,79,-2,83,65,-286,-67,64
-10,78,-2,82,65,-284,-68,63
-12,79,-2,82,65,-283,-69,64
-14,81,-2,82,65,-282,-70,65
-14,81,-2,83,65,-282,-72,67
-14,80,-1,83,65,-284,-70,65
-14,79,-1,83,65,-285,-70,63
-14,78,-1,83,65,-286,-72,63
-14,79,0,84,65,-286,-72,63
-15,79,0,84,65,-285,-72,64
-15,80,0,86,65,-285,-72,65
-15,80,0,86,65,-285,-74,64
-15,80,-1,86,65,-286,-75,64
-16,81,-1,85,65,-287,-73,65
-17,83,0,85,66,-287,-74,68
-17,84,0,85,67,-287,-74,69
-18,84,0,85,68,-287,-75,69
-18,84,0,85,69,-287,-75,69
-17,84,0,85,70,-287,-74,69
-16,85,0,85,70,-287,-74,70
-14,86,0,85,70,-287,-72,70
-13,86,0,85,68,-287,-70,72
-13,87,1,86,66,-287,-70,74
-14,88,1,86,65,-287,-70,75
-15,90,0,86,65,-287,-73,75
-16,90,0,86,66,-287,-73,75
-16,91,0,86,67,-287,-74,76
-16,91,1,86,68,-287,-73,79
-15,90,0,86,67,-287,-73,75
-15,90,0,86,68,-287,-72,75
-14,91,0,86,68,-287,-72,76
-14,93,0,86,70,-287,-72,79
-16,94,0,86,70,-287,-74,80
-18,95,0,86,70,-287,-75,80
-18,94,0,86,70,-287,-75,79
-16,94,0,86,70,-287,-74,79
-14,95,0,86,70,-287,-72,81
-13,97,0,86,70,-288,-70,83
-13,97,0,86,70,-287,-70,83
-13,97,0,86,70,-287,-70,83
-13,95,0,86,70,-287,-70,81
-12,95,0,86,70,-288,-69,80
-12,95,0,86,70,-289,-69,80
-12,95,0,86,69,-289,-70,80
-13,94,0,86,70,-289,-70,79
-13,92,0,86,70,-287,-70,78
-14,91,0,86,70,-287,-70,76
-14,91,0,86,70,-289,-72,76
-15,91,0,86,69,-291,-73,76
-16,91,0,86,69,-292,-73,76
-16,90,0,86,69,-291,-73,75
-16,89,0,86,69,-290,-73,74
-17,86,0,86,70,-291,-74,72
-17,84,0,86,70,-292,-74,69
-17,82,0,86,69,-293,-74,67
-16,81,0,86,69,-293,-73,65
-15,80,0,86,69,-292,-73,64
-15,79,0,86,70,-291,-72,64
-15,80,1,86,71,-290,-73,68
-15,80,0,86,72,-291,-73,65
-15,80,0,86,71,-292,-73,64
-16,78,0,86,70,-292,-73,63
-17,75,1,86,69,-292,-74,62
-17,73,1,86,69,-292,-74,61
-18,73,0,86,69,-292,-74,58
-17,73,0,86,69,-292,-76,58
-17,73,-2,87,70,-292,-76,58
-16,72,-4,87,71,-292,-75,54
-16,72,-5,87,72,-292,-75,53
-16,71,-5,86,72,-291,-75,53
-15,70,-5,86,72,-290,-75,52
-15,69,-5,86,72,-291,-74,51
-14,69,-6,87,72,-292,-74,51
-14,69,-7,89,72,-292,-75,50
-12,71,-9,90,72,-292,-73,51
-11,71,-9,90,70,-290,-73,51
-10,71,-9,90,70,-289,-72,51
-10,71,-9,90,71,-289,-72,51
-11,71,-10,90,73,-288,-75,51
-11,72,-11,92,75,-288,-75,52
-12,74,-12,93,75,-288,-79,51
-12,75,-12,93,75,-288,-79,52
-12,76,-12,93,74,-288,-79,53
-12,77,-13,94,73,-287,-79,54
-12,79,-14,96,73,-287,-79,57
-10,82,-15,97,74,-288,-80,57
-9,85,-17,96,74,-288,-79,59
-8,87,-17,96,73,-287,-78,62
-9,89,-16,96,72,-287,-78,64
-10,90,-15,97,72,-287,-79,65
-9,92,-15,97,73,-287,-79,67
-8,94,-15,97,74,-288,-78,69
-8,97,-15,97,74,-288,-78,72
-9,100,-16,98,73,-287,-79,75
-9,103,-18,100,73,-287,-81,79
-9,106,-18,101,72,-287,-81,81
-8,108,-19,101,71,-287,-80,81
-7,110,-19,101,70,-287,-80,83
-7,112,-19,101,71,-287,-81,85
-6,114,-19,103,72,-287,-81,87
-6,117,-18,103,72,-287,-81,90
-5,120,-17,104,72,-287,-80,93
-4,123,-17,104,72,-287,-79,96
-3,126,-17,106,72,-287,-78,100
-3,127,-17,107,72,-287,-80,101
-2,128,-17,106,72,-287,-80,102
-1,130,-16,105,71,-287,-76,106
0,131,-15,104,70,-287,-75,107
0,132,-14,103,70,-287,-75,108
0,133,-14,104,69,-287,-75,109
0,133,-15,104,70,-287,-74,109
1,133,-15,104,70,-287,-74,109
1,133,-15,104,71,-287,-73,109
1,133,-15,104,72,-287,-73,109
1,134,-15,104,71,-287,-73,111
1,133,-15,104,70,-287,-73,109
1,133,-15,104,69,-287,-74,109
0,133,-14,104,70,-287,-74,109
0,133,-15,104,71,-287,-75,109
0,133,-16,104,72,-287,-75,108
0,133,-16,105,71,-287,-74,108
1,132,-16,105,70,-287,-74,108
1,130,-16,106,69,-287,-73,106
0,127,-17,106,70,-287,-76,101
0,125,-18,105,70,-287,-74,98
0,123,-17,104,70,-287,-74,97
0,122,-16,103,69,-287,-74,98
0,121,-16,102,68,-287,-72,97
0,120,-16,103,68,-287,-74,96
0,118,-16,103,69,-287,-75,93
-1,115,-15,104,69,-287,-75,91
-1,113,-14,104,69,-287,-75,89
-1,111,-14,104,68,-287,-75,86
-1,108,-15,104,67,-287,-75,84
-1,106,-15,104,68,-287,-75,81
-1,104,-15,104,68,-287,-75,79
-1,102,-14,103,68,-287,-73,78
-2,100,-13,102,67,-287,-74,75
-3,98,-13,101,65,-287,-75,76
-4,97,-12,101,65,-287,-76,74
-5,95,-12,100,65,-287,-75,73
-5,92,-11,100,65,-287,-74,70
-4,90,-11,100,65,-287,-74,68
-3,88,-12,100,65,-287,-73,65
-2,87,-13,100,65,-287,-72,64
-3,85,-13,99,65,-287,-72,62
-4,82,-13,97,65,-287,-73,59
-4,80,-12,95,65,-287,-72,58
-4,79,-12,93,65,-287,-72,57
-4,80,-12,93,65,-287,-72,58
-4,80,-12,93,65,-287,-70,58
-4,80,-12,93,65,-287,-70,58
-4,79,-11,93,65,-287,-68,57
-4,78,-10,92,65,-287,-69,58
-6,75,-10,91,65,-287,-70,56
-7,74,-10,92,65,-287,-70,54
-7,74,-10,91,65,-287,-70,54
-7,74,-10,90,65,-287,-70,54
-7,75,-9,90,65,-287,-68,54
-7,75,-8,90,65,-287,-68,56
-7,75,-7,91,65,-287,-72,56
-7,76,-7,91,65,-287,-72,56
-8,77,-8,90,65,-287,-73,57
-9,78,-8,90,65,-287,-70,58
-10,79,-7,90,65,-287,-72,59
-10,81,-6,91,65,-287,-72,63
-9,83,-4,91,65,-287,-72,65
-8,84,-3,91,65,-287,-69,67
-7,84,-2,90,65,-287,-69,67
-7,86,-2,89,65,-287,-69,70
-7,88,-2,89,65,-287,-69,73
-6,90,-2,89,65,-287,-65,75
-4,93,-2,90,65,-287,-67,79
-3,96,-1,90,65,-287,-65,81
-3,98,0,92,65,-287,-65,84
-4,101,1,93,65,-286,-67,86
-4,104,1,93,65,-285,-67,90
-4,108,1,93,65,-286,-67,93
-3,112,1,93,65,-286,-65,97
-3,115,2,93,65,-286,-65,101
-2,117,4,95,65,-286,-65,106
-1,120,4,96,65,-286,-67,108
0,124,4,96,65,-286,-65,111
0,129,3,97,65,-286,-65,115
0,133,3,99,65,-285,-65,119
0,137,4,101,65,-286,-68,123
1,140,5,102,65,-287,-67,128
3,144,7,102,65,-287,-64,133
5,147,7,101,65,-287,-61,136
6,149,7,100,65,-286,-59,139
7,153,6,101,65,-285,-61,142
7,157,5,103,65,-284,-61,144
9,160,4,103,65,-283,-59,147
10,162,5,103,65,-282,-58,150
10,164,5,103,65,-282,-58,152
10,167,5,103,65,-282,-58,155
10,171,5,103,65,-282,-57,158
11,174,4,103,65,-282,-57,162
13,177,5,103,65,-282,-56,166
15,180,6,104,65,-282,-53,168
16,181,8,105,65,-282,-54,172
17,182,8,106,65,-282,-54,173
16,184,8,107,65,-282,-54,174
17,186,7,108,65,-282,-54,174
18,187,6,108,65,-282,-56,175
19,188,6,109,65,-282,-53,177
20,188,6,109,65,-282,-53,175
20,188,7,108,65,-282,-51,177
20,188,7,107,65,-282,-51,177
20,188,7,107,65,-282,-51,177
20,188,7,108,65,-282,-53,175
18,187,6,110,65,-282,-54,175
16,187,6,108,65,-282,-57,174
15,186,7,106,65,-282,-56,174
16,184,7,105,65,-282,-54,175
17,183,8,105,65,-283,-52,173
17,181,7,104,65,-282,-52,172
16,178,6,104,65,-281,-52,166
14,176,5,103,65,-279,-53,163
12,174,4,103,65,-277,-56,162
10,172,5,103,65,-277,-58,159
9,169,5,103,65,-277,-59,156
8,165,5,103,65,-278,-59,152
7,162,5,103,65,-278,-61,148
7,159,5,103,65,-277,-61,146
5,156,5,103,65,-277,-62,142
4,152,4,102,65,-277,-63,139
3,147,3,101,65,-278,-65,134
1,143,2,99,65,-278,-65,130
0,139,1,99,66,-277,-67,125
0,137,1,99,66,-276,-68,123
-1,133,0,98,65,-275,-69,118
-3,129,0,97,65,-275,-68,113
-4,124,0,97,65,-275,-70,108
-5,119,-1,96,66,-275,-70,102
-5,115,-1,96,67,-274,-70,98
-5,111,-1,96,68,-273,-70,93
-6,107,-2,95,67,-272,-70,90
-7,103,-4,94,66,-272,-72,86
-8,99,-5,93,66,-272,-73,83
-9,96,-5,93,66,-273,-74,79
-9,93,-5,93,66,-272,-74,75
-9,89,-5,93,66,-272,-73,72
-9,85,-4,93,66,-272,-74,67
-10,81,-5,93,66,-272,-74,63
-12,78,-6,92,66,-272,-76,58
-13,75,-7,90,66,-272,-75,56
-14,73,-7,89,66,-272,-75,52
-14,70,-7,87,66,-272,-73,52
-14,67,-6,86,66,-272,-73,50
-15,65,-5,86,66,-272,-74,47
-16,63,-5,86,66,-272,-75,46
-17,63,-6,86,66,-272,-76,45
-17,63,-5,86,66,-272,-76,45
-17,62,-5,86,66,-272,-76,43
-17,60,-5,86,66,-272,-76,42
-18,57,-6,86,66,-272,-76,40
-18,56,-6,85,66,-272,-78,37
-19,55,-6,83,66,-272,-78,37
-19,56,-5,82,66,-272,-75,37
-20,55,-4,81,66,-272,-76,40
-20,54,-3,81,66,-272,-76,37
-20,51,-2,82,66,-272,-76,35
-20,50,-2,83,66,-272,-76,34
-20,49,-3,82,66,-272,-76,34
-21,49,-4,81,66,-272,-76,32
-21,49,-5,80,66,-272,-74,32
-21,49,-5,80,66,-272,-74,32
-21,49,-4,80,66,-272,-74,34
-20,51,-3,81,67,-272,-76,35
-20,53,-3,83,68,-272,-76,37
-21,54,-2,83,67,-272,-78,39
-21,55,-1,82,66,-272,-75,39
-22,54,0,80,66,-273,-76,41
-21,54,0,79,67,-272,-75,41
-20,55,0,78,68,-272,-72,42
-19,55,0,79,68,-272,-70,42
-18,55,0,79,66,-273,-73,42
-19,56,1,79,65,-274,-73,42
-19,57,2,80,65,-274,-74,43
-19,59,3,81,67,-274,-73,46
-18,61,3,81,70,-273,-72,48
-17,63,4,82,71,-273,-72,50
-16,63,4,82,71,-274,-70,50
-17,62,4,82,69,-276,-72,50
-17,62,4,82,68,-278,-72,48
-17,62,4,82,69,-278,-72,50
-15,62,4,82,70,-278,-69,50
-14,64,5,83,71,-278,-68,53
-13,66,6,83,71,-278,-68,56
-14,68,6,84,70,-278,-68,57
-15,69,7,84,70,-278,-69,58
-14,69,6,84,70,-278,-69,58
-14,70,6,84,70,-278,-68,59
-13,72,6,85,70,-278,-67,62
-12,74,7,85,70,-278,-67,64
-12,76,7,86,70,-278,-69,65
-11,77,8,85,70,-278,-65,67
-10,77,8,85,70,-278,-64,67
-9,77,7,85,70,-278,-63,67
-8,78,7,86,71,-278,-65,68
-8,80,5,88,71,-278,-64,68
-7,82,4,89,70,-277,-67,70
-7,84,4,89,70,-278,-67,72
-7,86,4,89,71,-278,-67,74
-8,87,4,89,72,-279,-68,75
-8,89,4,89,73,-280,-68,76
-7,92,4,89,73,-279,-67,80
-5,95,4,89,72,-278,-65,83
-5,97,4,89,72,-278,-64,85
-4,97,5,89,73,-277,-64,85
-4,98,4,89,75,-278,-64,86
-5,100,3,90,76,-278,-64,89
-6,104,2,92,75,-278,-68,90
-6,108,2,93,75,-278,-69,93
-6,110,2,94,75,-278,-69,96
-5,113,3,95,75,-278,-68,98
-5,115,4,95,75,-278,-68,104
-4,119,5,95,75,-278,-68,107
-4,122,5,96,75,-278,-69,111
-2,126,4,97,75,-278,-68,112
-1,129,2,98,75,-278,-67,115
0,132,1,99,75,-278,-69,118
-1,135,1,100,75,-278,-69,122
-2,138,1,100,75,-278,-70,125
-2,141,1,99,75,-278,-70,128
-2,144,1,99,75,-278,-70,130
-2,147,1,100,75,-278,-70,134
-1,150,1,99,75,-278,-69,136
-1,153,1,99,75,-278,-69,140
0,156,1,100,75,-278,-69,144
0,159,0,101,75,-278,-68,144
2,162,0,102,75,-278,-68,146
3,164,-1,103,75,-279,-67,148
3,166,-1,103,75,-280,-67,151
2,169,-1,103,75,-279,-68,153
1,171,-1,103,75,-278,-69,156
1,173,-1,103,75,-278,-69,158
2,173,-1,103,75,-279,-69,158
2,173,-1,103,75,-280,-69,157
2,173,-1,103,75,-281,-69,158
3,173,-1,103,75,-282,-68,158
4,174,-1,103,75,-282,-67,159
5,175,-1,103,75,-283,-65,159
5,174,-1,103,75,-283,-65,159
4,173,0,103,75,-283,-67,157
3,170,-1,103,75,-281,-67,155
3,168,-2,102,75,-280,-68,152
2,166,-3,101,75,-279,-68,147
1,163,-3,101,75,-280,-69,147
0,160,-3,101,75,-281,-70,145
0,156,-2,102,75,-281,-72,140
-1,153,-2,102,75,-279,-72,137
-1,150,-2,102,75,-278,-73,134
-1,147,-2,101,75,-278,-72,130
-1,143,-3,100,77,-278,-69,128
-3,138,-3,99,79,-278,-70,123
-5,133,-4,98,79,-279,-73,117
-7,128,-4,98,77,-280,-75,112
-7,123,-3,98,76,-281,-75,107
-7,119,-2,97,77,-280,-75,103
-8,115,-1,96,78,-279,-73,98
-10,110,-1,93,78,-278,-75,93
-12,104,-1,91,77,-278,-74,90
-13,100,-1,90,75,-279,-75,85
-13,96,-2,89,75,-280,-75,79
-13,92,-3,88,75,-279,-73,75
-13,87,-3,86,75,-278,-73,72
-14,81,-2,85,75,-278,-70,65
-15,75,-1,84,76,-278,-72,61
-17,71,-1,83,77,-278,-74,56
-18,68,-2,83,77,-278,-74,52
-18,64,-3,83,77,-278,-74,48
-18,60,-3,83,76,-278,-74,45
-18,56,-2,82,75,-278,-75,40
-20,51,-1,81,75,-278,-74,36
-21,47,0,80,75,-278,-75,31
-22,44,0,80,75,-278,-75,30
-22,41,0,80,75,-278,-76,28
-22,39,0,80,75,-278,-76,25
-23,36,0,79,75,-278,-76,23
-23,34,0,79,75,-278,-74,20
-23,32,0,79,75,-278,-74,19
-23,32,0,79,75,-278,-74,18
-23,31,0,79,77,-278,-74,17
-24,30,0,79,79,-278,-78,17
-23,30,0,79,80,-278,-76,15
-22,30,0,79,80,-278,-75,15
-21,30,1,78,79,-278,-73,17
-22,31,2,76,78,-278,-73,18
-22,32,3,75,79,-278,-70,20
-21,32,5,76,80,-278,-69,20
-19,33,6,77,80,-278,-70,21
-19,35,7,79,80,-279,-70,24
-19,37,7,79,80,-281,-70,26
-20,40,7,79,80,-281,-70,29
-19,43,8,79,80,-281,-70,32
-18,46,9,80,80,-281,-69,39
-17,50,10,81,80,-281,-68,41
-17,53,10,81,80,-282,-68,45
-17,56,10,81,80,-283,-69,48
-18,60,10,81,80,-283,-69,52
-18,64,11,82,80,-283,-69,56
-18,68,11,82,79,-283,-69,59
-18,71,12,83,80,-283,-70,63
-18,74,13,84,82,-283,-70,67
-18,77,14,85,83,-283,-73,69
-17,80,15,85,84,-283,-72,73
-16,84,14,85,84,-283,-70,76
-15,87,13,84,83,-283,-70,80
-14,89,13,84,83,-283,-69,83
-14,92,14,84,84,-283,-67,85
-13,94,14,85,85,-283,-68,86
-13,96,14,85,85,-283,-68,89
-13,97,14,86,85,-283,-68,90
-14,97,14,86,85,-283,-69,91
-15,99,13,86,84,-283,-70,92
-15,100,13,85,85,-283,-70,93
-14,102,11,83,85,-283,-70,95
-13,104,10,83,86,-283,-68,95
-12,104,8,83,87,-283,-67,95
-11,104,9,84,86,-283,-67,95
-11,104,10,83,85,-283,-67,95
-12,104,10,83,84,-283,-67,95
-12,104,9,84,84,-283,-67,95
-12,104,7,85,85,-283,-67,95
-11,104,7,86,86,-283,-69,95
-12,104,7,85,88,-283,-68,95
-12,104,7,85,90,-284,-67,95
-11,103,7,85,90,-284,-65,93
-10,101,7,85,90,-284,-65,91
-9,99,7,85,90,-284,-64,90
-9,99,8,85,90,-284,-64,90
-9,100,7,85,90,-284,-64,90
-9,100,7,86,90,-284,-67,91
-10,100,5,88,90,-284,-67,89
-10,99,4,89,90,-284,-70,86
-12,97,4,89,90,-284,-72,85
-12,94,4,89,90,-284,-72,83
-12,93,4,89,89,-284,-72,81
-11,93,4,89,90,-284,-72,80
-11,93,5,89,91,-284,-72,81
-11,93,5,90,93,-284,-72,81
-11,93,5,91,94,-284,-72,81
-11,93,3,91,95,-284,-72,81
-11,93,3,91,95,-284,-74,79
-11,93,3,93,94,-284,-74,78
-11,93,4,95,94,-284,-74,80
-11,93,4,96,94,-284,-74,80
-12,94,4,95,94,-284,-74,83
-11,97,3,94,94,-284,-74,83
-11,99,2,93,94,-284,-73,85
-10,100,1,94,94,-284,-72,85
-9,100,0,95,94,-284,-74,85
-8,100,0,95,94,-284,-73,86
-7,102,0,96,94,-284,-72,85
-7,105,0,97,94,-284,-72,87
-7,106,0,98,94,-284,-75,89
-7,106,0,98,94,-284,-75,90
-6,107,0,97,94,-284,-72,90
-5,109,-1,96,94,-284,-70,92
-5,111,-1,96,94,-284,-70,95
-5,113,-3,97,94,-284,-73,97
-5,115,-3,99,94,-284,-73,98
-4,117,-4,100,94,-284,-74,98
-3,119,-4,100,94,-284,-74,100
-3,122,-5,100,94,-284,-73,103
-2,124,-5,101,94,-284,-73,106
-2,126,-7,102,94,-284,-72,107
-1,126,-8,103,95,-284,-74,104
-1,128,-8,104,95,-284,-74,107
0,130,-7,104,94,-284,-73,112
0,133,-5,105,94,-284,-73,114
0,135,-4,107,95,-284,-72,115
1,136,-5,108,96,-284,-73,118
2,138,-7,109,98,-284,-73,117
4,139,-7,110,98,-284,-73,118
6,139,-8,111,98,-284,-72,118
7,139,-8,110,97,-284,-70,118
7,139,-7,110,96,-284,-69,118
7,140,-7,110,96,-284,-70,119
6,141,-7,110,97,-284,-72,120
6,142,-9,111,97,-284,-72,122
6,142,-10,113,97,-284,-72,118
6,142,-11,114,97,-284,-74,118
6,142,-11,114,98,-284,-74,118
6,142,-11,114,99,-284,-74,118
6,141,-11,114,99,-284,-74,118
6,140,-11,114,99,-284,-73,117
7,140,-11,114,97,-284,-73,115
7,140,-11,114,96,-285,-72,115
7,140,-11,114,95,-284,-73,115
6,139,-11,114,95,-283,-74,115
4,137,-11,114,96,-281,-75,113
4,135,-10,114,97,-279,-75,112
4,134,-10,114,96,-278,-75,111
4,135,-12,115,95,-279,-75,112
4,136,-13,116,94,-281,-78,109
4,135,-14,118,94,-281,-78,108
3,133,-14,118,94,-281,-79,107
3,130,-14,118,95,-280,-79,104
2,128,-14,117,95,-279,-79,102
2,128,-14,115,95,-279,-78,101
1,128,-14,113,95,-279,-79,101
0,127,-15,112,95,-279,-80,101
-2,126,-16,112,95,-280,-81,100
-2,124,-16,112,94,-281,-83,97
-3,122,-15,112,94,-281,-83,95
-3,120,-15,112,94,-281,-84,93
-4,119,-15,112,95,-280,-85,92
-7,117,-15,112,95,-279,-86,90
-8,115,-15,112,95,-279,-89,89
-9,113,-15,110,95,-279,-86,86
-9,111,-16,109,95,-280,-86,84
-10,108,-17,109,94,-280,-87,81
-11,106,-17,108,94,-281,-89,79
-13,104,-18,108,94,-281,-90,76
-15,102,-18,107,94,-281,-92,74
-15,101,-18,107,94,-281,-92,73
-14,99,-18,108,94,-280,-91,72
-14,96,-18,108,95,-280,-91,68
-15,92,-18,108,95,-279,-92,64
-16,89,-19,106,95,-279,-93,61
-17,86,-20,104,95,-279,-91,58
-17,83,-19,102,95,-279,-91,54
-16,81,-19,100,95,-279,-89,53
-16,79,-18,100,95,-279,-89,53
-17,77,-18,100,95,-279,-89,52
-18,75,-18,101,95,-279,-90,47
-19,72,-20,102,93,-279,-93,45
-20,70,-21,103,91,-279,-93,42
-19,68,-21,103,90,-278,-93,40
-18,65,-20,102,91,-278,-92,37
-18,63,-18,100,93,-277,-90,35
-20,61,-18,100,93,-276,-91,35
-22,59,-18,100,92,-275,-93,34
-24,58,-20,102,90,-274,-98,29
-25,57,-21,103,90,-274,-98,28
-24,55,-22,104,90,-274,-97,26
-23,54,-21,103,90,-274,-97,25
-24,52,-20,102,90,-274,-97,24
-25,50,-19,101,90,-274,-98,21
-25,48,-20,102,90,-274,-100,19
-25,46,-20,102,90,-274,-100,18
-25,46,-20,102,90,-274,-98,18
-25,46,-20,102,90,-274,-98,18
-25,47,-20,102,90,-274,-98,18
-25,46,-21,103,90,-274,-98,18
-25,46,-21,103,90,-274,-98,18
-25,47,-20,102,90,-274,-98,18
-26,47,-19,102,90,-274,-100,19
-26,48,-19,102,90,-274,-100,19
-25,50,-19,101,90,-274,-98,21
-24,51,-20,102,90,-274,-97,23
-23,53,-20,102,90,-274,-97,24
-24,54,-19,103,90,-274,-97,25
-24,56,-18,104,90,-274,-98,28
-25,58,-18,105,90,-274,-98,29
-23,61,-19,105,90,-274,-97,32
-21,64,-19,104,90,-274,-96,35
-20,65,-18,103,90,-274,-93,37
-19,67,-18,104,90,-274,-93,39
-18,69,-17,104,90,-274,-92,43
-18,71,-16,104,90,-274,-91,45
-18,73,-16,103,90,-274,-91,47
-18,75,-16,103,90,-274,-92,50
-18,77,-16,103,90,-274,-90,52
-18,80,-15,104,90,-274,-92,54
-17,83,-15,104,90,-274,-91,57
-16,85,-14,104,90,-274,-90,59
-15,87,-14,103,90,-274,-86,62
-15,89,-14,102,90,-274,-87,64
-16,90,-14,102,89,-274,-87,65
-16,92,-13,102,88,-274,-89,67
-16,94,-12,102,88,-274,-89,72
-15,97,-9,103,88,-274,-87,74
-14,98,-7,103,89,-274,-86,75
-14,98,-7,103,89,-274,-86,79
-14,99,-8,103,89,-274,-86,76
-14,101,-8,104,89,-274,-86,78
-13,104,-8,104,90,-274,-86,81
-14,107,-7,104,89,-274,-86,85
-14,108,-6,104,89,-274,-86,89
-13,109,-3,103,89,-274,-83,90
-11,110,-2,102,90,-274,-81,93
-10,112,-1,102,91,-274,-81,95
-11,113,-1,103,91,-274,-81,96
-12,115,0,104,90,-274,-83,98
-11,115,0,105,88,-275,-81,98
-9,116,1,106,88,-275,-83,100
-7,119,2,107,88,-275,-80,102
-6,122,2,106,90,-276,-76,106
-6,124,2,106,90,-276,-76,107
-6,124,2,106,90,-275,-76,108
-6,124,2,106,90,-274,-76,107
-6,123,2,106,89,-274,-76,107
-6,123,2,107,88,-274,-79,107
-6,123,3,108,89,-274,-79,107
-6,124,3,107,90,-274,-79,109
-6,123,3,107,91,-274,-79,107
-6,123,2,107,90,-274,-79,107
-6,123,2,107,89,-274,-79,107
-6,124,3,108,88,-274,-79,107
-6,124,3,107,89,-274,-79,109
-6,124,3,106,90,-274,-76,109
-5,122,4,104,90,-274,-75,108
-4,121,5,103,90,-274,-73,107
-4,120,5,102,90,-274,-72,106
-3,119,5,102,90,-274,-70,106
-2,118,5,103,90,-274,-70,104
-2,117,4,104,90,-274,-73,102
-3,115,3,104,90,-275,-73,101
-4,113,4,104,90,-276,-74,98
-5,111,4,103,90,-275,-73,97
-4,110,5,103,90,-274,-72,96
-3,109,5,103,90,-274,-70,95
-3,109,5,102,90,-274,-70,95
-4,108,4,102,90,-274,-72,93
-5,106,3,102,90,-274,-73,91
-6,103,3,103,90,-274,-75,89
-7,101,3,104,90,-274,-76,86
-8,100,3,103,90,-274,-79,85
-9,100,3,102,90,-274,-76,85
-9,98,4,102,90,-274,-76,84
-7,97,5,102,90,-274,-75,81
-7,95,4,102,90,-274,-74,80
-8,94,1,102,90,-274,-75,80
-10,94,0,102,90,-274,-80,76
-11,93,-1,103,90,-274,-81,75
-10,91,-1,103,90,-274,-80,74
-10,90,-1,103,90,-274,-80,73
-11,89,-1,103,90,-274,-80,72
-12,88,0,103,90,-274,-83,70
-14,87,-1,103,90,-274,-84,70
-14,87,-2,102,91,-274,-84,69
-14,87,-3,101,92,-274,-84,67
-14,88,-4,100,93,-274,-81,68
-14,88,-5,100,93,-274,-84,68
-14,88,-6,101,93,-274,-84,68
-14,87,-7,103,92,-274,-86,67
-14,87,-8,104,91,-274,-86,64
-14,88,-8,104,91,-274,-86,65
-15,89,-8,103,92,-274,-87,67
-16,90,-8,103,93,-274,-87,68
-16,91,-8,104,94,-274,-89,68
-16,91,-9,104,94,-274,-87,68
-16,90,-10,106,94,-274,-90,68
-16,90,-11,107,94,-274,-90,68
-15,91,-11,108,95,-274,-90,65
-16,92,-11,108,96,-274,-91,69
-16,93,-11,107,95,-274,-91,70
-17,93,-12,106,95,-274,-91,68
-18,94,-14,104,94,-274,-92,69
-18,95,-14,104,93,-274,-92,70
-17,96,-14,105,92,-274,-91,70
-16,96,-13,107,93,-274,-91,70
-15,97,-14,109,94,-274,-92,72
-14,97,-16,109,95,-274,-91,69
-14,97,-17,109,95,-274,-91,69
-13,97,-16,109,96,-274,-90,69
-13,97,-15,109,95,-274,-90,72
-14,99,-14,111,95,-274,-91,74
-15,100,-15,112,94,-274,-95,73
-16,101,-17,113,93,-274,-96,74
-16,102,-18,114,94,-274,-98,74
-14,102,-18,115,95,-274,-97,75
-13,103,-18,114,95,-274,-95,75
-13,105,-18,114,95,-274,-95,78
-13,107,-18,114,95,-274,-95,80
-12,108,-18,114,95,-274,-95,81
-11,110,-18,114,95,-274,-93,83
-10,112,-18,114,93,-274,-93,84
-10,115,-18,114,92,-274,-92,87
-9,118,-17,115,92,-274,-92,91
-8,121,-15,117,92,-274,-91,93
-7,123,-14,117,92,-274,-90,96
-5,126,-14,118,91,-274,-87,98
-3,129,-14,118,90,-274,-86,102
0,133,-14,117,90,-274,-83,107
1,138,-14,117,90,-274,-81,112
2,141,-14,117,90,-274,-80,114
3,144,-14,117,90,-274,-79,118
4,148,-14,118,90,-274,-78,122
5,152,-13,119,90,-274,-76,126
7,157,-11,120,90,-274,-75,134
8,162,-10,121,90,-274,-76,139
10,166,-10,121,90,-274,-75,142
11,170,-10,121,90,-274,-74,147
12,175,-10,122,90,-274,-73,152
13,179,-8,123,90,-274,-72,157
14,184,-7,124,90,-274,-70,161
16,188,-6,124,90,-274,-69,166
18,191,-6,125,90,-274,-68,169
20,195,-6,128,90,-274,-68,173
21,198,-6,130,90,-274,-69,177
22,202,-5,130,90,-274,-69,180
23,205,-3,130,90,-274,-65,186
24,208,-1,130,90,-274,-64,189
25,211,0,130,90,-274,-63,191
27,212,0,131,90,-274,-62,192
28,213,0,131,90,-274,-61,194
29,215,0,130,90,-274,-59,196
30,218,0,130,89,-274,-59,198
30,220,1,131,88,-274,-58,201
30,221,2,133,89,-274,-59,205
29,221,3,134,90,-274,-62,205
29,221,3,134,90,-274,-62,205
29,221,3,134,91,-272,-62,205
29,221,3,134,90,-272,-62,205
29,221,3,134,90,-273,-62,205
29,221,3,134,89,-273,-62,205
30,220,4,133,89,-272,-58,203
31,218,5,131,89,-271,-58,202
32,217,6,130,90,-270,-54,203
32,215,7,130,89,-270,-53,201
32,213,6,130,87,-271,-53,200
31,211,6,130,87,-271,-54,197
30,210,6,130,88,-271,-56,196
28,208,6,130,90,-270,-57,194
28,205,6,130,91,-270,-58,191
29,202,7,130,89,-269,-57,189
29,200,9,128,87,-268,-54,186
29,198,9,127,86,-269,-54,184
28,196,9,126,86,-269,-54,185
27,194,8,125,87,-269,-56,180
26,192,7,125,87,-269,-57,178
26,189,7,124,87,-268,-57,175
26,187,6,123,87,-268,-54,173
26,186,6,123,88,-267,-54,172
25,186,6,123,88,-266,-56,172
24,184,6,123,88,-265,-57,170
23,183,6,123,87,-264,-58,168
22,180,6,123,86,-264,-58,166
21,178,7,124,86,-264,-62,163
20,177,6,123,86,-264,-61,162
21,176,5,122,86,-264,-59,161
21,174,3,121,86,-264,-58,159
22,173,3,120,87,-264,-58,158
21,172,2,120,88,-264,-59,157
19,171,2,120,87,-264,-61,156
18,171,2,120,86,-264,-62,156
18,170,3,120,86,-264,-62,156
18,170,3,120,86,-263,-62,156
17,170,2,120,86,-260,-63,155
15,169,1,121,86,-259,-64,151
14,168,0,123,86,-259,-69,150
13,168,0,123,86,-259,-69,150
14,168,0,124,87,-259,-69,150
14,168,0,124,88,-259,-68,151
14,168,0,123,88,-259,-69,150
13,167,0,123,88,-259,-70,150
11,166,0,123,88,-259,-72,148
10,166,0,124,88,-259,-73,148
9,166,0,124,89,-259,-74,147
9,166,0,123,89,-259,-73,147
10,166,0,123,88,-260,-73,148
10,166,0,124,86,-259,-73,148
10,166,-1,125,86,-257,-75,145
10,166,-2,126,86,-256,-75,145
9,166,-3,127,88,-256,-79,145
9,165,-3,128,88,-257,-79,145
8,165,-3,127,88,-257,-80,144
7,165,-4,126,87,-256,-79,144
6,164,-5,126,86,-256,-79,144
5,163,-5,125,86,-256,-80,140
6,162,-6,125,86,-255,-79,139
7,161,-7,124,86,-255,-78,137
7,159,-7,124,87,-254,-78,136
7,158,-7,124,86,-254,-79,135
5,156,-7,124,86,-254,-80,133
4,154,-6,124,86,-254,-80,131
4,152,-7,124,86,-254,-80,128
3,150,-9,124,86,-254,-81,126
3,147,-11,124,86,-254,-85,122
2,145,-13,123,86,-254,-85,119
1,143,-13,123,86,-254,-84,117
1,140,-13,123,86,-254,-86,114
1,138,-13,124,86,-254,-86,112
0,134,-14,125,86,-254,-86,108
0,131,-14,125,86,-254,-87,104
-1,128,-15,123,86,-254,-89,101
-2,124,-16,122,86,-254,-90,97
-2,120,-17,121,86,-254,-87,91
-2,116,-18,121,86,-254,-86,87
-2,113,-18,120,86,-254,-86,84
-2,110,-20,119,86,-254,-86,80
-2,108,-21,118,86,-254,-86,78
-3,105,-21,118,86,-254,-87,75
-4,101,-21,118,86,-254,-89,72
-6,97,-21,118,86,-254,-91,67
-7,93,-21,118,86,-254,-92,63
-8,90,-21,118,86,-254,-92,61
-9,89,-21,118,86,-254,-93,59
-10,88,-21,118,87,-254,-93,57
-11,86,-21,118,87,-254,-95,56
-13,83,-21,118,86,-254,-97,52
-14,80,-21,118,85,-254,-98,50
-15,80,-22,117,83,-254,-100,50
-15,80,-23,115,82,-254,-98,47
-14,79,-24,114,83,-254,-96,48
-15,76,-24,113,83,-254,-96,46
-16,74,-23,112,83,-254,-97,43
-17,73,-22,112,82,-254,-96,42
-18,73,-21,111,81,-254,-96,42
-17,73,-21,111,81,-254,-96,42
-17,73,-21,111,82,-254,-96,42
-17,73,-21,111,83,-253,-96,42
-17,73,-21,111,84,-253,-96,42
-18,74,-22,111,83,-254,-97,43
-19,76,-21,111,82,-256,-98,46
-20,78,-20,112,81,-257,-98,47
-20,78,-19,113,81,-257,-98,50
-19,78,-18,112,81,-256,-98,50
-18,78,-18,112,82,-256,-97,50
-19,79,-18,113,82,-257,-98,51
-20,81,-18,114,81,-258,-102,53
-20,83,-17,113,81,-258,-100,54
-19,83,-15,112,81,-257,-98,54
-18,84,-14,111,81,-257,-95,58
-18,86,-15,111,81,-258,-95,61
-18,88,-15,111,81,-259,-97,61
-17,90,-15,112,81,-259,-96,62
-16,90,-14,113,81,-259,-95,63
-16,91,-13,115,81,-259,-95,65
-16,92,-13,116,81,-259,-98,67
-16,94,-13,117,81,-259,-98,69
-15,96,-12,115,81,-259,-95,72
-14,97,-11,114,81,-259,-93,73
-13,98,-10,114,81,-259,-93,73
-13,97,-11,114,81,-259,-93,72
-14,97,-10,114,82,-259,-93,72
-14,97,-11,114,82,-259,-93,72
-14,97,-11,114,81,-259,-93,72
-13,97,-12,115,80,-259,-93,72
-14,97,-13,116,80,-259,-96,70
-14,97,-14,117,80,-259,-96,70
-14,97,-14,118,80,-259,-96,69
-13,96,-14,118,78,-258,-95,68
-12,94,-14,117,76,-258,-93,67
-11,93,-14,117,76,-258,-93,65
-11,93,-14,117,78,-258,-93,65
-11,93,-14,117,80,-259,-93,65
-11,93,-14,117,80,-259,-93,65
-11,92,-14,118,78,-258,-92,64
-10,90,-14,118,77,-258,-91,62
-9,89,-14,118,78,-258,-91,61
-9,88,-14,117,78,-258,-90,61
-9,89,-14,117,78,-259,-91,61
-9,89,-14,118,77,-259,-91,61
-9,89,-15,119,76,-258,-93,61
-9,89,-15,119,76,-257,-93,61
-9,89,-16,119,76,-256,-93,61
-9,89,-18,119,77,-257,-93,58
-9,89,-19,119,77,-257,-93,58
-9,89,-20,119,76,-257,-92,58
-8,90,-20,119,76,-256,-92,59
-7,91,-20,118,76,-255,-91,62
-6,94,-20,118,77,-254,-90,64
-6,96,-20,119,77,-253,-90,67
-5,98,-19,121,77,-253,-92,68
-4,101,-20,124,77,-253,-91,70
-3,103,-20,125,77,-254,-92,70
-3,105,-21,125,77,-253,-92,73
-3,108,-21,125,77,-253,-92,76
-3,112,-21,125,77,-253,-92,80
-2,117,-22,126,77,-253,-92,85
-1,121,-23,127,76,-253,-93,89
0,126,-23,128,75,-253,-91,93
1,130,-22,128,75,-253,-90,98
2,134,-20,130,76,-253,-90,102
3,139,-20,132,76,-253,-89,107
5,144,-20,132,75,-253,-90,113
6,150,-21,132,74,-253,-89,119
7,155,-20,131,72,-253,-85,124
9,160,-20,132,72,-253,-84,129
10,165,-20,134,72,-253,-84,134
13,169,-20,137,72,-253,-85,139
14,174,-20,138,72,-253,-83,144
15,179,-19,139,72,-253,-83,148
14,185,-19,140,72,-253,-84,155
14,191,-18,142,72,-253,-86,161
14,197,-19,144,72,-253,-89,164
16,201,-19,145,72,-253,-87,169
18,205,-19,145,72,-253,-85,173
19,209,-18,144,72,-253,-84,179
21,212,-17,145,72,-253,-83,183
21,215,-16,146,72,-253,-81,186
22,218,-15,148,72,-253,-81,189
21,221,-15,148,72,-253,-83,191
22,224,-16,148,72,-253,-81,195
22,227,-15,148,72,-253,-81,197
24,229,-14,146,71,-254,-80,200
25,230,-12,146,68,-253,-76,203
25,230,-10,147,67,-252,-76,203
25,230,-9,148,67,-249,-79,203
24,229,-9,149,67,-248,-80,202
25,230,-9,149,68,-248,-79,203
26,231,-9,148,68,-248,-78,203
28,231,-9,148,68,-248,-76,205
28,231,-9,148,67,-248,-75,205
28,230,-9,148,67,-248,-75,203
28,228,-9,148,67,-248,-75,201
28,226,-9,148,68,-248,-75,198
28,224,-9,149,68,-248,-75,197
28,222,-9,149,67,-248,-75,196
28,220,-8,148,66,-248,-73,194
27,218,-7,145,65,-249,-74,194
27,216,-7,144,65,-248,-72,191
26,213,-8,143,64,-246,-72,189
26,210,-10,143,63,-244,-72,183
26,206,-11,143,63,-243,-72,179
26,203,-10,143,63,-242,-72,177
25,198,-11,141,63,-243,-73,172
24,194,-12,139,63,-243,-74,167
22,189,-13,138,63,-243,-73,162
21,185,-13,138,63,-243,-74,157
20,181,-13,138,63,-243,-78,153
19,176,-14,137,62,-243,-76,148
17,172,-15,136,61,-243,-78,144
14,167,-16,135,61,-243,-80,139
12,161,-17,135,61,-243,-83,130
9,156,-18,134,61,-241,-86,125
7,152,-19,133,60,-239,-87,120
7,147,-20,132,58,-238,-85,115
6,142,-21,131,57,-239,-86,111
3,137,-20,132,58,-239,-89,104
0,131,-20,132,58,-239,-91,100
-1,126,-20,132,58,-238,-93,95
-3,122,-20,132,58,-238,-97,90
-4,118,-21,132,58,-237,-100,85
-6,114,-21,131,58,-238,-98,81
-9,110,-22,128,58,-238,-101,78
-10,105,-21,126,58,-238,-100,73
-11,100,-21,124,58,-238,-101,68
-12,96,-20,124,58,-238,-102,63
-12,92,-20,125,58,-238,-102,59
-13,89,-21,125,58,-238,-102,56
-13,86,-22,124,58,-238,-102,53
-14,84,-23,122,58,-238,-101,51
-15,82,-23,121,57,-238,-101,48
-15,79,-22,119,56,-238,-98,48
-13,76,-21,118,55,-238,-97,46
-12,74,-21,118,54,-237,-96,43
-12,72,-21,118,54,-237,-96,41
-14,70,-21,119,53,-237,-97,39
-14,69,-21,118,54,-237,-98,37
-14,68,-21,116,55,-237,-98,36
-13,66,-20,114,55,-238,-95,35
-13,64,-19,114,55,-237,-93,36
-12,64,-18,114,54,-237,-93,35
-12,65,-18,114,53,-238,-93,36
-12,67,-18,114,53,-237,-93,39
-11,69,-18,114,53,-237,-92,41
-11,71,-18,114,54,-237,-92,42
-10,72,-18,115,54,-238,-91,43
-10,73,-18,114,53,-239,-91,45
-10,75,-17,113,53,-239,-89,47
-9,78,-15,112,53,-238,-87,51
-9,82,-15,111,53,-238,-85,57
-9,85,-14,111,53,-239,-85,61
-8,89,-13,112,53,-241,-87,64
-7,93,-12,113,53,-242,-86,68
-7,97,-11,114,53,-242,-86,73
-6,101,-10,114,53,-240,-86,76
-6,107,-11,114,53,-239,-86,83
-5,113,-10,114,53,-240,-85,89
-4,118,-10,115,53,-241,-84,93
-3,121,-9,116,53,-242,-83,97
-2,126,-7,117,53,-241,-83,103
-3,131,-6,118,53,-241,-85,109
-2,137,-4,120,53,-241,-85,115
-1,143,-3,121,53,-242,-85,122
0,148,-2,122,53,-241,-84,126
0,152,-1,122,53,-239,-83,131
2,156,0,123,53,-237,-81,137
3,162,0,124,53,-237,-80,144
3,166,1,125,54,-237,-80,148
5,171,1,126,53,-238,-80,153
6,175,2,126,53,-238,-79,157
8,179,3,127,54,-237,-78,162
9,184,3,127,54,-237,-76,167
10,188,3,127,54,-237,-76,170
10,193,3,127,53,-237,-75,175
11,196,3,127,52,-237,-75,179
12,199,4,128,52,-237,-74,181
13,201,5,129,51,-237,-74,186
14,202,6,130,51,-237,-73,187
15,202,7,130,52,-237,-70,187
17,204,7,130,52,-237,-69,190
17,207,6,130,53,-237,-69,192
17,209,6,130,54,-237,-69,195
18,209,6,130,54,-237,-69,195
18,208,7,130,54,-237,-68,194
19,206,9,128,53,-237,-64,192
19,204,10,127,53,-237,-64,192
19,202,10,126,54,-238,-64,190
19,201,9,126,53,-238,-64,186
19,199,8,126,53,-237,-64,185
19,197,8,126,53,-236,-64,183
18,194,8,125,53,-234,-65,180
17,191,8,124,54,-232,-64,177
16,187,8,122,54,-232,-65,173
16,184,8,121,54,-232,-64,172
16,180,7,119,54,-233,-62,168
16,177,7,118,54,-233,-62,164
15,173,6,116,54,-232,-63,161
14,170,6,116,54,-232,-63,155
13,166,6,116,54,-232,-64,151
12,162,5,116,54,-232,-65,146
10,157,5,116,54,-232,-67,141
9,153,4,115,54,-232,-68,137
7,149,3,114,54,-232,-68,134
5,146,3,114,54,-232,-69,130
4,142,3,113,54,-233,-70,126
3,139,2,113,53,-233,-72,123
3,134,2,113,52,-232,-72,118
1,130,1,112,52,-231,-73,114
0,126,0,111,52,-231,-74,109
-1,122,0,110,53,-231,-76,106
-2,119,-1,110,54,-230,-78,100
-3,116,-2,111,54,-230,-79,96
-4,113,-3,113,54,-229,-81,93
-4,111,-4,114,54,-229,-81,92
-4,110,-4,114,54,-229,-81,87
-4,108,-4,114,54,-228,-81,86
-5,107,-4,114,54,-227,-83,87
-6,105,-4,114,54,-227,-84,85
-7,103,-4,113,54,-227,-85,83
-8,101,-5,113,54,-228,-85,78
-9,99,-6,112,54,-227,-86,76
-10,99,-6,112,54,-227,-87,76
-9,100,-6,112,54,-227,-86,78
-8,101,-6,112,54,-228,-85,78
-8,101,-7,111,54,-227,-85,78
-8,101,-7,110,54,-227,-85,78
-8,100,-7,110,54,-227,-86,78
-8,100,-8,111,54,-228,-86,78
-8,100,-8,112,54,-229,-85,78
-8,101,-9,112,54,-229,-85,78
-8,101,-8,112,54,-228,-85,79
-7,103,-8,111,54,-228,-85,81
-7,104,-7,110,54,-229,-84,83
-6,105,-7,110,54,-231,-84,84
-7,106,-7,110,54,-231,-85,84
-7,106,-8,111,54,-230,-85,84
-7,106,-9,112,54,-227,-85,84
-7,106,-10,113,54,-227,-85,81
-7,106,-10,112,54,-228,-85,81
-7,106,-9,112,54,-229,-85,84
-7,106,-9,112,54,-229,-85,84
-7,106,-10,112,54,-229,-85,81
-7,106,-10,114,54,-229,-87,81
-7,106,-11,114,54,-229,-87,81
-7,106,-11,114,54,-229,-86,81
-7,106,-11,114,54,-228,-87,81
-9,106,-10,114,54,-227,-89,81
-10,105,-10,114,54,-227,-90,80
-11,104,-11,114,54,-228,-91,79
-11,102,-12,113,54,-227,-91,78
-11,100,-13,112,54,-227,-91,75
-12,98,-14,111,54,-228,-89,73
-13,97,-15,110,54,-229,-90,72
-13,96,-14,111,54,-231,-90,70
-13,94,-14,111,54,-231,-90,69
-14,90,-14,111,54,-231,-93,65
-15,87,-15,111,54,-231,-95,62
-15,83,-15,110,54,-232,-92,56
-16,81,-16,107,54,-233,-92,53
-16,79,-16,105,54,-233,-91,53
-18,77,-16,104,55,-232,-92,51
-19,74,-16,105,56,-233,-93,48
-20,70,-15,105,55,-232,-93,45
-20,68,-15,104,54,-232,-93,42
-18,65,-16,103,54,-233,-90,40
-18,63,-17,101,54,-233,-90,37
-19,59,-18,101,54,-232,-90,34
-21,56,-19,100,54,-232,-92,28
-22,54,-19,101,54,-232,-93,25
-23,53,-18,101,53,-234,-93,26
-23,52,-18,101,53,-236,-93,26
-23,51,-18,101,54,-237,-95,24
-25,49,-18,100,54,-238,-96,20
-25,48,-18,100,53,-238,-96,19
-25,46,-18,100,53,-237,-96,18
-25,46,-18,101,53,-237,-96,20
-25,46,-18,101,54,-237,-96,20
-25,47,-17,102,55,-237,-96,20
-25,46,-16,102,55,-238,-96,20
-25,46,-15,103,55,-237,-98,20
-25,46,-15,103,54,-237,-100,20
-25,48,-15,104,53,-237,-100,21
-25,50,-14,104,53,-237,-98,24
-24,53,-14,104,53,-237,-98,26
-24,55,-12,106,54,-237,-97,29
-25,57,-11,107,54,-238,-98,32
-25,58,-11,107,53,-237,-100,34
-25,59,-11,107,53,-237,-100,36
-24,61,-11,107,53,-237,-97,37
-22,62,-11,107,53,-238,-96,36
-21,64,-11,107,53,-238,-95,41
-21,67,-10,108,53,-239,-95,43
-21,69,-8,109,53,-239,-95,46
-21,71,-7,110,53,-240,-98,47
-22,73,-7,111,53,-241,-98,50
-22,75,-7,110,53,-240,-98,51
-21,76,-7,110,53,-239,-97,53
-20,77,-7,110,53,-238,-97,54
-20,78,-7,110,53,-238,-96,54
-19,79,-7,110,53,-240,-96,56
-19,80,-7,110,53,-242,-96,57
-19,81,-7,110,53,-243,-96,58
-20,81,-7,110,53,-242,-97,58
-21,82,-7,110,53,-240,-98,59
-21,83,-7,110,53,-239,-97,59
-20,83,-7,110,53,-239,-97,59
-21,82,-7,110,53,-240,-98,59
-21,82,-7,110,53,-241,-98,58
-22,82,-7,110,53,-241,-98,58
-20,83,-7,110,53,-240,-97,59
-19,83,-7,110,53,-240,-96,61
-19,83,-7,110,53,-239,-96,61
-20,83,-7,110,53,-239,-97,59
-21,82,-7,110,53,-238,-98,58
-22,81,-8,110,53,-237,-100,58
-22,82,-8,109,53,-237,-96,58
-21,82,-9,109,53,-237,-96,58
-21,82,-8,109,53,-238,-96,58
-22,82,-8,110,53,-237,-98,58
-22,82,-7,110,53,-237,-98,58
-22,82,-7,110,53,-237,-98,59
-22,82,-7,110,53,-237,-98,59
-22,82,-7,110,53,-237,-98,58
-22,81,-7,110,53,-237,-98,58
-22,82,-7,110,53,-237,-98,59
-21,84,-8,110,53,-237,-98,61
-20,86,-8,110,53,-237,-97,63
-20,88,-7,110,53,-238,-97,65
-20,89,-7,110,53,-238,-97,65
-21,90,-8,110,53,-237,-98,67
-21,91,-9,111,53,-237,-98,68
-22,92,-10,113,53,-237,-100,67
-22,93,-11,114,53,-239,-102,68
-22,95,-11,114,53,-241,-102,69
-21,97,-11,114,53,-242,-101,72
-20,99,-11,114,53,-241,-100,74
-20,100,-11,114,53,-240,-100,75
-21,101,-11,114,53,-241,-101,75
-22,102,-11,114,53,-242,-102,76
-22,103,-11,114,53,-243,-102,78
-23,104,-11,114,53,-242,-103,79
-22,104,-11,114,53,-241,-102,79
-22,104,-11,114,53,-240,-102,79
-23,104,-12,115,53,-241,-103,79
-23,104,-12,115,53,-242,-103,79
-22,103,-13,116,53,-243,-104,78
-21,102,-14,117,53,-243,-104,74
-21,101,-13,116,53,-242,-103,75
-20,99,-12,115,53,-241,-100,74
-21,98,-10,114,53,-240,-101,73
-22,96,-10,113,53,-241,-102,70
-22,94,-12,113,53,-242,-102,69
-23,93,-14,113,53,-242,-102,64
-23,90,-16,112,53,-242,-102,63
-23,88,-16,112,53,-242,-102,59
-23,85,-15,111,53,-242,-101,59
-24,82,-14,111,53,-242,-101,56
-25,79,-14,111,53,-242,-102,53
-25,75,-15,112,53,-242,-104,47
-26,72,-17,112,53,-241,-106,43
-26,68,-19,111,53,-241,-104,40
-25,65,-21,110,53,-241,-104,34
-25,61,-21,109,53,-242,-104,30
-26,57,-19,108,53,-241,-103,29
-27,53,-18,108,53,-241,-103,24
-28,49,-18,108,53,-241,-103,19
-28,45,-19,108,53,-242,-104,15
-28,42,-19,108,53,-242,-103,13
-28,39,-19,108,53,-243,-104,10
-29,37,-19,109,53,-242,-104,7
-28,33,-20,110,53,-242,-107,4
-29,30,-21,111,53,-241,-107,-2
-29,27,-22,111,53,-240,-107,-4
-30,26,-23,110,53,-241,-108,-4
-31,27,-24,108,53,-242,-109,-4
-31,27,-24,108,51,-242,-109,-4
-31,27,-23,110,51,-242,-108,-4
-30,25,-21,111,52,-242,-108,-6
-30,25,-21,111,53,-242,-108,-7
-30,25,-21,111,52,-242,-108,-6
-29,27,-23,112,50,-242,-109,-4
-29,30,-24,113,48,-242,-109,-2
-28,32,-24,113,48,-242,-109,0
-27,34,-22,113,49,-242,-108,2
-27,36,-22,112,51,-242,-104,4
-25,39,-22,112,51,-242,-106,7
-24,43,-23,113,50,-242,-104,12
-23,46,-24,114,49,-242,-104,12
-22,50,-24,115,48,-242,-103,15
-22,54,-24,116,48,-242,-106,20
-21,60,-22,117,48,-242,-104,29
-20,65,-21,118,48,-242,-103,34
-19,69,-21,118,48,-242,-103,37
-18,72,-21,118,48,-242,-102,41
-17,76,-21,118,48,-242,-101,46
-16,81,-21,118,48,-242,-100,51
-14,86,-20,119,48,-243,-98,56
-14,91,-18,120,48,-244,-98,61
-14,95,-17,121,48,-244,-98,65
-13,99,-18,121,48,-244,-101,69
-13,104,-17,122,48,-243,-100,74
-12,107,-16,122,48,-243,-100,80
-12,111,-15,123,48,-242,-100,83
-11,114,-15,123,48,-244,-98,86
-11,117,-15,124,48,-245,-100,90
-10,119,-16,125,47,-245,-98,90
-10,121,-15,126,46,-244,-97,91
-10,122,-14,126,46,-242,-97,95
-10,123,-14,125,46,-242,-98,96
-12,124,-14,125,46,-242,-100,97
-12,126,-14,124,46,-242,-100,98
-13,126,-14,124,46,-242,-101,100
-12,126,-14,125,46,-242,-100,98
-12,124,-14,125,45,-242,-100,97
-11,122,-14,124,45,-242,-98,95
-10,122,-14,124,45,-242,-97,95
-10,121,-14,125,45,-242,-97,93
-10,120,-13,125,44,-242,-97,92
-10,118,-14,124,44,-242,-97,90
-10,115,-15,123,45,-242,-97,87
-10,112,-16,122,45,-242,-98,81
-11,109,-17,121,45,-242,-96,79
-12,108,-18,121,44,-242,-97,78
-12,105,-17,121,43,-242,-97,75
-11,103,-17,121,43,-242,-96,73
-10,101,-17,121,43,-242,-95,70
-10,98,-17,121,43,-242,-95,68
-10,95,-17,121,43,-242,-95,65
-11,93,-17,121,43,-242,-96,63
-12,90,-17,121,43,-242,-96,61
-13,88,-17,121,43,-242,-97,58
-13,86,-17,121,44,-242,-97,56
-13,86,-17,121,43,-242,-97,56
-13,86,-17,121,42,-242,-97,56
-12,85,-18,120,39,-241,-96,54
-13,83,-19,119,38,-241,-97,52
-14,80,-20,119,38,-241,-98,50
-15,80,-20,119,40,-242,-100,50
-16,80,-20,119,42,-242,-100,50
-16,81,-19,119,42,-241,-100,51
-16,81,-19,120,40,-240,-100,51
-16,82,-18,120,39,-239,-100,51
-17,83,-18,120,38,-240,-101,52
-17,84,-18,120,38,-241,-102,53
-18,84,-18,121,39,-242,-102,53
-18,84,-17,121,39,-242,-102,53
-17,84,-17,121,39,-241,-102,53
-16,85,-17,121,38,-241,-101,54
-15,87,-18,121,38,-241,-100,56
-15,90,-18,120,38,-241,-100,59
-15,91,-19,120,38,-241,-100,61
-16,91,-18,120,38,-241,-101,61
-16,90,-18,121,38,-241,-100,61
-14,91,-17,122,38,-241,-101,61
-13,93,-18,122,38,-241,-100,62
-12,94,-17,121,38,-241,-96,64
-12,95,-16,120,38,-241,-96,68
-12,96,-15,119,38,-241,-97,68
-13,96,-15,119,38,-241,-98,68
-13,97,-15,119,38,-241,-98,69
-13,99,-15,118,38,-241,-96,72
-12,102,-14,118,38,-241,-95,74
-11,104,-13,119,38,-241,-93,76
-10,105,-11,120,38,-241,-92,80
-8,105,-11,121,38,-241,-93,80
-8,106,-10,121,39,-241,-92,81
-8,108,-10,121,38,-241,-92,83
-8,110,-10,120,38,-241,-90,85
-7,112,-10,119,38,-241,-90,87
-5,114,-9,119,39,-241,-87,89
-3,116,-7,119,39,-241,-85,93
-1,119,-5,120,38,-241,-84,97
0,122,-3,120,37,-241,-83,101
0,126,-3,120,36,-241,-83,103
0,129,-4,121,37,-241,-81,107
2,132,-4,121,38,-241,-80,111
3,136,-3,121,38,-241,-79,115
4,141,-1,123,37,-241,-78,123
5,146,0,124,36,-241,-76,128
7,151,0,124,37,-241,-75,133
8,155,0,123,38,-241,-75,137
8,160,1,124,39,-242,-74,141
10,166,3,125,39,-242,-73,148
11,172,6,126,36,-241,-72,157
14,178,6,127,35,-240,-69,163
17,183,5,128,35,-239,-69,168
18,187,6,130,37,-240,-67,173
19,193,7,131,38,-240,-67,178
19,199,9,133,39,-240,-69,184
19,205,10,134,38,-239,-69,190
20,211,10,134,37,-238,-69,196
21,215,10,133,36,-237,-67,201
23,219,11,132,34,-236,-63,208
25,223,12,133,34,-236,-62,211
25,226,13,135,36,-236,-63,214
25,228,14,137,37,-237,-64,217
24,231,14,137,38,-236,-65,219
24,234,15,136,38,-236,-65,223
25,235,16,134,37,-236,-62,224
26,236,16,134,37,-236,-61,225
27,236,15,135,37,-236,-62,225
27,236,14,137,37,-236,-62,225
26,236,14,138,37,-237,-63,225
25,235,13,137,37,-237,-64,224
24,234,13,135,37,-236,-65,223
25,231,13,133,38,-235,-62,220
25,229,13,132,38,-233,-62,218
25,226,12,131,38,-231,-62,214
24,222,10,131,37,-231,-63,208
22,217,8,130,38,-231,-64,203
21,211,8,128,38,-232,-65,197
21,205,9,127,39,-231,-62,191
21,200,10,126,39,-231,-63,187
20,195,9,126,39,-232,-63,180
18,191,7,125,39,-232,-65,177
15,185,6,124,37,-231,-68,170
13,180,5,122,37,-230,-67,164
13,173,3,121,38,-228,-68,158
13,167,2,120,39,-227,-68,152
12,162,2,120,39,-226,-68,144
10,155,3,120,38,-227,-69,139
7,149,3,119,38,-227,-73,133
5,143,4,117,38,-227,-72,126
4,137,3,115,38,-227,-73,122
4,132,3,113,37,-227,-70,115
4,129,2,113,37,-227,-70,112
3,125,1,112,37,-227,-72,108
1,120,0,111,38,-227,-74,101
0,115,-2,112,39,-227,-75,96
-3,111,-3,112,39,-225,-80,91
-5,108,-3,112,38,-224,-83,87
-5,105,-2,112,36,-223,-80,85
-5,103,-3,111,35,-223,-80,84
-6,102,-4,111,35,-225,-80,83
-6,101,-6,112,36,-226,-84,79
-7,101,-7,112,38,-225,-85,78
-8,98,-7,111,37,-224,-85,76
-10,96,-7,110,36,-222,-86,74
-10,93,-7,110,36,-221,-87,72
-11,93,-7,110,38,-222,-89,70
-10,93,-7,110,40,-222,-87,70
-7,94,-7,110,40,-222,-85,72
-6,94,-7,110,38,-222,-84,72
-7,93,-7,110,36,-222,-84,70
-9,92,-7,110,36,-222,-86,69
-9,92,-7,110,38,-222,-86,70
-8,93,-7,110,39,-222,-85,72
-7,95,-8,110,40,-222,-84,73
-8,95,-8,109,40,-221,-83,73
-10,94,-9,109,39,-222,-85,72
-11,93,-8,109,39,-224,-86,70
-11,93,-8,110,39,-225,-89,70
-11,93,-7,110,39,-225,-89,70
-11,93,-7,110,39,-225,-89,70
-12,94,-7,110,39,-225,-89,72
-11,97,-7,110,39,-226,-89,74
-10,99,-7,110,39,-227,-87,76
-9,99,-7,110,39,-227,-86,76
-9,100,-7,110,39,-227,-86,78
-10,101,-7,110,39,-227,-87,79
-10,103,-7,110,39,-227,-87,80
-9,105,-7,110,39,-227,-86,83
-8,106,-7,111,39,-227,-85,84
-8,108,-6,112,39,-227,-85,86
-8,111,-5,112,39,-227,-86,89
-8,115,-5,113,39,-227,-86,92
-8,118,-4,113,39,-227,-86,96
-7,119,-4,114,39,-227,-85,100
-6,122,-3,115,39,-227,-84,102
-5,125,-1,116,39,-227,-84,106
-4,129,0,116,39,-227,-83,109
-3,132,0,117,39,-227,-84,113
-2,135,0,118,39,-227,-83,117
-1,138,1,119,39,-227,-83,119
0,142,2,120,39,-227,-81,125
0,145,3,120,39,-227,-80,129
1,148,2,120,39,-227,-79,133
3,151,2,120,39,-227,-78,135
4,153,2,120,39,-227,-76,137
4,155,3,121,39,-227,-76,140
2,158,5,122,39,-227,-78,142
2,160,6,123,39,-227,-79,145
2,162,7,124,39,-227,-80,146
3,163,6,123,39,-227,-76,147
4,165,6,123,39,-227,-76,148
4,166,6,123,41,-227,-76,151
4,169,6,123,43,-227,-76,153
6,170,6,123,43,-227,-75,155
7,170,6,123,41,-227,-74,155
6,169,6,123,39,-227,-74,153
5,169,6,123,40,-227,-78,153
4,168,6,123,42,-227,-79,152
4,169,6,123,44,-227,-76,153
4,169,6,123,45,-227,-76,153
3,168,6,124,45,-227,-79,152
3,166,5,125,44,-227,-79,151
3,164,3,126,43,-227,-80,146
2,162,2,126,42,-227,-84,144
0,160,0,125,43,-227,-85,141
-1,158,0,124,44,-227,-85,140
-1,156,0,123,44,-227,-85,137
0,155,0,123,44,-227,-84,136
0,152,0,124,44,-227,-84,134
-1,148,0,124,44,-227,-84,130
-2,145,-1,123,44,-227,-85,126
-3,141,-3,121,44,-227,-86,120
-4,139,-3,120,44,-227,-87,118
-6,137,-3,120,44,-227,-89,115
-6,135,-3,120,44,-227,-90,113
-7,132,-3,120,44,-227,-90,111
-7,130,-4,120,44,-227,-90,108
-8,128,-5,119,44,-227,-91,107
-9,126,-6,118,44,-227,-92,104
-10,123,-6,118,44,-227,-91,101
-12,119,-7,118,44,-227,-92,97
-13,114,-8,118,44,-227,-96,89
-14,110,-10,120,44,-227,-96,85
-15,108,-11,120,44,-227,-97,83
-17,106,-13,119,44,-227,-102,79
-18,104,-14,118,44,-227,-101,76
-19,100,-14,117,44,-227,-101,73
-19,95,-14,117,44,-227,-102,67
-21,89,-14,118,44,-227,-102,62
-23,85,-14,118,44,-227,-104,57
-26,81,-14,117,44,-227,-108,52
-27,78,-15,117,44,-227,-108,50
-27,74,-17,115,44,-228,-109,45
-28,70,-18,114,44,-231,-109,41
-29,65,-18,114,44,-232,-111,36
-31,60,-18,114,44,-232,-112,30
-30,54,-18,114,44,-232,-112,25
-30,49,-19,113,44,-232,-112,20
-31,45,-20,112,44,-232,-109,13
-33,40,-21,111,44,-232,-112,8
-34,36,-21,111,44,-232,-112,3
-33,32,-21,111,44,-232,-112,0
-33,27,-21,111,44,-232,-112,-4
-33,24,-22,110,44,-232,-111,-8
-34,21,-24,108,44,-232,-112,-10
-35,18,-25,108,44,-232,-113,-14
-37,14,-25,107,44,-232,-114,-18
-39,10,-25,108,44,-232,-117,-21
-40,7,-25,108,44,-232,-118,-25
-41,4,-25,108,44,-233,-119,-28
-42,2,-25,108,44,-233,-119,-30
-43,0,-26,107,43,-233,-120,-35
-43,0,-27,105,43,-234,-118,-36
-43,-1,-28,104,41,-235,-118,-36
-43,-2,-27,101,41,-236,-115,-35
-43,-3,-26,101,41,-237,-115,-36
-45,-4,-25,101,43,-237,-117,-37
-46,-4,-24,102,43,-237,-119,-37
-47,-4,-24,102,44,-237,-120,-37
-48,-3,-25,102,44,-237,-120,-36
-47,-3,-25,101,43,-237,-120,-36
-47,-4,-25,101,43,-237,-119,-37
-47,-3,-25,101,43,-237,-119,-36
-48,-2,-25,101,44,-236,-120,-35
-49,0,-25,101,43,-237,-122,-34
-49,0,-25,101,43,-238,-122,-32
-50,0,-25,101,43,-240,-123,-31
-50,0,-25,101,43,-242,-123,-32
-50,0,-25,101,43,-242,-123,-32
-50,0,-25,101,43,-240,-123,-32
-49,0,-25,101,42,-240,-122,-32
-48,1,-25,101,41,-240,-120,-31
-47,3,-25,101,40,-241,-120,-29
-47,5,-25,101,39,-242,-120,-26
-47,7,-25,101,39,-242,-120,-25
-47,7,-25,101,40,-242,-120,-25
-46,8,-26,102,42,-242,-119,-24
-45,9,-27,102,42,-242,-120,-23
-44,11,-27,103,42,-242,-119,-24
-44,12,-26,105,40,-242,-120,-20
-45,12,-26,107,38,-241,-123,-20
-46,13,-26,107,39,-241,-124,-21
-45,14,-28,106,39,-241,-123,-20
-43,15,-28,104,40,-242,-118,-19
-41,18,-28,105,40,-242,-117,-17
-39,20,-26,107,39,-241,-118,-12
-39,22,-25,108,38,-241,-118,-9
-39,22,-25,108,38,-241,-118,-9
-39,24,-25,108,38,-241,-117,-8
-39,27,-25,107,39,-241,-117,-4
-38,30,-25,108,39,-241,-117,-2
-37,33,-26,109,38,-241,-115,-1
-37,35,-26,112,38,-241,-118,1
-36,37,-25,114,38,-241,-118,2
-36,39,-25,115,38,-241,-119,4
-35,41,-25,115,38,-241,-118,6
-33,44,-24,115,38,-241,-117,9
-31,49,-24,115,38,-242,-114,14
-30,53,-23,116,38,-242,-114,21
-29,57,-22,117,38,-241,-113,26
-28,60,-22,117,38,-241,-112,29
-27,62,-21,118,38,-241,-111,31
-25,65,-20,117,38,-243,-109,34
-24,68,-20,117,38,-245,-108,37
-23,72,-20,117,38,-246,-107,41
-22,74,-21,117,38,-247,-106,43
-21,77,-21,119,38,-246,-104,46
-19,80,-20,120,38,-246,-103,50
-18,83,-19,120,38,-246,-103,53
-18,87,-18,119,38,-246,-102,57
-17,90,-16,117,38,-246,-98,62
-16,92,-15,116,38,-246,-98,64
-16,94,-14,117,38,-246,-98,67
-16,97,-15,119,38,-245,-101,69
-15,100,-16,121,38,-244,-100,73
-14,103,-16,120,38,-245,-98,75
-14,105,-16,119,38,-246,-98,78
-13,107,-14,117,38,-246,-96,80
-14,108,-14,117,38,-246,-96,80
-14,108,-13,119,38,-246,-96,81
-13,109,-12,120,38,-246,-97,81
-11,110,-11,120,38,-246,-96,85
-10,110,-12,120,38,-245,-95,85
-9,111,-11,120,38,-244,-92,86
-9,111,-11,120,38,-243,-95,86
-10,110,-10,121,39,-242,-95,85
-10,110,-10,121,39,-242,-95,85
-10,110,-10,121,38,-241,-95,85
-9,111,-10,121,37,-241,-95,86
-9,111,-10,121,36,-241,-95,86
-9,111,-10,121,36,-242,-95,86
-10,110,-11,121,37,-241,-95,85
-10,110,-10,121,37,-241,-95,85
-9,111,-10,121,37,-241,-95,86
-8,112,-10,121,36,-241,-93,86
-7,112,-10,122,36,-241,-91,87
-5,113,-10,123,35,-241,-90,89
-5,113,-10,123,35,-241,-90,89
-5,113,-10,123,35,-241,-90,89
-5,115,-10,122,34,-241,-90,90
-4,117,-8,122,33,-241,-89,92
-4,119,-7,123,33,-241,-89,95
-4,121,-7,124,33,-241,-89,97
-3,123,-7,124,34,-241,-89,98
-3,125,-7,124,34,-241,-89,101
-2,127,-7,124,33,-241,-87,103
-2,130,-7,124,33,-241,-87,106
-2,133,-5,125,33,-241,-87,109
0,137,-5,126,33,-241,-85,115
2,140,-4,126,33,-241,-83,118
4,142,-4,126,33,-241,-81,120
4,145,-4,126,33,-241,-80,124
5,148,-4,127,33,-241,-83,126
6,151,-3,127,33,-241,-81,130
8,155,-3,127,33,-241,-80,134
9,159,-2,128,33,-240,-78,137
10,162,-1,130,33,-239,-78,142
10,166,0,130,33,-240,-78,146
11,170,0,131,33,-240,-76,150
13,173,0,131,33,-240,-75,153
14,175,0,130,33,-240,-74,155
14,178,0,130,33,-240,-74,157
13,180,0,130,33,-239,-75,159
13,183,0,130,34,-238,-75,163
14,185,0,131,34,-236,-74,166
16,187,0,131,34,-236,-72,167
17,187,0,131,34,-236,-70,167
17,186,0,130,34,-236,-72,167
15,186,0,130,34,-236,-73,166
15,185,0,131,34,-236,-73,166
15,186,-1,132,34,-236,-73,166
15,186,-1,133,34,-236,-75,166
16,185,-1,133,34,-236,-74,166
17,183,-1,132,32,-236,-73,163
17,180,0,132,32,-236,-70,159
16,177,0,132,31,-236,-74,156
14,174,-2,133,32,-236,-75,153
13,172,-4,133,32,-236,-76,148
12,169,-6,132,32,-236,-78,146
11,166,-7,131,32,-236,-79,142
10,162,-7,131,32,-235,-80,139
8,158,-7,131,33,-234,-81,135
7,153,-6,131,34,-234,-83,129
6,148,-6,131,35,-234,-84,124
5,143,-7,130,34,-234,-85,119
2,138,-9,129,32,-233,-87,112
1,133,-10,128,31,-231,-86,107
0,128,-10,128,29,-231,-86,101
0,122,-10,127,30,-231,-86,95
0,115,-10,126,31,-231,-87,91
-4,110,-11,125,33,-231,-91,83
-7,105,-13,124,33,-231,-95,78
-9,100,-15,123,32,-231,-96,72
-10,94,-16,121,31,-231,-95,67
-10,88,-15,119,31,-231,-95,61
-12,83,-14,118,33,-231,-93,56
-14,78,-14,117,34,-231,-96,50
-16,74,-14,118,33,-231,-97,46
-17,69,-15,117,31,-231,-98,41
-18,65,-17,115,29,-231,-100,37
-20,61,-18,114,29,-231,-101,32
-22,58,-18,114,29,-231,-103,29
-24,54,-18,114,29,-231,-106,25
-26,52,-18,114,29,-231,-107,23
-26,50,-19,113,29,-231,-107,20
-26,48,-20,112,29,-231,-104,17
-26,46,-21,111,29,-231,-104,14
-28,45,-21,111,29,-231,-106,13
-29,44,-21,111,29,-231,-108,13
-30,44,-21,111,29,-231,-108,13
-29,44,-21,111,29,-231,-108,13
-29,45,-21,111,29,-231,-108,13
-29,44,-21,111,29,-231,-108,13
-29,44,-21,111,29,-231,-108,13
-29,45,-21,111,29,-231,-108,13
-30,46,-21,111,29,-231,-108,14
-31,47,-21,111,29,-231,-109,15
-32,49,-21,111,29,-231,-111,17
-32,50,-21,111,29,-231,-111,19
-32,52,-21,111,29,-231,-111,20
-31,54,-21,112,29,-231,-109,23
-31,57,-20,113,29,-231,-112,25
-31,58,-20,114,29,-232,-112,26
-30,60,-20,115,29,-233,-112,29
-29,61,-19,115,29,-232,-111,30
-28,63,-19,116,29,-231,-111,32
-29,65,-19,116,29,-231,-111,34
-30,66,-20,117,29,-231,-114,35
-30,66,-20,117,29,-231,-114,35
-30,66,-20,117,29,-231,-114,35
-30,66,-20,117,29,-231,-114,35
-30,66,-19,115,29,-231,-112,35
-30,66,-18,114,28,-231,-112,37
-30,66,-18,114,27,-231,-112,37
-29,65,-18,114,28,-231,-111,36
-29,64,-18,114,29,-231,-111,35
-28,62,-18,115,29,-231,-109,32
-27,60,-18,114,28,-231,-108,31
-26,59,-17,113,27,-231,-104,30
-25,58,-16,113,28,-231,-103,29
-25,57,-16,112,29,-231,-104,29
-26,57,-16,112,29,-231,-106,28
-28,55,-16,112,30,-231,-107,26
-28,52,-15,112,29,-231,-107,23
-28,51,-14,111,28,-231,-103,24
-27,51,-15,110,28,-231,-103,24
-27,51,-15,110,28,-231,-103,21
-26,50,-16,109,28,-231,-102,20
-25,48,-16,109,27,-231,-102,19
-25,47,-16,109,26,-231,-101,18
-25,46,-17,109,25,-231,-101,17
-25,46,-17,109,24,-231,-101,18
-25,47,-17,108,24,-231,-101,18
-25,47,-16,108,25,-230,-101,18
-25,47,-15,106,25,-229,-98,20
-25,47,-14,104,25,-229,-98,20
-25,46,-14,103,24,-229,-98,20
-25,46,-15,103,24,-229,-98,20
-25,47,-15,104,25,-227,-98,20
-25,48,-15,104,25,-226,-100,21
-26,50,-14,104,25,-225,-100,23
-27,50,-12,106,25,-225,-101,24
-28,51,-11,107,25,-226,-102,28
-28,52,-11,107,25,-226,-102,29
-28,54,-11,107,25,-227,-102,30
-27,57,-11,107,25,-227,-101,34
-26,59,-11,107,24,-229,-100,32
-25,61,-11,107,24,-230,-100,37
-25,63,-10,108,24,-230,-98,40
-24,65,-8,109,24,-229,-98,42
-24,68,-7,110,24,-228,-101,45
-23,71,-7,111,25,-227,-100,48
-22,75,-7,110,25,-227,-100,51
-21,78,-7,110,25,-227,-98,54
-20,81,-8,110,25,-226,-97,58
-18,83,-7,110,25,-226,-96,61
-17,86,-7,111,25,-227,-95,63
-16,89,-5,113,24,-228,-92,67
-15,92,-4,114,25,-227,-92,72
-14,96,-3,114,25,-226,-91,75
-13,99,-4,113,25,-225,-91,79
-12,102,-4,113,25,-226,-90,80
-11,105,-4,114,25,-226,-89,83
-10,109,-3,115,25,-226,-87,89
-10,112,-1,116,25,-226,-87,92
-10,114,0,116,25,-226,-87,95
-9,117,0,117,25,-226,-90,97
-9,121,-1,118,25,-226,-89,102
-7,124,-2,119,25,-226,-87,102
-7,127,-3,119,26,-226,-90,104
-7,129,-3,119,26,-226,-87,107
-6,131,-3,119,26,-226,-86,109
-6,133,-3,120,27,-226,-89,112
-4,135,-3,121,27,-226,-87,113
-3,136,-4,121,28,-226,-86,114
-2,137,-3,120,28,-226,-85,115
-1,139,-3,120,28,-226,-84,118
0,142,-3,121,29,-226,-84,120
0,144,-2,122,30,-226,-84,123
0,144,-2,122,30,-226,-83,123
0,143,-2,122,30,-226,-83,122
0,144,-2,122,29,-226,-83,123
-1,145,-1,123,29,-226,-84,126
-2,147,0,124,30,-226,-85,128
-2,148,0,123,29,-226,-86,129
-2,147,-1,122,30,-226,-85,128
0,145,-2,122,29,-226,-84,124
0,144,-2,122,29,-226,-83,123
0,143,-2,122,29,-226,-83,122
-1,143,-1,122,30,-226,-84,124
-3,142,-1,123,30,-226,-86,124
-4,142,-1,123,29,-226,-87,123
-6,140,0,123,28,-226,-89,122
-5,139,0,123,28,-226,-89,119
-5,137,0,123,28,-226,-87,118
-5,136,-1,122,29,-226,-87,114
-6,134,-2,122,30,-226,-89,113
-7,133,-3,121,30,-226,-90,111
-8,130,-3,120,30,-226,-91,108
-8,128,-4,121,29,-226,-91,106
-7,126,-3,121,28,-226,-90,104
-7,125,-3,120,26,-226,-90,103
-7,123,-3,120,26,-226,-90,101
-8,121,-4,118,28,-226,-89,100
-8,118,-5,116,28,-226,-87,96
-7,116,-6,116,28,-226,-87,93
-7,113,-5,117,27,-226,-87,91
-8,111,-5,118,27,-226,-89,89
-9,110,-5,118,28,-226,-90,89
-9,109,-6,117,30,-226,-89,87
-8,108,-6,116,30,-226,-87,86
-7,106,-5,115,29,-226,-87,84
-8,105,-5,114,28,-226,-86,83
-10,104,-4,114,28,-226,-87,85
-11,104,-4,114,28,-226,-89,84
-12,104,-4,113,29,-226,-90,84
-12,104,-4,113,30,-226,-90,84
-11,104,-4,114,30,-226,-89,81
-11,103,-4,114,29,-226,-89,83
-10,101,-4,114,28,-226,-87,81
-9,100,-4,113,28,-226,-86,78
-9,99,-5,113,28,-226,-86,76
-10,99,-5,112,29,-226,-87,76
-10,101,-5,113,30,-226,-87,79
-10,103,-4,113,30,-226,-87,80
-8,105,-4,114,29,-226,-86,85
-8,107,-4,114,29,-226,-85,87
-8,108,-4,114,29,-226,-85,89
-9,109,-4,114,30,-226,-86,90
-10,110,-4,115,29,-226,-87,87
-10,111,-5,115,29,-226,-90,89
-10,112,-6,115,29,-226,-90,90
-10,114,-6,117,29,-226,-90,92
-10,117,-6,118,29,-226,-90,95
-9,120,-5,120,29,-226,-92,98
-9,123,-4,121,29,-226,-92,101
-9,126,-3,121,29,-227,-92,104
-9,130,-3,120,29,-227,-92,108
-8,132,-3,120,29,-228,-91,111
-7,134,-3,120,29,-227,-91,112
-6,135,-3,120,29,-226,-90,113
-5,137,-3,120,29,-226,-89,115
-4,139,-3,120,29,-227,-87,118
-4,141,-3,120,29,-228,-87,119
-4,143,-3,120,29,-227,-87,122
-4,145,-3,121,29,-227,-87,124
-4,148,-3,121,29,-226,-87,128
-4,151,-2,122,29,-226,-87,130
-4,152,-3,122,29,-226,-87,131
-3,153,-3,121,29,-226,-87,131
-3,155,-3,121,29,-226,-86,134
-2,157,-3,121,29,-226,-85,136
-1,160,-3,123,29,-226,-85,139
0,161,-3,124,29,-226,-86,140
1,161,-3,125,29,-226,-85,140
1,161,-3,125,29,-226,-85,140
0,161,-5,124,29,-226,-85,140
1,161,-6,124,29,-226,-84,137
2,162,-6,125,29,-226,-83,139
3,163,-5,126,29,-226,-81,142
4,163,-4,126,29,-226,-81,142
3,162,-5,126,29,-226,-83,139
2,160,-5,125,29,-226,-84,136
2,158,-6,125,29,-226,-83,134
3,157,-6,125,29,-226,-83,134
3,157,-7,125,29,-226,-81,134
4,156,-7,124,29,-226,-81,133
5,154,-6,123,29,-226,-80,130
5,151,-6,122,29,-226,-80,130
4,148,-6,123,29,-226,-80,124
4,146,-7,124,29,-226,-81,123
3,144,-7,124,29,-226,-83,120
2,141,-6,123,29,-226,-83,117
1,138,-5,121,29,-226,-81,117
0,134,-4,120,29,-226,-81,113
0,131,-5,119,29,-226,-81,109
0,129,-6,119,29,-226,-83,107
-1,126,-7,118,29,-226,-84,104
-3,123,-7,117,29,-226,-84,102
-5,120,-7,117,29,-226,-85,98
-6,117,-6,118,29,-226,-86,95
-7,113,-6,119,29,-226,-90,91
-8,110,-6,119,29,-226,-90,87
-8,107,-7,118,29,-226,-91,85
-8,107,-7,117,29,-226,-87,85
-7,106,-7,116,29,-226,-86,84
-6,105,-5,115,29,-226,-84,83
-7,103,-3,114,29,-226,-85,84
-9,102,-2,114,29,-226,-86,81
-10,101,-3,115,29,-226,-87,81
-10,100,-3,115,29,-226,-87,80
-10,100,-4,114,29,-226,-87,80
-10,101,-3,114,29,-226,-87,81
-11,102,-1,116,29,-226,-89,83
-12,104,0,117,29,-226,-92,84
-11,104,0,117,29,-226,-91,84
-10,105,0,117,29,-226,-90,85
-9,107,0,117,29,-226,-89,87
-9,109,0,117,29,-226,-90,90
-10,112,0,117,29,-226,-90,92
-10,114,0,117,29,-226,-90,95
-9,116,0,118,29,-226,-89,97
-7,119,0,118,29,-226,-87,100
-6,122,1,119,29,-226,-86,102
-6,125,2,119,29,-226,-86,106
-7,127,2,120,29,-226,-87,109
-7,129,3,120,29,-226,-87,112
-6,131,3,120,29,-226,-86,114
-6,133,2,120,29,-226,-86,117
-5,134,2,120,29,-226,-86,118
-6,135,2,120,29,-226,-86,118
-7,135,2,120,29,-226,-87,118
-7,136,3,121,29,-226,-87,119
-7,136,2,120,29,-226,-87,119
-7,136,2,119,29,-226,-87,117
-6,135,0,118,29,-226,-87,115
-6,134,-1,118,29,-226,-87,115
-7,134,-3,119,29,-226,-90,112
-8,132,-3,120,29,-226,-91,111
-9,130,-4,121,30,-226,-92,108
-9,126,-5,120,30,-226,-91,104
-9,122,-6,118,30,-226,-90,100
-9,118,-7,117,29,-226,-90,96
-10,114,-7,117,29,-226,-90,92
-10,110,-7,117,30,-226,-90,87
-12,104,-8,116,31,-226,-91,81
-14,99,-10,115,33,-226,-95,74
-17,93,-11,115,35,-226,-97,68
-18,89,-12,115,35,-226,-98,63
-18,84,-12,115,34,-226,-97,59
-17,79,-13,114,33,-226,-96,53
-17,73,-14,112,32,-226,-96,47
-18,67,-14,111,31,-226,-93,41
-18,63,-15,110,31,-226,-95,36
-20,59,-16,109,31,-226,-96,30
-20,56,-17,109,31,-226,-96,28
-21,53,-18,108,31,-226,-97,24
-21,50,-18,107,31,-226,-97,21
-22,48,-18,107,31,-226,-98,19
-23,47,-18,108,32,-226,-100,19
-25,47,-18,108,32,-226,-101,18
-25,47,-18,108,32,-226,-102,18
-25,46,-18,107,32,-226,-102,18
-25,46,-18,107,31,-226,-101,17
-23,47,-18,107,31,-226,-100,19
-23,49,-18,108,30,-226,-98,20
-23,53,-17,108,30,-226,-100,24
-23,57,-17,109,30,-226,-100,28
-23,61,-16,109,31,-226,-100,32
-22,65,-15,110,32,-226,-98,39
-22,69,-15,110,31,-226,-98,43
-21,73,-14,111,30,-226,-97,47
-20,78,-13,112,29,-226,-98,52
-19,83,-12,112,29,-226,-98,58
-18,89,-11,114,29,-226,-97,63
-18,95,-9,115,30,-226,-98,70
-17,101,-8,116,30,-227,-97,78
-17,107,-7,117,29,-230,-97,84
-16,112,-7,117,29,-231,-96,90
-16,119,-7,119,29,-231,-98,96
-15,124,-7,122,29,-231,-101,100
-15,129,-7,124,29,-231,-101,104
-14,132,-7,125,29,-231,-100,107
-13,134,-7,124,29,-231,-98,111
-11,137,-7,124,29,-231,-97,113
-10,140,-7,124,29,-231,-96,115
-10,142,-7,124,29,-231,-96,118
-10,143,-5,125,29,-231,-96,119
-11,144,-4,126,29,-231,-97,123
-11,144,-4,126,29,-231,-97,122
-10,142,-5,126,29,-231,-96,118
-10,139,-6,125,29,-231,-96,115
-11,137,-6,125,29,-231,-96,112
-11,133,-6,125,29,-231,-96,109
-11,130,-6,125,29,-231,-96,106
-11,126,-7,124,29,-231,-96,102
-11,121,-8,123,29,-231,-96,96
-12,115,-10,122,29,-231,-97,90
-13,109,-10,121,29,-231,-97,84
-13,103,-10,120,29,-231,-95,78
-13,96,-8,118,29,-231,-95,70
-14,88,-8,116,29,-231,-93,62
-15,80,-9,115,29,-231,-95,54
-17,73,-11,114,29,-231,-96,47
-18,67,-12,113,29,-231,-97,41
-18,62,-13,112,29,-231,-97,36
-19,56,-14,111,29,-231,-95,30
-21,49,-16,109,29,-231,-97,20
-22,42,-17,108,29,-231,-98,13
-25,36,-18,107,29,-231,-101,7
-26,31,-19,106,29,-231,-102,2
-28,27,-21,105,29,-231,-103,-2
-29,23,-21,104,29,-231,-104,-6
-29,18,-22,104,29,-231,-102,-10
-30,14,-23,103,29,-231,-102,-17
-30,12,-24,102,29,-231,-103,-20
-31,10,-25,101,29,-231,-103,-21
-32,9,-25,101,29,-231,-106,-23
-34,8,-25,101,29,-231,-107,-23
-35,8,-25,101,29,-231,-107,-23
-36,10,-25,101,29,-231,-108,-21
-36,11,-25,101,29,-231,-109,-20
-37,12,-25,101,29,-231,-109,-19
-37,14,-25,101,29,-231,-111,-18
-37,16,-25,101,29,-231,-111,-15
-38,18,-24,102,29,-231,-111,-13
-38,23,-23,103,29,-231,-112,-8
-38,28,-22,104,29,-231,-112,-1
-38,32,-21,104,29,-231,-112,3
-38,36,-21,105,30,-231,-114,7
-38,39,-20,108,31,-231,-114,10
-38,43,-21,110,31,-231,-117,12
-38,47,-21,111,31,-231,-117,15
-37,51,-21,112,30,-231,-117,19
-36,55,-20,112,29,-231,-115,24
-36,59,-19,113,29,-231,-115,30
-35,62,-18,114,29,-231,-117,32
-34,65,-18,115,29,-231,-115,36
-32,69,-18,115,29,-231,-114,41
-30,73,-18,114,29,-231,-112,45
-28,76,-17,113,29,-231,-108,48
-27,79,-17,113,29,-231,-107,51
-27,81,-17,113,29,-231,-107,52
-27,83,-18,114,29,-233,-109,54
-27,84,-15,115,29,-234,-109,56
-26,85,-13,115,29,-234,-106,59
-24,86,-11,114,29,-235,-104,61
-22,87,-11,113,29,-234,-102,62
-21,87,-13,112,29,-233,-101,62
-19,87,-14,112,29,-233,-98,62
-19,87,-14,112,29,-233,-98,62
-18,86,-13,112,29,-234,-97,61
-18,85,-14,111,29,-235,-95,59
-18,84,-15,111,29,-235,-95,59
-18,84,-15,111,29,-234,-97,58
-18,84,-14,111,29,-234,-95,58
-17,83,-13,110,29,-234,-93,57
-16,81,-12,108,29,-233,-90,56
-15,80,-12,107,29,-233,-89,54
-15,79,-12,108,29,-232,-90,53
-17,79,-12,108,29,-232,-93,53
-18,78,-12,108,29,-231,-95,53
-19,78,-12,107,29,-231,-93,52
-19,77,-11,107,29,-231,-93,54
-19,77,-11,107,29,-231,-93,54
-20,77,-11,107,29,-231,-95,54
-21,77,-11,107,29,-231,-96,51
-22,76,-11,107,29,-231,-96,50
-23,75,-11,107,29,-231,-97,52
-22,76,-11,107,29,-231,-97,53
-21,78,-11,107,29,-231,-96,54
-21,80,-11,107,29,-231,-96,54
-21,82,-11,107,29,-231,-96,59
-22,83,-10,108,29,-231,-97,61
-24,85,-8,109,29,-231,-98,62
-25,87,-7,110,29,-231,-102,64
-25,90,-7,111,29,-231,-102,67
-23,92,-8,111,29,-231,-101,69
-22,95,-8,110,29,-231,-100,72
-21,97,-7,109,29,-231,-96,74
-20,99,-4,109,29,-231,-95,79
-20,101,-2,109,29,-231,-95,81
-19,104,0,110,29,-231,-95,84
-18,108,0,111,29,-231,-93,87
-17,111,0,111,29,-231,-92,91
-15,113,0,111,29,-231,-91,96
-14,115,0,110,29,-231,-90,98
-12,119,1,110,29,-231,-85,102
-10,122,3,110,29,-231,-84,106
-9,126,3,112,29,-231,-85,109
-8,130,4,112,29,-231,-84,113
-8,132,4,111,29,-231,-81,118
-8,135,5,110,29,-231,-81,122
-8,137,7,110,29,-231,-81,124
-7,140,8,112,29,-231,-80,125
-5,142,9,113,29,-231,-81,129
-3,146,9,113,29,-231,-76,133
-1,150,10,112,29,-231,-75,139
-1,153,10,112,29,-231,-74,142
0,154,11,113,29,-231,-74,144
0,156,13,114,29,-231,-73,145
1,158,14,114,29,-231,-72,147
1,159,16,113,29,-231,-72,151
1,161,16,112,29,-231,-72,153
2,162,16,112,29,-231,-72,155
3,164,15,112,29,-231,-70,156
3,166,16,112,31,-231,-69,158
5,169,17,114,32,-231,-68,161
5,171,18,115,34,-231,-68,163
5,173,19,115,35,-231,-68,166
5,174,20,116,35,-231,-68,167
5,177,20,116,34,-231,-68,169
6,179,19,115,32,-231,-68,172
6,181,19,116,32,-231,-67,173
7,181,19,116,33,-230,-67,174
8,182,19,116,34,-230,-65,174
9,183,20,116,34,-229,-64,175
10,186,21,117,34,-229,-64,179
10,188,21,118,34,-230,-63,184
10,191,21,119,34,-230,-65,184
11,193,21,120,34,-231,-65,186
12,195,21,121,34,-230,-64,187
14,196,21,122,34,-230,-65,189
15,196,20,122,34,-230,-64,189
15,196,19,123,34,-231,-64,189
14,198,20,122,36,-232,-64,191
14,200,21,122,38,-232,-64,194
15,202,21,121,39,-232,-61,196
17,204,21,121,39,-231,-59,197
17,203,21,121,39,-230,-59,196
17,203,21,122,39,-229,-62,196
16,203,21,121,39,-228,-61,196
16,204,21,120,39,-228,-61,197
17,205,22,120,39,-228,-59,201
18,207,22,120,39,-227,-58,201
19,209,21,121,39,-227,-57,202
20,210,20,122,39,-227,-59,203
20,209,20,122,39,-227,-59,202
19,206,20,123,41,-227,-59,200
18,204,20,123,43,-227,-61,197
17,203,20,122,44,-227,-62,196
17,203,20,122,45,-227,-62,196
16,203,20,122,44,-227,-63,196
16,202,20,123,44,-227,-63,195
16,198,20,123,44,-227,-63,191
16,195,20,123,44,-227,-63,189
16,193,19,122,44,-227,-63,186
16,190,18,120,44,-227,-59,183
17,187,16,120,44,-227,-59,178
16,185,15,120,44,-227,-62,175
15,182,14,122,44,-227,-63,172
14,178,13,123,44,-227,-67,168
12,174,13,123,44,-227,-68,162
11,171,13,123,44,-227,-69,158
9,167,13,123,44,-227,-72,157
8,165,13,123,44,-227,-73,155
7,163,13,122,44,-226,-73,152
7,160,12,122,44,-223,-73,147
6,157,9,122,45,-222,-74,144
5,154,7,122,46,-222,-75,139
3,151,6,123,46,-224,-78,135
1,149,6,123,47,-224,-81,133
1,146,6,123,48,-224,-79,130
1,143,6,124,49,-223,-81,126
2,141,5,125,50,-222,-80,124
1,139,3,125,50,-222,-81,120
0,138,1,124,49,-222,-81,119
0,137,0,122,49,-223,-83,118
0,134,0,122,49,-222,-84,115
0,133,0,123,50,-222,-83,113
0,132,0,124,49,-222,-83,113
0,133,0,124,49,-222,-83,114
0,133,0,123,49,-222,-81,114
0,132,-1,122,49,-222,-83,111
0,131,-2,122,49,-223,-84,109
-2,130,-2,122,49,-223,-85,108
-3,129,-1,122,49,-222,-85,107
-2,129,-1,122,49,-221,-85,111
0,130,-2,122,49,-220,-84,109
0,131,-3,120,49,-221,-83,109
0,132,-4,120,49,-221,-83,111
-1,132,-4,121,49,-220,-84,111
-1,132,-3,121,49,-219,-84,111
-1,132,-3,120,49,-219,-84,111
0,132,-3,120,49,-220,-84,111
0,133,-3,120,49,-220,-83,112
0,134,-3,121,49,-221,-83,112
0,134,-3,122,49,-221,-83,113
-1,135,-3,123,49,-222,-87,113
-1,136,-5,123,49,-222,-87,114
0,137,-6,123,49,-221,-86,113
0,139,-7,124,49,-219,-85,114
1,139,-6,125,50,-218,-84,115
2,140,-6,125,50,-217,-83,115
2,139,-6,125,50,-217,-83,115
2,139,-6,125,50,-218,-83,115
1,139,-6,125,50,-218,-84,115
1,140,-6,125,50,-217,-84,117
0,142,-5,126,50,-217,-85,122
0,144,-4,126,50,-217,-85,123
0,145,-3,127,50,-217,-87,124
1,145,-4,129,50,-218,-86,120
0,144,-5,130,50,-217,-89,120
0,144,-5,129,50,-217,-87,120
0,144,-6,128,50,-217,-89,119
0,144,-7,127,50,-218,-89,120
0,144,-8,127,49,-219,-87,119
0,143,-9,129,49,-220,-87,119
1,140,-9,129,49,-219,-89,114
0,139,-10,128,50,-218,-89,112
0,137,-10,128,50,-217,-89,111
-2,137,-10,128,50,-217,-90,111
-2,137,-10,128,50,-217,-90,111
-2,137,-10,128,50,-218,-90,111
-1,136,-10,128,50,-217,-89,109
0,134,-10,128,50,-217,-87,107
0,133,-10,128,50,-217,-87,106
0,132,-10,128,49,-217,-87,106
0,133,-10,128,48,-217,-87,106
0,133,-10,128,48,-217,-87,106
0,133,-10,127,49,-217,-87,106
0,132,-10,128,49,-217,-87,106
0,132,-9,129,48,-217,-90,108
1,134,-8,130,46,-217,-89,109
2,136,-7,130,46,-217,-87,112
2,138,-7,130,48,-217,-87,114
2,139,-7,130,49,-217,-87,115
3,140,-7,130,49,-217,-86,117
4,141,-6,131,48,-217,-85,117
5,143,-5,132,47,-217,-84,119
6,146,-4,133,46,-217,-84,122
6,149,-4,133,45,-217,-84,125
7,152,-4,133,45,-217,-83,128
8,155,-4,134,45,-217,-81,131
10,157,-4,134,45,-217,-80,134
11,160,-2,133,45,-217,-79,139
12,163,0,133,45,-217,-78,142
13,166,2,133,45,-217,-74,148
14,170,3,134,45,-217,-76,152
15,174,3,135,45,-217,-75,157
15,178,1,136,46,-218,-75,158
16,181,1,136,47,-218,-74,161
17,183,1,136,46,-217,-73,163
18,185,3,136,45,-216,-73,168
18,188,6,137,45,-215,-73,170
17,192,7,137,45,-214,-74,175
17,196,7,137,45,-213,-74,179
17,200,7,137,45,-214,-74,183
18,202,7,137,45,-216,-74,185
18,204,7,137,45,-216,-73,187
19,206,7,137,45,-214,-72,190
19,209,7,137,45,-213,-72,191
19,210,7,137,46,-212,-73,192
19,210,8,138,46,-212,-73,194
20,211,8,138,47,-213,-72,196
22,211,8,138,46,-213,-69,195
23,212,7,137,46,-212,-68,195
23,212,7,137,45,-212,-68,196
23,212,7,137,45,-212,-68,196
23,212,7,137,45,-212,-68,196
23,212,7,137,45,-212,-68,196
22,212,7,137,45,-212,-69,195
21,209,7,137,45,-212,-70,192
21,207,7,137,45,-213,-70,190
20,204,6,136,45,-213,-70,186
20,201,6,136,45,-212,-70,184
18,198,6,136,45,-211,-73,181
17,196,5,136,45,-210,-74,179
15,193,4,135,45,-209,-75,177
15,189,3,134,45,-209,-76,172
14,185,3,134,45,-208,-76,168
13,180,3,134,45,-207,-75,162
11,176,4,133,45,-207,-76,158
10,172,3,132,45,-207,-78,153
10,168,2,131,45,-208,-78,150
9,164,0,131,45,-207,-79,144
7,159,0,131,45,-207,-80,139
5,154,-1,130,45,-207,-83,134
3,149,-1,127,45,-208,-83,128
2,145,-2,126,45,-208,-83,124
2,141,-3,126,45,-207,-83,120
1,137,-3,127,45,-206,-84,115
1,133,-3,126,45,-204,-84,112
0,129,-3,122,46,-202,-83,108
-1,125,-3,120,46,-202,-84,103
-2,121,-5,121,46,-202,-85,100
-4,118,-6,123,46,-203,-89,93
-5,115,-6,124,46,-203,-90,90
-7,112,-6,123,46,-202,-92,87
-8,110,-6,121,46,-202,-90,87
-7,108,-7,120,46,-202,-90,83
-7,105,-8,120,46,-202,-90,80
-7,102,-8,121,46,-202,-89,78
-7,101,-7,122,46,-202,-92,76
-9,101,-6,122,46,-202,-91,79
-9,102,-5,122,46,-202,-91,80
-8,104,-5,122,46,-202,-90,81
-7,105,-4,122,46,-202,-90,83
-7,106,-3,121,46,-202,-90,84
-8,107,-3,120,46,-202,-91,85
-9,109,-3,120,46,-202,-91,86
-9,111,-4,120,46,-202,-91,89
-7,113,-3,121,46,-202,-90,91
-6,117,-2,122,46,-202,-89,95
-5,120,-1,122,46,-202,-87,101
-5,123,0,123,46,-202,-89,103
-5,126,0,124,46,-202,-87,106
-4,129,0,125,46,-202,-87,109
-3,132,2,126,46,-202,-89,113
-3,135,3,127,46,-202,-89,117
-3,138,3,127,46,-202,-89,119
-3,140,3,127,46,-202,-89,120
-3,142,3,127,46,-202,-89,123
-2,144,3,127,46,-202,-87,125
-1,146,3,127,46,-202,-87,128
-2,148,3,127,46,-202,-89,130
-3,149,3,127,46,-202,-90,130
-3,149,3,127,46,-202,-89,130
-1,149,3,127,46,-202,-87,130
0,150,3,127,46,-202,-85,131
0,151,3,127,46,-202,-86,131
-2,152,3,127,46,-202,-87,133
-3,151,3,127,46,-202,-90,133
-3,149,2,126,46,-202,-90,130
-3,146,0,125,46,-202,-86,128
-3,143,0,123,46,-202,-86,124
-3,141,0,123,46,-203,-86,123
-5,139,0,124,46,-203,-89,120
-7,136,0,123,46,-202,-90,117
-8,132,-1,123,46,-201,-91,113
-9,129,-2,122,46,-199,-92,107
-9,126,-3,120,46,-198,-92,103
-9,122,-4,120,46,-197,-92,100
-9,118,-4,120,46,-198,-92,96
-10,114,-5,119,46,-198,-92,92
-11,110,-6,119,46,-198,-93,87
-12,105,-6,118,46,-198,-92,83
-14,101,-7,117,46,-198,-93,79
-14,98,-7,117,46,-198,-95,75
-14,95,-7,117,46,-198,-93,73
-14,91,-7,117,46,-198,-93,68
-15,87,-8,116,46,-198,-95,64
-16,84,-10,115,46,-198,-96,59
-16,83,-10,114,46,-198,-96,57
-16,81,-11,114,46,-198,-95,56
-15,80,-11,114,46,-198,-95,54
-16,79,-10,114,48,-198,-96,53
-18,78,-10,114,50,-198,-97,52
-19,77,-10,114,50,-198,-98,51
-19,76,-11,114,48,-198,-98,51
-19,75,-11,114,46,-198,-98,50
-19,76,-11,114,46,-198,-98,51
-19,77,-11,114,47,-198,-98,51
-19,78,-11,114,48,-198,-98,52
-19,77,-11,114,47,-198,-98,52
-20,78,-11,114,46,-198,-98,52
-20,79,-11,114,47,-198,-100,53
-21,80,-11,114,50,-198,-101,54
-22,82,-11,114,51,-198,-101,56
-23,83,-11,114,50,-198,-102,57
-24,85,-11,114,48,-198,-103,59
-24,86,-11,114,47,-198,-104,61
-24,87,-11,114,48,-198,-104,62
-24,88,-11,114,49,-198,-103,63
-24,90,-11,114,49,-198,-103,64
-25,90,-11,114,47,-198,-104,64
-26,90,-10,114,46,-198,-106,64
-27,90,-11,114,46,-198,-107,64
-27,90,-11,114,46,-198,-107,64
-26,90,-11,114,46,-198,-106,65
-26,90,-10,114,46,-198,-106,64
-27,88,-10,114,46,-198,-107,63
-28,86,-11,114,48,-198,-107,61
-28,84,-12,113,50,-198,-108,58
-29,81,-12,113,50,-198,-109,56
-29,79,-12,113,48,-198,-109,53
-29,76,-10,113,46,-198,-109,50
-30,74,-9,113,46,-198,-107,50
-32,71,-9,112,46,-198,-108,47
-32,68,-9,110,46,-198,-109,45
-33,65,-10,108,46,-198,-107,41
-33,61,-11,107,46,-198,-107,35
-33,59,-11,107,46,-198,-107,32
-33,56,-11,107,46,-198,-107,32
-34,53,-10,106,46,-198,-108,29
-34,50,-10,106,46,-198,-108,25
-35,47,-10,106,46,-198,-108,23
-35,45,-10,105,46,-198,-109,20
-34,43,-9,104,46,-198,-106,19
-34,42,-8,104,46,-198,-104,18
-33,42,-8,103,47,-198,-104,18
-33,42,-8,103,47,-198,-104,18
-34,42,-8,104,47,-198,-104,18
-34,42,-8,104,48,-198,-106,18
-33,42,-8,104,50,-198,-104,18
-32,43,-8,103,50,-198,-103,18
-31,45,-8,103,50,-198,-102,20
-31,47,-8,104,49,-198,-102,24
-32,50,-7,104,49,-198,-103,26
-32,53,-6,105,50,-198,-103,31
-32,56,-6,105,51,-198,-103,34
-31,59,-5,106,51,-198,-102,37
-29,62,-4,107,50,-199,-101,41
-27,66,-4,107,50,-199,-100,45
-26,70,-4,107,50,-199,-98,50
-25,75,-4,107,51,-200,-97,53
-26,79,-3,108,50,-201,-98,58
-26,83,-2,109,50,-202,-101,63
-25,87,0,110,50,-203,-100,67
-22,93,0,110,50,-203,-97,73
-20,99,-1,110,50,-203,-95,79
-18,104,-1,110,50,-203,-93,84
-17,108,0,111,51,-203,-92,91
-17,113,1,112,51,-203,-92,96
-16,118,2,113,51,-203,-91,101
-14,123,2,114,50,-203,-90,106
-13,127,2,113,50,-203,-89,111
-11,131,2,113,51,-203,-87,114
-10,134,2,113,52,-203,-85,117
-9,137,3,114,53,-203,-85,120
-8,141,4,116,54,-203,-87,124
-8,145,4,118,55,-203,-86,129
-7,149,3,119,55,-203,-89,133
-6,152,3,119,55,-203,-87,136
-4,154,3,119,54,-203,-85,139
-3,156,4,120,54,-203,-85,140
-2,159,6,121,54,-203,-84,142
-2,161,7,122,54,-203,-84,146
-1,163,7,122,54,-203,-83,147
-1,165,8,121,54,-204,-83,152
0,166,9,120,54,-203,-79,152
0,166,10,121,54,-202,-80,153
1,167,11,123,54,-200,-79,153
2,169,12,124,55,-198,-79,156
2,171,13,124,56,-198,-79,158
1,172,12,124,56,-198,-80,159
0,172,12,124,56,-198,-81,159
0,172,12,124,56,-198,-80,159
1,172,12,124,56,-198,-80,159
1,173,13,123,56,-198,-79,159
2,173,12,124,56,-198,-79,159
2,173,10,125,56,-198,-81,159
2,173,10,126,56,-198,-81,159
2,173,9,127,56,-198,-81,157
1,173,9,127,56,-198,-81,157
1,173,10,126,56,-198,-83,159
0,172,10,126,56,-198,-83,159
1,170,9,127,56,-198,-83,155
2,169,10,127,56,-198,-81,156
3,168,10,127,56,-198,-80,156
3,168,10,126,55,-199,-80,155
1,167,8,126,56,-198,-81,151
0,165,6,125,56,-197,-83,150
0,163,5,125,56,-195,-83,147
1,161,5,124,56,-193,-83,145
2,159,5,125,56,-193,-81,144
1,158,4,126,56,-193,-81,140
0,155,3,127,56,-194,-85,137
-1,153,1,126,55,-194,-86,134
-2,150,0,125,56,-193,-87,131
-2,147,0,124,57,-194,-85,128
-1,144,0,123,60,-194,-85,125
-2,140,0,123,61,-194,-85,122
-3,138,-1,123,61,-194,-86,117
-5,136,-3,123,61,-194,-89,114
-5,133,-5,124,61,-194,-91,111
-5,130,-5,125,61,-194,-90,106
-5,126,-6,126,61,-194,-91,102
-6,124,-7,125,61,-194,-91,100
-6,122,-7,124,61,-194,-91,97
-7,119,-7,124,61,-194,-92,95
-8,115,-6,124,61,-194,-93,91
-9,113,-7,124,61,-194,-95,87
-9,111,-8,123,61,-194,-95,86
-9,109,-9,122,61,-194,-95,84
-9,107,-10,121,61,-194,-95,83
-10,105,-11,120,61,-194,-95,80
-11,104,-10,121,61,-194,-96,79
-12,104,-10,121,61,-194,-97,79
-12,104,-10,121,61,-194,-96,79
-11,104,-10,121,61,-194,-96,79
-12,104,-10,121,61,-194,-96,79
-12,104,-10,121,61,-194,-97,79
-11,104,-10,121,61,-194,-96,79
-10,105,-11,121,61,-194,-95,80
-10,107,-10,121,61,-194,-95,83
-9,109,-10,121,61,-194,-95,84
-9,111,-10,122,61,-194,-95,86
-8,112,-9,122,61,-194,-93,87
-8,113,-9,124,61,-194,-92,89
-7,115,-9,125,61,-194,-95,91
-7,119,-9,126,61,-194,-95,95
-6,122,-9,127,61,-194,-93,97
-5,126,-10,127,61,-194,-93,98
-5,128,-10,128,61,-194,-92,101
-4,131,-10,128,61,-194,-93,103
-3,133,-10,128,61,-194,-91,106
-2,135,-10,127,61,-194,-90,108
-2,137,-10,126,61,-194,-90,112
-3,138,-9,126,59,-194,-91,114
-3,140,-8,128,58,-194,-91,117
-3,143,-7,130,58,-194,-95,119
-3,146,-7,131,59,-194,-93,122
-3,148,-6,131,60,-194,-93,124
-3,150,-6,131,59,-194,-93,125
-3,149,-7,131,58,-194,-93,125
-3,149,-7,131,57,-194,-93,125
-3,148,-7,131,57,-194,-93,124
-3,149,-7,131,58,-194,-93,125
-3,149,-7,131,58,-194,-93,125
-2,149,-6,131,58,-194,-93,125
-3,148,-6,131,58,-194,-93,124
-3,147,-7,131,59,-194,-95,123
-4,145,-7,130,59,-194,-95,122
-5,143,-8,130,59,-194,-96,119
-4,140,-8,129,58,-194,-95,115
-3,137,-9,128,58,-194,-91,111
-3,134,-10,128,58,-194,-91,107
-4,132,-10,128,57,-194,-92,104
-5,129,-10,128,57,-194,-93,102
-7,127,-10,128,57,-194,-95,101
-6,125,-10,128,58,-194,-93,98
-5,123,-10,128,59,-194,-92,96
-4,120,-10,128,59,-194,-91,93
-4,117,-10,128,58,-194,-91,90
-4,115,-10,128,56,-193,-92,87
-5,113,-10,128,56,-193,-92,86
-6,113,-11,129,56,-193,-96,86
-6,112,-12,130,56,-193,-96,85
-6,111,-13,129,56,-193,-96,84
-5,109,-13,128,56,-193,-95,83
-4,108,-14,128,56,-193,-93,80
-5,107,-15,128,56,-193,-95,76
-6,107,-17,128,56,-193,-95,76
-6,107,-16,130,56,-193,-97,78
-5,109,-15,131,56,-193,-97,79
-5,112,-13,131,56,-193,-97,81
-5,113,-12,131,56,-193,-95,86
-5,113,-11,130,56,-193,-95,86
-4,113,-12,130,56,-193,-93,86
-3,114,-12,130,56,-193,-92,87
-2,116,-13,130,56,-193,-92,89
-2,119,-12,130,56,-193,-92,91
-3,122,-11,129,56,-193,-92,95
-2,124,-11,129,56,-193,-92,97
-2,126,-11,129,56,-193,-92,100
-2,128,-11,129,56,-193,-92,101
-3,129,-10,128,56,-193,-92,102
-4,130,-10,128,56,-193,-91,103
-5,132,-10,128,56,-193,-92,104
-6,133,-10,128,56,-193,-93,107
-6,134,-10,128,56,-193,-95,108
-6,135,-10,128,56,-193,-95,108
-6,135,-10,128,56,-193,-93,108
-6,135,-10,128,56,-193,-93,108
-6,134,-10,128,56,-193,-95,108
-7,134,-10,127,56,-193,-96,107
-9,133,-9,127,56,-193,-97,108
-10,131,-9,127,56,-193,-98,107
-10,129,-9,126,56,-193,-98,104
-10,125,-9,126,56,-193,-98,101
-11,122,-8,126,56,-193,-98,97
-12,119,-8,126,56,-193,-100,93
-14,115,-9,126,55,-193,-102,90
-16,112,-10,126,54,-194,-103,84
-17,107,-12,124,54,-194,-104,79
-17,101,-13,124,55,-193,-104,73
-16,95,-13,124,55,-192,-103,68
-16,90,-14,125,54,-191,-103,62
-18,85,-15,124,54,-191,-104,57
-21,81,-16,122,54,-191,-108,50
-24,75,-17,121,54,-191,-108,43
-26,69,-17,121,54,-191,-111,37
-26,63,-17,121,52,-191,-111,31
-26,57,-18,120,51,-190,-111,25
-27,50,-20,119,51,-188,-111,19
-29,45,-21,118,51,-188,-113,13
-32,39,-21,118,51,-190,-115,7
-34,34,-21,118,51,-191,-117,2
-35,30,-22,117,51,-190,-118,-2
-35,26,-23,116,51,-189,-118,-6
-36,23,-24,115,51,-188,-115,-10
-36,20,-26,113,51,-188,-117,-14
-37,16,-27,112,51,-188,-118,-18
-38,12,-28,112,51,-188,-118,-23
-39,8,-28,111,51,-188,-119,-26
-39,6,-28,112,51,-189,-119,-29
-41,4,-28,112,51,-190,-120,-31
-42,3,-28,111,51,-191,-122,-32
-43,1,-29,110,51,-192,-123,-34
-45,1,-31,109,51,-193,-125,-36
-45,2,-31,109,51,-193,-125,-35
-46,2,-31,109,51,-193,-125,-35
-45,2,-30,110,51,-193,-125,-32
-45,2,-29,111,51,-193,-125,-32
-44,4,-28,111,51,-193,-124,-30
-44,7,-28,112,51,-193,-124,-28
-44,10,-28,112,51,-193,-124,-25
-45,12,-28,112,51,-193,-125,-23
-45,15,-28,112,51,-195,-125,-20
-44,18,-28,111,51,-196,-125,-17
-43,21,-27,110,51,-196,-124,-13
-43,26,-27,110,51,-195,-124,-8
-43,31,-26,111,51,-195,-124,-3
-42,36,-26,113,51,-196,-123,1
-40,40,-25,115,51,-198,-124,6
-39,44,-23,116,50,-198,-123,9
-37,49,-22,117,51,-198,-120,18
-36,55,-21,118,51,-198,-120,24
-35,62,-20,117,51,-198,-119,30
-34,68,-18,115,51,-198,-115,36
-33,72,-18,115,51,-198,-114,43
-31,76,-18,116,51,-198,-113,47
-28,80,-16,118,51,-198,-113,51
-27,84,-14,119,51,-198,-112,56
-25,89,-11,120,51,-198,-109,63
-25,93,-10,121,51,-198,-109,67
-24,96,-11,122,51,-198,-109,70
-24,99,-12,122,51,-198,-109,70
-23,102,-12,123,51,-198,-108,74
-21,104,-11,124,51,-199,-108,76
-19,106,-10,125,50,-199,-107,80
-19,107,-8,126,50,-200,-106,81
-19,108,-7,125,48,-200,-104,83
-20,108,-7,124,47,-201,-104,83
-18,108,-7,124,47,-201,-103,84
-15,109,-7,124,47,-201,-101,84
-14,108,-7,124,47,-202,-100,83
-15,108,-7,124,47,-202,-100,83
-17,106,-7,124,46,-203,-102,81
-18,104,-7,124,46,-203,-103,79
-17,103,-7,124,48,-202,-102,78
-16,101,-7,124,49,-201,-101,76
-16,99,-7,123,49,-201,-101,74
-17,97,-8,123,49,-201,-102,72
-19,95,-9,122,49,-201,-104,69
-21,93,-10,122,48,-202,-106,68
-21,91,-10,121,48,-202,-106,65
-22,89,-10,121,48,-203,-107,63
-22,87,-10,121,48,-203,-107,61
-23,84,-10,121,50,-203,-108,58
-24,82,-10,121,50,-203,-108,56
-25,80,-10,121,51,-203,-109,54
-25,79,-10,121,51,-203,-109,53
-26,78,-11,120,51,-203,-108,52
-26,76,-13,119,51,-203,-108,47
-27,74,-14,118,50,-203,-108,45
-27,71,-14,117,49,-203,-108,42
-27,69,-14,117,49,-203,-108,40
-27,68,-14,117,49,-203,-109,39
-29,67,-14,117,49,-203,-111,37
-30,66,-14,118,49,-203,-112,37
-30,66,-14,118,48,-203,-112,37
-29,65,-14,117,46,-203,-111,36
-29,62,-15,117,46,-202,-111,34
-31,61,-17,115,46,-202,-112,31
-32,59,-18,114,46,-203,-113,30
-32,59,-18,114,48,-203,-114,30
-32,59,-18,114,49,-203,-113,30
-32,60,-18,115,50,-203,-113,31
-32,60,-18,115,51,-203,-114,31
-33,59,-18,114,50,-203,-114,30
-34,57,-18,114,49,-203,-115,28
-35,54,-18,115,47,-203,-115,25
-35,52,-18,116,46,-203,-117,20
-37,51,-20,117,47,-204,-120,19
-38,51,-22,117,48,-205,-122,19
-39,50,-24,116,50,-204,-123,15
-40,49,-25,115,50,-203,-124,14
-39,46,-25,114,50,-202,-120,12
-38,43,-25,115,47,-203,-119,9
-38,41,-25,115,45,-204,-119,7
-39,39,-25,115,44,-205,-120,4
-40,37,-24,115,46,-206,-122,2
-41,34,-24,115,47,-206,-125,-1
-43,30,-25,115,49,-206,-124,-3
-43,27,-25,114,49,-206,-124,-8
-44,24,-27,112,48,-206,-125,-10
-45,20,-28,112,47,-207,-126,-14
-46,17,-28,111,46,-208,-128,-18
-47,14,-28,111,47,-208,-128,-21
-48,10,-28,111,47,-208,-129,-24
-48,8,-28,112,47,-208,-129,-26
-48,5,-28,112,46,-208,-129,-30
-49,2,-28,111,46,-208,-129,-34
-50,-1,-29,110,45,-207,-130,-36
-51,-4,-31,109,45,-207,-131,-42
-53,-6,-32,108,45,-207,-134,-45
-54,-9,-32,108,46,-207,-134,-48
-53,-12,-32,108,46,-208,-133,-51
-53,-15,-32,108,45,-208,-133,-54
-52,-18,-32,108,45,-207,-133,-57
-53,-20,-33,107,46,-207,-130,-59
-54,-21,-34,106,45,-207,-130,-61
-54,-23,-35,105,45,-209,-131,-62
-54,-25,-36,104,45,-211,-131,-64
-55,-26,-36,105,45,-212,-133,-65
-57,-27,-36,105,45,-211,-134,-65
-57,-27,-36,105,45,-210,-134,-67
-57,-27,-35,105,44,-211,-134,-67
-56,-29,-35,104,43,-212,-133,-68
-55,-29,-33,102,44,-213,-130,-69
-55,-29,-32,101,45,-213,-130,-65
-55,-26,-32,101,45,-212,-130,-63
-54,-24,-32,101,45,-212,-129,-61
-53,-23,-32,101,45,-212,-128,-59
-53,-23,-32,102,45,-212,-128,-59
-54,-22,-31,102,45,-212,-129,-59
-55,-20,-31,102,45,-212,-130,-57
-55,-17,-31,102,44,-212,-130,-53
-54,-14,-31,103,43,-213,-129,-51
-54,-13,-29,103,42,-212,-129,-48
-53,-10,-28,103,42,-212,-128,-46
-52,-7,-27,104,43,-212,-128,-41
-51,-4,-28,104,43,-213,-126,-40
-50,-1,-28,104,43,-214,-125,-37
-49,0,-28,104,42,-214,-124,-35
-49,2,-27,103,41,-214,-124,-32
-49,6,-26,104,42,-212,-124,-26
-50,10,-26,107,43,-212,-128,-23
-49,13,-25,108,44,-213,-128,-19
-49,15,-25,108,45,-216,-128,-17
-48,18,-25,108,45,-217,-126,-14
-47,19,-24,108,44,-218,-125,-13
-47,22,-22,110,43,-217,-125,-10
-46,24,-21,111,42,-217,-124,-8
-46,26,-21,112,41,-217,-124,-6
-44,28,-21,111,40,-217,-123,-3
-43,31,-21,111,40,-217,-122,-1
-42,34,-21,111,41,-217,-120,2
-42,36,-22,111,42,-217,-120,4
-42,37,-22,112,41,-217,-123,4
-42,38,-22,113,40,-217,-123,6
-41,38,-22,112,40,-217,-122,6
-39,39,-21,112,39,-218,-118,7
-38,39,-21,111,39,-218,-117,7
-37,39,-21,111,40,-218,-115,7
-37,40,-21,111,40,-219,-115,8
-38,41,-20,112,39,-220,-117,9
-38,44,-19,114,39,-221,-119,14
-38,46,-18,114,39,-221,-119,17
-37,46,-17,115,39,-219,-118,17
-36,46,-18,114,40,-216,-117,17
-35,47,-18,114,40,-216,-115,18
-34,49,-18,114,40,-217,-115,19
-33,51,-18,114,39,-219,-114,23
-32,54,-18,114,39,-220,-114,24
-32,56,-18,114,39,-220,-113,26
-31,59,-18,115,39,-220,-113,30
-31,61,-17,115,39,-221,-113,32
-31,64,-15,117,39,-221,-112,35
-30,66,-14,117,39,-220,-112,37
-29,68,-14,118,39,-219,-111,39
-28,71,-15,119,39,-218,-113,42
-28,74,-17,120,39,-220,-112,46
-26,78,-17,121,39,-222,-111,47
-25,81,-18,122,39,-222,-112,50
-25,84,-17,122,39,-222,-112,53
-25,88,-17,121,39,-222,-109,57
-25,91,-17,121,39,-222,-109,61
-25,93,-17,121,39,-222,-109,63
-24,95,-17,122,39,-221,-111,64
-23,98,-17,122,39,-220,-111,68
-23,101,-16,122,39,-220,-111,73
-22,103,-15,123,39,-220,-109,75
-23,104,-14,124,39,-222,-111,76
-23,105,-15,125,39,-222,-111,76
-24,106,-17,126,39,-221,-114,76
-25,108,-18,127,39,-220,-115,78
-25,108,-18,128,39,-220,-115,78
-26,106,-17,128,39,-220,-115,75
-26,103,-17,128,39,-221,-117,73
-27,101,-18,127,39,-220,-117,70
-26,100,-19,126,39,-220,-117,69
-26,97,-21,125,39,-220,-115,64
-27,94,-21,125,39,-221,-117,61
-28,91,-21,125,39,-223,-118,58
-29,87,-20,125,39,-222,-118,54
-30,83,-21,123,40,-220,-117,52
-30,77,-21,120,39,-218,-117,46
-31,71,-21,118,39,-218,-115,40
-31,65,-21,118,39,-220,-115,34
-32,59,-21,118,40,-222,-115,28
-32,54,-22,117,40,-223,-115,21
-33,48,-23,116,40,-222,-117,15
-34,42,-25,115,38,-221,-118,7
-35,36,-26,114,36,-220,-115,1
-36,30,-27,112,34,-220,-117,-4
-36,24,-27,111,35,-220,-117,-10
-37,18,-26,109,36,-221,-115,-17
-39,11,-25,108,38,-222,-117,-20
-40,6,-26,107,39,-222,-118,-25
-42,3,-27,105,38,-222,-117,-32
-44,0,-28,104,37,-222,-119,-35
-46,-4,-29,104,36,-222,-120,-40
-46,-7,-29,105,35,-222,-122,-43
-47,-11,-28,104,35,-221,-122,-47
-47,-13,-28,104,35,-221,-123,-50
-48,-14,-26,102,35,-222,-120,-48
-50,-16,-25,101,35,-223,-122,-50
-50,-18,-25,101,35,-224,-123,-52
-50,-20,-25,101,35,-224,-123,-53
-49,-20,-25,101,34,-224,-122,-53
-49,-17,-25,101,35,-223,-122,-51
-49,-14,-25,101,34,-223,-122,-47
-49,-10,-26,101,35,-225,-122,-43
-48,-8,-25,101,36,-227,-120,-41
-47,-5,-24,102,36,-227,-120,-39
-47,-2,-22,102,36,-227,-119,-32
-47,1,-21,102,35,-226,-119,-29
-46,7,-21,104,35,-226,-119,-23
-46,13,-20,105,35,-227,-122,-17
-44,20,-20,106,36,-227,-119,-9
-42,26,-18,108,36,-227,-118,-3
-41,32,-17,108,36,-226,-117,3
-40,38,-15,110,36,-227,-117,8
-40,43,-13,112,35,-228,-119,17
-39,50,-11,113,35,-230,-118,24
-37,58,-11,114,36,-231,-115,31
-36,67,-11,114,37,-232,-115,41
-35,75,-10,114,37,-232,-114,48
-34,81,-10,115,36,-231,-113,54
-32,87,-8,116,35,-231,-112,62
-31,93,-7,117,35,-231,-112,70
-30,99,-7,117,36,-231,-111,76
-28,104,-6,118,36,-231,-111,81
-25,109,-5,119,36,-231,-108,86
-24,112,-3,120,36,-231,-107,90
-22,116,-3,121,37,-231,-104,93
-20,120,-3,120,38,-231,-103,97
-19,124,-4,120,39,-231,-102,102
-17,127,-3,120,39,-231,-101,106
-16,129,-2,122,39,-231,-98,107
-14,130,-1,122,39,-231,-97,108
-13,131,-1,123,39,-231,-96,109
-13,131,-1,123,39,-231,-96,112
-14,131,-1,123,39,-231,-97,112
-14,130,-1,122,39,-231,-97,108
-14,129,-3,122,39,-231,-97,107
-13,127,-4,122,39,-231,-96,104
-13,124,-5,122,39,-231,-96,102
-13,121,-5,122,39,-231,-96,98
-14,118,-3,121,39,-231,-96,96
-13,114,-4,121,39,-231,-96,91
-13,111,-6,121,39,-231,-96,89
-14,107,-8,121,39,-231,-97,81
-16,101,-11,119,39,-231,-98,76
-18,95,-12,117,39,-231,-101,69
-20,89,-12,115,39,-231,-100,63
-21,82,-11,114,38,-231,-100,57
-21,76,-11,113,37,-231,-100,51
-21,71,-13,112,38,-231,-101,45
-23,64,-15,111,39,-231,-100,37
-25,58,-16,109,39,-231,-102,29
-28,52,-17,108,39,-231,-104,24
-31,47,-18,108,39,-231,-107,18
-34,42,-18,107,39,-231,-109,13
-36,36,-19,106,39,-231,-112,6
-36,30,-21,105,39,-231,-112,0
-37,25,-21,104,39,-231,-111,-4
-39,20,-22,104,39,-232,-112,-9
-40,16,-21,104,39,-232,-113,-13
-41,12,-21,104,39,-231,-114,-17
-42,9,-23,103,39,-231,-115,-23
-44,7,-24,102,39,-231,-117,-25
-45,4,-25,101,39,-233,-118,-28
-45,2,-25,101,39,-235,-118,-30
-45,1,-25,101,39,-236,-118,-31
-44,1,-24,102,39,-237,-117,-31
-44,1,-24,102,39,-237,-117,-31
-45,2,-24,102,39,-236,-118,-30
-45,2,-23,103,39,-236,-118,-30
-44,3,-22,104,39,-236,-117,-26
-43,5,-21,104,39,-237,-117,-24
-43,7,-22,104,39,-237,-118,-23
-41,10,-22,104,39,-236,-117,-20
-40,13,-20,105,39,-236,-115,-17
-39,17,-18,105,39,-236,-112,-12
-38,22,-17,106,39,-237,-111,-7
-37,28,-17,107,39,-238,-113,-1
-36,33,-18,107,38,-238,-112,3
-34,39,-16,108,38,-239,-111,9
-32,44,-14,108,38,-240,-108,17
-31,49,-14,109,38,-241,-107,23
-29,55,-14,111,38,-242,-106,29
-28,62,-14,112,38,-242,-107,35
-26,68,-12,113,38,-241,-104,42
-24,75,-11,114,38,-241,-103,50
-22,82,-9,115,38,-241,-101,56
-20,88,-8,116,38,-241,-100,65
-18,95,-7,117,38,-241,-97,72
-16,101,-7,117,38,-242,-96,79
-14,108,-6,118,38,-242,-93,85
-12,115,-5,119,38,-241,-95,92
-10,121,-3,120,38,-241,-92,100
-7,128,-2,122,38,-241,-90,107
-6,134,-1,122,38,-243,-90,115
-6,140,0,123,38,-245,-89,122
-5,146,1,125,38,-246,-89,128
-4,152,2,126,38,-245,-91,134
-2,157,3,127,38,-244,-89,139
0,162,3,127,38,-245,-86,144
0,166,4,128,38,-246,-85,148
0,170,5,129,38,-247,-85,155
1,173,6,130,38,-246,-85,158
2,177,7,130,38,-245,-84,162
3,180,7,130,38,-244,-83,166
4,184,6,130,38,-244,-81,168
4,185,6,130,38,-245,-81,170
4,185,7,130,38,-245,-81,170
4,185,9,130,38,-245,-81,170
5,185,10,130,38,-245,-81,170
6,186,10,128,38,-244,-78,173
6,187,10,127,38,-244,-78,174
6,186,10,126,38,-242,-78,173
5,184,10,126,38,-242,-78,172
6,182,10,126,38,-241,-78,169
7,181,9,127,38,-241,-76,166
7,180,9,127,38,-241,-76,166
6,179,10,127,38,-242,-76,167
5,177,10,127,38,-241,-78,164
5,173,10,126,38,-241,-78,161
5,170,9,126,38,-241,-78,155
4,167,8,125,39,-241,-79,151
4,164,7,125,39,-241,-79,148
3,161,7,124,38,-241,-80,145
3,158,6,123,38,-241,-78,142
2,155,6,123,38,-241,-78,139
2,152,6,123,39,-241,-78,136
2,149,6,123,40,-242,-78,134
1,146,5,122,40,-242,-79,130
1,143,3,121,40,-242,-79,126
1,140,2,120,39,-241,-79,124
2,138,2,120,38,-241,-78,122
2,136,2,120,38,-241,-78,119
1,133,1,119,39,-241,-79,114
0,130,0,118,40,-242,-80,112
-1,128,-1,117,41,-242,-81,108
-3,126,-2,118,41,-241,-84,107
-5,125,-2,118,40,-240,-85,106
-6,124,-1,118,39,-240,-86,104
-5,122,-1,119,40,-240,-86,103
-5,120,-3,119,42,-241,-85,98
-6,119,-4,119,43,-240,-89,96
-7,117,-5,120,44,-240,-90,95
-8,115,-5,119,44,-240,-91,92
-9,112,-5,119,43,-242,-91,90
-10,111,-6,119,43,-242,-92,89
-11,109,-6,118,42,-240,-93,87
-12,108,-6,118,42,-238,-95,86
-13,107,-6,118,42,-237,-93,85
-13,105,-7,117,43,-236,-92,83
-13,104,-7,117,44,-237,-92,81
-14,102,-7,117,44,-237,-93,80
-15,100,-7,117,43,-237,-95,78
-16,98,-7,117,43,-237,-96,75
-16,96,-7,117,43,-237,-96,73
-18,95,-7,117,44,-237,-97,72
-19,93,-7,117,43,-237,-100,70
-20,92,-7,117,43,-237,-100,69
-20,90,-7,117,43,-237,-100,67
-20,88,-8,116,43,-237,-100,65
-20,86,-9,116,43,-237,-100,61
-21,84,-9,115,43,-237,-100,58
-22,82,-10,115,43,-237,-102,56
-23,80,-10,114,43,-237,-102,54
-24,79,-11,114,43,-237,-103,53
-25,77,-11,114,44,-237,-104,51
-25,74,-10,114,43,-237,-104,48
-26,72,-10,114,43,-237,-104,46
-26,70,-11,114,43,-236,-106,43
-26,69,-11,114,44,-235,-106,42
-27,68,-10,114,44,-235,-106,41
-28,66,-10,114,43,-235,-107,40
-29,64,-11,114,42,-236,-108,37
-29,61,-11,113,42,-237,-108,35
-29,59,-12,112,42,-237,-108,32
-30,57,-13,112,43,-237,-109,30
-32,55,-14,111,44,-236,-108,29
-32,53,-14,111,44,-235,-109,26
-33,52,-14,111,42,-234,-109,25
-32,50,-14,111,40,-233,-109,23
-33,48,-14,111,41,-233,-109,21
-34,46,-15,110,42,-233,-109,19
-35,43,-16,109,43,-233,-112,13
-36,39,-17,108,43,-232,-112,10
-37,36,-17,108,43,-231,-113,6
-39,32,-18,108,43,-231,-114,2
-41,28,-18,108,43,-232,-117,-1
-43,25,-18,107,42,-234,-118,-4
-44,21,-19,106,40,-235,-120,-8
-46,17,-21,105,40,-235,-122,-12
-48,13,-21,104,42,-234,-120,-17
-49,9,-22,104,43,-234,-122,-20
-49,4,-22,104,44,-233,-123,-26
-50,-1,-23,103,45,-233,-123,-34
-52,-6,-24,102,43,-232,-124,-40
-53,-12,-25,101,42,-232,-125,-46
-54,-18,-25,101,41,-233,-126,-52
-55,-23,-25,101,40,-234,-128,-57
-57,-27,-25,101,41,-234,-129,-62
-59,-32,-26,100,42,-234,-131,-67
-61,-36,-28,98,43,-234,-134,-70
-62,-41,-29,97,43,-233,-134,-75
-62,-45,-29,97,42,-232,-134,-80
-61,-48,-29,98,41,-232,-134,-83
-61,-51,-29,98,41,-232,-133,-86
-62,-54,-30,97,41,-232,-131,-91
-64,-57,-32,95,40,-232,-134,-95
-65,-60,-32,94,39,-231,-134,-97
-65,-62,-33,94,39,-231,-134,-100
-65,-63,-32,94,39,-233,-134,-101
-66,-62,-31,95,39,-235,-135,-100
-66,-60,-31,96,39,-237,-135,-97
-66,-58,-32,96,39,-235,-135,-96
-64,-57,-32,94,39,-233,-134,-93
-64,-55,-33,93,39,-231,-133,-92
-64,-53,-33,94,39,-233,-134,-90
-65,-50,-32,96,39,-235,-137,-87
-64,-47,-32,99,39,-237,-136,-85
-62,-45,-32,101,39,-237,-136,-83
-60,-42,-32,102,39,-237,-134,-79
-59,-37,-32,101,39,-236,-133,-74
-58,-32,-32,101,39,-236,-133,-69
-56,-27,-31,102,39,-236,-131,-63
-54,-22,-30,103,39,-236,-129,-58
-53,-17,-28,104,39,-236,-128,-53
-52,-12,-27,105,39,-236,-126,-48
-51,-7,-27,106,39,-236,-129,-43
-49,-1,-27,107,39,-236,-126,-37
-46,4,-28,108,39,-236,-124,-30
-44,10,-27,110,39,-237,-125,-25
-43,16,-26,112,39,-236,-123,-19
-41,21,-25,113,39,-236,-122,-13
-38,26,-24,113,39,-236,-119,-8
-36,31,-23,114,39,-237,-117,0
-34,37,-23,115,39,-238,-115,4
-33,42,-22,116,38,-238,-117,10
-31,47,-20,117,39,-238,-115,15
-29,52,-19,116,39,-237,-111,20
-28,55,-18,115,39,-236,-109,24
-25,59,-19,115,39,-236,-107,28
-23,63,-19,115,39,-238,-104,31
-21,67,-18,115,38,-240,-103,39
-19,71,-18,114,38,-241,-101,42
-18,74,-18,114,38,-242,-100,46
-16,78,-16,115,38,-242,-97,50
-14,82,-15,117,38,-241,-96,53
-14,85,-14,117,38,-241,-96,57
-12,87,-14,118,38,-241,-93,59
-11,89,-13,119,38,-241,-92,62
-10,92,-11,120,38,-241,-91,67
-8,96,-10,121,38,-241,-93,70
-7,99,-10,121,38,-241,-92,74
-7,102,-11,121,38,-241,-91,78
-7,105,-10,121,38,-241,-91,80
-7,108,-9,122,38,-241,-91,83
-6,111,-8,123,38,-241,-91,86
-5,114,-7,124,38,-241,-90,90
-4,118,-7,126,38,-241,-92,93
-4,121,-7,126,38,-241,-91,96
-3,123,-5,127,38,-241,-91,98
-3,125,-3,127,38,-241,-90,103
-2,127,-3,129,38,-241,-90,106
-3,130,-5,130,38,-241,-92,106
-4,130,-7,131,38,-242,-95,106
-4,130,-7,131,38,-242,-95,106
-3,130,-5,130,38,-241,-91,106
-2,131,-4,128,38,-240,-90,107
-1,133,-4,129,38,-239,-89,109
-3,135,-5,130,38,-240,-91,111
-4,134,-5,130,38,-241,-92,109
-4,132,-4,129,38,-242,-92,108
-4,130,-3,128,38,-242,-92,108
-3,130,-3,128,38,-241,-91,108
-4,130,-4,128,38,-240,-92,108
-4,129,-6,128,38,-240,-92,104
-5,126,-7,126,39,-240,-93,102
-6,124,-7,124,38,-239,-91,100
-6,121,-7,124,38,-238,-91,97
-6,118,-7,124,39,-237,-91,93
-6,114,-6,124,39,-236,-91,90
-6,111,-7,124,39,-236,-91,86
-6,108,-8,123,38,-237,-91,83
-7,105,-9,122,37,-237,-91,80
-7,103,-10,121,37,-236,-91,78
-7,99,-11,120,37,-236,-92,74
-8,94,-10,121,38,-236,-92,69
-8,91,-10,121,39,-236,-92,65
-9,89,-10,121,39,-236,-93,63
-9,87,-10,121,39,-236,-93,62
-8,85,-10,120,39,-236,-92,59
-9,82,-11,119,39,-236,-90,56
-9,79,-11,117,37,-236,-91,54
-9,79,-12,118,36,-236,-91,53
-10,79,-13,118,36,-236,-91,51
-10,80,-14,118,37,-236,-91,52
-10,81,-14,118,37,-236,-92,53
-11,83,-13,119,37,-236,-93,56
-11,86,-12,120,37,-236,-96,61
-10,88,-10,121,37,-236,-95,63
-10,90,-10,121,38,-236,-93,64
-9,92,-10,121,39,-236,-93,67
-9,96,-11,121,39,-236,-93,70
-8,100,-11,121,39,-236,-93,75
-8,104,-9,122,39,-236,-92,79
-7,108,-7,123,38,-236,-91,84
-5,113,-7,124,38,-236,-90,89
-3,119,-8,125,37,-236,-91,95
-3,125,-9,127,37,-236,-91,101
-3,132,-8,128,37,-236,-90,107
-1,137,-6,129,37,-236,-90,113
0,142,-5,129,37,-236,-87,118
1,146,-5,129,38,-236,-86,123
3,151,-4,129,39,-236,-85,128
3,157,-3,130,39,-236,-84,136
5,163,-2,130,39,-236,-83,142
7,170,-1,132,38,-236,-84,150
8,176,0,134,38,-236,-83,156
9,180,0,136,37,-236,-84,161
10,185,0,137,36,-236,-83,164
11,189,1,137,35,-236,-79,169
13,193,2,135,35,-236,-78,173
13,197,3,134,36,-236,-78,180
14,200,4,134,36,-236,-76,183
15,204,6,136,38,-236,-75,186
17,207,7,137,39,-236,-74,190
18,209,7,138,39,-236,-74,192
18,211,7,137,39,-236,-73,195
19,213,7,137,38,-236,-73,196
20,216,7,137,36,-236,-72,198
20,217,7,137,36,-236,-72,201
21,217,7,137,35,-236,-70,200
21,215,6,137,35,-236,-69,198
22,213,7,137,36,-237,-69,196
23,213,7,136,37,-236,-68,196
23,212,9,134,38,-235,-65,197
22,211,10,133,37,-233,-67,197
21,209,10,133,36,-233,-68,195
20,207,10,133,34,-233,-69,192
19,205,10,134,33,-234,-69,190
19,202,10,133,34,-234,-69,187
18,201,9,133,34,-233,-70,186
18,198,7,131,34,-231,-68,184
17,196,7,129,34,-231,-69,181
15,193,8,127,34,-231,-68,178
15,190,9,127,34,-231,-68,175
15,187,10,126,34,-231,-68,174
15,184,10,127,34,-231,-68,172
14,181,9,127,35,-232,-69,166
13,178,8,126,37,-231,-70,163
12,174,7,124,37,-230,-72,159
11,171,7,124,37,-228,-72,156
10,167,6,123,35,-226,-70,151
10,162,5,122,35,-226,-70,147
8,158,4,121,36,-227,-72,142
7,154,3,120,38,-227,-73,139
6,151,2,120,39,-227,-74,133
5,149,2,120,40,-227,-74,130
3,146,3,120,39,-227,-76,130
1,143,3,119,39,-227,-79,126
0,139,4,118,39,-226,-78,123
0,134,5,118,39,-226,-78,118
0,130,5,118,39,-225,-78,114
-1,128,5,117,39,-224,-79,111
-3,126,4,116,39,-223,-80,109
-4,124,3,114,39,-222,-80,108
-5,123,2,113,39,-222,-80,106
-5,120,2,113,39,-222,-80,103
-6,117,2,113,39,-222,-81,100
-7,113,3,114,39,-222,-83,96
-9,111,3,115,39,-222,-84,93
-10,111,3,114,39,-222,-85,93
-10,110,3,113,39,-222,-85,93
-9,110,2,113,39,-222,-84,92
-8,108,2,113,39,-222,-83,91
-9,106,1,112,39,-222,-84,89
-10,104,1,112,39,-220,-85,86
-12,104,0,111,39,-218,-86,86
-11,104,0,110,40,-217,-86,86
-10,104,0,110,40,-216,-85,87
-10,105,0,111,40,-217,-85,87
-11,106,0,111,40,-217,-86,89
-13,107,0,111,40,-217,-89,90
-13,108,0,111,40,-217,-89,91
-11,110,0,111,40,-217,-86,92
-10,111,0,111,40,-217,-85,93
-9,111,0,112,40,-217,-85,93
-9,111,1,112,40,-217,-85,93
-10,110,0,112,39,-217,-85,93
-10,111,0,111,40,-217,-85,93
-10,110,0,111,41,-217,-85,93
-10,110,1,112,43,-217,-85,93
-10,110,1,112,45,-217,-85,93
-10,111,0,112,45,-218,-85,93
-10,111,0,110,45,-217,-85,93
-10,110,0,109,45,-216,-83,93
-10,108,0,108,44,-214,-83,91
-11,106,0,109,44,-212,-84,89
-12,104,0,110,43,-212,-86,86
-13,103,0,109,43,-212,-89,85
-14,101,0,109,42,-213,-86,84
-14,99,1,107,43,-213,-87,81
-15,97,0,106,43,-212,-87,79
-16,94,0,107,44,-212,-89,76
-17,91,-2,107,45,-212,-90,70
-18,88,-2,106,45,-212,-90,68
-18,85,-2,105,45,-212,-90,65
-19,83,-2,104,45,-212,-89,65
-21,80,-2,104,45,-212,-91,63
-23,77,-3,105,45,-212,-95,57
-23,74,-3,106,45,-212,-95,53
-22,72,-4,107,45,-212,-95,51
-22,70,-5,107,45,-212,-93,50
-24,68,-6,106,45,-212,-96,47
-25,65,-6,105,45,-212,-97,45
-26,61,-6,103,45,-212,-97,40
-26,59,-4,102,45,-212,-95,37
-25,56,-5,102,45,-212,-93,35
-25,54,-7,103,45,-212,-96,32
-25,52,-8,103,45,-212,-97,28
-27,50,-7,103,45,-212,-98,29
-29,50,-6,101,45,-212,-98,29
-31,50,-4,100,45,-212,-100,29
-32,49,-4,99,45,-212,-98,30
-31,47,-5,100,45,-212,-100,25
-30,45,-6,101,45,-212,-98,24
-29,45,-7,102,45,-212,-101,23
-30,45,-8,103,45,-212,-101,21
-31,47,-8,104,45,-212,-102,23
-32,49,-8,104,45,-212,-103,25
-33,49,-8,103,45,-212,-104,25
-34,48,-8,103,45,-212,-106,24
-34,47,-8,103,45,-213,-106,23
-33,47,-8,103,45,-213,-104,23
-32,48,-8,103,47,-212,-103,24
-32,48,-8,104,48,-211,-103,24
-32,49,-9,104,49,-211,-103,25
-32,50,-9,104,48,-212,-103,26
-33,51,-9,104,47,-212,-104,28
-33,52,-9,105,47,-211,-104,28
-33,51,-10,106,47,-209,-107,28
-33,52,-11,107,48,-209,-107,28
-34,52,-12,107,49,-211,-108,25
-34,53,-11,107,50,-213,-108,26
-34,53,-11,107,50,-213,-108,29
-34,53,-11,107,50,-213,-108,29
-36,52,-11,107,50,-213,-109,28
-37,51,-11,107,50,-213,-111,26
-36,50,-11,107,50,-213,-111,25
-34,50,-11,107,50,-212,-108,25
-32,50,-11,107,50,-211,-106,25
-32,50,-11,107,50,-211,-106,26
-32,50,-11,107,50,-211,-106,26
-33,50,-11,107,50,-212,-107,26
-32,50,-11,107,50,-213,-107,26
-32,49,-11,107,50,-213,-106,25
-32,49,-11,107,50,-213,-106,25
-32,50,-11,107,50,-213,-107,26
-33,51,-11,107,50,-213,-107,25
-33,53,-11,107,50,-213,-107,29
-31,55,-10,108,50,-213,-104,31
-28,56,-8,109,50,-213,-102,32
-27,58,-7,110,50,-213,-103,34
-27,60,-7,111,50,-213,-103,36
-26,62,-7,110,50,-213,-103,39
-26,65,-7,110,50,-213,-102,41
-24,68,-7,110,50,-213,-101,45
-23,71,-8,110,50,-213,-100,48
-22,75,-8,110,50,-213,-98,52
-21,78,-7,110,50,-212,-98,54
-21,80,-7,111,50,-211,-98,57
-21,83,-6,112,50,-211,-98,61
-21,87,-6,113,50,-211,-98,64
-21,92,-7,115,50,-212,-101,69
-19,96,-7,117,50,-213,-100,73
-18,99,-7,118,50,-213,-101,76
-18,102,-7,117,50,-213,-97,79
-17,105,-7,117,50,-213,-97,83
-15,109,-7,117,50,-213,-96,86
-14,112,-7,117,50,-213,-95,90
-14,115,-6,119,50,-213,-96,93
-14,118,-6,120,50,-213,-97,96
-14,119,-7,122,50,-213,-100,93
-14,119,-8,123,50,-213,-100,95
-13,120,-8,123,51,-213,-98,95
-11,120,-7,123,52,-213,-97,96
-11,120,-8,123,53,-213,-97,96
-13,120,-9,124,54,-213,-98,95
-14,119,-10,124,54,-213,-100,92
-14,118,-11,123,54,-213,-100,91
-13,116,-12,123,54,-213,-98,89
-13,113,-12,123,53,-213,-97,86
-13,110,-13,123,53,-213,-101,83
-13,107,-14,124,52,-213,-101,80
-14,104,-14,125,51,-213,-101,76
-14,101,-14,125,51,-213,-101,73
-15,97,-13,125,53,-213,-102,69
-16,92,-14,124,54,-213,-103,64
-18,88,-15,123,55,-213,-104,59
-19,83,-16,122,55,-212,-106,54
-20,78,-17,121,54,-210,-103,47
-20,72,-18,121,51,-210,-104,41
-21,67,-18,120,50,-211,-104,36
-21,63,-20,119,50,-212,-104,31
-23,59,-21,118,50,-211,-107,28
-24,55,-21,118,50,-209,-108,24
-25,50,-21,118,50,-208,-108,19
-25,46,-22,117,50,-209,-108,14
-25,43,-23,116,50,-211,-108,9
-25,41,-25,115,50,-213,-108,7
-26,38,-25,115,50,-212,-109,4
-27,36,-25,115,50,-209,-107,2
-28,35,-23,114,50,-208,-108,3
-28,33,-22,113,50,-208,-109,1
-29,33,-22,112,50,-209,-107,1
-29,33,-22,112,50,-211,-109,1
-29,33,-23,112,50,-212,-109,1
-29,34,-23,112,50,-212,-109,2
-29,37,-22,112,50,-211,-109,4
-29,41,-21,113,50,-211,-109,9
-28,45,-19,114,50,-211,-109,13
-28,49,-18,114,50,-212,-108,20
-27,53,-18,114,50,-213,-108,24
-26,56,-18,114,50,-213,-107,28
-25,60,-17,115,50,-213,-107,31
-25,63,-15,117,50,-212,-107,35
-24,68,-14,117,50,-211,-106,39
-22,72,-14,118,50,-211,-103,43
-20,77,-13,119,50,-211,-102,50
-19,83,-12,120,50,-212,-103,57
-18,89,-11,120,50,-213,-103,63
-18,95,-10,121,50,-213,-102,70
-17,103,-9,122,50,-213,-102,78
-17,110,-8,123,50,-213,-102,85
-17,116,-7,124,50,-213,-102,91
-16,122,-5,125,50,-212,-101,97
-13,127,-4,126,50,-211,-98,106
-10,133,-3,127,50,-211,-98,112
-9,139,-3,127,50,-211,-97,117
-8,145,-2,128,50,-212,-96,124
-7,150,0,130,50,-213,-96,129
-6,155,0,130,50,-213,-95,134
-5,160,0,130,50,-213,-93,139
-4,164,0,131,50,-213,-92,144
-3,168,1,131,50,-212,-92,147
-3,169,2,133,50,-211,-91,151
-2,171,3,134,49,-211,-93,152
-1,173,3,134,48,-211,-92,155
0,175,3,134,49,-211,-92,157
0,177,3,134,50,-209,-91,158
2,177,3,133,50,-208,-86,159
3,177,4,133,50,-207,-85,158
4,177,4,133,50,-207,-84,158
4,175,4,133,50,-208,-84,157
3,174,4,133,50,-208,-85,156
3,172,5,132,50,-209,-85,153
2,169,6,130,50,-210,-84,153
2,166,6,129,50,-209,-84,150
2,163,5,129,50,-208,-84,145
0,160,3,130,50,-208,-85,141
0,157,2,129,50,-208,-86,139
-1,152,2,129,50,-208,-87,134
-2,148,2,127,50,-208,-87,129
-3,142,2,126,50,-208,-89,123
-4,137,0,125,50,-208,-87,118
-6,133,0,124,50,-208,-89,114
-7,128,0,124,50,-208,-91,109
-9,122,0,124,50,-208,-91,103
-9,116,-1,123,50,-208,-91,97
-10,110,-2,122,50,-208,-92,87
-12,104,-3,121,50,-208,-93,81
-14,99,-4,120,50,-208,-96,76
-16,94,-5,119,50,-208,-98,72
-17,90,-6,119,50,-208,-100,67
-18,84,-7,117,50,-208,-97,61
-19,78,-7,116,50,-208,-98,54
-21,73,-7,115,50,-208,-100,50
-22,68,-8,114,50,-208,-101,45
-24,64,-10,113,50,-208,-100,37
-26,59,-10,112,50,-208,-102,32
-28,54,-9,112,50,-208,-104,30
-29,51,-9,112,50,-208,-106,26
-30,48,-10,113,50,-208,-108,21
-30,46,-11,114,50,-208,-108,19
-31,44,-12,113,50,-208,-109,17
-31,41,-14,112,50,-208,-109,14
-32,39,-14,111,50,-208,-108,12
-31,37,-15,110,50,-208,-107,9
-31,35,-14,111,50,-208,-107,8
-32,33,-14,111,50,-208,-107,7
-32,33,-15,112,50,-208,-111,4
-32,34,-16,112,50,-208,-111,4
-31,36,-17,113,50,-208,-109,7
-31,37,-17,114,51,-208,-109,8
-32,38,-18,114,52,-208,-113,9
-32,39,-18,114,52,-208,-113,9
-32,41,-18,114,51,-208,-113,12
-31,43,-18,114,50,-208,-112,14
-29,46,-17,115,50,-208,-111,18
-28,50,-15,117,51,-208,-109,21
-28,54,-14,118,52,-208,-109,25
-27,58,-14,118,52,-208,-108,29
-27,63,-14,117,53,-208,-108,34
-27,68,-14,117,54,-208,-108,40
-27,73,-13,119,53,-209,-108,45
-27,77,-12,121,51,-209,-112,48
-27,81,-11,122,50,-209,-112,52
-27,85,-11,122,51,-209,-112,56
-26,89,-12,122,54,-210,-111,61
-24,93,-12,123,55,-211,-109,64
-23,97,-13,123,55,-213,-107,69
-21,100,-12,123,54,-213,-109,72
-21,103,-12,124,53,-213,-108,75
-20,106,-12,126,54,-213,-108,79
-20,109,-12,126,54,-213,-107,81
-19,111,-11,127,54,-213,-107,84
-18,112,-10,128,52,-213,-106,84
-16,112,-10,128,50,-213,-104,85
-16,112,-10,128,50,-213,-103,85
-16,112,-10,128,50,-213,-104,85
-16,112,-10,128,50,-213,-104,85
-16,113,-10,128,50,-213,-104,85
-16,112,-10,128,50,-213,-103,85
-16,111,-10,128,50,-213,-103,84
-16,109,-10,128,50,-213,-103,81
-17,106,-10,127,50,-213,-104,79
-18,104,-11,126,50,-213,-104,76
-17,103,-11,126,50,-213,-104,75
-16,101,-11,127,50,-213,-103,74
-15,100,-10,127,50,-213,-102,72
-16,98,-11,127,50,-213,-103,70
-16,96,-13,125,50,-213,-103,68
-17,94,-13,125,50,-213,-103,65
-17,92,-13,125,50,-213,-103,64
-17,90,-12,126,50,-213,-104,62
-18,89,-12,126,50,-213,-106,61
-19,87,-14,125,50,-213,-106,59
-19,86,-14,125,50,-213,-106,58
-18,86,-14,124,50,-213,-106,58
-18,87,-12,123,50,-213,-102,59
-19,87,-11,122,50,-213,-103,58
-21,86,-12,122,50,-213,-106,58
-22,85,-13,123,50,-213,-107,57
-22,86,-13,124,50,-213,-109,57
-21,87,-11,124,50,-213,-108,58
-20,88,-10,125,50,-213,-107,63
-20,89,-9,125,50,-213,-107,63
-20,90,-9,125,50,-213,-107,64
-21,90,-10,125,50,-213,-108,64
-21,90,-11,126,50,-213,-108,62
-21,90,-12,126,50,-213,-108,62
-21,91,-13,126,50,-213,-108,63
-23,93,-12,126,50,-214,-109,64
-24,92,-12,126,50,-215,-111,64
-23,91,-12,126,50,-216,-111,63
-21,89,-13,125,50,-216,-108,61
-20,88,-14,125,50,-216,-107,61
-21,87,-14,124,50,-216,-108,59
-21,86,-14,124,50,-216,-108,57
-22,83,-14,125,50,-217,-109,54
-22,82,-14,125,50,-218,-109,53
-23,81,-14,125,50,-218,-109,52
-24,80,-14,124,50,-217,-111,51
-25,78,-14,125,50,-217,-112,50
-25,76,-14,124,50,-217,-112,48
-25,75,-14,124,50,-217,-112,46
-26,73,-14,124,50,-217,-113,45
-27,71,-14,125,50,-217,-114,42
-27,69,-13,125,50,-217,-113,41
-26,68,-14,124,50,-217,-112,40
-26,69,-15,123,50,-217,-112,40
-25,68,-16,122,50,-217,-112,37
-25,67,-16,122,50,-217,-112,36
-24,65,-15,123,50,-217,-111,36
-23,64,-14,124,50,-218,-109,35
-23,64,-13,125,50,-217,-109,35
-23,66,-14,125,50,-217,-109,37
-22,69,-14,124,50,-217,-108,40
-20,72,-14,124,50,-218,-107,43
-19,74,-14,125,49,-219,-106,45
-18,76,-14,124,49,-219,-106,47
-18,79,-14,124,49,-219,-106,51
-19,84,-14,125,49,-220,-106,56
-19,89,-13,126,49,-221,-106,61
-18,93,-11,127,49,-222,-106,65
-17,97,-10,126,49,-221,-104,72
-16,102,-7,125,49,-220,-101,76
-15,107,-5,125,49,-219,-101,83
-14,113,-4,126,49,-220,-100,91
-14,118,-4,128,49,-221,-101,93
-12,122,-5,129,49,-221,-100,97
-12,127,-4,129,49,-221,-100,102
-11,131,-2,128,49,-222,-100,109
-11,136,-1,129,49,-223,-100,114
-10,140,0,130,49,-223,-98,118
-8,145,0,132,50,-222,-98,123
-6,150,0,133,50,-222,-97,128
-5,154,1,133,50,-222,-96,133
-3,157,2,133,49,-222,-95,137
-3,159,2,133,49,-222,-91,140
-2,161,2,133,50,-222,-90,142
0,164,3,133,51,-223,-89,146
1,167,3,134,53,-223,-89,148
3,168,3,134,54,-223,-87,150
3,168,3,134,55,-223,-87,150
3,168,3,134,55,-223,-87,150
2,168,3,134,54,-223,-89,150
3,168,3,134,54,-223,-87,150
4,168,3,134,53,-223,-86,150
5,167,3,134,52,-223,-85,148
6,165,3,134,53,-223,-85,147
6,164,3,134,54,-223,-85,146
5,163,3,134,54,-223,-85,145
4,162,3,134,54,-223,-86,144
3,159,3,134,54,-223,-86,140
3,155,3,134,54,-223,-87,136
3,153,2,133,54,-223,-85,134
3,151,1,131,54,-223,-85,130
3,150,0,131,54,-223,-85,129
2,147,0,130,54,-223,-85,125
1,143,0,130,54,-222,-86,122
0,140,0,130,54,-221,-87,118
0,136,0,131,54,-221,-89,114
-1,133,0,131,54,-222,-90,112
-3,131,0,131,54,-222,-91,109
-4,129,0,130,54,-221,-92,107
-5,126,0,128,54,-220,-91,103
-7,122,0,126,54,-219,-92,100
-7,119,0,126,54,-219,-92,100
-9,116,1,126,54,-221,-93,97
-10,114,2,126,54,-222,-96,93
-11,111,1,125,54,-222,-93,91
-13,109,0,124,54,-221,-95,89
-15,108,0,124,54,-220,-97,87
-17,106,0,124,55,-220,-100,86
-19,104,0,123,56,-221,-101,84
-20,101,0,124,56,-221,-102,81
-20,99,0,124,56,-220,-102,79
-21,98,0,123,55,-220,-103,78
-23,97,-1,122,54,-221,-106,76
-25,95,-3,121,54,-222,-108,72
-26,93,-3,120,54,-223,-108,69
-26,90,-3,120,55,-223,-108,67
-27,88,-4,120,56,-223,-109,64
-28,86,-5,119,56,-223,-111,63
-29,83,-6,119,56,-223,-112,61
-31,81,-6,118,54,-223,-111,57
-32,77,-6,118,54,-223,-112,53
-34,74,-6,118,54,-223,-117,51
-36,70,-7,118,55,-223,-118,46
-38,66,-7,117,56,-223,-117,42
-39,63,-8,115,57,-223,-119,36
-40,59,-10,115,58,-223,-119,32
-42,54,-12,115,59,-223,-122,28
-44,50,-13,116,59,-223,-125,23
-46,45,-13,116,59,-223,-126,15
-47,39,-13,115,59,-223,-126,12
-48,34,-14,113,59,-223,-128,7
-49,30,-15,112,59,-223,-128,0
-50,26,-16,112,59,-223,-129,-3
-51,21,-17,111,59,-224,-130,-8
-53,15,-19,111,59,-225,-131,-14
-54,9,-20,110,59,-226,-133,-21
-55,3,-20,109,59,-225,-133,-28
-56,-1,-20,109,59,-226,-134,-31
-57,-5,-21,109,59,-227,-135,-39
-60,-10,-23,108,59,-227,-137,-43
-62,-16,-24,107,59,-228,-137,-51
-63,-23,-23,105,59,-228,-137,-57
-63,-29,-23,103,59,-228,-135,-63
-64,-34,-24,102,59,-228,-136,-68
-66,-37,-26,101,59,-228,-139,-72
-68,-41,-27,102,59,-228,-142,-75
-68,-44,-27,103,59,-228,-142,-81
-68,-46,-28,104,59,-228,-142,-84
-68,-50,-28,104,59,-228,-142,-87
-69,-53,-30,104,60,-228,-144,-90
-70,-56,-30,103,61,-228,-145,-93
-72,-58,-29,104,60,-228,-146,-96
-72,-59,-28,104,59,-228,-146,-97
-71,-60,-28,104,58,-229,-145,-97
-70,-60,-29,104,58,-231,-144,-97
-69,-60,-30,103,60,-233,-144,-97
-69,-58,-30,103,61,-234,-142,-96
-69,-56,-29,104,62,-233,-142,-93
-68,-54,-28,105,63,-233,-142,-91
-67,-51,-28,105,63,-233,-141,-89
-66,-48,-28,104,62,-233,-140,-86
-65,-45,-28,104,61,-233,-140,-83
-64,-42,-29,104,62,-233,-137,-79
-62,-38,-30,106,63,-234,-139,-75
-61,-33,-30,108,64,-237,-137,-69
-60,-27,-28,109,64,-238,-137,-64
-60,-21,-26,109,63,-238,-137,-58
-58,-15,-25,110,61,-238,-136,-48
-56,-8,-25,112,61,-238,-136,-45
-53,0,-24,115,62,-238,-133,-36
-50,7,-24,116,63,-238,-133,-28
-47,16,-22,117,63,-238,-130,-17
-46,24,-21,118,63,-238,-129,-8
-45,32,-19,119,63,-238,-128,0
-43,41,-17,121,63,-239,-126,9
-41,51,-15,123,63,-240,-128,21
-36,61,-14,125,63,-239,-123,31
-32,71,-13,127,63,-239,-119,42
-28,80,-14,129,63,-239,-118,52
-26,90,-14,131,63,-241,-118,59
-24,100,-13,133,63,-242,-117,69
-22,110,-10,134,63,-242,-114,81
-19,119,-9,136,63,-242,-112,91
-15,128,-7,137,63,-240,-108,101
-11,137,-6,138,63,-240,-107,111
-8,147,-5,139,63,-240,-104,123
-6,155,-3,140,63,-241,-102,131
-5,163,-2,142,63,-242,-101,140
-3,170,-1,144,63,-243,-102,146
0,177,0,146,63,-243,-100,153
1,184,0,148,63,-243,-100,161
3,190,0,150,63,-242,-97,167
6,195,0,151,63,-243,-95,173
7,200,1,152,63,-243,-93,178
8,205,0,151,63,-243,-92,183
9,208,0,151,63,-241,-92,185
10,210,0,151,63,-239,-91,187
11,211,1,151,63,-238,-90,189
12,212,2,153,63,-239,-91,190
12,213,3,154,63,-240,-92,190
11,213,3,154,63,-239,-92,191
11,213,2,153,63,-238,-92,191
12,212,1,151,63,-238,-90,190
13,210,0,151,63,-238,-87,187
14,208,0,151,63,-238,-87,186
14,206,0,151,63,-238,-87,184
14,203,1,151,63,-238,-87,180
14,199,1,151,63,-237,-87,177
13,195,0,151,63,-236,-87,173
12,191,0,150,63,-236,-89,168
11,187,-1,149,63,-237,-90,164
9,184,-2,148,63,-236,-91,161
8,180,-2,148,63,-235,-92,157
8,176,-2,148,63,-234,-92,153
6,171,-2,148,63,-233,-93,148
5,167,-3,147,63,-233,-96,144
4,164,-5,146,63,-233,-96,137
3,161,-7,146,63,-233,-97,135
1,157,-7,146,63,-233,-98,131
0,154,-7,146,63,-233,-101,128
-1,150,-7,144,63,-233,-100,123
-2,147,-7,143,64,-233,-100,120
-2,144,-8,143,63,-233,-100,118
-3,142,-8,142,63,-233,-101,115
-3,140,-9,142,63,-232,-101,113
-4,138,-9,142,64,-231,-102,111
-5,136,-9,141,64,-230,-102,109
-6,134,-10,141,63,-229,-103,107
-7,132,-10,140,62,-228,-104,102
-8,130,-10,140,62,-228,-106,101
-8,128,-10,140,62,-228,-106,98
-8,128,-11,140,63,-228,-106,98
-9,127,-12,140,63,-228,-107,97
-11,126,-13,138,62,-228,-107,97
-12,126,-13,138,62,-228,-108,96
-13,126,-13,138,62,-228,-108,96
-12,126,-13,138,61,-228,-108,96
-12,126,-13,139,59,-228,-111,96
-14,125,-14,139,58,-228,-112,95
-15,124,-14,140,59,-228,-113,93
-17,124,-14,140,59,-228,-114,93
-17,125,-13,138,59,-228,-115,95
-18,126,-13,138,59,-228,-113,96
-19,126,-13,138,59,-228,-114,96
-21,123,-14,140,59,-228,-118,93
-21,122,-15,141,59,-228,-119,89
-21,120,-16,141,59,-226,-120,87
-20,119,-17,140,59,-224,-118,86
-20,118,-17,138,59,-223,-118,85
-21,115,-17,137,59,-224,-117,83
-23,112,-17,137,59,-225,-118,80
-25,110,-16,137,59,-226,-120,76
-26,107,-16,136,59,-227,-122,76
-27,105,-17,135,59,-227,-122,72
-28,103,-18,135,59,-227,-123,69
-28,101,-21,134,59,-225,-123,68
-29,98,-21,133,59,-224,-124,64
-30,94,-21,132,59,-224,-125,61
-32,89,-20,132,59,-226,-124,56
-33,85,-20,132,59,-227,-125,51
-34,81,-20,132,59,-227,-128,47
-35,77,-21,132,59,-226,-129,42
-35,72,-21,131,59,-225,-126,39
-36,68,-22,130,59,-224,-128,34
-38,64,-24,129,59,-224,-129,29
-39,60,-24,128,59,-224,-131,23
-41,56,-25,128,57,-223,-133,19
-43,52,-25,127,56,-224,-134,14
-44,48,-26,127,55,-224,-135,10
-44,43,-27,126,56,-225,-135,6
-45,40,-27,125,57,-224,-134,2
-45,37,-26,124,57,-224,-134,0
-46,34,-25,123,57,-224,-135,-1
-46,31,-25,123,57,-226,-134,-3
-46,28,-26,124,57,-227,-135,-9
-47,26,-26,124,56,-227,-135,-12
-47,23,-26,123,55,-226,-136,-14
-48,21,-26,123,54,-226,-136,-17
-49,19,-27,124,54,-226,-136,-18
-49,19,-27,125,55,-227,-137,-18
-50,18,-27,124,56,-227,-137,-19
-50,18,-26,123,55,-228,-139,-19
-51,17,-25,123,54,-228,-139,-18
-51,15,-26,123,54,-227,-140,-21
-52,15,-27,124,54,-227,-140,-23
-51,16,-26,124,54,-227,-139,-21
-50,18,-26,123,54,-227,-137,-19
-50,20,-26,123,54,-227,-137,-17
-50,22,-27,124,54,-227,-139,-15
-51,23,-28,125,54,-228,-142,-14
-51,25,-28,125,54,-228,-141,-12
-50,28,-27,126,54,-227,-140,-9
-48,31,-26,126,54,-227,-139,-7
-47,33,-26,126,54,-227,-137,-3
-46,35,-27,126,54,-229,-137,-2
-45,36,-26,127,54,-231,-136,-1
-44,37,-25,127,54,-232,-135,0
-44,40,-23,127,54,-233,-135,6
-45,43,-22,127,54,-233,-134,8
-45,45,-22,127,54,-232,-134,10
-45,47,-22,127,54,-232,-134,12
-44,47,-22,126,54,-232,-134,13
-44,49,-21,126,54,-232,-133,14
-44,51,-20,125,54,-232,-134,17
-45,53,-19,126,54,-232,-134,20
-45,53,-19,126,54,-232,-134,20
-44,51,-19,126,54,-232,-134,19
-43,49,-19,126,54,-233,-133,17
-43,48,-18,127,54,-233,-131,15
-42,48,-18,128,54,-232,-131,15
-43,48,-17,129,54,-232,-131,17
-43,49,-16,129,54,-232,-131,17
-43,48,-16,127,53,-234,-131,17
-42,47,-16,124,53,-236,-128,14
-41,45,-17,122,53,-237,-126,13
-40,44,-17,121,53,-238,-124,12
-40,44,-16,122,53,-238,-126,12
-40,44,-15,123,53,-237,-126,14
-40,43,-14,124,53,-237,-126,13
-39,43,-15,124,53,-237,-125,13
-39,42,-15,123,53,-237,-125,13
-39,42,-15,123,53,-237,-125,13
-39,43,-15,123,53,-237,-125,13
-40,43,-15,123,53,-237,-126,13
-40,44,-15,123,53,-237,-126,14
-39,44,-16,124,53,-237,-125,12
-38,46,-16,125,53,-237,-124,14
-37,47,-16,126,53,-237,-125,15
-36,50,-16,127,53,-237,-124,18
-35,52,-17,128,53,-237,-124,20
-34,55,-17,128,53,-237,-123,23
-33,59,-17,128,53,-237,-122,26
-32,63,-17,128,53,-237,-120,31
-31,68,-17,128,53,-237,-120,36
-29,72,-17,128,53,-238,-119,41
-28,76,-16,129,53,-237,-117,45
-27,80,-14,131,53,-237,-119,50
-26,86,-13,131,53,-237,-118,54
-25,91,-13,131,53,-238,-117,62
-24,96,-14,131,53,-239,-115,65
-22,100,-14,132,53,-239,-114,69
-22,104,-16,134,53,-239,-117,74
-21,109,-15,136,53,-238,-117,79
-21,114,-14,138,54,-237,-115,84
-19,118,-13,138,54,-237,-117,87
-18,123,-13,138,53,-237,-113,92
-17,127,-13,138,53,-237,-112,97
-17,130,-13,138,53,-237,-112,101
-17,133,-13,138,54,-238,-112,103
-17,134,-13,138,54,-239,-113,104
-16,137,-13,139,55,-240,-114,107
-15,139,-12,139,54,-239,-113,109
-14,139,-12,139,54,-238,-113,109
-14,138,-11,138,54,-237,-109,108
-15,136,-10,138,54,-237,-111,109
-15,135,-9,138,55,-238,-111,107
-15,133,-7,138,54,-239,-111,106
-15,131,-6,138,54,-241,-111,104
-14,129,-6,138,54,-242,-109,104
-14,126,-6,138,55,-242,-109,98
-14,123,-7,137,56,-239,-107,96
-14,119,-8,135,56,-238,-107,91
-14,115,-7,132,56,-237,-103,90
-13,110,-7,131,55,-237,-103,85
-13,107,-6,131,55,-238,-102,81
-13,103,-6,131,53,-239,-103,78
-14,99,-7,131,53,-239,-104,73
-16,95,-7,131,53,-238,-106,69
-18,91,-6,130,54,-237,-104,65
-18,88,-4,129,54,-237,-104,62
-18,84,-3,127,55,-239,-104,61
-17,80,-3,127,56,-241,-101,57
-17,77,-4,126,57,-242,-101,53
-18,74,-5,127,57,-241,-104,48
-19,72,-4,126,56,-240,-103,50
-20,71,-3,126,56,-240,-104,47
-21,71,-2,125,56,-241,-106,47
-21,71,-2,123,56,-242,-103,47
-21,71,-3,123,57,-243,-103,47
-22,72,-5,123,57,-243,-106,48
-23,74,-6,123,58,-242,-107,47
-24,75,-6,125,58,-242,-108,48
-25,76,-4,126,58,-242,-109,52
-25,78,-3,127,58,-242,-112,54
-25,81,-3,128,58,-242,-113,58
-25,85,-3,127,58,-242,-113,62
-26,89,-3,127,58,-242,-111,65
-26,93,-3,127,58,-242,-113,69
-26,97,-5,128,58,-242,-113,70
-26,101,-5,130,58,-242,-115,75
-25,106,-5,132,58,-242,-115,80
-24,110,-4,133,58,-242,-114,85
-23,115,-3,134,58,-242,-113,90
-22,120,-3,136,58,-242,-114,95
-21,125,-5,137,58,-242,-114,100
-21,129,-6,137,59,-242,-117,101
-20,133,-6,138,60,-242,-115,106
-19,137,-5,139,60,-243,-114,112
-17,141,-5,141,60,-243,-113,117
-16,145,-5,144,60,-242,-114,118
-14,149,-5,145,59,-242,-115,122
-14,151,-6,145,58,-242,-114,124
-12,153,-6,144,58,-242,-111,126
-11,154,-7,144,59,-242,-109,128
-10,156,-8,144,61,-243,-112,130
-10,159,-9,146,61,-243,-111,130
-9,161,-9,148,61,-242,-113,131
-8,160,-9,149,61,-242,-112,130
-7,158,-9,149,61,-241,-111,129
-7,157,-10,149,61,-242,-111,128
-8,155,-12,150,60,-242,-112,124
-9,154,-15,150,59,-243,-115,122
-9,151,-16,149,58,-243,-115,119
-8,149,-16,149,58,-242,-114,117
-8,146,-16,149,58,-243,-112,114
-9,143,-16,149,58,-243,-112,111
-10,139,-16,149,58,-242,-113,107
-11,136,-15,149,58,-241,-117,104
-10,134,-16,149,58,-241,-113,102
-10,131,-17,148,58,-241,-112,98
-9,127,-18,146,58,-243,-112,92
-10,123,-20,145,58,-243,-113,89
-12,120,-20,145,58,-241,-114,85
-14,117,-19,146,58,-239,-117,83
-14,115,-20,145,58,-239,-117,80
-14,112,-21,144,58,-241,-117,76
-14,109,-22,143,58,-242,-117,74
-16,107,-22,143,58,-243,-118,72
-17,106,-21,144,58,-243,-119,70
-17,105,-19,145,58,-242,-119,69
-17,103,-18,145,58,-242,-119,69
-17,101,-18,144,58,-242,-119,68
-19,100,-19,144,58,-242,-122,64
-21,100,-19,145,58,-242,-123,64
-21,103,-19,145,57,-242,-123,67
-19,105,-18,144,56,-242,-122,73
-19,108,-18,143,55,-242,-119,74
-20,109,-17,143,56,-242,-119,75
-20,110,-15,143,55,-242,-120,76
-20,112,-14,144,54,-242,-120,81
-19,115,-12,145,53,-242,-119,85
-18,118,-12,145,53,-242,-118,87
-17,122,-13,145,54,-242,-118,92
-17,125,-13,145,55,-242,-118,95
-17,127,-11,146,54,-242,-117,97
-16,129,-9,147,53,-244,-117,100
-16,131,-7,146,53,-246,-117,104
-16,133,-5,145,53,-247,-114,106
-17,134,-5,144,53,-248,-115,107
-17,135,-6,144,53,-247,-115,107
-17,134,-6,145,53,-247,-118,107
-16,133,-6,145,53,-247,-114,106
-16,131,-5,144,53,-247,-114,104
-16,130,-3,142,53,-247,-112,104
-16,127,-2,142,53,-247,-112,102
-17,124,-2,141,53,-247,-112,98
-17,120,-3,140,53,-247,-112,95
-18,115,-5,139,53,-247,-113,90
-19,111,-6,138,53,-247,-114,85
-20,106,-7,138,53,-247,-114,78
-21,99,-8,137,53,-247,-115,70
-22,91,-8,136,53,-247,-114,63
-24,82,-8,134,53,-247,-117,53
-26,74,-8,132,53,-247,-115,47
-29,67,-7,130,53,-247,-118,40
-31,58,-8,129,53,-247,-120,31
-32,50,-10,128,53,-247,-119,20
-33,41,-11,127,52,-249,-119,12
-34,33,-12,124,52,-250,-120,3
-36,26,-13,121,52,-250,-119,-3
-38,19,-13,119,52,-249,-119,-10
-40,13,-14,117,52,-249,-120,-17
-41,8,-14,117,52,-250,-122,-21
-42,3,-14,118,52,-252,-123,-26
-44,0,-15,119,52,-252,-126,-30
-46,-3,-17,120,53,-252,-129,-34
-47,-4,-18,120,53,-252,-130,-37
-47,-3,-19,120,52,-252,-130,-37
-48,-3,-18,120,52,-252,-130,-36
-48,-2,-18,121,52,-252,-130,-35
-49,0,-17,121,53,-252,-131,-34
-49,1,-17,121,54,-253,-133,-31
-49,6,-18,122,54,-256,-135,-26
-49,11,-20,124,54,-257,-135,-21
-48,18,-21,125,54,-257,-136,-17
-46,24,-21,125,54,-257,-135,-10
-44,31,-20,126,55,-257,-133,-1
-43,39,-18,127,56,-259,-131,6
-42,47,-17,130,57,-260,-133,14
-39,55,-17,133,57,-262,-134,23
-36,65,-16,135,57,-263,-130,32
-34,74,-15,136,57,-262,-128,42
-32,83,-14,137,57,-262,-126,52
-29,93,-14,138,57,-262,-124,62
-27,102,-13,139,57,-262,-125,72
-25,112,-13,141,57,-262,-123,81
-23,122,-13,142,57,-262,-120,91
-21,131,-12,144,57,-263,-122,101
-19,139,-11,146,56,-266,-120,109
-18,146,-10,148,55,-267,-122,115
-16,152,-9,150,54,-267,-119,123
-13,158,-8,152,55,-267,-119,129
-10,164,-8,154,56,-267,-117,135
-8,169,-8,155,57,-267,-114,140
-6,173,-7,156,57,-267,-113,145
-5,178,-6,158,56,-267,-114,148
-4,182,-5,159,56,-267,-113,153
-2,186,-5,159,56,-267,-112,157
0,188,-5,159,57,-267,-109,159
1,189,-5,159,56,-267,-107,161
2,189,-5,159,56,-267,-106,161
2,190,-5,159,56,-267,-106,162
2,189,-5,159,56,-267,-106,161
2,190,-5,159,56,-267,-106,162
2,190,-5,159,56,-267,-106,162
3,188,-5,159,56,-267,-106,161
3,186,-5,159,56,-267,-106,158
2,182,-5,159,56,-267,-106,153
1,179,-5,159,56,-267,-107,151
0,176,-5,159,56,-267,-108,147
0,173,-5,159,57,-267,-109,144
-1,169,-6,158,56,-267,-109,141
-1,165,-7,157,56,-267,-109,136
-3,159,-9,155,56,-265,-108,129
-4,152,-10,154,57,-265,-111,123
-7,146,-11,153,57,-266,-112,114
-8,140,-12,152,56,-267,-113,108
-8,135,-12,152,55,-266,-113,103
-9,129,-12,152,54,-264,-114,97
-10,123,-13,151,54,-262,-115,91
-14,118,-15,150,53,-261,-119,85
-17,112,-18,149,52,-262,-122,76
-18,106,-21,149,52,-262,-123,70
-19,101,-23,149,52,-262,-124,62
-19,94,-23,149,52,-262,-124,56
-20,88,-24,148,52,-262,-124,50
-21,82,-25,147,52,-262,-125,43
-23,77,-26,146,52,-262,-126,39
-24,72,-27,145,52,-262,-128,34
-26,68,-28,145,52,-262,-130,29
-27,64,-28,145,52,-262,-131,25
-29,61,-27,145,52,-262,-133,21
-30,58,-27,145,52,-260,-134,19
-30,57,-27,145,52,-258,-134,17
-30,56,-29,144,53,-258,-131,14
-31,54,-30,143,52,-260,-133,12
-33,53,-30,142,50,-262,-134,10
-34,53,-30,142,48,-262,-135,10
-33,54,-30,143,47,-262,-134,12
-32,56,-30,143,48,-262,-133,14
-31,58,-30,143,49,-262,-133,17
-31,59,-30,142,49,-261,-133,18
-32,60,-30,142,47,-260,-134,18
-32,61,-30,143,47,-260,-134,19
-32,63,-29,144,47,-260,-134,20
-31,65,-28,145,47,-261,-135,25
-31,67,-27,145,47,-262,-135,28
-31,69,-26,146,47,-262,-135,30
-31,72,-25,147,47,-261,-135,32
-31,75,-24,148,47,-261,-135,36
-32,78,-24,148,47,-262,-136,39
-32,80,-24,148,47,-262,-136,41
-31,82,-24,148,46,-261,-135,42
-30,83,-23,149,45,-260,-134,45
-29,85,-23,149,46,-258,-134,46
-30,86,-23,149,46,-258,-134,47
-31,88,-23,149,46,-260,-135,48
-31,88,-23,149,46,-261,-135,50
-29,89,-23,149,44,-262,-134,50
-28,90,-23,149,42,-261,-133,51
-26,90,-23,149,42,-261,-131,51
-26,90,-23,149,42,-261,-130,52
-26,90,-23,149,42,-261,-130,51
-26,90,-23,149,42,-261,-131,51
-27,90,-23,149,42,-261,-131,52
-27,91,-23,149,42,-260,-131,52
-26,90,-24,150,42,-259,-134,51
-25,89,-24,151,42,-260,-133,50
-24,87,-24,150,42,-261,-131,48
-24,86,-24,149,42,-261,-129,47
-25,85,-24,148,42,-261,-130,46
-27,84,-24,148,43,-261,-131,45
-28,83,-24,148,42,-261,-131,43
-27,81,-24,148,40,-261,-131,42
-26,79,-24,148,39,-261,-130,41
-27,78,-24,148,39,-261,-131,39
-29,78,-24,148,39,-261,-133,39
-30,77,-25,147,39,-261,-135,39
-31,77,-26,146,38,-261,-135,37
-31,77,-27,145,37,-261,-135,37
-30,77,-26,146,37,-261,-135,39
-30,77,-26,146,37,-261,-134,37
-30,77,-26,146,37,-261,-134,37
-30,77,-26,146,37,-261,-135,37
-31,78,-26,146,37,-261,-135,39
-32,80,-26,146,37,-261,-136,41
-32,82,-26,146,37,-261,-136,43
-30,83,-26,146,37,-261,-134,45
-28,83,-26,146,37,-261,-133,45
-28,84,-26,146,37,-261,-133,45
-29,85,-26,146,38,-261,-134,46
-30,86,-26,146,37,-261,-135,47
-31,88,-26,146,36,-261,-135,48
-31,88,-26,146,34,-261,-135,50
-30,88,-26,146,34,-260,-135,50
-31,88,-26,146,34,-260,-135,50
-32,87,-26,146,34,-260,-136,48
-33,85,-26,146,33,-260,-137,46
-34,84,-26,146,32,-260,-139,45
-34,83,-27,146,32,-260,-139,43
-33,83,-27,146,32,-260,-137,43
-32,82,-26,146,32,-260,-136,42
-33,79,-26,145,32,-260,-135,40
-34,77,-24,143,32,-260,-136,37
-34,75,-23,142,32,-260,-134,37
-34,73,-23,142,32,-260,-133,36
-33,72,-23,142,32,-260,-135,35
-34,70,-23,142,32,-260,-135,34
-35,68,-22,141,32,-260,-134,31
-36,67,-21,140,32,-260,-135,30
-36,65,-20,139,32,-260,-133,31
-35,64,-20,138,32,-260,-131,30
-34,64,-20,138,32,-260,-130,30
-34,64,-19,138,33,-260,-130,30
-34,64,-17,137,32,-260,-131,29
-35,64,-14,137,31,-260,-129,32
-34,65,-13,138,28,-260,-128,34
-33,68,-13,138,27,-260,-126,37
-32,72,-13,139,27,-260,-129,41
-31,75,-13,138,29,-260,-128,43
-30,79,-12,137,31,-260,-125,48
-29,83,-10,136,31,-260,-124,54
-28,87,-9,136,29,-260,-120,59
-27,91,-7,136,27,-260,-119,63
-26,96,-6,138,27,-260,-120,68
-25,101,-5,139,28,-260,-120,75
-25,108,-3,140,30,-260,-120,83
-23,114,-3,141,29,-260,-119,89
-21,121,-2,141,28,-260,-117,96
-19,127,-1,142,27,-260,-114,102
-17,134,0,143,28,-260,-113,109
-15,141,0,144,29,-260,-113,117
-13,148,2,146,31,-260,-112,125
-12,154,3,147,31,-260,-111,131
-12,159,4,148,31,-260,-111,137
-11,163,4,148,31,-260,-109,142
-9,168,4,148,32,-260,-108,147
-8,173,4,148,32,-261,-107,151
-8,176,3,150,32,-260,-109,155
-8,178,3,150,32,-260,-109,157
-7,179,4,150,32,-260,-109,157
-6,179,6,149,32,-261,-106,158
-6,179,7,150,32,-262,-106,158
-7,179,6,151,32,-263,-108,158
-7,179,3,151,32,-262,-108,157
-7,177,0,151,32,-261,-109,153
-7,174,0,151,32,-260,-109,151
-7,172,1,150,32,-260,-108,148
-8,169,2,150,32,-260,-109,147
-8,165,2,150,32,-261,-109,141
-9,161,0,150,32,-260,-111,137
-10,155,-1,149,32,-260,-111,131
-10,149,-2,148,32,-260,-111,125
-10,143,-2,148,32,-260,-112,118
-11,137,-3,147,32,-260,-112,111
-12,133,-4,146,32,-261,-111,106
-13,129,-5,145,32,-261,-111,102
-13,125,-6,144,32,-260,-111,97
-14,121,-7,144,32,-259,-112,93
-14,117,-8,143,32,-257,-112,90
-15,115,-9,141,33,-257,-113,87
-16,112,-10,141,32,-258,-114,83
-17,110,-10,141,32,-259,-114,80
-18,108,-9,142,32,-258,-115,80
-18,108,-8,142,32,-257,-115,80
-16,109,-8,143,32,-257,-114,81
-15,111,-10,143,34,-257,-113,80
-15,112,-11,144,36,-256,-115,81
-17,113,-12,146,38,-256,-117,83
-18,115,-10,148,38,-256,-122,85
-18,119,-9,148,37,-256,-120,89
-17,123,-9,149,36,-256,-119,93
-16,128,-9,148,36,-256,-119,97
-15,132,-9,148,34,-256,-118,102
-15,135,-10,149,33,-256,-118,106
-14,139,-10,150,33,-256,-118,109
-13,143,-10,151,34,-256,-118,113
-11,148,-9,154,34,-256,-117,118
-10,151,-8,155,34,-256,-117,122
-10,153,-8,155,33,-256,-117,124
-11,154,-8,155,32,-256,-117,125
-11,154,-9,155,32,-256,-119,124
-11,155,-10,156,32,-256,-120,125
-12,155,-10,156,33,-255,-120,125
-12,156,-10,156,33,-254,-120,126
-12,155,-10,157,32,-254,-120,124
-13,154,-11,158,32,-254,-122,122
-14,151,-12,159,32,-256,-124,119
-15,148,-12,159,32,-256,-125,115
-16,144,-12,159,32,-256,-126,112
-17,140,-12,159,32,-254,-128,108
-18,135,-13,158,33,-253,-125,103
-18,130,-14,156,33,-252,-126,97
-19,125,-14,154,33,-252,-126,92
-21,120,-15,152,33,-252,-125,87
-22,114,-16,151,33,-252,-128,81
-25,108,-16,149,33,-252,-130,74
-27,101,-16,148,32,-254,-129,68
-28,95,-17,148,32,-254,-130,62
-28,90,-18,147,32,-253,-130,53
-28,84,-20,146,33,-252,-130,47
-30,77,-21,144,33,-252,-131,41
-32,70,-22,143,33,-252,-134,34
-33,64,-23,142,33,-251,-135,28
-34,60,-23,142,33,-251,-133,23
-34,57,-24,141,33,-251,-133,19
-35,53,-26,140,33,-251,-134,13
-36,50,-27,139,33,-250,-135,10
-37,47,-27,139,32,-251,-136,7
-39,44,-26,138,29,-252,-137,4
-40,43,-25,137,28,-254,-136,6
-42,43,-25,137,27,-255,-137,6
-42,43,-25,138,28,-256,-141,6
-41,43,-26,138,28,-256,-140,3
-41,44,-25,138,28,-255,-140,6
-40,44,-25,137,28,-255,-136,7
-40,44,-24,135,28,-255,-136,7
-40,44,-23,135,29,-255,-136,7
-40,44,-22,136,30,-256,-136,7
-41,45,-21,138,29,-256,-137,8
-42,46,-20,139,28,-255,-139,12
-43,48,-19,139,28,-255,-139,13
-42,51,-20,139,28,-255,-139,15
-41,53,-20,138,28,-257,-137,18
-41,55,-20,138,28,-259,-137,20
-40,55,-20,138,28,-260,-136,20
-40,55,-20,139,27,-259,-137,20
-41,56,-19,140,27,-258,-137,21
-43,57,-17,141,27,-259,-141,23
-43,59,-16,142,27,-260,-142,24
-43,60,-16,142,27,-260,-141,25
-42,60,-16,142,27,-260,-141,25
-41,60,-16,142,27,-260,-140,25
-42,60,-16,142,27,-260,-141,25
-42,60,-16,142,27,-260,-141,25
-42,60,-16,142,27,-260,-141,25
-41,60,-16,142,27,-259,-140,25
-41,59,-16,142,28,-257,-140,24
-42,57,-17,141,28,-257,-141,23
-42,57,-17,141,28,-257,-141,21
-41,56,-18,140,28,-256,-140,20
-40,55,-18,141,28,-256,-140,20
-40,55,-17,142,28,-257,-140,20
-40,55,-17,141,28,-257,-140,20
-41,55,-17,140,28,-257,-137,20
-40,55,-17,138,28,-256,-137,20
-40,55,-17,137,28,-255,-137,20
-40,54,-17,138,28,-255,-136,20
-40,55,-16,139,28,-255,-137,20
-41,56,-16,139,28,-256,-137,21
-42,58,-16,138,28,-255,-139,24
-43,59,-16,137,28,-255,-139,24
-43,60,-17,137,28,-255,-140,25
-43,59,-18,138,28,-255,-140,25
-43,59,-19,139,28,-255,-140,24
-43,59,-20,139,28,-255,-139,24
-42,60,-20,139,28,-255,-139,25
-40,61,-20,138,28,-255,-136,26
-39,61,-19,137,28,-255,-135,26
-38,62,-18,136,28,-255,-133,28
-39,63,-17,135,28,-255,-134,28
-40,65,-16,135,28,-255,-134,32
-41,65,-16,135,28,-255,-135,34
-42,66,-17,135,28,-255,-136,34
-41,66,-17,135,28,-255,-135,34
-39,66,-17,135,28,-255,-134,35
-38,67,-17,135,28,-255,-133,35
-37,68,-16,135,28,-255,-131,36
-37,69,-16,136,28,-255,-131,37
-37,72,-15,136,28,-255,-131,40
-36,74,-14,137,28,-255,-131,42
-35,75,-14,137,28,-255,-130,43
-34,76,-13,138,28,-255,-128,45
-32,78,-13,138,28,-255,-126,46
-32,80,-13,138,28,-255,-126,48
-31,82,-12,139,28,-255,-129,51
-31,86,-11,140,28,-255,-129,54
-32,89,-11,140,28,-255,-129,58
-31,92,-10,141,28,-255,-129,61
-29,96,-10,141,28,-255,-126,68
-26,100,-9,142,28,-255,-124,72
-24,104,-8,143,28,-255,-122,75
-23,108,-7,144,28,-255,-120,80
-23,114,-5,144,28,-255,-120,86
-21,121,-2,144,28,-255,-119,96
-19,128,0,144,28,-255,-117,102
-17,134,0,147,28,-255,-115,109
-15,141,1,149,28,-255,-115,117
-13,147,2,151,28,-255,-114,123
-11,154,3,151,28,-255,-112,133
-8,162,5,151,28,-255,-109,140
-5,170,6,152,28,-255,-106,150
-3,179,7,154,28,-255,-104,158
-1,187,8,155,29,-255,-106,167
0,194,9,157,30,-256,-103,174
2,200,10,158,31,-256,-102,183
3,207,11,160,32,-256,-103,189
4,213,11,161,32,-256,-102,195
4,219,11,161,33,-256,-102,201
6,224,13,162,33,-256,-101,207
9,228,14,163,32,-256,-98,211
11,232,15,164,32,-256,-96,214
12,234,16,165,32,-256,-95,217
11,234,15,165,33,-256,-96,217
11,234,14,163,32,-256,-96,217
11,233,13,162,32,-256,-96,217
12,232,11,161,32,-256,-95,216
13,231,10,162,32,-256,-93,212
13,228,8,163,32,-256,-96,208
13,224,7,163,32,-255,-96,203
13,218,6,163,32,-255,-96,195
12,212,6,162,32,-254,-97,189
10,205,5,162,33,-253,-98,183
8,198,3,161,33,-252,-98,175
6,192,2,159,33,-251,-100,169
5,184,0,157,33,-251,-101,161
4,176,0,155,33,-251,-101,150
3,168,-2,155,33,-251,-102,142
0,160,-4,155,33,-251,-106,134
-3,152,-7,155,33,-251,-109,123
-6,144,-8,155,33,-251,-112,115
-8,137,-10,155,33,-251,-113,108
-10,131,-11,153,33,-251,-115,98
-12,125,-13,151,33,-251,-118,92
-14,119,-15,149,33,-251,-119,86
-15,114,-16,149,33,-251,-118,81
-16,108,-16,149,33,-251,-118,75
-18,104,-16,148,33,-251,-120,72
-19,101,-17,148,33,-251,-122,68
-22,99,-17,148,33,-251,-124,65
-23,97,-18,147,33,-251,-125,62
-24,95,-19,146,33,-251,-126,59
-24,93,-19,146,33,-251,-126,57
-24,92,-20,145,33,-251,-126,56
-24,93,-20,145,33,-251,-125,57
-24,95,-19,146,33,-250,-125,59
-25,97,-18,147,33,-251,-126,62
-25,99,-17,148,33,-252,-128,65
-26,100,-16,149,32,-254,-130,67
-25,102,-15,149,32,-254,-130,68
-25,104,-15,148,32,-254,-126,70
-24,107,-14,146,32,-254,-126,73
-25,109,-13,145,32,-255,-125,79
-25,111,-12,145,32,-255,-125,80
-25,114,-11,146,32,-254,-125,83
-24,116,-10,148,33,-252,-126,85
-23,118,-9,148,33,-252,-125,87
-22,120,-9,149,33,-251,-125,90
-21,121,-9,148,33,-252,-124,91
-20,121,-9,148,33,-252,-123,91
-19,122,-9,148,33,-252,-122,91
-19,122,-9,148,33,-251,-122,91
-20,122,-9,149,33,-251,-123,91
-21,121,-9,148,33,-250,-124,91
-20,120,-8,147,33,-251,-120,90
-19,118,-7,146,33,-251,-119,90
-19,115,-6,146,33,-251,-119,87
-20,112,-6,147,33,-251,-120,84
-22,109,-5,147,33,-251,-122,81
-23,107,-5,146,33,-251,-123,79
-24,104,-5,145,33,-251,-122,76
-25,101,-6,144,33,-250,-123,73
-26,97,-6,144,33,-249,-124,69
-28,93,-6,145,33,-249,-125,64
-29,89,-6,145,33,-250,-129,61
-31,84,-6,144,33,-250,-128,56
-32,79,-7,144,33,-249,-129,51
-33,75,-8,143,33,-248,-130,46
-34,71,-9,141,33,-246,-131,42
-36,68,-10,141,33,-245,-133,36
-37,66,-10,141,33,-246,-134,34
-38,64,-11,140,33,-246,-135,31
-39,60,-11,140,33,-246,-136,28
-39,57,-12,139,33,-246,-136,24
-40,53,-13,138,33,-246,-134,21
-40,51,-13,138,33,-246,-134,19
-41,49,-13,138,33,-246,-135,17
-42,48,-13,138,33,-246,-139,15
-43,48,-14,137,33,-246,-137,15
-42,48,-15,136,33,-246,-136,15
-41,49,-16,136,33,-245,-135,17
-40,51,-16,137,33,-246,-136,17
-40,54,-18,139,33,-246,-136,19
-41,56,-20,139,33,-247,-137,21
-41,59,-21,139,33,-248,-137,21
-39,61,-20,139,33,-247,-135,26
-36,65,-18,139,33,-246,-133,30
-35,69,-18,140,33,-247,-134,35
-35,73,-20,140,33,-249,-134,36
-34,77,-22,141,33,-251,-134,40
-33,80,-22,143,33,-251,-135,43
-32,83,-21,145,33,-251,-134,46
-31,86,-21,147,33,-251,-134,50
-30,90,-21,148,33,-251,-134,53
-28,94,-23,149,33,-251,-133,56
-27,97,-23,149,33,-251,-131,59
-26,100,-23,149,33,-251,-131,62
-26,102,-23,149,33,-251,-130,63
-25,104,-24,150,33,-251,-131,65
-23,107,-24,153,33,-251,-130,68
-21,109,-24,155,33,-251,-131,72
-21,112,-24,155,33,-251,-131,74
-22,113,-25,154,33,-251,-133,75
-23,114,-25,154,33,-251,-134,75
-23,115,-24,155,33,-251,-133,76
-21,115,-23,156,33,-251,-131,76
-20,116,-22,156,33,-251,-130,78
-20,116,-21,155,33,-250,-130,79
-20,116,-21,155,33,-251,-130,78
-20,114,-21,155,33,-251,-130,75
-21,112,-21,155,33,-252,-130,74
-21,110,-20,154,33,-253,-128,74
-20,110,-19,152,33,-252,-128,74
-21,110,-19,152,33,-251,-128,74
-21,108,-19,152,33,-251,-129,73
-22,105,-19,152,33,-250,-129,69
-22,102,-20,153,33,-251,-129,67
-22,99,-19,152,33,-251,-129,63
-23,98,-18,151,33,-251,-128,62
-24,97,-17,150,33,-251,-129,61
-25,94,-16,149,33,-251,-128,61
-26,92,-16,148,33,-251,-128,58
-26,91,-16,149,33,-251,-129,57
-27,90,-16,149,33,-251,-131,56
-27,88,-16,149,31,-251,-129,54
-27,86,-15,148,30,-251,-129,52
-28,84,-14,147,29,-250,-130,50
-30,83,-13,147,30,-250,-133,48
-33,81,-14,146,29,-250,-135,47
-35,79,-14,145,28,-251,-134,45
-36,76,-15,143,28,-252,-135,42
-36,74,-16,142,28,-252,-135,40
-37,73,-17,141,28,-251,-136,39
-39,71,-16,142,28,-251,-139,36
-40,68,-16,142,28,-252,-140,34
-40,65,-17,142,28,-254,-140,30
-40,62,-16,142,28,-254,-140,28
-40,58,-16,142,28,-252,-140,24
-42,55,-16,142,29,-250,-141,20
-44,53,-16,142,30,-250,-144,18
-46,52,-17,141,30,-251,-145,17
-47,50,-19,140,28,-252,-144,15
-48,47,-20,139,28,-252,-145,12
-47,44,-20,138,28,-252,-144,8
-48,41,-20,138,28,-252,-145,6
-49,39,-19,138,30,-252,-145,4
-49,39,-18,137,30,-253,-145,4
-49,39,-19,137,29,-254,-145,4
-48,38,-20,138,28,-255,-145,3
-47,36,-20,139,28,-256,-142,1
-46,35,-20,139,28,-256,-142,0
-47,36,-20,138,28,-255,-142,1
-48,38,-21,138,28,-255,-145,0
-49,39,-21,137,28,-255,-145,2
-49,39,-21,138,29,-255,-145,2
-48,40,-20,138,30,-256,-144,4
-46,42,-19,139,29,-255,-142,7
-45,45,-19,139,28,-255,-141,9
-44,49,-20,138,27,-255,-140,14
-43,52,-20,138,28,-255,-140,17
-42,55,-20,138,29,-255,-139,20
-41,58,-19,140,30,-256,-137,24
-39,63,-17,141,29,-255,-139,28
-38,68,-16,142,28,-255,-137,34
-37,73,-16,142,28,-255,-136,39
-37,77,-16,142,29,-256,-137,42
-37,81,-17,141,31,-256,-136,47
-35,86,-16,142,32,-256,-135,52
-32,91,-15,143,32,-256,-133,57
-31,95,-14,144,31,-256,-130,64
-30,100,-12,145,29,-255,-130,69
-29,103,-12,145,28,-255,-129,73
-28,107,-13,145,29,-255,-129,76
-27,112,-13,145,31,-256,-128,81
-25,115,-11,146,33,-256,-125,84
-23,117,-9,147,33,-256,-123,86
-23,118,-7,146,31,-256,-123,90
-23,119,-6,145,30,-256,-124,91
-24,119,-5,144,31,-256,-122,91
-23,119,-6,144,32,-256,-122,91
-22,119,-6,144,33,-256,-120,91
-21,117,-6,145,33,-256,-119,90
-20,116,-6,145,32,-256,-118,89
-19,115,-6,145,30,-256,-117,87
-19,112,-6,144,29,-256,-117,85
-20,109,-5,144,29,-255,-117,81
-21,106,-4,143,29,-255,-119,78
-23,104,-5,144,30,-256,-120,75
-23,101,-6,145,31,-256,-120,73
-23,98,-6,145,32,-256,-123,69
-24,94,-6,144,32,-256,-120,65
-25,90,-5,143,33,-256,-122,61
-26,86,-6,142,33,-256,-123,57
-26,83,-7,142,32,-256,-123,54
-27,81,-8,142,32,-256,-124,52
-27,79,-8,140,32,-256,-124,50
-28,76,-7,139,33,-256,-123,47
-30,73,-6,138,33,-256,-124,45
-32,71,-6,137,33,-256,-126,45
-32,70,-6,138,32,-256,-126,41
-32,70,-6,138,31,-256,-126,41
-32,71,-6,138,31,-256,-126,41
-32,70,-6,138,31,-256,-126,41
-32,70,-6,138,32,-256,-126,41
-31,71,-6,138,33,-256,-125,42
-30,73,-6,138,33,-256,-124,43
-29,75,-6,138,32,-256,-124,46
-30,77,-6,138,32,-256,-124,48
-30,79,-6,138,32,-256,-124,53
-30,83,-6,138,33,-256,-125,54
-30,86,-7,139,32,-256,-124,57
-29,89,-9,140,32,-256,-126,61
-29,91,-9,141,32,-256,-126,63
-28,93,-9,143,32,-256,-125,64
-28,96,-7,144,33,-256,-125,68
-27,100,-6,144,33,-256,-124,72
-26,103,-5,145,33,-256,-124,74
-27,106,-6,145,32,-256,-124,78
-27,108,-7,146,32,-256,-128,80
-27,110,-8,147,33,-256,-128,80
-28,112,-9,148,33,-256,-130,81
-28,112,-9,149,35,-256,-130,81
-28,112,-9,148,36,-256,-130,81
-27,112,-8,148,37,-256,-129,81
-25,111,-9,148,37,-257,-128,80
-24,110,-11,148,36,-258,-126,79
-24,109,-14,149,34,-257,-126,76
-24,108,-16,149,34,-256,-126,75
-25,106,-16,149,36,-256,-126,73
-25,104,-17,148,37,-257,-128,70
-25,102,-18,149,38,-258,-130,67
-26,100,-19,150,38,-257,-130,64
-27,97,-20,151,37,-256,-134,62
-27,94,-20,152,37,-257,-134,58
-28,91,-20,151,37,-259,-135,54
-29,87,-21,150,37,-261,-134,51
-30,84,-23,149,37,-261,-135,46
-31,82,-23,149,37,-261,-135,42
-32,80,-23,149,38,-261,-136,41
-33,78,-22,149,37,-261,-137,39
-33,75,-22,150,36,-261,-137,36
-33,73,-24,151,34,-260,-140,34
-33,72,-25,151,32,-260,-140,32
-34,70,-26,151,32,-260,-141,30
-35,68,-28,150,32,-260,-141,26
-36,67,-28,150,32,-260,-142,24
-35,65,-27,149,32,-260,-141,23
-35,64,-27,148,32,-260,-139,24
-34,64,-26,146,32,-260,-139,24
-34,64,-26,146,32,-260,-139,24
-34,64,-26,146,32,-260,-137,24
-33,64,-25,147,32,-260,-137,25
-31,66,-24,148,32,-260,-135,26
-31,67,-24,148,32,-260,-135,28
-31,68,-23,149,33,-260,-135,28
-31,67,-23,149,32,-260,-135,28
-30,67,-22,148,31,-260,-134,30
-29,68,-21,147,29,-260,-134,31
-29,70,-21,147,29,-260,-131,34
-29,72,-21,148,29,-260,-134,35
-30,72,-21,149,29,-260,-134,36
-29,72,-20,149,28,-260,-134,35
-29,72,-20,148,27,-260,-134,35
-29,72,-19,146,28,-260,-131,35
-30,72,-18,146,29,-260,-131,35
-30,70,-18,147,29,-261,-131,34
-30,68,-19,147,29,-260,-131,31
-30,66,-19,146,28,-260,-131,29
-30,66,-20,145,27,-260,-131,29
-30,66,-20,145,27,-260,-131,29
-30,66,-19,146,27,-262,-131,30
-30,66,-19,146,27,-264,-131,30
-30,66,-20,145,27,-263,-131,30
-30,66,-20,145,27,-262,-131,29
-31,65,-19,146,27,-260,-133,29
-32,65,-19,147,27,-261,-134,28
-33,65,-18,147,27,-263,-134,28
-33,64,-19,146,27,-265,-135,28
-33,65,-19,145,27,-266,-134,28
-33,65,-20,146,27,-265,-134,28
-33,65,-20,147,27,-265,-135,28
-34,64,-20,149,27,-265,-137,26
-34,63,-22,150,27,-265,-139,24
-35,63,-23,150,27,-265,-141,24
-35,65,-23,149,27,-265,-139,25
-34,68,-23,149,27,-265,-139,28
-34,70,-23,149,27,-265,-137,30
-32,71,-22,149,27,-265,-136,31
-32,70,-23,149,27,-265,-136,31
-32,70,-24,150,27,-265,-139,31
-32,72,-25,152,27,-267,-139,32
-31,75,-26,153,27,-267,-140,34
-31,77,-26,153,27,-267,-140,35
-31,79,-26,153,27,-267,-140,37
-30,79,-26,153,27,-268,-139,37
-29,81,-26,153,26,-269,-139,40
-28,84,-26,153,26,-270,-137,42
-28,87,-26,152,25,-270,-137,46
-28,90,-26,153,25,-270,-137,48
-27,92,-25,154,25,-270,-136,53
-27,94,-23,155,24,-270,-136,56
-26,97,-22,156,24,-270,-136,58
-25,101,-22,156,25,-270,-135,62
-24,103,-22,156,25,-270,-134,64
-23,105,-23,156,24,-270,-133,67
-23,108,-23,156,22,-270,-133,69
-23,111,-22,157,21,-270,-133,73
-22,113,-20,158,22,-270,-133,75
-21,115,-18,158,22,-269,-131,79
-20,116,-16,157,22,-270,-130,81
-18,119,-15,156,22,-271,-125,84
-17,121,-15,155,21,-273,-124,86
-16,123,-16,155,21,-274,-124,87
-17,124,-15,156,21,-275,-124,89
-17,124,-16,156,21,-275,-124,89
-17,124,-16,155,21,-274,-125,89
-18,125,-14,155,21,-274,-125,92
-18,125,-12,154,21,-274,-123,92
-18,125,-10,155,21,-274,-123,95
-18,125,-8,155,21,-274,-123,95
-17,124,-8,155,21,-274,-123,93
-17,123,-9,155,21,-274,-123,93
-16,123,-9,155,21,-274,-124,93
-16,123,-9,155,21,-274,-124,93
-17,124,-9,155,21,-274,-123,93
-18,123,-8,154,21,-274,-124,92
-19,120,-7,154,21,-274,-124,90
-19,118,-7,153,21,-274,-124,87
-18,117,-7,153,21,-274,-124,86
-19,117,-7,154,21,-274,-124,86
-20,116,-7,154,21,-274,-125,86
-21,114,-7,153,21,-274,-126,84
-21,112,-6,153,21,-274,-124,84
-20,108,-5,152,21,-274,-123,80
-19,107,-5,151,21,-274,-122,79
-19,105,-6,151,21,-274,-122,78
-21,104,-8,149,21,-274,-124,74
-22,104,-9,148,21,-274,-124,73
-22,102,-10,148,21,-274,-124,72
-22,100,-9,148,21,-274,-125,69
-23,98,-9,149,21,-274,-125,67
-24,97,-9,148,21,-274,-126,65
-25,97,-10,148,21,-274,-128,65
-25,97,-12,146,21,-274,-124,65
-25,97,-14,147,21,-274,-126,64
-25,97,-14,146,21,-274,-126,64
-25,97,-14,146,21,-274,-126,63
-25,97,-13,146,21,-274,-124,65
-24,97,-13,146,21,-274,-126,65
-23,98,-15,148,21,-275,-125,64
-22,100,-16,148,22,-275,-125,67
-22,102,-17,148,21,-274,-124,68
-22,104,-18,148,21,-273,-124,70
-22,106,-17,148,22,-271,-124,73
-21,108,-16,148,22,-270,-124,75
-21,111,-16,149,22,-269,-123,78
-21,114,-15,149,21,-270,-126,81
-20,118,-16,149,21,-270,-123,85
-20,122,-16,149,20,-270,-123,89
-19,126,-16,148,20,-270,-123,92
-20,129,-16,149,21,-270,-123,97
-20,133,-15,150,20,-270,-125,101
-20,137,-13,151,19,-269,-125,104
-19,140,-12,152,18,-268,-125,108
-18,144,-12,152,19,-268,-124,112
-18,147,-12,152,21,-268,-124,114
-17,149,-12,152,22,-268,-123,117
-17,151,-13,152,21,-266,-123,119
-17,153,-12,152,19,-265,-123,120
-17,155,-11,153,17,-266,-123,123
-16,157,-10,154,16,-268,-123,128
-15,158,-9,155,17,-269,-122,129
-14,158,-8,155,18,-269,-119,129
-13,159,-8,155,19,-267,-119,129
-13,159,-9,155,19,-267,-119,129
-14,158,-9,155,19,-267,-119,129
-13,158,-8,155,18,-269,-119,128
-12,155,-8,155,17,-269,-118,126
-12,152,-9,155,17,-268,-118,123
-12,149,-10,154,17,-266,-118,118
-13,147,-11,153,18,-264,-118,114
-13,144,-10,152,18,-264,-119,114
-13,140,-8,151,17,-264,-117,111
-13,137,-7,151,17,-265,-115,107
-12,133,-7,149,17,-265,-115,103
-13,130,-9,148,17,-264,-115,100
-13,126,-10,148,17,-264,-115,96
-13,124,-9,148,17,-264,-115,93
-14,121,-9,149,17,-264,-117,91
-15,119,-9,148,17,-264,-118,89
-16,116,-9,148,17,-264,-119,86
-17,114,-10,148,17,-265,-120,84
-18,112,-10,148,17,-264,-120,81
-18,109,-10,147,17,-264,-118,79
-19,107,-10,146,17,-264,-119,76
-20,107,-10,145,17,-265,-119,76
-19,108,-10,144,17,-266,-119,78
-19,111,-8,144,17,-267,-117,83
-18,112,-6,145,17,-266,-115,85
-18,114,-5,145,17,-265,-115,86
-17,115,-5,145,18,-264,-115,87
-17,117,-6,145,17,-264,-114,90
-17,120,-6,145,17,-264,-114,92
-17,123,-6,145,17,-265,-114,96
-17,127,-4,146,18,-265,-115,100
-17,131,-3,147,18,-265,-118,103
-16,135,-3,149,17,-264,-117,108
-14,140,-3,149,16,-263,-115,112
-13,144,-4,150,15,-263,-117,117
-13,148,-3,152,16,-263,-117,120
-13,151,-3,154,17,-263,-117,124
-13,155,-2,155,18,-261,-119,128
-12,159,-1,155,18,-260,-118,133
-11,164,-2,155,18,-259,-117,137
-10,168,-2,155,18,-260,-115,141
-8,171,-2,155,18,-260,-112,145
-8,172,-2,155,18,-260,-114,146
-7,173,-3,156,18,-258,-113,147
-6,175,-4,158,18,-256,-115,148
-5,178,-5,159,18,-255,-114,150
-4,180,-5,159,18,-254,-113,151
-3,181,-5,159,18,-255,-113,152
-3,180,-5,159,18,-255,-112,151
-1,178,-5,159,18,-255,-111,150
-1,177,-5,159,18,-253,-109,148
0,176,-5,159,18,-251,-109,147
0,175,-5,159,18,-250,-109,146
-1,173,-5,159,18,-249,-109,145
-1,170,-5,159,18,-250,-111,141
-2,168,-5,159,18,-250,-111,139
-3,166,-5,159,18,-250,-112,137
-3,164,-6,158,18,-250,-112,135
-4,162,-7,156,18,-250,-111,133
-4,160,-9,155,18,-250,-111,130
-5,156,-9,155,18,-250,-111,126
-5,151,-9,155,18,-250,-111,122
-6,147,-8,155,19,-250,-112,118
-7,144,-9,155,18,-250,-113,114
-8,141,-9,155,17,-250,-113,111
-9,138,-10,154,15,-250,-114,108
-11,136,-11,153,15,-250,-117,103
-12,133,-12,152,15,-248,-118,101
-13,130,-12,152,16,-246,-118,97
-13,126,-12,152,16,-245,-118,93
-13,124,-12,152,15,-246,-118,91
-14,121,-11,151,15,-248,-119,91
-15,119,-12,149,17,-249,-118,86
-17,115,-14,149,17,-249,-119,83
-18,113,-14,149,15,-249,-120,80
-20,111,-15,150,14,-249,-125,78
-21,111,-15,150,13,-250,-125,78
-21,112,-15,149,13,-250,-126,79
-22,111,-16,149,14,-249,-125,78
-24,109,-16,149,14,-249,-126,76
-25,108,-16,149,14,-249,-126,74
-25,106,-16,149,13,-249,-129,73
-24,106,-15,148,13,-249,-126,73
-23,105,-15,148,13,-249,-125,72
-23,104,-15,148,13,-249,-125,70
-23,104,-15,148,13,-249,-125,70
-24,104,-15,147,13,-249,-126,72
-24,107,-14,146,13,-249,-126,73
-23,109,-13,145,13,-249,-123,78
-22,110,-12,144,13,-249,-122,79
-21,110,-12,144,13,-249,-120,79
-20,110,-13,145,13,-249,-120,80
-20,112,-14,147,13,-249,-123,79
-20,114,-15,148,13,-249,-123,81
-18,117,-15,148,13,-249,-122,84
-18,119,-14,146,13,-249,-120,86
-17,121,-13,145,13,-249,-118,91
-17,123,-12,145,13,-249,-117,93
-16,125,-11,146,13,-249,-117,95
-15,128,-10,148,13,-249,-118,98
-14,131,-9,148,13,-249,-117,101
-14,135,-9,149,13,-249,-117,106
-13,138,-10,149,13,-249,-117,108
-13,140,-10,150,13,-249,-117,111
-12,142,-11,151,13,-249,-115,112
-11,143,-12,151,14,-249,-117,111
-11,145,-12,152,13,-249,-117,113
-11,147,-12,152,13,-249,-117,114
-11,148,-12,152,13,-249,-117,117
-12,148,-12,152,14,-249,-118,117
-13,148,-12,152,14,-250,-119,115
-13,147,-12,152,13,-250,-119,115
-13,148,-13,153,12,-250,-119,115
-13,148,-14,155,11,-248,-122,115
-12,146,-16,155,10,-246,-120,112
-12,144,-17,155,10,-245,-120,109
-14,141,-18,154,11,-246,-122,107
-15,139,-19,152,12,-248,-124,103
-17,136,-20,152,12,-248,-124,101
-18,133,-20,151,11,-247,-125,97
-18,130,-21,152,9,-246,-126,92
-19,126,-22,152,8,-247,-128,89
-21,121,-24,152,8,-248,-128,83
-21,115,-26,151,9,-246,-129,78
-23,111,-28,150,9,-245,-130,70
-24,107,-30,149,9,-243,-131,65
-25,102,-31,148,9,-244,-133,61
-26,96,-33,148,9,-246,-133,52
-27,90,-36,148,8,-248,-134,46
-28,84,-39,148,8,-249,-137,37
-29,79,-41,146,9,-250,-136,32
-31,75,-43,144,9,-249,-137,28
-32,70,-44,143,8,-249,-139,20
-33,66,-46,143,7,-249,-140,17
-34,63,-49,144,7,-249,-142,10
-34,60,-51,144,6,-249,-142,7
-34,57,-52,143,5,-249,-142,4
-36,54,-53,141,4,-249,-141,1
-37,51,-55,140,4,-249,-142,-3
-38,50,-58,139,4,-249,-144,-3
-39,50,-61,138,3,-249,-147,-7
-41,49,-64,138,2,-250,-150,-8
-43,48,-65,138,0,-251,-151,-8
-43,48,-67,138,0,-252,-151,-12
-43,48,-70,137,-1,-252,-151,-12
-43,48,-72,137,-1,-253,-151,-14
-43,49,-75,136,-1,-253,-151,-13
-44,51,-77,136,0,-253,-152,-13
-44,54,-79,136,0,-253,-155,-10
-44,57,-81,136,-1,-255,-155,-9
-44,60,-83,134,-2,-257,-155,-7
-44,63,-85,132,-4,-259,-153,-4
-44,65,-87,131,-6,-259,-153,-1
-44,68,-90,130,-6,-258,-152,-1
-43,70,-93,130,-6,-258,-155,-2
-44,72,-96,130,-5,-258,-155,0
-45,73,-97,129,-6,-260,-156,1
-46,74,-99,126,-7,-261,-155,0
-45,76,-101,125,-9,-263,-153,2
-44,79,-104,122,-10,-263,-153,4
-44,82,-106,120,-11,-264,-150,6
-45,85,-108,118,-13,-266,-151,8
-46,85,-111,116,-15,-267,-152,8
-46,85,-114,114,-16,-268,-152,6
-46,86,-115,112,-16,-269,-150,6
-46,87,-116,109,-16,-271,-150,8
-47,88,-117,106,-18,-272,-148,9
-49,89,-119,103,-19,-273,-148,9
-51,88,-121,100,-21,-273,-151,9
-53,87,-122,97,-23,-275,-150,8
-53,87,-123,94,-25,-277,-150,8
-52,87,-123,92,-26,-278,-146,8
-52,87,-123,91,-27,-280,-146,8
-53,87,-124,89,-26,-281,-144,8
-54,86,-124,87,-27,-282,-145,7
-55,86,-124,84,-28,-283,-145,7
-57,86,-124,82,-30,-285,-144,7
-57,85,-124,79,-32,-285,-144,8
-57,83,-124,79,-32,-286,-141,6
-58,80,-123,79,-32,-288,-142,3
-59,79,-123,78,-32,-289,-142,2
-59,78,-122,77,-33,-290,-142,1
-59,78,-120,77,-36,-291,-142,1
-59,79,-119,78,-37,-292,-142,4
-59,78,-118,81,-38,-294,-146,4
-59,78,-117,84,-39,-295,-145,3
-59,78,-116,85,-41,-296,-145,4
-57,79,-115,86,-42,-295,-144,4
-56,80,-114,88,-42,-295,-145,6
-54,80,-114,91,-42,-295,-146,6
-53,81,-114,95,-42,-295,-147,7
-51,83,-113,99,-43,-296,-147,6
-50,85,-114,102,-46,-296,-148,8
-47,88,-114,104,-47,-296,-146,12
-45,91,-115,107,-48,-296,-147,12
-43,94,-117,110,-49,-296,-147,15
-41,97,-119,115,-50,-296,-147,15
-38,102,-122,119,-52,-296,-150,18
-35,106,-126,122,-52,-295,-150,20
-32,111,-131,124,-54,-294,-148,23
-29,116,-136,126,-55,-294,-148,25
-28,123,-141,128,-57,-294,-148,29
-26,130,-147,129,-58,-293,-150,34
-24,136,-153,130,-60,-292,-151,36
-21,143,-160,131,-63,-291,-151,40
-19,149,-168,131,-65,-290,-151,41
-18,156,-176,130,-68,-289,-150,46
-18,163,-184,129,-70,-289,-152,48
-18,171,-192,126,-72,-288,-152,53
-18,178,-200,123,-75,-287,-152,56
-18,185,-209,120,-77,-285,-152,61
-17,192,-218,118,-79,-283,-151,63
-17,199,-227,114,-82,-282,-151,65
-17,206,-236,109,-84,-283,-152,69
-18,213,-245,103,-87,-283,-150,74
-18,219,-252,98,-90,-283,-151,78
-19,224,-258,94,-93,-282,-152,79
-20,229,-263,90,-97,-281,-150,83
-21,233,-269,86,-101,-282,-148,84
-22,235,-275,81,-105,-283,-150,85
-23,238,-281,78,-109,-285,-151,85
-25,240,-284,74,-112,-286,-150,87
-26,242,-285,71,-114,-288,-148,89
-26,243,-285,68,-116,-289,-148,90
-26,242,-284,67,-120,-291,-146,89
-25,242,-283,66,-125,-293,-146,89
-25,241,-281,66,-129,-296,-145,90
-25,240,-278,66,-132,-299,-142,89
-25,238,-273,67,-134,-304,-142,90
-25,234,-267,68,-137,-307,-142,91
-25,230,-260,69,-141,-310,-140,90
-24,225,-253,71,-145,-313,-139,87
-23,220,-244,74,-147,-317,-137,87
-22,215,-233,78,-150,-321,-137,86
-21,210,-222,84,-153,-325,-136,84
-20,205,-211,90,-157,-328,-135,84
-19,200,-199,95,-160,-332,-136,84
-19,195,-186,99,-162,-337,-134,86
-18,190,-171,104,-162,-341,-134,86
-17,186,-155,109,-164,-345,-133,90
-15,182,-140,114,-168,-347,-128,93
-13,178,-127,119,-171,-351,-125,93
-11,173,-113,125,-173,-355,-124,96
-10,166,-98,130,-175,-358,-123,95
-9,161,-83,136,-177,-360,-122,97
-7,158,-68,140,-180,-362,-120,101
-6,155,-51,145,-182,-365,-117,106
-6,151,-35,149,-184,-368,-117,109
-6,148,-20,153,-184,-369,-114,113
-6,145,-6,157,-184,-370,-114,115
-5,142,7,162,-185,-371,-111,120
-3,140,21,165,-187,-373,-109,123
-3,137,36,169,-189,-374,-106,126
-3,133,52,173,-190,-374,-107,130
-4,128,66,176,-191,-374,-106,134
-4,124,79,178,-191,-374,-103,135
-4,121,93,180,-192,-374,-101,139
-4,118,107,181,-193,-374,-97,142
-4,113,121,183,-194,-374,-96,144
-4,108,133,185,-194,-374,-93,146
-4,102,145,187,-194,-374,-93,145
-3,97,157,189,-192,-374,-90,145
-3,92,170,191,-190,-372,-87,147
-3,86,184,193,-188,-371,-85,146
-4,79,196,196,-188,-369,-85,146
-3,69,207,199,-189,-368,-83,141
-3,61,218,201,-188,-368,-81,137
-3,53,230,203,-187,-366,-79,135
-4,45,243,205,-185,-365,-78,131
-6,35,255,207,-183,-363,-76,129
-7,24,266,208,-181,-361,-75,122
-7,14,277,210,-180,-359,-75,117
-7,4,287,213,-177,-357,-73,112
-9,-5,298,215,-174,-354,-74,107
-10,-17,308,216,-172,-352,-74,100
-12,-29,318,215,-169,-350,-73,92
-14,-41,326,214,-167,-347,-72,85
-17,-52,333,214,-164,-345,-72,76
-21,-63,340,214,-161,-343,-73,70
-24,-74,348,213,-158,-342,-73,61
-26,-86,354,209,-154,-340,-74,53
-30,-97,359,205,-151,-338,-72,45
-34,-107,363,201,-147,-335,-70,37
-38,-115,366,195,-142,-331,-73,31
-42,-124,369,189,-137,-329,-70,25
-45,-133,371,183,-133,-327,-69,18
-48,-141,372,177,-130,-325,-68,10
-52,-147,370,169,-127,-323,-69,4
-57,-152,366,161,-122,-321,-69,0
-63,-156,362,152,-117,-318,-69,-4
-68,-159,357,144,-112,-317,-69,-9
-71,-161,351,137,-107,-314,-70,-12
-75,-161,345,128,-102,-312,-69,-14
-79,-161,338,118,-97,-310,-70,-17
-82,-160,330,108,-92,-308,-69,-15
-86,-157,321,100,-87,-307,-69,-18
-89,-153,310,92,-82,-305,-70,-18
-92,-146,298,86,-77,-304,-72,-14
-94,-139,286,80,-72,-303,-74,-14
-95,-130,274,75,-67,-303,-75,-10
-97,-119,262,71,-62,-303,-76,-3
-97,-106,248,68,-57,-303,-79,3
-96,-93,234,65,-51,-301,-81,9
-95,-79,219,63,-45,-300,-83,15
-94,-65,206,62,-39,-300,-84,23
-92,-50,193,62,-34,-300,-85,32
-90,-34,179,64,-28,-301,-89,42
-86,-17,166,68,-23,-301,-92,52
-81,-1,152,73,-18,-302,-92,61
-75,15,139,77,-14,-302,-95,70
-70,31,127,83,-10,-302,-93,80
-65,48,115,91,-7,-302,-98,90
-59,66,104,100,-3,-304,-101,100
-54,83,93,109,1,-306,-106,112
-48,99,83,119,5,-308,-107,122
-41,114,74,128,8,-309,-111,129
-33,127,65,137,11,-308,-111,137
-27,140,57,147,14,-308,-112,146
-21,152,49,158,16,-308,-115,151
-16,164,43,168,18,-309,-118,157
-10,174,37,178,19,-309,-120,164
-4,182,33,186,20,-309,-122,168
1,189,30,194,21,-309,-120,173
6,196,28,201,22,-309,-120,178
11,202,25,210,24,-309,-123,181
15,206,21,218,25,-307,-125,183
20,209,18,225,26,-306,-126,183
23,209,16,231,26,-305,-125,180
25,208,15,235,26,-304,-128,177
28,207,15,239,25,-303,-128,177
31,205,16,242,25,-301,-125,174
33,203,16,243,25,-299,-124,173
34,200,16,244,25,-299,-123,169
34,195,17,245,24,-299,-124,164
33,191,17,245,21,-298,-124,159
33,186,17,245,21,-296,-124,155
32,182,17,243,21,-293,-125,151
31,177,18,241,21,-290,-124,148
28,171,19,238,19,-288,-124,142
26,166,20,236,18,-287,-123,136
25,161,21,234,16,-286,-124,134
23,158,23,231,16,-284,-124,131
21,154,24,227,16,-281,-124,130
17,150,24,223,15,-279,-123,125
14,144,24,218,13,-278,-123,119
11,139,23,213,12,-278,-123,117
9,134,23,209,11,-278,-123,112
7,130,23,204,11,-276,-122,107
5,126,24,200,11,-274,-122,103
3,123,24,197,11,-272,-122,103
1,120,23,193,11,-271,-120,100
0,117,22,189,10,-270,-120,97
-3,115,21,185,9,-269,-120,95
-6,113,20,181,8,-267,-120,92
-8,111,20,177,7,-266,-120,91
-9,109,19,173,7,-264,-119,89
-9,107,17,169,8,-263,-117,86
-10,105,16,166,8,-262,-115,85
-13,104,16,163,8,-260,-118,86
-15,104,16,161,8,-259,-118,85
-17,103,15,159,8,-259,-119,85
-18,101,14,157,8,-259,-118,81
-19,100,12,155,8,-259,-119,80
-20,99,11,152,8,-258,-119,78
-21,97,10,150,8,-256,-118,76
-21,95,7,149,8,-254,-119,74
-22,93,5,148,8,-254,-119,69
-24,92,4,148,8,-254,-120,68
-25,91,4,147,8,-254,-123,67
-26,89,4,145,8,-255,-120,65
-25,87,3,144,9,-254,-119,63
-24,86,1,144,10,-253,-122,63
-24,86,0,144,11,-251,-122,59
-25,85,0,144,12,-249,-120,59
-26,83,-1,142,13,-249,-120,57
-27,81,-2,141,14,-251,-122,54
-26,79,-3,141,14,-252,-120,53
-26,79,-2,141,13,-251,-120,52
-26,79,-2,141,13,-250,-120,53
-26,79,-3,140,13,-249,-120,53
-26,79,-5,139,14,-249,-120,53
-26,79,-6,138,14,-249,-120,51
-26,79,-6,138,13,-250,-120,51
-26,79,-6,138,13,-249,-120,51
-26,79,-6,138,13,-249,-120,51
-26,80,-6,138,14,-249,-120,52
-28,83,-6,138,15,-250,-123,53
-29,85,-5,139,15,-250,-124,59
-30,87,-5,139,15,-250,-125,61
-30,88,-5,138,14,-250,-124,62
-28,91,-5,139,13,-249,-123,64
-27,94,-5,141,13,-248,-122,68
-26,97,-5,144,14,-246,-124,69
-27,100,-5,145,15,-245,-124,72
-27,101,-6,146,17,-246,-126,73
-26,103,-6,145,18,-246,-126,75
-24,106,-6,144,18,-246,-122,78
-23,110,-5,144,17,-246,-120,83
-22,114,-3,144,17,-246,-119,89
-22,117,-2,146,16,-247,-119,91
-22,119,-2,148,15,-246,-123,93
-21,121,-2,148,15,-245,-122,96
-20,122,-2,148,17,-245,-120,97
-19,124,-2,148,18,-245,-119,98
-18,126,-2,148,19,-245,-119,101
-18,128,-2,148,18,-245,-118,103
-16,130,-2,148,17,-245,-117,106
-15,131,-2,148,17,-245,-115,106
-15,132,-2,148,17,-245,-115,107
-16,133,-2,148,18,-245,-117,108
-17,133,-2,149,19,-245,-118,108
-16,135,-1,149,19,-245,-117,109
-14,136,0,148,18,-245,-114,112
-13,137,0,146,18,-245,-111,112
-12,137,0,146,18,-245,-111,112
-12,137,-1,147,19,-245,-111,112
-13,137,-2,148,18,-245,-114,112
-13,137,-1,147,18,-245,-114,112
-13,137,0,146,18,-245,-111,112
-12,136,0,144,18,-245,-111,113
-11,133,0,144,18,-245,-107,111
-10,132,0,144,18,-245,-108,107
-10,132,0,144,18,-245,-108,108
-11,134,0,144,18,-245,-109,109
-12,135,0,144,18,-245,-111,111
-12,135,0,144,18,-245,-111,111
-12,135,0,144,18,-244,-111,111
-12,136,0,144,18,-243,-111,111
-13,136,0,144,19,-242,-111,112
-13,137,0,144,19,-242,-111,112
-13,137,0,144,19,-242,-111,112
-12,137,0,144,19,-242,-111,112
-12,137,0,144,19,-242,-111,112
-13,137,0,145,19,-241,-111,112
-14,136,0,146,19,-240,-112,112
-16,135,0,146,19,-240,-114,109
-17,134,0,145,19,-240,-115,109
-17,134,0,145,19,-240,-115,109
-17,134,0,145,19,-240,-115,109
-17,133,-1,147,20,-240,-118,108
-17,131,-2,148,21,-240,-117,106
-18,129,-4,147,22,-240,-118,101
-18,126,-5,146,21,-240,-119,98
-19,124,-6,145,20,-240,-117,96
-19,121,-6,144,19,-240,-117,93
-20,117,-6,144,20,-240,-118,89
-21,114,-7,144,21,-240,-119,86
-21,112,-8,142,21,-240,-119,84
-21,108,-9,141,21,-240,-119,80
-22,104,-9,141,20,-240,-119,75
-24,99,-9,141,20,-240,-122,72
-25,95,-10,140,21,-240,-123,64
-26,90,-12,139,21,-240,-124,59
-28,86,-13,138,22,-240,-122,54
-29,82,-13,138,23,-240,-123,51
-29,77,-13,138,23,-240,-124,46
-30,73,-14,137,22,-241,-124,42
-30,70,-14,137,20,-241,-124,39
-31,67,-15,136,19,-240,-125,36
-32,65,-15,136,18,-239,-125,34
-32,63,-16,135,20,-239,-126,31
-32,61,-17,135,23,-239,-126,26
-33,57,-18,133,23,-239,-126,23
-33,55,-19,133,23,-239,-128,20
-34,53,-19,133,22,-239,-128,18
-34,52,-18,133,22,-239,-128,18
-34,53,-18,134,24,-239,-128,18
-35,54,-18,134,24,-239,-129,19
-36,56,-18,134,22,-239,-129,21
-36,59,-17,134,21,-238,-129,25
-35,62,-16,134,20,-238,-129,30
-34,64,-13,133,21,-239,-125,32
-33,67,-11,134,22,-239,-125,37
-33,69,-10,134,23,-240,-125,40
-34,73,-10,135,24,-241,-125,43
-34,77,-10,135,24,-241,-126,48
-34,81,-10,135,24,-240,-126,52
-34,86,-9,136,24,-241,-126,57
-32,91,-7,137,24,-241,-124,63
-31,95,-6,138,24,-240,-126,67
-30,98,-6,138,24,-239,-125,69
-30,101,-6,138,24,-238,-125,72
-30,104,-6,138,24,-239,-125,75
-28,107,-5,139,24,-240,-124,81
-28,110,-3,140,24,-241,-123,85
-27,112,-3,141,24,-241,-123,86
-28,114,-2,141,24,-240,-123,89
-28,116,-2,141,24,-240,-123,90
-26,118,-3,141,24,-240,-122,92
-25,119,-3,141,24,-240,-122,93
-25,119,-3,141,24,-240,-120,93
-25,119,-3,141,24,-240,-122,93
-25,119,-3,141,24,-240,-120,93
-24,119,-3,141,24,-240,-119,95
-22,119,-3,141,24,-241,-117,93
-21,117,-3,141,24,-241,-117,92
-21,115,-3,141,24,-240,-117,90
-22,113,-3,141,24,-239,-117,87
-22,112,-3,141,24,-238,-117,86
-22,109,-2,141,24,-237,-117,84
-22,107,-2,141,24,-237,-118,81
-23,105,-3,141,24,-237,-118,80
-23,103,-3,140,24,-236,-118,78
-22,102,-5,139,24,-235,-117,76
-21,101,-6,138,24,-235,-115,73
-20,99,-7,138,24,-235,-114,72
-21,97,-6,138,24,-236,-115,69
-21,94,-4,137,24,-235,-114,69
-22,93,-3,136,24,-235,-114,67
-22,92,-4,135,24,-235,-114,67
-22,92,-6,136,24,-235,-114,67
-23,92,-7,137,24,-235,-115,64
-24,92,-7,137,24,-235,-118,63
-23,92,-7,138,24,-235,-118,63
-23,94,-6,138,24,-235,-118,65
-24,96,-6,138,24,-235,-118,68
-24,97,-6,138,24,-235,-119,69
-25,97,-6,138,24,-235,-119,69
-26,98,-6,138,24,-235,-120,70
-27,99,-6,138,24,-235,-123,70
-28,100,-6,138,24,-235,-123,72
-28,101,-6,138,24,-235,-123,73
-28,102,-6,138,24,-235,-123,74
-28,104,-6,138,24,-235,-123,76
-29,105,-6,138,24,-235,-124,78
-30,106,-6,138,24,-235,-125,78
-29,105,-6,138,24,-235,-124,78
-28,104,-6,138,24,-235,-124,75
-28,102,-5,139,24,-235,-123,76
-27,101,-4,139,24,-235,-122,75
-26,101,-5,139,24,-235,-122,75
-26,100,-6,138,24,-235,-120,72
-25,99,-7,139,24,-235,-120,70
-26,96,-8,139,24,-235,-120,68
-26,94,-8,140,26,-236,-122,65
-27,91,-9,141,27,-236,-124,63
-27,88,-9,142,27,-236,-124,59
-28,86,-9,141,26,-236,-125,57
-29,83,-10,140,26,-236,-124,54
-31,81,-10,138,27,-236,-125,52
-32,78,-12,137,27,-236,-126,46
-33,75,-13,138,26,-236,-128,43
-33,72,-13,138,26,-236,-130,40
-33,69,-13,139,25,-236,-130,37
-33,65,-13,139,25,-236,-130,34
-34,62,-14,137,26,-236,-129,30
-36,59,-14,135,26,-236,-130,26
-38,57,-14,133,27,-236,-129,25
-39,56,-14,131,28,-236,-130,24
-39,54,-13,131,29,-236,-130,21
-37,53,-14,130,29,-236,-129,20
-37,51,-16,130,29,-236,-126,19
-38,51,-17,128,29,-236,-126,19
-39,50,-17,128,29,-236,-128,18
-38,50,-17,128,29,-236,-128,18
-37,51,-17,128,29,-236,-125,19
-36,54,-17,128,29,-236,-125,21
-36,56,-17,128,29,-236,-124,24
-36,57,-16,129,29,-236,-125,25
-36,59,-14,130,29,-236,-128,28
-35,62,-13,131,29,-235,-126,30
-34,65,-13,131,29,-236,-125,34
-33,68,-13,131,29,-237,-124,37
-32,73,-13,131,28,-239,-123,41
-30,77,-12,132,28,-241,-123,48
-29,81,-10,133,28,-241,-122,52
-28,86,-10,135,28,-241,-119,57
-26,90,-9,135,28,-241,-118,62
-25,94,-10,134,28,-241,-118,67
-24,99,-10,134,28,-241,-117,70
-22,104,-9,135,28,-241,-115,76
-20,109,-7,137,28,-241,-113,81
-17,113,-5,139,28,-241,-112,89
-14,117,-3,140,28,-241,-109,92
-14,121,-3,141,28,-241,-109,96
-14,125,-2,141,28,-241,-109,100
-13,129,-1,142,28,-241,-108,104
-12,133,0,143,28,-241,-108,108
-11,136,0,144,29,-241,-109,112
-10,138,1,145,29,-241,-108,115
-9,140,0,144,29,-241,-107,118
-9,143,0,144,28,-241,-107,119
-8,145,0,144,28,-241,-106,120
-7,146,0,144,29,-241,-104,122
-6,146,0,144,30,-241,-104,124
-6,146,0,144,31,-241,-104,122
-7,146,0,144,32,-241,-104,122
-8,145,0,144,32,-241,-107,120
-9,143,0,144,33,-241,-107,122
-8,139,1,145,33,-241,-107,117
-8,135,0,144,32,-241,-106,111
-8,132,0,143,30,-241,-103,107
-10,129,-1,142,30,-241,-104,104
-10,125,-2,141,31,-241,-106,101
-11,120,-3,141,32,-241,-107,96
-12,115,-3,140,33,-241,-107,90
-13,110,-5,139,32,-241,-108,85
-14,106,-6,138,32,-241,-109,79
-16,101,-6,138,32,-241,-111,74
-18,95,-6,138,32,-241,-112,67
-20,88,-7,137,32,-241,-112,59
-22,82,-9,136,32,-241,-114,53
-24,76,-10,135,32,-241,-115,47
-26,72,-10,134,33,-241,-118,43
-27,68,-10,135,34,-241,-118,39
-28,63,-11,134,34,-241,-120,34
-31,58,-12,132,33,-241,-123,29
-33,54,-13,131,33,-241,-124,25
-35,51,-14,131,33,-241,-126,19
-36,48,-14,132,34,-241,-126,15
-36,44,-17,133,33,-241,-130,12
-37,41,-19,133,33,-241,-130,7
-38,39,-21,132,33,-241,-131,4
-38,39,-21,132,33,-241,-131,4
-38,39,-20,132,33,-241,-129,4
-38,40,-20,132,33,-241,-129,4
-38,40,-20,132,33,-241,-129,4
-38,39,-20,132,33,-241,-129,4
-37,39,-20,132,33,-241,-129,4
-36,40,-20,132,33,-241,-128,6
-36,42,-20,132,33,-241,-129,7
-35,45,-19,133,33,-241,-129,10
-35,48,-19,133,33,-241,-129,14
-34,51,-19,133,33,-242,-128,17
-33,54,-19,133,33,-242,-126,19
-31,56,-18,134,33,-243,-125,21
-30,59,-17,135,33,-242,-124,26
-30,63,-16,135,33,-242,-124,31
-30,66,-17,135,33,-242,-124,35
-30,70,-18,136,33,-242,-124,36
-29,72,-18,137,33,-243,-126,39
-28,75,-18,138,33,-242,-124,41
-26,79,-15,139,33,-243,-123,48
-24,84,-14,139,33,-244,-122,52
-24,88,-13,139,33,-245,-120,57
-23,92,-13,138,33,-246,-118,62
-23,96,-13,138,33,-246,-118,65
-22,100,-13,138,33,-246,-119,69
-21,103,-12,139,33,-246,-118,73
-20,106,-10,141,33,-246,-118,75
-20,108,-9,141,33,-246,-118,80
-19,111,-9,142,33,-246,-117,83
-18,113,-9,141,33,-246,-115,85
-17,116,-10,141,33,-246,-114,89
-16,119,-9,141,33,-246,-114,92
-16,122,-8,142,33,-246,-114,95
-16,124,-7,144,33,-246,-114,96
-16,126,-6,144,33,-246,-114,98
-17,127,-5,145,33,-246,-114,100
-18,128,-6,145,33,-246,-115,101
-19,129,-6,145,33,-246,-117,101
-19,127,-6,144,33,-246,-118,100
-18,126,-5,144,33,-246,-117,98
-17,125,-4,144,33,-246,-115,97
-16,124,-5,144,33,-246,-114,96
-17,123,-6,144,33,-246,-114,95
-17,122,-7,144,33,-246,-115,93
-18,119,-8,143,33,-245,-115,91
-18,116,-9,142,33,-244,-117,89
-18,113,-10,141,33,-243,-115,83
-18,109,-11,140,33,-242,-115,79
-18,106,-10,139,33,-242,-113,78
-18,103,-10,137,33,-242,-113,75
-19,100,-10,135,33,-242,-111,72
-20,97,-10,134,33,-241,-113,69
-21,93,-10,134,33,-241,-113,65
-21,89,-10,135,33,-241,-113,61
-22,85,-10,135,33,-241,-114,57
-24,82,-10,133,33,-241,-115,53
-25,79,-12,132,33,-241,-117,50
-24,77,-13,131,33,-241,-115,46
-24,75,-14,131,33,-241,-115,43
-23,74,-13,131,33,-241,-114,42
-23,71,-13,131,33,-241,-115,40
-25,69,-13,131,33,-241,-117,39
-26,68,-13,131,33,-241,-118,36
-25,68,-13,131,33,-241,-117,36
-25,69,-13,131,33,-241,-117,39
-23,71,-13,131,33,-241,-115,40
-23,74,-13,131,33,-241,-115,42
-24,77,-13,132,33,-241,-115,46
-24,79,-13,132,33,-241,-115,51
-24,82,-12,133,33,-241,-117,53
-24,85,-11,133,33,-241,-115,56
-23,88,-10,134,33,-241,-114,59
-22,92,-11,135,33,-241,-114,64
-21,98,-12,137,33,-241,-117,68
-21,104,-12,139,33,-241,-119,74
-21,109,-11,141,33,-241,-119,79
-21,114,-10,142,33,-241,-119,84
-19,118,-9,141,33,-241,-117,90
-18,123,-9,141,33,-241,-115,95
-18,128,-8,142,33,-241,-115,101
-17,133,-7,144,33,-241,-115,106
-17,137,-6,145,33,-241,-114,109
-16,139,-6,145,33,-241,-117,112
-15,142,-6,145,33,-241,-114,115
-15,144,-5,144,33,-241,-113,117
-15,147,-4,143,33,-241,-113,122
-14,149,-4,143,33,-241,-113,125
-13,151,-4,144,33,-241,-112,124
-11,152,-5,144,33,-241,-109,125
-10,151,-5,144,33,-242,-108,124
-10,150,-4,142,33,-241,-108,125
-11,148,-3,141,33,-240,-107,124
-12,146,-2,141,34,-238,-108,122
-14,144,-3,141,34,-236,-109,119
-13,140,-3,140,34,-236,-109,115
-13,138,-5,139,34,-236,-108,113
-12,135,-6,138,34,-236,-108,108
-12,132,-6,137,34,-236,-104,107
-13,128,-5,136,34,-236,-106,103
-14,123,-4,136,34,-236,-107,98
-15,118,-3,135,34,-236,-108,92
-15,113,-4,133,34,-236,-106,87
-16,109,-5,132,34,-236,-106,84
-17,104,-6,131,34,-236,-107,79
-19,101,-7,131,34,-236,-109,75
-21,97,-7,131,34,-236,-111,72
-21,94,-7,131,34,-236,-112,68
-21,91,-6,131,34,-236,-111,65
-22,89,-7,131,34,-236,-112,63
-23,86,-7,131,34,-235,-112,61
-23,85,-7,131,34,-234,-113,59
-22,83,-7,131,34,-234,-112,57
-22,82,-7,131,34,-234,-112,56
-23,81,-7,131,34,-234,-113,54
-23,81,-7,131,34,-232,-113,54
-23,81,-7,131,34,-231,-113,56
-22,81,-7,132,34,-231,-112,56
-22,82,-8,133,34,-232,-111,53
-22,83,-7,132,34,-233,-112,57
-23,85,-7,131,34,-233,-113,59
-23,88,-7,131,35,-232,-113,62
-23,91,-6,131,35,-231,-113,65
-23,94,-5,132,36,-231,-113,68
-22,97,-4,133,36,-231,-112,70
-21,98,-3,134,36,-232,-111,73
-21,100,-2,134,36,-231,-111,75
-22,102,-3,134,35,-231,-112,76
-23,105,-3,134,34,-231,-113,79
-23,108,-3,134,34,-231,-113,83
-22,109,-3,134,35,-231,-113,84
-21,110,-3,134,37,-231,-111,85
-20,110,-3,134,39,-231,-109,85
-19,111,-3,135,40,-231,-109,86
-19,111,-2,135,39,-231,-112,86
-20,111,-1,135,39,-231,-109,87
-20,110,-1,134,37,-231,-111,87
-21,110,-2,133,37,-231,-111,87
-21,110,-3,133,38,-231,-111,85
-21,110,-3,134,39,-231,-111,85
-21,108,-2,133,39,-231,-112,86
-22,105,0,132,39,-231,-112,83
-22,102,-1,130,39,-231,-109,79
-22,99,-2,128,39,-231,-109,76
-23,97,-3,127,38,-231,-111,74
-25,95,-3,127,37,-231,-112,73
-26,92,-3,127,38,-231,-113,69
-27,89,-3,128,39,-231,-114,65
-28,83,-3,127,39,-231,-115,59
-29,78,-4,126,39,-231,-113,54
-30,73,-6,125,39,-231,-114,47
-32,68,-7,124,39,-231,-117,42
-34,64,-8,123,39,-231,-118,37
-36,59,-9,122,39,-231,-120,32
-37,55,-10,121,39,-231,-122,28
-38,50,-12,122,39,-231,-122,21
-39,46,-11,122,39,-231,-123,17
-41,42,-11,122,39,-231,-124,14
-42,37,-10,121,39,-231,-126,9
-43,32,-12,121,39,-231,-126,2
-45,29,-15,121,39,-231,-128,-1
-46,26,-17,121,39,-231,-129,-6
-47,23,-18,121,39,-231,-133,-8
-48,21,-18,121,39,-231,-134,-12
-50,18,-17,121,39,-231,-134,-14
-51,16,-17,121,39,-231,-135,-17
-52,15,-17,121,39,-231,-135,-17
-52,15,-19,120,39,-231,-135,-17
-51,14,-20,119,39,-231,-135,-18
-52,12,-21,118,39,-231,-135,-20
-53,9,-20,119,39,-231,-136,-23
-54,8,-20,119,39,-231,-137,-25
-54,8,-21,120,39,-231,-140,-24
-53,10,-21,120,39,-232,-139,-23
-51,11,-21,120,39,-232,-137,-21
-50,13,-20,119,39,-231,-134,-19
-51,13,-20,119,39,-231,-134,-19
-52,14,-21,118,39,-231,-135,-18
-53,16,-20,119,39,-233,-136,-17
-53,19,-19,120,39,-235,-136,-13
-50,22,-18,121,39,-236,-136,-10
-48,25,-17,121,39,-237,-131,-7
-47,27,-17,121,39,-237,-131,-4
-48,30,-17,121,39,-236,-131,-2
-47,33,-18,121,39,-236,-131,1
-46,37,-17,121,39,-236,-130,4
-44,40,-16,122,38,-236,-130,8
-42,43,-15,124,39,-236,-128,13
-41,45,-14,125,40,-237,-126,15
-40,47,-13,124,43,-238,-126,18
-40,51,-13,123,43,-238,-126,21
-40,55,-13,123,43,-238,-124,25
-39,60,-13,123,41,-237,-126,30
-38,64,-11,124,41,-238,-124,35
-36,67,-9,124,41,-240,-120,40
-34,71,-7,124,42,-242,-119,45
-32,74,-6,124,42,-242,-117,48
-30,77,-7,124,42,-240,-114,51
-28,80,-7,124,42,-238,-113,53
-28,83,-7,124,43,-238,-113,57
-27,86,-7,125,43,-240,-112,59
-26,89,-5,125,43,-241,-111,63
-25,93,-5,125,43,-240,-109,67
-24,96,-6,125,43,-238,-109,70
-24,99,-7,125,43,-238,-108,74
-23,101,-7,126,43,-240,-111,76
-21,104,-6,128,43,-242,-109,79
-21,107,-6,130,43,-242,-111,81
-20,109,-6,131,43,-242,-109,84
-18,111,-7,131,43,-242,-108,85
-18,112,-7,131,43,-242,-108,87
-18,114,-7,131,43,-242,-108,89
-18,116,-7,131,43,-242,-108,91
-18,117,-7,131,43,-242,-108,91
-17,117,-7,131,43,-242,-107,92
-17,118,-7,131,43,-242,-107,92
-18,118,-7,131,43,-242,-109,93
-20,120,-7,131,43,-242,-111,95
-19,122,-7,131,43,-241,-109,97
-18,123,-7,131,43,-240,-109,98
-18,123,-7,131,43,-240,-109,98
-19,122,-7,131,43,-240,-109,97
-20,120,-7,131,43,-241,-111,95
-19,118,-7,131,43,-242,-109,93
-18,116,-6,131,43,-242,-108,91
-19,115,-6,131,43,-242,-109,90
-21,114,-7,131,43,-242,-111,89
-22,112,-7,130,43,-242,-112,87
-21,111,-8,130,43,-242,-112,86
-20,109,-7,130,43,-242,-111,84
-18,107,-7,131,43,-242,-108,83
-18,106,-7,131,43,-242,-108,81
-19,105,-7,131,43,-242,-109,79
-21,103,-7,131,43,-242,-111,78
-22,101,-6,130,43,-242,-109,75
-22,98,-4,129,43,-242,-109,73
-22,96,-3,127,43,-242,-109,73
-22,94,-3,127,43,-242,-107,72
-22,93,-4,126,43,-242,-107,70
-22,92,-5,126,43,-242,-107,67
-22,92,-5,126,43,-242,-107,67
-21,91,-4,125,43,-242,-106,68
-21,91,-4,124,43,-242,-106,68
-21,91,-3,123,43,-242,-106,68
-22,92,-3,122,44,-242,-104,69
-22,93,-2,122,45,-242,-104,69
-22,93,-2,122,45,-242,-104,69
-21,93,-1,123,45,-242,-103,73
-20,95,0,123,43,-242,-103,75
-20,99,0,124,43,-243,-102,79
-20,103,0,124,44,-244,-102,83
-20,106,0,124,47,-243,-102,85
-19,107,0,124,48,-242,-102,87
-20,109,0,123,47,-241,-102,89
-20,112,0,123,46,-242,-103,92
-20,115,0,124,46,-243,-102,95
-18,118,0,125,47,-245,-101,98
-17,122,2,126,48,-247,-102,102
-16,125,3,127,48,-247,-102,106
-15,130,3,127,48,-247,-101,109
-15,134,4,128,48,-247,-101,114
-14,137,4,128,48,-247,-101,118
-14,140,4,128,48,-247,-100,120
-14,142,3,127,48,-247,-100,123
-13,144,3,127,48,-246,-100,125
-12,146,3,127,48,-245,-98,126
-11,148,3,127,48,-245,-97,129
-10,150,3,127,48,-245,-96,130
-10,151,3,127,48,-246,-96,133
-10,153,3,127,48,-247,-96,134
-10,153,3,127,48,-247,-96,134
-10,151,3,127,48,-247,-96,133
-9,150,3,127,49,-246,-95,131
-9,149,3,127,50,-245,-95,130
-9,150,2,126,49,-245,-95,131
-9,150,1,126,50,-246,-95,131
-8,149,1,125,51,-246,-92,130
-8,146,0,124,53,-246,-92,126
-9,143,0,124,53,-246,-92,124
-9,140,0,123,53,-246,-92,120
-9,137,0,123,53,-246,-92,118
-9,133,0,124,53,-246,-92,114
-9,130,0,123,53,-246,-92,111
-8,126,-1,123,53,-245,-91,107
-9,122,-1,122,53,-245,-91,100
-9,118,-2,122,53,-245,-92,96
-10,114,-3,122,53,-246,-92,92
-11,110,-3,120,53,-247,-93,87
-11,106,-3,119,53,-247,-93,84
-12,102,-1,118,53,-247,-92,83
-13,99,0,117,53,-247,-92,79
-14,96,0,117,53,-247,-91,75
-14,91,0,117,53,-247,-95,70
-15,87,0,117,53,-247,-95,67
-16,85,0,117,53,-247,-96,64
-18,84,0,117,53,-247,-97,63
-19,83,0,117,53,-247,-98,63
-21,82,0,117,53,-247,-100,62
-21,81,0,117,53,-247,-101,61
-21,80,0,117,53,-247,-101,59
-21,80,0,117,53,-247,-101,59
-22,81,0,117,53,-247,-101,61
-22,82,0,117,53,-247,-101,61
-22,82,0,118,53,-247,-101,62
-21,83,1,117,53,-246,-98,65
-20,86,1,116,53,-245,-97,65
-21,89,0,116,52,-245,-98,69
-21,92,0,117,53,-247,-101,72
-21,94,2,118,54,-248,-102,76
-21,97,4,118,56,-248,-98,80
-20,101,6,117,57,-247,-97,84
-18,104,6,116,57,-246,-96,89
-18,108,6,116,56,-245,-95,90
-17,111,5,116,56,-246,-95,93
-17,114,6,117,57,-247,-95,96
-16,116,6,116,58,-248,-95,100
-16,119,6,116,58,-248,-93,101
-15,120,6,116,57,-247,-93,103
-14,122,6,117,57,-247,-92,108
-14,125,7,117,57,-247,-92,111
-13,127,7,118,58,-247,-91,113
-14,129,7,117,57,-247,-92,114
-14,130,6,117,57,-247,-92,115
-15,130,6,116,57,-247,-93,113
-15,130,6,116,57,-247,-93,113
-15,130,6,116,57,-247,-93,113
-15,130,6,116,58,-247,-93,115
-14,130,6,116,58,-247,-92,113
-14,129,6,116,58,-247,-92,112
-13,127,6,116,57,-247,-91,113
-14,125,6,116,57,-247,-92,111
-14,122,5,116,58,-247,-92,106
-15,121,5,115,59,-247,-92,103
-14,119,4,115,61,-248,-92,102
-15,117,4,116,62,-248,-93,100
-17,114,4,115,63,-248,-95,97
-18,110,3,114,63,-248,-93,92
-20,106,2,114,62,-248,-96,89
-21,103,1,114,62,-248,-98,85
-21,100,0,115,62,-248,-100,79
-22,97,-1,116,62,-248,-100,76
-24,93,-2,116,63,-248,-104,73
-26,89,-1,116,63,-248,-103,68
-27,86,-2,115,63,-248,-104,65
-28,83,-3,115,62,-248,-104,62
-28,79,-3,114,62,-248,-106,58
-30,76,-4,113,63,-248,-107,56
-31,72,-4,113,64,-248,-108,48
-32,69,-5,113,65,-248,-109,46
-32,66,-6,112,65,-248,-108,42
-32,63,-7,110,65,-248,-109,40
-34,60,-8,109,64,-248,-108,36
-35,58,-9,109,64,-248,-109,34
-35,56,-9,109,65,-248,-109,31
-35,54,-8,109,66,-248,-108,30
-35,52,-8,110,66,-248,-112,28
-37,51,-8,109,66,-248,-111,26
-38,51,-10,108,65,-248,-112,26
-38,51,-11,107,65,-248,-112,26
-38,50,-11,107,66,-248,-112,24
-38,50,-11,107,67,-248,-112,25
-38,48,-11,107,68,-248,-112,21
-39,47,-11,107,68,-248,-113,20
-39,46,-11,107,67,-248,-113,21
-39,45,-11,107,67,-248,-113,20
-40,44,-11,107,67,-248,-114,19
-40,44,-12,108,67,-248,-117,17
-40,44,-14,110,67,-249,-117,17
-40,44,-14,111,67,-249,-117,17
-40,44,-14,110,67,-250,-117,17
-40,44,-13,109,67,-250,-117,17
-40,44,-13,108,67,-250,-117,18
-40,44,-13,109,67,-250,-117,17
-39,43,-14,110,67,-250,-115,15
-38,41,-14,111,67,-250,-114,14
-38,40,-15,111,67,-249,-117,13
-38,39,-15,111,67,-250,-117,13
-38,39,-14,111,67,-251,-114,13
-38,39,-14,110,67,-252,-114,12
-37,39,-13,109,67,-252,-113,12
-37,38,-13,108,67,-251,-113,12
-37,38,-13,109,67,-251,-113,12
-38,37,-14,110,67,-252,-114,10
-39,35,-14,111,67,-253,-115,8
-40,33,-14,111,67,-253,-115,6
-40,32,-14,111,67,-253,-117,6
-40,33,-14,111,67,-253,-115,6
-39,33,-15,110,67,-253,-115,6
-39,33,-15,110,67,-253,-115,6
-38,34,-16,109,67,-253,-114,4
-37,35,-16,109,67,-253,-113,6
-37,36,-16,109,67,-253,-113,7
-37,37,-16,109,67,-253,-113,7
-37,38,-15,110,67,-253,-113,10
-37,39,-15,110,67,-253,-113,12
-37,41,-14,111,67,-253,-113,14
-37,44,-14,111,67,-253,-113,17
-36,46,-14,111,67,-253,-112,20
-35,49,-14,111,67,-253,-112,21
-35,51,-14,111,67,-253,-111,24
-34,54,-14,111,67,-253,-111,26
-34,57,-14,111,67,-253,-111,30
-34,60,-15,110,67,-253,-111,34
-33,64,-14,111,67,-252,-111,37
-32,69,-13,112,67,-253,-112,42
-32,72,-12,113,67,-254,-112,46
-31,75,-11,114,67,-256,-111,50
-30,77,-12,113,67,-258,-109,51
-29,79,-12,113,67,-258,-109,53
-29,82,-12,113,67,-258,-108,56
-29,85,-11,114,67,-258,-109,59
-28,87,-10,114,67,-258,-108,62
-28,90,-11,114,67,-258,-108,64
-27,92,-12,115,67,-258,-107,67
-27,94,-12,115,67,-258,-107,69
-25,96,-13,116,67,-258,-108,70
-25,97,-13,116,67,-258,-107,72
-25,97,-13,116,67,-258,-107,72
-24,97,-12,115,67,-258,-104,72
-25,97,-12,115,67,-258,-104,72
-25,97,-11,114,67,-258,-104,72
-25,97,-10,114,67,-258,-104,72
-25,97,-10,114,67,-258,-104,72
-24,97,-11,114,67,-258,-104,72
-24,97,-11,114,67,-258,-103,72
-23,98,-11,114,67,-258,-103,73
-22,98,-10,114,67,-258,-102,73
-20,97,-10,115,67,-258,-100,72
-19,96,-9,115,67,-258,-98,70
-18,95,-9,116,67,-258,-97,70
-18,96,-8,116,67,-258,-98,73
-19,96,-7,117,67,-258,-98,74
-19,97,-7,117,67,-257,-100,75
-18,99,-7,117,67,-256,-98,76
-17,101,-7,117,67,-256,-97,78
-16,102,-6,117,67,-256,-96,79
-16,101,-5,116,67,-257,-96,79
-15,101,-3,116,66,-258,-95,79
-14,102,-3,117,67,-257,-95,83
-14,104,-2,118,68,-256,-93,85
-13,107,-2,118,70,-255,-93,87
-13,108,-2,117,70,-254,-93,89
-13,109,-2,116,70,-253,-92,89
-12,109,-1,116,69,-253,-90,90
-12,111,0,116,69,-253,-90,91
-12,113,0,117,69,-253,-92,93
-12,114,0,117,70,-253,-92,95
-11,116,0,117,71,-253,-91,96
-10,118,0,117,72,-253,-90,98
-9,120,0,116,72,-254,-87,101
-10,121,0,117,72,-255,-90,102
-10,122,0,118,72,-255,-91,102
-10,124,1,119,71,-255,-90,104
-9,126,2,120,71,-254,-89,109
-8,128,3,120,70,-253,-89,111
-8,128,3,120,71,-253,-89,112
-8,128,2,120,72,-253,-89,111
-9,129,2,120,72,-253,-90,113
-8,132,2,120,72,-253,-89,115
-7,134,2,120,72,-253,-87,117
-6,135,2,120,72,-253,-87,118
-6,135,2,120,72,-253,-86,118
-6,134,2,120,72,-253,-87,118
-6,134,2,120,72,-253,-87,118
-5,135,2,120,71,-253,-85,119
-3,136,2,120,70,-253,-84,119
-2,137,2,120,71,-253,-83,120
-3,139,2,120,72,-253,-84,123
-3,140,2,120,72,-253,-84,124
-4,141,3,120,72,-253,-85,125
-3,142,3,120,72,-253,-84,125
-1,143,2,120,72,-253,-83,126
-1,144,2,120,72,-253,-81,128
-1,146,2,120,72,-253,-81,130
-1,148,3,120,72,-253,-81,133
0,151,3,121,72,-253,-81,135
0,153,3,121,72,-253,-80,137
-1,156,3,121,72,-253,-83,140
-2,158,4,121,72,-253,-84,142
-1,159,5,122,72,-253,-83,144
0,160,6,123,72,-253,-81,145
1,161,5,122,72,-253,-80,146
0,162,5,122,72,-254,-80,147
0,164,5,122,73,-253,-81,148
-1,165,6,123,74,-252,-83,150
-1,166,7,123,75,-250,-83,150
0,166,7,122,76,-249,-81,150
0,166,8,121,76,-248,-83,152
0,165,9,121,76,-249,-81,152
-1,164,8,121,75,-249,-83,151
-2,161,6,122,76,-249,-84,146
-2,159,3,121,77,-249,-84,142
-3,157,2,120,77,-249,-85,139
-4,154,3,119,77,-249,-85,137
-5,151,5,118,77,-249,-84,135
-6,148,6,116,77,-249,-84,131
-7,144,5,115,77,-249,-83,128
-9,139,3,114,77,-249,-85,123
-11,133,2,114,77,-249,-86,117
-12,128,2,113,77,-249,-89,112
-13,123,1,112,77,-249,-89,106
-13,119,0,111,77,-249,-89,102
-13,115,0,110,77,-248,-89,95
-14,108,-1,110,77,-248,-89,89
-15,101,-2,109,77,-247,-90,80
-16,92,-3,108,77,-246,-89,72
-18,84,-4,107,77,-245,-90,64
-19,77,-6,105,77,-244,-91,57
-22,70,-7,104,77,-243,-93,50
-23,64,-7,104,77,-243,-95,41
-24,58,-8,103,77,-244,-96,35
-25,54,-8,103,77,-245,-96,30
-27,49,-9,103,77,-246,-98,25
-28,45,-9,102,77,-245,-100,21
-28,41,-10,102,77,-244,-100,17
-29,37,-10,102,77,-244,-101,13
-31,34,-10,101,77,-244,-102,9
-32,32,-11,101,77,-244,-103,7
-33,31,-10,101,77,-244,-104,7
-34,31,-8,101,77,-244,-102,7
-33,31,-6,101,77,-244,-102,9
-32,31,-4,100,77,-244,-101,9
-32,32,-4,100,77,-244,-100,10
-31,34,-4,100,77,-244,-100,12
-31,37,-5,100,78,-244,-100,15
-31,41,-5,100,78,-244,-100,20
-30,46,-5,100,77,-244,-98,24
-28,50,-3,101,77,-244,-96,29
-25,57,-2,102,78,-244,-95,39
-24,66,-1,103,79,-244,-93,47
-23,74,0,104,81,-244,-92,56
-22,81,1,105,80,-244,-92,63
-20,89,1,106,79,-244,-90,72
-17,97,2,107,79,-244,-90,79
-14,106,3,108,80,-244,-87,89
-13,116,4,108,82,-244,-86,101
-11,125,6,109,83,-245,-85,111
-11,134,7,111,82,-246,-85,119
-10,142,7,113,82,-246,-86,128
-9,150,6,115,82,-247,-85,136
-7,157,6,116,82,-247,-86,144
-6,164,7,118,82,-248,-85,151
-4,171,8,119,82,-247,-83,158
-1,178,9,119,82,-246,-80,164
0,184,9,119,82,-244,-79,172
2,189,10,120,82,-244,-76,177
4,194,10,121,83,-244,-75,181
5,198,11,121,83,-244,-74,186
5,202,12,122,82,-244,-74,190
5,204,12,122,82,-244,-76,192
5,205,12,122,82,-244,-74,192
5,204,11,122,83,-244,-74,192
6,202,10,121,84,-244,-73,190
6,199,10,120,84,-244,-73,186
7,195,9,119,83,-244,-72,183
7,192,9,119,83,-244,-72,180
6,189,10,120,83,-244,-73,177
5,184,9,119,84,-244,-73,172
3,177,8,119,84,-244,-75,164
2,170,7,118,84,-244,-75,157
0,161,6,116,83,-244,-78,147
-1,152,5,116,82,-244,-79,136
-3,143,4,115,83,-244,-81,126
-5,134,3,115,86,-245,-81,118
-7,125,2,113,87,-245,-83,108
-8,115,1,112,88,-244,-84,98
-10,105,0,110,87,-243,-85,87
-13,94,-1,108,87,-243,-85,76
-16,83,-2,107,87,-243,-87,63
-18,72,-3,106,87,-244,-90,52
-21,62,-5,104,87,-243,-92,41
-23,52,-7,103,87,-242,-95,30
-26,42,-9,101,87,-241,-95,18
-29,32,-11,99,87,-241,-98,8
-32,22,-13,98,87,-241,-101,-2
-34,12,-13,97,87,-240,-102,-12
-35,3,-13,96,87,-239,-100,-20
-36,-3,-13,94,87,-239,-101,-29
-38,-10,-14,93,87,-239,-103,-35
-41,-15,-15,92,87,-240,-106,-41
-44,-20,-16,91,87,-239,-106,-46
-45,-25,-15,90,87,-239,-107,-51
-46,-29,-15,90,87,-239,-108,-54
-47,-33,-15,90,87,-239,-109,-59
-48,-36,-17,90,87,-239,-109,-64
-49,-38,-19,89,87,-239,-111,-67
-50,-39,-21,89,87,-239,-112,-68
-50,-39,-21,88,87,-239,-112,-68
-50,-39,-21,88,87,-239,-112,-68
-51,-38,-21,89,87,-239,-113,-67
-51,-37,-21,90,87,-239,-115,-67
-51,-35,-22,90,87,-239,-115,-67
-50,-31,-22,90,87,-239,-115,-62
-50,-27,-23,90,87,-240,-114,-58
-49,-23,-23,90,87,-240,-114,-54
-49,-19,-22,90,87,-239,-113,-50
-48,-15,-21,91,87,-239,-113,-43
-48,-10,-20,93,87,-239,-113,-37
-47,-3,-19,93,87,-241,-112,-31
-46,2,-18,93,87,-243,-111,-25
-45,8,-19,94,87,-244,-113,-18
-44,14,-18,95,87,-245,-113,-13
-43,20,-16,96,87,-245,-112,-7
-42,26,-15,96,87,-244,-111,0
-40,33,-15,97,87,-244,-108,6
-39,39,-15,99,87,-244,-108,12
-39,44,-15,102,87,-244,-111,18
-38,50,-15,103,87,-244,-112,23
-36,55,-15,104,87,-244,-109,29
-33,61,-14,105,87,-244,-107,35
-32,66,-12,106,87,-244,-106,40
-31,72,-11,107,87,-244,-106,48
-30,77,-11,107,88,-244,-104,53
-28,82,-11,107,89,-244,-103,59
-26,86,-11,107,89,-244,-101,63
-25,90,-10,108,89,-244,-100,67
-24,93,-8,109,87,-244,-98,70
-23,96,-7,110,87,-244,-100,74
-22,100,-7,111,88,-244,-100,76
-21,103,-7,110,89,-244,-98,80
-20,107,-7,110,90,-244,-97,85
-19,110,-8,110,90,-245,-96,87
-18,112,-8,111,90,-245,-95,90
-16,112,-7,111,91,-245,-93,90
-16,112,-6,110,90,-245,-91,90
-17,113,-4,109,89,-244,-92,93
-18,115,-3,108,88,-244,-93,96
-18,117,-2,108,88,-244,-91,97
-18,117,-2,109,89,-244,-93,97
-18,115,-2,109,89,-244,-93,96
-18,113,-3,108,88,-244,-93,93
-19,111,-4,107,87,-244,-92,91
-20,110,-4,106,87,-244,-93,90
-20,109,-4,107,87,-244,-92,89
-19,107,-4,107,87,-244,-92,87
-19,104,-4,107,87,-244,-92,84
-19,101,-5,107,87,-244,-91,81
-20,98,-4,107,87,-244,-92,79
-20,95,-3,106,87,-244,-92,75
-20,92,-3,104,88,-244,-92,72
-21,88,-3,103,89,-244,-90,68
-21,83,-5,102,90,-245,-91,63
-22,80,-5,101,91,-245,-92,59
-23,76,-5,100,90,-245,-92,56
-24,73,-5,100,90,-245,-93,53
-24,69,-5,100,90,-245,-93,48
-24,66,-5,100,90,-244,-93,45
-24,62,-5,100,89,-244,-93,41
-25,57,-4,100,89,-244,-95,36
-26,53,-5,100,89,-244,-95,32
-27,50,-6,99,90,-245,-93,29
-27,46,-7,97,90,-245,-93,25
-27,44,-8,97,90,-245,-93,23
-27,41,-8,96,91,-245,-93,20
-28,39,-8,97,92,-245,-95,18
-30,38,-8,97,93,-245,-96,17
-30,36,-8,96,92,-245,-96,15
-30,35,-7,95,91,-245,-96,13
-29,33,-6,94,90,-245,-92,12
-28,33,-5,95,91,-245,-92,14
-28,33,-5,96,92,-245,-95,12
-29,33,-6,97,92,-245,-95,12
-30,35,-7,96,92,-245,-96,13
-30,36,-8,95,92,-245,-96,15
-30,38,-9,96,92,-245,-96,17
-29,41,-8,97,92,-245,-95,19
-29,43,-7,97,92,-245,-96,21
-29,45,-4,97,92,-245,-96,24
-29,48,-3,97,92,-245,-96,30
-28,52,-2,98,92,-245,-95,34
-27,57,-3,98,92,-245,-93,39
-25,61,-3,98,92,-245,-92,42
-25,65,-4,98,92,-245,-91,45
-25,69,-4,99,92,-245,-91,51
-25,74,-3,101,92,-245,-95,56
-25,79,-2,102,92,-245,-95,61
-24,83,-1,103,92,-245,-93,64
-22,86,-1,104,92,-245,-92,68
-20,89,-1,103,92,-245,-90,72
-19,93,-1,103,93,-245,-89,75
-19,96,-1,103,94,-245,-89,79
-18,100,-1,103,95,-245,-89,83
-18,104,-1,103,96,-245,-89,87
-16,109,-1,103,97,-245,-86,91
-16,112,-1,103,97,-245,-86,95
-15,113,-1,104,97,-245,-86,96
-15,113,0,104,97,-245,-85,96
-15,113,0,104,97,-245,-85,96
-15,113,0,104,97,-245,-85,96
-15,113,-2,105,97,-245,-87,96
-15,113,-3,106,97,-245,-87,93
-15,114,-4,106,97,-245,-89,93
-14,113,-4,106,97,-245,-87,93
-14,112,-3,105,97,-245,-86,92
-14,110,-3,106,97,-245,-86,90
-15,108,-4,106,97,-245,-87,89
-17,107,-5,106,97,-245,-90,87
-18,104,-6,105,97,-245,-90,84
-18,101,-6,105,97,-245,-90,81
-18,97,-7,104,97,-245,-90,75
-18,93,-9,104,97,-245,-91,70
-19,90,-9,105,97,-245,-91,67
-19,87,-9,104,97,-245,-91,64
-19,83,-8,104,97,-245,-91,61
-19,80,-9,102,97,-245,-91,57
-20,75,-10,102,97,-245,-91,52
-20,71,-13,101,97,-245,-92,48
-21,67,-14,100,97,-245,-92,41
-21,63,-15,99,97,-245,-91,37
-21,60,-15,97,97,-245,-90,34
-21,56,-15,97,97,-245,-90,30
-21,53,-15,97,97,-246,-90,26
-21,50,-16,96,97,-247,-90,24
-21,47,-17,96,97,-246,-90,20
-22,44,-18,95,97,-245,-90,18
-23,43,-18,94,97,-245,-89,17
-24,41,-18,93,97,-246,-90,14
-25,39,-19,93,97,-248,-91,13
-25,37,-19,93,97,-249,-91,10
-25,36,-18,93,97,-248,-91,9
-25,35,-18,93,97,-247,-90,9
-24,36,-18,93,97,-247,-90,9
-25,36,-19,93,97,-247,-90,9
-25,36,-18,93,97,-248,-90,9
-25,36,-19,94,97,-249,-92,9
-24,36,-19,94,97,-249,-92,9
-25,36,-19,93,96,-250,-90,9
-25,37,-19,93,96,-250,-91,10
-26,37,-19,94,97,-250,-95,10
-26,38,-19,96,97,-250,-95,12
-27,39,-18,99,97,-250,-97,13
-26,42,-18,101,97,-250,-97,15
-25,44,-18,101,96,-250,-96,15
-24,47,-19,101,97,-250,-95,19
-23,50,-19,100,97,-249,-93,21
-22,52,-18,100,97,-250,-93,23
-22,55,-17,101,96,-250,-93,29
-21,58,-16,103,96,-251,-92,32
-21,62,-15,104,96,-252,-95,36
-20,66,-15,104,96,-251,-93,40
-20,70,-16,105,96,-251,-93,45
-19,74,-15,106,96,-251,-93,48
-18,77,-13,107,96,-252,-92,51
-17,80,-12,107,96,-253,-91,54
-16,85,-11,108,96,-253,-91,62
-15,90,-10,109,96,-253,-92,67
-12,94,-10,110,96,-254,-89,72
-10,98,-9,112,96,-255,-87,75
-8,101,-9,112,96,-255,-86,79
-8,105,-10,113,96,-255,-85,80
-7,108,-10,112,96,-255,-85,84
-6,111,-9,112,96,-255,-83,89
-4,114,-7,112,96,-255,-81,92
-3,116,-5,112,96,-255,-81,93
-2,118,-5,114,96,-255,-80,96
-2,120,-6,115,96,-255,-83,98
-1,122,-7,115,96,-255,-81,101
-1,125,-8,115,96,-255,-81,103
-1,126,-6,115,96,-255,-81,104
-1,126,-5,115,96,-255,-81,104
-1,126,-4,114,96,-255,-79,104
-2,126,-4,114,96,-255,-79,104
-1,126,-5,115,96,-255,-81,104
-1,126,-6,116,96,-255,-81,104
-1,125,-6,117,96,-255,-81,103
-1,122,-6,116,96,-255,-81,101
-2,120,-6,116,96,-255,-83,98
-3,119,-6,114,96,-255,-84,97
-4,118,-7,112,96,-255,-81,96
-4,115,-9,111,96,-255,-83,93
-4,112,-9,111,96,-255,-81,90
-5,109,-10,112,96,-255,-83,85
-6,107,-10,113,96,-255,-86,83
-7,104,-10,114,96,-255,-87,79
-8,101,-11,114,96,-255,-87,75
-9,96,-12,113,96,-255,-89,70
-11,92,-13,112,96,-255,-90,67
-12,88,-14,111,96,-255,-90,63
-14,85,-14,111,96,-254,-91,59
-15,82,-14,111,95,-253,-91,56
-16,78,-15,110,94,-253,-92,51
-17,75,-17,108,95,-253,-93,47
-18,71,-18,107,96,-254,-93,42
-18,67,-18,107,97,-255,-95,39
-18,64,-18,108,96,-255,-93,35
-18,61,-18,108,95,-255,-95,32
-19,60,-19,107,93,-254,-95,31
-19,57,-21,105,91,-254,-96,29
-19,54,-21,104,91,-254,-93,25
-20,50,-22,104,91,-254,-96,21
-21,49,-23,105,92,-254,-96,18
-21,49,-24,105,93,-254,-97,18
-21,49,-25,105,93,-254,-96,18
-20,48,-25,104,93,-254,-96,17
-20,46,-26,104,92,-254,-96,14
-21,43,-28,104,92,-254,-97,9
-22,42,-28,104,93,-254,-98,8
-23,42,-29,104,93,-254,-98,8
-23,43,-28,105,93,-254,-98,8
-23,42,-28,104,92,-254,-98,8
-22,42,-28,104,91,-254,-98,8
-22,43,-28,104,91,-254,-98,9
-23,43,-28,104,91,-254,-100,9
-25,45,-28,104,92,-254,-101,10
-28,45,-29,104,92,-254,-103,10
-29,45,-29,104,91,-254,-106,10
-30,44,-28,104,91,-254,-106,10
-29,44,-28,104,91,-254,-106,9
-29,44,-28,105,91,-254,-104,10
-29,44,-29,104,91,-255,-104,10
-29,45,-31,104,91,-255,-104,10
-29,44,-32,104,91,-254,-108,8
-29,44,-33,104,91,-254,-107,8
-29,44,-34,105,91,-255,-107,8
-29,45,-35,105,91,-256,-107,8
-29,45,-34,104,91,-257,-107,8
-29,45,-32,103,91,-258,-104,8
-29,44,-31,102,90,-258,-104,9
-29,43,-30,103,90,-258,-104,9
-28,43,-30,105,90,-258,-107,8
-28,43,-30,106,89,-258,-107,9
-28,43,-30,106,88,-258,-107,8
-28,41,-29,105,88,-258,-103,7
-28,40,-28,104,88,-258,-103,6
-28,39,-28,104,89,-258,-104,4
-29,39,-28,104,89,-257,-104,4
-29,39,-28,105,88,-258,-106,4
-28,38,-29,104,86,-259,-104,3
-27,36,-28,104,86,-259,-102,2
-25,35,-28,104,86,-258,-101,1
-26,34,-28,104,86,-257,-102,0
-28,34,-28,104,86,-256,-103,0
-29,34,-28,104,86,-255,-104,0
-27,34,-28,104,86,-255,-103,0
-26,34,-28,104,86,-256,-101,0
-25,33,-28,104,86,-257,-101,-1
-26,33,-28,104,86,-257,-102,-1
-27,34,-28,105,86,-256,-103,0
-27,35,-29,105,87,-254,-102,1
-25,36,-28,104,87,-254,-101,2
-24,36,-28,103,86,-254,-100,2
-24,36,-27,102,85,-254,-97,4
-25,36,-25,101,83,-254,-98,4
-25,37,-24,101,82,-254,-98,6
-25,39,-23,103,81,-254,-98,8
-24,41,-22,104,82,-254,-100,12
-23,43,-21,104,82,-254,-98,13
-23,44,-21,104,82,-254,-96,15
-24,46,-22,104,82,-254,-97,17
-24,49,-22,104,82,-254,-98,20
-24,51,-22,104,82,-253,-97,23
-23,53,-22,104,82,-254,-97,24
-22,55,-21,104,82,-254,-96,26
-21,58,-21,105,81,-255,-97,29
-21,61,-19,106,81,-256,-97,32
-20,65,-18,107,81,-255,-96,36
-18,68,-18,108,82,-254,-95,40
-17,71,-18,108,82,-254,-93,43
-16,74,-18,107,82,-253,-92,46
-15,76,-18,107,82,-254,-92,48
-15,80,-18,108,82,-254,-92,52
-15,83,-17,108,82,-254,-92,56
-15,86,-15,110,80,-254,-91,58
-14,88,-14,111,78,-253,-91,63
-14,90,-14,111,79,-253,-91,65
-13,93,-14,111,80,-254,-90,68
-12,97,-14,111,82,-254,-89,72
-10,99,-15,110,81,-254,-87,74
-8,101,-14,111,79,-253,-85,75
-7,102,-13,112,77,-253,-86,78
-6,105,-12,113,76,-253,-86,80
-7,108,-11,114,77,-253,-87,83
-9,109,-10,114,77,-253,-89,85
-10,111,-10,114,77,-253,-90,86
-10,111,-11,114,77,-253,-90,86
-8,111,-11,114,78,-253,-89,86
-7,112,-11,114,79,-253,-86,87
-5,113,-11,115,79,-253,-85,89
-5,113,-11,114,79,-253,-85,89
-5,113,-10,113,79,-253,-83,89
-5,113,-8,112,78,-253,-83,91
-5,113,-7,110,77,-253,-83,91
-6,112,-7,110,77,-253,-83,90
-6,111,-7,110,77,-253,-84,89
-5,109,-7,111,77,-253,-83,87
-4,108,-7,111,77,-253,-81,86
-4,107,-7,110,77,-253,-81,85
-6,107,-8,108,77,-253,-80,85
-7,107,-8,105,77,-253,-80,85
-8,106,-8,104,77,-253,-80,84
-7,105,-8,103,77,-253,-79,83
-5,104,-8,103,77,-254,-78,81
-5,102,-8,104,77,-254,-78,80
-6,101,-8,104,77,-253,-79,79
-7,99,-8,103,77,-252,-79,78
-7,97,-8,104,77,-250,-80,75
-7,95,-8,104,77,-250,-79,73
-7,93,-7,104,77,-252,-80,70
-8,91,-7,102,77,-253,-80,72
-9,89,-7,100,77,-253,-78,69
-8,87,-7,97,77,-252,-75,67
-9,85,-8,96,77,-250,-75,65
-9,83,-8,96,77,-249,-76,63
-10,82,-8,97,77,-249,-78,62
-12,81,-10,98,77,-249,-81,58
-14,79,-10,100,77,-249,-83,57
-15,77,-10,99,77,-249,-84,54
-16,74,-10,97,77,-249,-83,51
-16,71,-9,96,77,-249,-83,51
-17,69,-10,96,77,-249,-84,46
-18,67,-11,97,77,-249,-85,45
-19,66,-11,97,77,-249,-87,42
-19,67,-11,97,77,-249,-89,43
-19,67,-10,97,77,-249,-86,43
-20,66,-11,97,77,-249,-87,42
-21,64,-12,96,77,-249,-87,41
-22,61,-13,94,77,-249,-89,37
-21,60,-12,93,77,-249,-87,36
-21,60,-12,93,77,-249,-87,36
-21,60,-12,95,77,-249,-87,36
-21,60,-13,97,77,-249,-90,36
-23,59,-14,98,77,-249,-92,36
-22,59,-14,97,77,-249,-91,36
-22,59,-13,95,77,-249,-89,36
-21,60,-12,93,77,-249,-87,36
-22,59,-12,93,77,-249,-89,36
-24,58,-12,93,77,-249,-90,35
-25,57,-12,93,77,-249,-91,32
-25,56,-12,93,77,-249,-91,32
-25,56,-12,93,77,-249,-91,32
-25,57,-12,93,77,-249,-91,34
-25,58,-12,93,77,-249,-91,34
-25,58,-12,93,77,-249,-91,34
-25,57,-12,93,77,-249,-92,34
-25,57,-12,93,77,-249,-92,34
-25,57,-12,93,77,-248,-92,34
-25,57,-12,93,77,-246,-92,34
-25,57,-12,93,77,-245,-92,34
-25,57,-12,93,77,-245,-92,34
-25,57,-11,92,77,-245,-90,36
-25,57,-10,90,77,-245,-90,36
-25,57,-9,90,77,-245,-87,36
-25,57,-9,90,78,-244,-90,36
-25,57,-10,91,78,-244,-90,36
-25,57,-10,91,77,-245,-90,36
-25,57,-10,91,76,-246,-90,36
-25,57,-11,92,75,-245,-90,36
-25,57,-11,92,76,-244,-90,34
-25,57,-11,92,77,-243,-90,34
-25,57,-10,91,78,-244,-90,36
-26,58,-10,91,78,-244,-90,37
-25,57,-10,91,78,-244,-90,36
-24,56,-11,92,78,-244,-89,32
-24,55,-12,93,77,-244,-90,31
-24,54,-12,93,76,-244,-90,30
-24,54,-12,93,75,-244,-90,30
-24,55,-12,93,76,-244,-90,31
-24,56,-12,93,77,-244,-90,32
-23,57,-12,93,78,-244,-90,34
-23,57,-12,93,78,-244,-89,34
-23,56,-12,93,77,-244,-89,32
-24,55,-12,93,76,-244,-90,31
-24,56,-12,93,75,-244,-91,32
-25,57,-13,94,76,-244,-91,34
-24,59,-13,95,77,-244,-90,36
-23,59,-13,94,78,-244,-90,36
-22,59,-12,93,78,-244,-89,36
-21,60,-12,93,77,-243,-87,36
-21,60,-12,93,77,-242,-87,36
-21,60,-12,93,77,-242,-87,37
-22,61,-12,93,77,-242,-89,37
-23,62,-12,93,77,-243,-90,39
-24,64,-12,93,77,-244,-90,41
-23,66,-12,93,78,-244,-90,43
-22,69,-12,93,78,-244,-89,46
-21,71,-12,93,77,-244,-87,47
-22,72,-12,93,76,-244,-89,50
-23,74,-12,93,75,-244,-90,51
-24,75,-12,93,75,-243,-91,52
-25,76,-12,93,75,-243,-91,53
-24,79,-12,93,75,-244,-91,56
-23,81,-12,93,75,-244,-90,58
-22,82,-12,93,76,-244,-89,59
-21,82,-12,93,76,-244,-89,59
-22,82,-11,92,76,-244,-86,59
-22,82,-11,92,76,-244,-86,62
-21,82,-10,91,77,-244,-86,62
-21,82,-9,90,78,-244,-85,62
-20,83,-9,90,78,-244,-83,62
-20,83,-9,90,77,-244,-83,62
-20,83,-9,90,76,-244,-83,62
-21,82,-8,90,76,-244,-83,62
-20,83,-8,91,76,-244,-85,62
-20,83,-7,91,76,-244,-85,63
-20,83,-7,90,75,-244,-83,62
-20,81,-8,90,75,-244,-83,61
-20,79,-8,90,75,-244,-81,58
-20,78,-7,91,76,-244,-84,57
-20,77,-6,91,77,-244,-81,59
-19,76,-4,91,78,-244,-81,58
-18,74,-4,90,78,-244,-79,57
-16,72,-5,88,78,-244,-78,54
-16,70,-5,86,78,-244,-75,52
-16,68,-6,86,77,-244,-75,51
-17,66,-6,86,76,-244,-76,48
-18,64,-6,86,75,-244,-76,46
-17,62,-5,86,76,-244,-76,43
-16,61,-5,87,77,-244,-75,42
-15,60,-4,87,78,-244,-74,41
-14,58,-4,87,78,-244,-73,40
-15,56,-4,87,77,-244,-74,37
-16,54,-4,87,77,-244,-75,35
-17,52,-4,86,77,-244,-75,34
-17,51,-5,86,77,-244,-75,32
-16,50,-6,86,77,-244,-74,31
-15,49,-6,86,77,-244,-74,30
-15,49,-5,86,77,-244,-74,30
-15,50,-5,85,77,-244,-74,31
-16,51,-4,84,77,-244,-73,32
-17,52,-3,85,77,-244,-73,36
-17,51,-2,86,77,-244,-75,36
-16,51,-2,87,77,-244,-75,35
-15,52,-2,89,77,-244,-74,36
-15,54,-3,89,77,-244,-76,35
-15,55,-3,89,77,-244,-76,37
-15,57,-3,88,77,-244,-74,42
-16,59,-2,87,77,-244,-75,43
-16,61,-1,88,77,-244,-75,46
-15,63,0,88,77,-244,-74,47
-14,65,0,88,77,-244,-74,50
-13,68,0,88,77,-244,-72,53
-12,71,0,90,77,-244,-72,56
-12,74,0,91,77,-244,-74,59
-12,78,1,93,77,-244,-74,63
-12,81,1,93,77,-244,-74,67
-13,85,1,93,77,-244,-75,70
-13,88,1,92,77,-244,-75,74
-12,91,1,92,77,-244,-74,76
-11,94,2,93,77,-244,-73,80
-10,98,3,95,77,-244,-72,84
-9,101,4,96,77,-244,-74,89
-8,104,5,96,77,-244,-73,92
-7,108,5,96,77,-244,-69,96
-6,111,5,96,77,-244,-68,100
-4,115,5,97,78,-244,-69,103
-4,118,5,98,78,-244,-69,107
-5,121,5,101,77,-244,-73,107
-5,123,4,102,77,-244,-73,109
-4,124,3,101,78,-244,-72,111
-3,126,3,101,79,-244,-70,112
-3,127,3,101,81,-244,-70,113
-3,129,3,101,82,-244,-70,115
-2,131,4,101,83,-244,-70,117
-1,132,3,101,83,-244,-69,119
0,133,1,100,82,-244,-68,119
0,133,1,99,81,-244,-67,119
0,133,1,100,80,-244,-68,119
0,133,2,99,81,-244,-68,119
0,133,2,99,82,-244,-68,119
0,133,1,100,83,-244,-68,119
0,133,0,101,83,-244,-68,117
0,133,0,102,82,-244,-70,117
0,132,0,103,82,-244,-70,115
1,131,-1,103,82,-244,-69,114
1,130,-2,102,82,-243,-68,114
1,129,-3,101,82,-242,-68,111
0,128,-4,100,82,-243,-69,109
0,127,-5,99,82,-243,-68,108
-1,125,-5,100,82,-243,-72,106
0,123,-4,100,82,-242,-70,104
0,122,-4,100,82,-241,-69,102
0,120,-5,100,82,-241,-69,101
0,118,-5,100,82,-241,-70,98
-1,115,-4,100,82,-241,-70,96
-1,114,-4,100,82,-241,-70,95
0,111,-5,100,82,-240,-70,92
-1,108,-6,99,83,-239,-69,89
-2,105,-7,97,83,-239,-69,86
-4,102,-8,97,83,-239,-72,83
-4,100,-8,96,83,-239,-72,81
-5,98,-8,97,82,-240,-73,79
-6,97,-9,98,82,-242,-75,76
-7,95,-10,99,82,-242,-76,73
-7,93,-11,100,82,-242,-76,70
-9,91,-12,101,82,-240,-80,68
-10,88,-11,101,83,-239,-80,65
-12,86,-11,100,83,-239,-81,64
-12,85,-11,100,83,-239,-81,62
-12,83,-12,99,83,-239,-81,61
-12,82,-13,99,83,-239,-81,59
-14,80,-14,98,83,-239,-83,57
-14,78,-14,97,83,-239,-84,56
-14,77,-15,97,83,-239,-83,51
-13,75,-15,97,83,-239,-83,50
-12,75,-15,97,83,-239,-81,50
-13,75,-15,97,83,-239,-81,50
-13,76,-15,97,83,-239,-81,51
-13,75,-15,97,83,-239,-83,50
-13,75,-15,97,82,-239,-83,50
-13,75,-15,97,81,-239,-83,50
-13,75,-16,97,81,-240,-83,50
-13,75,-16,98,80,-241,-83,50
-13,75,-17,98,81,-241,-83,50
-13,75,-16,98,81,-241,-83,50
-13,75,-15,97,81,-240,-83,50
-13,75,-15,97,81,-239,-83,50
-13,75,-15,97,81,-239,-83,50
-13,75,-16,98,81,-239,-81,50
-13,75,-16,98,81,-239,-81,50
-13,75,-16,97,81,-239,-81,50
-13,75,-16,97,80,-239,-83,50
-13,75,-15,98,79,-238,-83,50
-13,75,-15,99,78,-239,-84,50
-12,76,-14,99,77,-240,-81,51
-10,76,-14,98,77,-242,-80,51
-10,77,-15,97,77,-244,-79,52
-11,76,-15,97,78,-244,-80,51
-12,76,-16,96,78,-243,-81,51
-13,75,-15,97,77,-242,-81,50
-12,76,-14,98,77,-242,-81,53
-10,77,-12,99,77,-242,-79,54
-9,78,-11,100,77,-244,-78,56
-8,78,-11,100,77,-244,-78,56
-8,78,-12,100,77,-243,-78,56
-9,78,-13,99,77,-242,-78,54
-8,77,-14,98,77,-240,-78,52
-8,78,-14,97,77,-240,-78,54
-9,79,-14,98,77,-241,-78,57
-10,81,-13,99,77,-242,-79,58
-11,82,-11,100,77,-242,-81,59
-11,82,-11,101,77,-242,-80,59
-9,83,-11,100,77,-241,-79,61
-8,83,-11,100,77,-241,-78,61
-7,85,-11,100,77,-242,-76,63
-8,87,-11,100,77,-244,-78,65
-8,90,-11,100,77,-244,-78,67
-7,92,-11,100,77,-243,-76,69
-6,94,-12,100,77,-242,-75,72
-5,96,-11,101,77,-241,-74,74
-4,98,-11,100,77,-240,-74,76
-5,101,-11,100,78,-239,-74,79
-5,103,-10,99,78,-239,-75,81
-5,105,-10,98,78,-239,-75,84
-5,108,-10,99,78,-239,-74,86
-4,110,-10,100,78,-239,-74,89
-3,112,-8,101,78,-239,-73,90
-2,114,-7,102,78,-239,-72,95
-1,115,-6,102,78,-239,-72,96
-2,116,-5,101,78,-239,-72,97
-2,118,-6,101,78,-239,-73,98
-3,119,-5,101,78,-239,-74,101
-4,121,-6,101,78,-239,-75,102
-5,122,-6,101,78,-239,-75,103
-5,123,-7,101,78,-239,-75,104
-4,124,-6,102,78,-239,-75,106
-3,126,-4,102,78,-239,-74,107
-2,127,-2,102,78,-239,-73,111
-2,128,-2,102,78,-239,-72,112
-2,127,-3,101,78,-239,-72,111
-2,126,-3,101,78,-239,-72,108
-3,125,-4,101,77,-239,-73,106
-4,124,-4,101,76,-239,-75,104
-6,124,-4,100,76,-239,-76,104
-6,124,-5,100,76,-239,-76,104
-6,123,-5,100,77,-239,-76,104
-6,122,-5,100,78,-239,-76,103
-7,119,-4,100,78,-239,-78,100
-9,116,-4,100,78,-239,-79,97
-10,114,-4,100,78,-239,-80,95
-10,112,-5,100,78,-239,-80,92
-11,110,-6,99,78,-239,-81,91
-12,108,-6,98,78,-239,-80,89
-14,107,-6,97,78,-239,-81,87
-16,104,-6,96,78,-239,-84,84
-17,100,-6,95,78,-239,-81,80
-18,97,-6,94,78,-239,-83,76
-18,93,-5,93,78,-239,-83,75
-19,89,-6,92,78,-239,-84,72
-20,85,-7,91,77,-239,-84,65
-20,81,-9,90,76,-239,-83,61
-20,76,-9,90,76,-239,-83,56
-20,72,-9,90,77,-239,-83,51
-21,67,-8,90,78,-239,-83,46
-23,63,-8,90,78,-239,-85,42
-25,59,-9,90,76,-239,-86,39
-25,55,-10,89,75,-238,-87,34
-25,50,-11,87,75,-238,-86,29
-25,44,-12,86,75,-239,-86,23
-27,39,-13,86,76,-239,-87,18
-29,35,-12,86,76,-239,-91,13
-32,31,-11,86,77,-239,-92,9
-32,26,-11,85,77,-239,-91,4
-32,21,-11,83,78,-239,-90,0
-31,15,-12,81,78,-239,-90,-6
-32,11,-13,80,78,-239,-87,-10
-33,7,-13,79,78,-239,-89,-14
-35,4,-13,79,78,-239,-91,-17
-38,0,-14,79,77,-239,-93,-21
-39,-5,-15,77,75,-239,-95,-28
-40,-10,-16,76,75,-238,-95,-32
-40,-14,-16,76,75,-239,-95,-37
-40,-18,-16,76,77,-239,-95,-41
-42,-21,-16,76,78,-239,-97,-45
-43,-25,-17,75,78,-239,-97,-51
-43,-27,-19,74,78,-239,-96,-53
-44,-30,-20,73,78,-239,-96,-56
-45,-32,-20,72,78,-239,-97,-58
-46,-34,-20,73,78,-239,-97,-59
-46,-36,-20,73,78,-239,-98,-62
-46,-38,-20,73,78,-239,-97,-64
-46,-40,-20,73,78,-239,-97,-67
-47,-42,-20,73,78,-239,-98,-68
-48,-43,-20,73,78,-239,-100,-69
-48,-43,-20,73,78,-239,-100,-69
-48,-43,-20,72,78,-239,-100,-69
-48,-42,-21,72,78,-239,-100,-68
-48,-42,-21,72,77,-239,-100,-68
-49,-41,-21,72,77,-240,-101,-67
-50,-40,-20,72,77,-240,-102,-67
-50,-39,-19,73,77,-240,-102,-65
-49,-38,-19,74,77,-241,-101,-64
-48,-36,-18,74,77,-242,-101,-62
-47,-33,-18,75,77,-243,-102,-59
-47,-31,-17,75,77,-243,-101,-57
-46,-29,-15,75,77,-242,-98,-52
-45,-26,-14,74,77,-242,-97,-50
-44,-23,-13,73,77,-243,-93,-46
-43,-19,-14,73,77,-244,-95,-42
-41,-15,-14,74,77,-244,-93,-39
-39,-11,-13,75,77,-244,-91,-34
-38,-8,-12,76,77,-244,-90,-30
-37,-4,-10,77,77,-244,-90,-24
-37,0,-10,77,77,-244,-90,-20
-35,4,-10,76,77,-244,-87,-14
-32,9,-10,76,78,-244,-85,-9
-31,14,-10,77,78,-244,-84,-4
-30,18,-10,79,77,-244,-86,-1
-29,22,-10,81,77,-244,-85,1
-29,27,-9,83,77,-244,-87,8
-29,33,-7,84,78,-244,-87,14
-28,39,-6,84,78,-245,-87,20
-27,44,-4,84,79,-246,-84,25
-25,48,-3,84,79,-247,-81,32
-23,53,-3,84,79,-247,-80,37
-21,60,-4,84,80,-247,-78,41
-19,66,-3,86,80,-246,-78,51
-18,72,-2,87,80,-246,-78,57
-18,78,-1,88,80,-247,-78,63
-18,84,0,88,79,-249,-78,69
-17,90,0,90,79,-249,-78,75
-15,96,0,91,79,-249,-78,81
-13,101,0,92,79,-249,-76,86
-11,106,1,93,80,-249,-74,91
-10,111,2,94,82,-249,-73,96
-9,116,4,95,83,-249,-72,104
-8,121,5,96,83,-249,-72,109
-7,125,4,96,82,-249,-73,113
-7,129,5,96,80,-249,-73,117
-7,133,6,97,80,-249,-73,122
-6,137,7,98,81,-249,-72,125
-4,140,8,99,82,-249,-70,129
-3,143,9,99,82,-249,-69,133
-3,146,8,99,82,-249,-69,135
-2,148,8,99,82,-249,-68,137
-1,150,8,99,82,-249,-68,140
-1,153,8,99,82,-249,-67,142
0,154,9,100,82,-249,-67,144
0,155,10,100,82,-249,-67,145
0,155,10,101,82,-249,-67,144
0,154,11,101,82,-249,-67,146
0,155,12,102,82,-249,-67,146
0,155,12,103,82,-248,-65,147
0,156,12,103,82,-247,-65,147
0,155,12,102,82,-248,-65,147
0,155,11,101,82,-247,-67,147
0,153,10,100,82,-246,-67,142
0,151,9,100,82,-244,-64,141
2,149,10,100,82,-244,-63,139
3,147,9,100,82,-244,-62,136
2,145,9,99,82,-244,-63,135
1,144,8,99,82,-244,-64,134
0,142,8,99,82,-244,-65,131
0,139,8,99,82,-244,-65,128
0,135,8,99,82,-244,-64,124
0,131,8,99,82,-244,-64,120
0,129,8,99,82,-244,-64,118
0,127,8,99,82,-244,-65,115
-1,125,8,99,82,-244,-67,114
-1,122,9,99,82,-244,-67,111
-1,119,8,99,82,-244,-67,108
-1,116,7,98,82,-244,-67,104
-2,113,6,97,82,-244,-67,102
-3,110,5,96,83,-244,-68,98
-4,108,4,95,83,-244,-67,96
-6,105,5,96,82,-243,-68,93
-6,104,5,96,82,-242,-70,92
-5,102,5,96,82,-242,-70,90
-4,101,4,96,83,-242,-69,89
-4,98,5,96,83,-242,-67,86
-6,96,5,95,84,-243,-68,84
-7,95,7,93,85,-244,-69,84
-7,95,8,92,86,-245,-67,83
-7,95,8,92,87,-243,-67,86
-7,95,8,92,87,-241,-67,86
-7,95,8,92,88,-239,-67,84
-6,96,8,92,87,-239,-65,84
-4,97,7,92,87,-239,-64,85
-3,99,8,92,87,-240,-63,90
-3,101,9,93,87,-240,-63,92
-2,104,10,94,87,-239,-64,95
-1,106,12,95,87,-239,-64,96
-1,108,12,95,87,-239,-63,100
0,110,11,95,87,-239,-63,101
0,112,11,95,87,-239,-63,103
0,115,12,97,87,-239,-62,106
1,119,14,98,87,-239,-61,109
3,123,15,99,87,-239,-59,114
4,128,15,99,87,-239,-58,122
4,132,15,98,87,-239,-58,125
5,136,15,99,87,-239,-58,130
5,140,15,100,87,-239,-61,133
5,145,14,103,87,-239,-59,137
6,149,14,104,88,-239,-62,141
6,154,14,105,88,-239,-62,146
7,158,15,105,87,-239,-62,151
7,162,15,105,87,-239,-61,155
8,167,16,106,88,-239,-61,159
8,171,17,106,89,-239,-61,163
8,175,18,108,90,-240,-59,168
8,178,18,110,91,-240,-63,170
9,180,17,112,91,-240,-62,173
10,183,16,112,91,-238,-64,175
11,185,15,113,92,-237,-62,178
13,188,16,112,93,-237,-61,180
13,190,16,112,93,-238,-61,183
12,191,16,112,92,-238,-62,184
12,192,16,112,92,-238,-62,185
12,192,16,112,92,-237,-62,185
12,192,16,113,92,-237,-62,185
11,190,15,114,92,-236,-63,183
10,189,13,115,92,-236,-67,179
9,187,11,115,92,-235,-68,178
8,186,10,114,92,-235,-68,173
7,183,9,113,92,-235,-67,170
6,179,9,112,92,-235,-67,167
4,175,9,113,92,-235,-69,163
3,172,7,113,92,-235,-73,158
1,168,4,113,92,-235,-74,153
0,164,2,113,92,-235,-76,148
-3,159,2,113,93,-234,-79,144
-4,152,2,113,93,-234,-80,136
-6,144,1,112,93,-233,-81,128
-7,136,0,111,93,-232,-83,119
-8,128,-2,109,93,-231,-84,109
-10,121,-3,107,93,-230,-83,102
-11,114,-5,106,93,-230,-84,95
-14,105,-7,104,93,-230,-86,83
-16,95,-9,103,93,-230,-89,73
-18,85,-11,102,93,-230,-90,63
-20,75,-13,101,93,-230,-92,52
-22,65,-14,100,93,-230,-93,39
-24,54,-16,99,93,-230,-92,29
-26,45,-20,97,93,-231,-95,15
-28,35,-23,96,93,-230,-98,6
-30,26,-25,95,93,-228,-98,-4
-33,16,-26,94,93,-227,-101,-15
-35,6,-26,94,93,-227,-102,-25
-37,-2,-26,93,93,-228,-104,-35
-38,-9,-28,92,93,-230,-106,-42
-40,-17,-30,90,93,-231,-107,-50
-43,-25,-32,89,93,-230,-109,-58
-46,-34,-33,87,93,-230,-109,-70
-48,-43,-34,86,93,-230,-112,-79
-50,-50,-36,85,93,-230,-114,-87
-52,-57,-37,85,93,-230,-115,-93
-53,-62,-38,85,93,-230,-117,-98
-53,-66,-38,86,93,-230,-117,-103
-54,-70,-37,85,93,-230,-117,-107
-55,-73,-38,84,93,-230,-119,-111
-57,-77,-40,83,93,-230,-120,-117
-59,-80,-42,83,93,-230,-123,-120
-60,-82,-43,83,93,-230,-123,-123
-60,-83,-43,83,93,-230,-124,-123
-61,-83,-43,84,93,-230,-124,-123
-63,-84,-43,84,93,-230,-129,-124
-64,-85,-44,84,93,-230,-130,-128
-65,-85,-43,85,93,-230,-130,-128
-65,-84,-42,86,92,-231,-131,-124
-66,-81,-41,87,90,-234,-131,-122
-66,-79,-40,88,90,-234,-131,-119
-65,-76,-40,88,89,-235,-131,-115
-65,-74,-39,88,90,-235,-130,-114
-64,-72,-39,89,91,-235,-130,-112
-64,-68,-37,90,91,-235,-130,-108
-64,-63,-36,91,91,-235,-133,-101
-64,-58,-36,91,90,-235,-133,-96
-62,-54,-36,91,89,-234,-131,-91
-61,-50,-36,91,88,-234,-130,-86
-60,-45,-36,91,87,-235,-129,-85
-58,-41,-36,91,87,-235,-128,-78
-56,-38,-35,92,88,-234,-125,-74
-55,-34,-34,93,88,-234,-124,-70
-54,-29,-32,94,88,-234,-123,-65
-54,-25,-31,96,87,-236,-123,-62
-53,-21,-30,97,87,-238,-123,-58
-52,-18,-29,97,87,-239,-124,-52
-50,-15,-29,98,87,-240,-123,-48
-48,-11,-29,97,87,-240,-120,-45
-47,-7,-29,98,87,-239,-119,-43
-45,-4,-28,99,87,-239,-118,-37
-44,0,-28,102,87,-239,-119,-36
-43,2,-27,103,87,-239,-118,-30
-43,5,-27,104,87,-239,-118,-28
-43,7,-27,103,87,-239,-118,-28
-43,9,-28,103,87,-240,-118,-25
-43,11,-28,103,88,-239,-118,-23
-42,13,-27,103,87,-239,-118,-19
-42,15,-26,102,86,-239,-114,-17
-41,16,-25,102,85,-240,-114,-15
-41,18,-23,104,84,-241,-117,-14
-39,21,-23,105,85,-241,-114,-10
-36,23,-22,105,86,-241,-112,-8
-34,26,-22,104,87,-240,-109,-3
-32,28,-22,104,87,-241,-106,-1
-32,30,-22,104,87,-243,-106,1
-32,31,-21,104,87,-244,-106,2
-30,33,-22,104,87,-245,-106,3
-30,35,-22,104,87,-245,-103,3
-29,37,-21,104,88,-244,-102,8
-29,40,-21,105,87,-244,-104,12
-28,43,-19,106,86,-244,-104,14
-28,45,-18,108,84,-244,-103,15
-26,46,-18,108,82,-244,-102,17
-25,48,-18,107,82,-244,-102,19
-25,50,-18,107,83,-244,-101,21
-25,54,-18,107,84,-244,-101,25
-25,56,-17,108,84,-244,-101,28
-24,58,-15,110,84,-244,-101,29
-23,61,-14,111,83,-244,-100,35
-21,64,-14,111,82,-244,-98,37
-21,67,-14,111,82,-244,-97,41
-21,69,-14,111,82,-244,-97,43
-20,71,-15,110,83,-244,-97,46
-18,73,-14,111,83,-244,-95,47
-17,75,-13,112,82,-244,-96,50
-15,77,-12,113,82,-244,-95,52
-15,80,-11,114,82,-244,-95,54
-15,81,-10,114,82,-244,-95,56
-15,83,-10,114,82,-244,-95,58
-15,85,-10,115,82,-244,-95,59
-14,88,-9,115,82,-244,-93,63
-13,90,-9,116,82,-244,-92,65
-12,92,-8,116,82,-244,-92,69
-11,93,-7,117,82,-244,-91,70
-11,93,-7,117,82,-244,-90,70
-10,95,-7,117,82,-244,-90,72
-10,97,-7,117,82,-244,-90,75
-10,100,-7,117,82,-244,-90,78
-10,101,-7,117,82,-244,-90,79
-11,103,-7,117,82,-244,-91,80
-10,104,-8,117,82,-244,-90,81
-9,106,-7,118,82,-244,-91,84
-8,107,-6,118,82,-244,-89,85
-8,109,-4,119,82,-244,-89,87
-8,111,-1,118,82,-244,-89,91
-8,114,0,117,82,-244,-87,95
-7,116,0,117,82,-244,-85,96
-7,117,0,117,82,-244,-87,98
-6,118,0,117,83,-244,-86,98
-5,119,0,117,83,-244,-85,100
-3,119,0,117,82,-244,-84,100
-3,121,0,117,82,-244,-84,102
-5,122,0,118,82,-244,-85,103
-6,123,0,118,83,-244,-86,104
-6,124,0,118,84,-244,-86,104
-7,125,0,118,84,-244,-87,106
-7,126,1,119,84,-244,-87,107
-7,128,2,120,83,-244,-89,112
-7,129,2,120,82,-244,-87,113
-7,129,1,119,82,-244,-87,111
-7,128,1,118,82,-244,-87,109
-7,128,3,118,83,-244,-85,111
-7,127,4,118,82,-244,-85,111
-6,127,6,118,82,-244,-84,111
-6,127,6,117,83,-244,-84,111
-7,127,5,115,82,-244,-85,111
-7,126,3,114,82,-244,-83,109
-6,124,2,113,82,-244,-81,107
-5,122,2,113,83,-244,-80,106
-4,121,2,113,84,-244,-79,104
-3,120,2,113,84,-244,-79,103
-3,118,2,114,84,-244,-78,102
-3,116,2,114,83,-244,-78,98
-3,113,2,113,82,-244,-79,96
-4,109,2,111,82,-244,-79,92
-4,107,3,110,83,-244,-76,90
-4,104,3,110,84,-244,-76,87
-5,102,3,110,84,-244,-78,85
-6,100,2,108,85,-244,-78,83
-6,97,1,107,85,-243,-79,80
-7,96,1,106,85,-242,-76,79
-7,93,2,106,84,-241,-78,76
-8,90,2,106,83,-240,-78,73
-9,89,2,107,84,-240,-81,72
-9,88,2,107,86,-241,-81,70
-9,88,2,106,87,-241,-79,70
-9,89,2,106,86,-241,-78,72
-7,90,2,106,85,-242,-76,73
-6,90,2,106,84,-242,-75,73
-4,91,2,106,85,-243,-74,74
-3,92,2,106,86,-243,-73,75
-2,93,2,106,87,-243,-72,76
-1,97,3,107,87,-242,-73,83
0,101,4,108,87,-243,-70,86
3,107,6,110,87,-243,-69,92
5,113,7,111,87,-244,-67,98
5,119,8,112,87,-243,-67,104
6,125,9,113,87,-243,-65,111
7,132,10,114,87,-243,-67,118
10,140,11,115,87,-244,-64,129
13,149,13,117,87,-245,-62,139
15,159,15,119,87,-245,-61,148
18,169,18,119,87,-244,-58,161
20,179,21,120,87,-244,-56,172
24,191,23,122,89,-245,-52,186
28,203,24,124,90,-245,-51,200
31,216,25,126,92,-245,-48,212
35,228,27,127,91,-243,-45,225
38,241,29,129,90,-242,-42,238
40,253,32,132,91,-241,-42,253
43,267,35,135,92,-242,-41,267
48,281,37,138,92,-243,-37,281
54,296,39,140,92,-243,-31,299
58,311,40,141,93,-243,-30,314
61,326,43,143,93,-243,-28,330
65,340,45,145,93,-242,-24,345
69,354,48,148,93,-241,-20,362
74,368,50,150,94,-240,-18,375
79,382,53,152,96,-240,-14,394
82,398,54,155,97,-240,-13,410
85,412,55,159,97,-241,-13,424
88,426,55,162,97,-240,-10,435
92,439,57,163,97,-239,-7,451
95,450,59,165,97,-237,-6,463
98,460,61,166,97,-235,-3,473
100,469,62,169,97,-235,-4,483
103,478,61,171,97,-235,-2,491
106,487,61,173,97,-236,-2,501
108,495,61,173,97,-235,0,510
109,502,62,174,97,-234,1,516
110,505,63,174,97,-232,1,520
111,508,63,175,98,-231,2,523
113,511,63,174,98,-230,4,526
114,512,61,173,98,-229,6,527
115,511,60,173,97,-227,6,526
113,509,58,175,98,-226,4,522
112,507,57,176,100,-225,1,518
111,503,56,176,101,-226,1,515
111,498,55,174,101,-226,0,510
110,491,54,172,100,-224,2,501
108,482,52,172,100,-223,1,491
106,472,50,172,101,-221,-1,480
104,462,47,171,103,-219,-4,468
102,451,45,170,104,-217,-6,457
100,439,44,167,104,-216,-6,445
97,426,43,163,103,-216,-6,430
94,412,41,160,103,-216,-6,417
91,397,38,158,104,-215,-8,399
88,382,35,157,104,-213,-10,384
84,366,32,156,104,-211,-14,365
80,350,29,155,104,-209,-19,347
75,333,26,154,104,-208,-23,328
71,316,23,151,104,-207,-28,310
67,299,21,148,104,-206,-29,290
63,282,20,145,104,-205,-32,273
58,266,20,142,104,-203,-34,260
54,250,18,140,104,-202,-37,240
51,233,14,137,104,-201,-37,223
47,216,11,135,104,-201,-41,202
43,199,9,133,104,-200,-45,185
39,183,7,131,104,-198,-46,169
34,168,6,130,104,-196,-51,153
29,154,4,128,104,-196,-56,136
25,141,2,126,104,-196,-59,123
21,130,0,123,104,-197,-59,112
17,120,-2,122,104,-197,-64,98
12,110,-5,121,104,-195,-69,89
8,101,-6,121,105,-193,-73,79
5,92,-8,121,105,-191,-75,67
2,84,-9,120,105,-191,-79,58
-1,76,-11,120,105,-191,-85,51
-3,70,-12,120,105,-192,-87,45
-5,65,-13,119,105,-192,-86,36
-7,60,-14,118,105,-191,-87,32
-9,57,-14,117,105,-191,-90,28
-12,54,-15,116,105,-191,-92,25
-15,52,-16,115,105,-191,-96,23
-17,51,-18,114,105,-191,-98,23
-18,50,-18,114,105,-191,-100,21
-19,50,-18,114,105,-191,-100,20
-21,49,-18,114,105,-191,-102,20
-21,49,-18,114,105,-191,-102,20
-21,50,-18,114,105,-191,-102,21
-22,52,-18,114,105,-191,-103,23
-23,53,-18,114,105,-191,-104,24
-24,54,-18,114,105,-191,-106,25
-24,56,-18,114,105,-191,-106,28
-24,58,-18,114,105,-191,-104,29
-23,61,-18,114,105,-191,-104,31
-23,63,-18,114,105,-191,-104,34
-23,64,-18,114,105,-191,-104,35
-23,67,-18,114,104,-191,-104,39
-22,69,-17,115,103,-191,-104,40
-21,71,-15,117,102,-191,-103,42
-20,72,-14,118,103,-191,-101,43
-18,73,-14,118,104,-191,-100,45
-18,74,-13,116,105,-191,-100,48
-18,76,-12,115,105,-191,-97,51
-18,78,-11,114,105,-191,-97,52
-16,79,-12,115,105,-191,-96,53
-16,80,-13,117,104,-191,-97,52
-16,81,-14,117,104,-191,-97,53
-17,83,-13,117,103,-191,-98,54
-16,85,-13,116,102,-191,-98,59
-15,86,-13,116,103,-191,-97,58
-14,86,-14,117,102,-191,-96,58
-13,86,-13,119,101,-191,-95,58
-12,87,-11,120,100,-191,-93,62
-11,89,-9,120,100,-191,-93,63
-11,92,-8,119,100,-191,-92,67
-10,95,-8,118,100,-191,-92,70
-10,98,-8,118,100,-192,-92,73
-10,99,-8,118,100,-193,-92,74
-9,100,-7,119,100,-193,-91,75
-9,101,-7,120,100,-193,-91,76
-8,104,-7,121,100,-193,-90,79
-7,106,-6,122,100,-195,-90,84
-6,109,-5,122,100,-196,-89,86
-6,111,-3,121,100,-195,-89,89
-6,112,-3,120,100,-193,-89,90
-6,115,-3,120,100,-191,-89,92
-6,116,-3,121,100,-190,-89,95
-5,119,-4,121,100,-191,-87,96
-4,121,-4,120,100,-193,-87,100
-3,123,-3,120,100,-195,-86,102
-3,125,-3,121,100,-196,-85,103
-1,126,-1,123,100,-195,-84,107
-1,126,0,123,100,-194,-84,107
-2,127,0,124,100,-193,-85,108
-3,129,0,124,100,-192,-86,109
-4,130,0,123,100,-192,-86,111
-4,131,0,123,100,-193,-87,112
-4,131,0,122,100,-193,-86,112
-3,130,0,122,100,-193,-86,112
-4,130,0,123,100,-192,-86,111
-4,130,0,122,100,-191,-86,111
-4,130,1,122,100,-191,-86,111
-4,131,2,121,100,-191,-84,112
-3,131,2,120,100,-191,-84,114
-4,130,2,120,100,-191,-84,113
-4,128,2,120,100,-191,-85,112
-5,126,2,120,100,-191,-85,109
-6,124,3,120,100,-191,-86,107
-6,123,2,120,100,-191,-86,106
-6,122,2,120,100,-191,-86,102
-7,119,2,119,100,-191,-87,100
-7,116,2,118,100,-191,-87,100
-8,113,3,115,100,-191,-85,96
-9,111,3,114,100,-191,-84,93
-9,109,3,113,100,-191,-84,91
-8,108,2,113,100,-191,-83,90
-8,107,2,113,100,-191,-83,90
-8,106,2,113,102,-191,-83,89
-10,103,2,113,103,-190,-85,86
-11,100,2,113,104,-190,-86,83
-12,97,1,112,104,-190,-86,79
-12,94,1,112,104,-190,-87,76
-13,92,1,112,104,-190,-87,75
-14,91,1,112,105,-190,-89,74
-14,89,0,111,105,-190,-89,72
-16,87,0,110,105,-190,-90,67
-17,85,-1,110,105,-191,-91,64
-17,84,-1,110,105,-191,-91,63
-17,82,0,110,105,-191,-91,62
-18,80,-1,110,105,-191,-92,59
-18,79,-1,110,105,-190,-92,58
-19,77,0,110,105,-190,-93,57
-19,76,0,110,105,-190,-93,58
-19,74,-1,110,105,-189,-93,53
-20,72,-3,110,105,-189,-95,51
-21,71,-6,110,105,-189,-96,47
-22,70,-7,111,105,-191,-98,47
-21,69,-7,111,105,-191,-97,46
-19,68,-7,112,105,-191,-96,45
-19,66,-7,112,105,-190,-95,43
-20,65,-8,112,105,-190,-96,42
-22,65,-9,111,105,-189,-98,41
-24,64,-9,112,105,-189,-101,41
-23,64,-10,113,105,-188,-100,37
-23,63,-11,114,105,-188,-102,37
-22,62,-11,115,105,-188,-101,36
-23,61,-10,114,105,-188,-102,35
-25,59,-11,114,105,-189,-103,32
-25,58,-12,113,105,-189,-104,32
-26,57,-14,112,105,-189,-104,31
-25,56,-14,111,105,-188,-101,30
-24,54,-15,110,105,-187,-100,28
-23,54,-14,111,105,-188,-100,28
-23,53,-14,111,105,-188,-98,26
-23,53,-15,112,105,-188,-102,24
-23,53,-16,112,105,-187,-102,24
-23,54,-16,112,105,-187,-102,25
-23,53,-16,112,105,-186,-101,24
-23,53,-17,113,105,-187,-101,24
-23,53,-17,113,105,-187,-102,24
-23,53,-17,113,105,-187,-102,24
-23,53,-17,113,105,-187,-101,24
-21,54,-16,112,105,-187,-100,25
-20,55,-15,112,105,-187,-98,26
-20,57,-16,112,105,-187,-98,28
-20,59,-16,112,105,-187,-98,30
-19,61,-15,112,106,-187,-98,32
-18,61,-14,111,107,-187,-97,35
-17,62,-13,112,107,-187,-96,36
-17,63,-13,112,107,-188,-96,37
-17,65,-13,112,106,-189,-96,40
-16,68,-14,111,105,-190,-92,42
-16,70,-15,110,105,-189,-92,42
-16,72,-14,111,105,-187,-92,46
-16,74,-13,112,105,-187,-95,48
-15,76,-12,113,105,-188,-95,51
-14,78,-11,114,105,-189,-93,53
-14,81,-10,114,105,-189,-93,56
-13,83,-11,114,105,-189,-92,58
-13,85,-11,114,105,-188,-92,59
-13,86,-11,114,105,-188,-92,61
-13,86,-10,114,105,-188,-92,61
-14,88,-10,114,105,-188,-93,62
-14,89,-11,114,105,-187,-93,64
-14,91,-12,115,105,-187,-93,65
-14,92,-12,115,105,-187,-93,67
-14,92,-12,116,105,-187,-96,67
-14,91,-12,118,105,-187,-96,65
-14,92,-13,119,105,-187,-96,64
-15,92,-13,119,105,-187,-97,64
-15,91,-14,118,105,-187,-97,63
-15,89,-14,117,105,-187,-97,62
-14,87,-14,117,105,-187,-96,59
-13,86,-14,117,104,-187,-95,58
-13,86,-14,118,104,-187,-95,58
-13,86,-14,118,104,-187,-95,58
-14,85,-14,117,103,-187,-96,57
-14,82,-14,118,102,-187,-96,53
-14,78,-14,117,101,-186,-96,50
-14,76,-14,117,100,-186,-95,48
-13,76,-14,117,101,-186,-95,47
-13,75,-14,118,103,-187,-95,47
-13,74,-14,118,104,-187,-95,46
-14,71,-14,117,104,-187,-96,42
-15,69,-15,116,104,-187,-96,41
-15,69,-16,115,103,-187,-96,41
-15,69,-16,115,102,-187,-96,41
-16,68,-15,116,101,-187,-97,40
-17,66,-15,116,102,-187,-98,37
-17,64,-16,115,104,-187,-98,35
-18,63,-18,114,103,-187,-100,35
-18,65,-18,114,102,-187,-100,36
-19,67,-18,114,101,-186,-101,39
-19,67,-18,114,101,-186,-101,39
-18,66,-18,114,102,-187,-100,37
-18,65,-18,114,102,-187,-100,36
-18,65,-18,114,102,-187,-100,36
-19,66,-18,114,102,-187,-101,37
-19,67,-18,114,101,-187,-101,39
-19,67,-17,113,101,-186,-98,39
-19,67,-17,113,100,-186,-98,39
-20,67,-17,113,100,-186,-98,39
-20,68,-18,114,100,-186,-102,40
-20,69,-18,114,101,-186,-102,41
-21,70,-18,114,101,-186,-102,41
-21,71,-18,114,100,-186,-103,42
-21,71,-18,114,100,-186,-103,42
-21,71,-18,114,100,-186,-103,42
-21,71,-18,114,100,-186,-102,42
-21,71,-18,114,100,-186,-103,42
-23,70,-18,114,100,-186,-104,41
-25,69,-18,114,100,-186,-106,41
-25,68,-18,114,100,-186,-107,40
-25,67,-18,114,100,-186,-107,39
-24,66,-18,114,100,-186,-106,37
-25,63,-18,114,100,-186,-106,35
-25,61,-19,114,100,-186,-107,32
-26,59,-19,113,100,-187,-104,30
-27,57,-18,112,100,-187,-106,28
-28,54,-18,112,100,-186,-107,25
-29,51,-19,111,100,-185,-108,23
-30,48,-20,110,101,-184,-108,17
-30,45,-20,110,100,-185,-108,13
-30,43,-20,109,100,-186,-108,13
-31,39,-20,107,100,-187,-107,9
-32,36,-21,105,100,-187,-107,7
-33,32,-21,104,100,-186,-106,3
-34,29,-22,104,100,-186,-107,0
-35,26,-22,104,100,-187,-111,-2
-36,23,-22,106,100,-187,-111,-8
-37,19,-24,107,100,-186,-112,-12
-38,16,-26,107,100,-185,-115,-15
-39,13,-28,106,101,-184,-117,-21
-39,11,-28,105,101,-185,-114,-23
-39,9,-29,104,101,-186,-114,-25
-41,7,-28,104,100,-187,-115,-28
-42,4,-28,104,99,-187,-118,-30
-43,1,-28,104,98,-187,-118,-34
-43,0,-28,104,97,-186,-119,-35
-43,-1,-28,104,96,-185,-118,-36
-44,-2,-28,104,96,-184,-119,-37
-45,-3,-28,104,97,-185,-120,-40
-46,-5,-28,104,99,-186,-122,-41
-46,-6,-28,104,99,-187,-120,-42
-45,-7,-29,104,97,-187,-120,-43
-45,-7,-28,105,96,-186,-120,-43
-46,-7,-28,104,95,-186,-120,-42
-46,-4,-28,104,95,-186,-122,-40
-46,-3,-29,104,96,-186,-122,-39
-46,-2,-30,105,97,-186,-123,-39
-45,-2,-30,107,97,-186,-123,-37
-45,0,-30,108,97,-186,-123,-36
-45,0,-28,109,96,-186,-125,-35
-45,2,-27,110,95,-186,-125,-32
-45,4,-27,111,95,-186,-125,-30
-44,7,-28,112,95,-186,-125,-28
-44,10,-28,112,96,-187,-124,-25
-43,13,-28,112,96,-187,-124,-21
-42,15,-28,111,95,-188,-123,-19
-41,18,-27,111,95,-188,-122,-17
-41,21,-26,111,95,-188,-122,-13
-41,25,-25,113,95,-187,-122,-9
-40,27,-24,114,95,-187,-122,-7
-38,30,-24,115,95,-188,-119,-4
-36,33,-23,113,95,-189,-118,1
-35,37,-23,112,95,-191,-115,4
-33,40,-22,112,95,-191,-114,8
-33,44,-23,112,95,-191,-114,12
-32,47,-23,112,95,-191,-113,15
-32,50,-22,112,95,-191,-114,18
-32,52,-21,112,93,-191,-113,20
-31,54,-19,113,93,-191,-112,25
-29,57,-18,114,94,-191,-111,28
-28,60,-18,115,95,-191,-109,31
-27,64,-18,114,95,-191,-108,35
-26,67,-18,114,94,-191,-108,37
-25,69,-18,114,92,-191,-107,41
-23,72,-19,116,91,-191,-104,41
-22,74,-19,117,92,-191,-106,43
-21,77,-19,119,92,-191,-104,46
-19,79,-18,119,92,-191,-103,48
-18,82,-16,118,92,-191,-102,53
-16,85,-15,118,91,-191,-98,57
-15,87,-14,118,91,-191,-97,59
-15,89,-14,117,90,-190,-97,62
-14,91,-14,117,90,-189,-96,63
-13,94,-14,117,90,-189,-95,67
-12,96,-13,119,91,-189,-93,69
-10,99,-12,120,90,-190,-95,72
-9,101,-11,122,90,-191,-93,74
-7,104,-12,122,90,-191,-92,76
-7,108,-11,122,90,-191,-91,84
-7,112,-10,122,90,-191,-91,87
-7,116,-8,123,90,-190,-92,91
-7,119,-7,124,90,-189,-92,95
-7,122,-6,124,90,-189,-92,97
-7,125,-7,124,90,-189,-92,101
-6,127,-7,124,90,-191,-91,103
-5,130,-7,124,90,-191,-90,106
-3,132,-6,125,90,-190,-89,108
-2,135,-4,126,90,-188,-87,114
-1,139,-3,127,90,-187,-90,118
-2,141,-3,128,90,-187,-90,120
-2,143,-3,127,90,-187,-90,122
-1,143,-3,127,90,-188,-89,122
0,144,-3,127,90,-188,-86,123
2,145,-3,127,90,-188,-85,124
3,147,-3,128,90,-187,-85,126
2,149,-3,127,90,-186,-85,128
2,149,-4,126,90,-186,-83,128
3,147,-6,125,90,-186,-83,124
2,145,-6,124,90,-186,-83,122
0,144,-6,125,90,-186,-84,120
0,143,-5,125,90,-186,-85,119
0,142,-6,125,90,-186,-85,118
0,140,-7,125,90,-186,-85,117
0,138,-7,124,90,-186,-86,114
-2,135,-6,123,90,-186,-87,111
-3,131,-6,122,90,-186,-89,109
-3,127,-6,121,90,-186,-86,104
-4,123,-7,119,90,-186,-86,101
-5,120,-8,118,90,-186,-87,96
-7,116,-8,118,90,-186,-90,91
-8,111,-8,119,90,-186,-91,86
-9,106,-8,118,90,-186,-91,81
-10,101,-8,117,90,-186,-90,76
-11,97,-10,115,90,-186,-91,72
-12,92,-10,114,90,-186,-92,67
-13,87,-11,114,90,-186,-92,62
-14,82,-11,114,90,-186,-93,57
-15,77,-12,113,91,-186,-95,52
-18,73,-12,112,91,-186,-97,47
-20,68,-13,112,90,-185,-98,42
-21,64,-14,111,90,-184,-97,37
-22,61,-14,111,89,-184,-98,35
-22,58,-14,111,90,-184,-98,32
-23,54,-14,111,90,-184,-100,28
-25,50,-14,111,90,-184,-101,24
-27,47,-15,110,90,-184,-103,20
-28,45,-16,109,89,-184,-104,15
-28,43,-17,109,89,-182,-104,14
-29,40,-17,108,90,-182,-104,12
-30,39,-17,107,90,-182,-106,9
-31,38,-16,107,90,-183,-107,8
-31,38,-16,107,90,-183,-107,8
-31,38,-16,107,89,-183,-107,10
-32,37,-15,106,90,-183,-106,10
-34,36,-14,105,90,-184,-108,9
-35,35,-12,105,91,-185,-108,8
-36,35,-13,106,91,-186,-109,8
-36,35,-14,105,91,-186,-109,8
-35,35,-14,105,90,-186,-108,8
-35,35,-12,106,89,-186,-108,8
-36,36,-11,107,87,-186,-109,8
-36,36,-12,106,88,-186,-109,8
-36,36,-13,106,89,-186,-109,8
-35,35,-13,105,89,-186,-108,8
-35,35,-13,105,88,-186,-108,8
-36,36,-12,106,87,-186,-109,8
-36,37,-11,107,89,-186,-109,12
-37,39,-11,107,90,-186,-111,14
-38,39,-11,107,91,-186,-112,15
-38,40,-11,107,91,-186,-112,15
-38,40,-11,107,90,-186,-112,15
-38,39,-11,107,90,-186,-112,15
-38,39,-11,107,90,-186,-112,15
-38,39,-11,107,90,-186,-112,15
-38,40,-12,106,90,-186,-112,13
-38,40,-14,105,90,-186,-112,13
-38,39,-15,104,90,-186,-112,13
-37,39,-15,103,90,-186,-111,12
-36,37,-14,103,90,-186,-109,9
-36,35,-15,104,90,-186,-109,8
-36,35,-16,105,90,-186,-109,8
-36,36,-17,106,90,-186,-112,6
-36,36,-18,106,90,-185,-112,7
-35,36,-18,105,90,-186,-108,6
-35,34,-18,104,90,-186,-108,4
-36,32,-18,104,90,-187,-109,2
-36,29,-20,104,90,-187,-109,0
-37,28,-21,104,90,-187,-111,-1
-37,28,-22,104,90,-186,-113,-3
-36,26,-22,104,90,-187,-112,-3
-36,24,-21,104,90,-189,-109,-6
-37,21,-21,104,90,-191,-111,-8
-38,19,-22,104,90,-191,-113,-13
-37,18,-23,105,90,-191,-113,-13
-37,17,-23,106,90,-191,-113,-14
-37,16,-22,105,90,-191,-113,-15
-38,14,-22,104,90,-191,-114,-18
-39,11,-22,103,90,-191,-112,-20
-39,10,-24,101,90,-189,-112,-21
-39,11,-25,101,91,-187,-112,-20
-39,12,-27,102,91,-187,-112,-20
-39,11,-27,102,90,-189,-114,-20
-40,10,-26,102,89,-190,-113,-23
-41,7,-25,101,89,-190,-114,-24
-42,6,-25,101,88,-189,-114,-25
-43,7,-26,102,88,-189,-115,-25
-43,8,-27,102,88,-190,-118,-24
-42,10,-26,102,88,-191,-114,-23
-42,10,-26,101,89,-191,-114,-21
-42,10,-25,101,90,-191,-115,-23
-42,9,-25,101,90,-191,-114,-23
-41,10,-24,102,90,-191,-113,-21
-39,13,-23,103,90,-191,-112,-19
-37,16,-22,104,90,-191,-113,-13
-37,18,-21,104,90,-191,-109,-12
-37,20,-22,104,90,-191,-111,-9
-38,21,-21,104,90,-192,-111,-7
-37,24,-21,105,91,-192,-113,-4
-36,28,-20,105,90,-192,-112,-1
-34,33,-19,106,88,-193,-109,3
-32,37,-19,106,87,-194,-108,7
-32,41,-18,108,86,-195,-108,12
-30,46,-17,109,88,-196,-106,17
-28,51,-16,109,90,-196,-103,21
-25,57,-14,110,90,-195,-102,31
-23,64,-11,109,89,-195,-100,37
-21,71,-9,110,86,-195,-98,47
-19,78,-7,111,85,-195,-96,54
-18,84,-5,112,86,-195,-95,62
-16,90,-4,114,87,-195,-93,70
-15,97,-3,115,87,-195,-92,76
-13,103,-2,117,87,-195,-93,83
-11,110,-2,118,86,-195,-91,90
-8,117,-1,118,86,-195,-89,97
-7,124,0,119,86,-195,-87,104
-7,131,0,121,87,-195,-87,112
-6,138,2,122,88,-195,-89,119
-5,145,3,123,88,-195,-89,126
-4,151,3,122,87,-195,-87,131
-3,155,3,122,85,-195,-86,140
-1,160,3,123,85,-195,-85,141
0,164,3,126,85,-195,-83,146
1,168,3,127,85,-195,-85,150
1,171,5,127,85,-195,-85,156
0,173,7,126,85,-195,-84,158
0,176,7,125,85,-195,-83,161
1,178,6,125,85,-195,-83,162
3,179,5,125,85,-196,-80,163
3,179,5,124,86,-195,-80,163
1,178,5,124,87,-194,-81,163
0,176,5,125,89,-193,-83,161
0,173,5,126,89,-192,-84,158
0,170,3,126,89,-192,-84,152
0,166,3,125,87,-192,-83,148
0,161,1,124,86,-191,-83,142
0,154,0,123,85,-192,-84,136
-2,148,0,124,85,-192,-85,129
-4,141,-1,123,86,-192,-87,120
-6,134,-2,122,87,-191,-90,113
-7,126,-3,120,88,-191,-90,104
-8,118,-4,119,88,-190,-91,96
-10,111,-7,118,88,-191,-92,89
-11,104,-8,116,86,-191,-91,79
-13,96,-10,115,86,-190,-92,70
-15,87,-10,114,85,-190,-95,62
-16,78,-10,113,85,-190,-93,52
-18,69,-10,112,85,-190,-95,43
-20,60,-13,111,85,-190,-96,34
-22,52,-14,108,86,-190,-98,25
-24,44,-15,106,87,-191,-97,18
-25,36,-15,104,87,-191,-98,9
-26,28,-14,103,87,-191,-100,2
-28,22,-16,103,86,-190,-100,-4
-31,16,-18,101,85,-190,-101,-10
-32,11,-18,101,85,-190,-102,-18
-33,7,-19,101,85,-190,-103,-21
-33,3,-18,101,86,-190,-103,-26
-34,0,-18,101,86,-190,-103,-30
-35,-3,-19,100,85,-190,-106,-32
-37,-4,-21,98,85,-190,-107,-35
-39,-5,-22,97,85,-190,-109,-35
-41,-5,-23,98,85,-190,-111,-36
-42,-6,-25,100,85,-190,-114,-39
-44,-7,-25,101,85,-190,-117,-40
-45,-8,-25,101,85,-190,-117,-41
-45,-8,-25,101,85,-190,-118,-41
-46,-7,-25,101,85,-190,-118,-40
-46,-5,-25,101,85,-190,-119,-39
-47,-3,-25,101,85,-190,-119,-36
-46,-1,-25,101,85,-190,-119,-34
-46,1,-25,101,85,-191,-119,-31
-46,3,-25,101,85,-191,-119,-29
-47,5,-25,101,85,-190,-119,-26
-47,7,-25,101,85,-190,-120,-25
-47,9,-24,102,85,-190,-120,-23
-46,11,-23,103,85,-192,-119,-21
-46,13,-22,104,85,-194,-122,-17
-45,15,-21,104,85,-195,-120,-14
-44,18,-21,104,85,-196,-118,-12
-44,21,-22,104,85,-195,-118,-8
-44,24,-23,105,85,-195,-120,-8
-43,26,-24,107,85,-195,-118,-6
-40,27,-25,108,85,-195,-119,-4
-39,28,-25,108,85,-195,-117,-3
-38,30,-24,107,85,-195,-114,-1
-38,33,-23,105,85,-195,-113,1
-37,34,-23,105,85,-195,-113,2
-36,36,-23,105,85,-195,-112,3
-34,36,-21,106,85,-195,-109,4
-33,38,-19,107,85,-195,-109,8
-33,40,-18,107,85,-195,-109,10
-32,43,-17,107,85,-195,-108,13
-31,45,-18,108,85,-195,-107,17
-30,48,-19,109,85,-195,-106,19
-28,50,-21,110,85,-195,-107,19
-28,53,-20,110,85,-196,-107,21
-27,54,-18,110,85,-197,-106,25
-27,57,-15,110,85,-197,-103,28
-26,59,-14,111,85,-197,-103,32
-25,61,-15,112,85,-197,-104,32
-25,63,-17,113,85,-197,-103,35
-25,65,-17,113,85,-198,-103,37
-25,67,-17,113,85,-198,-103,39
-24,69,-16,114,85,-197,-103,41
-24,71,-16,115,85,-195,-106,42
-23,74,-15,117,85,-195,-104,45
-22,75,-15,117,85,-195,-104,47
-21,78,-15,116,85,-196,-103,50
-20,81,-15,116,85,-197,-102,53
-19,85,-15,117,85,-197,-101,57
-19,87,-14,117,85,-196,-101,59
-19,88,-14,118,85,-196,-101,61
-18,89,-14,118,85,-196,-101,61
-17,90,-14,117,85,-197,-100,62
-16,92,-14,118,85,-197,-98,64
-15,94,-15,119,85,-196,-100,67
-14,96,-16,120,85,-196,-98,68
-14,97,-17,121,85,-196,-98,67
-14,99,-17,121,85,-197,-100,68
-15,100,-16,120,85,-198,-100,73
-14,102,-17,120,85,-198,-100,74
-13,104,-17,121,85,-198,-98,74
-12,104,-16,122,85,-198,-98,74
-11,104,-15,123,84,-197,-98,76
-10,104,-15,123,83,-196,-97,76
-10,105,-15,123,84,-196,-97,78
-9,105,-15,123,85,-196,-96,78
-8,106,-14,124,85,-197,-95,78
-7,106,-14,125,85,-197,-95,79
-7,106,-14,125,85,-197,-95,79
-8,107,-13,124,85,-196,-95,79
-7,106,-11,122,85,-195,-92,79
-6,105,-11,121,85,-195,-91,80
-5,104,-10,121,85,-195,-90,79
-4,104,-10,121,85,-195,-89,79
-3,105,-11,121,85,-195,-87,80
-3,106,-11,121,85,-195,-87,81
-3,108,-10,121,85,-195,-87,83
-3,108,-10,121,84,-195,-87,84
-3,109,-10,121,83,-195,-87,84
-3,109,-10,121,84,-195,-87,84
-3,108,-10,121,84,-195,-87,84
-3,108,-10,121,84,-195,-87,84
-4,108,-10,121,84,-195,-89,83
-6,107,-10,121,83,-195,-91,81
-7,106,-10,121,83,-195,-92,81
-8,106,-10,121,83,-195,-92,81
-7,106,-10,122,84,-195,-92,81
-7,106,-9,122,85,-195,-92,81
-7,106,-8,123,85,-195,-91,81
-7,106,-9,122,85,-195,-91,81
-8,108,-10,122,85,-195,-93,83
-10,109,-10,121,85,-195,-96,84
-13,109,-10,121,85,-195,-97,84
-13,107,-10,121,85,-195,-98,83
-12,105,-10,121,84,-195,-97,80
-12,104,-10,121,83,-195,-96,79
-13,103,-10,121,82,-195,-97,78
-15,102,-10,121,82,-195,-100,78
-16,102,-10,121,82,-195,-101,76
-15,100,-10,121,82,-195,-100,75
-14,98,-10,121,82,-195,-100,73
-15,97,-10,121,81,-195,-100,72
-16,96,-12,120,80,-195,-101,70
-18,95,-13,119,80,-195,-100,67
-19,93,-14,118,80,-195,-101,65
-19,90,-13,118,80,-195,-101,63
-19,87,-13,119,80,-195,-101,59
-19,85,-13,119,80,-195,-101,57
-21,82,-13,118,80,-195,-103,54
-22,79,-14,117,80,-195,-104,51
-22,75,-15,117,80,-195,-104,47
-22,72,-15,116,80,-195,-104,43
-22,70,-16,115,80,-195,-104,41
-24,67,-17,115,80,-195,-106,39
-25,64,-18,114,80,-195,-106,35
-25,60,-18,114,80,-195,-106,31
-25,56,-18,114,80,-195,-106,28
-25,54,-18,114,80,-195,-106,25
-25,51,-19,113,80,-195,-107,21
-26,47,-20,112,80,-195,-104,15
-27,44,-21,111,80,-195,-106,12
-28,41,-22,111,80,-195,-106,9
-28,39,-21,111,80,-195,-107,8
-29,37,-21,111,80,-195,-107,6
-29,35,-21,110,80,-195,-108,3
-30,31,-20,109,80,-195,-108,2
-30,29,-19,109,80,-195,-108,0
-31,27,-20,109,80,-195,-109,-2
-32,25,-21,109,80,-195,-111,-6
-33,24,-23,108,80,-195,-111,-8
-33,22,-24,106,80,-195,-109,-9
-33,21,-24,106,80,-195,-108,-10
-33,20,-23,106,80,-195,-108,-12
-32,20,-23,106,80,-195,-108,-12
-32,19,-23,106,80,-195,-108,-12
-32,19,-23,106,80,-195,-107,-13
-32,19,-22,105,80,-195,-108,-13
-32,19,-22,104,80,-195,-108,-9
-33,21,-21,104,80,-195,-106,-8
-32,22,-21,104,80,-195,-106,-7
-32,25,-22,104,80,-195,-107,-4
-31,27,-22,104,80,-195,-104,-4
-30,29,-22,104,80,-195,-106,0
-29,32,-20,105,80,-195,-106,2
-28,35,-19,106,80,-195,-104,6
-28,39,-18,107,79,-195,-103,10
-27,43,-18,108,78,-195,-103,14
-27,47,-18,108,77,-195,-103,18
-26,52,-17,108,76,-195,-102,23
-25,57,-16,109,75,-195,-102,29
-23,64,-14,111,75,-195,-100,39
-21,70,-13,112,75,-196,-101,45
-20,76,-13,112,75,-196,-100,50
-19,81,-13,112,75,-195,-98,56
-19,87,-11,113,75,-195,-98,62
-17,93,-10,115,75,-196,-97,68
-14,99,-8,116,75,-198,-95,76
-11,104,-7,117,75,-198,-91,81
-9,110,-7,117,77,-197,-90,89
-9,116,-7,117,79,-195,-89,93
-9,122,-6,118,79,-195,-90,101
-8,128,-5,119,79,-195,-91,106
-6,133,-3,120,77,-195,-89,112
-3,138,-3,121,76,-195,-86,117
-1,143,-2,122,75,-195,-84,122
0,147,-1,122,75,-196,-83,126
1,151,-1,123,75,-196,-81,133
2,155,0,123,75,-196,-80,136
4,159,0,123,77,-197,-79,140
5,162,0,124,79,-197,-78,144
5,165,0,125,79,-196,-78,147
7,168,2,126,77,-195,-79,150
8,171,3,127,76,-195,-78,153
10,173,3,127,76,-195,-75,156
10,176,3,127,77,-195,-75,158
9,177,3,127,77,-195,-76,159
9,177,3,127,76,-195,-76,158
9,177,3,127,75,-195,-76,159
10,177,3,127,75,-195,-75,159
12,178,3,127,75,-195,-73,161
14,180,3,127,75,-195,-72,162
14,180,3,127,75,-195,-72,162
12,178,3,127,75,-195,-73,161
11,176,3,127,75,-195,-74,158
10,174,2,127,75,-195,-75,156
11,173,3,127,75,-195,-74,155
12,172,3,126,75,-193,-72,155
12,171,5,124,75,-191,-70,156
12,169,6,123,75,-190,-72,153
11,167,7,123,75,-189,-69,151
10,166,6,123,75,-190,-70,151
9,165,6,123,75,-190,-74,150
9,164,5,123,75,-190,-72,148
8,162,5,122,75,-190,-72,146
7,160,4,121,75,-190,-73,144
6,158,3,121,75,-190,-74,142
5,156,3,120,75,-190,-75,140
5,154,2,120,75,-190,-75,139
5,152,2,120,75,-190,-75,136
6,152,2,120,75,-190,-74,136
6,152,3,120,76,-189,-74,136
6,153,3,120,76,-188,-74,137
5,153,2,120,76,-187,-75,137
4,152,2,120,76,-186,-75,136
3,150,2,120,76,-186,-76,134
3,147,2,120,76,-186,-76,131
3,146,2,120,76,-187,-76,130
3,145,2,120,76,-186,-76,129
3,146,3,120,76,-185,-76,130
3,146,2,120,76,-185,-76,130
4,147,1,121,76,-184,-76,128
3,146,0,123,76,-185,-79,128
3,144,0,123,76,-185,-79,125
2,141,0,124,76,-185,-80,123
2,140,0,124,76,-185,-80,120
1,139,0,123,76,-185,-81,120
1,139,0,123,76,-185,-81,120
1,137,0,123,76,-185,-81,119
0,135,0,123,76,-184,-81,115
1,133,0,124,76,-183,-81,114
2,132,-1,125,76,-182,-83,111
2,131,-2,127,76,-181,-83,109
1,131,-3,127,76,-181,-85,109
1,130,-4,127,76,-181,-86,108
2,129,-6,125,76,-180,-83,104
3,127,-7,124,76,-180,-81,102
3,124,-7,124,76,-180,-81,100
2,122,-7,124,76,-180,-83,98
0,122,-7,124,76,-180,-84,97
-1,121,-7,124,76,-180,-86,97
-2,120,-7,123,76,-180,-87,96
-2,119,-8,123,76,-180,-87,93
-2,116,-9,122,76,-180,-87,92
-2,115,-10,122,76,-180,-87,90
-4,113,-10,121,75,-180,-89,89
-7,112,-11,121,75,-180,-91,87
-8,110,-11,122,75,-180,-92,83
-8,108,-12,124,76,-180,-96,81
-9,105,-14,125,75,-180,-96,78
-10,102,-15,124,73,-180,-97,75
-13,99,-17,122,73,-180,-101,69
-15,97,-17,122,74,-180,-102,67
-16,94,-17,121,76,-180,-100,64
-16,92,-17,120,77,-180,-101,64
-17,89,-17,119,76,-179,-101,61
-18,85,-19,118,75,-178,-102,54
-19,81,-20,118,73,-178,-103,51
-21,77,-21,118,74,-178,-104,46
-21,73,-22,117,75,-179,-106,42
-22,69,-23,115,75,-179,-106,35
-23,64,-24,115,73,-178,-104,30
-24,59,-25,115,72,-178,-106,25
-24,53,-25,115,72,-177,-106,19
-25,46,-25,114,74,-178,-106,12
-27,40,-27,112,75,-179,-107,6
-29,35,-28,111,74,-180,-111,0
-33,30,-29,110,73,-179,-113,-4
-35,24,-30,110,72,-177,-115,-9
-37,18,-30,109,72,-176,-118,-19
-39,11,-31,109,72,-176,-119,-25
-41,4,-31,108,72,-177,-120,-32
-43,-1,-32,108,72,-177,-123,-40
-45,-8,-33,107,72,-177,-123,-46
-47,-15,-34,106,72,-176,-124,-53
-49,-21,-34,104,72,-175,-125,-59
-49,-27,-34,103,72,-175,-126,-65
-50,-32,-34,102,72,-175,-124,-72
-50,-39,-35,100,72,-175,-124,-78
-52,-45,-37,99,72,-175,-126,-85
-54,-51,-39,98,72,-175,-128,-91
-56,-57,-39,97,72,-175,-126,-98
-57,-62,-40,95,72,-175,-128,-102
-57,-67,-40,94,72,-175,-129,-107
-58,-72,-39,94,72,-175,-129,-112
-59,-77,-39,95,72,-175,-130,-117
-59,-82,-39,95,72,-176,-130,-123
-59,-86,-39,94,72,-177,-130,-126
-60,-90,-40,94,72,-178,-130,-133
-60,-92,-42,92,72,-179,-130,-135
-60,-93,-43,92,71,-179,-128,-136
-59,-93,-43,91,70,-180,-128,-136
-59,-93,-43,91,70,-180,-128,-136
-59,-93,-42,90,70,-180,-128,-136
-60,-93,-42,90,69,-180,-128,-136
-60,-92,-42,90,68,-180,-128,-135
-60,-90,-42,90,67,-179,-128,-133
-59,-87,-41,90,66,-179,-126,-128
-57,-85,-39,90,66,-181,-125,-125
-57,-81,-39,91,67,-183,-125,-122
-57,-75,-38,93,66,-184,-125,-115
-56,-69,-37,93,66,-185,-124,-109
-54,-62,-36,93,66,-184,-123,-102
-52,-56,-34,93,66,-184,-120,-92
-50,-50,-32,94,66,-184,-119,-86
-48,-43,-31,95,66,-184,-117,-79
-47,-35,-30,97,66,-184,-119,-72
-46,-26,-28,99,66,-184,-118,-61
-43,-17,-26,100,66,-184,-115,-51
-41,-7,-25,101,66,-186,-114,-40
-39,1,-24,102,66,-187,-112,-30
-38,10,-23,103,66,-188,-111,-21
-37,19,-21,105,66,-188,-113,-10
-36,28,-19,107,66,-188,-112,-1
-33,38,-17,108,66,-188,-109,9
-32,49,-15,110,66,-188,-108,19
-31,58,-15,110,66,-187,-107,31
-29,67,-14,111,66,-188,-106,41
-26,76,-13,112,66,-189,-106,51
-23,84,-12,112,66,-189,-103,58
-21,91,-11,114,66,-189,-101,65
-19,98,-10,115,66,-189,-100,73
-18,105,-8,116,66,-189,-98,83
-16,112,-7,118,66,-189,-96,90
-14,119,-5,119,66,-189,-97,97
-11,125,-5,119,66,-189,-95,102
-9,130,-4,119,65,-189,-92,108
-7,134,-4,120,64,-189,-90,112
-7,138,-3,120,63,-189,-90,117
-6,142,-2,122,63,-189,-89,120
-5,145,-1,123,63,-189,-89,124
-3,147,0,123,64,-189,-86,129
-1,148,0,123,65,-189,-85,130
0,150,0,122,65,-189,-83,131
3,151,0,123,65,-189,-80,133
5,152,0,123,64,-189,-78,134
6,152,0,123,64,-189,-76,134
6,152,0,122,65,-189,-76,134
5,152,1,122,66,-189,-78,134
5,153,2,121,67,-189,-75,135
7,153,2,120,65,-189,-73,137
9,153,2,120,64,-189,-70,137
11,152,2,120,63,-189,-68,136
12,151,2,120,63,-189,-68,135
12,151,2,120,64,-189,-68,135
12,150,2,120,64,-190,-68,135
12,149,2,120,63,-189,-68,134
13,149,2,120,63,-188,-67,134
14,150,2,120,64,-186,-65,135
15,152,3,120,65,-184,-64,136
16,153,3,121,64,-184,-64,137
17,153,4,121,61,-184,-63,137
18,154,5,122,61,-184,-62,139
19,155,5,122,61,-184,-61,140
19,158,6,123,61,-184,-61,142
18,161,7,124,61,-184,-64,145
18,163,7,124,61,-184,-64,148
18,167,7,125,61,-184,-64,152
18,170,8,125,61,-184,-64,156
18,174,9,126,61,-184,-65,159
18,178,10,126,63,-184,-64,166
19,182,10,126,64,-184,-64,170
19,186,10,126,65,-184,-64,174
19,190,10,126,65,-184,-64,178
19,193,11,127,65,-184,-64,181
19,197,12,129,66,-184,-64,185
19,201,13,130,66,-184,-64,189
20,205,14,130,66,-184,-64,194
21,209,13,130,66,-184,-65,197
23,213,13,130,66,-184,-61,202
24,217,13,130,66,-184,-59,206
25,220,13,130,66,-184,-59,208
25,223,14,131,66,-184,-62,211
25,226,16,133,66,-184,-62,214
25,228,16,134,66,-184,-62,217
26,230,16,135,66,-183,-61,219
28,231,16,134,66,-182,-59,220
29,232,15,133,66,-183,-58,220
29,232,14,133,66,-184,-57,222
29,232,14,134,66,-184,-59,220
29,231,14,136,66,-183,-59,219
29,228,14,137,66,-181,-59,217
28,226,15,136,66,-179,-61,214
28,224,14,135,66,-179,-61,213
28,222,12,134,66,-179,-61,211
28,219,10,133,66,-179,-61,206
28,217,10,133,66,-179,-58,203
28,213,12,131,66,-180,-58,202
29,209,14,130,66,-180,-54,197
29,204,14,130,66,-179,-54,192
28,200,11,130,67,-178,-58,189
26,196,8,130,67,-176,-59,181
25,191,7,130,67,-175,-61,177
25,186,7,129,67,-174,-61,170
25,180,7,129,67,-175,-59,166
25,175,8,129,67,-175,-61,161
23,172,7,130,67,-175,-62,157
21,168,6,130,67,-175,-64,153
19,164,5,129,67,-175,-65,146
19,160,4,128,67,-175,-65,142
19,156,3,127,67,-174,-65,139
18,153,3,127,67,-173,-67,135
16,151,3,127,67,-172,-69,133
14,148,2,126,67,-172,-72,129
12,145,0,125,67,-173,-70,126
11,142,0,123,67,-173,-72,124
10,140,0,123,67,-172,-72,122
9,138,0,124,67,-170,-73,119
9,137,0,124,67,-169,-73,119
8,137,-1,122,67,-169,-74,118
8,137,-3,121,67,-170,-74,115
7,137,-3,121,67,-170,-75,115
7,137,-3,121,67,-170,-75,115
7,136,-2,122,67,-170,-75,115
7,136,-2,122,67,-170,-75,114
7,137,-3,121,67,-170,-75,115
7,138,-3,120,67,-170,-75,117
6,140,-3,120,67,-169,-75,119
6,141,-4,121,67,-166,-75,120
6,142,-4,122,67,-165,-76,120
5,143,-6,123,67,-165,-79,119
4,144,-7,124,67,-165,-81,120
3,145,-7,124,67,-165,-81,122
4,146,-7,124,67,-165,-80,123
5,147,-7,124,67,-165,-80,123
5,148,-7,124,67,-165,-80,124
3,149,-7,124,67,-165,-81,125
2,151,-7,124,67,-165,-83,126
0,151,-7,124,67,-165,-85,126
1,150,-7,124,68,-165,-84,126
2,149,-7,123,67,-165,-83,125
3,148,-8,123,67,-165,-81,124
4,146,-9,122,68,-165,-81,123
3,144,-10,122,68,-164,-81,120
2,141,-10,121,68,-163,-83,117
1,138,-11,121,67,-163,-84,114
0,134,-10,121,66,-162,-84,111
0,131,-9,120,66,-162,-83,107
-1,128,-8,119,66,-161,-84,103
-2,124,-7,117,66,-162,-81,102
-2,120,-8,116,64,-162,-83,98
-3,116,-10,115,63,-162,-84,91
-4,112,-11,114,64,-161,-84,87
-6,107,-11,114,65,-160,-86,83
-7,101,-11,114,66,-160,-86,76
-7,97,-12,113,65,-160,-86,73
-7,93,-13,112,64,-160,-86,68
-7,89,-14,111,63,-160,-84,64
-9,86,-15,110,63,-160,-85,61
-10,81,-14,111,63,-160,-87,56
-11,76,-14,111,63,-160,-87,51
-12,71,-14,111,63,-160,-89,45
-12,66,-16,109,63,-160,-89,37
-13,63,-17,109,63,-160,-89,35
-14,60,-17,108,63,-160,-90,31
-14,57,-17,108,63,-160,-90,29
-14,54,-17,108,63,-160,-90,25
-15,52,-18,108,63,-160,-91,24
-16,51,-18,107,63,-160,-92,23
-16,51,-18,107,63,-160,-92,23
-15,50,-18,107,63,-160,-91,21
-15,48,-18,108,63,-160,-91,19
-16,48,-18,108,63,-160,-92,19
-19,48,-18,107,63,-160,-95,19
-19,50,-18,108,63,-160,-96,20
-18,50,-18,108,63,-160,-95,21
-17,51,-18,108,63,-160,-92,23
-16,53,-18,107,63,-160,-92,24
-18,54,-18,106,63,-160,-93,25
-20,56,-17,106,63,-160,-93,28
-21,59,-16,108,63,-160,-97,30
-21,61,-15,109,63,-160,-97,35
-20,65,-15,111,63,-160,-96,39
-18,68,-14,111,63,-160,-95,42
-18,71,-14,111,63,-160,-97,46
-18,74,-14,111,63,-160,-95,48
-18,77,-13,112,63,-160,-97,51
-17,80,-13,112,63,-160,-96,54
-16,85,-13,112,63,-160,-96,59
-16,89,-12,112,63,-160,-96,63
-16,93,-11,113,63,-160,-96,68
-17,96,-10,114,63,-160,-97,70
-17,99,-10,115,63,-160,-96,74
-15,102,-8,116,63,-160,-95,78
-13,105,-7,117,63,-160,-93,83
-12,107,-7,117,63,-160,-92,85
-11,111,-7,117,63,-160,-91,89
-11,114,-7,117,63,-160,-91,92
-11,117,-7,117,63,-160,-91,95
-11,119,-6,118,63,-161,-91,97
-10,121,-4,119,63,-162,-92,98
-9,122,-3,120,63,-161,-91,101
-7,124,-3,121,63,-160,-90,102
-7,126,-3,120,63,-160,-90,104
-8,128,-3,120,63,-160,-91,106
-8,128,-3,120,63,-160,-91,107
-8,128,-3,120,63,-160,-91,106
-7,129,-3,120,63,-160,-90,107
-5,130,-3,120,63,-160,-87,108
-4,130,-3,120,63,-160,-86,108
-3,131,-3,120,63,-160,-86,109
-4,131,-3,120,63,-160,-86,109
-4,130,-3,121,63,-160,-86,108
-3,129,-3,120,63,-160,-86,107
-2,127,-5,119,63,-160,-85,106
-1,126,-6,119,63,-160,-84,104
-1,126,-6,118,63,-160,-81,104
-1,126,-6,118,63,-160,-84,104
-1,126,-6,118,63,-160,-81,104
-1,127,-7,117,63,-160,-81,106
-1,126,-7,117,62,-160,-81,104
-2,124,-7,117,61,-159,-83,102
-3,122,-7,117,61,-159,-83,100
-3,119,-6,118,62,-160,-84,97
-3,118,-6,119,62,-160,-85,96
-2,116,-6,118,61,-159,-83,95
-3,115,-7,117,60,-158,-83,93
-3,113,-7,117,60,-158,-84,91
-4,112,-7,117,61,-158,-84,90
-4,110,-7,117,63,-158,-84,87
-4,108,-7,117,62,-157,-84,86
-6,107,-7,117,61,-156,-85,85
-7,104,-7,117,60,-156,-87,83
-9,102,-7,117,61,-156,-89,79
-10,98,-8,116,62,-155,-90,75
-11,94,-10,115,63,-155,-90,69
-12,91,-11,114,61,-155,-91,65
-13,88,-11,114,60,-155,-92,63
-14,86,-10,114,60,-155,-93,61
-16,83,-10,114,61,-155,-95,58
-17,81,-12,113,62,-155,-96,56
-19,76,-13,112,62,-155,-98,51
-20,72,-14,111,61,-155,-97,46
-21,67,-14,111,61,-155,-97,41
-22,62,-14,111,61,-156,-98,36
-24,58,-15,110,62,-157,-101,29
-25,54,-17,108,62,-156,-101,25
-25,50,-18,108,61,-155,-102,21
-26,46,-18,107,60,-155,-102,17
-27,40,-19,106,58,-155,-103,12
-28,36,-20,105,58,-155,-104,6
-29,31,-22,104,58,-155,-106,2
-30,27,-22,104,58,-155,-106,-4
-29,24,-22,104,58,-156,-102,-4
-28,21,-21,103,58,-157,-101,-7
-27,19,-19,102,58,-157,-100,-9
-27,16,-19,101,58,-157,-97,-13
-28,14,-18,100,58,-157,-98,-13
-28,12,-17,99,58,-158,-98,-14
-28,11,-16,98,58,-159,-96,-15
-27,12,-16,98,58,-160,-95,-14
-25,13,-17,98,58,-160,-92,-13
-24,14,-17,99,58,-159,-93,-12
-22,15,-17,99,58,-159,-92,-12
-22,17,-15,99,58,-159,-90,-9
-21,20,-13,99,58,-159,-89,-3
-19,26,-12,100,58,-159,-87,2
-17,32,-11,100,58,-159,-85,8
-15,39,-10,101,58,-159,-86,15
-14,46,-9,103,58,-159,-85,23
-12,54,-7,104,58,-159,-84,32
-10,61,-5,106,58,-159,-81,41
-8,70,-4,107,58,-159,-80,50
-6,80,-3,108,58,-159,-78,61
-5,91,-2,109,58,-159,-79,72
-3,103,0,111,58,-160,-79,85
-2,114,1,112,59,-160,-78,97
-1,126,2,113,60,-159,-76,109
0,139,3,114,61,-159,-74,123
3,151,5,117,60,-159,-75,135
5,164,7,120,59,-160,-75,151
7,176,9,122,59,-161,-73,163
9,187,11,123,60,-162,-72,175
10,198,13,123,60,-161,-70,186
13,208,13,125,60,-160,-69,196
15,219,13,128,61,-160,-69,207
18,229,14,130,62,-161,-67,218
19,240,16,133,62,-162,-68,229
22,249,17,133,62,-161,-65,240
25,257,18,134,61,-160,-63,250
27,265,19,135,61,-160,-61,257
29,271,21,136,62,-161,-59,263
29,277,22,137,63,-162,-61,269
30,281,23,139,63,-161,-61,275
32,284,24,140,62,-160,-58,279
33,286,24,140,61,-159,-57,279
35,287,23,141,61,-159,-56,280
35,287,23,141,61,-159,-56,280
35,286,23,141,62,-160,-56,279
35,283,22,140,63,-160,-56,277
35,280,21,138,63,-160,-56,272
35,275,21,137,63,-160,-52,267
35,270,21,136,63,-160,-53,263
34,264,19,136,63,-160,-53,256
32,258,17,135,63,-160,-56,250
30,250,16,135,63,-160,-57,239
29,242,15,133,63,-160,-57,230
28,233,14,131,63,-159,-58,222
27,224,13,129,63,-158,-57,213
25,215,11,127,63,-157,-58,203
23,205,9,126,63,-156,-61,191
21,194,7,124,63,-157,-63,179
19,182,5,122,63,-156,-62,167
17,170,4,121,63,-155,-63,155
14,159,3,120,63,-155,-65,144
12,148,1,119,63,-155,-68,130
10,138,0,117,63,-155,-70,120
8,128,-3,115,63,-155,-69,109
6,118,-5,112,63,-155,-70,96
3,107,-6,110,63,-155,-70,85
0,96,-8,108,63,-155,-74,74
-3,86,-9,107,63,-155,-78,63
-7,76,-10,106,63,-155,-81,53
-10,67,-9,104,63,-154,-81,45
-13,59,-9,102,63,-153,-85,35
-16,51,-10,101,63,-152,-85,28
-18,44,-11,101,63,-152,-87,20
-21,38,-12,100,63,-152,-89,14
-23,31,-13,99,63,-153,-91,7
-26,24,-14,98,63,-154,-93,0
-28,19,-15,97,63,-155,-96,-7
-30,14,-15,97,63,-155,-98,-13
-32,9,-15,97,63,-155,-101,-18
-35,4,-15,97,63,-155,-103,-23
-37,1,-15,97,63,-155,-104,-26
-39,-1,-16,96,63,-155,-107,-29
-40,-3,-17,96,63,-155,-108,-31
-42,-6,-16,96,63,-155,-109,-34
-44,-7,-15,97,63,-155,-112,-35
-45,-8,-14,96,63,-155,-112,-34
-45,-8,-14,95,63,-155,-111,-34
-45,-7,-16,94,63,-155,-111,-35
-45,-8,-16,95,63,-155,-112,-36
-45,-8,-16,97,63,-155,-112,-36
-45,-8,-15,97,63,-155,-113,-36
-46,-7,-15,97,63,-155,-113,-35
-45,-4,-15,97,63,-155,-113,-32
-44,-2,-16,96,63,-155,-112,-30
-43,0,-17,95,63,-155,-111,-28
-41,3,-16,96,63,-155,-109,-24
-40,7,-15,97,63,-155,-108,-20
-40,10,-15,97,63,-155,-108,-17
-40,15,-15,97,63,-157,-108,-12
-39,18,-15,97,63,-158,-107,-8
-38,22,-15,97,63,-158,-106,-4
-37,25,-15,97,63,-157,-104,-1
-36,28,-14,98,63,-157,-104,1
-34,30,-12,99,63,-158,-103,6
-33,33,-11,100,63,-160,-101,9
-31,38,-11,101,63,-160,-100,13
-30,42,-12,101,63,-159,-101,18
-29,46,-14,103,63,-158,-100,20
-28,50,-15,104,63,-158,-101,23
-27,52,-15,104,63,-158,-101,26
-26,56,-15,104,63,-159,-100,29
-25,59,-14,104,63,-159,-98,32
-24,63,-12,106,63,-159,-97,36
-22,66,-11,107,63,-159,-96,40
-22,69,-11,108,63,-158,-96,46
-22,72,-11,107,64,-158,-97,48
-23,74,-11,107,64,-159,-97,51
-23,77,-11,107,65,-160,-97,51
-22,79,-12,108,64,-160,-97,53
-22,82,-13,110,63,-159,-100,56
-22,83,-13,112,63,-159,-102,57
-22,86,-12,113,63,-158,-102,61
-21,87,-11,114,63,-157,-101,62
-18,89,-10,114,64,-156,-98,63
-17,90,-10,114,65,-155,-96,64
-16,92,-11,114,65,-155,-96,67
-17,94,-11,114,64,-155,-97,69
-18,95,-11,114,63,-155,-98,70
-18,95,-10,114,63,-155,-97,70
-17,94,-11,114,65,-155,-97,69
-16,92,-11,114,65,-155,-96,67
-17,90,-11,114,65,-155,-96,64
-18,89,-10,114,63,-155,-97,63
-20,88,-10,114,63,-155,-100,63
-20,87,-11,114,64,-155,-100,62
-19,85,-12,113,65,-155,-98,59
-19,82,-13,112,66,-155,-98,56
-20,78,-14,111,65,-155,-97,52
-20,75,-15,110,64,-155,-97,50
-20,72,-14,111,63,-155,-97,47
-21,70,-14,111,63,-155,-97,45
-21,67,-14,111,63,-155,-97,41
-22,63,-14,111,63,-155,-98,37
-24,59,-14,111,63,-155,-101,34
-26,56,-16,109,64,-153,-103,28
-28,52,-17,108,63,-152,-104,23
-29,48,-18,108,63,-151,-106,19
-31,44,-18,107,63,-152,-107,14
-32,39,-18,107,63,-153,-108,9
-33,35,-19,106,63,-153,-109,6
-34,30,-20,105,63,-151,-111,0
-35,25,-22,104,63,-150,-108,-4
-36,20,-23,103,63,-150,-109,-12
-38,16,-24,102,63,-150,-111,-15
-39,11,-25,101,63,-151,-112,-20
-41,5,-25,101,63,-152,-114,-28
-43,-1,-25,101,63,-151,-115,-35
-45,-8,-26,100,64,-151,-117,-41
-46,-12,-27,99,63,-150,-119,-46
-48,-16,-29,98,63,-150,-120,-52
-49,-21,-31,97,63,-150,-120,-57
-49,-26,-34,98,64,-150,-122,-65
-50,-32,-36,98,64,-150,-122,-72
-50,-39,-36,98,63,-150,-124,-78
-53,-44,-36,98,62,-150,-124,-83
-56,-49,-37,97,61,-150,-128,-89
-57,-54,-38,96,60,-150,-129,-93
-58,-59,-39,95,59,-150,-129,-98
-58,-65,-40,94,59,-150,-130,-104
-59,-69,-40,94,60,-150,-130,-112
-61,-74,-42,93,61,-150,-131,-117
-62,-78,-44,93,61,-150,-133,-122
-64,-83,-46,92,61,-150,-134,-125
-65,-87,-46,90,60,-150,-133,-133
-66,-90,-46,88,58,-150,-134,-133
-67,-93,-47,88,59,-150,-135,-136
-67,-97,-47,89,60,-150,-135,-142
-68,-100,-49,91,61,-150,-139,-146
-70,-103,-49,91,60,-150,-140,-148
-71,-105,-50,90,59,-150,-141,-152
-72,-108,-50,88,58,-150,-140,-153
-73,-110,-51,88,58,-150,-140,-156
-74,-112,-51,88,58,-150,-141,-158
-75,-113,-50,87,59,-150,-142,-159
-76,-114,-50,86,59,-150,-144,-161
-76,-114,-49,86,58,-151,-144,-161
-76,-114,-49,86,58,-152,-144,-161
-76,-113,-50,87,58,-153,-144,-159
-76,-114,-51,87,59,-154,-144,-161
-76,-114,-52,86,58,-154,-144,-161
-76,-113,-51,85,58,-155,-144,-159
-77,-112,-49,86,57,-155,-145,-158
-78,-111,-48,87,56,-154,-146,-157
-79,-109,-46,88,55,-155,-146,-153
-78,-108,-47,88,54,-155,-146,-152
-76,-106,-47,88,54,-154,-145,-150
-76,-104,-46,88,55,-154,-144,-148
-76,-103,-46,89,55,-154,-144,-147
-77,-101,-45,90,55,-156,-145,-145
-76,-97,-44,90,54,-158,-145,-140
-75,-93,-44,91,53,-159,-144,-136
-73,-88,-43,91,53,-160,-141,-131
-72,-85,-43,91,53,-159,-140,-128
-71,-82,-42,93,53,-159,-142,-125
-71,-78,-40,94,53,-159,-142,-120
-71,-73,-39,94,53,-159,-142,-114
-69,-69,-39,94,53,-159,-141,-109
-67,-65,-39,95,53,-159,-139,-106
-65,-62,-38,96,53,-159,-136,-102
-64,-57,-37,97,53,-159,-136,-97
-63,-53,-36,98,53,-159,-135,-92
-62,-48,-35,99,53,-161,-134,-87
-61,-44,-35,99,53,-163,-133,-84
-59,-39,-35,99,53,-164,-131,-79
-57,-35,-35,99,53,-165,-129,-74
-55,-31,-34,99,53,-164,-129,-70
-53,-27,-33,100,53,-164,-128,-65
-52,-23,-32,101,52,-164,-126,-59
-50,-18,-32,101,51,-164,-124,-54
-48,-13,-33,101,51,-164,-123,-52
-46,-8,-32,101,51,-164,-122,-43
-45,-4,-30,101,50,-164,-120,-40
-44,-1,-27,101,49,-164,-117,-34
-44,2,-25,101,49,-164,-117,-30
-43,5,-26,101,49,-165,-115,-26
-42,10,-27,102,50,-165,-115,-23
-40,14,-27,103,49,-166,-115,-18
-39,17,-27,105,48,-166,-114,-17
-37,20,-26,107,48,-166,-114,-12
-36,24,-25,108,48,-167,-114,-8
-35,28,-25,108,48,-167,-113,-3
-35,31,-24,108,48,-168,-113,-1
-34,32,-24,108,48,-169,-112,1
-33,35,-24,108,48,-168,-112,2
-32,37,-24,108,48,-167,-111,6
-31,40,-23,109,48,-167,-109,8
-30,43,-23,110,48,-167,-108,10
-29,44,-21,111,48,-168,-107,12
-28,46,-21,111,47,-169,-107,14
-27,47,-21,110,47,-169,-106,15
-26,49,-20,109,47,-169,-104,20
-25,52,-19,108,47,-169,-102,23
-25,54,-19,108,47,-169,-101,25
-25,56,-19,108,47,-169,-102,28
-25,57,-20,109,47,-169,-104,29
-24,58,-20,109,47,-169,-103,30
-22,59,-18,110,47,-169,-101,30
-21,60,-16,111,47,-169,-100,31
-21,61,-15,111,47,-169,-97,35
-22,63,-14,111,48,-169,-98,37
-23,64,-14,111,47,-169,-100,37
-24,65,-15,111,47,-169,-100,39
-24,64,-15,111,47,-169,-100,39
-24,64,-15,111,48,-169,-100,37
-23,64,-14,111,48,-169,-100,39
-22,65,-14,111,47,-169,-98,39
-20,66,-14,111,46,-168,-97,40
-20,68,-14,111,45,-168,-96,42
-20,70,-14,111,44,-168,-97,43
-21,71,-14,111,45,-168,-98,45
-22,71,-14,111,46,-168,-98,46
-22,71,-14,111,45,-168,-98,45
-21,71,-14,111,45,-168,-98,45
-20,72,-14,111,44,-168,-97,46
-18,72,-14,111,45,-168,-95,46
-17,73,-14,111,46,-168,-93,47
-18,75,-14,111,47,-169,-95,48
-19,76,-14,111,47,-169,-96,51
-18,78,-14,111,46,-168,-95,52
-16,79,-15,110,45,-168,-93,53
-14,81,-14,111,43,-168,-91,56
-12,83,-13,112,43,-168,-91,57
-12,85,-12,113,43,-168,-91,59
-13,87,-11,114,43,-168,-92,62
-13,89,-10,114,43,-168,-92,63
-12,90,-10,114,43,-168,-91,65
-11,93,-11,114,43,-168,-91,68
-10,95,-11,114,43,-168,-90,70
-10,97,-11,114,43,-168,-90,73
-9,99,-11,114,43,-168,-89,74
-9,102,-10,114,43,-168,-89,78
-8,104,-10,114,43,-168,-87,80
-7,106,-11,114,43,-168,-87,81
-7,107,-11,114,43,-168,-87,81
-8,108,-11,113,43,-168,-87,83
-9,109,-10,113,43,-168,-89,84
-9,110,-8,113,43,-168,-86,87
-10,111,-7,115,43,-168,-90,89
-10,112,-7,117,43,-168,-91,90
-11,113,-7,118,43,-168,-91,91
-11,113,-7,117,43,-168,-91,91
-10,112,-7,117,43,-168,-91,90
-10,111,-7,117,43,-168,-90,89
-9,110,-7,117,43,-168,-89,87
-10,110,-6,116,43,-168,-90,89
-11,110,-6,115,43,-168,-91,87
-13,109,-6,115,43,-168,-92,86
-13,107,-6,116,43,-168,-93,85
-13,105,-5,115,43,-168,-92,83
-13,102,-5,115,43,-168,-90,80
-12,99,-5,113,43,-168,-90,76
-13,96,-7,111,43,-168,-90,74
-13,93,-7,110,43,-168,-90,70
-14,90,-8,110,43,-168,-91,68
-15,87,-8,110,43,-168,-92,64
-15,84,-7,111,43,-168,-92,61
-15,80,-7,110,43,-168,-91,57
-14,75,-9,109,43,-168,-89,52
-15,70,-10,108,43,-169,-90,47
-17,66,-11,107,43,-169,-91,43
-18,63,-11,107,43,-168,-91,37
-18,60,-12,107,43,-167,-91,34
-19,56,-12,106,43,-166,-92,30
-20,51,-12,104,43,-167,-91,25
-21,47,-12,101,43,-168,-92,24
-22,44,-13,101,43,-169,-93,20
-23,41,-15,101,43,-169,-95,14
-24,37,-17,101,43,-169,-95,10
-24,35,-19,101,43,-168,-95,6
-24,32,-19,100,43,-166,-95,3
-25,30,-18,100,43,-165,-96,1
-27,27,-18,101,43,-165,-97,0
-28,24,-18,101,43,-167,-98,-4
-28,23,-19,101,43,-169,-100,-6
-29,22,-19,100,43,-169,-100,-6
-30,22,-19,98,43,-167,-101,-7
-31,20,-19,97,43,-166,-98,-9
-31,18,-20,97,43,-166,-100,-10
-31,17,-21,97,43,-166,-102,-12
-31,17,-22,97,43,-166,-102,-12
-32,18,-22,97,43,-165,-102,-10
-32,19,-22,97,43,-164,-102,-9
-33,20,-22,97,43,-163,-103,-9
-33,20,-21,98,43,-163,-103,-8
-33,21,-20,100,43,-163,-104,-7
-33,24,-18,100,43,-164,-103,-6
-32,26,-18,101,43,-165,-103,0
-32,28,-18,101,43,-165,-102,1
-31,30,-19,101,43,-166,-102,1
-30,32,-20,101,43,-168,-103,3
-30,35,-19,102,43,-169,-103,6
-29,37,-18,103,43,-168,-103,8
-28,40,-17,104,43,-167,-102,10
-28,44,-17,106,43,-165,-101,14
-27,48,-18,107,43,-165,-103,19
-26,52,-18,108,43,-166,-102,23
-25,56,-17,108,43,-168,-102,28
-25,59,-15,110,43,-169,-102,30
-24,63,-14,111,43,-169,-101,36
-23,66,-14,111,43,-169,-100,40
-22,69,-14,111,43,-168,-98,43
-21,73,-14,111,43,-167,-97,47
-21,77,-13,112,43,-166,-100,51
-20,81,-12,113,43,-167,-100,56
-19,85,-11,115,43,-168,-98,59
-18,88,-10,114,43,-169,-97,62
-17,90,-10,113,43,-169,-93,64
-15,92,-9,111,43,-168,-92,69
-14,95,-8,110,43,-168,-91,73
-13,99,-6,111,42,-168,-91,76
-12,102,-5,113,41,-168,-90,80
-11,106,-4,114,42,-168,-89,84
-10,109,-4,114,43,-168,-87,89
-9,112,-4,114,43,-168,-87,92
-8,116,-4,113,43,-168,-86,96
-7,119,-4,113,42,-168,-85,100
-6,122,-4,113,41,-168,-84,100
-6,124,-4,114,42,-168,-84,104
-5,126,-3,115,43,-168,-83,107
-4,128,-1,116,43,-168,-83,109
-3,130,0,117,43,-168,-84,112
-3,133,0,117,42,-168,-84,113
-3,135,0,117,41,-168,-84,115
-2,137,-1,117,42,-168,-83,118
-1,139,0,117,42,-168,-81,120
0,143,0,118,42,-168,-80,124
3,145,2,118,41,-168,-78,129
3,146,3,119,42,-168,-76,130
3,148,4,119,43,-168,-76,131
2,149,3,120,43,-168,-78,133
3,151,2,120,42,-168,-78,135
4,152,2,120,40,-168,-76,136
5,153,2,120,39,-168,-75,137
6,152,2,120,40,-168,-74,136
6,152,2,120,39,-168,-74,136
7,153,2,120,38,-168,-73,137
8,154,3,119,38,-168,-72,139
10,155,4,118,38,-168,-68,139
10,155,4,118,39,-168,-68,139
10,155,3,119,41,-168,-70,139
10,155,3,119,42,-167,-70,139
10,155,3,120,42,-166,-70,139
8,155,3,119,41,-167,-72,139
7,153,3,119,41,-166,-73,137
6,151,3,119,41,-165,-74,135
7,150,3,120,42,-163,-73,134
8,148,2,120,42,-163,-72,133
8,147,2,120,42,-163,-72,130
8,145,3,120,42,-163,-72,129
7,142,2,120,42,-163,-73,126
7,140,1,119,42,-163,-73,122
6,138,0,118,42,-163,-74,119
5,136,0,117,42,-163,-74,117
4,133,0,117,42,-163,-75,114
4,132,0,117,43,-163,-75,113
4,130,0,117,43,-163,-75,111
4,128,-1,116,43,-163,-73,109
3,125,-3,115,43,-164,-73,106
2,122,-4,113,43,-164,-74,103
2,119,-4,113,43,-163,-75,97
1,115,-4,113,43,-162,-75,96
1,113,-4,114,43,-162,-75,93
0,111,-4,114,43,-161,-76,89
0,109,-5,113,43,-160,-76,87
0,107,-5,110,43,-159,-75,85
-1,104,-5,108,43,-159,-75,85
-1,102,-6,108,43,-159,-76,83
-2,99,-6,109,43,-159,-76,78
-2,97,-7,111,43,-159,-79,75
-2,94,-8,111,43,-159,-79,72
-3,91,-7,111,43,-159,-80,69
-5,89,-6,109,43,-159,-79,67
-6,86,-5,108,43,-159,-80,67
-7,85,-5,108,43,-159,-81,64
-7,84,-6,109,43,-159,-81,61
-8,83,-7,110,43,-159,-85,61
-10,83,-8,111,43,-159,-86,61
-11,83,-8,110,43,-159,-87,61
-11,82,-7,110,43,-159,-87,59
-12,80,-7,110,43,-159,-89,57
-12,77,-7,111,43,-159,-89,54
-13,76,-8,110,43,-159,-90,53
-13,75,-7,110,43,-159,-90,52
-13,75,-7,109,43,-159,-86,52
-13,75,-6,109,43,-159,-87,52
-13,76,-6,110,43,-159,-87,53
-14,76,-7,110,43,-159,-91,53
-15,76,-9,110,43,-159,-92,53
-16,75,-10,108,43,-159,-90,52
-17,74,-11,107,43,-157,-91,51
-18,74,-11,107,43,-156,-92,48
-18,75,-11,107,43,-156,-92,52
-18,74,-11,107,43,-156,-92,51
-17,74,-11,107,43,-157,-91,51
-17,73,-11,107,43,-159,-91,51
-17,73,-11,107,43,-159,-91,47
-18,72,-11,107,43,-159,-92,47
-20,71,-11,107,43,-159,-95,48
-21,71,-11,107,43,-159,-96,47
-22,71,-11,108,43,-159,-96,47
-21,71,-12,108,43,-159,-98,45
-20,70,-14,108,43,-159,-97,43
-20,68,-16,108,43,-159,-96,42
-21,65,-16,107,43,-159,-97,37
-21,63,-16,108,43,-159,-97,35
-21,61,-17,108,43,-159,-97,32
-21,60,-18,108,43,-159,-98,31
-22,59,-18,108,43,-159,-98,30
-23,57,-18,107,43,-159,-100,29
-23,55,-18,107,43,-159,-100,26
-23,52,-18,108,43,-158,-98,23
-23,49,-18,108,43,-157,-98,20
-24,48,-18,107,43,-157,-100,19
-25,47,-18,107,43,-157,-101,18
-25,46,-18,107,43,-158,-101,17
-26,45,-18,108,43,-159,-102,15
-26,42,-18,107,43,-159,-102,13
-26,40,-18,107,43,-159,-102,10
-27,39,-18,107,43,-159,-103,10
-28,39,-18,108,43,-159,-104,10
-30,39,-18,108,43,-159,-106,9
-31,37,-18,107,43,-159,-107,8
-31,36,-19,107,43,-159,-107,7
-31,36,-19,106,43,-159,-107,7
-31,37,-18,106,43,-160,-107,7
-30,38,-17,106,43,-161,-103,8
-30,38,-16,105,43,-160,-103,10
-29,37,-15,105,43,-159,-102,10
-28,36,-15,104,43,-158,-102,9
-28,36,-15,104,42,-158,-102,9
-28,38,-15,104,41,-159,-102,12
-28,41,-14,104,42,-160,-101,14
-27,44,-15,104,43,-160,-101,18
-26,46,-15,104,44,-160,-100,20
-25,48,-14,104,44,-161,-100,21
-25,50,-14,104,43,-162,-98,24
-24,52,-15,104,42,-162,-98,26
-24,54,-15,103,42,-162,-97,28
-23,57,-14,104,42,-162,-97,31
-23,60,-14,104,43,-162,-97,34
-22,64,-12,106,42,-163,-96,37
-21,67,-11,107,42,-162,-95,43
-19,70,-11,107,42,-160,-93,47
-18,74,-11,107,43,-160,-92,51
-16,79,-11,107,43,-162,-91,56
-16,83,-10,108,43,-163,-90,61
-15,87,-10,108,43,-162,-90,64
-14,90,-9,109,43,-162,-89,68
-12,94,-8,109,43,-162,-86,72
-10,99,-7,110,43,-163,-87,76
-10,103,-6,112,43,-162,-87,80
-9,107,-5,113,43,-162,-86,85
-8,110,-4,114,43,-161,-86,91
-7,113,-4,114,43,-161,-85,93
-6,116,-4,113,42,-160,-84,97
-4,119,-4,113,41,-161,-83,100
-3,122,-3,115,42,-162,-81,102
-2,126,-1,116,43,-163,-80,107
-1,130,0,117,43,-162,-81,111
-1,133,0,117,43,-160,-81,113
-1,134,0,117,43,-159,-81,115
-1,136,-1,116,44,-158,-79,117
0,137,0,117,43,-159,-81,118
0,139,0,118,42,-159,-80,120
1,141,2,119,41,-159,-79,122
0,142,2,120,40,-158,-79,126
0,144,1,119,41,-158,-80,125
0,144,0,118,43,-159,-81,125
0,144,0,118,43,-159,-81,125
0,144,0,118,42,-158,-80,125
0,144,0,118,40,-158,-80,125
0,144,0,117,40,-158,-81,125
-1,143,0,117,41,-158,-81,124
-3,142,0,117,42,-158,-84,123
-3,140,0,117,42,-158,-84,122
-4,137,0,117,41,-158,-85,118
-5,136,-1,116,41,-158,-83,117
-5,133,-3,115,41,-158,-83,114
-5,130,-4,114,41,-158,-84,111
-6,125,-4,114,41,-158,-84,106
-7,120,-4,113,40,-158,-85,101
-9,116,-5,113,39,-158,-86,95
-10,112,-7,111,38,-158,-87,90
-10,109,-7,111,39,-158,-87,86
-11,104,-8,110,40,-158,-89,81
-12,98,-7,110,40,-158,-90,75
-13,92,-8,108,40,-158,-87,69
-14,87,-8,106,39,-158,-89,64
-15,83,-9,105,39,-158,-87,61
-17,79,-10,105,39,-158,-91,56
-18,73,-10,106,39,-158,-92,51
-18,67,-10,106,39,-158,-92,43
-18,61,-10,104,39,-158,-89,39
-18,56,-10,101,39,-158,-89,32
-18,52,-11,100,39,-158,-87,29
-20,48,-12,100,39,-158,-89,24
-21,43,-13,99,39,-158,-90,19
-22,39,-14,98,39,-158,-91,15
-23,35,-15,97,39,-158,-91,8
-24,32,-15,97,38,-159,-92,4
-25,30,-15,97,38,-159,-93,3
-26,29,-15,97,39,-158,-95,3
-27,29,-15,97,39,-157,-95,2
-27,27,-15,97,39,-156,-95,1
-28,25,-16,97,39,-157,-96,-1
-28,22,-16,98,39,-158,-96,-3
-28,22,-17,98,38,-159,-96,-4
-29,23,-16,98,38,-159,-97,-3
-29,24,-15,97,39,-158,-97,-2
-30,25,-15,97,39,-158,-98,-1
-29,27,-15,97,39,-158,-97,1
-29,30,-15,97,39,-158,-97,3
-28,32,-16,97,39,-158,-96,6
-28,35,-15,97,39,-158,-96,8
-28,39,-14,98,39,-158,-96,14
-28,41,-12,99,39,-158,-96,17
-27,44,-11,100,39,-158,-96,20
-27,47,-11,100,39,-158,-96,24
-26,51,-11,100,39,-158,-95,28
-25,56,-10,101,39,-158,-96,32
-23,61,-9,102,39,-158,-95,37
-22,65,-8,103,39,-158,-93,42
-21,71,-7,104,38,-159,-92,50
-20,75,-7,104,38,-159,-92,52
-19,80,-6,105,39,-158,-91,59
-19,84,-6,105,39,-157,-91,64
-18,87,-5,106,39,-156,-90,67
-17,90,-5,106,39,-155,-89,69
-15,93,-4,107,39,-155,-87,73
-14,97,-3,108,39,-154,-86,78
-12,102,-2,109,39,-153,-87,83
-11,106,-1,110,39,-153,-86,86
-9,109,0,110,39,-153,-84,90
-7,112,0,111,39,-153,-83,95
-4,115,1,112,39,-154,-80,98
-3,119,2,113,39,-155,-79,103
-2,124,2,113,39,-155,-78,108
-1,128,2,113,39,-155,-76,112
0,131,3,114,39,-154,-75,114
1,133,4,115,39,-153,-76,117
2,136,6,116,39,-153,-75,119
3,139,6,117,39,-153,-74,125
4,142,6,116,39,-154,-73,129
5,145,5,116,39,-154,-72,129
7,148,6,116,39,-153,-70,131
8,150,6,117,39,-153,-69,137
9,154,7,117,39,-153,-69,141
10,159,7,118,39,-153,-68,146
10,162,7,117,39,-153,-68,150
10,165,7,118,39,-153,-68,152
10,168,8,119,39,-153,-68,155
10,170,9,119,39,-153,-68,158
12,174,10,120,39,-153,-65,161
14,178,10,120,39,-153,-64,166
15,182,9,119,39,-153,-63,169
15,186,9,119,38,-153,-63,173
15,189,10,121,39,-153,-63,178
17,192,12,122,40,-154,-64,180
19,195,13,123,42,-154,-62,183
20,198,13,124,44,-153,-61,189
20,201,14,124,44,-153,-61,191
21,204,14,124,44,-152,-61,195
21,207,14,124,44,-151,-59,197
22,211,13,123,44,-150,-59,202
23,213,12,124,44,-149,-58,202
21,215,10,126,44,-149,-62,203
21,216,10,126,44,-149,-63,205
21,216,10,127,43,-149,-63,205
21,217,10,127,43,-149,-63,206
20,217,10,126,42,-148,-64,206
20,218,10,126,43,-149,-64,206
20,218,9,127,43,-149,-63,203
20,217,10,126,44,-149,-64,206
20,216,10,126,44,-149,-64,205
19,213,10,127,44,-148,-65,202
17,210,8,128,44,-148,-67,196
15,206,7,128,44,-147,-72,192
13,202,5,128,44,-148,-73,187
12,199,4,126,44,-147,-72,181
12,195,3,123,44,-146,-72,178
11,190,3,122,44,-144,-69,173
11,183,2,120,44,-144,-70,168
10,176,2,120,44,-144,-70,161
9,168,2,120,44,-144,-72,152
7,159,2,119,44,-144,-73,141
5,150,0,118,44,-144,-75,131
3,141,-1,116,44,-144,-74,123
1,132,-3,115,44,-144,-76,113
0,123,-4,113,44,-144,-78,104
-3,115,-5,112,44,-144,-80,92
-5,105,-6,112,44,-144,-83,84
-7,95,-7,110,44,-144,-84,73
-9,86,-9,109,44,-144,-83,63
-12,76,-10,108,44,-144,-86,53
-15,66,-11,107,44,-144,-89,43
-18,56,-12,106,44,-144,-91,30
-19,46,-15,104,44,-144,-92,20
-20,38,-17,101,44,-144,-91,12
-23,29,-18,100,44,-142,-93,1
-26,21,-18,100,44,-142,-96,-7
-29,14,-18,100,44,-143,-100,-15
-32,7,-19,100,44,-143,-102,-21
-34,1,-21,98,44,-143,-104,-28
-34,-4,-22,97,44,-141,-104,-34
-34,-10,-23,96,44,-140,-104,-40
-36,-15,-25,95,44,-141,-102,-46
-38,-19,-25,94,45,-142,-104,-50
-41,-23,-25,94,44,-142,-108,-57
-42,-27,-26,94,44,-140,-109,-61
-42,-30,-27,93,44,-139,-109,-64
-43,-32,-28,92,45,-139,-109,-65
-44,-33,-28,92,45,-139,-111,-67
-45,-34,-27,93,44,-139,-112,-68
-47,-35,-26,94,43,-139,-113,-68
-47,-35,-25,94,41,-139,-114,-68
-48,-34,-25,94,41,-139,-115,-68
-48,-32,-25,93,42,-140,-115,-63
-48,-29,-26,94,43,-141,-114,-63
-47,-27,-26,95,43,-140,-117,-61
-47,-24,-28,97,43,-141,-117,-58
-48,-21,-29,97,42,-142,-120,-58
-48,-19,-29,98,40,-143,-120,-53
-48,-16,-27,98,40,-144,-118,-50
-46,-13,-25,98,41,-144,-117,-46
-46,-8,-24,99,43,-144,-118,-41
-45,-4,-24,100,43,-144,-118,-37
-45,0,-24,100,41,-144,-118,-34
-44,2,-25,100,39,-144,-117,-30
-43,5,-25,100,39,-144,-115,-26
-42,9,-25,101,39,-144,-115,-23
-42,14,-25,102,39,-144,-114,-18
-41,18,-23,103,39,-144,-114,-14
-41,21,-22,104,39,-144,-114,-8
-41,25,-21,104,39,-144,-117,-4
-40,27,-21,104,39,-144,-114,-2
-40,29,-22,104,39,-145,-113,0
-39,31,-22,104,39,-145,-112,2
-38,34,-22,104,39,-145,-112,4
-37,36,-21,104,39,-146,-111,7
-37,38,-22,104,39,-147,-111,9
-38,39,-22,104,39,-148,-112,10
-38,40,-22,104,39,-148,-112,10
-37,40,-22,104,39,-147,-111,10
-36,40,-22,104,39,-147,-111,10
-36,40,-22,104,39,-148,-109,10
-36,40,-22,104,39,-147,-111,10
-37,40,-21,104,39,-147,-111,10
-38,40,-22,104,39,-147,-112,10
-38,39,-22,104,39,-148,-112,9
-38,38,-22,104,39,-149,-112,8
-39,36,-21,104,39,-149,-113,7
-40,33,-21,104,39,-148,-117,3
-41,30,-22,104,39,-148,-114,1
-41,27,-23,103,39,-148,-114,-4
-40,24,-24,102,39,-148,-113,-8
-40,20,-25,101,39,-148,-113,-12
-40,17,-25,101,39,-148,-113,-14
-42,14,-25,101,38,-148,-115,-18
-43,9,-25,101,36,-148,-117,-23
-45,4,-25,101,36,-148,-118,-28
-46,0,-26,100,37,-148,-118,-32
-46,-3,-28,98,38,-148,-119,-36
-46,-7,-29,97,38,-148,-119,-40
-47,-11,-29,97,38,-148,-117,-45
-48,-15,-29,97,37,-148,-120,-48
-48,-19,-29,98,38,-149,-120,-52
-49,-23,-29,98,39,-149,-122,-57
-50,-27,-30,97,38,-148,-119,-63
-50,-31,-31,94,36,-148,-120,-68
-51,-35,-31,93,34,-148,-120,-72
-51,-37,-31,92,34,-150,-118,-74
-51,-38,-30,91,34,-151,-118,-73
-51,-38,-29,91,34,-152,-118,-73
-50,-39,-29,91,34,-151,-117,-73
-50,-39,-29,91,34,-152,-117,-73
-49,-40,-29,91,34,-153,-115,-74
-50,-40,-29,91,34,-153,-117,-74
-50,-39,-30,90,34,-153,-117,-73
-51,-37,-29,91,34,-153,-118,-72
-51,-35,-28,92,34,-153,-118,-69
-50,-31,-27,93,34,-153,-118,-65
-49,-28,-25,94,34,-153,-115,-62
-48,-25,-25,94,34,-153,-115,-56
-47,-21,-26,94,34,-153,-114,-54
-46,-18,-26,93,34,-153,-113,-52
-45,-14,-25,94,34,-153,-113,-47
-45,-8,-24,95,34,-153,-113,-39
-44,-2,-23,96,34,-153,-114,-32
-44,3,-22,97,34,-153,-114,-26
-43,8,-21,97,34,-153,-113,-21
-41,14,-21,98,34,-153,-112,-15
-39,19,-20,99,34,-154,-111,-10
-39,24,-19,100,34,-155,-109,-4
-37,29,-18,101,34,-156,-108,2
-36,35,-17,101,34,-157,-107,8
-35,41,-16,103,34,-158,-108,14
-34,47,-15,104,33,-158,-108,20
-34,53,-14,104,33,-158,-108,26
-33,58,-15,104,34,-158,-107,31
-31,61,-15,104,34,-158,-106,35
-30,64,-15,103,34,-158,-104,39
-30,68,-14,104,34,-158,-104,42
-29,72,-14,105,34,-158,-103,46
-28,77,-13,107,34,-158,-103,51
-27,79,-12,108,34,-158,-104,53
-26,79,-12,109,34,-158,-103,53
-26,80,-12,109,34,-158,-103,54
-26,80,-12,108,34,-158,-103,54
-26,81,-12,108,34,-158,-101,56
-24,82,-11,107,34,-158,-98,57
-22,82,-11,107,34,-158,-96,59
-21,82,-12,108,34,-158,-96,57
-21,81,-13,109,34,-158,-98,56
-23,80,-13,109,34,-158,-100,54
-23,77,-13,109,34,-158,-100,52
-24,75,-12,108,34,-158,-98,50
-23,74,-11,107,34,-158,-97,48
-22,72,-11,107,34,-158,-96,48
-22,69,-11,107,34,-158,-96,46
-22,66,-12,107,34,-158,-96,40
-22,63,-12,108,34,-158,-96,37
-22,61,-12,109,34,-158,-98,35
-22,59,-12,108,34,-158,-98,32
-23,57,-12,107,33,-158,-96,31
-24,55,-12,106,32,-158,-97,29
-25,52,-13,106,32,-158,-98,26
-25,50,-13,105,32,-158,-100,24
-25,48,-14,104,33,-158,-98,21
-25,47,-15,104,34,-158,-98,20
-25,46,-15,104,34,-158,-98,20
-26,46,-15,104,34,-158,-100,19
-28,45,-14,104,34,-158,-101,19
-28,45,-14,104,34,-158,-102,19
-27,46,-14,104,34,-158,-101,19
-26,46,-15,104,34,-158,-100,19
-26,46,-15,104,34,-158,-100,19
-26,46,-14,104,34,-158,-100,19
-26,46,-14,104,34,-158,-100,20
-26,48,-14,104,33,-158,-100,21
-26,50,-15,104,32,-158,-100,23
-26,52,-15,104,32,-158,-100,25
-25,54,-14,104,32,-158,-98,28
-25,56,-14,104,33,-158,-98,30
-26,59,-14,105,33,-158,-100,32
-27,61,-13,106,33,-158,-101,35
-27,64,-12,107,32,-158,-101,37
-27,66,-11,107,32,-158,-101,42
-26,69,-11,107,33,-159,-100,46
-25,71,-11,107,34,-160,-100,45
-24,73,-12,108,34,-161,-98,47
-24,75,-13,109,33,-160,-101,48
-24,75,-13,109,33,-159,-101,50
-24,77,-13,109,34,-158,-101,51
-24,79,-13,109,34,-158,-101,53
-24,80,-13,108,33,-158,-101,54
-24,81,-13,109,32,-158,-101,56
-24,81,-13,110,32,-159,-101,56
-25,80,-14,111,32,-161,-102,54
-25,78,-15,111,32,-162,-102,52
-24,76,-16,110,32,-163,-101,48
-24,75,-17,108,32,-163,-101,47
-25,74,-18,108,33,-163,-102,46
-26,72,-18,107,34,-163,-103,43
-27,69,-18,107,34,-163,-104,41
-28,66,-18,107,33,-163,-104,37
-29,61,-19,107,33,-163,-106,32
-30,56,-19,106,34,-163,-107,28
-32,52,-20,105,34,-163,-108,23
-33,48,-21,105,33,-163,-109,19
-33,44,-21,104,32,-163,-107,15
-34,40,-22,104,32,-162,-107,10
-35,35,-23,103,32,-162,-108,3
-37,29,-24,102,33,-161,-111,-2
-39,22,-25,101,34,-160,-112,-9
-41,15,-25,101,34,-159,-114,-17
-43,9,-26,100,34,-160,-117,-23
-46,2,-28,99,34,-161,-118,-30
-47,-3,-29,98,33,-163,-120,-36
-48,-10,-30,96,32,-163,-118,-46
-48,-15,-31,94,30,-163,-118,-51
-49,-21,-31,93,29,-162,-119,-57
-50,-27,-32,93,28,-162,-120,-63
-53,-34,-32,93,28,-162,-122,-70
-55,-41,-31,91,29,-162,-122,-75
-57,-48,-32,89,29,-162,-122,-83
-59,-54,-32,88,29,-162,-123,-91
-60,-59,-34,88,28,-162,-126,-96
-61,-63,-36,89,28,-163,-128,-101
-63,-67,-38,88,28,-163,-129,-107
-64,-71,-39,87,28,-162,-130,-112
-65,-76,-39,87,28,-162,-131,-117
-65,-80,-39,88,28,-162,-131,-120
-66,-83,-40,88,28,-164,-131,-124
-67,-86,-41,87,28,-166,-133,-126
-69,-90,-42,85,28,-167,-135,-130
-70,-92,-43,85,28,-166,-136,-133
-71,-93,-44,84,28,-166,-136,-136
-70,-94,-43,84,28,-166,-136,-137
-70,-95,-43,85,28,-167,-135,-136
-69,-95,-43,85,28,-168,-135,-136
-69,-96,-43,84,28,-168,-135,-139
-69,-96,-43,84,28,-167,-135,-139
-70,-95,-43,85,28,-167,-135,-136
-71,-94,-43,85,28,-168,-136,-135
-71,-92,-43,84,28,-167,-136,-135
-71,-90,-44,84,28,-167,-136,-134
-70,-88,-43,85,28,-167,-135,-129
-69,-86,-42,85,28,-169,-135,-126
-68,-83,-41,87,28,-171,-134,-124
-68,-80,-39,88,28,-172,-135,-120
-68,-75,-39,88,27,-173,-134,-115
-67,-71,-40,88,26,-172,-134,-112
-66,-68,-40,88,26,-172,-133,-108
-65,-65,-39,89,27,-172,-131,-104
-64,-61,-37,90,26,-172,-130,-101
-63,-58,-36,91,25,-172,-133,-96
-63,-55,-36,91,24,-173,-131,-92
-62,-50,-36,91,25,-176,-131,-87
-61,-46,-35,92,25,-177,-130,-84
-60,-42,-33,93,24,-177,-129,-79
-59,-37,-32,94,23,-177,-128,-74
-58,-34,-32,94,23,-177,-128,-70
-58,-30,-32,95,23,-177,-128,-67
-57,-26,-32,96,23,-177,-126,-63
-55,-23,-30,97,23,-177,-125,-59
-54,-20,-28,97,23,-178,-123,-53
-52,-17,-26,95,22,-180,-122,-51
-51,-14,-26,94,22,-182,-118,-47
-50,-11,-25,93,22,-182,-118,-42
-50,-9,-26,93,22,-182,-118,-42
-49,-6,-26,94,22,-182,-117,-40
-47,-3,-25,95,22,-182,-115,-34
-46,0,-23,96,22,-182,-117,-30
-45,2,-22,97,22,-182,-115,-28
-44,4,-21,97,22,-182,-114,-25
-43,5,-22,97,22,-183,-113,-24
-41,8,-22,97,22,-184,-112,-21
-40,10,-22,97,22,-185,-111,-19
-39,13,-21,98,22,-186,-109,-15
-37,16,-20,100,22,-186,-108,-13
-36,18,-19,101,22,-187,-107,-10
-34,21,-18,101,22,-187,-104,-4
-31,25,-18,99,22,-187,-102,-1
-30,28,-16,98,22,-187,-98,2
-29,32,-15,98,22,-187,-97,4
-29,36,-14,100,22,-187,-97,9
-28,39,-13,101,22,-187,-100,15
-27,43,-12,104,22,-187,-98,19
-25,48,-11,105,22,-187,-100,24
-23,53,-10,105,22,-187,-97,30
-21,57,-9,105,22,-187,-92,34
-20,62,-8,106,22,-187,-91,39
-19,67,-7,108,22,-187,-93,43
-19,72,-7,110,22,-187,-96,50
-18,78,-8,111,22,-187,-95,54
-17,83,-7,111,22,-187,-93,59
-15,87,-7,111,22,-187,-92,64
-14,92,-5,113,22,-187,-91,69
-13,97,-4,113,22,-187,-91,78
-13,103,-4,114,22,-187,-90,83
-12,108,-4,114,22,-187,-90,87
-11,112,-3,115,22,-187,-89,92
-10,116,-1,116,22,-187,-87,96
-7,121,0,117,22,-187,-87,102
-5,126,0,117,22,-187,-86,106
-4,129,0,117,22,-187,-84,111
-3,132,0,117,22,-187,-84,113
-2,135,0,117,22,-187,-83,115
-3,138,0,117,22,-187,-84,119
-3,140,0,117,22,-187,-84,122
-3,142,0,117,22,-187,-84,123
-1,143,0,117,22,-187,-83,124
0,144,0,117,22,-187,-80,125
0,144,0,117,22,-187,-80,125
0,144,0,117,22,-187,-80,125
0,144,0,117,22,-187,-81,125
0,144,0,117,22,-187,-80,125
0,144,0,117,22,-187,-80,125
0,142,0,117,22,-187,-81,123
-1,139,0,117,22,-187,-81,120
-2,137,0,117,22,-187,-83,118
-3,135,0,117,22,-187,-84,115
-3,132,0,117,22,-187,-84,113
-4,129,-1,116,22,-187,-83,109
-4,124,-3,115,22,-187,-83,106
-4,121,-4,113,22,-187,-81,101
-4,117,-4,113,22,-185,-81,98
-5,114,-4,114,22,-183,-83,95
-7,111,-4,114,22,-182,-85,91
-9,107,-5,113,22,-181,-86,85
-11,102,-7,111,22,-182,-89,80
-12,98,-7,110,22,-182,-90,75
-13,94,-7,110,22,-182,-90,72
-14,90,-7,110,22,-182,-91,67
-14,86,-7,110,22,-182,-91,63
-16,81,-8,109,22,-182,-90,58
-18,77,-10,108,22,-182,-92,53
-19,73,-11,107,22,-182,-93,50
-20,71,-11,107,22,-182,-93,45
-20,67,-12,106,22,-182,-93,41
-20,65,-14,105,22,-182,-93,39
-20,62,-15,104,22,-182,-95,36
-21,60,-15,104,22,-182,-95,34
-21,57,-15,104,22,-182,-95,31
-22,55,-14,103,22,-182,-93,29
-23,53,-12,101,22,-182,-95,30
-25,52,-12,100,22,-182,-93,29
-26,52,-12,99,22,-182,-95,28
-25,50,-13,99,22,-182,-93,26
-24,49,-14,98,22,-182,-93,25
-24,47,-15,97,22,-182,-92,21
-25,46,-15,97,22,-182,-93,20
-25,46,-14,97,22,-182,-93,20
-24,47,-14,98,22,-182,-92,24
-22,48,-13,99,22,-182,-91,24
-21,49,-12,99,22,-182,-89,25
-19,50,-12,100,22,-182,-87,26
-18,52,-12,101,22,-182,-90,29
-18,54,-11,100,22,-182,-87,30
-18,56,-11,99,22,-182,-87,32
-18,58,-10,98,22,-182,-87,35
-18,60,-8,98,22,-182,-86,39
-17,62,-7,100,22,-182,-85,41
-16,65,-6,102,22,-182,-85,43
-16,68,-6,102,22,-182,-85,47
-15,72,-7,102,22,-182,-84,52
-15,76,-7,102,22,-182,-84,56
-14,79,-7,102,22,-182,-84,58
-14,82,-4,102,22,-182,-84,62
-14,84,-2,102,22,-182,-84,67
-13,88,-1,103,22,-182,-83,70
-11,91,-1,103,22,-182,-81,74
-10,95,-1,103,22,-182,-80,78
-10,99,0,104,22,-182,-80,81
-11,102,1,105,22,-182,-81,85
-11,106,2,106,22,-182,-81,89
-10,111,2,106,22,-182,-80,93
-8,115,1,107,22,-182,-81,98
-7,119,2,108,22,-182,-80,102
-7,122,3,109,22,-182,-79,106
-6,125,4,111,22,-182,-79,111
-6,127,4,112,22,-182,-81,113
-6,130,3,112,22,-182,-81,114
-6,134,2,113,22,-182,-81,118
-5,137,2,113,22,-182,-81,120
-5,139,3,112,22,-182,-81,123
-4,141,4,112,22,-182,-80,125
-3,143,5,113,22,-182,-79,126
-2,144,5,115,22,-182,-80,128
-1,145,5,116,22,-180,-79,129
-1,147,5,116,22,-178,-79,131
0,148,5,115,23,-177,-79,131
0,147,4,115,23,-177,-78,131
0,145,5,116,23,-177,-78,129
0,144,5,116,23,-177,-78,128
0,144,5,115,23,-177,-78,128
0,143,3,114,23,-177,-75,128
0,142,2,113,23,-177,-76,125
-2,139,2,113,23,-177,-78,123
-2,137,2,113,23,-177,-78,120
-1,135,2,113,23,-177,-76,119
0,134,2,113,23,-177,-75,118
0,132,3,113,23,-177,-74,115
0,129,2,114,23,-177,-74,113
0,127,0,115,23,-177,-78,111
-2,124,0,115,23,-177,-80,104
-3,121,-2,113,23,-177,-81,102
-3,118,-2,112,22,-177,-78,98
-2,116,-2,111,23,-177,-78,97
-2,114,-2,111,25,-177,-78,95
-3,113,-2,110,26,-177,-78,93
-4,110,-3,108,26,-177,-79,90
-4,107,-4,107,24,-177,-76,87
-4,104,-4,106,23,-177,-76,85
-4,102,-4,107,24,-177,-76,83
-5,100,-4,107,26,-177,-76,80
-5,98,-4,107,26,-176,-76,79
-6,96,-4,107,24,-173,-78,76
-6,95,-4,107,23,-172,-79,75
-7,95,-4,107,24,-172,-79,75
-8,95,-4,107,27,-172,-80,75
-10,94,-4,107,28,-173,-83,74
-11,93,-5,106,27,-173,-83,73
-11,92,-6,106,26,-172,-84,72
-11,90,-7,106,27,-172,-84,68
-12,89,-8,105,28,-172,-85,67
-14,87,-9,104,27,-172,-85,64
-15,86,-9,105,25,-172,-87,63
-16,85,-10,106,23,-172,-91,62
-17,84,-11,107,24,-172,-92,61
-18,84,-11,108,25,-172,-92,58
-18,84,-11,107,26,-172,-92,58
-18,85,-11,107,27,-172,-92,62
-17,84,-11,107,26,-172,-91,58
-17,83,-12,106,26,-172,-91,57
-17,81,-12,106,25,-172,-91,56
-18,78,-12,106,26,-172,-92,53
-19,77,-13,106,26,-172,-93,52
-19,76,-14,105,27,-172,-93,51
-18,75,-15,104,26,-172,-92,50
-17,73,-15,103,25,-172,-91,47
-17,71,-15,103,24,-172,-91,45
-18,68,-14,104,23,-172,-92,42
-19,67,-14,104,23,-172,-93,41
-19,66,-15,105,23,-172,-93,40
-18,65,-17,105,23,-172,-92,40
-17,64,-18,105,23,-172,-91,36
-17,62,-19,105,23,-172,-92,34
-17,60,-19,106,23,-172,-93,31
-18,57,-18,107,23,-172,-95,29
-19,56,-18,108,23,-172,-95,28
-19,55,-18,108,23,-172,-95,26
-19,55,-18,108,23,-172,-95,26
-19,56,-18,108,23,-172,-95,28
-19,56,-19,108,23,-172,-95,28
-19,55,-18,108,23,-172,-95,26
-19,55,-16,107,23,-172,-95,26
-18,56,-14,108,23,-172,-93,30
-17,58,-12,108,23,-172,-92,32
-15,61,-12,109,23,-172,-91,35
-13,64,-12,108,23,-172,-87,39
-12,67,-11,107,23,-172,-85,41
-11,69,-11,107,23,-172,-85,43
-11,72,-11,109,23,-172,-87,47
-11,76,-11,110,23,-172,-87,51
-11,80,-10,110,23,-172,-89,54
-10,84,-8,110,23,-172,-87,61
-9,89,-7,111,23,-172,-86,67
-7,95,-6,113,23,-172,-84,73
-6,101,-5,115,23,-172,-86,79
-6,107,-6,116,23,-172,-86,85
-5,113,-6,115,23,-172,-85,91
-3,119,-5,114,23,-172,-81,97
0,125,-3,115,23,-172,-78,106
0,131,-2,115,23,-172,-76,112
1,137,0,117,23,-172,-79,119
1,144,0,118,23,-172,-79,125
1,151,1,119,23,-172,-79,133
3,155,2,120,23,-172,-76,140
5,160,2,120,23,-172,-75,144
7,164,2,121,23,-172,-73,146
7,170,3,121,23,-172,-73,155
8,176,6,121,23,-172,-73,161
8,181,8,121,23,-172,-73,168
9,184,9,121,23,-172,-72,172
11,187,8,121,23,-172,-70,174
11,189,7,122,23,-172,-69,174
12,191,7,122,23,-172,-69,177
13,194,8,120,23,-172,-68,181
14,196,9,120,23,-173,-64,184
15,197,10,121,23,-172,-64,185
15,197,12,122,23,-170,-65,185
15,196,13,123,23,-169,-67,184
15,197,13,124,23,-169,-65,187
15,197,13,123,23,-170,-65,185
15,196,12,122,23,-170,-67,184
14,195,10,121,23,-169,-64,183
14,192,10,120,23,-167,-65,180
14,189,9,119,23,-167,-64,177
14,186,9,119,23,-167,-64,174
14,184,9,119,23,-167,-64,172
14,181,8,118,23,-167,-64,169
13,177,7,118,23,-167,-65,166
12,173,6,117,23,-167,-65,161
12,169,6,117,23,-167,-67,156
11,165,6,116,23,-167,-67,152
10,162,6,116,23,-167,-68,146
9,159,4,115,23,-167,-69,144
8,155,3,114,23,-167,-67,140
7,152,2,113,23,-167,-68,136
6,149,2,113,23,-167,-69,133
5,145,2,113,23,-167,-70,129
5,141,2,112,23,-167,-70,125
4,137,0,112,23,-167,-70,120
3,133,0,112,23,-167,-72,114
3,130,-2,113,23,-166,-74,112
1,127,-3,113,23,-165,-75,108
0,123,-3,112,24,-164,-78,103
-2,119,-3,113,24,-163,-79,100
-3,116,-4,113,24,-162,-80,96
-4,112,-5,113,24,-162,-81,90
-4,109,-7,112,24,-162,-81,87
-5,106,-7,110,24,-162,-83,84
-7,103,-7,110,25,-162,-84,80
-8,100,-7,111,26,-162,-86,78
-9,98,-8,111,25,-162,-86,75
-10,94,-8,109,24,-162,-85,72
-11,90,-9,107,24,-162,-85,67
-13,85,-9,105,24,-162,-85,62
-14,81,-9,105,24,-162,-86,58
-16,78,-10,105,24,-162,-90,56
-17,75,-11,105,24,-162,-91,52
-18,72,-12,103,24,-162,-89,48
-19,66,-12,100,24,-162,-89,43
-21,61,-11,100,24,-162,-91,37
-24,57,-11,100,24,-162,-92,34
-25,54,-11,101,24,-162,-93,30
-25,50,-13,99,24,-162,-95,26
-26,46,-14,98,24,-162,-95,20
-28,42,-15,97,24,-162,-96,15
-29,37,-15,97,24,-162,-97,10
-30,32,-15,97,24,-162,-98,6
-31,28,-16,96,24,-162,-98,2
-31,25,-18,95,24,-162,-100,-1
-32,22,-18,93,24,-162,-98,-4
-33,18,-19,93,24,-162,-98,-8
-33,14,-19,93,24,-162,-98,-12
-33,11,-18,94,24,-162,-98,-15
-34,8,-18,94,24,-162,-100,-18
-36,6,-19,93,24,-162,-101,-21
-38,2,-20,92,24,-162,-103,-24
-38,0,-21,91,24,-162,-103,-28
-37,-2,-21,92,24,-162,-102,-32
-37,-4,-20,93,24,-162,-102,-31
-39,-5,-20,92,24,-162,-104,-32
-40,-5,-20,91,24,-162,-106,-34
-41,-5,-20,90,24,-162,-106,-34
-41,-5,-19,91,24,-162,-106,-34
-41,-5,-19,93,24,-162,-106,-32
-40,-5,-18,94,24,-163,-108,-34
-41,-6,-19,94,24,-164,-108,-34
-41,-5,-19,93,23,-164,-106,-34
-40,-3,-19,93,23,-164,-106,-31
-39,-1,-19,93,24,-163,-104,-29
-37,1,-19,93,24,-162,-102,-26
-36,3,-18,93,25,-162,-102,-23
-36,6,-18,93,26,-162,-101,-20
-36,9,-18,93,25,-163,-102,-18
-35,12,-19,93,24,-163,-101,-14
-35,15,-19,93,23,-164,-100,-10
-34,20,-18,93,23,-164,-100,-7
-33,24,-18,94,23,-164,-101,-2
-32,28,-16,96,24,-164,-101,1
-32,32,-15,97,24,-163,-101,4
-31,36,-15,97,23,-163,-100,9
-31,39,-15,97,23,-163,-100,13
-31,44,-15,97,23,-164,-100,18
-30,49,-15,97,23,-165,-100,23
-30,53,-17,98,23,-165,-98,26
-29,57,-18,100,23,-165,-101,31
-28,62,-17,101,23,-166,-100,36
-27,66,-15,102,23,-167,-98,40
-26,70,-13,102,23,-167,-98,43
-26,73,-13,102,23,-167,-97,50
-24,76,-13,102,23,-167,-96,51
-23,79,-14,103,23,-167,-95,54
-22,83,-14,102,23,-167,-95,58
-22,86,-13,102,23,-167,-93,61
-21,88,-12,103,23,-167,-93,65
-21,88,-10,104,23,-167,-92,65
-20,88,-9,105,23,-167,-92,65
-18,89,-8,104,23,-167,-91,67
-17,91,-8,104,23,-167,-90,68
-17,92,-9,104,23,-167,-89,69
-17,93,-9,104,23,-167,-89,70
-17,94,-9,104,23,-167,-90,72
-17,95,-8,104,23,-167,-89,73
-15,97,-8,104,23,-167,-87,74
-14,97,-8,104,23,-167,-86,75
-13,97,-8,104,23,-167,-85,75
-13,97,-8,104,23,-167,-85,75
-14,97,-8,103,23,-167,-86,75
-14,97,-8,104,23,-167,-86,75
-14,97,-7,104,23,-167,-86,78
-13,97,-5,106,23,-167,-86,78
-14,97,-4,106,23,-167,-86,78
-14,97,-5,106,23,-167,-86,78
-14,97,-5,106,23,-167,-86,78
-14,97,-5,105,23,-167,-86,78
-13,96,-6,105,23,-167,-85,76
-13,95,-7,104,23,-167,-85,75
-12,95,-8,104,23,-167,-85,73
-12,94,-8,103,23,-167,-84,72
-11,93,-8,103,23,-167,-84,70
-11,93,-8,104,23,-167,-84,70
-11,93,-8,104,23,-167,-84,70
-11,93,-8,104,23,-167,-84,70
-11,93,-7,103,23,-167,-84,73
-11,93,-7,102,23,-167,-81,73
-11,93,-6,101,23,-167,-81,73
-11,93,-6,101,23,-167,-81,73
-11,93,-6,101,23,-167,-81,73
-11,93,-6,101,23,-167,-81,73
-11,93,-6,101,23,-167,-81,73
-11,93,-5,100,23,-167,-81,73
-11,93,-5,100,23,-167,-81,73
-11,93,-5,100,23,-167,-81,73
-11,93,-5,100,23,-167,-81,73
-10,93,-5,100,23,-167,-80,74
-8,95,-5,100,23,-167,-78,75
-7,95,-4,100,23,-167,-76,75
-7,95,-4,100,23,-167,-76,75
-7,95,-5,100,23,-167,-76,75
-7,95,-5,100,23,-167,-76,75
-8,97,-4,100,23,-167,-78,76
-9,98,-4,101,23,-167,-79,79
-9,100,-3,101,23,-167,-79,80
-8,101,-2,102,23,-167,-78,84
-6,101,-2,102,23,-167,-76,84
-5,101,-1,103,23,-167,-75,85
-4,102,-1,103,23,-167,-74,85
-6,103,-1,103,23,-167,-75,86
-7,105,-1,103,23,-167,-76,87
-8,106,-1,103,23,-167,-78,89
-8,108,-1,103,23,-167,-78,91
-8,110,-1,103,23,-167,-78,92
-7,112,-1,103,23,-167,-76,95
-6,114,-1,103,24,-167,-76,97
-5,116,-1,103,24,-167,-75,100
-5,119,-1,103,24,-167,-75,102
-4,121,0,104,23,-167,-75,104
-4,123,1,105,23,-167,-74,107
-2,125,2,107,24,-167,-75,108
0,127,2,106,25,-167,-70,111
0,129,2,106,25,-167,-69,113
0,131,1,106,27,-167,-72,115
0,134,3,108,27,-167,-72,118
1,138,4,109,27,-167,-72,124
2,141,6,109,25,-167,-70,128
3,144,6,109,24,-167,-69,131
4,148,6,108,23,-167,-68,135
6,151,6,108,23,-167,-64,139
8,155,7,108,24,-167,-62,142
8,160,7,109,25,-167,-64,147
9,164,8,111,27,-167,-64,151
10,168,9,112,28,-167,-63,156
12,172,9,114,29,-167,-63,159
14,175,10,114,28,-167,-62,163
14,179,10,114,28,-167,-62,169
13,183,11,115,28,-167,-63,173
13,186,12,115,28,-167,-63,177
14,191,12,116,28,-167,-62,181
15,195,13,116,28,-168,-61,186
17,199,13,116,28,-168,-59,190
18,203,14,117,28,-167,-58,194
20,206,15,118,28,-166,-57,197
21,210,16,119,28,-166,-56,201
21,213,17,120,28,-166,-56,203
21,215,16,119,28,-166,-56,206
21,217,16,119,28,-166,-56,208
21,218,16,119,28,-166,-54,209
23,221,16,119,28,-166,-53,212
24,224,16,119,28,-166,-53,216
24,226,16,119,28,-164,-53,218
23,226,16,119,28,-163,-54,218
21,226,16,119,28,-162,-56,217
21,226,16,119,28,-162,-56,217
21,226,16,119,28,-163,-56,218
21,227,16,119,28,-163,-56,218
20,226,16,119,28,-162,-57,217
19,223,17,120,28,-162,-58,214
19,220,16,119,28,-162,-58,211
19,216,15,118,28,-162,-57,207
18,213,14,117,28,-162,-58,205
17,210,13,116,28,-162,-59,201
15,206,12,116,28,-162,-61,197
14,202,11,115,28,-162,-62,192
13,196,10,114,28,-162,-63,186
12,190,9,113,28,-162,-61,178
11,183,9,112,28,-162,-62,170
10,177,8,112,29,-163,-63,164
10,172,7,111,29,-163,-63,159
9,166,5,109,28,-162,-63,153
8,159,4,108,28,-161,-64,146
6,153,3,107,28,-161,-67,140
2,145,2,106,29,-161,-68,130
0,137,1,105,30,-160,-70,120
-2,127,0,104,31,-160,-73,111
-3,118,-2,102,30,-159,-73,102
-4,110,-3,101,29,-159,-74,90
-6,101,-5,100,29,-159,-76,81
-9,92,-6,99,30,-158,-76,73
-11,84,-7,97,30,-158,-79,64
-13,75,-8,97,31,-159,-80,56
-14,68,-9,95,31,-160,-81,47
-15,59,-11,94,30,-159,-81,36
-16,50,-12,93,30,-158,-81,26
-16,41,-13,92,30,-158,-80,18
-18,34,-14,91,30,-158,-81,10
-20,27,-15,90,31,-158,-83,3
-22,20,-16,90,30,-158,-85,-3
-24,14,-17,89,29,-158,-87,-10
-26,7,-17,86,28,-158,-86,-17
-27,3,-17,84,29,-158,-87,-21
-28,0,-17,84,31,-158,-89,-25
-30,-5,-18,85,32,-158,-90,-30
-32,-10,-20,86,32,-158,-95,-37
-34,-14,-22,85,32,-158,-96,-42
-36,-18,-23,84,33,-158,-95,-46
-36,-20,-23,83,33,-158,-96,-48
-37,-22,-23,83,32,-158,-97,-50
-39,-22,-23,83,32,-160,-98,-51
-40,-23,-23,83,32,-161,-100,-52
-41,-25,-22,83,32,-161,-101,-53
-41,-25,-22,84,32,-160,-101,-53
-41,-26,-21,85,32,-159,-101,-54
-41,-25,-21,85,34,-160,-101,-53
-42,-23,-20,86,34,-160,-104,-51
-43,-21,-19,86,32,-161,-106,-50
-44,-20,-19,87,30,-161,-107,-48
-44,-17,-19,87,29,-161,-107,-46
-43,-14,-19,86,29,-162,-106,-42
-42,-10,-19,86,31,-163,-104,-39
-41,-7,-19,86,32,-163,-103,-35
-40,-3,-18,88,32,-163,-103,-31
-40,0,-16,89,32,-162,-103,-25
-39,4,-15,90,30,-162,-102,-20
-37,8,-15,90,30,-162,-100,-15
-35,14,-15,90,32,-162,-98,-10
-34,19,-15,90,33,-163,-97,-4
-34,25,-14,91,34,-163,-97,1
-33,32,-13,92,34,-163,-98,7
-31,36,-12,93,33,-163,-97,12
-29,40,-12,93,33,-163,-95,17
-28,45,-12,93,34,-163,-93,21
-27,51,-11,94,34,-163,-93,28
-26,57,-10,95,33,-163,-92,36
-25,63,-8,97,32,-162,-91,42
-24,68,-7,98,32,-162,-91,47
-22,72,-6,99,32,-162,-89,52
-20,78,-5,100,33,-163,-89,57
-18,83,-5,100,34,-163,-87,63
-16,89,-5,100,34,-163,-86,69
-15,93,-4,99,33,-163,-83,73
-13,96,-3,100,32,-162,-80,79
-11,100,-1,101,32,-162,-79,83
-10,104,0,102,32,-162,-80,87
-10,109,0,103,33,-163,-80,92
-9,112,-1,103,34,-163,-80,95
-8,115,-1,103,34,-163,-79,98
-7,119,-1,103,33,-163,-78,102
-6,122,0,104,33,-163,-76,106
-5,125,1,105,33,-163,-75,108
-4,129,1,106,34,-163,-78,113
-4,132,2,107,33,-163,-78,115
-4,134,2,106,33,-163,-75,118
-3,136,2,106,33,-163,-74,119
-2,137,2,106,33,-163,-73,120
0,138,2,106,33,-163,-72,122
0,140,2,106,33,-163,-70,124
0,142,3,107,33,-163,-73,126
0,144,3,108,33,-163,-73,130
0,144,4,108,33,-163,-73,130
0,144,4,108,33,-163,-74,130
0,144,4,108,33,-163,-74,130
0,144,4,108,33,-163,-73,130
0,142,3,108,33,-163,-73,129
1,140,3,107,33,-163,-72,124
1,139,2,106,33,-163,-68,123
2,139,1,106,33,-163,-68,123
2,139,2,106,33,-163,-68,123
1,140,2,106,33,-163,-68,124
0,138,2,107,33,-163,-72,123
0,137,2,106,33,-163,-70,120
0,134,0,105,33,-163,-70,118
0,132,0,104,33,-163,-70,115
0,130,0,104,33,-162,-70,114
-1,128,0,104,33,-162,-72,112
-1,126,0,104,33,-161,-72,111
-1,125,0,103,33,-162,-72,108
-1,122,-1,103,33,-161,-72,106
-1,119,-1,103,33,-160,-72,103
-2,116,-1,103,33,-158,-72,100
-2,113,-1,103,34,-158,-72,96
-3,110,-1,103,34,-158,-73,93
-3,109,-2,102,34,-158,-73,92
-3,107,-2,102,34,-158,-73,90
-3,105,-3,101,34,-158,-73,85
-3,102,-4,101,34,-158,-73,83
-3,98,-4,100,34,-158,-73,79
-4,97,-5,100,34,-158,-74,76
-6,96,-5,100,35,-158,-75,76
-7,96,-5,100,36,-158,-76,76
-7,95,-4,100,35,-158,-78,75
-8,93,-4,100,34,-158,-78,74
-8,90,-5,100,34,-158,-78,70
-9,89,-5,100,33,-158,-78,69
-9,88,-5,100,34,-158,-78,68
-9,89,-4,100,34,-158,-79,69
-10,88,-3,101,35,-158,-80,68
-12,87,-3,101,36,-158,-81,68
-13,86,-3,101,36,-158,-83,67
-14,86,-4,100,36,-158,-83,65
-13,86,-5,100,35,-158,-83,67
-13,86,-5,100,35,-158,-83,67
-13,86,-5,100,36,-158,-83,67
-13,86,-4,100,36,-158,-83,67
-14,86,-4,100,36,-158,-83,65
-14,86,-5,100,36,-158,-84,65
-15,85,-5,100,37,-158,-84,65
-14,86,-6,101,38,-158,-84,65
-13,86,-6,101,38,-158,-83,67
-12,86,-6,101,37,-158,-81,67
-13,86,-5,100,36,-158,-83,67
-14,86,-4,100,35,-158,-84,65
-16,85,-5,100,35,-158,-86,64
-18,84,-6,99,36,-158,-85,63
-18,84,-7,97,36,-158,-85,63
-18,84,-8,97,35,-158,-85,64
-18,84,-9,96,35,-158,-85,64
-17,84,-9,97,36,-158,-84,64
-17,83,-10,98,38,-158,-86,61
-18,80,-10,99,38,-159,-87,58
-18,78,-11,100,37,-158,-87,54
-18,76,-11,100,35,-158,-87,53
-18,74,-12,100,34,-157,-87,51
-18,73,-12,101,35,-156,-90,50
-19,70,-12,100,37,-157,-89,47
-20,66,-11,100,39,-158,-89,42
-21,62,-10,100,39,-157,-90,39
-22,59,-10,99,37,-157,-91,36
-23,57,-11,98,35,-157,-92,34
-24,55,-13,97,34,-157,-92,31
-22,52,-14,96,33,-158,-91,29
-22,48,-14,95,33,-159,-87,25
-22,44,-13,94,33,-159,-89,20
-24,42,-12,94,34,-158,-90,18
-25,39,-12,93,35,-156,-91,15
-25,37,-13,92,36,-155,-91,13
-25,34,-14,91,37,-153,-89,10
-26,31,-15,90,36,-153,-90,7
-28,28,-16,90,35,-153,-91,4
-30,27,-15,90,34,-153,-93,3
-30,26,-15,90,34,-153,-93,2
-29,24,-15,90,34,-153,-92,0
-28,23,-15,90,34,-153,-91,-1
-29,21,-15,90,34,-153,-92,-2
-32,21,-16,90,34,-153,-95,-3
-33,20,-16,89,34,-153,-97,-3
-33,20,-17,89,34,-153,-96,-3
-32,21,-16,89,34,-153,-95,-3
-30,22,-16,90,34,-153,-92,-1
-29,24,-15,90,34,-153,-92,0
-30,25,-15,90,34,-154,-93,1
-29,28,-15,90,34,-155,-92,3
-29,30,-15,90,34,-155,-92,6
-28,32,-16,90,34,-155,-92,8
-28,35,-15,90,34,-154,-91,12
-28,38,-14,91,34,-153,-91,14
-26,40,-13,92,34,-152,-90,17
-23,44,-12,93,34,-153,-90,20
-21,49,-10,94,34,-155,-87,28
-20,54,-9,96,34,-157,-86,34
-18,59,-8,96,34,-156,-85,39
-18,64,-8,97,34,-155,-84,43
-16,68,-7,97,34,-153,-83,48
-16,73,-6,99,34,-154,-83,53
-15,78,-5,100,34,-156,-85,57
-15,82,-4,100,33,-158,-84,62
-13,87,-2,100,33,-159,-80,69
-11,92,0,99,33,-158,-79,75
-10,98,1,100,34,-158,-78,83
-8,102,0,100,34,-158,-75,85
-7,106,0,101,34,-158,-75,89
-6,110,1,102,34,-158,-74,96
-5,115,3,102,34,-158,-73,101
-3,120,5,103,33,-158,-72,106
-1,126,5,103,34,-158,-69,112
0,131,5,103,35,-158,-68,117
0,135,6,104,37,-158,-67,122
1,138,7,105,39,-158,-69,126
2,141,9,106,39,-158,-68,130
3,144,9,106,38,-158,-67,134
4,148,9,106,37,-158,-65,137
5,151,9,106,37,-158,-64,140
5,153,10,107,36,-158,-64,142
4,154,11,108,36,-158,-65,144
4,155,12,109,36,-158,-67,145
4,157,13,109,37,-158,-65,146
6,159,12,109,38,-158,-64,148
7,161,12,109,39,-158,-64,151
8,163,12,109,39,-158,-63,153
8,165,12,109,39,-158,-62,155
9,166,12,109,38,-158,-62,156
10,166,12,109,37,-158,-61,156
9,166,12,109,35,-158,-61,156
10,166,12,109,35,-158,-61,156
10,166,12,109,36,-158,-61,156
9,166,13,109,37,-157,-62,156
8,165,12,109,37,-156,-62,155
7,163,11,108,38,-156,-63,152
7,160,10,107,38,-156,-64,150
7,159,9,106,39,-156,-63,148
8,159,8,106,39,-155,-63,148
8,158,8,106,39,-154,-62,148
8,156,8,106,39,-153,-62,145
7,152,9,106,39,-153,-63,141
6,149,9,106,39,-154,-64,139
5,147,9,105,39,-154,-65,136
4,145,7,105,39,-154,-65,134
4,142,5,105,39,-153,-65,129
3,139,3,105,39,-153,-67,125
3,136,1,106,39,-153,-69,119
1,132,1,106,39,-153,-72,115
0,129,1,105,39,-153,-69,113
0,126,1,103,39,-153,-70,109
0,121,0,101,39,-153,-68,104
-1,117,0,100,39,-153,-69,103
-1,113,0,99,39,-153,-69,96
-2,109,-1,98,39,-153,-69,92
-3,105,-2,97,39,-153,-70,89
-3,101,-3,97,39,-153,-70,84
-4,97,-2,97,39,-153,-68,80
-4,93,-1,96,39,-153,-69,75
-5,89,-1,96,39,-153,-69,72
-6,86,-1,96,39,-153,-70,69
-7,83,-2,95,39,-153,-72,65
-8,79,-4,94,39,-153,-73,62
-9,76,-6,94,39,-153,-73,56
-10,73,-8,95,39,-153,-76,53
-10,71,-8,97,39,-153,-78,51
-11,69,-9,97,39,-153,-78,48
-12,68,-8,97,40,-153,-79,47
-13,66,-7,95,40,-153,-80,46
-14,65,-7,95,40,-154,-81,45
-16,63,-7,95,41,-154,-83,42
-17,62,-8,96,42,-153,-83,41
-17,62,-8,97,43,-152,-84,41
-17,62,-8,97,42,-151,-83,41
-17,62,-8,96,41,-152,-84,42
-18,64,-8,96,42,-153,-84,43
-17,66,-8,96,43,-153,-84,46
-16,68,-8,97,43,-152,-83,47
-15,69,-8,96,42,-150,-83,48
-14,69,-8,96,41,-149,-81,48
-14,71,-8,97,40,-149,-80,51
-13,73,-8,97,42,-150,-80,53
-13,75,-8,97,44,-152,-80,56
-14,77,-8,97,44,-152,-80,57
-14,78,-8,96,43,-151,-81,58
-14,80,-8,96,40,-149,-81,61
-13,83,-7,97,39,-149,-80,63
-13,85,-7,100,40,-150,-83,65
-13,86,-7,102,41,-150,-85,65
-13,86,-7,104,41,-149,-85,64
-14,88,-8,104,40,-148,-86,65
-15,89,-8,104,39,-148,-87,67
-16,90,-8,103,39,-149,-87,68
-14,92,-8,103,39,-151,-86,69
-13,93,-8,104,40,-152,-85,70
-11,93,-8,103,41,-152,-83,70
-11,93,-8,103,41,-150,-83,70
-13,93,-8,103,41,-149,-85,70
-14,92,-8,103,41,-149,-86,69
-16,90,-8,103,40,-150,-87,68
-15,89,-8,103,39,-150,-87,67
-14,88,-8,104,39,-149,-86,65
-13,86,-8,103,39,-148,-85,64
-14,85,-8,103,40,-148,-86,63
-16,83,-8,103,41,-149,-87,61
-16,82,-8,104,41,-149,-87,59
-15,79,-7,104,41,-148,-87,57
-15,78,-8,103,41,-148,-87,54
-17,75,-9,102,42,-149,-89,52
-18,73,-10,101,41,-150,-90,50
-20,70,-11,100,40,-151,-89,47
-20,68,-12,100,39,-150,-89,45
-20,65,-11,100,39,-149,-89,41
-20,61,-11,101,39,-148,-90,39
-21,58,-11,100,39,-148,-90,35
-22,55,-12,99,39,-148,-91,31
-22,52,-14,98,39,-149,-91,26
-22,49,-15,97,39,-149,-91,23
-23,46,-15,97,40,-148,-92,20
-24,43,-15,97,41,-148,-92,17
-25,40,-15,97,40,-148,-93,13
-25,37,-15,97,39,-148,-93,10
-26,34,-15,97,39,-148,-93,7
-26,31,-15,97,39,-148,-93,4
-26,29,-16,96,40,-148,-95,2
-26,27,-17,93,41,-148,-92,1
-26,25,-18,93,41,-148,-92,-1
-28,24,-18,93,41,-148,-93,-2
-28,22,-18,93,41,-149,-93,-4
-28,21,-18,93,40,-149,-93,-4
-27,19,-17,91,39,-148,-92,-7
-28,18,-15,90,39,-148,-91,-6
-29,17,-15,90,39,-148,-92,-7
-30,16,-16,90,39,-149,-93,-8
-31,15,-17,91,39,-150,-96,-10
-30,14,-18,90,39,-151,-93,-12
-29,14,-18,90,39,-150,-92,-12
-30,15,-17,90,39,-149,-92,-12
-30,15,-17,90,39,-148,-93,-10
-31,16,-18,90,39,-148,-93,-10
-31,16,-19,89,39,-148,-93,-9
-29,17,-18,88,39,-149,-92,-9
-27,17,-17,89,39,-149,-90,-7
-26,18,-15,90,39,-148,-90,-6
-27,20,-15,90,39,-148,-90,-3
-27,22,-15,90,39,-148,-90,-1
-26,24,-16,90,39,-149,-89,0
-25,25,-15,90,39,-149,-87,1
-23,27,-16,90,39,-148,-86,3
-23,29,-16,90,39,-148,-86,6
-23,32,-15,90,39,-149,-86,8
-22,35,-14,90,39,-150,-86,12
-22,37,-14,91,39,-152,-85,13
-21,39,-15,93,39,-153,-86,15
-20,42,-15,95,40,-154,-86,18
-20,44,-14,95,41,-154,-86,20
-19,46,-13,95,42,-153,-85,23
-19,49,-12,96,41,-153,-85,25
-18,52,-12,97,40,-153,-87,29
-17,55,-12,98,39,-153,-86,31
-15,57,-12,98,39,-153,-84,34
-15,59,-11,98,39,-153,-84,36
-16,61,-11,99,39,-153,-85,37
-18,63,-11,100,39,-153,-86,40
-17,66,-11,101,39,-153,-89,42
-14,69,-12,101,39,-153,-86,46
-13,72,-11,100,39,-153,-81,48
-12,74,-11,99,39,-153,-81,52
-13,77,-9,98,39,-153,-83,54
-13,79,-8,98,39,-153,-83,59
-12,81,-7,100,39,-153,-81,61
-12,83,-7,102,39,-153,-81,63
-12,85,-7,103,39,-154,-84,65
-14,87,-8,104,39,-154,-85,64
-14,90,-8,103,39,-153,-86,67
-13,92,-7,103,39,-152,-85,73
-12,95,-5,103,39,-151,-84,75
-11,97,-4,104,39,-152,-84,76
-10,98,-5,105,39,-153,-83,79
-10,100,-7,105,39,-154,-81,80
-8,102,-7,105,39,-154,-80,83
-7,104,-6,105,39,-153,-80,84
-7,106,-4,107,39,-153,-80,86
-8,108,-4,107,39,-153,-81,89
-9,109,-4,107,39,-153,-81,90
-8,110,-4,107,39,-153,-80,90
-6,111,-4,107,39,-153,-79,91
-5,112,-4,107,39,-153,-78,92
-5,113,-4,107,39,-153,-78,93
-5,113,-4,106,39,-153,-78,93
-6,113,-5,105,39,-153,-78,93
-5,113,-6,105,39,-153,-78,93
-5,113,-5,106,39,-153,-78,93
-5,113,-4,107,39,-153,-78,93
-5,113,-4,107,39,-153,-78,93
-5,113,-5,106,40,-153,-78,93
-6,113,-6,105,40,-153,-78,93
-7,112,-7,104,42,-153,-80,93
-8,111,-7,104,43,-154,-81,91
-9,109,-7,104,44,-154,-81,90
-8,108,-7,104,43,-154,-81,87
-8,106,-7,104,42,-153,-80,86
-8,105,-8,104,41,-153,-80,84
-8,104,-8,103,40,-153,-81,83
-8,102,-7,102,40,-153,-81,83
-8,100,-7,102,40,-153,-78,80
-8,98,-6,102,39,-153,-78,79
-9,96,-6,102,39,-153,-79,76
-10,93,-6,101,39,-153,-80,74
-10,92,-6,101,39,-153,-80,72
-9,90,-5,100,39,-153,-79,70
-8,88,-4,100,39,-153,-78,68
-9,85,-5,100,39,-153,-78,65
-10,82,-5,100,40,-154,-80,62
-13,79,-5,100,41,-154,-83,58
-14,76,-5,100,40,-153,-84,56
-14,75,-4,100,39,-151,-84,54
-14,74,-5,100,39,-150,-84,53
-14,73,-6,99,39,-150,-81,53
-15,71,-7,97,39,-152,-81,51
-15,67,-8,96,39,-153,-83,47
-16,64,-8,96,39,-152,-83,43
-16,61,-8,96,39,-150,-83,41
-15,59,-8,97,39,-150,-81,39
-15,57,-8,96,39,-151,-81,36
-16,55,-9,96,39,-153,-83,34
-17,53,-10,95,40,-153,-84,32
-18,50,-10,94,41,-152,-84,30
-19,48,-11,94,41,-152,-85,24
-19,46,-12,93,41,-151,-85,23
-18,45,-12,93,41,-150,-84,21
-18,43,-12,93,41,-149,-84,19
-18,41,-12,93,42,-148,-84,17
-20,38,-12,93,42,-148,-86,14
-22,37,-12,93,43,-151,-87,13
-22,37,-12,93,43,-152,-87,13
-21,38,-12,93,42,-152,-87,14
-21,38,-12,93,41,-151,-87,14
-23,37,-12,93,40,-149,-89,13
-24,36,-12,93,41,-148,-90,12
-24,36,-12,93,42,-148,-90,12
-23,36,-12,93,43,-151,-89,12
-21,38,-12,93,42,-152,-87,14
-21,39,-12,93,40,-153,-87,15
-22,41,-12,93,40,-154,-87,17
-22,43,-12,93,40,-154,-89,19
-22,44,-11,93,42,-153,-89,20
-22,47,-11,94,43,-154,-87,23
-21,50,-10,94,44,-154,-87,26
-21,53,-11,94,44,-154,-87,30
-20,56,-10,94,44,-154,-86,35
-19,59,-10,96,43,-154,-86,39
-18,63,-8,97,42,-154,-85,42
-18,67,-8,97,42,-154,-85,47
-18,72,-7,96,42,-154,-85,52
-18,77,-7,95,42,-153,-85,57
-17,80,-7,95,40,-153,-84,61
-16,83,-8,96,39,-153,-83,63
-14,87,-9,96,40,-153,-81,67
-13,93,-8,97,42,-153,-80,73
-12,98,-7,97,44,-154,-79,79
-12,102,-6,99,44,-154,-79,83
-13,105,-5,100,44,-154,-83,86
-12,108,-4,100,43,-154,-83,87
-11,111,-4,100,43,-154,-81,91
-10,114,-5,100,43,-154,-81,95
-10,118,-5,100,44,-154,-80,98
-9,120,-5,100,43,-154,-80,101
-8,122,-4,100,43,-154,-79,103
-7,123,-4,100,43,-154,-78,104
-7,125,-5,100,43,-154,-76,106
-7,126,-6,101,43,-154,-78,107
-8,128,-6,101,43,-154,-79,109
-7,129,-4,101,43,-154,-78,109
-5,130,-2,103,43,-154,-75,113
-3,130,-2,104,43,-154,-74,114
-4,131,-3,105,43,-154,-76,112
-5,130,-4,107,43,-154,-78,111
-6,127,-5,107,43,-154,-81,108
-6,125,-5,107,43,-154,-79,106
-6,123,-4,106,43,-154,-79,104
-6,122,-3,106,43,-154,-79,102
-7,119,-3,105,43,-154,-80,100
-8,116,-3,106,43,-154,-81,97
-9,112,-5,105,43,-154,-81,92
-9,108,-7,104,43,-154,-81,87
-10,102,-8,104,43,-154,-81,80
-11,97,-8,103,43,-154,-84,75
-14,93,-8,103,43,-154,-86,70
-16,89,-7,104,43,-154,-87,67
-17,85,-8,103,43,-154,-89,62
-17,79,-9,102,43,-154,-89,57
-17,73,-10,101,43,-154,-89,50
-19,66,-11,100,43,-154,-89,43
-21,60,-13,99,43,-154,-90,36
-22,54,-14,98,43,-154,-91,28
-22,49,-15,97,43,-154,-91,23
-23,43,-16,97,43,-154,-92,17
-25,37,-17,96,43,-154,-93,10
-27,31,-18,95,43,-154,-95,4
-28,25,-18,93,43,-154,-95,-1
-30,20,-17,91,43,-154,-96,-7
-32,14,-17,89,43,-155,-95,-9
-34,9,-18,87,43,-155,-96,-18
-35,3,-19,87,43,-155,-97,-24
-35,-1,-19,87,43,-155,-97,-29
-37,-5,-19,87,43,-156,-100,-32
-39,-9,-20,86,43,-156,-101,-36
-41,-12,-21,84,43,-156,-101,-40
-42,-16,-23,83,43,-157,-102,-43
-43,-19,-23,83,43,-158,-103,-47
-44,-22,-23,83,43,-158,-103,-51
-45,-26,-22,84,43,-157,-104,-54
-46,-29,-22,83,43,-155,-106,-58
-46,-32,-24,83,43,-155,-106,-61
-47,-35,-25,81,43,-157,-106,-65
-48,-36,-26,80,43,-159,-107,-68
-49,-38,-27,80,43,-159,-108,-69
-49,-39,-26,80,43,-159,-108,-70
-49,-42,-26,80,43,-159,-108,-73
-49,-43,-26,80,43,-159,-108,-74
-50,-44,-27,80,43,-159,-109,-75
-52,-45,-27,81,43,-159,-112,-76
-54,-46,-28,81,43,-159,-113,-78
-56,-46,-27,81,43,-159,-115,-78
-57,-47,-27,82,43,-159,-115,-79
-57,-48,-28,83,43,-159,-119,-80
-57,-47,-31,83,43,-159,-119,-81
-57,-47,-32,82,43,-159,-118,-81
-57,-47,-32,82,43,-159,-118,-81
-57,-47,-31,83,43,-159,-118,-81
-57,-47,-30,84,43,-159,-119,-81
-57,-47,-29,84,43,-158,-118,-81
-57,-47,-29,84,43,-159,-119,-81
-57,-47,-30,84,43,-160,-118,-81
-57,-47,-30,83,43,-162,-118,-81
-57,-47,-31,83,43,-162,-118,-81
-57,-47,-32,82,43,-162,-119,-81
-57,-48,-32,81,43,-161,-119,-83
-57,-47,-32,81,43,-161,-118,-81
-55,-46,-32,82,43,-162,-117,-80
-54,-44,-31,83,43,-163,-115,-79
-54,-42,-30,83,43,-164,-115,-76
-55,-41,-30,84,43,-164,-117,-75
-56,-39,-29,84,43,-163,-118,-73
-55,-37,-29,84,43,-163,-117,-72
-54,-35,-30,84,43,-163,-117,-69
-54,-33,-29,84,43,-163,-115,-67
-54,-31,-29,84,43,-163,-117,-64
-54,-28,-30,84,43,-163,-117,-62
-54,-25,-30,83,43,-163,-117,-59
-53,-23,-29,84,43,-164,-115,-57
-52,-21,-28,85,43,-164,-114,-54
-52,-18,-27,86,43,-163,-114,-50
-53,-16,-26,87,43,-163,-115,-47
-53,-14,-25,87,43,-163,-118,-45
-52,-12,-26,87,42,-165,-114,-42
-50,-9,-26,87,41,-167,-113,-40
-48,-6,-26,87,42,-168,-111,-36
-47,-2,-25,88,42,-169,-113,-32
-47,0,-24,89,42,-169,-113,-30
-47,1,-24,89,41,-168,-112,-28
-45,2,-24,89,40,-168,-111,-28
-44,3,-24,89,39,-168,-109,-26
-43,5,-24,90,38,-168,-108,-24
-43,7,-23,90,37,-168,-108,-21
-43,9,-22,90,38,-168,-108,-20
-44,9,-22,90,40,-168,-109,-20
-44,10,-22,90,42,-168,-109,-19
-44,12,-23,91,43,-168,-109,-17
-43,15,-25,93,42,-168,-111,-14
-42,16,-26,94,39,-168,-109,-15
-41,16,-26,94,38,-168,-109,-15
-41,15,-26,94,38,-168,-109,-17
-41,15,-25,93,39,-168,-109,-14
-41,15,-23,91,40,-168,-107,-14
-42,17,-23,90,40,-168,-108,-12
-43,19,-23,91,39,-168,-108,-10
-43,19,-24,92,38,-168,-112,-9
-43,19,-25,93,38,-168,-112,-10
-43,18,-24,92,38,-168,-111,-10
-41,18,-23,91,38,-168,-107,-10
-40,17,-23,90,38,-168,-106,-12
-40,17,-22,90,38,-168,-106,-12
-40,17,-22,90,38,-168,-106,-12
-40,16,-23,90,38,-168,-106,-13
-40,16,-23,90,38,-168,-106,-13
-40,14,-22,90,38,-168,-106,-14
-40,13,-22,90,38,-168,-106,-17
-39,11,-22,90,38,-169,-104,-18
-39,11,-23,90,38,-169,-104,-18
-38,10,-23,91,38,-169,-103,-19
-37,8,-22,90,38,-169,-103,-20
-37,7,-21,89,38,-170,-102,-20
-37,7,-20,88,38,-171,-100,-20
-36,7,-19,87,38,-173,-100,-19
-37,7,-19,86,37,-173,-100,-19
-37,7,-19,86,38,-173,-100,-19
-37,7,-19,87,38,-173,-100,-19
-37,7,-19,87,38,-173,-100,-19
-37,7,-19,87,38,-173,-100,-19
-35,7,-19,86,38,-173,-98,-19
-33,7,-19,86,38,-173,-96,-19
-31,7,-19,86,38,-173,-93,-19
-32,8,-19,86,38,-173,-95,-18
-32,9,-19,87,38,-173,-95,-18
-32,9,-19,87,38,-173,-95,-17
-31,10,-19,87,38,-173,-93,-17
-30,12,-19,86,38,-173,-92,-14
-30,14,-19,86,38,-173,-92,-12
-31,17,-19,87,38,-173,-93,-9
-31,20,-18,88,38,-173,-93,-6
-31,23,-16,89,38,-173,-95,-1
-30,26,-15,90,38,-173,-93,2
-30,28,-15,90,38,-173,-93,4
-29,32,-15,90,38,-173,-92,7
-28,35,-14,91,38,-173,-91,12
-28,39,-13,92,38,-173,-93,15
-28,43,-12,93,37,-175,-95,19
-29,46,-12,93,37,-177,-95,23
-29,50,-12,93,37,-176,-95,26
-27,54,-12,93,37,-174,-93,31
-26,59,-11,94,37,-173,-92,35
-25,64,-9,95,37,-174,-91,42
-25,67,-8,96,38,-176,-92,46
-25,71,-7,97,37,-177,-92,50
-23,74,-7,98,37,-177,-90,53
-21,78,-6,99,37,-177,-89,57
-19,81,-6,98,38,-177,-86,61
-19,83,-7,98,38,-178,-86,63
-18,85,-7,98,37,-178,-85,65
-18,88,-6,99,36,-177,-85,68
-18,91,-5,99,36,-177,-85,70
-17,93,-4,100,36,-177,-85,74
-17,96,-4,100,37,-178,-86,75
-16,98,-5,101,38,-178,-86,78
-14,101,-5,104,38,-178,-86,81
-12,103,-6,105,37,-177,-85,84
-11,104,-7,105,37,-177,-84,85
-11,104,-6,105,37,-176,-84,85
-12,104,-5,106,38,-177,-84,84
-12,104,-4,106,37,-177,-85,84
-11,104,-3,105,37,-178,-84,84
-10,104,-3,104,37,-178,-80,85
-9,106,-3,103,37,-178,-79,86
-9,106,-2,102,37,-178,-79,89
-9,105,-1,103,37,-178,-79,89
-9,104,-2,102,37,-178,-79,86
-8,102,-3,101,37,-178,-78,83
-7,101,-5,100,37,-178,-78,81
-8,100,-5,100,37,-178,-78,80
-9,100,-5,100,37,-178,-79,80
-10,99,-4,100,37,-178,-79,80
-10,97,-4,100,37,-178,-80,78
-10,95,-4,100,37,-178,-80,75
-11,93,-5,99,38,-178,-79,73
-12,90,-5,99,37,-178,-79,70
-13,88,-6,98,37,-178,-80,68
-14,86,-7,98,37,-178,-81,65
-16,83,-7,97,38,-178,-83,63
-17,81,-8,97,38,-178,-84,61
-18,77,-8,97,37,-178,-85,57
-18,72,-8,96,36,-177,-85,52
-18,68,-9,96,36,-177,-85,48
-18,65,-11,94,36,-177,-85,42
-18,62,-12,93,37,-178,-85,39
-19,60,-12,93,38,-178,-84,36
-20,56,-11,92,38,-178,-84,32
-21,53,-10,92,37,-178,-85,31
-22,48,-11,92,37,-178,-85,28
-22,44,-12,91,37,-178,-86,20
-23,40,-12,89,38,-178,-84,17
-23,36,-12,86,37,-176,-84,15
-23,33,-12,86,37,-174,-84,12
-23,31,-12,86,37,-174,-84,9
-25,28,-12,86,37,-176,-85,7
-26,25,-12,86,37,-178,-86,4
-27,22,-12,86,37,-178,-87,1
-27,20,-12,86,37,-177,-87,-1
-26,18,-12,86,37,-176,-87,-3
-25,17,-13,85,37,-177,-85,-4
-24,15,-15,84,37,-177,-85,-8
-25,13,-16,83,37,-177,-83,-10
-27,12,-16,83,37,-177,-85,-10
-28,11,-15,84,37,-176,-89,-12
-29,11,-14,84,37,-176,-89,-13
-28,11,-14,84,37,-176,-89,-12
-27,13,-16,83,37,-175,-85,-10
-25,15,-16,83,37,-176,-84,-8
-26,17,-16,83,37,-177,-84,-7
-26,18,-15,84,37,-176,-86,-6
-26,19,-14,84,37,-174,-87,-4
-26,20,-14,85,38,-173,-86,-3
-25,23,-13,86,38,-173,-86,1
-24,26,-12,86,37,-174,-84,4
-23,30,-12,86,37,-176,-84,8
-21,33,-12,86,37,-177,-83,12
-20,39,-11,87,37,-176,-81,18
-19,44,-10,88,37,-175,-80,23
-19,48,-9,89,37,-176,-80,28
-18,52,-8,90,37,-177,-80,31
-18,56,-7,90,37,-177,-79,36
-16,62,-6,91,37,-176,-80,43
-15,68,-5,93,37,-175,-79,51
-14,75,-3,94,37,-174,-79,57
-14,81,-2,95,37,-176,-79,63
-12,85,-2,96,37,-178,-76,68
-10,90,-1,96,37,-178,-74,73
-7,95,0,97,37,-178,-72,78
-6,103,0,98,37,-178,-73,89
-5,112,3,100,37,-178,-73,98
-3,119,4,102,37,-178,-72,106
-1,125,5,103,37,-178,-69,111
1,130,5,103,37,-178,-65,117
3,136,6,104,37,-178,-64,123
4,144,7,104,37,-178,-63,134
6,152,9,106,37,-178,-64,141
7,159,10,107,37,-178,-63,150
10,166,11,108,37,-177,-61,156
10,173,12,109,37,-176,-61,163
10,181,12,109,37,-175,-61,172
10,189,12,109,37,-176,-62,179
10,195,13,110,37,-176,-61,185
13,200,15,112,37,-176,-61,192
16,204,16,113,37,-176,-57,197
18,209,16,113,37,-177,-56,202
18,215,16,112,37,-178,-56,208
17,220,16,112,37,-178,-57,213
17,224,17,113,37,-177,-58,218
18,226,18,115,37,-174,-57,220
18,228,18,117,38,-173,-58,222
19,230,17,119,38,-173,-58,224
18,232,17,120,38,-173,-58,223
18,232,17,118,38,-173,-59,227
18,232,17,116,38,-173,-57,225
18,231,16,115,38,-173,-56,224
18,228,14,115,38,-173,-58,219
18,224,13,115,38,-173,-58,216
18,220,13,115,38,-173,-59,212
16,215,14,115,38,-173,-61,206
13,211,13,114,38,-173,-61,202
10,205,10,114,38,-173,-67,196
8,198,9,113,38,-173,-68,186
7,191,7,112,38,-173,-67,179
6,182,7,111,38,-173,-68,170
3,174,5,109,38,-173,-69,161
1,165,4,108,38,-173,-72,152
0,155,3,108,39,-173,-74,142
-2,144,2,107,40,-173,-75,128
-4,132,0,105,39,-171,-75,115
-7,120,-1,103,38,-170,-78,103
-10,109,-3,101,38,-169,-80,90
-12,97,-5,100,38,-169,-83,78
-14,86,-6,99,38,-169,-81,65
-16,74,-7,98,38,-169,-83,53
-18,62,-9,96,38,-168,-85,42
-20,51,-10,93,38,-168,-84,30
-22,40,-10,90,38,-168,-85,19
-23,30,-10,89,38,-168,-84,8
-25,19,-11,87,38,-168,-85,-2
-26,8,-13,86,38,-168,-86,-13
-27,0,-15,84,39,-168,-87,-25
-28,-8,-17,82,39,-168,-85,-32
-30,-16,-18,81,40,-168,-87,-41
-31,-23,-20,80,39,-168,-87,-48
-31,-30,-21,79,39,-168,-87,-58
-31,-36,-22,77,38,-168,-87,-64
-31,-41,-23,77,38,-168,-87,-69
-32,-44,-23,77,38,-168,-89,-73
-33,-46,-23,76,39,-168,-87,-74
-35,-47,-22,76,39,-168,-89,-75
-36,-47,-22,75,40,-168,-90,-76
-36,-48,-22,76,40,-168,-90,-76
-36,-47,-22,76,39,-168,-90,-76
-36,-46,-22,76,40,-168,-90,-74
-37,-43,-22,75,41,-168,-91,-72
-38,-37,-22,75,42,-168,-92,-65
-37,-31,-23,76,41,-168,-91,-59
-36,-25,-22,78,41,-168,-93,-52
-35,-19,-21,79,42,-168,-92,-47
-34,-13,-20,79,43,-168,-91,-39
-34,-7,-19,80,43,-169,-91,-32
-32,0,-19,82,41,-168,-90,-25
-32,8,-18,83,39,-168,-92,-15
-32,16,-17,84,38,-168,-92,-7
-33,24,-15,85,39,-168,-93,0
-34,32,-14,86,41,-169,-95,8
-33,41,-15,89,42,-172,-97,17
-32,50,-15,90,42,-173,-96,25
-31,59,-15,91,41,-173,-96,35
-30,68,-13,93,41,-173,-97,45
-30,76,-12,95,42,-173,-97,52
-30,83,-11,98,43,-173,-100,59
-29,89,-11,100,43,-173,-100,65
-29,95,-12,101,43,-173,-101,72
-27,101,-10,101,43,-173,-100,78
-26,107,-9,102,43,-173,-98,85
-25,112,-8,103,43,-173,-98,89
-25,115,-7,104,43,-173,-97,93
-23,118,-8,104,43,-173,-96,96
-22,120,-8,103,43,-173,-95,98
-21,121,-8,103,43,-173,-95,100
-21,121,-8,104,43,-173,-93,98
-20,119,-8,104,43,-173,-93,97
-19,118,-8,103,42,-173,-92,96
-19,117,-7,102,41,-173,-92,97
-18,115,-7,102,41,-173,-89,96
-18,112,-7,103,42,-173,-90,92
-17,106,-6,102,42,-173,-87,86
-17,101,-6,101,41,-173,-86,81
-18,97,-6,99,39,-173,-85,76
-19,93,-7,97,38,-173,-86,73
-20,88,-8,97,39,-173,-87,68
-20,82,-9,96,41,-173,-86,62
-19,74,-10,96,41,-173,-86,53
-19,67,-11,94,39,-173,-86,43
-20,59,-12,93,38,-173,-86,36
-22,52,-12,93,38,-173,-89,29
-24,44,-12,93,39,-173,-90,20
-25,36,-13,93,39,-173,-91,12
-26,28,-14,91,40,-173,-90,4
-26,22,-15,90,40,-173,-90,-2
-27,16,-15,89,39,-173,-90,-8
-28,11,-14,86,39,-173,-87,-13
-28,6,-15,84,38,-171,-89,-18
-29,0,-17,84,39,-170,-89,-24
-30,-5,-18,85,41,-169,-90,-32
-30,-11,-18,85,41,-169,-90,-36
-31,-15,-17,84,40,-170,-91,-41
-32,-18,-16,83,38,-170,-92,-43
-33,-20,-16,84,37,-171,-92,-45
-33,-22,-17,84,38,-171,-93,-47
-34,-24,-17,84,39,-172,-93,-50
-36,-25,-16,83,40,-172,-95,-51
-36,-25,-16,83,39,-172,-93,-51
-36,-25,-16,83,39,-172,-92,-51
-35,-23,-16,83,39,-171,-92,-48
-35,-19,-16,83,41,-172,-92,-45
-35,-16,-16,83,42,-173,-92,-41
-36,-12,-17,84,42,-173,-96,-37
-37,-9,-18,86,41,-173,-97,-36
-38,-4,-19,87,41,-173,-100,-31
-37,0,-19,86,40,-173,-100,-26
-36,6,-18,85,40,-173,-97,-18
-35,11,-17,85,40,-173,-96,-13
-35,17,-16,86,41,-173,-95,-7
-34,22,-16,88,41,-173,-97,-1
-33,28,-15,90,41,-173,-96,3
-32,33,-15,90,41,-173,-96,9
-32,39,-16,90,41,-173,-96,15
-32,46,-16,90,43,-173,-96,23
-32,52,-16,90,43,-173,-96,29
-31,57,-14,91,41,-173,-95,32
-29,61,-13,92,41,-173,-96,37
-28,66,-12,93,41,-174,-95,43
-28,73,-12,93,42,-176,-95,50
-27,79,-13,94,43,-176,-95,56
-27,83,-13,97,42,-176,-96,61
-26,87,-13,99,41,-175,-96,64
-26,89,-12,101,40,-175,-98,67
-25,90,-11,101,41,-176,-95,68
-24,92,-11,100,42,-177,-93,69
-23,94,-11,100,43,-177,-93,72
-22,96,-11,100,43,-177,-92,74
-20,97,-11,100,42,-177,-90,75
-18,97,-11,100,42,-178,-89,74
-18,95,-11,100,42,-178,-87,73
-19,94,-11,101,43,-178,-89,72
-21,93,-12,101,42,-178,-93,70
-21,92,-11,100,42,-178,-91,69
-21,90,-11,99,42,-178,-90,67
-19,87,-9,98,42,-178,-89,67
-19,83,-8,97,42,-178,-86,63
-19,80,-8,96,42,-178,-86,59
-18,76,-9,96,42,-178,-85,56
-18,72,-11,94,42,-178,-85,50
-18,68,-12,93,42,-178,-85,45
-19,63,-12,93,42,-178,-85,40
-19,57,-12,93,42,-179,-86,34
-19,53,-12,93,42,-178,-85,30
-19,49,-12,93,42,-177,-85,25
-19,45,-12,93,42,-175,-85,21
-20,42,-12,93,43,-173,-86,19
-21,39,-12,93,43,-173,-86,15
-20,37,-12,93,42,-173,-86,13
-20,34,-12,93,42,-175,-86,10
-20,31,-12,93,43,-175,-86,7
-20,28,-12,93,43,-175,-86,4
-20,27,-12,93,42,-174,-86,3
-20,27,-12,93,41,-173,-85,3
-20,27,-12,93,39,-173,-85,3
-20,27,-12,93,38,-173,-85,3
-20,27,-11,92,39,-173,-83,3
-20,27,-11,92,39,-173,-84,6
-20,28,-11,92,40,-173,-84,4
-20,31,-11,93,40,-173,-86,7
-20,34,-12,93,39,-173,-86,10
-20,37,-12,93,39,-173,-85,13
-19,40,-12,93,38,-173,-85,17
-19,43,-12,93,38,-173,-85,19
-19,46,-12,93,38,-173,-85,23
-20,50,-11,94,37,-174,-86,26
-19,54,-9,96,37,-175,-86,32
-18,57,-8,96,38,-176,-85,36
-17,61,-8,97,39,-175,-84,40
-16,64,-8,97,39,-174,-83,43
-16,68,-8,96,39,-173,-83,47
-17,73,-8,96,39,-173,-84,52
-18,77,-8,97,39,-174,-85,57
-17,81,-8,97,39,-175,-84,61
-17,85,-9,96,39,-174,-84,64
-16,88,-8,97,39,-173,-84,68
-16,92,-7,97,39,-174,-84,72
-16,95,-6,99,39,-176,-84,75
-15,98,-5,100,39,-178,-85,78
-15,100,-5,101,39,-178,-85,80
-16,101,-6,102,40,-178,-86,81
-17,103,-7,102,39,-178,-87,84
-18,105,-6,101,39,-178,-87,85
-18,106,-7,102,39,-178,-89,86
-18,106,-7,102,41,-178,-91,86
-20,105,-8,103,42,-178,-92,83
-21,104,-8,104,41,-178,-95,81
-22,104,-8,104,39,-178,-95,81
-22,102,-8,104,38,-178,-95,80
-22,100,-8,103,38,-178,-95,78
-22,96,-9,102,39,-178,-95,74
-23,92,-9,102,41,-178,-96,69
-25,87,-9,102,41,-178,-97,64
-27,83,-9,102,41,-178,-98,61
-27,79,-10,101,41,-178,-100,56
-27,74,-11,101,42,-178,-98,51
-27,68,-12,100,42,-178,-96,45
-27,62,-12,99,41,-178,-96,39
-29,55,-13,97,39,-178,-98,31
-31,49,-14,96,37,-178,-100,25
-34,42,-15,96,37,-178,-102,15
-36,35,-16,95,39,-178,-104,8
-37,29,-16,94,41,-178,-103,2
-38,23,-17,91,41,-178,-104,-3
-39,17,-17,89,39,-178,-102,-7
-39,9,-18,87,38,-178,-102,-17
-40,1,-20,86,37,-178,-103,-25
-42,-6,-21,85,37,-178,-102,-34
-44,-13,-23,83,38,-178,-104,-41
-47,-20,-24,82,38,-177,-107,-48
-48,-28,-25,81,38,-177,-108,-59
-49,-36,-26,80,37,-176,-108,-67
-49,-43,-27,80,37,-176,-108,-74
-49,-49,-27,79,38,-176,-108,-81
-50,-55,-28,78,39,-175,-107,-87
-51,-61,-30,77,39,-174,-107,-92
-52,-67,-31,75,39,-175,-108,-98
-52,-73,-33,74,38,-176,-108,-107
-53,-79,-33,74,37,-177,-108,-113
-54,-83,-33,74,37,-178,-109,-118
-55,-87,-34,73,37,-178,-111,-123
-56,-90,-35,73,38,-178,-112,-125
-57,-92,-36,72,38,-178,-109,-126
-58,-93,-37,70,37,-178,-111,-128
-59,-93,-38,70,37,-178,-112,-129
-60,-93,-38,70,37,-178,-113,-129
-59,-93,-37,70,37,-178,-112,-129
-60,-93,-37,71,37,-178,-113,-129
-60,-93,-36,71,37,-178,-113,-129
-60,-92,-36,72,37,-178,-113,-128
-60,-90,-36,72,37,-178,-115,-125
-59,-87,-36,72,37,-179,-114,-123
-58,-86,-35,72,37,-179,-114,-120
-59,-83,-34,73,37,-179,-114,-118
-60,-81,-33,74,37,-180,-115,-115
-59,-77,-34,74,37,-181,-115,-112
-58,-72,-35,75,37,-182,-114,-107
-57,-68,-34,75,37,-183,-113,-102
-55,-63,-32,77,37,-183,-114,-97
-55,-58,-31,78,37,-183,-113,-92
-55,-53,-30,80,37,-183,-114,-87
-56,-46,-29,82,37,-183,-115,-80
-55,-40,-29,83,37,-183,-117,-74
-53,-34,-28,83,37,-183,-115,-65
-50,-29,-27,82,37,-183,-109,-61
-47,-24,-25,81,37,-183,-107,-54
-45,-18,-24,82,37,-183,-106,-46
-44,-10,-23,83,37,-182,-104,-37
-43,-1,-23,84,37,-183,-103,-29
-41,5,-22,84,37,-184,-101,-21
-39,11,-21,86,37,-186,-102,-15
-39,17,-18,88,37,-187,-102,-9
-38,23,-16,89,37,-188,-101,-1
-36,28,-16,90,37,-188,-98,4
-32,33,-15,90,37,-187,-96,9
-30,38,-15,90,37,-187,-93,14
-29,44,-14,91,37,-187,-92,20
-28,51,-14,92,37,-187,-91,28
-26,57,-12,93,37,-187,-92,34
-22,63,-10,94,37,-187,-89,42
-19,68,-9,95,37,-187,-86,47
-17,73,-7,95,37,-188,-84,52
-17,79,-6,95,37,-188,-81,58
-16,85,-4,94,37,-187,-80,67
-14,90,-3,95,37,-187,-79,72
-12,94,-2,97,37,-188,-80,76
-11,99,-2,100,36,-189,-78,83
-10,104,-2,102,36,-191,-80,87
-9,109,-1,103,36,-191,-79,92
-7,113,0,102,36,-191,-78,96
-6,116,0,101,36,-191,-74,100
-5,120,0,103,36,-191,-75,103
-4,124,1,105,36,-191,-74,108
-3,129,1,107,36,-191,-76,113
-2,133,2,106,36,-191,-73,117
-1,136,3,105,36,-192,-72,123
0,138,3,105,36,-193,-72,124
0,140,3,106,36,-193,-70,126
0,142,5,108,36,-192,-73,129
1,144,6,109,36,-192,-72,130
1,147,7,109,36,-193,-72,134
2,149,7,108,36,-192,-70,136
3,151,6,108,36,-191,-69,137
3,153,6,108,36,-189,-69,140
4,154,7,108,37,-187,-65,141
4,155,8,107,37,-187,-67,145
4,156,8,106,37,-187,-67,145
5,157,9,106,37,-188,-65,146
6,159,9,106,37,-188,-64,148
7,159,8,106,37,-187,-63,148
8,159,8,106,37,-187,-62,148
8,158,9,106,37,-187,-62,148
8,158,9,106,37,-187,-62,147
8,158,9,106,37,-187,-62,147
8,157,9,106,37,-187,-62,147
9,156,9,106,37,-187,-61,146
10,155,9,106,37,-187,-61,145
10,155,9,106,37,-187,-59,145
10,155,7,105,37,-187,-61,144
9,153,6,103,37,-187,-58,140
8,151,5,103,37,-187,-59,137
8,148,6,104,37,-187,-59,135
9,147,7,105,37,-187,-62,136
9,145,8,105,37,-188,-61,135
9,144,6,104,37,-188,-58,131
9,143,5,103,37,-187,-58,129
8,141,4,103,37,-186,-59,128
8,140,5,102,37,-184,-59,126
8,137,6,102,37,-183,-58,124
8,135,6,101,37,-182,-59,124
7,133,6,102,37,-183,-59,119
7,130,6,101,37,-183,-61,119
6,128,7,100,37,-183,-59,117
5,126,8,99,37,-183,-59,115
4,125,8,99,37,-183,-61,114
4,125,8,99,37,-183,-61,113
4,124,8,99,37,-183,-61,113
3,123,8,99,37,-183,-62,112
2,121,8,99,37,-183,-63,111
2,119,8,99,37,-183,-62,108
2,117,8,99,37,-183,-62,106
1,116,8,99,37,-183,-63,104
0,116,8,99,37,-182,-64,104
-1,115,7,100,37,-181,-67,104
-1,115,7,101,37,-181,-69,103
-2,115,6,101,37,-181,-69,103
-1,115,7,101,37,-182,-69,103
0,115,7,100,37,-183,-65,103
0,116,8,99,37,-183,-64,104
1,117,8,99,37,-181,-63,106
0,118,8,99,37,-179,-64,106
0,118,8,99,37,-178,-65,107
-1,119,8,99,37,-177,-67,107
0,120,8,99,37,-178,-65,108
0,121,8,99,37,-178,-64,109
0,122,8,99,37,-178,-64,111
0,122,8,99,37,-178,-64,111
0,123,8,99,37,-178,-65,112
0,125,7,100,38,-178,-65,114
1,128,7,100,38,-178,-64,117
2,129,7,100,38,-178,-63,118
1,130,7,101,37,-178,-63,119
1,130,6,101,37,-178,-65,118
1,130,5,102,38,-178,-65,115
2,131,5,102,39,-178,-64,117
3,133,6,102,41,-178,-63,119
4,135,6,101,42,-178,-63,124
4,135,6,101,43,-178,-63,124
4,135,7,101,43,-178,-61,124
3,136,7,101,42,-178,-62,125
3,139,6,101,42,-178,-64,128
5,141,6,102,42,-178,-63,128
6,142,6,102,43,-177,-62,129
6,142,6,101,42,-176,-61,131
6,142,6,101,42,-175,-62,131
6,141,6,101,42,-174,-62,130
6,141,6,102,42,-174,-62,128
6,141,5,102,42,-175,-62,128
6,142,5,103,42,-175,-62,129
6,142,5,103,42,-174,-61,129
6,142,5,103,42,-174,-62,129
5,141,5,103,42,-175,-63,128
3,139,5,103,43,-177,-64,125
3,137,5,103,42,-177,-64,124
2,137,5,103,42,-175,-65,123
3,137,3,102,42,-173,-64,123
3,137,3,101,43,-173,-64,124
3,137,3,100,43,-173,-64,123
3,135,3,100,42,-173,-64,122
3,134,5,98,41,-173,-62,123
1,132,5,96,41,-173,-61,122
0,131,5,95,41,-173,-62,120
0,131,4,96,42,-173,-65,120
0,131,3,97,43,-173,-64,118
2,130,3,97,43,-173,-63,117
2,129,3,97,43,-173,-63,115
1,127,3,97,43,-173,-64,113
0,126,3,98,43,-173,-65,113
-1,126,2,98,43,-173,-67,112
-1,126,2,98,43,-173,-67,113
-1,126,2,99,43,-173,-69,112
-2,124,1,99,43,-173,-70,111
-3,121,1,100,43,-173,-70,107
-3,119,1,100,43,-173,-72,106
-3,119,1,100,43,-173,-72,104
-3,119,1,99,43,-173,-72,106
-5,119,1,99,43,-173,-73,104
-6,117,1,100,43,-173,-74,102
-6,114,1,100,43,-173,-74,100
-6,112,1,99,43,-173,-73,98
-5,112,1,99,43,-173,-73,97
-4,111,1,100,43,-173,-72,97
-3,111,0,101,43,-173,-72,93
-4,109,0,101,42,-173,-74,92
-5,108,-1,101,42,-173,-75,91
-4,108,-3,100,43,-173,-72,91
-4,108,-3,99,43,-172,-72,91
-3,107,-5,99,43,-171,-70,87
-3,105,-5,100,43,-172,-73,86
-3,103,-5,100,43,-173,-73,84
-5,102,-5,100,43,-172,-74,83
-5,102,-4,100,43,-170,-75,83
-5,102,-5,100,43,-168,-75,83
-5,102,-5,100,43,-168,-75,83
-5,102,-5,100,43,-168,-74,83
-4,101,-5,100,43,-169,-74,81
-3,99,-5,100,43,-169,-73,79
-4,97,-5,100,43,-168,-74,78
-6,96,-5,101,43,-168,-75,76
-7,95,-6,101,43,-168,-76,75
-7,95,-6,101,43,-168,-76,75
-7,96,-6,101,43,-168,-76,76
-8,94,-7,103,43,-168,-80,74
-9,93,-7,103,43,-168,-81,73
-10,90,-7,103,43,-168,-81,70
-11,88,-7,100,43,-168,-80,68
-12,86,-7,97,43,-168,-79,67
-13,86,-8,96,43,-168,-80,65
-12,85,-8,96,43,-168,-79,64
-12,84,-8,97,43,-168,-79,64
-11,83,-8,97,43,-168,-78,63
-11,82,-8,97,43,-168,-78,62
-12,81,-8,97,43,-168,-79,62
-13,81,-9,97,43,-168,-80,61
-13,81,-8,97,43,-168,-80,61
-14,79,-7,95,43,-169,-80,59
-14,78,-6,93,43,-169,-79,58
-14,77,-5,93,43,-168,-78,59
-13,76,-6,94,43,-167,-78,56
-12,76,-7,96,43,-166,-79,56
-13,75,-7,95,43,-167,-80,54
-14,75,-7,93,43,-168,-79,54
-15,74,-8,91,43,-169,-80,53
-16,74,-8,90,43,-169,-78,53
-16,74,-9,89,43,-168,-78,53
-16,74,-9,90,43,-168,-78,53
-17,74,-8,90,43,-168,-79,53
-17,73,-8,90,43,-168,-79,53
-16,72,-9,90,43,-168,-80,51
-15,70,-10,90,43,-168,-80,50
-15,69,-10,91,43,-168,-79,48
-15,70,-10,91,43,-168,-79,50
-16,72,-8,91,44,-168,-80,51
-17,73,-7,91,45,-168,-79,53
-17,74,-6,91,44,-168,-79,56
-17,73,-6,92,43,-168,-81,56
-17,73,-7,94,43,-168,-81,53
-17,73,-7,95,43,-168,-84,52
-17,73,-7,95,43,-168,-84,53
-16,74,-6,94,43,-168,-80,53
-15,74,-6,94,43,-168,-80,53
-14,74,-7,95,43,-168,-81,53
-14,75,-8,97,43,-168,-80,54
-14,77,-9,97,43,-168,-80,57
-14,79,-8,96,43,-168,-81,58
-15,80,-7,94,43,-168,-79,59
-15,80,-6,94,43,-168,-80,59
-15,80,-7,95,43,-168,-83,59
-15,79,-8,96,43,-168,-83,59
-15,79,-8,96,43,-168,-81,59
-14,81,-7,95,43,-168,-81,61
-13,83,-6,94,43,-168,-78,63
-13,85,-5,93,43,-168,-78,68
-11,87,-5,93,43,-168,-76,69
-10,88,-5,93,43,-168,-75,72
-10,90,-5,93,43,-169,-74,73
-10,92,-5,93,43,-169,-74,74
-11,93,-5,93,43,-168,-76,75
-12,93,-5,93,43,-167,-76,76
-11,93,-5,93,43,-166,-76,76
-10,93,-5,93,43,-167,-75,76
-8,94,-3,92,43,-168,-70,78
-7,95,-1,92,43,-169,-69,80
-7,96,0,93,43,-169,-69,81
-7,96,0,93,43,-167,-69,81
-8,97,-2,93,43,-165,-70,80
-9,98,-2,92,43,-164,-72,81
-9,99,-1,91,43,-165,-72,84
-8,100,0,91,43,-165,-70,86
-6,101,1,92,43,-165,-69,87
-5,102,2,93,43,-164,-68,87
-4,102,1,93,43,-163,-67,87
-5,102,0,94,43,-163,-67,87
-5,102,0,94,44,-163,-68,87
-5,102,0,93,45,-164,-68,87
-5,102,1,93,45,-164,-68,87
-5,102,0,93,45,-163,-68,87
-6,103,0,95,45,-163,-70,89
-6,104,-1,96,46,-163,-70,86
-7,104,-2,97,45,-163,-72,87
-7,105,-2,96,44,-163,-72,89
-7,106,-1,96,45,-163,-72,89
-7,106,-1,96,46,-163,-73,90
-7,106,0,97,48,-164,-73,90
-7,106,0,97,49,-164,-75,90
-7,106,0,97,48,-164,-73,90
-7,106,-1,97,46,-163,-72,89
-7,105,0,97,46,-163,-72,87
-7,105,0,97,46,-163,-72,87
-7,105,0,97,47,-164,-72,89
-7,106,-1,96,48,-164,-72,89
-7,105,-1,96,48,-164,-72,89
-6,103,-2,96,48,-164,-70,86
-5,102,-1,96,48,-164,-70,85
-5,102,-1,96,48,-164,-69,85
-5,102,-1,96,48,-164,-70,85
-5,102,-2,96,48,-164,-70,85
-5,102,-2,95,48,-164,-70,85
-5,102,-3,95,48,-164,-69,85
-5,102,-2,95,48,-164,-69,85
-5,102,-3,95,48,-164,-70,85
-6,101,-4,94,48,-164,-72,84
-7,99,-5,93,48,-164,-72,83
-6,97,-5,93,48,-164,-72,80
-5,96,-5,93,48,-164,-70,79
-6,96,-5,93,48,-164,-70,79
-7,95,-5,93,48,-164,-72,78
-7,95,-5,93,48,-164,-72,78
-7,96,-5,93,48,-164,-73,79
-7,95,-5,93,48,-164,-72,78
-6,94,-5,93,48,-164,-70,76
-5,93,-5,93,48,-164,-70,75
-6,91,-6,92,48,-164,-70,74
-7,89,-6,91,48,-164,-72,72
-8,87,-6,92,48,-164,-73,70
-7,86,-5,93,48,-164,-72,68
-7,85,-5,93,48,-164,-72,68
-7,84,-6,92,48,-164,-72,67
-8,84,-7,92,48,-164,-72,64
-9,82,-6,92,48,-164,-73,64
-9,79,-5,93,48,-164,-73,62
-9,78,-4,93,48,-162,-73,61
-10,77,-5,93,48,-161,-74,59
-11,76,-7,92,48,-160,-75,56
-12,75,-8,91,48,-160,-76,54
-11,72,-7,90,48,-160,-73,54
-11,71,-3,89,48,-161,-73,53
-12,70,-2,89,48,-162,-74,56
-13,70,-3,89,48,-163,-72,52
-13,68,-5,88,48,-163,-74,51
-12,67,-7,87,48,-162,-73,48
-11,65,-7,87,48,-162,-70,47
-12,65,-6,86,48,-163,-72,47
-13,65,-5,86,48,-164,-72,47
-13,65,-4,86,48,-164,-72,47
-12,63,-4,87,48,-162,-70,46
-10,62,-3,88,48,-162,-69,45
-8,61,-3,89,48,-162,-67,43
-7,61,-2,89,48,-163,-69,46
-7,63,-2,89,48,-164,-69,48
-8,66,-2,89,48,-164,-69,51
-8,67,-2,89,48,-164,-69,52
-8,67,-2,89,48,-163,-70,52
-8,67,-2,89,48,-162,-69,52
-7,67,-2,89,48,-162,-69,52
-6,69,-2,89,48,-162,-67,54
-4,73,-2,89,48,-163,-65,58
-4,76,-2,89,48,-164,-63,62
-4,79,-2,90,48,-164,-65,64
-3,82,-1,90,48,-164,-65,67
-2,86,0,92,48,-164,-63,72
0,90,1,92,48,-164,-62,75
0,94,1,93,48,-164,-61,80
1,98,1,93,48,-164,-61,84
1,102,1,92,48,-164,-61,87
1,106,2,91,48,-164,-61,92
2,110,3,90,48,-164,-57,98
4,114,5,90,48,-164,-54,103
6,119,6,90,48,-164,-53,108
7,126,6,90,48,-164,-52,114
8,132,6,90,48,-164,-52,120
8,138,6,91,48,-164,-51,128
10,143,7,92,47,-164,-50,133
13,147,8,92,48,-164,-47,139
14,151,9,93,50,-164,-46,144
14,157,10,94,51,-164,-46,150
14,163,11,95,51,-164,-48,156
15,169,12,96,50,-164,-48,162
16,175,13,97,48,-164,-47,168
17,180,14,97,47,-164,-47,174
17,185,15,98,48,-162,-46,178
18,189,15,99,49,-160,-46,185
18,193,16,100,50,-160,-46,189
20,198,18,101,51,-162,-43,195
21,204,19,102,52,-164,-45,200
23,209,19,102,53,-165,-43,205
24,213,18,102,53,-164,-42,209
25,218,18,102,53,-162,-41,214
26,224,20,103,53,-161,-40,220
28,227,21,104,53,-159,-39,224
28,231,22,105,53,-159,-39,230
29,234,22,107,53,-159,-40,230
30,237,21,109,53,-159,-40,234
32,240,21,111,53,-159,-40,238
34,244,21,112,53,-159,-39,241
35,248,22,112,53,-159,-37,245
36,251,23,112,53,-159,-36,249
36,252,23,112,53,-159,-36,250
37,255,24,111,53,-159,-35,252
37,257,24,110,53,-159,-32,255
38,259,23,111,53,-159,-31,257
40,260,23,112,53,-159,-32,258
41,261,24,114,53,-159,-31,258
41,261,25,115,53,-159,-31,261
41,261,25,114,53,-158,-31,261
41,261,24,113,53,-157,-31,258
41,261,23,112,53,-156,-31,260
41,260,22,112,53,-155,-31,258
41,259,22,112,53,-155,-31,257
40,257,23,112,53,-154,-32,255
39,254,23,112,53,-154,-34,252
39,251,22,112,53,-154,-34,249
39,248,21,112,53,-155,-34,246
39,245,20,109,53,-155,-30,242
38,243,20,108,53,-154,-31,240
37,240,20,107,53,-154,-32,238
36,236,20,108,53,-154,-32,233
36,231,20,109,53,-155,-34,228
34,226,19,109,53,-155,-35,223
33,221,18,108,53,-154,-36,216
32,216,16,107,54,-153,-37,211
31,212,15,106,54,-151,-37,206
30,206,15,106,54,-150,-39,200
28,202,16,104,54,-149,-40,195
26,197,17,102,54,-149,-40,194
25,193,16,100,54,-150,-39,189
23,188,15,99,53,-150,-40,184
22,184,14,99,54,-149,-41,177
20,177,13,99,55,-149,-43,170
18,170,12,98,57,-149,-45,163
16,164,11,96,59,-150,-47,156
14,159,11,95,59,-150,-48,152
14,155,10,94,57,-150,-46,148
12,151,9,93,55,-150,-48,142
10,144,8,93,53,-149,-50,136
8,137,7,92,54,-148,-51,126
8,131,7,91,54,-148,-52,120
7,126,5,90,55,-147,-52,115
6,121,4,89,56,-146,-53,111
3,116,4,89,56,-145,-56,104
0,110,4,89,56,-144,-58,98
-1,105,3,88,56,-144,-61,93
-2,100,2,86,56,-144,-59,87
-3,95,0,86,57,-145,-61,81
-5,91,0,86,57,-144,-62,76
-7,86,0,87,56,-144,-67,72
-9,81,0,87,56,-144,-68,67
-10,77,-1,87,56,-145,-69,62
-10,73,-3,85,57,-145,-69,58
-11,69,-4,84,57,-144,-70,52
-12,65,-4,84,59,-143,-72,47
-14,60,-4,85,59,-141,-73,42
-15,56,-4,85,59,-142,-74,37
-15,52,-6,84,59,-144,-74,34
-15,49,-7,83,59,-145,-74,30
-15,46,-8,82,59,-144,-72,28
-16,44,-8,81,59,-142,-73,26
-18,41,-8,82,59,-140,-74,23
-19,37,-9,83,59,-139,-78,19
-20,34,-10,82,59,-140,-78,13
-21,32,-12,80,59,-142,-76,10
-22,31,-12,79,59,-143,-78,9
-23,30,-13,79,59,-143,-79,8
-22,28,-13,79,59,-142,-78,6
-22,26,-13,80,59,-142,-78,4
-23,24,-12,79,59,-141,-79,3
-24,23,-13,79,59,-141,-80,1
-26,21,-13,79,59,-141,-81,0
-27,19,-13,79,59,-141,-83,-2
-27,18,-12,79,59,-142,-83,-3
-26,18,-12,80,59,-141,-81,-3
-26,18,-13,79,59,-140,-81,-3
-26,18,-14,79,59,-140,-81,-3
-27,18,-15,77,59,-140,-83,-3
-28,18,-16,76,59,-140,-84,-3
-29,17,-17,75,59,-140,-84,-7
-30,16,-16,76,59,-140,-85,-4
-30,16,-15,77,59,-140,-85,-4
-29,17,-15,77,59,-140,-85,-4
-29,17,-15,77,59,-140,-85,-4
-29,16,-16,76,59,-140,-85,-4
-30,16,-16,76,59,-140,-85,-4
-30,17,-16,76,59,-140,-85,-4
-29,18,-16,76,59,-140,-85,-3
-29,19,-16,76,59,-140,-85,-2
-30,19,-16,76,59,-140,-86,-2
-31,20,-16,76,59,-140,-86,-1
-31,21,-16,76,59,-140,-87,0
-30,22,-16,76,59,-140,-86,0
-29,23,-16,76,59,-140,-85,1
-28,23,-16,76,59,-140,-84,1
-28,23,-16,76,59,-140,-84,1
-28,22,-16,76,59,-140,-84,1
-29,22,-16,76,59,-140,-85,0
-28,22,-16,76,59,-140,-84,1
-28,24,-16,76,59,-140,-84,3
-27,27,-15,77,59,-140,-83,6
-27,29,-15,77,59,-140,-83,8
-26,29,-15,77,59,-140,-81,8
-26,28,-16,76,59,-140,-81,7
-25,28,-16,76,59,-140,-81,3
-26,28,-16,77,59,-140,-81,6
-27,28,-15,78,59,-140,-83,7
-26,29,-14,78,59,-142,-83,8
-25,30,-13,79,59,-143,-81,8
-24,31,-13,79,59,-144,-79,9
-22,31,-13,80,59,-143,-78,10
-21,31,-14,81,59,-144,-80,10
-22,32,-15,82,59,-144,-80,8
-23,32,-15,82,59,-145,-81,8
-24,35,-14,81,59,-145,-83,13
-24,36,-14,81,59,-144,-83,14
-24,37,-14,81,59,-143,-83,15
-23,37,-15,82,59,-143,-81,13
-23,36,-16,83,60,-144,-81,13
-23,36,-15,82,60,-144,-81,13
-23,37,-14,81,61,-145,-81,15
-23,39,-12,79,60,-145,-79,18
-23,40,-12,79,59,-145,-79,19
-22,42,-12,79,59,-145,-79,21
-23,43,-13,79,59,-145,-79,21
-23,44,-13,79,59,-145,-79,23
-23,46,-13,80,59,-145,-79,25
-22,48,-11,80,59,-145,-79,28
-21,51,-10,82,59,-145,-78,30
-21,53,-9,83,59,-145,-79,35
-20,54,-9,83,59,-145,-79,36
-19,56,-9,83,59,-145,-78,37
-19,57,-9,83,59,-145,-78,39
-19,59,-9,83,59,-145,-78,41
-19,62,-9,83,59,-145,-78,43
-19,65,-9,83,59,-145,-78,47
-18,69,-9,83,59,-145,-78,51
-18,72,-9,83,59,-145,-76,53
-17,73,-8,83,59,-145,-76,56
-18,75,-7,84,59,-145,-78,57
-18,76,-7,85,59,-144,-78,58
-18,78,-6,85,59,-144,-78,61
-17,81,-5,86,59,-143,-76,63
-17,83,-5,86,59,-144,-76,65
-17,84,-5,86,59,-144,-76,67
-18,86,-5,86,59,-144,-78,68
-18,88,-5,86,59,-143,-78,70
-17,90,-5,86,59,-144,-76,73
-17,90,-5,86,59,-144,-76,73
-17,90,-5,86,59,-145,-76,73
-17,90,-5,86,59,-145,-76,73
-16,90,-5,86,59,-145,-75,73
-15,90,-5,86,59,-145,-75,73
-15,90,-5,86,59,-145,-75,73
-16,90,-5,86,59,-145,-75,73
-16,90,-5,86,59,-145,-75,73
-15,90,-5,86,59,-145,-75,73
-15,91,-5,86,59,-145,-75,74
-16,91,-5,86,59,-145,-75,74
-17,90,-5,86,59,-145,-76,73
-19,89,-6,86,59,-144,-79,72
-19,87,-6,85,59,-144,-79,70
-18,85,-8,83,59,-143,-78,68
-17,83,-9,83,59,-143,-76,65
-17,80,-9,83,59,-144,-76,61
-18,78,-9,83,59,-143,-78,58
-19,76,-9,83,59,-142,-78,58
-18,74,-7,82,59,-140,-75,57
-17,72,-7,80,59,-140,-74,54
-17,69,-8,79,59,-141,-73,51
-17,67,-10,78,59,-144,-72,48
-17,64,-10,77,59,-144,-72,46
-18,60,-10,76,59,-144,-72,42
-18,56,-9,76,59,-143,-72,39
-18,53,-10,77,59,-142,-72,35
-20,49,-12,78,59,-141,-76,29
-21,46,-12,79,59,-140,-78,25
-21,43,-12,79,59,-140,-78,23
-21,40,-11,79,59,-141,-78,19
-21,38,-12,78,59,-142,-78,17
-22,34,-13,78,59,-141,-79,13
-23,31,-14,76,59,-140,-76,9
-24,27,-15,75,59,-140,-78,6
-25,24,-16,75,59,-140,-79,2
-26,22,-16,76,59,-140,-83,1
-27,20,-16,76,59,-140,-83,-1
-27,17,-15,75,59,-140,-80,-4
-27,13,-14,75,59,-140,-80,-8
-28,10,-15,75,59,-140,-81,-12
-29,7,-17,75,59,-140,-83,-17
-30,5,-19,74,59,-141,-83,-19
-32,4,-20,73,59,-142,-84,-19
-32,3,-20,72,59,-141,-85,-21
-33,0,-20,73,59,-140,-85,-24
-33,-3,-20,73,59,-140,-86,-28
-33,-6,-20,73,59,-140,-86,-30
-34,-7,-20,73,59,-140,-86,-32
-34,-8,-20,73,59,-140,-86,-32
-34,-7,-20,73,59,-140,-86,-32
-36,-7,-20,73,59,-140,-87,-32
-37,-9,-20,73,59,-140,-89,-34
-37,-11,-20,73,59,-140,-90,-36
-37,-13,-20,73,59,-140,-90,-39
-36,-14,-20,73,59,-140,-89,-39
-36,-14,-21,72,59,-140,-89,-39
-36,-14,-22,70,59,-140,-89,-39
-36,-14,-24,70,59,-140,-89,-41
-36,-14,-25,71,58,-140,-89,-41
-36,-14,-26,72,57,-140,-91,-41
-37,-13,-26,73,57,-140,-92,-41
-38,-13,-26,72,59,-140,-92,-41
-38,-14,-25,71,60,-140,-91,-41
-38,-13,-24,70,60,-141,-90,-41
-38,-11,-24,70,59,-144,-90,-39
-38,-10,-25,71,57,-144,-90,-37
-38,-9,-25,72,57,-145,-90,-36
-38,-9,-26,72,58,-145,-93,-37
-38,-10,-26,72,59,-145,-93,-37
-39,-10,-26,72,59,-145,-93,-37
-39,-8,-26,72,57,-144,-93,-36
-39,-7,-26,72,57,-145,-93,-34
-38,-3,-25,72,57,-145,-92,-31
-37,-1,-26,72,59,-144,-92,-29
-38,0,-26,73,59,-144,-93,-26
-39,0,-27,73,58,-143,-93,-29
-39,0,-27,74,56,-143,-93,-26
-38,1,-26,74,54,-144,-92,-25
-36,3,-24,75,54,-145,-91,-23
-36,6,-22,75,54,-145,-92,-20
-36,7,-21,75,54,-144,-92,-17
-35,8,-22,76,54,-144,-91,-19
-34,8,-23,76,54,-144,-89,-18
-32,9,-25,76,54,-144,-87,-17
-33,11,-25,76,54,-144,-89,-15
-34,12,-24,76,54,-144,-90,-14
-35,13,-22,75,54,-144,-90,-13
-35,14,-21,74,54,-144,-91,-9
-34,14,-20,73,54,-144,-87,-9
-33,14,-21,74,54,-144,-89,-9
-32,15,-22,75,54,-144,-87,-12
-31,15,-23,76,54,-144,-86,-10
-31,16,-24,77,54,-144,-89,-10
-31,17,-22,78,54,-145,-89,-9
-32,19,-21,79,54,-145,-90,-7
-33,20,-18,79,54,-144,-91,-3
-33,20,-17,78,54,-144,-89,-3
-33,20,-16,76,54,-144,-89,-3
-31,21,-16,76,54,-145,-87,0
-30,22,-16,76,54,-146,-85,0
-28,22,-17,76,54,-147,-84,-1
-28,22,-16,76,54,-148,-84,1
-28,23,-15,77,54,-148,-84,1
-28,24,-14,79,54,-148,-84,3
-27,27,-13,80,54,-148,-83,6
-27,29,-12,79,54,-147,-83,7
-27,30,-13,78,54,-146,-83,8
-26,29,-13,77,54,-144,-83,8
-25,30,-13,77,54,-144,-81,8
-24,31,-12,79,54,-144,-79,9
-22,31,-12,79,54,-146,-78,9
-22,32,-11,79,54,-148,-78,10
-22,33,-12,78,54,-149,-78,12
-21,36,-11,78,54,-148,-78,14
-20,38,-11,77,54,-148,-74,19
-20,40,-10,78,54,-148,-73,21
-19,43,-10,79,54,-149,-75,24
-19,46,-10,79,54,-150,-75,28
-18,49,-11,80,54,-150,-75,28
-18,51,-10,80,54,-149,-74,30
-17,53,-9,80,54,-149,-74,35
-17,55,-7,80,54,-149,-73,36
-15,57,-6,79,54,-149,-69,40
-14,60,-5,79,54,-149,-68,45
-13,62,-6,79,54,-149,-67,45
-13,64,-6,79,54,-149,-67,46
-12,66,-7,78,54,-149,-67,48
-11,70,-7,78,54,-149,-65,52
-10,73,-7,78,54,-149,-64,56
-9,76,-6,79,54,-149,-63,58
-8,78,-6,79,54,-149,-63,61
-7,80,-6,79,54,-149,-62,63
-7,82,-6,79,54,-149,-62,65
-7,85,-5,80,54,-149,-62,70
-8,88,-3,81,54,-149,-65,73
-9,90,-2,83,54,-149,-65,76
-7,93,-2,83,54,-149,-64,79
-6,96,-2,82,54,-149,-63,81
-4,99,-2,82,54,-149,-62,85
-4,101,-2,82,54,-149,-62,86
-5,102,-1,83,54,-149,-63,87
-5,102,0,85,54,-149,-62,87
-4,103,0,86,54,-149,-62,89
-3,104,1,86,54,-149,-61,92
-2,107,1,86,54,-149,-59,96
-1,110,0,86,55,-149,-59,96
0,112,0,86,56,-149,-58,97
0,112,0,86,55,-149,-58,98
0,114,1,86,54,-149,-57,102
0,115,1,86,54,-149,-57,104
1,116,0,86,54,-149,-56,103
2,117,0,86,54,-149,-54,103
2,118,0,86,54,-149,-54,104
3,118,1,86,54,-149,-54,107
3,118,2,86,54,-149,-53,107
4,119,2,87,54,-149,-56,107
3,118,1,87,54,-149,-53,107
3,118,1,86,54,-149,-54,107
2,117,1,85,54,-149,-54,106
2,118,2,84,54,-149,-54,107
1,119,2,83,54,-149,-56,107
2,119,3,83,54,-149,-53,108
2,119,4,82,55,-149,-53,108
1,119,5,83,55,-150,-53,111
1,119,5,83,55,-150,-53,111
1,120,6,84,54,-149,-53,111
1,119,7,85,55,-148,-53,111
2,119,7,85,56,-148,-53,109
2,118,7,84,55,-147,-52,109
2,118,6,84,54,-147,-52,109
3,117,7,84,54,-146,-52,108
3,116,7,85,54,-146,-52,107
3,114,7,84,54,-147,-52,106
3,112,5,83,54,-148,-51,103
3,112,4,82,54,-148,-51,101
3,112,3,82,54,-147,-51,101
2,112,3,82,54,-145,-52,101
0,111,4,82,54,-144,-53,100
0,111,4,82,54,-144,-54,100
0,111,4,82,54,-145,-53,100
0,111,3,83,54,-145,-54,100
0,110,2,85,56,-144,-57,98
-1,108,0,86,57,-144,-58,93
-1,106,0,86,58,-145,-58,92
-1,104,1,85,58,-145,-58,92
-2,103,2,84,57,-144,-59,91
-4,102,2,85,57,-144,-62,91
-4,101,1,85,57,-144,-62,89
-3,99,0,85,57,-144,-61,85
-3,98,-1,83,57,-144,-61,84
-4,97,-2,83,57,-144,-61,83
-6,96,-2,82,57,-144,-63,81
-6,94,-2,82,57,-144,-63,80
-6,93,-2,83,58,-145,-63,78
-5,91,-2,83,59,-145,-62,76
-5,89,-2,82,59,-145,-62,74
-6,86,-4,81,59,-145,-63,72
-6,85,-5,80,57,-144,-63,70
-7,84,-4,80,57,-144,-62,69
-7,82,-3,81,56,-144,-64,68
-8,80,-3,81,56,-144,-64,65
-8,79,-4,81,58,-145,-65,64
-9,77,-7,80,59,-145,-65,59
-9,76,-7,80,59,-145,-65,58
-10,73,-7,80,59,-145,-67,56
-11,71,-7,81,57,-144,-68,53
-12,70,-8,82,57,-144,-68,53
-12,71,-9,83,57,-144,-72,53
-12,71,-9,83,58,-145,-70,53
-11,69,-8,82,59,-145,-68,52
-12,67,-7,81,59,-145,-68,48
-12,65,-8,81,59,-145,-69,47
-13,64,-10,82,59,-145,-69,43
-13,64,-11,82,59,-145,-72,43
-12,65,-11,81,59,-145,-69,45
-12,65,-11,79,59,-145,-69,45
-13,64,-10,78,59,-145,-67,46
-13,63,-10,78,59,-145,-69,45
-14,60,-10,79,59,-145,-70,42
-14,58,-11,79,59,-145,-70,37
-14,57,-12,79,59,-145,-70,36
-14,58,-12,79,59,-145,-70,37
-14,58,-11,79,59,-145,-70,37
-14,58,-11,79,59,-145,-70,37
-16,57,-11,80,59,-145,-72,37
-18,56,-11,81,59,-145,-74,36
-18,56,-10,82,59,-145,-75,35
-19,55,-10,81,59,-144,-75,35
-19,55,-11,81,59,-144,-75,35
-18,56,-11,81,59,-143,-75,35
-18,56,-11,81,59,-144,-75,35
-18,56,-10,82,59,-144,-75,35
-19,55,-10,82,59,-144,-78,35
-19,55,-10,82,59,-143,-75,35
-18,56,-9,82,59,-143,-78,37
-18,56,-9,83,59,-143,-76,39
-16,57,-9,83,59,-144,-75,40
-14,58,-9,83,59,-144,-73,40
-14,58,-9,83,59,-143,-73,40
-14,58,-8,82,59,-142,-70,40
-14,57,-7,81,59,-142,-70,40
-13,59,-7,80,59,-143,-69,41
-12,61,-6,79,59,-143,-65,43
-11,63,-6,79,59,-142,-65,46
-12,65,-6,79,59,-142,-65,47
-13,65,-7,80,59,-141,-69,47
-14,66,-8,82,59,-141,-70,48
-14,68,-8,82,59,-140,-70,50
-13,69,-8,82,59,-141,-70,52
-12,71,-8,81,59,-143,-69,53
-11,71,-9,82,59,-144,-68,53
-10,72,-9,83,59,-144,-69,54
-10,73,-8,83,59,-143,-69,56
-9,75,-6,85,59,-142,-68,58
-9,78,-4,84,59,-141,-65,61
-9,80,-3,84,59,-141,-65,65
-10,81,-3,83,59,-141,-67,67
-11,82,-3,83,59,-141,-68,67
-11,83,-3,83,59,-142,-68,68
-10,83,-3,83,59,-142,-67,68
-8,84,-3,84,59,-143,-64,69
-7,84,-3,84,59,-144,-63,69
-7,85,-2,84,59,-143,-63,70
-7,86,0,84,59,-142,-64,72
-7,86,0,83,59,-142,-64,72
-8,87,0,84,59,-144,-65,73
-8,88,-1,86,59,-145,-68,73
-10,88,-2,88,59,-145,-69,73
-12,87,-1,88,59,-145,-72,72
-13,86,0,86,59,-145,-73,70
-13,84,0,84,59,-145,-70,69
-12,84,0,83,59,-145,-69,69
-11,83,0,84,59,-145,-68,68
-11,82,0,85,59,-145,-68,68
-10,82,0,86,59,-145,-68,67
-11,82,1,86,59,-145,-68,68
-11,82,0,86,59,-145,-68,67
-10,81,0,85,59,-145,-67,67
-9,79,0,84,59,-145,-65,64
-8,78,0,84,59,-145,-65,63
-9,77,-1,83,59,-145,-65,63
-10,77,-2,83,59,-145,-67,63
-10,77,-2,83,59,-145,-67,62
-10,75,-1,83,59,-145,-67,61
-9,74,0,84,59,-145,-65,58
-8,73,-1,83,59,-145,-64,58
-7,72,-2,83,59,-145,-63,58
-7,73,-3,83,59,-145,-63,58
-6,74,-3,84,59,-145,-63,59
-6,74,-4,85,59,-145,-65,56
-6,74,-4,85,59,-145,-65,56
-7,74,-5,86,59,-145,-65,56
-6,73,-6,86,59,-145,-65,56
-6,73,-6,86,59,-143,-65,56
-6,74,-5,86,59,-141,-65,56
-7,75,-4,86,59,-141,-65,57
-8,76,-4,87,59,-143,-68,58
-8,78,-4,87,59,-145,-68,61
-8,80,-3,87,59,-145,-68,63
-7,83,-3,88,59,-145,-67,65
-7,84,-3,88,59,-145,-65,67
-7,85,-4,87,59,-145,-65,68
-7,85,-5,86,58,-145,-65,68
-6,86,-4,86,57,-144,-65,69
-6,89,-3,88,57,-144,-65,72
-5,92,-2,89,57,-144,-68,78
-5,95,-1,90,58,-145,-67,81
-4,98,-2,89,59,-145,-67,84
-5,101,-2,89,59,-145,-67,86
-6,103,-2,89,59,-145,-68,89
-7,105,-2,89,59,-145,-69,91
-6,107,-2,89,59,-145,-69,92
-4,108,-2,89,59,-145,-64,93
-2,110,-2,89,59,-145,-65,96
-1,113,-1,90,59,-145,-64,100
-2,116,0,92,59,-145,-64,102
-1,119,1,92,59,-145,-64,106
0,121,1,93,59,-145,-63,107
0,122,1,93,59,-145,-62,108
0,122,1,93,59,-145,-62,108
1,123,0,92,59,-145,-61,109
2,126,1,92,59,-145,-61,113
2,128,2,92,59,-145,-61,114
1,130,3,92,59,-145,-61,119
0,131,4,94,59,-145,-62,120
0,133,4,95,59,-145,-62,122
0,133,3,95,59,-145,-62,120
2,134,2,94,59,-145,-61,120
2,134,2,93,59,-145,-59,120
2,134,1,93,59,-144,-61,120
1,133,1,93,59,-143,-62,119
0,133,1,93,59,-142,-62,119
0,133,1,93,59,-140,-63,119
0,133,1,92,59,-140,-63,119
0,133,1,93,59,-142,-62,119
0,131,0,94,59,-143,-62,118
0,129,0,95,59,-143,-64,113
0,127,-1,96,59,-142,-65,111
-1,126,-1,95,59,-141,-67,109
-2,124,-1,94,59,-142,-68,108
-3,122,-3,93,59,-143,-69,106
-5,119,-4,93,59,-144,-70,102
-6,116,-6,93,59,-143,-70,100
-5,113,-6,93,59,-142,-70,97
-4,110,-5,93,59,-140,-69,93
-3,106,-4,92,59,-140,-65,90
-4,102,-3,90,59,-140,-67,85
-6,97,-2,89,59,-140,-68,80
-8,93,-2,88,59,-140,-68,79
-8,90,-3,88,59,-140,-68,73
-9,87,-4,88,59,-140,-69,70
-10,83,-5,87,60,-140,-69,65
-10,79,-6,86,61,-140,-69,62
-11,75,-6,85,61,-140,-70,57
-12,70,-7,85,61,-140,-70,53
-12,67,-6,85,60,-140,-72,48
-13,62,-7,85,59,-140,-72,45
-13,58,-8,84,59,-140,-72,41
-14,54,-9,83,59,-140,-73,36
-14,51,-9,82,59,-140,-73,32
-16,47,-9,82,59,-140,-74,29
-17,44,-9,83,60,-140,-75,26
-18,41,-9,83,61,-140,-76,23
-18,37,-9,83,61,-140,-76,19
-19,33,-10,82,61,-140,-74,12
-20,29,-11,80,60,-140,-75,8
-21,26,-12,79,59,-140,-76,4
-22,24,-13,79,59,-140,-78,3
-23,22,-13,79,59,-140,-79,1
-24,20,-12,79,59,-140,-79,-1
-24,18,-12,80,59,-140,-80,-3
-24,16,-13,79,59,-140,-80,-6
-24,14,-14,79,59,-140,-79,-7
-23,12,-15,77,59,-140,-79,-8
-23,10,-16,76,59,-140,-79,-10
-25,8,-17,76,59,-140,-80,-15
-25,7,-16,76,59,-140,-80,-14
-26,7,-16,76,59,-140,-81,-14
-26,7,-16,76,59,-140,-81,-13
-26,7,-16,76,59,-140,-81,-13
-25,7,-16,76,59,-140,-80,-14
-25,7,-16,76,59,-140,-80,-14
-26,7,-16,76,59,-140,-81,-17
-26,9,-16,76,59,-140,-81,-12
-27,10,-17,76,59,-140,-83,-13
-28,12,-16,76,59,-140,-84,-9
-28,11,-15,77,59,-140,-84,-9
-28,11,-14,79,59,-140,-84,-9
-27,13,-14,80,59,-140,-83,-8
-26,14,-14,82,59,-140,-84,-7
-25,17,-14,82,59,-140,-84,-4
-26,18,-14,81,59,-140,-84,-2
-27,20,-14,81,59,-140,-85,-1
-27,21,-15,82,59,-140,-85,-2
-27,23,-16,83,59,-140,-85,0
-27,25,-16,83,59,-140,-87,1
-27,27,-15,84,59,-140,-87,3
-28,30,-13,85,59,-140,-89,8
-28,32,-12,86,59,-140,-89,10
-28,36,-12,87,59,-140,-89,14
-28,39,-13,87,59,-140,-89,14
-27,41,-14,88,59,-140,-89,18
-28,43,-14,88,59,-140,-92,19
-29,44,-15,89,59,-140,-93,20
-30,46,-15,90,59,-140,-93,21
-30,48,-16,90,59,-140,-93,24
-29,51,-16,90,59,-140,-93,28
-29,54,-15,90,59,-140,-92,30
-29,55,-15,90,59,-140,-93,31
-31,57,-15,90,59,-140,-95,32
-31,58,-16,90,59,-140,-96,35
-31,60,-15,90,59,-140,-95,36
-30,61,-15,90,59,-140,-95,37
-31,60,-15,90,59,-140,-95,36
-32,60,-16,90,59,-140,-96,36
-32,59,-16,89,59,-140,-96,36
-32,59,-17,89,59,-140,-96,36
-32,59,-16,89,59,-140,-96,36
-32,60,-16,90,59,-140,-96,36
-32,60,-16,90,59,-140,-96,36
-32,59,-17,89,59,-140,-96,36
-31,58,-18,88,59,-140,-95,32
-31,56,-18,87,59,-140,-95,30
-33,54,-19,87,59,-140,-97,28
-34,51,-19,86,59,-140,-98,25
-36,48,-19,86,59,-140,-100,21
-36,44,-19,87,59,-140,-101,18
-37,40,-19,87,59,-140,-101,14
-37,36,-20,86,59,-140,-101,9
-38,32,-22,84,59,-140,-100,6
-39,28,-23,83,59,-140,-100,1
-39,23,-23,83,59,-140,-101,-3
-40,16,-22,83,59,-140,-101,-10
-40,10,-23,83,59,-140,-101,-15
-41,4,-24,83,59,-140,-101,-23
-43,-1,-25,81,59,-140,-103,-31
-45,-7,-26,80,59,-140,-104,-37
-48,-13,-28,79,59,-140,-108,-43
-50,-20,-29,78,58,-140,-107,-51
-52,-26,-30,77,57,-141,-109,-57
-53,-33,-32,76,58,-142,-109,-67
-54,-41,-33,75,59,-141,-112,-75
-56,-49,-33,74,59,-142,-112,-83
-57,-57,-34,73,60,-143,-113,-91
-58,-65,-35,73,59,-144,-114,-100
-60,-72,-36,72,58,-145,-115,-107
-62,-78,-38,71,57,-145,-118,-115
-64,-85,-40,71,57,-144,-120,-123
-66,-91,-42,70,56,-144,-122,-129
-68,-97,-43,70,57,-144,-124,-135
-70,-104,-43,69,56,-144,-125,-142
-71,-112,-43,68,55,-144,-124,-151
-72,-121,-44,66,54,-144,-125,-159
-73,-129,-46,65,54,-144,-125,-170
-76,-136,-47,65,54,-144,-128,-178
-78,-141,-49,65,54,-144,-130,-183
-80,-144,-49,64,54,-144,-131,-186
-81,-149,-49,63,54,-144,-133,-191
-82,-155,-48,61,54,-144,-131,-197
-83,-162,-48,60,54,-144,-133,-203
-85,-167,-48,61,54,-144,-134,-209
-86,-171,-49,61,54,-144,-135,-213
-87,-173,-51,61,54,-144,-136,-218
-88,-177,-53,61,54,-145,-139,-222
-89,-180,-53,61,54,-145,-140,-225
-90,-184,-53,61,54,-144,-139,-229
-90,-187,-52,60,54,-144,-139,-233
-91,-188,-52,58,54,-145,-140,-231
-91,-189,-52,57,54,-146,-137,-231
-91,-188,-52,57,54,-148,-137,-231
-91,-188,-52,57,54,-149,-140,-231
-91,-189,-52,57,54,-150,-140,-231
-92,-188,-52,57,54,-150,-140,-231
-92,-187,-52,57,54,-149,-139,-230
-91,-184,-52,57,54,-149,-137,-228
-90,-183,-52,57,54,-149,-136,-225
-90,-182,-52,57,54,-149,-136,-224
-90,-180,-52,57,53,-149,-136,-223
-90,-177,-52,57,53,-150,-136,-220
-90,-173,-52,57,52,-150,-136,-216
-90,-169,-52,57,52,-151,-136,-211
-88,-166,-52,57,52,-152,-135,-211
-87,-165,-52,57,52,-153,-136,-207
-87,-162,-51,58,52,-154,-136,-205
-87,-158,-49,60,51,-154,-136,-201
-87,-153,-48,60,50,-154,-136,-196
-87,-148,-48,61,49,-154,-136,-190
-85,-144,-49,61,50,-154,-135,-186
-84,-140,-50,63,50,-154,-136,-184
-83,-136,-50,65,50,-154,-135,-180
-83,-132,-49,67,49,-154,-137,-177
-83,-128,-48,67,48,-155,-137,-169
-82,-124,-47,68,48,-158,-137,-166
-80,-119,-46,68,48,-159,-135,-161
-79,-115,-45,70,48,-159,-135,-157
-79,-111,-44,71,48,-159,-134,-152
-78,-107,-44,71,48,-159,-134,-148
-78,-103,-44,71,48,-159,-134,-145
-77,-99,-44,71,48,-159,-133,-140
-76,-96,-43,72,48,-160,-133,-136
-75,-92,-41,73,48,-161,-131,-130
-74,-89,-41,74,48,-162,-133,-126
-73,-85,-40,74,48,-163,-131,-123
-72,-82,-40,74,48,-163,-131,-120
-72,-80,-41,74,48,-164,-131,-118
-73,-79,-41,74,48,-164,-131,-117
-73,-78,-40,74,48,-164,-131,-115
-72,-77,-39,75,48,-164,-131,-114
-72,-75,-38,76,48,-164,-130,-112
-71,-72,-37,77,48,-164,-130,-109
-70,-69,-36,78,48,-164,-129,-107
-69,-67,-37,77,48,-164,-128,-104
-69,-65,-37,77,48,-163,-129,-103
-69,-65,-37,77,48,-164,-129,-102
-69,-65,-37,78,48,-165,-128,-102
-68,-65,-37,77,48,-167,-126,-102
-66,-64,-36,76,48,-169,-125,-98
-65,-63,-34,76,47,-169,-122,-98
-65,-63,-32,77,46,-169,-124,-97
-64,-62,-32,78,45,-168,-123,-97
-62,-61,-32,79,45,-168,-122,-96
-61,-61,-31,79,46,-168,-120,-95
-60,-60,-31,78,46,-168,-119,-95
-61,-61,-31,78,44,-169,-119,-95
-61,-61,-32,79,43,-169,-120,-95
-61,-61,-33,81,44,-168,-123,-95
-61,-61,-34,81,45,-168,-123,-95
-60,-60,-33,80,44,-168,-122,-95
-60,-60,-32,79,43,-170,-119,-95
-59,-60,-32,79,43,-172,-118,-95
-58,-59,-32,79,43,-173,-117,-93
-57,-59,-33,80,42,-174,-115,-93
-57,-58,-33,81,43,-173,-118,-92
-56,-58,-33,81,43,-173,-118,-92
-56,-58,-33,81,43,-173,-118,-92
-56,-58,-33,80,43,-173,-118,-92
-57,-57,-33,80,43,-173,-115,-92
-57,-57,-33,81,43,-173,-119,-91
-58,-56,-32,81,43,-173,-119,-90
-57,-54,-31,83,43,-173,-119,-89
-56,-51,-29,84,43,-173,-118,-85
-55,-48,-29,84,43,-173,-117,-83
-54,-46,-30,84,43,-173,-115,-80
-52,-45,-30,83,43,-173,-114,-79
-52,-43,-28,83,43,-173,-113,-74
-52,-39,-27,83,42,-173,-111,-70
-51,-36,-26,83,42,-173,-111,-67
-50,-32,-25,83,43,-173,-109,-64
-48,-29,-25,83,43,-173,-108,-61
-46,-25,-25,83,42,-173,-106,-56
-44,-21,-24,83,42,-175,-103,-48
-43,-16,-23,83,42,-176,-102,-43
-41,-11,-22,84,42,-177,-101,-40
-39,-6,-21,85,42,-177,-100,-34
-38,-1,-21,86,42,-177,-101,-29
-37,3,-19,86,42,-178,-100,-23
-36,9,-19,87,42,-178,-98,-18
-35,14,-18,88,42,-178,-98,-12
-33,20,-17,89,42,-178,-97,-3
-31,26,-16,90,42,-178,-93,2
-28,32,-15,90,42,-178,-91,8
-26,38,-14,91,42,-178,-90,14
-24,44,-13,92,42,-178,-87,20
-22,51,-12,93,42,-178,-89,28
-21,59,-11,93,42,-178,-87,36
-18,65,-10,94,42,-178,-85,42
-15,70,-10,96,42,-178,-81,50
-13,75,-9,96,42,-178,-79,54
-12,81,-8,97,42,-178,-79,61
-13,89,-7,97,42,-178,-80,69
-12,96,-6,98,42,-178,-80,76
-11,102,-5,100,42,-178,-81,83
-10,107,-4,102,42,-179,-80,87
-8,112,-5,104,42,-180,-80,92
-7,117,-4,107,42,-180,-80,97
-7,123,-3,108,42,-180,-83,103
-7,128,-2,109,42,-178,-83,109
-7,133,0,109,42,-178,-80,117
-6,137,0,109,42,-179,-79,120
-4,141,0,109,42,-180,-78,125
-3,146,-1,109,42,-181,-79,128
-1,150,-1,110,42,-180,-78,131
-1,153,0,111,42,-180,-76,137
0,156,1,112,42,-180,-76,141
0,159,2,113,42,-180,-75,144
2,162,3,113,42,-180,-73,146
4,163,3,112,42,-179,-72,147
5,163,3,112,42,-178,-70,148
5,164,4,111,42,-178,-68,148
5,165,4,110,42,-178,-68,152
5,166,5,110,42,-178,-68,153
7,166,5,109,42,-178,-65,153
10,166,5,109,42,-178,-63,153
10,166,5,110,42,-178,-63,153
9,166,5,110,43,-178,-63,153
8,165,5,110,43,-178,-64,152
7,163,5,109,42,-178,-65,150
7,161,5,109,42,-178,-65,147
7,159,4,108,42,-178,-65,146
7,157,3,108,43,-178,-65,145
6,155,3,107,44,-178,-67,139
5,151,2,106,44,-178,-65,135
5,147,2,106,44,-178,-65,131
5,143,2,106,43,-178,-64,128
5,140,2,107,42,-178,-67,124
4,137,2,106,42,-178,-65,120
4,133,1,105,42,-178,-65,118
3,129,0,104,43,-178,-67,113
3,124,-1,103,43,-177,-67,107
1,119,-1,103,43,-177,-68,102
1,114,-1,103,43,-177,-68,97
0,111,-1,103,42,-176,-69,95
0,107,-2,102,42,-175,-69,91
0,103,-2,102,42,-173,-70,86
-2,100,-3,101,43,-173,-72,80
-3,96,-4,101,44,-174,-73,76
-4,92,-5,100,44,-175,-73,72
-4,87,-6,101,44,-175,-74,68
-6,83,-6,101,43,-174,-75,63
-7,79,-6,101,42,-173,-76,59
-10,76,-6,99,42,-173,-79,56
-11,72,-7,97,43,-173,-78,52
-13,69,-8,97,44,-173,-79,48
-13,65,-9,96,46,-173,-79,45
-13,63,-8,97,47,-173,-80,42
-14,60,-8,96,47,-173,-80,40
-15,57,-8,96,46,-173,-81,36
-17,55,-8,97,46,-173,-83,34
-17,53,-9,97,45,-173,-84,31
-18,51,-12,98,44,-173,-86,28
-19,48,-14,98,43,-173,-87,21
-20,45,-15,97,43,-173,-89,19
-21,43,-16,97,44,-173,-90,17
-22,42,-15,97,44,-173,-91,15
-24,41,-15,97,45,-173,-92,15
-26,41,-15,97,46,-173,-95,14
-27,40,-15,97,46,-173,-95,14
-27,40,-15,97,44,-173,-96,13
-27,39,-15,97,43,-173,-96,12
-29,37,-16,96,44,-173,-97,10
-31,35,-17,95,46,-173,-100,8
-33,32,-17,95,47,-173,-101,6
-33,31,-18,94,47,-173,-98,4
-33,31,-18,93,46,-173,-98,4
-33,31,-19,93,46,-173,-98,4
-34,30,-19,93,46,-173,-100,3
-36,29,-19,93,46,-173,-102,2
-38,29,-18,93,46,-173,-103,2
-37,28,-18,94,45,-173,-103,2
-37,27,-19,93,45,-173,-102,1
-37,25,-20,93,44,-173,-103,-1
-38,23,-21,91,44,-173,-103,-3
-39,22,-22,90,44,-173,-104,-7
-39,21,-23,90,43,-173,-104,-8
-39,19,-22,90,42,-173,-104,-9
-40,17,-22,90,42,-173,-106,-12
-40,14,-22,90,43,-173,-106,-15
-41,12,-22,90,44,-173,-107,-17
-42,10,-22,90,45,-173,-107,-19
-42,7,-22,90,44,-173,-108,-21
-43,5,-22,90,43,-173,-109,-24
-44,3,-22,90,42,-173,-109,-26
-44,1,-22,90,43,-173,-109,-29
-44,0,-22,90,43,-173,-109,-30
-44,-2,-21,91,43,-173,-109,-30
-45,-4,-21,92,43,-174,-111,-32
-45,-6,-21,91,42,-175,-111,-34
-45,-8,-22,90,42,-175,-111,-39
-46,-10,-22,90,42,-174,-111,-40
-46,-12,-22,90,42,-174,-111,-43
-46,-15,-22,90,42,-174,-111,-46
-45,-18,-22,90,42,-175,-111,-48
-44,-18,-22,90,42,-174,-109,-50
-44,-19,-22,90,42,-174,-109,-50
-46,-20,-22,90,42,-174,-111,-51
-47,-21,-22,90,42,-175,-112,-52
-48,-23,-23,90,42,-176,-113,-53
-49,-22,-24,89,42,-176,-113,-53
-49,-21,-25,88,42,-176,-114,-52
-49,-21,-25,88,42,-176,-114,-52
-47,-20,-24,89,42,-174,-112,-51
-46,-20,-24,89,43,-173,-111,-51
-45,-18,-24,89,43,-173,-109,-50
-45,-17,-25,88,42,-175,-109,-47
-45,-15,-24,89,42,-177,-109,-46
-44,-13,-24,89,42,-178,-109,-43
-44,-11,-23,89,42,-179,-108,-41
-43,-8,-23,90,42,-178,-107,-39
-41,-5,-23,90,42,-178,-106,-35
-39,-1,-22,90,42,-178,-104,-31
-38,3,-22,90,42,-178,-103,-26
-37,7,-22,90,42,-178,-102,-23
-37,10,-23,90,42,-178,-102,-19
-37,14,-22,90,42,-178,-102,-14
-36,19,-21,91,42,-178,-102,-8
-35,24,-20,93,42,-178,-101,-2
-32,29,-19,94,42,-178,-101,2
-29,35,-17,95,42,-178,-97,8
-27,40,-15,95,42,-178,-96,14
-26,46,-14,95,42,-178,-92,21
-26,51,-13,95,42,-178,-92,28
-25,57,-12,96,42,-179,-91,34
-24,64,-12,98,42,-180,-92,41
-21,71,-11,100,42,-180,-91,48
-21,77,-10,101,42,-179,-92,54
-21,82,-9,103,42,-179,-92,59
-19,87,-7,104,42,-179,-91,67
-17,92,-5,106,42,-181,-89,73
-14,99,-4,106,42,-183,-86,79
-12,105,-3,106,42,-184,-85,85
-11,111,-3,106,42,-183,-84,91
-11,116,-2,107,42,-183,-84,97
-10,122,-1,108,42,-183,-83,102
-9,127,0,109,42,-183,-85,111
-9,132,0,109,42,-183,-81,115
-8,136,1,108,42,-183,-81,119
-7,140,2,108,42,-183,-80,124
-6,144,3,109,42,-183,-80,130
-4,148,4,111,42,-183,-78,135
-2,152,4,111,42,-183,-79,139
-1,154,4,111,42,-183,-75,141
-1,156,5,110,42,-183,-75,142
0,158,5,109,42,-183,-74,145
0,160,5,109,42,-183,-73,147
0,162,7,110,42,-183,-73,150
0,164,8,112,42,-183,-74,151
0,166,9,113,42,-183,-76,152
-1,166,9,113,42,-183,-75,152
-1,165,9,113,42,-182,-75,152
-1,166,9,113,42,-181,-78,152
0,166,9,113,42,-180,-74,152
-1,165,9,113,42,-179,-75,152
0,164,9,113,42,-178,-74,151
0,162,9,113,42,-178,-75,148
1,161,9,113,42,-178,-75,148
1,161,9,113,43,-178,-72,148
1,161,10,112,43,-178,-72,150
1,160,10,111,43,-178,-72,150
2,159,11,110,42,-178,-70,148
3,157,11,110,42,-178,-69,146
4,155,11,110,43,-178,-69,145
5,154,11,110,44,-178,-68,144
5,153,11,110,45,-178,-68,142
6,152,12,109,46,-178,-64,141
6,151,12,109,46,-178,-64,141
6,151,13,109,45,-178,-64,140
7,150,12,109,45,-178,-63,140
7,149,10,108,46,-178,-63,139
7,148,10,107,46,-177,-63,137
8,148,10,107,47,-176,-62,137
8,148,11,108,47,-176,-62,137
8,148,11,108,47,-176,-62,137
8,149,10,107,47,-176,-62,139
8,148,9,106,47,-175,-62,137
6,147,9,106,47,-175,-64,136
5,147,10,107,47,-175,-65,136
4,148,10,107,47,-175,-65,137
4,151,10,107,47,-174,-65,140
5,152,9,106,47,-173,-64,142
6,153,9,106,47,-173,-64,142
6,153,10,107,47,-173,-64,142
6,152,10,107,47,-174,-64,142
6,152,10,107,47,-173,-64,141
5,152,9,106,47,-173,-64,142
4,154,10,107,47,-173,-65,144
4,156,11,108,47,-173,-67,145
4,157,12,109,47,-173,-65,147
6,159,11,108,47,-173,-64,148
7,159,10,107,47,-173,-63,148
8,159,10,107,47,-173,-62,150
8,159,10,109,47,-173,-63,148
7,159,8,111,47,-173,-65,146
7,159,7,111,47,-173,-65,146
8,159,6,111,47,-173,-65,146
8,159,6,111,47,-173,-64,146
7,159,6,110,47,-174,-65,146
6,159,6,110,47,-174,-67,146
4,157,6,110,47,-173,-68,145
4,155,6,111,47,-173,-69,142
5,154,7,111,47,-172,-68,140
6,152,7,110,47,-171,-67,139
5,152,6,110,47,-170,-67,139
4,152,5,109,48,-169,-68,139
3,151,5,109,48,-169,-69,137
2,149,6,110,47,-169,-70,136
2,148,6,110,47,-169,-70,134
2,145,5,109,47,-169,-70,131
2,143,5,109,48,-169,-70,129
1,141,5,110,49,-169,-72,128
1,139,5,110,50,-169,-72,125
0,138,5,109,49,-169,-72,124
0,137,5,109,48,-169,-74,124
-2,137,5,108,47,-169,-75,124
-2,137,4,109,47,-169,-75,124
-1,136,2,110,47,-169,-74,119
0,134,0,110,47,-169,-75,118
-1,132,0,110,48,-169,-76,115
-2,131,3,110,49,-169,-75,114
-4,130,5,110,50,-169,-76,117
-4,130,6,109,51,-169,-78,117
-4,130,5,109,51,-169,-76,117
-3,130,4,108,51,-167,-76,117
-3,130,3,108,52,-165,-76,114
-5,130,2,107,53,-164,-78,113
-7,129,2,107,53,-165,-80,112
-8,129,1,106,53,-166,-81,112
-8,128,2,106,53,-167,-79,111
-7,126,2,106,53,-166,-78,109
-6,125,2,107,53,-165,-79,108
-6,125,1,108,53,-164,-79,108
-7,127,0,108,53,-164,-80,111
-8,128,0,108,53,-164,-81,111
-8,128,0,108,53,-164,-81,111
-7,126,0,108,53,-164,-80,109
-7,125,0,109,53,-164,-83,108
-7,125,0,110,53,-164,-83,106
-6,125,-1,110,53,-164,-81,106
-7,125,-1,108,53,-164,-79,106
-7,125,0,107,53,-164,-80,108
-6,124,0,107,53,-164,-79,108
-5,123,0,107,53,-164,-78,107
-4,122,-1,106,53,-164,-78,106
-4,121,-3,105,53,-164,-78,102
-5,119,-4,105,53,-164,-78,100
-5,116,-4,106,53,-164,-78,97
-5,115,-4,107,53,-164,-78,96
-4,114,-4,107,53,-164,-76,95
-3,112,-4,107,53,-164,-75,92
-3,110,-4,106,53,-164,-75,91
-4,108,-3,106,53,-164,-76,89
-6,107,-3,105,53,-164,-79,87
-7,105,-3,106,53,-164,-79,85
-7,103,-4,106,53,-164,-80,83
-8,100,-4,107,53,-164,-80,80
-9,98,-4,107,53,-164,-81,79
-9,96,-4,107,53,-164,-81,76
-10,94,-4,107,53,-163,-83,74
-10,91,-4,107,53,-162,-83,72
-11,89,-4,107,53,-163,-84,69
-12,87,-4,107,53,-164,-84,67
-13,86,-4,107,53,-164,-85,65
-15,86,-4,107,53,-165,-87,65
-17,85,-4,107,53,-165,-89,64
-17,84,-4,107,53,-164,-90,64
-17,83,-4,106,53,-162,-89,62
-16,81,-5,106,53,-161,-89,61
-16,81,-5,106,53,-161,-87,61
-16,81,-5,105,53,-160,-87,61
-16,81,-6,105,53,-160,-87,61
-16,80,-6,105,53,-162,-87,61
-15,79,-6,105,53,-163,-87,59
-15,79,-6,105,53,-164,-86,59
-15,80,-6,106,53,-163,-86,59
-16,81,-7,105,53,-161,-87,61
-17,83,-7,104,53,-159,-89,61
-18,84,-7,102,53,-160,-90,64
-18,84,-7,102,53,-162,-87,64
-17,84,-6,101,53,-162,-86,64
-16,84,-5,101,53,-162,-85,64
-14,86,-4,101,53,-161,-84,65
-14,87,-3,101,53,-160,-84,70
-14,88,-4,101,53,-161,-84,68
-14,88,-4,101,53,-162,-84,68
-14,87,-4,101,53,-162,-83,67
-13,86,-3,101,53,-162,-83,67
-13,86,-3,101,53,-162,-83,67
-13,86,-4,100,53,-163,-83,67
-13,86,-5,100,53,-163,-83,67
-13,86,-5,100,53,-163,-83,67
-13,86,-5,100,53,-163,-83,67
-13,86,-4,100,53,-163,-83,67
-13,87,-4,100,53,-163,-83,67
-13,86,-5,100,53,-163,-83,67
-14,84,-5,100,53,-163,-84,64
-15,83,-5,100,53,-162,-85,63
-16,82,-5,100,53,-162,-85,62
-17,82,-5,100,53,-161,-86,62
-16,82,-5,100,54,-161,-86,62
-17,80,-5,100,54,-162,-86,59
-18,78,-5,100,55,-164,-87,58
-19,78,-5,100,54,-165,-89,57
-20,77,-4,99,53,-165,-87,57
-21,76,-5,100,53,-164,-90,56
-21,75,-6,101,53,-164,-91,54
-22,72,-7,102,53,-163,-93,52
-22,71,-8,103,53,-161,-93,47
-23,70,-8,104,53,-159,-95,46
-24,68,-8,104,53,-159,-96,45
-24,66,-8,103,53,-159,-96,42
-24,64,-8,103,53,-161,-96,41
-24,62,-8,104,53,-162,-96,39
-25,59,-8,104,53,-163,-96,35
-25,58,-8,103,53,-162,-97,34
-25,57,-9,102,54,-162,-97,34
-25,57,-10,101,54,-161,-97,34
-26,56,-12,101,55,-161,-97,32
-27,53,-13,101,54,-161,-98,29
-27,49,-13,101,54,-161,-98,25
-25,47,-13,101,54,-161,-97,24
-25,47,-11,101,54,-160,-93,23
-25,47,-11,101,55,-160,-93,23
-26,46,-12,101,55,-161,-97,21
-27,44,-15,102,56,-161,-98,18
-27,41,-18,101,57,-161,-98,14
-27,40,-19,101,56,-160,-98,10
-28,39,-19,100,55,-159,-98,10
-29,39,-18,100,55,-159,-101,9
-31,38,-18,101,57,-159,-102,10
-32,36,-18,101,58,-160,-103,9
-33,33,-18,100,58,-162,-103,3
-33,32,-18,100,58,-163,-104,2
-33,30,-18,101,58,-163,-104,3
-34,29,-18,101,58,-162,-104,2
-35,27,-18,100,58,-161,-106,-2
-35,25,-19,100,58,-161,-106,-4
-35,24,-21,98,56,-162,-106,-4
-35,24,-22,97,55,-163,-106,-6
-36,23,-22,97,54,-164,-106,-6
-37,22,-22,97,54,-164,-108,-7
-39,21,-22,97,54,-164,-109,-8
-40,19,-22,97,54,-164,-111,-9
-41,18,-22,97,54,-164,-112,-12
-41,16,-22,97,56,-164,-112,-13
-41,15,-22,97,56,-164,-112,-14
-41,15,-22,97,54,-164,-112,-14
-41,15,-22,97,53,-164,-112,-14
-41,16,-22,97,54,-164,-112,-13
-41,16,-22,97,54,-164,-112,-13
-41,16,-22,97,54,-164,-112,-13
-41,15,-22,97,53,-164,-112,-14
-41,14,-22,97,53,-164,-112,-15
-40,14,-22,97,53,-164,-111,-15
-39,15,-22,97,53,-164,-109,-14
-39,17,-22,97,53,-164,-109,-13
-38,17,-22,97,53,-164,-109,-12
-39,18,-22,97,53,-164,-109,-12
-38,17,-22,97,53,-164,-109,-12
-38,17,-21,98,53,-164,-108,-12
-37,18,-19,100,53,-164,-107,-12
-36,19,-19,101,53,-164,-106,-10
-35,21,-18,101,54,-164,-106,-8
-34,23,-18,100,54,-164,-104,-3
-34,25,-18,99,54,-164,-104,-1
-32,28,-18,99,54,-164,-103,1
-31,30,-18,100,54,-164,-102,3
-30,33,-17,101,54,-164,-101,6
-29,35,-16,103,54,-164,-101,8
-29,37,-14,103,53,-164,-100,10
-28,39,-13,103,53,-164,-100,13
-27,42,-14,103,53,-164,-97,15
-25,45,-14,103,53,-164,-100,19
-24,49,-15,104,53,-164,-98,23
-24,51,-15,104,53,-164,-97,25
-23,53,-14,104,53,-164,-97,26
-22,55,-12,106,53,-164,-96,29
-21,59,-11,107,53,-164,-95,35
-19,62,-11,107,53,-164,-92,39
-17,66,-11,107,53,-166,-91,43
-16,69,-11,107,53,-168,-90,46
-16,73,-11,107,52,-169,-90,50
-14,76,-11,107,52,-169,-89,51
-14,79,-11,107,53,-168,-87,56
-12,83,-10,108,53,-166,-86,59
-11,86,-8,109,53,-165,-86,63
-11,89,-7,110,53,-165,-87,67
-10,92,-7,110,53,-166,-87,69
-10,95,-7,110,53,-166,-87,73
-10,97,-7,110,53,-168,-87,75
-10,100,-7,111,53,-168,-87,78
-10,101,-5,113,53,-168,-87,79
-9,103,-4,113,53,-167,-86,84
-9,105,-3,114,53,-168,-86,86
-8,108,-4,114,53,-169,-86,87
-9,110,-4,113,52,-169,-86,90
-9,111,-4,113,53,-168,-87,91
-10,111,-4,113,53,-167,-87,91
-10,111,-4,114,53,-167,-87,91
-10,110,-4,113,53,-167,-87,91
-9,111,-4,113,53,-167,-87,91
-10,110,-4,113,53,-168,-87,91
-10,110,-4,113,53,-169,-87,91
-10,111,-4,113,53,-168,-87,91
-10,111,-4,113,53,-166,-87,91
-10,110,-4,113,53,-164,-87,91
-9,109,-4,113,53,-164,-87,90
-9,109,-4,113,53,-164,-86,89
-8,108,-4,113,53,-164,-86,89
-8,107,-4,113,53,-164,-85,87
-7,107,-4,113,53,-164,-85,87
-7,106,-4,113,53,-164,-85,86
-7,106,-4,113,53,-164,-85,86
-7,105,-4,113,53,-164,-84,85
-6,104,-4,113,53,-164,-83,84
-5,102,-4,113,53,-164,-83,83
-5,101,-4,114,53,-164,-83,81
-7,101,-4,113,53,-164,-84,81
-8,101,-4,113,53,-164,-85,80
-8,101,-4,113,53,-164,-85,81
-7,101,-4,114,53,-164,-84,81
-5,101,-4,114,53,-164,-83,81
-4,101,-4,113,53,-164,-81,81
-3,101,-5,112,53,-164,-80,79
-3,101,-5,111,53,-164,-78,79
-3,102,-5,110,53,-164,-78,83
-3,104,-3,111,53,-164,-78,84
-2,105,-3,110,53,-164,-78,86
-2,107,-4,109,53,-164,-78,87
-3,108,-6,109,53,-164,-78,86
-4,110,-6,110,53,-164,-79,89
-4,112,-3,110,53,-164,-79,92
-4,114,-1,110,53,-164,-79,95
-3,116,0,110,53,-164,-79,98
-3,118,0,110,54,-164,-78,98
-3,119,-1,110,55,-164,-78,100
-3,122,-1,110,54,-164,-78,102
-3,125,-1,110,53,-164,-78,106
-2,130,0,111,53,-164,-78,113
-1,133,1,112,53,-164,-76,117
-1,136,2,113,53,-164,-76,120
-1,139,3,113,53,-164,-76,123
-1,142,2,113,53,-164,-76,125
0,144,2,113,53,-164,-76,129
0,148,2,113,53,-164,-76,131
0,151,2,113,53,-164,-76,135
1,154,2,113,53,-164,-74,137
2,156,2,113,53,-164,-73,141
2,158,3,114,52,-164,-73,142
1,160,5,115,53,-164,-76,145
1,161,6,116,55,-164,-76,146
2,162,6,117,56,-164,-76,148
3,163,5,117,56,-164,-74,147
5,163,5,117,55,-162,-73,148
6,164,4,118,54,-162,-72,148
5,163,4,118,54,-163,-73,148
5,163,6,117,54,-164,-73,148
5,163,6,116,54,-164,-73,151
5,164,6,116,54,-163,-73,148
5,164,5,117,54,-161,-73,148
4,162,3,119,55,-159,-76,147
3,161,3,120,56,-159,-78,145
3,158,2,120,57,-159,-78,140
3,156,1,119,56,-159,-76,137
3,153,0,118,56,-159,-76,135
3,150,0,117,57,-159,-76,131
3,145,0,117,58,-159,-76,126
2,140,0,117,58,-159,-78,122
2,136,0,117,57,-159,-78,117
2,132,-1,116,55,-159,-75,113
1,127,-3,115,54,-159,-76,108
0,122,-4,114,54,-159,-76,103
0,118,-4,113,56,-159,-78,98
-2,113,-4,112,57,-159,-79,93
-3,108,-6,110,58,-159,-78,86
-5,103,-7,109,58,-160,-79,80
-6,97,-6,109,56,-160,-81,75
-8,93,-6,108,55,-159,-83,73
-9,89,-6,106,55,-158,-80,69
-10,84,-7,105,56,-156,-83,64
-11,80,-9,105,56,-155,-84,57
-13,75,-10,105,56,-155,-87,52
-14,71,-11,106,55,-156,-87,48
-15,67,-11,107,55,-156,-90,43
-16,64,-10,107,56,-155,-90,40
-18,61,-10,105,56,-156,-91,37
-18,57,-10,103,56,-156,-89,34
-18,54,-11,102,57,-155,-90,31
-18,51,-13,102,57,-155,-90,28
-19,50,-13,103,57,-155,-90,24
-21,49,-12,104,57,-155,-91,23
-21,49,-12,103,58,-157,-92,25
-21,49,-11,101,58,-156,-92,25
-21,49,-11,100,58,-155,-89,25
-21,49,-12,100,58,-155,-89,25
-21,49,-12,100,58,-155,-89,25
-21,49,-11,101,58,-155,-89,25
-21,50,-10,101,58,-155,-92,26
-21,53,-9,102,58,-155,-92,29
-21,56,-8,103,58,-155,-92,32
-20,59,-7,104,58,-155,-91,36
-20,62,-8,104,57,-154,-91,39
-20,65,-8,103,56,-154,-91,41
-20,68,-8,103,57,-154,-91,45
-20,71,-8,103,58,-155,-92,48
-20,75,-8,103,58,-155,-92,52
-19,79,-8,103,58,-155,-91,56
-18,83,-8,104,58,-155,-90,59
-17,86,-7,104,58,-155,-89,63
-16,88,-6,105,58,-155,-89,68
-16,92,-6,105,58,-155,-89,73
-16,96,-5,106,58,-156,-89,76
-17,99,-5,107,58,-157,-89,79
-17,102,-4,107,57,-156,-89,81
-16,103,-4,107,56,-155,-89,84
-16,105,-4,107,57,-154,-89,85
-17,107,-6,108,58,-155,-92,86
-18,108,-7,109,58,-155,-92,86
-18,110,-7,110,58,-155,-96,87
-19,111,-6,112,58,-155,-97,89
-20,111,-5,113,58,-156,-97,89
-20,110,-5,113,58,-156,-97,87
-20,109,-6,112,57,-156,-97,86
-19,107,-7,110,56,-156,-97,85
-19,105,-8,110,57,-156,-97,83
-20,103,-7,110,58,-156,-98,80
-21,100,-7,110,58,-155,-98,78
-21,98,-7,110,58,-155,-98,75
-21,95,-8,110,58,-155,-98,73
-23,91,-8,109,58,-155,-98,68
-24,86,-9,109,58,-155,-98,63
-25,80,-10,109,58,-155,-100,57
-24,75,-10,108,58,-155,-98,52
-24,71,-10,105,59,-155,-98,47
-25,68,-11,103,58,-155,-96,45
-26,63,-11,102,56,-154,-97,40
-27,57,-12,102,55,-154,-98,34
-28,50,-12,102,55,-154,-98,26
-29,45,-12,101,56,-154,-101,20
-31,39,-13,99,57,-154,-100,15
-32,36,-14,98,57,-154,-101,9
-32,32,-15,97,57,-154,-101,4
-32,27,-15,97,57,-154,-100,0
-32,22,-15,97,57,-154,-101,-4
-33,18,-15,97,57,-154,-101,-8
-34,15,-16,96,56,-154,-102,-12
-35,12,-18,94,57,-154,-103,-14
-36,9,-18,93,57,-154,-101,-18
-37,7,-19,93,57,-154,-102,-20
-38,6,-19,93,57,-154,-103,-20
-40,5,-18,93,57,-154,-106,-21
-41,4,-18,93,57,-154,-106,-23
-40,3,-18,93,56,-154,-106,-24
-40,3,-18,93,55,-154,-106,-24
-40,3,-18,93,55,-154,-106,-23
-41,4,-19,93,55,-154,-106,-23
-41,4,-19,93,55,-154,-107,-23
-41,5,-18,93,55,-155,-107,-21
-41,6,-18,94,55,-155,-108,-20
-40,10,-16,96,57,-154,-108,-17
-39,15,-15,97,57,-154,-108,-12
-39,19,-15,97,56,-154,-107,-7
-39,23,-15,97,55,-156,-107,-3
-38,26,-16,97,55,-158,-106,0
-37,31,-15,97,56,-159,-106,3
-36,36,-14,98,56,-160,-104,12
-35,41,-12,99,55,-159,-103,17
-34,46,-12,100,55,-159,-102,21
-32,50,-12,101,56,-159,-103,26
-31,55,-13,104,57,-159,-103,29
-30,60,-12,106,58,-159,-104,34
-29,65,-12,107,58,-159,-103,39
-28,70,-11,107,58,-159,-102,43
-27,73,-11,107,58,-159,-101,50
-26,77,-10,108,58,-159,-101,53
-26,82,-9,109,58,-159,-101,58
-25,86,-7,110,58,-159,-102,63
-22,90,-7,111,58,-159,-100,68
-21,93,-7,111,58,-159,-98,70
-19,95,-8,110,57,-159,-97,72
-18,97,-7,110,57,-159,-96,74
-18,98,-7,110,56,-159,-96,75
-18,100,-7,111,57,-159,-95,78
-16,102,-7,112,57,-159,-93,80
-15,104,-7,114,58,-159,-92,81
-14,106,-7,115,58,-159,-95,84
-14,108,-6,115,58,-159,-93,85
-14,109,-4,115,57,-159,-91,86
-14,108,-4,114,56,-159,-91,86
-14,107,-5,113,55,-159,-91,84
-13,105,-6,112,54,-159,-90,83
-11,104,-6,111,54,-159,-89,81
-9,103,-6,110,54,-158,-84,81
-9,104,-6,109,54,-157,-84,81
-10,103,-6,110,54,-158,-85,81
-11,102,-6,112,54,-159,-89,79
-14,100,-7,112,55,-159,-91,78
-14,97,-7,111,55,-159,-91,75
-14,97,-7,109,56,-159,-89,74
-13,96,-6,109,57,-159,-87,73
-13,94,-7,109,56,-159,-87,72
-14,92,-7,110,55,-159,-89,69
-14,89,-7,111,54,-159,-91,67
-14,87,-8,110,53,-159,-91,64
-15,86,-7,110,53,-159,-92,63
-16,85,-7,110,53,-159,-93,62
-17,84,-8,110,54,-159,-93,61
-17,83,-8,110,57,-159,-95,59
-17,81,-7,110,58,-159,-95,58
-18,79,-7,110,58,-159,-92,56
-19,77,-6,109,58,-159,-93,54
-20,75,-7,107,58,-159,-95,52
-21,73,-7,105,58,-159,-93,50
-21,71,-8,104,58,-159,-93,47
-21,69,-8,103,57,-159,-92,46
-20,68,-8,103,56,-159,-91,45
-19,67,-8,104,56,-159,-90,43
-19,66,-8,104,57,-159,-90,42
-20,66,-8,104,58,-159,-92,42
-22,65,-8,103,58,-159,-93,42
-23,65,-8,103,57,-159,-95,41
-24,64,-8,103,56,-159,-95,41
-23,63,-8,103,56,-159,-95,40
-21,61,-8,104,57,-159,-93,37
-21,60,-8,104,58,-159,-92,37
-21,61,-8,103,58,-159,-92,37
-22,61,-8,103,58,-159,-93,37
-22,61,-8,103,58,-159,-93,37
-22,62,-7,104,58,-159,-93,39
-21,63,-7,104,58,-159,-93,42
-20,65,-7,104,58,-159,-91,45
-19,67,-7,104,58,-159,-91,46
-19,67,-7,105,58,-159,-90,46
-20,67,-5,106,58,-159,-91,46
-21,69,-5,106,58,-159,-92,48
-21,71,-5,106,58,-159,-93,50
-21,73,-6,106,58,-159,-93,52
-20,75,-7,107,58,-159,-95,52
-19,77,-7,109,58,-159,-93,54
-20,78,-7,110,58,-159,-96,54
-20,79,-8,111,58,-159,-97,56
-21,80,-8,110,58,-159,-98,57
-20,82,-7,110,58,-159,-97,59
-19,84,-7,110,58,-159,-96,61
-18,86,-7,111,58,-159,-96,63
-18,87,-7,110,58,-159,-96,64
-19,88,-7,110,58,-159,-96,65
-20,89,-8,110,58,-159,-97,65
-21,90,-8,112,58,-159,-98,67
-21,90,-10,113,58,-159,-97,64
-20,90,-11,114,58,-159,-100,64
-20,88,-11,114,58,-159,-100,63
-21,87,-11,114,58,-159,-101,62
-22,87,-10,114,58,-159,-102,62
-24,86,-11,114,58,-159,-103,61
-25,86,-11,113,58,-159,-104,59
-25,84,-12,112,58,-159,-104,58
-25,82,-13,112,58,-159,-104,56
-26,79,-14,111,58,-159,-103,53
-27,77,-14,111,58,-159,-103,51
-27,75,-14,111,58,-159,-104,48
-27,72,-14,111,58,-159,-104,46
-27,69,-15,110,58,-159,-104,40
-28,66,-17,108,58,-159,-104,37
-29,63,-18,108,58,-159,-106,34
-30,59,-18,107,58,-159,-107,30
-31,55,-19,107,58,-159,-107,25
-32,50,-19,106,58,-159,-108,21
-32,46,-20,105,58,-159,-108,18
-32,43,-21,105,58,-159,-108,13
-31,38,-21,104,58,-159,-104,9
-31,34,-21,104,58,-159,-104,4
-32,29,-21,104,58,-159,-106,0
-33,25,-22,104,58,-159,-107,-3
-34,21,-23,103,58,-159,-107,-9
-34,18,-24,102,58,-159,-107,-13
-34,15,-24,102,58,-159,-107,-17
-34,12,-24,102,58,-159,-107,-19
-35,10,-24,102,58,-159,-107,-21
-36,7,-25,101,58,-159,-108,-24
-36,6,-25,101,57,-159,-108,-26
-36,3,-25,101,57,-159,-108,-29
-36,2,-25,101,56,-159,-108,-30
-37,1,-25,101,56,-159,-109,-31
-39,0,-25,101,58,-159,-111,-31
-39,0,-25,101,59,-159,-112,-31
-39,0,-24,102,58,-159,-112,-31
-39,0,-23,103,56,-159,-111,-31
-37,1,-21,103,54,-159,-109,-29
-36,3,-20,102,54,-159,-109,-26
-36,6,-19,102,55,-159,-109,-24
-36,9,-18,102,56,-159,-108,-20
-35,12,-17,104,55,-159,-108,-14
-35,15,-16,105,54,-159,-108,-10
-34,18,-16,105,53,-159,-107,-8
-32,22,-16,105,54,-159,-106,-4
-30,27,-15,106,57,-161,-103,0
-29,33,-13,107,58,-162,-102,6
-28,39,-12,107,57,-163,-101,13
-28,45,-11,107,54,-163,-102,21
-27,51,-11,107,53,-162,-101,28
-26,57,-10,108,54,-162,-100,34
-23,64,-10,110,56,-162,-100,40
-21,71,-9,112,57,-162,-98,47
-19,77,-8,112,55,-162,-96,54
-17,84,-7,112,54,-162,-93,61
-16,90,-5,112,54,-163,-92,68
-15,97,-4,113,56,-164,-92,74
-14,102,-3,114,57,-164,-92,83
-14,108,-3,115,57,-165,-91,89
-12,115,-2,116,56,-164,-90,95
-10,122,0,116,56,-164,-87,102
-7,127,0,117,56,-164,-87,107
-5,131,0,118,57,-164,-86,112
-4,134,1,119,58,-163,-85,115
-3,138,2,120,58,-162,-84,122
-1,143,3,120,58,-163,-81,126
0,147,2,120,57,-164,-81,131
0,150,2,120,56,-164,-80,134
0,152,3,121,56,-164,-80,136
1,154,5,122,56,-164,-79,137
2,156,6,123,57,-165,-78,140
4,158,6,124,58,-165,-78,142
7,159,6,124,58,-164,-76,144
8,159,6,123,58,-163,-73,144
8,159,7,122,58,-161,-73,144
7,159,7,122,58,-160,-73,144
7,159,7,122,57,-161,-73,144
8,159,6,121,57,-161,-73,144
8,158,4,120,56,-161,-72,142
9,156,3,119,56,-160,-72,141
8,154,3,118,56,-159,-69,139
7,152,4,118,56,-159,-70,136
7,150,6,117,57,-159,-70,134
8,148,6,116,58,-160,-69,135
9,147,6,116,58,-160,-69,131
8,144,5,116,58,-159,-69,129
7,143,5,116,57,-159,-69,126
6,141,6,116,55,-159,-70,125
5,139,6,116,55,-159,-72,123
4,137,6,116,56,-159,-73,122
4,135,6,116,57,-159,-73,119
4,135,6,116,58,-160,-73,118
4,135,6,116,58,-160,-73,118
4,135,6,116,58,-159,-73,119
4,135,6,116,58,-158,-73,122
4,135,6,116,58,-158,-73,122
4,135,5,116,58,-158,-73,119
3,137,5,115,58,-158,-74,120
3,138,4,115,58,-158,-74,122
2,139,4,116,58,-157,-75,123
1,140,5,116,58,-157,-76,123
1,140,6,116,58,-157,-76,126
1,143,6,116,58,-156,-76,129
2,146,6,117,58,-156,-75,130
2,149,4,118,58,-156,-75,134
2,152,3,119,58,-156,-79,136
2,155,3,119,58,-155,-78,140
3,158,4,118,58,-155,-74,142
6,162,7,118,58,-155,-73,150
8,166,9,118,58,-155,-70,153
9,170,10,119,58,-155,-69,157
10,173,10,120,58,-155,-68,161
10,176,8,121,58,-155,-70,163
10,178,7,122,58,-155,-70,163
11,180,6,123,58,-155,-69,164
11,181,6,124,58,-155,-72,167
11,183,6,123,58,-155,-72,168
12,186,6,123,58,-155,-69,170
12,188,7,124,58,-155,-72,173
13,190,7,124,58,-155,-70,175
13,190,7,125,58,-155,-70,175
13,190,7,124,58,-155,-70,175
13,190,6,124,58,-155,-70,175
13,190,6,123,58,-155,-68,175
14,189,7,122,58,-155,-67,174
13,187,7,122,58,-155,-68,172
13,184,7,122,60,-155,-68,169
11,182,7,122,61,-155,-69,167
11,180,7,122,61,-153,-69,164
11,176,8,122,61,-151,-70,163
10,172,7,122,61,-150,-70,157
10,168,6,121,62,-149,-70,152
9,164,5,121,63,-150,-72,148
8,159,5,121,63,-150,-73,144
7,154,5,121,62,-150,-73,137
5,149,5,121,61,-150,-74,133
3,144,4,120,62,-150,-78,128
0,138,3,119,63,-150,-80,122
-1,132,2,118,64,-150,-81,115
-2,126,0,117,64,-150,-83,107
-3,119,0,117,63,-150,-84,100
-6,114,-1,117,63,-150,-86,95
-8,110,-1,116,63,-151,-86,90
-10,105,-3,114,63,-150,-87,85
-11,99,-4,112,64,-148,-89,79
-12,92,-5,110,64,-147,-86,70
-13,86,-7,109,64,-147,-87,63
-15,80,-7,110,64,-148,-90,57
-18,74,-9,109,64,-148,-95,51
-20,69,-10,108,62,-147,-95,46
-22,65,-11,107,60,-145,-96,42
-23,61,-11,107,60,-145,-97,37
-25,56,-11,107,62,-146,-98,32
-27,50,-12,106,64,-147,-101,24
-29,45,-14,104,64,-147,-102,18
-31,39,-16,103,64,-146,-102,13
-32,35,-16,103,64,-145,-106,8
-34,32,-16,103,63,-145,-107,4
-35,29,-16,103,62,-145,-108,2
-35,26,-17,101,62,-145,-106,-1
-36,23,-18,101,62,-145,-107,-3
-38,19,-19,101,63,-145,-108,-9
-41,15,-20,101,64,-145,-114,-14
-42,10,-21,101,64,-145,-115,-19
-43,7,-22,100,64,-145,-115,-21
-43,5,-23,99,64,-145,-113,-24
-44,3,-23,98,64,-145,-114,-26
-45,0,-23,97,64,-145,-115,-29
-46,-1,-24,98,64,-145,-117,-31
-47,-3,-25,98,64,-145,-117,-36
-48,-6,-26,99,64,-145,-120,-39
-50,-8,-27,100,64,-146,-123,-42
-52,-12,-28,99,64,-147,-125,-45
-54,-15,-29,98,64,-148,-126,-48
-55,-17,-29,97,64,-149,-125,-51
-56,-18,-29,97,63,-150,-125,-52
-57,-20,-29,98,63,-150,-129,-53
-59,-22,-28,98,63,-150,-131,-57
-61,-26,-29,97,64,-150,-133,-59
-61,-29,-30,97,64,-150,-131,-65
-61,-32,-32,95,63,-150,-131,-69
-62,-34,-32,94,62,-150,-133,-70
-64,-36,-33,94,61,-150,-134,-73
-65,-39,-33,94,61,-150,-135,-76
-65,-42,-33,94,61,-150,-135,-79
-65,-45,-32,94,61,-150,-135,-83
-66,-48,-32,94,61,-150,-135,-85
-67,-52,-33,94,61,-150,-136,-89
-68,-54,-35,94,60,-150,-136,-92
-68,-57,-38,95,59,-150,-140,-97
-68,-61,-39,95,58,-149,-140,-101
-68,-64,-40,95,58,-150,-139,-107
-67,-68,-40,95,59,-151,-139,-108
-66,-71,-39,94,59,-153,-137,-112
-67,-74,-39,94,58,-155,-137,-114
-68,-75,-39,95,58,-155,-139,-115
-68,-76,-39,95,58,-155,-139,-117
-68,-78,-40,95,58,-155,-140,-118
-69,-80,-40,94,58,-155,-140,-123
-69,-82,-41,92,58,-155,-137,-125
-70,-83,-42,90,58,-155,-139,-126
-70,-85,-42,89,58,-155,-139,-125
-69,-86,-41,89,58,-155,-135,-126
-68,-87,-40,88,58,-154,-134,-128
-68,-87,-39,88,58,-155,-134,-128
-68,-87,-39,88,58,-156,-134,-128
-68,-87,-40,88,58,-158,-134,-128
-68,-87,-40,88,58,-158,-134,-128
-68,-87,-40,88,58,-158,-134,-128
-68,-87,-39,88,58,-158,-134,-128
-68,-87,-40,88,58,-159,-134,-128
-68,-87,-40,87,58,-160,-134,-128
-68,-87,-39,88,58,-160,-134,-128
-69,-86,-39,89,58,-159,-135,-126
-69,-83,-37,90,58,-159,-135,-124
-68,-80,-36,91,58,-159,-137,-118
-68,-77,-36,91,58,-161,-136,-115
-67,-75,-36,91,58,-163,-136,-113
-66,-73,-36,91,57,-164,-135,-113
-66,-71,-36,91,56,-165,-135,-109
-66,-68,-35,92,56,-164,-135,-106
-66,-63,-34,93,57,-164,-135,-101
-66,-58,-32,94,57,-164,-135,-96
-65,-53,-31,96,57,-164,-134,-91
-63,-49,-30,97,56,-164,-131,-86
-62,-44,-29,97,56,-164,-131,-79
-61,-39,-29,97,57,-165,-133,-73
-61,-33,-29,98,57,-166,-133,-67
-61,-27,-28,99,57,-167,-133,-61
-59,-22,-28,101,54,-168,-131,-57
-57,-18,-27,102,53,-169,-129,-52
-53,-12,-26,102,52,-169,-125,-46
-51,-6,-25,103,52,-169,-124,-40
-49,0,-23,104,53,-169,-124,-32
-49,6,-23,105,53,-169,-124,-26
-49,11,-24,106,53,-169,-124,-20
-48,17,-23,106,52,-169,-124,-15
-45,22,-22,107,52,-169,-122,-9
-43,28,-22,109,52,-169,-120,-3
-40,34,-21,111,52,-169,-119,2
-39,39,-21,112,52,-169,-118,7
-38,43,-21,111,52,-169,-117,12
-36,47,-21,111,52,-169,-115,15
-35,51,-21,111,52,-169,-113,19
-33,55,-20,112,52,-170,-112,23
-33,59,-19,113,52,-170,-114,30
-32,63,-18,114,52,-170,-114,35
-32,67,-17,115,52,-171,-114,39
-32,70,-18,114,52,-172,-113,41
-31,71,-18,114,52,-173,-113,42
-29,72,-18,114,52,-174,-112,43
-28,73,-18,114,52,-174,-111,45
-28,73,-18,114,52,-174,-109,45
-27,71,-18,114,52,-174,-108,42
-26,70,-18,114,52,-174,-108,41
-26,68,-18,114,52,-174,-107,40
-27,67,-17,115,52,-174,-108,39
-28,66,-17,115,52,-174,-109,37
-28,64,-16,115,52,-174,-109,35
-27,61,-17,115,52,-174,-108,32
-28,57,-17,115,52,-174,-109,29
-28,54,-18,114,52,-174,-109,25
-30,51,-18,114,52,-174,-111,21
-29,48,-18,114,52,-174,-111,19
-29,46,-18,114,52,-174,-109,17
-28,43,-18,115,52,-174,-109,14
-28,41,-18,115,52,-174,-109,12
-30,38,-18,114,52,-174,-112,9
-32,36,-17,113,52,-174,-111,7
-32,33,-15,112,52,-174,-111,3
-32,30,-14,111,52,-174,-108,3
-32,28,-14,111,52,-174,-108,1
-32,26,-14,111,52,-174,-108,0
-34,25,-16,110,52,-174,-109,-3
-35,25,-17,109,52,-174,-111,-4
-36,24,-18,108,52,-174,-112,-4
-35,25,-18,107,52,-174,-111,-4
-36,26,-18,107,52,-174,-112,-3
-36,27,-17,107,52,-174,-112,-2
-37,28,-15,107,52,-174,-113,1
-38,29,-13,108,52,-174,-113,2
-38,30,-12,107,52,-174,-112,3
-38,32,-12,107,52,-174,-111,6
-37,36,-13,106,52,-174,-111,8
-37,39,-13,107,51,-174,-111,12
-37,42,-13,108,50,-173,-113,14
-36,45,-13,109,51,-173,-113,18
-35,48,-14,110,50,-173,-112,21
-35,51,-14,111,49,-174,-111,25
-34,54,-14,111,47,-175,-111,28
-34,57,-15,111,47,-176,-111,30
-33,59,-15,110,47,-175,-109,32
-32,61,-14,111,48,-173,-108,35
-31,64,-13,112,48,-173,-109,37
-30,67,-12,113,47,-175,-109,41
-30,70,-11,114,47,-177,-109,45
-29,72,-10,114,47,-178,-109,46
-29,74,-11,114,47,-179,-108,47
-29,75,-11,114,47,-179,-108,48
-29,75,-11,114,47,-179,-108,50
-28,76,-11,114,47,-178,-107,50
-27,76,-10,114,47,-177,-106,51
-26,76,-11,114,47,-176,-106,50
-26,75,-12,115,48,-176,-106,48
-27,74,-12,115,50,-176,-107,47
-27,73,-13,116,50,-178,-108,47
-27,74,-14,117,50,-178,-109,45
-27,73,-14,117,48,-177,-109,45
-28,72,-14,118,47,-175,-109,43
-28,69,-14,118,47,-174,-109,40
-28,66,-14,117,47,-174,-109,37
-28,63,-14,117,49,-176,-109,34
-28,60,-14,118,49,-177,-109,31
-29,57,-14,118,49,-177,-111,28
-29,54,-14,117,48,-177,-111,25
-29,51,-15,117,47,-175,-111,21
-29,48,-17,115,47,-174,-111,19
-30,46,-18,115,47,-173,-111,17
-31,43,-18,114,48,-173,-112,14
-32,41,-17,113,47,-174,-111,12
-32,39,-16,113,47,-174,-111,9
-31,36,-15,112,47,-173,-109,7
-31,34,-15,112,47,-173,-109,4
-32,32,-15,111,47,-173,-107,4
-33,31,-16,109,47,-173,-109,1
-35,30,-17,108,47,-174,-111,1
-35,30,-17,108,47,-173,-111,1
-34,31,-16,109,48,-173,-111,1
-35,30,-15,111,48,-173,-111,3
-36,30,-14,111,47,-174,-112,2
-36,29,-14,111,47,-175,-112,2
-35,30,-14,111,47,-175,-111,3
-33,31,-14,111,47,-175,-109,3
-33,32,-14,111,49,-174,-109,6
-33,35,-14,111,50,-175,-109,8
-34,38,-14,111,50,-177,-109,10
-33,41,-14,111,49,-178,-109,14
-32,43,-14,111,49,-179,-108,17
-31,45,-14,111,50,-179,-107,18
-31,47,-14,112,50,-178,-109,18
-31,50,-14,114,49,-178,-109,21
-30,54,-14,115,49,-178,-109,25
-29,57,-14,116,51,-178,-111,28
-28,60,-14,117,52,-179,-109,31
-28,63,-14,118,51,-178,-109,34
-28,66,-14,118,49,-178,-109,37
-28,68,-14,117,47,-178,-109,40
-28,72,-14,118,48,-178,-109,43
-27,75,-13,118,50,-178,-109,46
-27,78,-13,119,51,-178,-108,50
-26,79,-12,119,50,-178,-108,53
-26,79,-11,120,51,-178,-111,53
-27,81,-11,122,52,-179,-111,52
-28,82,-12,122,52,-179,-112,53
-28,83,-13,123,51,-178,-113,54
-29,84,-14,123,49,-178,-115,56
-28,84,-15,123,47,-178,-115,56
-27,82,-16,122,47,-178,-114,51
-27,80,-17,122,47,-178,-114,50
-27,79,-17,121,47,-178,-112,47
-28,76,-17,121,47,-178,-113,45
-30,74,-17,121,47,-178,-114,42
-31,70,-18,120,47,-178,-115,39
-31,65,-20,119,47,-178,-115,34
-32,60,-21,118,47,-178,-115,28
-32,54,-21,118,47,-178,-117,21
-33,48,-22,117,47,-178,-117,15
-34,42,-23,116,47,-178,-117,7
-35,36,-24,115,47,-178,-118,1
-38,29,-25,114,47,-178,-118,-6
-40,22,-25,114,47,-178,-120,-13
-41,15,-27,112,47,-178,-122,-19
-42,10,-29,111,47,-178,-123,-25
-43,3,-31,109,47,-178,-123,-34
-44,-2,-32,108,47,-178,-122,-40
-46,-9,-33,107,47,-178,-124,-47
-48,-15,-33,107,47,-178,-125,-53
-49,-21,-33,107,47,-178,-126,-59
-50,-28,-33,107,47,-178,-128,-67
-52,-36,-34,106,47,-178,-129,-75
-54,-42,-34,104,47,-178,-130,-81
-55,-48,-36,102,46,-178,-131,-87
-56,-53,-37,102,45,-178,-133,-92
-56,-58,-39,101,45,-178,-133,-101
-57,-63,-39,100,45,-178,-131,-106
-58,-67,-37,99,44,-178,-133,-107
-60,-70,-36,99,43,-178,-134,-109
-61,-72,-36,99,43,-178,-135,-113
-62,-75,-38,100,43,-180,-136,-115
-63,-77,-40,100,44,-182,-136,-119
-63,-77,-42,99,43,-183,-136,-119
-64,-75,-42,100,42,-184,-137,-118
-64,-74,-40,101,42,-183,-140,-117
-65,-74,-39,101,42,-183,-141,-117
-65,-72,-39,102,42,-183,-141,-115
-65,-70,-39,102,42,-183,-141,-113
-64,-67,-38,102,42,-183,-140,-109
-63,-64,-37,104,42,-183,-140,-103
-62,-60,-36,104,42,-183,-139,-100
-62,-56,-35,105,42,-183,-139,-96
-61,-50,-34,106,42,-183,-137,-90
-59,-43,-33,107,42,-183,-136,-83
-57,-36,-32,108,42,-183,-136,-76
-55,-29,-32,108,42,-184,-134,-69
-54,-22,-31,109,42,-187,-134,-61
-54,-14,-29,110,42,-188,-134,-51
-53,-7,-27,110,41,-188,-134,-43
-51,0,-25,111,42,-188,-131,-35
-48,7,-25,113,42,-188,-128,-28
-46,14,-25,115,42,-188,-129,-20
-45,23,-25,115,42,-188,-128,-12
-44,30,-23,115,42,-188,-125,-1
-43,38,-19,115,42,-188,-124,6
-39,46,-17,115,42,-188,-120,17
-36,54,-17,117,41,-188,-118,25
-33,62,-17,117,40,-189,-114,32
-31,68,-16,118,39,-189,-113,40
-30,74,-14,119,39,-189,-112,46
-30,79,-13,121,38,-190,-114,51
-29,85,-12,123,38,-190,-115,57
-27,90,-13,124,38,-191,-114,62
-25,95,-12,122,39,-191,-109,67
-24,99,-11,121,40,-191,-108,73
-23,102,-9,122,41,-192,-108,76
-22,105,-8,123,41,-192,-107,80
-21,108,-7,124,39,-193,-107,83
-21,110,-7,125,39,-193,-106,85
-19,112,-7,124,38,-193,-104,86
-17,112,-7,124,37,-192,-102,87
-17,112,-7,124,36,-191,-102,87
-16,111,-6,124,36,-191,-101,85
-17,108,-7,124,37,-191,-102,83
-18,106,-8,123,36,-192,-103,80
-19,104,-9,122,36,-193,-104,79
-20,101,-10,121,37,-193,-104,76
-20,98,-10,121,38,-192,-106,73
-21,93,-10,121,39,-192,-106,68
-21,88,-11,120,38,-193,-103,62
-22,83,-13,119,37,-193,-104,54
-24,79,-14,118,36,-192,-106,51
-25,74,-14,117,36,-191,-107,46
-26,69,-14,117,36,-191,-108,40
-27,62,-15,117,37,-191,-109,34
-28,56,-17,115,37,-192,-109,26
-29,50,-18,115,36,-193,-111,21
-29,44,-18,114,36,-193,-111,14
-31,38,-17,113,36,-192,-109,8
-32,32,-17,113,36,-192,-111,2
-32,27,-17,113,36,-192,-111,-2
-33,24,-16,113,36,-192,-112,-6
-35,21,-15,112,36,-192,-113,-8
-36,18,-15,111,36,-192,-111,-9
-35,15,-15,109,36,-192,-111,-12
-34,12,-17,108,36,-192,-109,-17
-34,9,-18,108,36,-192,-109,-20
-36,8,-18,107,36,-192,-111,-21
-37,8,-17,106,36,-192,-112,-21
-37,10,-16,105,36,-192,-111,-17
-36,13,-15,104,36,-193,-109,-14
-36,15,-14,104,36,-193,-108,-12
-36,17,-15,104,36,-192,-108,-9
-36,20,-15,104,36,-192,-109,-7
-37,24,-15,104,36,-192,-111,-2
-37,28,-14,105,36,-194,-111,1
-38,33,-12,106,36,-196,-111,6
-37,36,-11,107,36,-197,-111,9
-37,40,-11,108,36,-198,-111,15
-37,45,-10,108,36,-197,-111,20
-36,50,-9,109,36,-197,-111,26
-35,56,-7,110,36,-197,-112,31
-33,61,-7,111,36,-197,-109,37
-32,67,-7,111,36,-197,-108,43
-31,71,-8,111,36,-197,-108,47
-31,75,-9,112,36,-197,-108,51
-30,79,-10,112,36,-197,-107,53
-29,84,-9,114,36,-197,-108,58
-28,90,-8,116,36,-197,-108,67
-28,93,-7,117,36,-197,-108,70
-27,96,-7,118,36,-197,-107,73
-25,96,-7,117,36,-197,-106,73
-25,97,-7,117,37,-197,-104,74
-25,98,-7,117,38,-197,-104,75
-26,100,-7,117,38,-197,-106,76
-26,100,-7,117,38,-197,-106,78
-25,99,-7,117,37,-197,-106,75
-25,97,-7,118,36,-197,-107,74
-25,95,-8,118,36,-197,-108,69
-26,92,-8,118,36,-197,-108,67
-26,90,-8,119,36,-197,-108,64
-25,87,-9,119,36,-197,-107,62
-25,84,-9,120,36,-197,-107,58
-25,80,-9,119,36,-197,-107,54
-25,76,-9,118,36,-197,-107,50
-27,72,-10,115,37,-197,-106,46
-27,68,-11,114,39,-198,-106,41
-27,64,-12,115,39,-198,-106,37
-26,61,-13,116,39,-197,-108,34
-27,57,-13,117,37,-196,-108,30
-28,52,-12,116,36,-196,-109,25
-29,48,-13,114,36,-196,-108,21
-29,44,-14,112,36,-195,-108,18
-28,42,-15,112,36,-194,-107,13
-28,39,-15,111,36,-193,-106,9
-29,37,-15,112,36,-192,-107,7
-29,35,-15,112,37,-192,-108,6
-29,34,-15,112,38,-193,-108,4
-29,33,-15,112,39,-193,-107,3
-28,33,-16,112,38,-192,-107,3
-29,34,-16,112,37,-192,-107,4
-30,35,-17,113,37,-193,-108,6
-31,36,-18,114,37,-194,-112,7
-31,37,-18,114,38,-195,-112,8
-30,39,-18,114,38,-194,-111,9
-29,41,-18,115,37,-193,-111,12
-29,44,-18,115,36,-192,-111,14
-29,48,-18,114,36,-192,-111,19
-29,52,-18,114,36,-194,-111,23
-29,56,-18,114,36,-196,-111,26
-28,59,-18,115,36,-197,-109,28
-27,64,-19,118,36,-198,-111,32
-26,69,-19,119,37,-198,-109,37
-25,74,-19,120,39,-197,-109,42
-25,78,-18,121,39,-197,-109,47
-25,82,-18,121,39,-197,-109,51
-24,86,-17,121,37,-197,-108,56
-23,90,-17,121,36,-197,-107,59
-21,94,-16,122,36,-197,-108,64
-21,99,-15,123,36,-197,-108,72
-21,103,-14,125,36,-197,-108,75
-20,106,-13,125,36,-197,-107,79
-19,110,-14,124,36,-197,-106,83
-17,112,-14,124,36,-197,-104,84
-16,114,-14,125,36,-197,-103,86
-16,117,-13,126,36,-197,-103,90
-16,118,-11,126,36,-197,-103,91
-15,119,-10,126,36,-197,-103,91
-14,118,-10,123,36,-197,-100,92
-12,116,-9,122,36,-197,-97,91
-12,115,-8,122,36,-197,-97,90
-12,115,-8,123,36,-197,-97,90
-12,114,-8,123,36,-197,-97,90
-11,113,-8,123,36,-197,-96,89
-10,112,-8,123,36,-197,-95,87
-11,110,-9,122,36,-197,-96,85
-13,109,-10,121,36,-197,-97,84
-14,106,-11,121,36,-197,-100,80
-15,102,-10,121,36,-197,-100,78
-14,99,-10,120,36,-197,-97,74
-15,97,-8,118,36,-197,-97,72
-16,94,-7,117,36,-197,-96,72
-17,90,-7,117,36,-197,-96,68
-17,86,-7,117,36,-197,-97,63
-18,82,-8,116,36,-196,-97,59
-19,79,-9,116,36,-196,-98,53
-20,76,-9,115,36,-196,-98,50
-21,73,-10,115,36,-195,-100,47
-22,69,-10,114,36,-194,-101,43
-23,66,-10,113,36,-192,-102,40
-24,63,-9,111,36,-192,-101,39
-25,59,-9,110,36,-193,-101,36
-25,56,-10,108,36,-195,-100,32
-27,52,-11,107,36,-195,-101,29
-28,49,-11,107,36,-195,-102,23
-29,46,-11,107,36,-194,-103,23
-30,44,-11,108,36,-193,-104,18
-32,41,-12,109,36,-192,-108,14
-32,37,-12,108,36,-192,-108,10
-34,32,-13,107,36,-193,-107,6
-36,28,-14,105,36,-192,-109,1
-37,25,-16,105,36,-192,-111,-2
-38,23,-17,106,36,-192,-114,-6
-39,21,-18,107,36,-194,-114,-8
-38,17,-18,108,36,-196,-114,-12
-38,13,-17,106,36,-198,-114,-15
-39,9,-17,104,36,-197,-112,-18
-41,6,-18,102,36,-196,-113,-23
-43,4,-18,101,36,-194,-113,-23
-44,2,-19,100,36,-193,-114,-28
-43,0,-19,101,36,-194,-117,-30
-43,-2,-20,102,36,-195,-115,-32
-41,-4,-19,102,36,-196,-113,-35
-41,-5,-19,101,36,-197,-111,-36
-40,-6,-18,100,36,-197,-111,-34
-41,-6,-18,101,36,-196,-111,-34
-41,-5,-19,101,36,-195,-111,-36
-40,-3,-19,101,36,-196,-111,-34
-39,-1,-18,100,36,-197,-109,-29
-38,1,-17,101,36,-197,-108,-26
-35,4,-15,102,36,-197,-106,-23
-32,9,-14,103,36,-197,-103,-18
-30,15,-12,103,36,-197,-101,-8
-28,23,-10,104,36,-197,-98,-1
-27,30,-9,104,36,-197,-97,6
-27,39,-9,107,36,-197,-100,14
-25,47,-8,109,36,-199,-100,24
-23,57,-7,112,36,-201,-100,34
-20,68,-5,113,37,-202,-97,45
-16,79,-3,115,38,-201,-93,58
-14,91,-1,116,37,-200,-91,70
-12,103,0,118,36,-201,-92,84
-11,115,2,119,36,-202,-91,96
-8,128,3,121,37,-202,-89,111
-6,140,5,122,38,-201,-86,124
-3,153,6,124,39,-200,-87,137
-2,165,6,125,40,-201,-86,150
0,177,7,127,40,-202,-84,162
2,187,9,128,39,-202,-81,173
3,198,11,131,39,-202,-83,185
4,207,12,133,39,-202,-83,195
4,217,13,136,40,-202,-85,205
5,225,13,137,41,-202,-85,213
6,231,14,137,41,-202,-84,219
7,235,14,137,41,-202,-83,224
7,238,14,137,41,-203,-83,227
7,241,14,137,41,-202,-83,229
7,242,14,137,41,-201,-83,230
7,243,14,137,41,-199,-83,231
7,242,14,137,41,-197,-84,230
6,240,14,137,41,-197,-84,229
5,236,14,137,41,-197,-85,224
4,230,12,136,41,-198,-85,218
3,222,10,133,41,-198,-86,207
2,214,8,131,41,-197,-85,198
0,204,6,130,41,-197,-86,189
-1,193,5,129,41,-197,-87,175
-3,180,4,128,41,-198,-90,162
-4,166,2,126,41,-198,-90,147
-6,151,0,125,41,-197,-90,133
-9,137,-1,122,41,-196,-92,118
-12,122,-3,121,41,-194,-95,100
-16,106,-6,119,41,-193,-98,84
-19,89,-9,116,41,-193,-98,63
-22,72,-10,113,41,-192,-101,46
-25,56,-12,111,41,-192,-101,30
-28,41,-12,109,41,-191,-103,14
-31,27,-13,107,41,-190,-104,0
-35,14,-15,104,41,-189,-108,-13
-37,1,-17,102,41,-190,-107,-26
-39,-10,-18,100,41,-190,-109,-41
-42,-22,-20,99,41,-189,-111,-53
-44,-33,-21,98,41,-188,-113,-64
-46,-43,-23,97,41,-189,-115,-75
-48,-53,-25,97,41,-190,-117,-87
-50,-60,-25,96,41,-191,-119,-95
-52,-66,-25,96,41,-191,-120,-101
-54,-70,-26,95,41,-189,-120,-104
-55,-73,-26,95,42,-188,-124,-108
-57,-75,-28,96,42,-187,-125,-111
-58,-76,-29,98,42,-188,-129,-111
-58,-75,-29,98,41,-189,-129,-113
-58,-72,-29,98,41,-191,-129,-108
-58,-69,-29,97,41,-193,-129,-103
-58,-65,-29,97,41,-193,-126,-100
-59,-60,-29,98,42,-193,-130,-95
-60,-55,-28,99,42,-192,-131,-90
-60,-49,-26,100,41,-192,-131,-84
-58,-43,-25,100,41,-193,-130,-78
-57,-36,-25,101,41,-194,-129,-70
-57,-29,-25,103,42,-196,-131,-63
-57,-22,-25,106,43,-196,-133,-56
-57,-15,-25,108,43,-196,-135,-48
-57,-7,-25,108,43,-196,-135,-40
-56,1,-25,108,42,-197,-134,-31
-54,8,-25,107,41,-198,-133,-24
-52,15,-25,108,41,-198,-130,-17
-50,22,-24,108,41,-198,-129,-10
-50,28,-22,110,41,-198,-128,-4
-49,33,-21,111,41,-197,-128,1
-48,38,-21,111,41,-198,-126,6
-46,43,-21,111,41,-199,-125,10
-45,46,-21,111,41,-200,-124,14
-44,48,-20,112,41,-200,-123,17
-43,50,-20,112,41,-199,-122,18
-42,52,-20,112,41,-198,-122,20
-41,53,-21,111,41,-199,-120,21
-41,55,-21,111,41,-201,-120,23
-40,55,-21,111,41,-202,-119,24
-39,54,-21,111,41,-203,-118,23
-39,51,-20,112,41,-202,-118,19
-39,49,-20,112,41,-202,-118,17
-39,46,-20,112,41,-202,-118,14
-40,44,-21,111,41,-202,-119,12
-40,40,-21,111,41,-202,-119,8
-41,36,-21,111,41,-202,-120,3
-43,32,-21,111,41,-202,-122,0
-43,28,-21,111,41,-202,-122,-3
-43,26,-21,111,41,-202,-122,-6
-43,22,-21,111,41,-202,-122,-9
-44,18,-22,110,41,-202,-122,-14
-44,14,-22,110,41,-202,-123,-18
-44,10,-22,110,41,-202,-122,-21
-44,7,-23,110,41,-202,-122,-25
-45,4,-24,109,41,-202,-123,-29
-46,0,-25,108,41,-202,-124,-31
-47,-1,-24,106,41,-202,-122,-35
-47,-3,-24,106,41,-202,-122,-36
-47,-5,-24,107,41,-202,-124,-39
-47,-7,-25,108,41,-202,-124,-41
-48,-9,-24,107,41,-202,-123,-42
-49,-10,-23,105,41,-202,-124,-43
-49,-10,-22,104,41,-202,-124,-41
-49,-10,-21,104,41,-202,-122,-41
-49,-10,-21,104,41,-202,-122,-41
-49,-10,-22,104,41,-202,-124,-41
-49,-8,-22,104,41,-202,-122,-41
-48,-6,-21,104,40,-204,-120,-36
-47,-3,-21,105,40,-205,-123,-34
-47,-1,-19,106,40,-206,-122,-31
-46,2,-18,108,40,-206,-122,-28
-46,6,-18,108,40,-205,-122,-24
-46,9,-18,107,40,-205,-122,-20
-44,13,-18,107,40,-205,-119,-17
-42,17,-18,108,40,-206,-117,-12
-40,22,-17,108,40,-207,-115,-7
-39,28,-15,110,40,-207,-114,-1
-38,34,-14,111,40,-207,-114,7
-37,40,-14,111,40,-207,-115,13
-36,46,-15,112,40,-207,-115,17
-35,52,-16,112,40,-207,-114,23
-34,57,-16,112,40,-207,-113,28
-32,61,-16,112,40,-207,-112,32
-30,66,-15,114,40,-207,-109,37
-29,72,-15,116,40,-207,-111,42
-29,78,-15,118,40,-207,-111,50
-28,84,-14,118,40,-207,-111,56
-27,88,-13,119,40,-207,-109,61
-26,92,-12,119,40,-207,-108,67
-25,95,-11,120,40,-207,-109,70
-24,99,-10,121,40,-207,-109,73
-23,101,-9,122,40,-207,-108,76
-22,104,-9,122,40,-207,-107,78
-21,104,-10,122,40,-207,-106,79
-21,104,-10,121,40,-207,-106,79
-21,104,-10,121,40,-207,-107,79
-22,104,-10,121,40,-207,-107,78
-23,104,-10,121,40,-207,-108,78
-23,103,-10,121,40,-207,-108,78
-23,102,-11,122,40,-207,-108,76
-23,99,-12,122,40,-207,-108,72
-24,96,-12,122,40,-209,-108,68
-24,93,-11,122,40,-211,-109,64
-25,89,-11,122,40,-212,-111,61
-27,85,-12,122,40,-211,-112,56
-28,80,-13,121,40,-210,-112,52
-28,76,-14,120,40,-210,-113,47
-29,72,-15,119,40,-210,-114,43
-31,68,-15,119,40,-210,-115,39
-32,63,-15,119,40,-211,-115,34
-32,59,-15,119,40,-212,-117,30
-32,56,-16,117,40,-213,-113,26
-32,53,-18,116,40,-212,-113,24
-32,50,-19,116,40,-210,-113,18
-32,46,-19,115,40,-209,-113,14
-33,44,-18,115,40,-209,-114,13
-33,42,-18,115,40,-209,-114,10
-34,40,-19,116,40,-209,-115,8
-35,37,-19,116,40,-209,-117,6
-36,36,-20,116,40,-209,-117,3
-36,35,-20,116,40,-210,-117,3
-36,35,-19,115,40,-211,-117,3
-36,36,-18,115,39,-211,-117,3
-36,37,-19,116,38,-211,-117,4
-36,39,-20,117,39,-210,-119,7
-35,41,-21,118,39,-210,-118,9
-35,43,-21,117,39,-210,-118,10
-35,46,-20,116,37,-210,-117,14
-35,48,-19,116,36,-211,-117,17
-35,51,-18,117,36,-212,-118,19
-34,53,-18,119,37,-212,-118,21
-34,54,-19,120,37,-212,-118,23
-34,56,-20,119,37,-212,-118,24
-34,59,-20,119,36,-212,-118,28
-32,64,-19,120,35,-212,-117,32
-32,67,-17,121,35,-212,-115,36
-32,69,-16,121,35,-212,-117,41
-32,71,-16,120,35,-212,-117,42
-32,70,-16,119,36,-212,-117,41
-31,71,-16,119,37,-212,-115,42
-29,72,-15,119,37,-212,-113,43
-29,74,-15,119,37,-212,-113,46
-30,75,-15,119,36,-212,-114,46
-33,74,-17,120,35,-212,-117,46
-33,72,-17,119,35,-212,-118,41
-33,70,-17,118,35,-212,-114,41
-31,69,-15,117,36,-212,-113,40
-31,67,-14,117,36,-212,-112,39
-31,65,-13,118,35,-212,-112,36
-31,61,-14,118,35,-212,-113,32
-31,58,-15,117,35,-212,-113,29
-32,55,-17,115,36,-212,-113,26
-32,52,-18,114,37,-212,-113,23
-33,49,-17,113,37,-212,-112,20
-34,46,-15,112,37,-212,-113,17
-36,43,-14,111,36,-212,-112,15
-36,39,-14,111,35,-212,-113,12
-36,36,-14,111,35,-212,-112,9
-35,34,-14,111,35,-212,-111,7
-33,32,-15,111,36,-212,-109,6
-33,31,-15,111,36,-212,-112,2
-34,30,-14,111,35,-212,-111,3
-36,29,-13,110,35,-212,-112,2
-38,29,-12,108,35,-212,-112,2
-37,28,-11,107,35,-212,-111,1
-36,29,-11,107,35,-212,-109,4
-35,32,-10,108,35,-212,-108,7
-35,34,-10,108,35,-212,-108,9
-36,36,-9,109,35,-212,-109,12
-36,39,-8,109,35,-211,-111,14
-36,43,-8,110,35,-212,-112,18
-35,47,-7,110,35,-213,-111,23
-33,51,-7,112,35,-215,-109,28
-32,56,-6,114,35,-215,-108,31
-31,60,-5,115,35,-214,-109,36
-31,65,-5,115,36,-212,-108,42
-31,71,-5,115,35,-211,-111,47
-30,77,-5,117,35,-212,-109,53
-29,82,-5,119,35,-213,-111,58
-28,86,-4,121,36,-216,-111,63
-27,90,-3,121,36,-217,-109,67
-27,93,-3,120,37,-217,-109,70
-26,98,-3,120,36,-217,-109,75
-26,102,-3,120,37,-217,-108,79
-25,106,-3,120,38,-217,-108,83
-24,109,-3,120,40,-215,-107,86
-23,111,-3,120,40,-213,-106,89
-22,113,-3,120,40,-212,-106,91
-23,114,-3,121,40,-213,-106,92
-23,115,-3,121,40,-215,-106,92
-23,114,-2,122,40,-217,-106,92
-23,114,-3,121,40,-217,-106,92
-23,115,-3,121,40,-217,-106,92
-23,114,-4,120,40,-216,-106,92
-22,114,-3,120,40,-216,-104,91
-22,111,-3,120,40,-215,-104,89
-23,107,-3,120,40,-214,-106,85
-24,104,-3,120,40,-213,-107,81
-25,101,-4,120,40,-214,-108,78
-25,98,-5,119,40,-215,-108,75
-25,95,-6,119,40,-217,-108,72
-25,90,-6,118,40,-218,-104,68
-25,86,-7,117,40,-217,-104,63
-26,81,-7,117,40,-216,-106,58
-26,77,-7,117,40,-213,-106,54
-26,73,-8,116,40,-212,-106,50
-27,68,-10,115,40,-212,-106,42
-29,63,-11,114,40,-214,-108,36
-31,58,-11,114,40,-216,-111,31
-32,54,-11,114,40,-215,-112,26
-32,50,-10,114,40,-214,-112,23
-32,47,-10,114,40,-213,-111,20
-33,43,-12,113,40,-213,-112,17
-34,40,-14,112,40,-213,-113,13
-35,37,-14,111,40,-214,-111,10
-35,36,-15,110,40,-214,-112,9
-36,35,-14,110,40,-214,-112,8
-37,34,-14,111,40,-215,-113,7
-38,34,-15,112,40,-216,-117,4
-39,34,-17,113,40,-217,-117,4
-38,34,-18,114,40,-217,-119,4
-38,34,-18,115,40,-217,-119,4
-37,34,-18,114,40,-217,-118,4
-37,34,-18,114,40,-217,-118,4
-37,35,-18,114,40,-217,-118,6
-36,36,-19,115,40,-217,-117,4
-37,39,-20,117,40,-217,-120,7
-38,40,-21,118,40,-217,-122,8
-38,40,-21,118,40,-217,-122,8
-38,39,-21,118,40,-217,-122,7
-38,39,-21,118,40,-217,-122,7
-38,40,-21,118,40,-217,-122,8
-39,41,-21,118,40,-217,-123,8
-39,41,-22,117,40,-217,-123,9
-38,41,-23,115,40,-217,-122,7
-38,40,-24,115,40,-217,-119,6
-38,39,-25,114,40,-217,-119,4
-39,39,-25,115,40,-217,-120,4
-40,38,-24,115,40,-217,-122,3
-41,37,-25,115,40,-217,-125,2
-42,36,-25,115,40,-217,-125,1
-42,34,-25,114,40,-217,-123,0
-43,32,-24,114,40,-217,-124,-2
-43,30,-24,113,40,-217,-124,-2
-43,28,-24,114,40,-218,-124,-7
-42,26,-24,114,39,-218,-123,-8
-40,25,-24,114,39,-218,-122,-7
-40,24,-23,113,39,-219,-120,-8
-40,22,-23,113,40,-220,-120,-9
-40,21,-23,113,40,-221,-122,-10
-41,21,-23,112,39,-221,-122,-10
-40,21,-22,112,38,-220,-122,-10
-40,22,-20,112,36,-220,-118,-9
-40,23,-18,113,37,-221,-118,-6
-40,25,-18,114,38,-222,-122,-4
-40,27,-18,116,38,-222,-122,-4
-40,29,-20,117,37,-222,-124,-2
-39,32,-21,118,36,-222,-123,0
-38,35,-21,119,38,-222,-122,2
-39,38,-19,118,39,-222,-122,6
-39,41,-18,116,40,-222,-120,12
-39,45,-18,116,39,-222,-120,15
-39,49,-19,117,38,-222,-123,17
-38,52,-20,119,36,-222,-122,20
-37,56,-19,120,36,-222,-122,24
-36,58,-17,122,36,-222,-123,26
-37,61,-17,122,36,-222,-123,29
-36,64,-17,122,36,-222,-123,32
-35,68,-18,121,36,-222,-119,36
-34,71,-17,120,35,-221,-119,42
-34,74,-14,119,35,-221,-118,45
-33,75,-11,120,35,-221,-118,50
-32,76,-10,120,35,-221,-117,51
-30,77,-10,121,35,-221,-115,51
-30,77,-10,121,35,-221,-114,51
-31,77,-11,121,35,-221,-115,51
-31,76,-10,121,35,-221,-115,51
-32,75,-10,121,35,-221,-115,48
-32,73,-10,121,35,-221,-115,47
-32,71,-10,121,35,-221,-115,45
-32,68,-11,120,35,-221,-117,42
-32,65,-12,120,35,-221,-117,39
-31,62,-12,119,35,-221,-113,35
-31,58,-11,120,35,-221,-113,31
-32,54,-11,121,35,-221,-117,28
-33,49,-10,121,35,-221,-117,23
-35,45,-11,120,35,-221,-115,18
-36,42,-13,118,35,-221,-117,13
-36,39,-14,118,35,-221,-117,9
-36,37,-15,119,35,-221,-119,7
-35,34,-16,120,35,-221,-119,4
-35,31,-17,121,35,-221,-118,0
-35,28,-19,121,35,-221,-118,-3
-36,25,-20,119,35,-221,-119,-6
-37,24,-21,118,35,-221,-120,-8
-39,24,-21,118,35,-221,-122,-8
-40,24,-21,118,35,-221,-123,-8
-40,23,-21,118,35,-221,-123,-8
-40,22,-21,118,35,-221,-123,-9
-40,23,-21,118,35,-221,-123,-9
-40,25,-21,118,35,-221,-123,-6
-39,29,-21,118,35,-221,-123,-2
-38,32,-21,118,35,-221,-122,0
-37,36,-22,119,36,-222,-120,1
-38,40,-24,120,37,-222,-124,6
-39,44,-24,122,36,-222,-125,9
-39,49,-24,123,35,-221,-128,14
-39,53,-22,124,35,-221,-128,18
-38,56,-21,125,35,-221,-126,21
-36,61,-20,125,35,-221,-125,26
-35,65,-20,125,35,-221,-124,31
-32,70,-21,125,35,-221,-122,36
-31,75,-21,124,35,-221,-120,41
-29,80,-21,125,35,-221,-119,46
-29,84,-19,126,35,-221,-118,53
-27,88,-18,127,35,-222,-117,57
-25,91,-17,128,35,-221,-114,61
-23,94,-17,128,35,-221,-113,64
-21,98,-17,128,35,-221,-112,68
-20,102,-17,128,35,-222,-111,72
-19,105,-17,128,35,-223,-109,75
-18,108,-16,129,34,-224,-108,78
-17,111,-14,130,35,-223,-109,80
-17,114,-13,131,35,-222,-109,84
-17,116,-13,131,35,-221,-109,86
-17,118,-13,131,35,-221,-109,87
-16,118,-13,131,35,-221,-108,89
-15,118,-12,132,35,-222,-108,91
-15,119,-11,134,35,-221,-107,91
-15,121,-10,135,35,-221,-108,93
-16,122,-9,135,35,-221,-108,95
-16,122,-9,134,35,-222,-109,95
-15,120,-7,132,35,-223,-106,96
-14,119,-7,131,34,-224,-104,95
-14,119,-6,131,35,-223,-104,93
-14,119,-7,131,35,-222,-104,95
-14,119,-7,131,35,-221,-104,93
-15,117,-7,131,35,-221,-106,92
-16,115,-6,131,35,-221,-106,90
-16,112,-7,131,35,-222,-106,87
-16,111,-7,130,35,-222,-106,86
-15,110,-8,129,34,-221,-104,85
-15,108,-9,129,33,-221,-104,80
-16,105,-9,129,33,-221,-106,80
-17,103,-9,129,33,-222,-107,75
-18,101,-10,128,35,-223,-108,73
-18,99,-10,128,34,-224,-104,70
-18,95,-10,127,34,-223,-104,67
-18,91,-9,127,33,-222,-104,65
-18,88,-9,127,33,-221,-106,62
-19,84,-10,125,33,-221,-106,58
-19,81,-11,124,33,-221,-106,53
-20,79,-12,123,33,-222,-107,50
-21,77,-13,124,34,-222,-108,48
-22,76,-14,124,35,-221,-109,47
-23,74,-14,124,35,-221,-109,46
-23,72,-15,124,35,-221,-109,43
-22,69,-15,124,33,-222,-108,40
-23,66,-15,123,32,-223,-109,37
-23,64,-16,122,31,-224,-107,35
-23,64,-16,120,32,-223,-107,35
-24,64,-16,119,31,-222,-108,35
-25,63,-16,120,30,-221,-108,35
-26,62,-17,121,30,-221,-109,31
-28,62,-18,122,32,-221,-114,30
-29,63,-18,122,33,-222,-115,31
-29,65,-18,121,33,-221,-113,34
-29,66,-16,120,32,-221,-113,37
-29,67,-15,121,31,-221,-113,37
-29,68,-14,122,31,-221,-113,40
-29,71,-12,123,31,-221,-113,42
-30,73,-11,122,32,-221,-114,45
-30,75,-11,121,33,-221,-114,50
-30,77,-10,120,33,-221,-112,51
-30,78,-10,120,33,-222,-115,52
-30,79,-10,122,32,-221,-114,53
-29,81,-9,124,31,-221,-113,54
-28,83,-8,126,30,-221,-115,57
-29,86,-7,126,29,-222,-115,59
-30,87,-7,125,30,-223,-114,61
-31,88,-7,124,32,-224,-115,62
-31,88,-7,124,33,-223,-115,62
-31,88,-7,124,33,-222,-115,62
-31,88,-7,124,32,-221,-115,62
-31,88,-6,123,31,-221,-115,62
-30,87,-5,123,32,-222,-115,63
-29,85,-4,122,32,-223,-111,62
-28,83,-4,121,32,-224,-111,61
-29,81,-5,120,33,-223,-111,58
-30,79,-6,118,34,-221,-109,56
-30,77,-7,117,35,-221,-109,53
-30,75,-7,117,33,-223,-109,52
-30,73,-7,117,31,-225,-109,50
-31,70,-7,117,30,-225,-111,46
-32,67,-7,117,31,-224,-111,43
-32,63,-7,118,33,-222,-114,39
-32,59,-7,117,33,-221,-111,35
-32,56,-6,116,33,-221,-111,32
-32,52,-6,114,33,-222,-108,29
-32,50,-6,112,34,-222,-108,25
-31,47,-6,111,35,-221,-107,23
-30,46,-7,111,35,-221,-106,21
-29,45,-7,111,35,-221,-106,20
-29,44,-8,110,35,-221,-106,20
-29,44,-7,110,35,-221,-106,20
-29,44,-8,110,35,-221,-106,20
-30,44,-7,111,35,-221,-106,20
-30,46,-7,112,35,-221,-106,21
-29,48,-5,113,35,-221,-106,24
-28,50,-3,113,35,-221,-104,29
-28,53,-4,114,35,-221,-104,31
-29,55,-5,115,35,-221,-106,31
-30,58,-6,116,35,-221,-109,35
-29,63,-6,118,35,-221,-108,39
-26,68,-5,120,35,-221,-107,45
-23,75,-3,121,35,-222,-106,52
-21,82,-3,120,35,-221,-103,58
-21,88,-3,120,35,-221,-103,64
-21,93,-3,120,35,-221,-103,70
-20,99,-3,121,35,-222,-103,76
-18,105,-1,122,35,-223,-101,83
-16,112,0,124,36,-224,-100,92
-14,119,1,125,37,-223,-97,100
-13,126,2,126,36,-222,-98,106
-12,132,3,127,35,-223,-97,113
-11,137,3,127,34,-225,-97,118
-10,142,3,127,36,-225,-96,123
-9,146,4,128,38,-224,-95,126
-7,151,5,129,40,-222,-93,135
-7,156,6,130,40,-221,-92,140
-6,161,7,130,40,-222,-92,145
-5,164,7,130,39,-222,-91,147
-4,166,6,130,39,-222,-91,150
-3,168,6,130,39,-222,-90,152
-3,169,6,130,40,-222,-90,153
-3,170,6,130,39,-222,-90,155
-4,169,6,130,39,-222,-91,153
-4,169,7,130,39,-222,-91,152
-5,167,7,130,39,-222,-91,151
-5,165,6,130,39,-222,-91,148
-5,162,6,130,39,-222,-91,146
-6,158,5,129,39,-222,-92,142
-7,155,6,127,39,-222,-93,139
-9,152,5,127,39,-222,-92,135
-10,148,3,126,39,-222,-93,130
-10,144,2,125,39,-222,-93,124
-9,138,1,124,39,-222,-92,119
-9,133,2,122,39,-222,-92,114
-10,128,3,121,39,-222,-91,112
-11,124,4,120,39,-222,-92,107
-14,119,3,121,39,-222,-95,102
-16,115,1,122,39,-222,-100,95
-17,111,1,122,39,-221,-100,91
-17,106,1,120,39,-221,-97,86
-17,101,0,118,39,-220,-97,81
-18,96,-1,118,39,-219,-98,76
-20,92,-3,119,40,-218,-100,69
-21,88,-3,120,40,-217,-103,65
-23,85,-4,121,40,-217,-104,62
-24,83,-3,121,40,-217,-106,59
-25,80,-3,120,40,-217,-107,57
-25,78,-4,119,40,-217,-107,54
-25,76,-6,118,39,-217,-104,53
-25,74,-7,117,40,-217,-104,51
-26,73,-7,117,41,-217,-106,50
-28,73,-7,117,43,-217,-107,50
-28,73,-7,117,45,-217,-108,50
-29,72,-7,117,45,-217,-108,48
-29,72,-7,117,45,-217,-108,48
-29,72,-7,117,44,-217,-108,48
-29,72,-7,117,43,-217,-109,48
-30,72,-7,117,43,-217,-109,48
-31,72,-7,117,42,-217,-111,48
-31,72,-7,117,42,-217,-111,48
-30,72,-7,117,42,-217,-109,48
-29,72,-7,117,43,-217,-109,48
-29,72,-7,117,43,-217,-109,48
-29,73,-6,116,44,-217,-109,50
-29,74,-6,116,45,-217,-109,51
-29,75,-7,116,45,-217,-108,52
-29,76,-7,117,45,-218,-109,52
-30,77,-7,116,44,-218,-109,53
-31,78,-6,116,43,-219,-111,54
-31,78,-6,116,43,-219,-111,54
-31,78,-7,117,43,-219,-111,54
-30,79,-7,117,44,-220,-109,56
-29,80,-7,117,45,-220,-109,57
-29,81,-7,117,45,-220,-109,58
-29,83,-7,117,44,-220,-109,59
-29,84,-7,117,44,-220,-109,61
-28,84,-7,117,44,-221,-108,61
-28,84,-7,117,45,-221,-108,61
-28,84,-7,117,44,-221,-108,61
-28,84,-7,117,44,-220,-108,61
-29,83,-7,117,44,-221,-108,61
-30,83,-7,117,44,-221,-109,59
-30,83,-7,117,44,-221,-109,59
-30,83,-7,117,44,-220,-109,61
-29,85,-7,117,44,-220,-109,62
-29,86,-7,117,44,-220,-109,62
-30,84,-7,118,44,-220,-111,61
-31,82,-7,119,44,-220,-113,56
-32,81,-8,121,45,-218,-114,56
-33,81,-8,121,45,-217,-115,56
-34,80,-9,120,45,-217,-117,54
-35,79,-10,120,44,-219,-117,52
-35,76,-10,120,44,-219,-119,50
-35,75,-10,121,44,-219,-120,48
-35,72,-10,121,45,-218,-119,46
-36,70,-10,121,44,-218,-120,43
-36,67,-10,121,44,-219,-120,41
-35,65,-10,121,44,-219,-119,37
-35,62,-10,121,45,-218,-119,35
-35,59,-11,121,45,-217,-119,32
-36,56,-11,120,45,-217,-117,29
-36,53,-13,119,45,-217,-117,24
-36,50,-14,117,45,-217,-118,20
-36,48,-14,118,45,-217,-118,18
-38,46,-15,119,45,-217,-122,17
-38,43,-15,119,45,-217,-122,13
-38,39,-17,119,45,-217,-122,9
-38,36,-19,118,46,-217,-122,4
-38,34,-21,118,46,-217,-122,2
-39,33,-21,118,46,-217,-123,1
-41,31,-21,118,46,-218,-124,-1
-41,28,-21,118,46,-219,-125,-3
-42,27,-22,119,46,-220,-128,-8
-42,26,-24,120,46,-219,-128,-8
-42,26,-27,119,46,-218,-128,-8
-42,27,-27,118,46,-217,-128,-8
-42,27,-27,117,46,-217,-125,-8
-42,26,-27,117,46,-217,-125,-8
-42,26,-28,118,45,-219,-128,-10
-42,26,-28,119,44,-221,-128,-10
-41,28,-28,119,44,-222,-126,-8
-41,31,-28,118,44,-223,-126,-6
-40,34,-28,118,45,-222,-126,-2
-41,36,-27,119,45,-222,-126,2
-41,38,-25,121,44,-222,-126,3
-40,40,-25,123,44,-222,-129,6
-40,44,-26,125,44,-222,-129,7
-40,47,-28,125,44,-222,-131,10
-40,51,-28,126,44,-222,-131,14
-40,54,-28,126,44,-222,-131,17
-39,57,-27,126,44,-222,-131,20
-39,59,-26,126,44,-222,-130,23
-39,61,-25,127,44,-222,-130,24
-39,63,-25,128,44,-222,-130,26
-39,65,-24,129,44,-222,-130,28
-38,67,-24,129,44,-222,-130,30
-38,69,-24,129,45,-222,-129,35
-36,72,-23,127,44,-222,-128,39
-36,74,-21,126,44,-222,-125,40
-35,75,-21,125,45,-222,-124,41
-35,75,-20,125,45,-222,-124,41
-34,75,-21,125,45,-223,-124,41
-35,75,-21,125,44,-224,-124,41
-35,75,-21,125,43,-225,-124,41
-35,75,-21,125,42,-226,-124,41
-35,75,-21,125,43,-227,-124,41
-34,73,-21,125,43,-227,-123,40
-33,72,-21,125,43,-227,-123,37
-32,70,-20,124,41,-227,-119,39
-31,69,-18,122,40,-227,-118,37
-31,68,-18,121,40,-227,-118,36
-31,65,-17,121,41,-227,-115,34
-32,63,-17,121,41,-227,-115,31
-32,61,-17,122,41,-227,-119,30
-32,59,-18,121,40,-225,-119,28
-33,57,-17,121,39,-225,-117,26
-33,54,-17,121,39,-226,-117,23
-33,52,-17,121,39,-227,-117,20
-32,50,-17,121,39,-226,-117,18
-32,48,-18,121,39,-225,-115,17
-31,47,-18,121,39,-225,-114,15
-31,45,-19,121,39,-225,-114,13
-31,43,-18,120,39,-226,-114,12
-32,43,-18,118,39,-225,-115,10
-32,42,-18,116,39,-225,-113,13
-33,42,-17,117,39,-225,-114,13
-34,42,-17,119,39,-226,-117,9
-34,42,-18,121,39,-227,-117,9
-33,42,-18,121,39,-227,-119,10
-34,43,-19,120,39,-227,-118,10
-36,45,-18,120,39,-227,-119,13
-36,46,-18,121,39,-227,-119,14
-35,49,-17,121,39,-227,-119,17
-34,51,-17,121,39,-227,-118,19
-34,53,-17,121,39,-227,-118,20
-35,54,-18,121,39,-227,-118,23
-35,56,-17,121,39,-227,-119,24
-35,58,-16,122,39,-227,-122,26
-34,60,-15,123,39,-227,-120,31
-34,62,-14,124,39,-227,-120,32
-34,64,-13,125,39,-227,-120,35
-34,66,-14,125,39,-227,-120,37
-34,69,-14,124,39,-227,-120,40
-34,73,-14,124,39,-227,-120,45
-33,76,-14,125,39,-227,-120,47
-32,78,-14,125,39,-227,-119,50
-32,80,-14,125,39,-227,-119,51
-32,81,-14,124,39,-227,-119,52
-31,82,-14,124,39,-227,-118,53
-31,84,-14,125,39,-227,-118,56
-30,86,-13,125,39,-227,-117,58
-30,88,-12,126,39,-227,-118,59
-31,88,-11,126,39,-227,-118,59
-31,88,-11,127,39,-227,-119,59
-31,88,-11,126,39,-227,-119,59
-31,88,-11,126,39,-227,-118,59
-29,89,-11,127,39,-227,-117,61
-28,88,-11,128,39,-227,-114,59
-26,86,-10,128,39,-227,-113,58
-26,85,-9,127,39,-227,-113,59
-25,85,-8,126,39,-227,-112,59
-25,86,-7,124,39,-227,-109,59
-24,86,-7,123,39,-227,-108,61
-24,86,-7,124,39,-227,-108,61
-24,86,-7,124,39,-227,-109,61
-24,86,-8,125,39,-227,-112,61
-24,86,-8,126,39,-227,-111,61
-24,86,-8,125,39,-227,-111,61
-24,86,-7,124,39,-225,-109,61
-25,85,-7,124,39,-223,-109,59
-26,85,-7,124,39,-222,-111,59
-27,85,-7,124,39,-223,-112,59
-27,84,-7,125,39,-225,-112,58
-28,84,-7,124,39,-227,-113,58
-28,84,-8,123,39,-227,-113,58
-28,84,-9,122,39,-227,-113,58
-29,85,-10,121,39,-226,-114,59
-31,85,-11,121,39,-225,-115,56
-32,83,-12,122,39,-225,-117,54
-32,82,-12,123,39,-225,-117,53
-32,81,-13,124,39,-226,-119,52
-33,81,-14,124,39,-227,-120,52
-34,81,-14,125,39,-227,-122,52
-35,80,-14,125,39,-227,-123,51
-36,78,-13,125,39,-227,-124,48
-37,75,-14,124,39,-227,-124,46
-37,72,-15,123,39,-227,-124,43
-37,69,-16,122,39,-227,-124,37
-38,66,-17,121,39,-227,-122,34
-37,62,-17,121,39,-227,-122,31
-36,59,-17,121,39,-227,-120,28
-36,56,-17,121,39,-227,-119,24
-35,52,-18,120,39,-227,-119,20
-36,48,-20,119,39,-227,-120,15
-38,43,-21,118,39,-227,-122,12
-38,39,-21,118,39,-227,-122,7
-38,36,-21,118,39,-227,-122,3
-38,33,-21,118,39,-227,-122,1
-39,29,-21,118,39,-227,-122,-2
-40,26,-22,117,39,-227,-124,-6
-42,22,-23,115,39,-227,-125,-12
-42,20,-24,115,39,-227,-123,-14
-41,17,-25,114,39,-227,-122,-18
-41,14,-25,115,39,-227,-122,-20
-41,11,-25,115,39,-227,-122,-23
-42,10,-24,115,39,-227,-122,-25
-43,9,-24,115,39,-227,-124,-25
-44,9,-24,115,39,-227,-126,-26
-43,9,-25,115,39,-227,-124,-25
-43,9,-26,113,39,-227,-124,-25
-43,9,-27,112,39,-227,-124,-25
-43,9,-27,112,39,-227,-124,-25
-44,10,-26,113,39,-227,-125,-25
-45,12,-25,114,39,-227,-125,-23
-45,15,-23,114,39,-227,-125,-17
-44,18,-23,114,39,-227,-125,-14
-45,21,-24,114,39,-227,-125,-13
-46,25,-24,114,39,-226,-126,-9
-46,28,-24,114,39,-227,-128,-4
-46,31,-22,115,39,-228,-128,-1
-45,35,-21,116,39,-230,-126,2
-44,38,-21,117,39,-231,-128,6
-43,42,-20,118,39,-232,-126,10
-43,46,-19,118,39,-232,-126,14
-42,50,-18,119,39,-231,-126,18
-42,55,-16,120,39,-231,-126,25
-41,59,-15,119,39,-231,-125,30
-41,64,-14,118,39,-231,-123,35
-41,68,-14,117,39,-231,-123,39
-39,71,-13,119,39,-231,-122,42
-39,74,-12,120,39,-231,-123,45
-37,77,-11,121,39,-231,-122,51
-36,79,-10,120,39,-231,-118,53
-34,81,-8,118,39,-231,-117,54
-33,83,-6,118,39,-231,-113,59
-32,85,-4,119,39,-231,-114,62
-32,87,-3,120,39,-231,-114,64
-31,88,-3,121,39,-231,-114,64
-30,88,-3,120,38,-231,-113,65
-29,89,-3,120,37,-231,-112,65
-28,89,-3,119,38,-231,-108,65
-26,90,-2,118,39,-231,-106,69
-26,90,0,119,39,-231,-106,70
-26,90,1,119,39,-231,-106,69
-27,90,2,120,39,-231,-107,73
-27,90,3,120,39,-231,-107,73
-26,90,3,120,39,-231,-107,72
-26,89,2,120,39,-231,-107,72
-25,89,2,120,39,-231,-106,70
-24,89,2,120,39,-231,-103,70
-21,88,2,120,39,-231,-101,70
-20,88,2,120,39,-231,-100,70
-20,88,2,120,39,-231,-100,70
-20,90,2,120,39,-231,-100,72
-20,92,3,120,39,-231,-100,74
-19,94,2,120,39,-231,-100,76
-18,95,1,121,39,-231,-98,75
-18,96,0,122,39,-231,-101,76
-18,98,0,123,39,-231,-101,78
-17,101,0,122,39,-231,-100,80
-17,103,0,123,39,-231,-100,83
-17,104,0,123,39,-231,-100,85
-17,107,0,123,39,-231,-100,86
-16,108,0,123,39,-231,-98,89
-16,111,0,124,39,-231,-98,91
-16,114,-1,125,39,-231,-102,91
-17,117,-2,126,39,-231,-102,95
-16,120,-3,127,39,-231,-104,97
-16,122,-3,127,39,-231,-104,100
-16,123,-3,127,39,-231,-104,101
-17,123,-3,127,39,-231,-104,101
-18,125,-4,128,39,-231,-106,100
-17,127,-6,130,39,-231,-106,102
-16,130,-7,131,41,-232,-107,104
-15,130,-7,131,42,-232,-106,106
-14,129,-7,131,42,-232,-104,104
-13,127,-6,131,41,-232,-103,102
-12,126,-7,131,40,-232,-103,101
-12,126,-7,130,40,-232,-103,101
-12,126,-9,130,42,-232,-103,98
-12,126,-10,130,43,-232,-102,98
-12,124,-11,131,43,-232,-102,97
-12,122,-13,131,43,-232,-102,95
-12,121,-13,131,42,-232,-104,91
-12,120,-14,131,41,-232,-104,90
-13,118,-13,132,40,-232,-106,89
-12,116,-13,131,40,-232,-104,86
-12,115,-13,131,41,-232,-104,85
-12,115,-13,131,42,-232,-104,85
-12,115,-14,133,43,-232,-104,85
-12,113,-15,134,42,-232,-107,83
-12,111,-17,135,41,-232,-107,81
-12,109,-18,134,41,-232,-107,76
-13,108,-19,133,41,-232,-107,75
-14,108,-20,132,40,-232,-106,75
-14,108,-21,131,39,-231,-107,75
-14,108,-20,132,39,-231,-107,75
-13,109,-20,132,39,-231,-107,76
-11,110,-21,132,39,-231,-106,76
-9,111,-20,131,39,-231,-102,78
-10,112,-19,131,39,-231,-102,79
-11,113,-18,131,39,-231,-103,81
-13,116,-18,132,39,-231,-106,84
-14,118,-18,131,39,-231,-107,87
-15,120,-17,131,39,-231,-107,90
-15,123,-15,130,39,-231,-107,93
-14,125,-13,131,39,-231,-107,95
-13,127,-13,131,39,-231,-106,97
-14,129,-13,132,39,-231,-107,100
-15,131,-12,133,39,-231,-108,103
-17,133,-11,133,39,-231,-111,106
-18,136,-10,135,39,-231,-111,108
-17,138,-10,135,39,-231,-111,111
-16,140,-10,135,39,-232,-109,113
-15,141,-10,134,39,-232,-108,114
-15,142,-9,134,39,-231,-108,115
-15,144,-7,133,39,-230,-106,120
-14,147,-5,132,39,-229,-106,123
-13,148,-4,133,39,-228,-104,123
-13,148,-4,134,39,-228,-103,124
-13,148,-3,134,39,-228,-104,124
-13,147,-2,133,39,-227,-104,125
-12,146,0,132,39,-226,-101,125
-11,145,0,130,39,-226,-100,123
-11,143,0,130,39,-227,-100,122
-12,142,0,130,39,-228,-101,120
-13,140,0,130,39,-229,-101,119
-13,138,0,130,39,-228,-102,117
-13,135,0,131,39,-227,-101,113
-12,133,0,131,39,-227,-101,111
-12,130,0,130,39,-227,-101,108
-13,127,0,130,39,-227,-101,108
-14,124,2,128,39,-227,-100,104
-14,119,3,127,39,-227,-100,100
-15,114,3,126,39,-227,-101,93
-16,109,2,126,39,-227,-101,89
-16,104,0,125,39,-227,-101,84
-17,101,0,124,39,-227,-100,80
-19,97,0,123,39,-227,-101,76
-20,92,0,123,39,-227,-102,72
-21,87,-1,123,39,-227,-103,67
-21,83,-2,122,39,-227,-103,59
-21,78,-4,121,39,-227,-103,54
-23,73,-5,119,39,-227,-104,50
-25,69,-6,118,39,-227,-103,46
-25,65,-7,118,39,-226,-104,41
-26,61,-8,118,39,-225,-107,35
-27,58,-11,119,39,-225,-108,31
-29,54,-13,119,39,-225,-111,25
-30,51,-14,118,39,-226,-112,21
-31,47,-14,117,39,-227,-112,18
-32,44,-15,116,39,-226,-113,15
-34,42,-15,116,39,-225,-114,13
-36,41,-17,117,39,-224,-118,12
-38,39,-19,118,40,-223,-122,7
-38,38,-21,119,39,-222,-122,6
-36,37,-21,118,39,-222,-119,4
-36,36,-22,117,39,-222,-119,3
-36,34,-23,115,40,-222,-120,0
-39,34,-24,115,41,-222,-119,-1
-40,33,-26,115,42,-222,-123,-1
-40,33,-27,117,41,-222,-124,-1
-40,33,-28,118,40,-222,-126,-3
-40,33,-28,119,39,-222,-125,-3
-39,33,-28,118,39,-223,-125,-3
-38,34,-28,118,39,-224,-124,-2
-38,36,-28,119,39,-223,-124,-1
-37,38,-29,120,40,-222,-123,1
-37,40,-30,120,39,-221,-125,2
-37,40,-30,121,39,-221,-125,3
-35,41,-31,122,39,-222,-124,4
-34,43,-31,122,39,-224,-123,6
-34,46,-31,122,39,-224,-122,7
-34,49,-32,122,39,-223,-123,9
-33,52,-32,123,39,-222,-122,12
-32,54,-32,126,39,-223,-124,14
-32,56,-32,128,39,-225,-125,17
-31,60,-31,129,39,-227,-125,20
-30,64,-31,129,39,-227,-124,25
-30,68,-30,129,39,-227,-124,29
-29,71,-29,129,39,-227,-123,32
-27,75,-27,129,39,-227,-122,39
-25,78,-25,130,40,-227,-119,42
-24,82,-25,131,39,-227,-118,46
-23,85,-25,130,38,-227,-118,48
-23,88,-25,129,36,-227,-115,52
-23,91,-24,129,36,-227,-114,54
-22,95,-22,130,36,-227,-114,62
-22,99,-21,131,37,-227,-114,65
-21,102,-21,132,37,-227,-117,69
-21,105,-21,132,37,-227,-115,72
-20,107,-20,132,37,-227,-115,74
-20,108,-19,133,36,-227,-114,75
-20,110,-18,134,34,-226,-115,78
-21,112,-18,134,34,-226,-117,79
-21,114,-18,134,35,-226,-117,81
-21,115,-17,133,36,-227,-114,85
-20,116,-14,132,36,-227,-113,86
-20,116,-14,132,36,-227,-112,86
-20,116,-14,132,35,-226,-113,86
-21,115,-14,133,34,-226,-114,85
-22,113,-14,132,34,-226,-114,83
-22,112,-14,132,34,-226,-114,81
-22,109,-13,131,35,-226,-114,79
-23,107,-13,132,35,-226,-115,76
-24,104,-13,132,34,-226,-117,73
-25,101,-13,130,34,-226,-115,73
-25,98,-12,128,34,-226,-115,70
-25,95,-13,126,34,-226,-113,67
-25,90,-14,124,35,-226,-112,62
-25,86,-14,124,35,-226,-112,58
-25,81,-14,124,34,-226,-113,53
-27,77,-14,125,33,-226,-113,48
-28,73,-14,125,32,-226,-115,43
-29,68,-15,123,33,-226,-117,40
-31,64,-15,121,34,-226,-114,35
-31,60,-15,119,35,-226,-115,31
-31,56,-14,117,33,-226,-113,26
-32,52,-14,117,31,-226,-113,23
-33,49,-14,118,29,-226,-114,19
-35,47,-14,118,29,-226,-117,18
-36,46,-14,118,29,-226,-117,17
-35,45,-13,116,31,-227,-117,15
-34,43,-12,115,33,-227,-113,17
-33,42,-11,114,34,-226,-112,15
-33,42,-10,114,35,-225,-112,15
-33,42,-11,114,35,-225,-112,15
-33,42,-11,114,34,-225,-112,15
-34,42,-11,114,34,-224,-112,15
-34,43,-10,114,34,-223,-113,17
-35,45,-10,114,35,-223,-114,18
-36,48,-11,114,34,-224,-114,21
-35,51,-11,114,34,-226,-113,24
-34,55,-10,114,34,-227,-113,28
-33,60,-10,115,34,-227,-112,34
-32,64,-8,116,34,-226,-112,37
-33,68,-7,117,34,-226,-113,45
-33,72,-7,117,34,-226,-113,48
-33,76,-6,118,34,-226,-115,52
-33,81,-5,119,34,-226,-115,57
-32,86,-3,120,34,-226,-114,62
-30,90,-3,121,34,-226,-112,67
-28,95,-3,120,34,-226,-111,72
-28,100,-4,120,34,-226,-111,76
-28,104,-3,120,34,-226,-112,81
-28,108,-3,121,34,-226,-111,85
-26,111,-1,123,34,-226,-109,91
-24,114,0,123,34,-226,-107,93
-22,114,0,124,34,-226,-106,95
-23,114,0,124,34,-226,-106,95
-23,116,0,123,34,-226,-107,96
-24,118,0,124,34,-226,-107,98
-22,120,0,124,34,-226,-106,100
-20,120,0,124,34,-226,-103,100
-19,119,-2,124,34,-226,-104,96
-19,117,-4,123,34,-226,-102,95
-19,114,-4,122,34,-226,-102,92
-20,112,-5,122,34,-226,-103,90
-21,110,-6,123,34,-226,-106,85
-20,108,-7,124,34,-226,-106,84
-20,106,-7,124,34,-226,-106,81
-20,104,-7,124,34,-226,-106,79
-20,101,-6,124,34,-226,-106,75
-21,98,-7,124,34,-226,-107,73
-22,93,-8,123,34,-226,-107,68
-24,89,-9,122,34,-226,-108,63
-24,84,-10,121,34,-226,-109,58
-25,80,-11,120,35,-226,-109,53
-27,77,-10,121,35,-226,-111,51
-27,74,-10,121,35,-226,-112,48
-27,72,-10,121,34,-227,-112,46
-27,70,-10,121,34,-227,-111,43
-27,68,-10,121,35,-226,-111,41
-28,65,-10,121,36,-225,-112,39
-29,62,-11,120,38,-225,-111,36
-31,60,-13,119,38,-225,-113,31
-32,59,-14,118,36,-227,-113,30
-32,59,-14,117,35,-227,-114,30
-32,60,-14,117,36,-227,-113,30
-31,60,-14,118,38,-225,-113,31
-32,60,-14,118,39,-225,-114,30
-34,58,-14,117,39,-225,-115,29
-35,57,-14,117,37,-226,-117,29
-35,58,-14,118,36,-227,-117,29
-34,60,-13,118,37,-227,-115,31
-34,62,-13,119,38,-227,-115,34
-34,64,-13,119,39,-227,-115,35
-34,64,-13,119,38,-227,-115,35
-34,66,-12,119,38,-227,-115,40
-32,68,-12,120,38,-227,-117,42
-31,71,-12,120,39,-227,-115,45
-30,74,-11,120,38,-227,-114,47
-29,76,-11,120,37,-227,-114,50
-29,79,-10,121,37,-227,-114,52
-29,82,-10,121,37,-227,-114,56
-29,85,-11,122,36,-227,-114,59
-29,88,-12,122,36,-227,-113,59
-28,89,-13,123,35,-226,-113,61
-26,90,-13,124,36,-227,-113,62
-25,91,-14,124,36,-227,-112,63
-24,93,-14,125,36,-227,-111,65
-24,95,-14,125,36,-227,-112,67
-24,97,-14,124,36,-227,-112,69
-24,97,-14,125,36,-227,-112,69
-23,98,-14,125,36,-227,-111,70
-23,97,-14,124,36,-227,-111,69
-23,97,-14,124,36,-227,-111,69
-24,97,-14,124,36,-227,-112,69
-25,97,-13,125,36,-227,-112,69
-25,97,-13,125,35,-226,-113,69
-25,97,-12,126,35,-226,-112,69
-24,96,-13,125,36,-227,-111,68
-23,94,-13,125,36,-227,-109,65
-22,93,-14,124,36,-227,-109,64
-23,92,-14,124,35,-226,-111,63
-24,90,-14,124,34,-226,-112,62
-25,88,-13,125,34,-226,-112,59
-26,85,-13,125,34,-226,-113,57
-26,83,-14,124,35,-226,-113,54
-26,80,-15,123,36,-227,-113,52
-27,78,-16,122,36,-227,-113,50
-28,75,-16,122,36,-227,-114,43
-29,72,-16,122,35,-226,-117,43
-30,70,-16,122,34,-226,-117,39
-31,67,-17,121,34,-226,-114,36
-31,64,-17,121,35,-226,-114,32
-31,61,-17,121,36,-227,-114,30
-32,60,-17,121,36,-227,-115,28
-33,59,-17,121,36,-227,-118,28
-35,58,-17,121,35,-226,-119,26
-36,56,-17,121,34,-226,-119,24
-35,54,-17,121,34,-226,-119,23
-34,53,-17,121,34,-226,-118,21
-34,53,-17,121,35,-226,-118,21
-34,53,-17,121,35,-226,-118,20
-34,53,-17,121,34,-226,-118,20
-34,53,-17,121,34,-226,-118,21
-33,55,-16,122,34,-226,-119,23
-32,57,-16,122,34,-226,-119,29
-32,59,-16,123,34,-226,-119,28
-32,60,-16,122,34,-226,-118,29
-32,62,-16,122,34,-226,-118,32
-30,64,-16,121,34,-226,-114,35
-29,67,-14,121,34,-226,-113,37
-28,69,-14,122,34,-226,-112,41
-27,72,-14,124,34,-226,-114,42
-27,75,-14,125,34,-226,-113,46
-27,78,-14,125,34,-226,-113,50
-27,80,-13,124,34,-226,-114,52
-28,83,-12,122,34,-226,-112,54
-28,85,-12,122,34,-226,-113,57
-27,88,-12,123,34,-226,-112,59
-25,91,-13,124,34,-226,-112,63
-24,93,-14,125,35,-226,-111,65
-24,96,-14,124,34,-226,-111,68
-24,97,-13,123,34,-226,-112,69
-25,97,-13,123,34,-226,-109,69
-25,97,-13,123,35,-226,-109,69
-25,97,-14,124,35,-226,-112,68
-24,97,-14,125,34,-226,-112,69
-23,98,-14,125,32,-226,-111,70
-23,98,-14,124,31,-226,-111,70
-23,97,-14,124,32,-226,-111,69
-23,96,-14,125,32,-226,-111,68
-24,93,-13,125,32,-226,-112,65
-25,91,-14,124,32,-226,-113,63
-27,88,-15,123,32,-226,-114,59
-28,86,-16,122,32,-226,-114,54
-28,84,-17,121,32,-226,-113,53
-29,81,-18,121,32,-226,-113,51
-30,77,-17,121,32,-226,-114,46
-32,73,-17,121,32,-226,-115,41
-32,68,-17,121,32,-226,-117,37
-33,64,-17,121,33,-226,-117,32
-34,60,-18,120,33,-226,-118,29
-36,56,-19,120,34,-226,-120,24
-37,53,-19,119,34,-226,-122,20
-38,49,-20,119,33,-226,-122,17
-37,45,-21,118,32,-226,-122,13
-37,42,-21,118,31,-226,-122,9
-39,39,-21,118,31,-226,-122,7
-40,36,-20,117,32,-226,-124,4
-40,34,-18,115,32,-226,-122,2
-41,31,-18,114,31,-226,-122,1
-41,28,-18,114,30,-226,-122,-1
-42,27,-18,114,30,-226,-123,-2
-43,25,-18,115,31,-226,-124,-4
-44,24,-18,114,32,-226,-125,-6
-44,21,-18,114,33,-226,-125,-8
-44,20,-19,113,32,-226,-124,-12
-44,20,-20,112,31,-227,-122,-12
-43,20,-21,112,32,-227,-122,-12
-44,20,-22,111,32,-226,-122,-12
-44,20,-21,111,32,-226,-122,-12
-44,21,-19,111,31,-227,-123,-8
-44,23,-16,111,30,-228,-123,-6
-44,25,-14,111,29,-229,-120,-2
-43,25,-14,111,29,-230,-119,-1
-43,26,-14,111,29,-230,-119,-1
-43,27,-15,111,30,-230,-122,0
-43,30,-15,111,31,-229,-119,2
-43,32,-13,110,31,-228,-119,4
-41,33,-12,108,31,-228,-118,6
-40,33,-11,107,29,-229,-114,6
-39,33,-11,106,28,-231,-113,8
-39,35,-11,107,29,-231,-113,10
-38,38,-10,108,31,-231,-112,13
-39,41,-9,110,32,-231,-115,17
-39,43,-7,110,33,-231,-115,18
-40,44,-7,110,33,-231,-117,19
-39,45,-7,111,31,-231,-115,20
-38,47,-7,112,30,-231,-114,23
-37,49,-5,112,29,-231,-114,25
-36,51,-4,113,31,-231,-113,29
-36,52,-4,114,32,-231,-112,30
-35,54,-5,115,34,-231,-114,30
-34,57,-6,116,35,-231,-113,32
-33,60,-7,117,35,-231,-113,36
-32,63,-7,118,34,-231,-114,40
-32,65,-8,117,32,-231,-111,41
-31,67,-7,117,32,-231,-111,43
-30,70,-6,118,33,-231,-109,46
-28,74,-4,119,34,-231,-111,50
-27,78,-3,120,34,-232,-109,54
-26,81,-3,121,34,-233,-108,57
-26,83,-3,121,34,-233,-108,59
-26,85,-4,121,34,-233,-108,62
-25,87,-5,122,34,-232,-108,64
-25,91,-6,122,34,-231,-109,68
-23,95,-6,123,34,-231,-108,70
-22,99,-7,124,34,-232,-107,73
-21,101,-7,124,34,-233,-106,75
-20,103,-7,124,34,-233,-104,78
-19,105,-7,124,34,-232,-104,80
-18,108,-7,124,34,-231,-103,83
-18,112,-8,125,34,-231,-103,86
-18,115,-8,126,34,-232,-106,90
-18,117,-9,126,34,-233,-106,92
-18,119,-10,127,34,-233,-106,92
-17,122,-10,128,34,-233,-104,95
-17,123,-10,128,34,-233,-104,96
-17,124,-10,128,34,-233,-104,96
-17,123,-10,128,34,-234,-104,96
-17,123,-10,128,34,-234,-104,96
-15,124,-10,128,34,-235,-103,97
-14,125,-10,128,34,-236,-101,97
-12,126,-10,128,34,-235,-100,98
-12,126,-10,128,34,-233,-100,98
-12,126,-10,128,34,-232,-100,98
-13,126,-10,128,34,-233,-101,98
-12,126,-10,128,34,-234,-100,98
-12,126,-10,128,34,-235,-100,98
-12,124,-10,128,34,-234,-100,97
-12,122,-10,128,34,-233,-100,95
-13,120,-10,128,34,-231,-101,92
-13,117,-10,128,34,-231,-101,90
-13,116,-10,128,34,-231,-101,89
-13,115,-10,128,34,-231,-101,87
-14,113,-10,128,34,-231,-102,85
-15,111,-10,128,34,-231,-103,84
-16,109,-10,128,34,-231,-103,81
-17,107,-10,128,34,-231,-104,79
-18,105,-10,128,34,-231,-104,78
-18,102,-11,126,34,-231,-106,74
-18,99,-12,126,34,-231,-106,70
-18,96,-13,125,34,-231,-106,68
-19,94,-12,126,34,-231,-107,67
-21,93,-13,125,34,-231,-108,65
-22,92,-13,125,35,-231,-109,63
-22,89,-14,124,34,-231,-109,61
-22,86,-14,124,33,-231,-109,57
-22,83,-14,125,31,-231,-108,54
-22,81,-14,124,29,-231,-109,53
-23,81,-15,123,29,-231,-111,52
-25,80,-15,123,29,-231,-112,51
-25,78,-15,123,29,-231,-112,50
-24,77,-15,123,29,-231,-111,48
-24,75,-15,123,29,-231,-111,46
-25,74,-15,123,29,-231,-112,46
-26,74,-16,122,29,-231,-113,42
-27,74,-17,121,29,-231,-112,42
-27,74,-16,122,31,-232,-114,42
-27,73,-16,122,32,-233,-114,45
-27,73,-16,122,32,-234,-114,42
-27,73,-17,121,31,-234,-112,42
-26,73,-17,121,29,-234,-111,42
-25,74,-17,121,28,-233,-109,43
-25,75,-17,121,29,-232,-109,43
-24,75,-17,121,29,-231,-108,45
-24,75,-17,122,29,-231,-111,45
-24,75,-18,122,29,-231,-111,43
-24,75,-17,121,29,-231,-108,43
-24,75,-16,120,29,-231,-108,47
-25,76,-15,119,29,-231,-109,47
-25,78,-14,118,29,-231,-107,50
-26,79,-14,117,29,-232,-108,51
-26,80,-14,117,29,-233,-108,51
-26,79,-14,118,29,-234,-108,51
-26,79,-14,119,29,-234,-108,51
-26,79,-13,119,29,-234,-108,51
-26,79,-11,119,29,-234,-108,53
-26,79,-9,118,29,-234,-108,53
-26,80,-7,117,29,-235,-106,57
-27,81,-7,117,29,-236,-107,58
-27,82,-7,117,29,-236,-107,58
-28,83,-7,118,29,-236,-111,59
-28,83,-6,119,29,-236,-111,61
-28,84,-4,118,29,-236,-108,61
-27,84,-2,117,29,-236,-107,63
-27,85,0,117,29,-236,-107,64
-26,86,0,117,29,-236,-106,65
-26,88,0,117,29,-236,-106,68
-27,90,0,117,29,-236,-107,69
-27,92,0,117,29,-236,-104,72
-27,94,3,117,29,-236,-104,76
-25,96,4,118,29,-236,-103,78
-24,98,4,119,29,-236,-103,80
-23,100,3,119,29,-236,-103,81
-24,101,3,119,29,-236,-103,83
-24,103,4,117,29,-236,-101,85
-22,105,5,116,29,-236,-101,87
-20,109,6,118,29,-236,-98,91
-18,113,6,121,29,-236,-98,96
-16,116,6,123,31,-236,-100,100
-16,120,6,124,31,-236,-100,102
-16,122,6,124,30,-236,-100,106
-16,125,6,123,29,-236,-97,108
-15,128,6,123,30,-236,-96,111
-14,131,6,123,32,-236,-95,114
-13,135,6,123,34,-236,-93,118
-12,138,6,123,34,-236,-93,122
-12,141,6,123,34,-236,-92,125
-11,144,6,123,34,-236,-95,128
-11,147,6,123,34,-236,-95,130
-10,149,6,123,34,-236,-91,133
-10,151,6,123,34,-236,-91,135
-10,153,6,123,34,-235,-93,137
-9,155,5,124,34,-234,-93,139
-8,155,3,126,34,-233,-92,136
-7,157,3,127,34,-232,-93,137
-7,158,2,127,34,-231,-93,139
-8,160,3,127,34,-231,-95,141
-9,161,3,127,34,-231,-96,142
-10,159,3,127,34,-231,-96,140
-10,156,3,127,34,-231,-97,137
-11,154,3,127,34,-231,-97,135
-12,153,3,127,34,-231,-98,134
-14,151,3,127,34,-231,-100,133
-15,148,3,127,34,-231,-101,129
-15,145,2,126,34,-231,-102,126
-15,142,0,125,34,-231,-102,123
-16,139,-1,125,34,-232,-102,117
-17,134,-2,126,34,-231,-103,112
-18,130,-3,127,35,-230,-107,108
-19,125,-4,126,35,-229,-104,103
-20,122,-6,125,36,-228,-106,97
-21,118,-7,124,36,-228,-106,93
-22,113,-7,124,36,-228,-107,89
-23,108,-7,124,37,-227,-108,83
-24,103,-6,123,38,-226,-109,78
-25,97,-7,122,38,-226,-109,72
-25,92,-7,120,38,-227,-108,67
-27,88,-8,118,39,-228,-109,62
-28,83,-7,117,39,-229,-108,59
-29,79,-7,117,39,-228,-108,56
-30,74,-8,116,39,-227,-109,50
-32,68,-10,115,39,-227,-112,42
-34,64,-10,114,39,-227,-113,37
-36,59,-11,114,39,-227,-115,32
-37,55,-12,113,39,-227,-117,29
-38,52,-13,112,39,-227,-118,25
-39,49,-14,111,39,-227,-115,21
-39,45,-14,111,39,-227,-115,18
-39,41,-14,111,39,-227,-114,14
-38,38,-15,109,39,-227,-114,10
-39,34,-15,107,39,-227,-115,7
-40,31,-16,105,39,-227,-114,4
-41,29,-16,104,39,-227,-114,2
-42,26,-15,104,39,-227,-115,-1
-43,24,-14,104,39,-227,-115,-2
-43,22,-14,104,39,-227,-117,-4
-43,20,-14,104,39,-227,-117,-7
-44,20,-15,104,39,-227,-117,-7
-44,19,-15,104,39,-227,-118,-7
-45,19,-15,103,39,-227,-118,-7
-45,19,-16,103,39,-227,-115,-7
-45,19,-16,102,39,-227,-117,-8
-46,19,-16,103,39,-226,-117,-8
-46,18,-15,103,39,-227,-120,-8
-46,18,-15,104,39,-228,-119,-8
-45,19,-14,104,39,-230,-119,-8
-45,21,-14,104,39,-231,-118,-6
-45,23,-14,103,39,-232,-117,-3
-46,24,-14,102,39,-232,-117,-3
-45,25,-13,102,39,-231,-117,0
-44,27,-11,102,39,-231,-114,2
-43,32,-9,102,39,-231,-114,7
-43,35,-8,103,39,-231,-114,10
-42,37,-7,104,39,-231,-113,13
-41,38,-7,104,39,-231,-112,17
-40,40,-6,106,39,-231,-112,18
-39,44,-4,107,39,-231,-111,23
-39,48,-4,107,39,-231,-111,26
-39,52,-4,107,39,-231,-111,30
-39,56,-4,106,39,-231,-112,34
-39,59,-4,107,39,-231,-111,37
-38,63,-3,108,39,-231,-111,42
-37,67,-2,109,39,-231,-112,46
-36,70,-1,110,40,-232,-111,48
-35,73,0,110,42,-232,-109,52
-33,75,-1,110,42,-232,-108,54
-32,78,-1,110,41,-232,-107,57
-33,81,0,109,40,-232,-106,62
-34,84,1,107,41,-232,-106,67
-35,88,2,107,43,-232,-107,69
-34,90,2,106,43,-231,-104,73
-33,92,2,106,43,-232,-103,74
-32,93,1,106,42,-234,-106,75
-32,93,1,106,42,-236,-104,74
-32,93,2,106,43,-236,-102,75
-30,93,2,106,44,-235,-101,75
-29,94,2,106,44,-234,-100,76
-29,94,1,106,44,-233,-102,76
-30,94,1,106,44,-233,-103,76
-32,93,2,106,43,-233,-102,75
-32,91,2,105,44,-234,-102,75
-32,89,3,105,44,-235,-102,74
-31,88,3,104,43,-236,-101,73
-31,86,4,104,43,-236,-101,70
-32,83,5,103,43,-235,-100,68
-32,80,5,103,44,-235,-100,64
-32,77,5,103,45,-237,-100,62
-33,74,5,103,46,-237,-100,58
-34,72,5,103,45,-237,-101,56
-36,69,5,103,44,-237,-103,53
-36,66,3,101,43,-237,-103,51
-36,63,3,101,45,-237,-103,47
-36,60,3,101,47,-237,-103,43
-36,57,3,101,49,-237,-103,41
-37,54,3,102,49,-237,-104,39
-37,53,3,101,49,-237,-104,36
-38,51,2,99,48,-237,-104,34
-39,50,2,98,48,-237,-103,34
-39,50,3,97,49,-237,-103,32
-41,49,5,96,49,-237,-104,35
-41,49,5,95,48,-237,-103,35
-41,49,5,96,48,-237,-106,35
-42,49,3,97,48,-237,-106,32
-42,49,3,97,49,-237,-107,32
-41,49,3,97,50,-237,-106,32
-39,50,4,96,50,-237,-103,35
-38,50,5,96,50,-237,-100,36
-39,52,5,96,50,-237,-103,37
-39,54,5,96,52,-237,-104,40
-40,56,5,96,53,-237,-104,42
-39,60,4,96,54,-237,-104,46
-38,64,4,95,54,-237,-101,50
-37,66,5,96,53,-237,-102,52
-36,68,6,97,53,-237,-101,54
-36,70,7,98,54,-237,-101,57
-36,74,8,99,54,-237,-101,61
-35,78,9,99,54,-237,-101,65
-35,82,8,99,53,-237,-100,69
-34,85,8,99,53,-237,-100,72
-33,86,8,99,54,-237,-98,73
-33,88,8,99,54,-237,-98,75
-32,91,8,99,55,-238,-98,78
-32,94,8,99,56,-238,-97,81
-32,97,8,99,57,-238,-97,84
-31,99,8,99,58,-238,-97,86
-30,101,8,99,58,-238,-96,89
-29,103,8,99,58,-238,-95,90
-29,105,8,99,58,-238,-95,93
-30,107,8,99,58,-238,-96,95
-31,109,8,99,58,-238,-96,96
-31,110,8,99,58,-238,-97,97
-32,110,8,100,58,-238,-97,97
-33,109,9,100,58,-238,-98,97
-35,108,10,100,58,-238,-101,96
-36,107,10,99,60,-238,-102,97
-35,106,12,98,62,-238,-98,96
-34,105,13,97,63,-238,-97,95
-33,103,14,97,64,-238,-97,92
-34,101,14,98,63,-238,-97,91
-35,99,14,98,63,-238,-97,89
-35,97,14,98,63,-238,-98,86
-36,94,14,98,63,-238,-100,84
-37,92,14,98,63,-238,-100,81
-39,90,15,97,63,-238,-102,81
-40,87,16,95,63,-238,-101,79
-40,84,16,93,63,-238,-101,76
-40,82,15,92,65,-238,-98,74
-40,78,14,91,67,-238,-98,70
-41,75,15,91,68,-238,-100,67
-43,72,17,90,68,-238,-101,67
-44,69,18,88,68,-238,-100,63
-46,67,17,87,68,-238,-101,61
-46,63,17,87,68,-238,-101,57
-46,59,17,87,68,-238,-102,52
-47,55,17,87,68,-238,-102,48
-48,52,15,86,68,-238,-103,42
-50,50,14,85,69,-238,-104,41
-51,47,14,85,70,-238,-106,39
-53,44,15,84,71,-239,-104,37
-54,41,17,83,72,-238,-106,35
-55,38,17,80,73,-238,-104,31
-55,34,15,79,73,-238,-104,26
-56,30,14,78,73,-239,-106,23
-56,25,14,78,73,-240,-106,18
-57,22,14,78,73,-240,-107,15
-58,19,13,77,72,-240,-107,12
-59,16,12,76,72,-240,-108,6
-60,12,10,75,72,-241,-107,2
-61,9,10,74,74,-241,-108,-1
-62,5,10,75,76,-241,-108,-4
-63,3,11,75,77,-242,-109,-7
-64,0,10,75,78,-242,-111,-10
-65,-3,10,74,77,-243,-112,-14
-65,-8,8,72,78,-244,-112,-18
-66,-12,7,72,79,-244,-112,-23
-67,-16,7,71,79,-244,-113,-26
-68,-18,7,71,80,-244,-114,-29
-70,-21,7,72,81,-244,-115,-32
-71,-24,7,72,82,-244,-117,-35
-71,-28,7,71,83,-244,-117,-39
-71,-31,6,70,83,-244,-117,-42
-72,-33,4,69,83,-244,-117,-47
-73,-34,3,68,82,-244,-117,-48
-75,-37,3,68,82,-244,-118,-51
-75,-40,3,68,83,-244,-118,-54
-75,-44,2,67,84,-244,-118,-58
-75,-47,1,66,86,-244,-118,-61
-76,-49,0,65,87,-244,-119,-63
-78,-52,0,65,88,-244,-120,-67
-79,-54,0,65,87,-246,-122,-69
-80,-55,0,65,87,-248,-123,-69
-81,-55,0,65,86,-249,-123,-69
-81,-55,0,65,86,-250,-123,-69
-80,-56,0,65,88,-249,-123,-70
-79,-57,0,66,90,-249,-122,-74
-78,-59,-1,66,92,-249,-120,-76
-78,-60,0,66,92,-250,-120,-76
-78,-59,-1,66,92,-250,-123,-76
-79,-57,-2,67,91,-249,-124,-75
-80,-56,-3,68,92,-249,-125,-73
-80,-55,-3,69,93,-249,-125,-73
-79,-54,-3,68,95,-251,-124,-72
-77,-53,-3,68,96,-253,-123,-70
-75,-50,-3,68,97,-255,-120,-68
-75,-48,-3,68,96,-255,-119,-65
-74,-46,-3,69,96,-255,-119,-62
-74,-43,-3,68,96,-255,-119,-61
-73,-41,-3,68,96,-255,-118,-58
-71,-39,-2,68,97,-255,-117,-54
-70,-36,-2,70,100,-255,-115,-52
-69,-34,-1,72,101,-255,-117,-50
-69,-31,-1,74,101,-255,-120,-47
-69,-28,-2,75,101,-256,-119,-47
-68,-24,-3,76,101,-259,-119,-42
-68,-20,-3,78,102,-260,-120,-39
-67,-16,-2,80,102,-260,-120,-35
-65,-13,-2,83,102,-260,-120,-31
-64,-10,-2,83,103,-260,-120,-29
-64,-7,-2,83,104,-260,-119,-25
-64,-3,-2,82,105,-260,-120,-21
-64,0,-1,83,106,-260,-120,-18
-64,3,0,84,106,-260,-119,-14
-62,6,0,86,105,-260,-119,-12
-61,8,0,86,105,-261,-119,-8
-60,11,0,89,105,-262,-119,-6
-58,13,0,90,105,-263,-119,-3
-57,17,0,92,105,-264,-118,0
-55,21,0,92,105,-265,-117,3
-53,24,0,91,105,-265,-114,7
-51,26,0,92,105,-265,-113,9
-50,28,1,92,105,-265,-112,10
-49,30,1,93,105,-265,-111,13
-49,32,0,94,106,-265,-111,15
-47,34,0,95,107,-265,-112,14
-45,36,-1,97,109,-265,-109,17
-43,37,-1,97,110,-265,-107,18
-42,39,0,97,111,-265,-106,19
-43,41,0,98,111,-265,-107,24
-43,43,0,99,110,-265,-109,25
-43,43,0,101,110,-265,-109,24
-41,43,0,102,110,-265,-111,24
-39,44,0,103,110,-265,-108,25
-37,46,-1,103,110,-265,-106,26
-36,46,-2,104,111,-265,-104,25
-36,46,-3,106,112,-265,-108,24
-36,47,-4,106,112,-265,-108,25
-36,49,-4,107,112,-265,-107,28
-34,50,-4,107,111,-265,-106,29
-32,51,-5,108,111,-266,-107,29
-32,50,-6,109,113,-265,-106,26
-32,49,-7,110,115,-265,-108,24
-32,48,-9,110,115,-266,-108,24
-31,49,-11,109,115,-266,-108,21
-30,50,-13,110,115,-267,-107,23
-29,50,-14,111,115,-267,-106,24
-29,50,-13,112,115,-267,-108,24
-30,50,-13,112,115,-266,-108,23
-30,49,-15,112,115,-267,-108,20
-29,50,-17,113,115,-269,-107,20
-28,51,-18,114,115,-271,-109,21
-27,51,-19,116,115,-271,-108,20
-27,51,-20,117,115,-271,-111,19
-28,50,-21,118,115,-271,-112,19
-27,51,-21,118,115,-271,-111,19
-26,52,-21,118,115,-271,-109,20
-25,54,-21,118,115,-271,-108,23
-25,56,-21,118,115,-270,-108,24
-25,58,-21,118,115,-269,-109,26
-26,59,-21,118,115,-269,-109,28
-26,61,-22,119,115,-269,-109,30
-25,63,-24,120,115,-270,-112,29
-24,65,-26,121,115,-271,-111,31
-24,68,-25,121,115,-271,-111,35
-23,71,-24,120,115,-271,-109,37
-23,74,-22,119,115,-271,-107,42
-23,77,-21,118,115,-271,-107,46
-23,80,-21,118,115,-271,-107,50
-22,83,-21,118,115,-271,-107,52
-22,86,-21,118,115,-271,-106,56
-21,88,-21,118,115,-271,-106,57
-21,90,-20,119,115,-271,-106,59
-21,91,-18,120,114,-270,-106,61
-20,93,-18,121,113,-270,-107,63
-20,96,-17,121,112,-271,-104,65
-20,98,-16,120,111,-271,-104,70
-21,99,-15,119,112,-270,-106,70
-22,99,-14,117,112,-270,-104,70
-21,99,-13,116,112,-270,-103,73
-21,99,-12,117,110,-272,-103,73
-21,99,-10,118,110,-274,-104,73
-23,98,-8,118,109,-276,-106,73
-24,96,-6,117,110,-275,-103,73
-23,93,-5,115,110,-274,-103,70
-23,91,-4,113,110,-272,-101,68
-23,88,-3,112,110,-272,-101,67
-23,85,0,112,110,-273,-98,64
-24,82,0,112,110,-275,-98,64
-24,79,1,112,109,-276,-98,61
-25,75,2,111,110,-275,-100,56
-26,70,3,110,110,-275,-98,52
-28,66,5,109,110,-275,-100,50
-29,61,7,108,110,-275,-98,45
-30,55,8,107,110,-275,-100,41
-30,50,8,106,110,-275,-100,36
-31,44,9,106,110,-275,-101,30
-32,39,9,106,110,-275,-101,25
-33,35,9,105,110,-275,-100,20
-34,30,10,103,110,-275,-100,15
-35,24,9,100,110,-275,-98,9
-37,18,8,99,111,-275,-100,3
-38,12,8,99,112,-275,-101,-2
-39,7,8,100,113,-275,-102,-7
-39,3,9,99,113,-275,-102,-10
-40,1,9,98,113,-275,-103,-13
-42,-1,8,97,113,-275,-102,-17
-43,-5,7,96,113,-275,-103,-20
-43,-8,5,96,114,-275,-103,-24
-43,-11,4,96,115,-275,-103,-26
-43,-12,3,95,115,-275,-103,-30
-44,-13,2,93,115,-275,-104,-31
-46,-13,1,93,115,-275,-106,-31
-47,-14,1,92,115,-275,-107,-32
-47,-14,1,93,115,-275,-107,-32
-47,-14,0,94,115,-275,-107,-32
-47,-14,-1,94,115,-275,-109,-35
-47,-14,-3,94,114,-275,-111,-34
-48,-11,-4,95,115,-275,-111,-31
-49,-8,-5,95,116,-275,-112,-31
-48,-5,-7,95,118,-275,-113,-29
-47,-3,-8,96,119,-276,-113,-26
-46,-1,-10,98,120,-276,-114,-26
-46,1,-11,100,120,-276,-114,-23
-46,6,-12,101,119,-276,-117,-19
-45,10,-14,103,119,-276,-115,-18
-44,12,-15,104,119,-276,-117,-14
-43,16,-16,105,119,-276,-117,-10
-43,21,-18,107,119,-276,-118,-8
-41,26,-19,108,119,-276,-117,-3
-40,33,-20,109,119,-276,-119,3
-39,38,-20,109,119,-276,-117,8
-37,42,-21,110,119,-276,-115,10
-35,46,-22,112,119,-276,-114,14
-33,51,-24,114,119,-276,-114,19
-32,56,-25,116,119,-276,-115,21
-30,61,-27,117,119,-276,-114,26
-29,65,-28,118,119,-276,-115,29
-28,69,-29,119,119,-276,-114,32
-26,73,-30,121,119,-276,-115,37
-25,78,-30,122,119,-276,-114,42
-24,83,-29,125,119,-276,-115,46
-23,87,-28,126,119,-276,-114,51
-21,91,-29,128,119,-276,-113,53
-20,96,-31,128,119,-275,-114,57
-19,99,-31,129,119,-276,-113,61
-18,102,-31,131,119,-277,-112,64
-16,105,-31,134,119,-278,-113,67
-14,108,-30,136,119,-278,-114,70
-12,111,-31,136,119,-278,-112,73
-10,115,-30,136,119,-278,-109,76
-8,119,-29,137,119,-277,-107,81
-7,122,-29,139,119,-277,-107,85
-6,124,-29,141,119,-277,-108,86
-5,126,-29,142,119,-278,-107,89
-5,128,-29,142,118,-279,-107,91
-3,132,-28,143,117,-280,-106,95
-1,136,-27,144,116,-279,-103,98
0,138,-26,146,115,-279,-104,101
1,140,-25,147,115,-279,-103,103
1,143,-25,149,114,-280,-106,107
2,147,-25,151,114,-281,-106,109
3,150,-26,153,114,-281,-107,111
4,152,-26,153,115,-280,-106,113
5,154,-26,153,114,-280,-104,114
6,157,-26,153,114,-280,-103,118
5,160,-26,153,115,-280,-104,120
5,162,-26,153,115,-280,-104,123
6,164,-26,152,114,-280,-102,128
6,165,-26,153,113,-280,-103,125
7,166,-27,154,111,-280,-102,128
8,168,-28,155,110,-280,-104,130
9,171,-29,156,109,-280,-103,133
9,173,-29,157,109,-280,-103,133
9,175,-28,158,109,-280,-103,136
9,177,-27,159,109,-280,-103,137
9,177,-27,158,110,-280,-103,139
10,178,-28,158,110,-279,-102,140
12,178,-29,157,109,-278,-101,137
12,178,-29,158,108,-277,-101,137
11,177,-29,159,106,-276,-102,136
9,177,-29,159,105,-275,-103,136
9,177,-30,158,104,-275,-103,135
9,177,-31,158,105,-275,-103,135
9,177,-31,158,105,-275,-103,135
9,177,-31,158,105,-275,-106,136
9,177,-31,159,105,-275,-106,136
9,177,-31,158,105,-275,-103,136
9,177,-30,157,105,-275,-103,136
8,176,-30,156,104,-274,-104,135
7,174,-30,155,101,-274,-106,133
6,172,-31,154,100,-274,-106,130
5,169,-32,154,100,-275,-107,128
5,167,-32,154,100,-275,-107,125
5,165,-33,153,100,-274,-104,124
4,162,-33,151,101,-273,-106,120
4,159,-34,149,100,-271,-106,117
3,155,-35,148,99,-271,-104,114
1,152,-34,147,97,-272,-106,111
1,148,-34,146,95,-273,-106,107
0,144,-34,145,95,-271,-107,102
0,140,-36,144,95,-270,-104,98
0,136,-36,143,96,-269,-104,95
-1,133,-36,142,95,-269,-106,91
-2,130,-37,140,94,-270,-107,87
-3,126,-37,139,93,-269,-104,84
-3,121,-38,137,93,-269,-106,79
-4,118,-38,136,92,-269,-103,75
-4,115,-37,134,91,-269,-103,72
-6,111,-36,132,90,-269,-103,70
-8,107,-36,131,90,-269,-104,67
-11,103,-36,130,90,-269,-108,63
-13,99,-37,128,91,-269,-108,58
-14,95,-36,127,91,-269,-108,54
-15,91,-34,126,90,-269,-107,53
-15,87,-33,124,89,-269,-107,48
-15,83,-33,122,87,-269,-104,45
-17,80,-34,120,86,-269,-106,42
-19,78,-35,119,85,-269,-108,39
-21,75,-34,117,86,-269,-108,36
-24,71,-32,116,86,-269,-111,35
-25,68,-30,114,86,-269,-109,31
-27,64,-29,112,86,-269,-108,30
-29,61,-28,112,86,-269,-111,28
-30,58,-27,110,86,-269,-112,24
-31,56,-26,109,86,-269,-111,23
-33,54,-24,106,86,-269,-109,23
-35,52,-22,105,86,-269,-112,20
-38,49,-22,104,86,-269,-114,18
-39,46,-22,104,86,-269,-113,17
-40,44,-21,103,85,-269,-114,14
-41,42,-19,101,84,-269,-112,12
-41,39,-17,98,84,-269,-111,13
-43,37,-15,97,84,-269,-112,10
-45,34,-14,96,85,-268,-111,9
-46,31,-13,94,85,-268,-113,7
-46,28,-11,93,84,-269,-111,3
-46,25,-10,90,82,-270,-111,3
-46,22,-8,88,81,-271,-108,0
-47,19,-6,87,81,-270,-106,0
-48,16,-3,86,82,-268,-107,-3
-50,12,-1,85,83,-268,-106,-4
-51,9,0,85,82,-270,-107,-7
-51,6,0,83,81,-272,-107,-8
-51,3,2,82,82,-274,-104,-10
-52,0,4,81,83,-274,-104,-14
-52,-2,7,79,84,-274,-102,-14
-52,-4,8,78,84,-274,-101,-14
-53,-6,9,76,84,-274,-102,-17
-54,-8,10,75,85,-274,-100,-19
-54,-11,12,73,86,-274,-100,-19
-55,-14,13,72,86,-274,-101,-23
-55,-17,14,72,85,-274,-98,-25
-55,-19,14,71,85,-274,-98,-26
-55,-21,14,69,86,-274,-98,-29
-55,-23,14,68,86,-273,-96,-31
-56,-25,15,66,85,-274,-96,-30
-57,-25,14,65,85,-274,-96,-31
-58,-26,14,64,85,-275,-96,-31
-58,-27,13,64,86,-275,-96,-35
-57,-29,13,64,89,-275,-96,-37
-58,-31,14,65,90,-274,-98,-40
-58,-32,14,64,90,-275,-96,-37
-59,-32,12,63,90,-277,-97,-41
-59,-32,10,62,90,-279,-97,-41
-59,-32,9,62,90,-279,-97,-41
-59,-32,7,63,90,-279,-100,-42
-60,-31,7,65,91,-279,-101,-41
-61,-29,5,66,93,-279,-103,-40
-62,-28,3,67,95,-279,-104,-41
-62,-28,0,67,95,-279,-108,-41
-62,-26,-1,68,95,-279,-108,-42
-62,-25,-3,68,95,-279,-107,-41
-61,-22,-5,69,95,-279,-108,-41
-61,-20,-9,70,94,-279,-109,-41
-62,-17,-12,72,95,-279,-112,-37
-62,-13,-14,74,96,-279,-115,-36
-61,-9,-16,75,98,-279,-114,-32
-59,-6,-17,75,100,-280,-112,-31
-58,-2,-19,75,100,-281,-114,-28
-59,0,-23,77,99,-282,-117,-26
-59,4,-27,79,99,-283,-119,-25
-58,8,-32,80,100,-283,-119,-24
-57,12,-36,81,100,-283,-120,-21
-57,16,-39,81,101,-284,-120,-18
-56,20,-41,82,103,-285,-122,-17
-56,25,-43,83,104,-285,-123,-12
-56,29,-46,83,104,-285,-124,-9
-55,34,-50,83,103,-284,-124,-8
-55,38,-54,83,102,-284,-123,-6
-55,42,-59,85,103,-284,-126,-4
-54,47,-63,87,104,-286,-128,-2
-54,51,-66,88,104,-288,-130,2
-53,55,-69,88,104,-289,-130,3
-53,59,-72,87,104,-290,-129,4
-52,63,-76,88,104,-290,-131,9
-52,67,-80,88,104,-289,-131,10
-53,71,-83,89,104,-289,-135,12
-52,74,-85,89,104,-289,-134,14
-51,77,-88,89,102,-291,-133,15
-50,80,-92,89,100,-293,-134,15
-49,83,-95,89,99,-294,-133,19
-48,87,-97,88,98,-295,-133,21
-47,90,-99,88,99,-294,-131,24
-46,93,-101,87,99,-294,-130,26
-46,95,-103,87,99,-294,-133,26
-45,97,-105,88,98,-295,-131,29
-43,98,-108,88,99,-296,-130,26
-42,98,-110,88,99,-297,-131,28
-40,99,-113,87,98,-298,-130,26
-39,101,-116,87,97,-299,-129,28
-39,104,-119,87,95,-300,-129,28
-39,105,-119,88,93,-301,-129,29
-40,105,-120,89,93,-302,-133,30
-40,105,-120,90,93,-303,-133,29
-40,105,-121,91,92,-303,-131,26
-39,106,-122,92,90,-303,-133,28
-37,107,-124,94,88,-303,-131,29
-36,108,-125,95,88,-305,-133,26
-34,108,-126,96,88,-306,-131,28
-33,109,-126,96,88,-308,-129,28
-31,109,-127,97,87,-309,-130,29
-30,111,-128,98,85,-310,-129,28
-29,113,-129,101,83,-311,-130,30
-28,116,-130,103,83,-311,-131,32
-26,118,-130,105,83,-311,-130,35
-24,120,-131,107,83,-311,-130,34
-21,121,-132,109,82,-311,-128,36
-19,124,-133,113,80,-313,-130,36
-17,126,-134,117,79,-314,-131,39
-14,130,-135,121,77,-316,-130,42
-11,134,-136,124,76,-316,-130,43
-8,139,-137,127,74,-316,-128,48
-6,144,-138,131,73,-315,-130,52
-3,149,-139,135,73,-315,-129,57
0,153,-140,141,72,-316,-131,58
4,159,-143,148,72,-317,-131,62
8,165,-146,155,70,-317,-133,65
11,172,-149,160,68,-317,-131,70
15,180,-151,166,66,-316,-134,75
18,187,-153,171,65,-316,-135,84
22,195,-156,178,64,-317,-136,89
26,203,-159,186,63,-317,-137,91
31,211,-163,194,62,-316,-137,97
36,220,-168,200,60,-315,-140,103
42,228,-173,207,58,-313,-139,107
47,236,-178,213,57,-311,-139,113
52,245,-184,220,55,-310,-141,117
56,254,-189,227,54,-311,-142,124
61,264,-195,233,52,-311,-142,129
67,274,-201,239,49,-310,-142,135
72,283,-208,245,46,-309,-142,141
76,293,-214,252,44,-307,-145,146
80,303,-220,256,42,-305,-146,151
85,312,-226,260,40,-303,-144,158
90,321,-233,263,37,-301,-144,162
94,328,-240,267,33,-300,-142,168
97,337,-247,269,30,-299,-145,172
99,346,-253,272,27,-298,-145,178
101,354,-261,274,24,-296,-147,181
103,361,-269,275,20,-293,-148,184
105,368,-278,275,16,-290,-148,185
108,375,-286,273,11,-288,-146,190
109,381,-293,272,8,-287,-145,194
110,387,-300,269,5,-285,-145,195
109,391,-307,266,1,-283,-145,196
108,393,-313,262,-2,-281,-146,196
108,396,-319,257,-7,-279,-144,196
109,398,-325,252,-12,-278,-140,197
108,401,-332,245,-17,-277,-139,200
105,403,-339,238,-22,-276,-139,198
103,404,-344,231,-26,-275,-139,197
101,404,-347,223,-30,-273,-136,198
98,404,-351,215,-34,-271,-136,197
95,401,-355,205,-39,-270,-131,195
92,398,-359,195,-45,-269,-130,189
89,394,-362,185,-50,-268,-128,185
85,390,-365,177,-55,-269,-126,180
80,386,-366,168,-60,-270,-126,180
75,383,-367,159,-65,-269,-126,177
70,379,-368,150,-70,-268,-125,175
65,374,-367,140,-75,-267,-124,169
61,366,-365,131,-80,-267,-120,164
55,359,-363,123,-84,-268,-122,159
49,352,-361,115,-89,-268,-123,155
43,345,-359,108,-94,-268,-123,150
39,338,-357,100,-99,-268,-120,145
36,330,-353,92,-105,-270,-119,140
32,322,-348,86,-109,-273,-118,137
27,314,-342,81,-113,-275,-117,131
22,306,-336,76,-116,-277,-117,128
18,296,-329,72,-120,-279,-117,123
14,287,-322,68,-124,-280,-115,115
11,278,-315,65,-128,-281,-115,111
8,268,-307,62,-131,-283,-113,107
4,260,-298,61,-134,-286,-114,103
1,250,-289,60,-138,-289,-115,96
-1,241,-279,61,-141,-292,-115,91
-3,232,-270,60,-145,-296,-115,87
-6,223,-260,61,-148,-298,-115,83
-8,213,-251,61,-152,-301,-115,78
-10,203,-242,64,-156,-305,-117,73
-11,195,-231,67,-159,-307,-118,69
-12,186,-220,70,-160,-311,-117,64
-12,177,-210,73,-161,-314,-117,61
-13,168,-199,75,-162,-317,-115,57
-14,160,-188,77,-166,-320,-115,53
-15,152,-177,80,-170,-323,-114,50
-15,144,-166,84,-173,-325,-114,47
-15,137,-154,88,-175,-327,-114,45
-14,130,-142,92,-177,-330,-113,42
-14,123,-131,94,-178,-332,-111,40
-15,115,-119,96,-180,-334,-111,37
-16,107,-108,98,-181,-337,-109,35
-17,101,-98,101,-182,-339,-111,32
-18,95,-88,105,-183,-342,-112,31
-19,89,-78,108,-186,-343,-109,31
-19,83,-67,111,-188,-345,-111,30
-19,78,-56,113,-191,-346,-108,29
-20,72,-46,116,-191,-348,-108,28
-21,65,-36,117,-191,-349,-107,26
-21,60,-25,118,-191,-350,-107,26
-22,55,-15,119,-191,-351,-106,26
-24,51,-5,120,-193,-353,-106,28
-26,48,4,121,-194,-354,-104,29
-27,44,13,121,-196,-355,-103,30
-28,39,23,121,-197,-354,-102,30
-28,35,32,121,-198,-354,-100,31
-30,32,41,122,-198,-354,-101,30
-32,28,50,123,-197,-356,-101,31
-33,24,60,124,-198,-357,-100,32
-33,20,70,124,-198,-357,-97,32
-33,17,79,124,-198,-357,-95,35
-33,14,88,125,-198,-358,-92,37
-34,12,96,125,-198,-359,-93,37
-35,10,104,125,-198,-360,-91,40
-35,7,115,127,-198,-359,-90,42
-35,4,125,130,-198,-357,-89,45
-34,1,135,132,-197,-356,-86,43
-33,-2,144,133,-197,-354,-85,45
-33,-5,152,135,-197,-354,-83,47
-34,-7,160,137,-198,-354,-84,47
-34,-9,169,139,-198,-354,-84,50
-32,-10,177,142,-197,-354,-80,52
-31,-12,185,145,-196,-355,-79,54
-30,-15,194,149,-194,-354,-79,54
-29,-18,202,154,-192,-353,-79,57
-28,-19,210,157,-190,-351,-78,57
-27,-20,218,161,-189,-350,-76,59
-26,-20,225,165,-188,-350,-78,62
-24,-20,232,169,-187,-350,-76,67
-21,-21,239,173,-186,-349,-74,69
-19,-21,245,177,-184,-347,-72,70
-17,-21,251,180,-182,-345,-72,73
-16,-20,255,183,-180,-345,-72,74
-15,-19,259,187,-179,-344,-73,78
-13,-18,265,192,-177,-344,-70,81
-11,-17,269,196,-176,-343,-70,83
-9,-15,271,200,-174,-340,-72,84
-7,-13,272,203,-172,-338,-69,86
-6,-10,273,205,-170,-336,-70,89
-5,-8,275,209,-169,-336,-73,95
-3,-5,277,212,-167,-336,-72,97
-2,-3,278,215,-166,-336,-72,100
0,0,277,216,-163,-333,-70,102
0,1,275,217,-160,-330,-72,102
0,5,272,217,-158,-328,-72,106
1,9,269,217,-157,-328,-70,108
2,14,266,218,-155,-327,-73,109
3,18,262,218,-153,-326,-72,112
3,21,259,218,-150,-324,-74,115
3,25,255,217,-148,-321,-74,117
2,28,250,217,-146,-320,-75,117
3,32,244,215,-145,-318,-74,119
3,36,237,212,-143,-317,-74,120
4,41,231,209,-140,-315,-73,123
4,45,224,207,-137,-314,-73,124
5,48,218,204,-134,-313,-73,123
5,51,210,202,-133,-312,-74,123
5,54,202,199,-131,-312,-74,123
6,56,195,197,-130,-310,-74,120
5,60,187,195,-128,-308,-74,122
5,63,179,192,-125,-307,-75,120
4,67,171,188,-122,-307,-75,122
4,70,163,185,-120,-307,-76,123
4,72,156,181,-118,-305,-75,122
4,74,149,177,-116,-304,-75,119
5,76,141,175,-114,-302,-75,118
5,78,134,173,-113,-300,-74,118
5,81,127,172,-112,-300,-74,117
4,84,121,170,-111,-301,-78,117
3,86,115,167,-110,-301,-79,115
3,87,109,165,-108,-301,-79,114
3,88,104,163,-106,-300,-79,113
4,89,99,163,-104,-299,-78,112
5,91,94,164,-102,-298,-79,111
6,94,90,164,-101,-297,-78,112
7,97,86,164,-101,-297,-80,112
7,98,82,164,-99,-296,-80,113
7,98,79,164,-97,-296,-79,111
7,98,76,165,-96,-296,-83,108
7,99,73,166,-96,-297,-85,109
7,101,71,168,-96,-296,-85,109
8,104,69,169,-95,-297,-86,112
9,105,68,171,-93,-297,-85,111
11,106,68,172,-91,-297,-86,111
12,106,68,173,-91,-297,-84,112
13,107,69,175,-91,-297,-84,112
14,107,69,177,-91,-296,-85,112
15,108,69,180,-91,-296,-86,113
17,108,69,183,-91,-295,-85,114
18,109,70,186,-91,-294,-86,114
19,110,71,188,-90,-293,-87,115
20,110,72,189,-90,-292,-87,115
21,111,73,190,-89,-292,-86,115
21,111,74,191,-90,-292,-86,115
21,111,75,192,-90,-292,-86,115
21,111,77,193,-90,-293,-86,119
21,111,78,195,-89,-292,-87,119
22,112,78,196,-88,-291,-87,119
22,112,79,196,-88,-289,-86,120
23,112,81,195,-89,-288,-84,119
23,110,84,195,-90,-287,-84,120
21,109,86,195,-89,-287,-85,119
20,109,86,195,-88,-286,-87,119
19,108,86,195,-86,-284,-87,118
19,106,86,194,-86,-283,-85,119
20,105,87,192,-87,-282,-85,118
19,104,87,191,-89,-281,-83,117
18,104,88,188,-89,-279,-84,117
16,103,89,187,-87,-278,-84,118
15,101,90,184,-86,-277,-84,115
14,98,91,182,-87,-276,-83,113
13,96,92,179,-87,-274,-81,113
11,94,92,177,-88,-273,-81,112
10,93,91,173,-88,-272,-83,111
9,92,90,170,-87,-271,-80,109
8,89,90,168,-86,-270,-79,107
7,87,90,166,-85,-268,-80,104
5,85,89,165,-84,-266,-81,102
3,85,87,163,-84,-265,-80,102
2,84,86,161,-84,-264,-83,101
0,83,85,158,-84,-263,-81,101
0,83,85,155,-84,-262,-80,100
0,83,84,152,-84,-260,-80,100
0,83,83,149,-84,-258,-78,100
-1,81,82,146,-84,-256,-79,98
-2,80,81,144,-84,-255,-78,97
-3,79,80,144,-84,-254,-79,96
-4,79,79,143,-83,-253,-79,93
-4,80,77,141,-82,-252,-79,95
-4,80,75,140,-80,-250,-79,95
-4,80,74,138,-79,-249,-76,95
-5,81,73,137,-78,-249,-78,96
-6,83,71,136,-78,-247,-79,96
-7,86,69,134,-79,-245,-80,98
-8,88,67,132,-78,-244,-79,101
-9,89,65,130,-78,-244,-79,98
-9,89,64,129,-78,-244,-80,98
-9,90,63,128,-79,-245,-80,100
-9,93,61,128,-78,-244,-79,103
-9,96,60,126,-77,-243,-79,106
-9,98,59,125,-75,-241,-76,108
-9,100,58,124,-73,-239,-76,107
-8,101,57,123,-72,-239,-75,108
-7,103,55,122,-73,-240,-75,111
-7,105,54,122,-73,-240,-75,113
-7,106,50,122,-73,-238,-78,112
-7,106,49,122,-72,-236,-78,112
-7,106,47,122,-69,-234,-78,109
-8,107,47,121,-68,-234,-79,113
-9,109,47,121,-68,-235,-79,114
-9,110,46,120,-68,-235,-78,113
-10,111,45,119,-68,-235,-78,114
-11,112,43,118,-67,-235,-79,115
-11,113,42,117,-66,-234,-79,117
-10,116,41,116,-65,-231,-79,119
-9,117,41,115,-64,-230,-78,120
-9,117,40,114,-63,-230,-78,120
-10,115,39,114,-63,-230,-79,117
-12,115,37,114,-63,-231,-80,115
-13,114,35,114,-63,-231,-81,112
-11,114,33,115,-62,-229,-80,112
-10,112,32,114,-62,-227,-78,109
-9,111,31,113,-63,-225,-78,108
-10,109,30,112,-63,-225,-79,107
-13,109,30,112,-62,-225,-81,107
-14,109,30,112,-61,-226,-83,107
-14,108,30,112,-59,-226,-83,107
-14,108,29,111,-58,-226,-81,103
-13,107,27,110,-57,-226,-81,102
-12,106,26,108,-57,-226,-80,101
-12,105,25,108,-58,-226,-80,101
-12,105,26,108,-58,-225,-80,101
-12,104,26,109,-57,-224,-80,100
-12,104,26,109,-57,-224,-80,100
-12,105,24,108,-57,-224,-80,101
-13,107,22,108,-57,-224,-81,100
-14,108,21,108,-58,-223,-81,101
-14,109,19,108,-57,-221,-81,102
-14,108,19,108,-56,-220,-83,101
-14,108,19,109,-54,-221,-81,101
-14,108,19,109,-53,-221,-81,101
-14,108,18,110,-52,-221,-84,98
-14,109,17,112,-52,-221,-85,100
-15,110,16,112,-53,-221,-89,101
-17,110,16,112,-53,-221,-90,101
-16,110,16,112,-53,-221,-90,100
-16,109,15,114,-52,-222,-89,100
-16,107,14,115,-52,-221,-89,95
-17,106,12,116,-52,-220,-92,93
-17,106,11,115,-52,-218,-92,93
-18,107,11,115,-52,-216,-92,95
-18,108,12,115,-52,-216,-93,96
-18,108,11,115,-52,-216,-93,96
-18,107,10,114,-51,-216,-93,95
-19,106,9,113,-50,-216,-91,91
-18,106,8,113,-51,-216,-91,91
-18,106,8,114,-50,-216,-93,91
-18,106,7,116,-49,-216,-93,91
-19,104,6,116,-47,-216,-97,89
-20,101,4,116,-47,-216,-97,84
-20,99,3,114,-47,-216,-95,81
-20,97,2,113,-47,-216,-95,80
-20,96,2,113,-47,-216,-95,78
-20,93,2,113,-47,-216,-95,75
-21,89,2,113,-47,-216,-96,70
-23,86,1,112,-47,-216,-97,68
-24,82,0,111,-47,-216,-98,64
-24,79,-1,110,-47,-216,-98,58
-25,75,-1,110,-47,-216,-100,53
-25,71,0,110,-47,-216,-100,50
-27,68,-1,110,-47,-216,-101,47
-28,65,-2,109,-47,-216,-102,43
-29,61,-3,108,-47,-216,-101,40
-29,57,-4,107,-47,-216,-101,36
-29,54,-5,106,-47,-216,-101,32
-29,51,-5,105,-46,-216,-101,29
-29,48,-5,105,-45,-217,-101,26
-30,46,-5,106,-46,-217,-101,24
-31,44,-4,106,-47,-216,-102,23
-32,43,-5,106,-47,-215,-103,20
-33,41,-7,104,-47,-215,-104,19
-33,38,-8,104,-47,-215,-104,14
-34,36,-8,103,-47,-216,-106,12
-35,35,-8,103,-47,-215,-107,10
-36,35,-7,104,-47,-215,-107,10
-36,35,-7,104,-47,-215,-107,10
-36,35,-6,105,-47,-216,-107,13
-36,36,-6,105,-47,-217,-107,14
-36,37,-5,106,-47,-217,-107,15
-36,39,-4,107,-47,-216,-107,17
-35,41,-5,107,-47,-216,-106,19
-34,44,-5,106,-47,-216,-106,21
-34,47,-6,105,-47,-216,-106,25
-34,50,-5,106,-47,-216,-106,29
-34,53,-4,106,-47,-216,-106,31
-33,55,-4,107,-47,-217,-104,34
-33,57,-5,108,-46,-216,-107,36
-32,60,-5,109,-46,-216,-107,39
-32,63,-4,111,-46,-216,-107,42
-32,67,-3,113,-45,-217,-108,46
-32,71,-3,113,-45,-218,-108,50
-31,75,-3,112,-44,-219,-108,54
-31,79,-3,112,-44,-218,-108,58
-30,81,-3,112,-43,-217,-108,61
-30,83,-3,114,-43,-217,-107,62
-29,85,-1,116,-43,-216,-107,64
-30,87,0,117,-43,-217,-109,67
-29,89,0,117,-44,-217,-109,68
-28,90,0,117,-44,-216,-108,69
-28,90,0,117,-43,-216,-108,69
-28,89,0,117,-42,-217,-108,69
-28,90,0,117,-42,-217,-107,69
-27,90,0,117,-42,-218,-107,69
-26,90,0,117,-43,-219,-106,69
-26,90,0,115,-43,-218,-103,69
-27,90,0,113,-42,-217,-102,73
-27,91,0,113,-42,-216,-102,73
-26,90,0,115,-42,-217,-103,69
-25,89,0,116,-42,-218,-102,68
-25,87,-2,116,-42,-219,-104,67
-25,86,-3,115,-42,-220,-103,65
-27,84,-4,113,-42,-221,-104,63
-28,82,-4,113,-43,-222,-104,59
-27,80,-4,114,-43,-222,-104,59
-26,79,-3,114,-43,-221,-103,58
-26,79,-4,113,-42,-220,-103,56
-27,79,-5,113,-42,-220,-104,56
-28,76,-5,112,-42,-220,-106,53
-28,74,-5,113,-43,-221,-106,51
-28,72,-4,113,-43,-222,-106,48
-28,73,-4,113,-43,-222,-104,50
-28,73,-5,112,-43,-222,-106,50
-29,72,-6,112,-43,-222,-106,48
-29,71,-7,111,-43,-222,-106,47
-28,71,-7,110,-43,-222,-104,47
-27,71,-7,111,-43,-222,-103,47
-27,70,-5,113,-43,-222,-103,47
-28,69,-4,113,-43,-222,-104,48
-28,69,-4,113,-43,-222,-104,45
-28,69,-5,112,-43,-222,-104,46
-27,71,-7,111,-43,-222,-103,47
-28,73,-7,111,-43,-222,-104,50
-30,72,-7,112,-43,-222,-107,48
-31,71,-5,112,-43,-222,-108,47
-31,71,-3,112,-43,-223,-108,50
-30,72,-2,112,-43,-224,-107,51
-29,74,-3,113,-43,-223,-106,53
-29,76,-4,113,-43,-222,-107,56
-30,77,-4,113,-41,-221,-107,53
-31,77,-4,114,-39,-222,-108,54
-31,77,-3,115,-38,-222,-108,56
-30,77,-1,116,-37,-222,-107,56
-30,77,0,117,-38,-222,-111,56
-30,77,0,117,-39,-221,-107,56
-29,78,0,116,-40,-222,-107,57
-29,79,0,115,-41,-223,-107,58
-29,82,0,116,-40,-225,-107,61
-29,83,0,116,-39,-227,-107,63
-29,84,0,116,-38,-227,-106,63
-28,83,1,115,-38,-226,-106,65
-28,83,3,114,-38,-225,-103,65
-28,84,3,114,-38,-225,-103,65
-28,86,3,114,-38,-227,-103,68
-27,88,3,115,-38,-227,-102,70
-27,90,4,116,-38,-227,-104,72
-26,91,5,116,-38,-227,-104,73
-25,91,5,116,-38,-227,-102,73
-24,92,4,115,-38,-227,-101,74
-22,92,4,115,-38,-227,-100,74
-22,93,5,116,-38,-226,-100,75
-21,95,6,117,-38,-225,-100,78
-21,97,6,117,-38,-225,-98,79
-20,99,6,116,-38,-227,-98,81
-20,100,7,115,-38,-227,-95,85
-19,101,8,114,-38,-227,-95,86
-19,103,9,113,-38,-227,-92,89
-18,105,10,113,-38,-225,-91,93
-17,108,10,114,-38,-224,-92,96
-15,111,10,116,-38,-224,-90,96
-13,114,10,117,-38,-224,-89,100
-13,116,12,117,-38,-223,-89,104
-13,118,13,116,-38,-223,-89,106
-13,120,13,116,-38,-224,-89,108
-11,123,11,117,-38,-224,-86,111
-9,126,11,117,-36,-223,-85,114
-7,128,12,117,-34,-222,-84,117
-7,130,13,117,-33,-223,-84,119
-7,134,14,119,-32,-224,-86,123
-7,138,14,122,-33,-224,-85,126
-6,142,13,123,-33,-224,-87,131
-5,145,13,123,-33,-223,-86,131
-3,147,13,123,-33,-222,-85,134
-3,149,14,124,-33,-222,-84,139
-2,151,15,125,-33,-222,-84,140
-2,155,16,125,-33,-222,-84,144
-2,158,15,125,-33,-222,-84,147
-3,160,16,125,-33,-223,-85,150
-3,163,16,126,-32,-223,-85,152
-2,165,17,126,-29,-222,-84,153
-1,165,17,126,-28,-222,-83,155
0,166,17,126,-27,-221,-83,156
-1,167,16,126,-28,-220,-83,156
-2,168,16,126,-28,-219,-84,157
-2,168,17,126,-28,-218,-84,157
-2,168,17,126,-28,-218,-84,157
-2,169,17,126,-28,-218,-84,158
-3,169,17,126,-28,-218,-85,158
-4,168,16,127,-28,-218,-85,157
-4,165,15,128,-28,-218,-89,155
-4,162,13,128,-28,-218,-89,148
-3,159,11,127,-28,-218,-87,146
-4,158,10,126,-28,-216,-87,145
-5,156,10,125,-28,-214,-89,142
-6,153,10,125,-28,-213,-90,140
-7,149,11,126,-28,-213,-91,135
-8,146,10,127,-27,-213,-92,131
-9,143,9,127,-26,-213,-92,126
-9,140,8,126,-26,-213,-92,124
-9,137,7,124,-26,-213,-92,120
-9,133,6,123,-25,-212,-90,117
-9,128,6,123,-24,-211,-90,111
-10,122,6,123,-23,-210,-91,106
-12,118,6,123,-23,-209,-92,101
-13,116,5,122,-24,-208,-93,98
-13,114,3,121,-24,-208,-93,97
-14,112,3,120,-23,-208,-95,95
-16,109,2,120,-22,-208,-96,91
-16,105,2,120,-22,-209,-96,87
-16,103,3,120,-22,-208,-96,85
-16,101,3,120,-22,-208,-96,84
-17,101,3,120,-22,-208,-97,83
-18,100,2,120,-22,-208,-98,83
-20,99,1,119,-22,-208,-100,79
-22,99,1,119,-22,-208,-102,79
-23,98,1,119,-22,-208,-103,78
-25,97,2,120,-22,-208,-104,79
-25,97,3,120,-22,-208,-104,79
-25,96,3,120,-22,-208,-104,79
-25,97,2,120,-21,-208,-104,79
-24,99,2,120,-21,-208,-103,81
-23,102,2,120,-21,-208,-103,84
-22,104,2,120,-21,-208,-103,86
-22,104,2,120,-21,-208,-103,86
-23,104,3,120,-20,-208,-103,86
-23,104,3,120,-20,-208,-103,86
-23,107,3,120,-20,-208,-103,89
-22,109,2,120,-20,-208,-102,92
-22,112,2,120,-20,-208,-102,95
-22,113,3,120,-19,-209,-102,96
-21,115,3,121,-19,-209,-102,97
-20,116,4,122,-19,-208,-101,100
-19,118,4,122,-19,-206,-100,101
-19,119,4,122,-18,-205,-100,102
-18,120,4,122,-18,-206,-100,103
-18,122,5,122,-17,-207,-98,104
-17,123,6,123,-17,-207,-97,106
-16,124,6,123,-17,-206,-97,107
-17,124,6,123,-17,-204,-97,107
-17,123,6,123,-17,-203,-100,106
-17,123,5,124,-17,-203,-100,106
-17,123,5,125,-17,-204,-100,106
-17,124,4,126,-17,-204,-100,107
-17,124,3,126,-17,-204,-100,104
-17,123,3,127,-17,-204,-102,103
-16,122,3,127,-17,-204,-101,102
-15,120,3,127,-17,-204,-101,101
-15,119,3,127,-17,-204,-101,100
-14,119,3,127,-17,-204,-100,98
-13,118,3,127,-17,-204,-98,98
-12,116,3,127,-17,-203,-97,97
-12,115,3,127,-17,-202,-97,96
-13,114,2,126,-17,-202,-98,93
-14,112,1,126,-17,-203,-100,92
-14,110,1,126,-17,-203,-100,90
-15,108,2,128,-17,-202,-100,89
-15,107,2,128,-17,-201,-100,87
-14,106,1,127,-17,-199,-100,86
-14,104,0,126,-17,-198,-100,81
-15,102,-1,127,-16,-199,-100,80
-17,101,-2,128,-15,-199,-104,78
-19,100,-3,129,-14,-199,-106,78
-20,99,-3,128,-13,-199,-108,76
-21,97,-3,127,-12,-199,-106,74
-21,94,-3,127,-11,-199,-109,72
-22,93,-3,128,-12,-199,-109,70
-22,92,-4,128,-13,-199,-109,69
-23,92,-4,129,-14,-199,-111,67
-25,90,-5,129,-14,-199,-112,64
-26,87,-5,129,-14,-199,-113,61
-28,84,-4,129,-14,-199,-114,58
-28,83,-3,129,-15,-199,-115,59
-28,84,-4,128,-16,-199,-115,61
-28,84,-5,127,-17,-199,-115,58
-30,83,-7,126,-17,-199,-117,57
-31,82,-9,126,-17,-199,-118,56
-32,80,-10,127,-17,-199,-119,51
-32,78,-10,128,-15,-199,-119,50
-32,76,-9,127,-13,-199,-119,50
-33,75,-7,126,-12,-199,-120,48
-35,73,-7,124,-11,-199,-119,47
-36,71,-7,123,-12,-199,-120,45
-37,68,-9,122,-12,-199,-122,41
-37,65,-10,121,-12,-199,-122,39
-38,64,-10,120,-12,-199,-122,37
-39,62,-10,121,-12,-199,-123,35
-39,59,-11,122,-12,-199,-124,30
-40,57,-13,123,-12,-199,-124,28
-40,54,-14,122,-12,-199,-124,24
-39,50,-14,122,-12,-199,-124,20
-39,46,-13,122,-12,-199,-123,17
-40,44,-13,121,-12,-199,-124,14
-40,42,-14,120,-12,-199,-124,12
-42,39,-16,120,-12,-199,-125,9
-43,36,-17,120,-12,-199,-126,3
-43,32,-17,121,-12,-199,-126,0
-44,30,-17,122,-12,-199,-130,-2
-44,27,-17,122,-12,-201,-130,-6
-44,23,-17,121,-12,-203,-126,-8
-44,21,-17,121,-12,-204,-128,-10
-46,19,-17,121,-12,-205,-129,-13
-46,18,-17,121,-12,-204,-130,-14
-47,17,-17,121,-12,-204,-130,-15
-46,14,-18,121,-12,-204,-130,-18
-47,13,-18,120,-12,-204,-130,-19
-48,11,-18,120,-12,-204,-131,-21
-50,10,-18,120,-12,-204,-133,-21
-51,10,-19,119,-12,-204,-134,-21
-51,12,-20,119,-12,-204,-134,-20
-50,14,-20,119,-12,-204,-133,-18
-49,16,-19,120,-12,-204,-133,-15
-48,18,-17,121,-12,-204,-131,-14
-49,19,-17,122,-12,-204,-135,-13
-49,20,-17,122,-12,-204,-135,-12
-49,22,-17,121,-12,-204,-133,-9
-49,25,-17,120,-12,-204,-133,-4
-48,27,-16,120,-12,-204,-131,-2
-47,30,-15,121,-12,-204,-131,0
-47,33,-16,122,-12,-204,-133,3
-46,37,-16,124,-12,-205,-133,4
-45,40,-14,124,-12,-205,-131,10
-45,43,-13,123,-12,-206,-129,13
-45,45,-11,122,-12,-205,-129,15
-44,47,-11,122,-12,-205,-128,20
-42,50,-11,124,-12,-205,-129,20
-39,54,-12,126,-12,-205,-126,24
-38,57,-13,126,-12,-205,-124,28
-38,60,-14,125,-12,-205,-125,30
-38,62,-13,125,-12,-205,-125,32
-38,64,-11,126,-12,-206,-125,35
-38,66,-10,128,-12,-208,-124,37
-36,68,-10,128,-12,-208,-123,39
-35,69,-10,128,-12,-207,-122,40
-34,70,-10,128,-12,-206,-123,41
-33,72,-10,128,-12,-206,-120,43
-34,73,-9,127,-12,-207,-120,47
-34,73,-8,125,-12,-209,-118,47
-33,72,-8,123,-12,-209,-118,46
-32,71,-10,122,-12,-209,-117,45
-32,70,-12,122,-12,-209,-117,41
-34,69,-13,123,-12,-209,-118,41
-35,68,-13,123,-12,-209,-122,40
-36,67,-12,123,-12,-209,-123,37
-35,65,-12,123,-12,-209,-122,36
-34,64,-13,124,-12,-209,-122,35
-35,62,-13,124,-12,-209,-122,32
-36,59,-13,123,-12,-209,-122,30
-36,57,-12,123,-12,-209,-123,28
-36,55,-13,123,-12,-209,-122,26
-36,53,-14,124,-12,-209,-123,24
-37,52,-14,125,-12,-209,-124,23
-38,51,-14,125,-12,-209,-124,21
-38,49,-14,125,-12,-209,-124,19
-38,47,-14,124,-12,-209,-124,17
-39,45,-15,123,-12,-209,-125,15
-40,44,-15,123,-12,-209,-126,14
-40,44,-15,123,-12,-209,-126,14
-40,44,-14,124,-12,-209,-126,14
-39,43,-14,125,-12,-209,-125,13
-39,43,-14,125,-12,-209,-125,13
-39,43,-14,125,-12,-209,-125,13
-38,44,-14,124,-12,-209,-124,14
-37,46,-14,124,-12,-209,-123,17
-37,47,-14,124,-12,-209,-123,18
-37,49,-14,124,-12,-209,-124,20
-39,52,-14,125,-12,-209,-125,23
-39,54,-13,125,-12,-209,-125,25
-39,58,-12,126,-12,-209,-125,29
-38,60,-11,126,-12,-209,-124,31
-37,62,-11,127,-12,-209,-124,32
-36,64,-10,128,-12,-209,-123,35
-36,67,-10,128,-12,-209,-123,37
-36,70,-10,128,-12,-209,-123,41
-35,72,-10,128,-12,-209,-122,43
-35,75,-10,128,-12,-209,-122,46
-35,76,-10,128,-12,-209,-122,47
-35,78,-10,128,-12,-209,-123,50
-35,80,-10,128,-12,-209,-123,51
-34,81,-10,128,-12,-209,-122,52
-33,81,-10,128,-12,-209,-120,52
-34,79,-10,128,-12,-209,-120,51
-34,77,-10,128,-12,-209,-122,48
-34,75,-10,128,-12,-209,-122,46
-34,73,-10,128,-12,-209,-120,43
-34,71,-10,128,-12,-209,-122,42
-36,69,-11,127,-12,-209,-123,40
-37,66,-11,126,-12,-209,-124,37
-38,64,-12,126,-12,-209,-125,35
-38,61,-13,125,-12,-209,-125,31
-37,56,-14,125,-12,-209,-124,26
-37,51,-14,124,-12,-209,-123,21
-38,47,-14,125,-12,-209,-124,17
-39,42,-14,124,-12,-209,-125,13
-41,38,-15,123,-12,-209,-126,8
-42,34,-16,122,-12,-209,-128,1
-43,29,-17,121,-12,-209,-126,-3
-45,24,-18,121,-12,-209,-128,-8
-46,21,-18,122,-12,-209,-131,-10
-47,18,-17,121,-12,-209,-130,-14
-47,16,-16,120,-12,-209,-130,-14
-47,12,-15,119,-12,-209,-130,-18
-47,9,-16,118,-12,-210,-128,-20
-47,7,-18,118,-12,-211,-130,-25
-48,6,-19,118,-13,-213,-131,-26
-49,6,-19,118,-13,-213,-131,-26
-49,6,-18,117,-12,-212,-129,-26
-49,6,-17,116,-12,-211,-129,-24
-49,7,-15,117,-12,-211,-129,-23
-49,10,-15,119,-13,-212,-131,-20
-49,12,-16,120,-13,-214,-131,-18
-48,14,-17,121,-13,-214,-131,-19
-47,16,-18,122,-13,-214,-133,-17
-47,19,-18,121,-13,-214,-130,-13
-48,24,-17,121,-13,-214,-131,-8
-47,29,-16,122,-13,-214,-133,-3
-46,34,-15,123,-13,-214,-131,3
-44,38,-14,125,-13,-214,-130,8
-43,43,-14,125,-13,-215,-129,13
-43,47,-14,125,-13,-216,-130,18
-43,53,-14,124,-13,-217,-130,23
-43,58,-14,124,-13,-218,-129,29
-41,62,-13,125,-13,-218,-128,32
-39,65,-11,127,-13,-219,-125,36
-38,68,-11,129,-13,-219,-128,40
-37,72,-11,130,-13,-219,-126,42
-36,75,-11,129,-13,-219,-126,46
-36,78,-10,128,-13,-219,-126,48
-37,79,-10,128,-13,-219,-124,51
-37,79,-10,128,-13,-219,-124,51
-36,79,-10,128,-13,-219,-123,51
-36,80,-10,128,-13,-219,-123,51
-36,80,-10,128,-13,-219,-123,51
-37,79,-10,128,-13,-219,-124,51
-37,79,-10,128,-13,-219,-124,50
-37,78,-10,128,-13,-219,-124,48
-37,75,-10,128,-13,-219,-124,47
-37,73,-10,128,-13,-219,-124,43
-38,71,-10,128,-13,-219,-125,42
-38,69,-10,128,-13,-219,-124,40
-38,68,-10,128,-13,-219,-125,39
-39,65,-10,128,-13,-219,-125,36
-39,61,-10,128,-13,-219,-126,31
-40,57,-11,127,-12,-219,-126,28
-40,54,-13,125,-11,-219,-126,24
-40,50,-14,125,-12,-219,-126,20
-40,48,-14,124,-13,-219,-126,18
-40,45,-14,124,-13,-219,-126,15
-40,43,-14,125,-13,-219,-126,13
-39,40,-13,125,-13,-219,-125,10
-40,37,-14,125,-13,-219,-126,7
-40,34,-14,124,-13,-219,-126,4
-41,32,-15,123,-13,-219,-128,2
-42,30,-15,123,-13,-219,-128,1
-43,29,-14,124,-13,-219,-129,0
-44,27,-14,124,-13,-219,-130,-2
-45,26,-15,123,-13,-219,-131,-3
-46,25,-16,122,-13,-219,-129,-4
-46,24,-17,122,-13,-219,-133,-8
-47,23,-19,122,-13,-219,-134,-8
-49,22,-19,123,-13,-219,-135,-9
-50,21,-20,124,-13,-218,-135,-12
-49,18,-20,124,-13,-219,-135,-14
-48,18,-20,124,-13,-220,-134,-14
-48,17,-20,124,-13,-222,-134,-15
-47,18,-20,124,-13,-222,-133,-14
-48,17,-19,124,-13,-222,-134,-15
-49,17,-20,124,-13,-222,-135,-15
-51,16,-22,123,-13,-223,-136,-19
-52,16,-23,122,-13,-224,-137,-19
-53,15,-23,122,-13,-224,-139,-20
-52,14,-22,123,-13,-224,-140,-21
-50,12,-21,125,-13,-224,-139,-23
-50,11,-20,125,-13,-224,-137,-24
-50,12,-20,125,-13,-224,-139,-23
-52,14,-21,124,-13,-224,-140,-21
-53,15,-22,124,-13,-224,-141,-20
-52,16,-22,123,-13,-224,-141,-19
-51,16,-21,124,-13,-224,-139,-19
-49,17,-21,124,-13,-224,-137,-18
-49,19,-20,125,-13,-224,-137,-15
-49,20,-20,125,-13,-224,-137,-14
-50,22,-20,125,-13,-224,-139,-13
-51,23,-21,125,-13,-224,-140,-12
-51,25,-21,124,-13,-224,-139,-9
-50,28,-20,125,-13,-224,-139,-7
-49,30,-19,126,-13,-224,-137,-2
-48,32,-18,127,-13,-224,-137,0
-48,34,-17,128,-13,-224,-136,1
-47,35,-17,128,-13,-224,-135,2
-46,37,-17,128,-13,-225,-135,4
-44,39,-17,128,-13,-225,-133,7
-43,42,-17,128,-13,-227,-131,9
-42,45,-17,128,-14,-228,-131,12
-42,47,-17,128,-14,-228,-130,15
-42,50,-17,128,-14,-228,-130,18
-41,53,-16,129,-14,-227,-130,21
-40,57,-14,130,-13,-227,-133,25
-39,59,-13,131,-14,-227,-131,28
-38,61,-13,132,-14,-228,-130,30
-37,63,-13,131,-14,-229,-129,31
-36,64,-13,131,-14,-229,-128,32
-36,66,-13,131,-14,-228,-128,34
-36,68,-13,131,-14,-228,-128,36
-36,70,-13,131,-14,-228,-128,39
-36,73,-13,132,-14,-228,-128,41
-35,74,-12,132,-14,-228,-126,45
-35,75,-12,132,-14,-228,-126,46
-34,75,-12,132,-14,-228,-126,46
-34,75,-13,132,-14,-228,-125,46
-33,75,-12,132,-14,-228,-125,47
-32,76,-12,132,-14,-228,-124,47
-32,76,-12,133,-14,-228,-124,47
-32,76,-12,132,-14,-228,-124,47
-31,76,-12,132,-14,-228,-123,47
-31,77,-12,132,-14,-228,-123,48
-32,77,-12,133,-14,-228,-124,48
-33,75,-12,132,-14,-228,-125,46
-34,74,-12,132,-14,-228,-125,45
-33,72,-13,132,-14,-228,-125,40
-32,70,-13,131,-14,-228,-124,39
-33,70,-13,131,-14,-228,-125,39
-36,69,-13,131,-14,-228,-128,37
-37,68,-13,131,-14,-228,-129,36
-36,67,-13,131,-14,-228,-128,35
-35,65,-13,131,-14,-228,-126,34
-34,64,-13,131,-14,-228,-125,32
-36,63,-13,131,-14,-228,-128,31
-37,62,-13,132,-14,-228,-129,30
-39,61,-13,132,-14,-228,-130,30
-38,60,-13,131,-14,-228,-130,28
-37,58,-14,130,-14,-228,-125,26
-36,57,-14,129,-14,-228,-125,28
-36,57,-14,127,-14,-228,-125,28
-37,56,-14,126,-14,-228,-124,26
-39,54,-13,125,-14,-228,-125,25
-39,52,-13,125,-13,-228,-125,23
-39,50,-12,126,-12,-228,-125,20
-38,50,-13,125,-12,-228,-124,20
-38,51,-14,125,-12,-228,-124,21
-38,51,-14,125,-13,-228,-124,21
-38,50,-14,124,-14,-228,-124,20
-39,49,-14,124,-14,-228,-125,19
-41,48,-14,125,-14,-228,-128,18
-42,47,-14,125,-14,-228,-128,18
-42,46,-14,124,-14,-228,-128,17
-41,45,-14,125,-14,-228,-128,15
-40,45,-14,125,-13,-228,-126,15
-40,45,-14,124,-12,-228,-126,15
-41,45,-14,124,-12,-228,-128,15
-41,45,-14,124,-12,-228,-128,15
-40,45,-15,126,-13,-228,-126,15
-39,44,-16,127,-14,-228,-128,12
-38,44,-17,128,-14,-228,-126,12
-39,45,-18,128,-14,-228,-128,13
-40,45,-17,128,-14,-228,-129,13
-42,46,-16,127,-14,-228,-130,13
-41,46,-16,126,-14,-229,-130,14
-41,48,-16,127,-14,-229,-130,15
-41,49,-17,128,-14,-228,-130,17
-40,50,-17,128,-14,-228,-129,18
-39,50,-17,128,-14,-229,-128,18
-38,51,-17,128,-14,-230,-128,19
-39,52,-17,128,-14,-231,-128,20
-39,54,-17,128,-14,-232,-129,21
-40,55,-16,129,-14,-232,-129,23
-41,55,-14,130,-14,-232,-133,23
-41,55,-13,131,-14,-231,-133,23
-40,54,-13,132,-14,-231,-131,25
-39,55,-13,131,-14,-232,-131,23
-39,56,-14,130,-14,-233,-128,24
-39,58,-15,130,-14,-234,-128,26
-39,59,-14,130,-13,-234,-130,28
-38,60,-14,131,-12,-233,-130,29
-38,60,-13,132,-13,-233,-130,29
-38,61,-14,132,-14,-233,-130,29
-38,61,-13,131,-14,-233,-130,29
-37,62,-12,130,-14,-233,-126,32
-36,64,-11,129,-14,-233,-125,35
-35,65,-11,129,-14,-233,-124,36
-36,67,-12,130,-14,-233,-125,37
-36,68,-12,130,-13,-233,-125,39
-36,69,-11,130,-12,-233,-125,40
-34,71,-9,129,-12,-233,-124,42
-34,73,-8,129,-12,-233,-124,46
-34,75,-9,129,-13,-233,-124,46
-34,77,-10,128,-13,-233,-122,48
-33,79,-10,128,-12,-233,-120,51
-32,81,-9,128,-10,-233,-119,52
-32,82,-7,130,-10,-233,-122,56
-34,83,-6,131,-10,-233,-124,57
-34,85,-6,131,-11,-233,-124,58
-34,86,-7,131,-12,-233,-124,59
-32,87,-7,131,-12,-233,-123,61
-31,88,-6,131,-10,-233,-120,62
-30,90,-5,132,-9,-233,-119,64
-29,93,-5,132,-9,-234,-119,67
-29,94,-5,132,-9,-234,-119,69
-29,95,-5,132,-9,-233,-119,69
-28,94,-4,133,-9,-233,-118,69
-29,95,-3,134,-9,-233,-119,69
-29,95,-2,134,-9,-234,-119,69
-30,96,-3,134,-9,-233,-120,70
-30,97,-3,134,-9,-233,-120,72
-31,98,-3,134,-9,-233,-120,72
-30,97,-3,134,-9,-233,-120,72
-29,96,-3,134,-9,-233,-119,70
-29,95,-3,134,-9,-233,-119,69
-28,94,-3,134,-9,-234,-118,68
-28,94,-3,134,-9,-233,-118,68
-28,94,-3,134,-9,-233,-118,69
-28,95,-3,134,-9,-233,-118,69
-29,95,-3,134,-9,-234,-119,69
-30,94,-3,134,-9,-235,-119,68
-31,91,-3,134,-9,-235,-120,65
-31,90,-3,134,-9,-235,-122,63
-31,88,-3,134,-9,-234,-122,62
-31,87,-4,133,-9,-233,-120,62
-30,86,-4,133,-9,-233,-119,61
-29,85,-4,133,-9,-233,-118,59
-28,84,-5,133,-9,-234,-118,58
-28,84,-6,132,-9,-234,-118,58
-29,84,-6,131,-9,-234,-118,58
-30,83,-6,132,-9,-233,-119,57
-29,82,-5,132,-9,-233,-119,56
-28,80,-6,132,-9,-233,-118,54
-28,78,-7,132,-9,-234,-117,52
-28,77,-8,132,-9,-235,-118,48
-30,77,-8,132,-9,-235,-119,48
-31,77,-8,132,-9,-234,-120,48
-31,77,-8,133,-9,-234,-120,48
-30,77,-8,133,-9,-233,-122,48
-30,77,-8,133,-9,-234,-119,48
-30,77,-8,133,-9,-236,-122,48
-30,77,-9,134,-9,-236,-123,48
-30,77,-10,134,-9,-236,-123,48
-30,77,-10,134,-9,-236,-123,48
-30,77,-9,134,-9,-236,-122,48
-30,77,-8,133,-9,-236,-123,48
-30,77,-8,132,-9,-235,-120,48
-30,77,-7,132,-9,-235,-120,51
-31,76,-7,131,-9,-236,-120,50
-30,77,-7,131,-9,-236,-119,51
-30,79,-7,131,-9,-236,-119,52
-29,82,-7,131,-9,-235,-118,56
-28,84,-7,131,-9,-236,-118,58
-28,84,-7,131,-8,-236,-118,58
-28,83,-7,131,-8,-237,-118,57
-28,84,-7,131,-8,-237,-118,58
-28,86,-6,131,-8,-238,-118,59
-27,88,-6,132,-8,-238,-117,62
-27,90,-5,134,-7,-238,-119,64
-26,91,-4,136,-5,-239,-119,65
-25,92,-4,137,-4,-239,-118,67
-25,94,-4,136,-5,-239,-117,69
-25,97,-4,135,-6,-238,-117,72
-25,98,-3,134,-6,-237,-115,73
-26,100,-3,135,-6,-235,-118,74
-26,101,-3,137,-4,-235,-118,75
-25,104,-2,139,-4,-236,-118,79
-24,106,-2,140,-6,-237,-119,81
-23,109,-2,141,-7,-237,-118,84
-22,111,-3,141,-6,-237,-118,85
-22,113,-3,141,-5,-237,-118,87
-23,114,-3,141,-4,-237,-118,89
-24,116,-3,141,-4,-238,-119,91
-23,118,-3,141,-5,-239,-119,93
-22,120,-3,141,-5,-239,-118,95
-21,121,-3,141,-5,-237,-117,96
-21,121,-3,141,-4,-235,-115,96
-21,121,-3,141,-4,-234,-117,96
-20,123,-3,141,-4,-234,-115,97
-19,125,-3,141,-4,-236,-114,100
-18,126,-3,141,-4,-237,-114,101
-17,126,-3,141,-4,-236,-113,101
-17,124,-3,141,-4,-235,-112,100
-17,123,-3,141,-4,-234,-112,98
-17,123,-3,141,-4,-234,-112,98
-17,124,-2,141,-4,-233,-112,98
-17,123,-2,141,-4,-234,-112,98
-17,121,-3,141,-4,-234,-112,96
-18,119,-3,140,-4,-235,-113,93
-19,117,-5,139,-4,-236,-114,91
-20,115,-6,138,-4,-235,-115,87
-21,114,-6,137,-4,-234,-117,86
-21,112,-6,138,-4,-234,-115,84
-20,109,-6,138,-4,-234,-115,81
-20,106,-6,138,-4,-234,-115,80
-21,103,-6,138,-4,-234,-115,74
-22,100,-7,137,-4,-234,-114,72
-23,97,-9,136,-4,-235,-115,69
-24,96,-10,135,-4,-236,-117,68
-24,93,-10,134,-4,-235,-117,65
-25,90,-10,134,-4,-234,-117,62
-25,86,-10,135,-4,-233,-118,58
-26,83,-10,135,-4,-234,-118,54
-27,80,-10,134,-4,-234,-119,52
-28,79,-10,134,-4,-234,-119,50
-29,78,-10,134,-4,-234,-120,48
-29,76,-10,134,-4,-234,-122,47
-30,73,-10,134,-4,-234,-123,45
-31,71,-10,134,-3,-235,-123,42
-32,70,-10,134,-2,-236,-124,41
-32,70,-10,134,-3,-235,-124,41
-32,71,-10,134,-4,-234,-124,41
-32,71,-10,135,-4,-235,-124,42
-32,71,-10,135,-5,-237,-124,41
-33,70,-10,135,-5,-238,-125,41
-34,69,-10,135,-4,-239,-125,40
-34,70,-10,134,-4,-239,-125,41
-33,72,-9,134,-5,-238,-125,42
-34,74,-9,136,-5,-238,-125,45
-35,75,-9,138,-5,-238,-129,46
-34,75,-10,139,-5,-238,-129,46
-33,75,-10,139,-5,-238,-128,46
-32,78,-10,137,-5,-239,-126,48
-32,80,-9,136,-5,-238,-124,51
-32,81,-9,136,-5,-238,-124,52
-33,82,-9,138,-5,-238,-128,53
-32,83,-9,140,-5,-239,-126,54
-31,86,-9,141,-5,-239,-129,57
-31,88,-9,141,-5,-241,-128,59
-31,88,-8,140,-5,-242,-125,59
-31,88,-7,139,-5,-243,-125,59
-31,88,-7,137,-5,-243,-125,59
-29,89,-8,137,-5,-242,-124,61
-28,90,-10,139,-5,-242,-123,61
-26,90,-10,141,-5,-242,-123,59
-26,90,-9,141,-5,-243,-123,62
-26,90,-8,138,-5,-244,-122,62
-27,90,-8,135,-5,-244,-119,61
-28,89,-9,134,-5,-243,-120,61
-29,89,-11,135,-5,-243,-122,61
-30,88,-12,137,-5,-243,-124,57
-30,88,-13,138,-5,-243,-125,57
-31,88,-13,139,-5,-243,-128,57
-31,88,-13,138,-4,-244,-128,57
-32,87,-13,138,-3,-244,-126,56
-33,85,-13,138,-3,-244,-128,53
-33,83,-13,138,-3,-244,-128,52
-33,81,-13,138,-4,-244,-128,50
-34,80,-13,138,-5,-243,-129,48
-36,80,-13,138,-5,-243,-130,48
-36,78,-13,138,-5,-243,-130,46
-36,76,-13,138,-4,-244,-130,45
-36,74,-13,138,-3,-244,-130,42
-37,73,-13,138,-2,-244,-131,41
-38,71,-13,138,-1,-244,-133,40
-37,70,-13,138,0,-244,-131,39
-37,68,-13,138,0,-244,-131,36
-37,66,-14,137,0,-244,-131,34
-38,63,-14,137,0,-244,-131,31
-39,62,-15,137,-2,-244,-133,30
-39,61,-16,136,-3,-244,-133,30
-39,61,-16,135,-3,-244,-133,29
-37,60,-16,134,-2,-244,-131,28
-37,59,-16,133,0,-244,-129,28
-37,59,-14,133,0,-243,-129,26
-38,60,-13,133,0,-244,-129,28
-37,60,-12,135,0,-245,-129,30
-36,60,-12,137,0,-246,-130,28
-36,60,-13,138,0,-245,-130,28
-36,61,-13,139,0,-244,-133,29
-36,62,-13,138,-2,-244,-133,30
-36,63,-13,138,-2,-245,-130,31
-35,64,-13,138,-1,-247,-129,31
-33,65,-13,138,0,-247,-128,34
-32,69,-13,138,0,-247,-126,37
-32,72,-13,138,-1,-248,-126,41
-31,75,-12,139,-2,-248,-128,43
-30,77,-10,140,-2,-247,-128,46
-29,79,-9,141,0,-245,-126,51
-29,82,-9,142,0,-244,-126,53
-29,85,-9,141,0,-243,-126,56
-29,88,-9,141,0,-244,-126,59
-28,91,-10,141,0,-244,-125,62
-27,94,-9,141,0,-244,-124,65
-26,97,-8,142,0,-244,-124,69
-26,100,-7,144,0,-244,-124,72
-26,103,-6,144,0,-244,-123,75
-26,106,-5,145,0,-244,-124,78
-25,109,-6,145,0,-244,-123,81
-25,112,-6,144,0,-244,-123,84
-24,114,-6,144,0,-244,-122,86
-24,116,-6,144,0,-244,-122,87
-25,118,-6,144,0,-244,-123,90
-25,119,-5,145,0,-244,-123,91
-25,119,-5,146,0,-244,-125,91
-25,119,-4,146,0,-244,-124,91
-26,120,-5,146,0,-244,-126,92
-26,121,-5,145,0,-244,-124,93
-27,122,-5,145,0,-244,-125,93
-27,122,-5,146,0,-244,-128,93
-26,121,-4,146,0,-244,-126,92
-26,120,-4,146,0,-244,-126,92
-25,119,-4,146,0,-244,-124,91
-25,119,-5,145,0,-244,-123,91
-25,118,-5,145,0,-244,-123,90
-23,116,-6,144,0,-244,-122,89
-23,114,-6,144,0,-244,-120,86
-24,112,-6,144,0,-244,-122,84
-24,110,-6,145,0,-244,-122,81
-25,108,-6,145,0,-244,-125,80
-25,106,-6,145,0,-244,-122,78
-25,104,-7,144,0,-244,-122,75
-24,101,-8,142,0,-242,-122,73
-25,98,-9,141,0,-240,-123,70
-26,96,-10,141,0,-239,-123,65
-27,94,-10,142,0,-238,-124,63
-28,91,-10,143,0,-239,-125,59
-29,88,-11,144,0,-239,-129,57
-29,85,-13,144,0,-239,-129,53
-29,82,-15,143,0,-239,-128,47
-30,79,-16,142,0,-239,-129,45
-31,77,-17,142,0,-239,-130,42
-33,74,-17,142,0,-239,-133,40
-33,72,-16,142,0,-239,-133,37
-33,68,-15,140,0,-239,-130,34
-33,66,-14,139,0,-239,-130,34
-34,64,-14,140,0,-239,-131,32
-36,63,-15,140,0,-239,-133,29
-36,61,-17,141,0,-238,-135,26
-37,59,-19,140,0,-238,-136,24
-38,57,-20,139,0,-237,-134,21
-39,55,-20,138,0,-237,-136,20
-40,55,-20,138,0,-237,-136,20
-41,54,-20,139,0,-238,-137,20
-42,54,-20,139,0,-238,-139,19
-43,54,-20,139,0,-237,-139,19
-43,55,-19,137,0,-236,-140,20
-44,57,-18,137,0,-236,-141,21
-44,59,-18,137,0,-237,-141,24
-44,59,-18,137,0,-237,-141,24
-44,58,-18,137,0,-236,-141,23
-44,58,-18,136,0,-234,-139,24
-44,60,-17,135,0,-234,-137,28
-43,62,-16,135,0,-234,-137,30
-42,65,-17,135,0,-234,-136,34
-42,68,-17,135,0,-234,-136,34
-43,69,-17,135,0,-234,-137,35
-42,70,-16,136,0,-234,-136,39
-41,72,-14,137,0,-234,-135,40
-39,74,-13,138,0,-234,-134,42
-37,77,-13,138,0,-234,-131,45
-36,79,-13,138,0,-234,-130,48
-34,82,-13,138,0,-234,-129,51
-33,85,-12,139,0,-234,-130,53
-32,88,-11,140,0,-234,-129,57
-32,92,-11,140,0,-234,-129,61
-31,95,-10,141,0,-234,-128,64
-29,99,-10,141,0,-234,-126,68
-27,102,-9,141,0,-234,-125,74
-25,106,-8,143,0,-234,-123,78
-24,109,-7,144,0,-234,-122,81
-23,113,-6,144,0,-234,-120,85
-22,116,-6,145,0,-234,-120,87
-21,119,-6,144,0,-234,-119,91
-21,123,-6,144,0,-234,-119,96
-19,126,-5,146,0,-234,-120,98
-18,128,-3,147,0,-234,-118,101
-16,130,-2,148,0,-234,-117,104
-14,132,-2,148,0,-234,-114,107
-13,135,-1,147,0,-234,-114,109
-14,138,0,146,0,-234,-112,113
-14,140,0,146,0,-234,-113,115
-14,141,0,147,0,-234,-112,117
-12,143,-1,147,0,-234,-113,118
-11,144,-2,148,0,-232,-112,120
-12,146,-1,148,0,-231,-113,122
-13,147,0,148,0,-231,-112,123
-14,148,2,148,1,-232,-112,126
-13,148,3,148,1,-233,-112,126
-12,148,3,149,1,-231,-113,126
-11,148,2,150,1,-230,-112,126
-12,148,2,150,1,-229,-113,124
-13,148,2,149,2,-229,-114,125
-14,148,3,149,1,-230,-112,125
-13,148,2,149,0,-230,-114,125
-12,148,2,150,0,-229,-113,123
-12,147,2,150,0,-229,-113,122
-14,145,2,151,0,-229,-114,120
-15,143,1,151,1,-229,-115,119
-15,142,0,150,2,-230,-117,118
-15,141,0,148,3,-230,-115,117
-14,140,-1,147,3,-229,-113,115
-15,137,-2,147,3,-228,-115,113
-16,135,-2,148,3,-226,-117,109
-16,133,-2,148,3,-224,-117,108
-15,131,-2,148,3,-224,-115,106
-15,130,-2,148,3,-224,-115,106
-14,130,-2,148,3,-225,-114,104
-15,128,-2,148,3,-225,-115,103
-16,126,-2,148,2,-224,-117,101
-17,124,-2,148,1,-224,-117,98
-17,122,-2,148,0,-224,-117,97
-16,122,-2,148,2,-224,-117,97
-16,122,-2,148,4,-224,-115,96
-15,121,-2,148,5,-225,-115,96
-14,121,-3,147,5,-225,-114,96
-14,119,-5,146,4,-224,-114,91
-15,117,-6,145,3,-224,-113,90
-16,114,-6,145,3,-224,-113,86
-16,112,-6,144,5,-224,-114,85
-17,112,-6,145,5,-225,-114,84
-16,112,-6,145,5,-225,-114,85
-16,113,-6,145,5,-224,-115,85
-15,111,-7,146,5,-224,-115,84
-16,108,-7,146,5,-224,-115,80
-17,106,-7,146,5,-225,-117,79
-18,105,-6,145,5,-224,-115,78
-18,106,-6,144,5,-224,-115,78
-18,106,-7,145,5,-224,-118,78
-19,105,-8,147,5,-224,-119,75
-21,104,-9,148,5,-224,-123,74
-22,104,-9,149,5,-224,-125,73
-23,103,-10,149,5,-224,-125,73
-22,103,-9,148,5,-224,-125,73
-22,104,-8,147,5,-224,-123,75
-22,104,-6,146,5,-224,-123,75
-22,104,-6,145,5,-224,-123,75
-22,103,-7,146,5,-224,-123,75
-22,103,-9,146,5,-224,-123,73
-22,103,-11,145,5,-224,-123,73
-22,103,-10,143,5,-224,-120,73
-22,103,-9,142,5,-224,-120,75
-22,103,-8,142,5,-224,-120,75
-22,103,-8,142,5,-224,-120,75
-22,103,-9,142,5,-224,-120,75
-23,104,-8,143,5,-224,-120,75
-23,104,-7,143,5,-224,-120,75
-22,103,-7,144,5,-225,-120,75
-22,103,-7,144,5,-225,-120,75
-23,104,-7,144,5,-225,-120,75
-23,105,-6,144,5,-223,-120,76
-24,106,-5,144,5,-221,-122,78
-24,107,-4,144,5,-220,-122,79
-24,106,-5,144,5,-220,-122,78
-24,107,-6,144,5,-221,-122,79
-25,108,-6,145,5,-222,-122,79
-25,108,-6,145,5,-221,-123,80
-25,108,-6,144,5,-220,-123,80
-25,108,-6,144,5,-219,-123,79
-24,108,-6,145,5,-220,-122,80
-24,108,-6,145,5,-220,-122,80
-23,108,-6,144,5,-220,-120,80
-24,109,-5,144,5,-220,-122,80
-23,109,-4,143,5,-220,-120,81
-22,109,-4,143,5,-220,-119,84
-21,110,-4,143,5,-220,-118,85
-20,110,-4,143,5,-220,-118,85
-20,111,-4,143,5,-220,-118,83
-22,111,-5,144,5,-220,-119,83
-22,111,-6,144,5,-220,-120,83
-23,111,-6,145,5,-220,-120,83
-22,111,-6,145,5,-220,-120,83
-24,112,-6,144,5,-220,-122,84
-26,113,-6,144,5,-220,-124,85
-27,113,-6,144,5,-220,-125,85
-27,111,-6,144,5,-220,-125,83
-26,109,-6,144,5,-220,-124,80
-25,108,-6,144,5,-220,-122,80
-24,108,-6,144,5,-220,-122,80
-25,108,-6,144,5,-220,-122,79
-25,106,-6,144,5,-220,-123,78
-26,103,-6,144,5,-220,-124,75
-28,101,-6,145,5,-220,-125,72
-29,98,-5,145,5,-220,-126,69
-29,96,-6,144,6,-220,-126,67
-30,93,-7,144,6,-220,-128,64
-30,90,-8,142,5,-220,-128,61
-30,86,-9,141,5,-220,-126,58
-29,83,-9,141,5,-220,-126,54
-30,79,-9,141,6,-220,-126,50
-31,75,-9,141,7,-220,-128,46
-32,72,-10,140,7,-220,-129,40
-32,69,-12,139,7,-220,-129,37
-33,65,-13,138,6,-220,-128,32
-34,60,-14,138,5,-220,-128,29
-35,56,-14,137,5,-220,-129,24
-37,51,-14,137,5,-220,-130,19
-38,47,-15,137,6,-220,-131,14
-39,43,-15,136,7,-220,-133,10
-39,40,-16,135,7,-220,-133,8
-41,38,-18,134,7,-220,-135,2
-43,35,-19,133,6,-220,-136,0
-44,33,-20,132,5,-220,-135,-1
-44,31,-21,131,5,-220,-135,-3
-43,29,-20,132,5,-219,-134,-6
-43,27,-20,132,6,-220,-134,-7
-45,25,-20,132,6,-221,-135,-9
-46,24,-20,132,5,-223,-136,-10
-46,24,-20,132,5,-224,-137,-10
-46,24,-20,132,5,-225,-137,-10
-46,24,-20,132,5,-225,-136,-10
-46,24,-20,132,5,-224,-136,-10
-46,24,-20,132,5,-224,-137,-10
-47,25,-20,132,5,-225,-137,-9
-47,27,-20,132,5,-225,-139,-8
-47,29,-20,132,5,-224,-137,-6
-46,31,-20,132,5,-224,-137,-3
-46,34,-21,131,5,-224,-137,-1
-46,37,-20,132,5,-226,-136,2
-46,41,-19,133,5,-228,-140,6
-45,45,-18,134,5,-229,-139,10
-44,49,-17,135,5,-230,-137,17
-44,53,-17,135,5,-230,-139,21
-43,57,-16,135,5,-229,-137,25
-42,61,-15,136,5,-229,-136,29
-40,65,-14,137,5,-229,-135,32
-39,68,-13,138,5,-230,-133,36
-38,73,-13,138,5,-229,-133,42
-37,79,-13,138,5,-229,-131,47
-36,84,-12,137,5,-229,-130,52
-35,88,-11,138,5,-230,-129,57
-33,91,-10,139,5,-231,-128,62
-32,94,-8,140,5,-231,-128,65
-32,97,-7,140,5,-231,-126,68
-30,100,-5,139,5,-230,-125,74
-29,102,-3,140,5,-231,-124,76
-27,105,-2,141,4,-233,-122,79
-26,107,-2,141,4,-234,-122,81
-25,108,-3,141,4,-235,-120,83
-25,109,-4,142,4,-234,-120,84
-25,112,-5,143,4,-234,-123,84
-24,114,-6,145,4,-234,-122,86
-22,113,-5,147,4,-234,-123,85
-22,111,-3,147,4,-234,-123,83
-23,108,-3,147,5,-234,-124,83
-24,108,-4,146,5,-234,-124,79
-25,108,-6,145,4,-234,-123,80
-26,107,-6,144,4,-234,-124,79
-27,105,-6,144,4,-234,-125,76
-28,103,-6,144,5,-234,-125,74
-27,101,-6,144,6,-234,-124,73
-26,100,-6,145,7,-234,-124,72
-26,97,-5,145,6,-234,-124,69
-27,94,-6,145,5,-234,-124,65
-28,91,-7,144,4,-234,-125,62
-29,87,-8,143,4,-234,-126,58
-30,84,-9,141,4,-234,-128,56
-31,82,-10,141,5,-234,-129,53
-32,80,-10,142,5,-234,-129,48
-33,78,-10,142,4,-234,-130,46
-33,76,-11,144,4,-234,-133,45
-33,75,-11,144,5,-234,-133,43
-32,74,-11,143,5,-234,-129,42
-32,73,-10,142,4,-234,-129,42
-32,72,-10,142,4,-234,-129,41
-34,73,-10,143,4,-236,-130,41
-35,74,-12,144,5,-238,-134,42
-34,75,-12,144,6,-239,-134,43
-33,75,-10,143,6,-240,-130,43
-32,76,-9,142,6,-240,-129,47
-32,78,-9,141,4,-239,-129,50
-32,81,-10,141,4,-239,-129,52
-33,85,-9,142,4,-239,-130,56
-32,88,-8,143,6,-239,-130,59
-31,90,-7,144,6,-239,-128,61
-29,93,-6,144,5,-239,-126,64
-28,97,-5,145,5,-239,-125,68
-27,102,-6,145,5,-239,-124,74
-25,106,-6,144,7,-239,-123,78
-24,108,-6,144,9,-239,-122,80
-22,111,-6,144,10,-240,-120,83
-21,115,-6,145,9,-239,-119,87
-21,121,-5,145,9,-239,-118,93
-20,126,-4,146,9,-239,-120,98
-19,128,-3,147,9,-240,-120,101
-19,129,-3,147,9,-241,-119,102
-19,131,-2,148,9,-241,-120,107
-19,134,-2,148,9,-241,-120,109
-19,137,-2,148,9,-240,-120,112
-20,139,-2,148,9,-240,-120,114
-19,139,-2,148,9,-241,-120,114
-18,139,-2,148,9,-241,-119,114
-16,140,-2,148,9,-242,-117,115
-15,141,-2,148,9,-243,-115,117
-15,141,-2,148,9,-243,-115,117
-15,141,-2,148,9,-241,-115,117
-15,141,-2,148,9,-240,-115,117
-16,139,-2,148,9,-239,-117,114
-16,137,-2,148,9,-239,-117,112
-17,134,-3,148,9,-240,-118,107
-18,132,-3,149,9,-240,-118,104
-19,130,-3,149,9,-239,-119,102
-20,127,-3,149,9,-239,-120,100
-21,125,-2,148,9,-239,-122,100
-22,122,-3,149,9,-239,-123,95
-22,120,-5,150,9,-239,-125,92
-23,118,-7,150,9,-239,-126,87
-25,115,-8,150,9,-239,-128,85
-26,113,-8,149,9,-239,-129,83
-27,111,-9,148,9,-239,-129,80
-27,108,-9,148,9,-239,-129,78
-27,105,-9,148,9,-239,-130,74
-28,103,-9,148,9,-239,-130,72
-28,100,-9,149,9,-239,-130,69
-29,98,-9,148,9,-239,-131,67
-30,96,-10,148,9,-240,-133,64
-31,94,-11,146,9,-240,-131,63
-31,93,-12,145,9,-239,-131,62
-31,91,-13,145,9,-239,-131,61
-31,90,-13,145,9,-239,-130,58
-31,88,-12,145,9,-241,-131,57
-32,87,-13,145,9,-243,-131,56
-32,86,-13,145,9,-244,-131,54
-32,83,-12,145,9,-245,-131,52
-32,82,-12,145,9,-245,-131,51
-32,81,-13,145,9,-244,-131,50
-32,81,-14,144,9,-242,-133,47
-32,80,-15,143,9,-241,-131,46
-32,78,-15,143,9,-241,-131,43
-33,76,-15,143,9,-242,-133,42
-34,74,-15,143,9,-244,-134,40
-35,74,-16,142,9,-245,-134,40
-35,75,-16,142,9,-245,-134,41
-35,75,-16,142,9,-244,-134,41
-34,75,-16,142,9,-244,-134,40
-34,75,-16,142,9,-244,-134,40
-35,75,-16,142,9,-244,-134,40
-35,75,-16,142,9,-244,-134,41
-35,75,-16,142,9,-244,-134,41
-34,75,-16,142,9,-244,-134,40
-34,74,-16,142,9,-244,-134,40
-35,75,-16,142,8,-244,-134,41
-36,76,-17,141,7,-244,-135,42
-36,78,-16,142,7,-244,-136,43
-37,79,-15,143,7,-245,-136,45
-36,80,-14,144,8,-244,-135,48
-35,82,-13,145,9,-244,-135,50
-34,85,-12,145,9,-244,-134,53
-34,88,-12,145,9,-245,-134,57
-34,90,-12,146,9,-246,-134,59
-33,92,-11,146,9,-246,-134,61
-32,94,-10,147,9,-246,-133,63
-32,97,-10,148,9,-245,-134,65
-31,100,-10,148,9,-244,-133,69
-29,104,-9,148,9,-245,-133,73
-29,108,-8,149,9,-246,-131,76
-28,112,-6,151,9,-246,-131,84
-28,115,-5,151,9,-245,-130,87
-26,118,-5,152,9,-245,-129,90
-25,121,-5,152,9,-245,-128,93
-24,124,-5,151,9,-246,-128,96
-25,128,-6,151,9,-245,-128,100
-25,132,-5,152,9,-245,-129,104
-24,135,-4,152,9,-245,-128,107
-22,136,-3,154,9,-246,-125,108
-21,138,-2,155,9,-246,-126,111
-20,140,-1,155,9,-245,-126,112
-19,143,-2,155,9,-244,-125,115
-18,144,-2,155,9,-244,-124,117
-19,144,-3,154,9,-244,-125,117
-20,144,-3,154,9,-245,-124,117
-21,143,-4,153,9,-244,-125,115
-22,143,-4,152,9,-244,-125,115
-22,143,-5,152,9,-244,-125,115
-22,141,-5,151,9,-244,-125,114
-23,138,-5,151,9,-244,-126,111
-23,135,-5,152,9,-244,-126,108
-22,133,-5,152,9,-244,-125,106
-22,130,-5,152,9,-244,-125,102
-22,126,-6,151,9,-244,-125,98
-22,122,-6,151,9,-244,-125,93
-23,118,-7,151,9,-244,-126,90
-24,115,-7,151,9,-244,-126,86
-25,112,-7,150,9,-244,-128,81
-27,109,-7,150,9,-244,-129,78
-28,104,-8,149,9,-244,-131,74
-29,99,-10,148,9,-244,-131,68
-30,94,-10,148,9,-244,-133,63
-31,89,-11,146,9,-244,-131,58
-33,85,-11,144,9,-244,-133,53
-35,82,-10,143,9,-244,-133,50
-36,78,-10,142,9,-244,-134,46
-38,73,-10,143,9,-244,-135,41
-39,69,-12,143,9,-244,-137,37
-39,65,-14,142,9,-244,-139,30
-40,62,-16,142,9,-244,-140,28
-41,60,-17,142,9,-244,-140,25
-42,58,-17,142,9,-244,-141,23
-43,56,-16,142,9,-244,-141,20
-44,54,-16,142,9,-244,-144,19
-46,51,-16,142,9,-244,-145,17
-46,50,-17,141,9,-244,-145,15
-44,49,-19,140,9,-244,-141,14
-43,48,-20,139,9,-244,-139,13
-43,47,-20,138,9,-244,-139,13
-44,47,-20,138,9,-244,-140,12
-45,47,-20,138,9,-244,-141,12
-46,48,-19,139,9,-244,-142,13
-46,50,-19,139,9,-244,-142,15
-44,52,-18,140,9,-244,-141,18
-43,54,-18,140,9,-244,-142,19
-43,56,-17,141,9,-244,-141,20
-42,57,-17,142,9,-244,-141,23
-42,59,-16,142,9,-244,-141,25
-43,61,-16,142,9,-244,-142,26
-42,64,-16,142,9,-244,-141,29
-41,67,-18,143,9,-244,-141,32
-41,70,-19,144,9,-244,-144,32
-41,73,-18,144,9,-244,-144,39
-41,75,-16,144,9,-244,-140,41
-40,78,-14,144,9,-244,-140,43
-40,82,-14,146,9,-244,-142,47
-39,85,-15,148,9,-244,-141,51
-37,88,-16,149,9,-244,-142,54
-37,90,-15,148,9,-244,-140,56
-38,91,-14,146,9,-244,-140,57
-39,93,-13,145,9,-244,-140,62
-40,94,-12,145,9,-244,-140,63
-39,95,-12,145,9,-244,-139,64
-37,96,-13,145,9,-244,-136,64
-36,97,-13,145,9,-244,-135,65
-35,97,-13,145,9,-244,-135,65
-35,97,-13,145,9,-244,-135,65
-35,95,-12,145,9,-244,-135,64
-35,93,-11,146,9,-244,-135,62
-36,91,-11,146,9,-244,-136,59
-37,90,-11,146,9,-245,-137,58
-37,89,-12,145,9,-244,-136,57
-36,87,-13,145,9,-244,-136,56
-36,85,-13,145,9,-244,-136,53
-37,82,-13,145,9,-245,-136,51
-38,80,-12,145,9,-246,-137,48
-37,79,-12,145,9,-246,-137,48
-37,79,-13,145,9,-246,-136,47
-36,78,-13,145,9,-245,-136,46
-37,75,-13,145,9,-244,-136,43
-38,73,-13,145,9,-244,-137,41
-39,72,-13,145,9,-244,-139,40
-39,72,-13,145,9,-245,-139,40
-39,72,-13,145,9,-244,-139,41
-39,73,-13,145,9,-244,-139,41
-39,72,-12,145,9,-244,-139,41
-39,72,-12,144,9,-244,-139,41
-39,72,-11,144,9,-244,-137,41
-38,72,-12,144,9,-244,-137,41
-37,73,-12,145,9,-244,-136,41
-37,75,-13,145,9,-244,-136,43
-37,77,-13,145,9,-244,-137,46
-37,79,-13,145,9,-244,-136,47
-37,79,-12,145,9,-244,-136,47
-37,79,-11,146,9,-244,-136,47
-37,80,-11,146,8,-244,-137,48
-37,83,-11,146,7,-244,-137,51
-36,85,-12,145,7,-244,-136,53
-35,86,-13,145,7,-244,-135,54
-35,86,-13,145,8,-244,-134,54
-35,86,-13,145,9,-244,-135,54
-36,87,-12,145,9,-244,-136,56
-37,88,-12,145,9,-244,-136,57
-37,89,-13,145,9,-244,-137,57
-37,88,-13,145,9,-244,-136,57
-36,87,-13,145,9,-244,-135,56
-35,86,-13,145,9,-244,-135,54
-35,85,-13,145,9,-244,-134,53
-35,86,-13,145,9,-244,-134,54
-35,86,-13,145,9,-244,-135,54
-36,85,-13,145,9,-244,-136,53
-37,83,-13,145,9,-245,-137,51
-37,80,-13,145,8,-244,-137,48
-37,79,-13,145,7,-244,-137,47
-37,79,-13,145,7,-244,-136,47
-37,79,-13,145,7,-245,-136,47
-37,79,-13,145,8,-245,-136,48
-37,79,-13,145,9,-246,-136,47
-36,77,-13,145,9,-246,-135,46
-35,76,-13,145,9,-246,-135,45
-36,76,-13,145,9,-246,-135,45
-36,77,-13,145,9,-245,-136,46
-37,79,-12,144,9,-245,-136,47
-36,80,-10,143,9,-244,-134,48
-35,82,-9,142,9,-244,-133,53
-34,84,-9,141,9,-244,-131,56
-33,86,-10,141,9,-245,-130,57
-33,89,-9,142,9,-244,-130,59
-32,91,-8,143,9,-244,-130,62
-32,93,-7,144,9,-244,-129,64
-31,95,-6,145,9,-245,-129,67
-31,97,-5,145,9,-245,-128,69
-30,101,-6,144,9,-244,-128,72
-29,104,-6,144,9,-243,-128,75
-28,107,-6,144,9,-242,-126,79
-28,111,-5,146,9,-241,-128,83
-28,113,-3,147,9,-241,-128,87
-28,116,-2,148,9,-241,-128,90
-27,119,-2,148,9,-240,-128,93
-26,122,-2,148,9,-239,-126,97
-25,126,-2,148,9,-239,-125,101
-23,129,-2,148,9,-239,-124,104
-22,131,-2,148,9,-240,-123,106
-22,132,-2,148,9,-239,-123,107
-21,132,-2,148,9,-239,-122,107
-20,132,-2,148,9,-239,-120,107
-18,133,-2,148,9,-239,-119,108
-17,135,-2,148,9,-239,-118,109
-17,136,-2,148,9,-239,-118,111
-18,136,-3,149,9,-239,-119,109
-18,135,-5,151,9,-239,-122,108
-17,135,-4,150,9,-239,-120,107
-17,134,-3,149,9,-239,-118,107
-17,134,-2,148,9,-239,-118,109
-17,134,-3,149,9,-239,-117,107
-17,134,-4,150,9,-239,-120,107
-18,134,-5,151,9,-239,-122,106
-20,133,-6,152,9,-239,-123,104
-21,132,-6,152,9,-239,-124,104
-21,132,-6,152,9,-239,-125,104
-21,132,-5,151,9,-240,-124,104
-21,132,-4,150,9,-239,-124,104
-21,132,-4,150,9,-239,-124,104
-21,132,-5,151,9,-239,-124,104
-21,132,-5,151,9,-240,-124,104
-21,132,-5,151,9,-241,-124,104
-21,132,-5,151,9,-242,-125,104
-21,132,-4,150,9,-241,-125,104
-21,132,-4,150,9,-240,-124,104
-21,132,-4,150,9,-239,-124,104
-21,132,-5,151,9,-239,-125,104
-22,133,-5,151,9,-239,-125,106
-23,135,-5,151,9,-240,-126,107
-23,136,-5,151,9,-239,-126,108
-24,137,-4,150,9,-239,-128,109
-24,136,-5,151,9,-239,-128,108
-23,136,-5,151,9,-239,-126,108
-22,137,-6,152,9,-239,-125,109
-21,138,-6,152,9,-239,-124,111
-20,139,-5,151,9,-239,-123,112
-19,139,-5,151,9,-239,-122,112
-18,138,-5,151,9,-239,-122,111
-18,137,-5,151,9,-239,-122,109
-19,135,-5,151,9,-239,-123,107
-21,133,-5,151,9,-239,-124,106
-21,132,-5,151,9,-239,-125,104
-21,132,-5,151,9,-239,-125,104
-21,131,-5,151,9,-239,-124,103
-19,129,-5,152,9,-239,-123,101
-19,126,-5,152,9,-239,-123,98
-20,123,-5,151,9,-239,-123,95
-22,120,-6,151,9,-239,-125,92
-23,118,-8,149,9,-239,-126,87
-24,116,-9,148,9,-239,-126,85
-24,113,-9,148,9,-239,-126,83
-24,109,-9,148,9,-239,-126,79
-25,106,-9,148,9,-239,-128,75
-27,103,-10,148,9,-239,-129,73
-28,101,-10,147,9,-239,-128,70
-29,98,-10,145,9,-239,-129,67
-30,94,-10,144,9,-240,-130,63
-30,90,-11,144,9,-240,-130,58
-31,86,-12,145,9,-239,-130,54
-32,83,-13,145,9,-239,-131,51
-33,81,-13,146,9,-239,-133,50
-35,78,-12,145,9,-241,-135,47
-37,76,-12,144,9,-243,-136,43
-38,73,-11,144,9,-244,-137,41
-38,71,-10,143,9,-243,-135,39
-39,68,-10,142,9,-242,-135,36
-40,67,-10,142,9,-243,-136,35
-41,66,-11,142,9,-244,-137,34
-41,65,-12,142,9,-245,-137,34
-41,66,-11,141,9,-245,-137,34
-41,66,-11,141,9,-245,-137,34
-41,66,-13,141,9,-244,-137,34
-41,66,-15,141,9,-244,-137,31
-41,66,-15,140,9,-244,-137,31
-41,66,-14,140,9,-244,-137,34
-41,65,-13,138,9,-246,-135,34
-41,65,-13,138,8,-248,-135,34
-41,66,-13,138,8,-249,-135,34
-40,68,-13,138,8,-250,-135,36
-40,70,-13,138,8,-249,-134,39
-39,72,-13,138,8,-249,-133,40
-37,74,-13,140,8,-249,-134,42
-36,75,-12,143,8,-249,-136,43
-36,77,-12,144,8,-249,-136,46
-37,79,-11,144,8,-249,-136,47
-37,81,-12,144,8,-249,-136,50
-36,84,-12,145,8,-249,-135,52
-34,86,-13,145,8,-249,-134,54
-32,87,-13,145,8,-249,-131,56
-31,89,-13,145,8,-249,-130,58
-30,92,-13,145,8,-250,-130,61
-31,95,-12,145,8,-251,-131,64
-31,98,-12,146,8,-252,-131,67
-31,99,-11,146,8,-253,-130,68
-29,100,-10,147,8,-254,-129,69
-28,101,-10,148,8,-254,-130,69
-28,102,-9,148,8,-254,-130,72
-28,104,-9,148,8,-254,-130,73
-29,105,-9,148,8,-254,-131,74
-29,106,-9,148,8,-254,-133,75
-30,107,-9,148,8,-254,-133,76
-30,109,-9,148,8,-254,-133,78
-30,111,-9,148,8,-254,-133,80
-29,112,-9,148,8,-254,-131,81
-28,112,-8,149,8,-256,-131,81
-28,112,-7,150,8,-258,-130,81
-27,112,-7,150,8,-259,-129,81
-26,113,-6,151,8,-260,-129,85
-26,115,-6,151,8,-259,-129,86
-26,117,-5,152,8,-259,-129,89
-26,118,-5,152,8,-259,-129,90
-26,119,-5,152,8,-259,-129,91
-25,119,-5,151,8,-259,-129,91
-25,120,-6,151,8,-259,-129,92
-25,121,-5,151,8,-259,-128,93
-24,123,-4,152,8,-259,-126,95
-23,124,-3,154,8,-259,-126,96
-22,125,-2,155,8,-259,-128,97
-22,126,-1,155,8,-259,-128,98
-21,128,-2,155,8,-259,-126,101
-21,130,-3,154,8,-259,-124,103
-20,132,-3,153,8,-259,-124,104
-21,133,-4,153,8,-259,-124,106
-20,134,-3,153,8,-260,-124,107
-20,135,-2,154,9,-261,-123,107
-19,136,-2,155,10,-261,-125,108
-19,136,-3,154,9,-261,-122,109
-18,137,-4,152,8,-261,-122,109
-18,136,-5,152,7,-262,-122,109
-17,136,-4,152,7,-263,-120,108
-17,134,-4,153,7,-264,-120,107
-18,133,-4,152,7,-264,-122,106
-20,133,-5,152,8,-264,-124,106
-21,132,-5,152,9,-264,-124,104
-21,131,-6,151,9,-264,-124,103
-20,129,-6,151,9,-264,-123,102
-20,127,-8,149,10,-264,-123,97
-21,124,-9,148,10,-264,-124,93
-22,121,-9,148,11,-264,-125,90
-23,116,-9,148,10,-264,-125,86
-23,113,-9,148,9,-264,-125,83
-24,109,-9,148,9,-264,-126,79
-25,106,-9,148,10,-265,-128,75
-28,103,-9,149,11,-266,-130,72
-30,100,-9,148,10,-266,-133,69
-32,97,-10,148,10,-265,-134,65
-33,92,-11,146,9,-265,-134,61
-34,88,-13,145,10,-265,-134,57
-36,83,-13,145,12,-267,-135,52
-36,80,-13,145,13,-269,-136,48
-38,77,-12,145,12,-270,-137,46
-38,75,-12,145,12,-270,-137,42
-38,71,-13,145,12,-270,-137,40
-38,67,-14,144,12,-269,-137,35
-38,64,-15,143,11,-267,-136,29
-38,61,-16,142,10,-266,-137,26
-39,61,-17,141,11,-266,-137,26
-40,61,-16,142,12,-267,-139,26
-40,61,-16,142,13,-269,-140,26
-41,60,-16,142,12,-270,-140,25
-41,60,-16,142,11,-269,-140,25
-41,60,-16,142,10,-269,-140,25
-40,61,-16,142,11,-269,-139,26
-40,61,-16,142,12,-269,-139,26
-39,62,-17,141,12,-269,-139,28
-40,65,-16,142,12,-268,-140,30
-40,68,-15,143,12,-267,-140,32
-40,70,-14,144,12,-267,-139,39
-38,73,-12,145,12,-267,-137,41
-36,76,-12,145,13,-267,-136,43
-35,79,-13,145,12,-267,-135,48
-35,83,-13,145,11,-267,-135,52
-36,87,-12,145,10,-267,-136,56
-36,91,-12,146,10,-267,-136,59
-36,94,-11,146,8,-266,-135,63
-35,97,-10,147,8,-265,-135,65
-33,100,-10,148,8,-264,-136,69
-32,102,-9,148,9,-264,-135,70
-31,104,-9,148,10,-265,-134,73
-30,105,-9,148,10,-266,-133,74
-30,107,-9,148,10,-266,-133,75
-31,108,-9,148,9,-264,-134,78
-31,110,-9,148,8,-263,-134,79
-31,110,-9,148,7,-263,-134,79
-29,111,-9,148,7,-264,-133,80
-29,111,-9,148,8,-264,-131,80
-29,111,-9,148,8,-264,-133,80
-30,110,-9,149,8,-264,-133,79
-30,108,-9,148,8,-264,-133,78
-30,107,-8,147,7,-264,-130,75
-31,105,-7,146,7,-264,-131,76
-32,104,-7,145,8,-264,-131,75
-32,102,-7,146,10,-264,-133,74
-32,101,-7,147,11,-264,-133,72
-32,98,-8,148,11,-264,-133,67
-33,96,-10,148,10,-264,-135,64
-34,93,-10,147,8,-264,-136,62
-35,92,-11,147,7,-264,-135,61
-36,90,-12,146,7,-263,-135,59
-36,89,-12,145,8,-260,-136,57
-36,87,-13,145,8,-259,-136,56
-37,85,-13,145,9,-259,-136,53
-37,84,-13,145,10,-259,-137,52
-38,84,-13,145,10,-260,-137,52
-38,84,-12,145,10,-260,-137,53
-38,84,-12,145,9,-259,-137,53
-39,83,-12,145,9,-259,-139,52
-39,82,-13,145,10,-259,-139,51
-38,80,-14,144,12,-259,-137,46
-37,79,-14,144,13,-259,-136,47
-37,79,-13,143,11,-259,-136,47
-37,79,-13,142,9,-259,-136,47
-37,79,-14,142,8,-259,-136,48
-37,79,-15,143,9,-259,-137,45
-38,78,-15,143,10,-259,-137,43
-39,76,-16,143,9,-259,-139,41
-39,74,-16,142,8,-259,-139,40
-39,72,-16,142,8,-259,-139,39
-39,72,-17,141,9,-259,-139,37
-38,71,-16,142,10,-260,-137,36
-38,69,-16,142,10,-260,-137,35
-37,68,-15,143,8,-259,-136,34
-36,68,-15,143,8,-258,-135,34
-36,67,-15,143,8,-257,-135,32
-35,65,-16,142,8,-258,-134,30
-36,64,-16,142,8,-259,-135,29
-37,62,-17,141,8,-259,-136,28
-38,61,-16,142,8,-259,-137,26
-38,60,-16,142,8,-259,-137,25
-37,59,-15,143,8,-259,-136,24
-37,58,-14,143,8,-259,-136,24
-37,60,-14,144,8,-259,-136,25
-38,61,-14,143,8,-259,-137,26
-39,62,-14,144,8,-259,-137,28
-39,61,-14,144,8,-259,-137,29
-39,61,-13,145,8,-259,-137,29
-38,61,-12,145,8,-259,-137,29
-38,63,-12,145,8,-259,-137,31
-37,66,-13,145,8,-258,-136,34
-37,69,-13,145,8,-257,-136,37
-37,72,-13,145,8,-256,-136,40
-36,74,-13,145,8,-256,-135,42
-36,76,-13,145,8,-258,-135,45
-35,79,-12,145,8,-259,-134,47
-35,82,-11,144,8,-260,-134,51
-35,84,-11,144,8,-259,-134,53
-35,86,-12,144,8,-259,-134,54
-34,87,-12,145,8,-258,-134,56
-33,88,-12,144,8,-257,-133,57
-32,90,-10,143,8,-257,-130,59
-32,92,-9,142,8,-257,-130,63
-32,94,-7,143,8,-257,-130,65
-32,97,-7,143,8,-256,-129,68
-31,99,-8,143,8,-255,-129,70
-31,99,-9,142,8,-254,-128,70
-31,99,-9,141,8,-254,-129,70
-31,99,-8,142,8,-255,-129,70
-31,99,-7,144,8,-255,-129,70
-31,99,-6,144,8,-256,-129,70
-31,99,-5,145,8,-256,-129,70
-31,99,-6,145,8,-256,-129,70
-32,99,-6,144,8,-257,-129,70
-31,99,-6,144,8,-257,-129,70
-30,97,-6,144,8,-256,-128,69
-30,96,-6,144,8,-254,-128,68
-30,94,-6,144,8,-254,-128,65
-30,93,-6,144,8,-254,-128,64
-30,92,-6,145,8,-254,-128,63
-31,90,-5,145,8,-254,-128,61
-30,88,-6,144,8,-254,-128,59
-31,87,-7,143,8,-254,-128,58
-32,87,-8,143,8,-254,-129,58
-33,86,-8,143,8,-254,-130,57
-35,86,-7,143,8,-254,-133,57
-36,86,-7,144,8,-254,-133,57
-36,85,-8,143,8,-254,-133,56
-36,83,-9,141,8,-254,-134,54
-36,81,-10,141,8,-254,-133,52
-36,80,-9,141,8,-254,-134,51
-37,79,-9,141,8,-254,-134,50
-37,79,-9,141,8,-254,-134,50
-37,79,-9,141,8,-254,-134,50
-37,79,-9,141,8,-254,-134,50
-37,79,-9,141,8,-254,-134,50
-37,80,-9,141,8,-254,-134,51
-37,79,-10,142,8,-254,-134,47
-37,77,-10,142,8,-254,-135,46
-38,74,-9,141,8,-254,-135,45
-39,72,-9,141,8,-254,-135,43
-39,72,-9,141,8,-254,-136,42
-39,72,-10,142,8,-254,-136,40
-39,73,-10,143,8,-254,-136,41
-39,73,-10,143,8,-254,-136,41
-38,71,-10,142,8,-254,-135,40
-37,69,-10,141,8,-254,-134,37
-37,68,-11,140,8,-254,-134,36
-36,68,-11,141,8,-254,-134,36
-37,68,-12,141,8,-254,-134,36
-37,68,-13,141,8,-254,-134,36
-37,68,-14,141,8,-254,-134,36
-37,68,-14,142,8,-254,-134,36
-37,68,-13,142,8,-254,-136,36
-37,68,-13,141,8,-254,-134,36
-37,68,-13,140,8,-254,-134,36
-36,68,-14,139,8,-253,-134,36
-36,67,-14,139,8,-252,-133,35
-36,66,-13,138,8,-251,-133,35
-36,67,-13,138,8,-250,-130,35
-36,68,-14,139,8,-250,-134,36
-37,68,-14,140,8,-251,-134,36
-37,68,-14,139,8,-251,-134,36
-36,68,-14,139,8,-251,-134,36
-37,69,-13,138,8,-250,-131,37
-37,70,-13,138,8,-249,-131,39
-38,71,-13,138,8,-249,-133,39
-39,71,-13,138,8,-249,-135,39
-38,72,-13,138,8,-249,-135,40
-38,73,-13,138,8,-249,-133,42
-37,75,-13,138,8,-249,-131,43
-36,77,-12,140,8,-249,-133,46
-37,79,-13,140,8,-249,-134,47
-37,79,-14,140,8,-249,-134,48
-36,81,-14,140,8,-249,-134,50
-36,84,-13,139,8,-249,-133,52
-35,86,-10,140,8,-249,-133,54
-35,86,-9,141,8,-249,-133,57
-35,86,-9,142,8,-249,-133,57
-34,86,-9,141,8,-249,-131,57
-33,88,-10,142,8,-249,-130,57
-32,91,-10,142,8,-249,-130,59
-32,92,-11,143,8,-249,-130,61
-33,93,-10,142,8,-249,-130,62
-33,92,-10,142,8,-249,-131,61
-33,92,-9,141,8,-249,-130,63
-33,92,-9,141,8,-249,-130,63
-33,92,-9,141,8,-249,-131,63
-33,92,-9,141,8,-249,-131,63
-33,92,-9,141,8,-249,-130,63
-32,91,-10,143,8,-248,-130,61
-32,90,-12,144,8,-247,-131,59
-32,89,-13,145,8,-247,-131,58
-32,88,-12,144,8,-248,-133,57
-34,87,-10,142,8,-248,-131,56
-35,86,-10,142,8,-248,-133,54
-36,83,-10,142,8,-247,-134,52
-36,81,-10,143,9,-246,-134,50
-36,78,-10,142,9,-245,-134,46
-36,75,-10,142,9,-244,-134,43
-38,72,-11,141,9,-244,-135,41
-39,70,-13,143,9,-245,-139,39
-41,68,-14,144,9,-245,-140,34
-41,66,-14,144,9,-244,-141,31
-41,64,-15,143,9,-244,-141,29
-42,60,-15,140,9,-244,-139,28
-42,56,-14,140,9,-244,-139,24
-43,52,-14,139,9,-244,-140,19
-44,48,-14,140,9,-244,-140,15
-45,45,-15,138,9,-244,-141,13
-46,42,-16,136,9,-244,-140,9
-48,40,-17,135,9,-244,-141,8
-48,39,-17,135,9,-244,-142,4
-48,38,-17,135,9,-244,-142,6
-48,36,-17,135,9,-244,-142,3
-49,34,-17,135,9,-245,-142,1
-50,32,-16,135,9,-245,-144,0
-51,32,-16,135,9,-244,-145,0
-51,33,-17,135,9,-243,-145,0
-50,33,-17,135,9,-242,-144,0
-50,32,-17,135,9,-243,-144,0
-50,32,-16,135,9,-244,-144,0
-51,33,-15,136,9,-244,-145,0
-51,34,-15,136,9,-243,-145,1
-51,36,-15,136,9,-242,-145,3
-50,38,-15,136,9,-243,-144,6
-50,41,-14,137,9,-244,-144,8
-49,43,-13,138,9,-244,-142,10
-48,46,-13,138,9,-243,-142,14
-48,50,-13,138,9,-242,-142,18
-46,53,-13,138,9,-243,-141,20
-46,56,-13,138,9,-244,-140,24
-45,59,-13,138,9,-245,-139,28
-43,63,-13,138,9,-245,-137,31
-41,67,-12,139,9,-245,-139,35
-40,72,-10,140,9,-244,-137,40
-39,76,-9,141,9,-243,-136,47
-39,80,-9,141,9,-242,-136,51
-38,83,-9,141,9,-242,-135,53
-36,86,-9,141,9,-242,-134,57
-36,89,-9,142,9,-242,-133,61
-35,93,-8,143,9,-241,-133,64
-35,95,-7,143,9,-241,-133,67
-34,97,-6,144,9,-241,-131,69
-32,98,-6,145,9,-243,-130,69
-32,99,-7,146,9,-243,-131,70
-31,99,-7,147,9,-243,-131,70
-30,99,-8,147,9,-241,-130,68
-28,100,-9,147,9,-240,-128,69
-27,101,-9,146,9,-239,-126,70
-26,102,-8,146,9,-239,-126,70
-27,101,-9,145,9,-240,-126,70
-28,99,-9,144,9,-240,-125,68
-28,97,-10,143,9,-239,-125,65
-29,95,-11,143,9,-239,-129,64
-28,93,-12,144,9,-239,-128,62
-28,90,-12,145,9,-239,-128,59
-28,88,-13,145,9,-239,-128,57
-29,85,-14,144,9,-239,-129,53
-30,83,-14,144,9,-239,-129,48
-31,81,-15,143,9,-239,-130,47
-31,78,-16,143,9,-239,-130,45
-31,75,-16,142,9,-239,-130,41
-32,72,-16,142,9,-239,-131,39
-33,70,-16,141,9,-239,-133,35
-34,67,-16,142,9,-239,-134,32
-35,65,-18,144,9,-239,-134,31
-36,64,-19,144,9,-239,-137,26
-37,62,-18,144,9,-239,-139,28
-39,60,-17,143,9,-239,-137,25
-40,57,-16,142,9,-239,-139,23
-41,55,-17,143,9,-239,-140,20
-42,54,-19,143,9,-239,-141,19
-43,52,-20,143,7,-239,-141,14
-43,50,-21,142,7,-239,-141,12
-44,47,-21,142,8,-239,-144,9
-46,47,-23,142,9,-239,-147,9
-46,46,-23,142,9,-239,-145,8
-46,44,-22,141,8,-239,-145,7
-46,42,-21,140,6,-239,-145,4
-47,40,-21,140,6,-239,-146,2
-48,39,-21,140,6,-239,-147,2
-49,39,-22,140,6,-239,-147,1
-50,38,-23,140,5,-239,-148,0
-50,35,-23,138,4,-239,-146,-2
-50,32,-23,136,4,-239,-146,-4
-50,31,-22,136,4,-239,-146,-7
-49,29,-22,137,4,-239,-145,-8
-48,29,-22,137,4,-239,-144,-8
-48,28,-22,137,4,-239,-144,-9
-49,26,-23,136,5,-239,-145,-10
-50,24,-23,136,6,-240,-145,-13
-50,22,-22,136,6,-241,-146,-15
-51,21,-21,138,5,-242,-146,-15
-51,21,-20,139,4,-243,-146,-13
-50,22,-19,139,4,-242,-146,-13
-49,23,-19,138,4,-243,-145,-12
-48,25,-19,137,4,-244,-144,-10
-48,27,-19,137,4,-244,-144,-8
-48,28,-19,137,4,-244,-144,-7
-49,30,-19,137,4,-244,-145,-4
-49,32,-19,138,4,-244,-145,-3
-48,35,-18,140,4,-244,-145,0
-47,39,-18,141,4,-244,-146,3
-46,43,-17,142,4,-244,-145,7
-45,46,-16,142,4,-244,-144,12
-44,51,-16,142,4,-245,-142,15
-42,55,-15,143,4,-245,-141,20
-42,60,-14,144,4,-246,-141,28
-42,65,-13,145,4,-245,-141,32
-42,71,-13,145,4,-245,-141,39
-41,76,-12,145,4,-245,-141,43
-39,80,-11,146,3,-247,-139,48
-37,83,-10,147,3,-249,-137,51
-36,86,-10,148,3,-249,-139,54
-36,89,-10,147,3,-249,-135,58
-35,93,-10,148,3,-249,-137,62
-35,95,-9,148,3,-249,-137,64
-34,97,-9,148,3,-249,-136,65
-32,98,-9,148,3,-249,-135,67
-31,99,-9,148,3,-249,-134,68
-31,99,-9,148,3,-249,-134,68
-31,99,-9,148,3,-249,-134,68
-31,99,-9,148,3,-249,-134,68
-31,99,-9,149,3,-249,-134,68
-31,99,-9,148,3,-249,-134,68
-31,99,-10,148,3,-249,-134,68
-32,97,-11,146,3,-249,-131,65
-32,93,-13,145,3,-249,-131,62
-32,89,-13,145,3,-249,-131,58
-32,87,-13,145,3,-249,-131,56
-33,85,-12,145,3,-249,-133,53
-33,83,-12,145,3,-249,-133,51
-34,79,-14,144,3,-249,-134,48
-34,77,-15,143,3,-248,-134,43
-35,75,-16,142,4,-247,-134,41
-36,72,-17,141,4,-246,-135,39
-36,69,-16,142,4,-246,-135,35
-36,67,-16,142,4,-246,-135,32
-36,66,-16,142,4,-247,-135,31
-37,66,-16,142,3,-248,-136,31
-39,65,-16,142,3,-249,-137,30
-39,64,-16,142,3,-249,-139,29
-39,62,-16,142,3,-249,-137,28
-39,61,-16,142,3,-249,-137,26
-39,60,-16,142,3,-249,-139,25
-40,61,-16,142,3,-249,-139,26
-40,62,-16,142,3,-249,-140,28
-40,64,-16,142,3,-249,-140,30
-41,65,-16,142,3,-249,-140,31
-42,66,-16,142,3,-249,-141,31
-43,66,-16,142,3,-249,-142,31
-44,68,-16,142,3,-250,-144,34
-43,70,-16,142,3,-250,-142,35
-43,71,-16,142,3,-250,-142,36
-43,70,-16,142,3,-251,-142,36
-43,70,-16,142,3,-252,-142,35
-43,70,-16,142,3,-254,-142,35
-43,70,-16,142,3,-254,-142,35
-43,70,-16,142,3,-254,-142,36
-43,70,-16,142,3,-253,-142,36
-43,70,-16,142,3,-253,-142,35
-42,69,-16,142,3,-254,-141,34
-41,68,-16,142,3,-255,-141,32
-41,66,-16,142,3,-256,-140,31
-42,65,-17,141,3,-255,-141,30
-43,63,-17,141,3,-255,-142,29
-44,61,-18,141,3,-255,-144,26
-43,59,-17,141,3,-255,-142,24
-42,57,-18,140,3,-255,-141,23
-41,56,-18,140,3,-254,-137,21
-42,55,-20,139,3,-255,-139,20
-43,53,-20,138,3,-257,-140,18
-43,51,-20,138,3,-259,-140,17
-43,49,-20,139,3,-259,-140,14
-44,47,-20,139,3,-259,-140,13
-45,47,-20,139,3,-259,-141,12
-46,46,-20,138,3,-259,-142,10
-46,44,-20,138,3,-259,-142,9
-46,43,-20,138,3,-259,-142,7
-44,42,-20,138,3,-259,-140,7
-43,42,-20,139,3,-259,-139,7
-42,44,-20,139,3,-258,-139,9
-41,46,-20,139,3,-259,-137,10
-41,46,-19,137,3,-260,-137,12
-42,47,-18,136,3,-262,-136,13
-41,49,-17,135,3,-263,-135,14
-40,51,-15,136,3,-264,-134,19
-40,53,-14,137,3,-264,-134,21
-41,56,-13,138,3,-263,-135,24
-42,60,-13,138,3,-263,-136,28
-42,64,-13,138,3,-263,-136,32
-41,68,-13,138,3,-263,-135,36
-39,71,-12,139,3,-263,-136,39
-38,74,-11,141,3,-265,-135,42
-37,77,-10,142,3,-267,-134,46
-37,81,-10,143,2,-268,-134,50
-36,85,-9,144,2,-269,-134,53
-36,90,-7,144,2,-269,-134,62
-36,94,-6,145,2,-268,-136,65
-35,99,-7,146,2,-268,-135,70
-35,103,-7,147,2,-268,-135,74
-33,107,-7,148,2,-268,-134,79
-32,109,-6,150,2,-268,-135,80
-32,110,-4,150,2,-268,-135,81
-32,111,-3,150,2,-268,-133,83
-33,113,-3,149,2,-269,-134,85
-32,115,-3,149,2,-269,-133,86
-31,116,-3,149,2,-268,-131,87
-30,116,-3,149,2,-268,-130,89
-29,116,-3,148,2,-269,-130,89
-29,116,-2,148,2,-270,-130,91
-29,116,-2,148,2,-272,-130,90
-30,116,-2,148,2,-272,-130,91
-30,116,-2,148,2,-271,-130,91
-29,116,-3,148,2,-270,-130,90
-29,115,-3,147,2,-270,-129,87
-28,114,-4,146,2,-270,-128,85
-27,112,-5,146,2,-271,-126,84
-26,110,-4,146,2,-272,-124,83
-27,108,-5,146,2,-273,-128,80
-28,107,-5,145,2,-274,-126,79
-29,105,-6,144,2,-274,-126,78
-28,104,-6,144,2,-273,-126,76
-28,102,-5,145,2,-273,-125,74
-28,100,-6,145,2,-273,-125,72
-28,97,-7,144,2,-273,-125,68
-28,94,-8,142,2,-273,-126,65
-29,93,-9,141,2,-273,-126,64
-31,91,-10,141,2,-273,-128,63
-32,90,-10,142,2,-274,-129,58
-33,88,-9,142,2,-274,-130,59
-34,86,-9,141,2,-273,-131,58
-34,84,-9,141,2,-273,-131,56
-34,82,-9,141,2,-273,-131,53
-34,81,-10,142,2,-275,-131,50
-35,79,-10,142,2,-277,-133,48
-36,78,-10,143,2,-278,-134,46
-37,75,-12,144,2,-279,-136,43
-38,73,-13,144,2,-278,-137,41
-39,73,-14,144,2,-278,-139,39
-39,72,-14,144,3,-278,-137,39
-38,71,-14,144,4,-278,-137,37
-39,69,-14,144,3,-278,-137,35
-39,67,-14,143,2,-278,-139,32
-41,66,-15,143,2,-278,-140,31
-41,65,-16,142,2,-278,-140,30
-40,65,-16,142,2,-278,-140,30
-40,64,-16,142,2,-278,-139,30
-39,63,-16,142,2,-278,-139,29
-39,62,-16,142,2,-278,-137,28
-39,61,-16,142,2,-278,-137,26
-39,61,-16,142,2,-280,-137,26
-38,61,-16,142,2,-281,-137,26
-38,61,-17,142,2,-281,-137,26
-39,61,-17,142,2,-281,-137,26
-39,61,-16,141,2,-282,-137,26
-39,63,-15,141,1,-283,-136,28
-40,65,-15,140,1,-283,-136,30
-40,67,-15,141,2,-283,-136,32
-39,67,-16,141,2,-283,-139,32
-39,66,-17,142,2,-283,-139,31
-39,66,-17,142,1,-283,-139,31
-38,67,-17,142,1,-283,-137,32
-38,69,-17,142,2,-283,-137,35
-38,71,-16,141,3,-283,-137,37
-39,72,-15,141,4,-283,-135,39
-38,73,-15,141,4,-283,-135,39
-36,74,-15,141,4,-283,-133,40
-35,75,-16,141,3,-283,-131,41
-34,75,-16,141,2,-283,-131,41
-34,75,-15,141,2,-283,-131,41
-36,76,-14,142,3,-283,-135,41
-36,78,-13,144,3,-283,-136,46
-37,79,-12,144,3,-283,-136,47
-37,79,-11,144,3,-283,-136,48
-37,79,-12,144,3,-283,-136,47
-37,79,-13,145,3,-285,-136,47
-37,79,-13,145,2,-286,-136,47
-37,79,-13,145,1,-287,-136,47
-38,80,-12,144,1,-287,-137,48
-39,82,-11,144,2,-286,-139,51
-39,83,-12,144,3,-286,-139,52
-39,83,-12,145,3,-286,-139,52
-39,83,-13,145,3,-287,-139,52
-39,83,-13,145,1,-287,-139,52
-39,83,-13,145,1,-287,-139,52
-38,82,-13,145,3,-286,-137,51
-38,80,-13,145,5,-287,-137,48
-38,78,-13,145,5,-288,-137,46
-39,77,-13,145,3,-288,-139,46
-40,77,-13,145,1,-288,-140,46
-40,77,-13,145,1,-288,-140,46
-40,78,-13,145,1,-288,-140,46
-40,77,-12,145,1,-288,-140,45
-40,75,-12,145,1,-288,-140,43
-40,74,-13,145,2,-288,-140,42
-40,72,-14,144,3,-288,-140,37
-42,71,-15,143,3,-288,-141,36
-43,68,-16,142,3,-288,-142,34
-42,67,-15,143,2,-288,-141,32
-41,66,-15,143,1,-288,-140,31
-40,66,-15,143,1,-288,-140,31
-41,66,-16,142,1,-288,-140,31
-42,65,-16,142,1,-288,-141,30
-43,63,-16,142,1,-288,-142,29
-44,60,-16,142,2,-289,-144,25
-43,59,-16,142,3,-291,-142,24
-43,59,-16,142,3,-293,-142,24
-42,59,-16,142,2,-293,-141,25
-43,60,-16,142,2,-292,-141,25
-43,59,-16,142,2,-291,-142,24
-44,59,-16,142,2,-291,-144,24
-44,58,-16,142,3,-292,-144,23
-43,57,-16,142,3,-293,-142,21
-42,56,-16,142,4,-293,-141,20
-42,56,-16,142,4,-293,-141,20
-43,57,-16,142,3,-293,-142,21
-44,58,-16,142,2,-293,-144,24
-45,58,-16,142,2,-293,-144,24
-46,57,-16,142,2,-292,-145,23
-46,57,-16,142,2,-293,-146,23
-46,57,-16,142,2,-294,-145,23
-46,57,-16,142,2,-296,-145,23
-46,57,-16,142,2,-298,-145,23
-46,57,-17,142,2,-298,-146,23
-46,57,-17,142,2,-298,-145,23
-45,58,-16,142,2,-298,-144,23
-45,60,-16,142,2,-297,-145,25
-46,61,-16,142,2,-298,-145,26
-46,63,-17,142,1,-298,-145,28
-46,63,-17,143,0,-299,-145,29
-45,64,-18,143,0,-299,-145,29
-46,65,-17,143,0,-299,-145,30
-47,67,-17,142,1,-299,-146,32
-46,68,-16,142,1,-301,-146,34
-45,69,-16,142,0,-302,-145,35
-43,70,-16,142,0,-303,-142,36
-42,72,-16,142,0,-303,-141,37
-42,74,-16,142,0,-303,-141,40
-41,77,-17,142,0,-303,-141,42
-42,78,-16,142,0,-303,-142,43
-43,79,-15,143,0,-303,-142,45
-43,81,-12,143,0,-303,-142,50
-42,84,-10,142,1,-302,-139,52
-41,86,-10,143,3,-303,-139,54
-40,88,-11,144,3,-304,-140,57
-39,91,-13,145,4,-306,-140,59
-39,93,-13,145,3,-308,-140,62
-39,94,-13,145,2,-308,-139,63
-38,95,-11,146,1,-308,-139,64
-38,97,-10,147,2,-307,-137,65
-37,99,-10,147,2,-307,-137,68
-37,101,-10,148,2,-307,-140,69
-38,101,-10,148,1,-307,-141,70
-38,101,-9,148,2,-307,-141,69
-37,101,-10,148,3,-308,-140,69
-37,101,-11,146,3,-308,-137,70
-36,102,-12,145,2,-307,-136,70
-36,102,-13,145,0,-307,-136,70
-36,102,-13,145,0,-307,-136,70
-36,100,-12,145,0,-307,-136,69
-35,98,-12,145,0,-307,-135,67
-35,97,-13,145,1,-307,-135,65
-35,97,-13,145,1,-307,-135,65
-35,96,-13,145,2,-307,-135,64
-36,94,-13,145,1,-308,-136,63
-37,92,-13,145,1,-307,-137,61
-37,90,-13,145,1,-307,-137,58
-36,88,-12,145,2,-307,-136,57
-36,87,-12,145,1,-308,-135,56
-36,85,-13,145,0,-309,-136,53
-38,84,-14,144,0,-309,-137,52
-38,82,-15,143,1,-309,-137,48
-38,80,-16,142,2,-310,-137,46
-37,79,-16,141,2,-310,-136,45
-37,79,-15,141,2,-310,-134,45
-37,79,-15,141,2,-310,-134,45
-37,79,-15,141,2,-309,-134,45
-37,79,-16,141,2,-309,-136,45
-37,79,-16,141,2,-309,-134,45
-37,79,-15,141,1,-308,-134,45
-37,79,-14,142,1,-307,-134,47
-37,79,-13,144,2,-307,-136,47
-36,79,-13,145,2,-308,-135,48
-34,82,-12,146,3,-308,-134,50
-33,85,-12,145,3,-307,-133,53
-32,88,-13,145,2,-307,-133,57
-32,91,-13,145,2,-308,-133,61
-32,94,-12,145,3,-309,-133,63
-32,97,-11,146,3,-310,-131,65
-32,100,-10,147,2,-309,-131,69
-32,103,-9,148,0,-308,-134,72
-31,106,-8,149,0,-308,-134,75
-30,109,-6,151,1,-309,-133,81
-28,112,-5,151,3,-310,-131,84
-28,116,-5,152,5,-309,-130,87
-27,119,-5,151,6,-308,-130,91
-26,123,-6,151,5,-307,-129,96
-26,128,-5,151,4,-307,-129,100
-25,132,-4,152,3,-308,-128,104
-24,134,-3,154,2,-308,-128,107
-24,136,-2,155,2,-307,-130,108
-24,138,-1,155,3,-308,-130,111
-24,140,-2,155,3,-308,-130,112
-23,142,-2,155,2,-307,-129,114
-22,143,-2,155,0,-307,-128,115
-21,143,-2,155,0,-307,-128,115
-21,143,-2,155,0,-307,-128,115
-22,143,-2,155,0,-308,-128,115
-22,143,-2,155,0,-308,-128,115
-21,143,-2,155,0,-307,-128,115
-21,143,-2,155,0,-306,-128,115
-22,143,-2,155,0,-304,-128,115
-23,142,-1,155,0,-303,-129,114
-24,140,-2,155,0,-302,-130,112
-24,138,-3,154,0,-303,-128,111
-24,136,-4,152,0,-303,-128,108
-24,134,-5,152,0,-303,-128,107
-25,132,-6,152,0,-303,-128,104
-26,128,-6,151,1,-303,-129,100
-26,123,-6,151,2,-303,-129,96
-27,119,-8,149,2,-303,-130,89
-28,116,-9,149,2,-303,-131,85
-28,112,-10,148,1,-303,-131,81
-30,109,-11,148,0,-303,-133,79
-30,105,-13,148,0,-303,-133,72
-32,101,-14,146,0,-303,-134,67
-33,96,-13,146,0,-303,-133,64
-34,91,-13,145,0,-303,-134,61
-36,87,-14,144,0,-301,-135,56
-37,83,-15,143,1,-299,-137,50
-39,79,-16,142,2,-299,-139,45
-40,75,-17,142,2,-301,-140,41
-42,71,-17,141,2,-303,-141,36
-43,66,-17,141,2,-303,-142,31
-45,62,-17,141,4,-301,-145,28
-46,59,-17,141,5,-299,-145,24
-46,55,-18,140,4,-299,-146,20
-46,52,-18,140,3,-301,-142,17
-46,48,-20,139,2,-303,-142,13
-47,46,-20,138,2,-303,-144,10
-49,44,-20,138,2,-303,-145,9
-49,43,-20,139,1,-303,-145,8
-49,41,-20,139,0,-303,-145,6
-48,40,-20,139,0,-303,-145,4
-48,39,-20,138,0,-303,-145,3
-49,39,-20,139,0,-303,-145,4
-50,40,-20,139,0,-303,-146,6
-50,42,-20,139,0,-303,-146,7
-50,44,-20,138,0,-303,-146,9
-49,47,-20,138,0,-303,-145,12
-49,49,-20,139,0,-303,-145,13
-49,50,-19,140,0,-304,-146,15
-49,52,-17,141,0,-305,-147,17
-48,55,-16,142,0,-306,-147,20
-46,58,-16,142,0,-307,-146,24
-46,62,-16,142,0,-307,-145,26
-46,65,-16,142,0,-308,-145,30
-45,67,-16,142,0,-308,-145,32
-44,71,-16,142,0,-307,-144,36
-42,75,-15,143,0,-307,-141,41
-40,79,-15,143,0,-307,-140,45
-40,81,-14,144,0,-308,-140,47
-39,83,-14,144,0,-308,-139,52
-39,86,-13,145,0,-307,-139,54
-38,88,-12,145,0,-307,-137,56
-36,90,-12,145,0,-307,-136,59
-34,92,-13,145,0,-309,-134,61
-34,93,-14,146,0,-311,-136,59
-34,95,-14,146,0,-312,-136,62
-33,97,-14,146,0,-313,-136,63
-32,98,-14,146,0,-313,-135,64
-33,98,-14,146,0,-312,-135,64
-34,98,-14,146,0,-312,-136,64
-35,99,-13,145,0,-312,-135,68
-34,101,-13,145,0,-312,-135,69
-32,101,-13,145,0,-312,-133,70
-31,100,-13,145,0,-312,-131,69
-32,98,-13,145,0,-312,-133,68
-34,97,-13,145,0,-312,-134,67
-36,96,-13,145,0,-312,-135,65
-35,95,-13,145,0,-312,-135,63
-34,93,-13,146,0,-312,-134,62
-33,93,-13,144,0,-312,-133,62
-32,92,-13,143,0,-312,-133,61
-33,92,-12,142,0,-312,-130,61
-34,90,-11,141,0,-312,-131,59
-34,87,-11,142,0,-312,-131,56
-35,86,-12,141,0,-312,-133,54
-35,85,-12,140,0,-312,-133,53
-35,86,-12,139,0,-312,-133,54
-34,85,-12,139,0,-312,-131,53
-33,83,-10,140,0,-312,-130,52
-33,81,-10,142,0,-312,-130,50
-34,80,-9,142,0,-312,-131,51
-34,80,-9,141,0,-312,-131,51
-34,81,-9,141,0,-312,-131,52
-33,81,-9,141,0,-312,-130,52
-34,81,-9,141,0,-312,-131,52
-36,80,-10,141,0,-312,-133,51
-37,79,-10,140,0,-312,-134,47
-37,79,-11,140,0,-312,-135,47
-37,79,-10,140,0,-313,-134,47
-37,79,-10,141,0,-313,-134,50
-37,79,-9,141,-1,-312,-134,50
-37,79,-9,141,-3,-311,-135,50
-37,79,-9,141,-3,-310,-134,50
-36,79,-9,141,-1,-311,-133,51
-34,81,-9,141,0,-311,-131,52
-33,81,-10,140,0,-311,-130,50
-32,82,-12,139,0,-310,-130,50
-32,82,-13,138,0,-309,-130,50
-33,81,-14,138,0,-308,-128,50
-33,81,-13,138,0,-307,-128,50
-33,81,-13,138,0,-307,-128,50
-33,82,-13,138,0,-307,-128,51
-33,83,-14,139,0,-308,-130,51
-33,83,-14,140,0,-307,-130,52
-33,83,-13,140,0,-307,-130,51
-34,81,-12,140,-1,-307,-131,50
-34,80,-13,139,0,-307,-131,48
-35,80,-14,139,-1,-307,-133,48
-36,79,-15,141,-2,-307,-133,46
-37,79,-15,143,-3,-307,-136,45
-37,79,-15,144,-4,-307,-136,45
-37,79,-15,143,-4,-307,-136,45
-37,79,-16,142,-3,-307,-136,45
-36,79,-16,142,-2,-306,-136,45
-36,78,-17,142,-1,-306,-136,43
-36,75,-16,142,-1,-306,-136,41
-38,73,-16,142,-1,-306,-137,39
-39,72,-16,142,-3,-306,-137,37
-39,72,-17,142,-3,-305,-139,37
-39,72,-17,143,-3,-303,-139,39
-39,73,-18,143,0,-303,-139,39
-39,72,-17,143,0,-303,-137,39
-39,72,-17,142,0,-303,-137,39
-39,72,-16,142,0,-303,-139,37
-40,72,-16,142,-1,-303,-140,37
-41,71,-16,142,0,-303,-141,36
-42,71,-17,142,0,-303,-141,36
-42,71,-17,142,1,-303,-141,36
-42,71,-16,142,0,-303,-141,36
-43,70,-16,142,0,-303,-142,35
-43,70,-16,142,-2,-302,-142,35
-43,70,-16,142,-4,-302,-142,35
-43,70,-16,142,-4,-302,-142,35
-43,70,-16,142,-4,-302,-142,35
-43,70,-16,142,-2,-302,-142,35
-43,70,-16,142,0,-303,-142,35
-43,70,-16,142,0,-303,-142,35
-43,70,-17,141,0,-303,-142,35
-43,70,-17,141,-1,-303,-142,35
-43,70,-17,141,-2,-302,-142,35
-43,70,-18,141,-2,-302,-142,35
-43,69,-18,140,-1,-303,-142,35
-42,68,-19,140,-1,-303,-141,34
-42,68,-18,140,-1,-302,-139,32
-43,66,-17,140,-3,-302,-140,31
-44,64,-15,138,-3,-302,-141,32
-45,63,-14,137,-4,-302,-140,31
-46,63,-14,137,-4,-302,-140,31
-45,63,-15,136,-3,-302,-140,31
-45,63,-15,137,-3,-302,-140,31
-45,64,-15,137,-3,-302,-140,31
-45,64,-14,137,-4,-302,-140,31
-45,63,-15,137,-4,-302,-140,31
-45,62,-15,136,-4,-302,-140,30
-45,60,-15,136,-4,-302,-139,28
-44,58,-15,136,-4,-302,-139,26
-43,58,-14,137,-4,-302,-137,26
-43,59,-14,137,-4,-302,-137,26
-44,59,-15,137,-4,-302,-139,26
-45,57,-15,135,-4,-302,-140,25
-46,56,-14,134,-4,-302,-140,24
-45,56,-14,134,-4,-302,-136,24
-44,57,-13,134,-4,-302,-136,25
-43,58,-13,135,-4,-302,-137,26
-43,59,-12,137,-4,-302,-137,28
-43,60,-12,138,-4,-302,-137,28
-43,59,-13,138,-4,-302,-137,28
-43,59,-13,138,-4,-302,-140,26
-43,59,-13,138,-4,-302,-140,26
-42,60,-13,138,-4,-303,-136,28
-40,62,-13,138,-4,-303,-135,30
-40,65,-13,138,-4,-302,-134,32
-41,66,-13,138,-3,-301,-135,34
-41,66,-13,138,-3,-300,-136,34
-41,65,-13,138,-3,-299,-135,34
-39,66,-13,138,-3,-299,-134,34
-38,67,-13,138,-3,-298,-133,35
-37,70,-13,138,-3,-297,-131,37
-38,72,-13,138,-3,-297,-133,40
-39,72,-13,138,-3,-297,-133,41
-39,72,-13,138,-3,-298,-134,40
-39,72,-13,138,-3,-297,-134,41
-39,74,-13,138,-3,-297,-134,42
-39,76,-13,138,-3,-297,-134,45
-38,78,-13,138,-3,-297,-133,47
-37,79,-13,138,-3,-297,-133,48
-37,79,-13,138,-3,-297,-131,48
-37,79,-13,138,-3,-297,-131,47
-37,79,-13,138,-3,-297,-131,47
-37,79,-14,137,-3,-297,-131,47
-37,79,-14,137,-3,-297,-131,48
-37,79,-14,137,-3,-297,-131,48
-38,78,-14,137,-3,-298,-133,47
-39,76,-14,137,-3,-298,-134,45
-40,74,-13,137,-3,-297,-134,42
-39,72,-12,137,-3,-296,-134,40
-39,72,-11,136,-3,-294,-133,43
-39,73,-10,136,-3,-292,-131,43
-40,72,-10,135,-3,-292,-133,42
-41,69,-10,135,-3,-292,-134,40
-42,67,-10,134,-3,-293,-134,37
-41,66,-10,133,-3,-293,-133,36
-40,65,-11,134,-3,-292,-133,35
-40,62,-11,134,-3,-292,-133,32
-41,59,-11,134,-3,-292,-133,29
-41,56,-11,134,-3,-292,-133,26
-41,55,-11,133,-3,-292,-133,25
-40,55,-12,132,-3,-292,-133,25
-40,55,-13,132,-3,-293,-131,23
-41,53,-14,132,-3,-293,-133,20
-42,50,-16,134,-3,-292,-136,18
-43,48,-16,135,-3,-291,-136,15
-43,48,-17,136,-3,-289,-136,13
-43,48,-17,135,-4,-288,-136,15
-42,48,-17,135,-5,-287,-136,15
-42,48,-17,135,-4,-288,-136,15
-43,48,-17,135,-3,-288,-136,15
-43,50,-17,135,-2,-288,-137,18
-44,51,-17,135,-3,-288,-139,19
-45,52,-17,135,-4,-288,-139,18
-45,53,-17,135,-5,-288,-139,18
-45,53,-17,135,-4,-288,-139,20
-44,54,-16,135,-3,-288,-139,21
-43,57,-16,135,-3,-288,-137,24
-43,59,-17,136,-2,-288,-137,25
-42,62,-18,136,-3,-288,-136,28
-42,64,-18,136,-3,-288,-136,29
-41,65,-18,136,-4,-288,-135,31
-40,68,-16,136,-4,-288,-134,36
-39,71,-14,137,-4,-288,-134,39
-39,73,-13,138,-4,-288,-134,41
-41,75,-13,138,-4,-288,-135,43
-41,77,-13,138,-6,-288,-136,46
-41,79,-13,138,-7,-287,-139,47
-39,81,-13,138,-7,-287,-134,50
-38,84,-13,138,-6,-287,-133,52
-37,87,-13,138,-4,-288,-131,56
-36,89,-13,138,-3,-288,-131,58
-36,90,-13,138,-4,-288,-130,59
-35,92,-13,138,-6,-288,-129,61
-34,94,-12,139,-6,-287,-131,63
-33,96,-10,140,-6,-287,-130,64
-32,98,-9,141,-6,-287,-130,69
-32,99,-9,142,-7,-287,-129,70
-30,101,-9,142,-8,-287,-128,73
-30,103,-10,142,-8,-287,-128,73
-29,105,-10,141,-8,-287,-126,76
-28,107,-9,141,-7,-287,-125,79
-27,108,-7,141,-7,-287,-123,80
-26,111,-4,141,-5,-288,-122,85
-25,112,-3,142,-4,-288,-120,87
-24,114,-4,143,-4,-288,-122,89
-24,116,-4,144,-5,-288,-122,87
-24,118,-4,143,-6,-287,-122,90
-25,118,-4,142,-6,-286,-123,92
-25,119,-3,142,-4,-286,-122,93
-25,119,-3,142,-3,-286,-120,93
-24,121,-4,142,-3,-286,-123,95
-24,123,-3,142,-4,-284,-119,98
-24,125,-2,142,-5,-283,-119,100
-23,126,-1,143,-7,-283,-118,101
-22,126,0,143,-7,-284,-118,101
-21,128,-1,143,-7,-286,-117,103
-21,130,-2,142,-6,-286,-117,106
-21,132,-3,141,-3,-286,-117,107
-21,132,-3,141,-3,-284,-117,107
-21,132,-3,141,-3,-283,-117,107
-21,132,-2,141,-5,-282,-117,107
-21,132,-2,141,-6,-282,-117,107
-21,132,-2,141,-6,-283,-117,107
-21,131,-3,141,-6,-283,-117,106
-19,129,-3,141,-5,-283,-115,104
-19,127,-3,141,-4,-283,-114,102
-19,127,-3,141,-3,-283,-114,102
-19,127,-2,141,-2,-283,-114,102
-19,128,-2,141,-2,-283,-114,103
-19,128,-3,141,-3,-283,-114,103
-18,126,-3,140,-3,-283,-114,102
-19,124,-5,139,-3,-283,-114,100
-19,122,-6,138,-2,-283,-114,95
-20,119,-6,137,-3,-283,-115,91
-21,117,-6,138,-3,-283,-117,90
-22,115,-6,138,-2,-283,-117,87
-22,113,-6,138,-3,-283,-117,87
-21,111,-6,138,-3,-283,-117,84
-21,108,-7,137,-3,-283,-114,80
-22,105,-9,136,-2,-283,-114,78
-22,102,-10,135,-2,-283,-114,74
-22,99,-10,134,-3,-283,-114,72
-23,96,-10,134,-4,-283,-115,68
-24,93,-10,133,-4,-283,-115,65
-25,91,-12,132,-3,-281,-118,62
-27,88,-13,131,-3,-279,-119,57
-28,85,-14,131,-2,-278,-120,54
-29,82,-14,131,-2,-278,-120,51
-30,79,-13,132,-2,-278,-122,47
-31,75,-13,131,-2,-278,-123,43
-33,72,-14,130,-2,-278,-122,40
-35,68,-16,129,-2,-278,-124,36
-36,64,-18,130,-2,-278,-128,32
-37,61,-19,130,-2,-280,-129,26
-39,58,-19,131,-2,-281,-130,23
-39,55,-19,131,-2,-281,-130,20
-39,53,-19,131,-3,-280,-131,19
-39,52,-19,131,-3,-278,-130,17
-39,50,-19,131,-4,-278,-131,15
-41,49,-19,130,-4,-278,-133,14
-42,48,-20,130,-4,-278,-134,13
-43,46,-21,130,-4,-278,-135,12
-44,44,-20,130,-5,-278,-135,9
-44,42,-18,129,-4,-278,-136,9
-44,41,-19,128,-3,-278,-133,8
-44,41,-21,128,-4,-278,-133,7
-44,42,-22,128,-6,-278,-135,7
-44,42,-22,128,-6,-278,-135,7
-44,42,-20,128,-6,-278,-135,7
-44,42,-18,127,-6,-278,-133,9
-44,41,-17,128,-6,-278,-133,8
-45,42,-17,128,-6,-278,-134,9
-45,43,-17,128,-6,-278,-134,10
-45,45,-17,128,-6,-278,-134,13
-44,47,-17,128,-5,-278,-133,15
-43,48,-17,128,-5,-278,-131,17
-41,50,-17,128,-6,-278,-130,18
-41,53,-17,128,-6,-278,-130,20
-41,56,-17,128,-7,-278,-130,24
-41,59,-16,129,-5,-278,-130,26
-39,61,-15,131,-4,-278,-131,29
-38,63,-13,131,-4,-278,-130,31
-37,66,-12,131,-5,-278,-126,37
-37,69,-11,129,-7,-278,-126,40
-37,72,-10,128,-7,-278,-124,42
-36,74,-10,127,-7,-278,-123,45
-34,76,-10,127,-7,-278,-122,47
-33,79,-10,128,-7,-278,-120,51
-32,83,-9,129,-6,-278,-122,54
-31,86,-7,130,-5,-278,-120,61
-29,89,-7,131,-5,-278,-119,63
-28,90,-6,131,-5,-278,-118,64
-27,92,-6,131,-6,-278,-117,67
-26,94,-7,131,-5,-278,-115,68
-25,96,-7,131,-5,-278,-115,70
-25,97,-7,131,-5,-278,-115,72
-25,98,-7,131,-6,-278,-115,73
-26,100,-7,131,-7,-278,-115,74
-25,102,-7,131,-7,-278,-115,76
-24,103,-7,131,-7,-278,-114,78
-23,104,-7,131,-7,-278,-113,78
-22,104,-7,131,-7,-278,-112,78
-22,104,-7,131,-7,-278,-113,78
-22,103,-7,131,-7,-278,-113,78
-23,104,-7,131,-7,-278,-113,78
-23,104,-7,131,-7,-278,-113,79
-22,103,-7,131,-7,-278,-113,78
-22,102,-7,131,-7,-277,-112,76
-21,101,-6,131,-6,-276,-111,75
-20,99,-6,131,-5,-276,-109,74
-20,99,-7,131,-5,-276,-109,73
-21,98,-7,130,-5,-276,-112,73
-23,98,-8,130,-6,-274,-113,73
-24,97,-8,129,-7,-273,-114,72
-25,97,-9,128,-7,-272,-112,68
-25,95,-10,128,-7,-273,-113,67
-25,92,-10,128,-7,-273,-113,64
-26,91,-10,128,-7,-273,-113,63
-27,90,-10,128,-7,-273,-114,62
-28,89,-10,128,-7,-273,-115,61
-29,89,-10,128,-7,-273,-117,61
-30,88,-10,128,-7,-273,-118,59
-31,88,-10,128,-7,-273,-119,59
-32,87,-11,126,-7,-273,-119,58
-33,85,-12,126,-7,-273,-120,57
-33,83,-13,126,-7,-273,-120,54
-33,81,-13,126,-7,-273,-120,52
-34,80,-13,125,-7,-273,-120,52
-34,80,-12,124,-7,-273,-122,52
-36,80,-11,122,-7,-271,-120,52
-36,80,-11,121,-7,-269,-120,53
-36,78,-10,120,-7,-268,-120,52
-36,76,-10,121,-7,-267,-120,50
-36,74,-10,121,-7,-268,-120,47
-37,73,-11,121,-7,-268,-122,46
-39,72,-10,121,-6,-268,-123,46
-39,72,-10,121,-6,-268,-124,46
-39,72,-10,121,-7,-267,-124,46
-38,71,-10,121,-7,-268,-123,45
-37,70,-10,121,-7,-268,-122,43
-37,68,-10,121,-6,-269,-122,42
-36,68,-10,121,-5,-270,-120,41
-36,66,-10,121,-4,-270,-120,40
-36,65,-10,121,-5,-269,-120,37
-36,63,-10,121,-6,-268,-120,36
-36,63,-10,121,-7,-267,-120,36
-35,64,-10,121,-7,-268,-119,37
-34,65,-10,121,-6,-268,-118,37
-34,64,-11,121,-6,-269,-118,37
-34,63,-11,121,-7,-270,-118,36
-34,60,-10,121,-7,-271,-118,32
-35,58,-10,120,-6,-272,-119,31
-35,57,-10,121,-5,-273,-119,31
-33,59,-11,122,-4,-271,-118,30
-32,59,-13,123,-5,-270,-115,30
-32,60,-14,125,-6,-269,-118,30
-32,60,-14,125,-6,-269,-118,30
-32,61,-14,125,-5,-269,-119,31
-32,62,-13,123,-4,-270,-117,32
-32,63,-11,122,-5,-271,-115,36
-31,64,-10,121,-6,-272,-115,37
-31,65,-11,122,-7,-273,-114,39
-30,66,-12,122,-7,-273,-114,37
-31,68,-12,122,-6,-273,-115,39
-31,69,-10,121,-5,-273,-115,42
-31,71,-9,122,-5,-273,-115,45
-29,72,-8,123,-5,-273,-114,46
-29,74,-7,124,-6,-273,-113,48
-29,75,-7,123,-7,-273,-113,50
-30,77,-8,123,-7,-273,-114,51
-30,79,-8,123,-7,-273,-115,53
-29,82,-7,124,-7,-273,-113,56
-27,84,-7,124,-7,-273,-112,58
-27,86,-6,123,-7,-273,-112,61
-28,88,-5,122,-7,-273,-109,64
-28,89,-4,121,-7,-273,-109,65
-27,90,-3,120,-7,-273,-109,67
-26,93,-3,120,-5,-273,-108,69
-25,94,-4,121,-4,-273,-107,72
-24,97,-4,120,-3,-273,-107,74
-25,98,-3,120,-3,-273,-107,75
-26,100,-3,121,-3,-273,-109,78
-28,102,-1,123,-4,-273,-111,81
-28,104,0,123,-5,-273,-111,84
-27,106,0,124,-4,-273,-111,86
-26,108,0,124,-3,-273,-109,87
-26,109,0,123,-4,-273,-109,89
-26,111,0,123,-5,-273,-109,91
-26,113,0,123,-6,-275,-109,92
-25,113,0,123,-6,-276,-108,93
-23,115,0,123,-3,-276,-106,95
-22,117,0,123,-2,-275,-104,97
-21,119,0,124,-1,-275,-104,100
-21,121,0,124,-2,-276,-104,101
-21,121,0,123,-2,-278,-104,101
-20,122,0,123,-2,-278,-103,102
-18,124,0,124,-2,-277,-101,104
-17,127,0,125,-2,-276,-101,107
-17,128,1,126,-2,-276,-102,108
-17,130,2,126,-2,-278,-102,109
-17,131,2,126,-2,-278,-102,111
-16,133,2,126,-2,-278,-102,114
-14,136,3,127,-2,-278,-100,117
-11,137,3,127,-2,-278,-97,118
-10,138,3,127,-2,-278,-96,119
-9,140,3,127,-2,-278,-95,122
-8,143,4,128,-2,-278,-95,124
-8,144,4,128,-2,-278,-93,125
-7,146,5,129,-2,-278,-92,126
-6,148,6,130,-2,-278,-91,131
-5,150,6,130,-2,-278,-91,134
-4,152,7,130,-2,-278,-91,136
-4,154,7,130,-2,-278,-90,137
-3,157,7,130,-2,-278,-89,141
-1,159,7,130,-2,-278,-87,144
0,162,6,130,-2,-278,-86,146
0,165,6,130,-2,-278,-85,148
2,167,7,130,-2,-278,-84,152
3,170,7,131,-2,-276,-83,155
4,172,9,133,-2,-274,-84,157
6,175,10,134,-2,-275,-83,159
7,177,10,134,-2,-276,-80,162
9,180,11,132,-2,-278,-76,168
9,184,12,131,-2,-277,-76,170
9,187,12,131,-2,-275,-76,174
9,190,13,132,-2,-273,-76,177
10,192,15,133,-2,-273,-75,180
12,195,16,135,-2,-273,-74,183
13,197,16,135,-2,-273,-73,185
14,200,16,134,-2,-273,-72,189
15,204,17,133,-1,-273,-70,194
16,207,18,134,0,-273,-70,197
18,210,20,135,0,-273,-69,201
18,213,21,137,1,-273,-68,205
19,217,21,137,2,-273,-68,208
20,222,20,137,2,-273,-67,213
21,226,20,136,2,-273,-65,217
23,229,21,136,2,-273,-63,220
25,232,22,137,2,-273,-62,223
26,235,23,139,2,-273,-63,229
26,239,24,140,2,-273,-63,234
28,244,24,140,2,-273,-62,239
29,249,24,140,2,-273,-61,244
31,253,24,140,2,-274,-59,247
32,258,25,140,2,-274,-58,252
33,262,27,142,2,-273,-57,257
34,267,28,143,3,-272,-57,262
35,270,28,143,2,-270,-56,264
36,273,29,144,2,-268,-54,268
38,277,30,145,3,-268,-56,275
39,281,31,146,4,-268,-53,279
40,286,32,147,6,-269,-53,284
41,290,33,147,7,-269,-52,289
40,294,34,148,8,-269,-53,292
41,298,35,150,7,-269,-52,296
43,301,35,150,7,-269,-50,300
46,304,35,149,7,-269,-47,302
47,307,36,148,7,-267,-46,306
48,310,36,148,8,-265,-46,311
48,313,37,150,7,-264,-46,314
48,316,38,152,7,-263,-48,318
49,319,39,153,7,-264,-47,321
51,322,40,152,7,-264,-45,323
53,325,40,151,7,-264,-41,327
54,327,40,151,7,-263,-40,329
54,328,39,152,8,-260,-42,330
54,329,39,153,8,-259,-42,330
55,330,38,153,8,-259,-41,332
57,332,39,153,8,-259,-40,333
57,333,39,152,7,-259,-40,335
58,334,39,152,8,-260,-36,335
57,334,40,151,9,-259,-36,336
57,334,40,151,11,-258,-37,335
56,334,39,152,13,-256,-41,335
54,333,38,153,14,-254,-42,334
53,331,38,153,13,-254,-43,333
52,328,39,153,13,-254,-43,329
52,326,40,152,13,-255,-42,328
52,324,41,150,13,-255,-42,325
52,322,41,149,13,-253,-40,324
51,320,40,149,13,-251,-42,322
50,317,38,150,13,-249,-43,318
48,313,36,151,13,-249,-45,312
47,308,35,150,13,-249,-47,307
45,303,34,148,14,-250,-48,302
43,299,32,147,14,-250,-51,297
42,294,32,147,13,-250,-52,292
41,289,31,146,13,-249,-52,288
39,285,30,145,13,-249,-53,283
37,279,29,144,14,-248,-53,274
34,272,28,144,15,-247,-56,267
31,264,28,143,15,-246,-59,260
29,256,27,142,15,-245,-61,250
27,248,24,140,16,-245,-63,242
25,240,22,138,17,-245,-64,231
22,234,21,137,18,-245,-65,225
19,227,21,136,19,-245,-68,218
16,218,19,136,19,-245,-70,208
14,209,16,134,18,-245,-73,197
11,200,12,134,18,-245,-78,187
8,191,10,133,18,-245,-80,175
5,182,8,133,19,-243,-84,167
2,172,7,131,19,-242,-84,156
0,162,6,130,19,-242,-85,146
-1,153,4,128,19,-242,-86,134
-3,143,2,126,19,-242,-90,124
-6,133,0,125,19,-241,-90,113
-9,122,-1,123,19,-240,-91,102
-11,111,-3,121,19,-240,-93,89
-15,102,-4,119,19,-240,-97,80
-19,94,-6,118,19,-240,-98,72
-22,86,-7,117,19,-240,-102,63
-25,76,-8,116,19,-240,-104,53
-26,66,-10,115,19,-240,-106,40
-28,57,-11,113,19,-240,-107,30
-32,49,-13,112,19,-240,-111,23
-35,41,-14,111,19,-240,-111,14
-39,34,-16,109,19,-240,-114,4
-41,25,-17,108,19,-240,-117,-4
-43,17,-18,108,19,-240,-118,-12
-43,9,-19,106,19,-240,-119,-20
-43,2,-21,105,19,-240,-119,-28
-44,-2,-21,104,19,-242,-119,-32
-46,-6,-22,104,18,-243,-118,-37
-47,-10,-23,103,18,-244,-119,-43
-48,-15,-24,102,18,-243,-120,-48
-49,-19,-25,101,18,-244,-120,-53
-49,-23,-25,101,18,-245,-122,-57
-50,-26,-25,101,18,-245,-123,-59
-50,-28,-25,101,18,-245,-123,-62
-51,-28,-25,101,18,-245,-123,-62
-52,-28,-25,101,18,-245,-124,-62
-53,-28,-25,101,18,-245,-125,-63
-53,-28,-25,101,18,-245,-125,-63
-53,-29,-25,101,18,-245,-125,-63
-52,-28,-25,101,18,-246,-124,-62
-52,-27,-25,101,18,-248,-124,-61
-52,-24,-25,101,18,-250,-124,-58
-52,-21,-25,101,18,-250,-124,-54
-52,-18,-25,101,18,-250,-124,-52
-52,-16,-24,102,18,-249,-124,-50
-53,-14,-23,103,18,-249,-125,-47
-53,-10,-22,103,18,-250,-125,-43
-52,-6,-22,104,18,-251,-125,-37
-50,-1,-21,104,18,-253,-123,-32
-49,2,-20,105,18,-255,-124,-28
-47,7,-19,106,18,-255,-123,-23
-46,11,-18,107,18,-255,-122,-18
-45,15,-18,108,18,-255,-120,-14
-44,18,-18,108,18,-256,-120,-10
-43,21,-18,108,18,-258,-119,-8
-43,25,-17,109,18,-260,-119,-3
-42,30,-16,109,18,-260,-118,1
-40,35,-15,110,18,-260,-117,7
-39,39,-15,110,18,-259,-115,12
-38,43,-14,111,18,-259,-114,17
-38,47,-14,111,18,-260,-114,20
-38,50,-13,112,18,-261,-117,23
-37,52,-12,113,17,-263,-117,25
-37,55,-11,114,17,-265,-115,29
-36,57,-10,115,18,-265,-115,31
-36,60,-10,114,18,-265,-115,32
-34,61,-11,113,17,-263,-113,35
-32,63,-11,112,16,-263,-109,36
-30,64,-11,112,15,-264,-107,37
-30,66,-10,113,16,-266,-109,40
-31,69,-9,115,17,-268,-111,42
-31,71,-10,115,17,-268,-111,45
-29,72,-11,115,18,-267,-109,46
-28,73,-11,114,17,-267,-108,47
-29,74,-10,115,17,-268,-108,48
-29,76,-7,115,17,-269,-109,52
-29,78,-4,115,17,-270,-106,54
-28,79,-3,114,17,-270,-104,58
-26,79,-4,113,17,-269,-103,58
-25,79,-5,112,17,-269,-102,56
-26,79,-7,112,17,-269,-103,56
-26,79,-7,112,17,-269,-103,56
-27,80,-5,112,17,-269,-104,57
-28,83,-4,113,17,-270,-104,62
-28,84,-3,114,17,-271,-106,63
-28,84,-4,114,17,-271,-106,63
-28,83,-4,113,17,-272,-106,63
-28,84,-4,113,17,-273,-106,63
-29,85,-4,113,17,-274,-107,64
-29,87,-4,113,17,-274,-106,67
-28,88,-4,113,17,-274,-106,67
-27,88,-4,114,17,-274,-104,68
-27,89,-3,114,17,-274,-104,68
-26,90,-4,114,17,-274,-103,69
-27,90,-5,113,17,-274,-104,68
-26,90,-7,111,17,-274,-103,68
-26,90,-8,110,18,-274,-103,67
-25,91,-8,110,19,-274,-103,68
-25,91,-7,111,20,-274,-102,68
-24,92,-5,113,19,-274,-101,69
-23,92,-3,114,18,-274,-101,72
-22,92,-3,114,17,-274,-100,72
-22,93,-4,113,17,-274,-100,69
-22,93,-5,112,17,-274,-100,69
-22,92,-5,112,17,-274,-100,69
-22,92,-5,113,17,-274,-100,69
-22,93,-4,113,17,-274,-100,69
-22,93,-4,114,17,-274,-100,73
-22,92,-4,114,17,-274,-100,72
-22,92,-4,113,17,-274,-100,72
-22,93,-4,113,18,-274,-100,73
-23,94,-4,114,19,-274,-101,74
-24,96,-4,113,18,-274,-102,75
-24,97,-4,113,17,-274,-102,76
-25,97,-4,113,16,-274,-102,78
-25,97,-3,114,17,-274,-102,76
-25,97,-3,114,18,-274,-102,76
-25,97,-3,115,19,-274,-102,76
-25,97,-3,115,18,-274,-102,76
-24,98,-2,115,17,-274,-101,78
-22,100,-1,116,17,-274,-100,80
-22,102,-1,116,18,-274,-100,81
-21,103,-2,115,20,-274,-100,83
-22,104,-4,114,20,-274,-100,84
-23,104,-4,113,19,-274,-101,81
-23,104,-4,113,18,-274,-101,84
-22,103,-4,114,20,-274,-100,83
-22,104,-4,114,21,-274,-100,84
-22,104,-4,114,22,-274,-100,84
-22,104,-4,113,22,-274,-100,84
-22,103,-4,113,21,-274,-100,83
-23,103,-4,113,21,-274,-101,83
-22,104,-4,113,21,-274,-100,84
-21,104,-4,113,22,-274,-100,84
-19,105,-4,113,21,-274,-97,85
-18,106,-4,113,21,-274,-96,86
-18,106,-4,113,21,-274,-95,86
-18,106,-4,113,21,-274,-96,86
-19,107,-4,113,21,-274,-97,87
-20,109,-4,113,21,-274,-97,89
-21,110,-4,113,21,-274,-98,90
-20,110,-4,114,21,-274,-98,90
-20,109,-4,114,21,-274,-97,89
-20,108,-4,113,21,-274,-97,89
-20,109,-4,113,21,-274,-97,89
-20,109,-4,113,21,-274,-98,90
-20,109,-3,114,21,-274,-98,89
-20,108,-3,114,21,-274,-97,89
-20,109,-3,115,21,-274,-97,89
-21,110,-3,115,21,-274,-98,90
-21,110,-2,115,21,-274,-98,90
-21,110,-1,116,21,-274,-98,90
-21,111,-2,115,21,-274,-98,91
-21,111,-3,115,21,-274,-100,91
-21,112,-4,114,21,-274,-100,92
-21,111,-3,115,21,-274,-100,91
-21,111,-1,115,21,-274,-98,91
-21,110,0,117,21,-274,-101,90
-21,110,-2,117,21,-274,-101,90
-21,110,-5,118,21,-274,-101,87
-21,110,-6,118,22,-274,-101,87
-21,110,-7,119,22,-274,-103,87
-21,110,-6,118,21,-274,-103,87
-21,110,-7,117,21,-274,-101,87
-20,109,-7,117,21,-274,-101,86
-20,108,-7,117,22,-274,-100,86
-19,108,-7,117,23,-274,-100,85
-19,107,-7,117,24,-274,-98,84
-18,106,-7,117,23,-274,-98,84
-18,106,-7,117,22,-274,-98,84
-18,106,-7,117,21,-274,-98,84
-18,106,-7,117,21,-274,-98,84
-18,106,-7,117,21,-274,-98,84
-18,104,-7,117,22,-274,-97,81
-17,103,-7,117,22,-274,-97,81
-16,103,-7,117,21,-274,-96,80
-17,103,-7,117,21,-274,-97,80
-18,102,-7,117,21,-274,-97,79
-19,101,-7,117,22,-274,-100,78
-21,101,-7,117,23,-274,-101,78
-21,101,-7,117,23,-274,-102,78
-21,101,-7,117,24,-274,-101,78
-20,100,-7,117,24,-274,-101,76
-20,99,-7,117,23,-274,-100,76
-20,99,-7,117,23,-274,-101,76
-20,99,-7,117,22,-275,-101,76
-20,99,-7,117,23,-275,-101,76
-20,99,-7,117,24,-274,-100,76
-20,99,-8,116,24,-274,-100,76
-20,99,-10,115,25,-275,-100,74
-21,99,-10,114,24,-276,-101,74
-22,98,-11,114,23,-278,-102,73
-23,98,-11,114,22,-279,-102,73
-23,97,-10,114,21,-280,-103,72
-24,97,-10,114,21,-280,-104,72
-25,97,-10,114,22,-279,-104,72
-25,97,-11,114,24,-280,-104,72
-24,97,-11,114,25,-280,-104,72
-24,97,-11,114,25,-280,-104,72
-24,97,-11,114,24,-280,-104,72
-25,97,-11,114,23,-279,-104,72
-25,97,-11,114,22,-279,-104,72
-25,97,-12,115,22,-280,-104,72
-25,97,-12,115,23,-279,-104,72
-25,97,-12,115,23,-279,-104,72
-25,97,-11,114,24,-280,-104,72
-25,97,-10,114,25,-280,-104,72
-24,97,-10,114,25,-281,-104,72
-24,96,-11,114,25,-281,-103,70
-24,95,-12,113,25,-281,-103,69
-23,94,-13,113,25,-281,-103,69
-22,93,-13,114,25,-283,-102,68
-22,93,-12,115,25,-284,-102,68
-22,92,-12,115,24,-285,-102,67
-23,92,-11,115,25,-285,-103,67
-25,91,-10,114,25,-285,-104,65
-26,89,-11,114,25,-285,-106,63
-25,87,-11,114,24,-285,-104,62
-24,86,-11,114,23,-284,-104,61
-24,86,-10,114,22,-284,-103,61
-24,86,-10,114,21,-284,-103,61
-23,85,-11,114,22,-285,-103,59
-23,83,-12,113,23,-285,-102,57
-21,82,-12,112,24,-285,-101,56
-22,81,-11,112,24,-284,-98,56
-22,82,-9,112,22,-284,-98,58
-22,82,-8,112,21,-286,-100,59
-22,82,-9,112,21,-288,-98,59
-21,81,-9,111,21,-289,-97,58
-20,79,-8,111,21,-290,-97,56
-21,77,-7,110,22,-289,-97,53
-22,75,-7,110,23,-289,-100,52
-24,75,-7,110,24,-289,-101,52
-24,75,-8,110,25,-290,-101,52
-24,75,-8,110,25,-289,-101,52
-24,75,-8,110,25,-289,-101,52
-24,76,-7,111,25,-289,-101,53
-25,78,-7,110,23,-290,-102,54
-26,79,-7,110,23,-290,-101,56
-26,80,-9,109,23,-292,-103,57
-26,79,-10,111,24,-292,-103,53
-26,79,-11,112,25,-293,-103,53
-26,79,-10,113,26,-294,-103,53
-27,81,-9,112,25,-295,-103,58
-28,83,-10,111,25,-295,-104,59
-28,83,-11,109,24,-294,-106,58
-29,83,-11,108,24,-294,-103,58
-28,84,-11,108,24,-294,-103,61
-28,86,-10,108,23,-294,-102,63
-27,88,-10,111,22,-294,-104,65
-27,90,-10,112,22,-294,-104,64
-26,91,-10,112,23,-294,-103,65
-25,91,-10,111,25,-294,-102,65
-24,92,-10,111,26,-294,-101,67
-24,92,-10,112,25,-294,-101,67
-24,92,-10,112,24,-294,-101,67
-23,92,-9,112,23,-294,-101,69
-22,92,-7,111,24,-294,-100,69
-22,92,-7,110,25,-294,-100,69
-22,93,-7,110,24,-294,-100,70
-23,94,-8,110,24,-294,-100,70
-23,96,-7,111,24,-294,-100,74
-23,98,-7,110,24,-294,-100,75
-22,99,-7,110,24,-294,-100,76
-21,99,-7,110,22,-294,-98,76
-20,99,-7,110,21,-294,-97,76
-20,99,-7,110,21,-294,-97,76
-20,99,-7,110,22,-294,-97,76
-20,99,-7,110,24,-295,-97,76
-20,99,-7,111,24,-295,-97,76
-20,99,-7,111,22,-294,-97,76
-20,99,-6,112,21,-292,-97,76
-20,99,-7,111,20,-291,-97,76
-20,99,-7,111,21,-289,-97,76
-20,99,-7,111,21,-289,-97,76
-20,100,-6,112,21,-289,-97,78
-20,101,-6,112,21,-289,-97,79
-19,101,-7,111,21,-289,-97,79
-20,101,-8,110,21,-289,-97,79
-20,101,-7,110,21,-289,-98,79
-21,103,-7,111,21,-289,-98,80
-21,104,-5,113,21,-289,-98,81
-21,104,-4,113,20,-288,-100,85
-21,104,-3,114,21,-287,-98,85
-20,105,-4,114,23,-286,-97,85
-18,105,-4,113,25,-285,-96,85
-18,106,-4,113,25,-285,-96,86
-18,106,-4,113,23,-285,-96,86
-18,105,-4,114,21,-286,-96,85
-18,106,-4,113,20,-286,-96,86
-19,107,-4,113,21,-286,-97,87
-20,109,-4,113,22,-285,-97,89
-21,110,-4,113,23,-284,-98,90
-21,111,-4,113,24,-284,-98,91
-21,110,-4,113,23,-284,-98,90
-21,110,-4,113,24,-285,-98,90
-21,110,-4,113,25,-285,-98,90
-21,110,-4,113,26,-285,-98,90
-21,110,-4,113,26,-285,-98,90
-21,110,-4,113,24,-285,-98,90
-21,110,-4,113,22,-284,-98,90
-21,110,-4,113,21,-284,-98,90
-21,110,-4,113,22,-284,-98,90
-21,110,-4,113,24,-285,-98,90
-21,110,-4,113,24,-285,-98,90
-21,110,-4,113,23,-284,-98,90
-21,110,-4,114,21,-284,-98,90
-21,110,-4,113,22,-284,-98,90
-21,111,-4,113,23,-284,-98,91
-20,110,-4,114,23,-284,-98,90
-20,109,-4,114,21,-284,-97,89
-19,107,-4,114,21,-284,-97,87
-18,106,-4,113,21,-284,-96,84
-18,105,-5,113,22,-284,-96,83
-18,106,-5,112,23,-284,-96,84
-18,106,-5,113,24,-285,-96,84
-20,105,-5,112,23,-284,-97,83
-21,103,-6,112,24,-285,-98,80
-20,101,-7,110,25,-285,-97,78
-19,100,-8,110,26,-285,-96,76
-18,100,-7,110,27,-285,-96,76
-19,100,-7,110,26,-285,-96,78
-20,100,-7,110,25,-285,-97,78
-20,99,-7,110,22,-284,-97,76
-21,97,-7,110,21,-284,-98,74
-21,94,-8,110,21,-284,-98,72
-22,93,-8,109,22,-284,-97,70
-22,92,-9,109,23,-284,-97,69
-22,92,-9,109,22,-284,-97,69
-21,92,-8,110,21,-284,-98,69
-20,90,-7,111,21,-284,-97,67
-21,88,-7,111,22,-284,-98,64
-23,86,-7,110,23,-284,-100,63
-24,86,-9,109,23,-284,-98,63
-24,85,-10,108,21,-284,-98,62
-22,83,-11,107,21,-284,-97,59
-21,82,-11,107,21,-285,-96,56
-21,82,-11,107,21,-285,-96,59
-22,82,-11,107,21,-284,-97,59
-23,81,-11,107,21,-283,-97,58
-24,79,-11,107,21,-282,-98,53
-25,77,-12,107,22,-281,-100,51
-24,75,-11,107,23,-282,-98,50
-23,73,-10,106,23,-283,-97,50
-22,72,-9,104,22,-283,-93,48
-22,70,-8,104,22,-281,-95,47
-24,69,-9,105,21,-280,-96,46
-26,68,-10,106,21,-279,-100,45
-27,67,-10,106,21,-279,-102,43
-28,65,-10,104,21,-280,-101,42
-28,64,-10,102,21,-280,-101,40
-28,62,-10,102,21,-279,-100,39
-27,60,-12,102,21,-279,-98,36
-26,59,-12,101,21,-279,-97,35
-27,57,-12,101,21,-279,-98,34
-28,56,-11,100,21,-279,-97,32
-30,55,-11,100,21,-279,-98,31
-30,55,-11,100,21,-280,-100,31
-29,54,-11,101,21,-280,-98,30
-28,52,-12,100,21,-279,-96,29
-27,51,-11,100,21,-278,-96,28
-28,50,-11,100,21,-276,-97,26
-30,49,-11,100,21,-274,-100,25
-32,48,-11,100,21,-274,-101,24
-32,49,-11,100,21,-274,-101,25
-31,50,-11,100,21,-275,-100,26
-31,53,-11,100,21,-275,-101,29
-32,54,-11,100,21,-274,-101,30
-32,54,-11,100,21,-274,-101,30
-32,54,-11,100,21,-274,-101,30
-31,54,-11,100,21,-274,-101,30
-30,56,-12,100,21,-274,-100,32
-29,59,-11,100,21,-275,-98,35
-29,61,-10,101,21,-275,-101,37
-29,63,-9,102,21,-274,-101,40
-29,65,-8,103,21,-274,-101,41
-29,67,-7,104,21,-273,-101,43
-28,69,-8,104,22,-272,-100,46
-27,72,-8,103,22,-271,-98,50
-25,75,-8,103,22,-270,-97,52
-25,78,-8,104,22,-270,-97,56
-25,80,-8,103,22,-270,-97,57
-24,82,-8,103,22,-270,-96,59
-23,84,-8,104,22,-270,-96,62
-23,88,-7,104,22,-270,-96,68
-22,91,-4,105,22,-270,-95,70
-21,94,-3,105,22,-270,-93,74
-21,97,-3,106,22,-270,-93,78
-20,99,-4,106,22,-270,-92,79
-20,101,-4,107,22,-270,-92,80
-20,103,-3,108,22,-270,-93,84
-20,106,-3,108,22,-270,-93,86
-21,109,-2,108,22,-270,-96,89
-20,111,-1,109,22,-270,-96,91
-19,111,-1,110,22,-270,-95,91
-17,112,-1,110,22,-270,-92,92
-16,112,0,110,22,-270,-91,92
-17,114,0,110,22,-270,-92,93
-18,115,0,110,22,-270,-93,96
-19,117,-1,110,21,-270,-95,97
-18,118,-2,109,21,-270,-93,98
-16,116,-3,108,20,-269,-89,97
-16,114,-3,108,20,-269,-89,95
-16,112,-3,108,21,-268,-89,92
-16,112,-3,108,23,-267,-89,92
-17,112,-4,107,23,-266,-90,92
-16,112,-4,107,22,-265,-89,92
-15,111,-4,106,21,-265,-89,91
-14,110,-4,107,20,-265,-87,90
-14,108,-4,107,21,-265,-87,89
-15,107,-4,107,22,-265,-87,87
-16,105,-5,106,22,-265,-89,85
-17,103,-7,104,22,-265,-90,83
-18,101,-8,104,22,-265,-90,79
-18,100,-9,104,22,-265,-91,78
-19,98,-9,104,22,-265,-92,75
-20,96,-8,104,22,-265,-92,73
-20,93,-9,104,22,-265,-92,70
-21,89,-9,104,22,-265,-92,67
-21,86,-9,105,22,-265,-92,63
-21,83,-9,106,22,-265,-96,61
-21,80,-10,105,22,-265,-96,57
-21,78,-10,104,22,-265,-93,54
-21,75,-13,104,22,-265,-93,48
-22,72,-15,104,22,-265,-96,46
-22,69,-15,104,22,-265,-97,43
-22,66,-15,104,22,-265,-96,40
-22,63,-14,104,22,-265,-96,37
-23,60,-16,103,22,-265,-97,34
-23,57,-18,101,22,-265,-95,31
-25,54,-18,100,23,-265,-96,28
-26,51,-18,99,22,-265,-97,25
-28,49,-17,99,21,-265,-98,23
-29,46,-18,100,19,-265,-100,20
-29,44,-18,101,18,-264,-101,18
-30,42,-19,101,19,-264,-101,13
-31,40,-18,99,20,-266,-102,13
-31,38,-19,96,21,-268,-100,12
-32,35,-18,93,22,-270,-98,8
-32,33,-19,93,21,-270,-98,7
-33,31,-19,93,21,-270,-98,4
-35,30,-19,94,20,-270,-103,3
-36,29,-18,94,21,-270,-104,2
-37,28,-18,94,22,-270,-103,1
-37,25,-19,93,22,-270,-103,-1
-38,23,-20,92,21,-270,-104,-3
-39,22,-21,91,20,-270,-104,-4
-40,20,-21,91,20,-270,-106,-7
-41,18,-20,93,21,-270,-107,-9
-41,16,-19,93,22,-270,-107,-10
-42,16,-19,93,22,-270,-107,-10
-41,15,-21,91,21,-270,-107,-10
-41,14,-22,90,21,-270,-106,-15
-41,12,-23,90,20,-270,-107,-17
-42,10,-22,90,21,-270,-107,-19
-43,9,-22,90,20,-270,-108,-20
-44,9,-22,90,19,-269,-109,-20
-45,8,-22,90,18,-269,-111,-20
-46,7,-22,90,17,-270,-112,-21
-47,7,-22,90,17,-271,-113,-23
-48,6,-22,90,17,-271,-113,-23
-48,7,-22,90,17,-271,-113,-23
-47,7,-22,90,18,-271,-113,-23
-47,7,-22,90,18,-271,-113,-23
-47,7,-22,90,19,-272,-113,-23
-48,6,-22,90,18,-273,-113,-23
-48,7,-22,90,17,-274,-114,-23
-48,8,-22,90,17,-274,-113,-21
-47,9,-22,90,17,-273,-113,-20
-45,10,-23,90,17,-272,-111,-19
-44,10,-22,90,17,-271,-109,-19
-44,12,-21,91,17,-272,-111,-14
-46,13,-20,93,17,-273,-112,-13
-46,13,-19,93,17,-274,-112,-13
-46,13,-18,94,17,-274,-112,-14
-46,13,-18,93,17,-274,-112,-13
-45,15,-19,93,17,-274,-111,-12
-44,18,-19,93,17,-274,-109,-9
-43,19,-19,93,17,-274,-109,-7
-44,20,-18,93,17,-274,-109,-6
-44,21,-19,93,17,-274,-111,-4
-44,24,-18,93,17,-274,-111,-3
-43,26,-19,94,17,-274,-112,-1
-42,26,-19,94,17,-274,-111,-1
-42,27,-19,93,17,-274,-108,0
-42,28,-19,93,17,-274,-108,1
-42,30,-19,93,17,-274,-108,3
-41,32,-18,95,17,-274,-109,6
-40,33,-17,97,17,-274,-108,6
-39,33,-16,98,17,-274,-108,6
-38,34,-17,97,17,-274,-107,7
-38,36,-19,96,17,-274,-106,9
-37,38,-21,96,17,-274,-106,9
-37,40,-22,97,17,-274,-108,10
-38,39,-23,97,17,-274,-109,10
-38,40,-22,97,17,-274,-109,10
-39,41,-21,98,17,-274,-109,12
-39,43,-20,99,17,-274,-111,13
-40,44,-18,100,17,-274,-111,14
-40,44,-18,101,17,-274,-112,18
-40,44,-18,101,17,-275,-112,17
-40,44,-18,100,17,-276,-112,14
-40,44,-19,100,17,-276,-111,14
-40,43,-20,99,17,-276,-111,13
-39,42,-21,98,17,-274,-111,13
-39,41,-20,99,17,-274,-111,12
-38,41,-20,100,17,-275,-109,12
-38,40,-18,100,16,-278,-109,10
-38,40,-17,100,16,-280,-109,13
-39,39,-17,99,16,-280,-111,12
-40,36,-17,98,16,-278,-109,9
-41,34,-17,97,17,-276,-109,7
-40,33,-18,95,17,-274,-108,7
-39,33,-18,93,17,-274,-106,6
-39,32,-19,93,17,-274,-106,4
-39,30,-19,93,17,-276,-106,3
-40,27,-19,94,17,-276,-109,0
-41,25,-19,94,17,-276,-109,-1
-40,23,-18,93,17,-275,-106,-3
-40,20,-18,93,17,-274,-106,-6
-40,18,-19,93,17,-274,-106,-9
-41,16,-19,93,16,-274,-107,-10
-43,14,-20,92,16,-274,-108,-13
-44,13,-21,92,15,-275,-109,-14
-44,11,-21,91,15,-277,-109,-18
-43,9,-22,90,14,-277,-109,-20
-43,7,-22,90,14,-277,-109,-23
-45,4,-22,90,14,-275,-111,-25
-46,2,-22,90,15,-274,-112,-28
-48,0,-22,90,15,-274,-113,-30
-48,-2,-23,89,14,-274,-113,-32
-47,-4,-25,88,12,-274,-112,-35
-46,-7,-26,87,11,-274,-109,-37
-47,-10,-26,87,14,-274,-109,-41
-49,-13,-26,87,15,-275,-111,-43
-50,-16,-25,87,15,-275,-114,-47
-50,-18,-26,87,14,-276,-113,-50
-51,-21,-27,86,12,-276,-113,-52
-51,-22,-28,85,11,-276,-113,-56
-53,-23,-29,84,12,-277,-115,-57
-55,-24,-30,83,12,-277,-118,-58
-56,-25,-30,84,12,-276,-119,-58
-57,-27,-29,84,12,-276,-119,-61
-56,-28,-29,84,12,-277,-118,-62
-55,-30,-29,84,11,-278,-118,-63
-56,-30,-30,84,11,-279,-118,-64
-58,-32,-30,84,11,-279,-120,-65
-59,-33,-30,84,11,-279,-120,-68
-58,-35,-30,84,11,-279,-120,-69
-57,-36,-30,84,11,-279,-119,-70
-57,-36,-30,84,11,-279,-119,-70
-57,-36,-30,84,11,-279,-119,-70
-57,-36,-29,84,11,-279,-119,-70
-57,-36,-29,84,11,-279,-119,-70
-58,-35,-29,84,11,-279,-120,-69
-58,-34,-30,84,11,-279,-120,-68
-58,-32,-30,83,11,-278,-120,-65
-57,-30,-29,84,11,-279,-119,-64
-56,-28,-28,85,11,-280,-118,-62
-55,-26,-27,86,11,-282,-118,-58
-54,-25,-26,87,11,-284,-117,-56
-52,-23,-25,87,11,-284,-117,-53
-51,-20,-26,87,11,-284,-113,-51
-51,-17,-26,87,11,-284,-113,-47
-51,-13,-26,87,11,-284,-113,-43
-51,-10,-26,87,11,-284,-113,-41
-50,-9,-26,87,11,-284,-113,-40
-50,-7,-25,88,11,-283,-115,-37
-51,-4,-25,88,11,-284,-117,-35
-51,0,-24,89,11,-285,-117,-30
-50,3,-23,90,11,-287,-115,-26
-49,6,-22,90,11,-289,-114,-23
-49,8,-22,90,11,-289,-114,-21
-49,9,-22,90,11,-289,-114,-20
-49,11,-22,90,11,-289,-114,-18
-48,14,-22,90,11,-288,-114,-15
-47,16,-22,90,11,-288,-113,-13
-47,17,-22,90,11,-289,-113,-12
-48,18,-23,90,11,-290,-114,-12
-49,19,-22,90,11,-292,-114,-10
-50,20,-21,89,10,-293,-115,-7
-50,22,-21,89,10,-294,-114,-4
-50,22,-21,89,10,-294,-117,-4
-50,22,-22,90,10,-293,-117,-7
-50,21,-23,90,10,-293,-117,-8
-50,22,-23,90,10,-294,-117,-7
-50,22,-22,90,10,-293,-115,-7
-50,22,-22,90,10,-293,-117,-7
-51,20,-22,90,10,-293,-117,-9
-52,17,-22,90,10,-295,-118,-12
-52,14,-22,90,10,-297,-118,-15
-50,12,-22,90,10,-298,-117,-18
-50,10,-22,90,10,-299,-115,-20
-49,7,-22,90,10,-299,-114,-23
-50,4,-23,89,10,-298,-115,-25
-52,1,-25,88,10,-298,-117,-29
-53,-1,-26,87,10,-298,-115,-31
-53,-3,-26,87,10,-298,-115,-34
-53,-6,-26,87,10,-298,-115,-37
-53,-10,-25,87,10,-298,-118,-41
-53,-14,-26,87,10,-298,-115,-45
-53,-18,-27,86,10,-298,-115,-48
-52,-21,-28,85,10,-298,-114,-54
-52,-25,-30,84,10,-298,-114,-58
-53,-27,-30,83,10,-298,-115,-61
-54,-29,-30,84,10,-298,-115,-63
-54,-31,-29,84,10,-298,-117,-65
-54,-35,-29,84,10,-298,-117,-68
-55,-39,-31,83,10,-298,-117,-73
-55,-42,-32,82,11,-298,-117,-75
-57,-44,-33,81,10,-298,-118,-78
-57,-46,-33,79,8,-299,-117,-80
-59,-48,-31,78,7,-298,-118,-83
-60,-49,-30,77,7,-298,-117,-81
-60,-50,-30,77,9,-298,-117,-83
-59,-53,-30,77,10,-299,-115,-85
-58,-55,-30,77,11,-300,-114,-87
-58,-58,-30,77,9,-301,-114,-90
-59,-60,-30,77,7,-301,-115,-92
-61,-61,-30,77,5,-301,-117,-92
-61,-61,-30,77,5,-302,-118,-92
-61,-61,-30,77,5,-303,-118,-92
-60,-61,-30,77,5,-303,-117,-92
-60,-60,-30,77,5,-303,-117,-92
-59,-60,-30,77,5,-303,-115,-91
-59,-58,-30,77,5,-303,-115,-90
-58,-56,-30,77,5,-303,-115,-87
-59,-54,-30,76,5,-303,-115,-86
-60,-53,-30,77,6,-303,-117,-85
-60,-51,-29,78,7,-303,-117,-83
-61,-49,-27,79,7,-303,-120,-80
-60,-45,-26,80,7,-303,-119,-76
-59,-41,-26,80,5,-304,-118,-73
-58,-37,-26,80,5,-306,-118,-68
-57,-33,-25,81,5,-308,-117,-64
-57,-29,-24,83,6,-308,-117,-58
-56,-26,-22,83,7,-308,-115,-54
-55,-23,-22,83,7,-308,-115,-51
-54,-18,-23,83,8,-308,-114,-47
-53,-14,-22,83,7,-308,-113,-42
-50,-9,-22,84,7,-308,-111,-37
-49,-4,-20,86,6,-308,-112,-31
-48,1,-19,86,6,-308,-111,-26
-48,7,-19,87,6,-308,-111,-20
-47,12,-18,88,7,-308,-111,-14
-46,17,-17,89,6,-308,-109,-7
-44,21,-16,90,5,-307,-107,-3
-42,26,-15,90,6,-308,-106,2
-41,32,-14,91,8,-310,-104,8
-40,38,-13,92,10,-311,-104,14
-40,44,-12,93,10,-313,-106,19
-39,49,-11,93,8,-314,-106,25
-37,53,-12,93,6,-313,-104,29
-36,57,-12,93,5,-313,-103,34
-36,63,-12,93,4,-313,-102,39
-34,68,-12,93,4,-313,-101,43
-33,72,-10,94,5,-313,-100,48
-32,77,-10,96,7,-313,-100,56
-32,82,-9,97,8,-313,-98,61
-31,86,-10,98,8,-314,-101,63
-30,90,-9,98,7,-314,-101,69
-28,93,-8,97,5,-314,-96,73
-26,97,-7,97,4,-315,-93,76
-25,101,-7,97,4,-315,-92,80
-24,104,-7,98,5,-314,-91,84
-23,107,-6,99,5,-314,-91,87
-23,111,-5,100,5,-314,-93,91
-22,113,-4,100,4,-314,-92,93
-22,116,-3,101,4,-315,-92,96
-21,118,-3,101,5,-316,-91,98
-20,119,-3,101,6,-316,-91,100
-20,120,-3,101,7,-316,-91,101
-21,120,-2,102,6,-317,-92,103
-21,121,-2,102,4,-318,-92,104
-20,122,-2,102,4,-318,-90,104
-18,122,-2,103,4,-318,-89,106
-16,123,-2,104,6,-318,-87,104
-16,123,-2,105,6,-318,-90,104
-18,123,-2,104,6,-318,-89,106
-19,122,-1,103,5,-318,-90,106
-19,122,-1,103,4,-318,-90,106
-18,122,-1,103,4,-318,-89,106
-18,121,-1,103,4,-318,-89,103
-18,119,-1,103,4,-318,-89,102
-18,117,-1,103,4,-318,-89,100
-18,116,-2,102,5,-318,-89,100
-18,115,-3,102,6,-318,-89,96
-19,113,-4,102,6,-318,-89,93
-19,111,-5,102,6,-318,-90,91
-19,109,-5,101,5,-318,-90,89
-19,107,-5,100,4,-318,-90,87
-20,105,-4,100,4,-318,-90,85
-20,103,-5,100,4,-318,-90,84
-20,101,-6,99,4,-318,-87,80
-20,98,-7,97,4,-318,-87,78
-20,95,-8,97,4,-318,-87,75
-20,92,-8,96,4,-318,-87,72
-20,90,-8,96,4,-318,-87,69
-20,88,-8,97,5,-318,-87,68
-20,86,-8,97,6,-318,-87,67
-21,83,-8,97,6,-318,-89,63
-22,80,-8,96,6,-318,-90,59
-23,77,-8,95,5,-318,-90,56
-23,74,-8,93,4,-318,-87,53
-23,72,-9,93,4,-318,-87,52
-23,70,-10,92,4,-318,-87,50
-24,67,-10,91,4,-318,-87,47
-24,66,-10,90,4,-318,-89,45
-24,65,-9,90,4,-318,-85,43
-23,64,-8,90,4,-318,-85,43
-24,62,-8,90,4,-318,-85,41
-25,60,-9,90,4,-318,-86,39
-25,58,-9,90,4,-318,-86,37
-25,57,-9,90,4,-318,-87,36
-27,57,-9,90,4,-318,-89,36
-28,57,-9,90,4,-318,-90,36
-29,55,-9,90,4,-318,-91,34
-29,54,-9,90,4,-318,-91,32
-28,54,-9,90,4,-318,-90,32
-29,54,-9,90,4,-318,-90,32
-29,55,-9,90,4,-318,-91,34
-31,55,-8,90,4,-318,-92,34
-31,54,-8,90,4,-318,-92,34
-32,54,-9,90,4,-318,-93,34
-32,54,-9,90,4,-318,-93,34
-31,54,-9,90,4,-318,-92,34
-30,54,-8,90,4,-318,-92,34
-30,55,-7,90,4,-318,-91,34
-30,56,-7,91,4,-318,-92,35
-31,58,-8,91,4,-318,-96,37
-31,60,-9,91,4,-318,-95,40
-29,61,-11,92,4,-318,-93,37
-27,62,-12,93,4,-318,-93,39
-27,62,-12,94,4,-318,-93,39
-28,63,-12,93,4,-318,-95,40
-29,65,-12,93,4,-318,-96,41
-30,66,-12,93,4,-318,-97,43
-29,67,-12,93,4,-318,-96,43
-28,67,-11,94,4,-318,-95,43
-27,67,-10,94,4,-318,-95,46
-27,69,-10,95,4,-318,-95,48
-28,72,-9,96,4,-318,-95,51
-28,73,-8,96,4,-318,-95,52
-28,73,-8,97,4,-318,-95,53
-28,73,-8,97,4,-318,-95,52
-28,72,-8,96,4,-318,-95,52
-28,72,-8,96,4,-318,-95,52
-28,73,-8,96,4,-318,-95,52
-26,74,-8,97,4,-318,-93,53
-25,74,-8,96,4,-318,-92,53
-25,75,-8,96,4,-318,-92,54
-26,73,-8,96,4,-318,-93,53
-28,73,-8,96,4,-318,-95,52
-28,72,-8,96,4,-318,-95,52
-28,73,-8,96,4,-318,-95,52
-28,73,-8,96,4,-317,-96,52
-29,72,-8,96,4,-316,-96,51
-30,70,-8,97,4,-316,-97,48
-30,68,-8,96,4,-316,-97,47
-31,67,-8,96,4,-317,-98,46
-32,67,-8,96,4,-316,-100,46
-34,66,-8,97,4,-316,-101,45
-34,65,-8,97,4,-316,-101,43
-34,62,-8,96,4,-317,-101,41
-34,60,-9,96,4,-318,-101,39
-34,57,-10,95,4,-318,-101,36
-34,54,-10,94,4,-318,-101,32
-36,52,-11,94,4,-318,-102,28
-36,50,-12,93,4,-318,-103,25
-36,48,-12,93,4,-318,-103,24
-36,46,-12,93,4,-318,-102,23
-35,45,-12,93,4,-318,-102,20
-36,43,-13,92,4,-318,-102,19
-37,40,-14,91,4,-318,-101,17
-37,38,-15,90,4,-318,-101,14
-36,36,-16,90,4,-318,-100,12
-35,34,-15,90,4,-318,-98,10
-34,32,-15,90,4,-318,-97,8
-34,31,-15,90,4,-318,-98,7
-36,29,-15,90,4,-318,-100,4
-37,28,-15,89,4,-318,-100,3
-36,26,-14,89,4,-318,-100,1
-36,24,-15,89,4,-318,-98,0
-35,25,-15,89,4,-318,-98,0
-34,25,-15,89,4,-318,-97,1
-32,26,-14,89,4,-318,-95,2
-31,27,-15,89,4,-318,-93,3
-31,28,-15,90,4,-318,-95,4
-32,29,-15,90,4,-318,-96,6
-34,31,-15,89,4,-318,-97,7
-34,33,-14,88,4,-318,-97,8
-34,35,-14,88,4,-318,-97,10
-32,36,-14,88,4,-318,-93,13
-31,38,-14,88,4,-318,-95,14
-30,39,-14,88,4,-318,-93,15
-30,42,-15,89,4,-318,-93,18
-29,46,-15,90,4,-318,-92,21
-28,50,-14,91,4,-318,-92,26
-28,55,-13,92,4,-318,-91,31
-27,58,-11,92,4,-318,-91,37
-26,61,-9,91,4,-318,-90,41
-25,65,-8,92,4,-318,-90,43
-25,69,-7,93,4,-318,-89,48
-24,73,-7,95,4,-318,-91,52
-23,77,-8,96,4,-318,-90,57
-23,81,-8,97,4,-318,-90,61
-23,85,-7,97,4,-318,-91,64
-23,88,-6,99,4,-318,-90,68
-23,91,-4,100,4,-318,-92,70
-22,94,-4,100,4,-318,-92,74
-21,99,-5,100,4,-318,-91,79
-20,103,-5,100,4,-318,-90,83
-18,106,-5,100,4,-318,-89,86
-16,109,-3,101,4,-318,-86,89
-15,111,-2,102,4,-318,-86,93
-15,114,-1,103,4,-318,-85,97
-15,118,-1,104,4,-318,-85,101
-15,120,-2,105,4,-318,-89,101
-16,122,-3,105,4,-318,-90,103
-17,124,-4,106,4,-318,-90,104
-15,124,-4,107,4,-318,-89,104
-14,125,-4,107,4,-318,-87,106
-12,125,-4,107,4,-318,-85,106
-12,126,-4,107,4,-318,-85,107
-13,127,-4,107,4,-318,-86,107
-13,127,-4,107,4,-318,-86,108
-14,128,-4,107,4,-318,-86,108
-13,128,-4,107,4,-318,-86,109
-14,128,-4,107,3,-318,-86,108
-15,127,-4,107,2,-317,-87,107
-16,125,-4,107,3,-318,-89,106
-17,124,-4,107,4,-318,-90,104
-17,123,-4,107,4,-317,-90,103
-16,122,-4,107,5,-316,-89,102
-16,120,-5,106,4,-316,-90,101
-17,118,-6,105,5,-317,-90,98
-18,115,-6,105,4,-317,-91,96
-19,113,-7,104,4,-316,-91,91
-18,110,-8,104,3,-314,-91,87
-18,107,-8,103,3,-313,-91,85
-19,104,-8,104,3,-312,-91,81
-19,101,-8,103,3,-313,-92,79
-21,98,-9,102,3,-313,-93,75
-22,94,-10,101,3,-313,-95,72
-23,91,-11,100,3,-313,-92,68
-24,87,-12,100,3,-313,-93,64
-25,85,-11,100,2,-312,-95,62
-26,82,-11,100,1,-312,-96,58
-27,78,-11,100,1,-312,-96,54
-27,73,-12,99,3,-313,-96,50
-27,68,-13,99,4,-313,-96,45
-27,64,-14,98,4,-313,-96,40
-28,60,-14,97,3,-313,-97,36
-29,57,-15,97,1,-312,-98,31
-30,53,-15,97,1,-312,-98,26
-31,49,-15,97,3,-313,-100,23
-31,45,-16,97,4,-314,-100,19
-32,41,-16,96,4,-314,-100,14
-33,38,-17,93,3,-314,-98,12
-34,35,-17,91,2,-313,-100,8
-35,31,-17,91,1,-313,-101,4
-36,28,-16,91,0,-314,-102,3
-36,26,-16,91,0,-314,-100,2
-35,25,-17,90,0,-314,-98,-2
-36,22,-19,89,0,-314,-98,-3
-36,19,-21,90,0,-314,-102,-7
-38,17,-23,90,0,-314,-103,-12
-39,14,-22,90,0,-314,-104,-12
-40,13,-20,88,0,-314,-103,-14
-41,12,-19,86,0,-313,-104,-14
-43,10,-19,86,0,-312,-106,-17
-43,9,-20,88,0,-312,-106,-18
-43,7,-21,89,0,-312,-108,-19
-42,6,-21,89,0,-313,-107,-20
-41,5,-22,88,0,-312,-103,-24
-42,3,-23,88,0,-312,-104,-25
-44,3,-24,89,0,-312,-109,-26
-46,2,-24,89,0,-312,-111,-28
-46,2,-25,89,0,-312,-112,-28
-45,3,-25,88,0,-313,-111,-26
-45,2,-25,88,0,-313,-111,-28
-45,2,-25,88,0,-312,-111,-28
-46,1,-24,87,0,-311,-109,-28
-48,0,-24,86,0,-310,-111,-29
-49,0,-25,86,0,-310,-112,-30
-50,0,-26,87,0,-309,-113,-30
-50,0,-25,88,0,-308,-115,-29
-50,0,-25,89,0,-307,-115,-29
-50,0,-24,89,0,-307,-115,-29
-48,0,-23,90,0,-307,-114,-29
-46,1,-22,90,0,-308,-112,-28
-46,2,-22,90,0,-307,-111,-28
-46,4,-22,90,0,-307,-111,-25
-46,5,-22,90,0,-307,-112,-24
-47,5,-22,90,0,-307,-113,-24
-47,5,-22,90,0,-307,-112,-24
-47,5,-22,90,0,-307,-112,-24
-47,6,-22,90,0,-307,-113,-23
-47,7,-22,90,0,-307,-113,-23
-48,7,-22,90,0,-307,-113,-23
-48,6,-22,90,0,-307,-113,-23
-47,7,-22,90,0,-307,-113,-23
-46,7,-23,90,0,-307,-112,-21
-45,9,-23,91,0,-307,-111,-20
-44,10,-22,90,0,-307,-109,-19
-44,12,-21,90,0,-307,-111,-15
-44,13,-20,88,0,-307,-107,-14
-43,14,-19,87,0,-307,-107,-12
-41,15,-19,86,0,-307,-104,-10
-39,16,-19,86,-1,-307,-102,-10
-38,17,-19,87,0,-307,-101,-9
-38,19,-18,88,0,-307,-102,-8
-38,21,-18,88,0,-307,-102,-4
-38,23,-17,89,-1,-307,-101,-1
-37,24,-16,89,-2,-307,-101,0
-35,25,-15,90,-3,-307,-98,0
-35,26,-15,90,-4,-307,-98,2
-33,29,-15,90,-4,-307,-96,4
-32,32,-15,90,-4,-307,-95,8
-31,34,-14,91,-4,-307,-95,10
-31,36,-13,92,-4,-307,-97,12
-31,38,-12,93,-4,-307,-97,13
-31,40,-11,93,-4,-307,-97,15
-30,42,-12,93,-4,-307,-96,18
-29,45,-12,93,-4,-307,-96,20
-29,47,-12,93,-4,-307,-95,23
-28,49,-12,93,-4,-307,-95,25
-27,50,-12,93,-4,-307,-93,26
-26,52,-12,93,-4,-307,-92,29
-25,54,-12,93,-4,-307,-91,30
-25,57,-11,94,-4,-307,-91,34
-25,61,-9,96,-4,-307,-92,41
-25,65,-8,97,-4,-307,-92,45
-25,67,-8,97,-4,-307,-92,46
-25,68,-8,97,-4,-307,-92,47
-25,70,-8,96,-4,-307,-92,50
-24,73,-9,96,-4,-307,-91,53
-23,76,-10,98,-4,-307,-92,53
-22,80,-10,100,-4,-307,-92,57
-22,82,-10,100,-4,-307,-91,59
-21,84,-8,99,-4,-307,-91,64
-20,86,-7,98,-4,-307,-87,65
-20,88,-8,99,-4,-307,-90,68
-21,90,-8,101,-4,-307,-90,67
-21,91,-8,101,-4,-307,-91,72
-21,93,-7,101,-4,-307,-91,73
-20,96,-7,100,-4,-307,-90,76
-18,99,-6,101,-4,-307,-89,79
-17,101,-5,101,-4,-307,-87,80
-16,102,-5,100,-4,-307,-86,83
-15,104,-4,100,-4,-307,-83,84
-14,106,-4,99,-4,-307,-83,86
-14,108,-5,100,-4,-307,-84,89
-13,109,-6,101,-4,-307,-83,90
-12,111,-6,101,-4,-307,-81,91
-11,113,-5,101,-4,-306,-81,93
-10,116,-3,101,-4,-306,-80,96
-10,118,-2,102,-4,-305,-80,101
-10,120,-2,102,-4,-305,-80,103
-10,121,-1,103,-4,-306,-80,104
-9,122,-1,103,-4,-306,-79,106
-8,124,-1,103,-4,-307,-79,108
-7,127,-1,103,-4,-307,-78,111
-7,128,-1,103,-4,-307,-78,112
-8,128,-1,103,-4,-307,-79,112
-8,128,0,104,-4,-307,-79,112
-9,129,1,105,-4,-307,-79,113
-8,132,2,106,-4,-307,-79,115
-7,134,2,107,-4,-307,-80,118
-7,135,2,106,-4,-307,-78,119
-6,135,2,106,-4,-307,-76,119
-6,135,2,106,-4,-307,-76,118
-6,134,2,106,-4,-307,-76,118
-6,134,2,106,-4,-307,-76,118
-6,135,2,106,-4,-307,-76,118
-5,135,1,106,-4,-307,-78,119
-4,136,1,106,-3,-307,-78,119
-3,136,1,106,-3,-307,-76,119
-3,136,2,106,-2,-307,-73,120
-2,137,2,106,-3,-307,-73,120
-2,137,1,106,-3,-308,-75,120
-2,137,1,107,-4,-309,-75,120
-2,137,0,109,-4,-309,-75,120
-2,137,-1,110,-4,-308,-78,118
-2,137,-1,110,-4,-308,-78,118
-2,137,-1,110,-3,-308,-78,118
-2,137,-1,110,0,-311,-78,118
-3,136,-1,110,0,-313,-78,118
-3,136,-1,110,0,-313,-79,118
-5,137,-1,110,-1,-312,-81,118
-7,138,-1,110,-3,-312,-83,119
-7,137,-1,110,-3,-313,-84,119
-7,136,-1,110,-1,-314,-83,117
-6,135,-1,110,0,-314,-81,115
-6,134,-1,110,0,-314,-81,115
-6,135,-1,110,0,-315,-81,115
-6,135,-1,110,0,-315,-81,115
-6,135,0,109,0,-315,-79,118
-7,134,1,107,0,-314,-80,118
-6,134,1,106,0,-314,-79,118
-4,135,2,106,0,-315,-75,119
-3,136,2,106,0,-317,-73,120
-2,137,1,106,0,-318,-75,120
-3,136,1,106,0,-318,-75,120
-4,135,1,106,0,-317,-78,119
-6,134,2,106,0,-317,-76,118
-7,134,2,106,0,-317,-78,118
-6,134,2,106,0,-317,-76,118
-4,135,2,106,0,-317,-75,119
-3,136,2,106,0,-317,-74,120
-2,137,2,106,0,-317,-73,120
-1,137,2,106,0,-317,-72,122
-2,137,2,106,0,-317,-73,120
-2,137,2,106,0,-317,-73,120
-2,137,2,106,0,-317,-73,122
-2,137,2,106,0,-317,-73,122
-2,137,2,106,0,-317,-73,120
-2,137,2,106,0,-317,-73,120
-2,137,1,106,0,-317,-73,120
-3,138,2,106,0,-317,-73,122
-3,140,3,107,0,-317,-76,126
-4,141,4,109,0,-318,-78,128
-4,141,5,110,0,-318,-78,128
-4,141,6,110,0,-317,-78,128
-4,141,6,110,0,-317,-78,128
-5,142,6,109,0,-317,-79,129
-6,144,5,110,0,-319,-80,130
-7,146,4,111,0,-321,-80,133
-7,146,3,112,0,-322,-83,130
-6,145,3,112,0,-322,-83,129
-6,145,3,112,0,-321,-83,129
-7,145,3,112,0,-319,-83,129
-7,147,4,111,0,-319,-84,130
-8,149,4,111,0,-319,-81,135
-7,150,4,111,0,-319,-81,136
-6,152,4,111,0,-318,-80,139
-5,152,3,112,1,-317,-81,136
-4,152,2,113,3,-318,-80,136
-4,152,1,114,3,-318,-80,136
-4,152,2,113,2,-317,-80,136
-4,152,2,113,2,-317,-80,136
-4,152,3,112,2,-318,-80,136
-5,152,3,112,2,-318,-81,136
-6,151,3,112,2,-317,-83,135
-6,151,2,112,2,-316,-83,135
-6,152,0,112,1,-314,-81,136
-5,152,0,112,0,-312,-81,136
-5,150,0,111,1,-312,-81,134
-5,148,0,110,1,-312,-81,129
-6,146,-1,110,2,-313,-81,126
-7,145,-1,110,2,-313,-83,126
-8,145,0,110,1,-312,-84,126
-9,144,0,110,1,-312,-85,125
-10,142,0,110,0,-312,-85,124
-10,140,-1,110,0,-312,-85,122
-10,138,-1,110,0,-312,-86,119
-10,136,-1,110,0,-312,-86,117
-11,134,-1,110,0,-313,-86,115
-11,132,-1,110,0,-313,-86,113
-11,130,0,110,0,-312,-86,112
-12,128,-1,110,0,-310,-87,108
-11,125,-2,109,1,-309,-87,106
-10,122,-3,108,2,-309,-86,103
-10,122,-4,109,3,-311,-85,102
-10,121,-4,109,2,-312,-86,102
-11,121,-4,109,1,-313,-86,101
-12,119,-5,108,0,-313,-87,100
-13,116,-7,109,0,-312,-89,93
-14,114,-7,110,1,-312,-89,91
-14,112,-7,109,3,-313,-90,90
-14,110,-7,109,4,-313,-90,87
-14,108,-6,109,4,-313,-90,86
-13,107,-6,109,4,-313,-89,84
-12,105,-6,108,3,-313,-87,85
-11,104,-4,107,3,-313,-84,85
-11,104,-4,107,3,-313,-84,84
-11,104,-4,107,4,-313,-84,84
-12,104,-4,107,5,-313,-84,84
-12,104,-4,107,5,-313,-85,84
-11,104,-4,106,4,-313,-84,85
-10,104,-4,107,4,-313,-83,85
-8,105,-3,108,4,-313,-81,85
-7,106,-2,109,5,-313,-83,86
-8,108,-1,110,4,-313,-83,87
-9,109,0,110,4,-313,-84,90
-8,111,0,110,4,-313,-84,91
-7,114,-1,110,4,-313,-83,95
-7,116,-1,110,4,-313,-83,96
-8,118,0,110,4,-313,-83,98
-8,121,0,110,4,-313,-84,104
-8,124,2,111,4,-313,-84,107
-6,127,3,112,4,-313,-81,111
-5,131,3,112,4,-313,-81,114
-5,136,4,111,4,-313,-79,122
-5,140,5,110,4,-313,-78,126
-5,145,7,110,4,-313,-78,131
-4,149,7,111,4,-313,-78,135
-3,153,7,112,4,-313,-78,140
-3,156,8,112,4,-313,-76,144
-2,161,9,113,4,-313,-79,147
-1,166,9,113,4,-313,-75,153
0,171,9,113,4,-313,-74,158
0,176,9,113,4,-313,-73,163
2,180,10,114,5,-311,-74,168
3,184,12,115,5,-309,-73,174
4,188,13,116,5,-308,-73,179
4,193,13,116,5,-307,-72,183
5,197,13,116,5,-308,-72,187
7,202,13,116,5,-308,-69,192
8,205,13,116,5,-308,-68,196
9,208,14,117,5,-308,-68,198
9,212,14,117,5,-308,-68,202
9,215,15,118,5,-308,-68,206
10,219,15,119,5,-308,-67,211
10,222,16,119,5,-308,-67,213
11,224,16,119,5,-308,-65,216
12,227,16,119,5,-306,-65,218
13,228,16,120,5,-304,-64,219
13,229,16,119,5,-303,-64,220
13,231,16,119,5,-303,-64,222
14,233,16,119,5,-303,-63,224
14,235,17,120,5,-303,-63,227
16,236,17,120,5,-303,-64,230
16,236,17,122,5,-303,-63,228
16,236,16,122,5,-303,-64,228
16,235,15,122,5,-303,-63,227
16,234,14,121,5,-303,-63,225
18,233,14,121,5,-303,-62,224
18,232,15,121,5,-303,-62,223
18,231,17,121,6,-303,-62,223
18,230,16,122,7,-301,-62,220
18,228,14,122,8,-300,-62,219
18,226,13,123,9,-298,-64,218
17,225,14,125,10,-298,-64,216
17,224,15,125,10,-298,-64,214
18,222,15,125,10,-299,-64,213
17,220,14,124,10,-299,-64,211
16,218,13,123,10,-298,-65,208
16,215,13,124,10,-298,-65,206
15,212,14,124,10,-298,-67,202
15,209,15,123,10,-299,-64,200
15,207,14,122,10,-299,-64,198
15,206,14,122,10,-298,-64,196
15,204,13,122,10,-297,-64,195
14,202,14,122,10,-295,-65,192
13,199,14,122,10,-293,-65,190
14,196,14,122,10,-293,-65,186
14,192,14,123,10,-293,-68,183
13,190,13,123,10,-294,-68,178
12,189,12,122,10,-294,-69,177
10,187,10,121,10,-293,-68,175
9,184,9,119,10,-293,-69,172
8,181,9,119,10,-293,-70,169
7,179,10,120,10,-293,-72,166
5,177,10,120,10,-293,-73,164
3,174,8,119,10,-293,-75,161
2,172,7,117,10,-293,-76,158
2,169,6,116,10,-293,-75,156
2,166,5,116,10,-293,-75,151
2,163,6,116,10,-293,-76,147
0,161,5,116,10,-293,-78,145
-1,159,6,117,10,-293,-80,144
-3,157,6,117,10,-293,-83,144
-4,154,6,116,10,-293,-83,139
-4,151,5,115,10,-293,-83,135
-4,148,3,115,10,-293,-83,133
-5,145,1,114,10,-293,-84,129
-6,142,0,115,10,-293,-84,125
-7,139,1,114,10,-293,-85,123
-8,135,2,114,10,-293,-84,118
-8,132,1,112,10,-293,-84,115
-9,129,0,111,10,-294,-84,113
-9,127,-1,110,10,-294,-85,108
-10,125,-1,110,10,-293,-86,106
-12,122,-1,110,11,-292,-87,102
-13,119,0,110,11,-290,-89,100
-13,116,-1,110,11,-289,-87,96
-12,113,-3,110,11,-288,-87,93
-13,110,-5,109,11,-289,-89,90
-15,108,-5,108,11,-289,-90,87
-16,105,-5,107,11,-289,-89,86
-16,103,-4,107,11,-289,-89,83
-17,100,-4,107,11,-289,-89,80
-17,97,-4,107,11,-289,-90,76
-18,93,-4,107,11,-289,-91,73
-20,90,-4,107,11,-289,-92,70
-20,89,-4,107,11,-289,-92,68
-19,87,-4,107,11,-289,-91,67
-19,85,-5,106,11,-289,-91,64
-20,81,-7,104,11,-287,-92,61
-21,78,-8,104,11,-285,-93,54
-23,76,-8,103,11,-284,-95,53
-24,75,-8,103,11,-283,-96,52
-24,75,-8,104,11,-284,-96,52
-25,73,-8,104,11,-284,-96,50
-25,71,-9,105,11,-284,-97,47
-25,69,-10,105,11,-284,-100,46
-26,68,-10,106,11,-284,-100,45
-26,66,-11,107,11,-284,-101,42
-27,64,-11,107,11,-284,-101,37
-28,62,-11,107,11,-284,-102,36
-27,61,-11,107,11,-284,-101,37
-28,62,-11,107,11,-284,-102,39
-29,61,-11,107,11,-284,-103,37
-31,61,-11,107,11,-284,-104,37
-32,60,-11,107,11,-284,-106,34
-32,59,-12,106,11,-284,-106,32
-32,59,-13,106,11,-284,-106,32
-32,59,-12,106,11,-284,-106,32
-32,59,-11,107,11,-284,-106,32
-31,60,-11,107,11,-284,-104,36
-29,61,-11,107,11,-284,-103,37
-27,62,-11,107,11,-284,-101,39
-27,62,-11,107,11,-284,-101,39
-28,62,-11,107,11,-284,-102,39
-28,62,-11,107,11,-284,-102,36
-28,62,-11,107,11,-284,-102,36
-27,62,-11,107,11,-284,-101,39
-26,63,-10,106,11,-284,-100,39
-25,63,-10,105,11,-284,-100,40
-25,65,-10,105,11,-284,-96,41
-25,67,-9,105,11,-284,-97,43
-25,69,-10,105,11,-284,-97,46
-25,71,-10,105,11,-284,-100,48
-25,73,-10,106,11,-284,-98,50
-24,73,-11,107,11,-284,-98,50
-23,73,-11,107,11,-284,-97,47
-23,74,-11,107,11,-284,-97,48
-23,75,-11,107,11,-284,-97,51
-24,75,-11,107,11,-284,-98,52
-25,76,-11,107,11,-284,-100,53
-25,78,-11,107,11,-284,-100,54
-26,79,-11,107,11,-284,-101,56
-26,80,-11,107,11,-284,-101,57
-25,80,-11,107,11,-284,-100,57
-24,80,-11,107,11,-284,-98,57
-24,81,-11,107,11,-284,-98,58
-24,82,-11,107,11,-284,-98,58
-25,82,-11,107,11,-284,-100,57
-26,83,-11,107,11,-284,-101,57
-27,83,-11,107,11,-284,-102,61
-28,84,-10,106,11,-284,-103,61
-28,84,-10,105,11,-284,-103,61
-28,84,-10,106,11,-284,-103,61
-28,84,-11,107,11,-284,-103,61
-28,84,-11,107,11,-284,-103,58
-28,84,-11,107,11,-284,-103,58
-29,83,-11,107,11,-284,-104,61
-30,83,-11,107,11,-283,-104,59
-30,81,-11,107,11,-282,-104,58
-30,79,-11,107,11,-282,-104,56
-30,77,-11,107,11,-282,-104,53
-32,76,-11,107,11,-282,-107,53
-34,75,-11,107,11,-281,-108,52
-34,75,-11,107,11,-279,-109,51
-34,74,-12,106,11,-278,-108,47
-33,72,-14,104,11,-279,-108,46
-34,70,-14,104,11,-279,-108,43
-35,68,-14,104,11,-279,-109,42
-36,67,-12,106,11,-279,-109,41
-36,65,-12,106,11,-279,-109,39
-36,63,-13,105,11,-279,-109,37
-36,61,-14,104,11,-279,-111,34
-37,58,-15,103,11,-278,-111,32
-38,57,-15,104,11,-279,-113,30
-39,55,-14,104,11,-279,-113,29
-40,54,-14,104,11,-280,-114,28
-39,52,-14,104,11,-281,-113,25
-38,49,-15,104,11,-280,-112,23
-36,47,-14,104,11,-280,-111,20
-36,46,-15,104,11,-280,-109,19
-36,46,-15,104,11,-280,-109,19
-36,46,-15,104,11,-280,-111,19
-36,47,-14,104,11,-281,-109,20
-36,46,-14,104,11,-282,-109,20
-35,45,-15,103,11,-283,-108,19
-34,43,-16,103,11,-283,-106,17
-33,42,-16,102,11,-282,-104,15
-33,42,-16,103,11,-282,-104,15
-33,42,-15,103,11,-282,-107,15
-34,42,-14,104,11,-282,-107,15
-33,42,-14,104,11,-282,-107,15
-34,43,-15,104,11,-283,-108,17
-35,45,-15,104,11,-284,-108,19
-36,46,-14,104,11,-284,-109,19
-36,46,-14,104,11,-284,-111,19
-36,46,-15,104,11,-284,-109,20
-35,48,-15,103,11,-284,-109,21
-34,50,-14,104,11,-284,-108,24
-34,53,-14,104,11,-284,-108,26
-34,55,-12,106,11,-284,-108,29
-34,57,-11,107,11,-284,-108,30
-34,60,-11,107,11,-284,-108,36
-33,63,-11,107,11,-284,-108,39
-33,66,-11,107,11,-284,-107,42
-33,69,-12,107,11,-284,-107,42
-33,71,-12,108,11,-284,-107,45
-33,74,-11,109,11,-284,-109,48
-32,77,-10,112,11,-283,-109,51
-31,81,-10,113,11,-284,-111,54
-29,85,-10,114,11,-284,-108,59
-27,88,-11,114,11,-285,-107,63
-26,92,-11,114,11,-285,-106,67
-25,95,-11,114,11,-285,-104,70
-24,99,-10,114,11,-285,-104,73
-22,103,-10,115,11,-285,-102,78
-20,106,-8,116,11,-285,-101,81
-18,110,-7,117,12,-287,-98,87
-17,114,-7,118,12,-288,-97,91
-16,119,-6,119,13,-288,-98,96
-14,123,-4,119,12,-289,-97,101
-13,127,-3,119,11,-289,-93,104
-11,130,-3,119,11,-289,-92,108
-10,134,-3,120,11,-289,-92,113
-8,139,-2,121,11,-289,-91,117
-7,143,0,122,11,-289,-91,124
-6,148,1,122,11,-289,-89,129
-4,151,1,122,11,-289,-87,133
-2,155,0,122,11,-289,-86,136
0,158,0,123,11,-289,-84,140
0,161,1,124,13,-289,-83,142
2,163,3,124,13,-289,-81,145
2,166,5,124,12,-289,-80,150
2,169,6,124,11,-288,-81,153
1,171,6,123,12,-288,-79,156
2,172,6,123,14,-289,-79,157
3,174,6,123,15,-290,-78,158
4,176,6,124,15,-291,-79,161
3,177,7,125,14,-290,-80,162
3,179,9,126,14,-289,-80,163
2,179,8,126,14,-289,-81,163
2,178,7,124,14,-289,-81,163
3,178,6,124,15,-289,-80,163
2,178,7,124,15,-289,-81,163
1,180,8,126,16,-289,-83,164
0,182,9,126,16,-289,-83,167
0,183,7,125,16,-289,-83,168
1,182,5,124,16,-289,-83,167
1,180,4,125,16,-289,-83,164
1,178,4,126,16,-289,-81,163
1,177,3,126,16,-289,-84,159
1,178,3,127,16,-289,-84,161
1,178,3,127,16,-289,-85,159
0,177,3,127,16,-289,-86,159
-1,176,3,126,16,-289,-85,158
0,175,4,126,16,-289,-85,159
0,173,4,126,16,-289,-84,156
1,173,3,127,16,-289,-85,155
0,172,3,127,16,-289,-85,153
0,170,1,126,16,-289,-86,152
0,168,0,125,16,-289,-84,150
-1,166,0,125,16,-289,-85,147
-1,163,2,126,16,-289,-87,145
-2,160,3,127,16,-289,-89,142
-2,159,2,126,16,-289,-89,141
-3,159,0,125,16,-289,-86,140
-4,158,0,124,16,-289,-87,140
-5,156,0,124,16,-289,-89,137
-5,154,0,125,16,-289,-89,135
-5,152,0,125,16,-289,-89,133
-5,150,0,124,16,-289,-89,131
-6,148,0,123,16,-289,-89,129
-6,146,0,123,16,-289,-90,128
-7,145,0,124,16,-289,-90,126
-7,144,0,124,16,-289,-91,124
-7,142,0,123,16,-289,-91,123
-8,139,-1,122,16,-289,-91,120
-9,137,-2,122,16,-289,-92,114
-10,134,-3,121,16,-289,-93,112
-12,132,-2,122,16,-289,-95,111
-13,130,-3,121,16,-289,-96,108
-14,129,-3,121,16,-289,-97,107
-14,126,-4,121,16,-289,-97,104
-15,124,-4,120,16,-289,-98,102
-17,121,-3,120,16,-289,-100,100
-18,119,-3,121,16,-289,-101,96
-20,116,-5,122,16,-289,-103,93
-21,114,-7,122,16,-289,-106,89
-21,112,-8,121,16,-289,-104,86
-22,110,-8,119,16,-289,-104,85
-24,106,-8,118,16,-289,-107,81
-26,102,-8,119,16,-289,-108,76
-27,97,-10,119,16,-289,-109,72
-27,94,-12,118,16,-289,-109,68
-27,91,-13,116,16,-289,-109,65
-27,88,-12,115,16,-289,-107,63
-28,86,-11,114,16,-289,-107,59
-29,82,-10,114,16,-289,-109,57
-31,78,-10,114,16,-289,-111,52
-33,74,-11,114,16,-289,-112,47
-34,69,-12,113,16,-288,-113,43
-34,66,-13,112,16,-287,-113,40
-34,64,-14,111,16,-286,-111,37
-35,61,-15,110,16,-285,-112,35
-35,58,-14,111,16,-284,-112,31
-36,54,-14,111,16,-284,-112,28
-36,50,-15,110,16,-284,-113,23
-37,46,-16,109,16,-284,-114,17
-38,43,-16,109,16,-284,-114,14
-39,41,-15,110,16,-284,-115,14
-39,39,-15,110,16,-284,-115,12
-40,36,-15,110,16,-284,-115,7
-40,35,-17,108,16,-284,-117,4
-40,33,-18,108,16,-284,-117,3
-41,32,-18,107,16,-284,-118,3
-43,31,-18,107,16,-284,-119,2
-43,30,-18,107,16,-284,-119,0
-43,28,-18,108,16,-284,-118,-1
-42,26,-19,108,16,-284,-118,-3
-43,25,-21,110,16,-284,-122,-6
-44,25,-21,111,16,-284,-123,-7
-46,24,-22,111,16,-284,-124,-8
-46,24,-21,111,16,-284,-125,-8
-46,24,-21,111,16,-284,-124,-8
-46,24,-21,111,16,-284,-124,-8
-46,24,-21,111,16,-284,-124,-8
-46,24,-21,111,16,-284,-124,-8
-46,24,-21,111,16,-285,-124,-8
-46,25,-21,111,16,-285,-124,-7
-46,25,-21,111,16,-286,-125,-6
-47,26,-21,111,16,-285,-125,-6
-47,25,-21,111,16,-285,-125,-7
-46,24,-21,111,16,-284,-125,-8
-46,24,-21,111,16,-283,-124,-8
-45,25,-22,111,16,-284,-123,-7
-43,27,-22,112,16,-285,-124,-4
-43,29,-22,113,16,-288,-124,-2
-44,31,-22,112,16,-289,-125,-1
-44,31,-21,112,16,-289,-123,-1
-44,31,-21,111,16,-289,-123,-1
-44,30,-21,111,16,-289,-123,-1
-44,30,-21,111,16,-289,-123,-1
-43,32,-21,112,16,-287,-122,0
-42,34,-20,112,16,-285,-120,1
-41,36,-18,112,16,-285,-119,6
-40,38,-17,112,16,-287,-119,8
-39,39,-17,113,16,-289,-118,9
-39,41,-17,114,16,-289,-120,10
-39,42,-17,113,16,-289,-118,13
-40,44,-16,112,16,-289,-119,14
-40,46,-16,112,15,-289,-119,17
-39,48,-14,113,14,-288,-118,19
-37,51,-13,114,14,-287,-115,24
-36,54,-11,114,15,-286,-115,26
-36,56,-10,114,16,-287,-114,29
-35,59,-12,115,16,-288,-114,32
-35,62,-13,116,16,-289,-117,35
-35,65,-13,116,16,-289,-117,36
-35,68,-13,116,16,-289,-117,41
-35,71,-13,117,16,-289,-117,42
-34,73,-14,117,16,-289,-115,45
-33,75,-14,118,16,-287,-115,46
-32,76,-14,117,16,-287,-113,48
-30,79,-14,117,16,-288,-112,50
-28,82,-13,119,16,-289,-111,53
-29,85,-11,120,15,-289,-112,59
-30,87,-10,121,14,-289,-115,61
-31,88,-10,121,14,-289,-115,62
-29,89,-11,120,14,-289,-112,63
-28,90,-12,119,15,-289,-111,64
-27,91,-12,120,16,-289,-112,65
-28,93,-11,120,16,-289,-113,68
-28,94,-10,121,16,-289,-113,69
-29,95,-10,121,16,-289,-114,69
-29,95,-11,121,16,-289,-114,69
-29,95,-11,121,16,-289,-114,69
-29,94,-10,121,16,-289,-114,69
-28,93,-10,121,16,-289,-113,68
-27,92,-10,121,14,-289,-112,67
-27,90,-12,122,13,-289,-112,62
-28,89,-13,123,11,-289,-114,61
-28,87,-13,123,10,-289,-115,59
-29,85,-12,122,10,-289,-113,57
-29,84,-10,121,11,-289,-113,58
-29,81,-10,120,13,-289,-114,56
-29,79,-12,120,13,-289,-114,53
-29,76,-13,119,12,-289,-112,48
-28,74,-14,118,11,-289,-111,45
-28,71,-13,118,10,-289,-111,42
-29,68,-13,119,10,-289,-111,39
-31,65,-13,119,11,-289,-115,36
-32,63,-14,118,13,-289,-114,34
-33,61,-13,116,13,-289,-114,31
-33,59,-12,115,12,-288,-112,32
-34,56,-11,115,12,-286,-113,30
-36,54,-11,115,12,-285,-114,28
-37,51,-12,115,13,-285,-115,25
-38,49,-13,114,13,-285,-117,21
-38,47,-13,113,12,-285,-117,20
-39,45,-13,112,11,-285,-118,18
-39,43,-14,112,11,-284,-118,15
-39,41,-16,112,12,-284,-117,12
-37,40,-17,113,13,-283,-115,10
-38,39,-17,113,13,-284,-117,10
-39,39,-17,113,13,-284,-118,9
-41,38,-15,112,12,-284,-119,8
-42,38,-14,111,11,-283,-118,10
-42,38,-14,110,11,-282,-118,10
-40,38,-14,111,11,-281,-117,12
-39,39,-15,111,12,-281,-115,12
-39,39,-15,111,12,-281,-114,12
-38,39,-14,111,11,-281,-114,12
-38,40,-14,111,11,-280,-114,13
-39,41,-15,111,11,-279,-118,14
-39,43,-15,112,11,-279,-118,13
-40,43,-16,112,11,-279,-119,14
-40,44,-16,112,11,-279,-119,14
-39,46,-15,111,11,-279,-115,19
-39,49,-14,110,11,-279,-115,21
-39,51,-14,111,11,-279,-115,25
-39,54,-15,112,11,-279,-119,24
-39,56,-17,113,11,-279,-119,26
-39,58,-18,114,11,-279,-120,29
-38,60,-17,114,11,-279,-117,31
-37,62,-15,114,11,-279,-117,32
-36,65,-13,115,11,-279,-115,39
-36,67,-12,116,11,-279,-118,40
-35,69,-13,117,11,-279,-117,42
-34,71,-14,117,11,-279,-117,42
-34,73,-15,117,11,-279,-115,45
-34,75,-16,116,11,-279,-117,46
-36,76,-15,117,11,-279,-118,47
-36,78,-14,117,11,-279,-119,48
-36,79,-14,118,11,-279,-118,51
-34,81,-14,118,11,-279,-115,52
-33,81,-14,117,11,-279,-115,53
-33,83,-14,117,11,-279,-115,54
-34,85,-14,117,11,-279,-117,56
-35,86,-14,118,11,-279,-118,57
-35,86,-14,117,11,-279,-117,57
-35,84,-14,118,11,-279,-117,56
-34,84,-14,118,11,-279,-117,56
-35,84,-14,117,11,-279,-117,56
-35,85,-14,117,11,-279,-117,57
-35,85,-14,117,11,-279,-117,56
-34,83,-14,118,11,-279,-115,54
-33,81,-13,119,11,-279,-115,52
-32,80,-13,119,11,-279,-114,51
-32,79,-13,119,11,-279,-113,51
-32,79,-14,118,11,-279,-113,51
-31,78,-14,117,11,-279,-113,50
-31,77,-14,117,11,-279,-113,48
-30,77,-14,117,11,-279,-112,48
-30,77,-14,118,11,-279,-112,48
-31,77,-14,118,11,-279,-113,48
-32,76,-14,117,11,-279,-113,48
-33,74,-14,117,11,-279,-114,46
-33,72,-14,117,11,-279,-114,43
-33,70,-14,117,11,-279,-114,41
-32,70,-14,117,11,-279,-114,41
-32,70,-14,117,11,-279,-114,41
-32,71,-14,117,11,-279,-114,42
-32,71,-14,117,11,-279,-114,42
-32,71,-14,117,11,-279,-114,42
-32,70,-14,117,11,-279,-114,41
-33,70,-14,117,11,-279,-114,41
-32,71,-14,117,11,-279,-114,42
-31,71,-14,117,11,-279,-113,42
-29,72,-14,117,11,-279,-111,43
-28,72,-14,118,11,-279,-111,43
-28,73,-14,118,11,-279,-109,45
-28,74,-14,117,11,-279,-111,46
-29,74,-14,117,11,-279,-111,46
-29,74,-14,118,11,-279,-111,46
-29,74,-14,118,11,-278,-112,46
-29,76,-13,119,11,-278,-112,47
-29,77,-13,119,11,-279,-111,48
-27,79,-13,119,11,-280,-109,50
-26,79,-14,120,11,-281,-111,51
-26,81,-14,122,11,-280,-111,52
-28,83,-13,123,11,-279,-112,54
-29,83,-12,123,11,-278,-113,54
-28,83,-11,122,11,-278,-113,54
-27,84,-11,122,11,-279,-112,56
-26,87,-11,122,11,-279,-111,58
-25,89,-11,121,11,-279,-111,63
-26,90,-10,121,11,-279,-111,64
-28,90,-10,121,11,-279,-113,64
-28,90,-10,121,11,-279,-113,64
-28,89,-10,121,11,-279,-113,63
-27,90,-10,121,11,-279,-112,64
-26,90,-11,121,11,-279,-111,64
-26,90,-10,121,11,-279,-111,64
-26,90,-9,122,11,-279,-111,64
-26,90,-8,121,12,-277,-111,64
-28,90,-8,120,12,-275,-109,64
-30,89,-8,119,12,-274,-112,63
-31,88,-8,118,12,-274,-113,62
-30,86,-8,117,12,-274,-111,63
-29,85,-7,117,12,-274,-108,62
-28,84,-7,117,12,-274,-108,61
-28,83,-7,117,12,-274,-108,61
-30,83,-8,117,12,-274,-109,59
-31,82,-8,116,12,-274,-111,56
-32,80,-8,116,12,-274,-112,54
-31,78,-8,116,12,-274,-111,54
-32,76,-9,116,12,-272,-112,51
-33,75,-10,115,12,-271,-113,50
-34,74,-10,114,12,-269,-113,47
-33,72,-11,114,12,-269,-113,46
-32,69,-11,114,12,-269,-112,42
-32,67,-10,114,12,-269,-111,40
-32,65,-10,114,12,-269,-112,39
-34,63,-11,114,11,-269,-113,37
-35,62,-12,115,10,-269,-114,35
-36,59,-14,116,11,-269,-118,30
-36,57,-15,116,12,-269,-118,28
-35,56,-17,116,11,-269,-117,26
-35,54,-17,115,9,-269,-115,25
-35,53,-18,114,8,-269,-117,24
-36,51,-18,114,9,-269,-118,21
-37,49,-18,114,10,-269,-118,20
-37,47,-18,114,11,-269,-118,18
-38,46,-18,114,12,-269,-119,17
-39,44,-18,114,12,-269,-120,15
-39,43,-18,114,11,-269,-120,13
-39,41,-18,114,10,-269,-120,12
-39,39,-18,114,9,-269,-120,9
-41,38,-17,115,8,-269,-122,8
-42,37,-18,114,9,-269,-123,8
-43,38,-19,113,10,-269,-122,8
-42,38,-20,112,10,-269,-120,6
-41,36,-21,112,9,-269,-120,4
-42,34,-20,112,7,-269,-120,2
-43,32,-19,112,7,-269,-122,2
-44,30,-18,112,7,-269,-123,1
-44,30,-18,111,9,-269,-123,1
-44,31,-19,112,9,-269,-123,1
-44,31,-20,112,9,-269,-123,-1
-44,31,-21,112,9,-269,-123,-1
-44,30,-22,111,9,-269,-123,-1
-44,31,-22,111,9,-269,-123,-1
-45,32,-21,111,8,-269,-124,0
-46,33,-20,112,7,-270,-124,1
-46,35,-18,112,7,-271,-124,4
-45,36,-17,113,7,-270,-124,7
-44,38,-16,114,9,-270,-123,8
-44,40,-17,114,11,-270,-125,10
-44,42,-18,114,11,-272,-125,12
-45,42,-18,114,9,-274,-126,12
-45,41,-18,114,7,-274,-126,12
-44,42,-18,114,6,-274,-125,12
-44,43,-18,114,7,-274,-125,14
-43,46,-18,114,9,-274,-124,17
-42,48,-18,114,10,-274,-124,18
-42,49,-18,114,12,-274,-124,19
-42,50,-18,114,12,-274,-124,20
-42,52,-18,114,12,-274,-124,23
-42,54,-18,114,12,-274,-124,24
-42,55,-18,114,10,-275,-123,25
-41,55,-18,114,8,-277,-123,25
-41,55,-17,115,6,-278,-123,25
-40,55,-16,115,6,-279,-122,25
-39,55,-15,116,8,-279,-120,26
-38,56,-15,117,10,-279,-119,28
-36,57,-14,117,11,-279,-118,28
-36,57,-14,118,11,-279,-118,29
-36,57,-14,118,9,-279,-118,29
-36,57,-14,117,9,-279,-118,28
-36,57,-14,117,9,-278,-118,28
-36,57,-14,117,10,-279,-118,29
-37,58,-14,118,12,-280,-119,29
-38,59,-14,117,12,-282,-119,30
-37,60,-14,118,11,-284,-119,30
-36,60,-14,118,10,-284,-118,31
-34,61,-14,118,9,-284,-115,32
-33,63,-12,118,9,-284,-115,36
-34,64,-11,117,9,-284,-115,37
-34,64,-11,116,8,-283,-113,37
-35,64,-11,115,7,-283,-114,37
-34,63,-12,116,7,-284,-115,37
-34,64,-12,118,8,-284,-115,37
-34,66,-11,118,10,-284,-115,40
-34,68,-9,118,10,-283,-117,41
-36,69,-7,117,8,-283,-115,45
-35,69,-7,118,7,-285,-117,42
-34,69,-9,120,6,-287,-115,43
-32,70,-11,121,6,-288,-117,43
-33,72,-12,120,6,-289,-118,42
-34,74,-12,120,6,-289,-118,45
-33,75,-11,120,6,-288,-115,50
-32,76,-11,120,6,-288,-117,51
-30,77,-10,121,6,-288,-115,51
-31,77,-10,121,6,-288,-115,51
-31,78,-10,121,7,-288,-115,52
-31,80,-10,121,8,-288,-115,54
-30,83,-10,121,8,-288,-114,57
-29,85,-10,121,7,-289,-114,59
-30,87,-10,121,6,-289,-114,61
-30,88,-10,121,6,-288,-115,62
-29,89,-10,121,7,-288,-114,63
-29,91,-11,121,10,-289,-114,65
-28,93,-11,121,11,-290,-113,67
-28,95,-10,121,10,-292,-113,69
-28,96,-10,121,9,-293,-113,70
-26,96,-10,121,7,-294,-111,70
-25,97,-11,121,7,-293,-109,72
-24,97,-11,122,7,-293,-109,69
-24,97,-11,122,9,-293,-109,69
-25,97,-12,122,10,-294,-109,69
-25,97,-12,122,11,-294,-109,69
-25,97,-13,123,11,-293,-109,69
-25,97,-13,123,10,-293,-112,69
-24,97,-13,123,10,-294,-109,69
-24,97,-12,122,10,-295,-109,69
-25,97,-11,122,11,-296,-109,69
-25,97,-12,122,10,-297,-111,69
-26,96,-12,122,10,-297,-111,68
-26,94,-11,122,10,-297,-111,65
-26,92,-11,121,10,-298,-112,67
-26,91,-10,121,10,-299,-111,65
-26,90,-10,121,10,-299,-111,64
-27,88,-10,121,10,-298,-112,62
-28,86,-11,121,10,-298,-112,61
-28,84,-11,121,10,-298,-113,58
-28,83,-10,121,10,-299,-113,57
-29,81,-10,121,10,-299,-114,56
-29,79,-10,121,10,-298,-114,53
-30,77,-11,120,10,-298,-112,51
-30,77,-13,119,10,-299,-112,48
-32,76,-14,118,10,-300,-113,48
-33,75,-14,117,10,-301,-114,46
-34,71,-14,117,10,-302,-115,42
-35,67,-14,118,10,-302,-117,39
-35,65,-14,118,10,-302,-117,36
-36,63,-14,118,10,-303,-117,34
-37,62,-14,118,10,-303,-118,34
-38,61,-14,117,10,-303,-120,32
-40,60,-14,117,10,-303,-122,30
-40,57,-14,117,10,-303,-122,28
-40,55,-14,118,10,-303,-122,25
-39,53,-15,119,10,-303,-124,24
-39,52,-15,119,10,-303,-123,23
-40,50,-17,117,10,-303,-122,20
-41,49,-17,115,10,-303,-123,19
-41,47,-16,115,10,-303,-123,18
-40,46,-15,116,10,-303,-122,17
-39,45,-14,117,10,-303,-120,15
-38,44,-14,117,10,-303,-119,14
-39,44,-16,116,10,-303,-120,14
-41,45,-17,115,10,-303,-123,15
-42,47,-17,115,10,-303,-124,17
-43,48,-16,115,10,-303,-124,18
-43,49,-15,117,10,-304,-124,19
-41,49,-14,117,10,-305,-123,19
-39,50,-15,117,10,-305,-120,20
-38,50,-15,116,10,-305,-119,21
-38,50,-15,116,10,-305,-119,21
-38,50,-14,117,10,-307,-119,21
-39,51,-14,118,10,-308,-120,21
-39,54,-14,118,10,-309,-120,25
-38,58,-14,117,10,-308,-120,29
-38,60,-14,117,10,-308,-119,31
-38,61,-14,117,10,-308,-120,32
-39,61,-14,118,10,-308,-120,32
-39,63,-14,118,10,-308,-122,34
-39,65,-14,117,10,-308,-120,36
-38,67,-14,117,10,-308,-119,39
-37,68,-14,117,10,-308,-119,40
-36,68,-14,118,10,-308,-118,40
-36,68,-13,119,10,-308,-118,40
-37,69,-13,119,10,-308,-119,40
-38,71,-13,118,10,-308,-120,42
-39,72,-14,118,10,-308,-120,43
-39,73,-14,118,10,-308,-120,43
-39,72,-13,118,10,-308,-122,43
-39,72,-13,119,10,-308,-120,43
-39,72,-13,119,10,-308,-122,43
-39,73,-14,118,10,-308,-122,43
-39,72,-14,117,10,-308,-120,43
-38,71,-14,118,10,-308,-120,42
-37,70,-13,119,10,-308,-119,41
-37,68,-13,119,10,-308,-119,40
-38,67,-13,119,10,-308,-119,37
-39,65,-14,118,10,-308,-120,36
-39,63,-14,117,10,-308,-122,34
-39,61,-14,117,10,-308,-120,32
-38,60,-14,117,10,-308,-119,31
-36,58,-14,118,10,-308,-118,29
-35,56,-14,118,10,-308,-117,28
-35,54,-14,117,10,-308,-115,25
-35,52,-15,117,10,-308,-117,23
-37,51,-15,116,10,-308,-118,21
-37,49,-17,116,10,-308,-119,20
-37,47,-18,116,10,-308,-118,15
-36,46,-18,116,10,-308,-118,14
-36,46,-18,116,10,-308,-117,17
-35,45,-17,116,10,-308,-117,15
-34,43,-17,115,10,-308,-115,14
-33,42,-17,115,10,-310,-114,13
-33,41,-18,114,10,-311,-114,12
-33,42,-18,114,9,-313,-114,13
-34,43,-18,114,9,-314,-115,14
-36,45,-18,115,9,-313,-117,15
-36,46,-18,115,9,-313,-117,17
-35,47,-18,114,9,-313,-115,18
-33,49,-18,114,9,-313,-114,20
-33,51,-18,114,9,-313,-114,21
-34,53,-19,116,9,-313,-115,21
-35,54,-19,117,9,-313,-118,23
-35,56,-18,118,9,-313,-119,24
-33,58,-18,119,9,-314,-118,26
-32,61,-18,120,9,-316,-117,30
-32,65,-17,121,9,-318,-117,32
-33,68,-17,121,9,-318,-117,37
-33,72,-17,120,9,-318,-118,43
-34,74,-16,120,9,-318,-118,45
-33,75,-15,121,9,-318,-118,47
-32,78,-14,123,9,-318,-119,48
-32,80,-14,125,9,-318,-119,51
-33,82,-14,125,9,-318,-120,53
-34,85,-14,125,9,-318,-122,56
-35,88,-14,124,9,-318,-122,59
-34,90,-14,124,9,-318,-122,62
-33,92,-14,124,9,-318,-120,63
-33,93,-14,125,9,-318,-120,64
-33,93,-14,124,9,-318,-120,64
-33,93,-14,124,9,-318,-120,64
-34,94,-14,124,9,-318,-122,65
-35,95,-14,124,9,-318,-122,67
-35,96,-14,124,9,-317,-122,67
-35,95,-14,124,9,-316,-122,67
-34,94,-14,125,9,-317,-122,65
-33,92,-14,125,9,-317,-120,64
-33,92,-14,124,9,-317,-120,63
-33,92,-13,124,9,-316,-120,64
-33,93,-12,122,9,-314,-118,64
-33,92,-12,122,9,-314,-118,64
-33,91,-12,123,9,-315,-118,62
-33,89,-13,124,9,-316,-120,61
-32,87,-13,124,9,-316,-119,58
-31,86,-13,123,9,-315,-118,57
-31,84,-13,121,9,-315,-115,56
-31,82,-13,121,9,-316,-115,53
-32,80,-12,121,9,-316,-117,52
-32,78,-12,122,9,-315,-117,48
-33,76,-12,120,9,-315,-118,47
-34,73,-13,119,9,-314,-115,45
-35,70,-14,118,9,-314,-117,41
-35,68,-14,117,9,-315,-117,40
-36,68,-14,118,9,-316,-118,40
-36,68,-14,118,9,-318,-118,40
-37,68,-14,118,9,-318,-119,40
-37,66,-14,118,9,-318,-119,37
-38,64,-14,117,9,-318,-119,35
-38,61,-14,117,9,-318,-120,32
-39,61,-14,117,9,-318,-120,31
-39,61,-14,117,9,-318,-120,32
-39,62,-14,118,9,-318,-120,32
-39,61,-14,118,9,-318,-120,32
-39,61,-14,117,9,-318,-120,32
-39,61,-14,117,9,-318,-120,32
-37,62,-14,118,9,-318,-119,34
-36,63,-15,119,9,-318,-119,34
-34,64,-17,120,9,-318,-118,35
-34,64,-18,121,9,-318,-118,32
-35,65,-17,121,9,-318,-119,34
-36,67,-15,121,9,-318,-120,37
-35,68,-14,122,9,-318,-119,40
-34,70,-14,123,9,-318,-120,41
-33,72,-15,123,9,-318,-120,43
-33,73,-15,124,9,-318,-120,45
-33,75,-14,124,9,-318,-120,46
-32,76,-14,125,9,-318,-119,47
-31,78,-14,125,9,-318,-118,50
-30,81,-14,124,9,-318,-117,52
-30,84,-14,124,9,-318,-117,56
-30,87,-14,125,9,-318,-118,58
-31,88,-14,125,9,-318,-118,59
-31,88,-14,124,9,-318,-118,59
-29,89,-14,124,9,-318,-117,61
-28,91,-14,124,9,-318,-115,63
-28,93,-13,125,9,-318,-115,64
-28,94,-11,127,9,-318,-115,65
-29,95,-10,128,9,-318,-117,67
-28,97,-10,127,9,-318,-115,69
-28,99,-10,126,9,-318,-115,70
-27,101,-10,125,9,-316,-114,73
-27,102,-10,126,9,-314,-114,74
-27,101,-10,127,9,-314,-114,73
-27,101,-10,128,10,-314,-114,73
-27,101,-10,128,9,-315,-114,73
-27,101,-10,128,9,-314,-114,73
-27,101,-10,128,10,-314,-114,73
-27,101,-10,128,10,-313,-114,73
-27,101,-10,128,10,-313,-114,73
-27,101,-10,127,9,-313,-114,73
-25,102,-9,127,8,-313,-112,76
-24,103,-9,126,8,-313,-111,78
-24,103,-9,127,7,-313,-112,78
-25,102,-9,126,8,-313,-113,76
-26,101,-8,125,8,-313,-114,76
-26,101,-7,124,8,-313,-111,76
-25,102,-7,124,8,-313,-111,76
-26,102,-8,125,8,-313,-111,76
-26,103,-9,127,8,-313,-114,78
-27,104,-10,128,8,-313,-114,75
-26,103,-10,128,8,-313,-117,75
-26,102,-10,128,7,-313,-113,74
-26,101,-11,127,5,-313,-113,73
-27,101,-11,126,5,-311,-114,73
-27,101,-11,126,5,-309,-114,73
-27,101,-12,126,6,-308,-114,73
-27,101,-11,127,7,-307,-114,73
-26,100,-11,127,6,-308,-113,72
-25,98,-10,127,5,-309,-113,70
-25,96,-10,126,5,-310,-113,68
-28,95,-11,125,6,-309,-115,67
-29,95,-11,124,7,-308,-117,67
-29,94,-11,124,7,-308,-117,67
-28,93,-11,124,5,-307,-115,65
-27,92,-12,123,5,-308,-112,63
-28,90,-12,122,5,-308,-112,62
-29,88,-13,123,5,-308,-117,59
-30,87,-14,125,5,-308,-117,58
-30,85,-14,125,5,-307,-117,57
-30,83,-14,124,5,-306,-117,54
-31,80,-13,123,6,-306,-115,52
-31,78,-11,122,7,-307,-115,52
-30,78,-11,122,7,-307,-115,52
-30,77,-13,123,7,-306,-114,48
-31,75,-15,123,6,-305,-118,46
-32,72,-15,123,5,-304,-119,43
-32,71,-15,123,5,-304,-119,42
-32,70,-14,124,5,-304,-119,41
-32,70,-13,125,5,-303,-119,41
-34,70,-14,125,5,-303,-120,41
-35,69,-15,123,5,-303,-122,40
-36,67,-16,122,5,-303,-123,35
-35,65,-17,121,5,-303,-119,34
-34,64,-18,121,5,-303,-118,32
-34,63,-18,121,5,-303,-118,31
-34,64,-17,121,5,-303,-118,32
-34,66,-17,122,5,-303,-118,35
-33,68,-16,122,5,-303,-119,40
-32,70,-16,122,5,-303,-119,41
-32,71,-16,122,5,-303,-119,40
-32,71,-17,121,5,-303,-117,40
-33,72,-16,122,5,-303,-119,40
-34,73,-15,123,5,-303,-120,45
-35,75,-14,124,5,-303,-122,46
-36,76,-14,124,5,-303,-123,47
-35,78,-15,123,5,-303,-123,50
-34,81,-15,123,5,-303,-120,52
-32,84,-14,124,5,-303,-119,56
-31,86,-14,125,5,-303,-118,57
-31,88,-14,125,5,-303,-118,59
-31,90,-14,124,5,-303,-119,62
-31,92,-14,124,5,-303,-118,63
-30,93,-14,125,5,-303,-118,65
-29,94,-14,125,5,-303,-117,67
-29,96,-14,125,5,-303,-117,68
-29,98,-14,124,5,-303,-117,70
-28,100,-13,124,5,-303,-115,72
-27,101,-11,125,5,-303,-114,73
-26,101,-10,126,5,-303,-114,74
-27,101,-10,125,5,-303,-114,75
-27,101,-10,123,5,-303,-112,75
-27,101,-10,122,5,-303,-112,75
-27,101,-10,123,5,-303,-112,75
-27,101,-9,124,5,-303,-112,76
-27,101,-9,124,5,-303,-112,76
-27,101,-8,123,4,-303,-112,75
-26,100,-8,122,3,-303,-112,74
-25,98,-9,122,4,-303,-109,73
-24,97,-9,122,5,-303,-109,72
-24,97,-9,122,5,-303,-109,72
-26,96,-10,122,5,-303,-111,70
-28,95,-10,121,5,-301,-113,69
-28,93,-10,121,5,-299,-113,68
-28,91,-10,121,5,-298,-113,65
-26,89,-10,121,6,-298,-111,63
-24,87,-10,121,5,-298,-109,62
-24,86,-10,121,5,-298,-108,61
-25,86,-10,121,5,-298,-111,59
-27,84,-10,121,5,-298,-112,58
-28,83,-10,121,5,-298,-112,57
-27,81,-10,121,5,-298,-112,54
-26,79,-10,121,5,-298,-111,53
-26,79,-10,121,5,-298,-111,53
-27,79,-10,121,5,-298,-112,53
-28,79,-10,121,5,-298,-112,52
-29,78,-10,121,5,-298,-113,52
-29,78,-10,121,5,-298,-114,52
-30,77,-10,121,5,-298,-115,51
-30,77,-10,121,5,-298,-115,51
-30,77,-10,121,5,-298,-115,51
-30,77,-10,121,5,-298,-115,51
-31,77,-10,121,5,-298,-115,51
-31,78,-10,121,5,-298,-115,52
-30,79,-10,121,5,-298,-114,53
-28,81,-10,121,6,-299,-113,56
-28,83,-10,121,5,-299,-112,57
-28,83,-10,121,5,-300,-113,57
-28,83,-10,122,5,-299,-113,57
-29,84,-9,122,6,-299,-113,58
-29,85,-9,122,6,-298,-114,59
-29,87,-9,122,5,-298,-113,62
-28,90,-8,123,4,-298,-112,64
-26,91,-8,123,3,-298,-111,65
-26,91,-9,122,4,-298,-111,65
-26,90,-10,121,5,-298,-111,64
-27,90,-10,121,6,-298,-112,64
-26,90,-10,121,6,-299,-111,64
-25,91,-9,122,6,-301,-109,65
-24,93,-9,122,5,-303,-109,67
-24,96,-9,122,3,-303,-108,70
-24,97,-8,121,3,-303,-106,72
-25,97,-8,120,4,-302,-107,72
-26,96,-8,119,5,-301,-109,70
-27,96,-9,119,6,-301,-109,70
-28,95,-9,119,4,-302,-111,69
-26,94,-8,119,3,-303,-109,68
-26,92,-8,118,2,-303,-108,67
-26,91,-8,119,3,-302,-108,65
-26,90,-9,119,4,-301,-108,64
-26,90,-10,120,5,-301,-108,64
-25,89,-10,121,5,-303,-111,63
-25,87,-11,121,5,-303,-109,62
-26,86,-11,121,5,-303,-111,59
-27,84,-10,121,5,-303,-112,58
-27,82,-10,121,5,-303,-112,56
-27,80,-10,121,5,-303,-112,54
-26,79,-10,121,5,-303,-111,53
-27,79,-10,121,5,-303,-112,52
-28,78,-10,121,5,-303,-113,52
-30,76,-10,121,5,-303,-114,50
-30,73,-12,120,5,-303,-114,47
-31,72,-13,119,5,-303,-113,42
-32,70,-13,119,5,-303,-114,41
-33,68,-13,119,5,-303,-115,39
-34,66,-13,119,5,-303,-115,37
-34,64,-15,119,5,-303,-118,35
-34,63,-17,120,5,-303,-118,34
-36,63,-17,121,5,-303,-119,31
-37,63,-17,120,5,-304,-122,34
-39,62,-15,119,5,-305,-123,32
-38,60,-15,119,5,-306,-123,31
-37,58,-16,119,5,-307,-122,29
-36,57,-16,120,5,-307,-120,28
-36,57,-16,120,5,-308,-120,28
-38,56,-17,120,5,-308,-122,26
-39,56,-17,121,5,-308,-124,24
-40,55,-18,121,5,-308,-126,23
-40,54,-17,122,5,-308,-126,23
-40,53,-17,121,5,-308,-124,21
-40,52,-17,121,5,-308,-124,20
-42,50,-18,120,4,-308,-125,18
-43,49,-20,119,3,-308,-126,17
-43,48,-21,118,3,-308,-126,15
-42,48,-21,118,3,-308,-126,15
-41,47,-21,118,4,-308,-125,15
-41,45,-21,119,5,-308,-124,13
-41,43,-21,118,5,-308,-125,12
-43,42,-21,118,5,-308,-126,10
-44,41,-21,116,5,-308,-128,9
-44,40,-21,115,5,-308,-125,8
-43,39,-20,115,5,-307,-124,7
-42,38,-21,115,5,-308,-123,6
-42,37,-21,114,5,-309,-123,6
-43,36,-22,112,5,-311,-124,4
-45,34,-22,111,4,-313,-123,2
-45,32,-21,111,5,-313,-124,0
-45,31,-21,111,4,-313,-123,-1
-44,30,-21,111,4,-313,-123,-1
-44,31,-21,111,4,-313,-123,-1
-44,31,-21,111,5,-313,-123,-1
-45,30,-21,111,5,-313,-124,-1
-46,30,-22,111,4,-313,-124,-2
-46,30,-22,112,3,-313,-126,-2
-46,30,-22,113,3,-313,-126,-2
-46,30,-22,112,3,-313,-126,-2
-46,31,-22,111,4,-314,-124,-1
-45,32,-21,111,5,-315,-124,0
-45,33,-21,111,5,-316,-124,1
-46,34,-20,112,4,-317,-124,2
-46,35,-19,114,4,-317,-128,4
-47,35,-18,114,4,-318,-128,4
-46,35,-17,115,4,-318,-128,4
-45,36,-18,115,4,-318,-126,6
-44,38,-19,115,4,-318,-125,6
-44,40,-19,115,4,-318,-125,8
-44,41,-18,115,4,-318,-125,9
-43,43,-18,115,4,-317,-124,13
-43,45,-19,115,4,-318,-124,13
-42,46,-19,115,4,-319,-123,14
-42,48,-18,115,4,-321,-123,17
-42,50,-17,115,4,-322,-124,21
-42,53,-15,117,4,-323,-123,23
-41,56,-15,119,4,-323,-125,26
-41,59,-16,120,4,-322,-125,29
-41,62,-17,121,4,-322,-125,30
-40,65,-16,120,4,-322,-125,36
-40,68,-15,119,4,-322,-125,39
-39,71,-15,118,4,-324,-122,41
-38,73,-14,118,4,-326,-120,43
-36,75,-13,118,3,-328,-118,47
-35,79,-12,119,3,-327,-117,50
-35,82,-12,120,4,-326,-119,53
-35,84,-12,121,4,-325,-119,56
-34,86,-12,122,4,-326,-118,58
-32,88,-11,122,4,-327,-117,62
-30,90,-10,121,3,-328,-115,64
-29,92,-10,121,3,-328,-114,67
-28,94,-10,121,3,-327,-113,69
-28,97,-10,121,3,-327,-113,72
-28,99,-10,121,3,-327,-113,74
-27,101,-10,122,3,-327,-112,75
-25,102,-9,122,3,-328,-111,76
-24,103,-8,123,3,-327,-108,78
-23,104,-7,123,3,-327,-108,79
-23,104,-8,123,3,-327,-108,79
-23,105,-9,124,3,-328,-108,79
-23,105,-11,125,3,-329,-111,76
-24,105,-12,126,3,-330,-111,78
-24,106,-11,127,3,-330,-112,78
-24,106,-10,128,3,-330,-112,79
-25,104,-10,128,3,-330,-112,76
-25,102,-10,128,3,-331,-113,74
-26,99,-10,127,3,-332,-113,72
-27,97,-11,127,3,-332,-114,69
-27,96,-11,126,3,-332,-114,68
-28,93,-11,127,3,-332,-115,65
-28,91,-11,126,3,-332,-115,63
-29,88,-12,126,3,-332,-115,59
-28,85,-13,125,3,-332,-115,57
-29,82,-14,125,3,-332,-117,53
-31,78,-14,124,3,-332,-118,50
-32,74,-15,123,3,-332,-119,46
-33,70,-16,122,3,-332,-120,39
-34,65,-17,121,3,-332,-118,34
-35,62,-17,121,3,-332,-119,30
-37,58,-17,121,3,-332,-120,26
-39,54,-18,120,3,-332,-123,23
-39,50,-20,119,3,-332,-123,18
-40,46,-21,118,3,-332,-124,13
-40,42,-21,118,3,-332,-124,9
-42,39,-21,118,3,-332,-125,7
-43,36,-21,118,3,-332,-126,4
-44,35,-21,118,3,-332,-128,2
-45,32,-22,117,3,-332,-129,0
-46,30,-23,115,3,-334,-129,-4
-46,27,-24,115,3,-336,-128,-7
-46,25,-25,114,3,-337,-128,-9
-46,24,-25,115,3,-338,-130,-10
-46,24,-25,115,3,-337,-129,-10
-45,23,-24,115,3,-337,-125,-12
-45,21,-24,114,3,-337,-125,-10
-45,19,-24,113,3,-337,-126,-13
-46,18,-24,114,3,-337,-128,-14
-46,18,-24,114,3,-337,-128,-17
-46,18,-24,114,2,-337,-126,-13
-45,19,-24,114,1,-337,-126,-15
-46,21,-24,113,2,-337,-126,-12
-46,22,-23,113,3,-337,-126,-9
-46,24,-22,114,3,-338,-126,-8
-46,24,-21,116,3,-339,-130,-8
-46,24,-21,118,2,-340,-130,-8
-46,25,-21,119,0,-341,-130,-7
-46,28,-21,119,0,-341,-130,-4
-46,31,-21,118,1,-340,-130,-1
-46,33,-20,116,2,-340,-126,1
-46,35,-19,115,3,-340,-126,3
-46,38,-18,115,2,-342,-128,6
-46,41,-20,116,1,-342,-126,9
-46,44,-21,118,1,-342,-130,12
-46,46,-22,119,3,-342,-130,14
-47,46,-21,118,3,-342,-131,14
-46,48,-20,117,3,-342,-130,15
-45,50,-18,115,3,-342,-126,18
-44,54,-19,115,3,-342,-125,23
-43,57,-20,117,3,-342,-128,25
-43,59,-21,118,3,-342,-126,28
-42,61,-21,119,3,-342,-126,30
-41,63,-19,118,2,-342,-125,31
-41,66,-18,116,1,-342,-123,36
-40,68,-18,116,1,-342,-123,39
-40,70,-18,118,0,-342,-124,39
-39,72,-18,120,0,-342,-123,40
-38,73,-17,120,0,-342,-122,41
-36,75,-15,120,0,-342,-120,47
-35,78,-15,119,1,-342,-120,50
-35,82,-16,120,1,-342,-119,53
-34,85,-17,120,0,-342,-119,56
-33,87,-16,119,0,-342,-118,58
-33,89,-15,119,0,-342,-118,61
-33,90,-14,120,0,-342,-118,62
-33,92,-13,121,1,-342,-118,63
-32,93,-12,121,3,-342,-117,65
-31,95,-12,120,3,-342,-115,67
-29,98,-12,121,1,-342,-114,69
-28,101,-13,123,0,-342,-113,73
-28,103,-14,125,0,-342,-115,75
-28,104,-14,125,0,-342,-117,76
-29,105,-13,124,0,-342,-117,78
-28,106,-12,123,0,-342,-113,79
-27,108,-11,122,0,-342,-112,80
-26,111,-11,121,0,-342,-112,83
-27,112,-11,122,0,-341,-112,85
-27,113,-11,124,0,-340,-115,85
-27,112,-11,127,0,-340,-115,84
-27,112,-10,128,0,-340,-115,84
-27,112,-10,128,0,-341,-118,84
-27,112,-10,128,0,-342,-114,84
-27,112,-10,128,0,-342,-115,84
-27,112,-10,127,0,-342,-115,84
-27,112,-9,127,0,-341,-115,87
-28,112,-9,126,1,-340,-115,87
-27,112,-9,126,1,-340,-115,86
-27,111,-8,126,0,-340,-114,85
-25,109,-8,125,0,-341,-113,84
-24,108,-8,125,0,-342,-109,83
-25,108,-8,126,0,-341,-113,83
-26,107,-9,126,-1,-340,-114,81
-28,106,-9,126,-1,-339,-115,80
-28,104,-8,126,-1,-338,-115,79
-28,102,-7,124,0,-337,-113,76
-27,101,-6,124,0,-337,-112,76
-26,101,-7,123,0,-337,-112,75
-26,100,-7,124,0,-337,-111,74
-25,98,-8,125,-1,-337,-113,73
-25,97,-9,127,-1,-337,-112,72
-24,97,-10,128,-1,-337,-112,68
-25,97,-10,127,0,-337,-112,69
-25,97,-9,124,0,-337,-109,72
-25,97,-8,123,-1,-337,-109,72
-25,97,-7,123,-1,-337,-109,72
-25,97,-7,124,-1,-337,-109,72
-24,97,-6,124,-1,-335,-109,72
-24,97,-7,124,-1,-333,-109,72
-25,98,-9,124,0,-332,-109,73
-26,100,-10,125,0,-332,-114,72
-27,101,-10,126,0,-332,-114,73
-27,101,-9,126,0,-332,-114,76
-25,102,-8,126,-1,-332,-113,76
-24,103,-7,125,-1,-332,-108,78
-23,105,-8,126,-1,-332,-111,79
-24,107,-9,126,0,-332,-112,81
-25,108,-9,126,0,-331,-112,83
-25,108,-8,126,0,-330,-113,83
-26,109,-8,125,0,-331,-114,84
-26,111,-8,125,0,-331,-112,85
-26,113,-8,125,0,-331,-111,87
-25,114,-7,124,0,-330,-109,89
-23,115,-7,124,0,-331,-108,90
-22,115,-7,124,0,-332,-107,90
-23,114,-7,124,-1,-332,-108,89
-25,114,-7,124,-1,-332,-111,89
-26,114,-7,124,0,-332,-112,89
-27,114,-7,124,0,-332,-112,89
-26,114,-7,124,0,-332,-112,89
-26,113,-7,124,0,-332,-112,87
-27,112,-7,124,0,-332,-112,87
-27,112,-7,124,0,-332,-112,86
-26,111,-7,124,0,-332,-112,85
-26,109,-7,124,0,-332,-111,84
-26,108,-8,126,0,-332,-114,83
-27,106,-9,127,0,-332,-115,80
-28,104,-8,126,0,-332,-115,79
-28,102,-8,126,0,-332,-115,76
-28,101,-9,124,0,-332,-113,75
-29,99,-11,124,0,-332,-117,72
-30,98,-13,124,0,-332,-118,69
-30,96,-14,125,0,-332,-118,68
-30,93,-14,125,0,-332,-118,65
-31,91,-14,124,0,-332,-118,63
-31,90,-14,124,0,-332,-119,61
-31,88,-14,125,0,-332,-118,59
-30,87,-13,125,0,-332,-117,58
-30,84,-14,124,0,-332,-118,56
-31,81,-15,123,0,-332,-118,52
-31,78,-16,122,0,-332,-118,47
-31,77,-17,121,0,-332,-115,46
-31,77,-18,121,0,-332,-115,46
-32,76,-18,121,0,-332,-118,45
-32,74,-17,122,0,-332,-119,43
-33,72,-17,121,0,-332,-118,41
-33,70,-17,121,0,-332,-117,39
-32,70,-16,120,0,-332,-117,41
-32,70,-15,119,-1,-332,-117,41
-32,71,-15,118,-1,-332,-114,42
-32,71,-14,118,0,-332,-114,42
-32,70,-14,118,0,-330,-114,41
-32,70,-14,118,0,-328,-114,41
-32,71,-14,117,0,-327,-114,42
-33,72,-14,117,0,-327,-114,43
-33,72,-14,118,0,-327,-115,43
-33,72,-13,119,0,-327,-115,43
-33,72,-11,120,0,-327,-115,46
-32,74,-10,121,0,-327,-117,47
-32,76,-10,121,0,-327,-117,51
-31,79,-10,121,0,-327,-115,52
-32,80,-10,121,0,-327,-117,54
-32,82,-10,121,0,-327,-117,56
-32,83,-9,122,0,-327,-117,57
-32,86,-9,122,0,-327,-117,59
-31,87,-10,122,0,-327,-115,62
-29,89,-9,122,0,-327,-114,63
-28,91,-8,123,0,-327,-113,65
-28,93,-7,124,0,-327,-113,68
-28,94,-6,124,0,-327,-113,68
-28,94,-7,125,0,-327,-113,69
-28,95,-8,125,0,-327,-113,69
-26,97,-8,126,0,-327,-114,72
-26,100,-8,125,0,-327,-111,74
-26,101,-7,124,0,-327,-112,75
-27,102,-7,124,0,-327,-112,76
-26,103,-7,125,0,-327,-112,78
-26,106,-8,126,0,-326,-113,80
-25,108,-9,126,0,-325,-113,83
-25,108,-10,127,0,-326,-112,80
-25,108,-10,127,0,-327,-112,80
-25,108,-9,127,0,-327,-113,83
-25,109,-9,126,0,-327,-113,84
-26,110,-10,127,0,-327,-113,81
-25,109,-10,127,0,-327,-113,81
-25,108,-9,127,0,-327,-113,83
-26,107,-8,125,0,-327,-114,81
-27,108,-7,124,0,-327,-112,83
-27,109,-7,124,-1,-327,-112,84
-27,108,-7,124,-2,-328,-113,83
-28,107,-7,124,-2,-327,-113,81
-29,105,-7,124,-1,-325,-114,80
-29,105,-7,124,0,-323,-114,80
-29,106,-7,124,0,-323,-114,80
-29,106,-6,123,0,-323,-114,80
-28,104,-5,122,0,-324,-111,81
-27,102,-5,122,0,-324,-111,79
-27,101,-5,122,0,-323,-109,78
-27,101,-5,122,0,-322,-109,78
-27,101,-4,121,0,-322,-109,78
-27,101,-3,120,0,-322,-109,78
-27,101,-3,120,0,-322,-109,78
-27,101,-3,120,0,-322,-109,79
-27,101,-4,121,0,-322,-109,79
-27,101,-4,121,0,-322,-109,79
-27,101,-3,120,0,-323,-109,78
-27,101,-3,120,0,-322,-109,78
-27,101,-3,120,0,-321,-109,78
-26,103,-4,121,0,-318,-109,80
-27,105,-4,121,0,-317,-109,83
-26,107,-3,120,0,-317,-109,84
-26,108,-3,120,0,-318,-108,85
-25,108,-4,121,0,-319,-108,85
-25,108,-5,122,0,-319,-108,85
-25,108,-6,122,0,-318,-111,86
-26,109,-6,123,0,-317,-112,84
-26,110,-6,123,0,-317,-112,85
-25,112,-6,123,0,-318,-111,86
-24,114,-5,122,0,-319,-107,91
-23,115,-5,122,0,-321,-106,92
-22,115,-5,122,0,-320,-106,92
-23,114,-6,122,0,-319,-108,91
-23,114,-7,124,0,-319,-108,89
-23,115,-7,124,0,-320,-108,90
-23,115,-7,124,0,-322,-108,90
-24,116,-7,124,0,-323,-109,91
-24,116,-7,124,0,-322,-109,91
-24,116,-7,124,0,-322,-109,91
-21,116,-7,124,0,-322,-107,91
-21,117,-7,124,0,-322,-106,92
-21,118,-7,124,0,-322,-106,93
-23,118,-7,124,0,-322,-108,93
-24,117,-7,124,0,-322,-109,92
-24,116,-7,124,0,-322,-109,91
-23,115,-7,124,0,-322,-108,90
-22,114,-7,124,0,-322,-108,89
-22,113,-7,124,0,-322,-107,87
-21,111,-7,124,0,-322,-107,86
-21,110,-8,125,0,-322,-109,85
-22,109,-9,127,0,-322,-109,84
-23,109,-10,127,0,-322,-111,81
-24,108,-10,127,0,-322,-112,80
-25,106,-9,126,0,-322,-113,80
-26,103,-9,126,0,-322,-114,78
-27,101,-10,127,0,-322,-114,73
-27,101,-10,128,0,-323,-117,73
-26,101,-10,128,0,-324,-114,73
-26,100,-11,127,0,-324,-114,72
-26,98,-13,125,0,-324,-114,69
-27,96,-14,125,0,-323,-114,68
-28,94,-14,124,0,-322,-115,65
-30,92,-14,124,0,-322,-117,64
-31,90,-14,125,0,-322,-118,62
-31,88,-14,124,0,-322,-118,59
-30,88,-14,124,0,-322,-118,59
-30,87,-14,125,0,-322,-117,58
-31,85,-13,125,0,-324,-118,56
-31,82,-14,124,0,-325,-118,53
-32,80,-15,123,0,-325,-119,51
-31,78,-16,122,0,-324,-118,47
-31,77,-17,121,0,-324,-115,46
-31,76,-18,121,0,-324,-115,45
-32,74,-17,121,0,-325,-117,42
-33,72,-17,121,0,-325,-117,41
-33,71,-17,122,0,-325,-119,39
-34,69,-18,122,0,-326,-120,37
-35,67,-18,121,1,-327,-122,36
-35,65,-17,120,0,-327,-119,36
-35,64,-15,118,0,-327,-117,35
-34,64,-14,117,0,-327,-115,35
-34,63,-14,117,1,-327,-115,34
-36,63,-15,119,1,-327,-119,34
-36,63,-17,120,0,-327,-120,34
-36,65,-16,120,0,-327,-120,35
-36,67,-15,119,0,-327,-120,37
-36,68,-14,118,0,-327,-118,40
-36,68,-14,117,1,-327,-118,40
-37,68,-14,117,1,-327,-119,39
-37,68,-14,118,0,-327,-119,39
-37,69,-13,119,0,-327,-119,41
-37,72,-13,119,0,-327,-119,43
-36,74,-13,119,1,-327,-118,45
-35,75,-13,119,2,-327,-117,46
-34,75,-13,119,1,-328,-115,46
-33,76,-12,119,0,-330,-115,50
-32,77,-11,120,0,-332,-117,51
-32,79,-10,121,0,-332,-117,53
-32,82,-10,121,0,-332,-117,56
-32,84,-11,122,1,-332,-117,58
-32,86,-12,122,0,-332,-117,57
-31,87,-13,123,0,-332,-115,59
-31,89,-13,124,0,-332,-118,61
-30,90,-13,125,0,-332,-118,62
-30,92,-11,127,1,-332,-117,64
-28,94,-10,128,2,-332,-115,65
-28,96,-10,128,1,-332,-115,68
-27,97,-10,128,0,-332,-114,69
-26,100,-10,128,0,-332,-113,72
-25,102,-10,128,-1,-333,-112,74
-24,103,-10,128,-1,-334,-112,75
-24,105,-10,128,-1,-335,-111,76
-24,107,-10,128,0,-336,-112,79
-23,108,-10,128,0,-336,-111,80
-22,109,-10,127,0,-337,-109,81
-21,110,-9,127,0,-337,-108,85
-21,112,-9,126,0,-337,-108,86
-22,113,-9,127,1,-337,-109,87
-23,114,-10,127,2,-337,-111,86
-23,115,-10,128,1,-337,-111,87
-24,115,-10,128,0,-337,-112,87
-23,116,-10,128,0,-336,-111,89
-24,115,-10,128,0,-337,-112,87
-24,116,-10,128,2,-337,-112,89
-25,117,-10,127,3,-338,-113,90
-25,117,-9,127,3,-339,-113,92
-24,116,-9,126,1,-339,-112,91
-23,115,-9,127,0,-339,-111,90
-23,114,-10,127,0,-339,-111,86
-23,114,-10,128,0,-340,-111,86
-23,115,-10,128,2,-340,-111,87
-23,114,-10,128,2,-341,-111,86
-22,113,-10,128,2,-341,-109,86
-21,112,-10,128,2,-341,-109,84
-22,110,-10,128,1,-340,-109,83
-23,108,-10,128,1,-340,-111,80
-24,106,-10,128,0,-340,-112,79
-23,105,-12,126,0,-340,-111,76
-23,104,-12,125,1,-341,-111,75
-24,103,-11,125,1,-339,-111,75
-25,102,-10,125,2,-338,-112,76
-26,100,-10,126,2,-337,-114,74
-27,97,-10,127,1,-338,-114,69
-28,96,-12,126,1,-340,-115,68
-28,94,-12,126,0,-340,-115,65
-28,93,-12,126,0,-339,-115,65
-27,91,-12,126,-1,-339,-114,63
-28,90,-13,125,-1,-338,-114,62
-29,89,-12,126,0,-338,-117,61
-31,88,-11,126,0,-338,-118,59
-30,86,-10,128,0,-338,-118,58
-29,85,-10,128,-1,-338,-117,57
-28,84,-10,127,-1,-338,-115,56
-28,83,-11,126,0,-338,-115,54
-28,84,-12,126,2,-338,-115,56
-28,84,-13,125,2,-339,-115,56
-30,83,-14,125,0,-340,-117,54
-31,82,-14,124,-1,-340,-118,53
-32,81,-14,124,-1,-340,-119,52
-33,81,-14,124,-1,-340,-120,52
-33,83,-14,125,-1,-339,-120,53
-35,84,-13,127,-1,-339,-122,56
-35,86,-12,128,-1,-339,-125,57
-34,87,-12,128,-1,-339,-124,58
-32,87,-13,127,-1,-340,-119,58
-31,87,-15,126,-1,-341,-118,57
-30,88,-15,127,0,-342,-120,57
-31,89,-15,128,0,-342,-122,58
-32,91,-14,128,0,-342,-123,61
-33,92,-15,127,0,-342,-123,62
-33,92,-16,127,-1,-342,-123,62
-32,92,-17,127,-1,-342,-123,62
-32,93,-17,129,0,-342,-122,62
-32,94,-16,130,0,-342,-124,63
-33,96,-15,129,0,-342,-123,65
-34,97,-15,128,0,-342,-124,67
-33,98,-14,126,-1,-341,-120,70
-32,99,-14,125,-1,-340,-119,70
-31,99,-15,126,-1,-340,-119,68
-31,99,-16,126,-1,-340,-120,68
-30,99,-16,128,-1,-341,-119,69
-28,101,-16,128,-1,-342,-118,70
-27,102,-16,127,-1,-342,-117,72
-29,102,-16,127,-1,-341,-119,72
-31,102,-16,127,-1,-340,-122,72
-33,102,-16,126,-1,-339,-123,72
-33,101,-15,126,-1,-338,-120,70
-32,100,-14,125,-1,-337,-119,72
-31,99,-14,124,-1,-337,-118,70
-31,98,-14,124,-1,-338,-118,70
-31,99,-14,124,-1,-339,-119,70
-31,99,-14,124,-1,-338,-118,70
-31,99,-14,124,-1,-337,-118,70
-31,99,-15,126,-1,-336,-119,68
-32,98,-16,127,-1,-336,-123,67
-34,98,-17,128,-1,-337,-124,67
-35,97,-17,127,-1,-337,-125,65
-35,95,-15,127,-1,-337,-125,64
-35,93,-15,126,-1,-337,-123,62
-36,91,-15,126,-1,-337,-123,59
-37,90,-15,126,-1,-337,-126,59
-37,89,-16,127,-1,-337,-126,57
-37,86,-16,127,-1,-337,-126,54
-37,83,-16,126,-1,-337,-128,52
-37,80,-16,125,-1,-337,-124,50
-37,79,-15,123,-1,-337,-124,51
-37,79,-14,123,-1,-337,-124,50
-37,77,-14,124,0,-337,-124,48
-38,74,-14,125,-1,-337,-125,45
-39,72,-14,124,-1,-337,-126,43
-39,72,-15,123,-1,-337,-126,43
-39,72,-16,122,0,-337,-125,43
-38,72,-16,122,-1,-337,-125,40
-37,69,-17,121,-1,-337,-122,37
-38,67,-17,121,-2,-336,-123,35
-39,66,-17,121,-3,-335,-124,35
-39,67,-17,121,-2,-335,-124,35
-38,67,-17,122,-1,-336,-125,36
-37,66,-17,122,0,-336,-124,35
-37,64,-17,121,0,-336,-122,32
-38,61,-16,120,0,-334,-123,32
-39,61,-16,120,0,-332,-123,31
-39,61,-17,120,0,-332,-124,31
-39,62,-17,121,-2,-332,-123,30
-37,62,-17,120,-4,-332,-122,34
-36,63,-15,119,-5,-332,-119,34
-35,64,-14,117,-5,-332,-117,35
-34,64,-14,117,-4,-332,-115,35
-34,64,-14,118,-2,-332,-115,35
-34,64,-15,119,-1,-332,-118,35
-34,64,-15,119,0,-330,-118,35
-35,64,-15,119,-2,-329,-119,35
-35,65,-14,118,-4,-328,-117,36
-35,65,-13,118,-6,-328,-117,36
-36,66,-12,119,-5,-328,-118,37
-36,67,-12,119,-3,-327,-118,41
-36,68,-11,120,-1,-327,-120,42
-36,68,-11,122,-1,-327,-120,39
-36,68,-13,124,-3,-327,-123,39
-37,68,-14,125,-5,-327,-124,39
-38,69,-14,125,-5,-327,-124,40
-38,71,-14,125,-5,-327,-125,42
-38,73,-14,124,-5,-327,-125,43
-36,75,-14,125,-5,-327,-123,46
-35,75,-14,124,-5,-327,-122,46
-34,75,-14,124,-5,-327,-122,46
-34,75,-14,124,-5,-327,-122,46
-34,75,-14,125,-5,-327,-122,46
-34,75,-14,124,-5,-327,-122,46
-35,74,-14,124,-5,-327,-122,46
-36,74,-14,124,-5,-327,-123,45
-36,74,-14,125,-5,-327,-124,45
-36,74,-14,125,-5,-327,-123,45
-35,74,-14,124,-5,-327,-122,46
-34,75,-15,123,-5,-327,-122,46
-34,75,-15,123,-5,-327,-122,46
-35,75,-15,123,-5,-326,-122,46
-35,75,-14,124,-5,-325,-122,46
-35,75,-14,125,-5,-324,-122,46
-34,75,-14,125,-5,-324,-122,46
-34,75,-14,125,-5,-325,-122,46
-35,75,-14,124,-5,-325,-122,46
-36,74,-14,124,-5,-324,-123,45
-38,73,-14,124,-5,-322,-125,43
-39,73,-15,124,-5,-321,-126,43
-39,72,-15,123,-5,-321,-126,43
-39,72,-14,122,-5,-322,-124,43
-38,71,-14,121,-5,-322,-123,42
-37,69,-14,120,-5,-322,-122,40
-36,68,-14,122,-5,-322,-120,39
-36,68,-12,122,-5,-322,-120,39
-37,68,-11,122,-5,-322,-122,41
-38,67,-11,120,-5,-321,-123,41
-39,67,-12,119,-5,-321,-122,37
-40,66,-13,119,-5,-320,-122,37
-41,66,-12,119,-5,-321,-123,36
-41,65,-11,120,-5,-321,-125,39
-41,66,-10,121,-5,-322,-125,39
-41,66,-10,121,-5,-322,-125,40
-41,66,-10,121,-5,-322,-125,39
-41,66,-10,121,-5,-322,-125,39
-41,66,-10,121,-5,-322,-125,39
-41,66,-10,121,-5,-322,-125,40
-42,67,-10,121,-5,-322,-126,40
-42,67,-11,122,-5,-322,-126,39
-40,67,-12,122,-5,-322,-124,39
-38,68,-11,122,-5,-322,-123,39
-37,69,-11,121,-5,-322,-122,42
-38,71,-11,121,-5,-322,-123,45
-39,72,-11,121,-5,-321,-124,46
-39,73,-12,122,-5,-321,-124,43
-38,73,-13,123,-5,-322,-123,45
-36,74,-13,124,-5,-323,-123,45
-35,75,-14,124,-5,-324,-122,46
-34,75,-14,125,-5,-323,-122,46
-33,75,-14,125,-5,-322,-120,46
-33,75,-14,124,-5,-321,-120,46
-33,75,-14,124,-5,-322,-120,46
-33,75,-14,125,-5,-323,-120,47
-32,76,-14,124,-5,-325,-119,47
-31,77,-14,124,-5,-327,-118,48
-30,77,-14,124,-5,-327,-117,48
-30,77,-14,125,-5,-327,-117,48
-30,77,-14,125,-5,-327,-117,48
-31,76,-14,124,-5,-326,-118,47
-32,76,-15,123,-5,-325,-119,47
-32,76,-15,123,-5,-325,-119,47
-32,76,-14,124,-5,-325,-119,47
-32,77,-14,124,-5,-326,-119,48
-33,75,-15,123,-5,-327,-120,47
-34,73,-16,122,-5,-327,-120,45
-35,71,-17,121,-5,-327,-119,40
-36,69,-18,121,-5,-327,-120,37
-36,68,-17,121,-5,-326,-120,36
-36,67,-17,121,-5,-325,-120,35
-35,65,-17,121,-5,-325,-119,34
-35,62,-17,121,-5,-325,-119,31
-36,59,-17,121,-5,-326,-119,28
-37,57,-17,121,-5,-327,-122,25
-39,54,-17,121,-5,-327,-123,21
-40,51,-17,121,-5,-327,-124,19
-42,49,-17,121,-5,-327,-125,17
-41,46,-17,121,-5,-327,-125,14
-41,45,-17,121,-5,-327,-124,13
-40,44,-18,121,-5,-327,-126,12
-41,43,-18,121,-5,-327,-128,10
-42,41,-17,121,-5,-327,-126,9
-43,39,-17,120,-5,-327,-126,9
-43,37,-16,120,-5,-327,-126,7
-42,37,-15,119,-5,-326,-125,7
-42,37,-15,118,-5,-327,-123,8
-42,38,-14,118,-5,-328,-123,8
-42,37,-14,117,-5,-330,-123,8
-42,37,-14,117,-5,-332,-124,7
-43,37,-14,117,-6,-332,-124,8
-43,39,-14,118,-5,-332,-124,9
-42,41,-14,118,-5,-331,-124,12
-41,43,-14,118,-5,-332,-123,13
-41,45,-14,118,-6,-332,-123,15
-42,47,-14,118,-6,-333,-123,18
-42,50,-14,117,-6,-333,-123,20
-41,53,-14,117,-6,-333,-123,24
-40,57,-14,118,-6,-334,-122,28
-39,60,-13,119,-6,-334,-120,30
-39,62,-13,121,-6,-335,-123,34
-39,66,-12,122,-6,-335,-123,36
-39,68,-11,122,-6,-335,-123,40
-38,71,-10,121,-6,-336,-123,45
-38,73,-10,121,-6,-337,-123,47
-37,75,-11,122,-6,-337,-122,47
-36,77,-13,123,-6,-336,-123,48
-35,79,-13,124,-6,-336,-123,51
-34,81,-13,124,-6,-337,-120,52
-34,83,-13,123,-6,-337,-118,54
-34,84,-13,124,-6,-336,-122,56
-35,85,-14,125,-6,-335,-123,57
-35,86,-14,125,-6,-335,-123,58
-34,86,-13,123,-6,-335,-118,58
-32,87,-11,122,-6,-335,-117,58
-32,87,-11,122,-6,-333,-117,58
-34,86,-12,124,-5,-332,-122,58
-35,86,-12,126,-5,-331,-123,58
-35,86,-13,126,-5,-331,-123,57
-35,84,-12,126,-5,-332,-122,56
-35,82,-12,126,-5,-332,-122,53
-36,80,-13,125,-5,-332,-123,51
-37,79,-13,125,-5,-332,-124,50
-36,77,-14,124,-5,-332,-124,48
-37,76,-14,124,-5,-332,-124,47
-38,73,-14,124,-5,-332,-125,45
-39,70,-14,125,-5,-332,-126,41
-40,67,-14,124,-5,-332,-128,39
-41,64,-14,124,-5,-332,-128,35
-43,61,-14,125,-5,-332,-129,31
-44,59,-14,125,-5,-332,-131,29
-45,56,-14,125,-5,-332,-133,26
-46,54,-14,123,-5,-332,-133,24
-46,50,-15,121,-5,-332,-130,20
-46,48,-16,120,-5,-332,-130,18
-47,46,-17,120,-5,-332,-131,17
-48,45,-17,121,-5,-332,-133,13
-50,44,-17,122,-5,-332,-136,12
-50,43,-18,121,-5,-331,-134,10
-50,41,-18,119,-5,-332,-134,8
-49,39,-17,119,-6,-333,-133,7
-48,39,-17,119,-6,-335,-133,7
-49,39,-18,120,-6,-336,-133,7
-49,39,-18,120,-5,-337,-133,7
-49,39,-20,119,-4,-337,-133,7
-49,39,-20,119,-3,-336,-133,7
-49,39,-20,119,-4,-336,-133,7
-49,39,-20,119,-5,-336,-133,7
-49,39,-20,118,-6,-337,-133,7
-49,41,-21,118,-6,-337,-133,8
-49,43,-21,118,-6,-336,-134,10
-48,45,-21,118,-6,-336,-133,13
-47,46,-21,118,-6,-336,-131,14
-45,47,-20,119,-5,-338,-129,14
-44,48,-18,120,-4,-340,-129,17
-44,51,-17,121,-4,-342,-128,19
-43,54,-17,121,-4,-342,-128,21
-43,56,-17,121,-5,-341,-126,24
-42,58,-17,121,-6,-341,-126,26
-41,60,-18,121,-6,-341,-125,28
-40,62,-17,121,-6,-343,-125,30
-41,65,-16,122,-4,-345,-128,32
-41,67,-15,123,-4,-346,-128,39
-41,69,-14,124,-5,-347,-129,40
-41,71,-13,125,-6,-346,-128,42
-39,73,-14,125,-6,-346,-126,43
-38,75,-14,125,-5,-346,-125,46
-38,77,-14,124,-5,-348,-125,48
-37,79,-14,124,-5,-350,-124,50
-36,80,-14,125,-6,-351,-123,52
-35,82,-12,126,-6,-352,-122,53
-35,84,-11,127,-5,-351,-122,56
-34,86,-10,127,-3,-351,-122,57
-34,87,-11,127,-3,-351,-122,58
-33,89,-11,126,-2,-351,-120,61
-32,91,-11,126,-1,-352,-120,62
-33,92,-10,127,-1,-352,-120,63
-33,93,-10,128,-2,-351,-120,64
-32,93,-10,128,-3,-351,-119,64
-30,93,-10,128,-4,-351,-118,65
-29,94,-10,128,-5,-353,-117,67
-29,96,-10,128,-4,-354,-117,68
-30,98,-10,128,-3,-356,-118,69
-31,98,-10,128,-2,-357,-119,70
-32,99,-10,128,-2,-357,-119,70
-31,99,-10,128,-1,-356,-118,70
-30,100,-10,128,-2,-356,-117,72
-29,101,-10,128,-2,-356,-117,73
-29,102,-10,128,-3,-356,-117,74
-30,103,-10,128,-4,-356,-118,75
-30,104,-10,128,-3,-356,-118,76
-29,104,-10,128,-2,-356,-117,76
-28,104,-10,128,-2,-356,-115,76
-28,104,-10,128,-2,-356,-115,76
-28,104,-10,128,-2,-356,-115,76
-29,105,-10,128,-2,-356,-117,78
-29,106,-10,128,-2,-356,-117,78
-29,106,-10,128,-2,-356,-117,78
-29,105,-10,128,-2,-356,-117,78
-29,105,-10,128,-2,-356,-117,78
-29,105,-10,128,-2,-357,-117,78
-29,105,-10,128,-2,-357,-117,78
-29,105,-10,128,-2,-356,-117,78
-29,105,-10,128,-2,-356,-117,78
-29,105,-10,128,-2,-356,-117,78
-29,105,-10,128,-2,-358,-117,78
-29,105,-10,128,-2,-360,-117,78
-29,105,-10,128,-2,-361,-117,78
-30,105,-10,128,-2,-362,-118,76
-31,104,-10,128,-2,-361,-118,76
-32,104,-10,128,-2,-361,-119,75
-33,104,-10,128,-2,-361,-120,75
-33,104,-10,128,-2,-361,-122,75
-33,103,-10,128,-2,-361,-120,75
-32,103,-10,128,-2,-361,-119,74
-30,101,-10,128,-2,-361,-118,73
-29,100,-10,128,-3,-363,-117,72
-30,99,-10,128,-3,-365,-118,70
-31,98,-10,128,-3,-366,-119,70
-32,99,-10,128,-3,-367,-119,72
-31,99,-10,128,-3,-366,-118,70
-30,98,-10,128,-3,-366,-118,69
-29,96,-10,128,-3,-366,-117,68
-30,94,-10,128,-3,-366,-117,65
-30,93,-10,128,-3,-366,-118,65
-31,93,-10,128,-3,-366,-119,64
-32,93,-10,128,-3,-366,-119,64
-33,93,-10,128,-3,-366,-120,64
-33,92,-10,128,-3,-366,-120,63
-33,92,-10,128,-3,-366,-120,63
-33,92,-10,128,-3,-366,-120,64
-33,92,-10,128,-3,-366,-120,64
-33,92,-10,128,-3,-368,-120,64
-33,92,-10,128,-3,-369,-120,63
-33,92,-10,128,-3,-369,-120,63
-33,92,-10,128,-3,-369,-120,63
-33,92,-10,128,-3,-370,-120,63
-33,92,-10,128,-3,-371,-120,64
-32,92,-10,128,-3,-371,-120,64
-33,92,-10,128,-3,-371,-120,63
-34,91,-10,128,-3,-371,-122,63
-36,90,-10,128,-3,-370,-124,62
-37,90,-11,127,-3,-369,-125,62
-38,90,-11,126,-3,-369,-125,62
-37,90,-13,126,-3,-369,-125,62
-38,88,-13,125,-3,-368,-125,59
-39,85,-13,125,-3,-366,-126,57
-39,83,-12,125,-3,-366,-126,54
-39,83,-13,126,-3,-366,-126,54
-39,83,-14,126,-3,-366,-126,54
-38,82,-16,127,-3,-366,-128,51
-38,81,-17,128,-3,-366,-128,50
-38,78,-18,128,-3,-366,-128,47
-39,76,-17,128,-3,-366,-129,45
-40,74,-17,128,-3,-366,-129,42
-41,71,-17,128,-3,-366,-130,40
-41,69,-17,128,-3,-366,-131,37
-41,68,-17,128,-3,-367,-130,36
-41,65,-17,128,-3,-366,-130,34
-41,63,-17,128,-3,-365,-130,31
-42,61,-17,128,-3,-363,-131,29
-43,60,-18,127,-2,-361,-133,28
-43,58,-19,126,-2,-361,-133,26
-42,58,-20,125,-2,-361,-131,23
-41,56,-21,124,-2,-361,-130,21
-41,55,-21,125,-2,-361,-130,20
-42,54,-21,125,-2,-361,-131,20
-42,54,-20,125,-2,-361,-131,19
-41,53,-20,124,-2,-361,-128,20
-39,52,-20,123,-2,-361,-125,19
-38,50,-19,124,-2,-361,-124,18
-38,50,-19,124,-2,-361,-124,18
-39,52,-19,123,-2,-361,-125,20
-40,54,-19,122,-2,-361,-126,21
-41,55,-19,123,-2,-361,-128,23
-41,55,-19,125,-2,-361,-130,23
-41,56,-18,127,-2,-361,-130,24
-41,58,-17,128,-2,-361,-130,26
-40,62,-17,129,-2,-361,-130,30
-40,65,-17,128,-2,-361,-129,32
-40,68,-17,128,-2,-361,-129,36
-40,70,-17,128,-2,-361,-129,39
-39,72,-17,128,-2,-361,-129,41
-38,74,-17,128,-3,-360,-128,42
-37,77,-17,128,-3,-359,-126,46
-37,81,-17,128,-4,-359,-126,50
-36,85,-18,128,-3,-361,-126,54
-36,89,-17,128,-3,-361,-126,57
-36,91,-16,129,-2,-361,-125,59
-35,93,-14,130,-2,-361,-128,62
-35,95,-13,131,-2,-361,-128,64
-35,99,-13,132,-2,-361,-128,68
-35,103,-14,132,-3,-363,-128,72
-35,106,-15,133,-3,-365,-128,75
-34,108,-14,133,-3,-366,-126,78
-33,110,-13,133,-2,-367,-125,79
-32,111,-12,133,-2,-366,-125,83
-33,113,-11,133,-3,-366,-125,85
-32,115,-10,134,-4,-365,-125,87
-31,116,-10,135,-4,-365,-124,89
-30,116,-10,135,-4,-366,-123,89
-29,116,-10,135,-3,-368,-122,89
-29,116,-10,134,-3,-369,-123,89
-29,116,-10,134,-3,-371,-123,89
-30,116,-10,134,-3,-372,-123,89
-30,117,-10,134,-3,-371,-123,89
-29,116,-10,135,-3,-371,-123,89
-29,115,-10,135,-3,-371,-122,87
-28,114,-10,134,-3,-371,-122,86
-27,112,-9,134,-3,-372,-120,84
-27,112,-8,133,-3,-373,-119,84
-26,111,-8,132,-3,-374,-117,84
-26,109,-7,132,-3,-373,-115,84
-26,107,-7,131,-3,-372,-117,81
-27,104,-7,131,-3,-371,-117,79
-28,102,-7,131,-3,-371,-118,76
-27,101,-7,131,-3,-373,-118,75
-27,101,-7,131,-3,-374,-117,75
-26,101,-6,131,-3,-375,-117,75
-27,102,-7,131,-3,-373,-117,76
-28,101,-8,130,-3,-371,-118,75
-29,98,-9,129,-3,-371,-119,70
-29,96,-9,129,-3,-371,-119,70
-29,94,-7,130,-3,-371,-119,69
-28,94,-7,131,-3,-371,-118,68
-28,94,-7,130,-3,-371,-118,69
-29,95,-9,129,-3,-371,-119,69
-29,95,-10,128,-3,-371,-117,67
-29,95,-10,127,-3,-371,-117,67
-29,94,-10,128,-3,-371,-117,67
-29,94,-9,129,-3,-371,-119,65
-28,94,-8,129,-3,-371,-118,69
-28,95,-8,129,-3,-371,-118,69
-26,97,-9,129,-3,-371,-115,72
-25,99,-9,128,-3,-371,-113,70
-25,100,-9,128,-3,-371,-113,72
-26,100,-8,129,-3,-371,-117,74
-27,101,-7,130,-3,-371,-117,75
-27,101,-7,130,-3,-371,-117,75
-26,102,-7,130,-3,-371,-115,76
-25,104,-7,130,-3,-371,-114,79
-24,106,-7,130,-3,-371,-114,80
-23,109,-7,131,-3,-371,-113,84
-22,111,-6,131,-3,-371,-113,86
-22,113,-6,131,-3,-371,-113,87
-22,115,-7,131,-3,-371,-113,90
-22,117,-7,131,-3,-371,-113,91
-22,119,-7,131,-3,-371,-113,93
-21,121,-6,131,-3,-371,-112,96
-19,122,-6,132,-3,-371,-109,97
-18,123,-5,132,-3,-371,-108,98
-18,125,-4,133,-3,-371,-108,100
-18,126,-3,133,-3,-371,-108,102
-19,128,-3,134,-3,-370,-109,103
-19,128,-3,134,-3,-370,-109,103
-18,128,-3,134,-3,-369,-108,103
-16,129,-3,134,-3,-369,-106,104
-15,131,-3,134,-3,-369,-106,107
-16,133,-3,134,-3,-368,-107,108
-17,134,-2,133,-3,-366,-108,112
-17,135,-1,133,-3,-366,-108,113
-17,134,-1,134,-3,-366,-108,112
-17,134,-1,136,-3,-366,-111,112
-17,134,-2,135,-3,-366,-108,112
-17,134,-2,134,-3,-366,-108,112
-17,134,-2,133,-3,-366,-108,112
-17,134,-1,132,-3,-366,-108,112
-17,134,-1,132,-3,-365,-108,112
-17,134,-1,133,-3,-363,-108,112
-17,134,-1,133,-2,-361,-108,112
-17,134,-2,133,-2,-361,-108,112
-17,134,-3,134,-2,-361,-108,109
-17,134,-3,134,-2,-361,-108,109
-17,134,-3,134,-2,-361,-108,109
-17,135,-2,133,-2,-362,-108,113
-17,134,-2,133,-2,-361,-107,112
-17,133,-2,133,-2,-360,-107,111
-17,130,-3,134,-2,-358,-108,106
-18,128,-3,134,-2,-356,-108,103
-19,128,-3,134,-2,-356,-109,103
-19,128,-3,134,-2,-356,-111,103
-20,127,-3,134,-2,-357,-111,102
-21,125,-4,133,-2,-357,-112,101
-22,122,-4,133,-2,-356,-112,97
-23,120,-4,133,-2,-356,-113,95
-24,119,-4,133,-2,-356,-114,93
-24,118,-5,132,-2,-356,-114,92
-24,116,-6,131,-2,-356,-114,91
-24,114,-7,131,-2,-356,-114,89
-25,111,-7,131,-2,-356,-114,86
-25,109,-7,131,-2,-356,-115,84
-27,107,-7,132,-2,-356,-117,81
-28,106,-7,133,-2,-356,-118,80
-28,104,-8,132,-2,-356,-118,76
-28,102,-9,131,-2,-356,-118,74
-28,101,-10,130,-2,-356,-119,73
-30,99,-11,129,-2,-356,-120,70
-30,97,-10,128,-2,-356,-120,69
-29,96,-10,127,-2,-356,-117,68
-29,95,-11,127,-2,-356,-117,67
-30,94,-11,126,-2,-356,-117,65
-32,93,-12,126,-1,-356,-119,64
-32,91,-11,127,0,-356,-120,63
-32,89,-11,127,0,-356,-119,61
-31,88,-11,127,0,-356,-118,59
-30,88,-11,126,-1,-356,-117,59
-31,88,-12,126,-2,-356,-118,59
-32,87,-14,125,-2,-356,-119,59
-34,87,-14,124,-1,-356,-122,58
-35,86,-14,124,0,-356,-123,57
-35,84,-14,125,0,-357,-122,56
-33,83,-14,125,-1,-357,-120,53
-32,82,-14,125,-2,-356,-119,53
-32,81,-14,125,-2,-355,-119,52
-32,81,-13,123,0,-353,-117,53
-33,81,-11,121,0,-351,-118,53
-33,81,-10,121,0,-351,-118,56
-33,81,-10,122,-1,-351,-118,54
-33,81,-9,125,-2,-352,-120,54
-33,81,-8,125,0,-352,-118,54
-33,81,-7,125,0,-351,-118,54
-33,81,-7,124,0,-351,-118,54
-33,81,-8,125,0,-351,-118,54
-33,81,-9,127,0,-351,-120,54
-33,81,-10,128,-2,-351,-120,52
-33,81,-10,128,-2,-351,-123,52
-33,81,-10,128,-1,-352,-120,52
-33,81,-10,128,0,-352,-120,52
-33,81,-10,128,0,-351,-120,52
-33,81,-10,128,0,-350,-120,52
-33,81,-10,128,-1,-349,-120,52
-33,81,-10,128,0,-348,-120,52
-33,81,-10,128,0,-348,-123,52
-33,81,-10,128,0,-349,-120,52
-33,81,-9,127,0,-350,-120,54
-32,81,-8,125,0,-350,-117,56
-33,81,-7,124,1,-348,-118,54
-33,81,-7,124,2,-347,-118,54
-33,81,-8,125,2,-346,-120,54
-32,81,-9,126,1,-346,-119,56
-32,81,-9,126,0,-347,-119,56
-33,81,-8,126,0,-347,-120,56
-34,81,-7,126,0,-346,-122,54
-34,80,-9,126,0,-346,-122,54
-33,79,-11,126,0,-346,-120,51
-31,78,-13,126,0,-346,-118,50
-30,78,-14,125,0,-346,-117,50
-31,78,-14,124,-1,-346,-118,50
-32,78,-14,124,-1,-346,-119,50
-34,77,-14,125,-2,-346,-122,48
-35,75,-14,125,-2,-346,-122,46
-35,74,-14,125,-1,-346,-122,46
-35,75,-14,124,0,-347,-122,46
-34,75,-14,124,2,-346,-122,46
-34,75,-14,124,3,-346,-120,47
-33,76,-13,125,2,-346,-120,47
-32,76,-13,125,0,-347,-119,47
-31,77,-12,126,-2,-348,-118,48
-30,77,-13,125,-1,-348,-117,48
-30,77,-12,126,0,-348,-117,48
-31,77,-11,126,0,-347,-118,48
-32,78,-10,128,0,-348,-119,50
-32,80,-10,128,0,-350,-119,51
-31,82,-10,128,1,-351,-118,53
-30,83,-10,127,2,-352,-117,54
-29,85,-10,128,3,-352,-117,57
-30,86,-9,129,3,-351,-119,58
-31,88,-7,130,2,-351,-120,62
-30,90,-7,131,2,-352,-120,64
-29,93,-6,131,2,-353,-119,67
-29,94,-6,131,2,-355,-119,69
-29,96,-7,131,2,-357,-119,70
-30,98,-7,131,2,-357,-120,72
-30,101,-6,131,2,-357,-120,75
-30,103,-6,131,2,-357,-120,78
-30,107,-7,131,2,-357,-120,81
-29,110,-7,131,2,-357,-119,84
-29,112,-6,131,2,-357,-120,87
-29,115,-5,132,2,-357,-119,90
-28,117,-4,133,2,-357,-119,92
-27,120,-4,133,2,-357,-118,95
-26,122,-4,133,2,-356,-117,97
-25,124,-4,133,2,-356,-115,100
-24,127,-3,134,2,-357,-114,102
-23,129,-3,134,2,-358,-114,104
-22,131,-3,135,2,-359,-113,106
-21,132,-4,135,2,-358,-114,107
-21,132,-4,135,2,-357,-114,107
-22,133,-4,135,2,-356,-115,108
-23,135,-3,134,2,-356,-114,109
-24,136,-4,135,2,-357,-118,111
-23,137,-4,136,2,-357,-117,112
-22,137,-5,136,2,-357,-115,112
-22,137,-4,136,2,-357,-115,113
-22,137,-4,135,2,-357,-115,112
-22,135,-4,135,1,-356,-115,111
-22,133,-4,135,0,-357,-115,108
-21,132,-4,135,0,-357,-114,107
-21,131,-3,134,2,-357,-112,106
-20,130,-3,134,3,-355,-111,106
-20,130,-2,134,3,-353,-111,104
-20,129,-2,134,2,-352,-111,104
-20,127,-3,134,1,-351,-111,102
-21,126,-5,134,0,-351,-114,101
-23,124,-7,133,1,-352,-115,98
-23,122,-7,132,2,-352,-114,96
-24,119,-7,131,3,-352,-114,93
-24,117,-7,131,3,-352,-114,92
-24,115,-6,131,2,-352,-114,90
-24,114,-6,131,2,-352,-114,89
-25,113,-7,131,2,-352,-115,87
-26,111,-7,131,3,-352,-117,85
-27,108,-7,131,2,-352,-118,83
-28,106,-6,131,2,-352,-119,81
-29,105,-6,131,2,-352,-119,80
-28,104,-7,131,2,-352,-118,79
-28,103,-7,130,2,-352,-118,76
-28,101,-9,129,2,-352,-118,73
-30,99,-10,128,2,-352,-117,70
-31,99,-10,127,2,-352,-118,70
-31,99,-10,128,2,-352,-119,70
-32,99,-9,129,2,-352,-122,73
-32,98,-8,129,2,-352,-123,73
-33,96,-9,129,2,-352,-123,68
-32,94,-10,128,2,-352,-120,65
-32,93,-10,128,2,-352,-119,64
-32,93,-10,128,2,-352,-119,64
-33,93,-10,128,2,-352,-120,64
-33,92,-10,128,2,-352,-120,64
-32,91,-10,128,2,-352,-119,63
-31,89,-10,128,2,-352,-119,61
-31,88,-10,128,2,-352,-119,59
-32,87,-10,128,2,-352,-119,59
-32,87,-9,129,2,-352,-123,58
-31,86,-9,129,2,-352,-120,59
-29,85,-9,128,2,-352,-117,56
-29,83,-9,128,2,-352,-117,54
-32,83,-9,129,2,-352,-122,54
-33,83,-9,129,2,-352,-123,56
-33,83,-9,129,2,-352,-123,53
-32,83,-10,128,2,-352,-119,54
-32,83,-10,128,2,-352,-119,54
-31,84,-9,128,2,-352,-118,56
-30,84,-8,129,2,-350,-119,58
-29,84,-7,130,2,-348,-119,58
-29,85,-7,130,3,-347,-119,59
-30,86,-7,130,3,-346,-119,61
-29,88,-7,130,3,-346,-119,62
-28,90,-8,129,2,-347,-118,64
-28,92,-9,128,2,-348,-115,63
-28,93,-10,128,2,-349,-115,65
-27,94,-10,128,2,-348,-114,67
-26,96,-9,129,3,-347,-117,68
-25,99,-7,130,3,-346,-115,73
-25,102,-6,131,3,-347,-115,76
-25,105,-6,131,2,-348,-115,80
-25,108,-7,131,2,-350,-115,83
-25,112,-7,131,2,-352,-115,86
-25,115,-7,131,2,-352,-115,90
-24,119,-5,132,2,-352,-114,93
-22,123,-4,133,2,-352,-113,97
-20,127,-3,134,2,-352,-111,102
-19,131,-3,134,2,-352,-109,106
-18,136,-3,134,2,-352,-108,111
-17,140,-2,135,2,-352,-108,118
-15,145,0,137,2,-351,-108,123
-14,148,0,137,2,-351,-107,126
-12,152,0,137,2,-352,-106,130
-10,156,0,137,2,-353,-104,135
-9,161,1,138,2,-354,-103,139
-7,166,3,140,2,-353,-101,145
-4,170,4,141,2,-352,-98,150
-3,174,4,141,3,-352,-97,153
-3,177,3,140,2,-353,-97,156
-4,180,3,140,2,-353,-98,159
-3,184,5,142,2,-353,-97,166
-1,187,6,143,2,-354,-98,169
0,190,7,144,2,-355,-96,172
0,193,7,144,3,-356,-96,175
1,196,7,144,4,-357,-96,178
1,199,7,144,5,-357,-95,181
2,200,7,144,6,-357,-95,183
2,200,7,144,7,-357,-95,183
2,201,7,144,7,-357,-95,183
1,202,7,144,5,-357,-96,184
0,203,7,144,3,-357,-96,186
0,203,7,144,3,-357,-96,186
1,202,7,144,5,-357,-95,185
1,201,7,144,7,-357,-95,183
0,199,7,144,7,-357,-96,181
0,197,7,144,7,-356,-97,179
0,196,7,144,7,-355,-97,178
0,194,7,144,7,-354,-97,175
0,191,7,144,7,-354,-96,174
-1,189,7,144,7,-354,-97,170
-3,187,6,143,7,-354,-100,169
-4,185,5,142,7,-352,-98,167
-5,184,4,141,7,-352,-100,163
-5,181,3,140,7,-352,-100,161
-6,178,3,140,7,-352,-100,157
-7,174,3,140,7,-352,-101,153
-9,170,1,139,7,-352,-103,148
-11,167,0,137,7,-352,-106,146
-13,164,0,137,7,-352,-107,142
-14,162,0,137,7,-352,-107,140
-13,159,0,137,7,-352,-107,137
-13,155,0,137,7,-352,-107,134
-14,152,0,137,7,-352,-108,130
-15,150,0,136,7,-352,-109,128
-17,147,-1,136,7,-352,-111,125
-17,144,-2,135,7,-352,-108,120
-17,141,-3,134,7,-352,-108,117
-18,139,-3,134,7,-352,-108,114
-18,137,-3,134,7,-352,-109,113
-19,135,-2,134,7,-352,-111,111
-20,132,-3,134,7,-352,-111,107
-19,129,-4,133,7,-352,-111,104
-18,127,-5,132,7,-352,-109,102
-18,126,-5,132,7,-352,-108,101
-19,126,-4,133,7,-352,-109,101
-21,125,-3,134,7,-352,-112,100
-22,124,-3,133,7,-352,-113,100
-22,122,-4,133,7,-352,-113,97
-22,120,-4,133,7,-352,-113,95
-24,119,-3,134,7,-352,-114,93
-25,119,-3,134,7,-352,-115,93
-25,119,-3,134,7,-354,-115,93
-25,119,-3,134,7,-355,-115,93
-25,119,-3,134,7,-357,-115,93
-25,119,-3,134,7,-357,-115,93
-25,119,-3,134,7,-357,-115,93
-25,117,-3,134,7,-357,-115,92
-23,116,-3,134,7,-357,-114,91
-23,115,-3,134,7,-357,-113,90
-23,114,-3,134,7,-357,-113,89
-23,114,-3,134,7,-357,-113,89
-23,114,-2,134,8,-357,-113,89
-23,114,-3,134,9,-357,-113,89
-24,115,-4,136,10,-358,-117,90
-25,115,-6,136,11,-360,-118,90
-25,115,-6,135,11,-362,-118,90
-25,115,-5,135,11,-363,-118,90
-24,115,-4,136,10,-362,-117,90
-24,114,-5,137,10,-362,-117,89
-25,113,-7,137,10,-362,-118,85
-27,112,-8,135,11,-362,-119,84
-28,112,-9,133,12,-362,-120,84
-28,111,-9,133,12,-362,-122,84
-30,111,-10,134,11,-362,-123,83
-31,110,-10,135,11,-362,-124,81
-32,110,-10,135,11,-362,-124,81
-31,108,-9,135,12,-362,-124,80
-31,106,-10,134,11,-362,-124,78
-32,104,-10,133,11,-362,-124,75
-32,101,-12,132,11,-362,-125,73
-33,99,-13,131,11,-362,-125,68
-34,98,-14,131,11,-362,-126,67
-36,96,-13,131,11,-362,-128,65
-36,94,-13,131,11,-362,-129,63
-36,92,-13,131,11,-362,-129,61
-37,89,-13,131,11,-362,-129,57
-38,86,-13,132,11,-364,-130,54
-38,84,-13,131,11,-366,-130,53
-38,82,-14,130,11,-366,-130,51
-37,79,-16,129,11,-366,-126,47
-37,76,-17,128,11,-365,-126,45
-37,73,-17,128,11,-366,-126,41
-38,71,-17,128,11,-366,-126,40
-38,69,-17,128,11,-366,-126,37
-38,68,-17,128,11,-365,-128,36
-39,66,-17,128,11,-365,-129,35
-40,66,-17,128,11,-367,-129,34
-41,65,-17,128,11,-368,-130,32
-41,63,-17,128,11,-367,-130,31
-42,62,-17,128,11,-365,-131,30
-43,61,-17,128,11,-364,-131,29
-42,60,-17,128,11,-364,-131,29
-40,61,-17,128,11,-365,-129,29
-39,61,-17,128,11,-367,-129,29
-39,61,-17,128,11,-368,-128,30
-39,63,-17,128,11,-367,-129,31
-40,65,-17,128,11,-367,-129,32
-41,65,-17,128,11,-367,-130,34
-42,66,-17,128,11,-367,-131,34
-42,67,-17,129,11,-367,-131,35
-41,69,-16,129,11,-367,-130,37
-40,72,-16,130,11,-367,-130,40
-39,74,-16,129,11,-367,-129,42
-40,75,-15,129,11,-367,-130,43
-41,76,-15,130,11,-367,-134,45
-42,78,-14,132,11,-367,-134,47
-42,80,-14,133,11,-367,-134,48
-41,82,-15,133,11,-368,-134,51
-40,85,-15,133,11,-370,-133,53
-39,87,-15,133,11,-372,-131,56
-39,89,-15,133,11,-371,-131,58
-38,90,-14,132,11,-369,-130,58
-37,90,-14,131,11,-368,-129,58
-37,90,-13,131,11,-369,-130,58
-38,91,-13,131,11,-370,-130,59
-38,93,-14,131,11,-371,-130,62
-38,95,-14,131,11,-372,-130,64
-37,96,-13,131,11,-372,-130,65
-36,96,-13,131,11,-372,-129,65
-35,95,-13,131,11,-371,-128,64
-34,93,-14,131,11,-370,-126,63
-33,92,-14,131,11,-370,-125,62
-33,92,-13,131,11,-370,-125,61
-33,92,-12,130,11,-370,-123,63
-33,92,-12,130,11,-368,-123,64
-33,93,-13,130,11,-367,-123,64
-32,92,-13,131,11,-367,-125,64
-33,91,-13,130,11,-367,-123,63
-33,90,-11,129,11,-367,-123,62
-35,88,-10,128,11,-367,-122,59
-35,87,-10,128,11,-367,-123,58
-36,86,-11,129,11,-367,-125,57
-35,86,-11,129,11,-367,-125,57
-34,84,-12,128,11,-367,-124,56
-33,83,-13,126,11,-367,-120,54
-32,81,-14,125,11,-368,-119,52
-33,81,-14,124,11,-367,-120,52
-34,81,-14,124,11,-365,-122,52
-36,80,-14,125,11,-364,-123,51
-36,78,-14,125,11,-364,-123,50
-36,76,-14,124,11,-364,-123,47
-35,75,-14,124,11,-363,-122,46
-34,74,-14,124,11,-363,-122,46
-34,74,-13,125,11,-363,-122,46
-35,75,-13,125,11,-364,-122,46
-36,76,-12,126,11,-365,-123,47
-36,78,-13,125,11,-365,-124,48
-37,79,-12,126,11,-363,-124,50
-37,79,-11,126,11,-362,-124,50
-37,79,-10,128,11,-362,-124,51
-38,80,-10,128,11,-364,-125,51
-39,82,-10,128,11,-366,-126,53
-39,83,-10,128,11,-367,-126,54
-38,85,-10,128,11,-367,-125,56
-37,86,-10,128,11,-366,-125,57
-37,88,-10,127,11,-365,-124,59
-37,90,-10,128,11,-365,-124,62
-36,91,-9,129,11,-367,-126,65
-35,93,-8,130,11,-367,-125,67
-35,95,-7,130,11,-367,-125,69
-35,96,-7,130,11,-367,-125,70
-34,97,-7,130,11,-367,-124,72
-34,99,-7,131,11,-367,-124,74
-33,102,-6,131,11,-367,-123,76
-32,104,-7,131,11,-367,-122,78
-31,105,-7,130,11,-367,-120,79
-29,106,-8,130,11,-367,-119,80
-29,105,-7,130,11,-367,-119,80
-29,105,-7,132,11,-367,-119,80
-29,105,-8,133,11,-367,-119,78
-29,105,-8,133,11,-368,-122,78
-29,105,-9,134,11,-367,-122,78
-29,106,-10,134,11,-365,-122,78
-30,105,-10,135,11,-364,-123,78
-31,104,-10,135,11,-362,-123,76
-31,103,-10,134,11,-362,-124,74
-31,101,-10,134,11,-362,-123,73
-31,99,-10,135,11,-362,-124,70
-32,98,-9,135,11,-362,-125,69
-33,96,-10,134,11,-362,-126,68
-33,94,-10,133,11,-362,-126,65
-33,91,-12,132,11,-362,-125,63
-32,89,-13,131,11,-361,-125,57
-34,86,-14,131,11,-359,-126,54
-35,83,-13,131,12,-357,-128,52
-36,81,-13,131,12,-357,-129,50
-37,79,-13,131,12,-357,-129,48
-38,78,-13,132,12,-357,-130,46
-39,76,-13,131,12,-357,-131,45
-39,74,-14,130,12,-357,-131,42
-40,72,-16,129,12,-357,-130,40
-41,69,-17,128,12,-357,-130,37
-42,67,-17,128,12,-357,-131,35
-43,65,-17,128,12,-357,-131,34
-43,63,-17,128,12,-357,-133,31
-43,61,-17,128,12,-357,-133,29
-43,59,-17,128,12,-357,-133,28
-43,59,-17,128,12,-357,-133,26
-43,59,-17,128,12,-357,-133,28
-43,59,-17,128,12,-357,-131,26
-42,58,-17,128,12,-357,-131,26
-42,57,-17,128,12,-357,-131,25
-42,58,-17,128,12,-357,-131,26
-43,59,-17,128,12,-357,-133,26
-43,59,-17,128,12,-357,-133,28
-43,59,-18,127,12,-357,-131,28
-43,59,-18,127,12,-357,-133,28
-44,60,-18,127,12,-357,-133,29
-44,62,-16,127,12,-357,-134,30
-45,64,-15,127,12,-357,-135,31
-45,65,-16,127,12,-357,-135,34
-43,68,-17,128,12,-357,-133,36
-42,71,-16,129,12,-357,-131,39
-41,73,-14,131,12,-357,-133,41
-40,75,-13,131,12,-357,-133,43
-40,79,-13,132,12,-357,-133,47
-40,81,-13,131,12,-357,-133,50
-40,83,-14,131,12,-357,-133,52
-40,85,-13,131,12,-357,-133,53
-39,87,-12,132,12,-357,-131,58
-39,89,-10,133,12,-357,-131,61
-37,92,-10,134,12,-357,-130,63
-36,94,-9,135,12,-357,-128,65
-34,97,-10,135,12,-357,-126,69
-33,100,-10,135,12,-357,-125,72
-33,101,-10,134,12,-357,-125,73
-33,103,-8,133,12,-357,-125,75
-33,105,-8,132,12,-357,-123,78
-32,108,-7,132,12,-357,-123,81
-32,109,-7,132,12,-357,-123,84
-32,112,-7,134,12,-357,-125,84
-32,114,-6,136,12,-357,-124,89
-31,115,-5,136,12,-357,-124,90
-30,116,-4,136,12,-356,-123,91
-29,116,-4,136,12,-355,-123,91
-29,116,-4,135,12,-356,-123,91
-29,118,-4,135,12,-357,-122,92
-28,121,-3,134,12,-356,-119,96
-28,123,-3,134,12,-354,-118,97
-27,124,-3,134,12,-352,-118,98
-28,123,-3,134,12,-352,-118,98
-27,122,-3,134,12,-352,-118,97
-27,122,-3,134,12,-352,-118,97
-27,121,-3,134,12,-352,-117,96
-26,120,-3,134,12,-353,-117,95
-26,119,-3,134,12,-353,-117,95
-25,119,-3,134,12,-352,-115,93
-25,119,-3,134,12,-350,-115,93
-25,119,-3,134,12,-349,-115,93
-25,119,-3,134,12,-349,-115,93
-25,117,-3,134,12,-350,-115,91
-27,114,-3,134,12,-351,-117,89
-27,112,-3,134,12,-350,-118,87
-28,112,-3,134,12,-348,-118,86
-27,112,-3,134,12,-347,-118,86
-26,111,-4,133,12,-347,-117,85
-26,109,-4,133,12,-348,-115,84
-25,108,-4,133,12,-349,-115,83
-25,108,-4,133,12,-350,-114,83
-24,108,-5,132,12,-349,-114,83
-25,108,-6,131,12,-348,-115,83
-26,107,-6,132,12,-347,-117,81
-28,106,-5,132,12,-347,-118,80
-29,105,-5,132,12,-347,-119,80
-29,106,-6,131,12,-348,-119,80
-29,105,-7,131,12,-347,-119,80
-29,105,-7,131,12,-347,-119,80
-29,105,-7,131,12,-347,-119,80
-29,106,-6,131,12,-347,-119,80
-28,107,-6,131,12,-347,-119,81
-27,109,-6,131,12,-347,-118,84
-26,111,-7,131,12,-347,-117,85
-26,112,-7,131,12,-347,-117,86
-27,112,-6,131,12,-347,-118,86
-29,111,-5,132,13,-347,-119,86
-30,110,-4,133,13,-347,-120,85
-30,110,-3,134,12,-348,-120,85
-28,111,-2,134,12,-347,-119,86
-28,113,-3,134,12,-347,-118,87
-28,115,-3,134,13,-347,-119,90
-29,117,-3,134,14,-348,-120,91
-30,117,-3,134,15,-349,-120,91
-29,116,-3,134,16,-349,-120,91
-28,117,-3,134,16,-350,-119,92
-26,118,-3,134,16,-349,-117,93
-26,119,-3,134,16,-349,-117,95
-26,121,-3,134,16,-349,-117,96
-27,122,-3,134,15,-349,-118,96
-27,122,-3,134,14,-351,-118,97
-27,122,-3,134,15,-352,-118,96
-26,120,-3,134,15,-353,-117,95
-27,118,-3,134,15,-353,-117,93
-26,118,-3,134,14,-352,-117,92
-26,118,-3,134,14,-352,-117,92
-26,119,-4,133,15,-352,-117,93
-27,119,-4,133,17,-353,-117,93
-28,117,-4,133,18,-353,-118,92
-29,115,-4,133,17,-353,-119,90
-28,114,-5,132,17,-353,-119,89
-28,112,-6,131,17,-353,-118,86
-27,110,-7,131,17,-353,-118,84
-28,108,-9,131,17,-353,-118,80
-29,106,-10,131,17,-353,-119,78
-30,104,-9,131,17,-353,-120,76
-31,103,-8,130,17,-352,-122,76
-32,101,-8,129,17,-353,-119,75
-33,98,-9,129,17,-353,-120,73
-33,96,-11,129,17,-354,-124,67
-34,93,-13,130,17,-354,-124,65
-33,92,-14,130,17,-354,-125,62
-32,91,-14,129,17,-353,-123,63
-33,90,-12,128,17,-354,-123,61
-35,88,-12,127,17,-356,-123,59
-36,87,-13,127,17,-356,-125,58
-35,86,-14,128,17,-355,-125,54
-34,84,-15,129,17,-354,-124,53
-35,82,-15,128,17,-354,-124,51
-36,80,-14,126,17,-354,-123,51
-37,79,-15,126,17,-355,-124,47
-37,79,-16,126,17,-356,-126,47
-37,79,-17,128,17,-357,-126,48
-37,79,-16,130,16,-358,-126,48
-37,79,-14,131,16,-358,-129,47
-37,79,-13,131,17,-357,-129,47
-37,79,-13,132,17,-357,-129,47
-37,79,-13,131,17,-357,-129,47
-37,79,-13,131,17,-357,-129,47
-37,79,-13,131,17,-357,-129,47
-38,78,-13,131,17,-357,-130,47
-39,78,-13,131,17,-357,-131,47
-38,79,-13,131,17,-357,-130,47
-37,79,-13,131,17,-357,-129,47
-37,79,-13,131,17,-357,-129,47
-37,79,-13,131,17,-357,-129,48
-38,80,-13,131,17,-357,-130,48
-39,82,-13,131,17,-357,-131,51
-39,83,-13,131,17,-357,-131,52
-39,84,-14,131,17,-357,-131,52
-38,84,-14,131,17,-357,-130,53
-38,84,-13,131,17,-357,-130,53
-38,84,-13,130,16,-358,-128,56
-38,84,-12,130,16,-358,-128,54
-37,84,-13,130,17,-357,-128,56
-37,85,-13,131,17,-357,-126,56
-36,85,-13,130,17,-357,-126,56
-36,85,-12,130,16,-359,-126,56
-36,85,-12,130,16,-361,-126,56
-36,85,-13,131,16,-362,-129,53
-35,85,-14,132,16,-363,-128,54
-35,86,-14,131,16,-363,-128,54
-35,86,-13,130,16,-362,-125,57
-35,86,-11,129,16,-362,-125,57
-35,86,-10,128,16,-362,-123,57
-35,86,-10,127,16,-362,-123,57
-35,86,-10,128,16,-362,-123,57
-34,84,-10,128,16,-362,-122,56
-33,83,-10,128,16,-362,-120,54
-33,82,-10,128,16,-362,-120,53
-34,83,-10,128,16,-362,-120,54
-34,84,-10,128,16,-363,-122,54
-34,85,-10,128,16,-363,-122,56
-34,86,-10,128,17,-362,-122,57
-32,87,-10,127,17,-362,-119,59
-32,89,-10,128,16,-362,-119,61
-32,91,-9,129,16,-364,-122,63
-33,92,-7,130,16,-365,-123,65
-33,93,-7,131,17,-368,-123,67
-34,94,-6,131,17,-368,-124,68
-35,95,-6,131,18,-367,-125,69
-35,97,-7,131,18,-367,-125,70
-35,99,-7,131,16,-367,-125,73
-34,101,-7,131,15,-368,-124,75
-34,104,-7,131,15,-370,-125,78
-35,106,-7,131,17,-372,-125,80
-34,108,-7,131,20,-372,-125,83
-34,111,-7,131,21,-372,-124,85
-33,112,-7,131,21,-372,-124,87
-33,114,-7,131,19,-372,-124,89
-32,115,-6,131,19,-372,-123,90
-32,117,-7,131,19,-372,-123,91
-32,119,-7,131,20,-372,-123,93
-31,121,-7,131,21,-373,-122,96
-30,122,-6,133,21,-374,-122,96
-28,122,-5,135,20,-374,-122,97
-28,123,-4,135,20,-374,-120,97
-28,124,-4,136,21,-372,-122,100
-29,126,-5,137,21,-372,-123,101
-30,127,-6,137,21,-372,-126,102
-29,128,-7,138,21,-372,-124,101
-27,129,-6,138,21,-372,-123,102
-26,130,-6,138,21,-372,-122,102
-25,130,-6,138,21,-371,-120,102
-25,129,-6,138,21,-370,-120,102
-25,128,-6,138,21,-369,-120,101
-25,128,-6,137,21,-368,-120,103
-25,128,-5,137,21,-368,-118,103
-25,128,-5,136,21,-367,-118,103
-24,127,-5,137,21,-367,-118,102
-23,126,-6,137,21,-367,-119,101
-23,125,-6,137,21,-368,-117,100
-23,125,-5,136,21,-367,-117,100
-23,126,-4,135,21,-367,-117,101
-23,126,-4,135,21,-367,-117,101
-23,125,-4,135,21,-367,-117,100
-23,125,-5,137,21,-367,-117,100
-23,125,-6,138,21,-367,-119,97
-23,125,-7,138,21,-367,-119,97
-23,126,-7,138,21,-367,-118,98
-23,125,-6,138,21,-367,-119,97
-24,125,-6,137,21,-367,-120,100
-26,123,-5,137,21,-367,-119,98
-27,123,-5,136,21,-368,-120,98
-28,123,-5,137,21,-368,-120,97
-28,123,-6,137,21,-367,-123,97
-28,123,-6,138,21,-365,-123,95
-28,123,-6,138,21,-364,-124,95
-27,123,-6,138,21,-364,-123,95
-26,124,-6,138,21,-365,-122,96
-25,124,-6,138,21,-367,-120,97
-25,124,-6,138,21,-368,-120,97
-26,124,-6,138,21,-368,-122,96
-26,124,-6,138,21,-368,-122,96
-25,124,-6,138,21,-367,-120,97
-24,125,-7,138,21,-366,-119,97
-23,126,-6,138,21,-366,-118,98
-23,126,-5,136,21,-366,-117,101
-24,125,-4,135,21,-366,-117,100
-24,124,-4,135,21,-366,-117,98
-23,121,-5,137,19,-367,-117,96
-24,120,-6,137,18,-367,-119,95
-24,119,-5,137,17,-366,-117,93
-25,119,-4,135,18,-364,-118,93
-25,119,-4,135,19,-362,-118,93
-25,119,-5,137,20,-362,-118,93
-25,119,-6,137,20,-362,-120,93
-25,119,-6,137,20,-362,-118,93
-25,119,-5,137,20,-362,-118,93
-25,119,-5,137,21,-363,-118,93
-25,117,-6,137,21,-363,-120,92
-24,115,-7,137,20,-362,-119,87
-23,114,-8,137,19,-361,-115,86
-23,114,-7,135,20,-359,-115,86
-23,115,-7,134,21,-358,-115,90
-23,115,-6,134,22,-358,-115,90
-22,113,-5,134,21,-358,-113,87
-21,112,-6,133,21,-356,-112,86
-21,110,-7,133,19,-354,-111,85
-21,110,-8,134,19,-353,-113,81
-21,110,-8,135,20,-352,-113,83
-21,110,-8,136,21,-352,-113,83
-20,111,-9,136,21,-353,-113,83
-21,110,-10,135,22,-354,-113,83
-22,109,-10,134,22,-353,-114,81
-24,108,-10,134,22,-351,-117,80
-25,108,-10,135,22,-350,-117,80
-25,108,-10,135,22,-348,-118,80
-25,108,-10,135,23,-348,-118,80
-25,108,-10,134,22,-348,-117,80
-24,108,-10,134,20,-348,-117,80
-25,108,-10,135,18,-348,-118,80
-26,109,-9,135,19,-348,-118,81
-27,110,-8,136,21,-348,-120,83
-28,111,-7,137,22,-348,-122,84
-29,112,-6,137,21,-348,-124,84
-29,111,-6,137,19,-348,-124,83
-28,111,-7,137,17,-347,-122,84
-28,112,-9,136,17,-347,-120,84
-28,112,-9,135,19,-346,-120,84
-27,112,-9,135,21,-345,-120,85
-27,112,-9,136,22,-344,-120,84
-27,112,-9,136,22,-343,-119,84
-27,112,-9,136,22,-343,-120,85
-28,113,-9,136,23,-343,-120,85
-29,115,-8,135,22,-343,-122,87
-30,116,-7,134,21,-343,-123,89
-29,117,-6,134,18,-343,-123,91
-28,117,-6,134,18,-343,-122,92
-26,118,-6,136,18,-343,-119,92
-25,119,-6,136,21,-343,-118,93
-25,119,-5,135,22,-343,-118,93
-25,119,-3,134,23,-343,-115,93
-26,119,-3,134,22,-343,-117,93
-25,119,-3,135,22,-343,-118,93
-24,119,-4,136,22,-343,-117,93
-22,120,-4,135,22,-343,-115,95
-21,122,-3,134,21,-343,-112,97
-22,124,-3,134,21,-343,-113,100
-23,126,-3,134,21,-343,-114,101
-24,125,-4,135,21,-343,-117,100
-22,124,-4,136,21,-343,-115,100
-21,124,-4,135,19,-343,-114,100
-19,126,-3,134,19,-343,-109,101
-20,127,-4,135,20,-343,-113,102
-22,126,-5,137,20,-343,-115,101
-23,126,-6,138,19,-343,-119,98
-24,125,-7,138,18,-343,-119,97
-23,126,-6,138,18,-343,-119,98
-23,126,-6,138,19,-343,-119,98
-23,125,-6,138,20,-343,-119,97
-24,123,-6,138,20,-343,-119,96
-25,122,-6,138,19,-343,-122,95
-27,122,-6,138,18,-343,-123,93
-27,121,-6,138,19,-343,-123,93
-26,120,-6,138,20,-343,-122,95
-25,119,-6,138,21,-343,-120,91
-25,119,-8,137,22,-343,-120,91
-26,118,-9,137,22,-344,-122,90
-28,116,-10,137,22,-344,-123,87
-28,114,-9,137,22,-345,-123,86
-27,112,-9,136,22,-345,-120,84
-28,110,-9,135,22,-345,-120,83
-28,107,-10,134,22,-345,-122,79
-29,104,-10,134,22,-344,-122,75
-31,101,-10,135,22,-343,-123,73
-31,99,-10,135,22,-343,-124,70
-32,97,-10,133,22,-344,-124,68
-32,94,-12,132,22,-345,-124,65
-32,91,-13,131,22,-345,-125,61
-32,89,-14,131,22,-344,-125,57
-34,86,-13,131,22,-343,-126,54
-35,84,-13,131,22,-343,-128,52
-37,81,-13,131,22,-343,-129,50
-39,78,-13,132,22,-343,-130,47
-39,76,-14,132,21,-343,-131,45
-39,74,-14,130,20,-343,-131,42
-39,72,-15,128,19,-343,-129,41
-39,70,-14,126,20,-343,-126,41
-40,68,-14,124,21,-343,-126,39
-41,66,-14,124,22,-343,-128,37
-40,64,-14,125,22,-343,-128,35
-39,63,-14,125,22,-344,-126,34
-38,62,-14,125,22,-343,-125,32
-39,61,-14,124,23,-342,-125,31
-39,61,-14,124,22,-340,-126,31
-41,61,-14,124,21,-338,-128,31
-41,60,-14,124,21,-338,-128,31
-40,60,-14,124,21,-338,-128,31
-39,61,-14,124,22,-339,-126,31
-39,61,-14,124,23,-339,-125,32
-39,63,-14,124,23,-338,-126,34
-40,65,-14,124,22,-338,-126,35
-41,66,-14,124,21,-338,-128,36
-41,66,-14,124,20,-338,-128,36
-41,66,-14,125,19,-338,-128,36
-41,67,-14,125,19,-338,-128,37
-41,69,-14,125,19,-338,-128,40
-40,72,-14,124,19,-338,-128,42
-39,73,-14,124,19,-338,-126,43
-40,74,-14,125,19,-338,-126,45
-39,74,-13,125,19,-338,-126,45
-39,75,-11,127,21,-338,-126,46
-38,77,-10,128,21,-338,-125,48
-37,80,-10,128,22,-339,-124,51
-39,82,-10,128,22,-338,-126,53
-39,83,-10,128,21,-338,-126,54
-39,84,-10,128,19,-338,-126,54
-38,84,-10,128,19,-339,-125,56
-36,85,-10,128,20,-341,-124,56
-35,86,-10,128,20,-343,-123,57
-35,86,-10,128,21,-343,-122,57
-35,86,-10,128,21,-343,-123,57
-35,86,-10,128,21,-343,-123,57
-35,85,-10,128,22,-343,-122,56
-34,84,-10,128,22,-343,-122,54
-33,83,-10,128,21,-343,-120,54
-33,82,-10,128,20,-343,-120,53
-33,81,-10,128,20,-343,-120,52
-33,81,-10,128,20,-343,-120,52
-33,81,-10,128,20,-343,-120,52
-33,81,-10,128,20,-345,-120,52
-33,82,-10,128,20,-346,-120,53
-33,81,-10,128,20,-346,-120,52
-32,80,-10,128,21,-346,-119,51
-31,78,-10,128,21,-346,-118,50
-30,77,-10,128,21,-347,-117,48
-30,77,-10,128,21,-348,-117,48
-30,77,-10,128,21,-348,-117,48
-32,76,-10,127,22,-348,-119,47
-33,75,-11,126,22,-348,-120,46
-34,74,-11,126,22,-348,-122,46
-35,74,-11,127,22,-348,-122,46
-36,76,-10,128,22,-348,-123,47
-36,78,-10,128,22,-348,-123,50
-37,79,-11,127,22,-348,-124,50
-37,79,-12,126,22,-348,-124,51
-37,79,-13,126,22,-348,-124,50
-37,79,-13,127,22,-350,-124,51
-37,80,-14,126,22,-351,-124,51
-38,81,-14,126,21,-353,-125,52
-39,81,-15,126,21,-354,-126,50
-39,83,-16,127,22,-353,-129,51
-38,83,-17,128,22,-351,-128,52
-36,85,-16,129,22,-351,-126,54
-35,86,-14,128,22,-351,-125,54
-35,86,-13,127,22,-353,-124,57
-35,86,-13,127,21,-353,-125,57
-35,85,-14,129,21,-353,-125,53
-35,86,-14,130,21,-353,-128,54
-34,87,-13,130,21,-353,-124,59
-34,90,-11,129,21,-353,-124,62
-33,92,-10,128,21,-353,-120,64
-33,93,-10,127,21,-353,-120,64
-33,92,-10,128,21,-353,-120,64
-33,92,-10,128,21,-353,-120,63
-32,93,-10,128,21,-353,-119,64
-30,94,-10,128,21,-353,-118,65
-29,94,-10,128,21,-353,-117,67
-28,94,-10,128,21,-353,-115,67
-29,95,-10,128,21,-353,-117,67
-29,96,-10,128,21,-353,-117,68
-31,97,-10,128,21,-353,-118,69
-31,99,-10,128,21,-353,-119,70
-31,99,-10,128,21,-353,-119,72
-31,99,-10,128,21,-353,-119,70
-31,99,-10,128,21,-353,-118,70
-31,99,-10,128,21,-353,-122,70
-31,99,-10,127,21,-353,-119,70
-31,99,-9,126,21,-353,-119,73
-31,99,-8,126,22,-353,-119,73
-31,99,-8,125,22,-353,-115,73
-31,99,-8,125,21,-353,-119,73
-32,98,-8,125,22,-355,-118,73
-34,97,-7,124,22,-356,-119,72
-35,97,-7,124,22,-356,-120,70
-36,96,-7,124,21,-356,-122,70
-36,96,-8,125,21,-357,-120,70
-35,97,-8,126,22,-357,-123,70
-35,97,-8,125,22,-358,-120,70
-35,97,-7,124,24,-358,-120,70
-36,96,-8,125,24,-358,-120,70
-36,96,-8,126,24,-358,-123,70
-36,96,-9,126,22,-358,-123,70
-36,96,-8,126,22,-358,-123,70
-36,96,-8,125,22,-358,-120,70
-36,96,-7,124,23,-358,-120,70
-36,96,-7,124,25,-358,-120,70
-36,97,-7,124,25,-358,-120,70
-36,97,-7,124,26,-358,-122,72
-36,96,-7,124,25,-358,-120,70
-35,95,-7,124,24,-358,-120,69
-34,93,-7,124,23,-358,-119,68
-33,92,-7,124,24,-358,-118,67
-33,92,-7,124,25,-358,-118,65
-33,92,-7,124,26,-358,-118,67
-33,92,-7,124,25,-358,-118,67
-33,92,-7,124,23,-358,-118,67
-33,92,-7,124,23,-357,-118,67
-33,92,-7,124,24,-357,-118,67
-33,93,-7,124,25,-356,-118,67
-33,92,-7,124,25,-355,-118,65
-32,91,-7,124,24,-354,-118,65
-32,90,-7,124,24,-353,-117,64
-32,89,-7,124,24,-353,-117,63
-32,89,-7,124,25,-353,-117,63
-32,89,-7,124,25,-354,-117,63
-31,88,-7,124,25,-353,-115,63
-31,88,-7,124,25,-351,-115,62
-31,87,-7,124,24,-350,-115,62
-31,88,-8,125,24,-348,-115,62
-31,88,-8,126,25,-348,-118,62
-31,88,-8,125,25,-348,-115,62
-30,86,-7,124,24,-348,-114,61
-29,85,-7,124,24,-347,-114,59
-28,84,-7,125,24,-345,-113,58
-28,84,-8,126,24,-343,-115,58
-29,85,-9,126,24,-343,-117,59
-30,86,-10,127,23,-343,-117,58
-30,87,-10,127,22,-343,-118,58
-31,88,-9,127,22,-343,-118,62
-31,88,-9,126,23,-344,-118,62
-29,89,-9,127,25,-343,-117,63
-27,89,-10,127,26,-342,-114,61
-27,90,-10,128,26,-340,-114,62
-27,92,-10,128,26,-338,-114,63
-28,93,-10,128,26,-338,-115,65
-27,95,-10,128,26,-338,-114,67
-26,97,-10,128,27,-339,-113,68
-25,98,-10,128,28,-339,-113,70
-26,100,-10,128,28,-339,-113,72
-27,101,-10,128,28,-339,-114,73
-27,101,-10,127,27,-339,-114,73
-27,101,-10,128,27,-339,-114,73
-26,103,-9,129,28,-339,-117,75
-25,106,-7,130,27,-339,-115,80
-25,107,-7,131,27,-339,-115,81
-25,108,-6,131,27,-339,-114,83
-25,109,-6,131,27,-339,-115,84
-27,110,-7,131,27,-339,-117,85
-28,112,-7,131,27,-339,-118,86
-27,113,-7,130,27,-339,-118,87
-26,113,-8,128,27,-339,-114,87
-25,113,-7,127,27,-339,-112,89
-24,114,-8,128,27,-339,-112,89
-24,114,-9,128,27,-340,-112,86
-24,114,-10,128,27,-340,-114,86
-23,114,-9,129,27,-340,-113,86
-23,114,-8,130,27,-340,-113,89
-22,113,-7,130,27,-340,-113,89
-23,112,-7,130,27,-341,-113,87
-23,111,-7,130,27,-343,-113,85
-23,109,-7,130,27,-343,-113,84
-24,109,-7,130,27,-344,-114,84
-25,108,-8,129,27,-344,-115,83
-25,108,-9,129,27,-343,-115,80
-24,107,-9,129,27,-343,-114,79
-23,105,-9,128,27,-344,-111,78
-22,104,-9,128,27,-344,-109,76
-22,103,-9,128,27,-343,-109,75
-22,103,-9,129,27,-343,-113,78
-23,104,-8,129,27,-343,-113,78
-23,104,-9,129,27,-345,-113,78
-22,103,-9,128,27,-347,-109,75
-22,103,-9,128,27,-348,-109,75
-23,104,-8,129,27,-349,-113,78
-23,105,-7,130,27,-349,-113,79
-24,107,-7,131,27,-348,-114,81
-25,108,-7,130,27,-348,-115,83
-25,108,-9,129,27,-348,-115,83
-25,108,-9,129,27,-349,-115,83
-25,108,-7,130,27,-350,-114,83
-24,108,-7,131,28,-350,-114,83
-25,108,-7,130,28,-351,-115,83
-26,107,-9,129,28,-352,-117,81
-28,106,-10,128,28,-353,-115,78
-29,105,-10,127,28,-354,-117,78
-29,105,-10,128,28,-354,-117,78
-29,105,-10,128,28,-353,-117,78
-29,106,-10,128,27,-353,-117,78
-31,105,-10,128,27,-353,-118,76
-32,104,-10,128,28,-354,-120,75
-33,102,-10,128,28,-355,-120,74
-32,100,-10,128,28,-355,-120,72
-31,99,-10,128,27,-354,-118,70
-31,99,-10,128,26,-354,-118,70
-31,99,-10,128,26,-354,-119,70
-32,97,-11,126,26,-355,-119,69
-32,94,-12,126,27,-355,-119,65
-32,91,-12,126,27,-354,-119,63
-32,89,-12,126,26,-353,-119,61
-32,87,-11,127,27,-353,-119,58
-33,85,-11,127,26,-353,-120,57
-33,83,-11,127,26,-353,-120,54
-32,81,-11,126,26,-353,-119,52
-32,79,-12,126,26,-354,-119,51
-32,78,-14,125,26,-354,-119,48
-34,76,-14,124,26,-353,-120,47
-34,74,-14,124,27,-352,-122,46
-34,73,-14,124,27,-350,-120,45
-33,72,-14,125,27,-348,-120,43
-34,70,-14,125,27,-348,-120,41
-34,67,-14,125,27,-348,-122,39
-35,65,-14,124,27,-349,-122,36
-35,64,-14,124,27,-349,-122,35
-36,63,-15,123,27,-348,-123,34
-37,62,-16,122,27,-348,-124,32
-39,62,-16,122,27,-348,-125,30
-39,61,-17,121,27,-348,-123,30
-39,61,-17,121,27,-348,-123,30
-38,61,-17,121,27,-348,-123,30
-38,61,-17,121,27,-348,-122,29
-37,60,-17,121,27,-348,-122,28
-37,59,-17,121,27,-348,-120,26
-37,58,-17,121,27,-348,-122,26
-38,58,-17,121,27,-348,-122,26
-39,58,-17,121,27,-348,-123,26
-40,57,-17,121,27,-348,-124,25
-40,57,-17,121,27,-348,-124,25
-41,57,-17,121,27,-348,-125,25
-41,58,-18,121,27,-348,-128,26
-41,59,-18,122,27,-348,-128,28
-42,60,-17,121,27,-348,-125,28
-41,60,-16,120,27,-348,-125,31
-40,61,-15,119,27,-348,-124,31
-39,61,-15,119,27,-349,-123,32
-38,61,-15,119,27,-349,-123,32
-39,62,-15,119,27,-348,-123,32
-39,62,-14,118,27,-348,-120,32
-39,61,-14,117,27,-348,-120,32
-39,61,-14,117,27,-350,-120,32
-39,61,-14,117,27,-352,-120,32
-39,63,-14,118,27,-353,-122,34
-39,65,-14,118,27,-352,-122,36
-39,67,-14,117,27,-351,-122,37
-39,68,-14,118,27,-352,-120,39
-38,68,-14,118,27,-353,-119,39
-37,68,-14,117,26,-354,-119,39
-36,68,-14,117,26,-354,-118,40
-36,68,-14,117,26,-353,-118,40
-37,68,-14,118,26,-354,-119,40
-37,68,-13,119,26,-354,-119,39
-37,68,-13,119,27,-353,-119,39
-36,68,-13,119,27,-352,-118,40
-37,68,-14,118,27,-352,-119,39
-37,68,-14,117,27,-352,-119,39
-37,68,-14,117,27,-351,-119,39
-37,68,-14,117,27,-350,-119,39
-37,68,-14,118,26,-348,-119,39
-37,68,-14,118,25,-348,-119,39
-37,68,-14,117,25,-348,-119,39
-36,68,-14,117,25,-349,-118,40
-37,68,-14,117,27,-349,-119,39
-37,68,-14,117,27,-347,-119,39
-37,68,-14,117,26,-345,-119,39
-36,68,-14,117,24,-343,-118,40
-36,68,-14,117,22,-343,-118,40
-37,68,-14,117,22,-343,-119,40
-37,68,-14,117,22,-342,-119,39
-38,67,-14,117,23,-340,-120,37
-39,67,-14,117,23,-339,-122,37
-40,66,-14,117,23,-338,-122,37
-41,66,-14,117,22,-338,-123,37
-41,65,-14,118,23,-337,-123,36
-40,65,-14,117,23,-335,-123,35
-39,63,-14,117,23,-334,-122,34
-39,61,-14,118,23,-333,-120,32
-39,61,-14,118,23,-333,-120,32
-39,62,-14,118,23,-332,-120,32
-38,61,-14,117,23,-330,-119,32
-38,60,-15,117,23,-328,-119,31
-39,58,-15,116,23,-328,-120,29
-39,56,-15,116,23,-328,-120,26
-39,53,-16,116,23,-329,-120,24
-39,51,-16,115,23,-329,-120,21
-40,50,-16,115,23,-328,-122,20
-41,49,-16,115,23,-328,-123,19
-42,48,-17,115,23,-328,-124,19
-42,47,-17,115,23,-329,-123,17
-41,45,-18,114,23,-329,-122,15
-40,44,-18,114,23,-328,-122,14
-41,43,-18,114,23,-327,-123,13
-43,42,-18,115,23,-327,-124,13
-44,40,-18,115,23,-327,-125,10
-43,39,-18,114,23,-326,-124,9
-42,37,-18,114,23,-325,-124,8
-43,36,-18,114,23,-324,-124,7
-45,36,-18,115,23,-325,-126,6
-46,35,-19,115,23,-327,-128,3
-47,35,-19,116,24,-327,-128,2
-46,35,-19,115,23,-326,-128,2
-46,35,-18,115,23,-324,-128,4
-46,35,-18,114,23,-323,-128,4
-46,35,-18,114,24,-323,-128,4
-46,35,-18,115,24,-324,-128,4
-46,35,-18,114,23,-325,-128,4
-47,35,-18,114,22,-326,-128,4
-47,34,-18,114,21,-325,-129,4
-48,34,-18,114,20,-324,-129,4
-47,34,-18,115,20,-324,-129,4
-47,35,-19,115,20,-325,-128,2
-46,35,-20,115,20,-325,-128,2
-46,35,-20,114,20,-325,-128,2
-46,35,-19,114,19,-324,-128,2
-46,35,-19,113,19,-323,-128,2
-46,35,-20,112,20,-323,-125,2
-46,35,-21,111,20,-323,-125,2
-46,35,-22,111,20,-324,-125,2
-46,35,-21,111,19,-323,-125,2
-46,35,-21,111,20,-323,-125,2
-46,35,-21,111,20,-323,-125,2
-46,35,-21,111,20,-323,-125,2
-47,35,-21,111,19,-323,-125,2
-46,35,-21,111,18,-323,-125,2
-45,36,-21,111,18,-323,-124,3
-43,36,-21,111,18,-323,-122,4
-42,37,-21,111,19,-323,-120,4
-42,37,-21,111,19,-323,-120,6
-42,37,-21,111,18,-323,-120,6
-42,37,-21,111,18,-323,-120,4
-42,37,-21,110,18,-323,-120,4
-42,37,-20,109,18,-323,-120,7
-42,37,-20,110,18,-323,-120,6
-42,38,-21,111,18,-323,-120,6
-42,38,-22,111,18,-323,-120,6
-42,38,-22,111,18,-323,-120,6
-42,37,-21,111,18,-323,-120,4
-42,37,-20,110,18,-323,-120,6
-42,38,-19,109,18,-323,-120,8
-43,38,-19,109,18,-323,-122,8
-43,39,-20,109,18,-323,-122,9
-44,40,-21,110,18,-323,-123,8
-43,41,-21,111,18,-323,-123,9
-43,43,-19,111,18,-323,-122,13
-42,43,-17,111,18,-323,-120,13
-42,43,-15,112,18,-323,-120,13
-42,43,-15,112,18,-323,-122,13
-43,42,-16,113,18,-323,-122,13
-42,43,-16,112,18,-323,-120,13
-42,44,-16,112,18,-323,-122,14
-43,46,-16,112,18,-323,-122,17
-43,48,-16,113,18,-323,-123,18
-43,48,-17,113,18,-323,-122,19
-43,48,-17,114,18,-323,-122,19
-42,48,-17,113,18,-324,-120,19
-43,48,-17,113,18,-324,-122,19
-43,48,-17,113,18,-323,-122,19
-43,48,-17,113,19,-322,-122,19
-41,49,-16,112,19,-321,-120,19
-39,50,-15,111,19,-322,-115,23
-38,50,-14,110,18,-323,-114,24
-38,51,-14,111,18,-324,-114,24
-38,50,-15,111,18,-324,-114,24
-38,50,-15,111,18,-323,-114,24
-37,51,-15,111,19,-322,-113,25
-36,52,-14,111,19,-320,-112,25
-35,53,-14,111,19,-319,-112,26
-36,52,-14,111,19,-319,-112,25
-34,51,-15,111,19,-321,-111,24
-32,49,-14,111,19,-321,-109,23
-32,49,-14,111,19,-321,-108,23
-32,50,-13,110,19,-320,-108,23
-33,51,-14,109,19,-319,-109,25
-34,53,-14,110,19,-318,-111,26
-34,53,-14,110,19,-318,-111,26
-34,53,-12,110,19,-318,-111,26
-34,53,-11,110,19,-319,-111,26
-34,53,-10,110,19,-320,-111,26
-34,53,-12,112,19,-321,-111,26
-34,53,-12,112,19,-320,-113,26
-34,52,-11,112,19,-319,-111,25
-34,53,-10,110,19,-318,-111,26
-35,54,-11,110,19,-318,-111,28
-34,56,-11,111,19,-318,-111,30
-33,58,-11,111,19,-319,-109,32
-32,60,-10,111,19,-319,-109,34
-32,61,-11,109,19,-318,-109,35
-33,63,-13,110,19,-318,-111,36
-34,64,-13,111,19,-319,-111,37
-34,64,-14,112,19,-320,-113,37
-34,64,-14,112,19,-321,-113,37
-35,65,-14,111,19,-322,-114,39
-36,67,-14,111,19,-322,-113,41
-37,68,-13,112,19,-322,-117,41
-36,68,-12,112,18,-323,-115,42
-35,68,-12,112,18,-324,-114,42
-33,70,-14,111,18,-324,-111,43
-33,72,-14,111,18,-323,-109,46
-33,73,-14,111,18,-323,-111,47
-35,75,-13,112,18,-323,-114,48
-36,75,-13,112,18,-323,-115,50
-36,76,-14,112,18,-323,-115,50
-34,77,-14,111,18,-323,-112,51
-32,77,-14,110,18,-323,-109,51
-30,77,-13,110,18,-323,-107,51
-30,77,-10,112,18,-324,-107,51
-31,78,-10,113,18,-324,-111,52
-32,80,-10,114,18,-323,-112,54
-32,82,-10,114,19,-322,-112,56
-30,83,-10,113,19,-321,-107,58
-28,84,-10,112,19,-322,-106,58
-28,84,-10,113,18,-323,-104,58
-28,84,-10,114,18,-324,-108,58
-28,83,-11,114,18,-323,-108,58
-29,83,-10,113,19,-322,-108,58
-29,83,-9,113,19,-321,-106,58
-28,84,-10,113,19,-321,-106,58
-27,84,-10,114,19,-319,-107,58
-25,85,-11,114,19,-318,-104,59
-25,85,-11,114,19,-319,-104,59
-27,85,-10,114,19,-320,-107,59
-28,84,-11,114,19,-321,-108,58
-29,83,-12,113,19,-321,-108,58
-28,82,-12,112,19,-321,-107,57
-27,81,-11,112,19,-321,-103,54
-26,79,-11,111,19,-321,-103,53
-26,79,-12,111,19,-320,-103,53
-26,79,-13,111,19,-319,-103,53
-25,78,-12,111,19,-318,-102,52
-25,77,-13,110,19,-318,-102,51
-25,75,-13,110,19,-318,-102,50
-28,75,-14,110,19,-319,-104,48
-29,74,-15,111,19,-319,-108,48
-28,73,-15,111,19,-319,-108,47
-28,72,-14,111,19,-318,-104,46
-28,73,-13,110,19,-318,-104,47
-28,73,-13,109,19,-319,-104,47
-29,72,-14,110,19,-320,-106,46
-31,71,-14,110,19,-322,-108,45
-32,70,-15,111,19,-322,-109,45
-32,70,-15,111,19,-320,-109,43
-32,71,-14,111,19,-318,-109,45
-32,71,-14,111,19,-318,-109,45
-32,70,-14,111,19,-320,-109,45
-32,69,-14,111,19,-322,-108,43
-30,68,-14,111,18,-324,-107,41
-30,66,-14,111,18,-324,-107,40
-30,66,-14,111,18,-324,-107,40
-31,65,-14,111,18,-323,-108,39
-33,65,-14,111,18,-323,-109,39
-34,64,-14,111,18,-323,-111,37
-35,64,-14,111,18,-323,-112,37
-34,64,-14,111,18,-323,-111,37
-35,64,-14,111,18,-323,-112,37
-35,64,-14,111,18,-323,-112,37
-34,64,-14,111,18,-323,-111,37
-33,63,-14,111,18,-323,-109,36
-33,61,-14,111,18,-323,-109,34
-33,59,-15,110,18,-323,-109,32
-35,57,-16,109,18,-323,-112,29
-36,57,-16,109,18,-323,-113,28
-37,57,-15,110,18,-323,-113,28
-36,57,-15,111,18,-323,-115,30
-36,57,-14,111,18,-323,-113,31
-36,57,-14,108,18,-323,-113,30
-36,57,-14,106,18,-323,-111,31
-36,57,-14,105,18,-323,-111,31
-36,57,-14,105,18,-323,-111,31
-36,57,-15,106,18,-323,-111,31
-36,57,-15,106,18,-323,-111,30
-36,57,-15,104,18,-323,-111,30
-36,57,-15,103,18,-323,-111,31
-35,57,-15,104,18,-323,-109,31
-34,58,-14,104,18,-323,-108,31
-34,58,-14,105,18,-323,-108,32
-34,58,-14,105,18,-323,-108,31
-35,57,-14,104,18,-324,-109,31
-36,57,-14,104,18,-324,-111,31
-37,57,-14,104,18,-323,-111,31
-36,57,-12,106,19,-321,-111,31
-35,58,-11,107,19,-320,-109,34
-34,58,-11,107,19,-320,-108,34
-33,58,-11,107,19,-321,-107,35
-33,59,-11,107,18,-323,-107,35
-34,60,-11,107,18,-324,-108,34
-35,62,-11,107,18,-324,-109,35
-36,63,-11,107,18,-324,-109,39
-35,64,-11,107,18,-324,-109,40
-34,64,-11,107,18,-323,-108,40
-34,64,-12,107,19,-322,-108,37
-34,64,-12,108,19,-321,-108,37
-34,64,-13,108,19,-322,-111,37
-35,64,-12,108,18,-323,-109,37
-34,64,-12,107,18,-324,-108,37
-33,65,-11,107,18,-324,-107,41
-31,66,-11,107,18,-323,-106,42
-30,66,-11,107,18,-323,-104,42
-29,66,-11,107,18,-323,-103,40
-30,66,-11,107,18,-323,-104,40
-31,67,-11,107,18,-323,-104,43
-32,69,-11,107,18,-323,-106,46
-32,70,-11,107,18,-324,-107,46
-32,71,-11,107,18,-323,-107,47
-31,71,-11,107,18,-323,-106,47
-29,72,-11,107,18,-323,-103,48
-28,72,-11,107,18,-324,-102,50
-28,73,-11,107,18,-325,-102,50
-28,73,-11,107,18,-325,-102,50
-28,73,-11,107,18,-326,-102,50
-28,73,-11,107,18,-327,-102,50
-28,73,-11,107,18,-328,-102,50
-28,72,-11,107,18,-328,-102,50
-29,72,-11,107,18,-328,-104,48
-30,73,-11,107,18,-328,-104,50
-30,74,-11,107,18,-328,-104,51
-30,75,-11,107,18,-328,-104,52
-29,75,-11,107,18,-328,-103,52
-28,74,-11,107,18,-328,-103,51
-28,73,-11,107,18,-328,-102,50
-28,72,-11,107,18,-328,-102,50
-28,72,-11,107,18,-328,-102,50
-28,73,-11,107,18,-328,-102,50
-28,73,-11,107,18,-328,-102,47
-28,73,-12,106,18,-328,-102,47
-28,72,-12,106,18,-328,-102,46
-28,72,-12,106,18,-328,-102,46
-28,73,-12,106,18,-328,-102,47
-28,73,-12,106,17,-328,-102,47
-28,72,-12,106,16,-328,-102,46
-29,72,-12,106,17,-328,-103,46
-31,71,-12,106,18,-328,-106,45
-32,70,-12,106,18,-328,-107,45
-32,70,-12,106,18,-328,-107,43
-32,70,-12,106,18,-328,-107,45
-32,70,-13,105,18,-328,-107,45
-32,71,-14,105,18,-328,-107,45
-32,70,-13,105,18,-328,-107,45
-32,70,-13,106,18,-328,-107,45
-32,70,-12,107,18,-328,-107,45
-32,71,-12,106,18,-328,-107,45
-32,71,-11,105,18,-328,-107,47
-32,70,-10,104,18,-328,-104,47
-32,70,-9,103,18,-328,-103,46
-31,69,-8,103,18,-328,-103,45
-31,68,-9,102,18,-328,-102,45
-31,67,-10,101,18,-328,-102,43
-30,66,-11,101,18,-329,-102,42
-30,66,-11,101,18,-328,-100,42
-29,67,-10,101,18,-327,-98,43
-28,67,-10,101,18,-324,-100,43
-28,68,-10,102,18,-324,-100,45
-27,68,-10,102,18,-325,-98,45
-26,68,-10,102,18,-327,-97,45
-26,69,-9,102,18,-327,-97,46
-26,68,-8,103,18,-325,-97,45
-26,68,-8,104,18,-324,-98,45
-26,68,-8,104,18,-323,-97,45
-25,69,-8,103,18,-323,-96,46
-23,71,-8,103,18,-324,-95,48
-22,72,-8,103,18,-324,-95,50
-22,74,-8,104,18,-323,-95,51
-23,74,-8,103,18,-323,-95,51
-24,75,-8,103,18,-323,-96,51
-24,75,-8,103,18,-323,-96,52
-24,75,-8,103,18,-323,-96,52
-24,77,-8,103,18,-323,-96,53
-24,79,-8,104,18,-323,-96,56
-23,81,-8,104,18,-323,-95,58
-22,82,-8,104,18,-323,-93,59
-22,83,-8,103,18,-323,-95,61
-24,85,-7,102,18,-324,-93,64
-25,86,-5,101,18,-323,-95,65
-24,86,-5,102,18,-323,-93,65
-23,87,-6,103,18,-323,-95,67
-22,89,-6,104,18,-324,-93,69
-21,91,-6,104,18,-325,-93,70
-21,93,-5,104,18,-325,-93,73
-22,93,-5,104,18,-326,-95,73
-23,93,-6,104,18,-327,-95,73
-23,94,-7,105,18,-328,-96,74
-23,94,-7,105,18,-328,-96,74
-22,93,-5,104,18,-328,-95,73
-21,94,-3,103,18,-328,-91,74
-20,95,-3,102,18,-328,-90,78
-19,97,-2,102,18,-328,-89,79
-19,97,-2,102,18,-328,-89,80
-19,97,-2,102,18,-328,-89,80
-19,97,-4,102,18,-329,-90,78
-20,98,-6,103,18,-330,-92,78
-20,99,-8,104,18,-330,-92,76
-20,99,-8,104,18,-330,-92,76
-20,99,-8,104,18,-330,-92,76
-20,99,-8,104,18,-332,-92,76
-20,99,-8,104,18,-333,-92,76
-20,99,-8,104,18,-334,-92,76
-20,99,-8,104,18,-333,-92,76
-19,98,-8,103,18,-333,-92,75
-19,98,-7,103,18,-333,-92,78
-20,98,-7,102,18,-333,-90,79
-20,99,-6,101,18,-333,-90,79
-20,98,-5,101,18,-333,-90,78
-18,97,-5,100,18,-333,-89,76
-18,95,-4,100,18,-333,-87,75
-18,95,-4,100,18,-333,-87,75
-19,93,-5,100,18,-333,-89,74
-20,92,-6,99,18,-334,-87,73
-20,92,-6,99,18,-334,-87,72
-20,93,-6,99,18,-335,-87,73
-21,93,-5,99,18,-335,-87,73
-21,92,-5,99,18,-336,-89,72
-21,90,-6,99,18,-336,-87,69
-20,88,-5,99,18,-336,-87,68
-19,88,-5,99,18,-335,-86,68
-20,88,-6,99,18,-333,-87,68
-21,88,-6,99,18,-333,-89,68
-21,87,-6,99,18,-334,-89,67
-22,87,-5,99,18,-337,-90,67
-23,86,-4,100,18,-338,-92,67
-24,86,-4,100,18,-339,-93,65
-24,86,-5,99,18,-338,-91,65
-24,86,-6,99,18,-338,-91,65
-24,86,-6,98,18,-338,-91,65
-24,86,-6,99,18,-338,-91,65
-24,86,-5,99,18,-338,-91,65
-25,85,-4,100,18,-338,-95,64
-27,84,-4,100,18,-338,-96,64
-28,83,-5,100,18,-338,-98,63
-29,83,-5,100,18,-338,-98,63
-28,83,-5,100,18,-338,-98,63
-27,84,-4,100,18,-338,-96,64
-25,85,-5,100,18,-338,-95,64
-24,86,-5,100,18,-338,-93,65
-24,86,-5,100,18,-339,-93,67
-24,86,-5,100,19,-341,-93,65
-24,86,-5,100,19,-343,-93,65
-25,86,-5,100,19,-343,-95,65
-25,87,-5,100,18,-343,-95,67
-25,90,-5,100,18,-343,-95,69
-24,91,-5,100,17,-343,-95,72
-24,92,-5,100,17,-343,-95,72
-25,92,-5,100,18,-344,-95,72
-24,91,-5,100,19,-346,-93,72
-23,92,-5,100,20,-348,-93,72
-22,92,-5,100,20,-348,-92,72
-22,93,-5,100,19,-348,-92,73
-22,92,-5,100,18,-348,-92,72
-23,93,-5,100,18,-348,-92,73
-23,94,-5,100,20,-347,-93,74
-21,95,-5,100,21,-347,-91,75
-20,96,-5,100,21,-348,-90,75
-19,97,-5,100,21,-350,-89,76
-20,97,-5,100,20,-351,-90,78
-21,98,-5,100,21,-351,-91,78
-22,99,-5,100,21,-351,-92,79
-22,98,-5,100,22,-352,-92,79
-23,97,-5,100,22,-353,-93,78
-24,97,-5,100,21,-353,-95,76
-25,97,-5,100,21,-353,-95,76
-25,97,-5,100,21,-353,-95,76
-24,97,-4,100,22,-353,-95,76
-24,97,-5,100,21,-353,-95,76
-24,97,-5,100,21,-355,-95,76
-25,97,-5,100,21,-356,-95,76
-25,97,-4,100,21,-356,-95,76
-25,97,-4,100,21,-356,-95,76
-25,97,-5,99,21,-357,-92,76
-25,97,-6,99,21,-357,-92,78
-25,97,-6,98,21,-358,-92,76
-24,96,-6,99,21,-358,-91,75
-23,94,-5,100,21,-358,-93,74
-22,92,-4,100,21,-358,-92,72
-22,92,-4,100,21,-358,-92,72
-22,92,-6,99,21,-358,-90,72
-22,93,-7,97,21,-358,-89,73
-22,92,-8,96,21,-358,-89,72
-21,91,-8,96,21,-358,-89,70
-21,90,-8,96,21,-358,-89,70
-20,89,-8,97,21,-357,-87,69
-19,89,-8,97,21,-358,-86,68
-20,88,-8,97,21,-360,-87,68
-21,87,-8,97,21,-361,-89,67
-23,86,-8,97,21,-362,-90,67
-24,86,-9,96,21,-361,-91,65
-24,86,-9,96,21,-361,-91,65
-24,86,-10,96,21,-361,-91,67
-24,86,-9,95,21,-362,-91,65
-25,84,-9,94,21,-363,-92,63
-25,81,-8,94,21,-363,-92,61
-26,79,-7,94,21,-362,-91,59
-26,79,-7,95,21,-362,-93,58
-26,79,-8,94,21,-362,-93,58
-25,78,-10,93,21,-362,-92,58
-25,76,-11,93,21,-362,-91,53
-25,75,-12,93,21,-362,-92,52
-25,74,-12,93,21,-363,-92,51
-26,74,-12,93,21,-363,-93,51
-27,73,-12,93,21,-362,-95,50
-28,73,-12,93,21,-362,-95,50
-28,73,-12,93,21,-362,-95,50
-28,73,-12,93,21,-364,-95,50
-28,73,-12,93,21,-366,-95,50
-28,72,-12,93,21,-368,-95,50
-28,72,-12,93,21,-367,-95,48
-27,71,-12,93,21,-366,-95,47
-28,72,-12,93,21,-365,-95,48
-28,72,-11,94,21,-366,-95,50
-28,73,-10,95,21,-367,-95,52
-28,73,-10,95,21,-368,-96,52
-29,72,-10,95,21,-368,-96,51
-30,72,-11,94,21,-367,-97,48
-29,72,-12,93,21,-367,-96,48
-28,71,-12,93,21,-367,-95,48
-26,70,-12,93,21,-367,-93,47
-26,69,-12,93,21,-367,-92,46
-25,68,-12,93,21,-367,-92,45
-26,68,-12,93,21,-367,-92,45
-26,69,-11,92,21,-367,-90,46
-26,69,-10,91,21,-367,-91,48
-26,70,-10,91,21,-367,-91,50
-27,71,-10,92,21,-367,-91,51
-27,72,-10,91,21,-367,-92,51
-28,72,-10,90,21,-367,-92,52
-28,73,-9,90,21,-367,-91,52
-28,73,-8,90,21,-367,-90,52
-27,74,-7,90,21,-367,-89,53
-25,75,-7,91,21,-368,-90,54
-24,75,-8,91,21,-367,-89,54
-23,75,-8,90,21,-367,-87,54
-24,75,-8,90,21,-367,-86,54
-25,76,-8,90,21,-368,-87,56
-25,78,-8,91,21,-368,-90,58
-25,80,-7,92,21,-369,-90,59
-23,82,-6,92,21,-370,-87,62
-21,82,-5,91,21,-370,-84,64
-21,82,-3,89,21,-370,-84,64
-22,82,-3,88,21,-370,-81,64
-23,83,-3,88,21,-368,-83,65
-23,83,-3,90,21,-367,-85,65
-22,85,-3,91,21,-367,-84,68
-21,87,-3,91,21,-368,-83,69
-20,88,-3,91,21,-371,-83,70
-19,88,-3,91,21,-372,-81,70
-20,89,-4,91,20,-373,-83,72
-21,90,-4,92,21,-372,-83,72
-21,91,-4,92,21,-371,-86,74
-22,92,-5,93,21,-370,-87,75
-23,93,-5,93,21,-371,-87,75
-22,93,-4,92,21,-372,-87,75
-21,93,-4,91,21,-372,-84,75
-19,94,-4,92,21,-372,-81,76
-18,95,-5,93,21,-372,-83,78
-17,95,-5,93,21,-372,-83,78
-18,95,-5,93,21,-372,-83,78
-18,95,-5,93,21,-371,-83,78
-18,95,-5,93,21,-370,-83,78
-18,95,-5,93,21,-371,-83,78
-18,95,-5,93,21,-372,-83,78
-18,95,-5,93,21,-371,-83,78
-18,95,-5,93,21,-369,-83,78
-17,95,-5,93,21,-367,-81,78
-16,96,-5,93,21,-367,-81,79
-15,97,-5,93,21,-367,-80,79
-14,97,-5,93,21,-368,-79,80
-14,97,-5,93,21,-368,-79,80
-13,97,-5,93,21,-367,-78,80
-14,97,-5,93,21,-367,-79,80
-14,98,-5,93,21,-367,-79,81
-15,100,-5,93,21,-367,-80,83
-16,101,-5,93,21,-367,-81,84
-16,102,-5,93,21,-367,-81,85
-16,102,-5,93,21,-367,-81,85
-15,102,-5,93,21,-367,-80,85
-16,101,-5,93,21,-367,-81,84
-17,101,-5,93,21,-367,-83,84
-19,100,-5,93,21,-367,-84,83
-19,100,-5,93,21,-367,-84,83
-19,100,-5,93,21,-367,-84,83
-18,100,-5,93,21,-367,-83,83
-18,101,-5,93,21,-367,-83,84
-18,101,-5,93,21,-367,-83,84
-18,100,-5,93,21,-367,-83,83
-18,100,-5,93,21,-367,-83,83
-17,99,-5,93,21,-367,-83,81
-18,97,-5,93,21,-367,-83,80
-18,96,-5,93,21,-368,-83,79
-18,95,-6,92,21,-368,-84,78
-18,95,-6,92,21,-367,-83,78
-18,95,-6,92,21,-366,-83,78
-17,95,-6,93,21,-364,-83,75
-18,95,-7,93,21,-363,-83,75
-19,94,-7,93,21,-363,-84,74
-21,93,-7,93,21,-364,-86,73
-22,93,-7,92,21,-364,-86,73
-22,92,-6,92,21,-365,-87,75
-22,92,-6,92,21,-366,-87,75
-22,93,-6,91,21,-366,-86,75
-22,93,-7,91,21,-365,-86,73
-22,93,-9,90,21,-363,-85,73
-22,92,-9,89,21,-362,-85,73
-23,91,-9,90,21,-362,-85,70
-22,89,-8,90,21,-363,-84,69
-21,88,-9,90,21,-364,-84,68
-20,88,-9,90,21,-365,-83,68
-21,87,-9,90,21,-364,-84,68
-22,87,-8,89,21,-363,-85,67
-24,86,-7,89,21,-362,-86,65
-25,86,-8,88,21,-362,-87,65
-24,86,-8,89,21,-362,-86,65
-23,85,-7,88,21,-363,-86,67
-23,83,-6,87,21,-364,-85,65
-22,82,-5,86,21,-365,-81,64
-21,80,-5,85,21,-364,-80,63
-20,79,-6,85,21,-363,-79,61
-20,78,-7,85,21,-362,-79,59
-21,77,-7,85,21,-362,-80,59
-22,75,-7,85,21,-362,-83,58
-24,75,-7,85,21,-363,-84,57
-24,74,-7,84,21,-362,-84,56
-23,73,-7,84,21,-362,-83,56
-22,72,-7,84,21,-362,-81,54
-22,72,-8,83,21,-362,-81,54
-22,71,-9,83,21,-362,-81,53
-21,71,-9,83,21,-362,-81,53
-21,71,-9,83,21,-362,-80,53
-20,70,-9,83,21,-362,-80,52
-20,68,-9,83,21,-362,-79,50
-20,66,-9,83,21,-362,-80,48
-22,65,-9,83,21,-363,-81,46
-23,64,-9,83,21,-363,-83,46
-24,64,-9,83,21,-362,-83,46
-23,65,-9,83,21,-361,-83,46
-23,64,-9,83,21,-359,-83,46
-24,62,-9,83,21,-358,-84,45
-25,59,-9,83,21,-357,-84,41
-25,57,-9,83,21,-358,-85,39
-25,57,-9,83,21,-358,-84,39
-25,57,-9,83,21,-358,-84,39
-25,58,-9,83,21,-358,-84,40
-27,57,-10,82,21,-358,-84,36
-28,56,-12,80,21,-358,-85,35
-29,55,-13,79,21,-358,-86,34
-30,55,-12,79,21,-358,-86,34
-30,55,-11,80,21,-356,-86,35
-29,55,-11,81,21,-354,-86,35
-29,55,-11,80,21,-354,-86,34
-29,54,-12,80,21,-354,-86,34
-29,54,-13,79,21,-354,-85,32
-28,53,-13,79,21,-355,-85,31
-28,52,-13,79,21,-355,-84,31
-28,51,-12,79,21,-355,-84,30
-29,50,-12,79,21,-354,-85,29
-29,50,-13,79,21,-354,-85,29
-28,50,-13,79,21,-353,-85,30
-28,51,-13,79,22,-353,-84,30
-28,51,-13,79,22,-353,-84,30
-28,50,-13,79,21,-354,-85,30
-29,50,-13,79,21,-354,-85,29
-28,50,-13,79,21,-355,-85,29
-28,50,-13,79,21,-354,-84,29
-27,51,-13,79,21,-354,-84,30
-28,52,-13,79,22,-353,-85,31
-29,54,-13,80,22,-353,-86,32
-30,55,-14,80,21,-353,-86,34
-28,56,-14,81,21,-353,-87,35
-27,57,-14,81,21,-353,-86,36
-25,57,-13,80,21,-353,-83,36
-25,57,-12,79,21,-353,-81,36
-25,58,-13,79,21,-353,-81,37
-25,57,-14,81,21,-353,-85,36
-26,57,-14,83,21,-353,-85,36
-25,57,-14,84,21,-353,-84,36
-24,58,-13,84,21,-353,-84,37
-23,61,-11,83,21,-353,-83,40
-23,63,-10,83,21,-353,-81,42
-23,64,-10,84,21,-353,-83,43
-23,64,-11,86,21,-353,-85,43
-24,64,-12,86,21,-353,-85,43
-24,65,-12,86,21,-353,-86,45
-25,67,-10,84,21,-353,-84,46
-26,68,-9,83,22,-353,-85,50
-26,69,-9,82,21,-353,-84,51
-26,69,-10,84,21,-354,-85,48
-24,69,-11,85,21,-355,-86,48
-22,70,-11,86,21,-356,-84,50
-22,71,-10,84,21,-355,-81,51
-23,71,-9,83,21,-354,-83,51
-24,72,-9,82,21,-353,-81,54
-24,72,-9,83,21,-353,-84,54
-24,74,-9,83,21,-354,-84,56
-24,75,-8,84,21,-355,-84,57
-24,75,-8,84,21,-354,-84,57
-24,75,-8,83,21,-354,-84,57
-24,75,-8,83,21,-354,-84,57
-24,75,-8,84,21,-355,-84,57
-24,75,-8,84,21,-354,-84,57
-25,76,-8,83,21,-354,-84,58
-25,78,-9,83,21,-353,-85,61
-26,79,-9,83,22,-353,-86,59
-26,80,-9,83,21,-353,-86,59
-26,79,-9,82,21,-353,-84,62
-26,79,-8,82,21,-353,-84,62
-26,79,-7,81,21,-353,-84,62
-26,79,-8,82,21,-353,-84,62
-26,79,-9,83,21,-353,-86,62
-26,79,-9,83,21,-353,-86,59
-26,79,-9,83,21,-353,-86,59
-26,79,-9,83,21,-353,-86,62
-26,79,-9,83,21,-353,-86,62
-26,79,-9,83,21,-353,-86,62
-26,79,-9,83,21,-353,-85,59
-26,79,-10,82,21,-353,-84,59
-26,79,-10,82,21,-354,-84,59
-26,80,-10,82,22,-353,-84,59
-26,79,-10,81,22,-351,-83,59
-25,78,-11,80,22,-350,-83,58
-25,76,-11,80,22,-350,-81,56
-25,75,-10,81,22,-351,-81,54
-27,73,-9,82,22,-352,-86,54
-28,72,-8,83,22,-351,-87,54
-28,72,-8,83,22,-350,-87,54
-28,73,-9,83,22,-349,-87,54
-28,73,-10,81,22,-348,-85,52
-29,72,-11,80,22,-348,-86,52
-31,71,-11,80,22,-348,-87,51
-32,69,-10,81,22,-348,-89,48
-31,67,-9,83,22,-348,-91,50
-30,66,-8,83,22,-348,-90,48
-29,66,-8,83,22,-349,-89,48
-30,66,-9,82,22,-350,-89,48
-31,66,-10,82,22,-350,-89,45
-33,65,-11,81,22,-350,-90,43
-34,64,-11,80,22,-349,-91,43
-34,62,-11,80,22,-348,-91,41
-33,61,-12,80,22,-348,-90,40
-32,60,-12,80,22,-348,-89,39
-32,59,-12,80,22,-348,-89,39
-32,59,-12,80,22,-348,-89,39
-32,60,-11,80,22,-348,-89,39
-32,60,-10,81,22,-348,-89,39
-32,60,-10,82,22,-348,-89,39
-32,59,-10,81,22,-348,-89,39
-32,59,-11,80,22,-348,-89,39
-32,59,-12,80,22,-348,-89,39
-32,59,-11,80,22,-348,-89,39
-32,59,-10,81,22,-348,-89,39
-32,59,-10,82,22,-348,-89,39
-32,60,-11,81,22,-348,-89,39
-32,59,-11,80,22,-348,-89,39
-32,59,-11,80,22,-348,-89,39
-32,59,-12,80,22,-348,-89,39
-32,60,-12,80,22,-348,-89,39
-31,61,-13,79,22,-348,-87,40
-29,61,-13,79,22,-348,-85,41
-27,60,-13,79,22,-348,-84,40
-25,59,-12,79,22,-348,-83,39
-25,58,-12,79,22,-348,-81,37
-26,59,-13,79,22,-348,-83,37
-27,60,-13,80,22,-348,-84,39
-27,61,-13,80,22,-348,-84,40
-27,61,-12,79,22,-348,-84,40
-27,61,-12,78,22,-349,-84,40
-28,61,-11,78,22,-348,-84,41
-28,62,-10,79,22,-346,-85,41
-28,62,-10,82,22,-344,-85,41
-28,62,-9,83,22,-343,-87,41
-27,62,-10,82,22,-343,-86,41
-27,62,-10,82,22,-345,-84,41
-27,62,-10,82,22,-345,-86,41
-28,62,-10,83,22,-345,-87,41
-28,63,-9,83,21,-343,-87,45
-28,64,-8,82,20,-343,-85,46
-28,65,-7,80,19,-343,-85,47
-26,67,-6,79,20,-343,-81,48
-26,68,-6,79,21,-343,-80,53
-25,69,-5,79,22,-342,-80,53
-26,69,-6,79,23,-340,-80,51
-26,68,-7,80,23,-338,-83,50
-26,68,-8,82,22,-338,-83,50
-26,68,-9,82,23,-338,-83,51
-26,69,-8,82,23,-339,-83,51
-26,70,-8,81,22,-339,-84,52
-27,71,-8,81,21,-338,-84,53
-28,72,-9,82,19,-338,-85,53
-28,72,-9,83,19,-338,-87,52
-28,73,-9,83,21,-338,-87,54
-27,74,-9,83,22,-338,-86,56
-25,75,-9,83,23,-338,-85,57
-24,75,-9,83,22,-338,-84,57
-23,75,-9,83,20,-338,-83,54
-24,75,-9,83,19,-338,-84,57
-25,76,-8,83,19,-338,-84,58
-25,78,-8,84,19,-338,-85,61
-26,79,-8,83,20,-338,-86,62
-27,79,-8,83,20,-338,-86,62
-26,79,-8,83,20,-338,-86,62
-25,80,-8,83,19,-337,-85,62
-23,81,-8,83,19,-336,-83,63
-22,82,-8,83,19,-335,-81,64
-21,82,-8,83,20,-334,-81,64
-21,82,-8,84,20,-333,-81,64
-22,82,-8,83,19,-333,-81,64
-22,82,-9,83,20,-333,-81,64
-22,82,-9,83,21,-333,-81,64
-21,82,-8,83,22,-333,-81,64
-22,82,-7,84,23,-333,-81,64
-22,82,-7,85,23,-333,-81,64
-22,82,-6,85,22,-333,-81,64
-22,82,-6,85,21,-333,-81,64
-22,82,-6,85,20,-333,-81,64
-21,82,-7,85,19,-333,-81,64
-22,82,-6,85,18,-333,-81,64
-22,82,-6,85,18,-333,-81,64
-22,82,-7,85,18,-333,-81,64
-21,82,-8,84,18,-333,-81,64
-21,82,-7,84,18,-333,-81,64
-22,82,-7,84,18,-334,-81,64
-23,81,-7,85,18,-333,-83,63
-24,79,-7,84,18,-332,-84,61
-24,76,-8,84,18,-330,-84,58
-24,75,-8,83,19,-328,-84,57
-24,75,-7,82,20,-328,-80,57
-24,75,-6,80,20,-328,-80,57
-23,74,-7,80,20,-328,-80,56
-22,72,-8,82,19,-328,-79,54
-23,70,-9,83,18,-328,-83,52
-24,69,-8,82,18,-328,-81,51
-25,67,-7,80,18,-328,-81,50
-25,65,-6,79,18,-329,-79,47
-25,64,-5,79,18,-328,-79,48
-26,62,-6,79,18,-327,-81,47
-28,62,-6,79,18,-325,-81,43
-28,62,-7,80,19,-323,-85,43
-27,61,-7,80,21,-323,-84,42
-27,58,-7,80,22,-323,-84,40
-28,56,-6,79,22,-324,-83,37
-29,55,-6,80,21,-324,-86,36
-30,55,-8,81,19,-323,-86,36
-29,54,-9,83,18,-323,-89,32
-29,51,-10,83,18,-323,-89,30
-30,50,-9,83,19,-323,-89,31
-31,49,-7,82,21,-323,-87,30
-32,48,-7,79,22,-323,-89,30
-32,48,-7,78,22,-323,-86,30
-31,48,-9,78,21,-323,-85,29
-30,47,-10,80,19,-323,-86,25
-30,46,-10,81,18,-323,-86,25
-30,45,-10,81,18,-323,-86,24
-29,45,-10,80,19,-323,-85,26
-29,44,-10,79,19,-323,-86,23
-31,43,-11,80,19,-323,-87,23
-32,43,-11,79,19,-323,-89,21
-33,42,-11,79,18,-323,-90,21
-33,43,-12,78,18,-323,-89,21
-32,43,-13,79,18,-323,-89,21
-32,42,-13,79,19,-323,-89,21
-33,43,-13,80,20,-323,-89,21
-33,44,-11,80,21,-323,-90,23
-34,46,-10,82,20,-323,-90,24
-35,47,-9,83,19,-323,-93,28
-34,48,-9,83,18,-323,-93,29
-33,48,-9,83,18,-323,-92,29
-32,48,-9,83,19,-323,-91,30
-31,49,-9,83,19,-324,-90,30
-31,49,-9,83,19,-324,-90,30
-31,49,-9,83,18,-323,-90,30
-32,49,-9,83,18,-323,-91,30
-32,50,-9,83,19,-324,-91,31
-33,50,-9,83,20,-325,-92,31
-33,51,-9,83,21,-327,-92,32
-32,53,-9,83,20,-327,-91,34
-31,54,-9,83,19,-325,-90,36
-30,55,-9,83,18,-324,-89,35
-29,55,-9,83,18,-324,-89,35
-29,55,-9,83,18,-327,-89,37
-28,55,-9,83,18,-328,-87,37
-28,56,-9,83,18,-329,-87,37
-28,58,-9,83,18,-328,-86,37
-28,60,-10,84,18,-328,-87,40
-28,62,-10,84,18,-328,-87,41
-28,62,-10,84,18,-328,-87,41
-28,62,-9,83,18,-328,-87,41
-28,62,-9,83,18,-328,-87,43
-28,61,-9,83,18,-328,-87,43
-28,62,-9,83,19,-328,-87,43
-28,63,-9,83,20,-328,-87,42
-29,65,-9,83,20,-328,-89,45
-30,66,-9,83,20,-328,-90,48
-30,66,-9,83,18,-328,-90,46
-30,66,-9,83,18,-328,-90,46
-29,66,-9,83,18,-328,-89,48
-29,67,-9,82,20,-328,-86,48
-28,67,-9,83,22,-328,-87,46
-28,67,-10,84,23,-328,-87,46
-28,67,-11,85,24,-328,-90,46
-29,67,-12,86,24,-328,-91,46
-30,68,-13,86,23,-329,-91,47
-29,69,-12,86,21,-330,-91,48
-28,69,-12,86,20,-330,-90,48
-26,69,-12,86,20,-330,-87,48
-25,68,-12,86,21,-328,-87,48
-25,68,-12,86,21,-328,-87,48
-26,68,-12,86,22,-328,-87,47
-26,69,-12,86,22,-330,-87,48
-26,69,-12,86,23,-331,-87,48
-26,68,-12,86,23,-330,-87,47
-27,68,-12,86,23,-329,-89,47
-27,67,-12,86,23,-328,-89,47
-28,67,-12,86,23,-328,-90,46
-29,67,-12,86,23,-328,-91,46
-30,66,-12,86,22,-330,-91,45
-29,65,-12,86,21,-332,-91,43
-28,63,-12,86,21,-333,-90,42
-28,62,-12,86,22,-334,-90,41
-27,61,-12,86,23,-334,-89,41
-27,62,-12,86,24,-333,-89,41
-28,62,-12,86,23,-333,-90,41
-28,62,-12,86,21,-333,-90,41
-28,61,-12,86,19,-333,-90,41
-29,61,-12,86,18,-333,-91,40
-30,60,-12,86,18,-333,-92,39
-30,58,-12,86,20,-333,-92,37
-31,58,-12,86,21,-333,-92,37
-31,58,-12,86,22,-333,-93,37
-32,59,-12,86,21,-333,-93,39
-32,60,-12,86,20,-334,-93,39
-32,58,-13,86,20,-335,-93,37
-32,56,-14,85,21,-336,-93,32
-31,54,-14,84,23,-337,-92,30
-31,54,-15,84,23,-338,-92,30
-30,55,-16,83,23,-339,-89,31
-29,55,-16,83,22,-339,-89,32
-31,55,-16,83,22,-338,-90,31
-33,54,-16,83,22,-338,-92,30
-34,53,-16,83,23,-338,-93,29
-34,53,-16,83,22,-338,-93,29
-34,53,-16,83,22,-338,-93,30
-34,54,-16,83,22,-338,-93,30
-35,55,-16,83,23,-338,-93,31
-34,54,-15,83,23,-339,-93,30
-34,53,-15,84,22,-338,-96,30
-34,53,-14,84,21,-338,-96,29
-34,53,-14,84,19,-338,-95,29
-34,53,-15,84,19,-339,-95,29
-34,53,-14,84,21,-339,-95,30
-34,53,-14,85,22,-340,-96,29
-34,53,-13,86,23,-340,-96,31
-34,53,-12,86,23,-338,-95,31
-32,54,-12,86,22,-338,-93,32
-31,54,-12,86,22,-339,-92,34
-30,55,-12,86,22,-342,-91,34
-29,55,-12,86,22,-343,-91,35
-29,55,-12,86,22,-344,-91,34
-30,55,-12,86,22,-343,-91,34
-30,55,-12,86,22,-343,-91,34
-30,55,-12,86,22,-343,-91,34
-30,55,-12,86,22,-343,-91,34
-29,55,-12,86,22,-343,-91,34
-28,56,-12,86,22,-343,-90,35
-26,57,-12,86,22,-343,-87,36
-25,57,-12,86,22,-343,-87,36
-25,59,-12,86,22,-343,-87,39
-27,61,-12,86,22,-343,-89,40
-28,62,-12,86,22,-343,-90,41
-28,62,-12,86,22,-343,-90,41
-27,62,-13,86,22,-343,-89,41
-28,62,-12,86,22,-345,-90,41
-29,63,-11,87,22,-347,-91,42
-29,65,-10,89,22,-348,-91,45
-28,67,-9,90,22,-347,-90,46
-27,68,-8,90,22,-346,-89,47
-26,68,-8,90,22,-346,-87,47
-25,68,-8,89,22,-348,-87,48
-25,71,-7,89,22,-348,-86,50
-24,73,-8,89,22,-348,-86,53
-24,75,-8,89,22,-348,-86,54
-24,75,-8,89,22,-348,-86,54
-24,75,-7,89,22,-348,-86,54
-25,76,-7,90,22,-348,-86,58
-24,79,-6,91,22,-349,-89,61
-23,81,-6,92,22,-350,-87,61
-22,82,-6,92,22,-350,-86,62
-21,82,-6,92,22,-350,-86,64
-22,82,-5,93,22,-350,-86,64
-23,83,-5,93,22,-351,-87,65
-24,85,-5,93,22,-353,-89,67
-23,86,-4,92,21,-353,-87,69
-21,87,-4,91,21,-353,-84,70
-20,88,-4,92,21,-353,-83,70
-20,90,-5,93,21,-353,-85,73
-21,91,-5,93,22,-353,-86,74
-22,92,-4,94,22,-353,-87,75
-22,93,-4,94,21,-353,-87,75
-22,93,-3,94,21,-355,-87,75
-21,93,-4,94,21,-356,-86,75
-20,93,-4,94,21,-356,-85,75
-19,94,-4,94,21,-356,-84,76
-20,96,-4,94,21,-357,-85,78
-21,97,-3,94,22,-357,-86,80
-21,98,-3,94,21,-358,-86,81
-21,99,-3,94,21,-358,-86,81
-21,99,-4,93,21,-358,-86,83
-20,99,-5,93,21,-357,-85,81
-20,99,-5,93,21,-358,-85,83
-20,100,-4,93,23,-358,-85,83
-21,101,-4,94,25,-358,-86,84
-21,101,-3,94,26,-358,-86,84
-21,101,-4,94,25,-358,-86,84
-21,101,-4,94,25,-358,-86,84
-21,101,-4,94,24,-358,-86,84
-21,102,-3,94,24,-358,-86,85
-22,103,-4,94,24,-358,-87,85
-22,103,-4,93,23,-358,-87,86
-23,104,-5,94,22,-358,-87,86
-23,104,-5,95,22,-358,-87,86
-22,104,-5,96,23,-358,-90,84
-21,104,-5,95,25,-358,-86,87
-20,103,-5,93,26,-358,-85,86
-20,101,-5,93,25,-359,-85,84
-20,100,-6,93,24,-360,-85,80
-20,99,-7,96,23,-361,-87,79
-20,99,-8,97,24,-362,-87,79
-20,99,-9,97,25,-362,-87,79
-20,99,-8,97,25,-363,-87,79
-20,100,-8,97,25,-363,-87,80
-21,101,-7,97,25,-363,-89,80
-21,101,-7,98,25,-363,-89,81
-21,101,-7,97,24,-363,-89,80
-19,100,-8,97,23,-363,-86,80
-18,100,-8,97,24,-363,-86,80
-18,100,-7,97,25,-362,-85,80
-18,100,-7,98,26,-363,-86,80
-19,100,-7,97,26,-365,-86,80
-19,100,-8,97,26,-366,-86,80
-19,100,-8,96,26,-368,-86,80
-19,100,-7,97,25,-368,-86,80
-20,99,-7,98,25,-368,-87,79
-21,99,-6,99,26,-368,-89,79
-21,99,-5,99,26,-368,-89,79
-20,99,-6,99,26,-368,-87,79
-19,100,-7,97,26,-368,-86,80
-18,100,-8,97,26,-368,-86,80
-19,100,-8,96,26,-368,-86,80
-20,99,-8,96,26,-368,-87,79
-20,99,-8,97,26,-368,-87,79
-20,99,-8,97,26,-368,-87,79
-20,99,-8,97,26,-368,-87,79
-20,98,-8,96,26,-368,-87,79
-19,97,-8,96,26,-368,-86,78
-19,96,-8,96,26,-368,-86,76
-19,96,-8,96,26,-368,-86,76
-18,97,-8,97,26,-368,-86,76
-18,97,-8,96,26,-368,-85,76
-19,96,-8,96,26,-368,-86,76
-19,94,-8,96,26,-368,-86,74
-21,93,-8,97,26,-368,-89,73
-22,93,-8,97,26,-368,-89,73
-23,93,-8,96,26,-368,-90,73
-22,93,-10,95,26,-368,-90,73
-21,91,-10,94,26,-368,-89,69
-21,90,-10,94,26,-368,-87,69
-20,89,-10,95,26,-368,-87,68
-19,88,-9,95,26,-368,-86,68
-20,88,-10,94,25,-368,-87,68
-21,87,-11,93,25,-368,-89,64
-23,87,-12,93,26,-367,-90,64
-25,86,-12,93,26,-366,-92,64
-24,86,-12,93,26,-366,-91,63
-23,85,-11,93,26,-366,-91,62
-22,83,-10,94,26,-367,-90,61
-23,81,-10,94,25,-368,-90,61
-25,80,-11,94,25,-368,-91,57
-26,79,-12,93,26,-368,-93,56
-26,79,-12,93,26,-368,-93,56
-26,79,-11,94,26,-368,-93,56
-26,79,-9,96,26,-368,-93,59
-26,80,-9,96,26,-368,-93,59
-26,79,-10,94,26,-368,-93,58
-27,78,-12,93,25,-368,-93,54
-28,75,-13,93,25,-368,-95,51
-28,73,-13,95,26,-368,-95,50
-28,72,-13,97,26,-366,-97,48
-28,72,-13,97,26,-364,-97,50
-28,73,-12,96,26,-363,-95,50
-28,73,-12,96,26,-363,-95,50
-28,73,-11,95,26,-363,-95,50
-28,72,-12,95,26,-363,-95,50
-28,73,-12,94,26,-363,-95,50
-28,73,-12,93,26,-363,-96,50
-28,73,-12,93,26,-363,-95,50
-27,72,-12,93,25,-363,-93,48
-27,70,-12,93,25,-365,-93,47
-28,69,-12,93,24,-366,-95,46
-29,68,-12,93,24,-366,-96,45
-30,68,-12,93,24,-365,-97,45
-31,66,-12,93,24,-363,-97,43
-30,66,-12,93,25,-362,-97,42
-30,66,-12,93,26,-362,-96,42
-30,66,-12,93,26,-364,-96,42
-30,66,-12,93,26,-365,-97,43
-30,66,-12,93,26,-365,-97,42
-30,66,-11,93,26,-365,-96,42
-30,66,-12,93,26,-364,-97,43
-30,66,-13,92,26,-362,-97,43
-30,66,-14,91,25,-362,-95,42
-29,65,-15,90,24,-363,-93,41
-28,64,-16,90,25,-363,-92,41
-28,63,-15,90,25,-363,-92,40
-30,63,-15,90,26,-363,-93,40
-31,61,-15,90,26,-363,-96,37
-32,60,-15,90,26,-363,-96,36
-32,59,-15,90,26,-363,-96,35
-32,59,-14,91,26,-363,-96,36
-32,60,-14,91,26,-361,-96,36
-32,60,-14,91,26,-360,-96,36
-33,59,-15,90,26,-358,-97,35
-34,58,-15,90,26,-357,-98,35
-35,58,-15,90,26,-358,-100,34
-35,58,-15,90,26,-358,-98,34
-35,58,-15,90,26,-358,-100,35
-36,58,-15,90,26,-358,-101,34
-36,57,-15,90,25,-358,-101,34
-36,56,-15,90,25,-358,-100,32
-35,54,-15,90,25,-358,-98,30
-34,53,-15,90,25,-358,-97,29
-34,53,-15,90,23,-356,-97,29
-34,53,-15,90,22,-354,-98,29
-34,53,-14,91,21,-353,-97,30
-33,52,-14,91,22,-353,-97,28
-32,50,-14,91,24,-353,-96,26
-32,49,-15,90,25,-353,-96,25
-32,48,-14,91,25,-353,-96,24
-31,49,-14,91,23,-353,-95,25
-31,49,-14,91,22,-353,-95,25
-32,49,-14,91,21,-353,-96,25
-33,48,-14,91,21,-353,-97,24
-35,47,-14,91,22,-353,-98,23
-36,46,-14,91,22,-353,-100,21
-36,46,-14,91,22,-353,-101,23
-37,47,-14,91,21,-353,-101,24
-37,50,-14,91,22,-353,-101,25
-38,50,-13,92,22,-353,-102,26
-38,51,-12,93,21,-353,-104,28
-38,51,-11,93,21,-353,-104,26
-38,50,-12,93,21,-353,-104,26
-38,50,-12,93,22,-353,-104,26
-39,50,-12,93,23,-353,-106,26
-38,51,-12,93,23,-353,-104,26
-37,51,-12,93,23,-353,-103,28
-35,52,-12,93,24,-353,-102,28
-34,53,-12,93,23,-353,-101,29
-33,53,-12,93,23,-353,-100,29
-34,53,-12,93,22,-353,-101,29
-34,53,-12,93,21,-353,-101,29
-34,53,-12,93,21,-353,-101,29
-34,53,-12,93,23,-353,-101,29
-34,53,-12,93,26,-353,-101,29
-34,53,-12,93,27,-353,-101,29
-34,53,-12,93,25,-353,-101,29
-34,52,-12,93,23,-353,-101,29
-34,53,-12,93,22,-353,-101,29
-34,54,-11,94,23,-353,-101,30
-34,57,-9,96,25,-353,-101,35
-33,59,-8,96,25,-353,-100,37
-32,60,-8,97,24,-353,-98,39
-32,60,-8,97,23,-353,-98,39
-32,59,-8,96,23,-353,-98,39
-32,59,-8,96,23,-353,-98,39
-32,59,-8,96,22,-353,-98,39
-32,60,-8,97,21,-353,-98,39
-32,59,-8,96,21,-353,-98,37
-32,59,-8,96,21,-353,-98,39
-31,60,-8,96,22,-353,-97,39
-29,61,-8,96,22,-353,-96,40
-28,62,-8,96,21,-353,-95,41
-27,62,-8,97,21,-353,-93,41
-28,62,-8,96,21,-353,-95,41
-28,62,-8,96,22,-353,-95,41
-28,62,-8,96,22,-351,-95,41
-28,62,-8,97,22,-351,-95,41
-27,62,-8,97,22,-352,-93,41
-28,62,-8,97,22,-352,-95,41
-28,63,-9,95,22,-352,-95,42
-28,63,-11,94,22,-351,-95,40
-29,64,-12,93,22,-350,-96,40
-29,64,-11,94,22,-350,-96,40
-28,63,-9,95,22,-350,-95,42
-28,63,-9,96,22,-350,-95,42
-28,62,-10,94,22,-348,-95,41
-28,62,-12,93,22,-348,-95,39
-27,62,-12,93,22,-348,-93,39
-28,62,-12,93,22,-348,-95,39
-28,62,-12,93,22,-348,-95,39
-28,62,-12,93,22,-348,-95,39
-27,62,-12,93,22,-348,-93,39
-27,62,-12,93,22,-348,-93,39
-28,62,-12,93,22,-348,-95,39
-29,61,-12,93,22,-348,-96,37
-30,60,-12,93,22,-348,-97,36
-31,60,-12,93,22,-348,-97,36
-31,60,-12,93,22,-348,-97,36
-31,60,-13,94,22,-349,-97,36
-31,60,-14,96,22,-348,-100,36
-31,60,-15,97,22,-346,-100,34
-30,60,-16,97,22,-345,-100,34
-31,60,-15,97,22,-345,-100,34
-32,60,-14,97,22,-346,-101,36
-32,60,-14,98,22,-346,-101,36
-32,60,-13,99,22,-345,-101,36
-32,59,-12,99,21,-343,-101,36
-32,59,-11,100,20,-343,-101,36
-32,60,-11,100,20,-343,-101,36
-32,61,-11,100,20,-343,-101,37
-32,62,-11,100,21,-343,-101,39
-32,63,-11,100,22,-343,-102,40
-32,63,-11,100,22,-343,-102,40
-32,63,-11,100,22,-343,-101,40
-30,64,-11,100,22,-343,-100,40
-30,65,-11,100,22,-343,-100,41
-31,65,-11,100,22,-343,-101,42
-32,66,-11,100,22,-343,-101,42
-31,65,-11,100,22,-343,-101,41
-30,65,-11,100,22,-343,-100,41
-28,65,-11,100,22,-343,-97,41
-29,65,-11,100,22,-343,-98,41
-31,65,-11,100,21,-343,-100,41
-32,65,-11,100,20,-343,-102,41
-32,65,-11,100,20,-343,-102,42
-32,65,-11,100,20,-343,-102,41
-32,65,-11,100,21,-343,-102,41
-31,64,-11,100,21,-343,-101,40
-30,64,-11,100,21,-343,-100,40
-30,65,-11,100,21,-343,-100,41
-30,66,-12,100,20,-343,-100,42
-30,66,-12,100,19,-341,-100,42
-29,65,-11,100,19,-339,-98,41
-28,63,-11,100,20,-338,-97,40
-28,63,-12,100,20,-338,-97,40
-29,64,-13,101,20,-338,-101,41
-30,66,-14,103,18,-338,-102,40
-30,67,-15,104,18,-338,-104,41
-29,67,-15,104,19,-338,-103,41
-27,68,-15,104,21,-338,-101,41
-26,68,-15,104,21,-338,-100,42
-25,68,-15,104,21,-338,-100,42
-25,68,-15,104,19,-338,-100,42
-26,68,-15,104,19,-338,-100,42
-26,68,-14,104,20,-337,-100,42
-26,69,-14,104,21,-336,-100,42
-25,68,-15,104,21,-336,-100,42
-25,68,-15,104,21,-336,-100,42
-26,68,-15,104,21,-337,-101,42
-26,70,-14,104,20,-337,-101,43
-26,72,-14,104,20,-336,-101,46
-25,74,-14,105,19,-335,-100,48
-24,75,-13,105,18,-334,-98,50
-23,75,-13,105,18,-334,-97,50
-24,75,-14,105,18,-335,-98,50
-24,75,-14,104,18,-335,-98,50
-23,75,-14,104,18,-334,-97,50
-23,76,-14,103,18,-333,-95,50
-23,77,-13,104,18,-333,-95,51
-24,79,-11,105,18,-333,-98,56
-25,80,-10,105,18,-333,-100,57
-25,80,-9,105,18,-333,-97,57
-23,81,-9,105,18,-333,-96,58
-23,81,-9,104,18,-333,-95,58
-23,83,-9,104,19,-333,-95,59
-24,85,-8,104,20,-333,-96,62
-24,86,-8,104,19,-333,-96,63
-23,87,-8,103,18,-333,-95,64
-21,87,-8,103,18,-333,-93,64
-20,88,-8,104,18,-333,-92,65
-20,90,-8,104,18,-333,-92,67
-21,91,-8,103,18,-333,-93,69
-22,92,-8,103,18,-333,-95,69
-22,93,-8,103,18,-333,-95,70
-22,93,-8,103,18,-333,-95,70
-22,92,-8,103,18,-333,-95,69
-22,93,-8,103,18,-333,-95,70
-21,93,-8,104,18,-333,-93,70
-19,94,-8,104,18,-333,-91,72
-18,95,-8,103,18,-333,-90,72
-17,95,-8,103,18,-333,-90,73
-17,95,-8,103,18,-333,-90,73
-18,95,-8,104,18,-333,-90,72
-19,94,-9,104,18,-333,-91,72
-20,94,-10,105,18,-333,-92,72
-19,94,-10,106,18,-334,-93,72
-18,95,-10,106,18,-335,-93,72
-18,95,-10,106,18,-336,-92,73
-18,95,-10,106,18,-337,-92,73
-18,95,-10,106,18,-338,-92,73
-18,96,-11,107,18,-338,-93,73
-19,97,-11,107,18,-338,-93,72
-21,97,-11,107,18,-338,-96,72
-23,97,-11,107,18,-338,-97,74
-24,96,-11,107,18,-338,-98,73
-23,94,-11,107,18,-338,-98,72
-22,93,-11,107,18,-338,-97,70
-22,92,-11,107,18,-338,-97,69
-22,93,-11,107,18,-338,-97,70
-22,93,-11,107,18,-338,-97,70
-22,93,-11,107,18,-338,-97,70
-22,92,-11,107,18,-338,-97,69
-22,93,-11,107,18,-338,-97,70
-22,93,-11,107,18,-338,-97,70
-22,93,-11,107,18,-338,-97,70
-22,92,-11,107,18,-338,-97,69
-23,92,-11,107,18,-339,-98,69
-23,92,-11,107,18,-341,-98,69
-24,92,-11,107,17,-343,-98,69
-24,91,-11,107,17,-343,-98,68
-25,91,-11,107,17,-343,-100,68
-25,91,-11,107,18,-343,-100,68
-24,92,-11,107,18,-341,-98,69
-22,92,-11,107,18,-341,-97,69
-21,93,-11,107,18,-342,-96,70
-22,93,-11,107,18,-343,-97,70
-23,91,-11,107,17,-343,-98,68
-23,90,-11,107,17,-343,-98,68
-22,90,-11,107,17,-343,-97,68
-22,91,-11,107,17,-343,-97,68
-21,91,-11,107,17,-343,-96,68
-20,90,-11,107,17,-343,-95,67
-20,88,-11,107,17,-343,-95,65
-20,88,-11,107,17,-343,-95,65
-21,89,-11,107,17,-343,-95,67
-21,90,-11,107,17,-343,-95,67
-21,90,-11,107,17,-343,-96,68
-21,90,-11,107,17,-343,-95,68
-20,90,-11,107,17,-343,-95,68
-21,89,-11,107,17,-343,-95,67
-21,88,-11,107,17,-343,-96,65
-23,86,-11,107,17,-343,-97,63
-24,86,-11,107,18,-343,-98,63
-25,86,-11,107,17,-343,-100,63
-24,86,-11,107,17,-345,-98,63
-24,86,-11,107,17,-347,-98,63
-24,86,-11,107,17,-348,-98,63
-24,86,-11,107,17,-347,-98,63
-24,86,-11,107,17,-345,-98,63
-24,86,-11,107,17,-343,-98,63
-24,86,-11,107,18,-343,-98,63
-24,86,-11,107,17,-343,-98,63
-24,86,-11,107,17,-343,-98,63
-24,86,-11,107,17,-343,-98,63
-25,85,-11,107,17,-343,-100,62
-26,85,-11,107,17,-343,-101,62
-26,85,-11,107,17,-343,-101,62
-26,85,-11,107,17,-343,-101,62
-27,84,-11,107,17,-343,-101,62
-27,84,-11,107,17,-343,-102,61
-27,84,-11,107,17,-343,-101,62
-25,85,-11,107,17,-343,-100,62
-25,85,-11,107,17,-343,-100,62
-27,84,-12,106,17,-343,-101,58
-28,84,-13,106,17,-343,-103,58
-29,84,-14,105,17,-343,-103,58
-29,84,-14,104,18,-343,-103,58
-28,83,-14,104,17,-343,-103,58
-28,83,-15,104,17,-343,-102,57
-27,81,-15,104,17,-343,-101,54
-26,80,-16,105,18,-343,-101,54
-26,79,-16,105,18,-343,-101,53
-28,79,-16,105,17,-343,-102,53
-29,78,-15,104,16,-343,-104,52
-30,77,-15,104,16,-344,-104,52
-29,77,-15,104,16,-345,-104,52
-29,78,-15,104,17,-346,-103,52
-29,78,-15,104,16,-346,-103,52
-30,77,-15,104,14,-347,-104,51
-30,77,-15,104,14,-348,-104,51
-30,77,-15,104,15,-348,-104,51
-30,77,-15,104,17,-348,-104,51
-31,77,-15,104,18,-348,-106,51
-32,77,-15,104,17,-348,-106,51
-32,76,-15,104,17,-348,-107,50
-32,75,-15,104,17,-348,-107,48
-32,72,-14,103,17,-348,-106,46
-32,70,-15,104,17,-348,-107,45
-32,70,-16,105,17,-348,-107,43
-32,71,-17,106,17,-348,-109,42
-33,71,-18,107,17,-348,-109,42
-32,70,-18,108,17,-348,-109,42
-31,69,-18,108,17,-348,-108,41
-30,68,-18,107,16,-347,-107,40
-30,66,-18,107,15,-347,-107,37
-31,65,-18,107,16,-347,-108,36
-32,63,-18,108,16,-347,-109,34
-33,61,-18,108,16,-347,-109,32
-32,60,-18,107,15,-347,-108,31
-32,59,-19,106,14,-347,-108,30
-32,59,-21,105,15,-347,-108,30
-33,59,-21,104,16,-347,-107,30
-35,58,-22,104,16,-347,-109,29
-36,56,-22,104,15,-347,-109,26
-35,54,-22,104,14,-347,-109,25
-34,53,-22,104,15,-347,-108,24
-33,53,-21,104,16,-347,-107,24
-34,53,-21,105,15,-347,-111,24
-35,52,-20,106,14,-347,-112,23
-37,51,-19,106,12,-347,-113,23
-38,51,-20,106,12,-347,-114,21
-39,50,-21,105,14,-347,-115,20
-38,50,-21,104,16,-347,-112,21
-37,51,-21,103,18,-348,-111,21
-36,51,-21,103,18,-348,-111,23
-36,52,-21,103,17,-348,-109,23
-35,53,-20,103,15,-347,-109,24
-34,53,-19,102,14,-347,-108,24
-34,53,-20,102,14,-347,-108,24
-33,53,-21,103,14,-347,-107,24
-34,53,-21,104,14,-347,-108,24
-35,54,-21,103,13,-347,-108,25
-36,56,-20,102,12,-347,-109,26
-36,57,-19,101,12,-347,-111,29
-36,58,-19,101,12,-347,-111,29
-36,57,-19,102,13,-347,-111,28
-36,57,-20,102,13,-347,-109,28
-36,57,-21,103,12,-347,-111,28
-37,58,-21,104,12,-347,-111,29
-38,60,-21,105,12,-347,-114,31
-38,61,-21,106,12,-347,-115,32
-39,62,-19,105,12,-347,-115,32
-39,62,-18,105,12,-347,-113,32
-38,61,-17,106,12,-347,-113,32
-39,62,-17,107,12,-347,-115,32
-39,62,-18,107,12,-347,-115,32
-38,61,-17,106,12,-347,-115,32
-38,60,-16,105,12,-347,-112,34
-38,60,-15,104,12,-347,-112,34
-38,61,-15,105,12,-347,-113,34
-38,61,-17,106,12,-347,-113,32
-38,60,-18,107,12,-347,-114,31
-37,59,-17,106,12,-347,-113,30
-36,57,-16,105,12,-347,-111,30
-37,56,-15,104,12,-348,-112,29
-38,56,-15,104,12,-348,-112,30
-37,57,-15,104,12,-347,-112,30
-36,56,-15,104,12,-347,-109,30
-34,54,-16,105,12,-347,-108,28
-35,53,-16,105,12,-349,-109,26
-37,51,-16,105,12,-351,-111,24
-38,50,-16,105,12,-352,-112,24
-39,50,-17,106,12,-353,-113,21
-38,51,-18,107,12,-353,-114,21
-38,51,-18,108,12,-352,-114,21
-38,50,-18,108,12,-352,-114,21
-38,50,-18,107,12,-352,-114,21
-38,50,-18,105,12,-352,-112,21
-38,50,-17,104,12,-352,-112,24
-38,51,-17,104,12,-352,-112,24
-38,50,-19,105,12,-353,-112,21
-38,50,-20,105,12,-353,-114,21
-38,50,-21,104,12,-352,-112,21
-38,51,-20,101,12,-352,-112,21
-39,50,-19,100,12,-352,-111,21
-38,50,-19,101,12,-354,-109,21
-36,50,-20,103,12,-356,-111,21
-34,51,-21,105,12,-357,-111,21
-33,52,-21,106,11,-358,-109,23
-35,52,-21,105,12,-357,-112,23
-37,52,-22,105,12,-357,-113,20
-37,51,-21,104,12,-357,-111,23
-36,52,-21,103,12,-357,-109,23
-34,52,-19,102,12,-357,-108,23
-34,54,-20,102,12,-357,-108,24
-35,54,-20,103,12,-357,-108,25
-35,54,-21,103,12,-357,-109,25
-35,54,-20,102,12,-356,-108,25
-34,54,-20,102,12,-355,-108,24
-34,54,-19,103,12,-356,-108,25
-35,56,-18,105,12,-357,-109,26
-36,57,-17,106,12,-357,-113,28
-37,57,-17,107,12,-356,-113,29
-36,57,-18,107,11,-354,-113,29
-35,58,-18,108,10,-352,-112,29
-33,59,-18,108,10,-352,-109,30
-32,60,-18,107,11,-352,-108,31
-32,60,-18,108,12,-352,-108,31
-32,59,-18,107,10,-352,-108,30
-32,59,-18,107,9,-354,-108,30
-32,60,-18,107,7,-355,-108,31
-32,61,-18,107,7,-355,-109,32
-34,63,-18,107,7,-354,-111,34
-34,64,-18,107,7,-352,-111,35
-35,64,-18,107,7,-352,-112,35
-34,64,-18,107,7,-352,-111,35
-33,64,-18,107,7,-352,-109,35
-33,65,-18,107,7,-352,-109,36
-33,65,-18,108,7,-352,-109,36
-32,65,-18,108,7,-352,-109,36
-31,65,-18,107,7,-352,-108,36
-30,66,-18,107,7,-352,-107,37
-30,68,-17,106,7,-352,-104,39
-32,69,-16,105,8,-352,-106,43
-32,71,-15,105,10,-352,-107,45
-33,71,-15,104,10,-352,-107,45
-32,70,-15,103,10,-352,-107,45
-31,71,-14,104,9,-352,-106,45
-30,71,-14,104,7,-352,-104,45
-30,73,-12,106,7,-352,-104,47
-31,75,-11,107,7,-352,-106,50
-30,77,-11,107,7,-352,-104,53
-30,78,-11,107,8,-352,-104,54
-30,77,-11,107,9,-352,-104,54
-30,77,-11,107,10,-352,-104,53
-30,77,-11,107,12,-352,-104,51
-31,77,-11,107,12,-352,-106,51
-31,78,-11,107,10,-352,-106,54
-31,81,-11,107,9,-352,-106,58
-30,83,-11,107,8,-352,-104,57
-29,84,-12,108,8,-352,-103,58
-28,84,-14,109,9,-352,-104,58
-27,84,-14,111,9,-352,-103,58
-26,86,-14,112,8,-352,-106,61
-26,89,-12,113,7,-354,-106,63
-27,90,-10,114,7,-355,-107,64
-26,91,-10,114,7,-357,-106,65
-25,91,-12,113,7,-357,-104,65
-23,91,-13,112,7,-357,-103,65
-22,92,-13,112,7,-357,-102,67
-22,94,-12,112,7,-357,-102,69
-24,96,-11,114,7,-357,-103,70
-25,97,-10,114,7,-357,-104,72
-25,97,-10,114,7,-357,-104,72
-25,97,-11,114,7,-357,-104,72
-24,97,-11,114,7,-357,-104,72
-25,97,-10,114,7,-357,-104,72
-25,96,-10,114,7,-357,-104,70
-25,97,-11,114,7,-357,-104,72
-24,99,-11,114,7,-357,-104,73
-23,102,-10,114,8,-357,-103,76
-22,103,-10,115,9,-357,-102,78
-22,104,-9,115,8,-357,-102,79
-22,104,-10,115,7,-357,-102,79
-22,103,-10,114,7,-357,-102,78
-22,103,-10,114,7,-357,-102,78
-22,104,-10,115,7,-357,-102,79
-22,103,-9,115,7,-357,-102,78
-23,103,-10,115,7,-357,-103,78
-23,104,-10,114,7,-357,-103,79
-22,105,-11,113,7,-357,-102,80
-20,107,-11,114,7,-357,-101,81
-18,107,-9,115,7,-357,-98,81
-19,106,-8,116,7,-357,-98,84
-20,106,-8,116,7,-357,-100,81
-21,107,-10,115,7,-357,-101,81
-21,107,-10,114,7,-357,-101,83
-20,108,-10,115,7,-357,-100,83
-19,108,-9,115,7,-357,-98,84
-20,108,-8,116,7,-357,-100,86
-21,107,-8,116,7,-357,-101,84
-22,106,-8,116,7,-357,-102,84
-22,106,-9,116,7,-357,-102,80
-21,106,-10,115,7,-357,-101,81
-21,107,-10,114,7,-357,-101,81
-20,106,-11,114,7,-357,-100,81
-19,106,-11,114,7,-357,-100,80
-19,105,-11,114,7,-357,-98,80
-19,105,-11,114,7,-357,-100,80
-20,105,-10,114,7,-357,-100,80
-21,104,-10,115,7,-355,-101,79
-21,104,-9,115,7,-355,-102,79
-22,104,-10,115,7,-356,-102,79
-22,103,-10,114,7,-357,-102,78
-22,103,-11,114,7,-357,-102,78
-22,104,-11,114,7,-356,-102,79
-22,104,-11,114,7,-355,-102,79
-22,104,-10,114,7,-355,-102,79
-22,103,-10,114,7,-357,-102,78
-22,103,-11,114,7,-357,-102,78
-22,104,-11,114,7,-357,-102,79
-22,104,-11,114,7,-357,-102,79
-22,104,-11,114,7,-357,-102,79
-22,103,-11,114,7,-357,-102,78
-23,103,-11,114,7,-357,-103,78
-22,104,-11,114,7,-357,-102,79
-21,104,-11,114,7,-357,-101,79
-19,105,-11,114,7,-357,-100,80
-18,106,-11,114,7,-357,-98,80
-18,106,-11,114,7,-357,-98,81
-18,106,-11,114,7,-357,-98,80
-18,106,-11,114,7,-357,-98,80
-18,106,-11,114,7,-357,-98,80
-18,106,-11,114,7,-357,-98,80
-18,106,-12,115,7,-357,-98,81
-18,106,-12,115,7,-358,-98,81
-18,106,-12,115,7,-359,-98,80
-18,105,-11,114,7,-360,-98,80
-18,106,-10,114,7,-361,-98,81
-19,108,-12,115,7,-361,-100,83
-20,108,-13,117,7,-362,-102,81
-20,108,-14,117,7,-362,-102,80
-19,108,-14,117,7,-362,-102,80
-18,108,-12,116,7,-362,-100,83
-17,110,-11,116,7,-362,-100,85
-17,111,-11,117,7,-362,-100,86
-18,112,-11,119,7,-362,-101,87
-18,114,-11,120,7,-362,-103,89
-18,115,-11,121,7,-361,-103,91
-18,116,-12,120,7,-361,-103,91
-18,117,-13,118,7,-362,-101,90
-18,117,-14,118,6,-364,-101,90
-19,118,-13,119,6,-365,-102,91
-21,120,-12,119,6,-365,-103,95
-21,121,-11,120,6,-364,-103,96
-20,122,-11,120,7,-362,-102,97
-18,123,-11,120,7,-361,-101,98
-18,125,-11,120,7,-362,-103,100
-18,126,-10,121,6,-364,-103,102
-19,128,-10,121,6,-365,-104,103
-19,128,-10,121,7,-365,-104,103
-19,128,-11,120,7,-365,-104,103
-19,127,-10,119,6,-366,-102,103
-19,128,-10,117,5,-366,-102,103
-19,127,-9,118,4,-365,-102,102
-19,128,-10,119,5,-363,-102,103
-20,129,-10,120,6,-363,-103,104
-21,131,-10,120,7,-365,-104,106
-21,132,-9,119,7,-367,-104,107
-21,132,-10,120,6,-367,-104,108
-21,132,-10,120,6,-366,-107,108
-21,132,-10,120,6,-365,-104,107
-21,132,-8,119,6,-365,-104,107
-21,132,-7,117,6,-365,-102,109
-21,132,-7,117,7,-365,-102,109
-21,133,-7,117,7,-365,-102,111
-20,132,-7,117,6,-366,-101,111
-19,132,-7,118,5,-367,-100,109
-18,130,-6,118,5,-367,-101,108
-17,129,-6,119,5,-366,-101,107
-17,128,-6,118,6,-366,-98,106
-18,128,-7,117,5,-366,-98,106
-19,128,-8,117,5,-366,-100,106
-19,128,-8,118,5,-366,-102,103
-18,126,-8,121,6,-366,-102,102
-17,125,-9,122,7,-367,-102,101
-16,123,-10,122,7,-367,-102,98
-18,122,-10,121,6,-367,-103,97
-20,122,-10,121,6,-367,-106,97
-21,121,-10,121,6,-367,-107,96
-21,121,-10,121,7,-367,-107,96
-20,119,-10,121,6,-367,-106,95
-19,118,-10,121,6,-367,-104,93
-18,117,-10,121,6,-367,-103,92
-20,116,-10,121,6,-367,-104,91
-21,115,-10,121,6,-367,-107,90
-22,114,-11,120,6,-367,-104,89
-22,112,-13,119,6,-367,-106,85
-21,112,-14,118,7,-365,-104,84
-21,111,-14,117,6,-363,-103,84
-21,110,-14,117,7,-362,-103,83
-20,110,-14,118,7,-362,-103,83
-21,110,-14,118,7,-363,-103,83
-21,110,-14,118,7,-364,-103,83
-21,110,-14,117,6,-363,-103,83
-21,110,-14,118,5,-363,-103,83
-21,110,-14,118,5,-364,-103,83
-21,110,-14,117,5,-364,-103,83
-21,110,-14,117,4,-364,-103,83
-21,110,-14,117,3,-363,-103,83
-21,110,-14,118,2,-362,-103,83
-21,110,-13,119,1,-361,-103,83
-21,110,-13,119,2,-361,-103,83
-21,110,-13,119,2,-361,-103,83
-21,110,-14,118,2,-362,-103,83
-21,110,-14,117,2,-361,-103,83
-20,110,-14,117,2,-361,-103,83
-21,110,-14,118,2,-361,-103,83
-21,110,-14,118,2,-361,-103,83
-20,110,-14,117,2,-361,-103,83
-20,110,-14,117,2,-361,-103,83
-20,110,-14,118,2,-361,-103,83
-21,110,-13,119,2,-361,-103,83
-22,109,-12,119,2,-361,-104,84
-22,109,-11,120,2,-361,-104,84
-22,109,-11,120,2,-361,-107,84
-22,109,-13,121,2,-361,-108,81
-24,109,-14,122,2,-361,-109,81
-25,108,-15,121,2,-361,-109,80
-24,107,-15,119,2,-361,-109,79
-23,105,-14,119,2,-361,-108,76
-22,104,-15,121,2,-361,-107,75
-24,103,-16,122,2,-362,-111,75
-26,102,-17,122,2,-362,-113,72
-27,101,-18,121,2,-361,-114,70
-27,100,-17,121,2,-360,-112,69
-25,98,-17,121,2,-358,-111,68
-24,97,-17,121,2,-357,-108,67
-24,97,-18,121,2,-356,-112,67
-26,96,-17,121,2,-356,-111,65
-28,95,-17,121,2,-357,-112,64
-28,93,-17,121,2,-357,-113,63
-27,91,-18,120,2,-357,-112,61
-27,90,-20,119,2,-355,-112,59
-28,90,-21,118,2,-353,-112,59
-29,89,-21,117,2,-352,-114,58
-30,87,-20,116,2,-351,-112,56
-29,85,-19,116,2,-351,-112,54
-28,84,-18,115,3,-352,-111,56
-28,84,-18,115,2,-352,-111,56
-30,83,-18,115,2,-352,-112,52
-32,82,-19,115,2,-350,-113,51
-32,80,-19,115,3,-348,-114,50
-31,78,-19,116,3,-347,-113,47
-30,77,-20,117,3,-346,-114,46
-30,77,-21,118,2,-346,-114,46
-30,77,-21,118,1,-347,-114,46
-30,77,-21,118,0,-346,-114,46
-31,77,-21,118,0,-346,-115,46
-30,77,-21,118,-1,-347,-114,46
-30,77,-21,118,-2,-347,-114,46
-30,77,-20,117,-1,-346,-114,46
-31,77,-19,115,-1,-345,-113,46
-31,77,-18,114,-1,-343,-113,48
-30,77,-18,114,-1,-342,-112,48
-30,76,-18,114,-1,-341,-112,47
-29,75,-18,114,-1,-341,-111,47
-30,76,-18,114,-1,-342,-112,47
-30,77,-18,114,-1,-342,-112,48
-31,77,-18,114,-1,-343,-113,48
-30,77,-18,114,-1,-344,-112,48
-30,77,-18,114,-1,-343,-112,48
-30,77,-18,114,-1,-342,-112,48
-32,76,-18,114,-1,-341,-114,47
-33,75,-18,114,-1,-341,-115,46
-33,75,-18,114,-2,-341,-115,47
-32,76,-18,114,-3,-342,-114,47
-31,77,-18,114,-2,-341,-113,48
-31,77,-18,114,-1,-342,-113,48
-32,76,-18,114,-1,-342,-114,47
-33,75,-18,114,-1,-342,-115,46
-34,75,-18,114,-1,-342,-115,46
-33,75,-18,114,0,-342,-115,47
-32,76,-18,114,-2,-342,-114,47
-30,77,-18,114,-3,-343,-112,48
-30,77,-18,114,-4,-343,-112,48
-30,77,-18,114,-4,-343,-112,48
-30,77,-18,114,-3,-343,-112,48
-30,77,-18,114,-3,-343,-112,48
-30,77,-18,114,-4,-342,-112,48
-30,77,-18,114,-6,-342,-112,48
-30,77,-18,114,-7,-343,-112,48
-30,77,-18,114,-6,-345,-112,48
-30,77,-18,114,-5,-346,-112,48
-30,77,-18,114,-4,-347,-112,48
-30,77,-18,114,-4,-346,-112,48
-31,77,-18,114,-4,-346,-113,48
-31,78,-18,114,-4,-346,-113,50
-31,81,-18,114,-5,-346,-113,52
-30,83,-18,114,-6,-346,-112,54
-29,84,-18,114,-6,-346,-111,56
-28,84,-18,114,-6,-346,-111,56
-28,83,-18,114,-6,-346,-111,54
-28,84,-16,115,-6,-346,-109,56
-27,86,-15,116,-6,-346,-109,58
-27,88,-15,117,-6,-346,-109,59
-27,89,-15,116,-6,-346,-109,61
-26,89,-16,116,-6,-347,-108,61
-26,89,-16,116,-6,-346,-108,61
-26,90,-15,116,-6,-345,-108,62
-27,90,-15,116,-6,-343,-109,62
-27,90,-15,116,-6,-343,-109,62
-26,90,-15,117,-6,-343,-108,62
-26,90,-14,117,-6,-343,-108,62
-26,90,-14,118,-6,-342,-108,62
-26,90,-14,118,-6,-343,-108,62
-26,90,-14,117,-6,-343,-108,62
-26,90,-14,117,-6,-343,-108,62
-26,90,-14,117,-6,-342,-108,62
-26,90,-14,118,-6,-341,-108,62
-26,90,-14,118,-6,-341,-108,62
-26,90,-14,117,-6,-341,-108,62
-26,91,-15,117,-6,-341,-108,63
-27,90,-15,116,-7,-342,-109,62
-27,89,-15,117,-8,-341,-109,61
-29,87,-16,116,-8,-341,-111,59
-30,86,-17,115,-8,-339,-112,58
-30,86,-18,114,-8,-338,-113,58
-30,86,-18,114,-9,-336,-112,58
-29,85,-18,114,-10,-336,-112,57
-28,84,-18,115,-10,-336,-111,56
-28,83,-19,116,-10,-336,-111,52
-28,84,-19,116,-10,-336,-111,53
-28,84,-18,115,-10,-336,-111,53
-28,83,-18,115,-10,-336,-111,54
-29,82,-18,115,-10,-336,-111,51
-30,79,-20,117,-10,-336,-114,48
-31,78,-21,118,-10,-335,-115,47
-32,78,-21,118,-10,-335,-115,47
-31,78,-21,118,-10,-335,-115,47
-30,78,-21,118,-10,-334,-114,46
-30,77,-21,118,-10,-333,-114,46
-30,77,-21,118,-10,-332,-114,46
-30,77,-21,118,-10,-331,-114,46
-30,77,-21,118,-10,-331,-114,46
-31,77,-21,118,-10,-332,-115,46
-31,77,-22,119,-10,-332,-115,43
-30,77,-23,119,-10,-331,-117,43
-29,78,-23,120,-10,-331,-115,43
-27,79,-23,119,-10,-331,-114,45
-26,79,-23,120,-10,-331,-113,46
-26,80,-23,120,-10,-331,-113,46
-26,79,-24,121,-10,-331,-113,46
-26,79,-25,122,-10,-331,-113,45
-26,79,-25,122,-12,-331,-113,46
-27,81,-24,121,-12,-331,-113,47
-27,82,-24,121,-11,-331,-114,48
-28,83,-24,122,-10,-332,-115,50
-29,84,-25,122,-11,-331,-117,51
-29,85,-24,121,-13,-331,-117,52
-28,88,-24,121,-15,-331,-115,54
-28,90,-24,122,-15,-331,-114,56
-27,90,-25,122,-15,-332,-117,57
-26,90,-26,123,-15,-333,-115,54
-26,90,-27,123,-15,-334,-115,54
-26,92,-28,123,-15,-333,-115,57
-25,95,-28,124,-15,-332,-114,59
-25,97,-28,125,-15,-331,-117,61
-24,97,-27,126,-15,-331,-117,61
-24,97,-28,125,-15,-331,-117,62
-24,99,-28,124,-15,-331,-114,63
-24,101,-29,124,-15,-331,-114,65
-24,102,-31,124,-15,-331,-117,64
-24,104,-33,125,-15,-332,-115,65
-23,104,-34,126,-15,-332,-115,65
-22,103,-35,126,-15,-333,-117,63
-22,103,-35,125,-15,-332,-114,63
-22,104,-34,125,-16,-332,-114,65
-21,104,-34,126,-17,-332,-113,67
-19,105,-33,127,-18,-332,-114,67
-18,106,-33,127,-19,-332,-113,68
-18,106,-33,126,-20,-331,-113,68
-18,106,-34,126,-20,-331,-111,68
-18,106,-35,126,-20,-330,-111,68
-18,106,-36,126,-20,-331,-113,65
-18,106,-37,128,-20,-331,-113,65
-18,106,-37,129,-20,-331,-115,65
-18,106,-38,129,-20,-331,-115,65
-18,106,-38,129,-20,-331,-115,65
-18,105,-38,130,-20,-331,-114,64
-16,103,-37,130,-20,-329,-113,63
-16,101,-37,129,-21,-327,-113,61
-17,101,-38,127,-21,-326,-112,61
-19,100,-39,126,-22,-325,-113,59
-20,99,-40,125,-23,-325,-114,56
-21,99,-40,124,-24,-325,-115,56
-20,99,-40,124,-25,-326,-114,58
-19,98,-39,124,-25,-326,-114,57
-18,96,-39,124,-25,-326,-113,56
-18,95,-40,125,-25,-325,-112,52
-18,94,-41,126,-24,-324,-113,51
-19,94,-42,126,-24,-324,-113,51
-21,94,-42,126,-25,-324,-115,51
-21,93,-41,126,-26,-324,-115,50
-22,93,-41,126,-28,-322,-117,50
-22,93,-41,126,-29,-321,-117,50
-22,92,-41,126,-29,-320,-117,48
-22,93,-42,125,-29,-320,-115,50
-22,93,-44,123,-29,-321,-115,50
-22,93,-45,122,-28,-321,-117,50
-23,94,-45,122,-29,-320,-118,51
-23,94,-45,123,-30,-320,-118,51
-23,94,-45,123,-32,-320,-118,51
-23,94,-45,123,-34,-320,-118,51
-24,96,-45,122,-34,-320,-118,52
-24,96,-46,122,-34,-320,-119,51
-24,96,-47,122,-34,-320,-118,50
-24,95,-48,122,-34,-320,-118,50
-24,95,-49,121,-34,-320,-118,50
-24,96,-49,120,-33,-320,-117,51
-25,97,-48,119,-34,-320,-117,52
-25,98,-49,120,-35,-320,-117,52
-25,99,-50,121,-37,-320,-120,53
-26,99,-52,121,-39,-320,-120,51
-26,100,-54,120,-39,-320,-120,52
-27,101,-54,119,-39,-320,-122,53
-27,101,-55,119,-39,-320,-122,53
-27,101,-55,119,-39,-320,-122,53
-27,101,-55,120,-39,-320,-122,53
-28,102,-56,120,-38,-320,-122,54
-28,104,-56,119,-39,-320,-123,56
-28,106,-57,116,-40,-320,-120,58
-28,107,-58,115,-42,-319,-120,58
-28,106,-59,115,-43,-319,-120,56
-28,106,-59,116,-44,-319,-120,56
-28,106,-58,116,-44,-319,-120,56
-28,106,-57,114,-43,-319,-120,58
-28,106,-57,112,-43,-319,-118,58
-27,106,-59,111,-43,-319,-117,58
-26,107,-61,111,-43,-319,-115,57
-25,109,-61,111,-44,-319,-115,58
-26,111,-59,110,-45,-319,-115,63
-27,112,-59,110,-47,-319,-117,64
-29,112,-61,109,-48,-319,-119,61
-30,110,-63,109,-49,-319,-120,59
-31,110,-64,108,-49,-319,-122,59
-32,111,-64,107,-48,-319,-123,61
-33,113,-63,106,-48,-319,-120,62
-34,114,-64,105,-48,-319,-122,63
-34,115,-65,105,-49,-319,-122,64
-34,114,-65,104,-50,-319,-122,64
-34,114,-66,104,-52,-319,-122,63
-34,114,-66,103,-54,-319,-122,63
-34,114,-67,103,-54,-318,-122,63
-34,114,-68,102,-53,-318,-122,62
-35,115,-69,101,-53,-319,-122,62
-36,117,-71,100,-54,-321,-120,64
-36,118,-72,99,-55,-322,-122,65
-36,119,-72,97,-57,-322,-122,65
-36,119,-73,96,-59,-320,-122,65
-36,118,-73,93,-59,-318,-119,65
-36,117,-73,91,-58,-318,-115,64
-34,115,-74,89,-58,-320,-114,63
-33,115,-75,88,-59,-322,-113,62
-34,114,-77,88,-60,-324,-113,61
-35,113,-78,86,-61,-324,-115,58
-37,113,-79,85,-61,-324,-117,57
-38,112,-80,84,-62,-323,-115,57
-38,112,-82,83,-63,-323,-115,56
-39,111,-83,82,-64,-323,-117,56
-41,110,-84,81,-63,-323,-118,54
-42,109,-85,78,-63,-323,-117,52
-43,109,-86,76,-63,-323,-118,51
-44,108,-87,74,-65,-323,-119,51
-45,108,-87,72,-67,-323,-118,50
-46,107,-88,71,-68,-324,-119,48
-47,107,-89,70,-69,-325,-119,48
-47,107,-91,68,-69,-326,-117,48
-46,107,-92,67,-68,-327,-117,48
-46,107,-92,66,-68,-328,-115,50
-46,107,-91,64,-68,-328,-114,50
-48,107,-91,61,-69,-327,-115,48
-50,105,-92,60,-70,-328,-114,47
-51,104,-93,60,-72,-329,-115,46
-51,104,-93,59,-74,-331,-115,46
-51,105,-94,58,-74,-332,-115,47
-51,106,-95,57,-74,-332,-117,47
-53,106,-97,57,-74,-332,-118,47
-55,104,-97,56,-74,-334,-120,46
-56,104,-98,55,-74,-336,-122,43
-56,104,-98,54,-74,-337,-119,43
-56,104,-99,52,-74,-337,-118,43
-55,103,-100,50,-75,-337,-115,42
-55,102,-101,48,-78,-337,-115,42
-57,101,-101,47,-79,-338,-117,41
-58,101,-101,46,-80,-340,-118,40
-59,101,-101,45,-79,-342,-117,40
-60,100,-102,43,-79,-342,-118,40
-61,99,-102,40,-79,-342,-117,41
-62,98,-103,38,-79,-343,-118,40
-63,97,-104,36,-80,-345,-115,39
-63,96,-104,35,-81,-346,-115,39
-63,95,-102,33,-83,-346,-115,37
-63,94,-102,32,-84,-346,-113,36
-64,92,-102,31,-85,-348,-114,34
-66,91,-104,30,-85,-350,-115,32
-66,91,-104,28,-85,-351,-113,32
-66,92,-103,26,-85,-352,-113,34
-65,91,-102,26,-85,-353,-113,34
-65,90,-101,25,-85,-354,-111,35
-65,87,-100,25,-85,-356,-111,31
-67,85,-100,23,-85,-356,-109,30
-68,84,-100,21,-85,-356,-109,28
-68,84,-101,19,-85,-357,-111,28
-68,85,-101,20,-85,-359,-109,29
-67,85,-100,21,-87,-361,-109,29
-68,84,-98,21,-89,-361,-109,31
-69,84,-97,19,-90,-361,-108,30
-71,83,-97,17,-89,-362,-111,30
-72,83,-96,17,-89,-364,-112,29
-72,82,-96,17,-89,-365,-112,29
-72,81,-95,18,-90,-366,-112,28
-70,79,-94,19,-91,-367,-111,28
-69,78,-92,20,-91,-369,-109,26
-70,77,-92,21,-91,-370,-109,26
-70,78,-93,23,-91,-370,-112,26
-70,78,-94,24,-91,-371,-112,25
-69,79,-94,26,-91,-372,-113,25
-67,79,-93,27,-91,-374,-112,26
-65,79,-92,28,-91,-375,-109,25
-64,77,-90,30,-91,-376,-108,26
-63,76,-91,33,-91,-375,-111,23
-63,75,-92,36,-91,-375,-112,21
-62,76,-93,39,-91,-375,-114,20
-60,78,-96,40,-91,-377,-114,21
-59,78,-97,41,-91,-379,-113,23
-58,78,-97,42,-92,-380,-113,20
-57,78,-97,45,-93,-380,-114,19
-55,78,-98,48,-94,-380,-114,19
-53,78,-99,52,-95,-380,-115,17
-51,78,-101,54,-95,-380,-115,17
-49,78,-104,57,-95,-380,-115,14
-47,80,-106,59,-96,-380,-117,17
-47,83,-108,61,-97,-380,-115,17
-46,85,-111,64,-97,-380,-118,17
-44,86,-113,65,-96,-380,-118,18
-42,87,-117,66,-96,-380,-118,17
-39,89,-120,68,-96,-380,-115,15
-38,91,-125,70,-98,-380,-117,15
-37,93,-130,72,-100,-379,-119,15
-36,96,-134,74,-101,-380,-120,15
-35,97,-138,75,-101,-380,-120,14
-33,99,-142,75,-101,-379,-119,14
-31,102,-146,75,-102,-379,-120,14
-31,106,-151,74,-104,-377,-119,15
-30,109,-158,72,-105,-376,-118,17
-29,112,-163,71,-106,-375,-120,17
-29,115,-169,70,-108,-375,-120,18
-29,118,-173,71,-109,-374,-123,18
-28,122,-178,72,-110,-374,-122,19
-28,126,-183,71,-111,-374,-124,21
-28,130,-189,69,-112,-374,-124,23
-28,134,-195,66,-114,-374,-124,24
-28,138,-202,63,-115,-374,-122,25
-28,141,-206,61,-117,-374,-122,26
-28,144,-212,59,-119,-373,-124,26
-27,147,-216,58,-120,-373,-124,26
-27,149,-221,56,-122,-373,-123,28
-27,153,-226,54,-124,-373,-123,30
-27,156,-231,52,-125,-373,-124,32
-27,161,-235,50,-126,-373,-124,34
-28,164,-238,47,-126,-373,-122,37
-28,166,-240,45,-128,-372,-123,36
-29,166,-242,43,-131,-373,-123,37
-29,167,-246,42,-134,-374,-123,35
-29,168,-250,41,-137,-376,-124,36
-30,170,-252,41,-139,-377,-124,36
-32,172,-253,41,-140,-378,-126,37
-34,173,-254,40,-142,-379,-128,39
-36,172,-253,40,-144,-380,-130,37
-36,170,-252,39,-146,-382,-130,36
-36,169,-251,38,-149,-383,-128,37
-36,169,-249,37,-151,-385,-128,37
-37,168,-246,37,-152,-386,-129,39
-38,167,-243,39,-154,-388,-130,37
-39,165,-239,40,-155,-389,-131,37
-40,162,-235,42,-157,-390,-130,37
-40,159,-231,42,-159,-392,-129,35
-39,157,-227,43,-162,-395,-129,35
-39,154,-222,44,-165,-399,-128,34
-39,151,-216,47,-166,-402,-128,34
-39,147,-210,51,-168,-403,-128,31
-39,142,-204,54,-169,-404,-129,30
-40,138,-197,56,-171,-406,-129,29
-40,135,-189,59,-173,-409,-129,30
-39,132,-181,61,-175,-412,-129,29
-39,127,-174,63,-177,-414,-129,30
-39,122,-166,65,-178,-416,-129,26
-39,117,-159,68,-180,-419,-125,24
-39,113,-150,72,-182,-422,-128,25
-38,110,-141,75,-183,-424,-124,24
-37,107,-133,79,-184,-425,-124,26
-37,103,-125,82,-186,-427,-123,25
-37,99,-116,85,-187,-429,-124,26
-37,96,-105,88,-188,-432,-123,28
-37,92,-95,91,-189,-434,-123,29
-37,88,-86,94,-191,-437,-123,28
-37,85,-78,97,-192,-439,-120,29
-36,81,-70,100,-193,-441,-120,28
-36,78,-61,102,-195,-443,-120,29
-35,74,-52,103,-197,-444,-117,28
-34,71,-42,105,-198,-445,-115,30
-34,68,-32,108,-198,-447,-115,31
-35,65,-22,110,-198,-449,-114,34
-35,61,-14,112,-198,-450,-114,35
-35,57,-5,113,-200,-451,-112,34
-34,54,3,114,-202,-452,-108,35
-34,53,13,116,-203,-453,-108,39
-35,52,21,118,-204,-455,-107,42
-36,50,30,121,-204,-455,-108,43
-36,48,39,124,-203,-455,-108,46
-36,45,49,127,-203,-455,-108,46
-34,43,58,129,-204,-456,-104,48
-33,41,67,131,-205,-457,-102,52
-32,39,75,133,-205,-457,-101,52
-31,38,84,135,-205,-456,-98,56
-31,36,94,137,-205,-456,-98,59
-30,35,104,140,-205,-457,-97,63
-29,34,114,143,-205,-458,-93,64
-28,32,122,147,-204,-459,-95,68
-27,30,132,151,-204,-459,-95,72
-26,28,141,155,-203,-459,-93,72
-25,26,151,160,-204,-458,-92,74
-23,23,159,164,-204,-458,-91,74
-21,21,168,169,-204,-458,-91,76
-17,19,177,174,-202,-457,-87,78
-14,18,186,179,-200,-457,-85,81
-13,16,195,184,-199,-457,-84,81
-12,13,203,189,-199,-457,-85,81
-11,10,211,194,-199,-455,-86,83
-9,6,220,200,-198,-453,-84,81
-6,3,228,205,-197,-452,-83,81
-2,2,237,210,-195,-452,-79,85
0,0,245,216,-194,-452,-79,84
2,-3,252,220,-193,-452,-76,84
4,-7,258,225,-192,-451,-78,83
5,-10,264,231,-190,-449,-75,83
7,-13,270,236,-188,-448,-76,81
9,-16,276,242,-187,-446,-78,80
10,-21,281,246,-185,-444,-79,76
9,-25,286,250,-183,-442,-79,74
9,-28,291,252,-181,-440,-79,74
10,-31,295,255,-180,-438,-80,73
13,-33,298,256,-178,-437,-78,70
14,-36,301,257,-176,-435,-76,69
15,-39,303,259,-174,-434,-75,67
14,-43,305,261,-173,-432,-76,63
13,-47,306,262,-173,-430,-78,59
12,-50,306,262,-171,-428,-78,56
12,-53,305,261,-169,-426,-78,53
11,-54,304,259,-166,-423,-79,51
8,-56,303,257,-164,-421,-79,50
5,-58,302,254,-162,-419,-83,47
3,-59,299,251,-160,-416,-83,46
0,-60,296,247,-159,-414,-83,42
0,-61,292,243,-157,-411,-84,41
-3,-63,288,239,-155,-409,-84,37
-5,-64,283,234,-153,-407,-84,36
-7,-64,276,229,-150,-404,-86,34
-10,-63,270,224,-148,-403,-86,32
-14,-61,264,218,-146,-401,-87,31
-18,-61,260,211,-145,-400,-89,32
-21,-60,255,205,-143,-398,-90,30
-24,-59,248,198,-140,-395,-91,29
-27,-58,239,192,-138,-393,-91,25
-30,-55,230,187,-136,-392,-93,25
-32,-51,222,180,-134,-391,-93,26
-36,-48,215,174,-133,-389,-95,28
-39,-47,208,166,-130,-386,-95,26
-41,-46,199,159,-127,-384,-95,24
-42,-44,190,153,-125,-383,-93,21
-44,-40,182,148,-122,-383,-96,23
-46,-36,175,144,-119,-383,-96,25
-49,-32,168,140,-118,-384,-98,26
-50,-29,160,135,-116,-382,-100,24
-50,-26,151,132,-115,-380,-97,25
-50,-21,143,129,-115,-379,-100,24
-51,-17,136,126,-112,-379,-101,26
-52,-12,130,125,-110,-379,-102,29
-52,-7,123,124,-107,-379,-104,31
-51,-3,117,124,-104,-379,-103,30
-51,0,111,124,-101,-379,-106,31
-50,3,106,124,-99,-379,-104,32
-48,8,102,124,-98,-380,-104,35
-46,13,97,126,-97,-380,-106,39
-45,19,92,128,-95,-380,-107,41
-44,24,86,131,-93,-380,-109,45
-42,28,83,133,-91,-380,-109,46
-39,32,80,136,-90,-380,-109,47
-37,35,78,138,-88,-380,-109,50
-35,38,76,141,-87,-381,-109,51
-32,41,73,144,-86,-382,-109,52
-29,44,71,146,-85,-383,-109,54
-27,47,69,150,-83,-382,-109,56
-26,50,68,154,-82,-381,-111,58
-26,53,68,159,-81,-380,-113,58
-25,56,67,163,-80,-380,-118,62
-22,59,65,166,-79,-381,-114,63
-19,61,64,168,-77,-381,-114,64
-18,62,64,171,-76,-381,-115,65
-18,64,65,175,-77,-381,-117,68
-17,66,65,179,-77,-381,-119,67
-16,68,65,181,-77,-382,-118,69
-14,68,65,183,-77,-381,-119,69
-14,68,65,184,-76,-379,-118,69
-14,68,67,185,-76,-378,-118,69
-14,67,68,186,-76,-376,-118,68
-13,66,68,186,-76,-376,-118,69
-13,65,68,186,-76,-376,-117,67
-12,65,68,186,-76,-375,-117,65
-12,64,68,186,-76,-373,-117,65
-13,63,68,186,-76,-371,-118,63
-14,60,68,186,-76,-369,-119,61
-14,58,68,186,-76,-368,-118,58
-14,56,68,184,-76,-367,-118,59
-13,55,68,181,-76,-366,-114,58
-13,53,69,178,-76,-365,-112,57
-14,50,70,176,-75,-364,-114,53
-16,47,70,174,-75,-362,-113,53
-17,46,69,171,-75,-360,-112,51
-18,44,67,168,-75,-358,-113,47
-20,44,66,165,-75,-357,-112,47
-21,43,66,163,-75,-357,-113,46
-22,41,66,162,-75,-357,-111,47
-22,39,66,160,-75,-356,-112,43
-23,36,65,157,-75,-353,-109,42
-25,35,64,153,-75,-350,-108,41
-26,35,63,151,-75,-348,-109,40
-26,35,62,148,-75,-347,-108,41
-27,35,61,146,-75,-346,-109,40
-28,34,60,144,-73,-346,-107,40
-29,34,58,141,-71,-344,-108,36
-29,33,56,139,-70,-343,-106,36
-29,33,54,137,-69,-340,-106,36
-28,33,52,135,-69,-339,-106,36
-29,34,51,133,-69,-337,-103,37
-29,35,50,131,-69,-337,-103,35
-30,36,49,129,-69,-337,-102,37
-31,38,47,127,-69,-338,-103,39
-32,39,45,125,-69,-337,-103,40
-33,40,43,124,-70,-336,-104,39
-34,42,41,123,-69,-334,-106,40
-34,43,38,124,-68,-333,-106,40
-34,45,36,124,-65,-332,-108,41
-34,47,35,123,-64,-332,-108,43
-34,49,33,122,-64,-332,-106,45
-34,51,32,121,-64,-331,-106,47
-34,53,31,119,-64,-330,-106,46
-34,54,30,119,-64,-329,-107,47
-36,56,30,118,-64,-328,-108,50
-37,58,29,118,-64,-328,-109,52
-39,60,27,118,-64,-328,-111,53
-39,61,24,118,-64,-328,-111,52
-37,62,22,118,-64,-328,-109,53
-36,63,20,117,-64,-328,-108,52
-35,65,19,116,-62,-328,-107,53
-36,67,19,115,-60,-328,-108,56
-37,68,18,115,-59,-327,-109,57
-37,68,18,115,-58,-326,-109,57
-36,69,18,115,-59,-326,-108,58
-35,69,18,115,-59,-327,-107,58
-35,68,17,114,-59,-327,-108,57
-36,68,16,113,-59,-327,-108,57
-37,68,16,112,-59,-326,-109,57
-37,68,16,112,-59,-325,-109,57
-37,68,14,113,-58,-324,-109,54
-36,68,11,113,-57,-323,-108,54
-36,69,9,113,-55,-323,-108,52
-35,70,8,113,-54,-324,-109,53
-34,69,9,113,-54,-325,-108,53
-34,68,9,113,-54,-326,-108,52
-34,65,9,113,-54,-325,-106,50
-34,64,8,112,-54,-324,-106,47
-35,64,7,110,-54,-323,-107,47
-35,64,5,110,-54,-324,-107,47
-34,64,4,111,-54,-325,-107,47
-33,63,3,112,-54,-326,-107,43
-32,61,2,111,-54,-325,-107,42
-33,59,1,109,-54,-324,-104,40
-35,58,1,108,-54,-323,-107,39
-36,57,1,107,-54,-323,-108,39
-36,56,1,107,-54,-324,-108,36
-35,54,0,108,-54,-324,-107,35
-34,53,0,109,-54,-324,-106,34
-33,53,-1,110,-54,-324,-107,31
-34,53,-1,110,-54,-324,-108,31
-34,53,-1,111,-52,-324,-108,31
-34,53,0,110,-51,-324,-108,31
-34,53,0,108,-51,-324,-106,34
-35,52,-2,106,-51,-324,-107,30
-37,51,-3,106,-51,-324,-108,30
-38,50,-4,106,-50,-324,-109,29
-39,50,-4,107,-49,-324,-111,29
-38,50,-3,106,-49,-324,-109,29
-38,51,-3,105,-49,-324,-109,29
-38,51,-3,106,-49,-324,-109,29
-38,51,-4,106,-49,-324,-109,29
-38,50,-4,107,-49,-324,-109,29
-38,50,-4,107,-49,-324,-109,29
-38,51,-4,107,-49,-324,-109,29
-37,52,-4,107,-49,-323,-109,31
-38,53,-4,107,-49,-322,-109,31
-39,54,-4,107,-49,-321,-111,32
-39,54,-4,107,-48,-320,-112,32
-39,55,-4,107,-48,-319,-111,34
-38,57,-4,107,-48,-319,-109,35
-36,57,-4,107,-48,-319,-108,36
-36,57,-4,107,-48,-319,-108,36
-36,57,-4,107,-48,-319,-108,35
-36,57,-4,107,-48,-319,-108,35
-37,58,-5,108,-48,-319,-112,37
-38,60,-6,108,-48,-318,-113,39
-38,61,-6,109,-48,-317,-113,37
-38,63,-7,109,-48,-318,-112,39
-36,63,-7,110,-48,-319,-112,40
-34,64,-8,110,-48,-320,-111,40
-34,64,-8,110,-48,-320,-111,40
-34,64,-7,110,-48,-319,-111,40
-35,64,-7,110,-48,-318,-112,40
-34,64,-7,110,-48,-317,-111,40
-33,65,-8,110,-48,-316,-111,41
-32,65,-8,110,-48,-317,-109,41
-32,65,-7,110,-48,-318,-108,42
-31,65,-6,111,-48,-319,-108,42
-30,66,-5,113,-48,-319,-107,42
-30,66,-5,115,-48,-319,-109,42
-30,67,-6,116,-48,-319,-109,43
-31,68,-7,117,-48,-319,-111,45
-32,68,-7,116,-48,-319,-111,45
-32,70,-6,116,-48,-319,-111,46
-32,70,-6,116,-48,-319,-112,47
-32,71,-7,117,-48,-319,-112,47
-32,70,-7,117,-48,-319,-112,46
-32,70,-6,116,-48,-319,-112,46
-31,71,-6,116,-49,-319,-111,47
-30,74,-6,116,-48,-319,-109,50
-30,76,-7,117,-48,-319,-109,52
-30,77,-8,116,-48,-319,-109,53
-30,77,-8,115,-49,-319,-109,53
-31,77,-7,115,-49,-319,-111,53
-31,78,-6,115,-48,-319,-111,54
-32,80,-6,116,-47,-319,-112,56
-31,82,-5,115,-46,-320,-111,59
-31,85,-5,115,-47,-320,-111,62
-30,87,-5,115,-48,-321,-109,63
-31,87,-5,114,-49,-321,-108,64
-31,88,-4,114,-49,-321,-108,68
-30,90,-4,113,-49,-321,-108,69
-29,92,-4,114,-49,-321,-107,69
-29,94,-5,115,-49,-321,-107,72
-29,96,-5,115,-49,-321,-109,73
-31,97,-5,115,-49,-320,-108,74
-31,99,-4,114,-48,-320,-108,76
-30,100,-4,113,-48,-319,-108,79
-30,100,-4,113,-48,-319,-107,80
-30,99,-4,113,-49,-319,-108,79
-30,99,-4,114,-49,-319,-108,79
-30,99,-4,114,-48,-319,-108,76
-29,100,-4,113,-47,-319,-107,79
-30,99,-4,113,-47,-319,-107,79
-31,99,-4,114,-47,-319,-108,79
-32,99,-4,114,-48,-318,-109,78
-32,99,-4,113,-47,-318,-109,79
-31,99,-5,113,-46,-318,-108,76
-30,97,-5,112,-46,-318,-108,74
-31,95,-6,112,-46,-316,-108,73
-32,93,-7,111,-45,-315,-109,70
-33,92,-7,110,-45,-314,-111,69
-32,91,-7,110,-45,-314,-111,68
-32,90,-7,110,-46,-314,-109,67
-32,87,-7,110,-47,-314,-109,64
-33,85,-7,110,-47,-315,-111,62
-33,83,-7,110,-47,-314,-111,59
-33,81,-8,110,-46,-313,-111,58
-33,79,-8,110,-46,-311,-111,56
-33,77,-8,110,-46,-310,-111,53
-35,75,-7,110,-46,-310,-112,52
-36,73,-7,110,-46,-310,-113,50
-37,72,-8,110,-45,-310,-114,48
-37,70,-9,111,-44,-308,-114,46
-37,68,-9,112,-43,-307,-114,43
-36,66,-9,112,-44,-306,-113,42
-35,65,-9,112,-45,-306,-112,41
-36,64,-9,112,-46,-306,-113,40
-37,62,-9,112,-46,-305,-114,37
-38,60,-8,112,-45,-305,-114,36
-37,59,-9,111,-45,-305,-113,35
-36,57,-9,110,-44,-305,-113,34
-37,56,-10,108,-43,-305,-112,32
-39,56,-11,107,-43,-305,-113,31
-41,55,-13,108,-43,-305,-118,29
-41,55,-14,110,-45,-305,-118,28
-40,54,-14,111,-46,-305,-117,26
-39,52,-14,110,-46,-304,-115,25
-38,51,-13,109,-46,-304,-114,24
-38,50,-12,108,-46,-305,-114,24
-39,50,-12,108,-46,-305,-113,24
-39,50,-12,108,-46,-305,-115,23
-40,50,-12,108,-46,-305,-117,24
-40,51,-12,108,-46,-305,-114,24
-39,52,-12,107,-46,-305,-113,25
-39,53,-11,107,-46,-305,-114,29
-40,54,-11,106,-46,-305,-114,30
-41,55,-11,107,-47,-305,-115,28
-41,55,-13,108,-48,-304,-118,29
-40,55,-14,109,-48,-303,-117,29
-40,55,-13,109,-47,-303,-117,28
-41,55,-12,109,-47,-303,-118,28
-41,54,-12,108,-48,-304,-118,28
-40,55,-13,109,-48,-304,-117,29
-39,56,-14,111,-47,-303,-117,29
-37,56,-14,111,-46,-303,-117,30
-36,57,-14,112,-46,-303,-115,30
-36,57,-13,112,-46,-303,-115,31
-37,58,-13,112,-46,-303,-115,31
-38,60,-14,111,-46,-303,-114,34
-39,61,-14,111,-46,-303,-115,35
-39,62,-14,111,-46,-304,-118,35
-38,61,-13,112,-47,-305,-118,35
-39,61,-12,112,-46,-305,-118,35
-39,61,-11,113,-46,-305,-118,35
-39,63,-11,114,-45,-305,-119,36
-39,65,-10,114,-45,-305,-118,39
-38,67,-10,114,-46,-305,-118,41
-37,68,-11,114,-46,-304,-117,41
-36,68,-11,114,-46,-304,-115,42
-36,70,-11,114,-45,-305,-115,43
-36,73,-10,113,-44,-306,-115,46
-35,75,-10,112,-43,-308,-112,48
-34,75,-9,112,-44,-310,-111,52
-33,75,-8,111,-45,-310,-111,52
-34,77,-8,111,-45,-310,-111,53
-34,79,-7,110,-45,-310,-112,54
-33,80,-7,110,-45,-309,-111,57
-32,83,-7,110,-44,-310,-109,59
-30,84,-8,111,-43,-310,-108,61
-30,86,-8,112,-43,-311,-107,63
-30,88,-7,113,-44,-312,-107,64
-29,89,-6,113,-46,-313,-107,67
-29,91,-5,113,-46,-314,-106,68
-28,93,-4,113,-46,-314,-106,70
-28,94,-4,114,-44,-315,-106,74
-28,95,-4,114,-43,-315,-106,74
-27,96,-4,114,-43,-314,-104,75
-27,97,-4,113,-43,-314,-104,76
-27,99,-4,113,-43,-314,-104,76
-27,101,-4,114,-43,-315,-104,81
-27,102,-3,115,-44,-316,-104,81
-27,101,-1,116,-45,-317,-104,81
-27,101,0,117,-46,-316,-107,81
-27,101,0,118,-45,-315,-107,80
-27,101,-1,118,-44,-314,-107,81
-25,102,-2,118,-43,-314,-106,81
-24,103,-1,118,-43,-316,-103,83
-22,104,-1,117,-44,-318,-102,84
-22,103,0,117,-44,-320,-100,83
-23,103,0,116,-43,-320,-101,83
-24,103,-1,117,-43,-318,-104,83
-24,103,-1,118,-44,-316,-104,83
-24,102,-2,118,-45,-316,-104,83
-25,102,-1,118,-46,-318,-106,81
-27,101,-1,117,-45,-319,-107,81
-27,101,0,116,-44,-320,-104,81
-27,101,0,116,-43,-319,-104,81
-27,101,0,117,-43,-318,-107,81
-28,101,-1,119,-43,-317,-108,80
-30,99,-3,119,-44,-317,-112,76
-31,99,-4,119,-44,-317,-114,75
-31,98,-6,118,-43,-318,-114,75
-31,99,-7,117,-43,-318,-112,76
-31,100,-8,117,-43,-318,-111,76
-31,99,-7,117,-43,-318,-111,75
-32,97,-6,116,-43,-319,-112,74
-32,94,-5,115,-43,-320,-113,70
-33,92,-4,114,-43,-320,-111,72
-33,92,-4,113,-43,-319,-111,72
-33,92,-4,114,-43,-319,-111,69
-32,92,-5,115,-43,-319,-113,69
-33,93,-6,116,-43,-319,-113,69
-34,92,-7,116,-43,-319,-114,69
-36,90,-7,117,-43,-319,-117,67
-36,89,-7,117,-43,-319,-117,65
-36,86,-7,117,-43,-319,-117,63
-35,86,-7,117,-43,-319,-114,62
-35,86,-7,117,-43,-319,-114,62
-35,86,-8,116,-43,-319,-114,62
-35,86,-8,116,-43,-319,-114,59
-34,85,-8,116,-43,-319,-114,62
-34,84,-9,116,-43,-320,-114,58
-35,82,-10,115,-43,-320,-115,56
-36,81,-10,114,-43,-319,-115,54
-37,79,-11,114,-43,-318,-117,53
-37,79,-11,114,-43,-318,-117,53
-36,78,-10,114,-43,-317,-117,52
-37,76,-11,114,-43,-316,-117,50
-38,73,-11,114,-43,-315,-117,47
-38,71,-10,114,-43,-314,-117,45
-37,69,-10,113,-43,-314,-114,42
-38,68,-10,112,-43,-314,-115,41
-39,66,-10,112,-43,-315,-117,40
-41,66,-10,113,-43,-315,-118,40
-40,65,-10,113,-43,-314,-119,37
-39,63,-10,113,-43,-313,-117,37
-40,61,-9,112,-43,-311,-117,37
-41,58,-9,112,-43,-310,-118,34
-41,56,-8,112,-43,-309,-118,31
-41,55,-10,113,-43,-310,-118,29
-41,55,-12,113,-43,-310,-120,28
-42,54,-14,112,-43,-308,-120,28
-43,54,-14,110,-43,-306,-120,26
-44,51,-14,109,-43,-305,-120,24
-45,49,-13,109,-43,-304,-122,21
-46,46,-13,109,-43,-305,-123,19
-46,46,-13,110,-43,-305,-123,19
-47,46,-14,110,-43,-305,-123,19
-46,45,-14,110,-43,-304,-123,18
-45,43,-13,110,-43,-304,-122,17
-46,41,-12,109,-43,-303,-123,14
-47,39,-13,108,-43,-302,-124,12
-48,38,-14,107,-43,-301,-122,10
-47,36,-13,107,-42,-300,-120,9
-46,35,-12,107,-42,-300,-120,8
-46,35,-12,107,-42,-300,-120,8
-47,34,-13,108,-43,-300,-122,7
-49,32,-16,107,-43,-300,-125,4
-49,30,-17,106,-42,-300,-125,0
-48,29,-17,105,-42,-300,-122,1
-48,28,-16,104,-42,-300,-122,1
-49,26,-16,105,-43,-300,-123,-1
-50,24,-16,106,-44,-299,-123,-3
-50,22,-17,107,-44,-299,-126,-8
-51,22,-18,107,-44,-298,-126,-8
-50,22,-18,108,-43,-297,-126,-8
-49,21,-18,108,-42,-297,-125,-8
-49,19,-18,107,-42,-297,-124,-10
-49,17,-17,106,-42,-298,-125,-13
-51,16,-16,106,-43,-299,-124,-14
-52,15,-18,107,-43,-299,-128,-14
-52,14,-19,106,-42,-300,-128,-15
-51,12,-21,105,-42,-300,-126,-17
-50,11,-21,104,-42,-300,-123,-18
-50,10,-21,103,-42,-300,-123,-19
-50,11,-21,103,-42,-299,-123,-19
-50,11,-21,104,-42,-299,-123,-19
-50,11,-21,104,-42,-298,-123,-18
-50,11,-21,103,-42,-299,-123,-18
-50,11,-21,103,-42,-299,-123,-19
-50,11,-21,104,-42,-300,-123,-18
-50,11,-22,104,-42,-300,-125,-18
-50,11,-22,104,-42,-300,-125,-18
-50,11,-22,104,-42,-300,-123,-19
-50,10,-22,104,-42,-300,-123,-19
-50,11,-21,104,-42,-300,-123,-18
-51,13,-21,105,-42,-300,-126,-17
-51,14,-19,106,-42,-300,-128,-15
-52,14,-18,107,-42,-300,-128,-15
-51,13,-18,108,-42,-300,-126,-17
-50,12,-18,108,-42,-300,-126,-18
-51,13,-18,107,-42,-300,-126,-17
-52,15,-18,107,-42,-300,-128,-14
-54,17,-18,108,-42,-300,-129,-13
-54,18,-18,108,-42,-299,-130,-10
-53,20,-18,107,-42,-300,-129,-9
-52,21,-18,107,-43,-301,-128,-8
-50,22,-18,107,-43,-303,-126,-8
-50,22,-18,108,-43,-305,-125,-7
-50,22,-17,108,-43,-305,-126,-8
-50,21,-17,109,-43,-305,-126,-8
-51,22,-17,108,-43,-305,-126,-8
-51,23,-18,108,-43,-305,-126,-7
-50,26,-18,107,-43,-305,-126,-3
-49,28,-18,107,-43,-305,-125,-2
-49,28,-17,108,-43,-305,-125,-1
-49,28,-15,110,-43,-305,-125,0
-50,28,-15,110,-43,-306,-126,0
-50,28,-15,110,-43,-307,-126,1
-50,30,-16,109,-43,-308,-126,0
-50,31,-16,109,-43,-309,-126,1
-50,32,-15,110,-43,-310,-126,4
-49,33,-14,111,-43,-310,-125,6
-48,34,-14,111,-43,-310,-124,7
-47,35,-14,111,-43,-309,-124,8
-46,36,-14,111,-43,-310,-123,9
-46,38,-14,111,-43,-311,-123,10
-45,39,-14,111,-43,-313,-122,12
-44,40,-14,111,-43,-315,-120,13
-44,42,-14,111,-43,-315,-120,14
-45,43,-14,111,-43,-314,-122,17
-46,45,-15,111,-43,-314,-123,18
-46,47,-14,111,-43,-314,-122,20
-44,48,-14,111,-43,-316,-120,20
-43,48,-14,111,-43,-318,-119,21
-43,48,-15,111,-43,-319,-119,21
-43,49,-16,112,-43,-320,-122,20
-43,52,-17,113,-43,-319,-122,23
-42,54,-17,115,-43,-320,-124,25
-41,56,-15,117,-43,-321,-123,26
-42,58,-14,118,-44,-321,-123,29
-43,59,-14,118,-44,-321,-124,30
-43,61,-14,118,-44,-321,-125,31
-45,62,-14,117,-44,-322,-126,32
-46,63,-14,117,-44,-324,-128,34
-45,64,-13,117,-44,-325,-126,34
-44,64,-12,117,-44,-326,-125,37
-42,65,-11,118,-44,-326,-124,39
-42,67,-11,117,-44,-326,-124,40
-41,68,-12,116,-44,-326,-120,41
-42,68,-12,115,-44,-328,-122,42
-43,69,-12,115,-44,-329,-123,42
-43,70,-12,115,-44,-330,-123,43
-43,70,-11,115,-44,-329,-123,43
-43,70,-10,114,-44,-329,-123,43
-43,70,-11,114,-44,-329,-123,43
-43,70,-11,114,-44,-329,-123,43
-42,71,-11,114,-44,-329,-122,45
-41,71,-11,114,-44,-329,-120,45
-41,71,-11,114,-44,-329,-120,45
-41,71,-11,114,-44,-329,-120,45
-42,71,-11,114,-44,-329,-122,45
-42,71,-11,114,-44,-329,-122,45
-40,72,-11,114,-44,-329,-120,45
-39,72,-11,114,-44,-329,-118,46
-39,72,-11,114,-44,-329,-118,46
-39,72,-11,114,-44,-329,-118,46
-39,72,-11,114,-44,-329,-118,46
-39,72,-11,114,-44,-329,-118,46
-39,72,-11,114,-44,-329,-118,46
-40,72,-11,114,-44,-329,-120,45
-41,71,-11,114,-44,-330,-120,45
-42,71,-11,114,-44,-329,-122,45
-42,71,-11,114,-44,-328,-122,45
-42,71,-11,114,-44,-326,-122,45
-43,71,-11,114,-44,-324,-123,45
-43,70,-11,114,-44,-324,-123,43
-43,69,-11,114,-44,-324,-123,42
-42,67,-11,114,-44,-325,-122,40
-41,66,-11,114,-44,-324,-120,40
-40,66,-11,114,-44,-324,-119,39
-41,65,-11,114,-44,-325,-120,39
-42,65,-11,114,-44,-325,-122,39
-44,64,-11,114,-44,-324,-123,37
-45,64,-11,114,-44,-323,-124,37
-46,64,-10,114,-44,-322,-125,37
-45,63,-11,114,-44,-321,-125,36
-44,62,-11,114,-43,-321,-124,36
-43,61,-11,114,-43,-320,-123,34
-43,59,-10,114,-43,-319,-123,32
-43,59,-10,114,-43,-319,-122,32
-43,59,-11,114,-43,-319,-122,32
-43,59,-12,113,-43,-320,-122,32
-43,59,-14,111,-43,-319,-119,32
-43,60,-14,111,-43,-319,-120,32
-43,59,-14,111,-43,-319,-120,32
-42,58,-13,112,-43,-319,-122,31
-40,57,-13,112,-43,-319,-119,30
-37,57,-14,111,-43,-319,-114,30
-36,57,-15,111,-43,-319,-113,30
-36,57,-15,111,-43,-319,-113,30
-36,57,-14,111,-43,-319,-113,30
-36,57,-13,112,-43,-319,-115,30
-36,57,-13,112,-43,-319,-115,30
-36,59,-14,112,-44,-319,-114,32
-35,62,-14,113,-43,-319,-114,36
-34,64,-13,115,-43,-319,-113,37
-34,64,-13,115,-43,-319,-117,37
-35,64,-14,116,-44,-319,-117,35
-34,64,-15,116,-44,-319,-115,35
-33,64,-15,117,-43,-319,-114,35
-31,66,-14,117,-42,-319,-113,37
-31,67,-14,118,-42,-319,-112,39
-31,69,-14,118,-42,-319,-113,40
-32,71,-14,117,-43,-320,-114,42
-33,72,-14,117,-44,-320,-115,43
-34,73,-14,118,-44,-319,-115,45
-35,74,-13,119,-43,-319,-117,46
-35,75,-12,119,-44,-319,-117,46
-36,76,-12,119,-44,-321,-118,50
-36,78,-12,119,-44,-323,-119,48
-37,79,-12,119,-43,-324,-119,52
-37,79,-11,120,-42,-325,-119,53
-37,79,-10,121,-41,-325,-122,52
-37,79,-10,121,-40,-325,-122,52
-37,80,-10,121,-39,-325,-122,54
-39,82,-10,121,-39,-325,-124,56
-39,83,-10,121,-39,-325,-124,57
-39,84,-10,121,-39,-325,-124,57
-39,83,-10,121,-40,-325,-124,57
-39,83,-10,121,-41,-325,-124,57
-38,83,-10,121,-40,-325,-123,57
-37,84,-10,121,-39,-325,-123,58
-37,85,-10,121,-39,-324,-122,59
-37,86,-10,121,-39,-325,-122,61
-37,88,-10,121,-39,-326,-122,62
-37,89,-10,121,-39,-328,-122,63
-36,89,-10,121,-39,-329,-122,63
-36,87,-10,121,-39,-330,-120,61
-35,86,-10,121,-39,-330,-120,59
-36,86,-10,121,-39,-329,-120,59
-36,87,-10,121,-39,-329,-120,61
-35,89,-10,121,-39,-329,-120,63
-33,90,-10,121,-39,-329,-118,64
-32,90,-10,121,-39,-329,-117,64
-31,90,-10,121,-39,-329,-115,64
-32,90,-10,121,-39,-329,-117,64
-33,92,-10,121,-39,-329,-118,65
-33,93,-10,121,-39,-329,-118,67
-33,93,-10,121,-39,-329,-118,67
-33,92,-10,121,-39,-329,-118,67
-33,92,-10,121,-39,-329,-118,67
-33,92,-10,121,-39,-329,-118,67
-32,93,-10,121,-39,-329,-117,67
-30,95,-11,120,-39,-329,-115,69
-30,96,-10,121,-39,-329,-114,70
-30,97,-9,122,-39,-329,-114,72
-30,98,-8,123,-39,-329,-115,73
-31,99,-8,123,-39,-329,-117,73
-31,99,-8,123,-39,-329,-117,73
-31,99,-8,123,-39,-329,-115,73
-31,99,-7,124,-39,-329,-117,73
-32,99,-7,124,-39,-329,-117,73
-32,100,-7,124,-39,-330,-117,74
-31,101,-7,124,-39,-330,-117,75
-29,103,-7,124,-39,-329,-114,78
-29,104,-7,124,-39,-329,-114,79
-28,106,-7,124,-39,-329,-114,80
-29,106,-7,124,-39,-331,-114,80
-29,106,-7,124,-39,-333,-114,80
-29,105,-7,124,-39,-334,-114,80
-29,105,-7,124,-39,-334,-114,80
-29,105,-7,124,-39,-332,-114,80
-29,105,-7,124,-39,-331,-114,80
-29,105,-7,124,-39,-331,-114,80
-29,105,-7,123,-39,-332,-114,80
-29,105,-8,123,-39,-332,-114,80
-29,105,-9,122,-39,-332,-114,80
-29,105,-10,122,-39,-332,-114,80
-30,105,-10,121,-39,-331,-115,79
-31,104,-10,121,-39,-332,-115,79
-31,105,-10,121,-39,-333,-115,79
-31,105,-10,121,-39,-333,-115,80
-31,104,-10,121,-39,-332,-115,79
-31,103,-10,121,-39,-330,-117,78
-31,101,-11,121,-39,-330,-115,75
-31,99,-10,120,-39,-329,-115,74
-31,99,-10,120,-39,-329,-113,73
-31,99,-9,119,-39,-329,-114,73
-32,97,-10,120,-39,-330,-114,72
-32,94,-10,120,-39,-329,-118,69
-33,93,-11,121,-39,-329,-118,67
-33,92,-11,121,-39,-329,-118,65
-33,92,-10,121,-39,-329,-118,67
-33,93,-10,121,-39,-329,-118,67
-33,93,-10,121,-39,-330,-118,67
-33,92,-10,121,-39,-330,-118,67
-32,91,-10,121,-39,-329,-118,65
-32,89,-10,121,-39,-328,-117,63
-31,88,-10,121,-39,-328,-115,62
-31,87,-10,121,-39,-327,-115,62
-31,88,-10,121,-39,-326,-115,62
-31,88,-10,121,-39,-325,-115,62
-31,88,-10,121,-39,-325,-115,63
-31,88,-10,121,-39,-325,-115,62
-31,87,-10,121,-39,-325,-115,62
-31,88,-11,121,-39,-325,-115,62
-31,89,-11,121,-39,-325,-117,63
-32,91,-10,121,-39,-325,-117,65
-33,92,-10,120,-39,-325,-115,67
-34,92,-9,119,-39,-325,-117,67
-35,91,-8,119,-39,-325,-118,65
-34,91,-8,118,-39,-325,-117,65
-33,92,-8,119,-39,-325,-115,67
-33,92,-8,119,-39,-325,-115,67
-33,92,-8,118,-39,-325,-115,67
-33,92,-7,118,-39,-325,-115,69
-33,92,-7,117,-39,-325,-113,69
-33,92,-7,117,-39,-325,-113,69
-33,92,-7,117,-39,-325,-113,69
-33,92,-7,117,-39,-325,-113,69
-33,92,-7,117,-39,-325,-113,69
-33,92,-7,117,-39,-325,-113,69
-33,92,-7,117,-39,-325,-113,69
-33,92,-7,117,-38,-324,-113,69
-33,92,-7,117,-37,-325,-113,69
-33,92,-7,117,-38,-325,-113,69
-33,92,-7,117,-39,-326,-113,69
-33,92,-7,117,-39,-326,-113,69
-33,92,-7,117,-40,-326,-113,69
-33,93,-7,117,-40,-326,-113,69
-33,92,-7,117,-39,-328,-113,68
-32,91,-7,117,-37,-329,-113,68
-32,91,-6,118,-36,-330,-115,68
-32,91,-5,119,-36,-330,-114,68
-32,92,-4,120,-38,-329,-114,68
-32,91,-5,119,-39,-329,-115,68
-34,90,-6,119,-38,-329,-117,67
-35,89,-7,118,-36,-330,-118,65
-36,88,-6,118,-36,-330,-119,64
-36,88,-5,119,-37,-329,-119,64
-35,88,-4,119,-37,-330,-118,65
-34,89,-5,120,-37,-330,-117,65
-34,89,-6,121,-36,-330,-117,65
-33,88,-6,121,-36,-329,-115,64
-33,87,-6,120,-37,-329,-115,64
-32,87,-6,119,-37,-331,-114,64
-31,89,-7,118,-37,-333,-114,65
-32,90,-8,118,-37,-334,-114,64
-32,90,-9,119,-37,-335,-114,64
-33,91,-9,118,-39,-335,-115,65
-33,92,-7,118,-39,-334,-115,68
-33,93,-6,118,-40,-334,-115,69
-33,93,-4,120,-40,-334,-115,69
-33,92,-4,120,-40,-334,-115,69
-33,92,-4,120,-40,-334,-115,69
-33,93,-5,119,-39,-334,-115,69
-32,93,-6,121,-38,-335,-114,70
-30,93,-5,122,-37,-335,-113,70
-30,93,-4,122,-36,-334,-112,70
-30,93,-5,120,-36,-335,-113,70
-31,95,-6,118,-36,-335,-111,73
-31,97,-7,117,-36,-336,-111,74
-31,99,-7,117,-37,-336,-111,76
-31,98,-7,117,-37,-336,-111,75
-31,96,-7,117,-37,-337,-112,73
-32,95,-8,119,-37,-338,-114,69
-32,95,-9,120,-36,-339,-115,69
-32,97,-10,120,-36,-338,-114,72
-32,97,-9,119,-35,-338,-114,72
-32,97,-9,119,-35,-338,-114,70
-32,95,-9,119,-35,-339,-115,69
-33,93,-10,120,-35,-339,-115,68
-33,92,-10,120,-35,-338,-118,67
-33,92,-9,119,-35,-336,-115,67
-33,92,-8,119,-35,-336,-115,67
-33,92,-9,119,-35,-338,-115,67
-33,93,-9,119,-35,-338,-115,67
-33,92,-9,119,-35,-337,-115,67
-33,92,-8,119,-35,-335,-115,67
-33,92,-7,117,-35,-334,-113,69
-33,92,-7,117,-35,-334,-113,69
-33,93,-8,118,-35,-335,-115,67
-33,92,-9,119,-35,-335,-115,67
-32,91,-8,119,-35,-335,-115,65
-32,89,-7,118,-35,-335,-114,65
-31,88,-7,117,-35,-335,-111,65
-30,88,-7,117,-35,-335,-111,64
-31,88,-7,117,-35,-335,-111,64
-32,87,-7,117,-35,-335,-112,64
-33,87,-7,117,-35,-335,-113,64
-33,86,-7,117,-35,-335,-113,63
-33,87,-7,117,-35,-335,-113,63
-33,86,-7,117,-35,-335,-113,63
-34,86,-7,117,-35,-333,-114,63
-35,86,-7,117,-35,-331,-114,62
-35,86,-7,117,-34,-330,-114,62
-35,86,-7,117,-34,-329,-115,62
-36,85,-7,117,-34,-330,-117,62
-38,84,-7,117,-34,-330,-118,61
-39,82,-7,117,-35,-330,-118,58
-38,80,-7,117,-35,-330,-118,57
-37,79,-7,117,-35,-330,-117,56
-37,79,-7,117,-34,-330,-117,54
-37,79,-7,117,-34,-330,-117,56
-37,79,-7,117,-35,-330,-117,56
-37,79,-8,116,-36,-330,-117,53
-37,79,-8,116,-38,-329,-117,53
-38,78,-8,117,-37,-330,-118,52
-39,76,-8,118,-36,-330,-122,50
-39,74,-10,118,-36,-330,-122,47
-39,72,-12,118,-37,-328,-122,46
-39,72,-13,117,-38,-326,-120,43
-39,72,-13,116,-38,-325,-120,43
-39,72,-12,115,-36,-325,-118,46
-39,73,-11,114,-35,-325,-118,46
-40,74,-10,114,-34,-325,-120,47
-41,75,-10,114,-34,-325,-120,48
-41,75,-11,114,-34,-325,-120,48
-40,74,-10,114,-36,-325,-120,47
-39,72,-10,114,-37,-325,-119,46
-39,72,-11,116,-38,-325,-118,46
-39,72,-12,118,-37,-325,-122,46
-39,72,-12,117,-36,-325,-122,46
-39,72,-12,115,-35,-325,-119,46
-40,74,-10,114,-36,-325,-120,47
-41,75,-10,114,-37,-325,-120,48
-41,75,-9,115,-37,-325,-120,50
-40,74,-11,116,-36,-325,-120,47
-39,72,-12,116,-34,-325,-119,46
-39,72,-12,115,-34,-325,-118,46
-39,72,-11,114,-34,-325,-118,46
-39,73,-11,114,-34,-325,-118,46
-39,72,-10,114,-34,-325,-119,46
-39,72,-10,114,-34,-325,-118,46
-39,72,-11,114,-35,-325,-118,46
-39,72,-11,114,-36,-325,-118,46
-39,73,-11,114,-36,-325,-118,46
-39,72,-11,114,-35,-325,-119,46
-40,72,-11,114,-35,-325,-119,45
-42,70,-11,114,-36,-325,-122,43
-42,68,-11,114,-37,-323,-122,42
-42,67,-11,114,-38,-323,-122,41
-42,67,-12,115,-36,-324,-122,40
-41,66,-12,115,-34,-325,-120,40
-41,66,-13,116,-34,-325,-123,39
-41,66,-12,115,-34,-323,-120,39
-40,66,-12,116,-34,-322,-123,40
-41,66,-12,118,-34,-321,-123,39
-42,65,-12,119,-34,-322,-124,36
-43,63,-13,119,-34,-323,-125,34
-44,62,-14,118,-34,-324,-126,32
-45,62,-14,117,-34,-324,-126,32
-44,63,-12,117,-34,-323,-126,36
-45,62,-10,116,-34,-321,-124,36
-46,61,-9,117,-34,-320,-128,35
-47,61,-10,119,-34,-320,-129,34
-47,60,-12,120,-36,-321,-131,32
-47,60,-13,119,-36,-322,-131,30
-47,59,-14,118,-36,-321,-129,30
-47,58,-14,117,-34,-320,-129,29
-48,58,-14,117,-34,-320,-130,29
-48,58,-14,117,-34,-321,-130,29
-49,60,-14,117,-34,-322,-131,31
-49,61,-14,118,-34,-321,-131,31
-49,60,-13,118,-34,-321,-131,31
-48,58,-13,119,-34,-320,-130,29
-47,57,-13,119,-34,-320,-129,28
-47,57,-13,119,-34,-320,-129,28
-47,57,-13,119,-34,-320,-129,28
-47,57,-13,119,-34,-320,-129,28
-47,57,-14,118,-34,-320,-129,28
-47,57,-14,117,-34,-320,-129,28
-47,57,-13,116,-34,-320,-129,30
-47,57,-13,116,-34,-320,-129,30
-47,57,-13,117,-34,-321,-129,28
-46,57,-14,117,-34,-322,-128,28
-45,57,-14,116,-34,-323,-126,28
-43,55,-13,114,-34,-323,-122,28
-42,54,-12,113,-34,-322,-120,28
-40,54,-12,112,-34,-322,-119,28
-40,55,-13,112,-34,-323,-119,28
-41,55,-14,111,-34,-324,-120,29
-41,55,-14,112,-34,-325,-120,29
-40,55,-13,112,-34,-325,-119,29
-39,56,-13,112,-34,-324,-119,29
-39,56,-14,111,-34,-323,-118,29
-39,55,-14,111,-34,-323,-115,29
-39,56,-13,112,-34,-323,-118,29
-38,56,-13,112,-34,-322,-117,30
-37,58,-12,112,-34,-322,-115,31
-36,59,-12,113,-34,-321,-115,32
-37,60,-12,113,-34,-321,-117,34
-39,60,-12,112,-34,-322,-119,32
-42,60,-13,112,-34,-323,-122,32
-43,59,-13,112,-34,-325,-123,32
-42,60,-12,112,-34,-325,-122,34
-40,61,-11,114,-34,-324,-119,34
-39,62,-10,114,-34,-323,-118,35
-38,61,-10,114,-34,-322,-117,35
-38,61,-11,114,-34,-321,-118,35
-39,61,-11,114,-34,-322,-118,35
-39,63,-11,114,-34,-321,-119,36
-40,65,-10,114,-34,-321,-120,37
-41,66,-11,114,-34,-321,-120,40
-41,66,-11,114,-34,-321,-120,40
-41,66,-10,114,-34,-321,-120,39
-40,65,-10,114,-34,-321,-120,39
-41,65,-10,114,-34,-322,-120,39
-42,67,-11,114,-34,-324,-122,41
-43,69,-11,114,-34,-324,-122,42
-42,70,-10,114,-34,-324,-122,43
-41,71,-10,115,-34,-323,-120,45
-41,72,-9,115,-34,-323,-120,45
-41,73,-9,116,-34,-324,-120,47
-41,75,-8,116,-34,-325,-120,52
-40,77,-7,117,-34,-325,-119,53
-38,78,-7,117,-34,-325,-118,54
-37,79,-7,117,-34,-325,-117,56
-38,80,-7,117,-34,-325,-118,57
-39,82,-7,117,-34,-325,-118,58
-38,84,-7,117,-34,-325,-118,61
-36,85,-7,117,-34,-325,-117,62
-35,86,-7,117,-34,-325,-114,62
-35,86,-7,117,-34,-325,-115,62
-36,87,-8,118,-34,-325,-118,61
-35,89,-9,119,-34,-325,-118,63
-34,91,-9,119,-34,-325,-117,65
-33,93,-9,119,-34,-325,-115,67
-34,94,-9,119,-34,-325,-117,68
-35,95,-10,120,-34,-325,-117,69
-34,97,-10,121,-34,-325,-119,72
-32,98,-10,121,-34,-325,-118,73
-31,99,-10,121,-34,-325,-117,73
-31,100,-10,121,-34,-326,-117,74
-32,102,-10,121,-34,-327,-118,76
-33,103,-10,121,-34,-326,-119,78
-34,103,-10,121,-34,-325,-119,78
-33,103,-9,122,-34,-326,-119,78
-32,104,-9,122,-34,-328,-118,78
-30,104,-9,122,-34,-328,-115,79
-29,105,-9,122,-34,-328,-114,80
-29,107,-8,123,-34,-328,-114,81
-31,109,-7,124,-34,-328,-115,84
-32,110,-7,123,-34,-328,-117,84
-32,110,-8,122,-34,-328,-118,85
-31,110,-9,122,-34,-329,-117,85
-32,110,-10,123,-34,-330,-117,84
-32,110,-9,125,-34,-330,-119,84
-31,110,-8,125,-34,-330,-117,84
-31,110,-7,124,-34,-330,-115,85
-29,111,-7,124,-34,-330,-114,85
-29,111,-7,124,-34,-330,-114,85
-29,111,-8,125,-34,-330,-114,85
-31,110,-8,126,-34,-330,-119,85
-32,110,-8,125,-34,-330,-119,85
-32,110,-7,124,-34,-330,-117,85
-31,108,-7,124,-34,-330,-117,83
-29,107,-7,124,-34,-330,-114,81
-29,105,-7,124,-34,-330,-114,80
-29,106,-7,124,-34,-330,-114,80
-30,107,-7,124,-34,-330,-115,81
-30,107,-7,124,-35,-330,-115,81
-30,107,-7,124,-34,-330,-115,81
-29,106,-7,124,-34,-330,-114,80
-28,106,-7,124,-34,-330,-113,80
-27,106,-7,124,-35,-329,-112,81
-27,107,-7,124,-35,-329,-112,81
-28,108,-7,124,-34,-330,-113,83
-29,108,-6,124,-33,-331,-114,83
-30,108,-7,124,-31,-332,-115,83
-31,107,-8,123,-30,-332,-115,81
-30,106,-10,122,-31,-331,-115,80
-29,106,-10,121,-31,-330,-114,80
-28,107,-10,121,-31,-330,-114,81
-29,109,-9,122,-30,-330,-114,84
-30,110,-9,122,-29,-330,-115,85
-31,110,-9,122,-29,-330,-117,85
-32,110,-10,121,-29,-330,-117,85
-32,110,-11,121,-30,-330,-117,84
-31,109,-11,121,-30,-331,-117,84
-31,109,-10,121,-30,-332,-117,84
-30,108,-10,121,-30,-332,-115,83
-30,108,-10,121,-30,-332,-115,83
-30,106,-11,121,-30,-332,-115,80
-31,105,-11,122,-30,-333,-115,78
-32,104,-12,122,-31,-335,-118,75
-33,103,-11,122,-32,-336,-119,75
-33,102,-11,121,-32,-335,-118,76
-32,100,-10,121,-32,-335,-117,74
-31,99,-10,121,-32,-335,-115,73
-32,98,-10,121,-31,-335,-117,72
-34,97,-10,121,-30,-335,-119,72
-36,97,-10,121,-30,-335,-122,72
-36,97,-10,121,-30,-335,-122,70
-35,95,-11,120,-30,-335,-120,69
-33,94,-11,120,-30,-335,-115,68
-33,93,-12,120,-30,-335,-118,67
-34,91,-11,120,-30,-335,-117,65
-36,90,-12,120,-30,-336,-122,64
-38,90,-13,119,-30,-338,-120,62
-38,90,-14,117,-30,-340,-120,62
-37,90,-14,117,-30,-340,-119,62
-36,90,-13,118,-30,-340,-118,62
-35,90,-11,120,-30,-340,-118,64
-35,89,-10,121,-30,-340,-120,63
-35,88,-10,121,-30,-340,-120,62
-35,87,-10,121,-30,-340,-120,61
-34,86,-11,120,-30,-339,-119,61
-32,86,-12,120,-30,-339,-117,61
-32,87,-12,120,-30,-340,-117,61
-31,88,-11,120,-30,-342,-115,62
-31,90,-11,120,-30,-343,-115,64
-32,90,-12,120,-30,-343,-117,64
-32,90,-13,119,-30,-343,-114,62
-33,89,-13,119,-30,-343,-115,61
-34,90,-12,119,-30,-344,-117,64
-34,90,-12,119,-30,-345,-117,64
-34,91,-13,119,-30,-345,-117,63
-34,90,-13,118,-30,-345,-117,62
-33,89,-13,118,-30,-345,-115,61
-32,88,-13,119,-30,-345,-114,59
-33,88,-13,119,-30,-345,-115,59
-34,88,-13,119,-30,-345,-117,59
-35,88,-13,119,-30,-345,-118,59
-36,87,-13,118,-30,-345,-118,59
-34,87,-14,118,-30,-345,-117,58
-34,87,-14,117,-30,-345,-115,58
-34,86,-14,117,-30,-345,-115,58
-35,86,-14,118,-30,-345,-117,57
-35,86,-14,118,-30,-345,-117,57
-35,86,-14,117,-30,-345,-117,57
-35,86,-13,116,-30,-344,-118,59
-35,86,-12,115,-30,-343,-115,61
-35,86,-12,115,-30,-343,-114,59
-34,85,-13,116,-30,-343,-117,58
-33,83,-13,116,-30,-344,-115,57
-34,81,-12,115,-30,-345,-114,54
-35,79,-11,114,-30,-345,-114,53
-36,79,-10,114,-30,-345,-115,53
-36,80,-11,114,-30,-345,-115,54
-36,80,-11,114,-30,-345,-115,53
-36,79,-11,114,-30,-345,-117,53
-37,79,-11,114,-30,-343,-117,53
-37,79,-11,114,-30,-341,-117,53
-37,79,-11,114,-30,-340,-117,53
-37,79,-11,114,-30,-341,-117,53
-37,79,-11,114,-30,-343,-117,53
-37,79,-11,114,-30,-345,-117,53
-37,79,-11,114,-30,-345,-117,53
-37,79,-11,114,-30,-343,-117,53
-37,79,-11,114,-30,-343,-117,53
-37,79,-11,114,-30,-343,-117,53
-36,79,-11,114,-30,-344,-117,53
-37,79,-11,114,-30,-345,-117,53
-39,78,-11,114,-30,-345,-118,52
-40,77,-10,114,-30,-345,-120,51
-40,77,-10,114,-30,-345,-120,51
-38,78,-10,114,-30,-345,-118,52
-37,79,-11,114,-30,-345,-117,53
-37,79,-11,114,-30,-345,-117,53
-38,78,-11,114,-30,-345,-118,52
-39,78,-10,115,-30,-345,-118,52
-38,78,-8,116,-30,-345,-118,54
-37,79,-7,117,-30,-345,-117,54
-38,78,-8,117,-30,-345,-118,54
-40,78,-9,116,-30,-344,-119,51
-41,77,-10,115,-30,-345,-122,51
-42,76,-10,115,-30,-345,-122,50
-41,75,-10,114,-31,-346,-120,50
-39,74,-10,114,-31,-346,-119,47
-39,73,-11,114,-31,-346,-118,46
-39,72,-11,114,-30,-346,-118,46
-39,72,-10,114,-30,-346,-118,46
-39,72,-10,115,-31,-346,-119,46
-39,72,-8,116,-31,-348,-119,48
-39,72,-7,117,-31,-349,-119,48
-39,72,-8,116,-31,-349,-119,48
-39,72,-9,115,-31,-350,-118,46
-39,72,-10,115,-31,-350,-119,46
-39,72,-10,115,-31,-350,-119,46
-39,72,-10,115,-31,-350,-118,46
-39,72,-10,115,-31,-350,-118,45
-38,70,-10,115,-31,-350,-118,43
-38,70,-10,115,-31,-350,-117,43
-38,70,-10,115,-31,-350,-118,43
-39,72,-10,114,-31,-350,-118,45
-39,72,-11,114,-31,-350,-118,46
-39,73,-11,114,-31,-350,-118,46
-39,73,-11,114,-31,-350,-118,46
-39,72,-10,114,-31,-350,-118,46
-39,72,-10,114,-31,-350,-119,46
-39,72,-11,114,-31,-350,-118,46
-38,73,-10,114,-31,-350,-117,47
-36,74,-10,114,-31,-350,-115,48
-35,75,-11,114,-31,-350,-114,48
-34,75,-11,114,-31,-350,-113,48
-35,74,-11,114,-31,-350,-114,48
-35,75,-10,114,-31,-350,-114,48
-36,76,-10,115,-31,-350,-115,50
-35,79,-10,115,-31,-350,-115,52
-34,81,-10,115,-31,-349,-113,54
-33,81,-10,114,-31,-348,-113,54
-32,82,-10,115,-31,-348,-112,56
-33,83,-8,116,-31,-348,-113,57
-34,84,-7,117,-31,-348,-114,61
-35,86,-7,117,-31,-346,-114,62
-35,86,-7,117,-30,-345,-115,63
-35,86,-7,117,-30,-344,-114,63
-35,86,-7,117,-30,-344,-114,62
-35,86,-7,117,-30,-345,-114,62
-35,86,-7,117,-30,-345,-114,62
-35,86,-7,117,-30,-345,-114,62
-35,86,-7,117,-30,-345,-114,62
-35,86,-7,117,-30,-345,-114,62
-35,86,-8,116,-30,-345,-114,59
-35,86,-10,115,-30,-345,-114,59
-34,86,-10,114,-30,-345,-113,61
-33,87,-10,115,-30,-344,-113,61
-34,87,-8,116,-30,-343,-114,61
-35,86,-8,116,-30,-343,-114,62
-35,84,-9,115,-30,-343,-114,58
-33,83,-11,114,-30,-344,-113,57
-33,81,-11,113,-30,-344,-113,56
-34,80,-10,113,-30,-343,-111,54
-36,79,-9,113,-30,-343,-113,53
-37,79,-10,113,-30,-343,-117,53
-37,79,-10,114,-30,-342,-117,53
-37,79,-11,114,-30,-340,-117,53
-37,79,-10,113,-30,-339,-117,53
-37,77,-10,112,-30,-339,-114,51
-38,74,-10,113,-30,-340,-115,48
-39,72,-10,114,-30,-340,-118,46
-39,72,-11,114,-30,-340,-119,46
-39,72,-11,114,-30,-340,-119,46
-39,73,-11,114,-30,-340,-118,46
-38,71,-11,113,-30,-340,-118,45
-37,70,-12,112,-30,-340,-117,43
-36,68,-13,112,-30,-340,-115,42
-37,68,-14,111,-30,-340,-114,41
-38,67,-14,111,-30,-340,-114,41
-38,68,-14,111,-30,-340,-115,41
-38,69,-15,110,-30,-340,-115,42
-39,71,-14,111,-30,-340,-115,45
-40,72,-14,111,-30,-340,-117,46
-41,72,-13,112,-30,-340,-120,46
-42,71,-13,112,-30,-340,-122,45
-41,71,-14,111,-30,-340,-118,45
-40,71,-14,111,-30,-340,-117,45
-39,72,-14,111,-30,-340,-115,46
-39,74,-12,113,-30,-340,-119,47
-40,75,-11,114,-30,-339,-120,50
-41,77,-10,114,-30,-339,-122,51
-42,77,-10,114,-30,-338,-122,51
-41,76,-11,114,-30,-339,-122,50
-40,77,-11,114,-30,-339,-119,51
-38,78,-11,114,-30,-340,-118,52
-37,80,-10,115,-30,-340,-117,54
-39,82,-8,116,-30,-340,-118,58
-39,83,-7,117,-30,-340,-119,59
-39,84,-7,117,-30,-340,-119,61
-38,84,-7,117,-30,-340,-118,61
-36,85,-7,117,-30,-340,-117,62
-35,86,-7,117,-30,-340,-114,62
-35,86,-7,117,-30,-340,-114,63
-35,86,-7,117,-30,-340,-114,63
-35,86,-7,117,-30,-339,-114,62
-34,86,-6,118,-30,-338,-117,63
-33,87,-5,119,-30,-338,-115,63
-33,88,-4,119,-30,-339,-115,65
-33,90,-5,119,-30,-340,-115,67
-33,92,-5,120,-30,-340,-115,69
-33,93,-4,120,-30,-340,-115,69
-33,92,-3,120,-30,-339,-115,69
-33,92,-3,121,-30,-338,-115,68
-33,92,-5,122,-30,-338,-115,69
-34,93,-6,123,-30,-339,-119,68
-34,94,-6,123,-30,-340,-119,68
-34,93,-6,121,-30,-340,-117,70
-33,93,-6,118,-30,-340,-115,69
-33,92,-7,117,-30,-338,-113,69
-33,92,-7,117,-30,-336,-113,69
-33,92,-7,117,-30,-335,-113,69
-33,92,-7,118,-30,-335,-115,69
-33,92,-8,118,-30,-335,-115,67
-33,92,-8,119,-30,-335,-115,67
-33,92,-8,119,-30,-336,-115,67
-33,92,-7,117,-30,-336,-113,69
-33,93,-7,117,-30,-337,-113,69
-32,92,-7,117,-30,-336,-113,69
-32,91,-8,119,-30,-336,-115,65
-32,89,-10,120,-30,-335,-115,63
-34,86,-10,121,-30,-335,-119,61
-35,85,-9,120,-30,-335,-117,59
-35,85,-8,119,-30,-335,-118,59
-35,86,-9,118,-30,-335,-117,59
-35,86,-10,118,-30,-335,-117,59
-35,86,-13,119,-30,-335,-117,57
-35,86,-14,119,-30,-335,-118,58
-35,86,-14,118,-30,-335,-117,57
-35,84,-14,117,-30,-335,-117,56
-33,83,-14,117,-30,-335,-115,54
-33,81,-14,118,-30,-335,-115,53
-32,81,-14,118,-30,-335,-114,52
-32,81,-14,118,-30,-335,-114,52
-33,81,-14,117,-30,-335,-115,52
-33,82,-14,117,-30,-335,-115,53
-33,83,-14,117,-30,-335,-115,54
-34,83,-14,117,-30,-335,-115,54
-33,83,-14,117,-30,-335,-115,54
-33,82,-14,117,-30,-335,-115,53
-33,81,-14,117,-30,-335,-115,52
-33,81,-14,117,-30,-335,-115,52
-33,81,-14,117,-30,-335,-115,52
-32,82,-14,117,-30,-335,-114,53
-33,81,-14,117,-30,-335,-115,53
-33,81,-14,117,-30,-335,-115,53
-33,81,-14,117,-30,-335,-115,52
-32,81,-14,117,-30,-335,-114,52
-32,82,-14,117,-30,-335,-114,53
-34,83,-14,117,-30,-335,-117,54
-36,83,-14,117,-30,-335,-118,54
-36,84,-14,117,-30,-335,-118,56
-35,83,-14,117,-30,-335,-117,54
-33,81,-14,117,-30,-335,-115,53
-33,80,-14,118,-30,-335,-115,52
-34,80,-14,118,-30,-335,-117,52
-36,80,-14,118,-30,-335,-118,52
-36,81,-14,117,-30,-335,-119,52
-36,81,-14,117,-30,-334,-118,53
-36,81,-14,118,-30,-334,-118,52
-37,81,-13,119,-30,-333,-119,53
-38,82,-14,120,-30,-333,-123,53
-39,83,-14,120,-30,-332,-124,54
-39,84,-14,119,-30,-332,-124,54
-39,84,-13,119,-30,-333,-124,54
-39,83,-12,119,-30,-335,-122,57
-38,82,-12,119,-30,-336,-120,56
-38,80,-13,119,-30,-335,-120,51
-37,79,-13,119,-30,-333,-119,51
-37,79,-12,120,-30,-332,-122,50
-37,79,-10,121,-30,-331,-122,52
-37,79,-10,121,-30,-332,-122,53
-37,79,-10,121,-30,-333,-122,53
-37,79,-10,121,-30,-332,-122,52
-37,79,-10,121,-30,-332,-122,52
-37,79,-10,121,-29,-330,-122,52
-37,79,-10,121,-29,-330,-122,52
-36,79,-12,120,-29,-330,-120,53
-35,80,-13,118,-29,-330,-117,52
-35,80,-14,118,-29,-330,-117,52
-35,80,-13,118,-29,-330,-118,52
-34,80,-13,119,-29,-330,-117,52
-32,79,-13,119,-29,-330,-117,51
-31,78,-14,118,-29,-330,-113,50
-32,77,-13,116,-29,-330,-114,51
-34,76,-12,115,-29,-330,-114,50
-36,76,-12,115,-30,-330,-115,51
-34,77,-13,116,-30,-330,-117,51
-32,76,-14,118,-29,-330,-114,48
-31,76,-14,118,-29,-330,-113,47
-33,75,-14,117,-29,-330,-114,47
-35,76,-13,116,-30,-330,-118,50
-36,77,-12,115,-31,-330,-117,51
-36,78,-12,115,-32,-330,-117,52
-36,77,-11,114,-31,-330,-115,51
-36,76,-11,114,-30,-330,-115,51
-35,76,-11,114,-29,-330,-114,50
-34,75,-11,114,-29,-330,-114,50
-35,75,-11,114,-29,-330,-114,48
-36,74,-10,114,-29,-330,-115,47
-38,73,-11,114,-30,-330,-117,47
-39,73,-11,114,-31,-330,-118,46
-39,72,-10,114,-32,-330,-119,46
-39,72,-10,114,-31,-330,-118,46
-39,72,-10,114,-30,-330,-118,46
-39,72,-11,114,-29,-330,-118,46
-39,72,-13,114,-29,-330,-118,46
-39,72,-13,114,-30,-330,-118,46
-39,72,-13,114,-31,-330,-118,46
-39,72,-13,112,-32,-330,-118,46
-39,72,-13,112,-31,-330,-119,46
-39,73,-13,112,-30,-330,-118,46
-39,72,-14,113,-29,-330,-118,46
-38,71,-15,113,-31,-330,-118,42
-38,69,-15,112,-32,-330,-118,40
-38,67,-16,112,-32,-330,-118,39
-39,67,-17,113,-32,-330,-119,39
-41,68,-18,114,-31,-330,-123,39
-42,69,-18,115,-30,-330,-124,40
-43,69,-18,115,-29,-330,-124,40
-43,69,-18,114,-29,-330,-125,40
-43,68,-18,114,-30,-330,-124,39
-41,68,-18,114,-30,-330,-123,39
-40,67,-18,115,-30,-330,-122,39
-39,67,-18,114,-29,-330,-120,37
-39,67,-17,113,-29,-330,-118,37
-39,67,-15,112,-29,-330,-118,37
-38,67,-14,111,-29,-331,-115,41
-38,68,-14,110,-30,-332,-114,41
-37,68,-14,111,-30,-332,-114,41
-37,68,-13,112,-30,-332,-117,41
-38,67,-12,113,-29,-331,-118,41
-39,67,-12,112,-29,-330,-118,40
-39,67,-13,112,-29,-330,-118,40
-39,67,-14,113,-29,-330,-118,37
-40,67,-13,114,-29,-330,-119,41
-41,66,-12,115,-29,-330,-120,39
-40,64,-11,115,-30,-332,-119,37
-39,63,-11,115,-30,-333,-119,36
-39,62,-13,114,-30,-335,-118,35
-38,61,-15,114,-30,-336,-118,32
-38,61,-17,114,-30,-336,-118,32
-38,60,-18,114,-30,-335,-119,31
-37,59,-18,115,-30,-333,-118,30
-36,57,-18,114,-30,-332,-118,28
-36,57,-17,113,-30,-332,-115,28
-36,57,-16,112,-30,-333,-115,28
-36,57,-15,112,-30,-334,-115,29
-36,57,-15,112,-30,-333,-115,29
-36,57,-15,112,-30,-332,-115,28
-37,56,-15,112,-30,-332,-117,28
-39,55,-15,112,-30,-332,-118,26
-40,55,-15,112,-30,-333,-119,25
-41,54,-15,112,-30,-334,-120,25
-41,55,-15,112,-30,-334,-120,25
-40,55,-15,112,-30,-334,-119,25
-40,55,-15,112,-30,-333,-119,25
-40,55,-15,112,-30,-333,-119,25
-41,55,-16,112,-30,-335,-120,25
-40,55,-17,113,-30,-335,-119,25
-41,55,-18,114,-30,-335,-123,25
-40,55,-18,115,-30,-335,-122,23
-40,55,-18,114,-30,-335,-122,25
-40,54,-17,113,-30,-335,-119,25
-41,55,-15,112,-30,-335,-120,25
-42,56,-14,112,-30,-335,-120,29
-42,58,-14,113,-30,-335,-122,29
-42,60,-16,114,-30,-335,-120,30
-40,61,-16,114,-30,-335,-119,32
-39,61,-17,115,-30,-335,-120,32
-38,61,-16,116,-30,-335,-119,32
-38,61,-15,117,-30,-335,-120,32
-39,61,-15,117,-30,-335,-120,32
-39,63,-15,116,-30,-335,-122,34
-40,65,-15,115,-30,-335,-122,35
-41,65,-15,114,-30,-335,-120,36
-41,65,-15,115,-30,-335,-123,36
-41,66,-15,116,-30,-335,-123,37
-40,68,-14,118,-30,-335,-123,39
-39,70,-14,118,-30,-335,-122,41
-39,72,-14,118,-30,-335,-120,43
-39,73,-14,118,-30,-335,-120,45
-39,73,-14,117,-30,-335,-120,43
-39,72,-13,116,-30,-335,-122,46
-39,72,-12,115,-30,-335,-118,46
-39,72,-12,115,-30,-335,-119,46
-39,74,-12,115,-30,-335,-119,47
-39,76,-11,115,-30,-336,-119,50
-38,78,-11,117,-30,-338,-120,52
-37,79,-12,118,-30,-340,-119,53
-37,79,-12,117,-30,-340,-119,53
-37,79,-11,116,-30,-340,-117,53
-37,79,-10,115,-30,-340,-117,53
-37,79,-8,115,-30,-340,-117,56
-37,79,-9,116,-30,-340,-117,53
-37,79,-9,117,-30,-340,-119,53
-37,79,-9,118,-30,-340,-119,52
-37,79,-8,118,-30,-340,-119,52
-37,79,-8,117,-30,-340,-117,53
-36,79,-10,115,-30,-340,-115,53
-35,80,-10,114,-30,-340,-115,53
-34,80,-11,114,-30,-340,-114,54
-33,81,-11,114,-30,-340,-113,54
-33,81,-11,114,-30,-340,-113,54
-32,81,-10,114,-30,-340,-112,56
-33,81,-10,114,-30,-339,-113,54
-33,81,-11,114,-30,-340,-113,54
-33,81,-11,114,-30,-342,-113,54
-31,82,-10,114,-30,-343,-111,56
-29,83,-11,114,-30,-344,-109,57
-28,83,-11,114,-30,-344,-108,58
-28,84,-11,114,-30,-343,-108,58
-28,84,-10,114,-30,-342,-108,58
-28,84,-10,114,-30,-342,-108,58
-28,84,-11,114,-30,-342,-108,58
-28,83,-12,113,-30,-342,-108,58
-28,83,-12,112,-30,-342,-108,58
-28,84,-12,113,-30,-342,-108,58
-29,85,-11,114,-30,-341,-109,59
-30,87,-10,114,-30,-340,-109,61
-31,88,-10,114,-30,-340,-111,62
-31,88,-11,114,-30,-340,-111,63
-31,88,-11,114,-30,-340,-111,62
-31,88,-11,114,-30,-340,-111,62
-31,88,-10,114,-30,-340,-111,62
-31,88,-11,114,-30,-340,-111,62
-31,88,-11,114,-30,-340,-111,62
-31,87,-11,114,-30,-340,-111,62
-30,87,-11,114,-30,-340,-109,61
-30,87,-11,114,-30,-340,-109,61
-30,87,-11,114,-30,-340,-109,61
-30,86,-11,114,-30,-340,-109,61
-29,85,-11,114,-30,-340,-109,59
-28,84,-11,114,-30,-338,-108,58
-28,85,-11,114,-30,-336,-108,59
-29,85,-11,114,-30,-336,-109,59
-30,84,-11,114,-30,-338,-111,58
-32,83,-12,115,-30,-340,-112,57
-33,81,-12,115,-30,-340,-113,54
-33,81,-12,115,-30,-340,-113,54
-32,81,-11,114,-30,-339,-112,56
-32,81,-11,114,-30,-338,-112,56
-33,81,-11,114,-30,-337,-113,54
-34,81,-11,114,-30,-336,-114,54
-36,80,-11,114,-30,-335,-115,54
-36,79,-11,114,-30,-335,-115,53
-35,79,-11,114,-30,-335,-114,52
-34,77,-11,114,-30,-335,-114,51
-34,75,-11,114,-30,-335,-114,50
-34,74,-11,114,-30,-335,-114,48
-34,74,-10,114,-30,-335,-114,47
-34,73,-11,114,-30,-335,-113,47
-33,72,-11,114,-30,-335,-113,46
-33,72,-11,114,-30,-335,-112,46
-32,71,-10,114,-30,-335,-112,45
-32,71,-10,114,-30,-335,-112,45
-32,70,-11,114,-30,-335,-112,43
-32,69,-12,113,-30,-335,-112,42
-32,67,-13,112,-30,-335,-112,40
-32,65,-14,111,-30,-335,-112,39
-33,64,-14,112,-30,-335,-112,37
-34,64,-13,112,-30,-335,-113,37
-35,64,-14,111,-30,-334,-112,37
-35,64,-14,111,-30,-333,-114,37
-34,64,-14,112,-30,-332,-113,37
-34,64,-14,113,-30,-331,-113,37
-35,64,-13,115,-29,-330,-114,37
-35,65,-13,114,-29,-330,-114,39
-34,66,-12,114,-29,-330,-113,40
-32,67,-12,112,-29,-330,-111,40
-31,68,-13,112,-29,-330,-111,41
-31,69,-14,111,-30,-330,-108,43
-32,70,-14,111,-30,-330,-109,45
-33,71,-14,111,-29,-330,-109,45
-33,71,-13,112,-29,-330,-112,45
-32,70,-14,113,-29,-330,-112,43
-32,70,-14,114,-30,-330,-111,41
-32,70,-14,115,-31,-330,-112,41
-33,72,-14,117,-31,-330,-115,42
-34,73,-14,118,-31,-330,-115,45
-35,75,-14,118,-31,-330,-117,46
-35,75,-14,118,-32,-330,-117,46
-35,75,-14,117,-32,-330,-117,46
-35,74,-14,117,-33,-330,-117,46
-35,75,-14,118,-33,-330,-117,46
-36,76,-14,117,-32,-330,-118,47
-36,78,-14,117,-32,-330,-119,48
-37,79,-14,117,-31,-330,-119,50
-37,79,-14,117,-31,-331,-119,51
-37,79,-14,117,-31,-330,-119,51
-37,79,-14,118,-32,-328,-119,51
-37,79,-14,118,-34,-326,-119,50
-37,79,-14,118,-34,-325,-119,50
-36,78,-13,116,-32,-325,-119,50
-36,77,-12,115,-31,-325,-115,51
-36,76,-11,114,-31,-325,-115,51
-35,75,-11,114,-32,-325,-114,50
-35,75,-12,115,-34,-325,-114,48
-35,75,-12,115,-35,-325,-114,48
-35,75,-12,115,-34,-325,-114,48
-35,75,-11,114,-34,-325,-114,48
-35,75,-11,114,-34,-325,-114,48
-35,75,-11,114,-34,-325,-114,48
-35,75,-11,114,-34,-325,-114,48
-35,75,-11,114,-34,-325,-114,48
-35,75,-11,114,-34,-325,-114,48
-35,75,-11,114,-34,-325,-114,48
-35,75,-11,114,-34,-325,-114,48
-35,75,-12,115,-34,-325,-114,48
-35,75,-12,115,-34,-325,-114,48
-35,75,-12,115,-34,-325,-114,48
-35,75,-12,115,-34,-325,-114,48
-35,75,-13,116,-34,-325,-117,48
-35,75,-13,116,-34,-325,-117,48
-35,75,-12,115,-34,-325,-114,48
-35,75,-11,114,-34,-325,-114,48
-35,75,-10,114,-34,-325,-114,48
-35,75,-11,114,-34,-325,-114,48
-35,75,-11,114,-34,-325,-114,48
-35,75,-11,114,-34,-325,-114,48
-35,75,-11,114,-34,-325,-114,48
-35,75,-10,114,-34,-325,-114,48
-34,75,-11,114,-34,-325,-114,48
-35,75,-11,114,-34,-325,-114,48
-35,75,-11,114,-34,-325,-114,48
-35,75,-10,114,-34,-325,-114,48
-34,75,-10,114,-34,-325,-114,48
-34,75,-11,114,-34,-325,-114,50
-35,75,-12,113,-34,-325,-114,48
-36,74,-13,112,-34,-323,-115,47
-37,72,-14,111,-34,-321,-114,46
-38,71,-15,110,-34,-320,-115,45
-39,71,-14,111,-34,-320,-115,45
-38,71,-14,111,-34,-320,-115,45
-37,70,-14,111,-34,-320,-114,43
-36,68,-14,111,-34,-320,-113,42
-36,68,-14,111,-34,-320,-113,41
-37,68,-14,111,-34,-320,-114,41
-37,68,-14,111,-34,-320,-114,42
-36,68,-15,111,-34,-320,-113,42
-36,69,-14,111,-34,-320,-113,42
-35,69,-14,111,-34,-320,-112,42
-35,68,-14,111,-34,-320,-112,42
-36,68,-14,111,-34,-320,-113,42
-37,68,-15,111,-34,-320,-117,41
-37,68,-15,112,-34,-320,-117,39
-36,68,-15,113,-34,-320,-115,40
-34,69,-14,113,-34,-320,-114,42
-34,69,-14,112,-34,-320,-113,43
-34,69,-14,111,-34,-320,-112,42
-36,68,-15,110,-34,-320,-113,42
-37,68,-14,111,-34,-320,-114,41
-37,68,-14,112,-34,-320,-117,41
-35,68,-13,112,-34,-320,-114,42
-33,70,-14,111,-34,-320,-111,43
-32,70,-14,111,-34,-320,-109,45
-32,71,-14,111,-34,-320,-109,45
-32,70,-14,111,-34,-320,-109,45
-32,70,-13,112,-34,-320,-112,43
-32,70,-13,112,-34,-320,-112,43
-32,70,-14,111,-34,-320,-109,45
-32,70,-13,112,-34,-320,-112,43
-32,70,-13,112,-34,-320,-112,43
-32,70,-14,111,-34,-320,-109,45
-32,70,-14,111,-34,-320,-109,45
-32,70,-13,112,-34,-320,-112,43
-32,70,-12,112,-34,-320,-112,43
-32,70,-11,114,-34,-320,-112,43
-32,70,-10,114,-34,-321,-112,43
-32,70,-10,114,-34,-321,-112,43
-32,70,-11,114,-34,-321,-112,43
-32,71,-12,113,-34,-322,-112,45
-32,71,-14,111,-34,-322,-109,45
-34,70,-14,111,-34,-323,-111,43
-35,69,-14,111,-34,-323,-114,42
-37,68,-13,112,-34,-322,-117,41
-37,68,-12,112,-34,-321,-117,41
-37,68,-12,112,-34,-321,-117,42
-36,70,-14,111,-34,-322,-113,43
-34,72,-14,111,-34,-321,-112,46
-34,73,-14,111,-34,-321,-111,47
-34,72,-14,111,-34,-320,-112,46
-35,70,-14,111,-34,-320,-112,43
-35,69,-14,111,-34,-320,-112,43
-35,69,-14,111,-34,-320,-112,42
-35,69,-14,111,-34,-320,-112,42
-36,69,-14,111,-34,-320,-113,42
-36,68,-14,111,-34,-320,-113,42
-37,68,-14,111,-34,-320,-114,42
-37,68,-14,111,-34,-320,-114,41
-37,68,-14,111,-35,-320,-114,41
-37,68,-14,111,-36,-320,-114,41
-38,67,-14,111,-36,-320,-115,41
-39,67,-14,111,-36,-320,-117,40
-40,66,-14,111,-36,-320,-117,40
-41,66,-14,111,-35,-320,-118,40
-41,66,-14,111,-34,-320,-118,40
-41,66,-14,111,-34,-320,-118,40
-41,66,-14,111,-36,-320,-118,40
-40,65,-14,111,-37,-320,-118,39
-39,63,-14,111,-37,-320,-115,36
-39,62,-14,111,-36,-320,-115,35
-38,61,-14,111,-34,-320,-114,35
-39,61,-14,111,-33,-321,-115,35
-40,61,-14,111,-34,-321,-117,34
-42,60,-14,111,-34,-322,-118,34
-43,59,-14,111,-34,-321,-119,32
-43,59,-14,111,-34,-321,-120,32
-43,59,-14,111,-35,-321,-120,32
-43,59,-14,111,-36,-321,-119,32
-43,59,-14,111,-36,-321,-119,32
-42,58,-14,111,-35,-321,-119,31
-42,57,-14,111,-35,-321,-119,31
-42,58,-14,111,-34,-323,-119,31
-42,57,-14,111,-34,-325,-118,30
-41,57,-14,111,-34,-325,-118,30
-41,56,-14,111,-34,-325,-118,30
-41,56,-14,111,-35,-325,-118,30
-41,56,-14,111,-36,-325,-118,29
-41,55,-14,111,-36,-325,-118,29
-40,55,-14,111,-35,-325,-117,28
-40,55,-14,111,-34,-325,-117,28
-40,55,-14,111,-34,-325,-117,28
-40,55,-14,111,-36,-326,-117,29
-40,55,-14,111,-36,-327,-117,28
-40,55,-14,111,-36,-326,-117,28
-40,55,-15,110,-35,-325,-117,29
-41,55,-16,109,-34,-325,-118,26
-40,55,-16,109,-34,-325,-117,25
-40,54,-15,110,-34,-325,-117,25
-39,52,-14,111,-35,-326,-115,25
-38,51,-14,111,-35,-327,-114,24
-38,50,-15,110,-35,-328,-114,24
-38,50,-17,108,-34,-329,-114,21
-38,51,-18,107,-34,-329,-114,21
-38,51,-18,107,-34,-330,-114,21
-38,51,-18,108,-36,-330,-114,21
-39,50,-16,109,-38,-329,-115,20
-40,50,-15,110,-39,-329,-117,20
-41,49,-15,110,-38,-329,-117,19
-42,48,-16,109,-36,-330,-118,19
-42,48,-17,108,-35,-330,-119,19
-42,48,-17,108,-34,-330,-118,19
-41,49,-17,109,-34,-330,-118,19
-41,49,-16,109,-34,-330,-118,19
-41,49,-16,109,-35,-330,-118,19
-41,49,-17,108,-36,-330,-118,19
-41,49,-18,108,-36,-330,-118,19
-41,49,-18,107,-36,-330,-118,19
-41,49,-18,107,-35,-330,-118,19
-42,49,-18,108,-36,-330,-118,19
-42,49,-18,108,-36,-330,-118,19
-41,49,-18,108,-36,-330,-117,20
-40,50,-18,107,-36,-330,-117,20
-40,49,-18,107,-36,-330,-117,19
-42,49,-18,107,-36,-330,-118,19
-43,49,-18,107,-35,-330,-120,20
-44,51,-18,107,-36,-330,-122,21
-43,53,-18,108,-36,-330,-120,24
-42,55,-18,108,-36,-330,-118,25
-41,55,-18,108,-36,-330,-118,25
-41,54,-18,107,-36,-330,-118,24
-42,54,-18,107,-35,-330,-119,24
-42,54,-18,108,-34,-330,-119,25
-42,56,-17,108,-35,-330,-119,26
-41,57,-15,110,-36,-330,-118,28
-40,57,-14,111,-38,-330,-117,30
-39,57,-14,111,-38,-329,-117,30
-39,58,-14,111,-36,-329,-115,31
-39,59,-14,111,-36,-330,-115,32
-39,60,-14,111,-38,-331,-115,34
-37,60,-14,111,-38,-333,-114,34
-36,59,-14,111,-38,-334,-112,32
-33,59,-14,111,-37,-335,-111,32
-33,61,-14,111,-37,-335,-109,34
-33,62,-14,111,-38,-334,-109,36
-33,63,-14,111,-40,-334,-111,36
-34,63,-14,111,-40,-334,-111,36
-34,63,-14,111,-39,-334,-111,36
-34,63,-14,111,-38,-334,-111,37
-34,64,-14,111,-38,-335,-111,37
-33,65,-14,111,-38,-336,-109,39
-31,66,-14,111,-39,-337,-108,40
-30,66,-14,111,-40,-337,-107,40
-29,66,-14,111,-40,-337,-106,40
-30,66,-14,111,-40,-336,-107,40
-30,66,-14,111,-40,-336,-107,40
-31,67,-14,111,-40,-336,-107,41
-31,69,-14,111,-39,-337,-108,43
-31,71,-14,111,-38,-339,-108,45
-31,71,-14,111,-37,-339,-108,45
-31,71,-14,111,-37,-338,-108,45
-31,72,-14,111,-38,-336,-108,46
-30,73,-14,111,-37,-336,-107,47
-29,75,-14,111,-37,-336,-106,48
-29,75,-14,111,-37,-337,-106,50
-29,76,-15,110,-36,-337,-107,50
-30,77,-14,111,-37,-337,-107,51
-31,78,-13,112,-37,-337,-111,52
-32,80,-12,113,-37,-337,-112,53
-32,81,-11,114,-36,-338,-112,56
-33,83,-10,114,-36,-339,-113,57
-35,84,-10,114,-37,-340,-114,58
-35,85,-11,114,-39,-339,-115,59
-35,86,-11,114,-39,-339,-114,59
-34,86,-11,114,-39,-339,-114,61
-32,89,-10,114,-38,-339,-112,63
-32,91,-11,114,-39,-339,-113,65
-32,92,-11,114,-39,-339,-113,67
-33,93,-11,114,-40,-339,-113,67
-33,92,-11,114,-40,-339,-113,67
-33,92,-11,114,-40,-339,-113,67
-33,92,-11,114,-40,-339,-113,67
-33,92,-11,114,-40,-339,-113,67
-32,93,-11,114,-40,-339,-112,67
-30,94,-11,114,-40,-339,-109,68
-29,94,-11,114,-40,-339,-109,69
-28,95,-11,114,-40,-340,-108,69
-28,94,-11,114,-40,-339,-108,69
-29,94,-11,114,-40,-337,-109,69
-29,95,-11,114,-40,-336,-109,69
-29,95,-11,114,-40,-336,-109,69
-28,94,-11,114,-40,-337,-108,69
-28,93,-11,114,-40,-338,-108,68
-28,93,-10,114,-40,-338,-108,68
-28,93,-11,114,-40,-338,-108,68
-28,93,-11,114,-40,-339,-108,68
-27,92,-11,114,-40,-339,-107,67
-26,90,-10,114,-40,-339,-106,65
-26,90,-10,114,-40,-339,-106,64
-26,90,-11,114,-40,-339,-106,64
-27,90,-12,113,-40,-339,-107,64
-26,90,-13,112,-40,-339,-106,65
-25,91,-13,112,-40,-339,-106,65
-25,91,-14,111,-40,-339,-102,65
-24,92,-13,112,-40,-339,-103,67
-24,93,-13,112,-40,-339,-103,68
-24,96,-12,113,-40,-339,-103,70
-24,97,-11,114,-40,-339,-104,72
-25,97,-10,114,-40,-339,-104,72
-25,97,-10,114,-40,-339,-104,72
-25,97,-11,114,-40,-339,-104,72
-25,97,-11,114,-40,-339,-104,72
-24,97,-11,114,-40,-339,-104,72
-23,97,-10,114,-40,-339,-103,72
-21,99,-10,114,-40,-339,-101,74
-21,101,-11,114,-40,-339,-101,75
-21,103,-11,114,-40,-339,-102,78
-22,104,-10,114,-40,-341,-102,79
-23,104,-10,115,-40,-343,-103,79
-23,104,-8,116,-40,-344,-103,81
-22,104,-7,117,-40,-345,-102,81
-21,104,-7,117,-40,-344,-101,81
-20,105,-7,117,-40,-344,-100,83
-18,106,-7,117,-40,-344,-98,84
-17,106,-7,117,-40,-344,-97,84
-18,106,-7,117,-40,-344,-97,84
-19,107,-7,117,-40,-344,-100,85
-21,108,-7,117,-39,-344,-102,85
-24,108,-7,117,-38,-344,-104,86
-24,108,-7,117,-39,-344,-104,86
-22,109,-7,117,-40,-344,-102,87
-21,112,-7,117,-40,-344,-102,89
-22,113,-7,117,-40,-344,-102,91
-24,114,-7,117,-40,-344,-104,91
-25,114,-7,117,-40,-344,-106,91
-25,113,-7,117,-40,-344,-106,91
-25,113,-7,117,-40,-344,-106,90
-25,113,-7,117,-40,-344,-106,91
-25,113,-7,117,-40,-346,-104,91
-24,114,-8,116,-40,-347,-104,91
-23,114,-8,116,-40,-347,-103,90
-23,114,-8,116,-40,-346,-103,92
-23,114,-8,117,-40,-346,-103,92
-23,115,-8,117,-40,-346,-103,92
-23,115,-8,116,-40,-346,-103,90
-23,114,-9,115,-41,-347,-103,90
-22,113,-10,115,-40,-346,-102,89
-22,112,-11,114,-40,-346,-102,87
-23,112,-10,113,-40,-347,-101,86
-23,112,-7,112,-41,-348,-101,89
-23,112,-5,113,-41,-347,-101,89
-21,111,-5,113,-40,-346,-100,89
-22,110,-7,113,-39,-346,-100,87
-23,109,-9,112,-39,-347,-101,86
-25,108,-10,112,-39,-349,-102,83
-25,107,-9,112,-40,-350,-103,85
-24,107,-10,113,-40,-349,-104,81
-24,106,-10,114,-39,-349,-103,81
-24,107,-11,114,-39,-349,-104,81
-25,107,-11,114,-39,-349,-104,83
-25,108,-11,114,-40,-349,-106,83
-25,108,-10,114,-41,-349,-104,83
-25,108,-10,115,-41,-349,-104,83
-25,108,-9,115,-39,-349,-104,83
-25,106,-10,115,-37,-349,-106,81
-27,104,-10,114,-37,-349,-107,79
-28,103,-10,114,-39,-349,-108,78
-28,102,-10,113,-40,-349,-106,76
-28,103,-10,112,-41,-349,-106,78
-28,104,-10,113,-41,-349,-108,79
-28,104,-10,114,-40,-349,-108,79
-28,104,-11,114,-40,-349,-108,79
-28,103,-11,114,-40,-349,-108,78
-27,102,-11,114,-41,-349,-107,76
-28,102,-11,114,-40,-349,-108,76
-28,103,-11,114,-40,-349,-108,78
-28,103,-11,114,-40,-348,-108,78
-28,103,-11,114,-40,-347,-108,78
-27,102,-11,114,-40,-347,-107,76
-27,101,-11,114,-40,-346,-107,75
-27,101,-11,114,-40,-346,-107,75
-27,101,-11,114,-40,-346,-107,75
-27,101,-11,114,-40,-347,-107,76
-26,101,-11,114,-40,-347,-107,76
-27,101,-11,114,-40,-346,-107,75
-28,100,-11,114,-40,-344,-108,75
-30,99,-11,114,-40,-344,-109,74
-30,99,-11,114,-40,-344,-109,74
-28,100,-11,114,-40,-344,-108,75
-27,101,-11,114,-40,-344,-107,75
-26,101,-11,114,-40,-344,-107,76
-27,101,-11,114,-40,-344,-107,76
-27,101,-10,114,-40,-344,-107,75
-27,101,-10,114,-40,-344,-107,75
-27,101,-10,114,-40,-344,-107,75
-27,102,-11,114,-40,-344,-107,76
-28,103,-11,114,-40,-344,-108,78
-28,103,-10,114,-40,-344,-108,78
-28,104,-10,115,-40,-344,-108,78
-28,103,-8,116,-40,-344,-108,78
-28,103,-8,116,-40,-344,-108,80
-27,102,-9,116,-40,-344,-107,76
-27,101,-10,115,-40,-344,-107,75
-27,101,-10,115,-40,-344,-107,75
-27,101,-10,116,-40,-344,-107,75
-27,101,-8,116,-40,-345,-107,75
-27,101,-7,115,-40,-346,-107,78
-27,101,-7,112,-40,-347,-104,79
-27,101,-8,111,-40,-348,-104,79
-27,101,-9,111,-40,-349,-104,79
-27,101,-9,112,-40,-349,-104,79
-27,101,-9,112,-40,-349,-104,79
-27,101,-8,111,-40,-349,-104,79
-26,101,-7,110,-40,-348,-104,79
-26,100,-7,110,-40,-349,-104,78
-27,98,-7,110,-40,-351,-104,75
-28,95,-8,110,-41,-353,-106,72
-28,93,-8,110,-41,-354,-104,70
-27,91,-7,110,-41,-353,-104,68
-26,90,-7,110,-41,-352,-103,68
-27,90,-7,110,-41,-352,-104,67
-27,90,-7,110,-41,-354,-104,67
-28,90,-7,110,-41,-354,-106,67
-28,90,-7,110,-41,-354,-106,67
-28,90,-7,110,-41,-354,-104,67
-28,89,-7,110,-41,-353,-106,67
-28,89,-7,110,-41,-352,-106,65
-30,88,-7,110,-41,-352,-107,65
-31,88,-7,110,-41,-352,-108,64
-31,88,-7,110,-41,-352,-108,64
-31,88,-7,110,-41,-352,-108,64
-31,88,-7,110,-41,-351,-108,64
-31,88,-7,111,-41,-351,-108,64
-30,88,-7,110,-40,-350,-108,64
-29,89,-9,109,-40,-349,-104,65
-29,89,-10,108,-40,-349,-104,65
-30,90,-11,107,-41,-349,-104,67
-30,90,-10,108,-42,-349,-104,68
-29,92,-9,109,-42,-349,-104,69
-28,93,-7,110,-42,-350,-106,70
-28,95,-7,111,-42,-349,-106,72
-29,95,-7,110,-42,-347,-107,72
-30,94,-7,110,-42,-346,-108,72
-30,93,-7,110,-42,-344,-108,70
-30,94,-7,110,-41,-344,-107,70
-29,94,-7,110,-42,-344,-107,72
-28,94,-7,110,-42,-344,-106,72
-28,94,-7,110,-42,-344,-106,72
-29,94,-7,110,-41,-344,-107,72
-29,94,-7,110,-41,-344,-107,72
-29,94,-7,110,-42,-344,-107,72
-28,94,-7,110,-44,-344,-106,72
-29,95,-7,110,-44,-344,-107,72
-29,95,-7,110,-43,-342,-107,72
-28,94,-7,110,-41,-341,-106,72
-28,93,-7,110,-42,-339,-106,70
-28,93,-8,110,-43,-339,-106,70
-28,92,-8,109,-45,-339,-102,69
-27,91,-9,109,-45,-339,-102,68
-26,90,-8,109,-44,-339,-101,68
-26,90,-9,109,-43,-339,-101,67
-27,90,-10,108,-43,-339,-102,67
-28,90,-11,107,-44,-339,-103,67
-29,89,-11,107,-45,-339,-104,63
-29,87,-11,107,-45,-339,-104,64
-28,85,-11,107,-45,-339,-103,62
-27,84,-11,107,-45,-339,-102,61
-27,84,-11,107,-45,-339,-101,61
-27,84,-11,107,-45,-339,-102,61
-28,84,-11,107,-45,-339,-102,61
-29,84,-11,107,-43,-337,-103,61
-29,83,-11,107,-41,-336,-103,58
-28,83,-12,106,-41,-334,-102,57
-27,81,-12,106,-43,-334,-101,54
-26,80,-12,106,-44,-334,-101,54
-26,79,-12,106,-45,-334,-101,53
-27,79,-12,106,-45,-334,-102,53
-29,78,-12,106,-44,-334,-103,52
-31,77,-12,106,-44,-334,-106,51
-31,76,-12,107,-44,-334,-106,51
-30,77,-13,106,-45,-334,-104,51
-29,78,-14,104,-44,-336,-103,52
-28,78,-14,103,-45,-337,-101,52
-29,78,-13,103,-45,-339,-101,52
-30,77,-12,104,-45,-339,-102,51
-31,77,-13,104,-45,-339,-103,51
-31,77,-13,103,-45,-339,-103,51
-30,77,-12,102,-45,-339,-102,53
-30,77,-11,102,-45,-339,-102,53
-30,77,-10,103,-45,-339,-102,53
-31,77,-10,104,-45,-339,-103,54
-31,78,-10,105,-45,-339,-106,54
-31,79,-10,107,-45,-339,-106,56
-31,78,-11,107,-45,-339,-106,52
-32,79,-11,107,-45,-339,-106,56
-32,80,-10,106,-45,-339,-107,57
-33,81,-10,105,-45,-339,-108,58
-33,82,-10,106,-45,-339,-108,58
-33,81,-11,107,-45,-339,-108,58
-33,81,-11,107,-45,-339,-107,56
-32,81,-12,107,-45,-339,-107,56
-33,81,-12,107,-45,-339,-107,56
-33,81,-11,107,-45,-339,-108,58
-33,81,-10,106,-45,-339,-108,58
-32,81,-9,104,-45,-339,-104,58
-32,81,-8,103,-45,-339,-104,58
-33,81,-9,104,-45,-339,-104,58
-34,81,-10,106,-45,-339,-109,58
-36,80,-12,107,-45,-339,-111,53
-36,78,-12,107,-45,-339,-111,52
-34,76,-10,106,-45,-339,-109,53
-33,75,-9,104,-45,-339,-104,52
-33,75,-8,104,-45,-339,-104,52
-35,76,-8,104,-45,-339,-107,53
-36,78,-9,104,-45,-339,-108,54
-37,79,-9,104,-45,-339,-109,56
-37,79,-9,104,-45,-339,-109,56
-37,79,-8,104,-45,-338,-109,56
-37,79,-9,105,-44,-336,-109,56
-36,80,-9,104,-44,-334,-108,57
-34,80,-9,103,-44,-333,-106,57
-33,81,-9,102,-44,-334,-106,57
-34,80,-9,102,-44,-336,-106,57
-35,80,-8,103,-45,-336,-107,57
-36,80,-8,104,-44,-336,-108,57
-36,80,-8,104,-44,-334,-108,57
-35,79,-8,103,-44,-334,-107,56
-34,79,-8,104,-44,-334,-106,56
-33,79,-9,104,-44,-336,-106,56
-33,79,-10,105,-45,-336,-108,56
-33,79,-10,105,-44,-336,-108,56
-33,79,-9,105,-44,-335,-106,56
-32,79,-9,104,-44,-334,-104,56
-31,78,-9,104,-44,-334,-103,54
-30,77,-10,106,-44,-334,-104,54
-30,77,-11,107,-44,-334,-104,53
-31,78,-12,107,-44,-334,-106,52
-32,79,-11,107,-44,-334,-106,53
-32,80,-11,107,-44,-334,-107,57
-32,80,-11,107,-44,-334,-107,57
-32,79,-11,107,-44,-334,-106,56
-31,79,-11,107,-44,-334,-106,56
-31,79,-11,107,-44,-334,-106,56
-32,79,-11,107,-44,-334,-107,56
-33,81,-11,107,-44,-334,-108,58
-33,82,-11,107,-44,-334,-108,58
-32,82,-11,107,-44,-334,-107,58
-32,81,-11,107,-44,-334,-107,58
-33,81,-11,107,-44,-334,-108,58
-33,81,-11,107,-44,-334,-108,58
-32,81,-11,107,-44,-334,-107,58
-31,82,-11,107,-44,-334,-106,58
-29,83,-11,107,-44,-334,-104,59
-29,83,-11,107,-44,-334,-103,61
-29,83,-11,107,-44,-334,-103,59
-30,83,-11,107,-44,-334,-104,59
-31,82,-12,106,-44,-334,-106,57
-32,82,-14,105,-44,-334,-106,56
-32,82,-15,104,-44,-334,-107,56
-33,82,-15,103,-44,-334,-108,56
-33,81,-14,103,-44,-335,-104,56
-32,80,-13,102,-44,-334,-104,54
-31,78,-14,103,-44,-332,-103,52
-30,77,-14,104,-44,-331,-104,51
-30,77,-15,104,-44,-329,-104,51
-30,77,-15,104,-44,-329,-104,52
-30,77,-14,102,-44,-329,-102,52
-30,76,-13,101,-44,-329,-102,52
-30,73,-13,101,-44,-329,-102,50
-30,72,-14,103,-44,-329,-102,46
-30,71,-14,103,-44,-329,-104,45
-31,71,-14,103,-44,-329,-103,45
-32,71,-13,101,-44,-329,-104,47
-32,70,-13,101,-44,-329,-104,47
-32,69,-14,102,-44,-328,-103,43
-32,68,-15,104,-44,-327,-106,42
-31,68,-15,104,-44,-328,-106,41
-30,67,-15,104,-44,-329,-104,41
-30,67,-15,104,-44,-329,-104,41
-31,67,-15,104,-44,-329,-104,41
-32,67,-15,104,-44,-329,-106,41
-34,66,-15,104,-44,-329,-108,40
-34,64,-15,104,-44,-329,-108,37
-34,63,-15,104,-44,-329,-108,37
-34,63,-15,104,-44,-329,-108,37
-34,64,-15,104,-44,-329,-108,37
-35,65,-15,104,-44,-329,-109,39
-36,66,-15,104,-44,-329,-109,40
-36,66,-15,104,-44,-329,-111,40
-36,67,-15,104,-44,-329,-111,41
-34,68,-15,104,-44,-329,-108,41
-33,68,-15,104,-44,-329,-107,42
-33,68,-15,104,-44,-329,-107,42
-34,69,-15,104,-44,-329,-108,43
-34,70,-15,104,-44,-329,-108,43
-33,71,-15,104,-44,-329,-107,45
-31,71,-14,104,-44,-329,-104,45
-29,72,-14,104,-44,-329,-103,46
-28,73,-14,104,-44,-329,-102,47
-28,74,-15,104,-44,-329,-102,48
-30,76,-15,103,-44,-329,-104,50
-31,77,-14,104,-44,-329,-106,51
-31,77,-14,104,-44,-329,-106,51
-29,78,-12,106,-44,-329,-103,52
-27,79,-11,107,-44,-328,-102,56
-27,80,-11,108,-44,-327,-102,57
-28,83,-11,107,-44,-326,-102,57
-28,84,-11,107,-44,-325,-103,61
-27,85,-10,106,-44,-325,-102,62
-25,85,-10,105,-44,-324,-100,62
-24,86,-9,105,-44,-324,-96,63
-24,86,-9,104,-44,-325,-96,63
-25,87,-8,104,-44,-324,-97,64
-26,89,-8,104,-44,-323,-98,65
-25,91,-8,104,-44,-321,-97,68
-23,92,-8,103,-43,-319,-96,69
-22,93,-8,103,-43,-319,-95,70
-22,94,-8,104,-43,-319,-95,72
-24,96,-7,104,-43,-320,-96,75
-25,97,-6,105,-43,-320,-97,76
-25,97,-5,105,-43,-319,-97,76
-25,97,-5,105,-43,-319,-97,76
-24,97,-5,106,-43,-319,-97,76
-25,98,-4,106,-43,-319,-97,78
-26,100,-4,106,-43,-319,-98,80
-27,101,-5,106,-44,-319,-100,81
-27,102,-5,106,-44,-320,-100,81
-27,101,-5,105,-44,-320,-100,81
-27,101,-6,105,-43,-319,-100,80
-27,101,-7,105,-43,-318,-100,81
-26,102,-7,105,-44,-316,-98,81
-24,103,-5,105,-45,-314,-97,84
-22,103,-3,106,-46,-314,-95,84
-21,103,-3,105,-47,-314,-95,83
-21,101,-3,105,-46,-315,-93,80
-20,99,-3,105,-45,-315,-92,79
-20,99,-2,104,-44,-314,-90,79
-20,99,-2,104,-45,-314,-90,79
-20,99,-3,105,-46,-314,-92,79
-21,99,-3,105,-46,-314,-93,79
-21,99,-3,105,-45,-314,-93,79
-22,99,-2,105,-45,-314,-95,79
-21,98,-2,105,-46,-314,-93,81
-21,98,-3,105,-48,-314,-93,78
-21,97,-5,105,-49,-314,-93,76
-21,95,-7,105,-48,-314,-93,73
-22,94,-8,104,-48,-314,-95,72
-22,93,-8,103,-48,-314,-95,70
-22,92,-8,103,-48,-314,-95,69
-22,92,-8,104,-48,-314,-95,69
-22,93,-8,104,-48,-314,-95,70
-22,93,-8,104,-48,-314,-95,70
-21,91,-8,103,-48,-314,-93,69
-21,90,-8,103,-47,-315,-92,67
-20,88,-8,103,-46,-314,-92,65
-19,88,-8,103,-47,-313,-91,65
-19,88,-8,103,-48,-311,-91,65
-20,88,-8,103,-48,-309,-92,65
-21,88,-8,103,-48,-309,-93,65
-23,86,-8,103,-48,-309,-95,63
-24,86,-8,104,-48,-310,-96,63
-25,86,-8,104,-48,-310,-97,63
-24,86,-8,103,-48,-309,-96,63
-24,86,-8,103,-48,-309,-96,63
-24,86,-8,103,-48,-309,-96,63
-24,86,-8,104,-48,-309,-96,63
-25,85,-9,104,-47,-309,-97,62
-27,84,-9,104,-46,-309,-100,61
-28,84,-9,104,-46,-310,-101,61
-29,83,-9,104,-46,-310,-101,61
-28,83,-9,104,-47,-310,-101,61
-28,84,-9,104,-48,-310,-101,61
-28,84,-9,104,-48,-309,-101,61
-28,83,-8,104,-47,-308,-101,61
-29,83,-8,104,-46,-307,-101,61
-28,84,-9,104,-46,-307,-101,61
-27,84,-9,105,-46,-306,-100,61
-25,85,-9,104,-46,-305,-97,62
-24,86,-8,103,-46,-305,-96,63
-24,86,-8,103,-46,-304,-96,63
-24,86,-9,104,-47,-304,-96,63
-25,86,-10,106,-48,-305,-100,63
-25,86,-11,107,-48,-304,-100,63
-24,86,-10,106,-48,-304,-98,63
-23,87,-9,105,-47,-304,-95,64
-21,87,-9,104,-47,-304,-93,64
-21,87,-9,104,-48,-304,-93,64
-21,87,-9,104,-47,-304,-93,64
-21,88,-8,104,-47,-304,-93,65
-21,89,-8,103,-47,-304,-93,67
-21,91,-8,103,-47,-304,-93,69
-22,93,-8,103,-47,-304,-95,70
-22,93,-8,104,-47,-304,-95,70
-22,93,-8,104,-47,-304,-95,70
-22,92,-8,103,-47,-304,-95,69
-22,93,-8,103,-47,-304,-95,70
-22,93,-8,103,-47,-304,-95,70
-22,92,-8,103,-47,-304,-95,69
-23,92,-8,103,-47,-304,-96,69
-25,91,-8,103,-47,-304,-97,68
-26,90,-8,103,-47,-304,-98,67
-27,90,-8,103,-47,-304,-100,67
-26,90,-8,103,-47,-304,-98,67
-26,90,-8,103,-47,-304,-98,67
-26,90,-8,103,-47,-304,-98,67
-26,90,-8,103,-47,-304,-98,67
-26,90,-8,103,-47,-304,-98,67
-26,90,-8,103,-47,-304,-98,67
-27,90,-8,103,-47,-304,-100,68
-27,91,-8,103,-47,-304,-100,68
-26,90,-8,103,-47,-304,-98,67
-25,89,-8,103,-47,-305,-97,65
-25,87,-8,103,-47,-305,-97,64
-26,87,-8,103,-47,-304,-98,64
-28,87,-8,103,-47,-303,-101,64
-29,87,-8,104,-47,-303,-102,64
-28,86,-8,104,-47,-303,-101,63
-27,85,-8,103,-47,-303,-100,62
-25,84,-7,102,-47,-301,-95,64
-25,86,-5,101,-47,-300,-95,65
-24,86,-5,101,-47,-299,-93,67
-24,86,-7,102,-47,-299,-93,65
-25,84,-9,102,-47,-299,-97,61
-25,81,-10,100,-47,-300,-95,58
-26,79,-10,99,-47,-302,-96,56
-26,79,-11,99,-47,-303,-96,56
-26,79,-11,100,-47,-303,-96,57
-26,79,-11,101,-48,-301,-96,57
-25,78,-11,101,-49,-299,-95,56
-25,76,-11,100,-49,-299,-93,53
-24,75,-11,100,-48,-300,-93,52
-23,75,-11,100,-47,-302,-92,52
-23,75,-11,100,-48,-303,-92,52
-24,75,-11,100,-49,-302,-93,52
-25,75,-11,100,-51,-301,-95,51
-26,72,-11,100,-50,-300,-96,48
-26,70,-11,100,-50,-299,-96,46
-26,68,-12,100,-49,-299,-95,45
-25,68,-12,99,-49,-300,-95,45
-25,68,-13,99,-49,-300,-95,45
-27,68,-12,99,-49,-300,-96,45
-29,67,-12,100,-49,-299,-98,43
-30,66,-11,100,-50,-299,-100,42
-30,66,-11,100,-51,-299,-100,42
-30,66,-11,100,-52,-300,-100,42
-30,66,-11,100,-53,-302,-100,42
-30,68,-11,100,-53,-302,-100,43
-32,69,-11,100,-52,-302,-101,46
-32,70,-11,100,-51,-301,-102,47
-33,71,-11,100,-50,-299,-102,47
-32,71,-11,100,-50,-299,-102,47
-32,70,-11,100,-50,-301,-102,47
-32,70,-11,100,-51,-303,-102,47
-32,70,-11,100,-51,-304,-102,47
-32,71,-12,100,-52,-303,-102,47
-32,70,-12,100,-53,-302,-102,47
-32,70,-11,100,-53,-303,-102,46
-32,70,-11,100,-53,-304,-102,47
-31,71,-11,100,-52,-304,-101,47
-29,72,-12,101,-52,-304,-101,48
-28,73,-13,101,-53,-304,-100,50
-28,73,-13,101,-52,-304,-100,50
-28,73,-12,101,-52,-304,-100,50
-28,72,-12,101,-52,-304,-100,50
-28,73,-13,101,-52,-304,-100,50
-28,73,-14,102,-52,-304,-101,47
-28,73,-14,103,-52,-304,-100,47
-27,72,-13,101,-52,-304,-100,48
-26,70,-11,100,-52,-304,-96,46
-26,68,-11,100,-52,-304,-95,45
-26,68,-12,101,-52,-304,-97,45
-26,69,-13,102,-52,-304,-97,46
-25,69,-13,101,-52,-304,-97,46
-25,67,-13,100,-52,-304,-95,43
-25,65,-14,98,-52,-304,-95,39
-26,62,-15,97,-52,-304,-96,36
-27,62,-15,97,-52,-304,-96,36
-28,62,-16,97,-52,-304,-97,36
-28,62,-15,97,-52,-305,-97,36
-28,60,-15,97,-52,-304,-97,34
-29,57,-14,98,-52,-303,-98,31
-29,55,-14,99,-52,-301,-98,29
-29,55,-14,98,-52,-301,-98,29
-30,55,-14,96,-52,-301,-98,31
-31,55,-13,94,-52,-301,-97,31
-33,54,-12,93,-52,-300,-100,30
-34,53,-11,93,-52,-299,-97,30
-34,51,-12,93,-52,-299,-100,28
-32,50,-13,95,-52,-299,-98,25
-31,49,-13,95,-52,-299,-97,25
-31,49,-13,94,-52,-299,-97,25
-32,50,-12,93,-52,-299,-98,26
-34,49,-12,93,-52,-299,-100,25
-35,48,-12,93,-52,-299,-102,24
-36,47,-11,93,-52,-299,-102,23
-36,47,-11,94,-52,-299,-102,24
-37,48,-11,94,-52,-299,-103,24
-38,47,-11,94,-52,-299,-104,23
-39,45,-11,94,-52,-299,-106,21
-39,44,-11,94,-52,-299,-104,20
-38,45,-11,95,-52,-299,-104,21
-37,47,-11,94,-52,-299,-103,24
-37,50,-10,92,-52,-299,-101,28
-38,50,-10,90,-52,-299,-102,29
-39,51,-10,91,-52,-298,-103,29
-38,51,-11,92,-52,-297,-102,29
-38,50,-11,93,-52,-298,-104,26
-38,50,-11,93,-52,-299,-102,26
-39,50,-11,92,-52,-298,-103,29
-38,51,-11,92,-52,-296,-102,29
-37,51,-12,93,-52,-294,-103,28
-35,52,-12,93,-52,-294,-102,28
-34,53,-12,93,-52,-296,-101,29
-33,53,-12,93,-52,-296,-100,29
-34,53,-12,93,-52,-296,-101,29
-34,53,-12,93,-52,-295,-101,29
-34,53,-12,93,-52,-294,-101,29
-34,53,-12,93,-52,-294,-101,29
-34,53,-12,93,-52,-294,-101,29
-34,53,-12,93,-52,-295,-101,29
-34,53,-12,93,-52,-294,-101,29
-34,53,-12,93,-52,-294,-101,29
-34,53,-12,93,-52,-294,-101,29
-34,53,-12,93,-52,-294,-101,29
-34,53,-12,93,-52,-294,-101,29
-34,53,-12,93,-52,-294,-101,29
-34,53,-12,93,-52,-294,-101,29
-34,53,-12,93,-52,-295,-101,29
-33,52,-12,93,-52,-294,-100,28
-32,50,-12,93,-52,-294,-98,26
-33,48,-12,93,-52,-294,-100,24
-34,47,-12,93,-52,-295,-101,23
-35,47,-12,93,-52,-296,-101,23
-34,47,-12,93,-52,-296,-101,23
-35,47,-12,93,-52,-297,-101,23
-35,46,-12,93,-52,-298,-102,23
-36,46,-12,93,-52,-299,-102,21
-36,46,-12,93,-52,-299,-102,23
-37,47,-12,93,-52,-298,-103,24
-37,50,-12,93,-52,-296,-104,25
-38,50,-12,93,-52,-295,-104,26
-38,51,-12,93,-52,-296,-104,28
-38,51,-12,93,-52,-296,-104,26
-38,50,-12,93,-52,-296,-104,26
-38,50,-12,93,-52,-295,-104,26
-37,51,-12,93,-52,-294,-103,28
-37,52,-12,93,-52,-294,-103,28
-36,53,-12,93,-52,-295,-103,29
-36,54,-11,92,-52,-296,-100,32
-35,54,-10,91,-52,-296,-98,32
-35,55,-10,90,-52,-296,-98,34
-35,56,-10,91,-52,-295,-100,35
-36,57,-10,90,-52,-294,-101,35
-36,57,-9,90,-52,-295,-98,36
-35,58,-9,90,-52,-296,-97,37
-34,60,-9,90,-52,-296,-96,39
-32,61,-8,90,-52,-296,-95,40
-33,62,-9,90,-52,-296,-95,41
-34,63,-9,90,-52,-296,-96,42
-35,64,-9,90,-52,-295,-96,42
-35,64,-9,90,-53,-295,-96,43
-34,64,-8,90,-54,-296,-96,43
-33,64,-7,90,-54,-298,-95,43
-33,65,-7,90,-53,-299,-95,43
-33,64,-7,90,-52,-300,-95,43
-32,65,-9,91,-52,-299,-97,43
-32,65,-10,93,-52,-299,-96,45
-30,66,-11,94,-52,-299,-97,43
-30,66,-10,95,-52,-299,-97,46
-29,65,-8,95,-52,-299,-96,45
-28,63,-7,95,-52,-299,-95,42
-28,62,-8,95,-52,-299,-95,41
-28,62,-9,95,-52,-299,-95,41
-28,63,-10,95,-52,-299,-95,40
-28,64,-11,94,-52,-299,-95,40
-28,64,-12,93,-52,-299,-95,40
-28,62,-12,93,-52,-301,-95,39
-28,61,-12,93,-52,-303,-95,37
-30,60,-12,93,-52,-304,-97,36
-32,59,-12,93,-52,-305,-98,36
-33,61,-12,93,-52,-304,-100,37
-34,63,-12,93,-52,-304,-101,39
-34,64,-12,93,-52,-304,-101,41
-34,64,-12,93,-52,-304,-101,41
-34,63,-12,93,-52,-304,-101,39
-34,60,-12,93,-52,-304,-101,36
-36,58,-12,93,-52,-304,-102,35
-37,59,-12,93,-52,-305,-103,35
-38,60,-12,93,-53,-306,-106,36
-38,61,-12,93,-53,-307,-106,36
-38,60,-12,93,-53,-308,-104,36
-37,58,-12,93,-53,-309,-103,35
-36,57,-12,93,-53,-309,-103,34
-36,57,-12,93,-53,-309,-103,32
-36,57,-12,93,-53,-309,-103,34
-36,56,-11,92,-53,-309,-100,32
-35,54,-11,92,-53,-309,-98,34
-34,53,-11,92,-53,-309,-98,32
-33,53,-11,92,-53,-309,-97,31
-34,53,-11,92,-53,-309,-98,31
-34,54,-11,92,-53,-309,-98,30
-34,53,-12,93,-53,-309,-101,29
-33,53,-12,93,-53,-309,-100,29
-33,52,-13,94,-53,-309,-100,28
-33,51,-12,93,-53,-309,-100,28
-33,52,-11,92,-53,-310,-97,30
-33,51,-10,90,-53,-310,-97,30
-32,50,-10,90,-53,-310,-96,29
-32,49,-11,92,-53,-310,-96,28
-31,48,-12,93,-53,-311,-97,24
-31,49,-12,93,-53,-312,-97,25
-32,49,-12,93,-53,-314,-98,25
-32,49,-12,93,-53,-314,-98,25
-32,49,-12,93,-53,-313,-98,25
-31,49,-12,93,-53,-312,-97,25
-31,49,-12,93,-53,-313,-97,25
-31,49,-12,93,-53,-314,-97,25
-31,49,-12,93,-53,-314,-97,25
-31,49,-12,93,-53,-314,-97,25
-31,49,-12,93,-53,-314,-97,25
-31,49,-12,93,-53,-316,-97,25
-31,49,-12,93,-53,-317,-97,25
-32,48,-12,93,-53,-317,-98,24
-32,48,-12,93,-53,-317,-98,24
-32,48,-12,93,-53,-318,-98,24
-31,49,-12,93,-54,-318,-97,25
-31,49,-12,93,-53,-319,-97,25
-32,49,-12,93,-53,-319,-98,25
-33,47,-12,93,-53,-319,-100,24
-35,47,-12,93,-54,-320,-101,23
-35,47,-12,93,-54,-322,-101,23
-33,48,-12,93,-54,-324,-100,24
-32,50,-12,93,-52,-324,-98,26
-32,50,-12,93,-51,-324,-98,26
-32,50,-12,93,-51,-324,-98,26
-32,49,-12,93,-51,-324,-98,25
-32,48,-12,93,-51,-324,-98,24
-32,48,-12,93,-50,-325,-98,24
-31,49,-12,93,-49,-326,-97,25
-32,49,-12,93,-49,-327,-98,25
-32,49,-12,93,-49,-328,-98,25
-31,49,-12,93,-50,-328,-97,25
-32,49,-12,93,-51,-329,-98,25
-32,49,-12,93,-52,-329,-98,25
-32,48,-11,92,-53,-329,-96,28
-32,48,-10,91,-52,-328,-96,26
-32,49,-10,91,-51,-328,-96,28
-31,50,-11,92,-50,-329,-95,29
-30,53,-11,92,-50,-330,-93,32
-30,55,-10,91,-51,-332,-93,34
-29,56,-9,91,-51,-334,-93,35
-29,55,-10,91,-51,-334,-93,34
-30,55,-10,91,-50,-334,-93,34
-30,55,-11,92,-50,-334,-93,34
-29,55,-10,92,-49,-334,-93,34
-29,55,-9,92,-49,-334,-93,34
-29,55,-8,92,-49,-333,-93,34
-30,55,-8,90,-49,-334,-95,34
-30,57,-8,90,-49,-335,-91,36
-30,59,-7,90,-51,-337,-92,39
-29,61,-8,91,-53,-338,-93,40
-28,62,-8,90,-55,-339,-90,41
-27,62,-8,90,-55,-339,-89,41
-28,62,-7,91,-53,-338,-92,41
-28,63,-7,92,-51,-338,-92,42
-29,64,-8,93,-50,-338,-93,42
-29,65,-9,93,-49,-339,-93,43
-30,65,-10,93,-49,-340,-97,45
-30,66,-10,95,-50,-342,-97,45
-30,67,-8,97,-52,-342,-97,46
-30,68,-8,97,-52,-342,-97,47
-28,70,-8,97,-51,-342,-96,50
-28,72,-8,96,-50,-343,-95,51
-27,73,-8,96,-50,-344,-93,52
-27,73,-8,97,-51,-344,-93,53
-27,74,-8,97,-52,-343,-93,53
-28,75,-8,96,-52,-343,-95,54
-28,76,-8,96,-50,-343,-95,56
-28,79,-8,96,-50,-343,-95,58
-26,80,-8,96,-50,-343,-93,59
-25,79,-8,96,-50,-343,-92,59
-25,79,-8,96,-50,-343,-92,58
-26,79,-8,96,-50,-343,-93,59
-27,80,-8,96,-50,-343,-95,59
-28,82,-8,96,-50,-343,-96,62
-28,84,-8,97,-50,-343,-96,63
-27,85,-8,97,-50,-344,-95,64
-25,86,-8,96,-50,-344,-92,65
-24,86,-8,96,-50,-343,-91,65
-24,86,-8,96,-50,-343,-91,65
-24,86,-8,97,-50,-343,-91,65
-24,86,-7,97,-50,-345,-91,65
-24,86,-7,98,-50,-347,-91,65
-25,87,-7,97,-50,-348,-92,67
-26,89,-8,97,-50,-347,-93,69
-26,90,-8,96,-50,-345,-93,70
-26,91,-8,96,-50,-345,-93,70
-26,90,-8,96,-50,-346,-93,70
-26,90,-8,97,-50,-348,-93,70
-26,90,-8,97,-50,-349,-93,70
-26,90,-8,96,-50,-349,-93,70
-26,90,-8,96,-50,-348,-93,70
-25,91,-8,96,-50,-348,-93,70
-25,91,-8,96,-50,-348,-92,70
-24,92,-8,96,-50,-348,-91,72
-23,92,-8,96,-50,-348,-90,72
-22,92,-8,96,-50,-348,-90,72
-22,93,-8,97,-50,-348,-89,73
-22,92,-8,97,-50,-348,-90,72
-24,92,-8,97,-50,-348,-91,72
-25,91,-8,96,-50,-348,-92,70
-25,91,-8,96,-50,-348,-92,70
-24,91,-8,97,-50,-348,-91,72
-24,92,-7,98,-50,-348,-91,72
-24,92,-7,100,-50,-348,-93,72
-23,92,-7,100,-50,-348,-93,72
-22,92,-8,99,-50,-348,-92,72
-22,93,-8,97,-49,-348,-89,73
-23,92,-8,96,-48,-348,-91,72
-25,91,-8,96,-49,-348,-93,72
-26,90,-8,96,-50,-348,-93,70
-26,89,-8,97,-50,-348,-93,69
-25,87,-7,97,-50,-349,-92,67
-24,86,-6,99,-50,-349,-91,65
-24,86,-5,100,-50,-348,-93,65
-24,86,-4,100,-50,-347,-93,65
-24,86,-4,100,-50,-345,-93,65
-24,86,-5,99,-50,-343,-91,65
-24,86,-6,98,-50,-343,-91,65
-24,86,-7,98,-50,-343,-91,65
-24,86,-7,97,-50,-344,-91,65
-24,86,-7,97,-50,-343,-91,65
-24,86,-7,97,-50,-343,-91,65
-24,86,-8,97,-50,-344,-91,65
-24,86,-8,96,-50,-344,-91,65
-24,86,-8,96,-50,-343,-91,65
-25,85,-8,96,-50,-343,-92,64
-27,84,-8,97,-50,-342,-93,64
-27,84,-8,97,-50,-341,-95,63
-27,84,-8,96,-50,-340,-93,64
-27,84,-8,96,-50,-339,-95,63
-28,84,-8,96,-50,-338,-95,63
-28,83,-8,96,-50,-338,-96,63
-28,83,-8,97,-50,-339,-96,63
-28,83,-8,97,-50,-339,-96,63
-28,84,-8,96,-50,-339,-96,63
-28,84,-9,96,-50,-337,-96,63
-28,83,-10,95,-49,-335,-96,63
-28,83,-9,96,-49,-334,-95,62
-27,80,-8,96,-49,-335,-95,59
-26,79,-8,97,-49,-335,-93,59
-26,79,-8,97,-49,-335,-93,58
-26,79,-8,96,-50,-336,-93,58
-26,79,-8,96,-50,-337,-93,59
-26,79,-8,96,-50,-338,-93,59
-26,79,-8,97,-50,-339,-93,59
-26,79,-8,96,-50,-339,-93,59
-26,79,-8,96,-50,-339,-93,58
-27,79,-8,96,-50,-339,-95,58
-28,78,-8,96,-50,-339,-95,58
-27,79,-8,96,-50,-339,-95,58
-26,79,-8,96,-50,-338,-93,58
-26,79,-8,96,-50,-339,-93,59
-26,79,-8,96,-50,-340,-93,59
-26,79,-8,96,-50,-342,-93,58
-26,79,-8,96,-50,-343,-93,58
-26,79,-8,96,-50,-344,-93,58
-26,79,-8,96,-50,-344,-93,59
-26,79,-8,96,-50,-343,-93,59
-26,79,-8,96,-50,-343,-93,59
-26,79,-8,96,-50,-344,-93,58
-25,79,-8,97,-50,-343,-92,59
-25,80,-8,97,-50,-343,-92,59
-25,81,-8,96,-49,-343,-92,61
-26,82,-8,96,-48,-345,-93,62
-25,83,-8,96,-49,-347,-92,62
-24,83,-8,97,-50,-348,-91,63
-23,84,-7,97,-51,-349,-90,64
-23,85,-7,98,-51,-349,-91,64
-25,85,-7,97,-50,-348,-92,65
-26,85,-8,97,-49,-348,-93,64
-26,85,-8,96,-48,-348,-93,64
-26,85,-8,96,-49,-348,-93,64
-26,85,-8,97,-50,-348,-93,64
-27,84,-7,97,-50,-350,-95,63
-28,84,-7,97,-49,-352,-96,63
-28,83,-7,97,-48,-353,-96,63
-28,83,-7,97,-47,-354,-96,63
-28,84,-7,97,-46,-354,-96,63
-28,84,-7,97,-45,-354,-96,63
-28,84,-7,97,-46,-354,-96,63
-28,83,-8,97,-48,-353,-96,63
-28,83,-8,97,-49,-353,-96,63
-28,83,-8,96,-49,-353,-96,63
-28,83,-8,96,-48,-353,-96,63
-28,83,-8,97,-48,-353,-96,63
-28,83,-8,97,-49,-353,-96,63
-28,83,-9,97,-49,-353,-96,63
-28,83,-9,98,-47,-354,-98,61
-28,83,-9,97,-46,-354,-96,63
-28,83,-9,97,-46,-354,-96,63
-28,83,-9,97,-47,-354,-96,63
-28,83,-9,98,-49,-353,-98,61
-28,83,-10,99,-49,-353,-98,61
-28,83,-11,99,-48,-353,-98,61
-28,84,-13,99,-47,-354,-98,61
-28,83,-14,98,-47,-354,-98,61
-28,84,-14,98,-47,-354,-98,61
-29,84,-13,99,-46,-354,-98,61
-28,84,-13,99,-45,-354,-98,61
-28,83,-14,99,-45,-354,-97,59
-27,80,-14,98,-46,-354,-97,57
-27,79,-13,97,-47,-354,-97,56
-27,78,-13,96,-47,-354,-97,56
-27,79,-14,96,-47,-354,-97,56
-27,79,-15,96,-46,-354,-96,53
-27,79,-15,96,-47,-354,-96,53
-28,79,-14,95,-49,-353,-95,56
-28,79,-13,95,-50,-353,-95,56
-26,79,-13,94,-50,-353,-93,56
-25,79,-13,94,-47,-354,-92,57
-26,79,-13,94,-46,-354,-92,57
-28,78,-13,94,-45,-354,-95,56
-29,78,-13,95,-46,-354,-96,54
-29,78,-14,96,-46,-354,-98,54
-28,79,-14,95,-46,-354,-95,56
-27,79,-13,95,-46,-354,-93,56
-28,79,-11,94,-46,-354,-95,56
-28,78,-9,95,-46,-354,-96,57
-29,78,-8,96,-46,-354,-96,57
-30,79,-8,97,-47,-354,-97,58
-30,80,-8,97,-48,-354,-97,59
-29,81,-8,96,-49,-354,-96,61
-28,81,-8,96,-48,-353,-96,61
-27,80,-9,97,-47,-353,-95,59
-26,80,-9,98,-46,-352,-96,59
-27,81,-10,98,-46,-351,-96,58
-27,82,-10,98,-45,-350,-97,58
-28,83,-9,97,-46,-349,-96,62
-28,84,-8,96,-46,-349,-95,63
-27,84,-8,96,-46,-349,-95,64
-27,85,-8,97,-45,-349,-93,64
-27,84,-10,98,-45,-349,-97,61
-28,84,-11,99,-45,-349,-97,61
-28,84,-11,100,-45,-349,-98,61
-28,84,-12,101,-45,-349,-101,61
-28,83,-11,100,-45,-349,-98,61
-28,83,-11,100,-45,-349,-97,61
-28,84,-12,100,-45,-349,-98,61
-29,85,-12,101,-45,-349,-101,62
-30,87,-11,100,-45,-349,-100,64
-31,88,-10,99,-45,-349,-101,64
-31,89,-10,98,-45,-349,-101,65
-29,89,-9,97,-45,-349,-97,68
-29,89,-9,98,-45,-349,-98,65
-29,89,-9,98,-45,-349,-100,68
-30,88,-9,96,-45,-349,-98,68
-31,88,-9,95,-46,-349,-98,68
-31,88,-10,96,-46,-349,-98,68
-31,88,-10,97,-45,-349,-98,65
-31,88,-10,97,-45,-349,-101,65
-30,88,-10,97,-45,-349,-97,64
-31,88,-10,96,-46,-349,-98,68
-32,89,-9,96,-47,-349,-100,69
-32,91,-8,96,-47,-349,-100,70
-32,91,-8,97,-47,-349,-100,70
-32,90,-8,97,-46,-349,-100,70
-32,90,-8,97,-45,-349,-100,69
-32,90,-8,96,-46,-349,-100,69
-32,91,-8,96,-46,-350,-100,70
-32,93,-8,97,-47,-351,-100,73
-30,94,-7,97,-48,-351,-97,74
-29,95,-6,99,-47,-353,-96,74
-28,95,-5,99,-47,-353,-96,74
-29,95,-6,99,-47,-354,-96,74
-29,95,-7,98,-47,-354,-97,75
-29,94,-7,97,-47,-354,-96,74
-28,93,-8,97,-47,-354,-96,73
-28,92,-7,97,-47,-354,-95,72
-27,91,-7,98,-48,-353,-95,72
-27,92,-7,98,-49,-353,-95,72
-26,92,-7,98,-50,-353,-93,72
-25,91,-6,99,-51,-353,-93,72
-25,91,-6,99,-51,-353,-92,70
-24,91,-6,99,-49,-353,-91,72
-24,92,-8,98,-47,-354,-93,72
-24,92,-10,98,-46,-354,-93,69
-25,91,-10,98,-45,-354,-95,69
-26,90,-11,99,-45,-354,-96,68
-27,90,-10,99,-46,-352,-96,67
-27,90,-10,99,-47,-350,-96,67
-27,90,-10,98,-48,-348,-97,68
-26,91,-9,97,-48,-348,-93,70
-26,90,-8,97,-48,-348,-93,70
-26,89,-8,97,-48,-349,-93,69
-26,86,-8,96,-49,-349,-93,67
-27,84,-9,96,-50,-348,-95,63
-28,84,-11,94,-50,-347,-96,61
-28,84,-12,93,-48,-345,-96,61
-29,83,-12,93,-46,-344,-96,61
-28,82,-12,93,-46,-343,-96,59
-29,80,-12,93,-48,-343,-96,57
-28,78,-12,93,-50,-344,-96,54
-28,76,-12,93,-50,-343,-96,52
-28,74,-12,93,-50,-343,-95,51
-28,73,-12,93,-50,-342,-95,50
-28,73,-12,93,-50,-341,-95,50
-29,72,-12,93,-50,-340,-96,48
-30,70,-12,93,-50,-339,-97,47
-31,68,-12,93,-50,-338,-97,45
-31,66,-12,93,-50,-338,-97,43
-30,66,-12,93,-50,-339,-96,42
-29,65,-12,93,-50,-339,-96,41
-28,63,-12,93,-50,-339,-95,40
-28,62,-11,93,-50,-337,-95,39
-28,62,-12,93,-49,-335,-95,39
-28,61,-13,92,-49,-334,-92,37
-29,60,-14,91,-49,-334,-93,36
-28,58,-14,91,-49,-334,-92,34
-29,56,-14,91,-49,-332,-92,32
-29,55,-14,90,-49,-330,-93,31
-30,55,-14,89,-49,-329,-93,31
-30,55,-15,89,-49,-328,-93,31
-29,56,-15,89,-49,-329,-93,32
-29,55,-15,89,-49,-329,-93,31
-31,54,-14,89,-49,-329,-95,30
-32,53,-14,88,-49,-328,-96,29
-33,51,-14,88,-49,-325,-95,28
-33,50,-14,87,-49,-324,-95,26
-32,49,-13,87,-49,-324,-93,25
-32,49,-12,89,-49,-324,-96,25
-32,49,-12,90,-49,-324,-96,25
-32,50,-12,91,-49,-325,-96,25
-32,50,-12,91,-49,-324,-96,26
-32,50,-11,90,-49,-322,-96,29
-33,50,-10,91,-49,-321,-97,29
-33,51,-11,92,-48,-319,-97,30
-33,51,-12,93,-49,-319,-100,28
-32,50,-12,93,-49,-319,-98,26
-33,49,-12,93,-48,-319,-100,25
-33,48,-12,93,-48,-319,-100,24
-35,49,-12,93,-48,-319,-101,25
-36,49,-12,93,-49,-319,-103,25
-37,50,-12,93,-50,-319,-104,26
-37,51,-11,92,-50,-319,-101,30
-36,52,-10,91,-50,-319,-100,31
-34,53,-10,90,-49,-319,-98,31
-33,53,-10,91,-48,-319,-97,31
-34,53,-9,91,-48,-319,-98,31
-34,53,-9,90,-48,-319,-96,31
-34,53,-9,90,-48,-319,-96,31
-34,53,-9,90,-49,-318,-96,31
-34,53,-8,90,-50,-317,-95,31
-34,53,-9,90,-51,-317,-95,31
-34,53,-9,90,-52,-316,-95,31
-34,53,-10,89,-52,-316,-96,31
-34,53,-10,88,-52,-315,-95,31
-34,53,-10,89,-53,-315,-95,31
-34,53,-9,89,-54,-316,-95,31
-34,53,-9,89,-53,-317,-96,31
-34,53,-10,88,-52,-316,-96,31
-34,53,-11,87,-51,-315,-95,31
-33,53,-12,86,-52,-314,-95,32
-32,54,-12,86,-53,-315,-93,32
-31,54,-11,88,-54,-316,-92,32
-30,54,-10,88,-54,-315,-92,34
-30,55,-10,88,-53,-314,-91,34
-29,55,-11,87,-53,-314,-91,34
-29,55,-12,86,-53,-314,-91,34
-30,55,-11,87,-53,-314,-91,34
-30,55,-10,88,-53,-314,-91,34
-30,55,-10,89,-53,-314,-91,34
-29,55,-10,89,-53,-314,-91,34
-30,55,-10,89,-53,-314,-91,34
-30,55,-9,89,-53,-314,-91,34
-29,55,-8,90,-53,-314,-91,34
-30,55,-8,90,-53,-314,-91,34
-30,55,-9,89,-53,-314,-91,34
-30,55,-10,88,-53,-314,-91,34
-29,55,-10,88,-53,-314,-91,34
-29,55,-10,89,-53,-314,-91,35
-30,55,-9,90,-53,-312,-91,34
-31,54,-8,90,-53,-311,-92,34
-32,54,-9,90,-53,-310,-93,32
-34,53,-10,89,-53,-310,-95,31
-34,53,-10,88,-53,-310,-96,31
-34,53,-10,89,-53,-310,-96,31
-34,53,-9,89,-53,-309,-95,31
-34,53,-9,89,-53,-309,-95,31
-34,53,-10,88,-53,-309,-95,31
-34,53,-11,88,-53,-309,-96,31
-34,53,-11,87,-53,-309,-95,31
-34,53,-12,86,-53,-309,-95,31
-34,53,-12,86,-53,-309,-95,31
-34,53,-12,86,-53,-309,-95,31
-34,53,-12,86,-53,-309,-95,31
-34,53,-12,86,-53,-309,-95,31
-34,53,-12,86,-53,-309,-95,31
-34,53,-12,86,-53,-308,-95,31
-34,53,-12,86,-53,-307,-95,31
-34,53,-11,88,-53,-308,-96,31
-34,53,-10,89,-53,-308,-95,31
-34,53,-10,89,-53,-308,-95,31
-34,53,-10,87,-53,-308,-95,31
-34,53,-12,86,-53,-307,-96,31
-34,53,-14,87,-53,-307,-96,29
-34,53,-15,89,-53,-306,-97,29
-32,54,-15,90,-52,-305,-96,30
-31,54,-16,90,-52,-305,-95,31
-30,55,-15,90,-53,-306,-93,31
-29,55,-15,90,-53,-306,-93,31
-29,55,-15,90,-52,-305,-93,31
-30,55,-15,90,-52,-305,-93,31
-30,55,-16,90,-53,-306,-93,31
-30,55,-15,90,-53,-306,-93,31
-29,55,-16,90,-53,-306,-93,31
-30,55,-15,90,-52,-305,-93,31
-30,56,-15,90,-52,-305,-95,32
-31,58,-15,90,-53,-306,-96,35
-32,59,-16,90,-53,-308,-96,36
-32,60,-16,90,-53,-308,-96,36
-32,60,-15,90,-53,-308,-96,36
-32,59,-14,89,-53,-307,-96,36
-32,59,-13,87,-53,-307,-93,36
-32,60,-12,86,-53,-308,-93,39
-32,60,-12,86,-53,-310,-93,39
-32,59,-12,86,-53,-310,-93,39
-32,59,-12,86,-53,-309,-93,39
-32,59,-11,88,-53,-307,-93,39
-32,60,-10,88,-52,-305,-93,39
-31,61,-10,89,-52,-305,-93,40
-29,62,-10,88,-52,-305,-91,41
-28,63,-10,89,-53,-306,-90,42
-28,64,-9,89,-53,-306,-90,43
-29,65,-8,90,-52,-305,-91,43
-29,64,-8,90,-52,-304,-91,43
-29,64,-8,90,-52,-304,-91,43
-28,63,-9,90,-52,-304,-90,42
-28,63,-9,90,-52,-304,-90,42
-28,63,-8,90,-52,-304,-90,42
-29,64,-9,90,-52,-304,-91,42
-29,65,-9,90,-52,-304,-91,43
-30,66,-9,90,-52,-304,-92,45
-30,66,-8,90,-52,-304,-92,46
-30,66,-7,90,-52,-304,-92,46
-30,66,-7,91,-52,-304,-95,45
-30,66,-7,90,-52,-304,-92,45
-30,66,-8,90,-52,-304,-92,45
-30,66,-9,89,-52,-304,-92,45
-30,66,-8,90,-52,-304,-92,45
-30,66,-7,90,-52,-304,-92,45
-30,66,-7,91,-52,-304,-95,46
-30,66,-7,90,-52,-304,-92,46
-30,66,-8,90,-52,-304,-92,45
-29,65,-9,90,-52,-304,-91,45
-29,64,-9,90,-52,-304,-91,43
-29,64,-9,90,-52,-304,-91,42
-28,63,-8,90,-52,-304,-90,42
-28,62,-8,90,-52,-304,-90,41
-27,62,-9,90,-52,-304,-89,41
-28,62,-9,90,-52,-304,-90,41
-29,61,-9,90,-52,-304,-91,41
-31,60,-8,90,-52,-304,-92,40
-32,60,-8,90,-52,-304,-93,39
-32,59,-9,90,-52,-304,-93,39
-32,59,-10,88,-52,-304,-93,39
-32,59,-11,87,-52,-304,-93,39
-32,59,-11,87,-53,-306,-93,39
-32,60,-10,88,-53,-307,-93,39
-32,59,-8,90,-53,-309,-93,39
-32,59,-8,90,-53,-310,-93,39
-32,59,-10,89,-53,-309,-93,39
-32,60,-11,87,-53,-309,-93,39
-32,60,-12,86,-53,-309,-93,39
-32,59,-11,87,-53,-309,-93,39
-32,58,-11,87,-52,-309,-93,37
-31,58,-11,87,-53,-309,-93,37
-31,57,-12,86,-55,-308,-92,36
-30,56,-12,86,-56,-307,-92,35
-30,55,-12,86,-56,-307,-91,34
-30,55,-12,86,-55,-307,-91,34
-30,55,-12,86,-53,-307,-91,34
-30,55,-12,86,-52,-308,-91,34
-30,55,-11,87,-53,-309,-91,34
-30,55,-11,88,-53,-310,-91,34
-30,55,-11,87,-53,-310,-91,34
-30,55,-11,87,-53,-309,-91,34
-30,55,-11,88,-53,-307,-91,34
-30,55,-10,89,-53,-306,-91,34
-30,55,-10,90,-53,-306,-93,34
-30,55,-11,90,-53,-307,-93,34
-30,55,-11,89,-53,-309,-91,34
-30,55,-11,87,-53,-310,-91,34
-30,55,-11,87,-54,-309,-91,34
-30,56,-12,89,-55,-307,-95,35
-30,55,-12,91,-54,-306,-93,31
-29,54,-12,91,-53,-306,-92,30
-28,52,-12,89,-53,-307,-92,28
-28,51,-12,86,-53,-307,-89,30
-28,52,-12,86,-53,-306,-90,31
-29,54,-12,86,-53,-304,-90,32
-29,54,-12,86,-53,-304,-91,32
-28,53,-12,86,-53,-304,-90,31
-27,51,-12,86,-53,-304,-89,30
-27,50,-12,86,-52,-304,-89,29
-27,51,-12,86,-52,-304,-89,30
-27,51,-12,86,-52,-304,-89,30
-27,51,-12,86,-53,-304,-89,30
-27,51,-12,86,-54,-304,-89,30
-28,52,-12,86,-54,-305,-90,31
-30,53,-12,86,-54,-305,-91,32
-32,54,-12,86,-55,-306,-93,32
-32,54,-12,86,-54,-306,-93,34
-32,54,-12,86,-54,-306,-93,32
-32,54,-12,86,-53,-306,-93,32
-33,53,-12,86,-52,-305,-95,32
-33,53,-12,86,-54,-305,-95,31
-32,54,-12,86,-56,-305,-93,32
-31,54,-12,86,-58,-305,-92,34
-30,55,-12,86,-57,-305,-91,34
-29,56,-12,86,-54,-306,-91,35
-29,55,-12,86,-53,-307,-91,34
-29,55,-12,86,-54,-309,-91,34
-30,55,-12,86,-56,-310,-91,34
-30,56,-12,86,-58,-309,-92,35
-31,58,-12,86,-58,-309,-93,37
-31,60,-12,86,-57,-309,-92,39
-30,61,-12,86,-56,-309,-92,40
-29,61,-12,86,-54,-309,-91,40
-28,61,-12,86,-54,-309,-90,40
-28,62,-12,86,-55,-309,-90,41
-27,62,-12,86,-55,-309,-89,41
-28,62,-12,86,-55,-309,-90,41
-28,62,-11,87,-54,-309,-90,41
-28,62,-11,87,-53,-309,-90,41
-28,62,-11,87,-53,-309,-90,41
-27,62,-12,87,-53,-309,-89,41
-28,62,-11,87,-53,-309,-90,41
-28,62,-10,88,-53,-309,-90,41
-28,62,-10,89,-53,-309,-90,41
-28,62,-10,89,-53,-309,-90,41
-28,62,-10,88,-53,-309,-90,41
-28,62,-10,88,-53,-309,-90,41
-28,62,-10,88,-53,-309,-90,41
-28,62,-10,89,-53,-309,-90,41
-27,62,-10,88,-53,-309,-89,41
-28,62,-10,88,-53,-309,-90,41
-28,62,-10,88,-53,-309,-90,41
-28,62,-11,88,-54,-309,-90,41
-27,62,-11,88,-55,-309,-89,41
-27,62,-10,88,-54,-309,-89,41
-28,62,-10,89,-53,-309,-90,41
-29,61,-10,91,-53,-309,-93,40
-31,60,-10,92,-53,-309,-95,39
-32,59,-11,92,-53,-309,-96,36
-32,59,-11,91,-53,-311,-97,36
-32,60,-11,90,-53,-312,-96,39
-32,59,-11,88,-53,-312,-93,39
-31,58,-12,87,-53,-312,-93,37
-30,57,-12,88,-53,-313,-91,36
-30,55,-13,89,-53,-314,-93,31
-29,55,-13,90,-53,-314,-93,31
-30,55,-13,89,-53,-314,-93,31
-30,55,-13,87,-53,-314,-91,31
-29,55,-12,86,-53,-314,-91,34
-29,56,-12,86,-53,-314,-91,35
-30,55,-12,86,-53,-314,-91,34
-30,53,-12,86,-53,-314,-91,32
-31,50,-12,86,-53,-314,-92,29
-32,49,-12,86,-53,-314,-93,28
-32,48,-12,86,-53,-314,-93,26
-32,48,-12,86,-53,-314,-93,28
-32,49,-12,86,-53,-312,-93,28
-32,49,-13,85,-53,-310,-93,28
-31,49,-14,85,-53,-310,-92,25
-32,48,-13,85,-53,-312,-93,28
-33,48,-12,86,-53,-314,-95,26
-35,47,-12,86,-53,-314,-96,26
-36,46,-12,86,-53,-314,-97,25
-36,45,-12,86,-53,-314,-97,24
-34,43,-12,86,-53,-314,-96,21
-33,42,-12,86,-53,-314,-95,20
-33,42,-12,86,-53,-314,-95,20
-33,42,-12,86,-53,-314,-95,20
-33,42,-12,86,-53,-314,-95,20
-34,42,-12,86,-53,-314,-95,20
-35,41,-13,85,-53,-314,-96,20
-36,40,-14,85,-53,-314,-97,17
-38,40,-13,85,-53,-314,-100,18
-38,39,-12,86,-53,-314,-100,18
-38,39,-12,86,-53,-314,-100,18
-38,39,-12,86,-53,-314,-100,18
-38,39,-12,86,-53,-314,-100,18
-38,40,-12,86,-53,-314,-100,19
-39,41,-12,86,-53,-315,-100,19
-39,42,-12,86,-53,-316,-100,20
-38,41,-12,86,-53,-317,-100,19
-38,40,-12,86,-53,-318,-100,19
-38,39,-12,86,-53,-318,-100,18
-38,39,-12,86,-53,-319,-100,18
-38,39,-12,86,-53,-319,-100,18
-38,39,-12,86,-53,-319,-100,18
-38,39,-12,86,-53,-319,-100,18
-39,40,-12,86,-53,-319,-100,18
-38,41,-12,86,-53,-318,-100,19
-37,42,-12,86,-53,-319,-98,20
-36,43,-12,86,-53,-320,-97,21
-34,43,-12,86,-54,-322,-96,21
-34,43,-12,86,-54,-324,-95,21
-34,43,-12,86,-54,-324,-96,21
-34,43,-12,86,-54,-324,-96,21
-35,44,-12,86,-54,-324,-96,23
-35,45,-12,86,-54,-324,-96,24
-35,46,-12,86,-54,-324,-96,25
-34,48,-12,86,-54,-324,-96,26
-33,48,-12,86,-54,-324,-95,26
-32,48,-12,86,-53,-324,-93,26
-32,48,-12,86,-52,-324,-93,28
-32,49,-12,86,-52,-324,-93,28
-32,49,-12,86,-52,-324,-93,28
-32,48,-12,86,-53,-324,-93,28
-32,48,-12,86,-54,-324,-93,26
-32,49,-12,86,-54,-324,-93,28
-32,50,-12,86,-53,-324,-93,29
-33,52,-12,86,-52,-324,-95,30
-33,53,-12,86,-52,-324,-95,31
-33,52,-12,86,-52,-324,-95,31
-33,51,-12,86,-53,-324,-95,30
-33,51,-12,86,-54,-324,-95,30
-33,53,-12,86,-54,-324,-95,31
-34,53,-12,86,-53,-324,-95,32
-34,53,-12,86,-52,-324,-96,31
-35,52,-12,86,-52,-324,-97,31
-37,51,-12,86,-52,-324,-98,30
-38,51,-12,86,-52,-324,-100,29
-37,51,-12,86,-50,-324,-100,30
-37,51,-12,86,-49,-324,-98,30
-37,51,-12,86,-49,-324,-98,30
-38,51,-12,86,-50,-324,-100,29
-38,50,-12,86,-51,-324,-100,29
-38,50,-12,86,-52,-324,-100,29
-38,50,-12,86,-53,-325,-100,29
-38,50,-12,86,-52,-327,-100,29
-38,50,-12,86,-51,-329,-100,29
-38,50,-12,86,-49,-329,-100,29
-38,50,-12,86,-49,-329,-100,29
-39,50,-12,86,-49,-329,-101,29
-38,50,-12,86,-49,-328,-100,29
-37,51,-12,86,-50,-328,-98,30
-35,52,-12,86,-50,-329,-97,31
-34,53,-12,86,-51,-330,-95,32
-33,53,-12,86,-51,-332,-95,31
-33,53,-12,86,-50,-334,-95,31
-34,53,-12,86,-49,-334,-96,31
-35,54,-12,86,-49,-334,-96,32
-34,57,-12,86,-49,-334,-96,36
-33,59,-12,86,-50,-334,-95,37
-32,60,-12,86,-50,-334,-93,39
-32,59,-12,86,-49,-334,-93,39
-32,59,-11,85,-49,-334,-93,39
-31,60,-11,85,-49,-334,-90,39
-30,62,-11,85,-49,-334,-91,41
-29,65,-12,86,-49,-334,-91,45
-29,66,-12,86,-49,-334,-91,46
-30,66,-12,86,-50,-334,-92,46
-30,66,-12,86,-50,-334,-92,45
-30,66,-12,86,-49,-333,-92,45
-28,66,-12,86,-49,-334,-90,46
-27,68,-12,87,-50,-336,-89,47
-26,68,-11,87,-50,-337,-87,48
-26,70,-11,88,-51,-337,-87,50
-27,71,-11,87,-51,-337,-89,51
-28,72,-12,86,-52,-336,-90,51
-27,71,-12,86,-52,-336,-90,51
-28,72,-13,86,-51,-337,-90,51
-28,72,-12,86,-51,-337,-90,52
-28,73,-12,87,-50,-337,-90,52
-28,73,-11,87,-50,-337,-91,52
-28,73,-11,87,-50,-337,-90,52
-28,72,-12,87,-50,-337,-90,52
-28,72,-13,88,-50,-337,-90,50
-28,73,-12,89,-50,-338,-92,50
-29,75,-11,90,-50,-339,-93,54
-30,75,-10,89,-50,-339,-92,54
-29,75,-11,87,-50,-339,-91,54
-29,75,-12,86,-50,-339,-91,54
-29,74,-12,86,-50,-339,-91,53
-29,75,-11,88,-50,-339,-91,54
-30,77,-10,89,-50,-339,-92,56
-31,78,-10,90,-50,-339,-96,57
-30,77,-10,91,-50,-339,-95,56
-30,76,-11,90,-50,-339,-95,56
-29,75,-12,89,-50,-339,-93,54
-29,75,-12,88,-50,-339,-91,54
-29,75,-11,88,-50,-338,-91,54
-29,76,-10,88,-50,-339,-91,56
-29,76,-9,89,-50,-340,-91,56
-30,77,-9,90,-50,-342,-92,56
-31,77,-10,89,-50,-343,-93,57
-30,78,-11,87,-50,-342,-92,57
-29,78,-12,87,-50,-341,-91,57
-26,77,-12,88,-50,-339,-89,57
-25,77,-11,90,-50,-338,-90,56
-25,76,-9,91,-50,-339,-90,56
-26,75,-9,90,-50,-340,-91,54
-25,75,-8,90,-50,-342,-87,54
-24,75,-9,89,-50,-343,-86,54
-23,75,-9,89,-50,-342,-85,54
-25,74,-8,90,-50,-341,-87,53
-27,73,-8,91,-50,-341,-91,52
-28,73,-7,91,-50,-342,-92,52
-27,73,-7,90,-50,-343,-90,53
-25,74,-8,90,-50,-344,-87,53
-24,75,-9,90,-50,-343,-86,54
-23,75,-9,90,-50,-342,-85,54
-23,75,-9,90,-50,-342,-85,54
-24,75,-8,90,-50,-342,-86,54
-25,76,-9,90,-50,-343,-86,56
-25,78,-10,90,-50,-344,-90,58
-26,79,-10,91,-50,-344,-91,59
-26,79,-10,92,-50,-344,-91,59
-26,79,-11,93,-50,-343,-91,56
-26,79,-12,93,-50,-342,-93,56
-27,80,-12,93,-50,-342,-93,57
-28,83,-12,93,-50,-342,-95,59
-28,83,-11,94,-50,-343,-96,61
-28,84,-10,94,-50,-344,-96,63
-28,84,-9,95,-50,-344,-96,63
-29,85,-9,96,-50,-343,-96,64
-30,86,-9,96,-50,-343,-97,65
-31,88,-9,96,-50,-343,-98,67
-31,88,-9,95,-50,-343,-98,68
-29,89,-9,96,-50,-343,-97,68
-28,90,-8,96,-50,-343,-95,69
-26,90,-8,97,-50,-343,-93,70
-26,90,-8,97,-50,-344,-93,70
-26,90,-8,96,-50,-344,-93,70
-26,90,-8,96,-50,-343,-93,70
-26,90,-8,96,-50,-343,-93,70
-27,90,-8,97,-50,-343,-95,69
-26,90,-8,96,-50,-345,-93,70
-25,91,-8,96,-50,-347,-92,70
-23,92,-8,96,-50,-348,-91,72
-22,93,-8,97,-50,-348,-90,73
-22,93,-8,97,-50,-346,-89,73
-22,93,-8,97,-50,-346,-89,73
-21,91,-8,96,-50,-346,-89,70
-21,90,-8,96,-50,-346,-87,69
-20,89,-8,97,-50,-346,-87,68
-20,89,-7,97,-50,-347,-87,69
-21,90,-7,98,-50,-346,-87,69
-21,90,-6,98,-50,-346,-89,70
-21,90,-5,99,-50,-347,-89,70
-21,90,-5,100,-50,-348,-90,69
-21,90,-4,100,-50,-348,-90,69
-20,89,-4,100,-50,-347,-90,68
-20,88,-5,100,-50,-346,-90,68
-20,88,-5,100,-50,-346,-90,68
-20,88,-5,100,-50,-346,-90,68
-21,90,-4,100,-50,-347,-90,69
-21,91,-4,99,-50,-347,-89,72
-22,93,-5,100,-50,-346,-92,73
-22,93,-6,101,-50,-345,-92,73
-22,93,-7,102,-50,-345,-95,73
-22,92,-8,103,-50,-345,-95,69
-22,92,-8,104,-50,-345,-95,69
-21,93,-8,104,-50,-345,-93,70
-21,95,-8,103,-50,-344,-93,73
-21,97,-8,103,-50,-343,-93,74
-21,98,-8,103,-50,-343,-93,75
-22,99,-8,103,-50,-343,-95,76
-22,100,-8,103,-50,-344,-95,78
-23,101,-8,103,-50,-343,-95,79
-23,103,-8,103,-50,-343,-96,81
-23,104,-8,103,-50,-343,-96,81
-23,104,-8,104,-50,-343,-96,81
-22,104,-8,104,-50,-343,-95,81
-21,104,-8,103,-50,-343,-93,81
-19,105,-8,103,-50,-343,-92,83
-19,107,-8,103,-50,-343,-92,85
-20,109,-7,104,-50,-343,-92,86
-20,110,-7,104,-50,-343,-92,91
-20,111,-6,105,-50,-343,-92,91
-19,111,-7,104,-50,-343,-91,91
-18,111,-7,104,-50,-343,-91,89
-17,112,-8,103,-50,-343,-90,90
-17,113,-8,103,-50,-343,-90,91
-17,114,-8,103,-50,-343,-90,91
-17,114,-8,104,-50,-343,-90,92
-17,114,-8,104,-50,-343,-90,91
-17,113,-8,103,-50,-343,-90,91
-16,112,-8,103,-50,-343,-89,90
-16,112,-8,103,-50,-343,-89,90
-17,113,-8,103,-50,-343,-90,91
-18,113,-8,103,-50,-343,-91,91
-19,113,-8,103,-50,-343,-92,91
-19,112,-8,104,-50,-343,-92,90
-20,111,-8,104,-50,-343,-92,89
-20,110,-8,103,-50,-343,-93,87
-21,110,-8,103,-50,-343,-93,87
-21,110,-8,103,-50,-343,-93,87
-21,110,-7,104,-50,-343,-93,87
-20,110,-7,104,-50,-343,-93,90
-20,109,-7,104,-50,-343,-92,90
-20,108,-7,104,-50,-343,-92,89
-19,107,-6,105,-50,-343,-92,87
-19,107,-5,105,-50,-343,-91,86
-19,107,-4,107,-50,-343,-92,87
-20,109,-4,107,-50,-343,-92,89
-21,110,-4,107,-50,-343,-93,90
-21,111,-4,107,-50,-343,-93,91
-21,110,-4,107,-50,-343,-93,91
-20,110,-4,107,-50,-343,-93,90
-20,110,-4,107,-50,-343,-92,91
-21,110,-4,107,-50,-343,-93,90
-22,109,-4,107,-50,-343,-95,90
-24,108,-4,107,-50,-343,-96,89
-25,108,-4,107,-50,-343,-97,87
-25,108,-4,107,-50,-343,-97,87
-25,108,-4,107,-50,-343,-97,87
-25,108,-4,107,-50,-343,-97,87
-25,108,-4,107,-50,-343,-97,87
-25,108,-4,107,-50,-343,-97,87
-24,108,-4,107,-50,-343,-96,89
-22,109,-4,107,-50,-343,-95,90
-20,110,-5,106,-50,-343,-93,90
-20,110,-6,105,-50,-343,-92,91
-21,110,-6,105,-50,-343,-93,90
-22,109,-7,104,-50,-343,-95,87
-23,109,-8,104,-50,-344,-96,86
-23,109,-8,104,-50,-344,-96,86
-22,109,-8,104,-50,-343,-95,86
-21,109,-8,104,-50,-343,-95,87
-21,110,-8,104,-50,-342,-93,87
-21,109,-8,104,-50,-341,-95,87
-22,109,-8,104,-50,-340,-95,87
-22,109,-8,104,-50,-339,-95,87
-22,109,-9,105,-50,-339,-95,86
-23,108,-10,105,-50,-339,-98,86
-25,108,-10,105,-50,-339,-100,85
-25,108,-10,105,-50,-339,-101,85
-25,108,-9,105,-50,-339,-98,85
-25,108,-7,105,-50,-339,-97,86
-25,108,-7,105,-50,-339,-97,87
-24,107,-7,104,-50,-339,-97,86
-23,105,-8,104,-50,-339,-96,83
-22,104,-8,104,-50,-339,-95,81
-22,103,-7,104,-50,-338,-95,80
-24,103,-6,105,-50,-338,-96,83
-26,102,-6,105,-50,-337,-98,81
-27,101,-6,105,-50,-336,-100,81
-27,101,-6,105,-49,-335,-100,80
-26,100,-5,106,-49,-334,-98,79
-25,98,-4,107,-49,-333,-97,78
-25,97,-4,107,-49,-333,-97,76
-26,96,-4,107,-49,-334,-98,75
-27,95,-4,107,-49,-334,-100,74
-28,94,-4,107,-49,-334,-101,74
-28,93,-4,107,-49,-332,-101,73
-28,92,-4,107,-49,-330,-100,72
-28,90,-5,106,-49,-329,-101,70
-30,89,-6,105,-49,-330,-102,69
-31,88,-6,105,-49,-331,-103,67
-30,86,-7,104,-49,-330,-102,63
-29,85,-8,104,-49,-329,-101,62
-28,84,-8,103,-49,-329,-101,61
-29,83,-8,103,-49,-329,-102,59
-31,80,-8,104,-49,-329,-103,57
-31,78,-8,104,-49,-328,-103,54
-31,77,-8,104,-49,-325,-103,53
-30,77,-8,103,-49,-324,-102,53
-31,77,-8,103,-49,-324,-103,53
-30,77,-8,104,-49,-324,-102,53
-29,76,-8,104,-49,-324,-102,53
-29,74,-9,104,-49,-324,-101,51
-29,72,-10,104,-49,-324,-101,50
-31,71,-12,103,-49,-324,-103,47
-32,69,-12,101,-49,-322,-103,45
-31,67,-12,101,-49,-322,-103,43
-30,66,-12,101,-49,-323,-102,42
-30,66,-12,101,-49,-324,-102,42
-30,66,-13,101,-49,-324,-102,42
-30,66,-12,101,-48,-323,-102,42
-31,66,-12,100,-49,-321,-101,42
-32,65,-12,100,-50,-319,-101,42
-32,65,-12,101,-52,-318,-104,41
-33,64,-13,101,-52,-319,-106,41
-34,64,-13,101,-50,-319,-106,40
-34,64,-12,101,-49,-319,-106,40
-34,64,-11,100,-48,-319,-103,40
-34,64,-11,100,-48,-319,-103,40
-34,64,-12,101,-49,-319,-106,40
-34,64,-13,101,-50,-319,-106,40
-34,64,-13,101,-52,-319,-106,40
-34,64,-13,101,-51,-319,-106,40
-35,64,-12,101,-50,-318,-107,41
-35,65,-11,100,-50,-316,-104,41
-35,65,-11,100,-51,-314,-104,42
-35,65,-11,101,-53,-314,-104,41
-35,64,-11,101,-54,-314,-104,40
-35,64,-11,100,-54,-314,-104,40
-35,65,-11,100,-53,-314,-104,41
-35,65,-11,101,-51,-314,-104,41
-35,65,-12,102,-51,-314,-107,42
-35,66,-11,105,-52,-314,-109,42
-36,67,-11,107,-53,-312,-109,43
-37,68,-10,107,-54,-310,-112,45
-37,68,-10,106,-53,-309,-112,45
-36,68,-10,106,-51,-309,-111,45
-35,68,-10,106,-51,-309,-109,45
-33,70,-10,106,-51,-309,-108,46
-32,70,-10,106,-52,-309,-107,47
-32,71,-10,106,-53,-309,-107,47
-32,71,-11,107,-53,-309,-107,47
-32,70,-11,107,-53,-309,-107,45
-31,71,-11,107,-53,-308,-106,45
-29,72,-11,107,-53,-307,-104,48
-29,74,-11,107,-53,-306,-103,48
-30,76,-11,107,-52,-305,-104,52
-30,77,-10,108,-52,-304,-104,53
-29,78,-9,109,-53,-304,-104,54
-27,79,-7,110,-53,-304,-104,56
-26,79,-7,111,-52,-304,-103,56
-26,79,-7,111,-51,-304,-103,56
-27,79,-8,110,-50,-304,-104,56
-28,78,-8,109,-51,-304,-102,54
-27,79,-9,109,-52,-304,-102,56
-26,79,-9,108,-53,-305,-101,56
-26,79,-9,109,-53,-304,-101,56
-27,79,-10,109,-52,-303,-102,56
-28,79,-10,108,-52,-301,-102,56
-27,79,-10,106,-52,-299,-102,56
-26,79,-10,105,-52,-299,-101,56
-27,79,-9,104,-52,-299,-100,56
-29,78,-9,104,-50,-300,-101,54
-30,77,-9,105,-50,-300,-102,53
-30,77,-9,105,-51,-299,-102,53
-31,77,-9,104,-51,-299,-103,53
-32,76,-9,104,-50,-299,-103,53
-33,76,-9,104,-49,-299,-106,52
-34,75,-10,105,-49,-299,-108,51
-34,73,-10,106,-50,-299,-109,50
-34,71,-11,107,-52,-299,-109,47
-35,69,-11,107,-52,-299,-109,43
-36,68,-11,107,-50,-299,-111,41
-37,68,-11,107,-49,-299,-112,43
-38,68,-11,107,-48,-299,-113,43
-39,67,-11,107,-48,-299,-114,42
-41,66,-11,107,-48,-299,-115,42
-41,65,-11,107,-49,-299,-115,41
-41,65,-11,107,-49,-299,-115,41
-41,66,-11,107,-49,-299,-115,42
-41,66,-11,107,-49,-299,-115,42
-41,66,-11,107,-48,-299,-115,42
-41,66,-11,107,-49,-299,-115,42
-40,65,-11,107,-51,-299,-114,41
-39,62,-11,107,-52,-299,-113,39
-39,62,-11,107,-51,-299,-113,37
-39,62,-11,107,-50,-299,-113,39
-40,65,-11,107,-49,-299,-114,41
-41,66,-11,107,-50,-299,-115,42
-42,66,-11,107,-50,-300,-117,42
-41,66,-11,107,-50,-300,-115,42
-39,66,-10,108,-49,-299,-114,42
-38,67,-10,108,-49,-299,-112,43
-37,68,-10,108,-49,-300,-112,45
-36,68,-10,108,-50,-301,-111,45
-36,68,-10,108,-50,-303,-111,45
-36,68,-10,108,-50,-303,-111,43
-37,68,-10,108,-49,-303,-112,45
-37,69,-11,107,-48,-303,-112,46
-38,72,-12,107,-47,-304,-113,46
-38,73,-12,107,-47,-305,-112,47
-37,74,-10,108,-47,-305,-112,50
-37,74,-8,109,-48,-304,-112,50
-36,73,-7,110,-49,-304,-113,50
-36,74,-8,111,-50,-304,-113,50
-36,74,-9,110,-49,-304,-113,50
-36,74,-10,111,-48,-304,-113,50
-36,74,-10,110,-47,-304,-113,47
-36,74,-10,110,-47,-304,-113,48
-35,74,-11,111,-47,-305,-112,48
-34,75,-12,111,-48,-305,-112,48
-34,75,-12,110,-48,-304,-112,48
-34,75,-13,110,-47,-304,-112,48
-34,75,-14,111,-47,-304,-112,48
-35,74,-13,112,-48,-306,-114,48
-36,74,-12,113,-48,-308,-115,47
-36,74,-12,113,-48,-309,-115,47
-37,73,-13,112,-48,-310,-117,47
-38,73,-13,112,-48,-310,-118,46
-39,72,-13,112,-48,-309,-118,46
-39,72,-13,112,-48,-309,-118,46
-39,72,-12,112,-48,-309,-119,46
-39,73,-12,112,-48,-309,-118,46
-39,72,-12,113,-48,-309,-118,46
-39,71,-11,114,-48,-309,-118,45
-38,71,-10,114,-48,-310,-118,45
-37,72,-10,114,-48,-310,-117,46
-36,73,-11,114,-48,-309,-115,47
-34,74,-11,114,-48,-309,-114,48
-33,73,-11,114,-48,-309,-113,47
-33,72,-10,113,-48,-311,-111,46
-33,71,-9,112,-48,-313,-109,47
-33,71,-8,111,-48,-314,-109,47
-33,71,-9,112,-48,-315,-111,47
-33,72,-10,112,-48,-314,-111,46
-34,73,-10,113,-48,-314,-111,47
-34,74,-10,113,-48,-314,-112,47
-35,75,-10,113,-48,-314,-112,48
-35,75,-10,113,-48,-314,-112,48
-35,75,-10,114,-48,-314,-114,48
-35,75,-11,114,-48,-314,-114,48
-35,75,-11,114,-48,-314,-114,48
-35,75,-11,114,-48,-316,-114,48
-35,75,-11,114,-48,-318,-114,48
-34,75,-11,114,-48,-319,-114,48
-34,74,-11,114,-48,-320,-114,48
-35,75,-11,114,-48,-319,-114,48
-36,76,-11,114,-48,-319,-115,50
-36,78,-11,114,-48,-319,-115,52
-36,80,-11,114,-49,-319,-115,53
-34,81,-10,114,-48,-319,-114,54
-33,81,-11,114,-48,-319,-113,54
-32,81,-12,115,-48,-319,-112,56
-33,83,-13,116,-49,-321,-115,54
-35,84,-14,117,-49,-322,-117,56
-35,86,-14,118,-48,-324,-118,57
-35,86,-14,118,-47,-325,-118,57
-35,86,-14,118,-47,-324,-117,57
-35,86,-14,117,-47,-324,-117,57
-35,87,-14,117,-49,-324,-118,58
-36,89,-14,117,-49,-324,-118,61
-36,91,-13,119,-47,-324,-118,62
-36,91,-11,120,-46,-324,-119,64
-36,91,-10,121,-45,-324,-120,64
-34,91,-11,121,-46,-326,-119,65
-34,93,-11,120,-47,-327,-119,68
-34,96,-12,119,-49,-329,-117,70
-35,97,-11,119,-49,-329,-118,70
-36,97,-11,121,-48,-329,-122,72
-36,97,-12,122,-46,-329,-120,68
-35,97,-12,123,-44,-329,-123,68
-34,97,-13,123,-44,-329,-119,69
-32,98,-12,122,-44,-331,-118,70
-31,99,-12,122,-45,-332,-117,70
-31,99,-12,123,-45,-334,-115,70
-31,99,-13,123,-45,-335,-115,70
-31,99,-13,124,-44,-334,-119,70
-32,100,-13,124,-44,-334,-119,72
-32,101,-13,123,-44,-334,-117,73
-32,101,-11,122,-44,-334,-118,73
-33,102,-11,121,-44,-334,-118,76
-33,103,-10,121,-44,-334,-119,76
-34,103,-11,122,-44,-334,-119,78
-33,104,-12,122,-44,-334,-118,75
-32,104,-11,122,-44,-334,-117,76
-32,103,-11,121,-44,-334,-117,78
-32,102,-11,122,-44,-334,-117,76
-32,102,-11,124,-44,-334,-120,74
-32,103,-12,126,-44,-334,-119,74
-30,104,-13,126,-44,-334,-118,76
-28,104,-13,124,-44,-334,-117,76
-27,103,-13,123,-44,-334,-112,75
-27,101,-13,123,-44,-335,-112,74
-27,101,-13,123,-44,-336,-114,73
-27,101,-13,124,-45,-336,-114,73
-27,101,-13,124,-44,-336,-114,73
-27,101,-13,124,-44,-335,-114,73
-27,101,-13,124,-44,-334,-114,73
-27,101,-12,123,-44,-334,-112,73
-27,101,-11,122,-44,-334,-112,73
-27,101,-11,121,-44,-334,-112,75
-27,101,-11,122,-44,-336,-112,75
-27,101,-11,124,-45,-336,-114,73
-27,101,-11,127,-45,-337,-114,73
-27,101,-10,128,-45,-336,-117,73
-27,101,-10,128,-44,-336,-114,73
-27,101,-10,128,-44,-335,-114,73
-28,100,-10,128,-45,-336,-115,72
-28,100,-10,128,-45,-337,-115,72
-28,101,-11,127,-45,-338,-115,73
-27,101,-13,125,-45,-339,-114,73
-27,101,-14,124,-45,-339,-114,73
-28,101,-14,124,-45,-339,-115,73
-28,100,-13,125,-45,-339,-115,72
-28,100,-12,126,-45,-339,-115,72
-27,101,-11,127,-45,-339,-114,73
-27,102,-11,127,-45,-339,-114,74
-28,104,-11,126,-45,-339,-115,76
-29,105,-12,126,-45,-339,-117,78
-29,106,-13,125,-45,-339,-117,78
-29,106,-12,126,-45,-339,-117,78
-29,105,-12,126,-45,-339,-117,78
-29,105,-11,127,-45,-339,-117,78
-29,106,-10,128,-45,-339,-117,78
-30,106,-10,128,-45,-339,-118,79
-30,108,-10,128,-45,-339,-118,80
-29,109,-10,128,-45,-339,-117,81
-29,110,-10,128,-45,-339,-117,81
-30,110,-10,128,-45,-339,-118,83
-30,111,-10,128,-45,-339,-118,83
-29,112,-10,128,-45,-339,-117,84
-27,112,-10,128,-45,-339,-115,84
-27,112,-10,128,-45,-339,-114,84
-27,112,-10,128,-45,-339,-114,84
-27,112,-10,128,-45,-339,-115,84
-27,112,-10,128,-45,-339,-115,84
-27,112,-10,128,-45,-339,-115,84
-27,112,-10,128,-45,-339,-114,84
-27,112,-10,128,-45,-339,-115,84
-28,113,-10,128,-45,-339,-115,85
-28,114,-10,128,-45,-339,-117,86
-29,115,-10,128,-45,-339,-117,86
-29,115,-10,128,-45,-339,-117,87
-29,116,-10,128,-45,-339,-118,89
-30,116,-10,128,-45,-339,-118,89
-30,116,-10,128,-45,-339,-118,89
-29,116,-10,128,-45,-339,-118,89
-29,116,-10,128,-45,-339,-118,89
-29,116,-10,128,-45,-339,-118,89
-29,116,-10,128,-45,-339,-118,89
-29,116,-10,128,-45,-339,-118,89
-29,116,-10,128,-45,-339,-118,89
-29,116,-10,128,-45,-339,-118,89
-29,116,-10,128,-45,-339,-118,89
-29,116,-10,128,-45,-339,-118,89
-29,116,-10,128,-45,-339,-118,89
-29,116,-10,128,-45,-339,-118,89
-29,116,-10,128,-45,-339,-118,89
-29,116,-10,128,-45,-339,-118,89
-29,116,-10,128,-45,-339,-118,89
-29,116,-10,128,-45,-339,-118,89
-29,117,-10,128,-45,-339,-117,89
-30,117,-10,128,-45,-340,-118,89
-31,115,-10,128,-45,-341,-119,87
-31,114,-10,128,-45,-341,-119,86
-31,112,-10,128,-45,-340,-119,84
-30,111,-10,128,-45,-341,-118,83
-30,110,-10,128,-45,-342,-118,83
-31,110,-10,128,-45,-343,-119,83
-32,110,-10,128,-45,-344,-119,83
-31,108,-10,128,-46,-344,-119,80
-30,107,-10,128,-48,-344,-118,79
-29,105,-10,128,-48,-343,-117,78
-29,105,-10,128,-47,-343,-117,78
-29,106,-10,128,-46,-341,-117,78
-29,106,-10,128,-46,-341,-117,78
-30,105,-10,128,-46,-342,-118,76
-31,102,-11,127,-47,-343,-119,74
-32,101,-12,126,-46,-343,-119,73
-32,100,-12,126,-46,-343,-120,72
-32,100,-13,125,-45,-343,-119,72
-32,100,-12,126,-45,-343,-119,72
-31,100,-12,126,-46,-342,-119,72
-31,99,-12,126,-47,-340,-119,70
-32,98,-13,125,-48,-339,-119,70
-34,97,-12,126,-47,-339,-122,69
-36,97,-12,126,-46,-340,-123,68
-36,96,-11,127,-45,-343,-124,68
-35,96,-10,128,-45,-343,-123,67
-34,95,-10,128,-45,-343,-122,67
-34,94,-10,127,-45,-342,-122,65
-35,93,-11,126,-45,-342,-122,64
-36,91,-12,126,-45,-343,-124,62
-37,90,-11,127,-45,-344,-125,62
-37,90,-10,127,-45,-344,-125,62
-37,90,-9,126,-45,-344,-124,64
-37,90,-9,125,-45,-344,-125,64
-39,90,-9,124,-45,-344,-124,63
-40,88,-10,123,-45,-344,-125,62
-41,87,-10,122,-45,-344,-126,62
-41,86,-10,121,-45,-344,-126,59
-41,86,-10,121,-45,-344,-126,59
-41,86,-10,121,-45,-344,-126,59
-41,86,-10,121,-45,-344,-125,59
-40,85,-10,121,-45,-344,-125,59
-38,84,-10,121,-45,-344,-123,58
-37,84,-10,121,-45,-344,-123,58
-38,84,-10,121,-45,-344,-123,58
-39,83,-10,121,-45,-344,-124,57
-39,83,-10,121,-45,-344,-124,57
-39,84,-11,121,-45,-344,-124,57
-40,84,-10,121,-45,-344,-125,58
-40,85,-10,120,-45,-344,-125,59
-40,85,-10,121,-45,-344,-125,58
-39,84,-11,123,-45,-344,-124,57
-39,83,-11,124,-45,-343,-126,54
-39,83,-11,125,-45,-343,-126,54
-39,83,-11,125,-45,-342,-126,54
-39,83,-10,126,-45,-342,-126,54
-39,83,-11,126,-45,-342,-126,54
-39,83,-12,126,-45,-341,-126,54
-39,83,-14,125,-45,-339,-126,54
-39,83,-14,124,-45,-339,-126,54
-39,83,-14,124,-45,-339,-126,54
-39,83,-14,125,-45,-339,-126,54
-39,83,-14,125,-45,-339,-126,54
-39,83,-14,125,-46,-339,-126,54
-39,82,-14,124,-47,-339,-126,53
-38,82,-14,124,-46,-339,-125,53
-38,81,-14,124,-45,-339,-125,52
-38,79,-14,124,-45,-339,-125,51
-38,79,-14,124,-45,-339,-125,50
-39,79,-14,124,-45,-339,-126,51
-39,81,-14,125,-45,-339,-126,52
-39,82,-14,125,-45,-337,-126,53
-39,82,-13,124,-45,-336,-126,53
-39,82,-12,123,-46,-334,-126,53
-39,83,-12,123,-46,-334,-126,54
-39,83,-13,124,-48,-333,-126,54
-39,84,-14,124,-48,-334,-126,54
-39,83,-13,124,-48,-334,-126,54
-39,83,-10,123,-46,-335,-124,57
-39,83,-8,123,-45,-334,-124,57
-40,85,-7,123,-44,-332,-125,58
-41,86,-7,125,-44,-331,-126,59
-41,87,-8,125,-44,-331,-129,61
-41,87,-8,125,-44,-331,-129,61
-42,88,-8,125,-46,-331,-126,62
-43,89,-8,126,-47,-329,-130,62
-43,90,-9,127,-49,-329,-131,64
-43,92,-10,127,-50,-328,-131,63
-43,93,-10,127,-50,-329,-130,64
-43,93,-9,127,-49,-329,-130,67
-43,93,-8,127,-48,-329,-130,67
-43,92,-7,128,-47,-329,-130,67
-43,93,-8,127,-46,-329,-130,67
-42,93,-9,127,-46,-329,-129,67
-40,93,-10,127,-47,-329,-128,65
-40,94,-10,128,-46,-328,-128,65
-39,94,-10,128,-46,-327,-128,65
-39,94,-10,128,-47,-328,-128,65
-40,94,-10,128,-48,-328,-128,65
-40,94,-10,128,-48,-328,-128,65
-40,94,-10,128,-48,-327,-128,65
-39,94,-10,128,-47,-326,-128,65
-40,94,-10,128,-47,-325,-128,65
-40,94,-10,128,-48,-324,-128,65
-40,94,-10,128,-49,-324,-128,65
-39,93,-10,128,-49,-324,-126,64
-38,91,-10,128,-49,-324,-125,63
-37,90,-10,128,-49,-324,-125,62
-37,90,-10,128,-49,-324,-125,61
-37,90,-10,128,-48,-324,-125,62
-38,90,-10,128,-48,-324,-125,62
-37,90,-10,128,-47,-324,-125,62
-37,90,-10,128,-47,-324,-124,62
-37,90,-10,128,-47,-323,-125,62
-39,89,-10,128,-47,-322,-126,61
-40,88,-10,128,-48,-321,-128,59
-42,88,-10,128,-48,-320,-129,59
-42,87,-10,128,-49,-319,-130,58
-42,87,-10,128,-49,-319,-129,58
-40,87,-10,128,-49,-319,-128,58
-39,87,-10,128,-48,-319,-126,58
-40,87,-10,128,-48,-318,-128,58
-39,87,-10,128,-49,-316,-126,58
-38,86,-10,128,-48,-314,-125,57
-36,85,-10,128,-48,-314,-124,56
-36,85,-10,128,-48,-314,-124,56
-38,84,-10,128,-48,-314,-125,56
-39,83,-10,128,-48,-313,-126,54
-39,82,-10,128,-48,-311,-126,53
-38,80,-10,128,-48,-310,-125,51
-37,79,-10,128,-48,-309,-124,50
-37,79,-10,128,-48,-308,-124,50
-37,79,-10,127,-48,-306,-124,50
-37,79,-9,126,-47,-304,-124,53
-38,79,-8,125,-47,-304,-125,52
-39,78,-8,125,-47,-305,-125,52
-39,78,-8,126,-47,-304,-126,51
-40,77,-9,126,-47,-303,-128,51
-41,77,-10,126,-47,-301,-128,51
-41,76,-9,125,-47,-300,-129,50
-41,77,-9,124,-47,-299,-126,51
-41,77,-9,124,-47,-298,-126,51
-41,77,-11,124,-47,-296,-128,47
-40,75,-13,124,-47,-295,-128,46
-40,74,-13,123,-47,-294,-126,45
-39,72,-13,123,-47,-294,-124,43
-39,72,-11,122,-47,-295,-124,42
-39,72,-11,122,-47,-295,-124,43
-39,72,-12,122,-47,-295,-124,43
-39,72,-12,123,-47,-293,-126,43
-39,72,-13,125,-47,-291,-126,43
-39,72,-13,126,-47,-290,-126,43
-39,72,-12,126,-47,-289,-126,43
-39,72,-11,127,-49,-290,-125,43
-39,72,-10,128,-50,-290,-126,43
-39,72,-10,128,-50,-290,-126,43
-39,72,-10,128,-50,-290,-126,43
-39,72,-10,128,-48,-290,-125,43
-39,72,-10,128,-47,-290,-125,43
-39,72,-10,127,-48,-290,-126,43
-41,73,-10,128,-49,-290,-128,43
-42,75,-11,129,-50,-290,-131,46
-42,76,-12,130,-50,-290,-131,47
-42,77,-13,130,-50,-290,-131,47
-41,77,-12,130,-51,-290,-131,48
-41,77,-13,130,-51,-288,-130,47
-41,76,-13,131,-50,-286,-134,45
-41,76,-14,131,-49,-285,-134,45
-41,76,-14,131,-50,-286,-134,45
-41,77,-13,131,-51,-288,-134,46
-41,77,-13,131,-52,-288,-134,46
-41,77,-13,131,-52,-286,-133,45
-41,76,-13,131,-51,-286,-134,45
-42,76,-13,131,-51,-288,-134,45
-41,77,-13,131,-52,-290,-134,46
-40,79,-13,131,-52,-290,-133,47
-39,80,-13,131,-51,-289,-131,48
-39,81,-13,131,-50,-286,-131,50
-40,82,-13,131,-49,-285,-133,51
-40,83,-13,131,-50,-284,-133,51
-41,82,-13,131,-51,-285,-134,51
-43,81,-13,131,-52,-286,-135,50
-43,81,-13,131,-52,-287,-136,50
-43,82,-13,131,-51,-286,-135,51
-41,84,-13,131,-50,-285,-134,52
-40,85,-13,131,-49,-285,-133,53
-39,85,-13,131,-48,-285,-131,53
-40,85,-14,131,-48,-286,-133,53
-41,86,-14,131,-47,-287,-134,54
-42,87,-13,131,-46,-288,-134,56
-42,88,-13,130,-46,-289,-133,59
-42,88,-12,130,-47,-290,-131,59
-40,88,-13,130,-48,-289,-130,59
-39,89,-13,131,-49,-289,-131,61
-37,90,-13,132,-48,-288,-130,59
-37,90,-13,132,-47,-288,-129,58
-37,90,-13,131,-46,-289,-130,58
-38,90,-13,131,-46,-290,-130,58
-37,92,-13,131,-46,-290,-129,61
-36,95,-12,132,-47,-290,-129,67
-36,97,-12,133,-47,-290,-128,68
-35,97,-11,133,-46,-290,-128,69
-35,97,-10,134,-46,-290,-128,68
-35,96,-10,134,-46,-290,-128,68
-36,96,-10,135,-46,-289,-128,68
-36,98,-10,135,-46,-290,-129,69
-37,100,-10,134,-47,-291,-130,72
-37,101,-10,134,-47,-293,-130,73
-38,101,-10,134,-47,-295,-130,73
-38,101,-10,135,-47,-295,-131,73
-38,101,-10,135,-47,-295,-130,72
-37,101,-10,135,-47,-295,-130,73
-36,101,-10,135,-47,-295,-129,73
-35,102,-10,134,-47,-295,-128,74
-33,103,-9,134,-47,-294,-126,75
-33,103,-8,136,-47,-295,-125,75
-33,103,-8,138,-47,-296,-129,74
-33,103,-10,140,-47,-298,-131,74
-33,103,-11,140,-47,-299,-131,72
-33,103,-11,138,-47,-300,-129,72
-33,103,-8,138,-47,-300,-129,74
-34,103,-6,138,-47,-299,-129,75
-34,103,-5,138,-47,-299,-129,78
-33,103,-7,139,-47,-299,-129,74
-33,103,-9,138,-47,-301,-129,74
-34,103,-11,138,-47,-303,-129,73
-34,104,-11,138,-47,-304,-130,74
-35,106,-10,139,-47,-305,-130,78
-35,106,-8,140,-47,-305,-130,78
-35,106,-8,141,-47,-304,-133,78
-35,106,-9,141,-47,-304,-133,78
-36,107,-10,141,-47,-304,-134,76
-36,108,-11,141,-47,-304,-134,76
-36,108,-10,141,-47,-305,-134,76
-36,107,-10,140,-47,-304,-134,76
-36,107,-10,139,-47,-304,-131,79
-34,108,-11,137,-47,-304,-130,80
-32,109,-12,137,-47,-305,-128,79
-31,109,-11,139,-48,-306,-126,79
-32,109,-11,140,-48,-307,-130,79
-35,109,-11,140,-48,-307,-133,79
-38,111,-12,140,-48,-308,-136,80
-38,112,-12,139,-48,-309,-134,80
-38,112,-12,138,-48,-310,-134,81
-38,112,-12,139,-47,-310,-136,81
-38,112,-12,140,-47,-310,-136,81
-38,112,-12,141,-46,-310,-136,81
-38,112,-12,142,-46,-310,-136,80
-38,112,-11,141,-46,-309,-136,80
-38,112,-10,140,-45,-310,-136,81
-38,112,-10,140,-45,-311,-136,80
-38,112,-11,143,-45,-313,-136,80
-38,112,-11,144,-44,-315,-139,80
-38,112,-11,144,-43,-315,-139,81
-38,112,-10,143,-43,-314,-136,81
-38,112,-10,142,-43,-314,-136,81
-39,111,-10,142,-45,-316,-137,80
-40,109,-10,143,-45,-318,-139,78
-39,107,-10,142,-46,-320,-137,76
-39,106,-10,142,-46,-320,-136,75
-39,106,-9,141,-45,-319,-136,78
-40,105,-9,141,-45,-319,-137,76
-40,105,-10,142,-44,-321,-137,74
-40,104,-10,142,-44,-323,-137,73
-38,102,-9,141,-44,-325,-136,74
-37,101,-9,141,-44,-325,-135,73
-38,100,-9,141,-44,-324,-135,72
-38,99,-10,142,-44,-324,-135,68
-39,96,-10,142,-44,-326,-136,64
-39,94,-10,143,-44,-328,-137,63
-40,94,-10,143,-44,-329,-137,63
-40,94,-11,143,-44,-330,-137,63
-39,94,-11,143,-44,-329,-140,63
-39,93,-12,144,-44,-329,-139,62
-38,91,-12,144,-44,-329,-137,59
-38,90,-12,144,-44,-331,-137,58
-38,89,-13,145,-44,-333,-139,57
-39,89,-13,145,-44,-334,-139,57
-39,90,-13,145,-44,-335,-139,58
-38,90,-12,144,-44,-334,-137,58
-37,90,-11,144,-44,-334,-137,58
-37,90,-12,144,-45,-334,-137,58
-38,91,-12,145,-44,-334,-137,59
-39,93,-13,145,-44,-334,-139,62
-40,94,-13,145,-44,-336,-140,63
-40,96,-13,145,-45,-338,-141,64
-40,98,-13,145,-45,-339,-140,67
-39,100,-12,145,-45,-339,-139,69
-39,102,-12,145,-43,-339,-139,72
-39,104,-13,145,-41,-341,-140,73
-40,105,-13,145,-41,-343,-140,74
-40,107,-13,145,-41,-344,-140,76
-39,110,-12,145,-42,-345,-140,79
-39,113,-12,146,-42,-344,-140,83
-38,116,-11,146,-41,-344,-139,85
-37,117,-10,147,-40,-344,-137,86
-36,119,-10,148,-40,-344,-140,87
-37,119,-9,148,-41,-344,-140,89
-37,121,-9,149,-42,-344,-141,91
-37,123,-9,149,-42,-346,-140,92
-36,125,-9,148,-43,-347,-139,93
-34,125,-9,148,-43,-349,-137,95
-34,125,-9,148,-42,-350,-137,95
-34,125,-9,148,-42,-349,-137,95
-34,125,-10,149,-41,-349,-137,95
-34,125,-10,150,-42,-349,-137,95
-34,125,-11,151,-42,-349,-140,95
-34,125,-11,151,-42,-349,-140,95
-34,125,-11,151,-41,-349,-137,95
-34,125,-10,150,-40,-349,-137,95
-34,125,-10,149,-40,-349,-137,95
-34,125,-10,149,-40,-349,-137,95
-34,126,-10,149,-41,-349,-137,95
-34,125,-10,149,-41,-349,-137,95
-35,123,-10,150,-40,-349,-137,92
-36,120,-11,151,-40,-349,-139,90
-36,119,-12,151,-40,-349,-141,85
-37,119,-12,152,-40,-349,-142,86
-37,120,-11,151,-40,-349,-142,89
-37,120,-10,150,-40,-349,-140,90
-36,119,-10,149,-40,-349,-139,89
-36,118,-10,149,-40,-349,-139,87
-36,118,-10,150,-40,-349,-139,87
-36,119,-10,150,-40,-349,-139,87
-36,119,-11,150,-40,-350,-139,87
-36,118,-12,150,-40,-350,-139,85
-36,118,-12,149,-40,-350,-139,87
-36,118,-11,149,-40,-350,-140,87
-37,120,-10,149,-40,-351,-140,90
-36,122,-10,149,-41,-352,-140,91
-35,124,-10,150,-41,-354,-139,93
-34,125,-9,151,-41,-354,-137,95
-34,125,-8,153,-41,-354,-140,95
-35,126,-8,155,-41,-354,-140,96
-35,128,-8,155,-41,-354,-140,97
-34,130,-9,155,-41,-354,-142,100
-32,132,-9,155,-41,-354,-141,101
-31,134,-7,156,-41,-354,-137,103
-30,136,-6,158,-41,-354,-139,106
-31,138,-5,159,-41,-355,-139,107
-31,140,-5,159,-41,-357,-139,109
-30,142,-5,159,-41,-359,-139,112
-29,144,-5,159,-41,-359,-139,114
-28,145,-5,159,-41,-359,-137,114
-28,145,-5,159,-41,-359,-137,114
-28,145,-5,159,-41,-359,-136,114
-28,147,-5,159,-41,-359,-136,117
-27,149,-5,159,-41,-359,-136,119
-26,151,-5,159,-41,-359,-135,122
-26,152,-5,159,-41,-359,-135,122
-26,151,-5,159,-41,-359,-135,122
-26,151,-5,159,-41,-359,-135,122
-26,151,-5,159,-41,-357,-135,122
-28,151,-5,159,-41,-355,-136,122
-29,150,-5,159,-41,-354,-137,120
-30,148,-6,158,-41,-354,-139,118
-30,146,-7,157,-41,-354,-139,115
-29,144,-7,156,-41,-354,-135,114
-29,144,-8,156,-41,-354,-139,113
-30,142,-7,157,-41,-354,-139,112
-30,140,-6,157,-41,-354,-139,111
-31,138,-6,157,-41,-354,-140,107
-32,135,-7,157,-41,-354,-141,104
-33,133,-8,156,-41,-354,-139,102
-33,130,-9,155,-41,-354,-139,98
-33,127,-10,154,-41,-352,-139,96
-34,125,-11,153,-40,-350,-140,92
-34,123,-12,152,-40,-349,-140,90
-34,121,-13,152,-40,-349,-140,87
-35,119,-12,152,-40,-349,-140,86
-35,117,-12,152,-40,-349,-140,84
-35,115,-12,152,-40,-349,-140,83
-35,113,-12,152,-40,-349,-141,80
-36,111,-12,152,-40,-349,-141,78
-36,109,-12,152,-40,-349,-141,75
-36,107,-12,152,-40,-348,-141,74
-36,107,-12,152,-40,-347,-141,74
-36,108,-12,152,-40,-347,-141,74
-36,108,-14,153,-40,-347,-141,74
-36,108,-15,155,-40,-347,-144,74
-36,108,-15,155,-40,-346,-144,72
-37,109,-15,155,-40,-345,-145,75
-37,110,-14,154,-40,-344,-145,76
-38,112,-14,154,-40,-344,-146,78
-38,112,-16,155,-40,-344,-146,76
-39,113,-15,156,-40,-344,-146,78
-40,115,-14,157,-40,-344,-148,81
-41,115,-13,158,-40,-344,-151,81
-40,116,-12,159,-40,-344,-151,83
-39,117,-11,159,-40,-344,-150,83
-38,119,-11,158,-40,-344,-146,85
-38,121,-11,157,-40,-344,-146,87
-38,123,-10,156,-40,-343,-146,90
-39,123,-9,156,-40,-343,-147,92
-39,123,-9,156,-42,-343,-147,92
-39,122,-10,156,-44,-342,-147,91
-39,122,-10,156,-46,-341,-147,89
-38,122,-10,156,-45,-339,-146,91
-39,123,-9,155,-43,-339,-147,92
-39,123,-9,155,-41,-339,-145,92
-38,122,-8,155,-41,-339,-144,91
-38,121,-9,155,-43,-338,-144,90
-37,120,-9,155,-45,-336,-145,89
-36,119,-10,156,-45,-334,-145,87
-36,118,-10,157,-43,-334,-144,85
-35,117,-10,156,-43,-334,-144,86
-35,115,-10,155,-43,-334,-140,85
-35,113,-10,154,-44,-335,-141,83
-36,111,-11,153,-45,-334,-141,78
-36,109,-11,153,-45,-332,-142,75
-36,107,-12,152,-44,-331,-141,74
-35,106,-12,152,-44,-329,-140,72
-35,104,-12,152,-44,-329,-140,70
-36,102,-12,152,-44,-329,-141,68
-38,100,-12,152,-44,-328,-142,67
-38,99,-12,152,-44,-326,-144,64
-39,97,-12,152,-44,-324,-144,63
-40,94,-12,152,-44,-324,-145,61
-41,93,-12,152,-44,-324,-146,59
-42,91,-13,152,-44,-324,-146,57
-42,89,-13,151,-44,-325,-147,54
-43,87,-14,151,-44,-325,-148,52
-44,86,-14,152,-44,-324,-150,51
-46,85,-14,153,-44,-323,-151,51
-46,85,-13,153,-44,-321,-151,51
-47,85,-13,153,-43,-321,-152,51
-48,84,-14,153,-44,-321,-152,50
-49,84,-13,153,-44,-322,-153,50
-49,83,-13,152,-44,-322,-155,48
-50,82,-12,152,-44,-321,-155,47
-49,81,-12,152,-43,-320,-155,46
-49,80,-12,152,-43,-319,-153,46
-48,80,-12,152,-43,-319,-153,45
-48,79,-12,152,-43,-319,-152,45
-48,79,-12,152,-43,-320,-152,43
-48,79,-12,152,-43,-319,-153,43
-48,79,-12,152,-43,-319,-152,43
-48,79,-12,152,-43,-319,-152,45
-48,79,-12,152,-43,-319,-152,43
-48,79,-13,151,-43,-319,-152,43
-48,79,-15,150,-43,-320,-152,43
-48,79,-16,149,-43,-320,-150,45
-48,79,-16,148,-44,-319,-151,45
-48,79,-16,149,-44,-318,-151,43
-47,77,-16,149,-44,-316,-150,42
-46,75,-16,149,-43,-316,-148,41
-46,76,-16,149,-43,-316,-148,41
-47,77,-16,149,-44,-316,-148,42
-48,78,-16,149,-45,-315,-151,43
-49,78,-16,149,-46,-314,-151,43
-49,76,-16,149,-46,-314,-151,41
-48,75,-16,149,-46,-314,-150,41
-46,75,-16,148,-46,-315,-148,40
-45,75,-15,148,-47,-315,-147,40
-45,75,-15,147,-48,-314,-147,40
-46,74,-15,148,-49,-313,-147,40
-46,74,-15,148,-48,-311,-148,39
-47,74,-16,149,-46,-309,-152,39
-48,73,-16,149,-46,-309,-150,39
-49,72,-16,149,-46,-309,-151,37
-50,72,-16,149,-47,-310,-152,37
-50,72,-15,149,-48,-309,-155,37
-50,72,-15,149,-48,-308,-155,37
-50,72,-15,150,-48,-307,-155,37
-50,72,-14,150,-48,-307,-155,37
-50,72,-14,150,-47,-305,-155,37
-49,72,-14,151,-48,-305,-153,37
-49,73,-14,151,-47,-305,-153,39
-49,74,-14,150,-47,-305,-153,40
-50,76,-14,150,-47,-304,-155,41
-52,76,-14,151,-47,-303,-157,42
-53,77,-13,152,-47,-302,-157,42
-52,76,-13,151,-47,-301,-157,42
-52,76,-14,151,-47,-301,-157,41
-52,76,-14,150,-47,-301,-157,41
-52,76,-14,150,-47,-300,-157,41
-52,76,-14,150,-47,-299,-157,41
-52,76,-14,151,-47,-299,-157,41
-52,76,-13,151,-47,-299,-157,42
-52,77,-13,152,-47,-300,-157,42
-52,76,-13,151,-47,-299,-157,41
-51,75,-14,150,-47,-299,-156,40
-50,73,-16,149,-47,-299,-152,39
-50,72,-16,148,-47,-300,-152,37
-50,72,-16,149,-47,-300,-152,37
-50,72,-16,149,-47,-299,-152,37
-50,73,-16,149,-47,-298,-152,39
-50,72,-16,149,-47,-298,-152,37
-50,70,-16,149,-47,-298,-152,35
-51,68,-16,149,-47,-298,-153,32
-52,65,-16,149,-47,-296,-153,30
-51,63,-16,149,-47,-295,-153,29
-50,62,-16,149,-47,-294,-152,28
-49,61,-16,149,-47,-294,-151,26
-49,61,-16,149,-47,-295,-151,26
-49,61,-16,149,-47,-295,-151,26
-50,61,-16,149,-47,-296,-151,26
-49,61,-16,149,-47,-296,-151,26
-49,61,-16,149,-47,-296,-151,26
-49,61,-16,149,-47,-296,-151,26
-49,61,-16,148,-47,-298,-151,26
-50,61,-17,148,-47,-299,-151,26
-49,61,-18,148,-47,-300,-151,26
-49,61,-17,148,-47,-299,-151,26
-49,61,-16,148,-47,-297,-151,26
-50,62,-16,149,-47,-296,-152,28
-51,64,-16,149,-47,-297,-156,29
-52,65,-17,150,-47,-298,-156,28
-50,66,-17,150,-47,-299,-155,31
-49,67,-16,151,-47,-300,-153,32
-48,68,-16,151,-47,-300,-153,34
-49,71,-16,151,-47,-299,-153,36
-49,74,-16,152,-47,-299,-153,36
-49,77,-16,154,-47,-299,-156,40
-48,78,-15,154,-47,-299,-156,43
-48,80,-13,154,-47,-300,-153,46
-48,83,-11,153,-47,-301,-153,48
-48,85,-11,153,-47,-302,-153,51
-47,88,-12,153,-47,-303,-152,53
-47,90,-13,154,-47,-303,-155,56
-46,93,-13,154,-47,-304,-151,58
-45,95,-11,155,-47,-305,-152,61
-43,97,-10,156,-47,-305,-151,63
-41,100,-10,158,-47,-305,-148,65
-40,102,-11,159,-47,-304,-150,68
-39,104,-12,159,-47,-304,-150,69
-40,105,-11,158,-48,-304,-147,72
-39,106,-11,157,-47,-304,-147,73
-38,108,-10,157,-48,-306,-146,74
-37,110,-9,159,-48,-308,-145,79
-38,112,-7,159,-48,-309,-146,80
-38,112,-7,158,-48,-310,-146,81
-37,112,-7,157,-48,-310,-145,81
-35,113,-9,156,-46,-309,-144,83
-34,114,-11,158,-44,-309,-141,80
-34,114,-12,159,-43,-310,-144,80
-34,114,-12,159,-45,-311,-144,80
-34,114,-11,158,-46,-313,-141,80
-34,114,-10,158,-47,-314,-141,81
-34,115,-10,158,-47,-314,-142,81
-35,113,-12,159,-47,-314,-146,79
-36,111,-13,158,-48,-314,-146,78
-36,109,-14,157,-48,-314,-144,75
-36,108,-15,156,-48,-315,-144,72
-36,107,-16,155,-48,-314,-144,72
-36,106,-16,155,-48,-313,-144,69
-37,103,-15,156,-48,-310,-145,67
-37,100,-15,156,-48,-310,-145,63
-38,98,-16,155,-48,-310,-146,62
-39,97,-16,155,-48,-311,-146,61
-40,95,-16,155,-48,-311,-147,59
-41,94,-15,156,-48,-310,-148,57
-43,93,-15,156,-48,-309,-151,56
-45,91,-16,155,-47,-309,-153,54
-47,90,-16,155,-47,-309,-155,53
-47,88,-17,154,-46,-310,-155,51
-47,86,-16,155,-46,-310,-155,50
-47,84,-16,155,-46,-310,-155,47
-49,83,-15,156,-47,-310,-156,46
-50,83,-15,156,-46,-310,-157,46
-51,83,-16,155,-46,-310,-158,46
-50,83,-16,155,-45,-308,-158,46
-50,83,-16,155,-45,-306,-157,46
-50,83,-16,155,-46,-307,-157,46
-50,83,-16,155,-48,-308,-158,46
-51,82,-16,155,-48,-309,-158,45
-52,82,-16,155,-47,-308,-159,45
-51,83,-16,155,-46,-308,-158,46
-51,83,-16,155,-46,-308,-158,46
-50,83,-16,155,-46,-309,-157,46
-50,83,-16,156,-44,-308,-157,46
-50,83,-16,156,-44,-308,-158,46
-51,84,-16,155,-44,-308,-158,47
-52,86,-16,155,-45,-309,-159,50
-52,87,-16,155,-44,-310,-159,50
-53,88,-16,156,-43,-310,-161,51
-53,87,-17,157,-43,-310,-163,50
-52,87,-17,157,-43,-310,-162,50
-51,88,-17,157,-43,-309,-162,51
-49,89,-16,156,-43,-310,-157,52
-48,89,-16,156,-43,-311,-156,52
-48,90,-17,157,-43,-313,-158,52
-48,90,-17,157,-44,-315,-158,53
-49,90,-17,157,-45,-315,-158,53
-48,90,-17,157,-45,-314,-158,52
-47,88,-16,156,-45,-314,-157,51
-46,86,-16,156,-44,-314,-153,50
-46,85,-15,155,-43,-316,-153,48
-46,86,-15,156,-43,-318,-153,50
-47,88,-16,157,-43,-320,-157,51
-48,90,-17,157,-44,-320,-158,53
-48,90,-17,157,-44,-319,-158,53
-48,90,-16,156,-43,-319,-156,53
-48,89,-15,156,-44,-321,-156,54
-49,89,-14,157,-44,-323,-156,54
-48,90,-15,158,-44,-324,-158,52
-47,90,-16,158,-44,-324,-157,53
-45,91,-17,159,-44,-325,-156,54
-45,93,-17,160,-44,-326,-155,57
-45,95,-18,160,-44,-328,-158,58
-46,96,-18,160,-44,-329,-159,59
-46,96,-18,159,-44,-329,-156,59
-47,96,-17,159,-44,-330,-157,59
-47,97,-16,161,-44,-330,-159,61
-46,100,-14,162,-44,-331,-159,63
-46,102,-14,162,-44,-332,-158,65
-45,103,-14,160,-44,-333,-155,67
-44,103,-14,159,-44,-335,-155,69
-44,103,-14,159,-45,-338,-155,67
-43,103,-14,160,-45,-339,-153,67
-43,105,-15,162,-45,-339,-156,69
-43,107,-16,162,-45,-339,-156,70
-43,109,-18,160,-45,-339,-156,73
-43,109,-19,159,-45,-339,-156,70
-43,109,-18,160,-45,-339,-157,73
-43,109,-16,161,-45,-340,-156,73
-43,107,-16,162,-45,-342,-156,70
-43,105,-17,161,-45,-344,-156,69
-43,104,-18,159,-45,-344,-156,68
-43,103,-19,159,-45,-344,-153,63
-45,102,-19,159,-45,-343,-155,63
-46,102,-18,159,-44,-344,-158,65
-47,101,-18,159,-43,-345,-159,64
-48,101,-19,159,-44,-347,-158,62
-49,101,-19,159,-44,-349,-159,62
-49,101,-19,159,-44,-349,-159,62
-48,101,-19,159,-44,-349,-158,62
-48,99,-19,159,-44,-348,-158,61
-47,97,-19,159,-43,-349,-157,58
-46,96,-19,159,-42,-350,-159,57
-46,96,-19,159,-41,-352,-158,57
-46,96,-19,159,-40,-354,-156,59
-47,96,-18,158,-41,-354,-157,59
-47,96,-17,158,-42,-354,-157,59
-48,95,-17,159,-43,-354,-158,58
-47,95,-16,161,-42,-354,-161,58
-46,96,-15,162,-41,-354,-159,59
-46,97,-15,163,-41,-354,-158,59
-47,98,-15,163,-41,-354,-159,61
-48,99,-15,162,-41,-354,-161,62
-49,100,-15,162,-41,-355,-162,63
-49,101,-14,162,-41,-356,-162,64
-48,102,-14,161,-41,-355,-158,65
-47,104,-14,162,-41,-354,-159,68
-47,107,-14,162,-41,-355,-161,70
-47,109,-14,164,-41,-357,-161,73
-47,111,-14,164,-41,-359,-159,74
-46,113,-14,163,-41,-359,-159,76
-46,115,-14,164,-41,-359,-158,79
-46,117,-13,165,-41,-359,-159,80
-47,118,-12,166,-41,-359,-159,81
-47,118,-11,166,-41,-359,-161,84
-47,120,-11,166,-41,-359,-161,86
-46,122,-11,166,-41,-359,-159,89
-45,124,-11,166,-41,-360,-158,91
-43,126,-11,166,-41,-361,-157,92
-42,126,-11,166,-41,-362,-156,93
-42,128,-11,166,-41,-363,-155,95
-42,130,-11,166,-41,-363,-156,96
-43,131,-11,166,-41,-364,-157,97
-43,132,-11,166,-41,-364,-157,98
-43,131,-11,166,-41,-364,-157,98
-43,131,-10,167,-41,-364,-159,97
-43,131,-10,167,-41,-364,-159,97
-43,131,-10,167,-41,-364,-159,97
-43,133,-10,167,-41,-364,-158,100
-42,136,-9,168,-41,-364,-158,102
-41,138,-8,169,-41,-364,-157,104
-41,138,-7,169,-41,-364,-157,104
-41,138,-8,169,-41,-364,-157,104
-41,138,-8,169,-41,-364,-157,104
-40,138,-8,169,-41,-364,-156,104
-38,139,-8,169,-41,-364,-155,106
-37,140,-8,169,-41,-364,-153,107
-36,140,-9,168,-41,-363,-152,107
-37,140,-10,167,-41,-364,-153,107
-37,140,-10,167,-41,-365,-153,107
-37,140,-10,168,-42,-367,-153,107
-38,141,-9,169,-42,-368,-155,108
-38,143,-9,170,-42,-369,-155,111
-38,145,-10,171,-42,-369,-157,112
-36,147,-10,172,-42,-368,-156,111
-35,147,-11,172,-42,-368,-153,111
-34,147,-11,173,-42,-368,-153,111
-35,147,-11,173,-42,-368,-153,111
-36,148,-11,172,-42,-368,-155,112
-37,150,-12,172,-42,-368,-156,114
-37,151,-13,171,-40,-369,-156,115
-36,152,-12,172,-38,-368,-155,117
-34,153,-11,172,-36,-368,-153,118
-33,153,-11,173,-37,-368,-152,118
-32,154,-11,173,-38,-369,-151,118
-33,153,-11,173,-40,-370,-152,118
-33,153,-11,173,-41,-371,-152,118
-33,153,-11,173,-40,-370,-152,118
-33,153,-11,173,-40,-369,-152,118
-33,153,-11,173,-40,-368,-152,118
-33,153,-11,172,-40,-368,-152,118
-33,153,-10,172,-40,-368,-152,118
-33,153,-10,171,-40,-369,-152,118
-33,153,-10,172,-40,-368,-152,118
-33,153,-11,172,-40,-368,-152,118
-33,154,-10,172,-40,-368,-152,118
-33,154,-10,171,-39,-368,-152,119
-33,153,-10,172,-39,-368,-152,118
-34,151,-11,172,-39,-368,-152,117
-34,149,-11,173,-40,-368,-153,113
-35,147,-11,173,-40,-368,-153,112
-35,147,-11,173,-40,-368,-153,111
-35,147,-11,173,-40,-368,-153,111
-36,146,-11,173,-40,-368,-155,111
-38,145,-11,173,-38,-368,-157,109
-39,145,-11,173,-37,-369,-158,109
-39,145,-11,172,-37,-369,-157,109
-37,146,-12,172,-38,-369,-156,111
-37,144,-12,172,-39,-368,-156,108
-37,142,-12,172,-39,-368,-156,106
-37,140,-12,172,-38,-368,-156,103
-37,140,-12,172,-39,-368,-156,103
-36,142,-12,172,-40,-368,-155,107
-36,144,-12,172,-41,-368,-155,109
-37,146,-13,171,-42,-368,-156,111
-37,146,-14,170,-40,-368,-156,111
-37,146,-14,169,-38,-368,-156,111
-37,146,-15,169,-37,-369,-156,111
-37,146,-15,169,-38,-369,-156,111
-37,145,-14,170,-39,-369,-156,109
-38,145,-13,171,-39,-368,-157,109
-39,144,-13,171,-39,-367,-158,109
-39,144,-13,170,-39,-367,-158,108
-39,144,-14,170,-39,-367,-158,108
-39,144,-15,172,-39,-368,-157,106
-39,144,-15,174,-39,-368,-161,106
-39,144,-14,176,-38,-367,-161,106
-39,144,-13,176,-38,-365,-161,106
-39,144,-14,176,-39,-365,-161,106
-39,144,-14,175,-39,-365,-161,106
-39,144,-13,175,-39,-365,-161,108
-39,144,-12,174,-37,-365,-159,108
-39,144,-11,173,-37,-364,-158,108
-41,144,-11,172,-38,-364,-159,108
-42,143,-11,173,-40,-364,-161,107
-43,141,-11,173,-41,-364,-162,104
-42,139,-11,173,-42,-364,-161,103
-41,138,-11,173,-42,-364,-159,102
-41,138,-11,173,-41,-364,-159,102
-41,138,-11,173,-41,-364,-159,102
-41,138,-11,173,-42,-364,-159,102
-41,137,-11,173,-42,-364,-159,101
-40,136,-11,173,-41,-364,-158,100
-40,136,-11,173,-40,-364,-158,100
-40,136,-11,172,-39,-362,-158,100
-39,136,-10,172,-40,-360,-158,100
-39,134,-10,171,-41,-359,-158,98
-40,133,-10,172,-41,-358,-159,97
-42,133,-11,173,-41,-359,-161,97
-44,133,-12,173,-41,-359,-162,97
-44,132,-12,172,-41,-359,-163,96
-43,132,-12,172,-41,-359,-162,96
-43,131,-12,172,-41,-359,-162,95
-43,131,-13,171,-41,-359,-162,95
-43,131,-14,170,-41,-359,-162,95
-43,132,-14,170,-41,-359,-162,96
-44,132,-15,169,-41,-359,-162,96
-44,133,-15,169,-41,-359,-163,97
-44,134,-14,169,-41,-359,-163,97
-44,135,-14,170,-41,-359,-163,98
-43,136,-12,172,-41,-359,-162,101
-43,137,-11,173,-41,-359,-162,101
-42,137,-11,173,-41,-359,-161,102
-42,139,-11,173,-41,-358,-161,103
-43,141,-11,173,-41,-357,-162,104
-43,142,-11,173,-41,-357,-162,106
-44,143,-11,173,-41,-358,-163,107
-44,142,-11,173,-41,-358,-163,106
-43,142,-11,173,-41,-357,-162,106
-42,143,-11,173,-41,-356,-161,107
-40,144,-11,173,-40,-354,-159,108
-39,144,-12,173,-39,-354,-158,109
-39,145,-12,174,-39,-354,-161,109
-40,146,-13,174,-39,-354,-162,109
-40,146,-12,174,-40,-354,-162,111
-40,146,-12,173,-41,-354,-159,111
-38,146,-11,172,-41,-354,-157,111
-36,146,-11,172,-41,-354,-155,111
-35,147,-12,173,-41,-354,-153,111
-34,147,-12,174,-41,-354,-156,112
-35,147,-13,174,-41,-354,-156,112
-35,147,-12,174,-41,-354,-157,112
-35,147,-12,173,-41,-354,-153,111
-35,147,-11,173,-41,-354,-153,111
-35,147,-11,172,-41,-352,-153,111
-35,147,-11,173,-41,-350,-155,112
-35,147,-12,173,-41,-350,-155,112
-35,147,-12,174,-40,-350,-156,111
-34,145,-13,174,-40,-350,-156,109
-33,144,-13,175,-41,-351,-155,108
-33,143,-13,174,-41,-351,-153,107
-32,142,-13,175,-42,-351,-153,107
-32,142,-14,175,-43,-350,-153,104
-32,143,-14,176,-42,-350,-153,104
-32,143,-15,177,-41,-349,-156,104
-32,142,-14,176,-40,-349,-153,104
-34,142,-14,175,-40,-349,-155,103
-36,141,-12,174,-40,-349,-157,104
-37,140,-12,174,-41,-349,-158,104
-37,140,-12,174,-41,-349,-158,104
-37,140,-12,174,-41,-349,-158,104
-37,138,-12,173,-40,-347,-156,102
-38,136,-11,173,-40,-346,-157,100
-39,134,-11,172,-40,-344,-158,98
-40,132,-11,173,-42,-344,-159,96
-41,130,-11,173,-44,-344,-159,95
-41,129,-12,174,-45,-344,-162,92
-42,127,-13,174,-46,-344,-163,91
-44,125,-13,173,-45,-344,-162,89
-46,123,-14,170,-44,-344,-164,86
-46,120,-14,170,-43,-344,-164,84
-46,117,-14,170,-43,-344,-164,80
-46,114,-14,170,-43,-344,-164,78
-47,111,-14,171,-43,-344,-166,74
-48,108,-14,170,-44,-344,-166,70
-49,104,-15,169,-45,-344,-167,68
-49,101,-15,169,-45,-344,-167,64
-50,99,-15,170,-45,-344,-168,62
-50,96,-14,169,-45,-344,-168,59
-49,93,-14,168,-45,-344,-164,56
-49,89,-14,167,-45,-344,-163,52
-48,86,-14,166,-45,-344,-163,48
-49,84,-14,166,-46,-344,-163,46
-50,83,-13,165,-45,-342,-162,45
-50,83,-12,164,-43,-340,-163,45
-50,83,-13,164,-42,-339,-163,46
-50,83,-14,163,-42,-339,-163,46
-50,83,-16,164,-43,-339,-163,46
-50,83,-18,164,-43,-339,-164,43
-50,83,-17,166,-43,-339,-166,43
-51,83,-17,166,-42,-339,-166,43
-51,84,-16,166,-43,-339,-166,47
-50,86,-16,166,-44,-339,-166,50
-50,89,-16,166,-44,-339,-164,52
-49,91,-16,167,-44,-339,-164,52
-49,93,-16,167,-43,-339,-164,53
-49,94,-16,167,-43,-339,-164,57
-49,97,-14,166,-44,-339,-164,59
-48,99,-14,164,-45,-339,-161,63
-47,102,-13,164,-45,-339,-161,65
-47,105,-13,164,-45,-339,-159,68
-47,107,-13,164,-45,-339,-159,70
-48,109,-13,166,-45,-339,-163,72
-48,110,-13,167,-45,-339,-163,73
-47,112,-14,168,-45,-339,-163,75
-46,113,-14,169,-45,-339,-162,76
-46,115,-14,168,-45,-339,-161,79
-46,117,-14,168,-45,-341,-162,80
-47,118,-14,168,-45,-342,-163,81
-47,118,-14,169,-45,-342,-166,81
-47,118,-15,169,-45,-341,-166,81
-47,118,-15,169,-45,-341,-166,81
-47,118,-15,169,-45,-342,-166,81
-47,118,-15,169,-45,-343,-166,81
-47,118,-15,169,-45,-344,-166,81
-46,117,-15,169,-45,-344,-164,80
-45,115,-15,169,-45,-344,-163,79
-45,114,-15,169,-45,-344,-163,78
-46,113,-15,169,-45,-344,-163,76
-48,112,-15,169,-45,-344,-166,75
-49,112,-15,169,-45,-344,-167,75
-50,111,-15,169,-45,-344,-168,74
-49,111,-15,169,-45,-344,-167,74
-48,111,-15,169,-45,-344,-167,74
-48,110,-14,169,-45,-344,-166,73
-47,109,-14,169,-45,-344,-166,72
-47,108,-15,169,-45,-343,-166,72
-47,107,-16,169,-45,-343,-164,68
-47,107,-16,168,-45,-342,-164,68
-47,107,-16,169,-45,-341,-164,68
-47,107,-15,169,-45,-340,-164,70
-46,107,-14,169,-45,-339,-164,70
-46,107,-14,169,-45,-339,-164,70
-47,108,-15,169,-45,-339,-166,72
-48,110,-15,169,-45,-339,-166,74
-49,112,-15,169,-45,-339,-168,75
-49,112,-15,169,-45,-339,-168,75
-49,111,-15,169,-45,-339,-167,74
-48,112,-15,169,-45,-339,-166,75
-47,112,-14,169,-45,-339,-164,75
-47,114,-14,168,-45,-339,-162,78
-47,116,-14,168,-45,-339,-163,80
-48,117,-14,169,-45,-339,-164,80
-49,118,-14,169,-45,-339,-167,81
-48,118,-14,168,-45,-339,-164,81
-47,118,-14,168,-45,-339,-163,81
-46,118,-14,168,-45,-339,-162,81
-47,118,-14,169,-45,-338,-166,81
-47,119,-15,170,-45,-337,-166,80
-48,119,-15,169,-45,-338,-166,83
-48,119,-14,168,-45,-339,-164,83
-47,119,-13,167,-45,-339,-163,83
-48,120,-12,166,-45,-339,-161,84
-49,121,-12,166,-45,-339,-164,84
-50,122,-13,167,-45,-339,-166,85
-50,123,-14,168,-45,-339,-166,86
-48,123,-14,169,-45,-339,-167,86
-46,124,-14,169,-45,-339,-164,87
-45,124,-14,168,-45,-339,-161,89
-45,124,-13,166,-45,-339,-161,89
-45,125,-12,166,-45,-339,-161,89
-44,125,-11,168,-45,-339,-159,89
-42,126,-10,169,-45,-339,-158,92
-40,127,-9,170,-45,-339,-156,93
-40,127,-8,170,-45,-339,-156,93
-41,127,-8,169,-45,-339,-157,93
-41,127,-8,169,-45,-339,-157,93
-40,127,-8,169,-45,-339,-156,93
-40,127,-8,169,-45,-339,-156,93
-39,128,-8,169,-45,-339,-155,95
-38,128,-8,169,-45,-339,-155,95
-37,129,-8,169,-45,-339,-153,96
-37,129,-8,169,-45,-339,-152,96
-36,129,-8,169,-45,-339,-152,96
-36,129,-8,169,-45,-339,-152,96
-37,129,-8,169,-45,-339,-153,96
-37,130,-7,170,-45,-339,-153,97
-37,133,-6,171,-45,-339,-153,100
-36,135,-5,172,-45,-339,-152,102
-35,136,-6,171,-45,-339,-151,103
-34,136,-5,171,-45,-339,-151,103
-35,136,-4,172,-45,-339,-151,104
-35,136,-4,173,-45,-339,-151,102
-34,136,-5,174,-45,-339,-153,102
-34,136,-7,175,-45,-339,-152,103
-36,137,-8,175,-45,-339,-157,104
-38,138,-9,176,-45,-337,-158,102
-39,139,-9,175,-44,-336,-161,103
-40,137,-8,175,-44,-334,-161,104
-38,136,-9,175,-44,-334,-157,100
-37,134,-10,174,-44,-334,-156,98
-37,134,-11,173,-44,-334,-156,98
-37,134,-11,172,-44,-334,-156,98
-38,134,-11,173,-44,-334,-157,98
-39,134,-11,173,-44,-334,-157,98
-39,134,-11,173,-44,-334,-157,98
-39,133,-11,173,-44,-334,-158,97
-39,133,-11,173,-44,-334,-157,97
-38,134,-11,173,-44,-334,-157,98
-39,134,-12,173,-44,-335,-157,98
-40,133,-13,173,-44,-334,-159,97
-42,132,-15,172,-44,-332,-161,93
-42,130,-16,171,-44,-331,-161,91
-42,128,-16,170,-44,-329,-159,90
-41,127,-16,171,-44,-329,-159,89
-42,126,-15,170,-44,-329,-161,87
-43,125,-15,170,-44,-329,-162,89
-44,124,-15,169,-44,-329,-162,87
-44,122,-15,169,-44,-329,-162,85
-44,119,-15,169,-44,-329,-162,83
-45,117,-15,169,-44,-329,-163,81
-45,115,-15,169,-44,-329,-163,79
-45,114,-15,169,-44,-329,-163,78
-44,112,-15,169,-44,-329,-162,75
-44,110,-15,169,-44,-329,-162,74
-45,108,-15,169,-44,-329,-163,72
-45,106,-15,169,-44,-329,-163,69
-45,104,-15,170,-44,-329,-163,67
-46,103,-14,169,-44,-330,-163,65
-46,101,-14,169,-44,-329,-162,64
-48,99,-13,166,-44,-327,-163,62
-49,97,-13,165,-44,-326,-162,59
-50,95,-13,164,-44,-326,-162,58
-50,94,-14,163,-44,-327,-163,57
-51,93,-14,164,-44,-327,-163,57
-51,92,-14,164,-44,-327,-163,56
-51,90,-15,163,-44,-326,-163,53
-51,88,-15,162,-44,-326,-163,51
-51,87,-15,162,-44,-325,-164,51
-52,88,-15,162,-44,-325,-164,51
-53,88,-15,162,-44,-324,-166,51
-53,87,-15,162,-44,-324,-166,50
-53,85,-15,162,-44,-324,-166,47
-54,83,-15,162,-44,-325,-167,46
-55,82,-15,162,-44,-324,-168,45
-56,82,-15,162,-44,-324,-168,45
-55,82,-16,163,-44,-324,-168,45
-54,81,-17,163,-44,-324,-167,43
-54,80,-18,162,-44,-324,-167,41
-55,79,-17,162,-44,-324,-168,42
-57,79,-16,163,-44,-324,-170,42
-60,79,-16,163,-44,-324,-172,42
-60,80,-16,164,-44,-324,-173,42
-60,79,-16,163,-44,-324,-172,42
-57,79,-16,163,-44,-324,-170,42
-55,79,-16,163,-44,-324,-168,42
-54,80,-17,164,-44,-324,-169,42
-54,81,-17,164,-44,-324,-169,43
-55,82,-17,164,-44,-324,-170,45
-56,84,-17,165,-44,-324,-172,43
-57,85,-18,165,-44,-324,-172,45
-57,85,-18,166,-44,-324,-172,46
-55,86,-18,165,-44,-324,-170,46
-54,86,-17,165,-44,-325,-169,46
-53,86,-16,164,-44,-325,-168,50
-52,88,-17,164,-44,-324,-167,51
-52,90,-17,164,-44,-323,-167,50
-51,92,-17,165,-44,-321,-167,52
-51,93,-16,166,-45,-319,-166,56
-50,94,-15,167,-46,-319,-166,57
-50,96,-14,168,-45,-320,-166,58
-49,99,-14,169,-44,-319,-164,62
-48,102,-14,169,-43,-318,-163,65
-47,105,-14,168,-45,-316,-163,68
-47,107,-14,168,-46,-314,-162,70
-47,109,-14,169,-48,-314,-163,73
-47,112,-15,169,-49,-314,-166,75
-47,115,-14,169,-49,-313,-163,79
-47,118,-12,169,-48,-311,-163,81
-47,120,-10,170,-46,-310,-163,84
-47,122,-10,171,-46,-309,-166,87
-46,123,-10,172,-46,-308,-164,87
-46,125,-11,170,-47,-306,-164,89
-45,125,-10,169,-48,-305,-161,91
-43,125,-10,168,-48,-304,-159,91
-42,126,-9,169,-47,-304,-158,92
-41,127,-9,170,-47,-305,-157,93
-41,128,-9,170,-47,-305,-157,95
-41,128,-8,169,-48,-304,-157,95
-42,128,-8,169,-47,-303,-157,95
-42,128,-8,169,-47,-301,-157,95
-42,129,-8,169,-47,-299,-158,95
-42,130,-9,170,-47,-299,-158,97
-43,131,-9,170,-47,-299,-159,97
-43,130,-9,170,-47,-300,-159,97
-42,128,-8,169,-47,-300,-157,95
-40,127,-9,170,-47,-299,-156,93
-40,127,-10,171,-47,-299,-158,91
-41,127,-11,173,-46,-299,-159,91
-42,126,-12,173,-45,-300,-161,90
-44,126,-11,173,-44,-300,-162,90
-45,125,-11,173,-44,-300,-163,89
-45,124,-11,173,-45,-300,-163,87
-45,124,-11,173,-45,-300,-163,87
-45,125,-11,173,-45,-299,-163,89
-45,125,-11,172,-44,-300,-163,89
-45,125,-11,173,-45,-301,-163,89
-45,124,-12,174,-46,-303,-166,87
-45,124,-14,175,-46,-305,-166,85
-45,125,-14,175,-44,-305,-166,86
-45,125,-12,174,-43,-305,-167,89
-45,124,-11,173,-43,-305,-163,89
-44,124,-11,172,-44,-305,-162,87
-44,123,-11,173,-45,-305,-163,86
-45,121,-11,173,-44,-304,-163,85
-46,120,-11,173,-43,-305,-164,84
-46,119,-12,172,-43,-306,-164,83
-46,119,-14,170,-43,-308,-164,83
-46,118,-14,170,-43,-310,-164,81
-46,117,-13,171,-43,-310,-164,80
-45,115,-13,171,-43,-310,-163,79
-45,114,-13,171,-43,-309,-163,78
-46,112,-14,170,-43,-310,-164,76
-47,111,-14,169,-43,-311,-164,74
-47,109,-15,169,-43,-313,-166,72
-47,107,-15,169,-43,-314,-166,70
-48,106,-14,169,-43,-315,-166,69
-49,104,-15,170,-43,-315,-167,68
-50,102,-15,170,-43,-314,-168,65
-50,100,-15,169,-43,-314,-168,63
-51,97,-14,168,-43,-314,-167,59
-51,95,-13,167,-43,-314,-167,58
-50,94,-11,166,-43,-316,-163,59
-50,93,-11,165,-43,-318,-163,59
-52,93,-11,166,-43,-319,-164,58
-54,93,-13,167,-43,-320,-169,56
-55,91,-14,168,-43,-320,-170,54
-55,91,-14,169,-43,-319,-173,54
-55,92,-14,169,-43,-319,-173,54
-55,92,-13,168,-43,-319,-170,54
-56,93,-13,167,-43,-320,-172,56
-56,94,-12,166,-43,-320,-172,57
-55,96,-12,166,-43,-319,-170,59
-55,98,-11,166,-43,-319,-168,64
-55,101,-10,167,-43,-319,-170,67
-55,102,-9,168,-44,-321,-170,68
-55,104,-8,169,-44,-323,-170,70
-54,107,-7,169,-44,-324,-169,73
-53,111,-8,169,-44,-324,-168,76
-52,114,-8,169,-44,-323,-168,80
-51,116,-9,170,-44,-322,-167,81
-51,118,-9,170,-44,-322,-167,84
-50,120,-10,171,-44,-323,-168,84
-48,122,-10,172,-44,-323,-167,86
-46,125,-11,172,-44,-324,-164,89
-44,126,-11,173,-44,-325,-163,90
-44,129,-11,173,-44,-325,-162,92
-43,131,-11,173,-44,-324,-162,95
-43,133,-11,173,-44,-324,-161,97
-42,136,-11,173,-44,-324,-161,100
-41,137,-11,173,-44,-324,-159,102
-41,138,-11,173,-44,-324,-159,102
-41,138,-11,173,-44,-324,-159,102
-40,138,-11,173,-44,-324,-158,102
-39,140,-11,173,-44,-324,-157,104
-39,143,-11,173,-44,-324,-157,107
-39,144,-10,173,-44,-324,-157,109
-39,145,-10,174,-44,-324,-158,109
-39,144,-9,175,-44,-324,-158,108
-39,144,-8,175,-44,-324,-161,112
-39,144,-8,175,-44,-324,-161,112
-39,144,-9,175,-43,-324,-161,108
-39,144,-9,175,-43,-324,-161,108
-39,144,-8,175,-42,-324,-161,112
-37,145,-8,176,-43,-324,-158,112
-36,146,-7,176,-43,-324,-157,113
-36,146,-8,177,-44,-324,-157,113
-37,145,-9,177,-44,-324,-158,109
-39,144,-9,177,-44,-324,-161,108
-39,144,-9,177,-44,-324,-161,108
-39,144,-8,176,-44,-324,-161,111
-39,144,-7,176,-44,-324,-161,112
-39,144,-7,176,-44,-324,-161,112
-39,144,-7,176,-44,-324,-161,111
-39,144,-8,176,-44,-324,-161,111
-39,144,-8,176,-44,-324,-161,111
-39,145,-7,176,-44,-324,-161,112
-39,145,-7,176,-44,-324,-161,112
-39,144,-7,176,-44,-324,-161,111
-39,142,-7,176,-44,-324,-161,109
-41,140,-7,176,-44,-324,-162,106
-41,138,-7,176,-44,-324,-163,104
-41,137,-7,176,-44,-324,-163,104
-41,137,-7,176,-44,-324,-162,104
-40,137,-7,176,-44,-325,-161,103
-40,135,-8,175,-44,-325,-161,102
-40,133,-10,173,-44,-324,-159,97
-41,132,-11,173,-44,-324,-159,96
-42,130,-11,172,-44,-325,-161,93
-42,128,-11,173,-44,-326,-161,92
-43,126,-11,173,-44,-327,-161,90
-43,125,-11,173,-44,-328,-162,89
-44,123,-11,173,-44,-328,-162,86
-44,122,-11,173,-44,-328,-162,85
-43,120,-11,173,-44,-329,-161,84
-42,120,-11,173,-43,-329,-161,84
-42,120,-11,172,-43,-329,-161,84
-44,120,-12,172,-43,-329,-162,84
-46,119,-12,172,-43,-330,-164,83
-47,119,-12,172,-43,-331,-166,83
-47,117,-13,171,-41,-332,-166,81
-46,116,-14,170,-41,-333,-164,80
-46,115,-14,169,-43,-334,-164,79
-45,115,-15,169,-44,-334,-163,79
-45,115,-15,169,-44,-334,-163,79
-46,115,-14,169,-43,-334,-164,79
-45,114,-14,169,-41,-334,-163,78
-45,114,-15,169,-41,-334,-163,78
-44,114,-15,169,-41,-334,-162,78
-44,114,-15,169,-41,-335,-162,78
-45,114,-15,169,-40,-335,-163,78
-46,112,-14,169,-40,-336,-163,75
-46,109,-15,169,-42,-337,-164,73
-46,107,-16,170,-43,-338,-164,68
-46,105,-17,172,-43,-339,-167,65
-46,103,-18,173,-42,-339,-167,64
-47,102,-18,173,-40,-337,-167,62
-49,100,-18,173,-40,-336,-169,61
-50,98,-18,173,-41,-336,-169,59
-50,96,-18,173,-42,-336,-170,57
-50,93,-18,173,-42,-338,-170,53
-50,90,-18,173,-40,-338,-170,50
-51,88,-18,173,-39,-336,-172,48
-52,87,-18,173,-39,-335,-173,47
-53,87,-19,172,-40,-334,-173,47
-53,88,-20,171,-41,-334,-173,45
-54,87,-21,171,-42,-334,-174,45
-55,84,-21,171,-42,-334,-174,42
-55,82,-20,171,-42,-335,-175,40
-55,80,-19,170,-42,-334,-172,40
-54,80,-18,169,-43,-333,-172,40
-54,81,-17,168,-44,-331,-172,41
-54,83,-16,167,-44,-329,-169,42
-54,84,-16,168,-44,-329,-172,45
-54,86,-16,169,-44,-329,-172,46
-54,87,-15,169,-44,-330,-170,47
-54,89,-16,169,-44,-329,-172,48
-54,90,-16,168,-44,-328,-172,51
-54,92,-16,169,-44,-326,-172,52
-52,93,-15,169,-44,-324,-170,57
-51,95,-14,169,-44,-324,-169,58
-50,97,-14,170,-44,-324,-168,61
-50,101,-14,169,-44,-325,-168,63
-51,105,-15,169,-44,-325,-169,68
-51,109,-15,169,-44,-324,-169,69
-51,112,-15,170,-44,-324,-169,75
-50,115,-14,170,-44,-324,-168,79
-48,117,-12,171,-44,-324,-167,81
-48,119,-11,173,-44,-324,-166,83
-47,122,-11,174,-44,-324,-168,85
-47,125,-13,176,-44,-324,-168,89
-46,129,-13,178,-44,-324,-169,90
-45,132,-13,179,-44,-324,-169,93
-45,134,-12,179,-44,-324,-168,98
-44,136,-11,180,-44,-324,-168,100
-43,137,-10,180,-44,-325,-167,101
-42,139,-10,180,-44,-324,-166,103
-42,141,-11,180,-44,-324,-166,104
-43,142,-11,180,-44,-324,-167,106
-44,142,-11,180,-44,-325,-168,106
-44,142,-11,180,-44,-325,-168,107
-43,143,-11,180,-44,-326,-167,107
-42,142,-11,180,-44,-327,-166,107
-41,142,-11,180,-44,-328,-164,106
-41,140,-11,180,-44,-329,-164,104
-42,139,-10,180,-44,-329,-166,103
-42,139,-10,180,-45,-329,-166,103
-42,139,-11,180,-44,-329,-166,103
-41,139,-12,179,-42,-329,-164,102
-41,138,-12,178,-41,-331,-164,102
-41,136,-11,178,-41,-332,-162,100
-43,133,-10,176,-43,-332,-163,97
-43,131,-10,174,-45,-333,-162,95
-43,131,-11,173,-45,-334,-162,95
-43,131,-11,172,-43,-334,-162,95
-42,130,-12,173,-41,-335,-161,93
-41,128,-11,173,-41,-334,-159,92
-42,126,-11,173,-41,-334,-161,90
-44,125,-11,173,-41,-334,-162,89
-45,125,-13,171,-42,-334,-163,89
-46,125,-14,170,-41,-334,-164,89
-45,124,-14,170,-41,-334,-163,87
-44,123,-13,171,-40,-334,-163,87
-44,123,-11,173,-39,-334,-162,86
-44,123,-11,173,-39,-334,-163,87
-45,124,-11,173,-39,-334,-163,87
-45,124,-11,173,-40,-334,-163,87
-45,125,-11,173,-40,-334,-163,89
-46,126,-11,173,-39,-334,-164,90
-47,128,-11,173,-39,-334,-166,92
-47,129,-12,173,-39,-334,-166,92
-47,128,-13,174,-39,-334,-168,91
-46,126,-14,175,-39,-334,-167,87
-45,124,-14,176,-39,-334,-166,85
-45,124,-14,176,-39,-334,-166,85
-46,126,-13,175,-39,-334,-167,89
-46,126,-12,174,-39,-334,-167,90
-46,126,-12,174,-39,-334,-167,90
-46,126,-14,175,-39,-334,-167,87
-46,126,-14,176,-39,-335,-167,87
-46,126,-14,176,-39,-335,-167,86
-45,125,-12,174,-39,-334,-167,89
-45,124,-11,172,-39,-332,-163,87
-45,125,-11,173,-39,-331,-163,89
-45,125,-12,174,-39,-331,-166,89
-45,124,-12,174,-39,-332,-166,87
-46,123,-12,174,-39,-334,-167,86
-46,120,-12,173,-39,-335,-164,84
-47,118,-12,173,-39,-335,-168,81
-46,116,-13,173,-39,-334,-167,80
-46,115,-13,173,-39,-334,-164,79
-45,114,-12,172,-39,-334,-163,78
-44,114,-13,172,-39,-334,-162,78
-44,112,-15,171,-39,-334,-162,73
-44,110,-16,171,-39,-335,-162,72
-45,108,-15,170,-39,-335,-163,69
-46,107,-14,170,-39,-334,-164,70
-47,107,-14,172,-39,-334,-166,70
-47,107,-16,173,-39,-334,-167,68
-46,108,-18,173,-40,-336,-167,68
-46,108,-18,173,-40,-338,-166,69
-45,108,-17,171,-40,-339,-163,69
-45,108,-16,171,-40,-340,-163,69
-45,108,-16,171,-40,-339,-163,69
-45,108,-17,172,-40,-339,-166,68
-46,108,-18,173,-40,-339,-167,69
-47,108,-18,173,-40,-339,-168,69
-48,110,-18,173,-40,-339,-169,70
-48,112,-18,173,-40,-339,-168,73
-46,113,-18,173,-40,-339,-167,74
-45,114,-18,173,-40,-339,-166,74
-44,114,-18,173,-40,-340,-164,74
-44,114,-18,173,-40,-341,-164,74
-44,114,-18,173,-40,-341,-164,74
-45,114,-18,173,-40,-341,-166,74
-46,113,-18,173,-40,-340,-167,74
-48,112,-18,173,-40,-339,-168,73
-49,111,-18,173,-40,-339,-169,72
-49,112,-18,173,-40,-339,-169,73
-49,112,-18,173,-40,-339,-169,73
-49,111,-18,173,-40,-339,-169,72
-49,109,-18,173,-42,-339,-169,70
-50,107,-18,173,-42,-339,-170,68
-51,105,-18,173,-41,-339,-172,65
-52,103,-18,173,-40,-339,-173,64
-53,102,-18,173,-40,-339,-174,62
-53,100,-18,173,-41,-339,-174,61
-53,98,-18,173,-42,-339,-174,58
-54,97,-18,173,-41,-339,-174,57
-56,97,-18,173,-41,-339,-177,57
-57,96,-18,173,-41,-339,-178,56
-58,96,-18,173,-42,-340,-178,56
-57,95,-18,173,-41,-339,-178,56
-57,96,-18,173,-40,-337,-178,56
-56,97,-18,173,-40,-336,-177,57
-54,97,-18,173,-40,-336,-175,58
-53,98,-18,173,-40,-337,-174,58
-52,98,-18,173,-40,-339,-173,58
-51,99,-18,173,-40,-340,-172,59
-51,101,-18,173,-40,-339,-172,62
-50,103,-19,174,-40,-339,-170,62
-49,105,-20,174,-40,-339,-172,63
-48,107,-19,174,-40,-339,-168,65
-46,109,-17,174,-40,-339,-167,70
-45,112,-15,175,-40,-339,-166,73
-45,115,-14,176,-41,-339,-166,75
-45,118,-14,177,-42,-339,-168,79
-44,122,-15,177,-43,-339,-167,83
-41,125,-14,177,-42,-339,-164,86
-39,127,-14,177,-41,-339,-162,89
-38,130,-13,178,-40,-339,-162,91
-39,133,-12,178,-40,-339,-163,97
-40,137,-11,179,-40,-339,-163,101
-40,138,-11,180,-40,-339,-163,102
-38,140,-10,180,-40,-340,-162,103
-37,140,-10,180,-40,-341,-161,104
-37,141,-11,180,-42,-341,-161,106
-37,142,-11,180,-42,-341,-161,106
-38,141,-10,180,-42,-339,-162,106
-37,140,-10,180,-41,-339,-161,104
-37,140,-11,180,-42,-339,-161,103
-36,140,-12,179,-43,-339,-159,104
-37,141,-13,177,-43,-339,-161,102
-37,138,-14,176,-43,-338,-158,100
-38,134,-15,176,-43,-337,-159,95
-39,128,-14,176,-43,-336,-161,90
-41,123,-14,177,-44,-336,-162,84
-42,119,-14,176,-45,-334,-163,80
-43,114,-16,175,-45,-332,-163,75
-44,109,-17,174,-44,-330,-164,70
-45,104,-18,173,-44,-329,-166,65
-46,100,-18,173,-44,-329,-167,61
-48,95,-19,172,-44,-329,-168,53
-49,91,-20,171,-44,-329,-169,48
-51,87,-21,169,-44,-328,-168,45
-52,83,-21,168,-44,-326,-169,43
-53,80,-21,169,-44,-325,-170,37
-54,77,-21,169,-44,-324,-170,34
-55,75,-22,170,-44,-324,-175,32
-57,73,-22,170,-44,-323,-178,30
-60,72,-22,170,-44,-321,-179,30
-61,72,-22,170,-43,-319,-180,29
-60,70,-22,170,-43,-319,-180,28
-60,70,-22,170,-43,-319,-179,26
-60,70,-22,170,-43,-320,-179,28
-60,71,-22,170,-43,-320,-180,28
-60,73,-22,170,-43,-319,-179,30
-59,75,-22,170,-43,-318,-179,31
-58,77,-22,170,-43,-316,-178,34
-57,79,-22,170,-43,-315,-177,36
-57,81,-22,170,-43,-316,-177,39
-56,84,-22,170,-43,-316,-175,41
-56,87,-21,170,-43,-316,-177,45
-56,90,-21,170,-43,-315,-175,47
-56,93,-22,170,-43,-314,-175,51
-55,95,-22,169,-43,-314,-173,53
-54,97,-21,170,-43,-314,-174,56
-54,100,-20,171,-43,-315,-174,58
-54,101,-19,172,-43,-314,-175,62
-55,102,-19,172,-43,-314,-175,62
-55,101,-21,171,-43,-315,-175,59
-53,102,-21,170,-43,-314,-174,59
-51,103,-21,170,-43,-314,-172,61
-50,103,-19,172,-43,-314,-170,63
-49,102,-18,173,-43,-315,-169,63
-49,101,-19,172,-43,-316,-169,62
-49,100,-20,171,-43,-317,-169,58
-48,100,-22,170,-43,-316,-168,58
-48,101,-22,170,-43,-315,-168,59
-49,101,-21,169,-43,-314,-167,59
-50,100,-21,169,-43,-314,-168,58
-50,98,-20,169,-43,-315,-168,58
-50,96,-20,168,-43,-315,-168,56
-50,94,-19,167,-43,-314,-167,54
-49,94,-18,166,-43,-313,-164,54
-49,95,-18,166,-43,-311,-164,56
-48,96,-19,166,-43,-310,-163,56
-46,96,-18,166,-43,-310,-162,57
-46,96,-17,167,-43,-310,-161,57
-46,97,-16,168,-43,-308,-164,58
-48,99,-16,169,-43,-306,-166,59
-50,102,-16,168,-43,-305,-168,62
-50,104,-16,169,-43,-304,-168,64
-50,105,-15,169,-44,-305,-168,68
-48,106,-15,170,-45,-305,-166,69
-47,108,-14,170,-46,-303,-166,72
-47,112,-15,169,-46,-301,-166,75
-48,116,-15,169,-45,-300,-166,80
-48,119,-15,169,-43,-299,-167,83
-47,122,-15,171,-43,-299,-166,83
-46,124,-14,174,-43,-300,-167,85
-46,126,-14,176,-46,-300,-167,87
-46,130,-14,177,-47,-300,-169,91
-46,133,-14,177,-46,-299,-169,95
-46,135,-14,176,-44,-299,-167,97
-46,137,-14,176,-42,-296,-167,98
-46,139,-14,176,-43,-295,-167,101
-45,141,-14,177,-45,-294,-169,102
-44,142,-14,177,-47,-294,-168,103
-43,143,-13,178,-48,-295,-167,104
-42,143,-12,178,-47,-296,-166,107
-41,144,-11,179,-46,-297,-164,108
-39,144,-11,180,-45,-296,-163,108
-39,144,-10,180,-44,-296,-162,108
-39,144,-10,180,-45,-295,-163,108
-39,145,-11,180,-46,-294,-163,109
-40,145,-11,180,-46,-295,-164,109
-40,146,-11,180,-46,-296,-164,111
-39,146,-11,180,-46,-297,-162,111
-36,147,-11,180,-46,-298,-161,111
-35,147,-11,180,-46,-299,-158,111
-34,147,-11,180,-46,-299,-158,112
-35,147,-11,180,-46,-300,-158,111
-35,146,-11,180,-44,-300,-158,111
-35,147,-11,180,-43,-300,-159,111
-36,148,-11,180,-42,-299,-159,113
-35,151,-11,180,-43,-299,-159,115
-34,152,-11,180,-44,-300,-158,117
-33,153,-10,180,-45,-302,-157,118
-32,154,-10,180,-44,-303,-156,118
-32,155,-11,180,-43,-303,-156,120
-32,159,-11,179,-43,-303,-157,124
-32,162,-10,180,-42,-303,-157,128
-32,165,-10,180,-43,-306,-156,130
-31,168,-8,182,-43,-308,-155,133
-29,170,-7,183,-45,-310,-153,135
-29,173,-7,183,-46,-309,-153,139
-29,176,-7,183,-46,-309,-153,141
-29,177,-7,183,-45,-311,-153,142
-29,180,-7,183,-43,-313,-153,145
-28,182,-7,183,-43,-314,-152,147
-28,185,-7,183,-43,-315,-153,151
-29,187,-7,183,-43,-314,-153,153
-29,188,-7,183,-43,-314,-155,153
-30,188,-7,183,-44,-316,-155,153
-30,188,-7,183,-43,-318,-155,153
-29,188,-7,183,-43,-319,-155,153
-29,187,-7,183,-43,-320,-155,153
-29,185,-7,183,-44,-321,-153,151
-29,181,-8,182,-44,-323,-153,146
-31,177,-10,180,-44,-324,-155,142
-32,172,-11,180,-44,-323,-156,137
-34,168,-11,179,-44,-322,-158,133
-36,163,-10,180,-44,-322,-159,128
-37,157,-10,180,-44,-322,-162,122
-38,151,-11,179,-44,-322,-162,115
-39,143,-13,177,-44,-321,-163,104
-41,134,-16,175,-43,-320,-162,96
-43,125,-18,174,-43,-319,-164,86
-46,116,-18,173,-43,-319,-167,78
-48,108,-18,172,-43,-320,-168,69
-49,101,-17,169,-43,-319,-167,62
-50,93,-17,168,-43,-318,-166,54
-51,86,-18,166,-43,-316,-167,46
-53,78,-20,165,-43,-315,-168,37
-55,71,-21,164,-43,-314,-169,31
-57,66,-22,163,-43,-314,-172,25
-59,61,-22,163,-43,-313,-174,18
-60,57,-22,163,-43,-312,-174,14
-61,54,-21,162,-43,-310,-173,13
-60,51,-19,160,-43,-308,-172,10
-60,50,-18,159,-43,-306,-169,12
-60,50,-18,159,-43,-305,-172,12
-61,51,-20,160,-43,-304,-172,10
-61,53,-21,162,-43,-303,-173,12
-61,56,-21,162,-43,-301,-173,15
-61,61,-20,163,-42,-300,-175,20
-60,66,-19,164,-42,-300,-174,26
-60,72,-18,166,-42,-299,-174,31
-58,78,-18,167,-42,-298,-173,39
-56,86,-17,167,-42,-297,-170,46
-53,94,-16,169,-42,-296,-170,54
-50,103,-15,169,-42,-295,-168,67
-48,112,-14,170,-42,-293,-167,75
-46,120,-13,170,-42,-292,-164,84
-44,129,-13,172,-42,-290,-163,93
-42,139,-12,174,-42,-290,-163,103
-39,148,-13,176,-43,-290,-161,113
-36,157,-11,179,-44,-289,-161,122
-34,166,-10,181,-45,-287,-158,131
-33,174,-8,182,-45,-285,-157,140
-31,182,-7,183,-45,-285,-156,147
-29,187,-7,183,-45,-285,-155,153
-26,192,-6,184,-45,-285,-151,158
-23,197,-5,185,-46,-284,-151,166
-21,202,-5,187,-46,-283,-148,168
-19,207,-6,189,-46,-284,-148,173
-18,211,-7,190,-46,-285,-147,177
-17,213,-7,190,-46,-284,-147,180
-17,216,-7,189,-47,-282,-147,183
-17,218,-7,190,-46,-280,-147,184
-16,218,-5,191,-44,-280,-146,185
-15,219,-4,192,-43,-280,-145,185
-14,219,-4,192,-43,-281,-145,185
-13,220,-6,191,-44,-282,-144,186
-14,219,-7,190,-46,-283,-144,186
-14,219,-7,189,-47,-283,-145,185
-15,219,-7,190,-46,-282,-145,185
-14,218,-7,190,-45,-281,-145,185
-14,217,-7,190,-44,-282,-145,184
-15,216,-7,190,-45,-283,-145,183
-16,216,-7,189,-46,-284,-146,183
-18,217,-7,190,-47,-285,-148,183
-19,218,-6,191,-47,-285,-150,184
-19,220,-5,193,-46,-285,-152,186
-19,224,-5,195,-45,-285,-155,190
-19,227,-5,196,-43,-285,-155,192
-19,229,-4,195,-41,-287,-152,196
-19,231,-3,193,-42,-289,-152,198
-20,234,-3,193,-43,-290,-153,201
-20,238,-3,193,-45,-291,-153,205
-19,243,-3,193,-45,-290,-152,209
-18,247,-2,194,-45,-290,-151,213
-17,250,0,195,-44,-290,-150,219
-16,252,0,196,-44,-292,-150,222
-16,255,0,197,-44,-293,-150,225
-16,259,0,197,-43,-295,-150,229
-15,263,0,196,-42,-296,-148,234
-14,267,0,196,-42,-295,-147,238
-13,270,0,196,-42,-295,-147,240
-12,273,0,196,-42,-295,-146,242
-11,274,-1,198,-42,-295,-147,245
-11,276,-2,199,-43,-296,-147,244
-11,277,-2,201,-42,-298,-147,245
-11,277,0,200,-42,-300,-147,247
-10,278,0,198,-42,-300,-146,247
-8,278,0,198,-42,-300,-145,247
-7,277,-2,198,-42,-300,-144,245
-8,274,-2,199,-42,-300,-145,242
-8,272,-1,198,-42,-300,-145,240
-9,272,0,197,-42,-300,-142,242
-7,271,0,196,-42,-300,-141,241
-7,270,0,196,-42,-300,-141,240
-7,267,0,197,-42,-300,-141,238
-9,265,0,198,-43,-301,-145,235
-9,262,-1,198,-43,-302,-145,230
-8,260,-2,196,-43,-303,-141,228
-7,258,-1,195,-43,-304,-140,228
-7,256,0,195,-43,-304,-141,227
-8,255,0,196,-43,-305,-142,225
-9,254,0,195,-43,-305,-142,223
-9,252,-1,195,-43,-305,-142,222
-8,250,-1,195,-43,-305,-141,219
-7,250,0,196,-43,-305,-141,219
-8,250,0,196,-43,-305,-141,219
-9,252,0,196,-43,-305,-142,222
-9,254,0,196,-43,-304,-142,223
-8,255,0,196,-43,-305,-142,225
-7,256,0,196,-43,-305,-141,227
-7,258,0,196,-43,-306,-140,228
-7,260,0,196,-43,-307,-141,230
-7,263,0,196,-43,-306,-141,233
-7,266,0,196,-43,-305,-140,236
-7,268,0,196,-43,-306,-140,239
-7,270,-1,198,-43,-308,-144,240
-8,271,-2,199,-43,-310,-145,239
-8,272,-2,199,-43,-310,-145,240
-7,273,0,199,-43,-310,-144,244
-6,274,0,199,-43,-310,-142,244
-6,274,0,199,-43,-310,-142,244
-7,273,-2,199,-43,-310,-144,241
-8,272,-3,200,-43,-310,-145,240
-8,271,-3,200,-43,-310,-144,239
-7,269,-2,199,-43,-310,-144,236
-8,268,-1,198,-43,-310,-144,235
-8,265,-2,199,-43,-310,-145,233
-8,261,-3,199,-43,-310,-144,229
-7,257,-4,199,-43,-310,-144,224
-9,252,-5,198,-43,-310,-145,219
-11,247,-6,196,-43,-310,-147,213
-13,242,-7,194,-43,-309,-146,209
-14,237,-7,192,-43,-310,-147,203
-14,231,-8,192,-43,-311,-147,195
-14,223,-9,191,-43,-313,-147,186
-16,214,-10,191,-43,-313,-148,178
-17,206,-11,189,-43,-313,-147,169
-19,199,-11,188,-43,-313,-148,163
-21,193,-11,186,-43,-314,-151,156
-23,187,-12,185,-43,-315,-152,150
-25,180,-13,184,-43,-315,-152,142
-27,173,-14,184,-43,-314,-153,136
-29,166,-14,182,-43,-314,-156,129
-31,162,-13,180,-43,-314,-155,124
-32,158,-13,177,-43,-314,-156,120
-32,155,-14,176,-43,-314,-153,118
-33,152,-15,176,-43,-314,-155,114
-34,149,-15,177,-43,-314,-158,111
-36,146,-14,177,-43,-314,-159,108
-38,144,-14,177,-43,-314,-162,106
-39,144,-14,176,-43,-314,-161,106
-39,144,-15,176,-43,-314,-161,106
-40,146,-14,177,-43,-314,-163,107
-40,148,-13,177,-43,-314,-164,109
-42,149,-12,179,-43,-314,-166,113
-42,150,-11,180,-43,-314,-167,114
-42,152,-10,180,-43,-314,-166,117
-41,154,-10,180,-43,-314,-166,119
-40,157,-11,180,-43,-314,-164,122
-39,159,-11,180,-43,-314,-163,124
-39,162,-10,180,-43,-315,-164,126
-40,165,-10,180,-43,-315,-164,130
-39,167,-9,181,-43,-314,-164,131
-39,167,-9,181,-43,-313,-163,133
-37,168,-8,182,-43,-311,-162,133
-36,168,-7,183,-43,-310,-161,133
-35,169,-8,182,-43,-309,-159,134
-34,169,-9,181,-43,-310,-158,134
-33,168,-9,181,-43,-310,-158,133
-33,166,-10,180,-43,-310,-157,131
-32,163,-10,180,-43,-310,-156,128
-32,161,-11,180,-43,-310,-156,125
-32,158,-11,180,-43,-310,-156,123
-32,155,-11,180,-43,-310,-156,120
-32,152,-10,180,-43,-310,-156,117
-32,148,-10,180,-43,-310,-156,113
-33,144,-11,180,-43,-310,-157,108
-34,140,-12,179,-43,-310,-158,104
-36,135,-13,177,-43,-310,-159,96
-37,129,-14,175,-43,-310,-158,91
-37,123,-14,173,-43,-310,-156,87
-38,119,-14,171,-43,-310,-156,83
-38,115,-14,170,-43,-310,-156,79
-40,112,-14,170,-43,-310,-158,75
-42,109,-14,170,-43,-310,-161,73
-44,105,-14,170,-43,-310,-162,68
-43,102,-15,169,-43,-310,-161,65
-42,98,-16,168,-43,-310,-159,59
-42,95,-17,167,-43,-311,-157,56
-42,93,-18,166,-43,-312,-157,53
-43,92,-18,166,-43,-313,-158,52
-44,92,-18,166,-43,-314,-159,52
-46,91,-18,166,-43,-314,-161,52
-47,90,-18,166,-43,-315,-162,51
-48,90,-18,166,-43,-315,-163,51
-48,91,-17,167,-43,-315,-163,52
-47,94,-16,169,-43,-314,-164,54
-46,96,-15,169,-43,-314,-164,59
-46,98,-14,170,-43,-314,-164,61
-48,99,-14,169,-43,-316,-166,62
-49,100,-15,169,-43,-318,-167,63
-50,102,-15,169,-43,-319,-168,64
-50,104,-15,169,-43,-320,-168,67
-49,105,-14,169,-43,-320,-167,68
-48,106,-15,169,-43,-319,-166,69
-48,108,-15,169,-43,-319,-166,72
-48,110,-15,169,-43,-319,-166,73
-47,112,-14,170,-44,-321,-166,75
-46,113,-14,170,-44,-323,-164,76
-45,114,-14,171,-44,-324,-163,78
-44,114,-15,171,-44,-325,-162,75
-45,114,-16,172,-44,-325,-163,75
-44,114,-16,173,-44,-324,-164,74
-44,112,-15,174,-44,-324,-164,73
-44,110,-14,174,-44,-325,-164,70
-45,108,-15,173,-44,-328,-166,69
-46,107,-17,172,-44,-331,-167,68
-47,107,-18,173,-44,-333,-168,68
-48,106,-18,173,-44,-334,-168,67
-49,104,-18,173,-44,-334,-169,64
-49,102,-18,173,-44,-334,-169,63
-49,100,-18,173,-44,-334,-169,61
-48,99,-18,173,-44,-336,-168,59
-49,98,-17,172,-45,-337,-169,58
-50,97,-16,170,-45,-339,-168,57
-51,95,-15,169,-45,-339,-168,58
-51,94,-14,169,-45,-339,-169,57
-52,93,-14,169,-45,-339,-170,56
-53,92,-14,170,-45,-339,-170,54
-54,93,-15,169,-45,-339,-172,56
-52,93,-16,168,-45,-339,-169,53
-50,93,-17,167,-45,-339,-166,54
-50,94,-18,167,-45,-339,-166,54
-50,94,-17,167,-45,-337,-166,54
-52,95,-16,168,-44,-336,-169,54
-52,97,-15,169,-44,-334,-169,59
-52,99,-15,169,-44,-334,-169,62
-51,101,-14,169,-44,-334,-169,64
-50,104,-14,169,-44,-334,-168,67
-50,107,-15,169,-45,-333,-168,70
-49,109,-15,169,-44,-331,-167,73
-50,111,-15,169,-44,-328,-168,74
-50,113,-15,169,-44,-325,-168,76
-49,115,-15,169,-43,-325,-167,78
-48,117,-15,169,-44,-324,-167,80
-47,118,-15,169,-45,-323,-166,81
-47,120,-15,169,-47,-321,-166,84
-48,121,-15,169,-48,-319,-167,85
-49,122,-15,169,-49,-317,-168,86
-50,122,-15,169,-49,-316,-168,86
-50,122,-15,169,-48,-314,-168,86
-49,122,-14,169,-48,-314,-168,86
-50,122,-14,170,-48,-314,-168,86
-49,122,-15,169,-48,-314,-168,86
-49,121,-16,168,-48,-314,-167,83
-48,119,-17,167,-48,-315,-164,80
-48,117,-17,167,-48,-314,-164,79
-49,115,-17,167,-48,-313,-164,76
-50,112,-17,167,-48,-311,-166,73
-50,109,-18,166,-48,-309,-166,70
-50,106,-18,166,-48,-309,-166,67
-50,104,-18,166,-48,-309,-166,64
-50,102,-18,166,-47,-310,-164,62
-50,100,-18,166,-48,-310,-166,61
-50,97,-18,166,-50,-309,-166,58
-51,95,-18,166,-51,-309,-167,56
-51,94,-18,166,-51,-309,-167,54
-50,93,-18,166,-49,-309,-166,54
-50,93,-18,166,-48,-309,-164,53
-49,91,-20,166,-49,-310,-164,52
-48,90,-21,164,-51,-310,-163,51
-48,89,-22,163,-53,-309,-163,50
-48,89,-22,162,-53,-307,-161,50
-48,90,-20,160,-53,-306,-161,50
-48,90,-18,161,-53,-306,-161,52
-48,89,-16,162,-53,-306,-161,52
-48,89,-15,162,-53,-306,-161,52
-48,89,-16,162,-53,-305,-161,52
-48,89,-17,162,-52,-303,-161,52
-48,89,-17,162,-52,-301,-161,52
-48,89,-15,162,-52,-299,-161,52
-48,90,-15,162,-52,-298,-161,52
-48,89,-15,162,-52,-296,-161,52
-48,89,-15,162,-52,-295,-161,52
-48,89,-15,162,-52,-293,-161,52
-48,90,-15,162,-52,-291,-161,52
-48,90,-14,162,-51,-288,-161,52
-48,90,-13,161,-51,-286,-158,52
-50,89,-13,160,-51,-285,-159,54
-51,88,-14,160,-51,-283,-162,51
-52,86,-16,159,-51,-281,-162,48
-51,84,-17,158,-51,-279,-161,47
-50,83,-18,157,-51,-276,-161,46
-50,83,-16,156,-50,-274,-159,46
-50,81,-15,156,-51,-271,-158,43
-52,79,-15,156,-50,-268,-159,41
-53,77,-16,155,-50,-267,-159,40
-52,76,-16,156,-50,-265,-159,39
-51,75,-16,156,-50,-265,-158,37
-50,74,-16,156,-50,-263,-157,36
-50,72,-16,155,-51,-262,-157,35
-50,71,-16,156,-52,-261,-157,34
-52,71,-16,156,-51,-260,-158,34
-52,71,-16,155,-50,-259,-159,34
-52,71,-16,155,-51,-257,-159,34
-51,71,-16,155,-51,-256,-158,34
-50,72,-16,156,-51,-255,-157,34
-50,72,-17,157,-52,-255,-159,35
-49,74,-17,157,-52,-256,-158,36
-48,76,-16,157,-53,-256,-158,39
-48,79,-16,156,-53,-255,-156,41
-48,80,-17,156,-53,-255,-158,43
-49,83,-18,158,-53,-255,-159,46
-49,87,-17,159,-52,-255,-159,51
-48,92,-15,161,-52,-255,-161,54
-46,95,-14,162,-52,-255,-158,58
-43,98,-15,162,-51,-255,-156,61
-42,101,-15,162,-50,-255,-155,64
-41,104,-15,162,-50,-255,-153,68
-40,108,-14,163,-50,-255,-153,72
-40,112,-12,165,-51,-255,-153,76
-40,117,-11,166,-51,-255,-153,84
-39,121,-11,166,-50,-255,-152,87
-38,124,-11,166,-49,-256,-151,90
-37,128,-11,166,-49,-256,-151,95
-37,132,-10,167,-49,-256,-153,98
-36,137,-9,168,-50,-256,-152,103
-36,141,-8,169,-50,-256,-152,108
-35,143,-8,169,-49,-256,-151,111
-34,146,-8,169,-49,-256,-150,113
-34,148,-7,170,-49,-256,-151,115
-33,151,-5,171,-50,-256,-150,119
-33,154,-4,172,-50,-257,-150,123
-33,155,-4,173,-50,-258,-150,124
-34,155,-4,173,-50,-259,-151,125
-34,156,-4,172,-50,-260,-151,125
-33,158,-4,173,-50,-260,-150,128
-32,159,-4,173,-50,-261,-148,129
-31,160,-4,172,-50,-261,-148,130
-31,160,-5,172,-50,-260,-147,128
-31,160,-6,171,-50,-260,-147,128
-31,160,-5,171,-50,-261,-147,128
-31,159,-4,172,-50,-260,-148,129
-32,159,-4,173,-50,-260,-151,129
-32,158,-5,173,-50,-260,-151,125
-31,157,-8,174,-50,-262,-150,124
-31,156,-10,173,-50,-264,-150,120
-32,154,-12,173,-50,-265,-151,119
-32,154,-11,173,-50,-266,-151,118
-33,153,-10,173,-50,-265,-152,118
-33,153,-10,174,-50,-265,-152,118
-33,153,-10,173,-50,-265,-152,118
-33,153,-11,173,-50,-265,-152,118
-32,154,-11,173,-50,-266,-151,119
-31,156,-11,173,-50,-268,-150,120
-31,159,-11,173,-50,-271,-150,123
-30,160,-11,172,-50,-272,-150,125
-30,162,-11,173,-50,-272,-150,128
-30,165,-10,173,-50,-271,-150,130
-30,168,-8,175,-50,-270,-151,135
-29,170,-7,176,-50,-271,-151,137
-28,173,-7,176,-50,-273,-150,141
-26,175,-7,176,-50,-275,-148,144
-26,178,-7,176,-51,-275,-147,146
-26,181,-7,176,-50,-275,-147,148
-27,183,-7,176,-50,-275,-148,151
-27,186,-8,176,-50,-275,-150,155
-26,189,-7,176,-51,-275,-148,157
-25,193,-7,177,-50,-275,-147,161
-24,195,-5,178,-50,-275,-146,164
-23,197,-4,179,-50,-275,-146,166
-24,199,-3,180,-51,-275,-147,168
-25,200,-4,179,-51,-274,-147,169
-26,202,-4,179,-50,-275,-148,170
-26,202,-4,179,-49,-277,-148,170
-24,201,-4,179,-48,-278,-146,169
-23,199,-4,179,-48,-280,-145,168
-22,198,-4,179,-47,-280,-145,167
-22,197,-4,179,-47,-281,-145,166
-22,194,-3,180,-47,-281,-144,163
-22,191,-4,179,-48,-280,-145,159
-22,187,-5,178,-49,-278,-144,156
-22,183,-7,177,-49,-277,-145,151
-24,179,-7,176,-48,-277,-146,147
-24,175,-8,176,-46,-279,-146,142
-25,169,-8,176,-47,-280,-146,137
-25,163,-8,175,-48,-279,-144,131
-26,157,-9,173,-48,-277,-145,125
-27,151,-10,172,-46,-277,-145,118
-28,145,-10,171,-46,-278,-146,109
-29,139,-11,171,-46,-278,-147,103
-29,133,-12,169,-47,-279,-145,97
-30,127,-13,168,-49,-279,-146,91
-32,122,-13,166,-49,-280,-147,86
-34,118,-13,165,-48,-279,-147,81
-35,113,-14,164,-47,-277,-148,76
-36,108,-15,162,-48,-275,-150,72
-38,104,-15,162,-48,-275,-151,68
-40,101,-15,162,-49,-275,-152,64
-41,99,-15,162,-49,-275,-153,62
-41,97,-15,162,-50,-275,-153,61
-42,95,-15,162,-50,-275,-155,58
-43,93,-15,163,-50,-275,-156,56
-45,91,-15,162,-50,-275,-158,54
-47,90,-16,162,-49,-275,-159,53
-47,88,-18,160,-49,-275,-159,51
-46,86,-19,159,-50,-275,-158,47
-46,85,-19,159,-51,-275,-158,46
-46,86,-19,159,-51,-275,-156,50
-47,88,-18,159,-50,-275,-157,51
-47,89,-16,159,-50,-275,-157,52
-48,88,-16,160,-50,-275,-158,51
-49,87,-16,161,-51,-275,-161,51
-50,86,-17,161,-50,-275,-163,50
-52,85,-18,160,-50,-275,-164,46
-51,85,-19,159,-50,-275,-164,45
-50,84,-19,159,-51,-275,-161,47
-50,83,-18,158,-51,-275,-161,46
-51,82,-18,158,-50,-275,-161,45
-52,80,-18,158,-49,-275,-162,42
-53,78,-18,159,-49,-275,-163,41
-53,76,-18,160,-49,-275,-166,39
-53,74,-19,159,-50,-275,-164,34
-53,71,-20,158,-51,-275,-162,30
-52,67,-21,157,-51,-275,-162,26
-52,64,-22,156,-50,-275,-162,24
-53,61,-22,156,-50,-275,-162,20
-54,57,-22,156,-50,-275,-163,17
-57,53,-22,156,-51,-275,-166,13
-58,50,-23,155,-50,-275,-167,9
-59,47,-25,154,-50,-275,-168,6
-59,43,-26,153,-50,-275,-168,0
-58,39,-26,152,-50,-275,-167,-3
-57,36,-26,153,-50,-274,-167,-7
-57,34,-26,153,-50,-275,-166,-8
-58,34,-26,153,-51,-276,-167,-9
-60,34,-26,153,-51,-278,-169,-9
-61,32,-26,153,-51,-280,-170,-10
-63,30,-26,153,-51,-280,-172,-13
-63,28,-26,153,-51,-281,-172,-15
-64,27,-26,152,-51,-281,-173,-15
-64,29,-26,153,-51,-283,-173,-14
-63,31,-25,154,-51,-284,-172,-9
-62,34,-24,155,-51,-284,-170,-6
-62,37,-22,156,-51,-284,-170,-3
-61,39,-21,155,-51,-285,-170,-1
-62,42,-21,155,-51,-286,-170,1
-61,45,-21,154,-51,-289,-168,4
-60,50,-19,154,-52,-292,-167,12
-58,56,-17,155,-52,-295,-166,18
-58,63,-15,155,-52,-296,-164,25
-57,68,-15,155,-52,-298,-164,30
-55,73,-15,156,-52,-299,-163,35
-54,78,-16,158,-53,-301,-163,41
-52,83,-15,160,-52,-303,-162,46
-51,89,-14,161,-52,-305,-162,52
-51,95,-13,161,-51,-308,-162,61
-51,100,-11,161,-50,-311,-161,65
-50,105,-10,162,-49,-313,-161,70
-48,110,-9,163,-48,-314,-161,76
-46,114,-9,163,-48,-316,-159,80
-46,119,-9,163,-48,-318,-157,85
-46,123,-9,163,-49,-320,-159,90
-46,126,-10,164,-49,-323,-159,92
-44,127,-11,165,-49,-325,-158,93
-43,127,-11,165,-49,-328,-156,93
-41,127,-11,165,-49,-330,-155,93
-41,128,-11,166,-50,-332,-155,95
-41,129,-12,166,-49,-333,-155,92
-42,128,-12,166,-48,-334,-155,92
-42,127,-11,166,-48,-336,-155,93
-41,127,-11,166,-48,-337,-155,93
-39,126,-11,166,-48,-338,-153,92
-38,125,-11,166,-46,-339,-151,91
-37,124,-11,166,-45,-341,-150,90
-37,123,-11,166,-45,-342,-151,90
-38,123,-11,166,-45,-344,-151,90
-38,121,-11,166,-45,-344,-151,87
-37,120,-11,166,-45,-344,-150,86
-36,119,-11,166,-45,-344,-150,85
-36,118,-11,166,-45,-344,-150,84
-36,118,-11,166,-45,-344,-148,84
-35,119,-11,166,-45,-344,-148,86
-34,121,-11,166,-45,-344,-147,87
-33,124,-11,166,-45,-343,-146,90
-32,126,-12,166,-45,-344,-145,90
-32,128,-11,166,-45,-345,-145,95
-32,130,-10,167,-45,-347,-147,97
-32,133,-9,168,-45,-349,-147,101
-31,137,-8,169,-46,-349,-147,104
-31,142,-8,169,-46,-349,-147,108
-29,146,-8,169,-45,-349,-145,113
-28,151,-8,169,-45,-349,-144,118
-27,155,-7,170,-45,-349,-144,123
-25,160,-5,171,-46,-349,-141,128
-23,165,-4,172,-47,-349,-139,135
-21,169,-4,173,-47,-349,-140,136
-19,173,-4,175,-47,-349,-139,141
-19,178,-3,176,-46,-349,-139,148
-20,183,-2,177,-45,-349,-140,153
-20,188,-1,176,-45,-349,-140,159
-20,192,-1,176,-45,-348,-140,163
-18,195,-1,176,-46,-347,-137,167
-17,198,0,177,-45,-346,-136,169
-15,200,1,178,-45,-345,-135,172
-14,203,2,179,-45,-345,-134,174
-13,205,2,180,-45,-345,-135,177
-12,207,1,180,-45,-344,-135,179
-13,209,0,181,-45,-344,-135,180
-13,209,0,182,-45,-343,-135,180
-13,209,0,182,-45,-344,-139,180
-13,209,-1,183,-45,-344,-137,180
-13,209,0,182,-45,-344,-137,180
-13,209,0,181,-45,-344,-136,180
-13,209,0,181,-45,-344,-136,180
-13,209,0,181,-45,-342,-135,180
-12,208,0,182,-45,-340,-135,179
-11,206,-2,182,-45,-339,-136,174
-12,204,-2,182,-45,-339,-136,173
-13,201,-2,180,-45,-339,-135,172
-13,199,0,177,-45,-339,-133,170
-13,198,0,175,-45,-339,-133,169
-13,198,-1,176,-45,-337,-133,169
-12,198,-2,177,-45,-336,-133,169
-12,198,-3,178,-44,-336,-135,169
-12,197,-3,178,-44,-336,-135,166
-12,196,-3,178,-44,-336,-134,164
-11,195,-3,179,-44,-335,-133,163
-11,195,-3,179,-44,-334,-133,163
-11,195,-4,179,-44,-334,-133,163
-12,197,-3,178,-44,-334,-134,166
-12,198,-3,178,-44,-334,-135,169
-13,198,-2,179,-44,-334,-135,169
-13,198,-1,181,-44,-334,-135,169
-13,199,0,183,-44,-334,-137,170
-13,202,-1,182,-44,-334,-137,170
-12,203,-3,180,-44,-334,-134,172
-11,205,-3,180,-44,-333,-134,173
-11,206,-1,181,-44,-332,-133,178
-10,208,0,181,-44,-331,-133,179
-10,210,0,181,-44,-330,-133,181
-10,213,0,181,-44,-329,-133,184
-10,214,0,182,-44,-329,-133,185
-10,215,-1,183,-44,-329,-135,186
-11,216,-1,183,-44,-329,-136,187
-12,217,0,182,-44,-329,-137,189
-12,218,0,181,-44,-329,-135,190
-12,218,1,180,-44,-329,-135,190
-12,217,2,179,-44,-329,-133,191
-12,215,2,179,-44,-329,-133,189
-14,213,1,178,-44,-330,-134,185
-15,213,0,177,-44,-329,-135,184
-16,211,-1,176,-44,-328,-136,183
-17,209,-1,176,-44,-326,-137,180
-17,204,-1,175,-44,-324,-137,175
-18,200,-2,175,-44,-324,-137,172
-19,196,-3,173,-44,-324,-139,167
-21,192,-4,173,-45,-324,-137,163
-21,187,-4,172,-46,-324,-139,158
-22,182,-5,171,-46,-325,-139,150
-23,176,-7,170,-46,-325,-140,144
-25,169,-7,169,-46,-324,-141,136
-27,162,-8,169,-45,-323,-144,130
-29,156,-9,168,-44,-321,-145,123
-29,150,-10,167,-43,-319,-146,117
-29,144,-11,166,-43,-319,-142,111
-30,138,-13,164,-45,-319,-144,103
-32,133,-14,163,-47,-319,-146,97
-36,128,-15,162,-48,-319,-150,92
-39,122,-15,162,-49,-319,-152,86
-40,117,-16,162,-49,-319,-153,81
-40,112,-16,161,-48,-320,-153,76
-40,108,-17,161,-48,-319,-153,72
-42,105,-18,160,-48,-318,-155,69
-43,104,-19,159,-49,-316,-153,64
-44,103,-19,159,-48,-314,-155,63
-44,103,-18,160,-48,-314,-157,67
-44,103,-16,162,-48,-314,-157,67
-44,103,-15,162,-48,-314,-157,65
-44,103,-16,162,-48,-314,-157,67
-44,105,-16,162,-48,-314,-157,68
-43,108,-17,161,-48,-314,-156,72
-42,111,-17,161,-48,-314,-155,74
-41,114,-17,161,-48,-315,-153,78
-39,118,-16,162,-48,-314,-152,81
-39,122,-14,163,-48,-313,-152,86
-38,128,-12,165,-48,-310,-151,92
-38,134,-11,166,-48,-310,-151,101
-37,140,-11,166,-48,-310,-151,107
-36,147,-11,166,-49,-311,-150,114
-33,153,-10,167,-49,-311,-150,120
-30,159,-9,168,-50,-310,-146,126
-27,164,-8,169,-50,-309,-144,131
-25,169,-8,169,-50,-309,-141,137
-24,175,-8,169,-49,-310,-140,142
-23,180,-7,170,-49,-310,-140,147
-21,184,-5,171,-49,-309,-139,152
-20,187,-4,172,-49,-307,-136,158
-18,191,-4,173,-50,-306,-135,162
-17,194,-4,173,-50,-306,-135,166
-16,196,-4,172,-50,-307,-133,167
-14,197,-4,172,-49,-308,-131,168
-13,198,-4,172,-49,-307,-130,169
-12,198,-4,172,-49,-305,-130,169
-13,198,-4,172,-50,-304,-130,169
-13,198,-4,172,-50,-304,-130,169
-12,197,-4,172,-50,-305,-129,168
-11,195,-4,173,-49,-304,-128,164
-9,192,-5,173,-48,-304,-126,161
-9,188,-4,173,-48,-305,-125,159
-10,185,-3,172,-49,-305,-126,156
-11,182,-2,170,-51,-304,-125,153
-12,179,-2,168,-52,-303,-126,150
-13,176,-3,166,-52,-301,-128,146
-14,172,-5,165,-50,-299,-128,142
-14,167,-5,165,-49,-299,-128,137
-14,163,-5,166,-49,-299,-128,134
-15,159,-4,166,-50,-300,-129,130
-16,157,-3,165,-51,-299,-128,126
-18,154,-3,164,-50,-300,-129,124
-20,151,-4,162,-49,-299,-131,122
-21,149,-5,160,-48,-299,-130,119
-22,146,-5,159,-49,-298,-130,117
-22,144,-5,158,-50,-297,-130,114
-21,143,-5,159,-51,-296,-130,113
-22,143,-5,159,-50,-295,-130,113
-23,142,-5,159,-49,-295,-131,112
-24,141,-5,159,-49,-295,-133,111
-26,140,-5,159,-50,-295,-134,111
-26,140,-5,159,-52,-295,-135,111
-27,142,-5,159,-52,-294,-135,112
-28,143,-5,159,-52,-294,-136,113
-28,145,-5,158,-52,-294,-137,114
-29,147,-5,159,-52,-294,-137,117
-28,149,-4,159,-52,-294,-137,119
-27,150,-3,161,-52,-294,-136,123
-26,151,-2,163,-52,-294,-137,124
-27,153,-2,163,-52,-294,-139,125
-28,155,-2,163,-52,-294,-140,126
-27,156,-3,163,-52,-294,-139,126
-26,157,-3,163,-52,-294,-137,128
-25,158,-3,163,-52,-294,-136,128
-25,159,-3,163,-51,-294,-136,130
-24,162,-3,164,-50,-295,-136,133
-24,164,-4,164,-50,-295,-135,134
-23,165,-4,166,-51,-295,-137,135
-22,165,-5,166,-51,-294,-136,135
-21,166,-4,165,-51,-294,-135,136
-19,166,-4,164,-50,-293,-131,136
-18,167,-3,164,-49,-292,-130,137
-18,167,-3,165,-49,-291,-129,137
-18,167,-2,165,-50,-290,-130,137
-18,167,-1,165,-51,-289,-130,140
-17,168,-1,164,-52,-289,-129,141
-15,169,-2,163,-52,-289,-126,142
-14,169,-3,163,-51,-289,-125,140
-13,168,-3,163,-51,-289,-124,139
-13,168,-2,165,-51,-290,-124,139
-13,168,-1,167,-52,-290,-128,141
-13,167,-1,168,-51,-289,-126,141
-12,167,-2,168,-51,-288,-126,137
-13,166,-4,166,-51,-286,-126,137
-14,166,-4,166,-51,-285,-128,136
-14,165,-4,166,-51,-286,-128,136
-13,165,-4,167,-51,-286,-126,135
-12,165,-3,166,-51,-286,-125,135
-12,166,-3,165,-51,-285,-123,137
-13,168,-3,163,-51,-285,-124,139
-14,169,-2,163,-51,-284,-125,142
-14,170,-2,163,-51,-285,-125,144
-14,169,-2,163,-51,-285,-125,142
-14,169,-2,162,-51,-285,-123,142
-13,170,-2,162,-51,-285,-122,144
-12,172,-1,162,-51,-285,-122,145
-11,175,0,163,-51,-285,-120,148
-10,177,0,164,-51,-283,-122,151
-10,179,1,165,-51,-281,-122,153
-10,181,2,165,-51,-280,-122,155
-10,184,2,165,-51,-279,-122,158
-10,186,1,165,-51,-280,-122,159
-10,188,1,165,-51,-280,-122,162
-9,190,1,165,-51,-280,-120,164
-8,193,1,165,-51,-278,-120,167
-8,196,1,165,-51,-277,-120,170
-8,199,2,165,-51,-276,-120,173
-8,200,2,166,-51,-276,-120,174
-8,200,3,166,-51,-276,-120,177
-8,200,2,166,-51,-275,-120,174
-7,201,2,165,-50,-275,-119,175
-7,201,1,165,-50,-274,-119,175
-7,201,1,165,-50,-273,-119,175
-8,200,1,165,-50,-271,-120,174
-8,198,2,165,-50,-270,-120,173
-7,197,2,165,-50,-270,-119,172
-7,195,1,165,-50,-270,-119,169
-8,193,0,164,-50,-270,-120,167
-9,189,0,163,-50,-269,-118,163
-10,183,-1,162,-50,-267,-119,156
-12,176,-2,162,-50,-265,-120,150
-14,169,-3,161,-50,-265,-123,142
-17,164,-4,160,-50,-265,-125,135
-19,158,-5,159,-50,-265,-128,128
-20,150,-5,158,-50,-264,-129,120
-22,144,-6,158,-50,-264,-130,113
-24,137,-7,157,-50,-264,-133,107
-27,132,-9,155,-50,-263,-133,102
-29,126,-10,154,-50,-262,-135,96
-31,119,-11,153,-50,-261,-136,86
-33,113,-12,152,-50,-260,-139,79
-36,107,-13,152,-50,-260,-141,73
-38,101,-14,151,-50,-261,-142,68
-39,96,-14,150,-50,-261,-145,62
-40,92,-16,149,-50,-260,-142,58
-41,89,-16,148,-50,-260,-144,54
-43,87,-16,149,-50,-260,-145,53
-45,86,-16,149,-50,-261,-147,52
-46,85,-16,149,-50,-261,-148,51
-46,85,-16,149,-50,-260,-148,51
-46,86,-16,148,-50,-260,-148,52
-46,89,-16,149,-50,-260,-148,54
-46,92,-14,150,-50,-262,-151,58
-46,95,-14,151,-50,-264,-151,61
-45,98,-13,152,-50,-265,-150,64
-44,103,-12,152,-50,-266,-150,69
-44,108,-11,153,-50,-265,-150,75
-43,115,-10,154,-50,-265,-150,84
-43,120,-9,155,-50,-265,-148,90
-40,126,-9,155,-50,-265,-146,95
-37,131,-8,155,-50,-265,-144,100
-34,136,-7,156,-50,-265,-140,106
-32,142,-6,157,-50,-265,-141,112
-30,148,-5,158,-50,-267,-139,118
-28,152,-5,159,-50,-268,-137,122
-28,157,-4,160,-50,-270,-136,126
-26,161,-3,161,-50,-271,-135,134
-23,166,-1,162,-50,-270,-133,139
-20,170,-1,162,-50,-270,-129,144
-17,173,-1,162,-50,-270,-126,146
-16,174,-2,162,-50,-270,-125,147
-15,176,-1,162,-50,-270,-124,150
-15,178,0,163,-50,-270,-124,152
-15,180,0,163,-50,-270,-124,153
-14,181,0,162,-50,-270,-124,155
-13,181,-1,162,-50,-270,-123,155
-11,181,0,162,-50,-270,-120,155
-9,181,0,163,-50,-270,-119,155
-8,181,0,162,-50,-270,-118,155
-8,180,0,162,-50,-270,-118,153
-10,179,0,162,-50,-270,-119,152
-11,177,0,163,-50,-270,-120,151
-11,175,0,163,-49,-270,-120,148
-10,173,-1,162,-48,-270,-119,147
-9,172,-1,162,-49,-270,-118,146
-8,170,-2,161,-50,-270,-117,144
-9,168,-2,161,-50,-270,-118,141
-10,166,-2,161,-51,-271,-119,139
-11,165,-2,161,-50,-270,-120,139
-10,166,-3,161,-50,-268,-119,139
-10,166,-4,160,-50,-267,-119,136
-10,165,-5,159,-50,-265,-118,135
-10,164,-6,158,-50,-265,-119,135
-11,164,-5,159,-50,-265,-119,135
-11,165,-4,160,-50,-265,-120,135
-12,166,-2,161,-50,-265,-120,139
-12,165,-1,162,-50,-265,-120,139
-11,165,-1,162,-50,-265,-120,139
-10,166,-1,162,-50,-266,-119,139
-8,167,-1,162,-50,-265,-117,140
-8,169,-1,162,-50,-264,-117,142
-9,170,-1,162,-50,-262,-118,144
-9,171,-1,162,-50,-260,-118,145
-9,173,-2,162,-50,-260,-118,146
-8,175,-1,162,-50,-260,-117,148
-7,177,0,163,-50,-261,-115,151
-6,179,0,164,-50,-261,-118,152
-5,180,2,165,-50,-260,-117,153
-4,182,1,165,-50,-260,-115,156
-3,184,0,164,-50,-260,-115,158
-3,186,0,164,-50,-260,-114,159
-1,187,0,164,-50,-260,-113,161
0,188,1,165,-50,-260,-112,162
0,190,2,165,-50,-260,-111,164
0,192,2,165,-50,-260,-111,167
0,194,1,165,-50,-260,-111,168
1,195,1,165,-50,-260,-111,169
1,197,1,165,-50,-260,-109,170
2,199,1,165,-50,-260,-108,174
3,201,1,165,-50,-260,-107,175
4,203,1,165,-50,-260,-107,178
5,204,1,165,-50,-260,-106,179
5,205,1,165,-50,-260,-106,179
5,205,1,165,-50,-260,-107,180
6,207,1,165,-50,-260,-106,181
7,209,1,165,-50,-260,-104,184
7,211,1,165,-50,-260,-104,186
6,213,1,165,-50,-260,-104,187
6,213,1,165,-50,-260,-106,189
5,214,2,165,-50,-261,-106,189
7,215,2,165,-50,-260,-104,190
8,215,1,165,-50,-260,-103,190
10,216,1,165,-50,-260,-101,191
10,216,2,165,-48,-261,-101,191
10,216,3,166,-46,-262,-101,194
10,216,4,167,-45,-263,-101,194
8,215,3,167,-46,-264,-103,192
7,214,3,167,-47,-264,-104,191
5,213,3,166,-48,-264,-107,190
3,213,3,165,-48,-265,-108,190
3,212,3,164,-46,-265,-106,190
2,210,3,164,-45,-266,-107,187
0,207,1,165,-45,-266,-111,181
0,203,1,165,-47,-265,-113,177
-2,199,1,165,-49,-265,-114,173
-4,195,2,165,-49,-264,-117,169
-6,192,2,165,-47,-264,-118,166
-7,188,1,165,-45,-264,-119,162
-8,184,0,164,-44,-264,-120,157
-10,179,0,163,-45,-262,-122,153
-12,175,-1,162,-46,-261,-120,148
-13,169,-1,161,-46,-260,-123,142
-14,163,0,158,-47,-260,-120,136
-15,158,-1,156,-47,-259,-122,130
-16,153,-1,155,-46,-257,-123,126
-17,148,-2,155,-46,-256,-123,122
-18,144,-3,154,-45,-255,-122,117
-20,140,-4,153,-45,-256,-124,113
-22,136,-5,152,-46,-256,-125,108
-23,132,-6,151,-48,-254,-126,104
-24,129,-5,151,-50,-252,-126,102
-24,127,-5,152,-50,-251,-128,98
-25,124,-5,152,-47,-250,-128,96
-25,122,-6,151,-46,-251,-128,93
-26,120,-8,149,-46,-251,-129,90
-26,120,-9,148,-47,-251,-129,90
-27,122,-9,148,-49,-249,-130,91
-27,122,-9,148,-50,-247,-130,92
-28,123,-9,148,-49,-246,-130,92
-27,124,-9,148,-47,-245,-130,93
-25,126,-9,148,-47,-245,-129,96
-25,128,-9,148,-48,-246,-128,97
-24,130,-9,148,-49,-246,-128,100
-23,133,-8,149,-49,-246,-126,103
-22,137,-7,151,-49,-246,-125,109
-21,141,-6,151,-49,-244,-124,114
-19,146,-5,152,-49,-242,-123,118
-18,150,-4,153,-49,-242,-122,123
-16,153,-3,154,-49,-242,-119,125
-14,156,-2,155,-49,-243,-120,129
-13,160,-1,155,-49,-242,-119,134
-11,165,-1,156,-49,-242,-118,139
-10,172,0,157,-49,-241,-117,147
-7,178,1,158,-48,-241,-114,155
-5,184,3,159,-49,-241,-112,161
-2,188,3,161,-49,-241,-109,166
0,194,4,161,-49,-241,-109,170
1,200,5,162,-48,-241,-107,177
4,207,6,162,-47,-241,-104,184
7,214,7,164,-47,-241,-102,195
11,222,9,166,-47,-241,-98,202
14,230,11,167,-48,-241,-96,209
15,237,12,168,-49,-241,-97,218
17,244,12,170,-49,-241,-95,225
20,251,12,172,-49,-241,-95,231
25,258,13,174,-48,-241,-90,239
28,265,13,174,-47,-241,-87,246
30,271,14,175,-47,-240,-85,252
32,278,16,176,-47,-239,-83,262
35,285,18,176,-46,-240,-80,269
39,293,18,176,-45,-239,-76,278
42,300,18,176,-45,-238,-74,285
43,306,18,177,-46,-236,-73,291
44,311,19,180,-48,-236,-74,296
45,314,19,181,-49,-236,-73,300
47,318,19,182,-49,-236,-72,303
48,321,20,181,-48,-235,-70,307
50,325,20,180,-48,-233,-69,311
51,328,21,180,-48,-232,-67,313
53,329,20,180,-48,-231,-65,314
53,328,19,180,-48,-230,-65,314
52,326,18,178,-48,-228,-64,312
51,324,17,177,-48,-227,-64,310
50,322,16,177,-48,-226,-65,307
50,319,16,178,-48,-226,-68,302
49,315,16,176,-47,-225,-67,299
48,309,16,174,-47,-224,-68,295
46,303,15,171,-47,-221,-67,289
44,296,14,170,-47,-220,-68,281
42,289,13,169,-47,-218,-72,271
38,280,12,168,-47,-217,-74,262
34,271,11,167,-47,-216,-75,252
30,260,9,166,-47,-216,-80,242
26,251,7,164,-47,-216,-83,231
23,240,5,163,-47,-215,-86,218
19,229,5,161,-47,-214,-87,207
15,217,4,159,-47,-213,-91,195
10,206,4,157,-47,-212,-93,184
4,195,3,155,-46,-210,-100,172
0,184,0,153,-46,-210,-103,161
-3,173,0,151,-46,-210,-107,150
-6,162,-1,149,-46,-210,-107,139
-10,151,-3,147,-46,-209,-111,125
-15,140,-5,145,-46,-207,-113,113
-19,131,-7,144,-46,-206,-117,103
-22,122,-8,143,-46,-207,-120,95
-25,115,-9,142,-46,-207,-123,86
-29,108,-9,141,-46,-207,-126,79
-32,101,-11,140,-46,-207,-130,70
-34,96,-12,140,-46,-207,-131,65
-35,92,-13,138,-46,-207,-129,61
-35,89,-12,137,-46,-207,-130,58
-37,86,-11,136,-46,-207,-131,58
-39,86,-10,135,-46,-207,-131,57
-41,86,-9,134,-46,-207,-133,57
-42,87,-10,135,-46,-207,-134,58
-42,90,-11,136,-46,-207,-136,61
-41,93,-12,137,-46,-207,-136,62
-40,98,-13,138,-46,-207,-135,67
-38,102,-12,140,-46,-207,-136,70
-36,108,-11,140,-46,-207,-134,76
-33,113,-9,141,-46,-207,-131,85
-32,121,-8,143,-46,-207,-130,92
-31,129,-7,144,-46,-207,-129,101
-30,137,-6,144,-46,-207,-128,109
-28,144,-5,145,-46,-207,-128,117
-26,152,-5,146,-46,-207,-128,125
-23,159,-3,147,-46,-207,-125,131
-19,166,-2,148,-46,-207,-122,142
-16,173,-1,150,-46,-207,-118,150
-14,180,0,150,-46,-207,-115,157
-12,187,0,151,-46,-207,-114,163
-10,193,0,151,-46,-207,-112,170
-8,199,0,154,-46,-207,-113,177
-5,204,1,156,-46,-207,-109,181
-3,208,2,157,-46,-205,-109,185
0,210,3,156,-46,-203,-106,187
0,211,3,156,-46,-202,-103,187
1,211,2,157,-46,-202,-104,189
2,211,1,158,-46,-202,-104,189
1,212,2,158,-46,-202,-104,189
1,212,3,156,-46,-202,-103,189
1,209,4,155,-46,-202,-103,189
1,206,3,155,-46,-202,-103,183
0,202,0,155,-48,-202,-103,179
-1,197,-2,155,-50,-202,-106,172
-4,191,-1,154,-50,-200,-108,166
-6,185,-1,154,-48,-198,-111,158
-8,178,-1,154,-46,-197,-112,152
-8,172,-1,153,-46,-197,-112,146
-8,167,-2,150,-47,-197,-109,140
-9,161,-2,148,-50,-197,-111,136
-11,155,-2,148,-51,-197,-112,130
-13,148,-3,147,-51,-197,-114,123
-15,141,-5,146,-50,-197,-115,114
-17,134,-7,144,-49,-197,-115,107
-19,127,-8,142,-49,-195,-118,100
-21,121,-9,141,-49,-193,-119,93
-22,116,-10,141,-49,-192,-120,89
-23,112,-10,140,-50,-192,-122,81
-25,108,-11,140,-50,-193,-122,78
-26,104,-12,140,-50,-194,-124,73
-28,101,-12,140,-50,-193,-125,69
-29,98,-12,139,-49,-192,-126,67
-29,96,-12,137,-49,-192,-124,64
-30,94,-12,137,-50,-193,-125,63
-30,93,-12,137,-51,-195,-125,63
-31,93,-12,137,-52,-197,-126,62
-32,93,-11,136,-51,-197,-128,64
-33,93,-10,135,-49,-197,-125,64
-33,92,-9,134,-47,-197,-125,64
-33,92,-10,134,-47,-197,-125,63
-33,92,-10,134,-49,-197,-125,63
-33,92,-11,133,-51,-197,-125,63
-33,93,-12,133,-52,-197,-125,64
-34,93,-12,132,-51,-197,-126,65
-34,94,-13,131,-49,-197,-126,63
-34,93,-13,131,-49,-197,-126,63
-34,92,-13,131,-50,-197,-126,61
-35,90,-13,131,-51,-197,-128,59
-37,90,-13,131,-51,-197,-130,58
-39,89,-13,131,-51,-197,-131,58
-40,88,-13,131,-50,-197,-133,57
-40,86,-13,131,-48,-198,-133,56
-40,84,-13,131,-48,-199,-133,53
-41,83,-13,132,-48,-198,-133,51
-42,82,-13,131,-50,-197,-134,50
-43,80,-14,130,-51,-197,-135,48
-43,77,-16,129,-51,-197,-133,46
-44,74,-17,128,-50,-197,-134,42
-45,71,-17,128,-47,-197,-134,39
-46,68,-17,128,-46,-197,-135,36
-47,66,-17,128,-47,-197,-136,35
-47,64,-17,128,-49,-197,-137,31
-48,61,-17,128,-51,-197,-137,29
-48,58,-17,128,-51,-197,-137,26
-47,57,-17,128,-51,-197,-136,25
-47,56,-17,128,-51,-197,-136,24
-46,56,-18,128,-51,-197,-135,24
-46,54,-18,127,-51,-197,-135,21
-45,53,-17,126,-51,-197,-134,20
-44,52,-16,124,-50,-195,-131,20
-45,53,-15,123,-50,-193,-131,23
-45,52,-15,123,-50,-192,-131,23
-46,52,-14,124,-50,-191,-133,21
-46,51,-14,124,-50,-192,-133,21
-46,52,-14,125,-50,-192,-133,23
-46,54,-14,125,-50,-192,-133,24
-46,56,-14,125,-50,-192,-134,26
-46,57,-14,124,-50,-192,-134,28
-46,58,-14,124,-50,-192,-133,29
-44,59,-14,125,-50,-192,-131,29
-44,60,-14,124,-50,-192,-130,31
-44,62,-14,124,-50,-192,-131,32
-45,63,-14,124,-50,-192,-131,34
-44,65,-14,124,-50,-192,-131,35
-43,66,-14,124,-50,-190,-130,37
-43,69,-14,124,-50,-189,-130,40
-43,70,-14,124,-50,-188,-130,41
-43,70,-14,124,-50,-189,-130,41
-43,70,-14,124,-50,-190,-130,41
-45,71,-14,124,-50,-189,-131,42
-45,73,-14,124,-50,-188,-133,43
-44,75,-14,124,-50,-187,-131,46
-43,77,-14,124,-51,-187,-130,47
-42,77,-14,124,-52,-187,-129,47
-42,76,-14,124,-52,-187,-129,47
-44,75,-14,124,-52,-187,-131,46
-44,75,-14,124,-51,-187,-131,46
-44,75,-14,124,-50,-187,-131,46
-45,76,-14,124,-50,-188,-133,47
-47,78,-14,124,-50,-189,-134,48
-48,79,-14,124,-50,-188,-135,50
-47,77,-14,124,-50,-187,-135,48
-46,76,-14,124,-50,-187,-134,47
-46,75,-14,124,-50,-187,-134,46
-47,77,-14,124,-50,-187,-134,48
-48,79,-14,124,-50,-187,-135,50
-48,79,-14,124,-50,-187,-136,50
-48,79,-14,124,-50,-187,-136,50
-48,79,-14,124,-50,-187,-135,50
-47,79,-14,124,-50,-187,-134,50
-46,79,-14,124,-50,-187,-134,50
-45,80,-14,124,-50,-187,-133,51
-45,82,-14,124,-50,-186,-133,53
-46,84,-14,124,-50,-185,-133,54
-46,85,-14,124,-50,-186,-133,57
-45,86,-14,124,-50,-187,-133,57
-43,87,-14,124,-50,-187,-130,58
-42,89,-14,124,-50,-187,-130,61
-42,91,-14,124,-50,-187,-129,62
-41,93,-14,124,-50,-186,-129,64
-40,94,-14,124,-50,-186,-128,65
-39,97,-14,125,-50,-185,-126,68
-38,99,-14,125,-52,-185,-125,70
-38,101,-14,124,-53,-184,-125,72
-37,101,-14,124,-53,-184,-125,73
-36,102,-14,124,-52,-184,-124,74
-35,102,-13,125,-51,-184,-123,74
-33,103,-13,125,-51,-184,-122,75
-33,103,-12,126,-53,-184,-122,75
-33,103,-12,126,-54,-183,-120,75
-32,104,-12,126,-54,-184,-120,75
-31,104,-12,126,-54,-185,-118,76
-29,105,-13,125,-53,-185,-117,78
-29,105,-13,125,-54,-184,-117,78
-29,106,-14,124,-54,-183,-117,78
-29,106,-14,124,-54,-183,-117,78
-29,105,-14,124,-53,-184,-117,78
-29,103,-14,125,-52,-184,-117,75
-30,101,-14,125,-52,-183,-118,73
-32,99,-14,124,-53,-182,-119,72
-32,97,-14,124,-53,-182,-120,69
-33,96,-14,124,-52,-182,-120,67
-33,94,-14,125,-51,-182,-120,65
-33,93,-14,125,-50,-182,-120,64
-34,91,-14,124,-50,-182,-122,63
-36,89,-14,122,-51,-182,-120,61
-37,87,-15,121,-52,-184,-122,58
-38,84,-15,121,-54,-186,-123,54
-39,82,-16,122,-54,-187,-123,53
-39,80,-16,122,-54,-185,-124,51
-40,78,-16,120,-52,-184,-124,48
-40,75,-15,119,-50,-184,-125,46
-41,73,-15,118,-50,-185,-124,43
-42,71,-15,118,-50,-187,-124,42
-43,70,-15,119,-51,-187,-128,41
-43,70,-15,119,-52,-187,-128,41
-44,69,-15,119,-52,-187,-129,40
-46,68,-14,118,-53,-187,-129,40
-48,68,-14,117,-53,-187,-130,39
-48,68,-14,117,-53,-187,-130,39
-46,68,-14,117,-52,-187,-128,40
-44,69,-14,118,-52,-187,-126,40
-44,69,-14,118,-53,-187,-126,40
-46,71,-14,118,-53,-188,-128,41
-46,73,-14,118,-53,-190,-128,43
-44,75,-14,117,-52,-192,-126,46
-43,76,-14,117,-52,-192,-125,47
-42,78,-14,118,-54,-192,-124,50
-42,82,-13,119,-56,-191,-124,53
-42,85,-11,120,-56,-191,-125,59
-41,90,-10,121,-54,-192,-126,63
-39,93,-10,121,-52,-193,-124,67
-37,97,-10,121,-51,-194,-123,72
-36,101,-10,121,-51,-195,-122,75
-35,106,-10,121,-53,-196,-120,80
-34,110,-11,120,-54,-196,-119,85
-32,114,-10,121,-53,-195,-118,89
-30,117,-9,122,-52,-195,-115,92
-28,121,-8,123,-50,-195,-114,96
-27,125,-7,124,-51,-196,-112,100
-25,129,-6,124,-52,-197,-111,104
-22,133,-5,125,-53,-198,-108,108
-20,137,-4,126,-52,-197,-106,114
-19,140,-3,127,-51,-195,-107,118
-18,144,-3,127,-50,-193,-107,122
-17,147,-3,127,-50,-192,-106,125
-15,150,-2,128,-50,-191,-103,129
-12,154,0,130,-51,-192,-101,133
-11,156,0,131,-51,-192,-100,135
-9,159,0,131,-50,-192,-98,137
-8,161,0,130,-51,-192,-97,140
-6,162,0,130,-51,-192,-95,141
-5,165,1,131,-50,-192,-93,145
-3,168,2,133,-50,-192,-92,150
-2,170,3,134,-50,-192,-93,152
0,171,3,134,-51,-192,-91,153
1,172,3,134,-52,-192,-90,153
2,173,3,134,-52,-192,-89,155
3,175,3,134,-52,-192,-87,157
3,176,3,134,-51,-192,-87,157
4,176,3,134,-52,-192,-86,158
6,176,3,134,-54,-191,-85,158
7,177,3,134,-55,-191,-84,158
8,178,3,134,-55,-191,-83,161
8,180,3,134,-54,-192,-83,162
9,181,3,134,-53,-192,-81,163
10,182,3,133,-51,-192,-78,164
10,184,3,134,-51,-192,-80,166
10,184,5,135,-51,-192,-80,167
10,185,6,136,-52,-193,-80,167
10,186,6,136,-52,-193,-81,168
10,187,5,135,-52,-194,-81,169
10,188,3,134,-51,-194,-80,170
11,189,3,133,-52,-195,-78,172
12,190,3,134,-52,-195,-79,172
12,190,3,134,-52,-195,-79,173
13,190,3,134,-51,-195,-78,172
13,190,3,134,-51,-196,-78,172
14,191,3,134,-51,-197,-76,173
15,193,3,134,-51,-197,-76,175
16,195,3,134,-51,-197,-75,178
17,198,3,134,-51,-197,-74,180
17,200,3,134,-51,-197,-74,183
18,202,5,133,-51,-197,-70,185
17,203,8,134,-51,-197,-72,189
16,205,9,134,-51,-197,-73,190
16,206,9,135,-51,-197,-73,192
18,209,8,136,-51,-197,-73,195
19,212,7,136,-51,-197,-72,195
20,216,7,137,-51,-197,-72,198
19,219,7,137,-51,-197,-72,202
19,223,6,137,-51,-197,-73,206
20,226,7,137,-51,-197,-72,209
21,229,8,138,-51,-197,-72,213
21,233,10,140,-51,-197,-70,219
22,237,10,140,-51,-197,-70,224
22,241,11,141,-51,-197,-72,228
24,245,10,140,-51,-197,-68,231
26,248,10,140,-51,-197,-65,235
28,252,10,140,-51,-197,-64,239
28,255,10,140,-51,-197,-64,241
28,258,11,141,-51,-197,-67,245
28,261,12,142,-51,-197,-67,247
29,264,13,142,-51,-197,-65,251
30,267,13,143,-51,-197,-64,255
32,271,14,144,-51,-196,-63,258
32,274,14,144,-50,-195,-63,262
34,278,14,144,-50,-194,-62,264
35,280,14,144,-50,-193,-61,267
36,280,14,144,-50,-193,-59,268
36,280,14,144,-50,-193,-58,268
36,280,14,144,-50,-193,-59,268
36,280,14,144,-50,-193,-59,268
36,280,14,144,-50,-193,-58,268
36,280,13,143,-50,-193,-59,268
35,280,11,141,-50,-193,-61,267
34,278,10,140,-50,-193,-59,266
33,275,10,140,-50,-194,-59,262
33,271,10,140,-50,-193,-59,258
34,268,10,140,-50,-192,-58,255
34,264,11,141,-50,-192,-61,251
34,260,10,140,-50,-191,-58,247
32,256,10,140,-50,-192,-59,242
30,251,8,138,-50,-192,-62,235
28,246,6,137,-50,-192,-64,230
26,242,5,136,-50,-192,-65,225
25,236,5,134,-50,-192,-64,219
24,229,6,132,-50,-192,-65,213
21,222,6,130,-50,-192,-65,208
18,215,6,129,-50,-191,-68,201
15,207,4,128,-50,-190,-72,190
12,201,3,127,-50,-189,-74,184
10,194,1,126,-50,-189,-75,177
9,188,0,125,-50,-190,-74,170
7,181,0,123,-50,-190,-76,163
3,174,-1,122,-50,-189,-79,153
0,166,-3,121,-50,-187,-83,146
-3,159,-3,121,-50,-187,-86,137
-6,151,-3,120,-50,-187,-90,130
-9,144,-4,119,-50,-187,-92,123
-13,137,-6,118,-50,-187,-93,114
-16,129,-8,116,-50,-187,-97,107
-19,122,-10,115,-50,-187,-100,97
-23,114,-10,114,-50,-187,-103,90
-26,107,-11,114,-50,-187,-107,81
-30,100,-12,114,-50,-187,-111,74
-33,93,-13,112,-50,-187,-113,67
-35,85,-14,108,-50,-187,-113,59
-38,77,-15,106,-50,-187,-112,51
-41,69,-16,105,-50,-187,-115,42
-44,62,-18,105,-50,-187,-118,32
-47,55,-21,105,-50,-187,-124,26
-50,48,-23,103,-50,-187,-124,15
-53,39,-25,102,-50,-187,-126,7
-55,31,-25,101,-50,-187,-129,-1
-57,24,-25,101,-50,-188,-131,-8
-60,18,-26,99,-50,-189,-133,-14
-64,13,-28,96,-50,-188,-135,-19
-68,7,-29,93,-50,-187,-136,-25
-73,0,-31,92,-50,-188,-141,-34
-76,-10,-32,92,-50,-190,-145,-46
-78,-18,-32,92,-50,-192,-148,-56
-79,-26,-33,90,-50,-193,-147,-63
-81,-33,-33,88,-50,-192,-146,-70
-83,-39,-34,86,-50,-191,-147,-76
-85,-46,-36,85,-50,-189,-150,-84
-87,-53,-38,83,-50,-189,-152,-90
-90,-58,-39,82,-50,-190,-155,-98
-93,-63,-40,81,-50,-191,-155,-103
-95,-68,-40,81,-50,-192,-157,-109
-97,-75,-40,81,-50,-192,-159,-115
-100,-80,-41,80,-50,-192,-162,-122
-103,-85,-43,79,-50,-192,-164,-126
-105,-89,-43,78,-50,-192,-167,-130
-106,-92,-44,77,-50,-192,-168,-134
-107,-95,-44,77,-50,-192,-168,-137
-106,-98,-43,78,-50,-192,-168,-140
-107,-101,-43,78,-50,-192,-168,-142
-108,-103,-43,78,-50,-192,-169,-145
-111,-105,-44,77,-50,-192,-172,-147
-112,-106,-43,78,-50,-192,-174,-147
-112,-106,-43,78,-50,-192,-174,-147
-111,-104,-43,78,-50,-192,-173,-146
-110,-103,-44,77,-50,-192,-172,-145
-109,-100,-44,77,-50,-192,-170,-142
-109,-97,-43,78,-50,-192,-170,-139
-108,-93,-43,79,-50,-191,-170,-135
-107,-90,-41,80,-50,-192,-169,-131
-106,-87,-40,81,-50,-193,-167,-129
-104,-83,-40,81,-50,-195,-166,-124
-102,-77,-40,81,-51,-197,-164,-118
-100,-71,-40,81,-51,-197,-162,-112
-97,-65,-39,82,-51,-197,-158,-103
-94,-60,-38,83,-51,-197,-158,-98
-92,-54,-36,84,-51,-197,-157,-91
-90,-47,-35,85,-51,-197,-156,-85
-88,-41,-34,86,-51,-197,-153,-79
-86,-35,-33,87,-51,-196,-151,-73
-82,-28,-32,89,-51,-197,-147,-62
-79,-19,-30,90,-51,-198,-147,-53
-77,-11,-29,90,-51,-200,-145,-45
-75,-3,-29,91,-51,-202,-142,-37
-72,3,-28,92,-51,-202,-140,-30
-68,10,-27,93,-51,-202,-136,-21
-65,19,-25,93,-51,-202,-134,-10
-63,26,-22,93,-51,-202,-133,-3
-62,32,-20,93,-51,-201,-129,4
-60,39,-19,93,-51,-202,-126,12
-57,46,-18,94,-51,-203,-124,19
-54,53,-18,95,-51,-205,-124,25
-52,60,-17,96,-51,-206,-122,32
-51,66,-15,97,-51,-207,-120,40
-50,72,-14,97,-51,-207,-119,46
-48,79,-14,98,-51,-206,-118,56
-46,84,-14,101,-51,-206,-118,58
-43,88,-14,102,-51,-206,-117,62
-42,92,-13,103,-51,-206,-114,65
-40,96,-12,103,-51,-206,-113,73
-39,100,-10,104,-51,-206,-112,76
-39,104,-10,105,-51,-206,-114,80
-39,106,-11,107,-51,-206,-114,83
-38,108,-11,108,-51,-206,-113,83
-36,111,-11,107,-51,-206,-112,86
-35,113,-11,107,-51,-206,-111,90
-34,114,-11,107,-51,-206,-109,91
-32,115,-11,107,-52,-206,-108,90
-31,115,-11,107,-52,-206,-106,90
-29,116,-11,107,-52,-206,-104,93
-29,116,-10,106,-51,-206,-104,93
-29,116,-9,106,-51,-206,-104,93
-30,116,-8,106,-52,-206,-106,93
-29,116,-8,107,-53,-206,-104,93
-28,117,-8,107,-54,-206,-103,95
-27,118,-7,106,-54,-206,-101,96
-26,118,-7,104,-56,-206,-100,96
-26,117,-8,104,-56,-205,-100,95
-25,115,-7,104,-56,-205,-97,92
-23,114,-7,104,-55,-205,-96,95
-22,114,-7,105,-52,-204,-96,95
-23,114,-7,104,-51,-204,-96,95
-23,115,-7,104,-52,-203,-96,95
-22,115,-7,104,-54,-203,-95,96
-20,116,-7,104,-56,-202,-93,96
-18,116,-6,105,-57,-202,-91,97
-17,118,-5,106,-56,-201,-90,98
-16,120,-4,107,-56,-201,-89,101
-16,122,-4,107,-56,-201,-89,102
-15,124,-3,106,-56,-202,-89,104
-14,126,-3,105,-56,-202,-87,107
-13,129,-3,106,-56,-201,-86,111
-11,133,-3,108,-56,-200,-84,114
-8,138,-2,109,-56,-198,-84,119
-5,142,-1,110,-56,-196,-80,123
-3,146,-1,110,-56,-196,-79,128
-1,150,0,110,-56,-196,-78,134
0,155,0,110,-56,-197,-76,139
2,159,2,111,-56,-197,-74,144
4,165,3,112,-56,-196,-70,150
6,172,3,114,-56,-196,-69,157
7,180,5,116,-56,-196,-70,164
9,187,7,118,-56,-197,-69,175
12,195,8,119,-56,-197,-67,184
16,203,9,119,-56,-196,-63,191
19,210,10,120,-55,-195,-61,198
21,216,10,121,-55,-194,-58,205
23,223,11,122,-55,-193,-56,212
26,230,13,123,-55,-193,-56,219
29,238,14,124,-55,-193,-52,229
32,247,15,125,-55,-192,-50,239
33,256,17,126,-55,-191,-48,247
35,263,18,128,-55,-191,-48,256
37,268,19,129,-55,-192,-46,261
40,273,20,130,-55,-192,-45,268
43,278,20,130,-55,-191,-42,274
45,284,20,130,-55,-190,-40,280
46,291,21,130,-55,-188,-39,288
49,299,23,132,-55,-187,-37,295
51,305,24,133,-55,-186,-35,301
53,310,24,133,-55,-187,-32,307
55,314,24,133,-55,-187,-31,311
57,318,24,133,-55,-187,-29,314
58,321,24,133,-55,-187,-28,318
60,325,24,133,-55,-186,-26,322
60,328,24,133,-55,-185,-26,325
61,331,24,133,-55,-184,-25,328
61,333,24,133,-55,-183,-25,330
62,334,24,133,-55,-182,-24,332
63,334,25,132,-55,-182,-24,332
62,334,25,131,-55,-182,-24,332
63,333,26,131,-55,-182,-21,333
63,332,25,131,-55,-180,-23,329
65,331,25,132,-54,-178,-21,328
65,329,24,133,-54,-177,-20,327
65,328,24,133,-54,-177,-21,324
64,325,24,133,-54,-177,-23,322
63,321,24,133,-54,-177,-23,318
62,317,24,133,-54,-177,-24,313
61,312,24,132,-54,-176,-24,310
60,308,24,131,-54,-173,-25,305
59,303,24,130,-54,-172,-24,300
57,299,23,130,-54,-172,-25,296
56,295,21,130,-54,-172,-29,291
54,289,20,130,-54,-172,-31,285
51,284,20,130,-54,-172,-34,279
48,278,20,130,-54,-172,-36,273
46,273,20,130,-54,-172,-40,268
43,267,19,129,-54,-173,-39,260
41,261,18,127,-54,-172,-41,253
38,256,17,126,-54,-171,-43,249
35,250,16,126,-54,-169,-47,242
33,245,16,125,-54,-167,-48,236
32,240,15,125,-54,-167,-50,231
32,234,14,125,-55,-167,-50,225
31,229,14,124,-56,-167,-51,220
28,224,13,123,-55,-167,-53,216
25,219,13,121,-54,-167,-53,209
23,214,12,119,-54,-167,-56,205
22,210,11,117,-54,-167,-54,201
21,206,10,116,-54,-167,-56,195
19,203,9,115,-54,-167,-57,191
17,199,8,114,-54,-167,-59,187
15,195,8,114,-54,-167,-61,184
14,192,8,113,-54,-167,-62,180
13,188,9,113,-54,-167,-61,177
13,186,9,113,-54,-167,-61,174
13,184,9,113,-54,-167,-61,172
12,182,8,112,-54,-167,-61,169
13,180,7,110,-54,-167,-61,168
12,178,6,110,-54,-166,-62,166
11,177,5,109,-54,-165,-62,164
9,177,5,110,-54,-165,-64,164
9,177,6,109,-54,-165,-64,164
9,177,6,109,-54,-164,-64,164
9,177,7,108,-54,-163,-62,164
9,177,6,108,-54,-163,-64,164
9,177,5,109,-54,-163,-64,164
9,177,5,110,-54,-164,-64,164
9,177,5,110,-54,-164,-64,164
9,177,7,108,-54,-163,-64,164
9,177,7,107,-54,-162,-62,164
9,177,7,106,-54,-162,-62,164
9,177,6,106,-54,-162,-62,164
9,177,5,107,-54,-162,-62,164
9,177,4,108,-54,-162,-64,164
8,178,4,108,-54,-162,-64,166
8,179,5,109,-54,-162,-64,167
8,180,5,109,-54,-162,-65,167
7,180,4,108,-54,-162,-67,168
6,179,3,107,-54,-162,-68,167
5,178,2,107,-54,-161,-68,163
4,176,2,107,-54,-161,-69,161
4,175,3,108,-54,-161,-69,162
4,174,4,108,-54,-162,-69,162
3,174,3,108,-54,-161,-69,161
2,173,1,108,-53,-159,-72,157
1,172,0,109,-53,-159,-73,157
1,170,0,109,-54,-160,-72,155
2,169,0,109,-54,-162,-72,153
2,168,0,108,-54,-163,-72,152
0,166,0,108,-54,-162,-73,151
0,164,0,108,-54,-162,-74,148
-1,162,1,107,-54,-162,-74,146
-2,160,1,108,-54,-162,-75,145
-2,159,0,109,-54,-161,-75,142
-2,157,-1,110,-53,-159,-79,139
-3,155,-2,109,-53,-159,-79,136
-3,153,-3,107,-53,-159,-76,135
-4,152,-3,105,-53,-158,-78,134
-4,151,-3,104,-53,-158,-75,133
-3,149,-2,104,-53,-159,-74,134
-2,148,-1,103,-54,-160,-73,133
-2,148,-1,103,-54,-160,-73,131
-2,148,-1,103,-53,-160,-73,131
-2,148,-1,103,-53,-159,-73,133
-2,148,-1,103,-53,-160,-73,133
-2,148,-1,103,-54,-160,-73,133
-2,148,-1,103,-53,-160,-73,133
-2,148,-1,103,-53,-159,-73,131
-2,148,-1,103,-53,-159,-73,131
-2,148,-1,103,-53,-159,-73,133
-3,149,-1,103,-53,-158,-74,134
-3,151,-1,103,-53,-157,-74,136
-1,153,0,102,-53,-157,-73,137
0,155,0,101,-53,-157,-69,139
0,157,0,101,-53,-158,-68,141
1,159,0,101,-53,-158,-67,144
2,162,0,101,-53,-157,-65,146
3,164,0,101,-53,-157,-64,148
4,166,0,101,-53,-158,-64,151
3,170,2,101,-53,-158,-64,157
3,173,4,102,-53,-157,-65,161
3,177,5,103,-53,-157,-65,164
3,181,5,103,-53,-158,-65,168
5,184,5,103,-53,-159,-64,172
7,188,5,103,-54,-161,-62,175
8,191,6,104,-54,-160,-61,179
9,195,8,105,-53,-159,-62,185
9,197,9,106,-53,-159,-63,187
9,200,9,106,-54,-160,-62,191
9,203,9,106,-54,-162,-62,194
11,207,9,106,-54,-163,-61,197
12,210,8,106,-54,-162,-59,201
13,214,9,106,-54,-162,-59,205
14,216,10,107,-54,-162,-58,207
14,218,11,108,-54,-162,-57,209
16,219,12,109,-54,-162,-56,211
16,221,13,109,-54,-162,-56,212
17,224,13,109,-54,-162,-54,214
18,226,12,109,-54,-162,-54,217
19,227,11,111,-54,-162,-56,218
20,227,10,112,-54,-162,-54,219
21,227,10,112,-54,-162,-53,219
21,227,11,111,-54,-162,-53,219
20,228,12,110,-54,-162,-52,219
20,227,12,109,-54,-162,-52,219
21,226,11,108,-54,-162,-51,218
22,224,10,107,-54,-162,-50,216
23,223,10,107,-54,-162,-48,214
23,223,10,108,-54,-162,-48,214
23,223,11,108,-54,-162,-48,214
22,221,11,109,-54,-163,-50,212
21,219,10,109,-54,-164,-50,209
21,217,9,109,-54,-164,-53,208
21,215,9,108,-54,-164,-51,206
21,213,8,106,-54,-164,-50,203
21,209,8,106,-54,-166,-51,201
21,206,9,106,-54,-167,-51,197
20,205,9,106,-54,-168,-52,196
18,204,9,106,-54,-167,-53,195
18,202,9,106,-54,-167,-53,192
17,199,9,106,-54,-167,-54,190
17,196,9,106,-54,-167,-54,186
17,194,8,105,-54,-167,-54,184
16,191,7,104,-54,-167,-52,183
15,189,7,104,-54,-167,-53,177
14,186,6,103,-54,-167,-54,174
12,184,5,103,-54,-167,-56,172
11,184,5,103,-54,-167,-57,172
10,182,5,103,-54,-167,-58,170
9,180,5,103,-54,-167,-59,168
8,178,5,103,-54,-167,-59,166
9,177,5,103,-54,-167,-59,164
8,176,5,102,-54,-167,-61,164
7,176,4,102,-54,-167,-61,163
7,174,3,101,-54,-167,-61,162
7,172,3,101,-53,-167,-61,159
7,170,3,101,-52,-167,-61,158
7,169,3,101,-53,-167,-61,157
7,170,2,100,-54,-167,-61,157
7,170,2,100,-54,-167,-61,157
6,170,2,100,-54,-167,-62,157
4,168,3,101,-53,-167,-64,156
3,166,3,100,-52,-167,-64,153
4,165,2,100,-53,-167,-64,152
5,164,1,99,-54,-167,-63,151
5,163,1,99,-54,-167,-63,151
5,163,1,99,-54,-167,-63,151
5,163,2,99,-54,-167,-63,151
5,163,2,99,-54,-167,-63,151
5,164,1,99,-54,-167,-63,151
5,164,1,99,-54,-167,-63,151
4,162,1,99,-54,-167,-64,150
3,161,1,99,-53,-168,-64,148
4,159,2,99,-52,-169,-64,146
4,157,2,100,-51,-170,-63,145
5,157,1,99,-52,-171,-63,144
4,157,0,98,-53,-172,-64,144
3,157,0,97,-54,-172,-62,141
1,156,0,97,-55,-172,-64,141
0,155,0,97,-55,-172,-65,140
0,153,0,97,-54,-172,-65,137
1,151,-1,96,-53,-172,-64,136
1,150,-1,96,-52,-172,-64,135
0,149,-1,96,-53,-172,-65,134
0,148,-1,96,-53,-172,-67,133
-1,147,-1,96,-53,-173,-68,131
-1,145,-1,96,-51,-174,-67,129
-1,143,-1,96,-50,-174,-67,128
-2,142,-1,96,-50,-174,-68,125
-3,140,-1,96,-50,-173,-69,124
-4,137,-1,96,-51,-172,-70,122
-5,136,-1,96,-51,-172,-70,119
-5,134,-2,96,-51,-172,-72,118
-7,134,-3,95,-53,-172,-73,118
-8,134,-3,95,-54,-172,-74,118
-9,133,-2,95,-55,-172,-75,117
-10,133,-1,96,-54,-172,-75,117
-10,131,-1,97,-54,-173,-76,114
-10,129,-2,96,-54,-173,-76,112
-11,127,-2,95,-54,-174,-76,111
-12,126,-1,94,-54,-173,-78,109
-13,125,-1,94,-54,-173,-79,108
-13,126,-1,94,-53,-172,-79,109
-12,126,-3,95,-53,-172,-78,109
-12,126,-3,95,-52,-172,-78,109
-13,125,-1,94,-52,-172,-79,108
-12,126,0,93,-53,-172,-75,112
-11,126,0,92,-53,-172,-74,113
-9,127,-1,91,-54,-172,-73,113
-8,128,-3,91,-54,-172,-72,112
-8,128,-3,90,-54,-172,-72,112
-8,128,-2,90,-54,-172,-70,112
-7,128,-2,89,-54,-172,-69,114
-5,130,-2,89,-54,-172,-68,115
-5,131,-2,89,-54,-172,-68,115
-5,134,-2,89,-54,-172,-68,120
-5,136,-1,90,-53,-172,-68,122
-3,137,0,92,-52,-172,-67,123
-2,137,0,93,-53,-171,-65,123
-2,137,0,95,-54,-170,-68,123
-2,138,0,95,-54,-171,-68,124
-2,140,0,94,-53,-170,-68,126
-1,143,0,94,-52,-169,-68,130
-1,145,0,95,-50,-168,-67,129
-1,147,-1,96,-50,-167,-67,131
-1,148,-1,97,-51,-167,-67,133
0,151,-2,96,-52,-167,-67,135
0,153,-2,96,-54,-167,-65,137
0,154,-1,96,-54,-167,-65,139
0,156,0,97,-54,-167,-65,140
1,157,0,98,-54,-167,-67,142
2,159,0,99,-54,-167,-67,146
1,161,1,98,-54,-167,-64,148
0,163,1,97,-54,-167,-65,150
0,165,1,97,-54,-167,-65,152
2,167,1,97,-54,-167,-64,155
3,168,1,98,-53,-167,-65,156
2,169,1,100,-52,-167,-67,157
1,170,1,100,-53,-167,-67,158
0,172,2,99,-54,-167,-68,159
1,173,3,98,-54,-167,-64,161
3,174,3,98,-54,-167,-62,162
5,174,2,98,-53,-166,-61,162
5,174,1,99,-52,-166,-63,162
5,174,1,100,-53,-166,-63,162
5,174,1,100,-54,-167,-63,162
5,174,1,99,-54,-168,-63,162
5,174,1,98,-54,-167,-61,162
5,175,1,97,-54,-166,-61,162
4,175,0,96,-54,-164,-62,162
3,174,0,95,-54,-162,-62,162
3,171,1,94,-54,-162,-61,158
2,169,2,93,-54,-162,-61,156
2,168,1,94,-54,-162,-61,155
3,168,0,96,-54,-162,-63,155
3,168,-1,97,-54,-162,-62,153
3,167,-2,97,-54,-162,-62,152
3,164,-2,96,-54,-162,-62,148
2,162,-1,96,-54,-162,-63,146
1,161,-1,96,-54,-162,-64,146
1,161,-1,96,-54,-162,-64,146
2,160,-2,96,-54,-162,-63,145
3,158,-1,96,-54,-162,-63,142
2,156,-1,97,-54,-162,-63,141
0,155,-1,96,-54,-162,-65,140
0,155,-1,96,-54,-162,-67,139
0,155,-3,95,-54,-162,-67,139
0,153,-4,94,-54,-162,-65,137
0,151,-4,94,-54,-162,-64,136
0,150,-2,95,-54,-162,-65,134
0,149,0,95,-54,-162,-65,134
0,149,0,93,-54,-162,-64,135
-1,148,-1,90,-54,-162,-64,135
-2,148,-2,88,-54,-162,-63,135
-3,148,-2,89,-54,-162,-67,135
-2,148,-2,92,-54,-162,-65,133
-1,147,-2,94,-54,-162,-68,131
0,145,-2,95,-54,-162,-65,130
0,144,-3,95,-54,-162,-65,128
-1,142,-3,95,-54,-162,-67,126
-3,142,-2,96,-54,-162,-69,125
-5,143,-1,96,-54,-162,-70,126
-6,144,-1,96,-53,-162,-73,128
-7,145,-3,95,-52,-162,-73,129
-7,146,-4,94,-52,-162,-73,130
-6,146,-5,93,-53,-162,-73,130
-6,145,-5,93,-53,-163,-73,129
-6,145,-5,93,-53,-164,-73,129
-7,145,-5,93,-52,-164,-73,129
-7,145,-5,93,-52,-164,-73,129
-7,145,-5,93,-53,-163,-73,129
-6,146,-5,93,-54,-162,-72,130
-5,146,-5,93,-54,-162,-72,130
-5,146,-5,93,-54,-162,-72,130
-5,146,-4,92,-54,-162,-69,130
-5,146,-3,90,-54,-164,-68,130
-3,147,-2,89,-54,-166,-67,134
-2,148,-2,89,-54,-167,-63,135
-2,148,-2,89,-54,-168,-65,135
-2,148,-2,89,-54,-167,-65,135
-2,148,-2,89,-54,-167,-65,135
-2,148,-2,90,-54,-167,-65,135
-2,148,-2,89,-53,-167,-65,135
-3,148,-2,89,-52,-168,-67,135
-2,148,-2,89,-53,-167,-65,135
-2,147,-2,89,-54,-167,-65,134
0,145,-1,90,-54,-167,-64,131
0,144,-1,90,-54,-169,-63,130
0,143,0,90,-54,-171,-63,130
-1,143,-1,90,-54,-172,-64,129
-3,142,-1,90,-54,-173,-67,129
-4,141,-2,89,-54,-172,-68,128
-4,142,-2,89,-54,-172,-68,129
-4,141,-2,89,-54,-172,-68,128
-4,139,-2,89,-53,-172,-68,125
-4,137,-2,89,-52,-172,-67,124
-4,136,-2,89,-51,-172,-68,123
-5,135,-2,90,-50,-173,-69,122
-7,134,-2,90,-51,-174,-70,120
-9,132,-2,89,-53,-174,-72,118
-9,130,-2,89,-54,-174,-70,115
-9,126,-3,88,-55,-174,-69,111
-9,123,-4,88,-53,-174,-69,107
-10,119,-6,88,-50,-174,-74,103
-12,116,-6,88,-49,-175,-75,100
-15,113,-7,87,-50,-176,-75,96
-17,110,-7,85,-51,-176,-78,93
-19,107,-8,83,-51,-176,-79,90
-20,103,-9,83,-51,-174,-80,86
-21,99,-9,83,-52,-173,-81,81
-23,93,-9,83,-52,-172,-84,74
-25,89,-10,82,-53,-172,-85,69
-27,84,-11,80,-53,-172,-84,64
-28,80,-12,80,-53,-172,-86,61
-30,75,-13,79,-54,-172,-87,54
-32,70,-14,78,-55,-172,-89,50
-33,65,-15,77,-54,-172,-90,45
-34,60,-16,76,-53,-172,-91,40
-36,55,-17,76,-52,-171,-92,31
-38,50,-18,75,-51,-170,-95,26
-39,45,-18,74,-52,-171,-92,21
-40,40,-19,72,-53,-172,-93,17
-41,35,-18,70,-54,-172,-92,13
-43,29,-18,68,-53,-172,-93,7
-44,24,-19,67,-52,-172,-95,2
-45,19,-20,66,-53,-172,-93,-4
-46,14,-21,66,-54,-172,-95,-9
-48,10,-21,66,-54,-172,-96,-13
-48,6,-20,66,-53,-172,-98,-18
-49,2,-20,66,-52,-172,-97,-23
-50,-1,-20,66,-52,-172,-98,-26
-52,-5,-21,65,-52,-172,-101,-30
-54,-7,-23,64,-53,-172,-102,-32
-56,-10,-24,63,-53,-172,-103,-35
-56,-12,-24,62,-53,-172,-103,-37
-55,-15,-24,63,-53,-172,-103,-40
-56,-18,-24,63,-54,-172,-103,-43
-57,-20,-24,63,-54,-172,-104,-46
-58,-21,-24,63,-54,-172,-106,-47
-59,-22,-24,63,-54,-172,-107,-48
-59,-24,-24,63,-54,-172,-107,-50
-58,-24,-24,63,-54,-172,-106,-50
-58,-23,-24,63,-54,-172,-106,-48
-59,-22,-24,63,-54,-172,-107,-48
-61,-22,-24,63,-54,-172,-108,-48
-63,-22,-24,63,-54,-172,-111,-48
-64,-24,-24,63,-54,-172,-112,-50
-65,-24,-24,63,-54,-172,-112,-51
-64,-23,-24,63,-54,-172,-112,-50
-63,-21,-23,63,-54,-172,-111,-47
-63,-19,-23,64,-54,-172,-111,-45
-62,-17,-22,64,-54,-172,-109,-43
-62,-17,-23,64,-54,-172,-109,-42
-61,-15,-23,63,-54,-172,-109,-41
-61,-13,-23,63,-54,-172,-108,-39
-59,-9,-23,64,-54,-172,-107,-34
-59,-5,-23,64,-54,-172,-107,-31
-59,-3,-22,64,-54,-172,-107,-28
-60,-1,-21,65,-54,-172,-108,-26
-60,1,-20,66,-54,-172,-108,-23
-58,5,-20,66,-54,-172,-107,-19
-56,9,-20,66,-54,-172,-104,-15
-55,12,-20,66,-54,-172,-103,-12
-53,15,-21,66,-54,-172,-102,-9
-52,17,-20,66,-53,-172,-101,-7
-50,20,-19,67,-52,-172,-101,-1
-48,24,-18,68,-53,-172,-98,2
-46,28,-16,69,-54,-172,-98,7
-46,31,-16,69,-54,-172,-97,9
-46,34,-17,69,-54,-172,-97,12
-45,36,-17,69,-54,-172,-96,14
-43,38,-15,70,-54,-172,-95,17
-41,42,-14,72,-54,-172,-92,20
-39,46,-13,72,-54,-173,-91,24
-38,50,-13,73,-54,-174,-90,29
-36,54,-13,72,-53,-175,-87,32
-34,57,-13,72,-52,-174,-86,36
-33,59,-13,72,-53,-173,-85,39
-32,61,-13,72,-54,-172,-84,41
-31,64,-13,72,-54,-172,-83,43
-28,67,-12,73,-54,-173,-80,48
-26,70,-10,75,-54,-174,-80,52
-25,73,-9,76,-54,-175,-79,56
-24,76,-9,76,-54,-174,-79,58
-24,79,-9,76,-54,-174,-79,62
-24,82,-9,76,-54,-174,-79,64
-24,85,-8,77,-54,-174,-79,67
-22,87,-7,78,-54,-173,-78,69
-21,88,-6,79,-54,-173,-76,70
-21,89,-5,79,-54,-172,-76,74
-21,91,-6,79,-54,-172,-75,74
-21,93,-6,79,-54,-172,-75,76
-20,96,-6,79,-54,-172,-75,79
-20,98,-6,79,-54,-172,-75,81
-20,99,-5,80,-54,-172,-75,85
-20,99,-3,81,-54,-172,-78,85
-19,100,-2,82,-54,-172,-76,85
-17,101,-2,83,-54,-172,-75,86
-16,101,-2,83,-54,-172,-74,87
-15,102,-2,82,-54,-171,-73,87
-16,101,-2,82,-54,-170,-73,87
-16,101,-2,82,-54,-170,-74,87
-16,101,-2,82,-54,-170,-74,87
-16,101,-2,83,-54,-169,-74,87
-16,101,-2,83,-54,-169,-73,87
-16,101,-2,83,-54,-169,-74,87
-16,101,-3,81,-54,-170,-74,87
-16,101,-4,80,-54,-169,-70,87
-16,101,-5,80,-54,-169,-72,87
-16,101,-5,80,-54,-167,-74,87
-16,102,-5,80,-54,-167,-72,87
-16,102,-5,79,-54,-167,-72,87
-15,102,-5,78,-54,-167,-70,87
-15,100,-5,78,-54,-167,-70,85
-16,98,-4,78,-54,-167,-70,84
-17,96,-4,78,-54,-167,-72,81
-18,95,-4,78,-54,-167,-73,80
-18,95,-5,78,-54,-167,-73,80
-17,94,-5,79,-54,-167,-73,79
-18,91,-6,79,-54,-167,-73,74
-18,89,-6,79,-54,-167,-73,72
-19,87,-6,79,-54,-167,-74,70
-19,86,-6,79,-54,-167,-74,69
-18,86,-6,79,-54,-167,-73,68
-18,85,-6,79,-54,-167,-73,68
-18,85,-6,77,-54,-167,-73,70
-18,84,-7,75,-54,-167,-70,69
-18,82,-7,74,-54,-167,-70,67
-19,79,-8,74,-54,-167,-70,62
-19,77,-9,75,-54,-167,-74,59
-19,77,-9,76,-54,-167,-74,59
-20,78,-8,75,-54,-168,-74,61
-21,77,-7,73,-54,-167,-73,62
-21,75,-6,72,-54,-165,-74,59
-22,72,-6,72,-54,-164,-74,57
-22,70,-7,73,-54,-164,-74,54
-21,70,-7,74,-54,-165,-73,52
-21,71,-8,74,-54,-166,-74,53
-21,71,-9,75,-54,-164,-76,53
-21,71,-9,76,-54,-162,-75,53
-21,71,-9,76,-54,-162,-75,53
-21,71,-9,75,-54,-162,-75,53
-23,70,-8,74,-54,-162,-75,52
-25,69,-8,75,-54,-162,-76,51
-26,69,-9,75,-54,-162,-80,51
-25,69,-10,76,-54,-162,-79,51
-23,70,-10,76,-54,-162,-78,52
-21,70,-9,76,-54,-162,-75,52
-20,69,-10,76,-54,-162,-74,52
-21,70,-9,76,-54,-162,-75,52
-21,70,-9,76,-54,-161,-75,52
-22,71,-8,75,-54,-161,-76,53
-21,71,-8,74,-54,-161,-74,53
-22,70,-8,73,-54,-160,-74,52
-21,71,-7,73,-53,-159,-73,56
-21,73,-5,74,-53,-158,-73,58
-20,75,-3,74,-53,-157,-72,59
-19,78,-3,74,-53,-157,-72,63
-20,79,-5,74,-53,-158,-72,64
-21,80,-6,75,-53,-158,-74,65
-22,82,-6,77,-53,-157,-76,67
-21,82,-5,78,-53,-157,-75,67
-19,83,-3,78,-53,-157,-74,69
-17,86,-2,76,-53,-157,-69,70
-16,88,-3,75,-53,-157,-68,74
-15,91,-3,74,-53,-157,-68,76
-15,93,-4,74,-53,-157,-68,79
-15,95,-3,75,-53,-157,-67,80
-14,97,-3,75,-53,-157,-65,83
-12,98,-2,76,-54,-157,-65,84
-11,101,-2,75,-54,-157,-64,86
-10,103,-3,75,-53,-157,-63,89
-10,104,-3,76,-53,-157,-62,90
-9,106,-4,79,-53,-157,-64,91
-8,108,-3,81,-54,-157,-65,93
-7,110,-3,83,-55,-157,-64,96
-5,113,-2,83,-55,-157,-63,98
-4,115,-2,83,-55,-157,-62,102
-4,118,-2,82,-54,-157,-62,103
-3,119,-2,82,-53,-157,-62,104
-2,121,-3,83,-53,-157,-61,107
-1,123,-3,83,-53,-157,-58,109
0,125,-2,85,-54,-157,-57,112
1,127,0,86,-54,-157,-58,114
2,129,0,87,-53,-157,-58,115
3,130,0,88,-53,-157,-57,117
3,133,-2,89,-53,-157,-58,119
4,135,-2,90,-53,-157,-58,119
4,137,-1,90,-53,-157,-58,124
5,140,1,90,-53,-157,-54,126
6,141,3,90,-53,-157,-54,130
7,143,4,89,-53,-157,-53,133
8,145,5,89,-53,-157,-52,134
10,147,4,89,-53,-157,-51,137
11,150,4,89,-53,-157,-48,140
12,151,4,89,-53,-157,-48,141
13,153,4,89,-53,-157,-47,142
14,155,4,89,-53,-157,-46,145
14,157,4,89,-53,-157,-46,147
15,159,4,89,-53,-157,-46,150
15,162,4,89,-53,-157,-45,152
16,164,4,89,-53,-157,-45,153
17,166,5,90,-53,-157,-43,157
17,168,7,91,-53,-157,-43,158
18,170,8,92,-53,-158,-42,163
19,172,8,92,-53,-158,-41,164
20,173,8,92,-53,-157,-41,167
21,176,8,92,-53,-156,-40,169
21,177,8,92,-53,-154,-39,170
23,179,8,92,-53,-154,-37,173
24,181,8,92,-53,-155,-36,175
25,183,8,92,-53,-155,-36,177
25,185,8,92,-53,-155,-36,179
25,186,8,92,-53,-154,-35,179
26,186,8,92,-53,-153,-35,179
26,186,7,92,-53,-152,-35,177
26,186,8,92,-53,-152,-34,179
28,186,9,93,-53,-153,-32,180
29,188,10,94,-53,-153,-31,181
30,190,10,94,-53,-153,-34,184
29,192,10,94,-53,-152,-31,185
28,193,9,93,-53,-152,-32,186
28,193,10,93,-53,-152,-32,186
28,193,10,94,-53,-152,-35,186
28,193,11,95,-53,-152,-35,186
28,192,11,96,-53,-152,-35,186
28,192,11,96,-53,-152,-35,186
28,194,11,95,-53,-152,-36,187
28,196,11,95,-53,-152,-36,190
29,199,11,95,-53,-153,-35,192
30,199,11,95,-53,-153,-34,194
31,199,11,96,-53,-152,-32,194
30,199,10,97,-53,-151,-32,192
29,200,9,97,-53,-150,-34,191
28,202,9,98,-53,-149,-37,194
28,204,8,99,-53,-149,-39,195
27,204,8,100,-53,-149,-39,196
27,204,9,100,-53,-148,-39,196
27,205,10,100,-53,-148,-39,196
28,207,9,100,-53,-148,-39,198
29,209,9,99,-53,-148,-37,200
30,210,9,100,-54,-148,-36,202
30,210,11,101,-55,-148,-36,205
28,209,12,102,-54,-148,-37,203
28,209,12,102,-53,-148,-39,203
28,210,11,101,-53,-148,-39,205
29,212,10,101,-53,-148,-37,203
28,213,10,100,-53,-148,-37,205
27,213,10,101,-53,-148,-40,205
25,213,11,101,-53,-148,-42,203
23,212,11,101,-53,-148,-43,203
23,212,11,101,-53,-148,-43,206
23,213,10,100,-53,-148,-43,203
23,212,9,100,-54,-148,-43,203
24,211,8,99,-55,-148,-42,202
25,209,8,99,-54,-148,-41,200
24,207,8,99,-53,-148,-42,198
23,206,8,99,-53,-148,-43,197
21,205,8,99,-53,-148,-45,196
20,203,8,99,-53,-148,-46,195
20,201,8,99,-53,-148,-46,192
19,199,8,99,-53,-148,-47,190
18,198,8,99,-53,-148,-48,189
17,196,9,99,-53,-148,-50,186
15,193,8,99,-53,-148,-51,184
14,191,7,98,-53,-148,-52,181
13,190,6,97,-53,-148,-53,180
12,188,5,96,-53,-148,-53,179
11,186,4,95,-53,-148,-52,177
11,184,5,96,-53,-148,-52,174
10,181,5,96,-53,-148,-56,172
10,178,5,96,-53,-148,-53,169
10,176,5,96,-53,-148,-53,166
10,173,5,96,-53,-148,-56,163
8,170,5,96,-53,-148,-54,161
7,168,5,96,-53,-148,-57,158
6,165,3,95,-53,-148,-57,152
6,162,2,93,-53,-148,-57,150
6,160,1,93,-53,-148,-57,147
5,156,1,93,-53,-148,-58,144
4,153,1,93,-53,-148,-58,140
3,150,0,92,-53,-148,-59,136
2,147,-1,90,-53,-148,-61,134
0,144,-2,89,-53,-148,-62,131
0,141,-2,89,-53,-148,-63,128
-1,138,-2,89,-53,-148,-64,125
-2,134,-3,88,-53,-148,-63,118
-3,129,-3,86,-53,-148,-63,113
-4,124,-4,85,-53,-148,-64,108
-5,119,-3,83,-53,-148,-63,106
-6,114,-4,82,-53,-148,-64,101
-7,109,-5,81,-53,-148,-65,92
-10,105,-6,80,-53,-148,-67,89
-12,100,-7,80,-53,-148,-70,84
-14,96,-8,79,-53,-148,-72,79
-16,90,-8,78,-53,-148,-70,73
-16,85,-8,77,-53,-148,-70,68
-16,79,-8,77,-53,-148,-70,62
-18,74,-8,77,-53,-148,-73,57
-21,69,-10,75,-53,-148,-75,52
-23,64,-12,73,-53,-148,-78,43
-24,58,-13,72,-53,-148,-75,37
-25,53,-13,72,-53,-148,-76,32
-26,47,-13,72,-53,-148,-78,26
-28,42,-14,72,-54,-148,-79,20
-29,37,-15,70,-55,-146,-80,15
-30,31,-17,69,-54,-145,-81,9
-31,27,-17,69,-53,-144,-81,6
-32,23,-16,69,-52,-144,-83,1
-33,18,-16,69,-54,-144,-84,-3
-35,13,-18,68,-55,-145,-86,-8
-37,8,-19,67,-55,-144,-87,-13
-39,4,-20,66,-55,-144,-86,-19
-41,0,-20,66,-54,-143,-89,-24
-43,-2,-20,66,-53,-143,-90,-26
-44,-6,-20,66,-52,-143,-95,-31
-45,-10,-21,65,-52,-143,-92,-35
-46,-13,-23,64,-52,-143,-93,-37
-49,-15,-24,63,-52,-143,-96,-40
-50,-16,-24,63,-53,-144,-97,-41
-50,-18,-24,63,-54,-145,-97,-43
-49,-21,-24,63,-56,-144,-96,-46
-48,-25,-23,62,-57,-143,-96,-50
-49,-27,-21,60,-58,-142,-93,-50
-52,-28,-21,59,-57,-142,-97,-52
-54,-29,-20,59,-56,-143,-100,-53
-54,-31,-21,59,-55,-143,-100,-54
-54,-33,-21,59,-56,-143,-98,-56
-53,-35,-21,59,-57,-142,-98,-58
-54,-36,-21,59,-56,-143,-98,-59
-54,-35,-21,59,-54,-143,-98,-58
-55,-33,-21,59,-54,-143,-100,-57
-55,-31,-21,59,-54,-143,-100,-54
-55,-29,-21,59,-55,-143,-100,-53
-55,-29,-21,59,-56,-143,-100,-53
-55,-30,-21,59,-57,-143,-100,-53
-56,-30,-20,59,-58,-143,-101,-53
-56,-28,-20,59,-57,-142,-101,-52
-55,-26,-20,59,-56,-141,-101,-50
-55,-24,-21,59,-55,-141,-100,-47
-54,-22,-21,59,-54,-141,-98,-45
-53,-19,-21,59,-55,-142,-98,-42
-53,-18,-20,60,-56,-143,-98,-41
-52,-15,-18,62,-57,-143,-97,-39
-52,-13,-17,62,-57,-142,-97,-36
-51,-10,-16,62,-56,-143,-96,-32
-50,-6,-17,62,-54,-143,-95,-29
-49,-3,-18,64,-52,-143,-97,-26
-49,-1,-20,65,-52,-143,-97,-23
-49,2,-21,66,-52,-143,-97,-21
-48,7,-20,66,-53,-143,-97,-14
-47,12,-18,65,-54,-143,-95,-9
-45,17,-16,66,-54,-143,-93,-4
-44,21,-15,68,-54,-143,-92,0
-43,26,-16,68,-53,-143,-95,4
-43,32,-16,69,-52,-143,-95,9
-42,37,-14,68,-52,-143,-91,15
-39,43,-12,69,-52,-143,-89,24
-37,47,-10,70,-53,-144,-86,29
-34,53,-10,72,-53,-145,-85,35
-32,59,-9,74,-52,-144,-84,41
-30,66,-9,74,-52,-143,-83,48
-28,72,-7,74,-52,-143,-80,57
-25,78,-5,73,-52,-143,-78,63
-22,83,-3,74,-52,-143,-75,68
-20,89,-2,75,-52,-143,-73,74
-18,94,-1,76,-52,-143,-70,83
-15,100,0,78,-53,-143,-68,87
-12,105,0,80,-53,-143,-68,91
-9,111,-1,81,-53,-143,-64,97
-7,117,-2,82,-52,-143,-65,103
-6,122,0,83,-52,-143,-64,108
-5,126,0,83,-53,-143,-63,114
-4,131,1,84,-54,-143,-62,119
-1,137,1,86,-56,-143,-59,125
0,142,2,87,-56,-143,-57,131
1,147,3,88,-54,-143,-59,136
1,150,4,89,-52,-143,-59,140
1,153,5,89,-52,-143,-59,142
3,158,4,89,-54,-143,-58,148
5,163,4,89,-54,-143,-56,153
6,168,4,89,-54,-143,-54,158
7,172,4,89,-53,-143,-53,162
7,174,5,90,-52,-143,-53,164
7,176,6,90,-52,-143,-53,167
8,178,7,91,-52,-143,-53,168
9,180,7,91,-53,-143,-52,170
10,182,8,92,-53,-143,-51,175
12,184,8,92,-52,-143,-48,178
13,187,8,92,-52,-143,-47,180
14,189,8,92,-52,-143,-47,181
13,190,8,92,-52,-143,-47,180
13,190,8,92,-52,-143,-48,180
13,190,8,92,-52,-143,-48,180
13,190,8,92,-52,-143,-48,183
12,191,8,92,-52,-143,-50,184
12,192,8,92,-52,-143,-50,183
12,191,7,93,-52,-143,-51,181
13,190,6,96,-52,-143,-51,180
13,190,6,97,-52,-143,-53,180
12,191,6,97,-52,-143,-53,181
12,192,6,97,-52,-143,-54,183
12,191,6,97,-53,-143,-54,181
13,190,5,96,-53,-143,-53,181
13,190,5,96,-52,-143,-51,180
13,190,6,97,-52,-141,-53,180
13,190,7,98,-52,-139,-53,180
13,190,7,98,-53,-138,-53,180
13,191,6,97,-54,-137,-53,181
14,190,5,96,-54,-138,-50,180
14,189,5,94,-54,-138,-50,179
14,186,6,94,-53,-138,-50,177
12,184,5,95,-52,-138,-51,174
11,183,5,96,-52,-138,-52,174
10,183,5,95,-52,-138,-53,174
11,184,7,93,-52,-138,-52,174
12,182,8,92,-52,-138,-50,173
13,180,8,92,-52,-138,-48,174
13,179,8,92,-53,-138,-47,172
12,178,7,91,-54,-138,-48,168
10,177,5,90,-55,-138,-51,168
9,177,4,89,-56,-137,-51,167
9,177,4,89,-57,-134,-52,167
9,177,4,89,-57,-133,-52,167
8,176,4,89,-57,-132,-53,167
6,175,4,89,-55,-133,-54,166
6,173,4,89,-53,-133,-54,163
6,171,4,89,-52,-133,-54,162
6,169,4,89,-53,-133,-54,159
5,167,4,89,-55,-133,-56,157
4,165,4,89,-56,-133,-57,155
3,162,3,88,-56,-133,-57,152
3,160,3,88,-55,-133,-57,150
3,158,3,88,-56,-131,-58,148
2,157,3,87,-56,-131,-56,146
0,155,2,87,-55,-132,-58,145
-1,153,1,86,-54,-133,-59,142
-2,150,0,85,-54,-132,-61,136
-2,147,0,85,-55,-130,-61,134
-2,144,1,86,-56,-128,-61,134
-3,142,1,86,-56,-128,-62,131
-5,140,0,86,-54,-128,-63,126
-6,137,0,85,-54,-128,-64,123
-6,134,-1,83,-54,-128,-64,120
-5,131,-2,83,-54,-128,-63,117
-6,127,-2,82,-54,-128,-64,114
-7,124,-2,82,-56,-128,-65,111
-8,121,-2,83,-56,-128,-67,107
-10,117,-2,83,-55,-128,-68,103
-10,115,-2,83,-53,-128,-68,101
-10,112,-2,82,-53,-128,-68,97
-10,109,-3,81,-53,-128,-68,95
-11,105,-3,81,-54,-128,-68,91
-12,102,-3,82,-55,-128,-69,87
-13,99,-2,82,-55,-128,-70,85
-15,97,-3,82,-55,-128,-73,83
-16,94,-4,80,-55,-128,-72,80
-16,92,-6,79,-56,-128,-72,74
-17,89,-6,79,-57,-128,-72,72
-16,86,-6,79,-57,-128,-72,69
-16,83,-6,79,-57,-128,-70,65
-17,80,-6,79,-56,-128,-72,63
-19,77,-7,78,-56,-126,-74,59
-21,74,-8,77,-56,-124,-76,57
-23,72,-9,76,-56,-123,-78,53
-25,69,-10,76,-56,-122,-80,51
-26,66,-9,76,-56,-123,-80,48
-27,64,-8,75,-56,-123,-81,46
-27,61,-7,74,-56,-123,-79,46
-27,58,-6,72,-56,-123,-79,42
-28,54,-7,71,-56,-123,-76,39
-28,50,-9,70,-56,-123,-78,31
-29,46,-10,69,-56,-122,-78,28
-29,44,-10,69,-56,-119,-79,25
-30,42,-10,69,-56,-118,-79,24
-30,40,-10,69,-56,-118,-79,21
-31,37,-9,69,-56,-118,-79,18
-31,34,-10,69,-56,-118,-79,15
-31,31,-10,68,-56,-118,-80,12
-32,28,-12,67,-56,-118,-81,8
-34,24,-13,66,-56,-118,-83,4
-35,20,-14,65,-56,-118,-84,1
-35,17,-13,65,-56,-118,-84,-1
-35,15,-13,65,-56,-118,-84,-3
-36,13,-13,65,-56,-118,-84,-6
-37,11,-13,66,-56,-118,-85,-8
-38,8,-13,66,-56,-118,-86,-10
-39,4,-13,65,-56,-118,-87,-14
-39,1,-14,65,-56,-118,-85,-18
-40,0,-16,63,-56,-118,-85,-21
-41,-2,-17,62,-56,-118,-86,-24
-41,-4,-18,62,-56,-118,-86,-26
-42,-6,-17,62,-56,-118,-87,-29
-43,-9,-17,62,-56,-118,-87,-31
-43,-11,-17,62,-56,-118,-89,-34
-44,-12,-17,63,-56,-118,-90,-35
-46,-14,-17,63,-56,-118,-91,-36
-46,-16,-17,62,-56,-118,-91,-39
-46,-17,-17,60,-56,-118,-89,-40
-44,-18,-17,57,-56,-118,-87,-39
-44,-19,-17,58,-56,-119,-86,-40
-46,-19,-17,60,-56,-122,-91,-42
-48,-20,-18,62,-56,-123,-92,-43
-49,-21,-18,62,-56,-123,-93,-43
-49,-21,-17,60,-56,-123,-95,-45
-49,-21,-17,57,-56,-123,-91,-42
-49,-21,-17,56,-56,-123,-91,-41
-49,-20,-18,57,-56,-123,-92,-40
-51,-18,-17,58,-56,-123,-93,-39
-52,-17,-16,59,-56,-123,-95,-37
-51,-16,-15,58,-56,-123,-95,-36
-50,-16,-16,57,-56,-123,-92,-36
-48,-15,-17,55,-56,-123,-89,-36
-47,-15,-18,55,-56,-122,-87,-35
-47,-13,-17,56,-56,-123,-90,-32
-47,-10,-15,58,-55,-125,-90,-30
-46,-9,-14,59,-55,-126,-90,-29
-45,-8,-13,59,-54,-127,-87,-28
-43,-7,-14,59,-54,-126,-86,-28
-42,-5,-14,60,-55,-127,-85,-25
-42,-1,-15,60,-55,-128,-85,-20
-42,3,-15,60,-56,-128,-85,-17
-42,6,-14,61,-57,-128,-87,-13
-41,8,-13,63,-57,-128,-87,-10
-39,11,-12,65,-56,-128,-85,-7
-37,14,-12,65,-56,-128,-83,-4
-36,18,-13,65,-57,-128,-81,0
-36,23,-13,65,-57,-128,-81,3
-35,27,-12,67,-56,-128,-84,8
-34,29,-11,68,-55,-128,-83,10
-32,32,-10,69,-55,-128,-81,13
-31,34,-9,69,-54,-128,-80,15
-29,38,-9,70,-54,-128,-78,19
-28,43,-8,70,-54,-128,-78,26
-28,47,-7,71,-55,-130,-76,31
-26,52,-7,72,-57,-131,-78,36
-24,57,-7,72,-57,-131,-76,41
-21,61,-7,74,-55,-131,-73,46
-18,65,-6,75,-53,-132,-70,50
-17,69,-5,76,-52,-133,-68,54
-16,74,-4,77,-53,-133,-70,58
-14,79,-3,77,-55,-133,-65,64
-12,83,-2,76,-57,-133,-64,69
-10,88,-1,76,-56,-132,-63,76
-9,93,-1,76,-55,-133,-62,80
-9,96,-1,78,-54,-133,-61,84
-7,99,0,79,-53,-134,-63,87
-6,103,0,81,-52,-135,-61,91
-3,108,2,82,-52,-134,-58,97
-2,114,3,82,-52,-135,-58,102
-1,119,4,82,-52,-136,-57,107
0,123,5,83,-52,-137,-56,115
2,129,6,84,-52,-138,-53,120
4,135,7,85,-52,-138,-51,126
5,140,8,86,-52,-138,-52,131
6,144,9,86,-52,-138,-51,136
8,148,10,87,-52,-138,-50,141
10,153,11,88,-52,-138,-47,146
14,158,11,89,-52,-138,-45,151
16,164,12,90,-52,-138,-42,159
18,170,14,91,-52,-138,-40,166
20,177,15,92,-52,-138,-39,173
22,184,15,92,-52,-138,-36,180
24,189,15,92,-52,-138,-34,185
28,194,16,93,-52,-138,-31,190
30,199,17,94,-52,-138,-30,196
32,205,18,95,-52,-138,-29,202
33,212,20,97,-52,-138,-28,211
33,220,21,97,-52,-138,-29,219
33,227,22,98,-52,-138,-29,227
34,235,23,98,-52,-138,-28,235
36,242,23,99,-52,-138,-25,242
40,249,23,101,-52,-138,-24,250
43,256,23,104,-52,-138,-24,257
46,263,24,107,-52,-138,-21,264
48,270,25,108,-52,-138,-23,271
50,276,25,108,-52,-138,-20,277
51,283,26,108,-52,-138,-19,284
53,291,27,110,-52,-137,-18,292
54,299,28,111,-52,-136,-17,301
56,306,29,112,-52,-135,-15,310
57,310,30,112,-52,-135,-14,314
58,314,30,112,-52,-136,-13,319
59,320,31,113,-52,-136,-12,325
61,326,32,115,-52,-136,-13,332
62,332,32,116,-52,-135,-12,336
63,336,32,117,-52,-134,-10,341
64,340,32,116,-52,-134,-10,345
64,343,33,115,-52,-134,-10,349
65,346,34,116,-51,-134,-9,351
66,348,36,117,-50,-135,-8,354
66,351,37,118,-50,-135,-8,358
68,353,37,119,-50,-134,-7,361
68,354,37,119,-52,-133,-6,362
69,354,37,118,-53,-133,-6,362
69,354,37,118,-52,-133,-6,362
68,353,37,118,-50,-135,-6,361
68,354,37,118,-48,-135,-6,362
68,354,37,118,-49,-135,-6,362
69,352,37,118,-50,-134,-4,361
70,350,37,118,-50,-133,-4,358
70,347,37,119,-49,-133,-4,356
69,344,37,118,-47,-133,-4,352
68,342,36,117,-46,-133,-6,350
67,339,34,116,-48,-133,-7,345
65,336,33,115,-50,-133,-8,341
64,331,33,115,-51,-133,-9,336
63,326,32,114,-50,-133,-8,332
62,321,31,113,-49,-133,-9,327
62,317,29,112,-48,-133,-8,322
61,312,27,112,-49,-133,-9,314
60,308,25,112,-49,-134,-13,310
57,303,24,111,-48,-133,-13,305
55,297,23,108,-47,-132,-15,299
53,289,22,108,-47,-130,-17,289
52,281,20,108,-48,-129,-18,280
51,273,19,109,-50,-128,-19,272
50,266,19,109,-50,-128,-20,264
48,258,19,107,-49,-129,-21,256
47,251,18,105,-48,-129,-23,249
45,244,17,104,-48,-128,-21,241
42,236,16,103,-48,-128,-25,234
39,228,14,101,-47,-128,-28,223
36,219,13,99,-46,-128,-28,213
35,211,11,97,-46,-128,-29,206
34,203,10,97,-46,-128,-30,197
32,195,10,96,-47,-128,-31,189
30,187,10,95,-48,-128,-32,180
27,177,9,93,-49,-128,-32,170
25,167,7,91,-48,-128,-35,158
24,158,5,90,-47,-128,-36,148
22,151,4,89,-46,-129,-37,141
20,144,3,88,-46,-129,-40,134
18,137,2,85,-46,-128,-39,126
16,129,2,82,-47,-127,-39,118
14,120,2,81,-46,-125,-40,109
11,112,2,80,-46,-123,-42,101
9,104,2,80,-46,-123,-45,92
7,98,0,79,-46,-123,-47,86
6,92,0,78,-46,-124,-46,80
4,86,-2,76,-47,-124,-46,72
3,79,-2,75,-47,-124,-47,64
2,73,-3,75,-48,-122,-48,58
1,66,-3,75,-48,-120,-50,52
0,61,-3,75,-48,-117,-51,46
0,56,-4,74,-47,-115,-51,41
-2,52,-4,73,-47,-114,-53,37
-4,49,-5,73,-48,-114,-56,34
-6,46,-6,72,-49,-114,-57,30
-8,43,-6,72,-50,-112,-58,28
-9,40,-6,72,-51,-110,-59,25
-10,39,-6,72,-50,-109,-61,23
-11,38,-6,73,-50,-108,-62,21
-12,37,-6,72,-50,-107,-63,21
-13,35,-7,71,-50,-106,-61,19
-12,33,-8,70,-50,-104,-61,17
-13,31,-9,70,-50,-104,-61,12
-14,30,-9,71,-50,-104,-62,12
-16,31,-10,71,-50,-104,-67,12
-18,33,-11,72,-50,-104,-68,14
-18,34,-11,73,-50,-103,-69,15
-18,34,-10,75,-50,-101,-72,15
-18,34,-10,76,-50,-99,-72,15
-17,36,-10,75,-50,-99,-70,18
-18,39,-10,75,-50,-99,-72,21
-18,43,-10,74,-50,-99,-72,24
-18,45,-10,75,-50,-99,-72,28
-18,47,-10,77,-50,-99,-72,29
-17,49,-12,79,-50,-99,-74,29
-17,52,-13,79,-50,-99,-73,31
-18,55,-13,80,-50,-99,-74,34
-19,58,-13,80,-50,-99,-75,37
-18,62,-12,80,-50,-99,-75,41
-17,65,-13,79,-50,-98,-73,45
-14,68,-13,77,-51,-97,-70,47
-12,70,-13,77,-52,-97,-65,51
-12,75,-12,79,-51,-98,-68,54
-13,80,-10,81,-50,-99,-70,61
-14,85,-9,83,-50,-99,-74,67
-14,88,-9,83,-50,-98,-74,70
-14,90,-9,83,-50,-97,-74,73
-13,93,-9,83,-50,-98,-73,76
-12,97,-8,83,-50,-98,-72,80
-12,102,-7,85,-50,-97,-72,85
-13,106,-5,86,-50,-96,-73,89
-13,109,-5,86,-50,-96,-73,92
-12,113,-5,86,-50,-97,-73,96
-11,115,-5,86,-50,-99,-72,98
-10,118,-5,86,-50,-100,-70,101
-10,120,-6,86,-50,-99,-70,103
-10,123,-5,86,-50,-99,-70,107
-10,125,-5,86,-50,-99,-72,109
-9,127,-4,85,-50,-99,-70,111
-8,128,-4,84,-50,-99,-67,112
-8,130,-3,84,-50,-99,-67,115
-9,131,-4,84,-50,-99,-68,115
-10,132,-4,86,-50,-99,-72,115
-11,133,-4,87,-50,-99,-72,117
-10,132,-3,88,-50,-99,-72,115
-10,132,-3,89,-50,-99,-72,115
-10,133,-3,89,-50,-99,-74,117
-10,133,-2,89,-50,-99,-72,119
-10,132,-2,87,-50,-99,-72,119
-10,130,0,86,-50,-99,-72,117
-10,129,0,84,-50,-99,-69,114
-10,127,-1,83,-50,-99,-69,113
-11,126,-2,83,-50,-99,-69,112
-11,125,-4,84,-50,-99,-69,108
-11,123,-5,84,-50,-99,-72,107
-11,121,-4,85,-50,-99,-72,104
-12,119,-4,85,-50,-99,-73,102
-12,116,-4,85,-50,-99,-73,100
-12,113,-4,83,-50,-99,-69,100
-12,111,-4,82,-50,-99,-69,97
-12,109,-5,80,-50,-99,-70,95
-13,107,-4,80,-50,-99,-68,92
-13,103,-3,81,-50,-99,-70,89
-13,99,-3,81,-50,-99,-70,85
-12,96,-4,81,-50,-99,-70,81
-12,93,-6,79,-50,-99,-67,76
-12,91,-6,79,-50,-99,-67,74
-13,89,-6,79,-50,-99,-68,72
-13,86,-6,79,-50,-99,-68,69
-13,85,-6,79,-50,-99,-67,68
-12,83,-6,79,-50,-99,-67,65
-11,81,-7,78,-50,-99,-65,63
-12,77,-7,76,-50,-99,-67,59
-14,75,-8,75,-50,-99,-65,57
-15,72,-9,75,-50,-99,-69,54
-15,70,-9,75,-50,-99,-69,53
-15,69,-8,75,-50,-99,-69,52
-14,67,-8,75,-50,-99,-65,50
-14,65,-8,75,-50,-99,-69,47
-15,63,-9,75,-50,-99,-69,45
-16,61,-9,76,-50,-99,-70,42
-15,59,-10,76,-50,-99,-69,41
-14,58,-10,76,-50,-99,-68,40
-14,57,-9,76,-50,-100,-68,39
-14,54,-9,76,-50,-99,-68,36
-15,52,-9,76,-50,-98,-69,34
-16,51,-9,76,-50,-96,-70,34
-17,51,-10,75,-49,-94,-70,32
-16,51,-12,73,-49,-94,-68,32
-16,52,-13,72,-49,-94,-68,34
-16,52,-12,71,-49,-94,-68,34
-16,51,-10,71,-49,-94,-68,34
-15,50,-9,73,-49,-94,-67,31
-15,48,-8,75,-49,-95,-69,30
-16,47,-9,76,-50,-94,-69,29
-17,49,-9,76,-50,-93,-70,31
-17,51,-10,76,-49,-91,-72,32
-17,51,-10,75,-49,-90,-72,34
-17,51,-11,74,-49,-89,-72,32
-18,51,-10,75,-50,-89,-72,32
-18,52,-10,76,-51,-89,-72,34
-18,54,-9,76,-51,-89,-73,36
-19,56,-9,76,-50,-89,-73,37
-20,57,-9,76,-49,-89,-74,39
-20,58,-9,76,-50,-89,-74,40
-20,61,-9,76,-53,-89,-74,42
-19,63,-9,76,-54,-89,-73,45
-18,65,-9,76,-54,-89,-73,47
-18,67,-9,76,-52,-89,-73,48
-20,68,-9,76,-50,-89,-74,51
-21,69,-9,76,-50,-89,-75,52
-21,71,-9,76,-52,-89,-76,53
-22,72,-9,76,-54,-89,-76,54
-23,74,-8,77,-55,-89,-78,56
-24,75,-8,77,-54,-89,-78,57
-25,77,-8,77,-52,-89,-80,59
-25,78,-9,76,-51,-89,-80,61
-25,80,-9,75,-51,-89,-80,62
-23,81,-10,76,-52,-89,-78,63
-22,82,-10,77,-52,-89,-76,64
-22,83,-10,79,-51,-89,-79,63
-23,85,-11,81,-51,-89,-80,64
-24,86,-12,80,-51,-89,-81,65
-25,86,-12,80,-51,-89,-81,67
-24,86,-13,80,-52,-89,-81,67
-24,86,-13,79,-52,-88,-81,65
-24,86,-12,78,-53,-87,-81,65
-24,86,-10,77,-54,-87,-79,69
-24,86,-9,76,-54,-87,-79,69
-24,86,-10,76,-54,-86,-79,68
-23,84,-11,77,-54,-86,-78,64
-22,83,-11,78,-54,-86,-80,63
-22,82,-11,78,-54,-86,-79,62
-21,82,-10,77,-54,-87,-76,64
-22,82,-10,76,-52,-87,-76,64
-23,80,-9,76,-50,-86,-78,63
-23,78,-9,76,-50,-86,-78,61
-23,75,-9,76,-52,-87,-78,57
-23,73,-9,76,-54,-87,-78,56
-24,71,-10,76,-54,-88,-78,53
-25,69,-11,74,-54,-87,-79,52
-25,68,-12,74,-54,-86,-80,51
-25,67,-11,74,-54,-86,-80,50
-24,66,-11,75,-52,-85,-79,48
-24,64,-10,75,-52,-86,-78,46
-24,62,-11,74,-53,-86,-78,43
-24,59,-13,72,-54,-88,-76,39
-25,57,-14,72,-54,-88,-76,36
-24,54,-13,73,-54,-88,-75,34
-24,52,-13,73,-54,-87,-75,31
-25,50,-12,72,-54,-88,-76,31
-25,48,-11,69,-54,-89,-74,30
-25,47,-10,68,-54,-88,-74,29
-26,46,-11,68,-54,-86,-75,28
-28,44,-12,69,-54,-84,-76,25
-28,42,-13,69,-54,-84,-76,23
-26,39,-13,68,-54,-84,-75,20
-25,37,-12,67,-54,-84,-74,18
-25,35,-11,68,-54,-84,-74,17
-27,34,-10,68,-54,-84,-75,15
-29,34,-10,68,-54,-84,-78,15
-31,32,-11,68,-54,-84,-79,14
-32,31,-11,68,-54,-84,-80,12
-32,29,-10,68,-54,-84,-81,10
-32,28,-10,69,-54,-84,-80,9
-32,28,-10,68,-54,-86,-80,8
-32,27,-11,68,-54,-87,-80,8
-34,25,-11,68,-54,-87,-83,7
-35,25,-11,68,-54,-86,-84,6
-35,23,-11,68,-54,-85,-84,4
-34,21,-10,68,-54,-85,-83,2
-33,20,-10,69,-54,-86,-81,1
-32,20,-10,69,-54,-86,-81,1
-32,20,-9,69,-54,-86,-81,1
-33,20,-9,68,-54,-87,-81,3
-33,22,-9,68,-54,-89,-81,6
-35,23,-9,68,-54,-90,-83,7
-36,24,-8,68,-54,-89,-84,8
-35,25,-8,66,-54,-89,-81,8
-34,25,-7,65,-54,-89,-80,8
-32,26,-6,65,-54,-89,-78,10
-32,28,-7,65,-54,-89,-78,12
-32,30,-7,65,-54,-89,-79,13
-33,31,-7,65,-54,-89,-79,14
-32,32,-6,66,-54,-89,-79,15
-31,34,-5,66,-54,-89,-78,18
-30,36,-5,66,-54,-89,-76,20
-31,38,-6,66,-54,-89,-76,21
-31,40,-6,65,-54,-89,-76,24
-30,42,-6,66,-54,-89,-76,26
-28,45,-4,67,-54,-89,-75,31
-27,48,-3,68,-54,-89,-73,35
-25,50,-2,69,-54,-89,-72,37
-24,53,-3,68,-54,-90,-70,40
-22,55,-3,68,-53,-91,-69,42
-21,58,-3,68,-53,-91,-68,45
-22,61,-3,68,-53,-90,-69,48
-21,64,-2,69,-54,-90,-68,51
-21,67,0,71,-53,-90,-70,54
-20,70,0,72,-52,-92,-69,57
-18,72,0,72,-51,-94,-68,59
-17,75,0,72,-52,-94,-67,63
-15,78,0,72,-53,-94,-65,65
-15,82,0,72,-54,-94,-64,69
-14,85,0,72,-54,-94,-63,73
-12,87,1,73,-54,-94,-62,75
-11,89,3,74,-52,-94,-61,80
-10,92,3,75,-51,-94,-59,83
-8,96,4,75,-50,-94,-58,86
-7,99,4,75,-50,-94,-57,90
-6,101,3,75,-50,-94,-57,92
-5,102,3,75,-51,-94,-56,93
-4,104,3,75,-51,-94,-54,95
-4,107,3,75,-51,-94,-54,97
-4,109,4,76,-51,-94,-54,101
-3,112,5,76,-50,-94,-53,103
-2,115,6,77,-50,-94,-52,106
-1,117,6,78,-50,-94,-54,108
0,119,5,78,-50,-94,-53,111
0,122,3,80,-51,-94,-52,111
1,124,3,81,-53,-94,-53,113
2,126,3,82,-53,-94,-53,115
2,128,4,82,-52,-94,-52,118
1,130,4,82,-51,-94,-53,119
0,132,4,82,-50,-94,-54,120
0,134,4,82,-50,-94,-54,124
0,137,3,82,-51,-94,-54,126
2,139,4,82,-52,-94,-53,129
3,141,5,83,-52,-94,-52,133
4,143,7,84,-51,-94,-51,135
4,144,7,85,-51,-94,-51,136
4,146,8,86,-52,-94,-51,139
5,147,8,85,-54,-94,-50,139
7,148,7,85,-54,-94,-48,140
7,149,7,85,-53,-92,-48,141
6,151,7,85,-51,-90,-48,144
6,152,8,85,-51,-90,-50,145
7,154,7,85,-52,-92,-48,146
8,154,7,85,-54,-94,-47,147
10,155,7,85,-55,-94,-46,147
10,155,7,85,-55,-93,-45,147
10,155,7,85,-54,-92,-45,147
10,155,7,85,-53,-92,-46,147
10,155,7,85,-52,-94,-46,147
10,155,7,85,-53,-94,-46,147
10,155,7,85,-54,-94,-46,147
10,155,7,85,-53,-93,-46,147
9,155,7,86,-51,-92,-48,147
10,155,7,86,-50,-93,-47,147
10,153,6,87,-49,-94,-47,144
11,152,7,86,-49,-94,-46,145
11,152,7,86,-50,-94,-46,145
11,152,7,85,-50,-94,-43,145
12,152,8,85,-49,-94,-43,145
12,151,8,85,-49,-94,-43,144
12,150,7,85,-50,-94,-43,142
12,150,7,86,-51,-94,-46,142
13,151,5,88,-51,-94,-45,141
15,152,4,89,-51,-94,-45,142
17,153,4,89,-50,-94,-43,144
17,153,4,89,-49,-93,-43,144
15,152,4,89,-49,-92,-45,142
14,151,4,89,-49,-91,-46,141
12,150,3,88,-50,-92,-47,140
13,149,3,88,-50,-92,-47,139
13,148,3,88,-49,-92,-47,137
14,147,4,89,-49,-92,-46,137
14,147,5,89,-49,-91,-45,136
15,146,5,89,-49,-90,-45,136
14,146,4,89,-49,-89,-45,136
13,146,3,87,-49,-89,-43,135
12,144,1,87,-49,-90,-46,134
11,142,2,86,-49,-90,-46,133
11,141,3,87,-49,-91,-46,131
12,140,4,89,-49,-93,-48,130
13,140,4,89,-49,-93,-47,129
13,140,4,89,-49,-93,-47,129
13,140,4,89,-49,-91,-47,129
12,140,5,88,-49,-90,-45,130
12,140,7,86,-49,-89,-45,133
13,138,7,86,-49,-89,-45,130
14,137,8,85,-49,-90,-41,129
14,136,7,85,-49,-90,-40,128
15,135,7,85,-49,-89,-40,128
15,135,7,86,-49,-89,-42,128
15,136,7,85,-49,-89,-40,128
15,136,7,85,-49,-89,-40,128
15,135,7,85,-49,-89,-40,128
14,135,8,85,-49,-89,-40,128
15,135,8,86,-49,-89,-40,128
16,136,7,85,-49,-89,-39,129
18,137,6,84,-49,-89,-36,129
19,138,5,83,-49,-89,-35,130
20,137,5,83,-49,-89,-35,130
19,138,7,84,-49,-89,-36,130
18,139,7,85,-49,-90,-36,131
18,141,7,84,-49,-90,-37,133
18,143,5,83,-49,-89,-36,135
19,144,4,82,-49,-88,-35,134
21,144,3,82,-49,-87,-34,135
23,145,4,82,-49,-86,-31,135
24,146,4,82,-49,-86,-30,136
25,147,4,82,-49,-85,-29,137
25,148,4,82,-49,-84,-30,139
24,150,4,82,-50,-84,-31,140
23,151,3,82,-51,-86,-32,141
23,151,4,82,-50,-86,-31,141
25,152,5,83,-50,-86,-30,145
25,154,6,84,-49,-85,-30,146
25,155,7,84,-49,-84,-30,148
24,157,6,84,-49,-84,-31,150
24,157,6,85,-49,-84,-31,150
23,158,6,86,-48,-85,-34,151
24,160,6,87,-49,-85,-34,153
24,163,7,86,-51,-84,-34,156
25,166,7,86,-52,-84,-32,158
25,167,7,85,-52,-84,-30,161
25,167,7,85,-50,-84,-30,161
25,167,8,85,-49,-85,-30,159
25,167,7,85,-50,-86,-30,161
25,170,7,86,-51,-86,-32,163
26,173,8,85,-50,-86,-30,167
26,175,8,85,-49,-86,-29,168
27,176,7,85,-49,-86,-29,169
28,176,7,85,-50,-87,-28,169
29,177,8,85,-51,-88,-26,170
30,178,9,86,-51,-89,-28,172
30,180,10,87,-50,-89,-28,174
30,182,11,88,-49,-88,-28,177
31,184,11,89,-49,-87,-26,178
32,185,11,89,-49,-86,-26,179
32,187,11,88,-49,-86,-26,181
32,189,11,88,-49,-86,-26,183
33,191,11,88,-49,-87,-25,184
34,192,11,89,-49,-87,-24,186
33,194,12,90,-49,-87,-25,190
32,195,13,90,-49,-86,-26,191
32,195,14,91,-49,-85,-26,191
34,196,14,91,-49,-84,-25,192
35,198,14,91,-49,-84,-24,195
35,200,14,91,-49,-85,-23,196
35,202,14,91,-49,-85,-24,198
34,202,13,91,-49,-85,-24,198
34,202,14,91,-49,-84,-24,198
34,202,15,91,-49,-84,-24,198
34,202,16,91,-49,-84,-24,198
34,202,16,90,-49,-84,-24,198
35,202,15,91,-49,-84,-24,198
36,202,15,92,-49,-84,-23,198
36,203,15,92,-49,-84,-23,200
35,203,16,91,-49,-84,-23,200
34,204,16,90,-49,-84,-25,201
31,203,16,90,-49,-84,-28,200
30,202,16,90,-49,-85,-29,198
30,200,16,90,-49,-85,-29,197
30,199,15,91,-49,-84,-29,196
30,199,15,91,-49,-83,-28,195
29,198,15,91,-49,-83,-29,195
27,198,17,89,-49,-83,-29,197
25,197,18,88,-49,-83,-30,196
25,197,18,88,-49,-82,-30,196
27,196,18,88,-49,-81,-29,195
28,194,18,88,-49,-81,-29,194
27,192,18,88,-49,-81,-29,191
26,189,18,88,-48,-80,-30,187
25,187,18,88,-49,-81,-31,185
23,185,18,88,-49,-81,-32,184
21,183,18,88,-49,-81,-35,181
19,181,18,89,-48,-80,-36,179
19,179,18,88,-48,-79,-37,177
18,176,17,87,-48,-79,-37,174
18,174,15,86,-48,-79,-37,169
18,172,14,85,-48,-80,-37,168
16,170,14,85,-48,-80,-39,166
14,168,14,85,-48,-79,-41,163
11,165,16,84,-48,-79,-42,163
10,162,16,81,-48,-79,-43,159
9,160,15,79,-48,-79,-42,157
8,158,13,79,-48,-79,-42,153
7,155,13,79,-48,-80,-43,151
6,153,13,79,-48,-80,-45,147
3,150,14,78,-48,-79,-47,147
3,147,13,77,-48,-78,-47,144
2,144,13,77,-48,-78,-48,141
1,140,12,76,-48,-78,-50,135
0,138,11,75,-48,-78,-51,133
-1,136,10,75,-48,-78,-52,130
-2,133,10,75,-48,-77,-50,128
-2,130,10,75,-48,-76,-51,124
-3,127,10,74,-48,-75,-51,120
-5,124,8,72,-48,-75,-53,118
-6,122,7,72,-48,-75,-54,115
-7,119,7,71,-48,-75,-56,113
-8,115,7,71,-48,-75,-56,109
-9,112,7,71,-48,-75,-57,106
-10,110,7,71,-48,-75,-58,103
-12,108,7,72,-48,-75,-61,101
-14,104,7,72,-48,-75,-62,98
-14,101,7,71,-48,-75,-62,93
-15,98,6,71,-48,-75,-63,91
-17,95,4,69,-48,-75,-64,86
-18,93,3,68,-48,-75,-63,84
-21,90,3,68,-48,-75,-65,80
-22,86,3,68,-48,-75,-68,76
-23,82,3,68,-48,-73,-70,72
-24,79,3,68,-48,-71,-69,69
-25,76,2,67,-48,-70,-70,65
-28,72,1,66,-48,-69,-73,62
-30,66,0,65,-48,-70,-75,56
-32,61,0,65,-48,-70,-78,51
-35,56,-1,64,-48,-70,-79,43
-36,52,-2,63,-48,-70,-80,39
-36,48,-3,62,-48,-70,-81,34
-38,43,-3,61,-48,-70,-79,30
-39,39,-4,61,-48,-70,-81,25
-41,34,-5,59,-48,-70,-83,20
-43,29,-6,59,-48,-70,-85,15
-45,25,-7,58,-48,-70,-86,10
-46,21,-8,57,-48,-70,-87,4
-47,16,-9,56,-48,-70,-89,0
-50,10,-10,55,-48,-70,-91,-6
-52,5,-11,55,-48,-70,-93,-12
-54,0,-12,54,-48,-70,-92,-18
-56,-4,-13,53,-48,-70,-95,-21
-57,-9,-14,52,-48,-70,-95,-26
-58,-14,-14,52,-48,-70,-96,-32
-58,-20,-14,52,-48,-70,-96,-39
-59,-25,-15,51,-48,-70,-97,-46
-61,-30,-16,50,-48,-70,-98,-51
-62,-34,-17,48,-48,-70,-97,-54
-64,-38,-16,46,-48,-68,-98,-57
-65,-42,-15,44,-48,-66,-97,-61
-66,-47,-16,43,-47,-65,-98,-65
-67,-53,-17,43,-47,-65,-100,-72
-67,-59,-17,43,-47,-65,-98,-78
-68,-65,-18,42,-47,-65,-100,-84
-69,-69,-18,42,-47,-65,-101,-91
-71,-73,-19,40,-47,-65,-102,-95
-72,-77,-21,39,-48,-65,-104,-100
-74,-80,-22,38,-47,-65,-103,-102
-75,-83,-22,38,-47,-65,-104,-106
-75,-86,-22,38,-47,-65,-104,-109
-76,-90,-21,39,-48,-63,-106,-112
-77,-93,-21,39,-48,-63,-106,-115
-79,-97,-23,37,-47,-64,-107,-119
-79,-100,-24,36,-46,-65,-108,-123
-80,-103,-25,35,-46,-64,-109,-129
-81,-105,-25,35,-46,-62,-109,-130
-82,-107,-25,35,-47,-60,-111,-133
-82,-109,-25,35,-47,-60,-111,-135
-82,-113,-26,34,-46,-60,-111,-139
-83,-116,-26,34,-45,-60,-111,-141
-84,-118,-26,34,-46,-60,-112,-144
-85,-119,-25,35,-47,-60,-113,-145
-85,-119,-26,34,-47,-60,-113,-145
-85,-118,-28,33,-47,-60,-113,-144
-85,-118,-29,32,-47,-60,-111,-144
-85,-118,-29,32,-47,-60,-111,-144
-84,-120,-29,32,-47,-60,-109,-146
-83,-121,-29,32,-47,-60,-112,-147
-83,-121,-29,32,-47,-60,-112,-147
-84,-120,-29,32,-46,-60,-109,-146
-85,-118,-29,32,-45,-60,-111,-144
-85,-118,-29,32,-46,-60,-113,-144
-85,-119,-30,33,-47,-60,-113,-145
-85,-118,-31,35,-47,-60,-113,-146
-84,-116,-32,35,-47,-60,-114,-145
-83,-114,-33,36,-47,-60,-114,-142
-83,-112,-32,36,-47,-60,-113,-140
-83,-111,-31,36,-47,-60,-114,-140
-83,-110,-29,38,-47,-60,-114,-139
-83,-108,-29,39,-47,-60,-114,-136
-83,-105,-28,39,-47,-58,-114,-130
-83,-102,-28,39,-47,-58,-113,-128
-82,-100,-28,39,-47,-59,-113,-125
-81,-98,-28,39,-47,-60,-113,-123
-80,-96,-29,39,-47,-60,-112,-123
-79,-93,-29,40,-46,-59,-113,-122
-79,-91,-30,40,-45,-57,-113,-118
-80,-88,-30,41,-46,-57,-113,-115
-80,-85,-31,41,-47,-57,-114,-112
-80,-82,-31,40,-47,-57,-114,-109
-80,-80,-30,40,-47,-56,-114,-107
-80,-78,-28,40,-47,-55,-114,-106
-80,-75,-26,41,-47,-55,-114,-101
-80,-73,-26,43,-47,-55,-114,-97
-78,-70,-27,45,-47,-55,-114,-95
-76,-67,-28,46,-47,-55,-113,-95
-75,-64,-28,46,-47,-55,-112,-91
-75,-61,-28,46,-47,-55,-112,-89
-75,-59,-28,46,-47,-55,-112,-85
-75,-57,-28,46,-47,-55,-112,-84
-74,-56,-28,46,-47,-55,-111,-83
-73,-54,-28,46,-47,-55,-111,-81
-72,-52,-28,46,-47,-55,-109,-79
-72,-50,-28,46,-47,-55,-109,-78
-72,-50,-28,45,-47,-55,-109,-76
-72,-49,-28,46,-47,-55,-109,-75
-72,-46,-27,47,-47,-55,-109,-73
-71,-44,-25,48,-47,-55,-108,-68
-70,-43,-25,49,-46,-55,-108,-67
-70,-43,-24,49,-46,-56,-107,-67
-70,-43,-25,50,-45,-57,-109,-68
-69,-43,-26,50,-46,-57,-108,-69
-67,-42,-26,50,-47,-57,-107,-68
-66,-41,-25,50,-47,-57,-106,-67
-65,-41,-25,49,-47,-58,-106,-64
-65,-41,-25,49,-47,-60,-103,-64
-66,-41,-25,50,-47,-61,-106,-67
-66,-41,-26,50,-47,-60,-106,-68
-66,-41,-26,50,-47,-60,-106,-68
-65,-41,-26,50,-47,-60,-106,-68
-65,-41,-27,51,-47,-60,-106,-67
-65,-41,-28,52,-47,-60,-108,-68
-65,-41,-28,53,-47,-60,-108,-68
-65,-42,-28,53,-47,-60,-107,-69
-65,-43,-28,52,-47,-60,-107,-69
-64,-44,-28,52,-47,-60,-107,-70
-64,-45,-28,52,-47,-60,-106,-72
-64,-45,-28,53,-47,-60,-106,-72
-63,-46,-28,52,-47,-60,-106,-72
-62,-47,-28,52,-47,-60,-104,-73
-61,-48,-28,52,-47,-60,-102,-74
-60,-49,-28,52,-47,-60,-102,-75
-60,-50,-28,52,-47,-60,-102,-76
-59,-49,-28,52,-47,-60,-101,-75
-58,-48,-28,52,-47,-60,-101,-74
-57,-47,-28,52,-47,-60,-98,-74
-56,-48,-28,52,-47,-60,-97,-74
-54,-50,-28,52,-47,-60,-96,-76
-54,-52,-28,52,-47,-60,-96,-79
-55,-52,-28,52,-47,-60,-96,-79
-55,-50,-28,52,-47,-60,-97,-76
-54,-48,-28,53,-47,-60,-96,-74
-53,-47,-28,53,-47,-60,-95,-74
-53,-48,-28,52,-47,-60,-95,-74
-53,-49,-28,52,-47,-60,-95,-75
-53,-48,-28,52,-46,-60,-95,-74
-51,-46,-27,53,-46,-62,-92,-72
-49,-45,-27,54,-46,-63,-90,-70
-47,-43,-26,54,-47,-64,-89,-69
-48,-43,-27,54,-48,-63,-90,-69
-48,-43,-26,54,-48,-64,-90,-68
-47,-42,-25,55,-47,-65,-89,-68
-45,-42,-24,56,-47,-65,-86,-68
-44,-40,-24,56,-47,-65,-85,-65
-43,-38,-24,56,-48,-65,-85,-64
-43,-36,-24,56,-47,-65,-85,-62
-42,-34,-24,56,-47,-65,-84,-59
-41,-32,-24,56,-47,-65,-83,-58
-40,-31,-24,56,-47,-65,-81,-57
-39,-29,-24,56,-47,-65,-81,-54
-39,-26,-25,55,-47,-65,-81,-52
-37,-24,-24,56,-47,-65,-79,-50
-36,-21,-23,57,-47,-65,-78,-47
-35,-19,-21,58,-47,-65,-80,-41
-34,-17,-21,59,-47,-65,-79,-40
-34,-14,-20,59,-47,-65,-79,-37
-33,-11,-20,59,-47,-65,-79,-34
-32,-8,-21,59,-47,-65,-78,-30
-31,-4,-21,59,-47,-65,-76,-26
-30,-1,-20,59,-47,-65,-75,-23
-29,1,-21,59,-47,-65,-75,-19
-28,4,-21,59,-47,-65,-74,-17
-27,7,-20,59,-47,-65,-73,-14
-26,9,-19,60,-47,-65,-72,-12
-25,13,-18,61,-47,-65,-70,-7
-24,18,-17,62,-47,-65,-70,-3
-24,21,-17,62,-47,-65,-69,0
-24,24,-17,63,-47,-65,-69,3
-24,26,-16,63,-47,-65,-69,6
-23,30,-14,65,-47,-65,-69,12
-22,33,-13,65,-48,-66,-70,14
-21,37,-13,66,-48,-67,-69,18
-20,40,-14,67,-48,-66,-68,21
-19,43,-14,67,-48,-66,-68,23
-18,46,-14,67,-48,-66,-67,25
-17,50,-14,67,-48,-67,-65,31
-16,53,-14,68,-48,-68,-64,35
-15,56,-14,69,-48,-69,-67,39
-15,59,-14,71,-48,-70,-67,39
-15,62,-14,72,-48,-70,-67,42
-14,65,-14,72,-48,-70,-65,45
-13,68,-13,73,-48,-70,-65,48
-11,71,-13,72,-48,-70,-63,51
-10,73,-12,73,-48,-70,-62,56
-9,76,-10,75,-48,-70,-63,58
-9,79,-9,76,-48,-70,-64,62
-9,82,-9,76,-48,-70,-63,64
-8,84,-9,76,-48,-70,-62,67
-7,86,-9,76,-48,-71,-61,69
-5,89,-8,77,-48,-72,-59,72
-4,91,-7,78,-48,-72,-59,74
-4,93,-6,79,-48,-72,-58,76
-3,95,-5,79,-48,-72,-58,81
-3,97,-6,79,-48,-71,-57,81
-2,100,-6,79,-48,-70,-57,84
-1,102,-5,79,-48,-69,-56,87
-1,104,-5,80,-48,-69,-56,90
0,107,-4,80,-48,-70,-56,93
0,109,-5,80,-48,-72,-54,95
0,110,-4,80,-48,-74,-53,96
0,111,-3,81,-48,-75,-56,97
0,112,-2,82,-48,-74,-57,98
0,114,-2,83,-48,-72,-58,100
-1,115,-2,83,-48,-70,-58,101
0,115,-2,82,-48,-69,-58,102
0,116,-2,82,-48,-70,-57,102
0,118,-2,82,-48,-70,-57,104
0,120,-2,83,-48,-70,-57,106
0,122,-2,82,-48,-70,-57,108
0,122,-2,82,-48,-70,-57,108
0,122,-2,82,-48,-70,-57,108
0,122,-2,83,-48,-70,-57,108
0,121,-2,83,-48,-70,-57,108
0,122,-2,82,-48,-70,-57,108
0,122,-3,81,-48,-70,-57,108
0,123,-3,81,-48,-70,-58,109
0,124,-3,81,-48,-70,-58,111
0,123,-2,82,-49,-70,-57,109
0,122,-2,83,-50,-69,-57,108
0,121,-2,83,-51,-69,-58,107
-2,120,-2,82,-51,-69,-59,106
-3,119,-2,83,-51,-69,-61,106
-3,119,-2,83,-51,-69,-62,106
-4,120,-3,83,-51,-70,-62,106
-4,119,-3,81,-51,-70,-62,106
-3,118,-3,80,-51,-70,-58,104
0,117,-1,79,-52,-69,-54,103
1,117,0,79,-53,-69,-53,106
1,116,1,79,-53,-70,-51,106
0,116,0,79,-52,-71,-54,104
-1,115,0,79,-51,-73,-57,104
0,116,0,79,-51,-73,-56,104
1,117,0,79,-53,-73,-53,106
3,117,0,79,-53,-72,-52,106
3,118,0,79,-53,-70,-50,107
2,118,0,79,-53,-70,-50,107
2,117,0,79,-53,-71,-50,106
3,116,0,79,-53,-72,-51,104
4,114,0,79,-53,-72,-48,103
5,113,0,79,-53,-72,-47,102
5,113,0,79,-52,-72,-47,102
5,113,0,79,-51,-73,-50,102
5,113,0,79,-52,-74,-50,102
4,113,0,78,-53,-75,-47,102
4,114,1,78,-54,-75,-47,102
5,113,1,77,-53,-74,-47,102
5,112,1,78,-52,-74,-46,101
6,111,0,78,-51,-74,-45,100
7,109,0,79,-50,-75,-47,98
6,108,0,79,-49,-74,-47,97
6,107,0,79,-50,-74,-48,96
5,106,1,79,-51,-74,-46,95
5,104,0,79,-53,-74,-46,93
5,103,0,78,-54,-74,-47,92
5,102,-1,76,-53,-74,-47,91
5,102,-2,75,-52,-74,-46,89
5,102,-3,75,-51,-74,-46,89
5,102,-3,75,-50,-74,-47,89
5,103,-2,75,-50,-74,-46,89
5,102,-2,75,-50,-74,-46,89
6,101,-3,76,-51,-74,-46,87
5,98,-3,76,-51,-74,-46,85
5,96,-3,75,-50,-74,-46,83
4,96,-2,74,-48,-75,-47,84
3,95,0,73,-49,-74,-46,84
1,95,0,72,-52,-74,-47,84
0,94,0,72,-53,-74,-48,83
0,93,0,72,-53,-74,-50,81
0,92,0,71,-52,-74,-50,80
0,90,0,71,-51,-74,-48,79
2,89,0,71,-51,-74,-47,78
1,89,-1,70,-53,-74,-47,78
0,89,-2,70,-54,-74,-48,76
-1,87,-1,70,-54,-74,-48,75
-2,86,0,68,-53,-74,-48,74
-1,83,0,67,-52,-74,-48,72
0,82,0,67,-51,-74,-47,70
0,82,-2,67,-50,-74,-46,70
0,83,-2,67,-51,-74,-47,70
-1,82,-1,66,-52,-74,-48,70
-3,81,0,65,-53,-74,-47,72
-4,80,0,65,-53,-74,-48,72
-4,80,0,65,-53,-74,-48,70
-4,80,0,65,-53,-74,-48,70
-4,80,0,65,-53,-74,-48,70
-4,80,0,65,-53,-74,-48,70
-4,80,0,65,-53,-74,-48,72
-4,80,0,66,-53,-75,-48,70
-4,80,1,66,-53,-74,-48,72
-4,80,1,66,-53,-74,-48,70
-4,80,1,66,-52,-74,-48,70
-4,80,1,66,-51,-75,-48,70
-5,81,1,66,-52,-75,-50,72
-6,83,1,66,-53,-74,-51,74
-5,85,1,66,-53,-73,-50,76
-4,86,0,66,-53,-71,-48,78
-2,86,0,65,-53,-70,-47,78
-2,86,1,66,-53,-69,-47,76
-2,87,2,67,-53,-69,-47,78
-2,89,3,68,-53,-70,-50,80
-1,91,3,69,-53,-70,-48,83
0,93,2,70,-51,-70,-47,84
0,94,2,70,-50,-69,-47,85
-1,95,2,69,-50,-69,-48,86
-1,97,2,69,-51,-69,-48,87
0,99,2,69,-52,-70,-47,90
0,101,2,69,-52,-70,-46,92
1,104,3,71,-51,-70,-46,95
2,105,4,73,-51,-69,-47,97
1,108,4,74,-52,-68,-48,100
1,111,5,75,-53,-68,-48,102
0,114,5,74,-53,-68,-50,106
0,117,5,73,-51,-67,-46,108
1,119,5,73,-50,-66,-48,111
2,121,4,74,-50,-65,-47,113
3,123,4,75,-50,-66,-47,114
3,125,5,75,-51,-66,-46,117
4,128,7,75,-51,-66,-45,123
6,132,9,76,-51,-65,-43,126
7,135,9,77,-52,-65,-42,130
7,138,9,79,-53,-65,-45,133
7,141,9,80,-53,-65,-45,136
7,143,8,79,-53,-65,-46,135
7,146,7,79,-53,-65,-46,139
7,149,7,79,-52,-65,-45,141
8,152,8,79,-51,-65,-45,145
7,155,9,80,-50,-65,-46,150
7,158,9,80,-51,-65,-46,153
9,161,10,81,-52,-65,-45,157
10,165,10,81,-53,-65,-42,161
12,167,11,82,-53,-65,-41,163
13,169,11,82,-52,-65,-40,164
12,171,11,82,-52,-65,-41,167
12,174,11,82,-52,-65,-41,169
14,178,11,82,-53,-65,-40,174
15,182,11,82,-52,-65,-37,178
16,184,11,83,-52,-65,-37,180
16,186,12,83,-52,-65,-37,183
16,188,13,83,-53,-65,-37,184
16,190,14,84,-53,-63,-37,186
17,192,14,85,-52,-62,-39,187
19,194,14,85,-51,-61,-37,190
20,195,15,85,-50,-61,-36,191
20,197,16,84,-49,-61,-34,196
20,198,17,84,-49,-61,-34,197
21,200,17,85,-49,-60,-34,198
22,201,16,86,-49,-60,-35,200
23,202,15,86,-50,-60,-34,198
23,203,16,87,-50,-60,-32,200
23,202,17,87,-50,-60,-34,201
22,203,18,86,-49,-60,-34,202
22,204,20,85,-48,-60,-32,203
21,205,21,84,-47,-60,-32,207
21,205,19,84,-47,-60,-32,203
22,204,18,84,-47,-60,-32,203
23,203,17,85,-47,-61,-31,202
23,202,17,84,-47,-60,-31,201
23,202,18,83,-47,-59,-31,201
24,202,18,82,-47,-57,-30,201
24,201,17,82,-47,-55,-30,200
24,200,16,83,-47,-54,-29,198
24,198,15,84,-48,-55,-30,196
23,195,15,84,-50,-57,-30,195
22,194,16,83,-50,-57,-31,192
22,193,16,83,-50,-56,-31,192
22,191,16,83,-48,-56,-31,190
21,189,17,82,-47,-55,-32,187
20,186,17,80,-47,-55,-30,185
19,184,15,79,-48,-55,-31,183
19,183,14,78,-49,-55,-32,181
18,181,13,79,-48,-55,-32,178
17,180,13,79,-47,-55,-34,175
16,177,13,79,-47,-55,-35,173
15,173,14,78,-48,-55,-35,172
14,170,14,78,-49,-55,-36,168
14,168,14,78,-49,-55,-37,167
13,166,14,78,-49,-55,-37,163
13,162,13,77,-49,-55,-37,161
14,159,11,76,-49,-55,-36,155
14,157,10,75,-49,-55,-34,152
13,155,10,74,-50,-55,-35,150
13,153,10,75,-51,-55,-35,148
13,150,10,75,-52,-54,-35,145
12,147,10,75,-52,-54,-35,141
12,143,10,75,-50,-53,-36,139
11,140,10,75,-48,-54,-36,135
10,137,11,75,-47,-54,-37,131
10,134,10,75,-46,-53,-37,129
9,132,9,74,-47,-53,-39,126
8,130,8,72,-47,-53,-39,125
8,128,7,72,-47,-52,-40,123
7,126,7,71,-47,-52,-40,120
7,123,7,71,-46,-50,-40,118
6,121,7,72,-46,-50,-41,115
5,118,6,73,-46,-50,-41,109
5,115,4,74,-46,-50,-43,107
6,112,3,74,-46,-50,-43,103
6,110,0,73,-46,-50,-43,98
7,107,0,72,-46,-50,-42,96
6,104,0,72,-46,-50,-43,93
5,102,0,72,-46,-50,-43,91
4,100,0,72,-46,-50,-45,89
4,98,0,72,-46,-50,-45,86
3,96,0,72,-46,-50,-46,84
2,93,0,71,-46,-50,-47,81
2,91,-1,70,-47,-50,-45,80
1,90,-2,69,-47,-50,-45,78
1,89,-1,70,-46,-49,-45,78
0,88,-2,69,-46,-48,-47,76
-1,88,-2,69,-46,-47,-48,76
-2,86,-3,68,-47,-46,-50,75
-3,86,-3,68,-48,-46,-50,74
-3,85,-3,68,-48,-45,-50,73
-3,84,-3,68,-48,-46,-50,73
-3,84,-3,68,-47,-47,-50,73
-3,84,-3,68,-46,-47,-50,73
-5,84,-3,68,-46,-47,-52,73
-6,84,-3,68,-46,-47,-53,73
-7,84,-3,68,-47,-46,-54,72
-7,84,-3,68,-47,-46,-54,73
-5,85,-3,68,-46,-45,-52,73
-3,86,-3,68,-46,-45,-51,74
-2,87,-3,69,-46,-45,-50,75
-1,89,-2,68,-46,-46,-48,78
0,91,-2,68,-46,-46,-47,80
0,93,-2,67,-46,-45,-47,83
-1,95,-2,67,-46,-45,-48,84
-2,97,-2,68,-46,-45,-50,85
-1,98,-2,70,-46,-45,-48,86
0,99,0,71,-46,-45,-51,87
0,101,0,72,-46,-45,-50,90
1,104,0,72,-46,-45,-48,92
2,105,0,72,-46,-45,-47,95
2,107,1,71,-46,-45,-45,98
2,108,1,70,-46,-45,-45,100
1,109,1,71,-46,-45,-45,101
2,111,0,72,-46,-45,-47,100
3,113,0,72,-46,-45,-46,102
4,115,0,72,-46,-45,-46,103
3,116,0,72,-46,-45,-46,106
3,117,0,72,-46,-45,-47,107
2,118,0,72,-46,-45,-47,107
2,118,0,72,-46,-45,-47,107
2,117,0,72,-46,-45,-47,106
3,117,0,72,-46,-45,-46,106
3,116,0,72,-46,-45,-46,104
3,115,0,72,-46,-45,-46,104
4,114,0,72,-46,-45,-45,103
5,113,0,72,-46,-45,-45,102
5,114,0,72,-46,-45,-45,103
5,113,0,72,-46,-45,-45,102
4,112,0,72,-46,-45,-45,101
3,109,0,72,-46,-45,-46,97
3,105,0,72,-46,-45,-46,95
4,103,0,71,-46,-45,-45,92
4,101,-2,69,-46,-45,-42,90
3,99,-3,69,-46,-45,-43,89
2,97,-3,68,-46,-45,-45,86
1,95,-3,68,-46,-45,-45,84
1,92,-3,68,-46,-45,-46,81
1,90,-2,68,-46,-45,-46,79
0,89,-3,68,-46,-45,-46,78
0,88,-3,70,-46,-45,-50,76
0,86,-5,71,-46,-45,-50,73
0,84,-7,72,-46,-45,-50,70
0,81,-7,71,-47,-45,-50,67
0,78,-7,69,-48,-45,-48,64
0,75,-7,68,-48,-45,-48,61
0,73,-8,68,-47,-45,-48,58
0,72,-10,68,-47,-45,-50,54
-1,70,-10,69,-47,-45,-50,53
-2,69,-10,69,-48,-45,-51,52
-2,67,-10,69,-48,-45,-51,50
-2,65,-10,69,-47,-45,-51,47
-2,62,-10,69,-46,-45,-51,45
-3,60,-10,69,-46,-45,-51,42
-3,59,-9,69,-46,-45,-52,41
-4,58,-9,68,-46,-45,-52,42
-5,57,-8,65,-46,-45,-51,42
-6,57,-9,63,-46,-45,-52,42
-7,55,-11,63,-46,-45,-53,37
-7,52,-11,63,-46,-45,-53,35
-9,50,-11,63,-46,-45,-54,32
-11,49,-10,62,-46,-45,-54,34
-13,47,-10,62,-46,-46,-57,32
-13,46,-10,62,-47,-45,-57,30
-13,44,-10,62,-49,-45,-56,29
-13,43,-10,62,-49,-45,-57,28
-14,41,-10,62,-49,-45,-58,25
-16,38,-10,62,-47,-46,-59,23
-18,36,-10,62,-46,-45,-61,20
-19,33,-10,62,-46,-44,-63,18
-21,32,-10,62,-46,-44,-64,15
-23,30,-10,62,-48,-44,-67,14
-25,28,-11,61,-48,-43,-68,13
-25,26,-12,61,-48,-43,-68,8
-26,25,-12,60,-47,-42,-69,6
-27,23,-12,58,-46,-42,-70,7
-28,21,-11,56,-46,-42,-68,4
-28,19,-10,55,-46,-41,-67,3
-29,17,-10,55,-48,-40,-68,1
-31,15,-11,56,-49,-40,-72,-1
-33,13,-13,58,-50,-40,-76,-6
-35,10,-14,59,-49,-40,-78,-8
-36,7,-12,58,-48,-41,-79,-8
-37,5,-11,56,-49,-40,-78,-12
-38,2,-11,54,-50,-40,-79,-14
-40,0,-14,54,-51,-40,-80,-19
-42,0,-16,54,-50,-40,-83,-20
-42,-3,-17,54,-47,-40,-83,-23
-43,-5,-15,53,-46,-40,-84,-25
-43,-7,-14,52,-47,-40,-81,-24
-44,-7,-14,52,-49,-40,-83,-25
-47,-8,-14,52,-51,-40,-85,-26
-50,-10,-14,52,-51,-40,-87,-28
-51,-13,-14,52,-51,-39,-89,-30
-52,-15,-14,52,-51,-38,-90,-34
-53,-17,-14,52,-50,-37,-90,-35
-54,-18,-14,52,-50,-36,-91,-36
-56,-20,-14,52,-49,-37,-93,-37
-59,-21,-14,52,-49,-38,-97,-39
-61,-22,-14,52,-49,-38,-100,-40
-63,-22,-14,52,-49,-38,-101,-41
-64,-24,-15,51,-50,-37,-102,-45
-65,-26,-16,51,-50,-35,-102,-47
-65,-28,-17,51,-50,-35,-103,-50
-66,-30,-18,51,-50,-36,-103,-51
-67,-32,-18,50,-49,-37,-104,-52
-69,-32,-18,49,-48,-38,-107,-53
-70,-32,-18,48,-46,-37,-108,-53
-72,-33,-18,49,-46,-36,-109,-54
-74,-35,-17,49,-47,-36,-112,-56
-75,-37,-18,49,-49,-35,-112,-58
-76,-39,-19,48,-50,-35,-113,-61
-77,-41,-20,46,-50,-36,-112,-63
-78,-43,-21,45,-50,-36,-113,-64
-79,-43,-21,45,-49,-35,-114,-64
-80,-45,-21,45,-48,-35,-115,-67
-80,-46,-21,45,-47,-36,-114,-68
-80,-49,-21,45,-47,-36,-114,-70
-80,-51,-21,45,-49,-35,-115,-73
-81,-54,-21,45,-51,-35,-115,-75
-82,-55,-21,45,-51,-35,-117,-76
-83,-57,-21,45,-49,-35,-118,-79
-84,-58,-22,45,-47,-36,-119,-83
-85,-61,-23,44,-46,-36,-119,-85
-85,-63,-23,43,-45,-36,-120,-87
-86,-65,-24,43,-46,-36,-120,-90
-86,-68,-25,42,-46,-36,-120,-92
-87,-71,-25,42,-46,-36,-122,-96
-88,-74,-25,42,-47,-36,-122,-100
-89,-78,-25,42,-48,-35,-123,-103
-89,-80,-26,41,-49,-35,-123,-106
-89,-83,-28,40,-48,-35,-122,-108
-89,-86,-29,39,-47,-36,-120,-114
-90,-89,-28,38,-46,-36,-122,-114
-90,-92,-28,38,-46,-36,-122,-117
-90,-95,-27,38,-46,-36,-122,-120
-90,-97,-27,38,-46,-36,-122,-123
-90,-101,-28,38,-46,-36,-122,-126
-90,-105,-29,36,-46,-36,-122,-130
-91,-108,-29,35,-46,-36,-120,-134
-93,-112,-28,34,-46,-36,-122,-137
-94,-114,-28,33,-46,-36,-123,-140
-94,-118,-28,33,-46,-36,-123,-144
-94,-121,-28,32,-46,-36,-123,-147
-95,-124,-29,32,-46,-36,-120,-150
-97,-127,-29,32,-46,-36,-125,-153
-99,-130,-29,32,-46,-36,-128,-156
-99,-133,-28,32,-46,-36,-128,-159
-99,-136,-29,32,-46,-37,-124,-162
-98,-138,-30,31,-46,-38,-123,-164
-98,-140,-31,30,-46,-39,-124,-167
-99,-143,-31,30,-46,-39,-124,-169
-100,-145,-30,31,-46,-40,-125,-172
-101,-147,-30,31,-46,-41,-126,-174
-101,-149,-31,30,-46,-41,-126,-175
-101,-151,-32,29,-46,-40,-125,-180
-101,-153,-33,28,-46,-40,-126,-183
-102,-155,-32,28,-46,-40,-128,-185
-102,-157,-32,29,-46,-41,-128,-186
-102,-159,-32,29,-46,-41,-126,-189
-101,-160,-32,28,-46,-40,-125,-190
-101,-160,-32,29,-46,-40,-125,-190
-102,-161,-32,29,-46,-41,-126,-191
-104,-162,-32,28,-46,-42,-129,-191
-105,-162,-33,28,-46,-44,-130,-192
-106,-163,-35,26,-46,-45,-130,-192
-105,-163,-36,25,-46,-46,-130,-192
-105,-163,-36,25,-46,-46,-130,-192
-105,-162,-36,25,-46,-45,-128,-192
-105,-161,-36,25,-46,-45,-130,-191
-105,-159,-36,25,-46,-46,-130,-189
-105,-157,-36,25,-46,-45,-130,-186
-104,-156,-36,25,-46,-45,-126,-186
-104,-156,-36,25,-46,-46,-129,-186
-103,-156,-36,26,-46,-47,-128,-185
-102,-154,-36,25,-46,-49,-128,-184
-102,-151,-36,25,-46,-50,-126,-180
-101,-150,-36,25,-47,-51,-124,-179
-101,-149,-36,25,-46,-50,-124,-178
-101,-149,-35,26,-46,-50,-126,-179
-101,-148,-36,28,-46,-50,-125,-178
-101,-145,-38,29,-46,-50,-128,-177
-100,-141,-38,30,-47,-52,-128,-173
-99,-139,-37,32,-47,-54,-128,-170
-98,-137,-36,32,-47,-55,-126,-168
-98,-135,-36,32,-47,-56,-126,-164
-99,-133,-36,32,-47,-55,-126,-162
-100,-132,-36,32,-47,-55,-128,-163
-99,-130,-36,32,-46,-55,-128,-162
-99,-127,-36,32,-46,-55,-126,-156
-98,-124,-35,33,-45,-55,-126,-153
-98,-121,-33,35,-46,-57,-129,-150
-98,-118,-32,36,-45,-59,-129,-146
-97,-115,-32,36,-44,-60,-129,-144
-97,-114,-32,36,-44,-61,-128,-142
-96,-112,-32,35,-44,-60,-126,-140
-95,-109,-32,35,-43,-60,-126,-137
-95,-106,-31,36,-43,-60,-126,-134
-95,-103,-29,38,-42,-61,-126,-131
-94,-101,-28,39,-43,-61,-125,-128
-93,-100,-28,39,-43,-62,-124,-126
-91,-98,-28,39,-43,-63,-123,-124
-90,-95,-28,39,-43,-64,-122,-120
-90,-92,-28,39,-43,-65,-122,-117
-90,-89,-29,39,-43,-65,-122,-117
-89,-87,-28,39,-43,-65,-120,-112
-88,-86,-28,40,-43,-65,-119,-111
-87,-84,-26,41,-43,-65,-122,-109
-86,-82,-25,42,-43,-65,-120,-107
-85,-80,-25,43,-43,-67,-119,-104
-83,-78,-25,42,-43,-69,-118,-103
-82,-76,-25,42,-43,-70,-117,-101
-81,-74,-25,42,-43,-71,-115,-98
-80,-72,-25,42,-43,-70,-114,-96
-80,-69,-26,43,-43,-70,-114,-93
-80,-67,-27,45,-43,-70,-117,-93
-79,-65,-28,46,-43,-70,-117,-92
-79,-65,-28,46,-43,-70,-117,-91
-78,-63,-28,46,-43,-72,-115,-90
-76,-61,-28,46,-43,-74,-113,-89
-74,-59,-28,46,-43,-75,-111,-86
-72,-57,-28,46,-43,-75,-109,-84
-71,-55,-28,46,-43,-75,-108,-81
-70,-53,-28,46,-43,-75,-107,-80
-70,-51,-28,45,-44,-75,-107,-78
-69,-49,-28,46,-43,-75,-106,-75
-68,-46,-27,46,-42,-76,-106,-73
-68,-44,-25,48,-40,-79,-106,-68
-68,-41,-25,49,-41,-80,-104,-64
-67,-38,-24,50,-42,-80,-107,-62
-67,-35,-24,49,-42,-80,-104,-58
-67,-32,-25,49,-41,-80,-104,-56
-66,-30,-25,49,-40,-80,-103,-53
-65,-28,-25,49,-42,-79,-106,-51
-65,-26,-26,50,-44,-80,-104,-52
-65,-24,-25,50,-44,-81,-104,-50
-65,-22,-25,51,-43,-83,-104,-48
-65,-20,-23,53,-40,-85,-104,-43
-63,-18,-22,54,-39,-86,-103,-41
-61,-16,-21,54,-39,-85,-102,-40
-59,-16,-21,53,-40,-85,-100,-39
-57,-15,-21,52,-41,-85,-98,-37
-57,-12,-21,52,-40,-85,-97,-35
-56,-10,-20,53,-39,-85,-97,-32
-56,-9,-20,54,-39,-85,-96,-31
-55,-9,-19,54,-40,-85,-96,-31
-54,-9,-18,55,-41,-85,-95,-29
-52,-8,-17,55,-40,-85,-92,-28
-50,-5,-17,56,-39,-85,-91,-25
-48,-4,-17,56,-39,-85,-89,-24
-47,-3,-17,56,-40,-84,-87,-23
-47,-3,-17,56,-41,-85,-87,-23
-46,-3,-17,55,-42,-86,-86,-23
-45,-2,-18,55,-42,-88,-85,-21
-43,-1,-17,56,-41,-90,-84,-20
-42,0,-16,56,-39,-90,-83,-20
-40,0,-14,58,-39,-90,-83,-19
-39,0,-14,59,-39,-90,-81,-19
-37,1,-13,59,-40,-90,-80,-18
-36,2,-14,59,-41,-90,-79,-17
-35,4,-14,59,-41,-90,-78,-14
-35,7,-14,59,-41,-90,-78,-12
-34,8,-14,59,-40,-90,-76,-10
-32,10,-14,59,-39,-90,-75,-9
-32,11,-14,59,-39,-90,-75,-7
-31,14,-14,59,-39,-90,-74,-4
-31,17,-13,59,-39,-90,-74,-1
-31,20,-12,60,-39,-90,-74,1
-30,22,-11,61,-39,-90,-74,6
-29,24,-11,61,-39,-90,-73,7
-29,26,-10,61,-39,-90,-73,10
-28,29,-10,62,-39,-91,-72,13
-27,33,-9,63,-39,-92,-70,17
-26,36,-7,64,-39,-91,-73,20
-26,39,-7,65,-39,-90,-73,23
-26,42,-6,65,-39,-90,-73,26
-26,45,-6,65,-39,-91,-73,29
-25,47,-7,65,-39,-92,-72,31
-25,50,-7,65,-39,-91,-72,35
-24,54,-5,66,-39,-90,-70,39
-22,59,-4,68,-39,-90,-69,46
-21,64,-3,68,-39,-90,-68,51
-20,68,-3,68,-39,-90,-67,56
-18,72,-3,68,-39,-90,-65,59
-17,77,-2,69,-39,-90,-64,64
-16,81,0,71,-39,-91,-65,69
-14,86,0,72,-39,-92,-64,74
-14,90,0,72,-39,-91,-64,78
-13,93,0,72,-39,-90,-63,81
-12,97,1,72,-39,-90,-62,85
-10,101,1,73,-39,-91,-61,89
-8,104,1,75,-39,-93,-58,92
-7,108,1,76,-39,-95,-59,96
-7,113,1,77,-39,-95,-59,101
-7,118,1,78,-39,-95,-59,107
-6,122,0,79,-39,-95,-59,111
-5,125,0,78,-39,-95,-58,113
-3,127,1,78,-39,-95,-57,115
-2,130,3,78,-39,-95,-56,119
-1,133,4,80,-39,-95,-54,124
0,137,4,82,-39,-95,-56,125
0,140,4,83,-39,-95,-56,129
0,142,4,82,-39,-95,-56,131
0,145,4,82,-39,-95,-57,135
0,148,4,82,-39,-95,-56,137
0,149,4,82,-39,-95,-56,139
1,151,3,82,-39,-95,-54,140
1,152,4,82,-39,-95,-54,141
0,153,5,83,-39,-95,-56,145
0,154,7,84,-39,-95,-57,146
0,155,7,85,-39,-95,-57,147
-1,156,7,85,-39,-95,-57,148
-1,157,6,84,-39,-94,-58,150
-2,158,6,84,-39,-93,-58,150
-2,157,6,84,-39,-92,-58,150
-1,156,6,84,-39,-91,-58,148
-1,155,7,84,-39,-90,-57,147
0,155,7,85,-39,-90,-57,147
0,155,8,85,-39,-90,-56,147
0,155,8,86,-39,-88,-57,147
-1,154,8,86,-39,-86,-58,146
-3,152,7,85,-39,-85,-59,144
-3,149,7,84,-39,-85,-59,141
-2,148,5,83,-39,-85,-58,140
-2,148,4,82,-39,-84,-58,137
-1,147,3,82,-39,-82,-57,136
-2,144,4,82,-39,-80,-58,134
-3,142,4,82,-39,-80,-59,131
-3,140,4,82,-39,-80,-59,129
-3,138,4,82,-39,-79,-59,128
-2,137,3,81,-39,-77,-58,126
-1,135,2,80,-39,-75,-57,124
0,134,1,79,-39,-75,-56,123
0,133,1,79,-38,-75,-54,123
0,132,2,80,-38,-75,-54,122
0,131,2,80,-38,-75,-56,120
-1,129,2,80,-39,-75,-57,118
-1,126,1,79,-40,-75,-57,115
-1,124,1,79,-40,-74,-53,113
0,123,0,79,-39,-73,-56,112
0,122,0,79,-39,-72,-56,111
-2,120,0,79,-39,-71,-54,108
-4,117,0,79,-40,-70,-59,106
-5,115,0,79,-41,-70,-61,103
-5,113,0,79,-41,-70,-61,102
-6,112,0,80,-40,-70,-61,101
-6,111,0,80,-40,-70,-61,100
-7,108,0,79,-41,-70,-62,97
-7,107,0,79,-42,-70,-63,95
-7,106,0,80,-42,-70,-62,93
-7,104,-1,82,-42,-70,-62,90
-7,103,-2,82,-41,-70,-64,89
-8,101,-1,82,-42,-70,-65,86
-9,99,-1,81,-42,-70,-64,85
-9,98,-1,81,-42,-70,-64,84
-9,96,-1,83,-40,-70,-67,81
-10,94,-2,83,-39,-70,-67,79
-10,92,-3,81,-39,-70,-68,78
-10,91,-5,80,-39,-70,-65,76
-11,90,-6,79,-40,-70,-67,73
-12,88,-5,80,-41,-70,-67,74
-13,87,-3,81,-41,-70,-70,73
-14,86,-3,81,-40,-70,-70,72
-13,85,-4,81,-38,-70,-70,70
-11,83,-5,80,-38,-70,-65,69
-11,82,-5,80,-38,-70,-68,68
-12,81,-4,80,-38,-70,-67,67
-14,81,-3,80,-38,-70,-68,65
-15,79,-3,79,-38,-70,-69,64
-15,78,-3,78,-38,-70,-69,63
-14,78,-3,77,-38,-70,-67,63
-14,79,-3,75,-38,-70,-67,64
-15,79,-3,75,-38,-70,-67,64
-14,79,-3,75,-38,-71,-67,64
-14,77,-3,76,-38,-70,-65,62
-13,76,-3,76,-38,-70,-65,61
-14,76,-3,75,-38,-70,-65,62
-14,77,-2,75,-38,-71,-65,62
-14,77,-2,75,-38,-71,-65,62
-13,76,-3,75,-38,-70,-65,61
-13,75,-3,76,-38,-69,-64,59
-13,75,-5,78,-38,-69,-68,61
-14,77,-5,79,-38,-69,-68,62
-14,79,-6,79,-38,-69,-69,61
-15,80,-7,78,-38,-69,-69,63
-15,80,-8,77,-38,-69,-69,63
-15,80,-8,77,-38,-69,-69,62
-15,79,-7,78,-38,-69,-69,62
-15,79,-7,79,-38,-69,-70,62
-16,81,-7,78,-38,-69,-70,64
-15,84,-7,78,-38,-69,-70,67
-14,86,-7,78,-38,-70,-69,68
-13,86,-6,79,-38,-71,-68,69
-13,86,-6,79,-38,-71,-68,69
-14,88,-6,79,-38,-70,-68,70
-14,90,-7,78,-38,-69,-69,73
-13,92,-8,77,-38,-68,-68,75
-11,93,-8,76,-38,-68,-67,76
-10,94,-8,77,-38,-68,-64,78
-9,96,-7,78,-38,-68,-63,79
-8,97,-6,79,-38,-67,-63,80
-8,98,-6,79,-38,-66,-63,81
-9,99,-6,79,-38,-65,-63,81
-9,99,-6,79,-38,-65,-64,83
-10,100,-6,79,-38,-66,-64,83
-10,100,-6,79,-38,-66,-64,83
-8,100,-6,79,-38,-66,-63,84
-6,101,-7,80,-38,-65,-63,85
-4,102,-7,80,-39,-65,-62,85
-4,102,-7,80,-40,-65,-62,85
-6,101,-7,80,-39,-65,-63,85
-8,100,-7,80,-38,-65,-65,84
-10,100,-8,81,-38,-66,-67,83
-10,100,-8,82,-38,-66,-67,83
-9,99,-8,81,-38,-65,-67,83
-9,99,-7,80,-38,-64,-65,81
-8,98,-6,79,-38,-63,-63,81
-8,97,-6,79,-38,-62,-63,80
-9,96,-7,81,-38,-62,-67,79
-10,94,-8,81,-38,-62,-68,76
-10,92,-7,81,-38,-61,-68,75
-10,90,-7,80,-39,-60,-67,73
-9,89,-7,80,-39,-60,-67,72
-10,88,-7,81,-39,-60,-67,72
-11,87,-7,81,-38,-61,-69,70
-13,85,-8,80,-37,-61,-70,68
-13,82,-8,79,-37,-61,-70,65
-14,81,-8,77,-37,-61,-68,63
-15,80,-8,76,-37,-61,-69,62
-15,79,-9,76,-37,-61,-70,62
-16,78,-10,76,-38,-61,-70,61
-16,76,-10,76,-39,-60,-70,58
-17,73,-9,76,-39,-60,-72,56
-18,71,-9,76,-39,-60,-73,53
-19,68,-9,76,-38,-61,-73,51
-19,66,-9,76,-37,-61,-73,48
-18,65,-9,76,-37,-61,-73,47
-18,64,-9,76,-38,-61,-72,46
-18,62,-9,76,-38,-61,-73,43
-20,59,-9,76,-38,-61,-74,41
-22,55,-9,76,-37,-61,-75,37
-23,52,-10,75,-37,-61,-76,34
-23,49,-11,74,-37,-61,-76,31
-24,48,-11,74,-39,-61,-78,29
-24,46,-12,73,-41,-61,-75,28
-25,45,-13,73,-42,-60,-75,24
-25,43,-13,72,-41,-60,-75,21
-25,41,-13,72,-39,-61,-76,20
-27,40,-13,72,-38,-62,-78,19
-28,39,-13,73,-37,-64,-80,18
-30,37,-13,73,-37,-65,-81,15
-29,35,-13,72,-38,-66,-80,14
-29,34,-12,72,-38,-66,-80,15
-28,33,-12,71,-39,-65,-80,14
-29,32,-11,70,-40,-65,-80,13
-31,30,-10,69,-41,-65,-79,12
-32,28,-10,69,-40,-65,-80,9
-32,28,-10,70,-39,-65,-80,8
-31,27,-12,72,-38,-66,-81,8
-30,27,-13,73,-39,-66,-81,6
-30,27,-13,73,-40,-65,-81,6
-31,27,-12,72,-41,-65,-81,8
-33,26,-10,70,-42,-65,-81,7
-34,25,-10,68,-41,-66,-83,6
-34,25,-10,68,-40,-67,-83,6
-33,26,-11,70,-38,-67,-81,7
-31,27,-12,72,-38,-67,-81,8
-30,27,-13,73,-38,-66,-81,6
-31,27,-13,73,-38,-67,-81,6
-32,28,-13,73,-38,-69,-83,7
-33,30,-13,72,-38,-70,-84,8
-33,31,-13,72,-38,-71,-84,9
-33,31,-13,72,-38,-71,-85,9
-34,31,-13,73,-38,-70,-85,9
-34,32,-13,72,-38,-70,-85,10
-33,34,-13,72,-38,-70,-84,13
-32,37,-13,72,-38,-71,-84,15
-32,39,-13,72,-38,-70,-84,18
-32,41,-13,72,-38,-70,-84,19
-32,43,-13,72,-38,-70,-84,21
-32,45,-13,72,-38,-70,-83,24
-30,48,-13,72,-38,-71,-81,26
-28,50,-13,72,-38,-71,-80,29
-27,53,-13,72,-38,-71,-79,32
-25,56,-12,74,-38,-70,-80,37
-25,59,-11,75,-38,-70,-79,41
-24,62,-10,76,-38,-70,-78,45
-23,66,-9,76,-38,-72,-78,48
-22,70,-8,77,-38,-74,-76,52
-22,75,-7,78,-38,-75,-76,57
-21,78,-7,80,-38,-74,-78,61
-20,81,-8,82,-38,-72,-78,64
-19,84,-9,83,-38,-72,-79,67
-18,87,-10,83,-38,-73,-78,68
-16,92,-9,83,-38,-74,-75,73
-15,97,-8,84,-38,-74,-75,80
-14,101,-6,85,-38,-75,-74,84
-14,104,-5,86,-38,-75,-74,87
-12,108,-6,86,-38,-74,-73,91
-10,112,-5,86,-38,-73,-70,95
-9,116,-4,87,-38,-72,-69,100
-8,121,-3,88,-38,-72,-68,104
-7,124,-2,89,-38,-72,-70,111
-7,128,-1,90,-38,-72,-69,114
-5,131,-2,89,-38,-74,-69,117
-4,134,-2,89,-38,-75,-65,120
-3,137,-2,89,-38,-76,-67,124
-3,141,-1,90,-38,-75,-65,128
-2,144,0,92,-38,-75,-65,131
0,148,1,92,-38,-75,-64,134
0,149,1,93,-38,-75,-63,136
0,151,1,93,-38,-75,-62,137
1,151,1,92,-38,-75,-62,139
1,153,2,91,-38,-75,-62,140
2,156,2,91,-38,-75,-58,144
3,159,2,92,-38,-75,-59,146
3,161,1,92,-38,-75,-59,148
3,162,1,93,-38,-75,-59,150
4,163,1,93,-38,-75,-59,151
4,164,1,92,-38,-75,-58,151
5,163,1,93,-38,-75,-58,151
6,162,2,93,-38,-75,-57,150
7,161,2,94,-38,-75,-56,148
7,159,2,93,-38,-75,-56,147
8,159,1,93,-38,-75,-54,146
8,158,1,92,-38,-75,-54,145
8,156,1,92,-38,-75,-54,144
7,154,1,93,-38,-75,-56,141
6,151,1,93,-38,-75,-56,139
6,149,1,93,-38,-75,-57,136
6,146,0,92,-38,-75,-57,133
4,142,-1,90,-38,-75,-58,129
2,138,-2,89,-38,-75,-61,124
1,133,-2,89,-38,-75,-62,120
0,129,-2,90,-38,-75,-62,115
0,125,-3,90,-38,-75,-62,109
0,121,-4,90,-38,-75,-63,104
-1,115,-6,89,-38,-75,-64,100
-4,110,-6,88,-38,-75,-67,93
-6,105,-7,87,-38,-75,-69,87
-8,100,-8,86,-38,-76,-68,84
-8,95,-9,85,-38,-75,-68,76
-10,90,-9,84,-38,-74,-69,70
-12,84,-9,83,-38,-72,-72,64
-14,78,-10,81,-38,-71,-72,58
-15,73,-12,79,-38,-70,-72,52
-16,68,-14,79,-38,-70,-73,47
-17,62,-16,78,-38,-71,-73,39
-17,57,-17,78,-38,-71,-74,34
-18,52,-17,77,-38,-71,-75,29
-20,47,-16,77,-38,-70,-75,24
-21,43,-16,76,-38,-70,-78,23
-23,39,-16,76,-38,-70,-79,18
-24,35,-17,75,-38,-71,-80,10
-25,30,-19,74,-38,-71,-79,6
-26,25,-20,73,-38,-70,-79,2
-27,21,-20,72,-38,-68,-80,-2
-28,19,-20,73,-38,-67,-81,-4
-30,17,-19,73,-38,-67,-83,-7
-31,14,-20,73,-38,-68,-84,-9
-32,11,-20,72,-38,-70,-85,-13
-32,8,-21,72,-39,-71,-85,-15
-32,5,-21,72,-38,-71,-85,-18
-33,3,-21,72,-38,-70,-86,-20
-34,2,-20,73,-38,-69,-86,-21
-35,1,-19,73,-38,-68,-87,-23
-36,-1,-20,72,-39,-69,-89,-25
-36,-3,-21,69,-40,-70,-86,-28
-36,-3,-22,67,-40,-70,-86,-29
-36,-3,-21,67,-39,-71,-86,-28
-36,-3,-19,67,-39,-70,-86,-25
-36,-3,-18,68,-40,-70,-86,-25
-38,-3,-17,68,-41,-70,-87,-26
-39,-5,-18,69,-41,-70,-90,-28
-41,-5,-18,68,-39,-70,-91,-28
-41,-6,-18,68,-39,-70,-91,-28
-41,-6,-19,67,-39,-70,-91,-28
-41,-5,-19,67,-41,-70,-91,-28
-41,-4,-19,67,-41,-70,-91,-26
-42,-3,-19,69,-40,-70,-92,-28
-43,-1,-19,71,-40,-70,-93,-26
-44,0,-19,71,-41,-71,-97,-24
-44,1,-19,71,-43,-72,-95,-23
-45,2,-20,70,-44,-72,-96,-21
-45,2,-21,70,-43,-72,-98,-21
-45,3,-23,70,-43,-71,-98,-21
-46,3,-24,70,-43,-71,-98,-23
-46,5,-24,70,-43,-71,-100,-21
-47,7,-24,69,-43,-72,-101,-20
-48,8,-23,70,-43,-72,-102,-15
-49,10,-23,70,-43,-74,-102,-14
-50,11,-24,70,-43,-74,-103,-15
-50,11,-24,69,-43,-74,-103,-15
-50,11,-24,69,-43,-73,-103,-15
-50,11,-24,69,-43,-73,-103,-15
-50,10,-24,69,-43,-75,-103,-17
-49,10,-24,69,-43,-75,-102,-17
-49,9,-24,70,-42,-75,-102,-17
-50,9,-24,70,-41,-75,-103,-18
-53,8,-24,69,-42,-75,-106,-18
-54,8,-24,69,-43,-75,-107,-19
-54,7,-24,69,-44,-75,-107,-20
-53,6,-24,70,-44,-75,-106,-20
-52,5,-25,71,-42,-75,-106,-21
-53,4,-25,71,-39,-75,-107,-23
-55,3,-25,71,-38,-75,-108,-24
-56,2,-24,70,-39,-75,-109,-25
-57,0,-23,70,-40,-75,-111,-25
-57,-1,-24,69,-40,-75,-111,-29
-58,-4,-24,69,-40,-76,-111,-31
-59,-6,-24,70,-39,-79,-112,-34
-59,-8,-24,70,-40,-80,-112,-36
-60,-10,-23,70,-40,-80,-113,-36
-61,-13,-24,69,-40,-80,-114,-41
-61,-15,-25,68,-39,-80,-114,-43
-62,-17,-26,68,-39,-80,-112,-45
-63,-19,-27,68,-39,-80,-115,-47
-64,-22,-25,68,-39,-80,-114,-51
-65,-25,-24,67,-39,-80,-114,-51
-65,-28,-23,66,-39,-80,-115,-54
-65,-32,-24,65,-39,-80,-113,-58
-66,-34,-25,64,-40,-80,-113,-61
-67,-36,-25,64,-41,-80,-114,-62
-67,-38,-24,63,-40,-80,-114,-64
-68,-41,-24,63,-39,-81,-115,-67
-68,-44,-24,63,-39,-82,-115,-70
-69,-47,-25,62,-39,-83,-117,-74
-70,-50,-25,61,-40,-84,-118,-78
-72,-54,-26,61,-41,-84,-119,-81
-72,-57,-27,60,-40,-85,-119,-87
-73,-61,-27,60,-40,-85,-119,-91
-73,-66,-27,60,-40,-85,-119,-96
-72,-68,-27,60,-41,-84,-119,-98
-73,-72,-28,60,-40,-83,-119,-102
-75,-75,-28,58,-39,-82,-119,-106
-76,-79,-30,57,-40,-82,-120,-109
-77,-82,-31,56,-43,-83,-120,-112
-76,-84,-32,56,-44,-83,-120,-114
-76,-86,-32,57,-44,-84,-119,-115
-77,-88,-31,57,-43,-83,-120,-118
-79,-91,-30,55,-42,-83,-123,-122
-81,-93,-28,54,-43,-83,-122,-122
-81,-95,-28,53,-43,-83,-123,-123
-81,-96,-29,53,-43,-84,-122,-126
-80,-97,-32,54,-43,-85,-120,-128
-79,-98,-34,54,-43,-85,-122,-131
-79,-99,-34,54,-42,-85,-123,-133
-80,-99,-34,54,-40,-85,-123,-133
-81,-99,-32,55,-39,-85,-124,-130
-82,-100,-31,56,-40,-85,-125,-130
-81,-100,-31,57,-42,-85,-125,-130
-80,-99,-31,56,-44,-85,-124,-130
-79,-98,-31,56,-45,-84,-123,-129
-77,-98,-31,56,-44,-85,-120,-128
-76,-97,-31,56,-42,-85,-119,-128
-75,-96,-30,56,-42,-85,-118,-126
-74,-94,-29,55,-43,-85,-115,-124
-73,-91,-29,54,-43,-85,-114,-122
-73,-90,-29,53,-44,-85,-114,-119
-72,-88,-29,54,-44,-85,-113,-118
-71,-87,-28,55,-44,-85,-112,-114
-69,-84,-26,56,-44,-85,-111,-111
-67,-79,-25,56,-44,-85,-108,-107
-65,-75,-24,56,-44,-85,-107,-102
-64,-72,-24,56,-43,-85,-106,-100
-63,-69,-24,56,-42,-85,-104,-96
-62,-65,-23,57,-41,-84,-103,-92
-61,-61,-22,58,-41,-85,-104,-85
-59,-56,-20,59,-41,-86,-103,-80
-58,-52,-20,59,-42,-88,-103,-75
-58,-48,-21,59,-43,-88,-102,-72
-57,-44,-22,60,-44,-88,-101,-70
-55,-39,-21,62,-44,-88,-102,-65
-54,-35,-20,64,-43,-89,-102,-58
-54,-29,-19,65,-40,-90,-101,-52
-53,-23,-19,65,-39,-90,-101,-47
-51,-18,-20,66,-41,-89,-98,-43
-48,-13,-21,66,-43,-88,-95,-39
-46,-8,-19,67,-43,-88,-96,-31
-45,-3,-18,68,-41,-89,-96,-25
-45,2,-17,69,-40,-89,-96,-19
-44,7,-17,69,-41,-88,-95,-14
-43,11,-17,70,-43,-88,-93,-10
-41,16,-15,70,-43,-89,-92,-6
-39,21,-14,72,-41,-89,-90,0
-38,26,-13,72,-39,-89,-89,4
-37,31,-13,72,-39,-87,-87,9
-35,36,-13,72,-40,-85,-86,14
-34,42,-12,73,-43,-84,-87,20
-33,48,-11,75,-44,-85,-87,29
-32,53,-9,76,-44,-85,-86,34
-30,57,-8,77,-42,-85,-84,39
-28,62,-7,78,-40,-85,-81,43
-26,66,-6,79,-40,-85,-80,48
-25,70,-6,80,-42,-85,-83,52
-25,75,-7,80,-44,-85,-81,57
-23,79,-7,80,-44,-85,-80,62
-21,84,-6,79,-43,-85,-75,67
-19,87,-5,80,-42,-85,-74,73
-18,90,-4,82,-42,-85,-76,75
-17,94,-3,84,-43,-85,-75,79
-16,97,-3,84,-44,-85,-74,83
-15,100,-2,83,-44,-85,-73,86
-14,103,-2,82,-44,-85,-72,89
-14,105,-2,82,-44,-85,-72,90
-13,107,-3,83,-44,-85,-72,92
-14,108,-4,85,-44,-84,-74,91
-14,108,-5,86,-44,-84,-74,91
-15,109,-6,86,-44,-83,-75,92
-16,111,-6,86,-43,-83,-76,95
-16,112,-5,86,-43,-83,-76,96
-16,113,-5,86,-42,-83,-76,96
-15,111,-5,86,-43,-84,-75,95
-15,109,-6,86,-43,-85,-75,92
-15,108,-5,86,-44,-85,-75,91
-17,106,-5,86,-44,-85,-76,90
-18,105,-5,86,-44,-84,-78,87
-18,102,-5,86,-44,-83,-79,85
-19,99,-5,86,-44,-83,-79,81
-20,95,-5,86,-44,-83,-80,78
-20,92,-5,86,-44,-83,-80,75
-20,89,-7,85,-44,-84,-80,72
-21,86,-8,83,-44,-84,-80,69
-22,83,-9,83,-44,-85,-81,65
-24,79,-9,83,-43,-85,-84,62
-26,75,-9,82,-43,-85,-85,58
-28,71,-10,82,-42,-85,-85,51
-29,67,-10,81,-43,-85,-86,46
-29,63,-11,81,-43,-85,-86,42
-30,58,-11,80,-44,-85,-87,37
-31,54,-12,79,-44,-85,-87,34
-32,49,-14,78,-44,-83,-89,28
-33,44,-15,77,-44,-81,-89,23
-34,39,-16,76,-43,-80,-90,18
-36,35,-17,76,-44,-81,-91,12
-37,31,-18,75,-44,-83,-91,7
-38,27,-19,74,-44,-84,-91,2
-38,23,-20,73,-44,-83,-91,-1
-39,18,-20,73,-44,-82,-92,-6
-41,14,-20,73,-44,-83,-93,-9
-42,10,-20,73,-44,-83,-95,-14
-42,6,-21,72,-44,-84,-95,-18
-42,3,-23,71,-44,-83,-95,-21
-43,0,-23,70,-44,-82,-96,-24
-44,-2,-24,69,-44,-81,-96,-29
-45,-4,-24,69,-44,-82,-98,-31
-46,-6,-24,70,-44,-83,-98,-34
-46,-8,-24,70,-44,-85,-98,-36
-47,-11,-23,69,-44,-85,-100,-36
-49,-13,-22,69,-44,-85,-98,-39
-50,-16,-22,68,-44,-85,-101,-42
-52,-19,-23,68,-44,-85,-102,-45
-53,-21,-24,68,-44,-85,-102,-50
-53,-23,-26,68,-44,-85,-103,-51
-53,-25,-27,67,-44,-85,-102,-53
-53,-27,-27,66,-44,-85,-102,-56
-54,-29,-27,66,-44,-85,-103,-57
-55,-30,-27,66,-44,-85,-104,-58
-57,-31,-27,67,-44,-85,-107,-59
-58,-32,-27,66,-44,-85,-108,-61
-59,-33,-27,66,-44,-85,-108,-62
-58,-35,-27,66,-44,-85,-107,-63
-57,-36,-27,66,-44,-86,-107,-64
-58,-38,-27,66,-44,-86,-107,-67
-59,-40,-27,66,-44,-86,-108,-69
-60,-41,-27,66,-44,-87,-109,-70
-60,-42,-27,66,-44,-87,-109,-70
-60,-42,-27,66,-44,-88,-109,-70
-59,-42,-27,66,-44,-88,-108,-70
-59,-43,-26,65,-44,-88,-109,-72
-61,-44,-26,65,-44,-89,-111,-73
-62,-45,-26,66,-44,-90,-112,-74
-62,-45,-27,66,-44,-90,-112,-74
-61,-44,-26,65,-44,-90,-111,-73
-59,-43,-25,64,-44,-90,-106,-70
-58,-43,-24,63,-44,-90,-106,-69
-59,-43,-23,63,-44,-90,-106,-69
-60,-42,-24,65,-44,-90,-107,-68
-61,-40,-24,65,-44,-88,-111,-67
-61,-39,-24,65,-44,-86,-111,-65
-61,-39,-24,64,-44,-85,-108,-65
-61,-38,-23,63,-44,-84,-108,-64
-61,-37,-21,65,-44,-83,-108,-63
-59,-36,-20,66,-44,-82,-107,-62
-58,-34,-20,66,-43,-80,-106,-61
-57,-32,-20,66,-43,-79,-107,-58
-57,-29,-21,66,-43,-79,-104,-56
-57,-27,-20,66,-43,-77,-104,-52
-56,-25,-19,65,-43,-75,-103,-48
-55,-24,-19,65,-43,-73,-102,-47
-54,-22,-19,65,-43,-72,-101,-45
-54,-20,-20,65,-43,-70,-101,-45
-53,-16,-20,66,-43,-69,-103,-42
-52,-13,-19,67,-43,-66,-102,-36
-51,-9,-18,68,-44,-64,-102,-32
-52,-6,-17,69,-46,-61,-102,-29
-51,-2,-16,69,-47,-60,-102,-25
-51,1,-17,70,-48,-60,-101,-20
-50,6,-16,70,-47,-58,-101,-15
-48,11,-14,71,-47,-57,-100,-10
-46,16,-13,72,-47,-56,-97,-4
-45,21,-11,74,-47,-55,-98,2
-43,26,-10,75,-47,-54,-97,7
-42,31,-10,75,-47,-52,-96,12
-42,37,-9,76,-46,-50,-96,18
-40,43,-8,77,-46,-50,-95,24
-38,51,-7,78,-46,-50,-92,32
-36,58,-6,79,-46,-49,-91,40
-34,64,-5,79,-46,-47,-89,48
-32,69,-4,80,-46,-46,-86,53
-28,74,-3,81,-46,-45,-86,58
-26,79,-2,82,-46,-45,-84,64
-24,86,-2,83,-46,-46,-81,72
-23,94,-2,83,-46,-46,-80,79
-21,101,-1,83,-46,-46,-79,86
-19,107,0,84,-46,-45,-76,92
-18,112,1,86,-46,-45,-75,100
-17,117,2,87,-46,-45,-75,106
-17,123,2,89,-46,-45,-78,112
-15,130,3,90,-46,-45,-76,119
-13,137,3,92,-46,-45,-76,125
-10,142,4,94,-46,-45,-73,131
-7,147,5,96,-46,-45,-70,136
-6,152,5,96,-46,-45,-72,141
-6,157,5,96,-46,-45,-72,146
-5,161,5,96,-46,-45,-69,151
-4,165,4,95,-46,-45,-69,155
-2,169,4,96,-46,-45,-69,158
-1,173,6,97,-46,-45,-68,162
0,175,7,98,-46,-45,-67,166
0,177,8,99,-46,-45,-67,167
1,178,8,100,-46,-45,-64,168
3,179,7,100,-46,-45,-63,169
5,181,7,100,-46,-45,-62,172
6,184,7,100,-46,-46,-61,174
6,186,7,100,-46,-45,-59,177
7,187,7,100,-46,-45,-59,178
7,187,7,101,-46,-45,-59,178
7,187,6,101,-46,-46,-62,177
7,187,6,101,-46,-46,-61,178
8,187,6,101,-46,-45,-61,178
9,187,6,102,-46,-43,-59,175
9,188,5,102,-46,-42,-59,175
8,188,4,103,-46,-43,-61,177
9,187,4,103,-46,-43,-59,175
10,186,5,103,-46,-43,-58,174
10,185,6,101,-46,-43,-58,175
10,183,7,100,-46,-42,-56,174
8,181,7,100,-46,-42,-58,172
7,180,6,101,-46,-42,-61,169
8,178,5,103,-46,-41,-61,166
9,177,4,103,-46,-40,-59,164
9,176,6,102,-46,-40,-59,164
8,175,7,100,-46,-40,-58,164
8,173,8,99,-46,-41,-58,163
8,171,8,99,-46,-41,-57,161
9,169,8,99,-46,-40,-56,159
10,168,8,99,-46,-40,-56,158
10,166,8,99,-46,-40,-56,157
11,166,8,99,-46,-41,-54,157
11,166,8,99,-46,-40,-54,157
10,167,7,100,-46,-40,-54,157
10,166,7,100,-46,-40,-56,156
9,166,7,100,-46,-41,-56,156
9,166,7,100,-46,-41,-56,156
9,166,7,100,-46,-41,-56,156
10,165,6,101,-46,-39,-58,155
9,166,5,102,-46,-37,-58,153
9,167,5,102,-46,-35,-58,155
9,169,6,102,-46,-36,-59,157
9,171,6,101,-46,-37,-59,161
8,171,6,102,-46,-39,-59,159
9,171,5,102,-46,-39,-59,159
10,171,5,103,-46,-38,-58,159
11,172,5,103,-46,-36,-57,159
12,173,5,103,-46,-35,-56,161
12,175,5,103,-46,-36,-56,162
13,177,5,103,-46,-36,-56,164
13,179,5,103,-46,-36,-56,167
12,179,5,103,-46,-36,-56,167
12,178,5,102,-46,-36,-57,166
12,178,4,102,-45,-36,-56,166
13,179,3,101,-44,-36,-56,167
14,179,4,102,-44,-36,-54,167
14,179,5,102,-44,-36,-54,167
13,179,5,103,-45,-36,-54,167
12,180,5,103,-46,-36,-56,168
12,182,5,103,-46,-36,-57,169
12,182,5,103,-46,-36,-57,169
13,180,5,103,-46,-36,-56,168
14,180,5,103,-46,-34,-54,168
14,179,5,103,-46,-32,-54,167
12,178,5,103,-46,-31,-56,166
10,177,5,102,-45,-30,-58,166
9,177,6,102,-46,-31,-59,164
9,177,6,101,-46,-31,-59,167
8,176,6,102,-46,-31,-61,163
7,174,5,102,-46,-31,-61,162
7,172,5,101,-46,-31,-62,159
6,169,5,100,-46,-31,-62,157
5,166,5,101,-46,-31,-63,153
3,164,4,101,-46,-31,-64,152
2,162,3,101,-46,-31,-65,148
1,160,1,100,-46,-31,-67,147
1,157,1,99,-46,-31,-67,145
0,154,1,99,-46,-31,-67,141
0,151,2,100,-46,-31,-68,137
0,147,1,100,-46,-31,-69,134
-1,144,0,98,-46,-31,-70,131
-2,141,0,97,-46,-31,-68,125
-3,137,0,97,-45,-31,-69,122
-6,133,0,97,-44,-31,-72,117
-8,128,0,97,-44,-31,-73,112
-9,123,-1,97,-44,-31,-75,107
-10,119,-1,96,-45,-31,-76,103
-12,116,-2,96,-46,-32,-78,100
-13,113,-3,95,-46,-32,-78,96
-14,108,-4,94,-45,-32,-79,91
-14,103,-4,93,-44,-32,-80,85
-16,98,-5,93,-44,-32,-80,80
-17,93,-6,92,-45,-33,-81,75
-18,89,-8,91,-45,-35,-83,69
-20,85,-9,90,-44,-36,-81,64
-21,80,-8,89,-43,-36,-83,61
-22,76,-8,88,-41,-36,-85,56
-24,72,-8,87,-43,-36,-85,51
-25,67,-10,87,-44,-37,-86,46
-26,62,-12,86,-44,-39,-87,41
-27,59,-14,85,-43,-40,-89,35
-28,56,-14,83,-43,-41,-87,35
-30,53,-13,83,-43,-41,-89,31
-32,49,-14,83,-43,-42,-91,28
-33,44,-14,84,-42,-44,-92,20
-34,40,-16,83,-42,-46,-93,17
-34,37,-16,83,-42,-46,-93,13
-35,34,-16,83,-42,-46,-93,10
-36,32,-15,83,-42,-46,-93,8
-37,29,-16,83,-42,-47,-96,4
-39,26,-17,82,-42,-49,-97,1
-40,24,-18,81,-42,-50,-98,0
-41,21,-19,80,-42,-51,-100,-2
-42,19,-20,80,-43,-51,-100,-4
-42,17,-20,80,-44,-52,-101,-7
-41,15,-19,80,-43,-54,-100,-8
-41,15,-19,80,-43,-55,-100,-9
-41,16,-19,80,-42,-56,-100,-8
-41,16,-20,80,-42,-57,-100,-8
-41,15,-19,79,-42,-59,-100,-8
-40,14,-19,79,-43,-60,-98,-10
-40,12,-18,78,-43,-61,-96,-12
-39,13,-19,79,-42,-60,-97,-12
-39,14,-19,79,-42,-61,-97,-9
-39,17,-20,80,-43,-62,-97,-7
-38,18,-20,80,-43,-64,-96,-6
-36,19,-20,80,-43,-65,-93,-4
-34,19,-19,80,-43,-66,-92,-4
-32,21,-19,80,-43,-67,-90,-3
-30,23,-19,80,-43,-69,-89,-1
-29,26,-20,80,-43,-70,-87,2
-28,30,-20,79,-43,-70,-87,6
-27,33,-19,80,-43,-70,-85,9
-25,36,-18,81,-42,-72,-83,12
-22,39,-17,82,-39,-73,-81,15
-21,43,-16,83,-39,-75,-80,19
-20,48,-16,83,-40,-75,-79,24
-19,52,-16,83,-42,-76,-80,29
-17,55,-15,84,-42,-78,-78,31
-15,59,-13,85,-40,-80,-76,39
-13,65,-12,86,-39,-82,-74,45
-12,70,-12,86,-39,-84,-73,50
-11,75,-11,88,-40,-84,-73,54
-9,79,-10,90,-41,-85,-74,59
-7,84,-10,91,-40,-85,-70,64
-4,90,-10,90,-40,-86,-69,70
-3,97,-10,91,-40,-88,-68,78
-4,103,-10,93,-41,-89,-69,84
-4,108,-9,96,-41,-90,-72,89
-3,112,-9,97,-40,-91,-72,92
-2,116,-8,97,-39,-93,-69,97
0,122,-8,97,-39,-95,-67,103
1,127,-7,97,-40,-97,-65,108
1,132,-6,99,-40,-98,-65,114
2,136,-5,100,-40,-99,-68,118
3,139,-4,100,-40,-100,-67,120
5,143,-4,100,-40,-100,-64,124
7,146,-3,101,-40,-100,-62,128
8,148,-2,102,-40,-101,-62,133
7,150,-1,103,-40,-103,-63,134
6,151,0,103,-40,-104,-64,135
7,153,-1,103,-40,-104,-63,137
8,155,-1,103,-40,-104,-62,139
10,155,-1,103,-40,-104,-61,140
9,154,-1,103,-40,-106,-61,139
7,154,-1,103,-40,-108,-63,139
5,152,-1,103,-40,-109,-64,136
5,151,-1,103,-40,-110,-65,135
4,148,-1,103,-40,-109,-67,133
2,145,0,103,-40,-109,-68,129
0,143,-1,103,-40,-109,-69,126
-1,139,-2,102,-40,-110,-72,123
-2,135,-3,101,-41,-112,-73,117
-4,130,-5,100,-41,-112,-74,112
-6,125,-5,99,-41,-112,-74,106
-10,120,-5,98,-40,-110,-78,101
-12,115,-4,95,-40,-109,-78,97
-14,108,-5,93,-40,-109,-79,91
-16,102,-6,91,-40,-109,-81,85
-18,95,-7,90,-40,-109,-80,75
-21,87,-8,90,-40,-109,-84,68
-25,80,-9,90,-40,-109,-86,59
-28,73,-10,89,-40,-109,-90,52
-32,66,-11,87,-40,-109,-93,45
-35,57,-12,86,-40,-109,-97,36
-39,48,-13,85,-40,-110,-100,26
-41,39,-14,84,-40,-109,-103,15
-44,31,-16,83,-41,-108,-103,7
-47,23,-17,82,-41,-106,-106,-1
-51,14,-18,81,-40,-104,-109,-10
-56,4,-19,80,-40,-104,-114,-20
-59,-4,-21,79,-40,-104,-118,-32
-62,-14,-22,77,-41,-104,-120,-42
-66,-23,-24,75,-42,-103,-122,-52
-69,-32,-26,74,-42,-101,-124,-61
-72,-39,-27,73,-41,-100,-126,-68
-74,-47,-28,72,-40,-99,-129,-79
-75,-55,-29,71,-40,-99,-129,-87
-76,-63,-30,70,-41,-98,-128,-95
-78,-70,-32,69,-42,-97,-130,-103
-79,-77,-33,68,-43,-97,-131,-109
-80,-83,-34,67,-43,-95,-131,-115
-81,-88,-34,67,-44,-95,-133,-122
-82,-93,-34,67,-45,-94,-134,-129
-83,-97,-35,66,-44,-95,-134,-133
-84,-100,-36,64,-43,-94,-135,-136
-84,-103,-37,63,-41,-93,-133,-139
-85,-105,-37,62,-41,-92,-133,-141
-85,-107,-37,62,-43,-91,-134,-144
-85,-108,-37,63,-44,-91,-134,-144
-84,-107,-36,62,-45,-91,-133,-142
-83,-106,-36,61,-44,-90,-131,-141
-82,-104,-36,60,-43,-90,-130,-137
-81,-101,-34,60,-42,-90,-126,-134
-80,-97,-33,61,-41,-90,-125,-130
-79,-93,-32,62,-42,-90,-128,-125
-77,-88,-31,63,-43,-90,-126,-120
-75,-83,-31,63,-44,-90,-124,-117
-74,-79,-31,63,-44,-90,-123,-111
-71,-72,-30,64,-44,-90,-120,-102
-69,-65,-29,65,-44,-90,-118,-95
-67,-56,-27,66,-44,-90,-115,-86
-64,-48,-26,68,-44,-90,-113,-76
-61,-39,-24,68,-44,-90,-111,-68
-59,-30,-23,71,-44,-90,-112,-56
-56,-21,-22,73,-44,-90,-111,-47
-53,-11,-21,76,-44,-90,-108,-36
-49,0,-20,79,-44,-89,-107,-25
-46,10,-18,80,-44,-90,-103,-14
-42,21,-16,81,-45,-91,-101,-3
-38,32,-14,83,-45,-93,-97,9
-35,43,-13,85,-44,-94,-96,21
-31,55,-11,87,-43,-95,-92,34
-28,67,-10,89,-43,-95,-90,46
-25,78,-8,90,-43,-94,-90,58
-21,90,-6,92,-44,-94,-86,73
-17,101,-4,94,-45,-94,-83,84
-14,112,-3,95,-45,-95,-79,95
-10,123,-2,97,-44,-94,-76,107
-7,135,-1,99,-44,-94,-75,118
-3,145,0,101,-44,-94,-72,129
0,157,3,102,-45,-95,-68,144
4,167,5,103,-45,-96,-64,155
8,178,6,104,-45,-96,-59,166
12,188,7,104,-45,-96,-56,178
15,197,9,106,-44,-96,-56,187
18,205,10,107,-44,-96,-53,196
20,214,11,108,-45,-96,-51,206
22,223,12,109,-45,-96,-50,214
25,231,12,109,-45,-97,-47,223
27,239,12,109,-45,-98,-45,230
30,245,13,110,-45,-98,-42,236
32,250,14,111,-45,-98,-40,245
33,256,16,112,-45,-98,-41,251
34,263,18,114,-43,-98,-41,258
35,269,18,115,-41,-99,-40,264
36,273,19,115,-41,-98,-39,268
38,276,20,116,-43,-97,-37,272
39,278,20,116,-45,-96,-36,274
39,281,19,115,-45,-95,-36,277
39,282,19,115,-45,-95,-36,278
39,282,19,115,-44,-96,-36,278
40,281,19,115,-43,-96,-35,277
40,279,19,115,-43,-96,-35,274
39,276,19,116,-43,-96,-36,272
37,273,20,116,-44,-95,-39,268
36,270,20,116,-45,-94,-39,264
36,266,18,115,-45,-94,-39,261
35,262,17,113,-44,-94,-40,257
33,256,15,112,-44,-95,-42,251
30,250,13,112,-45,-96,-45,242
28,243,12,112,-45,-96,-46,235
27,236,12,111,-45,-95,-47,228
25,230,13,109,-44,-95,-47,222
21,222,11,108,-43,-96,-50,213
18,213,9,108,-43,-98,-53,205
15,204,5,108,-43,-98,-58,192
12,194,3,108,-44,-96,-62,179
9,184,0,105,-45,-95,-62,169
6,173,0,103,-45,-95,-65,158
2,163,0,101,-45,-97,-67,147
-1,153,-1,98,-44,-98,-69,137
-5,142,-2,97,-43,-97,-74,126
-10,131,-4,96,-43,-95,-78,115
-14,119,-7,95,-43,-95,-83,100
-18,106,-10,94,-44,-96,-86,86
-22,92,-13,94,-45,-98,-90,69
-26,79,-14,92,-45,-99,-91,56
-30,68,-14,89,-45,-98,-95,45
-36,56,-15,86,-45,-96,-97,32
-40,44,-17,82,-45,-96,-100,20
-44,31,-20,79,-45,-97,-103,7
-48,18,-22,77,-45,-99,-107,-8
-52,6,-24,76,-45,-100,-108,-21
-57,-5,-26,74,-45,-100,-113,-34
-62,-18,-28,72,-45,-99,-118,-48
-66,-30,-30,70,-45,-99,-118,-61
-69,-42,-33,68,-45,-99,-122,-73
-72,-53,-34,67,-45,-99,-124,-87
-76,-63,-35,65,-45,-99,-128,-98
-80,-75,-36,64,-45,-99,-129,-111
-85,-87,-37,61,-45,-99,-134,-123
-90,-99,-38,59,-45,-99,-136,-135
-94,-111,-40,57,-45,-99,-140,-147
-99,-121,-41,54,-45,-99,-145,-158
-102,-132,-43,52,-45,-99,-145,-168
-104,-141,-44,51,-45,-99,-147,-179
-106,-151,-45,50,-45,-99,-148,-190
-108,-158,-46,48,-45,-99,-147,-198
-109,-165,-46,46,-45,-99,-150,-202
-112,-172,-45,44,-45,-99,-150,-211
-116,-180,-46,42,-45,-99,-153,-218
-120,-187,-46,42,-45,-99,-157,-225
-123,-193,-48,41,-45,-99,-159,-234
-124,-197,-50,42,-45,-99,-161,-239
-124,-201,-52,42,-45,-99,-163,-242
-125,-205,-51,43,-45,-99,-164,-246
-126,-208,-50,42,-45,-99,-163,-250
-128,-210,-50,40,-45,-99,-164,-252
-130,-212,-50,38,-45,-99,-164,-253
-131,-211,-51,37,-45,-99,-166,-253
-131,-210,-52,38,-45,-99,-166,-252
-130,-209,-52,40,-45,-99,-167,-251
-130,-209,-52,43,-45,-99,-169,-251
-130,-208,-52,44,-45,-99,-169,-252
-131,-205,-53,44,-45,-99,-170,-250
-131,-200,-53,43,-45,-99,-170,-245
-130,-196,-52,43,-45,-100,-169,-240
-128,-192,-51,45,-45,-100,-168,-233
-125,-187,-50,46,-45,-99,-164,-228
-123,-180,-49,46,-45,-99,-163,-222
-122,-173,-49,47,-45,-100,-162,-214
-120,-166,-48,48,-45,-101,-163,-206
-118,-158,-46,49,-45,-103,-161,-198
-114,-149,-45,52,-45,-104,-157,-189
-111,-140,-44,54,-45,-105,-156,-180
-107,-130,-44,56,-45,-104,-153,-170
-104,-121,-43,57,-45,-104,-152,-161
-101,-111,-42,59,-45,-104,-150,-150
-99,-100,-39,60,-45,-104,-147,-136
-97,-89,-37,61,-45,-106,-146,-125
-94,-78,-36,63,-45,-108,-144,-113
-90,-68,-35,65,-45,-109,-142,-101
-86,-57,-33,66,-45,-109,-139,-90
-82,-49,-32,67,-45,-109,-135,-81
-79,-39,-30,69,-45,-108,-131,-72
-76,-29,-28,72,-45,-109,-131,-61
-73,-18,-26,74,-45,-110,-128,-46
-70,-6,-25,75,-46,-112,-125,-35
-67,3,-24,75,-46,-114,-123,-24
-64,13,-23,76,-46,-114,-120,-14
-61,23,-22,77,-46,-114,-119,-3
-57,33,-20,79,-46,-114,-115,8
-52,43,-19,80,-46,-114,-112,19
-48,53,-17,82,-46,-114,-108,29
-46,62,-16,83,-46,-114,-106,39
-43,70,-14,84,-46,-114,-106,46
-41,77,-13,85,-46,-113,-103,56
-39,83,-12,86,-46,-112,-102,63
-37,90,-12,87,-46,-111,-100,69
-34,97,-11,87,-45,-110,-97,76
-32,104,-10,88,-45,-109,-95,84
-30,111,-9,90,-45,-109,-93,91
-29,116,-7,91,-45,-109,-95,97
-27,122,-6,92,-45,-108,-92,102
-24,126,-6,94,-45,-105,-90,107
-22,130,-6,94,-45,-104,-89,112
-21,134,-6,94,-45,-104,-86,114
-20,137,-6,94,-45,-104,-86,118
-18,139,-7,95,-45,-103,-86,120
-17,140,-8,97,-45,-101,-85,122
-15,141,-7,98,-46,-99,-84,122
-14,141,-5,98,-48,-97,-83,123
-14,142,-2,97,-50,-96,-80,125
-13,142,-1,97,-50,-94,-79,125
-12,143,-2,97,-50,-93,-81,126
-12,143,-4,98,-49,-91,-80,126
-12,143,-5,98,-49,-89,-80,124
-11,142,-4,96,-49,-87,-79,125
-10,140,-3,95,-49,-86,-76,124
-10,137,-3,94,-49,-85,-76,120
-10,133,-3,94,-49,-84,-76,117
-11,130,-4,94,-49,-83,-76,114
-12,127,-5,93,-49,-81,-78,111
-14,125,-5,93,-48,-80,-79,108
-14,123,-5,93,-48,-79,-80,106
-15,120,-5,93,-48,-79,-80,103
-15,118,-4,93,-48,-78,-81,101
-17,114,-5,93,-48,-76,-83,97
-18,110,-6,92,-48,-75,-84,92
-20,105,-7,90,-48,-74,-83,85
-21,101,-8,90,-48,-73,-84,81
-23,98,-9,90,-48,-71,-86,78
-24,95,-9,90,-48,-70,-86,75
-23,92,-9,90,-48,-70,-86,72
-24,88,-9,89,-48,-70,-86,68
-25,84,-10,88,-48,-68,-86,63
-25,81,-11,88,-48,-66,-87,61
-26,79,-11,87,-47,-65,-87,59
-26,78,-12,86,-48,-65,-87,57
-26,76,-12,86,-49,-65,-89,56
-27,74,-12,86,-49,-63,-89,53
-27,72,-12,86,-49,-62,-89,51
-26,70,-12,86,-49,-60,-87,50
-26,68,-12,86,-50,-59,-87,48
-27,68,-12,86,-51,-60,-89,47
-28,67,-12,86,-51,-60,-90,46
-28,67,-12,86,-50,-60,-90,46
-27,68,-12,86,-50,-58,-89,47
-26,68,-12,86,-50,-56,-87,48
-25,69,-13,87,-50,-55,-87,46
-26,68,-14,90,-50,-54,-90,45
-26,68,-13,93,-50,-55,-92,45
-25,69,-12,93,-50,-55,-91,46
-23,71,-10,93,-50,-55,-87,51
-21,74,-10,92,-51,-55,-86,53
-21,77,-11,92,-52,-54,-85,57
-20,79,-12,93,-52,-51,-87,57
-20,81,-12,93,-52,-50,-86,58
-19,83,-12,93,-51,-50,-86,59
-18,84,-11,94,-51,-50,-85,62
-17,86,-9,96,-52,-50,-84,67
-16,90,-8,96,-51,-50,-83,70
-14,94,-8,97,-51,-50,-81,74
-12,98,-8,97,-51,-50,-80,79
-11,101,-8,96,-52,-50,-79,81
-10,104,-8,96,-51,-50,-78,85
-9,108,-8,96,-51,-49,-76,89
-7,112,-7,97,-51,-46,-74,92
-5,115,-6,99,-51,-45,-73,96
-4,119,-4,100,-51,-45,-74,100
-4,123,-4,100,-51,-45,-74,103
-2,127,-5,100,-51,-45,-73,108
0,131,-5,100,-51,-45,-70,112
0,135,-3,101,-51,-45,-69,117
2,139,-2,102,-51,-45,-68,123
3,144,-1,103,-51,-46,-67,128
4,148,-1,103,-51,-45,-67,133
6,153,-1,103,-51,-44,-64,137
8,158,0,104,-51,-42,-62,142
10,162,1,105,-51,-40,-61,147
11,166,2,106,-51,-40,-59,151
12,171,2,106,-51,-40,-58,156
14,176,2,106,-51,-40,-56,161
16,181,2,106,-51,-40,-54,167
18,187,3,107,-51,-40,-54,174
20,192,4,108,-51,-40,-53,180
22,196,5,109,-51,-40,-51,185
24,202,6,110,-51,-40,-50,190
24,207,7,111,-51,-40,-50,196
24,213,8,112,-51,-40,-50,201
26,218,9,113,-51,-40,-48,207
29,222,9,113,-51,-40,-45,212
31,228,9,113,-51,-40,-42,217
32,234,10,114,-51,-40,-45,223
32,239,11,115,-51,-40,-45,230
34,244,13,116,-51,-40,-43,236
36,249,14,117,-51,-40,-41,241
39,254,15,119,-51,-39,-39,247
40,260,16,119,-51,-38,-37,252
41,265,16,119,-51,-37,-36,258
42,269,16,119,-51,-37,-35,262
44,272,17,120,-51,-37,-36,268
46,276,19,122,-51,-37,-34,272
47,281,20,122,-51,-37,-32,277
48,285,20,123,-51,-36,-32,281
49,289,20,123,-50,-35,-31,285
50,292,20,123,-50,-35,-30,289
52,296,20,122,-50,-35,-29,292
52,299,20,122,-51,-36,-28,295
52,302,20,122,-51,-36,-29,299
51,304,19,124,-51,-35,-29,300
52,305,17,125,-50,-35,-31,300
53,307,17,127,-50,-35,-30,301
55,307,17,128,-50,-35,-29,301
55,307,18,128,-51,-35,-28,301
55,307,19,126,-52,-35,-29,301
54,306,18,125,-52,-35,-30,300
52,306,17,125,-52,-35,-31,300
50,305,17,126,-51,-35,-32,299
50,303,17,126,-52,-35,-34,296
49,300,17,127,-54,-35,-34,294
48,297,17,126,-54,-35,-35,290
47,293,15,125,-54,-35,-35,286
47,290,14,124,-53,-35,-36,283
46,285,13,123,-53,-35,-37,279
43,281,13,123,-54,-35,-39,272
40,275,13,123,-56,-35,-42,266
38,270,12,122,-56,-35,-42,261
38,265,10,121,-55,-35,-42,255
36,258,10,120,-54,-35,-43,249
34,251,9,119,-54,-35,-46,241
30,244,9,119,-54,-35,-50,233
27,236,8,119,-54,-35,-52,225
25,230,7,118,-52,-35,-54,218
22,223,6,116,-51,-35,-57,209
20,216,4,115,-50,-35,-59,202
16,208,3,114,-50,-35,-59,194
13,199,2,113,-52,-35,-63,185
10,190,0,112,-53,-35,-65,175
8,182,0,111,-54,-35,-68,167
5,174,0,110,-54,-35,-70,159
3,167,0,109,-54,-35,-70,152
0,159,0,108,-52,-35,-73,144
-1,150,-2,107,-51,-35,-75,131
-4,141,-4,105,-50,-36,-78,123
-6,134,-6,104,-51,-36,-79,115
-8,128,-6,104,-51,-37,-81,109
-10,122,-6,103,-51,-38,-83,102
-12,115,-7,102,-51,-39,-83,96
-14,108,-7,100,-51,-40,-84,89
-16,102,-7,98,-51,-40,-84,83
-18,95,-8,96,-51,-40,-85,75
-20,88,-9,95,-51,-40,-87,68
-21,82,-11,94,-51,-40,-89,59
-22,76,-12,93,-51,-40,-90,53
-23,71,-13,93,-51,-42,-90,48
-25,67,-14,92,-51,-44,-90,43
-27,62,-14,91,-51,-45,-91,39
-30,57,-14,91,-51,-45,-93,34
-32,52,-15,90,-51,-45,-96,29
-34,48,-15,90,-51,-46,-97,24
-36,45,-17,89,-51,-49,-100,21
-37,42,-18,88,-51,-50,-101,15
-38,40,-19,87,-51,-50,-101,13
-38,38,-19,86,-51,-50,-101,12
-38,36,-19,86,-52,-51,-101,9
-38,33,-19,87,-52,-53,-101,6
-38,30,-19,87,-52,-55,-101,3
-38,29,-19,87,-52,-55,-101,2
-39,28,-19,86,-52,-55,-102,1
-40,27,-19,87,-52,-55,-103,0
-42,27,-19,86,-52,-54,-104,0
-43,28,-19,86,-52,-55,-107,1
-43,29,-19,87,-52,-55,-107,2
-44,31,-19,87,-52,-57,-107,3
-44,31,-19,87,-52,-57,-108,3
-45,31,-19,86,-52,-56,-108,3
-45,32,-20,86,-52,-55,-106,4
-44,34,-21,86,-52,-55,-108,7
-44,37,-21,87,-52,-56,-108,9
-43,39,-22,89,-52,-58,-109,12
-43,40,-22,90,-52,-58,-109,10
-43,42,-22,91,-52,-58,-109,13
-42,44,-23,90,-52,-58,-108,15
-42,47,-23,90,-52,-59,-108,18
-43,49,-22,90,-52,-60,-109,20
-43,52,-21,91,-52,-60,-109,25
-41,56,-20,93,-52,-60,-108,29
-39,59,-18,93,-52,-60,-106,32
-38,64,-18,94,-52,-59,-104,37
-36,68,-19,93,-52,-60,-103,42
-36,73,-19,93,-52,-61,-102,47
-34,77,-19,93,-52,-63,-101,51
-32,80,-18,94,-52,-65,-102,54
-31,84,-16,96,-52,-65,-101,59
-29,89,-15,97,-52,-65,-98,63
-28,93,-15,97,-52,-65,-97,68
-27,97,-15,97,-52,-65,-97,72
-26,102,-15,97,-52,-65,-96,76
-25,108,-15,97,-52,-65,-95,84
-23,114,-14,98,-52,-65,-93,90
-20,120,-13,99,-52,-65,-91,97
-19,124,-11,100,-52,-65,-90,102
-18,128,-10,101,-52,-65,-91,107
-16,134,-9,102,-52,-65,-90,113
-14,141,-8,103,-52,-65,-87,120
-11,149,-7,104,-52,-65,-85,130
-10,155,-5,106,-52,-65,-84,136
-9,161,-4,106,-52,-65,-83,142
-7,166,-4,107,-52,-65,-81,148
-3,173,-3,108,-52,-65,-78,155
0,180,-2,108,-52,-65,-75,162
4,186,-1,110,-52,-65,-72,169
7,192,0,111,-52,-65,-69,178
8,198,1,112,-52,-64,-68,184
10,205,2,113,-52,-65,-67,190
12,212,3,114,-53,-66,-64,197
15,219,4,115,-53,-68,-64,205
18,226,6,116,-53,-69,-62,212
21,234,7,118,-53,-70,-59,223
23,241,8,119,-53,-70,-57,230
25,249,9,119,-53,-69,-54,238
28,255,10,121,-53,-69,-52,245
30,261,11,122,-53,-69,-52,251
32,267,13,123,-53,-70,-51,257
34,273,14,124,-53,-69,-48,266
37,279,16,125,-53,-69,-46,272
40,284,16,126,-53,-69,-43,278
42,289,16,127,-53,-69,-41,283
44,294,15,128,-53,-69,-41,288
45,298,16,130,-53,-69,-40,291
46,302,16,131,-53,-69,-41,295
48,305,17,133,-53,-69,-40,299
50,309,17,134,-53,-70,-37,302
53,312,17,133,-53,-69,-35,306
55,313,17,133,-53,-69,-32,307
57,314,17,133,-53,-69,-31,307
57,315,17,133,-53,-70,-31,310
56,318,18,134,-53,-70,-32,312
57,320,18,134,-53,-69,-31,314
58,320,18,134,-54,-68,-30,314
60,319,17,133,-55,-67,-29,313
61,317,17,133,-54,-66,-28,312
61,316,17,133,-53,-66,-26,311
61,316,17,133,-52,-65,-28,310
60,315,17,133,-52,-65,-29,310
59,314,17,133,-53,-65,-30,307
58,311,17,133,-52,-65,-30,305
58,308,17,133,-52,-65,-30,302
58,304,16,132,-53,-65,-30,296
57,301,14,131,-54,-65,-31,292
55,297,13,130,-56,-65,-32,289
53,294,13,130,-57,-64,-32,285
51,290,14,129,-58,-63,-34,281
49,286,14,126,-57,-61,-34,279
47,281,14,124,-57,-60,-35,274
46,275,14,123,-57,-59,-36,268
46,269,13,122,-57,-59,-36,260
45,264,11,122,-57,-60,-37,255
41,259,10,121,-57,-60,-39,249
36,252,10,120,-57,-60,-43,242
32,245,9,119,-57,-59,-47,235
30,240,9,119,-57,-59,-50,229
28,235,8,119,-57,-59,-51,224
25,230,7,118,-57,-59,-54,219
21,223,7,116,-57,-60,-56,212
17,214,8,114,-57,-60,-59,202
13,205,7,112,-57,-59,-61,192
10,195,7,110,-57,-58,-64,183
7,187,6,110,-57,-56,-67,174
4,179,4,109,-57,-55,-69,167
0,170,3,108,-57,-54,-73,155
-2,161,1,106,-57,-54,-73,145
-5,151,0,104,-57,-55,-76,135
-9,140,-2,102,-57,-55,-80,124
-13,130,-3,101,-57,-55,-84,111
-16,119,-5,100,-57,-54,-86,100
-19,110,-6,99,-57,-54,-90,90
-22,100,-7,97,-57,-54,-90,80
-24,90,-8,95,-57,-54,-91,69
-27,79,-8,92,-57,-54,-91,58
-31,68,-10,89,-57,-55,-93,47
-36,56,-11,86,-57,-54,-97,35
-40,44,-13,85,-57,-54,-102,23
-44,32,-15,84,-57,-54,-104,8
-46,22,-16,83,-57,-55,-107,-2
-49,12,-18,82,-57,-55,-108,-12
-53,3,-19,80,-57,-54,-111,-21
-57,-7,-21,78,-57,-53,-114,-35
-60,-17,-23,76,-57,-53,-114,-46
-63,-26,-25,75,-57,-54,-118,-56
-65,-36,-26,75,-57,-54,-120,-64
-68,-44,-26,74,-57,-53,-123,-74
-70,-53,-28,72,-57,-52,-124,-85
-72,-61,-29,71,-57,-51,-126,-93
-73,-68,-32,69,-57,-51,-125,-101
-75,-74,-33,68,-57,-52,-126,-107
-78,-79,-34,67,-57,-52,-129,-112
-80,-84,-34,66,-57,-53,-131,-117
-81,-88,-32,65,-57,-53,-131,-122
-81,-92,-32,65,-57,-54,-130,-125
-82,-96,-32,64,-57,-55,-130,-129
-83,-99,-32,62,-57,-55,-131,-133
-83,-101,-33,61,-57,-54,-129,-134
-83,-101,-33,61,-57,-54,-129,-134
-84,-100,-32,62,-57,-55,-133,-133
-85,-98,-31,63,-57,-56,-134,-131
-86,-96,-31,64,-57,-58,-134,-130
-85,-94,-31,63,-57,-59,-134,-128
-84,-92,-31,63,-57,-59,-133,-125
-83,-88,-30,64,-57,-60,-133,-119
-82,-85,-28,66,-57,-61,-131,-115
-81,-81,-28,67,-57,-63,-133,-112
-80,-76,-28,68,-58,-64,-131,-107
-78,-72,-28,68,-57,-65,-130,-102
-76,-67,-27,69,-56,-65,-128,-97
-74,-62,-27,71,-55,-66,-125,-92
-72,-56,-27,73,-54,-68,-126,-85
-70,-49,-25,75,-54,-69,-124,-79
-67,-42,-25,75,-54,-70,-122,-72
-65,-35,-23,76,-53,-71,-119,-64
-62,-28,-22,77,-53,-73,-119,-57
-60,-20,-21,79,-53,-74,-118,-48
-58,-11,-19,81,-54,-74,-115,-37
-55,-2,-17,82,-55,-74,-113,-28
-52,5,-16,83,-54,-74,-113,-19
-49,13,-14,84,-54,-76,-111,-12
-46,21,-13,85,-53,-78,-108,0
-44,31,-12,86,-53,-79,-106,8
-42,39,-12,88,-53,-79,-103,18
-39,48,-12,92,-54,-79,-102,24
-35,57,-11,94,-54,-81,-102,34
-32,67,-10,96,-54,-83,-98,46
-28,76,-8,97,-54,-84,-95,56
-25,85,-8,97,-54,-85,-92,65
-22,95,-7,97,-54,-84,-90,75
-19,104,-6,98,-54,-84,-86,84
-16,112,-5,100,-54,-84,-86,92
-13,120,-3,101,-54,-84,-84,101
-10,129,-2,102,-54,-84,-81,112
-8,137,0,104,-54,-84,-79,122
-5,146,1,105,-54,-84,-76,130
-2,154,2,107,-54,-84,-75,139
1,161,3,107,-54,-84,-72,148
5,169,3,108,-54,-84,-68,156
8,176,4,108,-54,-84,-65,163
11,183,4,109,-54,-84,-63,170
13,190,6,111,-54,-84,-61,178
17,197,7,112,-54,-84,-57,185
20,205,9,113,-54,-85,-54,194
23,212,10,114,-54,-86,-53,203
25,219,11,115,-54,-86,-51,211
27,225,12,118,-54,-86,-50,217
29,232,13,121,-54,-84,-51,223
31,238,13,123,-54,-84,-51,230
33,245,14,125,-54,-84,-50,238
35,252,15,125,-54,-85,-47,245
36,259,17,126,-54,-86,-46,251
39,265,18,128,-54,-86,-43,257
41,270,19,129,-53,-86,-41,263
45,275,20,130,-52,-86,-40,271
47,281,20,130,-52,-85,-39,277
49,287,20,130,-53,-85,-36,283
50,293,21,130,-54,-86,-36,289
50,299,23,132,-55,-86,-35,295
51,303,24,133,-54,-86,-35,300
53,308,24,133,-52,-85,-34,305
54,312,24,133,-50,-84,-32,308
54,316,24,133,-49,-84,-31,313
55,320,24,133,-50,-84,-31,317
56,323,24,133,-52,-84,-30,321
57,327,25,134,-54,-84,-29,324
58,329,26,135,-54,-84,-28,327
58,331,27,136,-53,-84,-30,330
58,333,28,136,-52,-84,-30,333
58,335,28,136,-52,-84,-31,334
58,336,27,136,-52,-84,-31,335
57,337,27,136,-53,-84,-31,336
56,336,27,136,-53,-85,-32,335
56,335,28,136,-52,-84,-32,334
57,334,28,136,-51,-83,-32,334
58,333,27,136,-50,-81,-31,333
58,332,26,135,-48,-80,-28,329
58,329,25,134,-48,-79,-29,325
57,325,24,133,-50,-79,-30,322
55,320,24,133,-52,-79,-31,317
54,316,24,133,-54,-79,-32,312
52,311,24,133,-52,-79,-34,307
50,305,23,132,-50,-79,-35,301
49,299,21,131,-48,-80,-36,295
48,292,20,130,-48,-79,-37,288
46,286,20,129,-50,-78,-39,279
44,279,19,129,-52,-76,-39,272
41,272,18,128,-52,-75,-41,266
39,265,17,126,-50,-74,-43,257
36,257,15,125,-48,-75,-46,250
33,247,14,124,-47,-75,-48,240
30,238,13,123,-47,-75,-52,230
27,229,12,122,-49,-75,-52,218
24,220,10,120,-50,-74,-54,209
22,212,8,119,-51,-74,-57,200
19,203,7,117,-52,-74,-59,191
15,193,6,116,-52,-74,-63,178
11,182,5,115,-51,-74,-67,167
8,172,3,114,-51,-74,-68,157
4,163,1,112,-51,-74,-72,147
0,154,0,111,-52,-74,-75,139
-2,144,-2,109,-51,-74,-78,126
-4,134,-3,107,-51,-75,-78,115
-7,123,-4,105,-50,-74,-79,103
-9,112,-6,103,-50,-74,-81,93
-13,104,-7,102,-50,-74,-85,84
-17,95,-7,101,-51,-75,-86,75
-20,86,-8,99,-51,-75,-90,67
-24,77,-9,96,-52,-74,-91,57
-26,68,-11,94,-51,-73,-92,45
-27,60,-13,92,-51,-71,-91,37
-28,54,-14,91,-51,-70,-92,30
-31,47,-15,90,-51,-69,-95,24
-35,41,-16,90,-52,-69,-98,17
-39,34,-17,89,-52,-70,-102,10
-40,27,-18,88,-52,-69,-103,1
-41,21,-19,87,-50,-69,-104,-6
-42,15,-19,86,-50,-70,-102,-12
-44,10,-19,85,-50,-70,-104,-17
-46,7,-19,83,-51,-69,-107,-17
-47,5,-19,82,-53,-68,-106,-19
-48,3,-19,81,-53,-66,-106,-21
-48,1,-19,80,-53,-65,-107,-23
-49,0,-20,80,-53,-64,-107,-24
-50,0,-20,80,-52,-65,-108,-25
-51,0,-19,80,-51,-65,-109,-25
-51,0,-19,80,-50,-65,-109,-25
-51,0,-19,80,-51,-65,-109,-24
-52,3,-20,80,-52,-65,-111,-21
-52,5,-21,81,-53,-64,-111,-21
-53,8,-22,83,-52,-65,-113,-18
-52,11,-21,84,-51,-66,-113,-15
-51,15,-21,86,-51,-68,-114,-12
-50,18,-19,87,-51,-69,-113,-9
-49,21,-19,86,-51,-70,-112,-6
-48,25,-19,87,-50,-70,-112,-2
-47,29,-18,88,-48,-70,-111,2
-46,34,-17,89,-47,-69,-109,9
-43,39,-15,90,-48,-70,-107,14
-41,43,-15,90,-48,-72,-106,19
-40,47,-15,90,-48,-73,-103,24
-39,52,-14,91,-48,-74,-103,28
-38,57,-13,92,-48,-75,-102,32
-37,62,-12,93,-48,-76,-104,39
-36,67,-11,93,-48,-78,-103,43
-35,71,-12,93,-48,-79,-102,48
-33,75,-12,93,-48,-80,-100,51
-31,78,-12,93,-48,-80,-98,54
-29,82,-11,94,-48,-80,-96,58
-28,86,-9,96,-49,-81,-95,65
-28,90,-8,96,-49,-82,-96,70
-28,93,-8,97,-49,-83,-96,73
-28,95,-8,97,-49,-83,-95,75
-25,96,-8,97,-49,-84,-93,76
-23,97,-8,96,-49,-85,-91,78
-22,100,-8,96,-49,-84,-90,80
-22,102,-8,96,-49,-84,-90,83
-22,103,-8,97,-49,-85,-90,84
-22,103,-7,98,-49,-86,-90,83
-21,102,-6,99,-49,-88,-89,81
-21,101,-6,99,-49,-88,-89,81
-21,100,-7,98,-49,-87,-89,80
-22,99,-8,97,-49,-86,-90,79
-23,96,-9,96,-49,-86,-90,76
-22,94,-9,97,-49,-86,-90,74
-21,91,-9,98,-49,-85,-91,69
-21,89,-9,98,-49,-84,-91,68
-22,86,-9,96,-49,-83,-90,65
-24,82,-9,95,-49,-81,-91,62
-24,79,-10,96,-49,-79,-91,58
-24,75,-10,97,-49,-78,-91,52
-23,72,-11,97,-48,-76,-90,48
-24,68,-11,95,-48,-75,-91,45
-25,64,-12,94,-48,-74,-91,41
-25,61,-12,93,-49,-73,-92,39
-26,59,-12,93,-50,-71,-93,35
-27,57,-12,93,-50,-69,-93,32
-28,54,-11,94,-50,-68,-93,31
-28,52,-11,94,-48,-67,-95,29
-28,51,-10,94,-47,-65,-93,28
-27,51,-11,94,-47,-63,-93,28
-27,51,-11,93,-49,-61,-93,28
-27,51,-11,94,-51,-60,-93,28
-28,51,-10,96,-52,-60,-93,30
-27,51,-8,96,-53,-60,-93,30
-26,51,-8,97,-52,-60,-92,30
-25,54,-8,97,-52,-58,-91,32
-23,57,-8,97,-52,-56,-90,36
-21,61,-9,97,-52,-55,-89,40
-20,65,-8,97,-52,-54,-86,43
-18,68,-6,97,-52,-55,-85,48
-17,73,-3,96,-52,-55,-81,56
-15,79,-1,96,-52,-55,-80,62
-14,86,-1,96,-52,-55,-78,69
-11,93,-1,98,-52,-55,-79,76
-8,101,-2,101,-52,-55,-78,84
-4,108,-1,103,-52,-55,-74,91
-1,115,0,104,-52,-55,-72,98
1,123,0,105,-52,-55,-69,107
3,133,2,106,-52,-55,-67,117
7,143,3,107,-52,-53,-65,130
10,154,4,109,-52,-51,-62,141
14,164,6,111,-52,-52,-59,152
18,174,8,112,-52,-53,-54,162
21,184,9,113,-52,-54,-52,173
25,195,10,114,-52,-54,-51,183
28,205,10,116,-52,-53,-47,194
32,217,11,119,-52,-52,-47,206
35,228,12,122,-52,-51,-47,217
38,239,14,124,-51,-50,-43,230
42,250,16,126,-51,-50,-40,242
46,261,18,127,-51,-50,-36,255
50,273,19,129,-51,-50,-31,267
54,285,21,130,-51,-50,-31,281
57,297,23,132,-52,-50,-29,294
60,308,25,134,-51,-50,-25,305
63,319,26,135,-51,-49,-23,316
67,329,27,136,-51,-46,-21,329
70,339,28,137,-51,-45,-19,339
72,349,31,139,-51,-45,-17,350
75,361,34,141,-51,-45,-14,365
77,371,36,144,-51,-46,-14,374
80,381,37,146,-51,-45,-12,384
83,388,36,148,-51,-44,-12,390
85,395,35,150,-51,-42,-10,397
88,403,36,151,-51,-40,-9,405
90,412,37,151,-51,-40,-7,413
93,421,39,153,-51,-40,-4,426
95,427,40,154,-51,-40,-3,433
97,432,41,155,-51,-41,-2,438
98,436,42,156,-51,-40,-1,441
99,440,43,156,-51,-39,0,446
101,445,43,156,-51,-37,1,450
102,448,43,156,-51,-36,3,454
104,450,42,156,-51,-35,4,456
105,451,42,156,-51,-34,6,457
106,451,43,156,-50,-32,7,457
106,451,44,157,-50,-31,7,457
107,452,45,158,-50,-30,8,461
108,453,46,159,-51,-30,6,461
109,453,46,159,-52,-29,7,461
109,452,45,158,-52,-27,10,460
109,450,44,157,-51,-24,10,456
110,448,43,157,-50,-22,10,454
109,446,44,157,-50,-21,10,451
109,444,44,157,-50,-20,10,450
109,443,43,157,-50,-19,10,449
110,442,43,156,-50,-18,10,448
110,440,42,156,-50,-16,10,446
109,439,42,156,-50,-15,10,444
109,436,43,156,-49,-14,9,441
108,434,43,155,-49,-12,9,443
108,433,44,155,-50,-11,9,440
108,431,44,154,-51,-11,9,439
107,428,44,154,-53,-10,10,437
108,426,44,154,-54,-9,12,434
108,426,45,153,-54,-7,12,433
109,425,44,154,-54,-6,13,433
109,425,43,155,-54,-5,10,430
108,425,42,156,-54,-4,9,430
108,425,42,156,-54,-3,9,430
108,425,42,156,-54,-1,9,430
108,425,43,156,-54,0,9,430
108,425,43,156,-53,0,9,430
108,424,42,157,-53,1,9,429
108,425,41,157,-53,3,7,430
108,427,41,157,-53,3,7,432
109,429,41,157,-53,3,8,434
109,431,43,157,-53,4,10,437
109,433,45,158,-53,5,10,441
109,435,46,159,-53,6,8,443
111,437,45,161,-53,7,9,445
112,440,44,162,-53,7,8,445
113,443,43,163,-53,8,9,449
113,446,42,163,-53,10,9,452
113,448,43,163,-53,11,9,455
114,451,43,163,-53,13,9,456
115,452,43,163,-53,13,10,458
115,455,43,163,-53,13,12,461
116,458,43,163,-53,13,12,465
115,461,44,164,-52,14,10,467
116,464,44,164,-52,16,12,471
117,467,43,164,-52,18,12,473
117,468,43,163,-52,18,13,474
117,469,43,164,-52,18,13,476
117,470,44,164,-52,18,12,477
116,470,44,164,-52,18,12,477
116,469,43,163,-52,19,12,476
116,469,43,162,-52,20,12,474
114,467,43,162,-52,21,9,473
113,466,43,163,-52,21,8,472
112,464,43,163,-52,22,7,471
112,462,43,163,-52,24,7,468
111,458,42,162,-52,26,6,465
109,455,41,161,-52,27,4,461
107,451,39,159,-52,28,6,454
104,445,38,158,-52,28,2,448
101,438,36,157,-52,27,0,441
99,431,36,157,-52,27,-2,433
97,424,36,156,-52,27,-4,426
93,417,36,155,-52,29,-7,419
90,410,36,154,-53,31,-8,412
87,402,35,152,-54,32,-10,404
83,394,32,151,-54,32,-14,395
80,384,31,149,-54,32,-17,383
77,373,29,146,-54,32,-18,371
73,361,28,144,-53,34,-19,360
68,350,27,142,-54,36,-23,347
63,338,25,140,-55,37,-29,335
58,325,23,139,-56,37,-34,319
53,312,21,137,-55,37,-37,306
48,298,20,136,-53,37,-40,291
43,284,18,134,-52,39,-45,278
38,271,16,132,-52,41,-50,261
32,256,14,130,-54,42,-52,246
28,241,11,128,-55,42,-57,230
24,225,8,126,-56,43,-61,211
19,210,6,123,-56,43,-62,196
13,195,5,120,-56,44,-68,181
7,180,4,117,-55,45,-72,166
1,165,2,113,-55,46,-75,150
-3,150,0,110,-55,47,-79,134
-7,134,-3,107,-56,47,-80,114
-12,118,-5,106,-55,47,-85,98
-18,102,-7,104,-55,47,-90,83
-24,87,-9,103,-55,46,-96,64
-28,72,-11,100,-55,47,-97,50
-31,58,-15,97,-55,48,-101,32
-34,43,-18,95,-55,50,-103,17
-37,29,-20,92,-55,52,-103,2
-42,17,-21,90,-55,52,-107,-9
-47,5,-21,87,-55,52,-109,-21
-52,-6,-22,85,-55,52,-114,-34
-56,-18,-25,84,-55,52,-119,-50
-60,-31,-27,83,-55,52,-123,-62
-64,-42,-29,81,-55,52,-123,-74
-65,-53,-30,79,-55,52,-124,-85
-67,-62,-31,76,-55,52,-124,-97
-70,-71,-32,75,-55,52,-126,-106
-74,-79,-34,73,-55,52,-130,-114
-78,-87,-35,72,-55,52,-134,-123
-81,-95,-36,72,-55,52,-135,-131
-83,-102,-37,71,-55,52,-136,-139
-83,-108,-38,70,-55,52,-136,-145
-84,-113,-39,69,-55,52,-137,-152
-85,-117,-39,68,-55,52,-139,-156
-87,-121,-40,66,-55,52,-137,-159
-89,-124,-40,65,-55,52,-139,-163
-90,-126,-40,66,-55,52,-142,-166
-92,-129,-41,67,-55,52,-145,-168
-93,-132,-41,67,-56,52,-145,-172
-93,-133,-40,66,-57,52,-146,-173
-93,-135,-39,65,-57,52,-144,-172
-93,-134,-38,63,-56,52,-144,-172
-94,-132,-37,63,-56,53,-144,-169
-95,-131,-37,64,-57,54,-145,-168
-95,-130,-38,63,-57,54,-146,-167
-96,-130,-39,63,-56,54,-146,-167
-96,-130,-39,62,-55,52,-144,-167
-96,-128,-39,62,-55,51,-144,-166
-95,-126,-38,63,-57,52,-144,-163
-95,-123,-37,64,-58,53,-145,-161
-94,-121,-37,64,-58,54,-145,-158
-95,-120,-38,63,-57,54,-145,-157
-94,-118,-38,63,-55,54,-142,-155
-93,-116,-37,64,-54,54,-145,-152
-92,-113,-36,65,-55,53,-142,-150
-91,-109,-35,66,-56,53,-142,-145
-92,-105,-34,67,-57,52,-144,-139
-92,-101,-34,67,-57,52,-144,-135
-90,-97,-34,67,-57,52,-141,-130
-88,-93,-33,68,-57,52,-139,-126
-85,-90,-32,68,-57,52,-136,-123
-84,-86,-32,68,-57,51,-135,-119
-84,-83,-31,69,-57,50,-135,-115
-83,-79,-32,71,-57,49,-137,-112
-81,-74,-32,73,-57,48,-135,-109
-79,-68,-32,75,-56,47,-135,-103
-76,-63,-32,76,-55,47,-133,-98
-75,-57,-30,77,-55,47,-131,-90
-74,-53,-30,77,-55,47,-131,-85
-73,-49,-29,78,-56,47,-130,-81
-71,-44,-28,79,-56,47,-130,-75
-68,-37,-27,80,-55,47,-128,-69
-65,-29,-26,80,-55,47,-124,-61
-61,-22,-25,81,-55,47,-120,-53
-58,-15,-24,82,-55,46,-118,-43
-56,-8,-22,84,-55,45,-115,-36
-54,0,-20,86,-55,44,-118,-29
-53,7,-18,88,-56,43,-115,-19
-49,17,-17,89,-56,42,-113,-8
-46,26,-15,90,-56,42,-109,2
-43,36,-14,91,-56,42,-107,10
-41,45,-13,93,-56,42,-107,20
-38,54,-12,95,-56,42,-104,30
-35,65,-10,97,-56,42,-104,41
-31,77,-9,100,-56,42,-101,54
-28,89,-8,102,-56,42,-100,67
-25,101,-7,104,-56,42,-97,80
-21,112,-5,106,-56,42,-93,92
-17,124,-3,108,-56,42,-90,104
-14,135,-2,109,-56,42,-90,117
-11,147,0,111,-56,42,-87,130
-7,158,1,112,-56,42,-84,142
-3,170,3,114,-56,42,-80,155
0,183,4,117,-56,42,-78,168
4,195,4,120,-56,43,-76,180
8,206,5,122,-56,42,-73,191
12,216,7,124,-56,42,-72,201
15,226,9,126,-56,42,-69,212
18,238,11,127,-56,42,-67,227
22,249,12,129,-56,43,-63,238
27,258,14,130,-55,44,-58,247
31,267,14,131,-54,44,-57,257
33,275,16,132,-54,43,-54,266
35,283,17,133,-54,43,-53,275
38,291,17,133,-55,43,-50,284
42,297,18,134,-56,46,-46,290
46,303,19,135,-56,47,-42,296
48,308,21,136,-55,47,-41,302
48,313,21,137,-55,47,-40,307
49,317,21,137,-55,47,-40,311
51,320,21,136,-56,47,-37,314
52,322,21,136,-55,47,-36,317
54,323,20,137,-55,47,-35,318
55,324,20,137,-55,47,-34,318
56,324,21,136,-55,47,-32,318
57,325,21,137,-55,47,-32,319
56,325,22,137,-55,47,-32,319
57,323,22,138,-55,47,-34,318
58,322,21,138,-55,48,-32,316
59,319,20,138,-55,49,-31,313
60,317,19,138,-55,50,-31,311
58,314,19,137,-55,51,-32,308
57,312,19,138,-55,52,-34,306
55,309,19,138,-55,52,-36,302
54,305,18,139,-55,52,-36,296
54,303,18,140,-55,52,-40,294
53,300,17,140,-55,53,-40,291
53,299,16,140,-55,55,-40,290
51,296,16,139,-55,57,-39,286
50,292,15,138,-55,57,-40,283
50,289,14,137,-55,57,-41,280
49,287,14,137,-55,57,-41,278
48,285,14,137,-55,57,-42,275
48,283,14,137,-55,56,-42,274
47,281,14,137,-55,57,-43,272
46,278,14,137,-55,58,-43,269
46,276,14,137,-54,60,-45,267
45,274,14,137,-54,61,-45,264
45,274,14,137,-54,62,-45,264
45,274,14,137,-54,62,-45,264
45,274,14,137,-54,61,-45,264
45,274,14,137,-54,61,-45,264
46,275,14,137,-54,61,-43,266
47,277,14,137,-55,61,-42,267
48,279,14,137,-55,61,-42,269
48,281,14,137,-55,62,-42,271
47,281,14,137,-54,63,-43,272
46,282,14,137,-54,64,-45,273
45,283,14,137,-54,65,-45,274
46,285,14,137,-55,66,-43,275
47,287,14,135,-56,67,-42,278
48,289,15,136,-57,67,-42,279
48,290,16,137,-58,67,-42,281
47,292,16,139,-59,67,-43,283
46,292,16,139,-59,67,-45,283
46,292,17,139,-59,67,-45,283
47,292,17,137,-59,67,-43,283
48,292,18,137,-59,67,-42,285
48,293,18,135,-59,67,-40,286
48,292,18,134,-59,67,-40,285
48,291,18,134,-59,67,-40,284
47,288,18,134,-59,67,-41,280
46,285,18,133,-57,67,-41,278
46,281,17,133,-57,67,-42,274
45,278,17,133,-58,67,-42,271
44,273,16,132,-59,68,-43,263
42,269,14,131,-59,69,-45,260
40,264,14,130,-58,69,-45,253
37,258,13,130,-57,69,-48,249
35,252,12,129,-57,69,-50,242
33,245,11,128,-58,70,-52,235
31,238,10,127,-58,72,-53,228
30,231,9,126,-57,72,-54,217
28,224,8,126,-57,72,-56,211
25,215,8,124,-58,72,-58,201
22,207,7,123,-59,72,-59,192
18,199,6,121,-59,72,-63,184
14,191,3,119,-59,72,-67,175
11,182,0,118,-59,72,-69,164
10,173,-1,117,-59,72,-70,155
7,163,-1,116,-59,72,-73,145
5,153,0,115,-59,72,-73,135
3,144,0,112,-59,73,-73,125
0,134,-1,110,-58,74,-74,115
0,126,-3,108,-58,74,-73,107
0,117,-5,106,-58,74,-73,98
-1,109,-6,105,-58,75,-74,90
-4,102,-7,104,-58,76,-76,80
-7,95,-8,104,-58,76,-80,73
-10,88,-9,102,-58,75,-83,65
-12,81,-10,101,-59,73,-84,58
-13,74,-12,101,-59,73,-85,51
-14,67,-11,100,-58,75,-84,43
-16,61,-10,99,-58,76,-85,37
-18,55,-9,98,-58,76,-87,35
-19,50,-9,96,-58,75,-85,29
-20,44,-10,94,-58,74,-86,23
-21,39,-12,93,-58,74,-86,15
-23,35,-12,93,-58,74,-89,12
-24,32,-12,93,-59,73,-90,8
-25,28,-12,93,-59,72,-90,4
-25,26,-11,93,-59,72,-91,2
-25,25,-11,93,-59,72,-90,1
-25,24,-12,93,-59,72,-91,0
-25,24,-13,92,-59,72,-89,0
-25,24,-14,91,-59,72,-89,0
-26,26,-14,91,-59,72,-89,2
-26,29,-14,92,-59,72,-90,4
-26,32,-12,93,-59,72,-92,8
-26,35,-11,93,-59,72,-92,12
-26,37,-11,93,-59,72,-92,13
-26,40,-12,93,-59,72,-92,17
-25,44,-13,94,-59,72,-91,20
-25,48,-13,97,-59,72,-93,25
-23,54,-13,99,-59,72,-91,30
-21,60,-12,100,-59,72,-90,36
-20,66,-11,101,-59,72,-90,42
-20,72,-10,101,-59,72,-92,48
-20,78,-9,102,-59,72,-91,54
-19,83,-8,103,-59,72,-91,61
-18,90,-8,104,-59,72,-90,67
-16,96,-8,104,-59,72,-87,74
-14,102,-7,104,-59,72,-87,83
-14,108,-5,105,-59,72,-86,89
-13,114,-4,106,-59,72,-86,95
-13,120,-4,107,-59,71,-86,101
-13,126,-4,109,-59,70,-89,107
-12,131,-4,111,-59,70,-87,112
-10,136,-3,112,-59,70,-89,117
-9,140,-2,112,-59,71,-87,122
-8,145,-2,111,-59,71,-84,126
-7,149,-2,111,-59,70,-83,130
-6,152,-1,111,-59,70,-81,134
-4,155,-1,110,-59,70,-80,136
-3,157,-1,110,-59,70,-79,139
-3,159,-1,110,-59,70,-79,140
-3,160,-1,110,-59,69,-79,141
-2,161,0,111,-59,69,-79,146
-1,163,1,112,-59,68,-78,147
0,165,3,113,-59,67,-76,150
0,165,3,113,-59,68,-76,150
-1,164,1,112,-59,70,-78,148
-2,161,0,111,-59,70,-79,145
-3,159,-1,110,-59,68,-79,141
-2,158,-1,110,-59,67,-79,140
-2,157,-1,110,-59,67,-79,139
-2,156,-1,110,-59,68,-79,137
-3,154,-1,110,-59,70,-79,135
-3,151,0,110,-59,71,-80,133
-4,147,0,110,-59,72,-80,129
-4,142,-1,110,-59,72,-80,123
-6,137,-2,108,-59,72,-81,118
-6,132,-2,107,-59,72,-79,113
-7,129,-3,105,-59,72,-80,109
-8,125,-4,105,-59,72,-81,106
-10,120,-5,105,-59,72,-83,101
-11,115,-7,105,-59,72,-84,96
-13,109,-8,104,-59,72,-85,87
-13,103,-8,103,-59,72,-86,81
-14,97,-8,103,-59,72,-86,75
-15,91,-8,104,-59,72,-87,68
-17,84,-7,104,-59,72,-89,62
-20,78,-8,103,-59,72,-91,54
-21,71,-9,102,-59,72,-93,47
-23,65,-10,101,-59,72,-95,41
-25,57,-11,100,-59,72,-93,34
-27,51,-13,99,-59,72,-96,26
-31,44,-14,98,-59,72,-100,17
-34,36,-15,97,-59,72,-103,9
-37,29,-15,96,-59,72,-106,2
-39,21,-15,94,-59,72,-106,-2
-41,14,-16,93,-59,72,-107,-9
-42,7,-16,91,-59,72,-108,-17
-44,1,-16,90,-59,72,-107,-23
-46,-5,-16,89,-59,72,-109,-30
-48,-13,-18,88,-59,72,-111,-41
-49,-21,-20,86,-59,72,-111,-50
-51,-28,-22,84,-59,72,-111,-57
-53,-34,-23,84,-59,72,-112,-63
-55,-39,-23,83,-59,72,-114,-68
-57,-45,-24,82,-59,72,-117,-74
-60,-51,-24,80,-59,72,-119,-81
-63,-58,-25,79,-59,72,-119,-87
-65,-63,-27,78,-59,72,-122,-95
-66,-67,-28,77,-59,72,-123,-100
-67,-72,-29,76,-59,72,-124,-104
-69,-77,-28,75,-60,72,-125,-109
-70,-83,-27,74,-61,72,-124,-115
-72,-87,-27,74,-60,72,-126,-118
-74,-91,-28,72,-59,72,-128,-124
-75,-93,-29,71,-58,72,-129,-125
-77,-95,-30,70,-59,72,-130,-128
-78,-97,-31,70,-60,72,-131,-130
-78,-100,-31,70,-61,72,-131,-134
-79,-102,-30,70,-60,72,-129,-135
-79,-104,-30,70,-59,72,-130,-137
-81,-105,-30,70,-58,72,-131,-139
-83,-106,-30,70,-59,72,-134,-140
-83,-106,-30,70,-60,72,-134,-140
-84,-106,-30,70,-61,72,-135,-140
-84,-106,-30,70,-61,71,-135,-140
-84,-107,-30,70,-61,68,-135,-141
-84,-107,-31,70,-61,67,-135,-141
-84,-107,-30,70,-61,67,-135,-140
-83,-105,-29,71,-62,67,-136,-139
-83,-102,-28,72,-62,67,-136,-135
-84,-99,-27,73,-61,67,-137,-130
-84,-97,-26,74,-59,67,-137,-128
-83,-95,-27,74,-59,67,-136,-125
-80,-93,-27,73,-61,67,-134,-124
-79,-91,-27,73,-61,67,-133,-122
-78,-89,-27,73,-61,67,-131,-120
-78,-87,-27,73,-59,67,-133,-118
-77,-84,-27,74,-59,67,-131,-114
-76,-82,-27,75,-60,67,-133,-114
-74,-79,-25,77,-61,67,-130,-109
-72,-76,-24,77,-62,67,-129,-106
-72,-74,-23,77,-63,67,-125,-104
-71,-72,-23,77,-62,67,-128,-102
-71,-70,-24,78,-62,67,-128,-100
-70,-68,-25,79,-61,66,-126,-100
-68,-65,-25,79,-62,65,-124,-97
-67,-62,-24,78,-62,64,-123,-92
-67,-60,-23,77,-63,63,-123,-90
-67,-59,-23,76,-63,62,-122,-89
-67,-58,-23,76,-64,62,-122,-87
-66,-58,-23,77,-64,62,-123,-87
-64,-57,-23,77,-63,62,-120,-86
-63,-56,-23,77,-61,62,-119,-86
-63,-56,-23,76,-60,62,-117,-85
-63,-56,-23,76,-60,62,-117,-86
-63,-57,-23,77,-62,62,-119,-86
-63,-56,-23,77,-63,62,-119,-86
-62,-56,-23,77,-62,62,-119,-85
-61,-55,-23,77,-61,62,-118,-85
-60,-55,-23,76,-59,61,-114,-85
-59,-56,-22,76,-60,60,-113,-85
-57,-57,-21,76,-61,61,-112,-84
-56,-58,-21,77,-61,62,-111,-85
-56,-58,-20,77,-61,62,-111,-85
-56,-58,-19,78,-60,62,-111,-85
-56,-58,-18,78,-61,62,-111,-85
-56,-58,-18,78,-61,62,-111,-85
-57,-58,-18,79,-61,62,-113,-85
-57,-57,-20,80,-60,62,-114,-84
-58,-55,-20,80,-59,62,-114,-83
-57,-53,-19,80,-59,62,-114,-80
-57,-51,-19,80,-59,62,-114,-78
-56,-49,-20,80,-60,62,-113,-75
-56,-46,-20,79,-60,62,-113,-73
-54,-42,-19,80,-59,62,-111,-68
-52,-37,-18,81,-59,62,-108,-63
-50,-32,-17,82,-59,62,-107,-58
-48,-28,-16,83,-59,62,-106,-54
-47,-24,-15,83,-59,62,-104,-50
-46,-18,-15,84,-60,62,-106,-43
-43,-11,-14,85,-60,62,-103,-36
-40,-3,-12,86,-60,62,-101,-26
-36,3,-11,87,-59,61,-97,-18
-33,11,-10,88,-59,62,-93,-10
-32,19,-8,90,-60,63,-92,-2
-29,27,-8,91,-60,66,-92,6
-27,36,-7,93,-61,67,-91,14
-24,46,-7,94,-62,68,-87,24
-21,54,-5,95,-62,67,-85,36
-19,63,-3,96,-62,67,-84,45
-16,72,0,97,-62,67,-80,53
-14,80,0,98,-63,67,-81,65
-11,90,2,99,-64,67,-78,75
-7,99,3,101,-63,67,-74,84
-4,108,3,102,-61,67,-72,93
-2,117,5,103,-59,67,-69,102
0,125,6,104,-59,67,-68,111
0,133,8,105,-59,68,-70,122
1,141,10,107,-59,69,-69,130
2,149,11,108,-59,68,-68,139
3,157,12,109,-59,67,-67,146
5,164,12,110,-59,67,-65,155
7,170,13,111,-60,67,-63,159
9,175,15,112,-61,67,-64,167
10,179,16,112,-61,67,-64,172
10,183,16,112,-61,67,-64,175
10,188,16,113,-60,67,-64,181
10,192,16,115,-59,68,-63,185
11,195,17,116,-59,68,-63,189
11,197,18,117,-59,68,-62,190
12,198,19,117,-59,68,-64,191
12,200,18,118,-59,68,-64,194
12,201,16,119,-59,70,-64,191
11,200,16,120,-59,70,-68,190
10,198,16,119,-59,69,-65,189
10,196,17,118,-59,69,-67,189
10,194,18,117,-59,69,-63,187
10,192,19,117,-59,69,-63,185
10,189,18,118,-59,69,-65,181
9,184,18,118,-59,68,-67,177
8,180,17,117,-59,70,-68,173
8,176,16,115,-59,71,-65,168
8,171,16,113,-59,72,-65,163
8,166,16,112,-59,72,-65,158
7,161,15,111,-59,72,-64,153
5,155,13,111,-59,72,-65,145
2,148,12,110,-59,72,-68,137
1,140,12,109,-59,72,-69,129
0,133,11,108,-59,72,-70,122
0,127,10,107,-59,72,-70,115
0,121,9,106,-59,72,-70,109
-2,115,7,104,-59,72,-70,103
-4,108,6,103,-59,72,-72,93
-6,101,5,103,-58,72,-74,86
-7,95,5,103,-57,72,-74,80
-7,90,5,102,-57,72,-74,75
-8,85,3,102,-57,72,-75,70
-10,81,3,101,-58,72,-78,65
-13,75,3,100,-59,72,-80,61
-15,69,3,101,-59,72,-81,54
-16,64,2,101,-59,73,-83,48
-17,60,2,100,-59,74,-84,43
-18,58,1,99,-59,73,-85,42
-19,56,2,98,-59,72,-83,40
-19,54,3,98,-59,72,-83,37
-19,50,2,99,-59,73,-84,34
-20,46,2,99,-58,73,-86,29
-21,43,1,100,-57,73,-87,26
-22,42,1,100,-57,72,-89,25
-23,42,1,100,-57,72,-89,26
-22,43,1,100,-58,74,-89,26
-23,43,1,99,-59,75,-89,26
-23,43,2,99,-59,74,-86,26
-22,43,4,97,-59,73,-86,26
-21,43,5,96,-59,72,-85,30
-19,44,5,95,-59,72,-80,30
-18,44,4,95,-59,73,-79,30
-18,45,5,96,-59,74,-81,31
-19,46,6,97,-57,73,-83,32
-19,48,7,98,-55,72,-83,35
-18,50,8,99,-54,71,-81,37
-17,51,8,99,-54,71,-81,37
-16,52,8,99,-54,71,-80,39
-15,53,9,100,-54,72,-79,40
-15,55,10,101,-54,72,-79,42
-14,58,12,103,-54,71,-81,47
-14,61,12,103,-54,71,-78,50
-13,63,13,101,-54,71,-78,52
-11,65,14,99,-54,71,-73,54
-9,67,15,99,-54,71,-72,59
-8,68,17,100,-54,71,-69,61
-7,71,18,101,-54,71,-68,64
-6,75,18,102,-54,71,-70,68
-5,81,19,102,-54,71,-69,73
-4,86,20,103,-54,71,-68,79
-2,90,21,104,-54,71,-67,83
0,93,22,105,-54,71,-65,89
0,98,24,107,-54,72,-64,93
0,104,25,108,-54,72,-64,100
1,111,27,107,-54,72,-63,107
3,116,28,106,-54,71,-62,114
6,121,29,107,-54,71,-58,120
8,127,30,109,-54,72,-56,126
10,134,31,112,-54,72,-57,134
11,142,32,115,-54,73,-59,141
13,149,34,117,-54,74,-57,148
16,155,36,117,-54,75,-54,157
19,162,38,117,-53,76,-51,164
22,170,41,117,-52,76,-46,173
24,179,44,118,-52,76,-43,185
26,186,46,119,-52,78,-42,192
28,193,48,121,-53,79,-43,201
31,200,49,123,-53,81,-40,208
35,207,51,125,-52,82,-36,217
38,215,53,127,-50,81,-34,224
40,221,56,129,-50,81,-34,233
42,228,57,130,-49,80,-32,240
45,237,59,132,-48,81,-30,249
47,246,61,133,-48,82,-28,258
50,254,63,135,-48,84,-28,269
52,262,65,137,-48,86,-25,278
54,268,66,139,-48,86,-24,284
56,274,69,140,-48,86,-21,292
58,279,72,142,-48,86,-19,297
61,285,76,143,-48,87,-17,306
65,292,80,144,-48,89,-13,316
68,300,82,146,-48,91,-9,324
72,307,85,148,-48,91,-9,332
74,313,87,150,-48,90,-7,340
76,317,89,152,-46,91,-6,344
77,321,91,155,-46,92,-7,347
79,325,94,157,-45,94,-6,355
82,328,98,158,-45,95,-2,358
84,332,101,159,-45,96,0,365
86,335,104,159,-44,97,1,368
87,338,106,160,-43,99,2,373
89,340,108,163,-42,100,3,375
90,342,112,166,-42,100,2,380
91,342,116,169,-43,100,3,380
92,341,119,170,-43,101,4,382
93,339,122,172,-43,103,6,379
94,336,125,173,-42,105,7,379
95,333,129,176,-42,107,7,375
94,328,133,179,-42,108,4,374
95,324,137,183,-42,110,4,372
95,318,140,186,-42,112,3,366
96,311,143,188,-42,113,3,358
95,303,146,189,-40,115,3,352
93,293,150,190,-38,116,1,345
90,283,153,193,-37,118,-1,335
89,272,156,197,-36,121,-4,327
87,260,160,201,-36,123,-8,313
86,247,164,204,-36,124,-8,302
84,232,168,206,-36,124,-10,288
81,218,172,209,-36,125,-15,275
79,202,175,214,-36,128,-18,260
76,186,177,218,-36,131,-21,242
75,168,180,221,-36,133,-26,227
73,149,184,224,-34,133,-28,207
71,128,188,229,-32,134,-31,187
67,108,193,234,-30,135,-37,167
63,88,197,241,-30,138,-43,148
59,67,202,247,-30,141,-50,126
57,45,206,253,-30,144,-54,107
54,24,210,260,-30,146,-61,85
52,2,214,266,-28,148,-64,65
50,-18,218,273,-26,151,-69,43
46,-41,223,281,-24,153,-76,20
44,-64,227,290,-24,155,-84,-1
42,-88,231,299,-24,156,-91,-25
40,-112,234,308,-25,159,-97,-50
39,-133,238,318,-24,161,-102,-72
39,-155,243,328,-22,164,-107,-93
38,-175,249,340,-20,167,-114,-112
38,-196,253,352,-18,170,-119,-134
38,-217,258,364,-18,174,-125,-156
39,-238,264,377,-18,177,-131,-177
41,-256,269,390,-18,180,-136,-196
44,-274,273,405,-16,183,-141,-214
47,-292,278,420,-14,187,-145,-233
51,-309,283,438,-12,190,-150,-250
56,-325,288,457,-12,193,-157,-267
61,-339,293,476,-12,196,-161,-281
68,-351,298,495,-12,201,-167,-296
75,-363,302,515,-11,206,-169,-308
82,-373,307,534,-10,211,-174,-319
91,-383,312,556,-9,215,-177,-333
101,-393,317,580,-9,219,-181,-344
111,-400,321,606,-8,223,-186,-355
122,-406,324,631,-7,227,-190,-363
133,-410,327,657,-5,233,-195,-369
147,-414,331,684,-4,238,-196,-377
161,-417,335,711,-4,244,-198,-383
176,-419,339,738,-4,249,-201,-386
190,-420,342,767,-4,254,-203,-390
205,-420,344,796,-3,259,-206,-393
223,-419,347,827,-3,264,-208,-396
242,-416,349,857,-3,270,-206,-399
263,-412,350,887,-3,277,-205,-397
282,-408,349,919,-2,283,-205,-400
301,-401,349,951,-1,290,-207,-399
321,-393,349,984,-1,297,-207,-396
343,-386,350,1018,-2,304,-208,-393
365,-377,351,1051,-4,312,-207,-389
388,-368,352,1085,-4,319,-203,-384
413,-357,350,1118,-4,326,-201,-380
437,-346,347,1151,-4,334,-198,-374
462,-333,344,1185,-4,342,-197,-368
486,-319,342,1219,-6,350,-195,-361
510,-304,339,1254,-8,359,-192,-354
535,-289,337,1288,-10,367,-191,-345
563,-272,333,1322,-11,377,-186,-336
590,-255,329,1356,-12,386,-181,-325
616,-237,324,1389,-14,397,-178,-314
642,-218,320,1422,-18,407,-174,-302
668,-198,315,1453,-19,418,-169,-290
696,-177,310,1484,-21,429,-162,-275
723,-155,304,1514,-23,439,-157,-261
749,-132,299,1543,-26,450,-151,-244
773,-108,292,1571,-30,461,-146,-229
797,-83,286,1597,-34,473,-140,-211
822,-59,279,1624,-38,485,-135,-194
848,-33,272,1649,-41,498,-126,-175
872,-7,267,1674,-43,509,-119,-156
896,18,261,1698,-47,521,-113,-133
917,46,256,1720,-52,533,-107,-112
938,74,251,1739,-58,546,-101,-89
959,102,246,1756,-63,561,-92,-64
980,131,240,1773,-67,575,-85,-42
1000,161,235,1788,-72,588,-75,-17
1018,190,230,1801,-76,601,-67,10
1035,219,226,1812,-83,614,-58,35
1050,248,222,1822,-90,629,-50,59
1064,277,217,1832,-96,643,-45,87
1077,307,214,1839,-102,658,-40,115
1088,335,211,1843,-109,672,-31,142
1099,363,209,1844,-116,686,-20,168
1108,390,207,1843,-123,702,-12,196
1116,417,205,1843,-130,717,-4,224
1123,444,204,1841,-137,732,1,252
1128,472,202,1837,-145,747,8,280
1133,498,202,1829,-153,762,18,307
1137,524,203,1819,-162,777,28,336
1140,547,205,1807,-171,793,37,363
1140,571,205,1794,-179,808,45,390
1138,593,206,1781,-185,823,52,416
1136,615,207,1767,-193,838,57,441
1134,637,210,1750,-201,853,65,468
1131,656,213,1731,-210,869,75,494
1126,674,216,1710,-220,884,85,517
1119,691,219,1687,-229,897,92,539
1111,708,222,1663,-237,910,101,563
1103,726,226,1638,-246,925,109,589
1095,743,231,1612,-255,939,118,611
1087,758,237,1586,-264,955,129,634
1076,773,242,1558,-273,970,135,657
1065,789,247,1529,-282,984,142,682
1055,806,251,1500,-291,997,152,706
1047,822,256,1472,-299,1011,163,731
1039,838,263,1443,-309,1026,174,755
1030,855,269,1413,-318,1040,186,780
1020,874,274,1381,-327,1054,198,806
1011,895,281,1350,-336,1067,211,839
1004,917,289,1319,-343,1080,223,872
999,942,297,1290,-350,1094,239,905
996,968,306,1262,-357,1106,255,942
993,996,314,1233,-365,1119,272,979
991,1028,321,1204,-372,1131,290,1022
990,1064,328,1176,-380,1144,307,1068
990,1105,336,1149,-387,1157,325,1118
994,1151,346,1126,-394,1169,347,1175
1001,1199,357,1103,-400,1182,369,1235
1009,1254,367,1081,-406,1195,391,1300
1019,1316,379,1061,-412,1207,417,1373
1031,1386,391,1043,-418,1218,443,1456
1046,1463,403,1026,-423,1229,468,1543
1065,1546,415,1012,-428,1240,498,1635
1086,1635,427,999,-432,1252,529,1738
1111,1733,441,990,-436,1264,562,1846
1139,1841,456,982,-440,1274,595,1967
1171,1958,472,978,-444,1284,632,2097
1207,2085,487,976,-448,1293,670,2235
1246,2222,503,976,-450,1304,711,2385
1287,2367,520,979,-452,1315,751,2542
1330,2522,538,984,-455,1327,792,2710
1377,2688,558,992,-457,1337,834,2891
1427,2865,579,1002,-460,1345,881,3082
1481,3054,600,1015,-463,1354,928,3286
1539,3254,621,1031,-466,1363,976,3499
1599,3464,642,1050,-467,1373,1025,3723
1660,3685,664,1072,-468,1384,1074,3957
1725,3916,689,1095,-467,1393,1124,4203
1792,4158,714,1120,-467,1401,1176,4463
1862,4411,739,1147,-467,1409,1230,4730
1933,4672,765,1177,-467,1417,1284,5007
2007,4942,791,1209,-468,1427,1336,5291
2084,5218,818,1244,-468,1437,1392,5583
2163,5504,846,1282,-469,1447,1449,5886
2244,5796,874,1321,-469,1457,1505,6195
2325,6096,902,1361,-467,1466,1560,6511
2406,6401,930,1402,-466,1474,1617,6832
2490,6710,959,1443,-463,1482,1674,7154
2575,7021,987,1486,-461,1490,1733,7483
2661,7335,1016,1531,-460,1499,1789,7812
2746,7649,1044,1577,-460,1510,1845,8143
2830,7963,1073,1623,-459,1521,1901,8473
2915,8275,1102,1669,-459,1533,1958,8799
3000,8585,1131,1714,-458,1544,2013,9126
3084,8893,1159,1760,-457,1554,2070,9449
3166,9194,1186,1803,-455,1565,2124,9764
3246,9488,1212,1846,-452,1576,2175,10000
3401,10000,1262,1929,-449,1601,2287,10000
3476,10000,1286,1968,-449,1613,2347,10000
3549,10000,1309,2004,-448,1626,2404,10000
3620,10000,1330,2039,-447,1640,2459,10000
3686,10000,1350,2074,-446,1656,2509,10000
3747,10000,1369,2106,-445,1670,2555,10000
3805,10000,1387,2136,-444,1685,2598,10000
3858,10000,1403,2163,-443,1699,2640,10000
3908,10000,1418,2187,-443,1714,2679,10000
3953,10000,1431,2208,-443,1731,2716,10000
3994,10000,1443,2226,-444,1748,2750,10000
4031,10000,1452,2239,-444,1766,2780,10000
4064,10000,1459,2251,-443,1784,2808,10000
4090,10000,1464,2259,-442,1802,2833,10000
4111,10000,1467,2263,-442,1821,2851,10000
4127,10000,1469,2264,-443,1841,2868,10000
4138,10000,1469,2261,-445,1861,2882,10000
4145,10000,1467,2256,-446,1881,2891,10000
4145,10000,1463,2248,-446,1901,2894,10000
4140,10000,1457,2236,-446,1923,2896,10000
4128,10000,1449,2220,-447,1945,2891,10000
4111,10000,1439,2200,-448,1968,2884,10000
4089,10000,1427,2178,-451,1990,2874,10000
4062,10000,1415,2153,-452,2012,2860,10000
4030,10000,1401,2126,-454,2034,2839,10000
3993,10000,1384,2096,-454,2057,2818,10000
3951,10000,1365,2062,-455,2081,2793,10000
3904,10000,1345,2025,-458,2106,2762,10000
3852,10000,1324,1985,-461,2132,2729,10000
3798,10000,1302,1943,-463,2156,2696,10000
3738,10000,1278,1900,-465,2179,2657,10000
3674,10000,1253,1855,-467,2201,2614,10000
3606,9837,1227,1807,-470,2224,2568,10000
3534,9554,1201,1758,-472,2248,2523,10000
3460,9262,1174,1707,-473,2273,2481,9853
3382,8962,1145,1655,-476,2298,2435,9540
3302,8657,1114,1602,-479,2323,2390,9219
3220,8347,1083,1549,-482,2347,2338,8896
3137,8034,1051,1495,-484,2370,2290,8567
3052,7719,1019,1442,-486,2393,2240,8235
2966,7404,988,1388,-488,2417,2185,7904
2878,7089,957,1334,-491,2441,2131,7572
2787,6775,925,1279,-493,2464,2074,7245
2695,6462,893,1225,-495,2486,2016,6915
2603,6152,860,1170,-498,2507,1955,6588
2510,5847,827,1117,-500,2528,1897,6267
2418,5548,795,1063,-502,2549,1837,5952
2325,5257,765,1012,-503,2567,1774,5644
2233,4972,734,963,-504,2585,1711,5344
2143,4693,703,915,-505,2603,1651,5050
2052,4422,672,867,-507,2623,1589,4763
1963,4160,642,821,-508,2643,1528,4486
1875,3906,614,776,-509,2661,1464,4217
1789,3662,586,733,-509,2677,1406,3961
1705,3428,559,691,-511,2692,1346,3712
1621,3204,532,651,-513,2706,1284,3474
1539,2991,505,612,-513,2719,1223,3247
1459,2787,479,575,-512,2732,1167,3028
1383,2592,454,540,-512,2745,1109,2822
1309,2407,430,506,-512,2758,1054,2624
1238,2233,407,475,-513,2771,1001,2440
1167,2069,384,446,-514,2784,946,2263
1099,1914,362,418,-514,2795,893,2096
1034,1769,341,391,-513,2805,843,1940
971,1633,321,366,-512,2814,792,1793
910,1507,303,342,-512,2822,745,1657
851,1389,284,320,-511,2830,697,1530
795,1278,267,298,-511,2838,653,1411
742,1174,249,278,-510,2846,611,1298
693,1078,233,260,-510,2854,571,1193
646,990,217,244,-509,2861,531,1097
601,909,202,228,-509,2868,494,1008
558,833,188,213,-509,2874,457,925
516,762,176,199,-508,2879,422,845
478,697,164,187,-508,2883,391,776
441,637,151,175,-508,2887,358,709
406,582,140,165,-508,2891,329,648
373,532,128,155,-506,2897,300,593
342,485,117,145,-504,2902,272,539
314,442,108,137,-502,2906,249,491
288,402,100,129,-501,2910,225,448
264,365,92,122,-501,2912,205,404
242,330,84,115,-501,2915,185,366
220,299,77,108,-501,2917,167,330
200,269,69,102,-501,2920,150,297
181,242,62,97,-501,2922,130,267
162,217,55,93,-501,2925,115,238
145,194,48,89,-501,2927,98,211
130,172,43,85,-500,2929,84,186
117,152,37,81,-499,2930,73,163
105,133,31,79,-497,2930,62,140
93,113,25,75,-495,2932,51,117
82,94,21,71,-495,2934,41,97
70,78,17,68,-495,2935,29,78
59,64,12,65,-495,2935,19,61
50,49,7,63,-495,2935,10,43
42,34,3,61,-495,2935,2,28
34,18,0,60,-495,2937,-4,9
25,3,-1,57,-495,2939,-10,-6
17,-9,-3,55,-495,2940,-19,-19
9,-21,-7,51,-495,2939,-24,-35
3,-32,-11,49,-495,2939,-30,-50
-3,-44,-14,47,-495,2938,-36,-61
-8,-55,-18,46,-495,2938,-41,-75
-14,-65,-20,46,-495,2937,-47,-85
-19,-75,-22,45,-495,2935,-52,-98
-24,-85,-24,43,-495,2935,-57,-108
-28,-93,-26,41,-495,2935,-61,-117
-32,-101,-28,40,-495,2935,-62,-125
-36,-108,-28,39,-495,2935,-65,-133
-40,-116,-30,38,-495,2935,-70,-144
-45,-123,-31,37,-495,2935,-75,-150
-50,-129,-32,36,-495,2935,-79,-156
-54,-133,-33,34,-495,2935,-84,-162
-58,-138,-35,33,-495,2935,-85,-166
-60,-143,-36,32,-494,2935,-87,-170
-62,-146,-37,31,-493,2935,-89,-177
-64,-150,-38,30,-494,2935,-91,-180
-66,-153,-39,29,-495,2935,-93,-184
-69,-156,-40,28,-494,2935,-96,-187
-72,-159,-39,29,-493,2935,-100,-191
-74,-162,-39,29,-492,2935,-101,-194
-75,-165,-39,29,-492,2935,-101,-196
-75,-167,-40,28,-492,2935,-102,-198
-76,-169,-42,27,-493,2935,-101,-200
-78,-171,-43,26,-494,2934,-102,-202
-79,-173,-43,25,-495,2932,-103,-207
-80,-174,-43,25,-496,2930,-103,-208
-80,-177,-43,26,-495,2930,-104,-208
-81,-179,-43,26,-494,2930,-104,-211
-82,-182,-43,25,-493,2930,-106,-217
-82,-185,-44,25,-494,2930,-106,-219
-81,-187,-44,25,-495,2931,-104,-222
-82,-188,-44,25,-496,2930,-106,-223
-82,-191,-44,24,-496,2929,-106,-225
-83,-193,-45,24,-496,2927,-106,-228
-83,-197,-46,22,-496,2926,-107,-231
-84,-199,-47,22,-496,2926,-107,-234
-83,-201,-47,22,-495,2925,-107,-236
-83,-202,-46,22,-495,2924,-107,-238
-84,-205,-46,22,-494,2922,-108,-240
-86,-209,-47,22,-494,2921,-108,-244
-87,-213,-47,22,-494,2920,-111,-249
-88,-216,-46,22,-494,2920,-111,-251
-87,-217,-46,23,-495,2919,-111,-253
-87,-219,-47,22,-496,2917,-111,-255
-88,-222,-48,22,-497,2916,-111,-257
-89,-226,-49,20,-496,2916,-109,-262
-89,-230,-50,19,-495,2916,-109,-266
-91,-232,-51,19,-494,2914,-111,-271
-93,-234,-52,21,-495,2912,-115,-273
-94,-237,-53,22,-496,2911,-117,-275
-95,-240,-52,22,-497,2911,-117,-278
-95,-242,-52,21,-497,2911,-118,-281
-96,-244,-51,18,-497,2909,-117,-283
-98,-247,-53,17,-497,2907,-118,-286
-100,-250,-54,16,-497,2906,-119,-289
-101,-253,-54,16,-497,2906,-120,-292
-101,-255,-54,16,-497,2906,-122,-295
-102,-257,-54,16,-495,2905,-122,-296
-103,-259,-54,16,-495,2902,-123,-299
-104,-262,-54,16,-496,2901,-123,-301
-104,-264,-54,16,-497,2901,-124,-303
-104,-266,-54,16,-498,2901,-124,-305
-104,-267,-54,16,-498,2901,-124,-307
-105,-269,-54,16,-497,2900,-124,-308
-106,-271,-55,15,-497,2898,-125,-311
-107,-273,-56,14,-498,2896,-126,-312
-106,-274,-57,14,-498,2896,-125,-313
-105,-274,-56,14,-498,2896,-125,-314
-104,-275,-57,14,-498,2896,-124,-318
-104,-277,-58,14,-498,2895,-123,-319
-105,-279,-59,14,-498,2893,-124,-322
-107,-280,-59,14,-498,2892,-125,-323
-108,-281,-58,13,-498,2891,-124,-323
-108,-281,-57,12,-498,2890,-125,-321
-107,-282,-57,13,-498,2888,-124,-324
-106,-283,-59,14,-498,2887,-125,-325
-105,-285,-60,15,-498,2886,-124,-328
-105,-285,-60,16,-498,2886,-124,-328
-105,-285,-59,15,-498,2887,-124,-328
-105,-285,-59,14,-498,2887,-124,-328
-105,-285,-58,14,-498,2885,-124,-328
-106,-285,-59,14,-498,2883,-125,-328
-105,-285,-59,14,-498,2881,-124,-327
-105,-285,-59,14,-498,2881,-124,-328
-104,-286,-58,13,-498,2882,-123,-329
-104,-288,-57,13,-498,2882,-120,-330
-104,-289,-57,14,-498,2880,-123,-329
-105,-289,-56,14,-498,2878,-124,-329
-105,-288,-57,14,-499,2877,-124,-328
-104,-288,-57,13,-499,2877,-123,-330
-103,-289,-57,13,-499,2876,-119,-332
-103,-289,-57,13,-499,2875,-119,-332
-103,-289,-57,13,-499,2873,-119,-332
-103,-289,-57,13,-499,2872,-119,-332
-103,-289,-57,13,-499,2871,-119,-332
-103,-289,-57,13,-499,2872,-119,-332
-103,-289,-57,13,-499,2872,-119,-332
-103,-289,-57,13,-499,2872,-119,-332
-103,-289,-57,13,-499,2872,-119,-332
-103,-289,-57,13,-499,2872,-119,-332
-102,-288,-57,13,-499,2870,-118,-330
-101,-287,-57,13,-499,2868,-117,-329
-100,-285,-57,13,-499,2867,-117,-328
-100,-284,-57,13,-499,2866,-115,-327
-99,-283,-57,13,-499,2867,-115,-325
-99,-282,-57,13,-499,2867,-118,-324
-99,-281,-57,13,-499,2867,-115,-323
-98,-281,-57,13,-499,2867,-114,-323
-97,-281,-57,13,-499,2867,-115,-323
-97,-280,-57,13,-499,2867,-115,-323
-96,-278,-57,13,-499,2867,-115,-321
-96,-276,-57,12,-499,2867,-112,-316
-94,-273,-57,12,-499,2865,-111,-312
-92,-270,-56,12,-499,2863,-109,-310
-91,-267,-56,12,-499,2862,-107,-307
-90,-266,-56,11,-499,2863,-107,-305
-89,-265,-56,11,-499,2865,-106,-303
-88,-263,-55,10,-499,2867,-104,-301
-87,-259,-55,10,-499,2868,-103,-297
-85,-254,-55,10,-499,2867,-100,-292
-84,-249,-55,10,-499,2865,-98,-288
-82,-245,-54,9,-499,2863,-96,-284
-80,-242,-54,9,-499,2862,-95,-280
-79,-239,-53,8,-499,2863,-93,-274
-78,-236,-52,6,-499,2865,-91,-272
-78,-231,-51,6,-499,2867,-90,-266
-76,-225,-50,6,-499,2867,-89,-261
-75,-219,-50,6,-499,2867,-87,-253
-74,-213,-49,6,-499,2867,-86,-245
-73,-208,-48,4,-499,2867,-84,-240
-72,-203,-47,3,-499,2867,-83,-235
-70,-198,-45,1,-499,2867,-78,-227
-67,-192,-43,1,-499,2867,-75,-222
-65,-186,-42,1,-499,2867,-74,-214
-65,-178,-41,1,-499,2867,-74,-207
-65,-170,-40,0,-499,2867,-72,-196
-65,-163,-39,0,-499,2867,-72,-189
-62,-156,-37,-2,-499,2867,-67,-179
-61,-150,-36,-4,-499,2867,-65,-173
-60,-143,-35,-5,-499,2867,-62,-166
-59,-136,-33,-6,-499,2867,-61,-156
-58,-127,-31,-8,-499,2867,-58,-147
-56,-119,-28,-11,-499,2867,-53,-136
-54,-112,-27,-13,-499,2868,-50,-129
-55,-106,-25,-15,-499,2869,-51,-119
-55,-98,-24,-17,-499,2870,-48,-112
-56,-90,-21,-19,-499,2871,-47,-101
-55,-81,-17,-22,-499,2870,-43,-89
-54,-72,-14,-25,-499,2868,-41,-78
-54,-64,-13,-27,-499,2867,-39,-69
-54,-57,-11,-30,-498,2868,-36,-59
-55,-50,-7,-33,-498,2869,-35,-50
-56,-43,-4,-36,-498,2868,-34,-40
-56,-35,-1,-40,-498,2867,-31,-31
-56,-27,1,-45,-498,2867,-28,-20
-57,-20,5,-50,-496,2867,-23,-10
-58,-13,9,-54,-495,2867,-23,0
-60,-7,14,-58,-494,2867,-19,9
-62,0,19,-62,-494,2867,-19,18
-64,5,22,-67,-495,2866,-15,28
-66,11,27,-71,-495,2867,-15,36
-68,18,32,-75,-495,2867,-13,48
-70,24,38,-79,-495,2867,-10,57
-73,30,44,-85,-495,2867,-9,68
-76,35,49,-91,-494,2867,-7,76
-80,41,54,-97,-494,2866,-7,86
-86,46,58,-102,-493,2866,-8,93
-90,50,63,-106,-491,2866,-10,101
-94,54,68,-111,-491,2866,-9,108
-97,57,75,-115,-490,2867,-7,117
-101,60,83,-121,-490,2866,-7,124
-106,64,90,-126,-490,2865,-7,133
-112,68,97,-132,-490,2863,-7,139
-118,72,103,-137,-489,2862,-8,148
-123,77,108,-142,-487,2861,-10,156
-127,79,114,-146,-485,2861,-9,163
-132,79,119,-151,-483,2861,-9,166
-137,80,126,-155,-482,2861,-10,172
-142,82,133,-159,-480,2861,-13,179
-148,86,139,-163,-480,2861,-14,185
-153,88,145,-167,-479,2861,-14,192
-159,89,151,-170,-477,2861,-18,196
-164,89,156,-174,-475,2861,-18,198
-169,89,161,-177,-473,2860,-20,201
-173,90,165,-179,-472,2859,-23,205
-177,92,170,-181,-470,2857,-24,211
-182,92,176,-183,-469,2855,-28,213
-187,92,181,-185,-467,2855,-29,216
-191,92,186,-187,-466,2855,-31,218
-195,92,190,-187,-464,2854,-32,220
-197,91,194,-188,-462,2852,-35,223
-199,91,196,-189,-460,2850,-35,223
-199,91,198,-189,-458,2849,-35,225
-200,90,199,-187,-455,2848,-36,224
-202,89,201,-186,-452,2846,-40,223
-202,88,204,-184,-450,2845,-41,224
-202,85,205,-182,-448,2844,-40,222
-201,83,205,-180,-447,2843,-41,219
-199,81,205,-177,-445,2841,-42,214
-198,79,204,-173,-443,2839,-43,212
-197,75,203,-169,-439,2838,-45,206
-194,72,201,-166,-436,2838,-43,202
-190,68,198,-161,-432,2839,-42,196
-186,65,194,-155,-430,2838,-43,190
-183,61,190,-148,-428,2838,-47,181
-179,56,185,-141,-426,2838,-48,173
-175,50,180,-133,-423,2838,-51,162
-170,44,173,-126,-420,2837,-51,152
-164,39,166,-119,-416,2836,-52,144
-158,34,159,-112,-413,2835,-51,134
-151,28,153,-105,-410,2836,-50,123
-143,22,145,-97,-407,2837,-50,111
-134,15,137,-87,-404,2837,-47,100
-126,8,127,-75,-402,2837,-48,85
-117,2,117,-65,-398,2837,-50,70
-109,-3,107,-54,-395,2836,-51,57
-99,-9,96,-44,-392,2836,-48,43
-89,-15,86,-34,-390,2836,-47,32
-78,-22,75,-25,-387,2835,-46,18
-67,-29,63,-14,-385,2836,-43,3
-57,-36,51,-4,-383,2837,-40,-10
-46,-44,38,6,-380,2838,-41,-29
-35,-50,25,17,-377,2839,-40,-42
-24,-57,12,29,-374,2838,-39,-57
-13,-63,0,41,-370,2838,-39,-73
-2,-69,-12,52,-367,2839,-37,-87
9,-76,-25,63,-365,2839,-35,-101
21,-82,-39,74,-364,2839,-34,-118
33,-88,-51,86,-362,2839,-32,-130
43,-93,-63,97,-361,2840,-31,-144
53,-98,-76,108,-359,2842,-30,-158
63,-104,-89,119,-357,2844,-30,-172
74,-109,-101,129,-355,2844,-28,-185
86,-114,-113,140,-354,2844,-26,-197
97,-119,-124,150,-354,2844,-25,-211
107,-125,-135,160,-352,2844,-24,-224
116,-131,-146,169,-350,2843,-21,-238
125,-136,-158,179,-349,2843,-21,-250
135,-139,-169,189,-349,2843,-21,-261
144,-142,-178,198,-349,2844,-20,-268
152,-146,-186,206,-349,2847,-19,-277
159,-150,-192,213,-349,2848,-19,-286
166,-155,-200,220,-348,2848,-17,-296
173,-159,-208,226,-349,2848,-14,-306
180,-163,-215,232,-350,2848,-14,-314
185,-166,-221,238,-352,2848,-13,-322
190,-169,-226,244,-353,2848,-13,-328
195,-171,-231,249,-354,2848,-13,-333
198,-173,-235,254,-355,2848,-14,-338
201,-175,-238,258,-357,2850,-14,-343
202,-177,-241,260,-358,2851,-15,-347
203,-180,-241,261,-360,2851,-14,-349
204,-182,-242,261,-362,2853,-13,-351
205,-183,-243,262,-363,2854,-15,-355
205,-183,-244,263,-365,2854,-15,-355
203,-183,-244,263,-367,2854,-17,-356
202,-184,-242,263,-369,2854,-18,-354
200,-186,-238,263,-372,2854,-18,-356
197,-187,-234,260,-374,2854,-18,-355
193,-187,-231,257,-376,2855,-19,-352
188,-187,-228,253,-379,2855,-21,-350
182,-188,-225,249,-383,2855,-23,-347
176,-188,-220,245,-386,2855,-28,-346
169,-189,-215,241,-389,2856,-29,-345
162,-191,-210,236,-391,2855,-31,-341
156,-191,-204,231,-394,2854,-32,-339
148,-191,-197,225,-397,2852,-36,-334
139,-191,-190,218,-401,2851,-39,-329
130,-192,-182,210,-404,2851,-42,-325
121,-193,-175,202,-408,2851,-45,-322
111,-194,-168,194,-411,2850,-47,-318
100,-195,-160,185,-414,2849,-51,-314
89,-197,-153,177,-416,2847,-54,-311
77,-200,-145,169,-419,2847,-59,-308
66,-202,-137,159,-422,2847,-64,-306
55,-205,-129,150,-425,2848,-67,-301
44,-207,-120,140,-427,2848,-69,-299
32,-209,-111,130,-429,2848,-73,-294
20,-213,-103,121,-432,2848,-76,-292
7,-216,-95,112,-435,2847,-81,-290
-4,-219,-86,104,-438,2846,-87,-286
-17,-222,-78,93,-441,2845,-90,-285
-31,-226,-69,81,-443,2846,-93,-281
-43,-229,-61,69,-445,2845,-97,-279
-55,-232,-53,58,-448,2845,-102,-278
-67,-235,-44,49,-450,2844,-107,-273
-79,-239,-36,40,-452,2844,-108,-272
-91,-242,-28,31,-454,2845,-113,-271
-104,-245,-20,20,-455,2845,-119,-269
-116,-248,-13,9,-456,2844,-122,-264
-128,-251,-5,0,-457,2844,-124,-263
-140,-255,1,-9,-458,2843,-129,-262
-151,-259,9,-18,-460,2842,-134,-261
-163,-260,16,-27,-462,2841,-137,-258
-173,-262,22,-37,-462,2840,-141,-255
-183,-264,28,-46,-462,2840,-144,-252
-192,-267,35,-54,-462,2840,-146,-250
-202,-270,40,-62,-463,2840,-151,-250
-213,-271,45,-70,-464,2840,-155,-247
-223,-273,51,-79,-463,2840,-157,-244
-232,-274,57,-86,-463,2840,-161,-242
-240,-276,62,-92,-464,2840,-162,-239
-247,-277,67,-97,-465,2840,-167,-238
-254,-278,72,-101,-466,2840,-168,-238
-260,-280,76,-106,-465,2839,-170,-233
-265,-281,80,-111,-463,2838,-173,-233
-270,-281,82,-115,-462,2839,-173,-233
-274,-282,84,-121,-462,2840,-174,-231
-278,-284,86,-125,-462,2840,-173,-230
-281,-286,90,-129,-462,2839,-174,-230
-284,-287,92,-131,-460,2837,-174,-231
-286,-287,92,-133,-459,2835,-178,-229
-289,-286,92,-133,-458,2835,-180,-228
-291,-287,93,-135,-457,2835,-180,-229
-292,-290,94,-136,-457,2835,-180,-231
-292,-291,94,-136,-456,2835,-180,-233
-291,-292,93,-135,-454,2835,-179,-234
-291,-291,90,-134,-453,2835,-181,-235
-289,-291,87,-132,-452,2835,-180,-235
-288,-291,85,-131,-451,2833,-180,-238
-285,-292,84,-130,-449,2831,-178,-239
-283,-292,82,-128,-448,2830,-178,-241
-280,-292,78,-126,-446,2829,-178,-244
-274,-292,74,-124,-444,2829,-174,-246
-268,-291,69,-121,-442,2829,-170,-247
-262,-293,65,-116,-440,2829,-169,-252
-256,-294,60,-111,-438,2829,-168,-256
-250,-295,55,-107,-437,2828,-164,-262
-244,-296,50,-104,-434,2827,-163,-264
-238,-296,44,-100,-432,2826,-159,-267
-232,-298,37,-95,-430,2824,-158,-274
-224,-299,30,-90,-429,2824,-155,-280
-215,-300,22,-85,-427,2825,-153,-286
-206,-301,14,-80,-425,2825,-146,-291
-198,-301,7,-76,-422,2825,-142,-295
-190,-303,0,-72,-420,2823,-139,-301
-181,-306,-7,-66,-419,2823,-135,-310
-172,-309,-15,-60,-419,2823,-133,-317
-163,-311,-24,-55,-418,2823,-129,-324
-155,-312,-33,-50,-416,2823,-128,-333
-147,-313,-42,-45,-414,2823,-124,-339
-139,-316,-51,-40,-412,2822,-122,-346
-131,-319,-60,-35,-411,2822,-117,-355
-122,-323,-69,-30,-410,2822,-113,-363
-112,-326,-78,-24,-409,2822,-111,-372
-104,-330,-87,-20,-408,2822,-106,-380
-95,-333,-97,-15,-406,2822,-102,-391
-88,-337,-107,-11,-405,2822,-100,-400
-81,-340,-118,-7,-404,2822,-97,-408
-73,-344,-127,-4,-403,2822,-95,-417
-65,-348,-136,-2,-401,2822,-91,-426
-58,-352,-144,0,-400,2822,-86,-435
-51,-357,-151,0,-399,2822,-81,-445
-45,-362,-159,2,-399,2822,-76,-452
-39,-367,-168,4,-399,2822,-75,-463
-32,-372,-176,5,-399,2822,-70,-472
-27,-375,-183,5,-399,2822,-68,-478
-22,-379,-188,5,-399,2822,-62,-487
-18,-383,-194,3,-399,2822,-58,-491
-14,-389,-199,2,-399,2822,-53,-502
-11,-394,-205,0,-399,2822,-53,-510
-8,-398,-212,-3,-399,2822,-47,-516
-6,-401,-216,-7,-399,2822,-45,-520
-4,-404,-220,-12,-399,2822,-40,-524
-3,-408,-224,-18,-399,2822,-36,-529
-3,-413,-227,-24,-399,2822,-31,-534
-2,-417,-231,-30,-401,2822,-28,-540
-2,-422,-233,-38,-403,2821,-23,-545
-3,-426,-234,-47,-404,2820,-18,-546
-3,-430,-235,-57,-405,2819,-14,-550
-4,-433,-237,-67,-404,2818,-8,-551
-7,-437,-238,-78,-404,2817,-4,-555
-10,-440,-238,-90,-406,2817,1,-556
-13,-444,-237,-103,-408,2818,6,-557
-17,-448,-234,-119,-409,2817,13,-555
-22,-452,-231,-136,-410,2816,19,-557
-27,-458,-229,-154,-411,2814,26,-557
-32,-463,-226,-171,-413,2813,34,-559
-38,-469,-223,-190,-414,2811,40,-559
-44,-474,-218,-209,-415,2810,48,-559
-50,-479,-213,-230,-415,2808,58,-559
-57,-484,-205,-253,-416,2806,65,-556
-63,-489,-197,-276,-418,2805,76,-551
-70,-494,-188,-300,-420,2804,89,-549
-78,-499,-179,-326,-421,2802,98,-545
-85,-506,-170,-352,-422,2800,111,-543
-93,-513,-160,-380,-424,2798,123,-539
-101,-520,-149,-410,-425,2795,137,-535
-108,-526,-136,-440,-426,2793,152,-529
-115,-531,-121,-471,-426,2790,170,-521
-121,-536,-106,-502,-427,2788,186,-513
-127,-542,-90,-534,-430,2785,205,-507
-132,-548,-73,-567,-431,2781,227,-498
-137,-554,-55,-602,-432,2778,249,-489
-142,-560,-36,-638,-432,2775,272,-479
-145,-566,-15,-675,-432,2771,297,-467
-148,-571,4,-713,-432,2768,324,-456
-150,-576,27,-753,-432,2766,355,-440
-149,-580,52,-793,-433,2764,388,-427
-146,-585,80,-833,-433,2760,422,-407
-143,-589,109,-874,-433,2756,458,-391
-138,-592,138,-914,-431,2750,498,-371
-130,-593,169,-957,-430,2745,539,-347
-121,-593,202,-1000,-429,2740,587,-324
-108,-592,237,-1043,-427,2737,637,-297
-93,-589,274,-1085,-426,2734,688,-266
-74,-585,313,-1129,-423,2730,744,-231
-52,-579,354,-1174,-421,2725,805,-196
-28,-570,397,-1218,-419,2719,870,-156
0,-560,444,-1263,-416,2713,941,-114
33,-548,494,-1306,-413,2707,1013,-67
72,-534,545,-1350,-410,2701,1095,-18
117,-518,599,-1393,-407,2696,1181,35
166,-498,655,-1436,-403,2690,1273,92
219,-474,715,-1479,-398,2685,1367,157
277,-445,779,-1520,-393,2678,1467,229
343,-413,846,-1561,-387,2671,1578,305
418,-376,916,-1600,-381,2664,1694,388
499,-336,990,-1637,-375,2657,1821,476
588,-290,1067,-1675,-369,2651,1951,571
684,-239,1149,-1710,-361,2644,2092,673
789,-181,1234,-1743,-352,2636,2242,784
903,-116,1324,-1774,-343,2627,2398,905
1029,-43,1418,-1802,-333,2619,2565,1037
1165,36,1517,-1828,-324,2612,2744,1179
1313,125,1621,-1850,-315,2604,2933,1331
1472,223,1731,-1869,-306,2596,3132,1495
1644,331,1846,-1884,-295,2587,3343,1671
1828,449,1966,-1895,-282,2578,3565,1860
2027,579,2090,-1904,-268,2570,3801,2064
2240,723,2219,-1907,-254,2562,4050,2282
2468,881,2354,-1906,-240,2554,4312,2519
2711,1055,2496,-1900,-226,2546,4587,2777
2973,1244,2645,-1888,-210,2538,4878,3050
3252,1450,2800,-1871,-192,2530,5185,3344
3549,1675,2960,-1847,-173,2523,5509,3661
3863,1920,3126,-1816,-155,2515,5844,3997
4196,2187,3299,-1779,-137,2506,6196,4362
4550,2478,3478,-1735,-117,2498,6566,4752
4928,2794,3666,-1685,-96,2490,6959,5171
5323,3134,3859,-1627,-74,2484,7364,5620
5727,3496,4059,-1561,-51,2477,7774,6091
6150,3886,4265,-1486,-26,2471,8199,6591
6627,4325,4478,-1401,-1,2466,8674,7146
7162,4815,4698,-1305,25,2462,9200,7759
7672,5314,4924,-1199,52,2458,9696,8377
8015,5746,5157,-1085,80,2454,10000,8928
8089,6058,5396,-961,110,2450,9991,9347
7963,6290,5642,-827,141,2446,9905,9681
7817,6539,5894,-682,173,2444,9715,10000
7644,6805,6152,-524,207,2443,9494,10000
7492,7114,6415,-356,242,2443,9298,10000
7328,7452,6684,-177,276,2444,9082,10000
7138,7810,6958,14,312,2446,8835,10000
6927,8194,7237,217,350,2450,8562,10000
6702,8608,7520,431,388,2454,8266,10000
6460,9054,7809,655,428,2459,7947,10000
6200,9532,8100,891,469,2465,7603,10000
5928,10000,8395,1141,513,2474,7240,10000
5643,10000,8691,1402,557,2484,6856,10000
5334,10000,8984,1668,602,2496,6445,10000
4987,10000,9278,1943,648,2509,5987,10000
4618,10000,9589,2243,695,2524,5495,10000
4289,10000,9918,2569,742,2539,5035,10000
4076,10000,10000,2884,792,2556,4633,10000
4014,10000,10000,3127,843,2575,4414,10000
4014,10000,10000,3260,895,2597,4326,10000
4027,10000,10000,3299,948,2623,4315,10000
4033,10000,10000,3335,1003,2651,4295,10000
4024,10000,10000,3375,1058,2680,4261,10000
4017,10000,10000,3436,1116,2711,4215,10000
4017,10000,10000,3504,1173,2744,4171,10000
4018,10000,10000,3572,1231,2780,4127,10000
4018,10000,10000,3642,1289,2819,4082,10000
4018,10000,10000,3717,1348,2862,4033,10000
4018,10000,10000,3798,1409,2906,3980,10000
4018,10000,9949,3883,1471,2953,3912,10000
4018,10000,9869,3973,1533,3003,3833,10000
4018,10000,9785,4066,1595,3056,3750,10000
4018,10000,9697,4164,1657,3112,3665,10000
4018,10000,9605,4266,1721,3173,3575,10000
4018,10000,9511,4371,1785,3236,3480,10000
4018,10000,9413,4479,1849,3303,3386,10000
4018,10000,9314,4589,1913,3373,3288,10000
4018,10000,9212,4702,1977,3447,3188,10000
4018,10000,9108,4817,2042,3523,3088,10000
4018,10000,9003,4934,2109,3603,2983,10000
4018,10000,8896,5054,2175,3688,2878,10000
4018,10000,8787,5174,2240,3776,2771,10000
4018,10000,8678,5295,2305,3869,2666,10000
4018,10000,8568,5417,2370,3964,2556,10000
4018,10000,8458,5540,2434,4063,2448,10000
4018,10000,8348,5663,2497,4165,2341,10000
4018,10000,8237,5785,2561,4271,2231,10000
4018,10000,8127,5907,2625,4384,2124,10000
4018,10000,8018,6028,2689,4501,2016,10000
4018,10000,7911,6148,2752,4620,1912,10000
4018,10000,7805,6265,2814,4743,1807,10000
4018,10000,7700,6382,2873,4869,1705,10000
4018,10000,7597,6496,2933,4999,1605,10000
4018,10000,7495,6609,2992,5134,1505,10000
4018,10000,7396,6719,3051,5272,1407,10000
4018,10000,7299,6826,3109,5416,1313,10000
4018,10000,7206,6931,3165,5562,1220,10000
4018,10000,7115,7031,3220,5712,1132,10000
4018,10000,7028,7128,3273,5864,1048,10000
4018,10000,6943,7222,3325,6020,963,10000
4018,10000,6862,7313,3376,6180,883,10000
4018,10000,6783,7400,3425,6344,805,10000
4018,10000,6708,7483,3472,6510,733,10000
4018,10000,6637,7562,3517,6679,664,10000
4018,10000,6571,7636,3560,6850,598,10000
4018,10000,6508,7705,3602,7024,535,10000
4018,10000,6450,7770,3642,7201,478,10000
4018,10000,6396,7830,3679,7381,426,10000
4018,10000,6345,7886,3714,7562,375,10000
4018,10000,6299,7937,3744,7744,332,10000
4018,10000,6258,7983,3771,7927,291,10000
4018,10000,6221,8024,3794,8111,256,10000
4018,10000,6188,8060,3813,8296,224,10000
4018,10000,6159,8093,3830,8482,194,10000
4018,10000,6134,8121,3842,8666,169,10000
4018,10000,6113,8144,3851,8847,148,10000
4018,10000,6097,8162,3854,9026,134,10000
4018,10000,6085,8175,3852,9212,122,10000
4018,10000,6077,8184,3846,9404,114,10000
4018,10000,6072,8190,3835,9583,108,10000
4018,10000,6070,8192,3817,9717,106,10000
4018,10000,6072,8190,3791,9783,108,10000
4018,10000,6077,8184,3755,9789,114,10000
4018,10000,6085,8175,3713,9788,122,10000
4018,10000,6096,8163,3665,9785,131,10000
4018,10000,6110,8147,3613,9790,146,10000
4018,10000,6127,8129,3558,9798,163,10000
4018,10000,6145,8108,3498,9803,181,10000
4018,10000,6166,8085,3435,9806,201,10000
4018,10000,6188,8061,3367,9810,220,10000
4018,10000,6212,8034,3295,9815,246,10000
4018,10000,6238,8005,3219,9819,271,10000
4018,10000,6265,7975,3140,9824,299,10000
4018,10000,6293,7944,3059,9829,325,10000
4018,10000,6322,7912,2977,9834,354,10000
4018,10000,6352,7878,2891,9839,383,10000
4018,10000,6384,7844,2805,9844,413,10000
4018,10000,6415,7808,2716,9850,446,10000
4018,10000,6447,7773,2626,9855,476,10000
4018,10000,6479,7738,2536,9861,509,10000
4018,10000,6511,7703,2445,9866,538,10000
4018,10000,6540,7666,2355,9872,571,10000
4018,10000,6566,7628,2265,9877,600,10000
4018,10000,6595,7594,2176,9883,631,10000
4018,10000,6635,7568,2088,9888,659,10000
4018,10000,6669,7537,2001,9894,688,10000
4018,10000,6683,7489,1914,9899,723,10000
4018,10000,6625,7379,1829,9904,778,10000
4018,10000,6499,7209,1746,9909,855,10000
4018,10000,6335,7006,1665,9914,946,10000
4018,10000,6168,6801,1586,9919,1035,10000
4018,10000,6016,6611,1508,9924,1118,10000
4018,10000,5872,6431,1433,9928,1197,10000
4018,10000,5728,6254,1360,9933,1275,10000
4018,10000,5583,6077,1288,9937,1352,10000
4018,10000,5440,5903,1219,9942,1428,10000
4018,10000,5303,5734,1151,9945,1502,10000
4018,10000,5171,5570,1087,9949,1574,10000
4018,10000,5041,5412,1025,9953,1643,10000
4018,10000,4915,5260,965,9957,1707,10000
4018,10000,4791,5113,907,9961,1772,10000
4018,10000,4670,4969,850,9964,1834,10000
4018,10000,4554,4828,796,9967,1894,10000
4018,10000,4442,4691,744,9971,1954,10000
4018,10000,4334,4559,694,9974,2011,10000
4018,10000,4229,4432,645,9977,2066,10000
4018,10000,4126,4310,598,9979,2119,10000
4018,10000,4026,4191,552,9982,2171,10000
4018,10000,3928,4076,509,9985,2219,10000
4017,10000,3834,3964,466,9988,2269,10000
4017,10000,3744,3856,426,9990,2314,10000
4019,10000,3655,3752,387,9992,2360,10000
4022,10000,3569,3651,350,9995,2407,10000
4023,10000,3485,3553,314,9997,2450,10000
4016,10000,3403,3456,279,9999,2485,10000
4014,10000,3324,3362,244,10000,2523,10000
4025,10000,3249,3272,210,10000,2572,10000
4091,10000,3175,3187,176,10000,2675,10000
4206,10000,3103,3104,143,10000,2828,10000
4344,10000,3033,3024,112,10000,3003,10000
4479,10000,2964,2945,83,10000,3176,10000
4598,10000,2898,2867,54,10000,3330,10000
4709,10000,2832,2791,27,10000,3476,10000
4820,10000,2769,2718,0,10000,3619,10000
4931,10000,2708,2648,-28,10000,3763,10000
5041,10000,2649,2579,-55,10000,3905,10000
5146,10000,2591,2512,-81,10000,4040,10000
5249,10000,2535,2446,-106,10000,4173,10000
5349,10000,2480,2383,-130,10000,4304,10000
5447,10000,2426,2321,-155,10000,4431,10000
5541,10000,2372,2261,-179,10000,4552,10000
5633,10000,2320,2203,-202,10000,4669,10000
5722,10000,2270,2146,-224,10000,4785,10000
5809,10000,2221,2091,-246,10000,4896,10000
5892,10000,2173,2038,-266,10000,5003,10000
5970,9947,2126,1986,-286,10000,5102,10000
6044,9798,2079,1935,-306,10000,5201,10000
6126,9658,2034,1886,-325,10000,5305,10000
6208,9522,1991,1837,-344,10000,5409,10000
6281,9387,1949,1790,-364,10000,5504,10000
6308,9232,1907,1745,-382,10000,5551,10000
6246,9035,1864,1702,-400,10000,5511,10000
6123,8808,1823,1659,-416,10000,5410,9802
5980,8573,1782,1616,-432,10000,5288,9544
5847,8348,1743,1574,-448,10000,5175,9298
5727,8133,1705,1533,-465,10000,5073,9063
5608,7925,1669,1494,-481,10000,4974,8834
5486,7719,1632,1456,-496,10000,4870,8611
5364,7517,1596,1419,-510,10000,4766,8390
5245,7320,1561,1384,-523,10000,4664,8172
5130,7129,1528,1349,-536,10000,4566,7964
5019,6942,1497,1315,-549,10000,4470,7761
4911,6761,1466,1282,-562,10000,4380,7562
4804,6584,1435,1250,-575,10000,4288,7369
4699,6413,1405,1218,-587,10000,4198,7179
4597,6247,1374,1187,-599,10000,4110,6997
4497,6085,1344,1156,-611,10000,4026,6822
4402,5927,1316,1127,-622,10000,3942,6648
4309,5774,1288,1098,-632,10000,3864,6479
4218,5624,1261,1072,-642,10000,3786,6313
4129,5479,1234,1045,-651,10000,3708,6156
4041,5339,1209,1020,-661,10000,3632,6001
3957,5203,1184,996,-671,10000,3559,5852
3875,5070,1160,972,-680,10000,3487,5705
3796,4940,1135,948,-690,10000,3420,5561
3718,4814,1112,923,-701,10000,3354,5423
3641,4693,1089,900,-710,10000,3289,5289
3567,4574,1068,878,-719,10000,3223,5160
3495,4458,1047,857,-726,10000,3161,5030
3425,4344,1025,837,-733,10000,3100,4904
3356,4234,1004,817,-740,10000,3040,4784
3288,4128,985,796,-749,10000,2983,4669
3222,4026,965,777,-757,10000,2927,4555
3158,3927,946,759,-765,10000,2869,4447
3097,3830,927,742,-773,10000,2817,4339
3038,3734,908,726,-780,10000,2764,4232
2979,3641,891,708,-786,10000,2714,4130
2921,3550,875,691,-793,10000,2666,4032
2864,3463,858,674,-799,10000,2614,3933
2809,3379,842,659,-806,10000,2568,3840
2754,3297,826,645,-812,10000,2519,3751
2702,3217,811,631,-817,10000,2470,3662
2652,3139,795,618,-822,10000,2426,3576
2603,3062,780,603,-827,10000,2384,3490
2555,2988,765,589,-833,10000,2341,3407
2506,2916,750,576,-840,10000,2298,3327
2459,2846,737,564,-846,10000,2258,3249
2414,2777,723,552,-852,10000,2219,3173
2372,2710,709,540,-856,10000,2182,3099
2331,2645,695,527,-860,10000,2144,3026
2290,2581,682,515,-864,10000,2109,2955
2249,2520,669,504,-868,10000,2075,2889
2209,2460,658,494,-872,10000,2038,2822
2170,2402,647,484,-876,10000,2005,2756
2132,2345,636,474,-880,10000,1970,2695
2095,2291,624,463,-885,10000,1938,2633
2058,2237,613,453,-890,10000,1905,2575
2022,2185,603,444,-895,10000,1872,2515
1987,2133,592,434,-899,10000,1842,2459
1952,2082,582,425,-901,10000,1811,2401
1919,2032,571,415,-903,10000,1781,2346
1887,1984,561,406,-906,10000,1754,2291
1854,1937,552,398,-910,10000,1724,2241
1823,1891,543,390,-914,10000,1696,2191
1793,1846,534,382,-918,10000,1669,2138
1763,1802,524,374,-921,10000,1643,2089
1734,1759,516,365,-923,10000,1619,2043
1705,1718,507,357,-926,10000,1594,1998
1677,1678,499,350,-929,10000,1568,1951
1650,1638,490,342,-933,10000,1544,1908
1624,1599,480,336,-936,10000,1521,1864
1597,1561,471,330,-938,10000,1495,1820
1571,1525,462,324,-940,10000,1472,1779
1546,1488,455,318,-942,10000,1450,1739
1523,1453,448,311,-945,10000,1430,1700
1500,1417,441,303,-949,10000,1409,1660
1478,1384,435,296,-952,10000,1390,1623
1455,1350,428,292,-955,10000,1370,1585
1432,1318,422,287,-957,10000,1347,1549
1409,1286,415,282,-960,10000,1328,1513
1387,1254,408,275,-962,10000,1308,1478
1366,1223,401,269,-964,10000,1291,1444
1345,1193,394,263,-967,10000,1273,1409
1325,1163,388,259,-970,10000,1253,1376
1305,1135,382,255,-972,10000,1236,1345
1286,1108,378,249,-973,10000,1219,1317
1267,1082,372,244,-975,10000,1201,1286
1248,1057,366,239,-977,10000,1185,1258
1229,1032,358,235,-979,10000,1167,1229
1212,1007,352,231,-982,10000,1152,1201
1195,983,346,227,-983,10000,1135,1173
1178,957,342,222,-985,10000,1121,1145
1160,933,337,218,-986,10000,1103,1119
1143,910,332,213,-987,10000,1090,1092
1128,888,326,208,-989,10000,1077,1066
1114,867,321,204,-991,10000,1063,1043
1099,847,315,200,-992,10000,1051,1019
1084,826,309,197,-994,10000,1036,996
1068,805,304,194,-996,10000,1020,971
1053,784,299,191,-997,10000,1005,949
1038,763,296,188,-999,10000,993,925
1025,744,292,184,-1001,10000,982,904
1011,726,288,180,-1002,10000,970,883
997,708,284,177,-1004,10000,959,865
983,691,280,175,-1005,10000,944,844
970,674,276,174,-1007,10000,928,825
957,657,271,172,-1009,10000,919,804
946,639,266,168,-1010,10000,908,786
934,622,261,163,-1011,10000,899,765
922,605,258,159,-1012,10000,887,748
910,590,256,157,-1014,10000,877,730
898,574,253,155,-1015,10000,866,714
887,559,250,153,-1016,10000,854,694
876,544,246,149,-1017,10000,847,678
865,529,242,145,-1019,10000,836,661
855,513,238,142,-1020,10000,828,645
845,499,236,140,-1021,10000,819,628
835,486,234,138,-1022,10000,809,614
825,473,231,135,-1023,10000,802,600
815,460,228,133,-1025,10000,792,584
805,446,223,130,-1026,10000,781,567
794,433,219,129,-1027,10000,771,554
784,419,216,128,-1028,10000,761,537
774,407,213,127,-1030,10000,751,524
766,395,211,125,-1031,10000,745,509
758,383,209,122,-1032,10000,738,496
749,373,206,119,-1031,10000,730,485
740,362,203,117,-1031,10000,722,472
730,352,200,114,-1031,10000,714,461
722,340,197,112,-1033,10000,705,446
714,328,195,111,-1035,10000,698,434
706,316,192,109,-1037,10000,692,422
698,306,190,107,-1037,10000,684,408
690,297,187,105,-1036,10000,676,399
683,287,183,103,-1036,10000,668,386
675,276,179,101,-1038,10000,661,372
668,264,176,100,-1040,10000,655,361
661,254,175,98,-1041,10000,650,350
655,246,173,96,-1042,10000,644,341
648,238,170,94,-1041,10000,637,330
641,230,168,92,-1041,10000,633,322
633,221,166,90,-1041,10000,625,313
626,212,165,88,-1043,10000,617,300
619,202,162,86,-1045,10000,611,291
613,193,159,85,-1046,10000,605,278
607,184,155,85,-1047,10000,599,269
601,176,152,85,-1046,10000,593,258
595,169,151,84,-1046,10000,587,251
589,162,150,82,-1046,10000,582,244
582,154,148,80,-1046,10000,577,235
576,146,145,80,-1047,10000,568,224
570,139,142,80,-1048,10000,563,214
565,132,139,79,-1049,10000,557,207
559,126,137,78,-1050,10000,552,201
553,119,136,76,-1051,10000,546,191
548,112,135,75,-1051,10000,542,184
543,105,135,75,-1051,10000,539,177
538,99,134,74,-1051,10000,534,170
533,93,132,73,-1051,10000,529,164
528,88,130,71,-1051,10000,524,158
523,82,129,70,-1052,10000,520,150
519,76,128,68,-1054,10000,515,144
515,70,126,68,-1056,10000,511,137
511,64,125,66,-1056,10000,510,131
506,59,123,65,-1056,10000,505,126
502,54,121,63,-1056,10000,501,118
497,49,121,62,-1055,10000,496,113
492,43,120,62,-1056,10000,491,107
487,38,119,62,-1057,10000,487,102
483,32,116,61,-1059,10000,482,93
480,27,115,59,-1061,10000,482,87
477,21,115,58,-1061,10000,479,81
474,16,115,57,-1061,10000,476,76
469,11,113,55,-1061,10000,471,72
464,6,111,53,-1061,10000,468,65
460,1,109,53,-1061,10000,465,61
457,-3,108,53,-1061,10000,458,53
454,-7,106,54,-1061,10000,456,48
451,-11,105,53,-1061,10000,452,45
448,-16,104,50,-1061,10000,452,40
444,-21,104,48,-1061,10000,449,34
442,-26,104,46,-1061,10000,449,29
439,-31,103,46,-1061,10000,446,24
436,-36,101,44,-1061,10000,444,17
432,-39,100,43,-1061,10000,439,13
429,-43,98,44,-1061,10000,437,9
425,-46,96,45,-1061,10000,430,6
421,-50,95,46,-1061,10000,427,0
419,-54,94,46,-1061,10000,423,-4
415,-59,93,44,-1062,10000,419,-9
412,-63,92,43,-1063,10000,417,-14
408,-67,90,41,-1064,10000,416,-18
405,-70,89,40,-1065,10000,413,-24
402,-74,88,40,-1066,10000,410,-28
399,-76,88,39,-1066,10000,407,-30
396,-79,87,38,-1066,10000,404,-32
392,-81,85,37,-1066,10000,400,-35
389,-84,84,36,-1066,10000,397,-37
386,-87,84,36,-1066,10000,394,-42
385,-91,85,36,-1067,10000,393,-45
383,-94,85,36,-1068,10000,390,-48
380,-97,83,36,-1069,10000,388,-54
377,-100,81,35,-1069,10000,385,-57
374,-102,79,34,-1070,10000,383,-59
372,-105,79,34,-1071,10000,379,-62
369,-108,81,33,-1071,10000,379,-65
366,-111,81,32,-1070,10000,377,-69
364,-115,80,32,-1070,10000,374,-73
362,-118,79,31,-1070,10000,373,-76
362,-121,76,31,-1070,10000,373,-83
361,-125,74,32,-1070,10000,369,-85
358,-127,72,32,-1071,10000,366,-89
355,-129,72,31,-1070,10000,363,-92
353,-130,71,29,-1070,10000,363,-91
351,-133,71,28,-1070,10000,362,-93
350,-135,71,29,-1071,10000,361,-97
347,-138,71,30,-1072,10000,356,-102
345,-140,71,31,-1072,10000,354,-104
343,-143,70,30,-1072,10000,351,-107
341,-146,69,29,-1071,10000,352,-109
340,-148,68,28,-1071,10000,351,-113
339,-150,67,27,-1072,10000,350,-114
337,-152,66,27,-1073,10000,349,-117
335,-154,66,27,-1075,10000,346,-119
333,-156,65,26,-1075,10000,344,-120
331,-158,64,25,-1075,10000,343,-125
329,-160,63,24,-1074,10000,340,-128
328,-162,63,23,-1073,10000,340,-129
328,-164,63,24,-1074,10000,339,-131
327,-166,63,24,-1075,10000,339,-134
325,-168,63,24,-1076,10000,335,-136
321,-169,63,24,-1076,10000,333,-137
319,-171,63,24,-1075,10000,330,-139
318,-173,62,23,-1075,10000,329,-141
316,-176,60,21,-1075,10000,330,-145
315,-179,59,21,-1075,10000,329,-147
313,-180,59,20,-1075,10000,327,-147
311,-180,59,20,-1075,10000,324,-148
308,-182,60,20,-1075,10000,322,-151
307,-184,59,21,-1075,10000,321,-153
306,-187,58,21,-1075,10000,319,-158
304,-189,57,21,-1075,10000,318,-161
303,-191,56,19,-1075,10000,317,-162
303,-192,54,19,-1075,10000,317,-163
302,-195,53,20,-1075,10000,313,-168
301,-197,53,20,-1075,10000,313,-170
300,-198,54,20,-1075,10000,312,-169
299,-198,55,18,-1075,10000,312,-170
297,-199,54,17,-1075,10000,311,-170
296,-200,51,17,-1076,10000,310,-174
295,-202,49,18,-1076,10000,307,-177
294,-205,48,18,-1075,10000,306,-179
293,-206,49,18,-1075,10000,305,-181
292,-208,49,18,-1076,10000,305,-183
291,-208,49,18,-1077,10000,302,-183
289,-209,49,18,-1079,10000,301,-184
287,-210,49,18,-1078,10000,299,-184
285,-211,49,18,-1077,10000,297,-186
284,-212,48,17,-1077,10000,295,-187
282,-213,48,16,-1078,10000,296,-187
281,-213,47,16,-1080,10000,295,-187
279,-214,48,17,-1081,10000,294,-189
278,-216,48,17,-1080,10000,290,-191
278,-219,48,16,-1080,10000,292,-195
277,-221,46,15,-1080,10000,291,-198
276,-222,45,15,-1080,10000,290,-200
274,-223,44,15,-1080,10000,289,-201
273,-225,44,16,-1080,10000,285,-202
273,-227,44,15,-1080,10000,288,-205
274,-228,45,15,-1080,10000,289,-206
274,-228,45,14,-1080,10000,289,-206
273,-229,45,14,-1080,10000,288,-207
272,-231,45,14,-1080,10000,286,-209
271,-234,45,14,-1080,10000,286,-212
271,-235,45,14,-1080,10000,286,-213
271,-236,45,13,-1080,10000,285,-214
269,-237,44,13,-1080,10000,284,-216
267,-239,43,12,-1080,10000,281,-217
265,-241,42,12,-1080,10000,280,-219
265,-242,42,11,-1080,10000,279,-220
264,-242,41,11,-1080,10000,279,-220
263,-243,41,11,-1080,10000,278,-222
262,-245,41,11,-1080,10000,277,-223
262,-246,42,11,-1080,10000,277,-224
261,-247,42,11,-1080,10000,275,-225
261,-246,42,11,-1080,10000,275,-225
260,-247,41,12,-1080,10000,274,-225
259,-248,40,12,-1080,10000,273,-229
258,-250,39,12,-1080,10000,273,-231
258,-252,36,11,-1080,10000,273,-233
258,-254,36,10,-1080,10000,273,-235
257,-255,36,9,-1080,10000,272,-236
