F1-X,F1-Y,F2-X,F2-Y,F3-X,F3-Y,MIX1-X,MIX1-Y
174,98,23,-77,-1804,2649,203,113
177,100,24,-76,-1803,2649,206,115
179,102,27,-76,-1803,2649,208,119
182,103,29,-76,-1804,2649,213,120
186,104,30,-77,-1805,2649,216,123
189,104,30,-77,-1807,2649,219,123
192,104,30,-78,-1808,2649,222,123
195,105,30,-79,-1807,2649,224,124
196,106,31,-79,-1806,2649,228,125
198,105,32,-79,-1805,2649,229,124
199,104,34,-79,-1804,2649,230,123
200,103,35,-79,-1804,2649,231,124
201,103,36,-79,-1804,2649,233,125
202,104,36,-79,-1804,2649,234,126
204,105,36,-79,-1804,2648,235,126
204,105,36,-78,-1804,2649,235,126
205,104,37,-78,-1804,2649,235,125
206,102,37,-78,-1804,2649,236,124
207,101,37,-78,-1804,2648,238,123
208,102,37,-78,-1804,2647,239,124
209,103,37,-78,-1804,2646,240,124
210,103,37,-78,-1804,2645,240,125
211,102,37,-78,-1804,2645,241,124
213,101,37,-78,-1804,2644,242,123
213,99,37,-78,-1803,2643,244,122
213,99,37,-78,-1801,2643,244,122
212,100,37,-78,-1799,2643,242,123
212,101,37,-78,-1799,2643,242,123
212,101,37,-78,-1799,2643,242,123
213,100,37,-78,-1799,2643,244,122
213,99,37,-78,-1799,2643,244,122
214,99,37,-78,-1799,2643,244,122
214,100,37,-78,-1799,2643,245,123
215,101,37,-78,-1799,2643,245,123
214,100,37,-78,-1799,2642,245,123
213,100,37,-78,-1799,2641,244,122
213,99,37,-78,-1800,2641,244,122
213,99,37,-78,-1800,2641,244,122
213,99,37,-78,-1799,2641,244,122
213,99,37,-78,-1798,2640,244,122
213,100,37,-78,-1796,2638,244,122
212,100,37,-78,-1795,2638,242,123
211,100,37,-77,-1795,2638,241,123
209,99,37,-78,-1795,2638,240,120
209,97,36,-79,-1793,2638,240,119
209,96,35,-80,-1791,2638,240,118
208,96,34,-82,-1790,2638,241,118
206,95,34,-82,-1789,2638,239,118
204,93,34,-82,-1790,2637,238,117
202,91,35,-83,-1791,2636,236,113
202,89,36,-83,-1790,2635,236,112
203,88,36,-84,-1788,2634,236,111
202,87,36,-84,-1787,2633,236,109
200,86,36,-83,-1785,2632,234,109
198,83,36,-83,-1785,2632,233,107
198,80,35,-83,-1785,2633,231,104
197,79,35,-82,-1785,2633,231,102
196,77,33,-81,-1785,2633,229,98
195,75,33,-81,-1784,2631,228,97
194,72,33,-81,-1784,2629,227,95
192,70,33,-81,-1783,2627,224,92
190,68,33,-81,-1782,2627,223,90
189,66,33,-81,-1781,2627,223,89
189,64,33,-81,-1780,2627,222,87
188,61,33,-81,-1780,2627,222,85
187,58,33,-81,-1781,2627,220,81
184,55,33,-81,-1781,2627,218,79
183,53,33,-81,-1780,2627,217,76
181,50,33,-81,-1779,2626,216,74
180,47,32,-82,-1778,2625,214,70
180,43,32,-82,-1778,2624,214,68
179,40,32,-82,-1778,2623,213,65
177,38,31,-81,-1777,2623,212,63
176,35,29,-82,-1777,2622,211,61
175,32,29,-83,-1776,2622,209,57
174,29,29,-83,-1776,2622,209,54
173,26,30,-82,-1776,2622,208,52
173,22,30,-81,-1776,2623,208,48
171,17,29,-79,-1776,2622,207,43
170,13,28,-79,-1776,2621,203,37
168,10,28,-78,-1777,2619,202,35
167,7,29,-79,-1777,2617,201,32
167,3,28,-78,-1776,2617,201,29
166,0,28,-77,-1775,2617,201,25
166,-4,28,-75,-1773,2617,198,21
165,-9,27,-74,-1771,2617,196,17
163,-13,27,-73,-1771,2617,195,13
162,-17,26,-73,-1771,2617,195,9
162,-22,25,-72,-1772,2617,192,3
162,-27,23,-71,-1771,2617,192,-1
162,-31,22,-68,-1771,2617,191,-4
162,-35,22,-66,-1771,2616,190,-8
162,-39,23,-65,-1772,2614,187,-13
162,-44,23,-63,-1772,2612,187,-19
161,-50,23,-62,-1772,2612,187,-25
160,-55,22,-61,-1770,2612,185,-29
159,-59,21,-58,-1768,2612,181,-34
159,-64,21,-55,-1767,2612,181,-40
159,-68,19,-52,-1767,2610,179,-43
159,-72,18,-49,-1767,2608,178,-47
161,-77,17,-45,-1766,2607,177,-54
162,-83,16,-42,-1765,2607,175,-59
163,-89,14,-39,-1764,2607,174,-67
164,-95,13,-36,-1763,2607,173,-73
164,-99,10,-32,-1763,2605,170,-78
164,-102,8,-27,-1762,2603,167,-84
164,-106,5,-21,-1761,2602,164,-90
165,-111,3,-16,-1759,2602,161,-93
168,-115,1,-11,-1758,2601,162,-100
172,-119,0,-7,-1757,2600,163,-106
176,-122,-3,-1,-1757,2598,162,-111
178,-126,-6,4,-1755,2597,161,-117
181,-130,-9,10,-1752,2596,158,-123
183,-134,-12,16,-1749,2596,158,-126
185,-138,-16,22,-1747,2594,156,-133
189,-142,-20,28,-1745,2593,155,-140
194,-145,-24,35,-1744,2591,155,-145
198,-148,-28,41,-1742,2591,155,-150
203,-151,-32,48,-1740,2591,155,-155
208,-154,-37,55,-1738,2591,155,-162
213,-156,-42,62,-1735,2589,155,-167
219,-156,-46,69,-1733,2587,153,-169
225,-157,-51,77,-1731,2585,155,-174
231,-157,-57,85,-1728,2585,153,-177
238,-158,-64,93,-1726,2585,156,-181
243,-159,-72,101,-1723,2583,153,-186
249,-159,-79,109,-1720,2581,152,-191
256,-159,-85,119,-1716,2580,152,-194
262,-159,-91,128,-1713,2579,153,-197
270,-158,-97,137,-1710,2579,153,-201
276,-157,-104,146,-1707,2579,153,-205
283,-155,-112,153,-1704,2579,152,-208
290,-154,-119,161,-1700,2577,155,-209
298,-153,-127,170,-1696,2575,155,-212
305,-151,-135,179,-1693,2573,156,-214
313,-147,-143,188,-1690,2572,156,-218
320,-144,-150,196,-1685,2573,156,-217
328,-140,-158,204,-1682,2573,158,-218
335,-138,-165,210,-1678,2572,158,-220
342,-136,-173,217,-1675,2571,159,-223
349,-133,-182,224,-1671,2568,159,-225
357,-130,-191,231,-1667,2567,161,-228
365,-127,-200,239,-1662,2566,163,-229
372,-123,-208,246,-1659,2566,163,-230
378,-120,-215,252,-1656,2566,164,-231
383,-116,-222,258,-1652,2566,164,-233
389,-113,-228,264,-1648,2564,166,-231
395,-111,-235,269,-1643,2562,167,-234
401,-108,-242,274,-1639,2560,167,-234
405,-105,-249,278,-1636,2560,169,-235
408,-102,-255,282,-1633,2560,167,-235
412,-99,-262,285,-1630,2560,168,-236
417,-96,-268,288,-1627,2559,168,-236
421,-94,-274,290,-1623,2558,170,-236
425,-91,-280,291,-1620,2557,172,-236
428,-90,-284,291,-1617,2557,174,-236
431,-88,-287,292,-1614,2558,174,-238
433,-87,-292,292,-1610,2559,177,-239
433,-86,-295,292,-1608,2559,177,-238
433,-85,-298,289,-1605,2558,177,-240
432,-84,-299,286,-1603,2556,178,-238
431,-82,-299,283,-1601,2554,177,-234
430,-81,-299,279,-1599,2553,178,-233
429,-79,-299,274,-1598,2552,181,-231
427,-78,-299,268,-1596,2553,181,-228
424,-76,-298,263,-1595,2552,184,-227
420,-76,-296,258,-1593,2552,183,-224
416,-76,-294,252,-1591,2553,183,-222
411,-75,-290,244,-1590,2554,183,-219
404,-76,-285,235,-1589,2555,183,-217
397,-76,-281,226,-1589,2556,181,-213
389,-77,-276,217,-1590,2556,180,-212
381,-78,-271,207,-1589,2555,180,-208
373,-78,-264,195,-1589,2555,179,-203
365,-78,-256,184,-1590,2554,180,-200
355,-80,-246,171,-1591,2554,180,-195
344,-83,-236,159,-1593,2554,179,-192
333,-86,-226,146,-1595,2554,178,-189
321,-90,-215,132,-1596,2555,179,-185
310,-92,-204,117,-1597,2556,177,-181
298,-94,-191,102,-1599,2558,177,-177
284,-96,-179,87,-1601,2558,175,-172
270,-99,-167,72,-1603,2557,173,-164
256,-102,-155,56,-1605,2556,172,-162
242,-106,-143,39,-1608,2557,173,-158
228,-111,-130,22,-1610,2558,170,-155
213,-116,-116,5,-1612,2559,170,-152
198,-120,-101,-11,-1615,2559,167,-146
182,-124,-86,-27,-1619,2559,167,-141
168,-128,-71,-44,-1622,2559,164,-136
154,-133,-55,-62,-1625,2558,166,-131
138,-138,-39,-79,-1629,2560,164,-128
122,-142,-24,-96,-1633,2561,162,-123
105,-147,-10,-112,-1637,2563,158,-120
89,-152,4,-128,-1641,2564,155,-117
74,-158,18,-145,-1644,2564,155,-113
59,-163,33,-162,-1648,2564,151,-108
43,-167,49,-179,-1652,2565,151,-103
29,-172,65,-195,-1656,2566,148,-98
14,-177,80,-209,-1659,2566,146,-97
0,-182,93,-224,-1662,2566,144,-92
-15,-186,106,-239,-1667,2566,141,-89
-28,-190,119,-255,-1672,2566,140,-86
-41,-194,133,-269,-1676,2567,139,-81
-54,-199,147,-283,-1678,2569,139,-79
-66,-204,161,-296,-1681,2571,136,-74
-80,-207,174,-309,-1686,2573,134,-72
-93,-210,185,-323,-1691,2573,131,-67
-105,-212,195,-336,-1696,2573,131,-62
-115,-215,204,-348,-1699,2573,131,-61
-124,-218,212,-360,-1702,2575,130,-59
-133,-222,222,-371,-1706,2577,130,-56
-143,-224,231,-382,-1709,2579,128,-53
-152,-226,241,-392,-1713,2580,129,-48
-161,-227,249,-401,-1717,2580,128,-45
-168,-228,257,-410,-1720,2579,128,-41
-174,-230,264,-418,-1724,2580,128,-37
-179,-231,271,-425,-1728,2582,128,-37
-184,-232,277,-432,-1731,2584,128,-34
-189,-234,282,-437,-1734,2586,128,-32
-194,-235,287,-442,-1738,2586,128,-31
-198,-234,290,-447,-1741,2586,125,-29
-201,-233,292,-451,-1743,2586,125,-25
-202,-231,292,-455,-1745,2587,126,-24
-202,-230,294,-458,-1747,2590,129,-20
-203,-230,295,-460,-1750,2591,130,-20
-203,-229,296,-461,-1752,2592,130,-19
-203,-226,296,-460,-1755,2592,130,-17
-201,-224,295,-458,-1757,2591,130,-14
-198,-221,294,-458,-1760,2591,133,-13
-196,-220,291,-457,-1762,2592,135,-13
-192,-218,287,-455,-1763,2594,136,-14
-187,-215,281,-451,-1763,2595,135,-14
-182,-211,276,-446,-1764,2596,136,-12
-175,-206,271,-440,-1766,2596,140,-12
-168,-202,266,-434,-1768,2596,142,-9
-160,-196,260,-428,-1770,2597,145,-7
-152,-191,254,-422,-1770,2598,146,-7
-143,-187,247,-414,-1769,2598,150,-7
-134,-182,240,-405,-1768,2597,151,-8
-124,-177,232,-395,-1767,2597,153,-7
-115,-171,224,-383,-1767,2597,153,-7
-105,-166,215,-371,-1768,2597,153,-6
-95,-159,205,-360,-1768,2597,153,-7
-83,-153,196,-349,-1768,2597,157,-6
-71,-146,187,-337,-1768,2597,159,-6
-58,-139,177,-324,-1767,2597,162,-3
-46,-131,167,-310,-1764,2597,164,-3
-32,-124,156,-297,-1761,2597,166,-3
-18,-117,146,-284,-1759,2597,169,-4
-3,-109,135,-270,-1758,2596,174,-3
9,-101,124,-255,-1757,2595,175,-2
23,-92,112,-241,-1755,2595,177,-1
37,-83,99,-225,-1752,2595,179,0
53,-75,87,-209,-1749,2594,181,1
67,-67,75,-194,-1745,2593,184,1
81,-59,63,-179,-1742,2591,185,0
95,-50,50,-163,-1740,2590,186,1
109,-42,38,-148,-1738,2590,189,2
124,-33,26,-131,-1735,2591,191,1
138,-24,14,-116,-1732,2591,192,3
152,-16,3,-101,-1729,2590,194,3
166,-8,-7,-84,-1726,2590,196,4
180,0,-19,-68,-1723,2588,197,6
195,9,-32,-52,-1719,2587,200,7
210,17,-44,-37,-1715,2586,202,6
224,25,-56,-22,-1712,2585,203,7
236,33,-68,-7,-1708,2584,203,7
248,41,-79,7,-1705,2584,203,8
261,48,-91,21,-1701,2583,207,7
274,54,-102,36,-1697,2583,207,6
288,60,-112,49,-1694,2583,211,6
301,67,-122,62,-1690,2583,214,4
314,74,-132,75,-1686,2581,217,7
325,81,-143,87,-1683,2579,218,7
337,86,-152,99,-1680,2577,220,7
348,90,-161,110,-1676,2577,222,4
357,95,-170,122,-1672,2576,224,3
366,100,-179,133,-1668,2576,223,2
375,105,-188,143,-1665,2576,224,2
384,109,-197,153,-1661,2576,223,1
393,113,-205,161,-1657,2576,227,0
401,115,-212,169,-1653,2576,228,-2
408,117,-218,177,-1650,2574,228,-4
414,119,-225,184,-1647,2572,229,-4
420,122,-231,191,-1644,2570,229,-7
426,123,-238,199,-1641,2569,229,-10
433,123,-244,205,-1637,2570,230,-12
439,123,-248,209,-1634,2570,234,-14
443,122,-251,213,-1631,2569,233,-18
446,121,-254,216,-1629,2568,234,-20
450,120,-257,220,-1626,2566,235,-24
453,119,-260,223,-1623,2564,235,-24
456,119,-263,224,-1620,2563,236,-26
459,117,-265,225,-1617,2563,239,-29
460,115,-266,225,-1614,2563,240,-32
461,111,-267,225,-1612,2564,241,-36
460,108,-267,225,-1610,2564,240,-40
458,104,-267,223,-1608,2563,239,-42
457,101,-266,220,-1607,2562,240,-43
456,97,-264,215,-1606,2559,242,-45
455,93,-261,210,-1604,2558,244,-48
451,88,-258,206,-1602,2558,244,-51
447,84,-255,203,-1601,2558,241,-52
442,79,-252,199,-1600,2558,241,-54
436,75,-249,194,-1599,2556,239,-56
430,70,-244,187,-1598,2554,238,-58
424,65,-238,179,-1596,2552,239,-58
418,59,-232,171,-1595,2552,240,-62
411,53,-225,163,-1594,2553,239,-62
404,48,-219,155,-1594,2552,238,-63
394,43,-211,146,-1595,2551,236,-63
383,36,-202,137,-1595,2549,233,-64
373,30,-193,126,-1595,2547,230,-65
362,24,-184,116,-1595,2547,229,-64
352,18,-173,106,-1595,2547,227,-65
342,11,-161,97,-1594,2546,227,-65
331,4,-150,86,-1595,2544,223,-64
319,-1,-138,74,-1597,2543,222,-64
308,-7,-127,61,-1599,2542,222,-63
296,-13,-115,47,-1600,2542,220,-61
285,-19,-104,34,-1600,2541,218,-61
272,-25,-91,21,-1601,2540,218,-59
259,-32,-79,9,-1602,2539,214,-59
245,-39,-66,-2,-1604,2539,211,-59
232,-46,-52,-14,-1605,2539,211,-58
220,-51,-38,-27,-1606,2538,208,-54
209,-56,-23,-41,-1607,2537,209,-52
197,-61,-10,-55,-1608,2535,209,-48
183,-68,2,-68,-1610,2534,206,-47
169,-73,15,-80,-1612,2533,202,-45
155,-78,29,-91,-1614,2533,201,-43
143,-83,44,-104,-1615,2531,197,-39
130,-87,59,-117,-1617,2529,197,-36
118,-92,73,-129,-1619,2529,195,-31
106,-97,86,-140,-1620,2529,192,-29
93,-102,100,-151,-1622,2530,190,-28
82,-106,114,-161,-1624,2530,189,-24
72,-109,127,-172,-1626,2529,187,-18
61,-111,139,-182,-1629,2526,185,-15
50,-112,151,-192,-1632,2526,184,-9
39,-113,164,-202,-1634,2526,183,-4
29,-115,176,-213,-1637,2526,180,1
19,-117,189,-222,-1639,2524,180,4
10,-119,199,-229,-1642,2523,178,9
1,-119,210,-236,-1644,2521,174,14
-7,-118,220,-243,-1645,2521,173,19
-14,-117,231,-249,-1647,2521,173,28
-21,-115,242,-254,-1649,2520,170,32
-28,-113,252,-259,-1651,2518,169,39
-34,-112,262,-262,-1654,2517,168,45
-41,-110,271,-266,-1655,2517,166,51
-47,-108,278,-270,-1657,2517,162,57
-52,-105,285,-273,-1658,2516,162,62
-56,-102,292,-274,-1660,2514,161,69
-59,-98,299,-275,-1662,2513,159,75
-62,-94,306,-274,-1664,2512,157,80
-64,-90,311,-273,-1665,2513,155,86
-66,-85,316,-271,-1665,2513,153,93
-67,-80,321,-269,-1666,2513,152,98
-67,-74,324,-266,-1667,2511,152,106
-65,-69,327,-261,-1669,2510,152,111
-63,-65,329,-256,-1670,2508,151,114
-62,-60,331,-251,-1671,2508,150,118
-61,-54,332,-245,-1671,2506,146,124
-60,-47,333,-239,-1671,2505,145,130
-57,-40,332,-231,-1671,2504,142,135
-54,-32,332,-221,-1671,2503,139,139
-51,-24,331,-210,-1671,2501,137,144
-47,-17,330,-199,-1671,2500,134,148
-43,-10,328,-187,-1671,2499,131,152
-37,-3,325,-174,-1671,2498,126,156
-32,3,322,-161,-1671,2497,125,161
-26,11,317,-148,-1670,2495,122,164
-19,20,310,-133,-1668,2494,119,167
-11,28,304,-118,-1667,2492,115,170
-4,37,299,-101,-1666,2490,112,172
1,45,292,-83,-1666,2487,107,174
7,53,285,-64,-1664,2485,100,178
15,62,278,-44,-1661,2483,93,178
23,71,268,-23,-1659,2482,87,180
31,80,258,-2,-1658,2479,80,181
39,90,247,18,-1656,2477,74,181
46,98,236,41,-1653,2475,65,183
55,106,225,65,-1650,2473,58,180
63,115,213,89,-1647,2471,50,181
72,124,201,113,-1643,2468,42,180
80,134,188,138,-1639,2464,34,180
89,144,175,164,-1635,2461,24,180
96,152,161,192,-1629,2458,13,177
102,160,146,221,-1625,2455,0,175
109,168,130,250,-1620,2453,-12,172
117,177,114,280,-1616,2450,-25,168
125,186,97,310,-1611,2447,-37,164
131,195,79,339,-1606,2444,-52,161
136,203,59,370,-1600,2442,-69,155
140,211,39,403,-1593,2438,-87,148
144,220,18,436,-1587,2435,-106,144
148,229,-1,470,-1582,2431,-124,137
152,237,-23,505,-1576,2428,-146,131
154,245,-45,538,-1570,2425,-166,124
156,252,-68,572,-1562,2422,-189,115
157,260,-93,607,-1554,2418,-212,108
157,267,-118,642,-1546,2414,-236,98
155,273,-145,678,-1538,2411,-263,89
151,278,-173,715,-1530,2408,-292,75
147,282,-202,751,-1521,2405,-322,61
141,285,-231,789,-1511,2401,-355,47
134,289,-260,826,-1501,2397,-388,31
124,292,-292,864,-1492,2393,-423,17
113,294,-325,901,-1482,2390,-461,-2
101,296,-361,938,-1472,2387,-499,-21
88,296,-397,975,-1463,2385,-539,-42
71,295,-433,1012,-1453,2381,-581,-63
52,293,-472,1050,-1444,2378,-627,-89
31,289,-512,1087,-1434,2375,-675,-112
7,285,-553,1123,-1423,2372,-725,-140
-19,278,-596,1158,-1410,2370,-778,-168
-50,271,-641,1194,-1398,2369,-834,-201
-83,262,-687,1230,-1386,2367,-893,-234
-119,251,-735,1266,-1374,2365,-957,-271
-159,237,-785,1301,-1362,2362,-1021,-308
-204,221,-839,1335,-1349,2359,-1093,-351
-252,203,-894,1369,-1336,2357,-1165,-397
-304,183,-950,1400,-1322,2356,-1241,-444
-360,160,-1008,1431,-1309,2356,-1320,-495
-421,133,-1068,1461,-1295,2356,-1406,-550
-488,104,-1132,1491,-1282,2356,-1495,-606
-561,72,-1199,1520,-1269,2356,-1591,-670
-638,36,-1269,1548,-1255,2356,-1689,-738
-721,-4,-1340,1574,-1241,2356,-1793,-810
-809,-49,-1413,1597,-1227,2357,-1901,-886
-904,-100,-1490,1620,-1213,2359,-2015,-968
-1006,-154,-1570,1640,-1199,2362,-2133,-1055
-1115,-214,-1653,1657,-1185,2365,-2259,-1149
-1229,-279,-1738,1673,-1172,2368,-2388,-1247
-1351,-350,-1826,1687,-1158,2371,-2525,-1352
-1481,-428,-1916,1702,-1144,2376,-2668,-1466
-1618,-513,-2011,1713,-1129,2381,-2818,-1585
-1764,-604,-2110,1721,-1115,2387,-2973,-1715
-1920,-703,-2212,1726,-1102,2394,-3137,-1849
-2083,-809,-2317,1727,-1088,2401,-3306,-1992
-2255,-925,-2424,1727,-1076,2408,-3482,-2144
-2435,-1050,-2534,1724,-1065,2417,-3667,-2307
-2624,-1185,-2649,1717,-1055,2427,-3856,-2478
-2822,-1330,-2768,1705,-1045,2439,-4054,-2659
-3032,-1485,-2890,1689,-1035,2452,-4256,-2854
-3251,-1650,-3014,1671,-1024,2465,-4471,-3055
-3481,-1827,-3141,1650,-1015,2477,-4693,-3269
-3722,-2016,-3272,1625,-1006,2490,-4922,-3497
-3973,-2219,-3408,1595,-999,2504,-5160,-3737
-4234,-2436,-3547,1559,-992,2522,-5402,-3991
-4506,-2669,-3689,1520,-986,2540,-5655,-4261
-4791,-2916,-3835,1478,-981,2559,-5919,-4544
-5087,-3177,-3983,1431,-978,2579,-6187,-4841
-5395,-3455,-4134,1379,-975,2599,-6468,-5152
-5714,-3749,-4290,1319,-974,2620,-6754,-5482
-6037,-4057,-4450,1254,-974,2643,-7040,-5822
-6370,-4381,-4615,1184,-976,2668,-7335,-6181
-6731,-4736,-4782,1110,-979,2694,-7651,-6568
-7131,-5126,-4952,1030,-984,2721,-8001,-6988
-7524,-5525,-5124,945,-990,2749,-8341,-7415
-7817,-5877,-5302,853,-998,2778,-8589,-7802
-7939,-6141,-5483,755,-1008,2808,-8681,-8104
-7875,-6308,-5666,652,-1019,2840,-8602,-8315
-7775,-6471,-5852,542,-1033,2872,-8485,-8520
-7647,-6634,-6041,426,-1049,2905,-8340,-8729
-7536,-6825,-6234,303,-1067,2940,-8210,-8961
-7426,-7033,-6431,174,-1086,2976,-8076,-9210
-7302,-7251,-6631,37,-1106,3014,-7928,-9259
-7164,-7480,-6833,-104,-1129,3052,-7767,-9256
-7017,-7723,-7037,-252,-1155,3092,-7596,-9253
-6862,-7982,-7243,-407,-1184,3133,-7412,-9250
-6696,-8256,-7451,-568,-1214,3173,-7219,-9247
-6523,-8546,-7661,-736,-1246,3214,-7011,-9243
-6339,-8852,-7873,-911,-1279,3256,-6793,-9239
-6146,-9172,-8086,-1093,-1315,3300,-6563,-9236
-5943,-9510,-8301,-1281,-1355,3345,-6320,-9231
-5730,-9864,-8518,-1475,-1397,3391,-6067,-9227
-5508,-10000,-8736,-1675,-1443,3438,-5799,-9222
-5276,-10000,-8954,-1880,-1490,3485,-5521,-9217
-5036,-10000,-9168,-2088,-1539,3532,-5233,-9212
-4792,-10000,-9380,-2299,-1590,3579,-4941,-9206
-4537,-10000,-9596,-2519,-1644,3628,-4632,-9201
-4257,-10000,-9826,-2755,-1700,3677,-4297,-9195
-3956,-10000,-10000,-2997,-1758,3726,-3927,-9189
-3677,-10000,-10000,-3210,-1820,3776,-3554,-9183
-3482,-10000,-10000,-3359,-1883,3825,-3295,-9178
-3415,-10000,-10000,-3423,-1949,3875,-3200,-9177
-3415,-10000,-10000,-3456,-2016,3925,-3180,-9176
-3422,-10000,-10000,-3483,-2085,3975,-3173,-9176
-3429,-10000,-10000,-3518,-2156,4025,-3160,-9176
-3422,-10000,-10000,-3563,-2230,4073,-3129,-9176
-3416,-10000,-10000,-3609,-2305,4122,-3099,-9175
-3415,-10000,-10000,-3655,-2382,4171,-3071,-9175
-3416,-10000,-10000,-3703,-2461,4219,-3045,-9173
-3416,-10000,-10000,-3754,-2541,4267,-3018,-9173
-3416,-10000,-10000,-3807,-2623,4314,-2989,-9173
-3416,-10000,-9974,-3863,-2705,4360,-2951,-9172
-3416,-10000,-9922,-3921,-2789,4405,-2910,-9172
-3416,-10000,-9868,-3981,-2874,4450,-2865,-9171
-3416,-10000,-9812,-4043,-2961,4495,-2821,-9170
-3416,-10000,-9754,-4107,-3047,4539,-2772,-9170
-3416,-10000,-9695,-4173,-3135,4582,-2723,-9168
-3416,-10000,-9634,-4240,-3223,4625,-2673,-9167
-3416,-10000,-9572,-4309,-3313,4667,-2623,-9166
-3416,-10000,-9509,-4380,-3404,4708,-2572,-9166
-3416,-10000,-9445,-4451,-3495,4748,-2518,-9165
-3416,-10000,-9380,-4523,-3587,4786,-2464,-9164
-3416,-10000,-9313,-4597,-3679,4824,-2408,-9162
-3416,-10000,-9246,-4672,-3772,4860,-2353,-9162
-3416,-10000,-9176,-4749,-3864,4897,-2297,-9161
-3416,-10000,-9106,-4827,-3957,4933,-2240,-9160
-3416,-10000,-9035,-4906,-4050,4969,-2181,-9159
-3416,-10000,-8966,-4983,-4143,5004,-2124,-9157
-3416,-10000,-8895,-5061,-4235,5036,-2066,-9156
-3416,-10000,-8824,-5140,-4328,5067,-2008,-9156
-3416,-10000,-8753,-5220,-4421,5097,-1948,-9155
-3416,-10000,-8680,-5300,-4513,5127,-1890,-9154
-3416,-10000,-8608,-5380,-4605,5158,-1829,-9153
-3416,-10000,-8537,-5460,-4696,5188,-1770,-9151
-3416,-10000,-8465,-5539,-4787,5216,-1712,-9150
-3416,-10000,-8393,-5619,-4878,5243,-1651,-9150
-3416,-10000,-8321,-5699,-4968,5268,-1594,-9149
-3416,-10000,-8249,-5779,-5058,5293,-1534,-9148
-3416,-10000,-8178,-5858,-5146,5317,-1475,-9147
-3416,-10000,-8108,-5936,-5234,5341,-1418,-9145
-3416,-10000,-8038,-6014,-5321,5364,-1359,-9144
-3416,-10000,-7968,-6091,-5407,5386,-1302,-9144
-3416,-10000,-7900,-6167,-5492,5407,-1246,-9143
-3416,-10000,-7832,-6242,-5577,5428,-1191,-9142
-3416,-10000,-7766,-6316,-5662,5447,-1137,-9140
-3416,-10000,-7700,-6389,-5746,5465,-1082,-9139
-3416,-10000,-7635,-6461,-5829,5483,-1029,-9139
-3416,-10000,-7571,-6532,-5911,5500,-977,-9138
-3416,-10000,-7508,-6602,-5992,5518,-924,-9137
-3416,-10000,-7446,-6671,-6072,5535,-875,-9137
-3416,-10000,-7386,-6738,-6151,5551,-823,-9136
-3416,-10000,-7326,-6804,-6228,5565,-775,-9134
-3416,-10000,-7268,-6868,-6305,5580,-728,-9133
-3416,-10000,-7213,-6930,-6381,5594,-681,-9133
-3416,-10000,-7158,-6991,-6456,5608,-637,-9132
-3416,-10000,-7105,-7050,-6531,5621,-594,-9132
-3416,-10000,-7052,-7108,-6606,5634,-550,-9131
-3416,-10000,-7002,-7164,-6678,5645,-507,-9129
-3416,-10000,-6953,-7218,-6749,5655,-469,-9129
-3416,-10000,-6906,-7270,-6819,5666,-429,-9128
-3416,-10000,-6861,-7321,-6888,5677,-394,-9128
-3416,-10000,-6817,-7369,-6957,5688,-356,-9127
-3416,-10000,-6775,-7416,-7025,5697,-323,-9127
-3416,-10000,-6734,-7461,-7091,5706,-289,-9126
-3416,-10000,-6695,-7505,-7156,5714,-256,-9126
-3416,-10000,-6658,-7546,-7220,5724,-227,-9125
-3416,-10000,-6623,-7585,-7284,5732,-197,-9125
-3416,-10000,-6591,-7621,-7347,5741,-172,-9123
-3416,-10000,-6560,-7654,-7408,5748,-145,-9123
-3416,-10000,-6531,-7687,-7469,5755,-122,-9123
-3416,-10000,-6502,-7719,-7528,5761,-97,-9122
-3416,-10000,-6476,-7748,-7587,5768,-75,-9122
-3416,-10000,-6451,-7776,-7644,5776,-56,-9122
-3416,-10000,-6429,-7801,-7702,5782,-37,-9122
-3416,-10000,-6408,-7824,-7758,5789,-20,-9121
-3416,-10000,-6388,-7846,-7813,5794,-4,-9121
-3416,-10000,-6371,-7865,-7867,5799,10,-9121
-3416,-10000,-6356,-7882,-7919,5805,21,-9121
-3416,-10000,-6342,-7897,-7970,5811,32,-9121
-3416,-10000,-6331,-7909,-8021,5817,41,-9120
-3416,-10000,-6320,-7921,-8070,5821,51,-9120
-3416,-10000,-6311,-7931,-8120,5825,57,-9120
-3416,-10000,-6304,-7939,-8168,5830,64,-9120
-3416,-10000,-6298,-7946,-8215,5835,68,-9120
-3416,-10000,-6294,-7950,-8262,5840,73,-9120
-3416,-10000,-6292,-7953,-8308,5843,75,-9120
-3416,-10000,-6291,-7954,-8352,5846,75,-9120
-3416,-10000,-6292,-7953,-8395,5849,75,-9120
-3416,-10000,-6293,-7951,-8437,5853,73,-9120
-3416,-10000,-6296,-7948,-8479,5858,70,-9120
-3416,-10000,-6300,-7944,-8522,5862,68,-9120
-3416,-10000,-6306,-7938,-8562,5865,64,-9120
-3416,-10000,-6312,-7930,-8600,5867,57,-9120
-3416,-10000,-6320,-7922,-8637,5869,51,-9120
-3416,-10000,-6327,-7914,-8674,5870,46,-9120
-3416,-10000,-6336,-7904,-8711,5873,40,-9120
-3416,-10000,-6346,-7893,-8747,5877,30,-9121
-3416,-10000,-6358,-7880,-8782,5881,19,-9121
-3416,-10000,-6370,-7866,-8815,5885,10,-9121
-3416,-10000,-6382,-7853,-8849,5887,2,-9121
-3416,-10000,-6394,-7839,-8882,5889,-8,-9121
-3416,-10000,-6407,-7825,-8914,5890,-20,-9121
-3416,-10000,-6421,-7809,-8945,5892,-31,-9121
-3416,-10000,-6435,-7794,-8976,5894,-42,-9122
-3416,-10000,-6450,-7777,-9006,5896,-56,-9122
-3416,-10000,-6466,-7759,-9035,5898,-69,-9122
-3416,-10000,-6482,-7742,-9062,5899,-80,-9122
-3416,-10000,-6498,-7724,-9089,5901,-93,-9122
-3416,-10000,-6513,-7707,-9116,5903,-107,-9123
-3416,-10000,-6529,-7689,-9143,5906,-120,-9123
-3416,-10000,-6545,-7672,-9169,5909,-134,-9123
-3416,-10000,-6561,-7654,-9194,5912,-147,-9123
-3416,-10000,-6577,-7636,-9217,5914,-158,-9123
-3416,-10000,-6593,-7618,-9241,5916,-173,-9125
-3416,-10000,-6610,-7599,-9264,5917,-186,-9125
-3416,-10000,-6628,-7579,-9286,5918,-202,-9125
-3416,-10000,-6646,-7560,-9309,5919,-216,-9125
-3416,-10000,-6662,-7542,-9330,5921,-229,-9125
-3416,-10000,-6677,-7524,-9351,5922,-242,-9125
-3416,-10000,-6689,-7505,-9371,5923,-256,-9126
-3416,-10000,-6703,-7487,-9390,5926,-267,-9126
-3416,-10000,-6723,-7473,-9409,5929,-280,-9126
-3416,-10000,-6741,-7458,-9428,5932,-291,-9126
-3416,-10000,-6754,-7439,-9447,5933,-305,-9126
-3416,-10000,-6727,-7383,-9465,5934,-329,-9127
-3416,-10000,-6657,-7290,-9482,5935,-367,-9127
-3416,-10000,-6556,-7171,-9500,5936,-410,-9128
-3416,-10000,-6449,-7047,-9516,5937,-456,-9129
-3416,-10000,-6349,-6931,-9533,5938,-499,-9129
-3416,-10000,-6257,-6819,-9549,5939,-540,-9131
-3416,-10000,-6166,-6708,-9564,5940,-581,-9131
-3416,-10000,-6074,-6598,-9580,5941,-623,-9132
-3416,-10000,-5982,-6489,-9594,5942,-664,-9132
-3416,-10000,-5892,-6382,-9608,5945,-703,-9133
-3416,-10000,-5804,-6278,-9622,5947,-740,-9134
-3416,-10000,-5718,-6175,-9635,5949,-778,-9134
-3416,-10000,-5633,-6075,-9645,5950,-816,-9136
-3416,-10000,-5550,-5976,-9651,5950,-853,-9136
-3416,-10000,-5467,-5877,-9653,5950,-891,-9137
-3416,-10000,-5386,-5780,-9653,5950,-926,-9137
-3416,-10000,-5305,-5685,-9652,5951,-961,-9138
-3416,-10000,-5226,-5593,-9652,5952,-994,-9138
-3416,-10000,-5147,-5501,-9652,5953,-1029,-9139
-3416,-10000,-5070,-5410,-9652,5954,-1062,-9139
-3416,-10000,-4995,-5320,-9652,5954,-1095,-9140
-3416,-10000,-4920,-5232,-9652,5954,-1129,-9140
-3416,-10000,-4846,-5145,-9652,5955,-1159,-9142
-3416,-10000,-4773,-5060,-9652,5955,-1191,-9142
-3416,-10000,-4702,-4976,-9652,5955,-1221,-9142
-3416,-10000,-4632,-4893,-9652,5955,-1253,-9143
-3416,-10000,-4564,-4812,-9652,5955,-1282,-9143
-3416,-10000,-4495,-4731,-9652,5955,-1313,-9144
-3416,-10000,-4428,-4652,-9652,5955,-1342,-9144
-3416,-10000,-4362,-4575,-9652,5955,-1369,-9145
-3416,-10000,-4297,-4500,-9652,5955,-1397,-9145
-3416,-10000,-4234,-4426,-9652,5955,-1424,-9145
-3416,-10000,-4171,-4352,-9652,5955,-1451,-9147
-3416,-10000,-4109,-4279,-9652,5955,-1478,-9147
-3416,-10000,-4049,-4208,-9652,5955,-1505,-9147
-3416,-10000,-3990,-4140,-9652,5957,-1529,-9148
-3416,-10000,-3932,-4073,-9652,5958,-1554,-9148
-3416,-10000,-3875,-4008,-9652,5959,-1578,-9149
-3416,-10000,-3820,-3943,-9652,5959,-1602,-9149
-3416,-10000,-3765,-3878,-9652,5959,-1624,-9149
-3416,-10000,-3711,-3815,-9652,5959,-1649,-9150
-3416,-10000,-3659,-3754,-9652,5961,-1672,-9150
-3418,-10000,-3607,-3694,-9652,5962,-1695,-9150
-3419,-10000,-3556,-3636,-9652,5962,-1717,-9151
-3418,-10000,-3506,-3579,-9652,5961,-1735,-9151
-3415,-10000,-3457,-3524,-9652,5962,-1752,-9151
-3415,-10000,-3409,-3469,-9651,5963,-1773,-9151
-3431,-10000,-3362,-3416,-9651,5965,-1807,-9153
-3481,-10000,-3317,-3363,-9651,5965,-1873,-9154
-3555,-10000,-3273,-3312,-9651,5965,-1959,-9155
-3637,-10000,-3229,-3263,-9651,5965,-2052,-9156
-3716,-10000,-3185,-3215,-9651,5965,-2141,-9159
-3790,-10000,-3143,-3167,-9651,5964,-2226,-9160
-3861,-10000,-3101,-3119,-9651,5965,-2307,-9161
-3933,-10000,-3061,-3073,-9651,5966,-2390,-9162
-4004,-10000,-3021,-3028,-9651,5968,-2470,-9164
-4072,-10000,-2981,-2984,-9651,5970,-2548,-9165
-4139,-10000,-2942,-2940,-9651,5970,-2625,-9166
-4206,-10000,-2904,-2897,-9651,5970,-2701,-9168
-4271,-10000,-2867,-2855,-9651,5970,-2777,-9170
-4336,-10000,-2832,-2815,-9651,5970,-2851,-9171
-4398,-10000,-2796,-2774,-9651,5970,-2922,-9172
-4460,-10000,-2760,-2734,-9651,5971,-2993,-9173
-4520,-10000,-2724,-2696,-9651,5972,-3061,-9175
-4579,-10000,-2688,-2658,-9651,5973,-3128,-9176
-4638,-10000,-2654,-2620,-9651,5973,-3195,-9177
-4696,-10000,-2621,-2583,-9651,5974,-3261,-9178
-4753,-10000,-2587,-2546,-9651,5975,-3327,-9178
-4809,-10000,-2554,-2510,-9651,5975,-3389,-9179
-4864,-10000,-2522,-2474,-9651,5975,-3453,-9181
-4918,-10000,-2489,-2438,-9651,5974,-3516,-9182
-4972,-10000,-2457,-2403,-9651,5975,-3579,-9183
-5025,-10000,-2427,-2369,-9651,5975,-3637,-9184
-5078,-10000,-2396,-2335,-9651,5975,-3697,-9186
-5130,-10000,-2367,-2302,-9651,5975,-3758,-9187
-5181,-10000,-2338,-2269,-9651,5975,-3816,-9187
-5231,-10000,-2308,-2237,-9651,5975,-3872,-9188
-5280,-10000,-2278,-2204,-9651,5975,-3928,-9189
-5328,-10000,-2247,-2172,-9651,5975,-3983,-9190
-5375,-10000,-2217,-2141,-9651,5974,-4038,-9192
-5422,-10000,-2187,-2110,-9651,5974,-4091,-9192
-5468,-10000,-2159,-2081,-9651,5975,-4144,-9193
-5512,-10000,-2133,-2051,-9651,5976,-4193,-9194
-5554,-10000,-2106,-2022,-9651,5977,-4243,-9195
-5595,-10000,-2080,-1994,-9650,5977,-4290,-9195
-5641,-10000,-2054,-1966,-9650,5978,-4342,-9197
-5691,-9942,-2029,-1938,-9650,5979,-4397,-9198
-5732,-9874,-2005,-1911,-9650,5980,-4445,-9198
-5744,-9790,-1980,-1884,-9650,5980,-4465,-9199
-5711,-9680,-1955,-1857,-9650,5980,-4443,-9198
-5641,-9551,-1930,-1832,-9650,5979,-4388,-9198
-5558,-9416,-1906,-1807,-9650,5980,-4321,-9183
-5479,-9285,-1883,-1783,-9650,5980,-4261,-9057
-5409,-9159,-1861,-1760,-9650,5980,-4205,-8935
-5340,-9036,-1839,-1736,-9650,5979,-4154,-8818
-5270,-8915,-1817,-1713,-9650,5979,-4101,-8700
-5200,-8796,-1795,-1690,-9650,5980,-4046,-8584
-5133,-8681,-1773,-1668,-9650,5981,-3996,-8473
-5068,-8568,-1752,-1645,-9650,5983,-3945,-8363
-5005,-8456,-1731,-1622,-9650,5984,-3897,-8255
-4941,-8344,-1711,-1601,-9650,5985,-3848,-8148
-4877,-8235,-1692,-1581,-9650,5984,-3798,-8043
-4815,-8127,-1673,-1561,-9650,5984,-3751,-7937
-4754,-8022,-1653,-1541,-9650,5984,-3703,-7835
-4694,-7918,-1633,-1521,-9650,5984,-3659,-7735
-4634,-7815,-1613,-1500,-9650,5984,-3613,-7634
-4574,-7714,-1593,-1481,-9650,5984,-3567,-7536
-4515,-7614,-1575,-1462,-9650,5984,-3519,-7441
-4458,-7517,-1557,-1443,-9650,5984,-3475,-7347
-4401,-7421,-1540,-1424,-9650,5986,-3432,-7254
-4345,-7326,-1522,-1405,-9650,5988,-3391,-7163
-4289,-7232,-1503,-1387,-9650,5988,-3347,-7069
-4235,-7139,-1485,-1370,-9650,5987,-3305,-6978
-4182,-7047,-1468,-1353,-9650,5987,-3263,-6891
-4128,-6957,-1451,-1335,-9650,5987,-3221,-6803
-4074,-6867,-1434,-1318,-9650,5988,-3181,-6716
-4021,-6778,-1418,-1301,-9650,5989,-3138,-6629
-3968,-6690,-1403,-1284,-9650,5990,-3098,-6545
-3915,-6602,-1386,-1268,-9650,5989,-3056,-6461
-3863,-6517,-1368,-1252,-9650,5989,-3017,-6375
-3812,-6433,-1351,-1236,-9650,5989,-2976,-6294
-3762,-6350,-1335,-1220,-9650,5989,-2937,-6213
-3713,-6267,-1321,-1204,-9650,5990,-2900,-6134
-3664,-6185,-1305,-1189,-9650,5989,-2861,-6054
-3615,-6104,-1289,-1174,-9650,5988,-2822,-5975
-3567,-6024,-1273,-1159,-9650,5987,-2783,-5898
-3518,-5946,-1258,-1144,-9650,5988,-2747,-5821
-3470,-5869,-1243,-1128,-9650,5989,-2710,-5746
-3423,-5793,-1228,-1113,-9650,5990,-2672,-5674
-3375,-5717,-1213,-1098,-9650,5990,-2636,-5599
-3329,-5641,-1199,-1084,-9650,5989,-2600,-5525
-3285,-5568,-1186,-1070,-9650,5989,-2564,-5455
-3241,-5495,-1173,-1056,-9650,5989,-2531,-5383
-3198,-5424,-1159,-1043,-9650,5989,-2497,-5313
-3155,-5354,-1145,-1030,-9650,5989,-2463,-5247
-3111,-5285,-1130,-1018,-9650,5989,-2429,-5179
-3068,-5217,-1116,-1006,-9650,5989,-2393,-5112
-3027,-5150,-1103,-992,-9650,5989,-2362,-5048
-2986,-5084,-1091,-978,-9650,5989,-2332,-4984
-2946,-5018,-1079,-965,-9650,5989,-2301,-4920
-2906,-4953,-1067,-954,-9650,5989,-2268,-4856
-2867,-4889,-1054,-943,-9650,5989,-2237,-4795
-2828,-4827,-1040,-930,-9650,5989,-2208,-4734
-2790,-4766,-1028,-917,-9650,5989,-2179,-4675
-2753,-4706,-1016,-906,-9650,5991,-2148,-4615
-2716,-4647,-1004,-896,-9649,5992,-2120,-4555
-2680,-4589,-991,-885,-9649,5993,-2091,-4500
-2645,-4534,-980,-874,-9650,5992,-2064,-4445
-2611,-4477,-969,-861,-9650,5992,-2038,-4391
-2577,-4420,-957,-849,-9650,5992,-2013,-4337
-2544,-4365,-946,-838,-9649,5993,-1984,-4283
-2510,-4311,-935,-828,-9649,5994,-1959,-4229
-2476,-4259,-924,-819,-9649,5995,-1932,-4179
-2443,-4208,-913,-809,-9649,5994,-1905,-4127
-2411,-4156,-902,-799,-9649,5994,-1881,-4077
-2379,-4104,-891,-789,-9649,5994,-1855,-4028
-2349,-4055,-880,-780,-9649,5994,-1832,-3978
-2318,-4007,-870,-771,-9649,5994,-1807,-3932
-2288,-3960,-861,-762,-9649,5994,-1783,-3886
-2257,-3913,-851,-753,-9649,5994,-1759,-3840
-2227,-3866,-840,-744,-9649,5994,-1737,-3792
-2198,-3819,-831,-735,-9649,5994,-1712,-3747
-2168,-3773,-822,-727,-9649,5994,-1688,-3702
-2139,-3728,-813,-720,-9649,5996,-1665,-3658
-2110,-3683,-804,-711,-9649,5998,-1641,-3615
-2083,-3639,-795,-703,-9649,5998,-1619,-3573
-2057,-3598,-786,-695,-9649,5996,-1599,-3530
-2031,-3557,-778,-687,-9649,5994,-1580,-3491
-2004,-3516,-769,-679,-9649,5993,-1558,-3451
-1977,-3476,-760,-671,-9649,5994,-1538,-3411
-1951,-3435,-751,-663,-9649,5996,-1517,-3371
-1926,-3396,-742,-656,-9649,5997,-1496,-3332
-1901,-3357,-735,-649,-9649,5998,-1477,-3295
-1877,-3320,-728,-643,-9649,5998,-1457,-3259
-1853,-3285,-721,-636,-9649,5998,-1438,-3223
-1828,-3249,-713,-629,-9649,5999,-1418,-3189
-1804,-3214,-705,-622,-9649,5999,-1400,-3154
-1781,-3180,-697,-615,-9649,5999,-1381,-3120
-1759,-3146,-690,-609,-9649,5999,-1364,-3087
-1738,-3113,-684,-603,-9649,5999,-1345,-3056
-1716,-3079,-678,-597,-9649,5999,-1328,-3023
-1694,-3047,-670,-590,-9649,5999,-1311,-2992
-1672,-3015,-662,-584,-9649,5999,-1293,-2960
-1651,-2985,-655,-577,-9649,5999,-1276,-2929
-1631,-2956,-649,-571,-9649,5999,-1261,-2901
-1610,-2927,-643,-566,-9649,5999,-1245,-2874
-1590,-2897,-637,-561,-9649,5999,-1226,-2844
-1569,-2868,-630,-557,-9649,5999,-1210,-2816
-1551,-2840,-624,-551,-9649,5999,-1195,-2786
-1534,-2812,-618,-545,-9649,5999,-1182,-2760
-1518,-2786,-613,-539,-9649,5999,-1170,-2735
-1501,-2761,-606,-535,-9649,5999,-1158,-2710
-1483,-2735,-599,-531,-9649,5999,-1141,-2684
-1466,-2709,-593,-527,-9649,5999,-1126,-2657
-1449,-2684,-588,-524,-9649,5999,-1113,-2631
-1433,-2659,-582,-518,-9649,5999,-1101,-2607
-1417,-2635,-577,-513,-9649,5999,-1087,-2585
-1402,-2612,-571,-508,-9649,5999,-1076,-2562
-1388,-2590,-566,-503,-9649,5999,-1065,-2541
-1373,-2566,-562,-499,-9649,5999,-1053,-2518
-1359,-2543,-557,-496,-9649,5999,-1042,-2493
-1344,-2520,-553,-492,-9649,5999,-1030,-2471
-1329,-2497,-548,-487,-9649,5999,-1018,-2450
-1314,-2475,-544,-483,-9649,5999,-1007,-2429
-1299,-2455,-539,-479,-9649,5999,-993,-2408
-1286,-2434,-534,-475,-9649,5999,-985,-2386
-1273,-2413,-530,-471,-9649,6000,-972,-2367
-1260,-2392,-526,-467,-9649,6002,-964,-2346
-1247,-2372,-521,-463,-9649,6002,-952,-2326
-1233,-2352,-516,-459,-9649,6001,-942,-2307
-1220,-2334,-512,-455,-9649,6000,-933,-2290
-1207,-2314,-508,-451,-9649,6001,-921,-2270
-1195,-2295,-505,-448,-9649,6002,-913,-2252
-1182,-2276,-501,-444,-9649,6004,-902,-2232
-1170,-2258,-497,-441,-9649,6004,-891,-2215
-1155,-2240,-492,-437,-9649,6004,-880,-2196
-1142,-2222,-488,-433,-9649,6004,-870,-2180
-1129,-2204,-484,-429,-9649,6004,-858,-2161
-1117,-2186,-481,-426,-9649,6004,-850,-2144
-1105,-2168,-478,-424,-9649,6004,-839,-2126
-1093,-2151,-474,-422,-9649,6004,-830,-2110
-1082,-2134,-469,-420,-9649,6004,-819,-2092
-1071,-2118,-464,-418,-9649,6004,-809,-2076
-1059,-2102,-460,-415,-9649,6004,-799,-2060
-1048,-2085,-457,-411,-9649,6004,-791,-2043
-1036,-2069,-453,-408,-9649,6004,-783,-2027
-1025,-2053,-449,-404,-9649,6004,-772,-2010
-1013,-2037,-445,-403,-9649,6004,-762,-1995
-1001,-2021,-440,-401,-9649,6004,-751,-1978
-989,-2005,-435,-398,-9649,6004,-742,-1962
-979,-1989,-431,-396,-9649,6004,-732,-1948
-969,-1974,-428,-392,-9649,6004,-726,-1932
-959,-1960,-424,-389,-9649,6004,-719,-1919
-947,-1945,-421,-385,-9649,6004,-709,-1903
-936,-1930,-417,-382,-9649,6004,-699,-1888
-927,-1915,-413,-379,-9649,6004,-693,-1872
-919,-1900,-411,-377,-9649,6004,-686,-1859
-910,-1887,-409,-375,-9649,6004,-677,-1846
-901,-1874,-406,-372,-9649,6004,-672,-1834
-892,-1861,-403,-369,-9649,6004,-664,-1820
-882,-1848,-399,-366,-9649,6004,-657,-1809
-873,-1834,-395,-363,-9649,6004,-649,-1794
-863,-1821,-393,-360,-9649,6004,-643,-1781
-853,-1807,-390,-358,-9649,6004,-634,-1768
-844,-1795,-387,-357,-9649,6004,-626,-1755
-836,-1782,-383,-356,-9649,6004,-618,-1740
-827,-1768,-379,-354,-9649,6004,-611,-1728
-818,-1756,-376,-353,-9649,6004,-603,-1715
-809,-1744,-374,-350,-9649,6004,-594,-1704
-801,-1734,-371,-347,-9649,6004,-589,-1695
-793,-1724,-368,-344,-9649,6004,-583,-1683
-786,-1712,-365,-342,-9649,6004,-577,-1672
-777,-1699,-363,-340,-9649,6004,-571,-1660
-769,-1686,-361,-338,-9649,6004,-563,-1645
-760,-1675,-358,-336,-9649,6004,-556,-1635
-752,-1665,-356,-333,-9649,6004,-551,-1627
-745,-1655,-354,-332,-9649,6004,-544,-1617
-738,-1645,-351,-329,-9649,6004,-538,-1606
-731,-1633,-348,-327,-9649,6004,-534,-1595
-724,-1621,-346,-325,-9649,6004,-528,-1584
-718,-1610,-344,-323,-9649,6004,-522,-1571
-711,-1600,-342,-322,-9649,6004,-516,-1562
-703,-1590,-339,-321,-9649,6004,-510,-1552
-694,-1579,-337,-319,-9649,6004,-502,-1540
-687,-1569,-334,-316,-9649,6004,-498,-1530
-680,-1559,-332,-314,-9649,6003,-491,-1522
-674,-1550,-328,-313,-9649,6004,-485,-1511
-667,-1539,-324,-311,-9649,6006,-479,-1500
-660,-1529,-321,-309,-9649,6007,-473,-1490
-652,-1520,-319,-307,-9649,6008,-469,-1481
-645,-1511,-317,-305,-9649,6008,-462,-1473
-639,-1504,-315,-303,-9649,6007,-457,-1464
-632,-1496,-313,-301,-9649,6007,-451,-1457
-626,-1487,-310,-299,-9649,6007,-448,-1449
-620,-1479,-308,-297,-9649,6007,-443,-1440
-613,-1471,-305,-295,-9649,6008,-435,-1431
-605,-1463,-303,-292,-9649,6008,-430,-1424
-597,-1453,-301,-291,-9649,6009,-424,-1413
-592,-1443,-299,-289,-9649,6009,-419,-1403
-587,-1435,-297,-288,-9649,6009,-416,-1396
-582,-1428,-295,-286,-9649,6009,-413,-1390
-576,-1421,-294,-284,-9649,6009,-407,-1383
-569,-1412,-292,-282,-9649,6009,-401,-1373
-563,-1403,-290,-281,-9649,6009,-396,-1364
-556,-1394,-287,-280,-9649,6009,-390,-1356
-550,-1386,-285,-279,-9649,6009,-385,-1346
-545,-1379,-283,-278,-9649,6009,-380,-1340
-540,-1372,-280,-277,-9649,6009,-375,-1334
-534,-1365,-278,-276,-9649,6009,-371,-1325
-528,-1358,-275,-274,-9649,6009,-365,-1318
-522,-1350,-274,-273,-9649,6009,-362,-1311
-518,-1342,-273,-272,-9649,6009,-358,-1304
-514,-1336,-272,-271,-9649,6009,-355,-1298
-509,-1329,-271,-270,-9649,6009,-350,-1290
-504,-1322,-268,-268,-9649,6009,-346,-1282
-498,-1314,-267,-267,-9649,6009,-344,-1275
-494,-1306,-266,-266,-9649,6009,-339,-1269
-488,-1299,-265,-265,-9649,6009,-334,-1262
-483,-1293,-263,-263,-9649,6009,-329,-1253
-478,-1286,-261,-262,-9649,6009,-325,-1247
-473,-1279,-260,-260,-9649,6009,-323,-1241
-469,-1272,-258,-259,-9649,6009,-319,-1235
-465,-1267,-257,-258,-9649,6009,-316,-1230
-461,-1261,-256,-257,-9649,6008,-312,-1221
-457,-1254,-254,-255,-9649,6007,-308,-1215
-451,-1247,-253,-253,-9649,6007,-306,-1209
-446,-1241,-251,-253,-9649,6007,-301,-1203
-441,-1235,-249,-253,-9649,6008,-295,-1198
-437,-1229,-246,-253,-9649,6009,-291,-1191
-433,-1223,-244,-252,-9649,6009,-288,-1185
-430,-1217,-241,-251,-9649,6009,-285,-1178
-426,-1211,-241,-250,-9649,6009,-281,-1171
-421,-1206,-241,-249,-9649,6009,-277,-1167
-416,-1199,-240,-249,-9649,6009,-272,-1160
-412,-1193,-238,-248,-9649,6009,-271,-1156
-408,-1187,-237,-245,-9649,6009,-268,-1149
-404,-1181,-234,-244,-9649,6009,-264,-1142
-399,-1175,-231,-243,-9649,6009,-260,-1136
-394,-1169,-229,-244,-9649,6009,-255,-1129
-389,-1163,-227,-243,-9649,6009,-251,-1124
-386,-1159,-225,-243,-9649,6009,-247,-1119
-382,-1153,-224,-242,-9649,6009,-244,-1114
-378,-1148,-223,-240,-9649,6009,-241,-1107
-374,-1143,-222,-239,-9649,6009,-238,-1102
-370,-1138,-221,-238,-9649,6009,-234,-1097
-366,-1132,-219,-237,-9649,6009,-230,-1092
-362,-1127,-218,-236,-9649,6009,-229,-1087
-358,-1122,-217,-235,-9649,6009,-225,-1084
-354,-1117,-216,-234,-9649,6009,-222,-1079
-350,-1112,-215,-233,-9649,6009,-218,-1071
-346,-1106,-213,-231,-9649,6009,-214,-1066
-342,-1101,-211,-230,-9649,6009,-211,-1062
-337,-1095,-210,-228,-9649,6009,-209,-1057
-334,-1091,-209,-227,-9649,6009,-206,-1052
-332,-1086,-207,-226,-9649,6009,-205,-1046
-329,-1082,-206,-225,-9649,6009,-202,-1041
-325,-1079,-205,-224,-9649,6009,-198,-1038
-321,-1075,-205,-224,-9649,6009,-195,-1036
-316,-1071,-204,-223,-9649,6009,-190,-1031
-311,-1066,-203,-222,-9649,6009,-187,-1026
-308,-1061,-201,-220,-9649,6009,-185,-1022
-306,-1056,-200,-220,-9649,6009,-183,-1018
-303,-1052,-199,-218,-9649,6009,-180,-1011
-300,-1047,-198,-217,-9649,6009,-178,-1007
-296,-1042,-196,-216,-9649,6009,-175,-1003
-294,-1038,-195,-215,-9649,6009,-173,-999
-292,-1035,-194,-214,-9649,6009,-173,-997
-290,-1033,-193,-213,-9649,6009,-172,-993
-287,-1028,-191,-212,-9649,6009,-169,-990
-284,-1024,-191,-211,-9649,6009,-167,-983
-281,-1019,-190,-211,-9649,6009,-163,-980
-278,-1015,-189,-210,-9649,6009,-161,-976
-274,-1011,-188,-209,-9649,6009,-157,-972
-271,-1007,-187,-208,-9649,6009,-157,-969
-268,-1003,-187,-207,-9649,6009,-155,-964
-265,-998,-186,-208,-9649,6009,-150,-960
-262,-994,-185,-208,-9649,6009,-146,-957
-258,-990,-183,-209,-9649,6009,-144,-950
-255,-986,-181,-209,-9649,6009,-140,-947
-252,-981,-180,-209,-9649,6009,-137,-942
-249,-978,-180,-209,-9649,6009,-135,-938
-247,-974,-180,-208,-9649,6009,-134,-936
-244,-971,-179,-207,-9649,6009,-130,-932
-240,-966,-177,-206,-9649,6009,-126,-926
-236,-962,-177,-205,-9649,6009,-124,-921
-233,-958,-176,-205,-9649,6009,-122,-919
-232,-955,-174,-205,-9649,6009,-119,-916
-230,-953,-173,-203,-9649,6009,-118,-914
-227,-949,-172,-203,-9649,6009,-115,-910
-223,-945,-171,-203,-9649,6009,-112,-904
-219,-941,-170,-204,-9649,6010,-108,-900
-216,-937,-169,-203,-9649,6011,-106,-897
-213,-932,-168,-202,-9649,6010,-103,-892
-212,-929,-167,-201,-9649,6009,-102,-889
-210,-927,-166,-200,-9649,6009,-100,-887
-207,-924,-165,-200,-9649,6008,-97,-882
-203,-921,-163,-200,-9649,6009,-95,-880
-200,-917,-162,-199,-9649,6010,-92,-876
-198,-913,-162,-198,-9649,6010,-90,-872
-197,-910,-161,-197,-9649,6010,-91,-869
-195,-907,-160,-196,-9649,6010,-89,-866
-191,-903,-159,-196,-9649,6010,-86,-863
-188,-899,-158,-195,-9649,6010,-84,-856
-186,-895,-157,-194,-9649,6010,-81,-854
-184,-892,-157,-193,-9649,6010,-79,-852
-182,-890,-156,-191,-9649,6010,-80,-849
-180,-888,-155,-188,-9649,6009,-78,-847
-177,-885,-155,-187,-9649,6008,-78,-844
-175,-882,-153,-187,-9649,6009,-76,-842
-173,-879,-152,-188,-9649,6009,-73,-838
-172,-875,-151,-189,-9649,6010,-70,-833
-170,-872,-150,-188,-9649,6011,-69,-831
-167,-870,-150,-185,-9649,6011,-69,-830
-165,-868,-150,-183,-9649,6010,-67,-828
-162,-866,-149,-183,-9649,6010,-64,-827
-160,-863,-148,-183,-9649,6010,-63,-822
-158,-860,-145,-183,-9649,6010,-61,-819
-156,-857,-145,-182,-9649,6010,-59,-816
-153,-855,-145,-181,-9649,6010,-57,-814
-151,-852,-145,-181,-9649,6011,-54,-811
-149,-849,-144,-182,-9649,6012,-53,-809
-147,-846,-144,-183,-9648,6013,-51,-806
-145,-845,-144,-183,-9648,6014,-50,-804
-142,-842,-144,-182,-9648,6014,-46,-803
-140,-840,-143,-181,-9648,6013,-45,-800
-138,-837,-141,-180,-9648,6013,-43,-795
-136,-834,-140,-179,-9648,6014,-41,-792
-133,-832,-140,-179,-9648,6014,-39,-791
-130,-831,-140,-180,-9648,6014,-36,-789
-128,-828,-138,-180,-9648,6014,-34,-787
-126,-826,-136,-179,-9648,6014,-31,-782
-124,-822,-134,-179,-9648,6014,-30,-780
-123,-820,-133,-179,-9648,6014,-28,-777
-121,-819,-133,-180,-9648,6014,-26,-776
-119,-817,-134,-180,-9648,6014,-24,-775
-116,-816,-133,-179,-9648,6014,-21,-773
-114,-813,-133,-178,-9648,6013,-21,-771
-112,-810,-131,-177,-9648,6013,-20,-767
-111,-807,-130,-176,-9648,6014,-19,-762
-110,-804,-130,-176,-9648,6014,-18,-760
-108,-802,-130,-176,-9648,6013,-17,-760
-107,-800,-130,-176,-9649,6012,-15,-759
-105,-797,-130,-176,-9649,6011,-14,-756
-104,-795,-129,-175,-9649,6010,-13,-751
-102,-792,-127,-174,-9649,6010,-10,-749
-101,-790,-126,-173,-9649,6010,-10,-748
-100,-789,-126,-173,-9649,6010,-9,-747
-99,-788,-126,-173,-9649,6010,-8,-745
-98,-786,-126,-173,-9649,6011,-7,-744
-97,-784,-126,-173,-9649,6012,-6,-742
-95,-780,-126,-172,-9649,6011,-6,-739
-94,-778,-125,-171,-9649,6010,-6,-736
-93,-775,-124,-171,-9649,6010,-6,-733
-91,-773,-123,-170,-9649,6011,-3,-732
-90,-771,-123,-169,-9649,6012,-2,-731
-87,-770,-122,-169,-9649,6011,0,-730
-85,-769,-122,-169,-9649,6010,1,-728
-84,-766,-123,-170,-9649,6009,2,-726
-83,-763,-123,-169,-9649,6009,3,-723
-82,-761,-122,-169,-9649,6009,4,-719
-80,-759,-120,-167,-9649,6008,6,-717
-77,-758,-119,-166,-9649,6009,8,-716
-75,-758,-119,-166,-9649,6010,9,-715
-74,-757,-119,-166,-9648,6013,10,-715
-73,-755,-119,-166,-9648,6014,12,-714
-72,-753,-119,-166,-9648,6014,13,-711
-71,-751,-119,-166,-9648,6012,14,-709
-68,-749,-118,-165,-9649,6012,15,-708
-66,-748,-116,-164,-9648,6012,15,-706
-65,-746,-115,-163,-9648,6013,17,-705
-63,-744,-115,-163,-9648,6014,19,-703
-61,-743,-115,-163,-9648,6014,20,-701
-59,-741,-115,-162,-9648,6014,23,-700
-57,-741,-114,-162,-9648,6013,24,-700
-56,-740,-113,-163,-9648,6014,25,-697
-55,-738,-111,-164,-9648,6014,28,-694
-54,-735,-109,-164,-9648,6014,29,-692
-53,-732,-108,-164,-9648,6014,30,-688
-51,-730,-108,-163,-9648,6014,31,-686
-50,-730,-108,-163,-9648,6014,32,-686
-50,-731,-108,-163,-9648,6014,32,-687
-50,-731,-108,-163,-9648,6014,32,-686
-50,-729,-108,-164,-9648,6014,32,-684
-49,-726,-108,-163,-9648,6014,34,-682
-47,-723,-108,-162,-9648,6014,35,-678
-45,-721,-106,-161,-9648,6014,36,-677
-44,-721,-105,-160,-9648,6014,37,-677
-43,-722,-104,-160,-9648,6014,39,-677
-43,-721,-105,-160,-9648,6014,39,-677
-43,-719,-105,-160,-9648,6014,39,-675
-42,-716,-105,-160,-9648,6014,40,-672
-41,-714,-105,-160,-9648,6014,41,-670
-39,-712,-105,-160,-9648,6014,41,-670
-39,-712,-105,-160,-9648,6013,42,-668
-39,-712,-105,-160,-9648,6014,42,-668
-38,-711,-105,-160,-9648,6014,42,-668
-38,-710,-105,-160,-9648,6014,43,-666
-37,-708,-104,-159,-9648,6013,41,-665
-36,-706,-102,-158,-9648,6013,42,-664
-36,-705,-101,-157,-9649,6011,42,-662
-35,-704,-101,-157,-9649,6010,43,-660
-34,-704,-101,-157,-9649,6010,45,-659
-32,-703,-101,-157,-9649,6011,46,-660
-31,-702,-101,-157,-9649,6012,47,-659
-30,-700,-101,-157,-9649,6012,47,-657
-30,-698,-101,-157,-9648,6012,47,-654
-30,-696,-100,-158,-9648,6013,47,-651
-29,-695,-100,-158,-9648,6013,51,-651
-28,-694,-100,-158,-9648,6014,50,-650
-27,-694,-101,-157,-9648,6014,51,-650
-26,-693,-101,-157,-9648,6014,51,-651
-25,-693,-101,-157,-9648,6013,52,-651
-24,-692,-101,-157,-9648,6014,53,-648
-22,-691,-101,-157,-9648,6014,54,-650
-22,-691,-101,-157,-9648,6014,54,-649
-22,-691,-100,-156,-9648,6014,54,-648
-21,-691,-98,-156,-9648,6014,56,-646
-19,-689,-97,-157,-9648,6014,57,-645
-19,-687,-98,-158,-9648,6014,61,-643
-20,-686,-99,-158,-9648,6014,59,-642
-21,-684,-98,-158,-9648,6014,58,-640
-21,-684,-96,-157,-9648,6014,58,-640
-21,-684,-94,-157,-9648,6014,58,-639
-19,-683,-94,-157,-9648,6014,59,-638
-18,-683,-94,-157,-9648,6014,61,-637
-17,-682,-94,-157,-9648,6014,62,-637
-16,-682,-94,-157,-9648,6014,62,-637
-17,-682,-94,-157,-9648,6014,62,-637
-16,-680,-94,-157,-9648,6014,62,-634
-14,-679,-93,-156,-9648,6014,64,-633
-13,-678,-93,-156,-9648,6014,65,-633
-12,-679,-92,-155,-9648,6014,65,-633
-12,-679,-92,-155,-9648,6014,65,-634
-13,-680,-93,-156,-9648,6014,65,-634
-12,-679,-93,-156,-9648,6014,65,-634
-11,-679,-92,-155,-9648,6014,67,-633
-9,-678,-91,-155,-9648,6014,67,-633
-8,-677,-91,-154,-9648,6014,67,-632
-8,-677,-90,-154,-9648,6014,68,-632
-7,-677,-90,-154,-9648,6014,68,-632
-7,-676,-90,-154,-9648,6014,68,-631
-8,-675,-90,-154,-9648,6014,68,-629
-8,-673,-91,-154,-9648,6014,67,-628
-9,-672,-92,-155,-9648,6014,69,-627
-8,-671,-92,-155,-9648,6014,69,-626
-7,-670,-92,-155,-9648,6014,70,-626
-6,-670,-91,-154,-9648,6014,69,-626
-6,-670,-90,-154,-9648,6014,69,-626
-7,-670,-90,-154,-9648,6014,68,-626
-7,-670,-90,-154,-9648,6014,69,-626
-5,-669,-91,-154,-9648,6014,70,-625
-3,-668,-90,-154,-9648,6014,72,-625
-2,-668,-90,-154,-9648,6014,73,-623
-2,-668,-90,-154,-9648,6014,73,-623
-2,-668,-90,-154,-9648,6014,73,-623
-2,-668,-90,-154,-9648,6014,73,-623
-2,-668,-90,-154,-9648,6014,73,-623
-3,-668,-90,-154,-9648,6014,73,-623
-3,-668,-90,-154,-9648,6014,73,-623
-2,-668,-90,-154,-9648,6014,73,-623
-1,-667,-90,-154,-9648,6014,74,-622
0,-666,-90,-154,-9648,6014,75,-621
1,-665,-90,-154,-9648,6014,76,-621
1,-665,-90,-154,-9648,6014,76,-621
1,-665,-90,-154,-9648,6014,76,-621
1,-665,-90,-154,-9648,6014,76,-621
1,-665,-90,-154,-9648,6014,76,-621
1,-665,-90,-154,-9648,6014,76,-621
1,-665,-90,-154,-9648,6014,76,-621
1,-665,-90,-154,-9648,6014,76,-621
1,-665,-90,-154,-9648,6014,76,-621
1,-665,-90,-154,-9648,6014,76,-621
1,-665,-90,-154,-9648,6014,76,-621
1,-665,-90,-154,-9648,6014,76,-621
1,-665,-91,-154,-9648,6014,76,-621
1,-665,-91,-154,-9648,6014,76,-621
1,-666,-90,-154,-9648,6014,76,-621
1,-665,-90,-153,-9648,6014,76,-621
0,-664,-89,-152,-9648,6014,75,-620
0,-662,-89,-152,-9648,6014,74,-618
0,-662,-89,-152,-9648,6014,75,-618
0,-664,-89,-152,-9648,6014,75,-620
0,-664,-88,-151,-9648,6014,75,-617
0,-663,-87,-151,-9648,6014,75,-616
0,-661,-87,-151,-9648,6014,74,-615
-1,-661,-87,-151,-9648,6014,74,-615
-1,-661,-87,-151,-9648,6014,74,-615
0,-661,-87,-151,-9648,6014,74,-615
0,-661,-87,-151,-9648,6014,74,-615
0,-661,-87,-151,-9648,6014,74,-615
0,-661,-87,-151,-9648,6014,74,-615
0,-661,-87,-151,-9648,6014,74,-615
0,-661,-87,-151,-9648,6014,74,-615
0,-661,-87,-151,-9648,6014,74,-615
-1,-661,-87,-151,-9648,6014,74,-615
-1,-661,-87,-151,-9648,6014,74,-615
0,-661,-87,-151,-9648,6014,74,-615
0,-660,-87,-151,-9648,6014,75,-615
1,-659,-87,-151,-9648,6014,76,-614
3,-658,-87,-151,-9648,6014,78,-612
3,-658,-87,-151,-9648,6014,78,-612
3,-658,-87,-151,-9648,6014,78,-612
3,-658,-87,-151,-9648,6014,78,-612
3,-658,-87,-151,-9648,6014,78,-612
3,-658,-87,-151,-9648,6014,78,-612
3,-658,-88,-151,-9648,6014,78,-612
3,-658,-89,-152,-9648,6014,78,-615
3,-658,-90,-153,-9648,6014,78,-615
3,-658,-90,-153,-9648,6014,78,-615
3,-658,-90,-153,-9648,6014,78,-615
3,-658,-89,-153,-9648,6014,78,-615
3,-658,-89,-152,-9648,6014,78,-615
3,-658,-89,-152,-9648,6013,78,-615
3,-658,-89,-152,-9648,6014,78,-615
3,-658,-90,-153,-9648,6014,78,-615
3,-658,-90,-153,-9648,6014,78,-615
3,-658,-90,-153,-9648,6013,78,-615
3,-658,-90,-151,-9648,6013,78,-615
3,-658,-89,-150,-9649,6011,78,-615
3,-658,-88,-150,-9649,6011,78,-615
3,-658,-88,-151,-9649,6011,78,-612
4,-657,-88,-152,-9648,6013,79,-611
5,-659,-88,-152,-9648,6013,80,-612
6,-661,-87,-151,-9648,6014,80,-615
5,-663,-87,-151,-9648,6014,80,-616
5,-663,-88,-151,-9648,6014,80,-617
5,-661,-88,-152,-9648,6013,80,-615
4,-659,-88,-152,-9648,6014,79,-614
4,-657,-87,-151,-9648,6014,79,-611
4,-657,-87,-150,-9648,6014,79,-611
3,-658,-87,-150,-9648,6014,78,-612
3,-658,-87,-151,-9648,6014,78,-612
3,-658,-88,-152,-9648,6014,78,-612
3,-658,-88,-152,-9648,6014,78,-612
3,-659,-88,-151,-9648,6014,78,-612
3,-659,-88,-150,-9648,6014,78,-615
3,-658,-88,-149,-9648,6014,75,-615
2,-657,-89,-148,-9648,6014,75,-614
1,-656,-89,-149,-9648,6014,74,-612
1,-655,-88,-150,-9648,6014,76,-610
1,-655,-86,-151,-9648,6014,76,-610
2,-657,-87,-151,-9648,6014,76,-611
2,-658,-88,-149,-9648,6014,78,-615
2,-658,-90,-148,-9648,6014,75,-615
2,-657,-90,-147,-9648,6014,75,-614
3,-655,-90,-148,-9648,6014,75,-612
4,-654,-89,-148,-9648,6014,76,-611
6,-654,-89,-148,-9648,6014,79,-611
7,-655,-90,-147,-9648,6014,79,-611
7,-655,-90,-147,-9648,6014,79,-612
6,-655,-90,-147,-9648,6014,79,-611
6,-654,-90,-147,-9648,6014,78,-611
6,-654,-90,-147,-9648,6014,79,-611
7,-655,-90,-147,-9648,6014,79,-612
7,-656,-90,-147,-9648,6014,80,-612
7,-656,-90,-148,-9648,6014,80,-612
7,-656,-89,-148,-9648,6014,79,-612
7,-656,-88,-149,-9648,6014,79,-612
7,-656,-88,-150,-9648,6014,81,-610
8,-655,-87,-151,-9648,6014,83,-610
9,-655,-86,-151,-9648,6014,83,-609
9,-655,-86,-150,-9648,6014,84,-609
9,-655,-86,-149,-9648,6014,84,-609
9,-654,-87,-148,-9648,6014,81,-611
9,-653,-89,-148,-9648,6014,81,-610
9,-653,-90,-148,-9648,6014,81,-610
9,-653,-88,-149,-9648,6014,81,-610
10,-654,-86,-150,-9648,6014,84,-607
11,-654,-85,-150,-9648,6014,85,-609
11,-654,-86,-150,-9648,6014,85,-609
10,-654,-87,-150,-9648,6014,84,-609
8,-653,-87,-151,-9648,6014,83,-607
8,-651,-87,-151,-9648,6014,83,-606
8,-650,-87,-151,-9648,6014,83,-604
10,-650,-87,-151,-9648,6014,84,-605
10,-652,-87,-151,-9648,6014,85,-606
11,-654,-87,-151,-9648,6014,85,-607
10,-655,-87,-151,-9648,6014,85,-609
9,-655,-87,-151,-9648,6014,84,-609
8,-654,-87,-151,-9648,6014,83,-609
8,-653,-87,-151,-9648,6014,83,-607
9,-653,-87,-151,-9648,6014,84,-607
10,-653,-87,-150,-9648,6014,85,-607
11,-653,-86,-150,-9648,6014,85,-607
10,-652,-86,-149,-9648,6014,85,-606
9,-650,-86,-150,-9648,6014,84,-605
9,-650,-87,-150,-9648,6014,84,-605
10,-652,-87,-151,-9648,6014,84,-606
11,-654,-87,-151,-9648,6014,85,-609
11,-654,-87,-151,-9648,6014,85,-609
12,-651,-87,-151,-9648,6014,86,-606
12,-649,-87,-151,-9648,6014,86,-604
13,-646,-87,-151,-9648,6014,86,-601
13,-646,-87,-151,-9648,6014,86,-601
13,-647,-87,-151,-9648,6014,87,-601
13,-648,-87,-151,-9648,6014,87,-603
14,-649,-87,-151,-9648,6014,87,-604
14,-648,-87,-150,-9648,6014,87,-603
13,-647,-86,-150,-9648,6014,87,-601
13,-646,-86,-149,-9648,6014,86,-601
13,-646,-86,-149,-9648,6014,86,-601
13,-646,-87,-150,-9648,6014,86,-601
13,-647,-87,-151,-9648,6014,87,-601
13,-647,-87,-151,-9648,6013,87,-601
13,-646,-86,-150,-9648,6014,86,-601
12,-645,-84,-148,-9648,6014,86,-600
11,-644,-83,-147,-9648,6014,83,-599
10,-643,-83,-147,-9648,6013,83,-598
10,-642,-83,-147,-9648,6012,83,-598
10,-643,-83,-148,-9649,6012,84,-598
10,-643,-83,-148,-9648,6012,84,-598
10,-643,-83,-148,-9648,6013,84,-598
10,-642,-83,-147,-9648,6014,83,-598
10,-643,-83,-147,-9648,6014,83,-598
11,-644,-83,-148,-9648,6014,85,-599
11,-644,-82,-149,-9648,6013,85,-598
11,-643,-81,-150,-9648,6014,85,-596
10,-643,-81,-150,-9648,6014,85,-596
11,-643,-82,-149,-9648,6014,85,-596
11,-645,-83,-148,-9648,6014,85,-600
12,-646,-83,-147,-9648,6014,84,-601
13,-646,-83,-147,-9648,6014,84,-600
13,-645,-83,-148,-9648,6014,86,-600
13,-643,-83,-148,-9648,6014,87,-599
13,-643,-83,-148,-9648,6014,87,-598
13,-643,-83,-147,-9648,6014,85,-598
14,-644,-83,-147,-9648,6014,86,-599
16,-645,-83,-147,-9648,6014,87,-600
17,-645,-83,-147,-9648,6014,89,-600
16,-643,-83,-147,-9648,6014,87,-598
15,-641,-83,-147,-9648,6014,86,-596
15,-641,-83,-147,-9648,6014,86,-596
15,-643,-83,-147,-9648,6014,86,-598
17,-644,-83,-147,-9648,6014,87,-600
19,-644,-83,-147,-9648,6014,90,-599
20,-642,-83,-147,-9648,6014,91,-598
20,-640,-83,-147,-9648,6014,91,-596
20,-640,-83,-147,-9648,6014,91,-595
19,-641,-83,-147,-9648,6014,90,-596
19,-642,-83,-147,-9648,6014,90,-598
20,-643,-83,-147,-9648,6014,91,-598
21,-643,-83,-147,-9648,6014,92,-598
21,-642,-83,-147,-9648,6014,92,-596
21,-641,-83,-147,-9648,6014,92,-596
20,-640,-83,-147,-9648,6014,91,-596
20,-640,-83,-147,-9648,6014,91,-595
20,-640,-83,-147,-9648,6014,91,-596
21,-641,-83,-147,-9648,6014,92,-596
21,-642,-83,-147,-9648,6014,92,-596
21,-642,-83,-147,-9648,6014,92,-598
21,-642,-83,-147,-9648,6014,92,-598
21,-642,-83,-147,-9648,6014,92,-596
20,-640,-83,-148,-9648,6014,93,-595
19,-639,-84,-148,-9648,6014,90,-594
18,-638,-83,-148,-9648,6014,91,-594
19,-638,-83,-146,-9648,6014,90,-594
21,-638,-81,-145,-9648,6014,92,-594
23,-638,-80,-144,-9648,6014,93,-592
25,-638,-80,-144,-9648,6014,95,-592
25,-639,-81,-145,-9648,6014,96,-594
25,-639,-81,-145,-9648,6014,96,-594
25,-638,-81,-145,-9648,6014,95,-594
24,-638,-80,-144,-9648,6014,95,-592
23,-637,-80,-144,-9648,6014,93,-590
23,-636,-80,-144,-9648,6014,93,-589
24,-634,-80,-144,-9648,6014,95,-588
26,-633,-80,-144,-9648,6014,96,-587
27,-632,-80,-144,-9648,6014,97,-587
27,-632,-80,-144,-9648,6014,97,-585
27,-632,-80,-144,-9648,6014,97,-585
27,-632,-80,-144,-9648,6014,97,-587
27,-632,-80,-144,-9648,6014,97,-587
26,-633,-80,-144,-9648,6014,97,-587
27,-632,-80,-144,-9648,6014,97,-587
28,-632,-80,-144,-9648,6014,98,-585
30,-631,-79,-144,-9648,6014,100,-584
31,-630,-79,-143,-9648,6014,101,-584
32,-630,-78,-143,-9648,6013,101,-584
31,-630,-79,-143,-9648,6013,101,-584
31,-630,-79,-144,-9648,6014,101,-584
31,-630,-80,-144,-9648,6015,101,-584
31,-630,-80,-144,-9648,6016,101,-584
31,-630,-80,-144,-9648,6015,101,-584
31,-630,-79,-144,-9648,6014,101,-584
31,-630,-79,-145,-9648,6013,101,-584
31,-630,-78,-146,-9648,6013,102,-584
31,-630,-78,-146,-9648,6013,103,-584
32,-629,-77,-147,-9648,6014,104,-583
34,-628,-76,-148,-9648,6015,106,-582
35,-627,-76,-148,-9648,6016,107,-579
36,-627,-76,-148,-9648,6015,107,-579
35,-627,-76,-148,-9648,6014,107,-582
35,-628,-76,-148,-9648,6013,107,-582
35,-628,-76,-148,-9648,6013,107,-582
36,-628,-76,-148,-9648,6014,107,-579
35,-627,-76,-148,-9648,6014,107,-581
34,-626,-76,-148,-9648,6014,106,-581
34,-625,-76,-148,-9648,6014,106,-579
34,-625,-76,-148,-9648,6014,106,-579
34,-625,-76,-148,-9648,6014,106,-577
33,-624,-76,-148,-9648,6014,104,-578
33,-624,-76,-148,-9648,6014,104,-578
33,-623,-76,-148,-9648,6014,104,-578
33,-623,-76,-148,-9648,6014,104,-576
32,-623,-76,-148,-9648,6014,104,-576
32,-623,-77,-148,-9648,6014,104,-578
33,-623,-77,-147,-9648,6014,104,-577
34,-622,-77,-147,-9648,6014,106,-577
34,-622,-77,-147,-9648,6014,106,-577
33,-622,-77,-148,-9648,6014,104,-577
32,-621,-77,-147,-9648,6014,104,-576
33,-621,-78,-144,-9648,6014,103,-576
34,-620,-78,-143,-9648,6014,103,-574
34,-618,-79,-143,-9648,6014,103,-573
32,-619,-79,-143,-9648,6014,102,-573
32,-619,-77,-142,-9648,6014,102,-574
34,-620,-76,-141,-9648,6014,103,-574
36,-620,-75,-141,-9648,6014,104,-574
37,-619,-77,-142,-9648,6014,106,-574
37,-620,-79,-143,-9648,6014,106,-574
36,-620,-80,-144,-9648,6014,106,-574
36,-620,-79,-144,-9648,6014,106,-574
36,-618,-78,-143,-9648,6014,104,-573
35,-617,-78,-142,-9648,6014,103,-572
34,-616,-78,-142,-9648,6014,103,-571
34,-616,-78,-142,-9648,6014,103,-571
34,-617,-78,-142,-9648,6014,103,-572
35,-618,-77,-142,-9648,6014,104,-573
36,-619,-77,-141,-9648,6014,106,-574
38,-619,-77,-142,-9648,6014,107,-573
39,-618,-78,-143,-9648,6014,108,-573
40,-617,-79,-143,-9648,6014,109,-572
40,-616,-79,-144,-9648,6014,109,-571
40,-617,-79,-143,-9648,6014,109,-572
40,-617,-78,-143,-9648,6014,109,-572
41,-618,-78,-144,-9648,6014,109,-573
41,-618,-78,-145,-9648,6014,112,-573
41,-618,-79,-147,-9648,6014,112,-573
41,-618,-78,-146,-9648,6014,112,-573
41,-619,-77,-145,-9648,6014,112,-573
41,-618,-76,-143,-9648,6014,109,-573
41,-617,-76,-142,-9648,6014,109,-572
40,-615,-77,-143,-9648,6014,109,-571
41,-614,-78,-143,-9648,6014,109,-570
42,-614,-78,-142,-9648,6014,111,-568
43,-614,-77,-142,-9648,6014,112,-568
44,-614,-76,-141,-9648,6014,112,-568
44,-613,-75,-142,-9648,6014,112,-568
43,-613,-75,-142,-9648,6014,112,-568
43,-612,-74,-143,-9648,6014,112,-565
43,-612,-73,-144,-9648,6014,113,-565
43,-611,-73,-144,-9648,6014,113,-565
43,-611,-73,-144,-9648,6014,113,-565
43,-611,-73,-144,-9648,6014,112,-565
43,-612,-74,-143,-9648,6014,111,-565
43,-612,-74,-143,-9648,6014,111,-565
43,-611,-74,-144,-9648,6014,112,-565
44,-611,-74,-143,-9648,6014,112,-563
44,-611,-75,-142,-9648,6014,112,-566
44,-611,-75,-141,-9648,6014,112,-566
43,-611,-76,-141,-9648,6014,112,-567
44,-611,-75,-142,-9648,6014,112,-566
46,-610,-74,-143,-9648,6014,114,-563
46,-610,-72,-144,-9648,6014,117,-562
46,-610,-71,-144,-9648,6014,115,-563
45,-610,-72,-144,-9648,6014,115,-563
45,-610,-74,-143,-9648,6014,113,-563
46,-610,-75,-142,-9648,6014,114,-566
47,-609,-74,-141,-9648,6014,114,-565
47,-609,-73,-142,-9648,6014,115,-562
47,-609,-72,-143,-9648,6014,115,-562
47,-609,-72,-145,-9648,6014,118,-562
47,-609,-72,-145,-9648,6014,118,-562
47,-609,-73,-144,-9648,6014,117,-562
46,-610,-74,-143,-9648,6014,114,-563
45,-610,-75,-142,-9648,6014,113,-566
45,-610,-75,-141,-9648,6014,113,-566
45,-610,-75,-141,-9648,6014,113,-566
46,-610,-75,-142,-9648,6014,114,-565
46,-610,-75,-142,-9648,6014,114,-566
44,-611,-75,-142,-9648,6014,112,-566
43,-611,-75,-142,-9648,6014,112,-567
42,-612,-75,-142,-9648,6014,111,-567
43,-612,-74,-143,-9648,6014,111,-565
43,-611,-74,-143,-9648,6014,112,-565
43,-611,-73,-144,-9648,6014,112,-565
43,-611,-73,-144,-9648,6014,113,-565
43,-611,-74,-144,-9648,6014,112,-565
43,-611,-75,-142,-9648,6014,112,-567
43,-611,-75,-142,-9648,6014,112,-567
43,-611,-75,-142,-9648,6014,112,-567
43,-611,-75,-142,-9648,6014,112,-567
43,-611,-75,-142,-9648,6014,112,-567
43,-611,-75,-142,-9648,6014,112,-567
43,-611,-75,-142,-9648,6014,112,-567
43,-611,-75,-142,-9648,6014,112,-567
43,-611,-74,-143,-9648,6014,112,-565
43,-611,-73,-144,-9648,6014,113,-565
43,-611,-72,-145,-9648,6014,113,-565
43,-612,-72,-144,-9648,6014,114,-565
44,-613,-74,-143,-9648,6014,112,-566
44,-613,-75,-142,-9648,6014,112,-568
44,-613,-75,-141,-9648,6014,112,-568
43,-612,-75,-142,-9648,6014,112,-567
43,-611,-75,-142,-9648,6014,112,-567
43,-611,-75,-142,-9648,6014,112,-567
43,-612,-75,-142,-9648,6014,111,-567
43,-612,-75,-142,-9648,6014,111,-567
43,-611,-75,-142,-9648,6014,112,-567
44,-611,-75,-142,-9648,6014,112,-566
44,-610,-75,-141,-9648,6014,113,-566
44,-611,-76,-141,-9648,6014,112,-566
43,-611,-76,-141,-9648,6014,112,-567
43,-611,-76,-141,-9648,6014,112,-567
44,-611,-76,-141,-9648,6014,112,-566
45,-610,-76,-141,-9648,6014,113,-566
46,-609,-76,-140,-9648,6014,112,-565
47,-609,-76,-141,-9648,6014,114,-565
47,-609,-75,-142,-9648,6014,115,-565
47,-609,-74,-143,-9648,6014,115,-562
47,-609,-73,-144,-9648,6014,115,-562
47,-609,-74,-143,-9648,6014,114,-562
47,-609,-75,-142,-9648,6014,115,-565
47,-609,-75,-141,-9648,6014,115,-565
47,-609,-75,-141,-9648,6014,115,-565
47,-609,-75,-142,-9648,6014,115,-565
47,-609,-75,-142,-9648,6014,114,-565
47,-609,-75,-142,-9648,6014,114,-565
47,-609,-75,-141,-9648,6014,115,-565
47,-609,-76,-141,-9648,6014,115,-565
47,-609,-76,-140,-9648,6014,113,-565
46,-610,-76,-141,-9648,6014,114,-566
44,-611,-75,-141,-9648,6014,112,-566
43,-612,-75,-142,-9648,6014,111,-567
42,-612,-75,-142,-9648,6014,111,-567
43,-611,-75,-141,-9648,6014,112,-567
44,-610,-75,-141,-9648,6014,113,-566
46,-610,-75,-142,-9648,6014,114,-565
46,-610,-74,-144,-9648,6014,114,-563
45,-611,-73,-144,-9648,6014,115,-563
44,-613,-74,-144,-9648,6014,112,-566
43,-613,-75,-142,-9648,6014,112,-568
43,-613,-75,-142,-9648,6014,112,-568
43,-612,-75,-142,-9648,6014,112,-567
43,-611,-75,-142,-9648,6014,112,-567
43,-611,-75,-141,-9648,6014,112,-567
43,-611,-76,-141,-9648,6014,112,-567
43,-611,-76,-141,-9648,6014,112,-567
43,-611,-76,-141,-9648,6014,112,-567
43,-611,-76,-141,-9648,6014,112,-567
43,-612,-76,-141,-9648,6014,111,-567
42,-612,-76,-141,-9648,6014,111,-567
43,-611,-76,-141,-9648,6014,112,-567
44,-611,-76,-141,-9648,6014,112,-566
46,-610,-76,-141,-9648,6014,114,-566
47,-609,-76,-141,-9648,6014,115,-565
47,-609,-76,-141,-9648,6014,115,-565
47,-609,-76,-141,-9648,6014,115,-565
47,-609,-76,-141,-9648,6014,114,-565
47,-610,-75,-141,-9648,6014,115,-565
47,-609,-75,-142,-9648,6014,114,-565
46,-607,-75,-142,-9648,6014,114,-562
46,-605,-75,-142,-9648,6014,114,-561
47,-605,-75,-142,-9648,6014,114,-561
47,-607,-75,-142,-9648,6014,115,-562
48,-608,-75,-142,-9648,6014,117,-563
49,-609,-75,-142,-9648,6014,117,-565
50,-608,-74,-142,-9648,6014,117,-562
50,-607,-73,-142,-9648,6014,118,-560
50,-606,-72,-143,-9648,6014,118,-559
50,-604,-72,-143,-9648,6014,118,-559
50,-604,-70,-143,-9648,6014,119,-557
50,-605,-70,-143,-9648,6014,120,-559
51,-606,-72,-144,-9648,6014,120,-559
51,-606,-73,-143,-9648,6014,118,-560
49,-606,-74,-141,-9648,6014,117,-562
47,-607,-74,-138,-9648,6014,113,-562
46,-608,-74,-138,-9648,6014,112,-563
46,-609,-73,-141,-9648,6014,114,-562
47,-609,-74,-143,-9648,6014,114,-562
47,-609,-75,-143,-9648,6014,115,-562
47,-609,-75,-143,-9648,6014,115,-565
47,-609,-75,-142,-9648,6014,115,-565
47,-609,-74,-143,-9648,6014,115,-562
47,-609,-74,-143,-9648,6014,115,-562
47,-609,-74,-143,-9648,6014,115,-562
47,-609,-75,-143,-9648,6014,115,-565
47,-609,-75,-143,-9648,6014,115,-565
47,-609,-73,-143,-9648,6014,115,-562
47,-609,-72,-143,-9648,6014,115,-562
47,-609,-72,-142,-9648,6014,114,-562
46,-608,-73,-142,-9648,6014,114,-561
46,-607,-74,-142,-9648,6014,114,-563
46,-607,-75,-142,-9648,6014,114,-562
45,-606,-75,-142,-9648,6014,113,-562
45,-605,-75,-142,-9648,6014,113,-561
45,-605,-75,-141,-9648,6014,113,-561
45,-605,-76,-141,-9648,6014,113,-561
45,-605,-76,-141,-9648,6014,113,-561
45,-605,-76,-141,-9648,6014,113,-561
45,-605,-76,-141,-9648,6014,113,-561
45,-605,-76,-141,-9648,6014,113,-561
44,-605,-76,-140,-9648,6014,113,-561
44,-605,-75,-140,-9648,6014,111,-561
45,-605,-75,-140,-9648,6014,111,-561
45,-604,-75,-140,-9648,6014,111,-560
46,-604,-75,-140,-9648,6014,112,-560
47,-603,-73,-139,-9648,6014,113,-560
48,-603,-72,-138,-9648,6014,113,-557
48,-603,-72,-138,-9648,6014,114,-556
49,-602,-73,-138,-9648,6014,114,-559
49,-602,-74,-139,-9648,6014,114,-559
49,-602,-74,-139,-9648,6014,114,-559
48,-603,-72,-139,-9648,6014,114,-556
49,-602,-71,-139,-9648,6014,117,-556
49,-602,-70,-140,-9648,6014,117,-556
49,-602,-70,-140,-9648,6014,117,-556
49,-602,-69,-141,-9648,6014,117,-556
49,-602,-69,-142,-9648,6014,117,-556
49,-602,-69,-141,-9648,6014,117,-556
48,-603,-70,-140,-9648,6014,117,-556
48,-602,-70,-140,-9648,6014,117,-556
49,-602,-70,-140,-9648,6014,117,-556
50,-602,-69,-141,-9648,6014,118,-556
51,-603,-69,-141,-9648,6014,119,-556
52,-603,-69,-141,-9648,6014,119,-556
51,-602,-69,-141,-9648,6014,119,-556
51,-602,-69,-141,-9648,6014,119,-556
52,-602,-69,-141,-9648,6014,119,-555
54,-603,-69,-141,-9648,6014,122,-556
56,-604,-69,-141,-9648,6014,123,-557
56,-604,-69,-141,-9648,6014,123,-559
55,-604,-69,-141,-9648,6014,123,-559
54,-605,-69,-141,-9648,6014,122,-559
54,-605,-69,-141,-9648,6014,122,-559
54,-605,-69,-141,-9648,6014,122,-559
55,-604,-69,-141,-9648,6014,122,-559
55,-604,-69,-141,-9648,6014,122,-559
54,-605,-69,-141,-9648,6014,122,-559
54,-605,-69,-141,-9648,6014,122,-559
53,-605,-69,-141,-9648,6014,120,-559
53,-606,-69,-141,-9648,6014,120,-559
53,-606,-69,-141,-9648,6014,120,-559
54,-605,-69,-141,-9648,6014,122,-559
55,-604,-69,-141,-9648,6014,122,-559
54,-605,-70,-141,-9648,6014,122,-559
54,-605,-70,-142,-9648,6014,122,-559
54,-605,-71,-142,-9648,6014,122,-559
55,-604,-70,-143,-9648,6014,124,-557
55,-604,-71,-142,-9648,6014,123,-557
56,-604,-71,-142,-9648,6014,123,-557
55,-604,-70,-142,-9648,6014,123,-557
55,-604,-69,-142,-9648,6014,123,-557
55,-604,-69,-141,-9648,6014,123,-557
55,-604,-69,-141,-9648,6014,123,-557
55,-604,-70,-140,-9648,6014,123,-557
55,-604,-71,-140,-9648,6014,123,-557
55,-604,-71,-139,-9648,6014,123,-557
55,-604,-71,-139,-9648,6014,123,-557
56,-604,-70,-140,-9648,6014,123,-557
55,-604,-69,-141,-9648,6014,123,-559
55,-604,-68,-142,-9648,6014,124,-555
55,-603,-69,-141,-9648,6014,122,-556
55,-600,-70,-140,-9648,6014,122,-555
56,-598,-72,-139,-9648,6014,120,-552
57,-597,-72,-137,-9648,6014,122,-551
57,-597,-73,-137,-9648,6014,122,-554
57,-597,-72,-137,-9648,6014,122,-551
57,-598,-72,-138,-9648,6014,122,-552
57,-597,-72,-138,-9648,6014,122,-551
57,-597,-72,-138,-9648,6014,122,-551
57,-597,-72,-138,-9648,6014,122,-551
57,-597,-72,-138,-9648,6013,122,-551
57,-597,-72,-137,-9648,6014,122,-551
57,-597,-73,-137,-9648,6014,122,-554
57,-597,-72,-137,-9648,6014,122,-551
57,-597,-72,-139,-9648,6013,122,-551
57,-597,-70,-140,-9648,6012,124,-551
57,-597,-69,-141,-9649,6012,124,-551
57,-598,-69,-141,-9648,6012,124,-551
57,-597,-70,-140,-9648,6013,124,-551
56,-596,-72,-139,-9648,6014,122,-550
55,-594,-72,-139,-9648,6014,120,-549
55,-594,-72,-139,-9648,6014,122,-549
55,-594,-70,-140,-9648,6013,122,-549
56,-595,-69,-139,-9648,6014,123,-549
55,-594,-69,-139,-9648,6014,123,-549
55,-594,-69,-139,-9648,6014,122,-549
54,-593,-70,-140,-9648,6014,122,-548
54,-593,-70,-141,-9648,6014,122,-548
54,-593,-69,-142,-9648,6014,122,-548
54,-593,-69,-141,-9648,6014,122,-548
54,-593,-69,-141,-9648,6014,122,-548
54,-593,-68,-140,-9648,6014,122,-548
54,-593,-68,-140,-9648,6013,122,-545
54,-593,-68,-140,-9648,6013,122,-545
54,-593,-69,-141,-9648,6014,122,-548
54,-593,-69,-141,-9648,6015,122,-548
54,-593,-69,-141,-9648,6016,122,-548
54,-594,-69,-141,-9648,6015,122,-549
55,-594,-69,-141,-9648,6014,122,-549
57,-595,-69,-141,-9648,6013,124,-549
59,-593,-69,-141,-9648,6013,125,-548
60,-592,-69,-141,-9648,6014,126,-548
60,-592,-69,-141,-9648,6014,126,-546
58,-593,-69,-141,-9648,6014,125,-548
58,-594,-70,-141,-9648,6014,125,-549
59,-594,-69,-141,-9648,6014,126,-549
60,-594,-68,-140,-9648,6014,126,-546
60,-592,-67,-139,-9648,6014,126,-545
60,-591,-67,-139,-9648,6014,126,-544
59,-592,-67,-140,-9648,6014,126,-544
59,-592,-68,-140,-9648,6014,126,-545
60,-593,-68,-141,-9648,6014,126,-545
61,-594,-68,-140,-9648,6014,128,-549
61,-595,-68,-140,-9648,6014,128,-546
62,-594,-67,-139,-9648,6014,129,-546
63,-594,-66,-140,-9648,6014,129,-546
62,-594,-66,-142,-9648,6014,131,-546
63,-594,-67,-143,-9648,6014,131,-546
64,-593,-68,-143,-9648,6014,133,-545
65,-592,-69,-142,-9648,6014,134,-544
65,-591,-69,-141,-9648,6014,131,-545
65,-591,-69,-141,-9648,6014,130,-545
65,-591,-68,-140,-9648,6014,130,-545
65,-592,-67,-139,-9648,6014,131,-544
66,-592,-66,-138,-9648,6014,131,-545
66,-592,-65,-138,-9648,6014,131,-545
65,-592,-65,-138,-9648,6014,131,-544
66,-592,-66,-138,-9648,6014,131,-545
66,-592,-67,-137,-9648,6014,131,-545
65,-592,-68,-135,-9648,6014,129,-546
65,-591,-68,-134,-9648,6014,129,-545
64,-590,-69,-134,-9648,6014,128,-545
65,-591,-69,-134,-9648,6014,129,-546
65,-592,-68,-134,-9648,6014,129,-546
66,-592,-68,-134,-9648,6014,130,-548
65,-591,-68,-134,-9648,6014,129,-546
63,-589,-69,-134,-9648,6014,128,-544
63,-588,-69,-134,-9648,6014,128,-543
64,-589,-69,-134,-9648,6014,128,-544
64,-592,-69,-134,-9648,6014,128,-546
64,-593,-69,-134,-9648,6014,128,-548
63,-592,-68,-134,-9648,6014,128,-548
62,-590,-68,-134,-9648,6014,126,-545
63,-588,-68,-134,-9648,6014,126,-543
63,-587,-69,-135,-9648,6014,126,-543
63,-588,-70,-135,-9648,6014,126,-543
62,-589,-70,-136,-9648,6014,126,-544
61,-589,-69,-136,-9648,6014,125,-544
62,-589,-68,-136,-9648,6014,126,-544
61,-589,-67,-137,-9648,6014,125,-542
60,-590,-66,-137,-9648,6014,126,-543
58,-591,-66,-137,-9648,6014,125,-543
58,-591,-65,-138,-9648,6014,125,-543
60,-590,-65,-138,-9648,6014,126,-543
62,-589,-65,-138,-9648,6014,128,-542
63,-588,-66,-137,-9648,6014,129,-540
63,-588,-65,-138,-9648,6014,129,-540
63,-588,-65,-138,-9648,6014,129,-540
62,-588,-65,-139,-9648,6014,129,-540
62,-588,-64,-139,-9648,6014,129,-540
63,-588,-64,-139,-9648,6014,129,-542
64,-589,-64,-139,-9648,6014,130,-542
64,-589,-64,-139,-9648,6014,130,-542
64,-589,-64,-140,-9648,6014,130,-542
63,-589,-64,-140,-9648,6014,129,-542
62,-588,-64,-140,-9648,6014,131,-540
63,-588,-63,-140,-9648,6014,131,-540
64,-587,-62,-141,-9648,6014,133,-538
65,-587,-62,-142,-9648,6014,133,-538
64,-587,-62,-142,-9648,6014,133,-538
64,-588,-62,-142,-9648,6014,131,-538
64,-588,-63,-140,-9648,6014,133,-540
64,-587,-65,-139,-9648,6014,130,-540
65,-587,-65,-138,-9648,6014,131,-539
66,-586,-65,-138,-9648,6014,133,-539
67,-585,-65,-139,-9648,6014,133,-538
67,-586,-64,-139,-9648,6014,133,-539
66,-586,-64,-139,-9648,6014,131,-539
65,-587,-65,-138,-9648,6014,131,-539
66,-586,-65,-138,-9648,6014,131,-539
67,-586,-65,-138,-9648,6014,133,-539
67,-585,-65,-138,-9648,6014,133,-538
67,-585,-65,-138,-9648,6014,133,-538
67,-585,-65,-138,-9648,6014,133,-538
67,-586,-65,-138,-9648,6014,133,-539
67,-585,-65,-138,-9648,6014,133,-538
67,-585,-65,-138,-9648,6014,133,-538
67,-585,-65,-138,-9648,6014,133,-538
67,-585,-65,-138,-9648,6014,133,-538
67,-585,-65,-138,-9648,6014,133,-538
67,-585,-65,-138,-9648,6014,133,-538
67,-585,-65,-138,-9648,6014,133,-538
67,-585,-65,-138,-9648,6014,133,-538
67,-585,-65,-138,-9648,6014,133,-538
67,-585,-65,-138,-9648,6014,133,-538
67,-585,-65,-138,-9648,6013,133,-538
67,-585,-65,-138,-9648,6014,133,-538
67,-585,-65,-138,-9648,6014,133,-538
67,-585,-65,-138,-9648,6014,133,-538
67,-585,-65,-138,-9648,6013,133,-538
67,-585,-65,-138,-9648,6012,133,-538
67,-585,-65,-138,-9649,6012,133,-538
67,-585,-65,-138,-9648,6012,133,-538
67,-585,-65,-138,-9648,6013,133,-538
67,-585,-65,-138,-9648,6014,133,-538
67,-585,-65,-138,-9648,6014,133,-538
67,-585,-65,-138,-9648,6014,133,-538
67,-585,-65,-138,-9648,6013,133,-538
67,-585,-66,-138,-9648,6012,133,-538
67,-585,-66,-138,-9649,6012,133,-538
67,-585,-65,-137,-9648,6012,133,-538
67,-586,-65,-137,-9648,6013,133,-539
67,-586,-64,-137,-9648,6014,133,-539
67,-585,-65,-137,-9648,6014,133,-538
66,-584,-65,-138,-9648,6014,133,-537
66,-584,-65,-138,-9648,6013,131,-537
66,-584,-65,-137,-9648,6014,133,-537
67,-585,-64,-137,-9648,6014,133,-538
67,-586,-65,-137,-9648,6014,133,-539
68,-586,-65,-137,-9648,6014,134,-539
67,-586,-66,-138,-9648,6014,133,-539
66,-585,-66,-138,-9648,6014,133,-538
66,-583,-65,-137,-9648,6014,131,-537
67,-583,-65,-137,-9648,6014,133,-535
68,-582,-64,-137,-9648,6014,134,-535
69,-583,-65,-137,-9648,6014,134,-537
70,-584,-65,-137,-9648,6014,136,-537
71,-583,-66,-138,-9648,6014,136,-537
72,-583,-66,-138,-9648,6014,137,-537
72,-583,-66,-138,-9648,6014,137,-535
71,-583,-66,-138,-9648,6014,136,-537
71,-583,-65,-137,-9648,6014,136,-537
71,-583,-65,-137,-9648,6014,136,-537
72,-583,-65,-137,-9648,6014,137,-535
73,-582,-65,-137,-9648,6014,137,-535
74,-582,-65,-137,-9648,6014,139,-535
74,-582,-65,-137,-9648,6014,139,-535
73,-582,-64,-137,-9648,6014,137,-535
72,-581,-65,-137,-9648,6014,137,-534
72,-579,-65,-137,-9648,6014,137,-532
73,-576,-66,-138,-9648,6014,137,-529
73,-576,-66,-138,-9648,6014,139,-529
73,-576,-65,-137,-9648,6014,139,-529
73,-577,-63,-136,-9648,6014,137,-531
73,-577,-62,-135,-9648,6014,136,-531
73,-576,-62,-134,-9648,6014,136,-531
73,-576,-62,-134,-9648,6014,136,-531
73,-576,-62,-134,-9648,6014,136,-531
73,-576,-62,-134,-9648,6014,136,-531
73,-576,-62,-135,-9648,6014,136,-531
73,-576,-63,-136,-9648,6014,139,-529
73,-576,-63,-136,-9648,6014,136,-531
73,-576,-63,-135,-9648,6014,136,-531
73,-576,-63,-135,-9648,6014,136,-531
73,-576,-63,-135,-9648,6014,136,-531
73,-576,-63,-136,-9648,6014,136,-531
73,-576,-63,-136,-9648,6014,139,-529
73,-576,-62,-135,-9648,6014,136,-531
73,-576,-62,-134,-9648,6014,136,-531
73,-576,-62,-134,-9648,6014,136,-531
73,-576,-62,-134,-9648,6014,136,-531
73,-576,-62,-135,-9648,6014,136,-531
73,-576,-62,-135,-9648,6014,136,-531
73,-576,-62,-134,-9648,6014,136,-531
73,-576,-62,-134,-9648,6014,136,-531
73,-576,-62,-134,-9648,6014,136,-531
73,-576,-62,-134,-9648,6014,136,-531
73,-576,-62,-134,-9648,6014,136,-531
72,-576,-62,-134,-9648,6014,135,-531
73,-576,-62,-134,-9648,6014,136,-529
74,-576,-62,-134,-9648,6014,137,-529
77,-576,-62,-135,-9648,6014,140,-529
78,-575,-62,-135,-9648,6014,141,-529
78,-575,-62,-134,-9648,6014,141,-528
77,-574,-62,-134,-9648,6014,140,-528
77,-574,-62,-134,-9648,6014,139,-527
77,-574,-62,-135,-9648,6014,139,-527
77,-574,-63,-136,-9648,6014,142,-528
77,-574,-64,-136,-9648,6014,142,-528
77,-574,-63,-136,-9648,6014,142,-528
77,-574,-62,-135,-9648,6014,140,-528
77,-574,-62,-134,-9648,6014,140,-528
78,-574,-62,-134,-9648,6014,140,-528
78,-573,-62,-134,-9648,6014,141,-527
79,-573,-62,-135,-9648,6014,141,-527
78,-572,-62,-135,-9648,6014,140,-526
77,-571,-62,-134,-9648,6014,140,-526
78,-571,-62,-134,-9648,6014,140,-526
78,-571,-62,-134,-9648,6014,141,-524
79,-571,-62,-134,-9648,6014,141,-524
81,-571,-62,-134,-9648,6014,142,-524
81,-571,-62,-134,-9648,6014,144,-524
81,-570,-62,-135,-9648,6014,142,-524
81,-570,-62,-135,-9648,6014,142,-524
80,-570,-62,-135,-9648,6014,142,-524
80,-570,-62,-134,-9648,6014,142,-523
80,-569,-62,-134,-9648,6014,142,-523
79,-567,-62,-135,-9648,6014,141,-522
79,-567,-61,-135,-9648,6014,144,-521
79,-567,-61,-136,-9648,6014,144,-520
79,-567,-60,-137,-9648,6014,144,-520
79,-567,-59,-137,-9648,6014,144,-520
79,-567,-59,-138,-9648,6014,146,-520
79,-567,-58,-138,-9648,6014,145,-520
78,-567,-58,-138,-9648,6014,145,-520
79,-567,-59,-138,-9648,6014,146,-520
80,-566,-59,-138,-9648,6014,147,-518
82,-565,-59,-138,-9648,6014,148,-517
82,-566,-58,-138,-9648,6014,148,-518
80,-567,-58,-137,-9648,6014,145,-518
79,-567,-57,-137,-9648,6014,144,-520
79,-566,-58,-137,-9648,6014,144,-518
81,-565,-58,-138,-9648,6014,147,-517
83,-565,-58,-137,-9648,6014,147,-517
84,-566,-57,-137,-9648,6014,148,-518
85,-567,-58,-137,-9648,6014,148,-520
85,-567,-58,-138,-9648,6014,151,-520
85,-567,-59,-138,-9648,6014,151,-520
85,-568,-59,-139,-9648,6014,151,-520
85,-568,-59,-138,-9648,6014,151,-521
86,-569,-58,-138,-9648,6014,152,-521
87,-568,-57,-137,-9648,6014,151,-520
88,-567,-57,-137,-9648,6014,152,-518
89,-567,-58,-137,-9648,6014,152,-520
87,-568,-59,-138,-9648,6014,153,-520
85,-568,-59,-139,-9648,6014,151,-521
84,-568,-59,-138,-9648,6014,150,-520
84,-567,-57,-137,-9648,6014,148,-520
86,-567,-57,-137,-9648,6014,150,-518
89,-567,-58,-137,-9648,6014,152,-518
88,-566,-58,-138,-9648,6014,153,-518
85,-565,-58,-138,-9648,6014,151,-517
83,-564,-57,-137,-9648,6014,148,-517
82,-564,-57,-137,-9648,6014,146,-516
84,-564,-58,-136,-9648,6014,148,-516
87,-565,-60,-135,-9648,6014,151,-517
89,-565,-60,-133,-9648,6014,151,-517
89,-565,-60,-133,-9648,6014,151,-520
88,-563,-60,-133,-9648,6014,150,-516
87,-562,-59,-133,-9648,6014,148,-515
86,-562,-59,-132,-9648,6014,148,-515
87,-562,-58,-132,-9648,6014,148,-515
87,-562,-59,-132,-9648,6014,148,-515
88,-562,-59,-132,-9648,6014,150,-515
88,-562,-60,-133,-9648,6014,150,-515
89,-561,-59,-132,-9648,6014,150,-513
90,-561,-59,-132,-9648,6014,151,-513
90,-560,-59,-132,-9648,6014,152,-512
91,-560,-60,-133,-9648,6014,152,-512
91,-560,-59,-132,-9648,6014,152,-512
91,-560,-59,-132,-9648,6014,152,-512
91,-560,-58,-131,-9648,6014,152,-512
91,-560,-58,-131,-9648,6014,152,-512
91,-560,-58,-131,-9648,6014,152,-512
91,-560,-58,-132,-9648,6014,152,-512
91,-560,-58,-132,-9648,6014,152,-512
91,-560,-58,-131,-9648,6014,152,-512
91,-560,-58,-131,-9648,6014,152,-512
91,-560,-58,-131,-9648,6014,152,-512
91,-560,-58,-132,-9648,6014,152,-512
91,-560,-57,-132,-9648,6014,152,-512
91,-560,-57,-133,-9648,6014,152,-512
91,-560,-57,-133,-9648,6014,152,-512
91,-560,-57,-133,-9648,6014,152,-512
92,-560,-57,-133,-9648,6014,152,-512
93,-559,-57,-132,-9648,6014,153,-511
93,-557,-58,-132,-9648,6014,155,-510
93,-556,-58,-131,-9648,6014,155,-509
93,-556,-58,-131,-9648,6014,153,-509
92,-554,-58,-131,-9648,6013,153,-507
93,-553,-58,-131,-9648,6013,153,-506
93,-553,-58,-132,-9648,6014,153,-506
94,-554,-58,-133,-9648,6015,155,-507
94,-555,-57,-133,-9648,6016,155,-507
94,-556,-56,-131,-9648,6015,155,-509
94,-555,-56,-130,-9648,6014,155,-507
94,-554,-56,-129,-9648,6014,155,-507
93,-553,-56,-129,-9648,6015,153,-506
93,-552,-56,-129,-9648,6016,153,-506
93,-553,-55,-128,-9648,6015,151,-506
93,-553,-54,-128,-9648,6014,153,-506
93,-553,-54,-129,-9648,6013,153,-506
94,-552,-54,-130,-9648,6013,155,-504
96,-551,-54,-131,-9648,6014,157,-502
97,-550,-54,-132,-9648,6014,159,-501
97,-550,-54,-134,-9648,6014,159,-501
96,-551,-54,-134,-9648,6014,158,-502
95,-551,-54,-135,-9648,6014,158,-502
96,-551,-55,-135,-9648,6014,158,-504
97,-551,-55,-135,-9648,6014,159,-504
97,-550,-55,-135,-9648,6014,159,-501
97,-550,-55,-135,-9648,6014,159,-501
97,-550,-55,-135,-9648,6014,159,-501
97,-550,-55,-135,-9648,6014,159,-501
97,-550,-55,-135,-9648,6014,159,-501
97,-550,-55,-135,-9648,6014,159,-501
97,-550,-55,-135,-9648,6014,159,-501
97,-550,-55,-135,-9648,6014,159,-501
97,-550,-55,-135,-9648,6014,159,-504
97,-550,-55,-135,-9648,6014,159,-501
97,-550,-54,-135,-9648,6014,159,-501
97,-550,-54,-134,-9648,6014,159,-501
98,-550,-54,-133,-9648,6014,161,-501
99,-549,-55,-133,-9648,6014,159,-502
100,-549,-56,-134,-9648,6014,162,-502
101,-549,-55,-135,-9648,6014,163,-502
101,-548,-55,-135,-9648,6014,163,-499
101,-547,-55,-135,-9648,6014,163,-499
101,-546,-55,-135,-9648,6014,163,-500
100,-545,-55,-135,-9648,6014,162,-499
99,-545,-55,-135,-9648,6014,162,-496
99,-544,-54,-134,-9648,6014,161,-495
99,-543,-53,-133,-9648,6014,161,-495
99,-543,-51,-132,-9648,6014,161,-495
99,-544,-51,-131,-9648,6014,162,-496
100,-545,-51,-132,-9648,6014,162,-496
100,-545,-53,-133,-9648,6014,162,-496
100,-545,-54,-132,-9648,6014,159,-496
100,-545,-54,-131,-9648,6014,159,-496
100,-545,-52,-131,-9648,6014,159,-496
100,-545,-51,-132,-9648,6014,162,-496
99,-544,-51,-132,-9648,6014,161,-495
98,-544,-52,-130,-9648,6014,158,-495
99,-544,-54,-129,-9648,6014,159,-498
100,-543,-54,-129,-9648,6014,159,-496
102,-542,-53,-130,-9648,6014,162,-494
103,-541,-51,-132,-9648,6014,164,-493
103,-541,-51,-132,-9648,6014,166,-493
103,-542,-51,-132,-9648,6014,166,-493
104,-542,-51,-132,-9648,6014,166,-494
104,-542,-51,-132,-9648,6014,166,-494
103,-543,-51,-132,-9648,6014,166,-494
103,-543,-51,-132,-9648,6014,164,-495
103,-545,-51,-132,-9648,6014,164,-496
104,-546,-51,-132,-9648,6014,166,-498
105,-546,-51,-132,-9648,6013,167,-498
106,-546,-51,-132,-9648,6013,168,-498
105,-545,-51,-132,-9648,6014,167,-496
105,-544,-51,-132,-9648,6015,167,-495
104,-542,-51,-132,-9648,6015,166,-494
104,-542,-51,-132,-9648,6015,166,-494
104,-543,-51,-132,-9648,6016,166,-494
105,-544,-51,-132,-9648,6017,167,-495
105,-545,-51,-132,-9648,6018,167,-496
104,-544,-51,-132,-9648,6019,167,-495
104,-542,-51,-132,-9648,6019,166,-494
104,-541,-51,-132,-9648,6018,166,-493
104,-540,-51,-132,-9648,6019,166,-491
104,-541,-51,-132,-9648,6019,166,-493
106,-541,-51,-132,-9648,6019,167,-493
107,-541,-51,-132,-9648,6017,168,-493
107,-540,-51,-132,-9648,6015,169,-491
106,-539,-51,-132,-9648,6014,168,-491
106,-539,-51,-132,-9648,6013,167,-491
106,-539,-51,-132,-9648,6013,167,-491
107,-539,-51,-132,-9648,6014,168,-490
108,-539,-52,-132,-9648,6014,169,-490
108,-539,-52,-132,-9648,6014,169,-490
107,-538,-51,-131,-9648,6014,168,-490
107,-538,-51,-131,-9648,6014,168,-489
107,-537,-50,-131,-9648,6014,168,-489
106,-538,-50,-130,-9648,6014,166,-489
106,-537,-50,-130,-9648,6014,166,-489
106,-536,-50,-131,-9648,6014,168,-488
106,-534,-51,-131,-9648,6014,167,-487
106,-533,-51,-131,-9648,6014,168,-485
107,-533,-50,-131,-9648,6014,168,-485
108,-532,-49,-130,-9648,6014,167,-485
109,-532,-48,-129,-9648,6014,168,-483
110,-534,-48,-128,-9648,6014,169,-485
111,-535,-49,-127,-9648,6014,169,-488
112,-536,-49,-127,-9648,6014,170,-488
110,-535,-49,-128,-9648,6014,169,-487
110,-533,-48,-128,-9648,6014,169,-485
110,-533,-47,-128,-9648,6014,168,-483
110,-534,-48,-129,-9648,6014,169,-484
112,-536,-49,-130,-9648,6014,170,-488
112,-536,-50,-131,-9648,6014,173,-488
111,-535,-50,-131,-9648,6014,172,-488
110,-535,-49,-130,-9648,6014,169,-487
109,-535,-48,-129,-9648,6014,168,-488
109,-536,-47,-128,-9648,6014,168,-485
109,-535,-48,-128,-9648,6014,168,-488
110,-534,-48,-129,-9648,6014,169,-487
111,-533,-48,-129,-9648,6014,169,-485
110,-534,-48,-128,-9648,6014,169,-485
109,-535,-48,-128,-9648,6014,168,-488
108,-537,-48,-128,-9648,6014,167,-489
108,-538,-48,-128,-9648,6014,167,-489
108,-537,-48,-128,-9648,6014,167,-489
109,-535,-47,-129,-9648,6014,168,-485
110,-535,-47,-129,-9648,6014,169,-485
110,-537,-48,-128,-9648,6014,169,-489
109,-538,-48,-128,-9648,6014,168,-490
108,-539,-48,-128,-9648,6014,167,-490
107,-539,-47,-129,-9648,6014,166,-489
107,-539,-47,-130,-9648,6014,168,-489
107,-538,-46,-130,-9648,6014,169,-488
107,-538,-47,-130,-9648,6014,169,-488
107,-538,-47,-129,-9648,6014,167,-488
107,-538,-48,-128,-9648,6014,167,-490
107,-538,-48,-128,-9648,6014,167,-490
107,-539,-48,-128,-9648,6014,167,-490
107,-539,-48,-129,-9648,6014,167,-490
108,-538,-49,-130,-9648,6014,167,-490
108,-538,-49,-130,-9648,6014,168,-490
109,-538,-49,-129,-9648,6014,168,-489
108,-538,-48,-129,-9648,6014,168,-490
107,-538,-48,-129,-9648,6014,167,-490
107,-539,-49,-130,-9648,6014,167,-490
108,-538,-50,-130,-9648,6014,168,-490
110,-537,-50,-131,-9648,6014,172,-489
112,-536,-50,-131,-9648,6014,173,-488
112,-536,-50,-131,-9648,6014,173,-488
112,-536,-51,-131,-9648,6014,173,-488
111,-536,-52,-132,-9648,6014,173,-488
111,-536,-52,-132,-9648,6014,173,-488
112,-536,-51,-132,-9648,6014,173,-488
112,-536,-50,-130,-9648,6014,170,-488
112,-536,-49,-130,-9648,6014,170,-489
112,-536,-49,-129,-9648,6014,170,-489
111,-536,-49,-130,-9648,6014,170,-488
110,-535,-50,-130,-9648,6014,169,-487
110,-533,-50,-130,-9648,6013,169,-485
111,-533,-49,-129,-9648,6013,169,-485
111,-532,-48,-128,-9648,6014,170,-485
111,-532,-48,-129,-9648,6015,169,-484
110,-532,-49,-130,-9648,6016,169,-484
110,-531,-49,-130,-9648,6016,169,-484
111,-530,-49,-130,-9648,6016,169,-483
112,-530,-48,-129,-9648,6017,172,-483
113,-529,-48,-128,-9648,6017,172,-482
113,-530,-48,-128,-9648,6017,172,-482
112,-530,-48,-128,-9648,6015,170,-483
111,-531,-48,-129,-9648,6014,170,-483
112,-530,-48,-129,-9648,6013,170,-483
113,-530,-48,-128,-9648,6013,172,-482
113,-529,-48,-128,-9648,6014,172,-482
113,-529,-48,-128,-9648,6014,172,-482
113,-529,-48,-128,-9648,6014,172,-482
113,-530,-48,-129,-9648,6014,172,-482
113,-529,-48,-129,-9648,6014,172,-482
113,-529,-48,-128,-9648,6014,172,-482
113,-529,-48,-128,-9648,6014,172,-482
113,-529,-48,-128,-9648,6014,172,-482
113,-529,-48,-129,-9648,6014,172,-482
113,-529,-49,-130,-9648,6014,172,-482
113,-530,-49,-130,-9648,6014,172,-482
113,-529,-49,-130,-9648,6014,172,-482
113,-529,-48,-129,-9648,6014,172,-482
113,-529,-48,-128,-9648,6014,172,-482
113,-530,-48,-128,-9648,6014,172,-482
112,-530,-48,-128,-9648,6014,170,-483
112,-530,-48,-129,-9648,6014,170,-483
112,-530,-48,-129,-9648,6014,170,-483
113,-530,-48,-128,-9648,6014,172,-482
112,-530,-48,-128,-9648,6014,170,-483
111,-531,-48,-128,-9648,6014,169,-483
110,-531,-48,-128,-9648,6014,168,-484
110,-531,-48,-128,-9648,6014,169,-484
111,-531,-48,-128,-9648,6014,170,-483
112,-530,-48,-128,-9648,6014,172,-483
113,-529,-48,-128,-9648,6014,172,-482
113,-530,-48,-128,-9648,6014,172,-482
112,-530,-48,-128,-9648,6014,172,-483
111,-531,-48,-128,-9648,6014,170,-483
111,-531,-48,-128,-9648,6014,169,-483
110,-531,-48,-128,-9648,6014,168,-484
109,-532,-48,-128,-9648,6014,168,-484
109,-532,-48,-128,-9648,6014,168,-485
109,-532,-48,-128,-9648,6014,168,-484
109,-532,-48,-128,-9648,6014,168,-484
109,-532,-48,-128,-9648,6014,168,-484
109,-532,-48,-128,-9648,6014,168,-484
110,-534,-48,-128,-9648,6014,169,-485
111,-535,-48,-128,-9648,6014,169,-487
111,-534,-48,-128,-9648,6014,169,-487
110,-534,-48,-128,-9648,6014,169,-485
110,-534,-48,-128,-9648,6014,169,-485
111,-534,-48,-128,-9648,6014,169,-487
111,-536,-48,-128,-9648,6014,170,-488
112,-537,-48,-128,-9648,6014,170,-489
112,-536,-48,-128,-9648,6014,170,-489
112,-536,-48,-128,-9648,6014,170,-488
112,-536,-48,-128,-9648,6014,170,-488
112,-536,-48,-128,-9648,6013,170,-488
112,-536,-48,-128,-9648,6013,170,-488
111,-536,-48,-128,-9648,6014,170,-489
111,-536,-48,-128,-9648,6015,170,-489
112,-536,-48,-128,-9648,6016,170,-488
112,-535,-48,-128,-9648,6015,172,-488
113,-535,-48,-128,-9648,6014,172,-488
113,-535,-48,-128,-9648,6013,172,-487
114,-535,-48,-128,-9648,6013,172,-487
114,-534,-48,-128,-9648,6014,173,-487
114,-534,-48,-128,-9648,6015,173,-487
114,-534,-48,-128,-9648,6017,173,-487
113,-535,-48,-128,-9648,6019,172,-488
113,-535,-48,-128,-9648,6019,172,-488
114,-534,-48,-128,-9648,6018,173,-487
116,-534,-48,-128,-9648,6017,174,-487
116,-534,-48,-129,-9648,6017,174,-487
115,-534,-48,-129,-9648,6016,173,-487
113,-533,-47,-128,-9648,6015,172,-483
113,-531,-47,-128,-9648,6014,172,-482
113,-530,-46,-127,-9648,6013,172,-480
112,-531,-47,-128,-9648,6013,170,-482
112,-532,-47,-128,-9648,6014,170,-483
111,-533,-48,-129,-9648,6014,169,-485
110,-532,-48,-129,-9648,6014,169,-484
110,-531,-48,-128,-9648,6014,169,-483
109,-531,-48,-128,-9648,6014,168,-484
109,-532,-48,-128,-9648,6014,168,-484
109,-532,-48,-128,-9648,6014,168,-484
109,-532,-48,-128,-9648,6014,168,-484
109,-532,-48,-128,-9648,6014,168,-484
109,-532,-48,-128,-9648,6014,168,-484
109,-532,-48,-128,-9648,6014,168,-484
109,-532,-48,-128,-9648,6014,168,-484
109,-532,-48,-128,-9648,6014,168,-484
109,-532,-48,-128,-9648,6014,168,-484
109,-532,-48,-128,-9648,6014,168,-484
109,-532,-48,-128,-9648,6014,168,-484
109,-532,-48,-128,-9648,6014,168,-484
109,-532,-48,-128,-9648,6014,168,-484
109,-532,-48,-128,-9648,6014,168,-484
109,-532,-48,-128,-9648,6014,168,-484
109,-532,-48,-128,-9648,6014,168,-484
109,-532,-48,-128,-9648,6014,168,-484
110,-531,-48,-128,-9648,6014,169,-484
111,-531,-48,-128,-9648,6014,169,-483
111,-531,-48,-128,-9648,6014,170,-483
111,-531,-48,-128,-9648,6013,169,-483
110,-531,-48,-128,-9648,6013,169,-484
110,-531,-48,-128,-9648,6014,169,-484
111,-531,-48,-128,-9648,6015,169,-483
111,-531,-48,-128,-9648,6016,170,-483
112,-530,-48,-128,-9648,6015,170,-483
112,-530,-48,-128,-9648,6014,170,-483
112,-530,-48,-128,-9648,6013,170,-483
112,-530,-48,-128,-9648,6013,170,-483
113,-530,-48,-129,-9648,6013,172,-482
113,-529,-48,-129,-9648,6013,172,-482
113,-529,-48,-128,-9648,6014,172,-482
113,-529,-48,-128,-9648,6015,172,-482
114,-529,-48,-128,-9648,6016,172,-482
113,-530,-48,-129,-9648,6015,172,-483
112,-530,-49,-129,-9648,6014,170,-483
110,-531,-49,-130,-9648,6013,169,-483
109,-532,-49,-130,-9648,6013,168,-484
110,-533,-50,-130,-9648,6014,169,-485
112,-534,-50,-131,-9648,6014,173,-487
114,-534,-50,-130,-9648,6014,173,-487
115,-534,-49,-130,-9648,6013,174,-487
115,-534,-48,-129,-9648,6014,174,-487
114,-534,-48,-129,-9648,6014,173,-487
113,-535,-49,-130,-9648,6014,172,-488
112,-536,-50,-130,-9648,6013,170,-488
111,-536,-51,-131,-9648,6012,172,-488
111,-536,-51,-132,-9649,6012,173,-488
112,-536,-52,-132,-9648,6012,173,-488
112,-536,-52,-132,-9648,6013,173,-488
112,-536,-51,-132,-9648,6014,173,-488
111,-535,-51,-132,-9648,6014,172,-487
110,-533,-51,-132,-9648,6014,170,-485
109,-532,-52,-132,-9648,6013,170,-484
109,-532,-51,-132,-9648,6014,170,-484
109,-532,-51,-132,-9648,6014,170,-484
109,-532,-51,-132,-9648,6014,170,-484
109,-532,-52,-132,-9648,6014,170,-484
109,-532,-52,-132,-9648,6014,170,-484
109,-532,-51,-132,-9648,6014,170,-484
109,-532,-50,-130,-9648,6014,168,-484
109,-532,-49,-130,-9648,6013,168,-484
109,-532,-49,-130,-9648,6013,168,-484
109,-532,-50,-131,-9648,6014,170,-484
109,-532,-51,-132,-9648,6015,170,-484
109,-532,-52,-132,-9648,6015,170,-484
109,-532,-51,-131,-9648,6015,170,-484
109,-532,-50,-130,-9648,6016,168,-484
109,-532,-50,-130,-9648,6017,168,-484
109,-532,-50,-131,-9648,6018,170,-484
109,-532,-50,-131,-9648,6019,170,-484
109,-532,-51,-131,-9648,6019,170,-484
109,-532,-50,-130,-9648,6019,168,-484
109,-532,-49,-130,-9648,6018,168,-484
109,-532,-48,-128,-9648,6017,168,-484
109,-532,-48,-129,-9648,6017,168,-484
109,-532,-49,-129,-9648,6017,168,-484
109,-532,-49,-130,-9648,6018,168,-484
110,-534,-49,-130,-9648,6019,169,-485
111,-534,-48,-129,-9648,6018,169,-487
111,-535,-48,-128,-9648,6017,169,-487
111,-535,-48,-128,-9648,6017,169,-487
111,-535,-48,-128,-9648,6017,169,-488
111,-536,-48,-129,-9648,6018,169,-488
112,-536,-48,-129,-9648,6018,170,-489
113,-536,-48,-128,-9648,6017,172,-488
114,-534,-48,-128,-9648,6016,173,-487
116,-534,-48,-128,-9648,6015,174,-485
116,-533,-48,-128,-9648,6014,174,-485
116,-534,-48,-128,-9648,6013,174,-485
115,-534,-47,-129,-9648,6013,174,-484
115,-534,-48,-128,-9648,6014,174,-487
116,-534,-48,-128,-9648,6014,174,-487
115,-533,-48,-128,-9648,6014,174,-485
115,-533,-47,-129,-9648,6014,174,-483
115,-532,-47,-129,-9648,6014,173,-482
114,-531,-48,-128,-9648,6014,173,-484
114,-531,-49,-127,-9648,6014,172,-483
113,-530,-49,-127,-9648,6014,172,-482
113,-529,-49,-127,-9648,6014,172,-482
113,-529,-48,-128,-9648,6014,172,-482
113,-529,-48,-128,-9648,6014,172,-482
113,-529,-49,-127,-9648,6014,172,-482
113,-530,-49,-127,-9648,6014,172,-482
113,-529,-49,-127,-9648,6014,172,-482
113,-529,-49,-127,-9648,6014,172,-482
113,-529,-49,-126,-9648,6014,172,-482
113,-529,-49,-127,-9648,6014,172,-482
114,-531,-49,-128,-9648,6014,173,-483
115,-532,-48,-128,-9648,6013,173,-484
116,-534,-48,-127,-9648,6013,174,-485
116,-534,-49,-127,-9648,6014,174,-487
116,-534,-50,-129,-9648,6015,174,-485
116,-534,-50,-130,-9648,6016,174,-485
116,-534,-50,-131,-9648,6017,177,-485
116,-534,-49,-130,-9648,6017,174,-487
115,-533,-49,-130,-9648,6017,174,-485
115,-532,-49,-129,-9648,6015,174,-484
115,-532,-49,-130,-9648,6014,173,-484
115,-532,-50,-130,-9648,6014,175,-484
115,-532,-50,-131,-9648,6015,175,-484
115,-532,-50,-130,-9648,6016,174,-484
115,-532,-49,-130,-9648,6015,174,-484
115,-532,-49,-130,-9648,6014,173,-484
114,-531,-50,-130,-9648,6015,173,-483
113,-529,-51,-131,-9648,6015,174,-482
113,-529,-52,-132,-9648,6015,174,-482
113,-530,-52,-133,-9648,6014,174,-482
114,-531,-51,-132,-9648,6013,174,-483
114,-531,-50,-131,-9648,6013,175,-484
114,-531,-49,-129,-9648,6014,173,-483
113,-530,-48,-129,-9648,6014,172,-483
113,-529,-48,-130,-9648,6014,172,-482
113,-529,-49,-131,-9648,6014,174,-482
113,-529,-49,-132,-9648,6014,174,-479
113,-530,-49,-131,-9648,6014,174,-483
114,-531,-48,-130,-9648,6014,172,-483
114,-531,-48,-129,-9648,6014,173,-484
114,-531,-48,-128,-9648,6014,173,-484
114,-531,-47,-129,-9648,6014,173,-482
114,-531,-48,-129,-9648,6014,173,-482
114,-531,-48,-129,-9648,6014,172,-480
112,-531,-48,-129,-9648,6014,170,-483
110,-531,-48,-128,-9648,6014,169,-483
109,-532,-47,-129,-9648,6014,168,-482
108,-532,-47,-130,-9648,6014,169,-483
109,-533,-45,-131,-9648,6014,170,-483
110,-534,-44,-132,-9648,6014,172,-484
111,-534,-44,-132,-9648,6014,172,-484
111,-535,-44,-133,-9648,6014,174,-485
111,-536,-44,-132,-9648,6014,172,-485
112,-536,-45,-132,-9648,6014,173,-487
112,-536,-46,-131,-9648,6014,173,-487
112,-536,-46,-130,-9648,6014,173,-485
113,-535,-47,-130,-9648,6014,174,-485
113,-535,-46,-130,-9648,6014,174,-485
112,-536,-47,-130,-9648,6014,173,-485
112,-536,-47,-129,-9648,6014,170,-485
113,-535,-48,-128,-9648,6014,172,-488
114,-534,-48,-128,-9648,6014,172,-487
114,-535,-48,-128,-9648,6014,173,-487
114,-536,-47,-129,-9648,6014,172,-485
114,-537,-47,-129,-9648,6014,173,-487
115,-537,-48,-128,-9648,6014,174,-489
117,-536,-48,-128,-9648,6014,175,-488
117,-534,-48,-128,-9648,6014,175,-487
116,-534,-48,-128,-9648,6014,174,-485
115,-534,-48,-128,-9648,6014,174,-485
115,-534,-48,-128,-9648,6014,174,-485
116,-534,-48,-128,-9648,6014,174,-485
116,-534,-48,-129,-9648,6014,174,-485
116,-534,-48,-129,-9648,6014,174,-485
116,-534,-48,-128,-9648,6014,174,-485
116,-534,-48,-128,-9648,6014,174,-485
116,-534,-48,-128,-9648,6014,174,-485
116,-534,-48,-129,-9648,6014,174,-485
116,-534,-49,-130,-9648,6014,174,-485
116,-534,-49,-130,-9648,6014,174,-485
116,-534,-49,-130,-9648,6014,174,-485
116,-534,-48,-129,-9648,6014,174,-485
116,-534,-47,-128,-9648,6014,174,-484
116,-534,-48,-129,-9648,6014,174,-485
116,-534,-49,-130,-9648,6013,174,-485
116,-534,-49,-130,-9648,6013,174,-485
116,-534,-49,-130,-9648,6014,174,-485
115,-534,-48,-129,-9648,6015,174,-485
115,-534,-48,-128,-9648,6015,174,-485
116,-534,-48,-128,-9648,6015,174,-485
116,-533,-48,-128,-9648,6014,174,-485
116,-534,-48,-129,-9648,6015,174,-485
114,-534,-48,-129,-9648,6015,173,-487
112,-535,-48,-128,-9648,6015,172,-488
112,-536,-48,-128,-9648,6014,170,-488
111,-536,-48,-128,-9648,6013,169,-489
111,-536,-48,-128,-9648,6013,170,-489
112,-536,-48,-128,-9648,6014,170,-488
112,-536,-48,-128,-9648,6014,170,-488
112,-536,-48,-128,-9648,6014,170,-488
112,-536,-47,-129,-9648,6014,170,-485
112,-536,-47,-129,-9648,6014,170,-485
112,-536,-48,-128,-9648,6014,170,-488
112,-536,-48,-128,-9648,6014,170,-488
112,-536,-48,-128,-9648,6014,170,-488
112,-536,-47,-129,-9648,6014,170,-485
112,-536,-47,-130,-9648,6014,173,-485
112,-536,-46,-130,-9648,6014,173,-485
112,-536,-47,-130,-9648,6014,173,-485
112,-536,-47,-129,-9648,6014,170,-485
112,-536,-48,-128,-9648,6014,170,-488
112,-536,-47,-129,-9648,6014,170,-485
112,-536,-46,-130,-9648,6014,173,-485
111,-536,-46,-131,-9648,6014,172,-487
111,-536,-46,-130,-9648,6014,172,-487
112,-536,-47,-129,-9648,6014,170,-485
112,-535,-47,-129,-9648,6014,172,-485
113,-535,-48,-128,-9648,6014,172,-488
112,-535,-48,-128,-9648,6014,172,-488
113,-535,-47,-129,-9648,6014,172,-485
114,-534,-47,-129,-9648,6014,173,-484
115,-534,-47,-129,-9648,6014,174,-484
116,-533,-48,-128,-9648,6014,174,-485
116,-534,-48,-128,-9648,6014,174,-485
115,-534,-48,-128,-9648,6014,174,-485
115,-534,-48,-128,-9648,6014,174,-485
116,-534,-47,-129,-9648,6014,174,-484
115,-534,-47,-129,-9648,6014,174,-484
115,-534,-48,-128,-9648,6014,174,-485
116,-534,-48,-128,-9648,6014,174,-485
116,-533,-49,-127,-9648,6014,174,-485
116,-534,-50,-126,-9648,6014,172,-485
114,-534,-50,-126,-9648,6014,170,-487
112,-535,-50,-126,-9648,6014,169,-488
111,-536,-50,-126,-9648,6014,168,-489
111,-536,-50,-126,-9648,6014,168,-489
112,-536,-50,-126,-9648,6014,168,-488
113,-535,-50,-126,-9648,6014,169,-488
113,-535,-49,-127,-9648,6014,172,-488
112,-535,-48,-128,-9648,6014,172,-488
112,-536,-48,-128,-9648,6014,170,-488
111,-536,-47,-129,-9648,6014,170,-487
111,-536,-47,-129,-9648,6014,170,-487
112,-536,-48,-128,-9648,6014,170,-488
112,-536,-48,-128,-9648,6014,170,-488
112,-536,-48,-128,-9648,6014,170,-488
112,-536,-47,-129,-9648,6014,170,-485
112,-536,-47,-129,-9648,6014,170,-485
112,-536,-48,-128,-9648,6014,170,-488
112,-536,-48,-128,-9648,6014,170,-488
112,-536,-47,-129,-9648,6014,170,-485
111,-536,-46,-130,-9648,6014,172,-487
111,-536,-45,-131,-9648,6014,172,-487
111,-536,-45,-131,-9648,6014,172,-487
112,-535,-46,-130,-9648,6014,173,-485
114,-534,-47,-129,-9648,6014,173,-484
116,-534,-48,-128,-9648,6014,174,-485
116,-534,-48,-128,-9648,6014,174,-485
115,-534,-47,-129,-9648,6014,173,-484
114,-534,-47,-129,-9648,6014,173,-484
113,-535,-47,-129,-9648,6014,172,-485
112,-536,-48,-128,-9648,6013,170,-488
112,-536,-48,-128,-9648,6013,170,-488
112,-536,-47,-129,-9648,6014,170,-485
112,-536,-48,-128,-9648,6015,170,-488
113,-535,-48,-128,-9648,6016,172,-487
114,-534,-48,-128,-9648,6015,173,-487
114,-534,-47,-129,-9648,6014,173,-484
114,-535,-47,-129,-9648,6014,172,-485
113,-535,-48,-128,-9648,6015,172,-487
112,-535,-49,-127,-9648,6017,172,-488
112,-536,-50,-126,-9648,6018,170,-488
111,-536,-50,-126,-9648,6018,168,-489
111,-536,-50,-126,-9648,6018,168,-489
112,-536,-50,-126,-9648,6017,168,-489
112,-536,-50,-125,-9648,6016,168,-489
111,-536,-51,-125,-9648,6014,168,-488
111,-535,-51,-125,-9648,6014,167,-487
110,-534,-51,-125,-9648,6015,167,-487
111,-535,-51,-125,-9648,6016,168,-488
112,-536,-51,-125,-9648,6017,168,-488
112,-536,-51,-125,-9648,6016,168,-489
111,-535,-51,-125,-9648,6015,168,-488
110,-533,-51,-125,-9648,6014,167,-485
109,-532,-51,-125,-9648,6013,166,-484
109,-531,-50,-126,-9648,6013,166,-484
109,-532,-49,-127,-9648,6014,168,-484
110,-534,-48,-128,-9648,6014,169,-485
110,-534,-47,-129,-9648,6014,169,-484
110,-533,-47,-129,-9648,6013,168,-483
109,-532,-48,-128,-9648,6013,168,-485
110,-533,-48,-128,-9648,6014,169,-485
111,-534,-48,-128,-9648,6015,169,-487
112,-536,-47,-129,-9648,6016,170,-485
112,-537,-48,-128,-9648,6015,170,-489
112,-536,-48,-128,-9648,6014,170,-489
112,-536,-48,-128,-9648,6013,170,-488
112,-536,-48,-128,-9648,6013,170,-488
112,-536,-48,-128,-9648,6014,170,-488
112,-536,-48,-129,-9648,6014,170,-488
112,-536,-48,-129,-9648,6014,170,-488
112,-536,-48,-128,-9648,6014,170,-488
112,-536,-48,-128,-9648,6014,170,-488
112,-536,-48,-128,-9648,6014,170,-488
112,-536,-48,-129,-9648,6014,170,-488
112,-536,-49,-130,-9648,6014,170,-488
112,-536,-49,-130,-9648,6014,170,-488
112,-536,-49,-130,-9648,6014,170,-488
112,-536,-48,-129,-9648,6014,170,-488
112,-536,-48,-128,-9648,6014,170,-488
112,-536,-48,-128,-9648,6014,170,-488
112,-536,-48,-128,-9648,6014,170,-488
112,-536,-48,-129,-9648,6014,170,-488
112,-536,-48,-129,-9648,6014,170,-488
112,-536,-48,-128,-9648,6014,170,-488
112,-536,-48,-128,-9648,6014,170,-488
112,-536,-48,-128,-9648,6014,170,-488
112,-536,-48,-128,-9648,6014,170,-488
112,-536,-48,-128,-9648,6014,170,-488
112,-536,-48,-128,-9648,6014,170,-488
112,-536,-48,-128,-9648,6014,170,-488
112,-536,-48,-128,-9648,6014,170,-488
112,-536,-48,-129,-9648,6014,170,-488
112,-536,-48,-129,-9648,6014,170,-488
112,-536,-48,-128,-9648,6014,170,-488
112,-536,-48,-128,-9648,6014,170,-488
112,-536,-48,-128,-9648,6014,170,-488
112,-536,-48,-129,-9648,6014,170,-488
112,-536,-49,-130,-9648,6014,170,-488
112,-536,-49,-130,-9648,6014,170,-488
111,-536,-49,-130,-9648,6014,170,-489
111,-536,-48,-129,-9648,6014,169,-489
112,-536,-48,-128,-9648,6014,170,-488
112,-535,-48,-128,-9648,6014,172,-488
114,-534,-48,-129,-9648,6014,173,-487
116,-534,-48,-129,-9648,6014,174,-485
116,-533,-48,-128,-9648,6014,174,-485
116,-534,-48,-128,-9648,6014,174,-485
115,-534,-48,-129,-9648,6014,174,-485
115,-534,-49,-129,-9648,6014,174,-485
116,-534,-50,-130,-9648,6014,174,-485
116,-534,-50,-131,-9648,6014,177,-485
116,-534,-50,-131,-9648,6014,177,-485
116,-534,-50,-131,-9648,6014,177,-485
116,-534,-50,-131,-9648,6014,177,-485
116,-534,-50,-131,-9648,6014,177,-485
116,-534,-51,-131,-9648,6014,177,-485
116,-534,-51,-131,-9648,6014,177,-485
116,-534,-50,-131,-9648,6014,177,-485
116,-534,-49,-130,-9648,6014,174,-485
116,-534,-48,-129,-9648,6014,174,-484
116,-534,-47,-130,-9648,6014,177,-484
116,-534,-48,-131,-9648,6014,177,-484
116,-534,-49,-132,-9648,6014,177,-485
115,-534,-50,-133,-9648,6014,175,-485
116,-534,-51,-133,-9648,6014,177,-485
116,-534,-50,-133,-9648,6014,177,-487
116,-534,-50,-133,-9648,6014,177,-487
116,-535,-50,-133,-9648,6014,177,-488
115,-536,-50,-132,-9648,6013,175,-488
115,-536,-50,-131,-9648,6013,175,-488
115,-536,-50,-131,-9648,6014,175,-488
116,-535,-50,-131,-9648,6015,177,-487
116,-534,-50,-130,-9648,6016,174,-485
116,-533,-49,-130,-9648,6015,174,-485
115,-534,-49,-130,-9648,6014,173,-485
114,-534,-50,-130,-9648,6013,173,-487
114,-534,-50,-131,-9648,6013,175,-487
115,-534,-50,-131,-9648,6014,175,-487
115,-534,-50,-130,-9648,6014,174,-485
115,-534,-49,-129,-9648,6014,174,-485
115,-534,-48,-129,-9648,6014,173,-487
114,-534,-48,-128,-9648,6014,173,-487
114,-534,-48,-128,-9648,6014,173,-487
115,-534,-48,-129,-9648,6014,174,-487
116,-534,-48,-128,-9648,6014,174,-485
116,-534,-47,-128,-9648,6014,174,-484
116,-534,-48,-128,-9648,6014,174,-485
115,-534,-49,-130,-9648,6014,174,-485
115,-533,-50,-131,-9648,6013,177,-485
116,-534,-52,-132,-9648,6013,177,-487
116,-534,-52,-132,-9648,6013,177,-487
117,-536,-51,-131,-9648,6015,178,-488
117,-536,-50,-131,-9648,6018,178,-488
117,-536,-50,-131,-9648,6019,178,-488
116,-534,-50,-131,-9648,6017,177,-487
116,-534,-50,-130,-9648,6015,174,-487
115,-533,-49,-130,-9648,6014,174,-485
116,-534,-47,-129,-9648,6015,174,-484
116,-534,-47,-130,-9648,6017,177,-484
116,-534,-47,-131,-9648,6017,177,-484
116,-534,-48,-131,-9648,6016,177,-484
116,-534,-49,-130,-9648,6014,177,-485
116,-534,-49,-130,-9648,6014,174,-485
116,-534,-49,-130,-9648,6015,174,-487
116,-534,-50,-130,-9648,6015,174,-487
115,-533,-49,-130,-9648,6016,174,-485
115,-532,-49,-130,-9648,6017,173,-484
114,-531,-49,-129,-9648,6017,173,-483
114,-531,-49,-130,-9648,6017,173,-483
114,-531,-50,-130,-9648,6016,172,-483
114,-531,-51,-131,-9648,6015,174,-483
113,-530,-51,-132,-9648,6014,174,-483
113,-529,-50,-131,-9648,6013,174,-482
113,-529,-49,-130,-9648,6013,172,-482
112,-530,-48,-128,-9648,6014,170,-483
111,-531,-47,-128,-9648,6014,170,-480
111,-531,-47,-128,-9648,6014,169,-482
110,-531,-48,-129,-9648,6014,168,-484
109,-532,-49,-130,-9648,6014,168,-484
109,-532,-49,-130,-9648,6014,168,-484
109,-532,-49,-130,-9648,6014,168,-484
109,-532,-48,-129,-9648,6014,168,-484
109,-532,-48,-128,-9648,6014,168,-484
109,-532,-48,-128,-9648,6014,168,-484
109,-532,-48,-128,-9648,6014,168,-485
109,-532,-48,-129,-9648,6014,168,-483
109,-531,-48,-129,-9648,6014,168,-482
110,-531,-48,-128,-9648,6014,169,-484
111,-532,-48,-128,-9648,6014,170,-485
112,-534,-48,-128,-9648,6014,170,-487
112,-536,-48,-129,-9648,6014,170,-485
111,-537,-48,-130,-9648,6014,173,-489
111,-537,-48,-131,-9648,6013,172,-487
112,-536,-47,-131,-9648,6013,173,-485
113,-535,-46,-130,-9648,6014,174,-485
114,-534,-47,-130,-9648,6015,175,-484
115,-534,-48,-130,-9648,6015,177,-484
116,-533,-50,-131,-9648,6016,177,-485
116,-534,-50,-133,-9648,6016,177,-485
115,-534,-51,-133,-9648,6015,177,-485
115,-534,-50,-133,-9648,6015,177,-485
116,-534,-50,-131,-9648,6014,177,-485
116,-534,-50,-130,-9648,6013,174,-485
116,-534,-49,-130,-9648,6013,174,-485
116,-534,-50,-130,-9648,6014,174,-485
116,-534,-50,-131,-9648,6014,177,-485
116,-534,-50,-131,-9648,6014,177,-487
116,-534,-50,-131,-9648,6014,177,-487
115,-533,-49,-130,-9648,6014,174,-485
115,-532,-48,-129,-9648,6014,173,-484
115,-532,-48,-129,-9648,6014,173,-484
115,-533,-49,-129,-9648,6014,174,-485
115,-533,-50,-131,-9648,6014,177,-485
115,-532,-52,-132,-9648,6014,175,-484
114,-531,-52,-132,-9648,6014,174,-483
114,-531,-51,-131,-9648,6014,174,-483
114,-532,-50,-131,-9648,6014,175,-484
116,-534,-50,-130,-9648,6014,174,-485
116,-534,-51,-131,-9648,6014,177,-487
116,-534,-51,-131,-9648,6014,177,-485
113,-532,-50,-131,-9648,6014,174,-484
111,-533,-49,-130,-9648,6014,169,-485
110,-534,-48,-129,-9648,6014,169,-485
110,-535,-49,-129,-9648,6014,169,-487
110,-534,-49,-130,-9648,6014,169,-487
110,-534,-49,-130,-9648,6014,169,-485
109,-533,-48,-129,-9648,6014,168,-485
110,-533,-48,-128,-9648,6014,169,-485
110,-533,-48,-128,-9648,6013,169,-485
110,-533,-48,-128,-9648,6013,169,-485
109,-533,-48,-129,-9648,6014,168,-485
110,-533,-48,-129,-9648,6015,169,-485
110,-534,-48,-128,-9648,6016,169,-487
111,-535,-48,-128,-9648,6015,169,-488
111,-535,-48,-128,-9648,6014,169,-488
111,-535,-48,-128,-9648,6014,169,-487
110,-534,-48,-128,-9648,6015,169,-487
110,-534,-48,-128,-9648,6017,169,-485
110,-534,-48,-128,-9648,6018,169,-485
111,-534,-48,-128,-9648,6018,169,-487
111,-535,-48,-128,-9648,6019,169,-487
110,-534,-48,-128,-9648,6019,169,-485
109,-532,-48,-128,-9648,6019,168,-484
108,-531,-48,-128,-9648,6018,168,-484
109,-532,-48,-128,-9648,6019,168,-484
110,-534,-48,-128,-9648,6019,169,-485
111,-535,-48,-128,-9648,6019,169,-488
112,-536,-48,-128,-9648,6019,170,-488
111,-535,-48,-128,-9648,6019,169,-488
110,-534,-48,-128,-9648,6019,169,-485
108,-532,-48,-128,-9648,6018,167,-484
108,-531,-48,-128,-9648,6019,168,-484
110,-531,-48,-128,-9648,6019,169,-484
112,-532,-48,-128,-9648,6019,172,-484
114,-533,-48,-128,-9648,6018,173,-485
113,-534,-48,-128,-9648,6017,172,-485
112,-533,-48,-128,-9648,6017,172,-485
112,-532,-48,-128,-9648,6017,170,-485
113,-532,-48,-128,-9648,6017,172,-485
115,-533,-48,-128,-9648,6017,173,-485
116,-534,-48,-128,-9648,6017,174,-485
116,-534,-48,-128,-9648,6017,174,-487
115,-534,-48,-128,-9648,6015,174,-487
116,-534,-48,-128,-9648,6014,174,-485
116,-533,-48,-128,-9648,6013,174,-485
115,-534,-48,-128,-9648,6013,174,-485
114,-534,-48,-128,-9648,6014,173,-487
113,-535,-48,-128,-9648,6014,172,-488
112,-535,-48,-128,-9648,6014,172,-488
113,-535,-48,-128,-9648,6014,172,-488
112,-535,-48,-128,-9648,6013,172,-488
112,-536,-48,-128,-9648,6013,170,-488
111,-536,-48,-128,-9648,6014,170,-489
111,-536,-48,-128,-9648,6015,170,-489
112,-536,-48,-128,-9648,6016,170,-488
112,-536,-48,-128,-9648,6015,170,-488
112,-536,-48,-128,-9648,6014,170,-488
112,-536,-48,-128,-9648,6013,170,-488
112,-536,-48,-128,-9648,6013,170,-488
112,-536,-48,-128,-9648,6014,170,-488
111,-536,-48,-128,-9648,6015,170,-489
112,-536,-47,-129,-9648,6016,170,-487
112,-536,-47,-129,-9648,6015,170,-485
113,-535,-47,-129,-9648,6014,172,-485
112,-534,-48,-128,-9648,6013,170,-487
111,-534,-48,-128,-9648,6013,170,-487
111,-535,-47,-129,-9648,6014,169,-485
111,-536,-46,-130,-9648,6014,172,-485
113,-536,-46,-131,-9648,6014,174,-485
113,-535,-46,-131,-9648,6013,174,-485
112,-535,-46,-130,-9648,6013,173,-485
112,-536,-46,-130,-9648,6014,173,-485
112,-536,-46,-131,-9648,6015,173,-487
113,-535,-45,-132,-9648,6015,174,-485
113,-533,-44,-133,-9648,6015,177,-483
113,-531,-44,-133,-9648,6014,177,-482
112,-532,-44,-132,-9648,6015,173,-482
112,-534,-45,-132,-9648,6017,173,-484
112,-536,-46,-131,-9648,6017,173,-487
111,-537,-46,-131,-9648,6016,172,-487
110,-535,-45,-131,-9648,6014,172,-485
111,-532,-45,-132,-9648,6013,172,-482
112,-530,-45,-134,-9648,6013,175,-480
114,-531,-46,-135,-9648,6014,177,-480
114,-533,-47,-134,-9648,6014,177,-483
112,-534,-47,-132,-9648,6014,173,-484
112,-534,-47,-130,-9648,6014,173,-484
112,-534,-47,-128,-9648,6014,170,-484
113,-534,-48,-128,-9648,6014,172,-487
115,-535,-48,-129,-9648,6014,173,-487
116,-534,-48,-129,-9648,6014,174,-484
115,-532,-47,-129,-9648,6014,174,-482
114,-530,-47,-129,-9648,6014,172,-480
112,-530,-48,-128,-9648,6014,170,-483
111,-532,-48,-128,-9648,6014,169,-484
112,-534,-48,-128,-9648,6014,170,-487
113,-535,-48,-128,-9648,6014,172,-488
114,-534,-48,-128,-9648,6014,172,-487
114,-532,-48,-128,-9648,6014,172,-485
112,-532,-48,-128,-9648,6014,172,-484
112,-533,-48,-128,-9648,6013,170,-485
111,-535,-48,-128,-9648,6013,169,-488
111,-536,-48,-128,-9648,6014,169,-489
112,-536,-48,-128,-9648,6015,170,-489
112,-536,-48,-128,-9648,6017,170,-489
112,-536,-48,-128,-9648,6018,170,-488
112,-536,-48,-128,-9648,6018,170,-488
111,-536,-48,-128,-9648,6017,170,-489
111,-536,-48,-128,-9648,6016,170,-489
112,-536,-48,-128,-9648,6015,170,-488
112,-535,-48,-128,-9648,6014,172,-488
113,-535,-48,-128,-9648,6013,172,-488
112,-535,-48,-128,-9648,6014,172,-488
112,-536,-48,-128,-9648,6014,170,-488
112,-536,-48,-128,-9648,6013,170,-488
113,-535,-48,-128,-9648,6013,172,-488
113,-535,-48,-128,-9648,6014,172,-488
113,-535,-48,-128,-9648,6015,172,-488
112,-535,-48,-128,-9648,6016,172,-488
112,-535,-48,-128,-9648,6015,172,-488
113,-535,-48,-128,-9648,6014,172,-488
114,-534,-48,-128,-9648,6013,173,-487
115,-534,-48,-128,-9648,6013,173,-487
114,-534,-48,-128,-9648,6014,173,-487
113,-535,-48,-128,-9648,6014,172,-488
112,-536,-48,-128,-9648,6014,170,-488
112,-536,-48,-128,-9648,6014,170,-488
112,-536,-48,-129,-9648,6014,172,-488
113,-535,-48,-129,-9648,6014,172,-488
113,-535,-48,-128,-9648,6014,172,-487
112,-534,-48,-128,-9648,6014,172,-487
112,-534,-48,-128,-9648,6014,170,-485
111,-533,-48,-129,-9648,6014,169,-485
110,-533,-49,-130,-9648,6014,169,-485
109,-532,-49,-130,-9648,6014,168,-485
109,-532,-49,-130,-9648,6014,168,-484
109,-532,-48,-129,-9648,6014,168,-484
109,-532,-48,-128,-9648,6014,168,-484
109,-532,-48,-128,-9648,6014,168,-484
109,-532,-48,-128,-9648,6014,168,-484
109,-532,-48,-129,-9648,6014,168,-484
109,-532,-48,-129,-9648,6014,168,-484
109,-532,-48,-128,-9648,6014,168,-484
109,-532,-48,-128,-9648,6014,168,-484
109,-532,-48,-128,-9648,6014,168,-484
109,-532,-48,-128,-9648,6014,168,-484
108,-532,-48,-128,-9648,6014,168,-485
108,-533,-48,-128,-9648,6014,167,-485
107,-533,-48,-128,-9648,6014,166,-485
108,-532,-48,-128,-9648,6014,167,-485
108,-532,-48,-128,-9648,6014,168,-485
110,-534,-48,-128,-9648,6014,169,-485
111,-535,-48,-128,-9648,6014,169,-487
111,-535,-48,-128,-9648,6014,169,-487
110,-534,-48,-128,-9648,6014,169,-485
109,-532,-48,-128,-9648,6013,168,-484
109,-532,-48,-128,-9648,6013,168,-484
109,-532,-48,-128,-9648,6014,168,-484
109,-532,-48,-128,-9648,6015,168,-484
109,-532,-48,-128,-9648,6016,168,-484
109,-532,-48,-128,-9648,6015,168,-484
109,-532,-48,-129,-9648,6014,168,-484
109,-532,-48,-129,-9648,6013,168,-484
109,-532,-47,-128,-9648,6015,168,-482
109,-532,-47,-128,-9648,6017,168,-482
109,-532,-46,-127,-9648,6019,168,-482
109,-532,-47,-128,-9648,6019,168,-482
109,-532,-47,-128,-9648,6017,168,-482
109,-532,-48,-129,-9648,6016,168,-484
109,-532,-48,-129,-9648,6015,168,-484
110,-533,-48,-128,-9648,6015,169,-485
110,-534,-48,-128,-9648,6015,169,-485
111,-534,-48,-128,-9648,6016,169,-487
111,-535,-47,-129,-9648,6016,169,-485
111,-536,-48,-128,-9648,6015,170,-488
112,-536,-48,-128,-9648,6014,170,-489
112,-536,-47,-129,-9648,6013,170,-487
112,-536,-47,-129,-9648,6013,170,-485
112,-536,-47,-129,-9648,6014,170,-485
112,-536,-48,-128,-9648,6014,170,-488
112,-536,-49,-127,-9648,6014,170,-488
112,-536,-49,-127,-9648,6014,170,-488
112,-536,-49,-127,-9648,6014,170,-488
112,-536,-49,-127,-9648,6014,170,-488
112,-536,-49,-127,-9648,6014,170,-488
112,-536,-50,-126,-9648,6014,168,-488
112,-536,-50,-126,-9648,6014,168,-488
112,-536,-50,-126,-9648,6014,170,-488
112,-536,-49,-127,-9648,6014,170,-488
112,-536,-49,-127,-9648,6014,170,-488
112,-536,-49,-127,-9648,6014,170,-488
112,-536,-49,-126,-9648,6014,170,-488
112,-536,-49,-126,-9648,6014,170,-488
112,-536,-49,-127,-9648,6014,170,-488
112,-536,-48,-128,-9648,6014,170,-488
112,-536,-47,-129,-9648,6014,170,-485
111,-536,-47,-129,-9648,6014,170,-487
111,-536,-48,-128,-9648,6014,170,-489
112,-536,-48,-128,-9648,6014,170,-488
112,-535,-48,-128,-9648,6014,172,-488
113,-535,-47,-129,-9648,6014,172,-485
114,-534,-48,-128,-9648,6014,173,-487
114,-535,-48,-128,-9648,6014,172,-487
113,-535,-48,-128,-9648,6014,172,-487
113,-535,-48,-128,-9648,6014,172,-488
114,-534,-48,-128,-9648,6014,173,-487
115,-534,-48,-128,-9648,6014,173,-487
115,-534,-48,-128,-9648,6014,174,-487
114,-534,-48,-128,-9648,6014,173,-487
113,-535,-48,-128,-9648,6014,172,-488
113,-535,-48,-128,-9648,6014,172,-488
115,-534,-48,-128,-9648,6014,173,-487
115,-534,-48,-128,-9648,6014,174,-487
115,-534,-48,-128,-9648,6014,173,-487
112,-534,-48,-128,-9648,6014,170,-487
110,-534,-48,-128,-9648,6014,169,-487
109,-533,-48,-128,-9648,6014,168,-485
109,-533,-48,-128,-9648,6014,168,-485
110,-533,-48,-128,-9648,6014,169,-485
110,-534,-48,-128,-9648,6013,169,-487
111,-535,-48,-128,-9648,6013,169,-487
111,-534,-48,-128,-9648,6014,169,-487
110,-534,-48,-128,-9648,6016,169,-485
109,-532,-48,-128,-9648,6017,168,-484
109,-532,-48,-128,-9648,6017,168,-484
109,-532,-48,-128,-9648,6016,168,-484
109,-532,-48,-128,-9648,6015,168,-484
109,-532,-48,-128,-9648,6015,168,-484
109,-532,-48,-128,-9648,6015,168,-484
110,-534,-48,-128,-9648,6016,169,-485
111,-534,-48,-128,-9648,6016,169,-487
111,-535,-48,-128,-9648,6015,169,-487
111,-535,-48,-128,-9648,6014,169,-487
111,-535,-48,-128,-9648,6013,169,-488
111,-535,-48,-128,-9648,6013,170,-488
112,-536,-48,-128,-9648,6014,170,-489
112,-536,-48,-128,-9648,6014,170,-489
111,-536,-48,-128,-9648,6014,170,-489
112,-536,-48,-129,-9648,6014,170,-488
112,-535,-48,-129,-9648,6014,172,-488
113,-535,-48,-128,-9648,6013,172,-488
112,-535,-47,-128,-9648,6013,172,-485
113,-535,-48,-129,-9648,6014,172,-488
114,-534,-49,-130,-9648,6016,173,-487
115,-534,-50,-131,-9648,6017,177,-485
116,-533,-51,-132,-9648,6017,177,-485
116,-534,-52,-132,-9648,6016,177,-485
115,-534,-52,-132,-9648,6014,177,-485
115,-534,-51,-132,-9648,6013,177,-485
116,-534,-51,-132,-9648,6013,177,-485
116,-534,-51,-132,-9648,6014,177,-485
116,-534,-51,-132,-9648,6014,177,-485
115,-534,-52,-132,-9648,6013,175,-487
114,-534,-52,-132,-9648,6013,175,-487
114,-534,-51,-132,-9648,6014,175,-487
114,-534,-50,-131,-9648,6015,175,-487
114,-535,-50,-130,-9648,6016,173,-487
113,-535,-49,-130,-9648,6017,172,-488
111,-536,-50,-130,-9648,6016,170,-488
110,-535,-50,-131,-9648,6015,172,-487
111,-534,-50,-131,-9648,6013,172,-487
112,-534,-50,-131,-9648,6014,173,-485
114,-534,-50,-130,-9648,6016,172,-487
114,-535,-48,-129,-9648,6017,173,-487
114,-535,-48,-128,-9648,6017,172,-488
113,-535,-47,-129,-9648,6015,172,-485
112,-536,-49,-130,-9648,6014,170,-488
112,-536,-50,-131,-9648,6015,173,-488
112,-535,-51,-132,-9648,6015,173,-488
113,-535,-51,-131,-9648,6015,174,-488
112,-535,-50,-131,-9648,6014,173,-488
112,-536,-50,-130,-9648,6013,170,-488
111,-536,-50,-129,-9648,6013,170,-489
111,-536,-51,-129,-9648,6013,170,-489
112,-536,-51,-130,-9648,6015,170,-488
112,-536,-50,-130,-9648,6017,170,-488
112,-536,-48,-130,-9648,6018,170,-488
112,-536,-47,-129,-9648,6017,170,-485
112,-536,-48,-128,-9648,6015,170,-488
112,-536,-49,-129,-9648,6014,170,-488
112,-536,-50,-130,-9648,6013,170,-488
112,-536,-50,-131,-9648,6013,173,-488
112,-536,-49,-130,-9648,6013,170,-488
112,-536,-48,-129,-9648,6014,170,-488
112,-536,-48,-129,-9648,6015,170,-488
112,-536,-49,-129,-9648,6016,170,-488
112,-536,-50,-131,-9648,6015,173,-488
111,-536,-50,-133,-9648,6014,173,-488
111,-536,-50,-133,-9648,6013,172,-488
112,-536,-50,-134,-9648,6013,173,-488
113,-535,-49,-135,-9648,6014,177,-485
114,-534,-48,-135,-9648,6014,177,-484
114,-533,-47,-135,-9648,6014,177,-483
112,-534,-47,-134,-9648,6014,175,-484
111,-535,-47,-134,-9648,6014,174,-484
110,-535,-47,-135,-9648,6013,173,-484
110,-534,-47,-135,-9648,6013,173,-484
109,-532,-47,-135,-9648,6014,173,-482
109,-532,-47,-134,-9648,6015,172,-482
109,-532,-46,-134,-9648,6016,172,-482
109,-532,-46,-133,-9648,6015,173,-482
109,-532,-46,-133,-9648,6014,173,-482
109,-532,-46,-133,-9648,6013,173,-482
109,-532,-45,-133,-9648,6013,173,-482
109,-532,-44,-132,-9648,6014,170,-483
109,-532,-45,-131,-9648,6013,170,-482
109,-531,-47,-131,-9648,6013,170,-482
110,-531,-49,-133,-9648,6014,172,-484
111,-532,-50,-134,-9648,6015,172,-485
112,-534,-48,-134,-9648,6016,173,-484
112,-536,-46,-133,-9648,6015,175,-487
112,-536,-44,-133,-9648,6014,175,-487
110,-535,-44,-132,-9648,6013,172,-485
110,-533,-44,-132,-9648,6013,170,-483
109,-532,-46,-131,-9648,6014,170,-482
109,-533,-48,-131,-9648,6014,170,-483
110,-533,-48,-131,-9648,6013,170,-483
110,-534,-48,-130,-9648,6013,172,-484
110,-534,-47,-130,-9648,6014,172,-484
110,-534,-47,-129,-9648,6015,169,-484
110,-533,-47,-129,-9648,6016,168,-483
109,-532,-47,-130,-9648,6015,170,-483
109,-532,-47,-130,-9648,6014,170,-482
109,-532,-47,-131,-9648,6013,170,-482
109,-532,-47,-132,-9648,6013,170,-482
109,-532,-47,-132,-9648,6014,170,-482
109,-532,-47,-132,-9648,6014,170,-482
110,-533,-47,-133,-9648,6014,170,-483
111,-535,-47,-134,-9648,6014,174,-485
112,-536,-47,-135,-9648,6014,175,-485
111,-535,-47,-135,-9648,6014,174,-485
110,-534,-47,-135,-9648,6014,174,-484
110,-534,-47,-134,-9648,6014,173,-484
110,-534,-48,-133,-9648,6014,172,-484
111,-535,-49,-133,-9648,6014,172,-485
112,-536,-49,-134,-9648,6014,175,-485
112,-536,-47,-134,-9648,6014,175,-487
112,-536,-45,-133,-9648,6014,175,-487
112,-536,-45,-133,-9648,6014,175,-485
112,-536,-45,-133,-9648,6014,175,-485
112,-536,-46,-133,-9648,6014,175,-485
112,-536,-46,-133,-9648,6014,175,-487
112,-536,-45,-133,-9648,6014,175,-487
111,-536,-44,-132,-9648,6014,172,-485
111,-535,-44,-132,-9648,6014,172,-485
111,-534,-44,-132,-9648,6014,172,-484
110,-534,-45,-132,-9648,6014,172,-484
110,-533,-44,-133,-9648,6014,173,-483
109,-532,-44,-132,-9648,6014,170,-482
109,-532,-44,-132,-9648,6014,170,-482
108,-532,-45,-131,-9648,6014,169,-482
109,-532,-46,-131,-9648,6014,170,-482
110,-531,-46,-130,-9648,6014,172,-482
111,-531,-47,-129,-9648,6014,170,-480
112,-530,-47,-129,-9648,6014,170,-480
112,-530,-46,-130,-9648,6014,173,-480
112,-530,-46,-131,-9648,6014,173,-480
112,-530,-46,-131,-9648,6014,173,-480
112,-530,-46,-131,-9648,6013,173,-480
111,-531,-45,-131,-9648,6013,172,-482
111,-531,-44,-132,-9648,6014,172,-482
111,-531,-44,-132,-9648,6015,172,-480
111,-531,-46,-131,-9648,6017,172,-480
111,-531,-46,-130,-9648,6018,172,-482
111,-531,-46,-130,-9648,6018,172,-482
111,-531,-46,-130,-9648,6017,172,-480
111,-531,-46,-131,-9648,6015,172,-480
111,-531,-45,-131,-9648,6014,172,-482
111,-531,-45,-131,-9648,6014,172,-482
110,-531,-45,-132,-9648,6015,172,-482
110,-531,-44,-133,-9648,6016,173,-482
109,-532,-44,-132,-9648,6016,170,-482
108,-532,-44,-132,-9648,6016,169,-482
110,-531,-44,-132,-9648,6017,170,-482
112,-531,-45,-132,-9648,6017,173,-480
113,-531,-45,-133,-9648,6018,177,-480
113,-532,-46,-133,-9648,6019,177,-482
112,-532,-46,-133,-9648,6019,175,-482
112,-531,-45,-133,-9648,6018,173,-480
112,-529,-45,-133,-9648,6019,175,-479
113,-529,-46,-133,-9648,6019,177,-479
112,-530,-47,-134,-9648,6018,175,-480
111,-531,-48,-135,-9648,6017,174,-480
110,-531,-48,-136,-9648,6016,174,-482
110,-531,-47,-135,-9648,6015,173,-482
110,-531,-46,-133,-9648,6015,172,-482
111,-531,-45,-131,-9648,6015,172,-482
110,-531,-46,-130,-9648,6014,170,-482
109,-532,-45,-131,-9648,6013,170,-482
109,-532,-45,-132,-9648,6013,170,-482
109,-532,-44,-133,-9648,6014,172,-482
109,-532,-44,-133,-9648,6014,173,-482
109,-532,-44,-132,-9648,6014,170,-482
109,-532,-44,-132,-9648,6014,173,-482
109,-532,-45,-132,-9648,6014,170,-482
109,-532,-47,-132,-9648,6014,170,-482
110,-533,-50,-132,-9648,6014,170,-485
111,-535,-51,-132,-9648,6013,172,-487
112,-536,-50,-132,-9648,6013,173,-488
112,-536,-49,-132,-9648,6014,173,-488
112,-536,-50,-132,-9648,6015,173,-488
111,-536,-50,-132,-9648,6016,173,-488
112,-536,-50,-131,-9648,6015,173,-488
112,-535,-50,-130,-9648,6014,172,-488
113,-535,-49,-129,-9648,6013,172,-488
113,-535,-48,-130,-9648,6013,172,-488
113,-535,-49,-130,-9648,6014,172,-488
113,-535,-50,-130,-9648,6014,172,-488
113,-536,-50,-131,-9648,6014,174,-488
113,-537,-50,-131,-9648,6014,174,-489
114,-537,-49,-130,-9648,6014,173,-489
114,-536,-48,-129,-9648,6014,173,-488
115,-534,-47,-128,-9648,6014,173,-484
115,-534,-48,-128,-9648,6014,174,-485
115,-533,-48,-129,-9648,6014,174,-485
116,-534,-48,-129,-9648,6014,174,-485
116,-534,-48,-128,-9648,6014,174,-485
115,-534,-48,-128,-9648,6014,174,-485
116,-534,-48,-128,-9648,6014,174,-485
116,-534,-48,-128,-9648,6014,174,-485
116,-534,-48,-128,-9648,6014,174,-485
116,-534,-48,-128,-9648,6014,174,-485
116,-534,-48,-128,-9648,6014,174,-485
116,-534,-48,-128,-9648,6014,174,-485
116,-534,-48,-128,-9648,6014,174,-485
116,-534,-48,-128,-9648,6014,174,-485
116,-534,-48,-128,-9648,6014,174,-485
116,-534,-48,-128,-9648,6014,174,-485
116,-534,-48,-128,-9648,6014,174,-485
115,-534,-48,-128,-9648,6014,174,-485
115,-534,-48,-128,-9648,6014,174,-485
116,-534,-48,-128,-9648,6014,174,-485
116,-533,-47,-129,-9648,6014,174,-483
115,-534,-47,-129,-9648,6014,174,-484
114,-534,-48,-128,-9648,6014,173,-487
113,-535,-48,-128,-9648,6014,172,-488
112,-535,-48,-128,-9648,6014,172,-488
113,-535,-47,-129,-9648,6014,172,-485
112,-535,-47,-130,-9648,6014,173,-485
112,-536,-46,-130,-9648,6014,173,-485
111,-536,-47,-129,-9648,6014,170,-487
111,-536,-47,-129,-9648,6014,170,-487
112,-536,-47,-130,-9648,6014,173,-485
112,-536,-47,-130,-9648,6014,173,-485
112,-536,-47,-130,-9648,6014,173,-485
112,-536,-47,-129,-9648,6014,170,-485
112,-536,-48,-129,-9648,6014,170,-488
112,-536,-49,-130,-9648,6014,170,-488
111,-536,-50,-131,-9648,6014,173,-488
111,-536,-50,-131,-9648,6014,173,-488
112,-536,-49,-130,-9648,6014,170,-488
112,-536,-49,-130,-9648,6014,170,-488
111,-536,-50,-130,-9648,6014,170,-489
110,-537,-51,-131,-9648,6014,172,-489
108,-538,-52,-132,-9648,6014,169,-490
108,-538,-52,-132,-9648,6014,169,-490
108,-538,-51,-132,-9648,6014,169,-490
110,-537,-51,-132,-9648,6014,170,-489
111,-537,-51,-132,-9648,6014,172,-489
111,-536,-52,-132,-9648,6013,173,-488
112,-536,-52,-132,-9648,6013,173,-488
112,-536,-51,-131,-9648,6014,173,-488
112,-536,-50,-131,-9648,6015,173,-488
111,-536,-50,-130,-9648,6015,170,-489
112,-536,-50,-131,-9648,6015,173,-488
112,-536,-51,-131,-9648,6014,173,-488
112,-536,-52,-132,-9648,6015,173,-488
112,-536,-52,-132,-9648,6015,173,-488
112,-536,-50,-131,-9648,6015,173,-488
112,-536,-49,-130,-9648,6014,170,-488
111,-536,-48,-128,-9648,6013,170,-489
111,-536,-47,-128,-9648,6013,170,-487
112,-536,-48,-128,-9648,6014,170,-488
112,-536,-48,-129,-9648,6014,170,-488
113,-535,-48,-129,-9648,6014,172,-488
114,-534,-48,-128,-9648,6014,173,-487
115,-534,-48,-128,-9648,6014,173,-487
115,-534,-48,-128,-9648,6014,174,-485
116,-534,-48,-128,-9648,6014,174,-485
116,-534,-48,-128,-9648,6014,174,-485
116,-534,-48,-128,-9648,6014,174,-485
115,-534,-48,-128,-9648,6014,174,-485
116,-534,-48,-128,-9648,6014,174,-485
116,-534,-48,-128,-9648,6014,174,-485
115,-534,-48,-128,-9648,6014,174,-485
116,-534,-48,-128,-9648,6014,174,-485
116,-534,-48,-129,-9648,6014,174,-485
116,-534,-48,-129,-9648,6014,174,-485
115,-534,-48,-128,-9648,6013,174,-485
115,-534,-48,-128,-9648,6013,173,-487
114,-534,-48,-128,-9648,6014,173,-487
113,-535,-48,-129,-9648,6015,172,-488
112,-536,-49,-130,-9648,6015,170,-488
112,-536,-49,-130,-9648,6015,170,-488
112,-536,-49,-129,-9648,6014,170,-488
113,-536,-48,-129,-9648,6015,172,-488
113,-535,-47,-129,-9648,6016,172,-485
113,-535,-48,-130,-9648,6015,174,-485
111,-535,-49,-132,-9648,6014,172,-485
110,-535,-50,-132,-9648,6013,172,-487
110,-535,-50,-131,-9648,6014,172,-487
110,-534,-51,-131,-9648,6015,172,-487
110,-534,-51,-131,-9648,6016,172,-485
110,-533,-50,-131,-9648,6015,170,-485
110,-533,-50,-131,-9648,6014,170,-485
110,-533,-50,-131,-9648,6013,170,-485
110,-533,-51,-131,-9648,6013,170,-485
110,-534,-51,-131,-9648,6013,172,-485
110,-534,-50,-130,-9648,6013,169,-487
111,-535,-50,-130,-9648,6014,169,-488
112,-536,-50,-130,-9648,6015,170,-488
112,-536,-50,-130,-9648,6015,170,-489
112,-536,-49,-130,-9648,6015,170,-489
112,-536,-48,-129,-9648,6014,170,-488
113,-535,-48,-128,-9648,6015,172,-488
113,-535,-48,-128,-9648,6017,172,-488
112,-536,-48,-129,-9648,6017,170,-488
112,-536,-48,-129,-9648,6016,170,-488
112,-535,-48,-129,-9648,6014,172,-488
114,-534,-48,-128,-9648,6013,173,-487
115,-534,-48,-128,-9648,6013,173,-487
114,-534,-48,-128,-9648,6013,173,-487
113,-535,-48,-128,-9648,6014,172,-487
112,-536,-48,-128,-9648,6015,170,-488
112,-536,-48,-128,-9648,6017,170,-488
111,-536,-48,-128,-9648,6017,170,-489
111,-536,-48,-128,-9648,6017,170,-489
112,-536,-48,-128,-9648,6016,170,-488
112,-536,-48,-128,-9648,6014,170,-489
112,-536,-48,-128,-9648,6013,170,-489
111,-536,-48,-128,-9648,6014,170,-488
111,-535,-48,-128,-9648,6015,169,-488
111,-534,-48,-128,-9648,6016,169,-487
111,-535,-48,-128,-9648,6017,169,-487
111,-535,-48,-128,-9648,6016,169,-487
111,-534,-48,-128,-9648,6015,169,-487
110,-534,-48,-128,-9648,6015,169,-485
110,-533,-48,-128,-9648,6015,169,-485
109,-532,-48,-129,-9648,6015,168,-484
109,-532,-48,-129,-9648,6014,168,-484
109,-532,-48,-128,-9648,6013,168,-484
109,-532,-48,-128,-9648,6013,168,-484
109,-532,-47,-129,-9648,6014,168,-482
109,-532,-48,-129,-9648,6013,168,-482
109,-532,-49,-129,-9648,6013,168,-484
110,-534,-49,-130,-9648,6014,169,-485
111,-534,-50,-130,-9648,6015,169,-487
111,-535,-50,-131,-9648,6016,172,-487
111,-535,-50,-133,-9648,6015,172,-487
111,-535,-50,-133,-9648,6014,172,-488
111,-535,-50,-133,-9648,6014,172,-488
112,-536,-51,-132,-9648,6015,173,-488
112,-536,-51,-132,-9648,6016,173,-488
112,-536,-50,-133,-9648,6015,173,-488
112,-536,-49,-134,-9648,6014,175,-485
112,-536,-48,-135,-9648,6013,175,-485
112,-536,-49,-135,-9648,6014,175,-485
112,-536,-49,-135,-9648,6015,175,-487
112,-536,-49,-134,-9648,6016,173,-485
111,-536,-48,-133,-9648,6015,172,-485
111,-535,-49,-132,-9648,6014,172,-488
112,-536,-50,-132,-9648,6013,173,-488
112,-538,-49,-134,-9648,6013,173,-488
113,-539,-47,-134,-9648,6013,177,-489
113,-539,-45,-133,-9648,6014,177,-488
112,-537,-45,-133,-9648,6014,175,-487
112,-537,-45,-133,-9648,6015,175,-487
112,-537,-46,-133,-9648,6015,175,-487
112,-538,-46,-133,-9648,6015,173,-488
112,-537,-46,-131,-9648,6016,173,-487
112,-537,-46,-131,-9648,6017,173,-487
111,-536,-45,-131,-9648,6018,172,-485
111,-536,-46,-131,-9648,6017,172,-485
112,-536,-47,-130,-9648,6015,173,-485
112,-536,-48,-129,-9648,6015,170,-485
111,-536,-47,-129,-9648,6017,170,-487
111,-536,-47,-129,-9648,6019,169,-487
112,-536,-46,-130,-9648,6019,173,-485
112,-535,-46,-130,-9648,6017,173,-485
114,-535,-47,-129,-9648,6015,173,-485
116,-534,-48,-129,-9648,6013,174,-487
116,-533,-48,-129,-9648,6013,174,-485
115,-532,-48,-128,-9648,6013,174,-484
113,-533,-48,-128,-9648,6013,172,-485
112,-534,-48,-128,-9648,6013,170,-487
111,-534,-48,-129,-9648,6014,169,-484
111,-534,-48,-130,-9648,6015,172,-484
112,-533,-48,-131,-9648,6016,173,-483
111,-532,-48,-130,-9648,6015,172,-482
109,-532,-48,-129,-9648,6014,168,-483
109,-532,-48,-128,-9648,6013,168,-484
109,-532,-48,-128,-9648,6013,168,-484
109,-532,-48,-128,-9648,6014,168,-484
109,-532,-47,-129,-9648,6014,168,-483
109,-532,-47,-129,-9648,6014,168,-483
109,-532,-48,-129,-9648,6014,168,-484
110,-531,-49,-129,-9648,6014,169,-484
111,-531,-50,-130,-9648,6014,169,-483
111,-531,-50,-131,-9648,6014,172,-483
111,-531,-50,-131,-9648,6013,172,-483
111,-531,-50,-130,-9648,6013,169,-483
111,-531,-49,-130,-9648,6014,169,-483
111,-531,-49,-130,-9648,6015,170,-483
112,-530,-50,-130,-9648,6016,170,-483
113,-530,-50,-130,-9648,6015,172,-482
113,-529,-50,-131,-9648,6014,174,-482
113,-529,-51,-131,-9648,6013,174,-482
113,-529,-51,-131,-9648,6013,174,-482
113,-530,-50,-131,-9648,6013,174,-482
113,-530,-49,-130,-9648,6013,172,-482
113,-530,-48,-129,-9648,6014,172,-482
113,-529,-47,-128,-9648,6015,172,-479
113,-529,-47,-129,-9648,6016,172,-479
113,-529,-48,-129,-9648,6015,172,-479
113,-530,-48,-129,-9648,6014,172,-480
112,-531,-48,-128,-9648,6013,170,-483
111,-531,-48,-128,-9648,6013,170,-483
112,-530,-47,-129,-9648,6014,170,-480
113,-530,-46,-130,-9648,6014,174,-480
114,-531,-45,-131,-9648,6014,174,-480
115,-532,-45,-132,-9648,6014,175,-482
116,-534,-45,-132,-9648,6014,177,-484
115,-534,-46,-131,-9648,6014,177,-484
115,-534,-46,-131,-9648,6014,177,-484
116,-534,-46,-131,-9648,6014,177,-484
116,-533,-45,-131,-9648,6014,177,-483
116,-534,-46,-131,-9648,6014,177,-484
115,-534,-46,-131,-9648,6014,175,-484
113,-536,-46,-131,-9648,6014,174,-485
111,-536,-45,-131,-9648,6014,172,-485
111,-536,-45,-132,-9648,6014,172,-485
110,-534,-44,-132,-9648,6014,172,-484
110,-534,-44,-132,-9648,6014,172,-484
110,-533,-44,-133,-9648,6014,173,-483
109,-532,-45,-132,-9648,6014,170,-482
109,-532,-44,-132,-9648,6014,170,-482
109,-532,-44,-132,-9648,6014,170,-482
109,-532,-44,-133,-9648,6014,173,-482
109,-532,-46,-134,-9648,6014,173,-482
109,-532,-47,-134,-9648,6014,173,-482
109,-532,-47,-133,-9648,6014,170,-482
109,-532,-48,-131,-9648,6014,170,-482
109,-532,-49,-130,-9648,6014,168,-484
109,-532,-50,-130,-9648,6014,168,-484
109,-532,-52,-132,-9648,6013,170,-484
109,-532,-51,-132,-9648,6013,170,-484
109,-532,-50,-131,-9648,6014,170,-484
109,-532,-49,-130,-9648,6015,168,-484
109,-532,-49,-129,-9648,6016,168,-484
110,-531,-49,-130,-9648,6015,168,-484
110,-531,-49,-130,-9648,6014,169,-483
110,-531,-49,-130,-9648,6013,169,-483
111,-531,-49,-130,-9648,6013,169,-484
111,-533,-49,-129,-9648,6013,169,-485
111,-533,-48,-129,-9648,6014,169,-485
110,-533,-48,-128,-9648,6015,169,-485
110,-532,-48,-128,-9648,6015,169,-484
110,-531,-48,-128,-9648,6015,169,-483
110,-531,-48,-129,-9648,6015,169,-483
109,-532,-48,-129,-9648,6015,168,-484
108,-532,-48,-128,-9648,6015,168,-485
108,-532,-48,-129,-9648,6015,168,-485
109,-532,-48,-129,-9648,6015,168,-482
110,-531,-47,-129,-9648,6015,169,-482
110,-531,-47,-129,-9648,6015,169,-482
110,-531,-48,-128,-9648,6016,169,-484
112,-532,-48,-129,-9648,6016,170,-485
113,-533,-49,-130,-9648,6015,172,-485
113,-533,-48,-131,-9648,6015,174,-483
113,-532,-46,-132,-9648,6014,174,-483
113,-531,-45,-133,-9648,6013,177,-482
113,-531,-44,-132,-9648,6013,174,-480
113,-531,-45,-132,-9648,6014,174,-482
112,-533,-46,-131,-9648,6013,173,-483
112,-534,-46,-130,-9648,6013,173,-484
111,-534,-47,-129,-9648,6014,170,-484
112,-532,-47,-129,-9648,6016,170,-483
112,-531,-47,-129,-9648,6017,170,-480
112,-529,-47,-130,-9648,6017,173,-479
112,-530,-48,-131,-9648,6015,173,-480
112,-530,-48,-131,-9648,6014,173,-480
111,-531,-48,-130,-9648,6015,172,-484
110,-531,-47,-130,-9648,6017,170,-482
109,-532,-46,-130,-9648,6019,170,-482
109,-532,-46,-130,-9648,6017,170,-482
109,-532,-46,-130,-9648,6015,170,-482
109,-532,-46,-131,-9648,6014,170,-482
109,-532,-46,-131,-9648,6014,170,-482
109,-532,-45,-132,-9648,6016,170,-482
109,-532,-44,-132,-9648,6017,170,-482
109,-532,-44,-132,-9648,6016,170,-482
109,-532,-44,-132,-9648,6015,170,-482
109,-532,-44,-132,-9648,6015,170,-482
109,-532,-45,-132,-9648,6015,170,-482
109,-532,-45,-131,-9648,6015,170,-482
109,-532,-46,-131,-9648,6015,170,-482
109,-532,-46,-131,-9648,6015,170,-482
109,-532,-45,-132,-9648,6015,170,-482
109,-533,-44,-133,-9648,6015,173,-483
110,-534,-44,-133,-9648,6014,173,-484
111,-534,-44,-132,-9648,6013,172,-484
111,-535,-46,-131,-9648,6013,172,-485
111,-535,-47,-129,-9648,6013,170,-485
111,-535,-47,-129,-9648,6014,169,-485
111,-534,-47,-129,-9648,6014,169,-484
110,-534,-46,-130,-9648,6015,172,-484
109,-533,-47,-130,-9648,6015,170,-483
109,-532,-47,-129,-9648,6015,168,-483
109,-532,-48,-128,-9648,6016,168,-484
109,-532,-48,-128,-9648,6017,168,-484
109,-532,-48,-128,-9648,6016,168,-484
109,-532,-48,-129,-9648,6016,168,-484
109,-532,-49,-130,-9648,6016,168,-484
109,-532,-49,-130,-9648,6017,168,-484
109,-532,-49,-130,-9648,6017,168,-484
109,-532,-49,-130,-9648,6016,168,-484
109,-532,-49,-130,-9648,6014,168,-484
109,-532,-50,-130,-9648,6013,168,-484
109,-532,-49,-130,-9648,6013,168,-484
109,-532,-49,-130,-9648,6014,168,-484
109,-533,-49,-130,-9648,6014,168,-485
110,-534,-49,-130,-9648,6014,169,-487
110,-534,-49,-130,-9648,6014,169,-487
112,-534,-48,-129,-9648,6014,170,-487
113,-532,-48,-128,-9648,6014,172,-485
114,-531,-48,-128,-9648,6014,173,-483
114,-530,-48,-128,-9648,6014,173,-483
114,-531,-48,-129,-9648,6014,173,-483
115,-532,-48,-128,-9648,6014,173,-485
115,-534,-48,-128,-9648,6014,174,-485
116,-534,-48,-129,-9648,6014,174,-487
116,-534,-48,-128,-9648,6014,174,-487
116,-534,-48,-128,-9648,6014,174,-485
116,-534,-48,-128,-9648,6014,174,-485
116,-534,-48,-129,-9648,6014,174,-485
116,-534,-49,-130,-9648,6014,174,-485
116,-534,-49,-130,-9648,6014,174,-485
116,-534,-49,-130,-9648,6014,174,-485
116,-534,-49,-130,-9648,6014,174,-485
116,-534,-50,-131,-9648,6014,177,-485
116,-534,-51,-131,-9648,6014,177,-485
116,-534,-52,-132,-9648,6014,177,-485
115,-534,-52,-132,-9648,6014,177,-485
115,-534,-51,-132,-9648,6014,177,-485
116,-534,-52,-132,-9648,6014,177,-485
116,-533,-51,-132,-9648,6014,177,-485
116,-534,-50,-131,-9648,6014,177,-485
114,-534,-49,-129,-9648,6014,173,-487
112,-535,-48,-129,-9648,6014,172,-485
112,-536,-47,-130,-9648,6014,173,-485
111,-536,-47,-132,-9648,6014,172,-487
111,-536,-48,-133,-9648,6014,172,-487
112,-536,-49,-134,-9648,6014,175,-485
112,-536,-49,-134,-9648,6014,173,-485
112,-536,-48,-133,-9648,6013,173,-485
112,-536,-47,-132,-9648,6013,173,-485
112,-536,-47,-132,-9648,6014,173,-485
112,-536,-46,-133,-9648,6015,175,-487
112,-536,-46,-135,-9648,6016,175,-487
112,-536,-47,-135,-9648,6016,175,-485
111,-535,-48,-133,-9648,6017,172,-485
110,-534,-48,-132,-9648,6016,172,-484
110,-533,-48,-131,-9648,6016,170,-483
110,-533,-46,-131,-9648,6015,170,-483
110,-534,-45,-131,-9648,6014,172,-484
111,-535,-46,-131,-9648,6013,172,-485
111,-535,-47,-130,-9648,6013,172,-485
110,-534,-48,-129,-9648,6014,169,-484
109,-532,-48,-128,-9648,6014,168,-484
109,-532,-48,-128,-9648,6014,168,-484
109,-532,-47,-129,-9648,6014,168,-482
109,-532,-47,-129,-9648,6014,168,-482
109,-532,-47,-129,-9648,6014,168,-483
109,-532,-48,-128,-9648,6014,168,-484
108,-532,-48,-129,-9648,6014,168,-484
109,-532,-48,-129,-9648,6014,168,-484
110,-531,-48,-128,-9648,6014,169,-484
112,-530,-48,-128,-9648,6014,170,-483
113,-529,-48,-128,-9648,6014,172,-482
113,-529,-48,-129,-9648,6014,172,-482
113,-529,-49,-130,-9648,6014,172,-482
113,-530,-49,-130,-9648,6014,172,-482
113,-529,-49,-129,-9648,6014,172,-482
113,-529,-48,-129,-9648,6014,172,-482
113,-530,-48,-129,-9648,6014,172,-483
114,-531,-48,-129,-9648,6014,173,-483
114,-531,-49,-130,-9648,6014,173,-484
114,-531,-49,-130,-9648,6014,173,-483
113,-530,-49,-130,-9648,6014,172,-483
113,-529,-49,-130,-9648,6014,172,-482
113,-529,-48,-130,-9648,6014,172,-482
113,-529,-48,-130,-9648,6014,174,-479
113,-530,-47,-131,-9648,6014,174,-480
113,-530,-47,-132,-9648,6014,174,-480
112,-530,-46,-131,-9648,6014,173,-480
111,-530,-46,-131,-9648,6014,172,-480
111,-531,-48,-131,-9648,6014,172,-482
111,-533,-50,-132,-9648,6014,172,-485
111,-535,-50,-133,-9648,6014,172,-487
111,-536,-49,-135,-9648,6014,174,-485
111,-535,-48,-135,-9648,6014,174,-485
111,-534,-49,-134,-9648,6014,174,-484
111,-535,-50,-133,-9648,6014,172,-487
111,-535,-51,-132,-9648,6014,172,-488
112,-536,-50,-133,-9648,6014,173,-488
112,-536,-49,-134,-9648,6014,175,-487
112,-536,-48,-135,-9648,6014,175,-485
112,-536,-49,-135,-9648,6014,175,-485
112,-536,-49,-134,-9648,6014,175,-487
111,-536,-49,-134,-9648,6014,172,-485
111,-535,-50,-134,-9648,6014,172,-488
110,-534,-50,-133,-9648,6014,172,-487
110,-534,-51,-132,-9648,6014,172,-487
110,-534,-50,-132,-9648,6014,172,-487
110,-534,-48,-133,-9648,6014,172,-484
110,-533,-48,-133,-9648,6014,170,-483
109,-532,-49,-134,-9648,6014,170,-482
109,-532,-50,-134,-9648,6014,170,-484
109,-532,-50,-134,-9648,6014,170,-482
109,-532,-49,-134,-9648,6014,173,-482
109,-532,-49,-134,-9648,6013,170,-482
109,-532,-50,-133,-9648,6013,170,-484
109,-532,-51,-132,-9648,6014,170,-484
109,-532,-52,-131,-9648,6015,170,-484
109,-532,-51,-132,-9648,6016,170,-484
109,-532,-51,-132,-9648,6015,170,-484
109,-532,-51,-132,-9648,6014,170,-484
109,-532,-51,-132,-9648,6013,170,-484
109,-532,-52,-132,-9648,6013,170,-484
109,-532,-51,-131,-9648,6014,170,-484
108,-532,-50,-131,-9648,6015,169,-484
109,-532,-49,-130,-9648,6016,168,-484
111,-533,-49,-130,-9648,6017,169,-485
112,-534,-49,-130,-9648,6016,170,-487
112,-535,-49,-129,-9648,6015,172,-488
112,-536,-49,-129,-9648,6014,170,-488
112,-536,-49,-130,-9648,6014,170,-489
111,-536,-49,-130,-9648,6015,170,-489
112,-536,-49,-130,-9648,6015,170,-488
112,-536,-48,-129,-9648,6016,170,-488
112,-536,-47,-129,-9648,6016,170,-485
111,-536,-47,-129,-9648,6015,170,-487
111,-536,-48,-128,-9648,6015,170,-489
112,-536,-48,-128,-9648,6014,170,-488
112,-536,-48,-129,-9648,6014,170,-485
113,-535,-48,-131,-9648,6013,174,-484
114,-534,-48,-133,-9648,6013,175,-484
114,-535,-47,-134,-9648,6013,178,-484
114,-535,-46,-134,-9648,6014,178,-485
114,-534,-44,-133,-9648,6016,177,-484
114,-533,-44,-131,-9648,6017,174,-483
113,-531,-45,-130,-9648,6017,174,-480
112,-530,-46,-131,-9648,6016,173,-480
112,-531,-47,-133,-9648,6015,173,-482
113,-533,-47,-134,-9648,6015,177,-483
114,-534,-46,-135,-9648,6015,177,-484
114,-534,-45,-134,-9648,6014,177,-484
113,-532,-45,-132,-9648,6013,174,-483
113,-531,-45,-131,-9648,6013,174,-482
112,-532,-46,-130,-9648,6014,173,-482
112,-532,-46,-130,-9648,6015,173,-483
111,-533,-46,-131,-9648,6016,172,-483
111,-532,-46,-130,-9648,6015,172,-482
111,-532,-47,-130,-9648,6014,172,-482
111,-533,-48,-129,-9648,6013,169,-483
110,-533,-48,-128,-9648,6013,169,-485
109,-533,-47,-128,-9648,6014,168,-483
109,-533,-47,-129,-9648,6015,168,-483
110,-533,-49,-130,-9648,6016,169,-485
111,-535,-50,-131,-9648,6017,172,-487
111,-536,-51,-132,-9648,6018,173,-488
111,-535,-50,-131,-9648,6018,172,-488
111,-535,-49,-130,-9648,6017,169,-487
110,-534,-49,-130,-9648,6017,169,-487
111,-534,-50,-130,-9648,6017,169,-487
111,-535,-51,-132,-9648,6017,172,-487
111,-535,-52,-132,-9648,6017,172,-488
111,-535,-52,-132,-9648,6016,172,-488
111,-535,-51,-132,-9648,6017,172,-488
111,-534,-51,-132,-9648,6017,172,-487
110,-534,-51,-132,-9648,6017,172,-485
110,-533,-51,-132,-9648,6017,170,-485
110,-534,-51,-132,-9648,6016,172,-485
110,-534,-51,-132,-9648,6016,172,-485
110,-533,-51,-132,-9648,6016,170,-485
109,-532,-51,-132,-9648,6015,170,-484
109,-532,-51,-132,-9648,6015,170,-484
109,-533,-51,-132,-9648,6015,170,-485
110,-533,-51,-132,-9648,6015,170,-485
110,-534,-51,-132,-9648,6014,172,-485
110,-534,-51,-132,-9648,6013,172,-485
110,-534,-51,-132,-9648,6013,172,-487
111,-535,-51,-132,-9648,6014,172,-487
111,-535,-51,-132,-9648,6014,172,-488
111,-535,-51,-132,-9648,6014,172,-487
111,-534,-51,-132,-9648,6014,172,-487
111,-534,-51,-132,-9648,6014,172,-487
111,-535,-51,-132,-9648,6014,172,-488
111,-536,-51,-132,-9648,6014,173,-488
112,-537,-51,-132,-9648,6014,173,-489
112,-536,-51,-132,-9648,6014,173,-488
111,-535,-51,-132,-9648,6014,172,-488
110,-533,-51,-132,-9648,6014,170,-485
109,-532,-52,-132,-9648,6014,170,-484
109,-531,-52,-132,-9648,6014,170,-484
109,-532,-51,-131,-9648,6014,170,-484
110,-533,-51,-131,-9648,6014,170,-485
111,-535,-50,-130,-9648,6014,169,-488
112,-536,-49,-130,-9648,6014,170,-488
112,-536,-49,-129,-9648,6014,170,-489
112,-536,-48,-129,-9648,6014,170,-489
112,-536,-47,-128,-9648,6013,170,-485
111,-536,-48,-129,-9648,6013,170,-489
111,-536,-49,-130,-9648,6014,169,-489
112,-536,-50,-130,-9648,6015,170,-488
113,-535,-50,-130,-9648,6016,172,-488
114,-534,-50,-130,-9648,6015,173,-487
114,-534,-50,-130,-9648,6014,173,-487
113,-535,-51,-131,-9648,6013,174,-488
113,-535,-51,-131,-9648,6015,174,-488
114,-534,-51,-131,-9648,6017,175,-487
115,-534,-50,-131,-9648,6019,177,-485
116,-533,-50,-130,-9648,6019,174,-485
116,-534,-50,-130,-9648,6018,174,-485
114,-534,-50,-131,-9648,6017,175,-487
112,-535,-50,-131,-9648,6017,173,-488
112,-536,-51,-132,-9648,6016,173,-488
111,-536,-52,-132,-9648,6015,172,-488
111,-536,-52,-132,-9648,6014,172,-488
112,-536,-51,-132,-9648,6013,173,-488
112,-536,-51,-132,-9648,6013,173,-488
112,-535,-50,-133,-9648,6014,173,-488
113,-535,-50,-133,-9648,6014,174,-488
113,-535,-50,-133,-9648,6014,174,-488
113,-535,-50,-133,-9648,6014,174,-488
113,-535,-50,-133,-9648,6014,174,-488
112,-535,-50,-133,-9648,6014,173,-488
112,-536,-51,-132,-9648,6014,173,-488
112,-537,-52,-131,-9648,6014,173,-489
111,-536,-51,-132,-9648,6014,173,-488
111,-534,-50,-133,-9648,6014,172,-487
110,-534,-50,-133,-9648,6014,172,-485
110,-533,-50,-133,-9648,6014,170,-485
110,-534,-51,-132,-9648,6014,172,-487
111,-535,-52,-132,-9648,6014,172,-488
110,-535,-51,-131,-9648,6014,172,-487
110,-534,-51,-131,-9648,6014,172,-485
110,-532,-50,-130,-9648,6014,169,-485
111,-531,-49,-130,-9648,6014,169,-484
111,-530,-48,-130,-9648,6014,170,-483
112,-529,-47,-130,-9648,6014,173,-479
113,-530,-46,-130,-9648,6014,174,-480
114,-531,-46,-130,-9648,6014,174,-482
115,-532,-46,-130,-9648,6014,175,-482
115,-532,-46,-130,-9648,6014,175,-483
115,-532,-46,-130,-9648,6014,175,-483
115,-532,-46,-131,-9648,6014,175,-483
115,-533,-47,-131,-9648,6014,177,-483
116,-534,-48,-131,-9648,6013,177,-484
116,-534,-48,-131,-9648,6013,177,-484
116,-534,-47,-130,-9648,6014,177,-484
116,-534,-46,-130,-9648,6015,177,-484
116,-534,-47,-130,-9648,6016,177,-484
116,-534,-47,-129,-9648,6017,174,-484
116,-534,-48,-129,-9648,6017,174,-485
115,-534,-48,-128,-9648,6017,174,-485
116,-534,-48,-128,-9648,6015,174,-485
116,-534,-47,-129,-9648,6013,174,-484
116,-534,-47,-130,-9648,6013,177,-484
115,-534,-48,-131,-9648,6015,177,-484
115,-534,-50,-132,-9648,6016,175,-487
114,-534,-50,-133,-9648,6017,175,-487
113,-535,-49,-134,-9648,6016,174,-485
112,-536,-47,-134,-9648,6015,175,-485
112,-536,-46,-134,-9648,6015,175,-485
111,-536,-47,-134,-9648,6015,174,-487
111,-536,-48,-135,-9648,6015,174,-487
112,-536,-48,-135,-9648,6014,175,-485
112,-536,-48,-135,-9648,6014,175,-485
112,-536,-48,-136,-9648,6015,175,-485
112,-536,-48,-135,-9648,6016,175,-485
112,-536,-48,-136,-9648,6015,175,-485
112,-536,-48,-135,-9648,6014,175,-485
112,-536,-48,-135,-9648,6013,175,-485
112,-536,-48,-136,-9648,6013,175,-485
112,-536,-48,-136,-9648,6014,175,-485
112,-536,-48,-136,-9648,6014,175,-485
112,-536,-48,-135,-9648,6014,175,-485
112,-536,-48,-133,-9648,6014,173,-485
112,-536,-47,-132,-9648,6014,173,-485
112,-536,-46,-132,-9648,6014,173,-485
112,-536,-47,-132,-9648,6014,173,-485
112,-536,-48,-131,-9648,6014,173,-485
112,-536,-48,-129,-9648,6014,170,-488
112,-536,-48,-128,-9648,6014,170,-488
112,-536,-48,-128,-9648,6014,170,-488
112,-536,-47,-129,-9648,6014,170,-485
111,-536,-48,-129,-9648,6014,170,-487
111,-536,-48,-129,-9648,6014,169,-487
112,-536,-48,-128,-9648,6014,170,-488
113,-535,-48,-128,-9648,6014,172,-488
114,-534,-48,-128,-9648,6014,173,-487
114,-534,-48,-129,-9648,6014,173,-487
114,-534,-49,-130,-9648,6014,173,-487
114,-534,-49,-130,-9648,6014,173,-487
115,-534,-49,-129,-9648,6014,174,-487
116,-534,-48,-129,-9648,6014,174,-485
116,-534,-49,-129,-9648,6014,174,-485
116,-534,-50,-131,-9648,6014,177,-487
115,-534,-51,-132,-9648,6014,177,-487
116,-534,-52,-132,-9648,6014,177,-485
115,-533,-52,-132,-9648,6013,175,-485
115,-532,-51,-132,-9648,6013,175,-484
114,-531,-51,-132,-9648,6014,174,-483
114,-531,-51,-132,-9648,6016,174,-483
114,-531,-51,-132,-9648,6017,175,-484
115,-532,-51,-132,-9648,6017,175,-484
114,-532,-51,-132,-9648,6015,175,-484
113,-531,-51,-132,-9648,6014,174,-484
112,-531,-51,-132,-9648,6014,173,-483
112,-531,-51,-132,-9648,6015,173,-484
115,-533,-51,-132,-9648,6015,175,-485
116,-534,-51,-132,-9648,6016,177,-485
115,-532,-51,-132,-9648,6017,175,-484
114,-531,-51,-132,-9648,6017,175,-483
114,-531,-51,-132,-9648,6017,174,-483
113,-533,-51,-132,-9648,6015,174,-485
113,-535,-51,-132,-9648,6015,174,-488
112,-536,-51,-132,-9648,6015,173,-488
111,-536,-51,-132,-9648,6017,172,-488
110,-534,-52,-132,-9648,6018,170,-487
110,-534,-52,-132,-9648,6017,172,-485
112,-533,-51,-131,-9648,6015,173,-485
112,-533,-50,-131,-9648,6014,173,-485
111,-533,-50,-131,-9648,6013,172,-485
110,-534,-50,-131,-9648,6013,172,-485
109,-533,-50,-130,-9648,6014,168,-485
110,-534,-49,-130,-9648,6014,169,-485
110,-534,-48,-129,-9648,6014,169,-485
110,-533,-48,-129,-9648,6014,169,-485
109,-532,-49,-130,-9648,6014,168,-485
109,-532,-49,-130,-9648,6014,168,-484
109,-532,-49,-130,-9648,6014,168,-484
109,-532,-50,-130,-9648,6014,168,-484
109,-532,-50,-130,-9648,6014,168,-484
108,-532,-49,-130,-9648,6013,168,-484
109,-532,-49,-130,-9648,6013,168,-484
110,-531,-49,-130,-9648,6014,169,-484
112,-530,-50,-131,-9648,6015,173,-483
113,-530,-51,-131,-9648,6016,174,-482
112,-530,-51,-131,-9648,6015,173,-483
112,-531,-50,-131,-9648,6014,173,-483
112,-530,-50,-131,-9648,6014,173,-483
112,-529,-50,-130,-9648,6014,172,-482
113,-529,-49,-130,-9648,6016,172,-482
114,-529,-49,-130,-9648,6017,172,-482
114,-531,-50,-131,-9648,6018,174,-483
115,-532,-51,-132,-9648,6018,175,-484
115,-532,-52,-132,-9648,6017,175,-484
115,-532,-52,-132,-9648,6017,175,-484
115,-532,-51,-132,-9648,6017,175,-484
115,-533,-51,-132,-9648,6018,177,-485
115,-533,-52,-131,-9648,6019,175,-485
115,-532,-52,-131,-9648,6019,173,-484
114,-531,-53,-130,-9648,6019,173,-483
113,-530,-53,-130,-9648,6017,172,-483
113,-530,-54,-129,-9648,6015,172,-485
114,-531,-55,-128,-9648,6014,170,-485
114,-531,-54,-128,-9648,6013,173,-485
114,-531,-54,-129,-9648,6013,173,-485
113,-530,-52,-131,-9648,6014,172,-483
113,-529,-52,-130,-9648,6014,172,-482
113,-529,-54,-129,-9648,6014,172,-484
113,-529,-54,-128,-9648,6014,172,-484
113,-529,-54,-129,-9648,6014,172,-484
113,-529,-54,-130,-9648,6014,172,-482
113,-529,-53,-131,-9648,6014,172,-482
113,-529,-53,-130,-9648,6014,172,-482
113,-529,-53,-128,-9648,6014,172,-484
113,-529,-54,-127,-9648,6014,169,-484
113,-529,-54,-127,-9648,6014,169,-484
113,-529,-52,-128,-9648,6014,172,-482
113,-529,-50,-129,-9648,6014,172,-482
113,-529,-49,-130,-9648,6014,172,-482
113,-529,-50,-131,-9648,6014,174,-482
113,-529,-50,-131,-9648,6014,174,-482
113,-529,-49,-130,-9648,6014,172,-482
113,-529,-48,-129,-9648,6014,172,-482
113,-529,-47,-128,-9648,6014,172,-479
113,-529,-47,-129,-9648,6014,172,-479
113,-529,-48,-129,-9648,6014,172,-482
113,-529,-48,-129,-9648,6014,172,-482
113,-529,-48,-128,-9648,6014,172,-482
113,-529,-48,-128,-9648,6014,172,-482
113,-529,-48,-129,-9648,6014,172,-482
113,-529,-49,-130,-9648,6014,172,-482
113,-529,-49,-130,-9648,6013,172,-482
113,-529,-49,-129,-9648,6013,172,-482
113,-530,-48,-129,-9648,6014,172,-483
114,-531,-49,-130,-9648,6015,173,-483
114,-531,-50,-130,-9648,6016,172,-484
112,-531,-50,-130,-9648,6015,172,-484
112,-531,-49,-130,-9648,6014,170,-483
113,-531,-49,-130,-9648,6015,172,-484
115,-532,-50,-131,-9648,6017,175,-484
115,-534,-51,-131,-9648,6019,177,-485
115,-535,-51,-131,-9648,6019,175,-487
114,-535,-50,-131,-9648,6017,175,-487
114,-534,-50,-131,-9648,6015,175,-487
115,-534,-51,-131,-9648,6015,175,-485
115,-532,-50,-131,-9648,6017,175,-484
114,-532,-50,-131,-9648,6019,174,-484
111,-533,-50,-131,-9648,6019,172,-485
110,-534,-51,-131,-9648,6017,170,-487
110,-534,-52,-132,-9648,6016,170,-487
110,-534,-52,-132,-9648,6016,172,-487
111,-535,-51,-132,-9648,6016,172,-488
111,-536,-51,-132,-9648,6017,173,-488
112,-536,-51,-132,-9648,6017,173,-488
112,-537,-51,-132,-9648,6017,173,-489
112,-536,-51,-132,-9648,6016,173,-488
111,-535,-51,-132,-9648,6015,172,-488
111,-535,-51,-132,-9648,6015,172,-487
111,-535,-51,-132,-9648,6015,172,-487
111,-535,-51,-132,-9648,6015,172,-488
111,-535,-51,-132,-9648,6016,172,-488
111,-535,-51,-132,-9648,6016,172,-487
110,-534,-51,-132,-9648,6015,172,-485
110,-533,-52,-132,-9648,6014,170,-485
111,-535,-52,-132,-9648,6013,172,-487
112,-536,-51,-131,-9648,6013,173,-488
112,-536,-50,-131,-9648,6014,173,-488
111,-535,-50,-130,-9648,6014,169,-488
110,-534,-50,-131,-9648,6014,172,-487
111,-535,-51,-131,-9648,6014,172,-487
111,-536,-52,-132,-9648,6014,173,-488
112,-536,-52,-132,-9648,6014,173,-488
112,-536,-52,-132,-9648,6014,173,-488
112,-536,-51,-131,-9648,6014,173,-488
112,-535,-50,-131,-9648,6014,173,-488
113,-535,-50,-130,-9648,6014,172,-488
112,-535,-50,-131,-9648,6014,173,-488
112,-536,-51,-131,-9648,6014,173,-488
111,-536,-52,-132,-9648,6014,173,-488
112,-536,-52,-132,-9648,6014,173,-488
112,-536,-51,-132,-9648,6014,173,-488
112,-536,-51,-132,-9648,6014,173,-488
111,-535,-51,-132,-9648,6014,172,-487
110,-533,-52,-132,-9648,6014,170,-485
109,-532,-52,-132,-9648,6014,170,-484
109,-532,-51,-131,-9648,6014,170,-484
109,-532,-51,-131,-9648,6014,170,-484
109,-532,-50,-131,-9648,6014,170,-484
109,-532,-50,-131,-9648,6014,170,-484
109,-532,-50,-130,-9648,6014,168,-484
109,-532,-49,-130,-9648,6014,168,-484
109,-532,-49,-130,-9648,6014,168,-484
109,-532,-50,-131,-9648,6014,170,-484
109,-532,-51,-131,-9648,6014,170,-484
109,-532,-50,-131,-9648,6014,170,-484
110,-531,-49,-130,-9648,6014,169,-484
111,-531,-49,-130,-9648,6014,169,-483
110,-531,-50,-130,-9648,6014,169,-484
109,-532,-50,-131,-9648,6014,170,-484
109,-532,-50,-130,-9648,6013,168,-484
109,-532,-50,-130,-9648,6013,168,-484
109,-532,-50,-130,-9648,6014,168,-484
109,-532,-50,-131,-9648,6015,170,-484
109,-532,-50,-131,-9648,6016,170,-484
109,-532,-50,-131,-9648,6015,170,-484
109,-532,-50,-130,-9648,6014,168,-484
109,-532,-50,-131,-9648,6013,170,-484
109,-532,-50,-131,-9648,6013,170,-484
109,-532,-50,-131,-9648,6014,170,-484
110,-533,-50,-130,-9648,6014,169,-485
110,-534,-49,-130,-9648,6014,169,-485
110,-534,-48,-129,-9648,6014,169,-487
110,-534,-49,-129,-9648,6014,169,-487
110,-534,-49,-130,-9648,6014,169,-487
111,-535,-49,-130,-9648,6014,169,-488
111,-536,-48,-129,-9648,6014,170,-488
112,-537,-49,-129,-9648,6014,170,-489
112,-537,-49,-130,-9648,6014,170,-489
111,-536,-50,-130,-9648,6014,170,-488
111,-535,-50,-130,-9648,6014,169,-487
110,-534,-50,-130,-9648,6014,169,-487
111,-535,-50,-131,-9648,6014,172,-488
112,-536,-51,-131,-9648,6014,173,-488
112,-536,-52,-132,-9648,6014,173,-488
111,-535,-52,-132,-9648,6014,172,-487
110,-534,-51,-131,-9648,6014,172,-485
110,-534,-50,-130,-9648,6014,169,-485
111,-534,-49,-130,-9648,6014,169,-487
111,-535,-49,-130,-9648,6014,169,-487
110,-534,-50,-130,-9648,6014,169,-485
109,-532,-50,-131,-9648,6014,170,-484
109,-532,-51,-131,-9648,6014,170,-484
109,-532,-50,-131,-9648,6014,170,-484
109,-532,-50,-130,-9648,6014,168,-484
109,-532,-49,-130,-9648,6014,168,-484
109,-532,-48,-129,-9648,6014,168,-484
109,-532,-47,-128,-9648,6014,168,-482
109,-532,-47,-128,-9648,6014,168,-482
109,-532,-48,-129,-9648,6014,168,-484
109,-532,-49,-130,-9648,6014,168,-484
109,-532,-49,-130,-9648,6014,168,-484
109,-532,-49,-130,-9648,6014,168,-484
109,-532,-48,-129,-9648,6014,168,-484
109,-532,-47,-128,-9648,6014,168,-482
109,-532,-47,-128,-9648,6014,168,-482
109,-532,-48,-129,-9648,6014,168,-482
109,-532,-49,-130,-9648,6014,168,-484
109,-532,-50,-130,-9648,6014,168,-484
109,-532,-50,-129,-9648,6014,168,-484
109,-532,-51,-129,-9648,6014,168,-484
109,-532,-50,-129,-9648,6014,168,-484
109,-532,-50,-130,-9648,6014,168,-484
109,-532,-50,-131,-9648,6014,170,-484
109,-532,-50,-131,-9648,6014,170,-484
109,-532,-50,-130,-9648,6014,168,-484
109,-532,-49,-130,-9648,6014,168,-484
109,-532,-50,-130,-9648,6014,168,-484
109,-532,-50,-131,-9648,6014,170,-484
109,-532,-50,-130,-9648,6014,168,-484
109,-532,-49,-130,-9648,6014,168,-484
110,-534,-49,-130,-9648,6014,169,-485
111,-535,-50,-131,-9648,6014,172,-488
111,-536,-51,-131,-9648,6014,172,-488
111,-535,-51,-131,-9648,6014,172,-488
111,-533,-50,-131,-9648,6014,172,-485
112,-531,-50,-130,-9648,6014,170,-483
113,-530,-50,-130,-9648,6014,172,-483
114,-531,-50,-130,-9648,6014,173,-483
115,-532,-50,-130,-9648,6014,173,-484
115,-534,-50,-130,-9648,6014,174,-485
115,-533,-49,-130,-9648,6014,174,-485
115,-532,-49,-130,-9648,6014,173,-484
114,-531,-49,-130,-9648,6014,173,-483
114,-531,-49,-130,-9648,6014,173,-483
115,-532,-49,-130,-9648,6014,173,-484
115,-533,-48,-129,-9648,6014,173,-485
115,-532,-48,-128,-9648,6014,173,-484
114,-531,-48,-128,-9648,6014,173,-484
114,-531,-48,-128,-9648,6014,173,-484
114,-532,-48,-129,-9648,6014,173,-484
113,-533,-48,-129,-9648,6014,172,-485
112,-532,-48,-128,-9648,6014,172,-485
112,-531,-48,-128,-9648,6014,172,-483
113,-530,-48,-128,-9648,6014,172,-483
115,-530,-48,-128,-9648,6014,173,-483
115,-532,-48,-128,-9648,6014,173,-484
114,-534,-47,-129,-9648,6014,173,-484
112,-535,-48,-128,-9648,6014,172,-488
111,-534,-48,-128,-9648,6014,169,-487
109,-534,-48,-128,-9648,6014,168,-485
109,-533,-47,-129,-9648,6014,168,-483
109,-533,-47,-129,-9648,6014,168,-483
110,-533,-48,-128,-9648,6014,169,-485
110,-533,-49,-127,-9648,6014,169,-485
110,-534,-49,-127,-9648,6014,169,-485
110,-534,-49,-127,-9648,6014,169,-487
111,-535,-48,-128,-9648,6014,169,-487
111,-534,-47,-129,-9648,6014,169,-484
110,-533,-49,-127,-9648,6014,169,-485
109,-532,-50,-126,-9648,6014,166,-484
109,-533,-50,-126,-9648,6014,166,-485
111,-534,-50,-126,-9648,6014,167,-487
112,-536,-49,-127,-9648,6013,170,-488
112,-537,-49,-127,-9648,6013,170,-489
112,-536,-49,-127,-9648,6014,170,-489
112,-536,-49,-128,-9648,6015,170,-488
112,-536,-50,-129,-9648,6016,170,-488
112,-536,-50,-130,-9648,6015,170,-488
112,-536,-49,-130,-9648,6014,170,-488
112,-536,-48,-129,-9648,6013,170,-488
112,-536,-47,-129,-9648,6013,170,-485
112,-536,-48,-128,-9648,6013,170,-488
112,-536,-48,-129,-9648,6014,170,-488
112,-536,-48,-129,-9648,6015,170,-485
112,-536,-48,-128,-9648,6015,170,-488
112,-536,-48,-128,-9648,6015,170,-488
111,-536,-48,-129,-9648,6015,170,-489
111,-536,-49,-130,-9648,6015,170,-489
112,-536,-49,-130,-9648,6015,170,-488
112,-535,-49,-130,-9648,6015,172,-488
113,-535,-48,-129,-9648,6015,172,-488
112,-535,-47,-129,-9648,6015,172,-485
112,-536,-48,-128,-9648,6015,170,-488
111,-536,-48,-128,-9648,6015,170,-489
111,-536,-48,-129,-9648,6014,170,-489
112,-536,-47,-130,-9648,6013,173,-485
112,-536,-45,-131,-9648,6013,173,-485
112,-536,-44,-133,-9648,6014,175,-485
112,-536,-44,-133,-9648,6014,175,-485
112,-536,-46,-131,-9648,6014,173,-487
112,-537,-47,-130,-9648,6014,173,-487
111,-536,-47,-128,-9648,6014,170,-485
111,-534,-48,-128,-9648,6014,169,-487
110,-534,-49,-130,-9648,6014,169,-485
110,-534,-50,-131,-9648,6014,172,-485
111,-534,-51,-132,-9648,6013,172,-487
111,-535,-50,-131,-9648,6013,172,-487
110,-534,-50,-131,-9648,6014,172,-485
109,-532,-50,-131,-9648,6015,170,-484
109,-532,-51,-131,-9648,6016,170,-484
109,-532,-52,-132,-9648,6015,170,-484
109,-532,-52,-132,-9648,6014,170,-484
109,-532,-52,-132,-9648,6013,170,-484
109,-532,-51,-131,-9648,6013,170,-484
109,-532,-50,-131,-9648,6013,170,-484
109,-532,-50,-130,-9648,6014,168,-484
109,-532,-50,-131,-9648,6015,170,-484
109,-532,-51,-131,-9648,6016,170,-484
109,-532,-52,-132,-9648,6015,170,-484
109,-532,-52,-132,-9648,6014,170,-484
109,-532,-51,-132,-9648,6013,170,-484
109,-532,-51,-132,-9648,6013,170,-484
109,-532,-51,-132,-9648,6014,170,-484
109,-532,-52,-132,-9648,6014,170,-484
109,-532,-52,-132,-9648,6014,170,-484
109,-532,-51,-131,-9648,6014,170,-484
109,-532,-50,-131,-9648,6014,170,-484
109,-532,-50,-131,-9648,6014,170,-484
110,-533,-51,-131,-9648,6014,170,-485
111,-535,-51,-131,-9648,6014,172,-487
112,-536,-51,-131,-9648,6014,173,-488
112,-536,-50,-131,-9648,6014,173,-488
112,-536,-50,-131,-9648,6014,173,-488
112,-536,-51,-131,-9648,6014,173,-488
112,-536,-52,-132,-9648,6014,173,-488
112,-536,-52,-132,-9648,6014,173,-488
112,-536,-51,-131,-9648,6014,173,-488
112,-536,-50,-130,-9648,6014,170,-488
112,-536,-49,-130,-9648,6014,170,-488
112,-536,-49,-130,-9648,6014,170,-488
112,-536,-50,-130,-9648,6014,170,-488
112,-536,-50,-131,-9648,6014,173,-488
112,-536,-49,-130,-9648,6014,170,-488
112,-536,-48,-129,-9648,6014,170,-489
112,-536,-47,-128,-9648,6014,170,-487
112,-536,-48,-128,-9648,6014,170,-488
111,-535,-48,-129,-9648,6014,169,-487
110,-533,-48,-129,-9648,6014,169,-485
109,-532,-48,-128,-9648,6014,168,-484
109,-532,-48,-128,-9648,6014,168,-484
109,-532,-48,-128,-9648,6014,168,-484
109,-532,-48,-128,-9648,6014,168,-484
109,-532,-48,-128,-9648,6014,168,-484
109,-532,-48,-128,-9648,6013,168,-484
109,-532,-47,-129,-9648,6013,168,-482
109,-532,-47,-129,-9648,6014,168,-482
109,-532,-48,-128,-9648,6015,168,-484
109,-532,-48,-128,-9648,6017,168,-484
109,-532,-48,-128,-9648,6017,168,-484
109,-532,-47,-129,-9648,6017,168,-483
110,-533,-47,-129,-9648,6016,168,-483
110,-534,-47,-130,-9648,6015,172,-484
110,-533,-46,-130,-9648,6015,170,-483
109,-532,-46,-130,-9648,6015,170,-482
109,-531,-46,-131,-9648,6015,170,-482
109,-532,-46,-131,-9648,6014,170,-482
110,-534,-46,-130,-9648,6015,172,-484
111,-535,-46,-130,-9648,6015,172,-485
111,-535,-47,-130,-9648,6015,172,-485
110,-534,-48,-130,-9648,6014,172,-484
110,-533,-49,-130,-9648,6013,170,-485
110,-533,-49,-129,-9648,6013,169,-485
111,-534,-48,-129,-9648,6014,169,-487
111,-535,-49,-130,-9648,6015,170,-488
111,-535,-50,-130,-9648,6016,172,-488
111,-535,-50,-131,-9648,6017,172,-488
111,-535,-50,-131,-9648,6016,172,-487
111,-534,-50,-131,-9648,6015,172,-487
111,-535,-51,-131,-9648,6014,172,-487
111,-534,-52,-132,-9648,6013,172,-487
110,-534,-52,-132,-9648,6013,172,-487
110,-533,-51,-132,-9648,6014,170,-485
109,-532,-50,-130,-9648,6014,168,-484
108,-531,-49,-130,-9648,6014,168,-484
108,-532,-49,-130,-9648,6014,168,-484
110,-533,-50,-130,-9648,6014,169,-485
112,-534,-50,-131,-9648,6014,173,-487
114,-534,-49,-130,-9648,6014,173,-487
114,-534,-48,-129,-9648,6014,173,-485
113,-533,-47,-128,-9648,6014,172,-483
112,-532,-47,-128,-9648,6013,170,-483
111,-531,-48,-129,-9648,6013,170,-484
111,-531,-49,-130,-9648,6014,170,-483
111,-531,-50,-131,-9648,6015,172,-483
111,-531,-50,-131,-9648,6016,172,-483
110,-531,-49,-130,-9648,6015,169,-484
109,-532,-48,-129,-9648,6014,168,-484
109,-532,-47,-128,-9648,6014,168,-483
109,-532,-48,-128,-9648,6015,168,-484
109,-532,-48,-129,-9648,6015,168,-484
109,-532,-48,-129,-9648,6015,168,-484
109,-532,-48,-128,-9648,6016,168,-484
109,-532,-48,-128,-9648,6017,168,-484
109,-532,-48,-128,-9648,6018,168,-484
109,-532,-48,-128,-9648,6017,168,-484
109,-532,-48,-128,-9648,6015,168,-484
109,-532,-48,-129,-9648,6014,168,-484
109,-532,-48,-129,-9648,6013,168,-484
109,-532,-48,-128,-9648,6013,168,-484
109,-532,-48,-128,-9648,6013,168,-484
109,-532,-48,-128,-9648,6014,168,-484
109,-532,-48,-129,-9648,6015,168,-484
109,-532,-49,-130,-9648,6016,168,-484
109,-532,-49,-130,-9648,6015,168,-484
110,-533,-49,-130,-9648,6014,169,-485
110,-534,-49,-129,-9648,6013,169,-487
110,-534,-49,-129,-9648,6013,169,-487
111,-534,-49,-130,-9648,6014,169,-487
112,-534,-49,-130,-9648,6014,170,-485
112,-534,-49,-130,-9648,6014,170,-485
112,-534,-50,-131,-9648,6014,173,-487
111,-535,-51,-132,-9648,6014,172,-487
111,-535,-51,-132,-9648,6014,172,-487
112,-535,-50,-132,-9648,6014,173,-488
113,-535,-48,-132,-9648,6014,174,-485
113,-536,-48,-133,-9648,6014,174,-485
112,-536,-50,-133,-9648,6014,173,-488
112,-536,-50,-133,-9648,6013,173,-488
113,-535,-50,-133,-9648,6013,174,-488
112,-534,-49,-132,-9648,6014,173,-487
110,-533,-49,-131,-9648,6015,172,-485
109,-533,-50,-132,-9648,6015,170,-485
110,-535,-50,-133,-9648,6016,172,-487
112,-536,-50,-134,-9648,6016,173,-488
112,-537,-49,-134,-9648,6015,175,-487
111,-535,-48,-133,-9648,6015,172,-485
110,-533,-49,-132,-9648,6014,170,-483
109,-532,-50,-132,-9648,6014,170,-484
109,-532,-50,-133,-9648,6015,170,-484
109,-532,-50,-133,-9648,6016,170,-484
109,-532,-50,-133,-9648,6016,170,-484
109,-532,-50,-133,-9648,6015,170,-484
109,-532,-50,-133,-9648,6015,170,-484
109,-532,-51,-132,-9648,6015,170,-484
109,-532,-51,-132,-9648,6016,170,-484
109,-532,-51,-131,-9648,6016,170,-484
109,-532,-50,-130,-9648,6015,168,-484
109,-532,-49,-130,-9648,6014,168,-484
109,-532,-48,-130,-9648,6013,168,-484
109,-532,-49,-130,-9648,6013,168,-484
109,-532,-50,-131,-9648,6014,170,-484
109,-532,-50,-131,-9648,6013,170,-484
109,-532,-49,-130,-9648,6013,168,-484
109,-532,-48,-129,-9648,6014,168,-484
109,-532,-47,-128,-9648,6015,168,-482
109,-532,-47,-128,-9648,6016,168,-482
109,-532,-48,-129,-9648,6015,168,-484
109,-532,-49,-130,-9648,6014,168,-484
109,-532,-49,-130,-9648,6013,168,-484
109,-532,-49,-130,-9648,6013,168,-484
109,-532,-48,-129,-9648,6014,168,-484
109,-532,-48,-128,-9648,6014,168,-484
109,-532,-48,-128,-9648,6013,168,-484
110,-533,-47,-129,-9648,6013,168,-483
111,-535,-47,-130,-9648,6014,172,-485
112,-536,-46,-130,-9648,6015,173,-485
112,-536,-47,-130,-9648,6017,173,-487
112,-536,-47,-129,-9648,6018,170,-487
112,-536,-48,-128,-9648,6017,170,-488
112,-536,-48,-128,-9648,6017,170,-488
112,-536,-48,-128,-9648,6017,170,-488
111,-536,-47,-129,-9648,6017,170,-485
112,-536,-47,-129,-9648,6017,170,-485
112,-537,-48,-128,-9648,6017,170,-489
112,-537,-48,-128,-9648,6018,170,-489
112,-537,-48,-128,-9648,6018,170,-489
112,-537,-48,-128,-9648,6017,170,-489
112,-538,-48,-128,-9648,6015,172,-490
113,-539,-48,-128,-9648,6014,172,-491
114,-540,-48,-128,-9648,6015,173,-491
114,-540,-48,-128,-9648,6015,173,-491
113,-539,-48,-128,-9648,6015,172,-490
112,-538,-48,-128,-9648,6015,172,-489
112,-537,-48,-128,-9648,6015,170,-489
112,-536,-48,-128,-9648,6015,170,-489
111,-536,-48,-128,-9648,6015,170,-488
112,-536,-48,-128,-9648,6014,170,-489
112,-537,-48,-128,-9648,6013,170,-489
111,-536,-48,-128,-9648,6013,170,-488
111,-534,-48,-128,-9648,6014,169,-487
110,-533,-48,-128,-9648,6014,169,-485
110,-534,-48,-128,-9648,6014,169,-485
111,-534,-48,-128,-9648,6014,169,-487
111,-535,-47,-129,-9648,6014,169,-485
110,-534,-47,-129,-9648,6014,169,-484
109,-532,-48,-129,-9648,6014,168,-484
109,-532,-48,-129,-9648,6014,168,-484
109,-532,-48,-128,-9648,6014,168,-484
109,-532,-47,-129,-9648,6014,168,-482
109,-532,-47,-130,-9648,6014,170,-482
109,-532,-48,-130,-9648,6014,170,-482
109,-532,-50,-132,-9648,6014,170,-484
109,-532,-50,-133,-9648,6014,170,-484
109,-532,-49,-135,-9648,6014,173,-482
109,-532,-49,-135,-9648,6014,173,-482
109,-532,-49,-135,-9648,6014,173,-482
109,-532,-49,-134,-9648,6014,172,-482
109,-532,-49,-134,-9648,6014,170,-482
109,-532,-47,-134,-9648,6014,173,-483
110,-533,-46,-134,-9648,6014,173,-483
110,-534,-47,-134,-9648,6014,173,-484
110,-533,-48,-135,-9648,6014,173,-483
109,-533,-49,-136,-9648,6014,173,-483
110,-533,-48,-136,-9648,6014,173,-483
110,-534,-47,-135,-9648,6014,173,-484
110,-533,-45,-133,-9648,6014,173,-483
109,-532,-45,-131,-9648,6014,170,-483
109,-532,-47,-130,-9648,6014,170,-482
109,-532,-49,-130,-9648,6014,168,-484
109,-532,-49,-130,-9648,6014,168,-484
109,-532,-48,-130,-9648,6014,170,-484
109,-532,-46,-131,-9648,6014,170,-482
108,-532,-46,-130,-9648,6014,169,-482
109,-533,-46,-130,-9648,6014,170,-483
110,-533,-47,-130,-9648,6013,172,-483
111,-533,-49,-130,-9648,6013,169,-485
111,-533,-50,-131,-9648,6014,172,-485
111,-532,-50,-130,-9648,6016,169,-484
111,-531,-49,-130,-9648,6017,169,-483
111,-530,-47,-129,-9648,6017,170,-480
111,-531,-46,-129,-9648,6016,172,-480
111,-531,-46,-130,-9648,6014,172,-482
110,-531,-46,-129,-9648,6013,172,-482
111,-531,-47,-129,-9648,6013,170,-480
113,-530,-49,-130,-9648,6014,172,-482
114,-529,-50,-131,-9648,6014,174,-482
113,-529,-50,-131,-9648,6014,174,-482
112,-531,-49,-130,-9648,6014,170,-483
110,-531,-48,-129,-9648,6014,169,-482
109,-532,-47,-128,-9648,6014,168,-482
108,-532,-47,-128,-9648,6014,167,-483
109,-532,-48,-129,-9648,6014,168,-484
110,-533,-49,-130,-9648,6014,169,-485
112,-534,-49,-130,-9648,6014,170,-487
113,-535,-49,-130,-9648,6014,172,-488
113,-535,-49,-130,-9648,6014,172,-488
113,-535,-49,-130,-9648,6014,172,-488
114,-534,-49,-130,-9648,6014,173,-487
114,-534,-50,-130,-9648,6014,173,-487
114,-534,-50,-131,-9648,6014,175,-487
115,-534,-50,-131,-9648,6014,175,-487
115,-534,-50,-130,-9648,6014,174,-487
116,-534,-49,-130,-9648,6014,174,-485
116,-534,-49,-130,-9648,6014,174,-485
116,-534,-50,-131,-9648,6014,177,-485
116,-534,-51,-132,-9648,6014,177,-485
116,-534,-50,-131,-9648,6014,177,-485
115,-534,-49,-130,-9648,6014,174,-485
115,-534,-48,-129,-9648,6013,173,-487
114,-534,-49,-129,-9648,6013,173,-487
113,-535,-50,-130,-9648,6014,172,-488
112,-536,-51,-131,-9648,6015,173,-488
112,-536,-50,-131,-9648,6017,173,-488
111,-536,-49,-130,-9648,6017,170,-489
111,-536,-48,-129,-9648,6017,170,-489
112,-536,-48,-129,-9648,6017,170,-488
112,-536,-49,-130,-9648,6018,170,-488
112,-536,-50,-131,-9648,6017,173,-488
112,-536,-50,-131,-9648,6017,173,-488
112,-536,-49,-130,-9648,6017,170,-488
112,-536,-48,-129,-9648,6017,170,-488
112,-536,-47,-128,-9648,6017,170,-485
112,-536,-48,-128,-9648,6017,170,-488
112,-536,-48,-129,-9648,6017,170,-488
112,-536,-48,-129,-9648,6015,170,-488
112,-536,-48,-128,-9648,6014,170,-488
112,-536,-48,-128,-9648,6015,170,-488
112,-536,-48,-128,-9648,6015,170,-488
112,-536,-48,-128,-9648,6015,170,-488
112,-536,-48,-128,-9648,6015,170,-488
112,-536,-48,-128,-9648,6015,170,-488
112,-536,-48,-128,-9648,6015,170,-488
112,-536,-48,-128,-9648,6015,170,-488
112,-536,-48,-128,-9648,6014,170,-488
112,-536,-48,-128,-9648,6015,170,-488
112,-536,-48,-129,-9648,6016,170,-488
112,-536,-48,-129,-9648,6017,170,-485
112,-536,-47,-129,-9648,6016,170,-485
112,-536,-47,-129,-9648,6015,170,-485
112,-536,-48,-128,-9648,6014,170,-488
112,-536,-48,-128,-9648,6013,170,-488
112,-536,-48,-130,-9648,6014,170,-488
111,-536,-48,-131,-9648,6014,172,-487
111,-536,-48,-133,-9648,6013,172,-487
112,-536,-48,-134,-9648,6013,173,-485
112,-535,-50,-133,-9648,6014,173,-488
115,-534,-51,-132,-9648,6015,175,-487
116,-534,-52,-131,-9648,6016,177,-487
116,-533,-52,-131,-9648,6015,177,-485
115,-532,-51,-132,-9648,6014,175,-484
114,-531,-50,-133,-9648,6013,174,-483
113,-530,-50,-133,-9648,6013,174,-482
113,-529,-50,-133,-9648,6014,174,-482
113,-529,-51,-132,-9648,6014,174,-482
113,-530,-50,-133,-9648,6014,174,-482
112,-531,-50,-133,-9648,6014,173,-483
110,-531,-50,-133,-9648,6014,172,-484
109,-532,-51,-132,-9648,6014,170,-484
108,-532,-52,-131,-9648,6013,169,-484
109,-532,-52,-131,-9648,6013,170,-484
110,-531,-51,-132,-9648,6014,172,-484
111,-531,-51,-133,-9648,6015,172,-483
111,-531,-50,-133,-9648,6016,172,-483
111,-531,-48,-133,-9648,6015,172,-482
110,-531,-48,-133,-9648,6014,170,-482
109,-532,-48,-133,-9648,6013,170,-482
109,-532,-49,-132,-9648,6013,170,-482
109,-532,-49,-130,-9648,6014,168,-484
109,-532,-48,-128,-9648,6014,168,-484
109,-532,-47,-128,-9648,6014,168,-482
109,-532,-47,-129,-9648,6014,168,-482
109,-532,-48,-129,-9648,6014,168,-482
109,-532,-48,-129,-9648,6014,168,-484
109,-532,-48,-128,-9648,6014,168,-485
110,-533,-47,-129,-9648,6014,168,-483
110,-534,-47,-130,-9648,6014,172,-484
110,-533,-46,-130,-9648,6014,170,-483
109,-532,-47,-130,-9648,6014,170,-483
110,-533,-47,-129,-9648,6014,168,-483
111,-534,-48,-129,-9648,6014,169,-487
112,-536,-48,-129,-9648,6014,170,-488
112,-537,-48,-128,-9648,6013,170,-489
112,-536,-47,-129,-9648,6013,170,-487
112,-536,-47,-129,-9648,6014,170,-485
112,-536,-48,-129,-9648,6015,170,-488
112,-536,-49,-130,-9648,6016,170,-488
112,-536,-49,-130,-9648,6017,170,-488
111,-536,-49,-129,-9648,6016,170,-489
111,-536,-48,-129,-9648,6014,169,-489
112,-536,-49,-130,-9648,6014,170,-488
113,-535,-50,-131,-9648,6015,174,-488
114,-534,-51,-131,-9648,6017,175,-487
114,-534,-51,-131,-9648,6017,175,-487
114,-534,-50,-131,-9648,6016,175,-487
115,-534,-50,-131,-9648,6014,175,-487
115,-534,-51,-131,-9648,6013,175,-487
115,-534,-52,-132,-9648,6013,175,-487
113,-533,-52,-132,-9648,6014,174,-485
111,-532,-51,-132,-9648,6014,172,-484
112,-531,-51,-132,-9648,6014,173,-484
113,-531,-51,-132,-9648,6014,174,-483
114,-531,-51,-132,-9648,6014,174,-484
112,-532,-51,-132,-9648,6014,173,-484
111,-531,-51,-132,-9648,6014,172,-484
111,-531,-51,-132,-9648,6014,172,-483
112,-531,-51,-132,-9648,6014,173,-484
113,-532,-51,-132,-9648,6014,174,-484
112,-533,-51,-132,-9648,6014,173,-485
111,-534,-51,-132,-9648,6014,172,-487
110,-534,-51,-132,-9648,6014,170,-487
109,-533,-51,-132,-9648,6014,170,-485
110,-533,-51,-132,-9648,6014,170,-485
110,-534,-51,-132,-9648,6014,172,-485
111,-535,-51,-132,-9648,6014,172,-487
111,-535,-51,-132,-9648,6014,172,-488
111,-535,-51,-132,-9648,6014,172,-488
111,-535,-51,-132,-9648,6014,172,-487
111,-534,-51,-132,-9648,6014,172,-487
111,-534,-51,-132,-9648,6014,172,-487
111,-535,-51,-132,-9648,6014,172,-487
111,-535,-51,-132,-9648,6014,172,-488
111,-536,-51,-132,-9648,6014,173,-488
112,-536,-51,-132,-9648,6014,173,-488
112,-536,-51,-132,-9648,6014,173,-488
112,-536,-51,-132,-9648,6014,173,-488
112,-536,-51,-132,-9648,6014,173,-488
112,-536,-51,-132,-9648,6014,173,-488
111,-536,-51,-132,-9648,6014,173,-488
111,-536,-51,-132,-9648,6014,173,-488
112,-536,-51,-132,-9648,6014,173,-488
112,-538,-51,-132,-9648,6014,173,-489
113,-539,-52,-132,-9648,6014,174,-490
113,-539,-52,-132,-9648,6014,174,-490
112,-538,-51,-132,-9648,6014,173,-490
112,-538,-51,-132,-9648,6014,173,-489
113,-538,-51,-132,-9648,6014,174,-490
113,-539,-52,-132,-9648,6014,174,-490
113,-539,-53,-133,-9648,6014,174,-490
114,-540,-53,-133,-9648,6014,174,-491
114,-540,-53,-133,-9648,6014,174,-491
113,-539,-52,-132,-9648,6014,174,-490
112,-538,-51,-132,-9648,6014,173,-490
112,-536,-51,-131,-9648,6014,173,-488
111,-536,-51,-132,-9648,6014,173,-488
112,-536,-52,-132,-9648,6014,173,-488
112,-536,-53,-133,-9648,6014,173,-488
111,-537,-53,-133,-9648,6014,172,-489
109,-537,-53,-133,-9648,6014,170,-489
108,-538,-52,-132,-9648,6014,169,-490
108,-538,-51,-132,-9648,6014,169,-490
109,-538,-51,-132,-9648,6014,170,-489
110,-537,-51,-132,-9648,6014,172,-489
110,-538,-52,-132,-9648,6014,172,-489
108,-538,-52,-132,-9648,6014,169,-490
107,-537,-51,-132,-9648,6014,168,-489
106,-535,-51,-132,-9648,6013,168,-488
106,-534,-51,-132,-9648,6013,167,-485
106,-533,-51,-132,-9648,6014,168,-485
107,-534,-51,-132,-9648,6015,168,-487
107,-536,-51,-132,-9648,6017,169,-488
108,-536,-51,-132,-9648,6017,169,-489
106,-536,-51,-132,-9648,6017,168,-489
105,-536,-51,-132,-9648,6017,167,-488
104,-535,-51,-132,-9648,6018,166,-487
104,-534,-51,-132,-9648,6019,166,-487
105,-534,-51,-132,-9648,6019,167,-487
107,-535,-51,-132,-9648,6019,168,-487
107,-535,-51,-132,-9648,6019,169,-488
106,-535,-51,-132,-9648,6018,168,-488
106,-536,-51,-132,-9648,6017,168,-488
108,-537,-51,-132,-9648,6015,169,-489
110,-537,-51,-132,-9648,6016,172,-489
112,-536,-51,-132,-9648,6017,173,-488
112,-536,-51,-132,-9648,6017,173,-488
110,-537,-51,-132,-9648,6015,172,-489
110,-537,-51,-132,-9648,6014,170,-489
110,-537,-51,-132,-9648,6015,170,-489
111,-536,-51,-132,-9648,6015,172,-488
112,-536,-51,-132,-9648,6015,173,-488
113,-538,-51,-132,-9648,6014,174,-489
113,-539,-51,-132,-9648,6013,174,-490
113,-539,-51,-132,-9648,6013,174,-491
112,-539,-51,-132,-9648,6014,173,-491
111,-539,-51,-132,-9648,6014,172,-491
112,-539,-51,-132,-9648,6014,173,-491
113,-539,-51,-132,-9648,6014,174,-491
113,-538,-51,-132,-9648,6014,174,-490
112,-538,-51,-132,-9648,6014,173,-489
112,-538,-51,-132,-9648,6014,173,-490
111,-539,-51,-132,-9648,6014,173,-491
111,-541,-51,-132,-9648,6014,172,-493
110,-541,-52,-131,-9648,6014,170,-493
109,-540,-51,-132,-9648,6014,170,-491
108,-539,-50,-133,-9648,6014,169,-491
107,-539,-49,-134,-9648,6014,170,-489
107,-538,-49,-134,-9648,6014,170,-488
107,-538,-50,-133,-9648,6014,169,-490
107,-538,-51,-132,-9648,6014,169,-490
107,-538,-52,-131,-9648,6014,169,-490
107,-538,-52,-132,-9648,6014,169,-490
107,-538,-50,-133,-9648,6014,169,-490
107,-538,-49,-132,-9648,6014,169,-490
107,-538,-48,-131,-9648,6014,169,-488
107,-539,-48,-130,-9648,6014,167,-490
107,-539,-49,-130,-9648,6014,167,-490
107,-538,-50,-130,-9648,6014,167,-490
108,-538,-50,-130,-9648,6014,167,-490
107,-539,-48,-130,-9648,6014,167,-490
106,-539,-47,-129,-9648,6013,166,-489
104,-540,-48,-128,-9648,6013,164,-493
103,-541,-49,-130,-9648,6014,163,-493
103,-542,-50,-131,-9648,6015,164,-493
103,-542,-52,-132,-9648,6015,164,-493
103,-541,-52,-132,-9648,6015,166,-493
104,-540,-51,-132,-9648,6014,167,-493
105,-540,-51,-132,-9648,6015,167,-491
104,-541,-51,-132,-9648,6015,166,-493
103,-541,-52,-131,-9648,6015,166,-493
103,-542,-52,-131,-9648,6014,162,-493
103,-541,-52,-130,-9648,6013,163,-493
104,-540,-53,-130,-9648,6013,163,-493
105,-540,-53,-130,-9648,6013,164,-491
105,-542,-52,-130,-9648,6014,164,-494
105,-544,-52,-131,-9648,6015,164,-495
105,-545,-52,-131,-9648,6015,167,-496
105,-546,-51,-132,-9648,6016,167,-498
106,-545,-51,-132,-9648,6016,168,-496
106,-545,-51,-132,-9648,6015,168,-496
106,-545,-51,-132,-9648,6015,168,-496
106,-545,-51,-132,-9648,6014,168,-496
106,-545,-51,-132,-9648,6013,168,-496
106,-545,-51,-132,-9648,6013,168,-496
106,-545,-51,-132,-9648,6014,168,-496
106,-545,-51,-132,-9648,6014,168,-496
106,-545,-51,-132,-9648,6014,168,-496
106,-545,-51,-132,-9648,6014,168,-496
106,-545,-51,-132,-9648,6014,168,-496
105,-545,-51,-132,-9648,6014,167,-496
105,-544,-52,-132,-9648,6014,167,-495
105,-544,-52,-132,-9648,6014,167,-495
105,-544,-51,-132,-9648,6014,167,-495
105,-545,-51,-132,-9648,6014,167,-496
106,-545,-51,-132,-9648,6014,168,-496
106,-546,-52,-132,-9648,6014,168,-498
106,-545,-53,-133,-9648,6014,168,-496
105,-545,-53,-133,-9648,6014,167,-496
105,-544,-52,-133,-9648,6014,167,-495
105,-544,-52,-132,-9648,6014,167,-495
105,-544,-52,-133,-9648,6014,167,-495
104,-544,-54,-134,-9648,6014,166,-495
103,-545,-55,-135,-9648,6014,166,-499
103,-544,-56,-136,-9648,6014,164,-498
103,-544,-55,-135,-9648,6014,164,-496
103,-544,-54,-134,-9648,6014,164,-495
103,-544,-54,-134,-9648,6014,164,-496
102,-545,-54,-134,-9648,6014,164,-496
101,-545,-55,-135,-9648,6014,163,-496
101,-547,-55,-135,-9648,6014,163,-500
101,-548,-55,-135,-9648,6014,163,-501
101,-548,-55,-135,-9648,6014,163,-499
102,-548,-55,-135,-9648,6014,164,-499
101,-548,-55,-135,-9648,6014,163,-499
101,-548,-55,-135,-9648,6014,163,-499
101,-548,-55,-135,-9648,6014,163,-499
101,-548,-55,-135,-9648,6014,163,-499
101,-548,-55,-135,-9648,6014,163,-499
101,-548,-55,-135,-9648,6014,163,-499
101,-548,-55,-135,-9648,6014,163,-499
101,-548,-55,-135,-9648,6014,163,-499
101,-548,-55,-135,-9648,6014,163,-499
101,-548,-55,-135,-9648,6014,163,-499
101,-548,-55,-135,-9648,6014,163,-499
101,-548,-55,-135,-9648,6014,163,-499
101,-548,-55,-135,-9648,6014,163,-499
101,-548,-55,-135,-9648,6014,163,-499
101,-548,-55,-135,-9648,6014,163,-499
101,-548,-55,-135,-9648,6014,163,-499
102,-548,-55,-135,-9648,6014,164,-501
102,-549,-56,-134,-9648,6014,164,-502
101,-550,-56,-133,-9648,6014,163,-504
99,-551,-56,-134,-9648,6014,162,-504
97,-551,-55,-135,-9648,6014,159,-502
97,-550,-55,-135,-9648,6014,159,-501
98,-549,-56,-134,-9648,6014,161,-502
99,-549,-57,-133,-9648,6014,161,-502
100,-551,-57,-133,-9648,6013,162,-504
100,-553,-57,-133,-9648,6013,162,-506
99,-555,-56,-134,-9648,6014,162,-507
99,-553,-56,-134,-9648,6015,162,-506
98,-552,-56,-134,-9648,6016,161,-505
97,-551,-56,-134,-9648,6015,159,-504
96,-552,-55,-135,-9648,6014,158,-505
95,-554,-55,-135,-9648,6013,158,-505
96,-553,-55,-135,-9648,6013,158,-504
96,-552,-55,-135,-9648,6014,158,-505
96,-551,-56,-134,-9648,6014,158,-504
94,-551,-56,-134,-9648,6014,157,-505
93,-553,-56,-134,-9648,6014,157,-506
93,-555,-56,-134,-9648,6014,157,-507
94,-556,-56,-134,-9648,6014,157,-509
95,-556,-56,-134,-9648,6014,157,-509
95,-556,-56,-134,-9648,6014,157,-509
95,-556,-56,-134,-9648,6014,158,-509
95,-557,-56,-134,-9648,6014,158,-510
95,-557,-56,-134,-9648,6014,158,-510
96,-557,-56,-134,-9648,6014,158,-510
96,-557,-55,-135,-9648,6014,158,-510
96,-557,-55,-135,-9648,6013,158,-507
95,-557,-55,-135,-9648,6013,158,-507
94,-558,-55,-135,-9648,6014,157,-509
94,-558,-55,-135,-9648,6015,157,-509
93,-558,-55,-135,-9648,6016,157,-509
93,-558,-56,-136,-9648,6015,156,-511
93,-559,-56,-137,-9648,6014,156,-511
93,-559,-56,-136,-9648,6013,156,-511
93,-559,-55,-135,-9648,6013,156,-509
94,-558,-55,-135,-9648,6014,157,-509
95,-557,-55,-135,-9648,6014,158,-507
94,-558,-55,-135,-9648,6014,157,-509
93,-559,-55,-135,-9648,6014,156,-511
91,-560,-56,-134,-9648,6014,155,-512
91,-560,-56,-134,-9648,6014,155,-512
91,-560,-56,-134,-9648,6014,155,-512
91,-560,-57,-133,-9648,6014,155,-512
91,-560,-57,-133,-9648,6014,152,-512
91,-560,-57,-133,-9648,6014,152,-512
91,-560,-56,-133,-9648,6014,155,-512
91,-560,-55,-135,-9648,6014,155,-512
91,-559,-55,-135,-9648,6014,155,-510
91,-559,-55,-135,-9648,6014,155,-510
90,-560,-55,-135,-9648,6013,153,-511
89,-563,-55,-135,-9648,6013,152,-515
88,-564,-56,-134,-9648,6014,152,-516
87,-564,-57,-132,-9648,6015,148,-516
87,-563,-58,-132,-9648,6016,148,-515
87,-561,-57,-132,-9648,6015,148,-513
87,-562,-57,-133,-9648,6014,148,-515
88,-563,-58,-134,-9648,6013,152,-516
89,-565,-59,-133,-9648,6013,151,-517
90,-566,-59,-132,-9648,6014,151,-518
89,-567,-58,-131,-9648,6014,150,-520
87,-568,-58,-131,-9648,6014,148,-521
86,-569,-59,-133,-9648,6014,147,-521
85,-569,-61,-134,-9648,6014,147,-523
85,-569,-61,-134,-9648,6014,147,-523
86,-569,-60,-133,-9648,6014,147,-521
86,-569,-58,-131,-9648,6014,147,-521
86,-569,-58,-131,-9648,6014,147,-521
85,-569,-58,-131,-9648,6014,147,-521
85,-569,-59,-133,-9648,6014,147,-521
86,-569,-60,-133,-9648,6014,147,-521
86,-569,-60,-133,-9648,6014,147,-523
86,-569,-60,-133,-9648,6014,147,-523
84,-570,-60,-133,-9648,6014,146,-523
83,-571,-60,-133,-9648,6014,145,-522
81,-571,-60,-134,-9648,6014,144,-523
81,-571,-60,-135,-9648,6014,145,-523
81,-571,-60,-137,-9648,6014,145,-523
81,-571,-59,-138,-9648,6014,146,-523
81,-571,-59,-138,-9648,6014,146,-523
81,-571,-60,-137,-9648,6014,146,-523
82,-571,-60,-137,-9648,6014,146,-523
81,-571,-59,-137,-9648,6014,146,-523
80,-572,-59,-138,-9648,6014,147,-523
78,-573,-59,-139,-9648,6014,145,-524
77,-574,-60,-139,-9648,6014,144,-526
77,-574,-60,-140,-9648,6014,144,-526
77,-574,-60,-139,-9648,6014,144,-526
77,-574,-60,-140,-9648,6014,145,-526
77,-574,-61,-140,-9648,6014,144,-526
76,-575,-62,-141,-9648,6014,144,-526
74,-576,-62,-142,-9648,6014,141,-527
73,-576,-63,-141,-9648,6014,140,-528
72,-576,-63,-141,-9648,6014,140,-529
73,-576,-63,-140,-9648,6014,140,-529
74,-578,-64,-140,-9648,6014,141,-531
75,-579,-63,-140,-9648,6014,142,-533
76,-581,-63,-140,-9648,6014,144,-534
74,-581,-63,-140,-9648,6014,141,-534
72,-581,-64,-140,-9648,6014,140,-534
70,-581,-65,-139,-9648,6014,135,-534
70,-582,-65,-138,-9648,6014,136,-535
71,-583,-66,-137,-9648,6014,136,-537
71,-583,-65,-138,-9648,6014,136,-537
69,-583,-66,-138,-9648,6014,135,-535
67,-583,-66,-139,-9648,6014,133,-537
66,-584,-67,-140,-9648,6014,131,-538
66,-585,-67,-139,-9648,6014,133,-538
67,-586,-66,-138,-9648,6014,133,-539
68,-585,-65,-138,-9648,6014,134,-538
67,-586,-65,-138,-9648,6014,133,-539
66,-586,-65,-138,-9648,6014,131,-539
64,-587,-65,-138,-9648,6014,130,-540
63,-588,-65,-138,-9648,6014,129,-540
63,-590,-66,-138,-9648,6014,129,-543
65,-591,-66,-139,-9648,6014,130,-544
65,-592,-67,-139,-9648,6014,131,-544
66,-592,-68,-140,-9648,6014,131,-546
66,-592,-68,-140,-9648,6014,131,-546
65,-592,-68,-140,-9648,6014,131,-546
64,-593,-68,-140,-9648,6014,130,-545
63,-594,-68,-140,-9648,6014,129,-549
61,-595,-69,-141,-9648,6014,128,-549
61,-595,-69,-141,-9648,6014,128,-549
61,-595,-69,-141,-9648,6014,128,-549
61,-595,-69,-141,-9648,6014,128,-549
61,-595,-69,-141,-9648,6014,128,-549
61,-595,-69,-141,-9648,6014,128,-549
60,-595,-69,-141,-9648,6014,126,-550
59,-596,-69,-141,-9648,6014,126,-550
59,-596,-69,-141,-9648,6014,125,-550
58,-597,-69,-141,-9648,6014,124,-551
57,-597,-69,-141,-9648,6014,124,-551
57,-597,-69,-141,-9648,6014,124,-551
57,-597,-69,-141,-9648,6014,124,-551
57,-597,-69,-141,-9648,6014,124,-551
57,-597,-69,-141,-9648,6014,124,-551
56,-598,-69,-141,-9648,6014,123,-552
54,-599,-69,-141,-9648,6014,122,-554
53,-600,-69,-141,-9648,6014,120,-554
53,-600,-71,-142,-9648,6014,120,-554
53,-599,-72,-144,-9648,6014,123,-554
53,-600,-72,-144,-9648,6014,123,-554
51,-600,-72,-144,-9648,6014,122,-554
50,-602,-72,-143,-9648,6014,119,-555
49,-603,-72,-144,-9648,6014,119,-556
49,-603,-72,-144,-9648,6014,119,-557
50,-603,-73,-144,-9648,6014,119,-557
48,-604,-73,-144,-9648,6014,118,-557
46,-606,-73,-144,-9648,6014,117,-560
45,-608,-72,-145,-9648,6014,115,-561
45,-610,-72,-145,-9648,6014,115,-563
44,-611,-71,-146,-9648,6014,114,-565
44,-611,-72,-145,-9648,6014,114,-565
43,-611,-72,-145,-9648,6014,114,-563
43,-611,-73,-144,-9648,6014,113,-563
42,-612,-73,-144,-9648,6014,113,-565
40,-615,-73,-145,-9648,6014,112,-567
39,-618,-72,-146,-9648,6014,111,-571
38,-620,-71,-146,-9648,6014,109,-573
37,-621,-72,-145,-9648,6014,108,-573
37,-621,-72,-145,-9648,6014,108,-573
37,-621,-74,-145,-9648,6014,108,-573
37,-623,-75,-147,-9648,6014,108,-574
36,-625,-76,-148,-9648,6014,107,-579
34,-626,-77,-148,-9648,6014,106,-581
33,-627,-76,-148,-9648,6014,104,-582
32,-628,-76,-148,-9648,6014,103,-582
31,-629,-76,-148,-9648,6014,103,-583
31,-630,-77,-148,-9648,6014,102,-584
30,-631,-76,-148,-9648,6014,102,-583
29,-633,-76,-148,-9648,6014,101,-587
29,-635,-76,-148,-9648,6014,101,-589
29,-637,-78,-149,-9648,6014,102,-590
29,-637,-79,-150,-9648,6014,103,-590
28,-638,-80,-151,-9648,6014,103,-590
27,-638,-80,-151,-9648,6014,101,-592
25,-639,-81,-150,-9648,6014,98,-593
25,-639,-81,-150,-9648,6014,98,-593
25,-639,-82,-149,-9648,6014,98,-593
24,-640,-83,-148,-9648,6014,97,-595
22,-641,-83,-148,-9648,6014,96,-596
21,-641,-83,-148,-9648,6014,95,-596
21,-642,-83,-147,-9648,6014,91,-598
20,-643,-83,-148,-9648,6014,92,-598
18,-643,-83,-148,-9648,6014,91,-599
17,-644,-83,-148,-9648,6014,91,-599
18,-646,-84,-148,-9648,6014,91,-600
18,-647,-85,-149,-9648,6014,92,-603
18,-649,-86,-149,-9648,6014,92,-604
17,-650,-86,-150,-9648,6014,91,-605
15,-651,-87,-150,-9648,6014,89,-606
14,-652,-87,-151,-9648,6014,87,-606
12,-652,-87,-151,-9648,6014,86,-606
11,-653,-87,-151,-9648,6014,85,-607
10,-654,-87,-151,-9648,6014,84,-609
9,-656,-87,-151,-9648,6014,83,-610
7,-658,-87,-151,-9648,6014,81,-612
6,-660,-87,-151,-9648,6014,80,-614
4,-662,-87,-151,-9648,6014,79,-616
3,-663,-87,-151,-9648,6014,79,-617
2,-664,-87,-151,-9648,6014,78,-617
1,-665,-87,-151,-9648,6014,76,-618
2,-667,-87,-150,-9648,6014,76,-620
2,-668,-87,-151,-9648,6014,76,-622
0,-671,-88,-151,-9648,6014,75,-625
-1,-673,-90,-153,-9648,6014,74,-628
-3,-674,-90,-154,-9648,6014,72,-629
-4,-674,-91,-154,-9648,6014,70,-628
-4,-675,-91,-154,-9648,6014,70,-629
-4,-676,-90,-154,-9648,6014,70,-631
-5,-679,-90,-154,-9648,6014,70,-633
-7,-682,-90,-154,-9648,6014,69,-636
-8,-683,-92,-155,-9648,6014,69,-638
-10,-684,-93,-156,-9648,6014,68,-638
-11,-684,-94,-157,-9648,6014,67,-639
-13,-685,-94,-157,-9648,6014,65,-639
-14,-686,-94,-157,-9648,6014,64,-640
-14,-688,-94,-158,-9648,6014,64,-642
-16,-691,-95,-158,-9648,6014,63,-645
-17,-693,-96,-159,-9648,6014,62,-646
-18,-695,-97,-159,-9648,6014,61,-650
-20,-695,-97,-160,-9648,6014,59,-651
-22,-696,-97,-161,-9648,6014,57,-651
-24,-698,-98,-160,-9648,6014,56,-654
-26,-701,-99,-159,-9648,6014,53,-656
-26,-704,-100,-158,-9648,6014,51,-659
-27,-705,-102,-158,-9648,6014,51,-662
-29,-706,-104,-159,-9648,6014,48,-664
-30,-708,-105,-160,-9648,6014,50,-665
-32,-710,-104,-160,-9648,6014,48,-667
-34,-713,-105,-160,-9648,6014,47,-670
-35,-715,-106,-161,-9648,6014,46,-672
-36,-717,-108,-162,-9648,6014,45,-673
-39,-718,-108,-163,-9648,6014,42,-675
-41,-719,-108,-163,-9648,6014,40,-675
-43,-721,-108,-163,-9648,6014,39,-677
-45,-723,-108,-163,-9648,6014,37,-679
-45,-726,-109,-164,-9648,6014,36,-684
-46,-728,-111,-166,-9648,6014,35,-686
-49,-730,-112,-166,-9648,6014,34,-687
-51,-732,-112,-167,-9648,6014,34,-689
-54,-734,-112,-166,-9648,6014,29,-692
-55,-737,-112,-167,-9648,6014,30,-694
-56,-739,-113,-167,-9648,6014,29,-697
-57,-740,-114,-168,-9648,6013,28,-698
-60,-742,-114,-169,-9648,6014,26,-699
-62,-745,-115,-169,-9648,6014,24,-701
-64,-748,-115,-170,-9648,6014,23,-705
-65,-751,-116,-170,-9648,6013,21,-706
-67,-752,-115,-170,-9648,6012,19,-708
-68,-753,-115,-170,-9649,6012,18,-709
-70,-756,-114,-171,-9648,6012,17,-711
-73,-759,-115,-172,-9648,6013,17,-715
-76,-763,-118,-173,-9648,6014,13,-717
-79,-766,-119,-173,-9648,6014,12,-722
-80,-768,-119,-174,-9648,6013,9,-725
-81,-770,-119,-174,-9648,6013,9,-727
-83,-773,-118,-174,-9648,6014,7,-727
-86,-775,-118,-174,-9648,6014,4,-730
-88,-778,-120,-174,-9648,6013,2,-734
-89,-781,-122,-176,-9648,6012,2,-737
-90,-784,-123,-176,-9649,6012,1,-740
-91,-787,-123,-177,-9648,6013,1,-743
-93,-791,-123,-177,-9648,6013,-1,-747
-96,-795,-124,-177,-9648,6013,-3,-749
-99,-798,-126,-179,-9648,6013,-6,-755
-101,-801,-126,-180,-9648,6012,-8,-758
-103,-802,-126,-180,-9649,6012,-9,-759
-106,-804,-126,-180,-9649,6011,-13,-760
-109,-806,-127,-178,-9649,6010,-15,-762
-111,-809,-130,-179,-9649,6010,-17,-765
-113,-812,-131,-179,-9649,6012,-18,-770
-115,-815,-132,-180,-9648,6013,-20,-772
-118,-818,-133,-181,-9648,6014,-23,-775
-121,-820,-134,-181,-9648,6014,-25,-778
-123,-824,-136,-182,-9648,6013,-28,-781
-125,-827,-137,-182,-9648,6013,-29,-783
-126,-829,-137,-182,-9648,6014,-30,-786
-128,-833,-137,-183,-9648,6014,-31,-789
-131,-836,-138,-184,-9648,6014,-35,-794
-136,-839,-139,-185,-9648,6014,-39,-797
-139,-843,-140,-186,-9648,6014,-39,-800
-142,-846,-141,-186,-9648,6014,-42,-804
-144,-850,-143,-186,-9648,6014,-46,-808
-147,-853,-144,-187,-9648,6014,-48,-813
-149,-856,-146,-187,-9648,6014,-51,-815
-151,-860,-147,-187,-9648,6014,-52,-819
-153,-863,-149,-187,-9648,6014,-53,-821
-156,-866,-150,-187,-9648,6014,-57,-825
-160,-870,-151,-189,-9648,6014,-59,-831
-163,-874,-151,-189,-9648,6014,-63,-834
-166,-878,-151,-189,-9648,6014,-65,-838
-168,-882,-151,-189,-9648,6014,-67,-842
-169,-886,-152,-189,-9648,6014,-68,-844
-171,-889,-154,-191,-9648,6014,-68,-847
-174,-892,-156,-193,-9648,6014,-70,-850
-178,-897,-158,-195,-9648,6014,-74,-855
-182,-902,-159,-195,-9648,6014,-78,-861
-185,-907,-159,-195,-9648,6014,-80,-867
-187,-912,-158,-195,-9648,6014,-83,-871
-190,-915,-159,-195,-9648,6014,-85,-874
-193,-919,-159,-196,-9648,6013,-87,-877
-196,-923,-161,-198,-9648,6014,-90,-881
-198,-928,-163,-199,-9648,6014,-90,-886
-202,-933,-165,-201,-9648,6014,-92,-891
-205,-938,-166,-202,-9648,6013,-96,-894
-210,-941,-167,-203,-9648,6012,-100,-900
-214,-945,-168,-204,-9649,6012,-103,-904
-216,-948,-169,-205,-9648,6013,-106,-907
-219,-951,-170,-205,-9648,6013,-106,-910
-223,-957,-170,-206,-9648,6013,-109,-915
-227,-962,-171,-207,-9648,6012,-113,-920
-231,-968,-173,-208,-9648,6012,-117,-926
-235,-973,-174,-209,-9648,6013,-120,-932
-238,-977,-175,-210,-9648,6013,-123,-936
-241,-980,-176,-212,-9649,6012,-125,-938
-245,-984,-177,-213,-9649,6010,-126,-942
-249,-989,-179,-214,-9649,6010,-131,-947
-254,-994,-182,-215,-9649,6011,-135,-954
-258,-1000,-185,-215,-9649,6012,-141,-959
-261,-1004,-187,-215,-9649,6012,-144,-965
-264,-1009,-188,-215,-9649,6011,-146,-970
-268,-1014,-188,-215,-9649,6010,-150,-974
-273,-1019,-189,-216,-9649,6012,-153,-980
-278,-1026,-191,-218,-9648,6013,-157,-985
-284,-1032,-192,-219,-9648,6014,-161,-991
-289,-1038,-193,-221,-9648,6013,-166,-996
-293,-1043,-195,-222,-9649,6012,-169,-1003
-297,-1049,-198,-223,-9649,6011,-174,-1009
-302,-1054,-200,-222,-9649,6010,-178,-1014
-306,-1059,-202,-222,-9649,6009,-184,-1021
-311,-1066,-204,-223,-9649,6009,-186,-1026
-316,-1071,-206,-225,-9649,6009,-190,-1032
-322,-1077,-208,-227,-9649,6009,-196,-1040
-328,-1084,-209,-228,-9649,6009,-201,-1046
-333,-1090,-211,-230,-9649,6009,-203,-1052
-337,-1097,-212,-230,-9649,6009,-207,-1058
-341,-1103,-213,-232,-9649,6009,-209,-1063
-345,-1108,-214,-233,-9649,6009,-213,-1068
-350,-1115,-217,-234,-9649,6009,-218,-1076
-356,-1121,-220,-235,-9649,6009,-224,-1082
-361,-1128,-222,-237,-9649,6009,-228,-1088
-367,-1135,-223,-238,-9649,6009,-230,-1097
-371,-1142,-224,-239,-9649,6009,-234,-1103
-375,-1148,-226,-239,-9649,6009,-240,-1109
-380,-1155,-229,-239,-9649,6009,-245,-1118
-384,-1163,-231,-240,-9649,6009,-249,-1125
-389,-1170,-233,-242,-9649,6010,-251,-1132
-394,-1178,-234,-244,-9649,6011,-255,-1140
-399,-1185,-236,-246,-9649,6010,-260,-1148
-405,-1192,-238,-248,-9649,6009,-264,-1154
-411,-1200,-240,-249,-9649,6009,-268,-1162
-417,-1207,-241,-250,-9649,6009,-273,-1169
-422,-1215,-242,-251,-9649,6009,-277,-1176
-427,-1222,-245,-253,-9649,6009,-281,-1185
-432,-1229,-247,-255,-9649,6009,-286,-1191
-436,-1236,-248,-256,-9649,6009,-288,-1197
-440,-1244,-249,-258,-9649,6009,-291,-1204
-445,-1253,-252,-260,-9649,6009,-296,-1212
-452,-1261,-254,-262,-9649,6009,-302,-1223
-461,-1270,-257,-263,-9649,6009,-310,-1230
-468,-1278,-260,-263,-9649,6009,-316,-1240
-473,-1286,-262,-265,-9649,6009,-318,-1247
-478,-1295,-264,-268,-9649,6009,-323,-1256
-483,-1304,-267,-270,-9649,6009,-327,-1267
-490,-1314,-268,-270,-9649,6009,-333,-1275
-497,-1322,-271,-271,-9649,6009,-340,-1284
-504,-1330,-273,-272,-9649,6009,-346,-1292
-511,-1338,-276,-274,-9649,6009,-352,-1300
-517,-1347,-278,-276,-9649,6009,-355,-1308
-524,-1357,-279,-278,-9649,6009,-361,-1317
-531,-1367,-281,-280,-9649,6009,-368,-1329
-538,-1377,-284,-282,-9649,6009,-372,-1339
-546,-1387,-286,-284,-9649,6009,-379,-1347
-553,-1398,-289,-285,-9649,6009,-385,-1359
-561,-1408,-292,-287,-9649,6009,-393,-1369
-569,-1418,-296,-289,-9649,6009,-399,-1380
-576,-1428,-299,-291,-9649,6009,-406,-1390
-585,-1439,-303,-293,-9649,6009,-413,-1402
-594,-1450,-306,-296,-9649,6009,-419,-1412
-602,-1463,-308,-297,-9649,6009,-427,-1424
-609,-1475,-310,-299,-9649,6009,-433,-1438
-617,-1486,-312,-301,-9649,6009,-437,-1449
-625,-1498,-314,-304,-9649,6009,-445,-1458
-635,-1510,-317,-305,-9649,6009,-454,-1472
-645,-1523,-321,-307,-9649,6009,-462,-1484
-654,-1536,-326,-308,-9649,6009,-471,-1499
-663,-1549,-330,-311,-9649,6009,-478,-1512
-671,-1560,-334,-314,-9649,6009,-483,-1523
-679,-1572,-336,-316,-9649,6008,-490,-1533
-689,-1585,-339,-318,-9649,6007,-499,-1549
-698,-1601,-341,-321,-9649,6007,-505,-1562
-709,-1615,-345,-324,-9649,6008,-515,-1575
-719,-1627,-349,-327,-9649,6008,-523,-1589
-729,-1640,-351,-329,-9649,6008,-529,-1600
-739,-1653,-353,-331,-9649,6007,-539,-1615
-748,-1668,-356,-333,-9649,6006,-548,-1629
-758,-1684,-359,-337,-9649,6006,-554,-1643
-769,-1698,-363,-340,-9649,6007,-563,-1658
-780,-1712,-367,-343,-9649,6007,-571,-1672
-791,-1727,-371,-347,-9649,6007,-581,-1688
-801,-1744,-374,-350,-9649,6006,-588,-1704
-812,-1759,-377,-354,-9649,6006,-596,-1717
-822,-1774,-381,-356,-9649,6006,-604,-1733
-833,-1789,-386,-359,-9649,6005,-614,-1750
-845,-1806,-391,-361,-9649,6005,-623,-1767
-856,-1824,-395,-363,-9649,6005,-634,-1784
-869,-1842,-399,-365,-9649,6006,-645,-1803
-881,-1860,-403,-369,-9649,6006,-654,-1818
-893,-1877,-406,-373,-9649,6004,-665,-1837
-905,-1895,-411,-377,-9649,6004,-673,-1854
-918,-1913,-415,-380,-9649,6004,-684,-1873
-932,-1933,-419,-384,-9649,6004,-694,-1890
-945,-1952,-423,-388,-9649,6004,-706,-1911
-958,-1971,-428,-392,-9649,6004,-716,-1928
-971,-1990,-434,-396,-9649,6004,-727,-1948
-984,-2012,-439,-399,-9649,6004,-737,-1970
-998,-2033,-444,-403,-9649,6004,-749,-1992
-1014,-2055,-449,-406,-9649,6004,-762,-2013
-1029,-2077,-454,-409,-9649,6004,-775,-2034
-1044,-2099,-459,-413,-9649,6004,-788,-2058
-1060,-2121,-464,-418,-9649,6004,-799,-2077
-1075,-2143,-469,-422,-9649,6004,-810,-2100
-1091,-2167,-474,-426,-9649,6004,-823,-2124
-1107,-2191,-480,-431,-9649,6004,-836,-2147
-1123,-2217,-487,-436,-9649,6004,-850,-2172
-1140,-2241,-493,-442,-9649,6004,-864,-2197
-1157,-2265,-499,-447,-9649,6004,-876,-2222
-1174,-2290,-505,-451,-9649,6004,-892,-2247
-1191,-2316,-510,-455,-9649,6004,-904,-2270
-1209,-2343,-516,-460,-9649,6004,-920,-2298
-1227,-2372,-522,-465,-9649,6004,-933,-2326
-1245,-2399,-529,-470,-9649,6004,-948,-2354
-1263,-2426,-536,-476,-9649,6004,-964,-2381
-1281,-2453,-542,-482,-9649,6004,-977,-2408
-1300,-2482,-548,-487,-9649,6003,-992,-2435
-1320,-2512,-554,-493,-9649,6002,-1008,-2465
-1341,-2543,-561,-499,-9649,6002,-1024,-2496
-1361,-2574,-569,-505,-9649,6002,-1040,-2526
-1381,-2605,-576,-512,-9649,6004,-1057,-2557
-1402,-2636,-583,-519,-9649,6004,-1073,-2587
-1423,-2668,-590,-525,-9649,6004,-1090,-2619
-1445,-2701,-597,-532,-9649,6003,-1107,-2650
-1468,-2734,-605,-538,-9649,6002,-1125,-2683
-1491,-2768,-613,-544,-9649,6001,-1143,-2718
-1515,-2803,-622,-549,-9649,6000,-1164,-2752
-1539,-2838,-630,-554,-9649,5999,-1184,-2788
-1561,-2874,-637,-560,-9649,5999,-1202,-2823
-1586,-2912,-645,-567,-9649,5999,-1223,-2860
-1611,-2950,-653,-575,-9649,5999,-1241,-2898
-1637,-2988,-661,-583,-9649,6001,-1262,-2934
-1662,-3026,-670,-590,-9649,6001,-1281,-2972
-1688,-3066,-678,-598,-9649,6000,-1302,-3011
-1713,-3108,-687,-606,-9649,5999,-1323,-3051
-1740,-3151,-697,-613,-9649,5999,-1344,-3093
-1767,-3193,-708,-620,-9649,5999,-1368,-3137
-1794,-3237,-718,-627,-9649,5999,-1389,-3180
-1822,-3281,-727,-634,-9649,5999,-1412,-3225
-1852,-3327,-736,-643,-9649,5999,-1436,-3269
-1883,-3373,-745,-652,-9649,5999,-1460,-3314
-1913,-3420,-757,-662,-9649,5999,-1484,-3359
-1944,-3468,-768,-672,-9649,5999,-1507,-3408
-1975,-3518,-779,-681,-9649,5999,-1532,-3455
-2006,-3568,-788,-690,-9649,5999,-1557,-3504
-2039,-3618,-798,-699,-9649,5998,-1584,-3553
-2073,-3670,-809,-709,-9649,5997,-1610,-3604
-2107,-3724,-820,-719,-9649,5996,-1638,-3657
-2142,-3780,-833,-730,-9649,5995,-1665,-3713
-2176,-3836,-844,-740,-9649,5995,-1693,-3767
-2211,-3892,-856,-751,-9649,5994,-1718,-3822
-2247,-3949,-868,-762,-9649,5994,-1748,-3878
-2285,-4008,-881,-774,-9649,5994,-1777,-3936
-2324,-4069,-895,-786,-9649,5994,-1807,-3997
-2363,-4131,-908,-798,-9649,5994,-1840,-4056
-2402,-4194,-921,-810,-9649,5994,-1870,-4118
-2443,-4258,-934,-822,-9649,5994,-1901,-4181
-2484,-4325,-949,-835,-9649,5994,-1933,-4246
-2526,-4393,-964,-848,-9649,5994,-1969,-4314
-2569,-4463,-978,-861,-9649,5994,-2002,-4382
-2613,-4534,-992,-874,-9649,5994,-2037,-4452
-2659,-4606,-1007,-887,-9649,5994,-2072,-4522
-2704,-4681,-1022,-901,-9649,5994,-2109,-4596
-2750,-4758,-1039,-915,-9649,5994,-2144,-4671
-2797,-4836,-1055,-930,-9649,5994,-2181,-4748
-2846,-4916,-1070,-946,-9649,5994,-2220,-4824
-2897,-4998,-1085,-962,-9649,5994,-2258,-4903
-2949,-5082,-1102,-979,-9649,5994,-2301,-4985
-3001,-5168,-1120,-996,-9649,5994,-2340,-5068
-3054,-5256,-1138,-1011,-9649,5994,-2382,-5156
-3108,-5345,-1156,-1028,-9649,5994,-2425,-5243
-3164,-5437,-1174,-1044,-9649,5994,-2468,-5332
-3221,-5531,-1194,-1062,-9649,5994,-2514,-5424
-3280,-5627,-1213,-1081,-9649,5993,-2559,-5518
-3339,-5725,-1232,-1101,-9649,5993,-2605,-5612
-3400,-5825,-1252,-1121,-9649,5993,-2652,-5711
-3462,-5928,-1273,-1140,-9649,5992,-2701,-5810
-3525,-6034,-1294,-1159,-9650,5991,-2750,-5915
-3589,-6143,-1315,-1180,-9650,5990,-2800,-6019
-3654,-6255,-1337,-1201,-9650,5989,-2850,-6130
-3721,-6370,-1359,-1224,-9650,5989,-2902,-6242
-3790,-6487,-1382,-1247,-9650,5989,-2955,-6353
-3863,-6605,-1405,-1270,-9650,5990,-3012,-6469
-3936,-6727,-1427,-1293,-9650,5989,-3067,-6585
-4009,-6853,-1450,-1317,-9650,5989,-3123,-6707
-4083,-6981,-1474,-1340,-9650,5988,-3182,-6833
-4159,-7112,-1500,-1366,-9650,5987,-3241,-6959
-4236,-7244,-1526,-1392,-9650,5986,-3299,-7088
-4316,-7379,-1551,-1419,-9650,5985,-3361,-7219
-4398,-7519,-1577,-1445,-9650,5985,-3425,-7354
-4482,-7663,-1605,-1471,-9650,5984,-3490,-7496
-4567,-7810,-1633,-1499,-9650,5984,-3556,-7638
-4653,-7960,-1662,-1528,-9650,5984,-3624,-7784
-4741,-8113,-1691,-1557,-9650,5984,-3690,-7932
-4831,-8270,-1720,-1586,-9650,5984,-3761,-8083
-4924,-8431,-1749,-1616,-9650,5984,-3831,-8239
-5018,-8596,-1781,-1647,-9650,5985,-3906,-8401
-5113,-8764,-1813,-1680,-9650,5984,-3975,-8562
-5207,-8934,-1845,-1714,-9650,5983,-4047,-8727
-5303,-9108,-1877,-1749,-9650,5981,-4121,-8896
-5410,-9293,-1910,-1784,-9650,5981,-4203,-9074
-5528,-9486,-1944,-1819,-9650,5981,-4297,-9195
-5634,-9674,-1979,-1854,-9650,5981,-4380,-9197
-5692,-9837,-2016,-1891,-9650,5981,-4421,-9198
-5679,-9963,-2053,-1929,-9650,5981,-4397,-9198
-5619,-10000,-2092,-1969,-9650,5981,-4328,-9197
-5547,-10000,-2131,-2010,-9650,5980,-4248,-9195
-5479,-10000,-2169,-2052,-9650,5979,-4172,-9194
-5418,-10000,-2208,-2094,-9650,5979,-4101,-9193
-5355,-10000,-2249,-2137,-9650,5979,-4028,-9190
-5287,-10000,-2291,-2182,-9650,5980,-3950,-9189
-5216,-10000,-2335,-2228,-9650,5980,-3869,-9188
-5143,-10000,-2379,-2274,-9650,5980,-3787,-9187
-5069,-10000,-2425,-2320,-9650,5980,-3704,-9186
-4992,-10000,-2471,-2370,-9650,5978,-3617,-9184
-4914,-10000,-2518,-2421,-9651,5976,-3527,-9182
-4833,-10000,-2567,-2474,-9651,5974,-3436,-9181
-4751,-10000,-2616,-2526,-9651,5974,-3341,-9179
-4665,-10000,-2666,-2580,-9651,5975,-3244,-9177
-4577,-10000,-2717,-2635,-9651,5975,-3144,-9176
-4487,-10000,-2770,-2692,-9651,5975,-3042,-9173
-4394,-10000,-2825,-2752,-9651,5973,-2938,-9172
-4300,-10000,-2880,-2812,-9651,5971,-2829,-9170
-4203,-10000,-2936,-2874,-9651,5970,-2718,-9168
-4104,-10000,-2993,-2936,-9651,5969,-2606,-9166
-4004,-10000,-3052,-3000,-9651,5970,-2493,-9165
-3903,-10000,-3113,-3066,-9651,5970,-2378,-9162
-3794,-10000,-3175,-3134,-9651,5970,-2254,-9160
-3675,-10000,-3237,-3203,-9651,5968,-2122,-9157
-3560,-10000,-3300,-3274,-9651,5966,-1991,-9155
-3469,-10000,-3364,-3347,-9651,5965,-1881,-9154
-3420,-10000,-3430,-3422,-9651,5964,-1809,-9153
-3415,-10000,-3498,-3497,-9651,5965,-1777,-9151
-3415,-10000,-3568,-3574,-9651,5965,-1751,-9151
-3420,-10000,-3640,-3654,-9651,5965,-1727,-9151
-3419,-10000,-3712,-3736,-9651,5964,-1695,-9150
-3417,-10000,-3785,-3820,-9651,5963,-1663,-9150
-3416,-10000,-3860,-3905,-9651,5963,-1632,-9149
-3416,-10000,-3937,-3992,-9651,5963,-1600,-9149
-3416,-10000,-4015,-4081,-9651,5963,-1567,-9148
-3416,-10000,-4094,-4172,-9652,5962,-1534,-9148
-3416,-10000,-4175,-4265,-9652,5960,-1500,-9147
-3416,-10000,-4259,-4362,-9652,5959,-1464,-9147
-3416,-10000,-4345,-4460,-9652,5960,-1429,-9145
-3416,-10000,-4432,-4560,-9652,5960,-1394,-9145
-3416,-10000,-4521,-4662,-9652,5960,-1356,-9144
-3416,-10000,-4612,-4766,-9652,5960,-1318,-9144
-3416,-10000,-4704,-4873,-9652,5960,-1280,-9143
-3416,-10000,-4799,-4983,-9652,5958,-1237,-9143
-3416,-10000,-4895,-5095,-9652,5956,-1197,-9142
-3416,-10000,-4993,-5210,-9652,5955,-1156,-9142
-3416,-10000,-5094,-5328,-9651,5956,-1113,-9140
-3416,-10000,-5198,-5449,-9651,5957,-1069,-9139
-3416,-10000,-5305,-5571,-9652,5957,-1024,-9139
-3416,-10000,-5413,-5696,-9654,5956,-977,-9138
-3416,-10000,-5524,-5823,-9651,5955,-930,-9137
-3416,-10000,-5636,-5955,-9641,5954,-883,-9137
-3416,-10000,-5751,-6089,-9624,5953,-832,-9136
-3416,-10000,-5869,-6226,-9604,5953,-783,-9134
-3416,-10000,-5990,-6366,-9584,5952,-732,-9133
-3416,-10000,-6111,-6507,-9564,5950,-681,-9133
-3416,-10000,-6234,-6650,-9542,5947,-627,-9132
-3416,-10000,-6363,-6800,-9519,5944,-572,-9131
-3416,-10000,-6503,-6961,-9496,5941,-513,-9129
-3416,-10000,-6642,-7121,-9474,5939,-456,-9129
-3416,-10000,-6753,-7258,-9451,5938,-405,-9128
-3416,-10000,-6811,-7347,-9427,5937,-367,-9127
-3416,-10000,-6809,-7381,-9402,5935,-349,-9127
-3416,-10000,-6791,-7402,-9377,5934,-334,-9127
-3416,-10000,-6766,-7416,-9350,5930,-321,-9127
-3416,-10000,-6747,-7436,-9321,5927,-305,-9126
-3416,-10000,-6732,-7461,-9290,5923,-289,-9126
-3416,-10000,-6714,-7484,-9258,5921,-272,-9126
-3416,-10000,-6695,-7506,-9226,5919,-256,-9126
-3416,-10000,-6675,-7527,-9194,5918,-240,-9125
-3416,-10000,-6657,-7547,-9163,5916,-224,-9125
-3416,-10000,-6639,-7567,-9132,5913,-211,-9125
-3416,-10000,-6621,-7588,-9101,5912,-196,-9125
-3416,-10000,-6602,-7608,-9067,5910,-180,-9125
-3416,-10000,-6583,-7629,-9030,5908,-164,-9123
-3416,-10000,-6565,-7650,-8991,5905,-148,-9123
-3416,-10000,-6548,-7669,-8953,5901,-135,-9123
-3416,-10000,-6531,-7687,-8914,5897,-122,-9123
-3416,-10000,-6515,-7705,-8876,5893,-109,-9123
-3416,-10000,-6498,-7723,-8835,5890,-96,-9122
-3416,-10000,-6483,-7740,-8793,5888,-83,-9122
-3416,-10000,-6469,-7756,-8749,5886,-72,-9122
-3416,-10000,-6456,-7771,-8704,5883,-59,-9122
-3416,-10000,-6443,-7785,-8658,5878,-48,-9122
-3416,-10000,-6431,-7799,-8612,5873,-40,-9122
-3416,-10000,-6420,-7810,-8563,5869,-31,-9121
-3416,-10000,-6411,-7820,-8513,5866,-21,-9121
-3416,-10000,-6404,-7829,-8461,5863,-15,-9121
-3416,-10000,-6397,-7836,-8408,5860,-10,-9121
-3416,-10000,-6392,-7842,-8355,5855,-7,-9121
-3416,-10000,-6388,-7846,-8303,5850,-4,-9121
-3416,-10000,-6386,-7848,-8249,5845,-2,-9121
-3416,-10000,-6386,-7848,-8190,5840,-2,-9121
-3416,-10000,-6387,-7847,-8129,5835,-4,-9121
-3416,-10000,-6391,-7842,-8066,5829,-7,-9121
-3416,-10000,-6397,-7836,-8004,5823,-10,-9121
-3416,-10000,-6405,-7827,-7941,5816,-18,-9121
-3416,-10000,-6416,-7815,-7877,5809,-26,-9121
-3416,-10000,-6428,-7802,-7811,5802,-37,-9122
-3416,-10000,-6443,-7785,-7742,5796,-48,-9122
-3416,-10000,-6460,-7766,-7672,5789,-62,-9122
-3416,-10000,-6479,-7744,-7601,5781,-80,-9122
-3416,-10000,-6501,-7720,-7529,5772,-97,-9122
-3416,-10000,-6526,-7692,-7454,5762,-118,-9123
-3416,-10000,-6554,-7662,-7378,5752,-140,-9123
-3416,-10000,-6584,-7629,-7300,5743,-164,-9123
-3416,-10000,-6617,-7592,-7223,5734,-191,-9125
-3416,-10000,-6653,-7552,-7143,5723,-223,-9125
-3416,-10000,-6692,-7509,-7061,5712,-253,-9126
-3416,-10000,-6734,-7462,-6977,5701,-289,-9126
-3416,-10000,-6779,-7412,-6892,5689,-324,-9127
-3416,-10000,-6826,-7359,-6805,5677,-365,-9127
-3416,-10000,-6876,-7304,-6715,5663,-405,-9128
-3416,-10000,-6929,-7245,-6624,5648,-450,-9128
-3416,-10000,-6985,-7183,-6532,5633,-494,-9129
-3416,-10000,-7043,-7118,-6438,5617,-543,-9131
-3416,-10000,-7105,-7050,-6343,5600,-594,-9132
-3416,-10000,-7169,-6979,-6247,5581,-645,-9132
-3416,-10000,-7234,-6906,-6149,5562,-699,-9133
-3416,-10000,-7302,-6831,-6049,5543,-754,-9134
-3416,-10000,-7372,-6753,-5947,5523,-813,-9136
-3416,-10000,-7444,-6672,-5844,5501,-872,-9136
-3416,-10000,-7519,-6590,-5741,5478,-935,-9137
-3416,-10000,-7595,-6505,-5637,5454,-997,-9138
-3416,-10000,-7673,-6419,-5532,5429,-1059,-9139
-3416,-10000,-7753,-6330,-5426,5404,-1126,-9140
-3416,-10000,-7834,-6240,-5319,5377,-1193,-9142
-3416,-10000,-7916,-6149,-5211,5349,-1259,-9143
-3416,-10000,-7999,-6057,-5100,5320,-1329,-9144
-3416,-10000,-8084,-5963,-4989,5289,-1397,-9145
-3416,-10000,-8170,-5867,-4878,5257,-1469,-9147
-3416,-10000,-8256,-5772,-4767,5225,-1540,-9148
-3416,-10000,-8342,-5676,-4656,5192,-1612,-9149
-3416,-10000,-8429,-5579,-4545,5157,-1683,-9150
-3416,-10000,-8517,-5482,-4432,5121,-1754,-9151
-3416,-10000,-8604,-5384,-4319,5083,-1827,-9153
-3416,-10000,-8691,-5288,-4207,5044,-1899,-9154
-3416,-10000,-8778,-5192,-4094,5004,-1967,-9155
-3416,-10000,-8863,-5097,-3981,4962,-2039,-9156
-3416,-10000,-8949,-5001,-3867,4918,-2110,-9157
-3416,-10000,-9035,-4907,-3755,4874,-2180,-9159
-3416,-10000,-9119,-4813,-3642,4828,-2251,-9160
-3416,-10000,-9203,-4720,-3530,4781,-2318,-9161
-3416,-10000,-9285,-4629,-3419,4733,-2386,-9162
-3416,-10000,-9366,-4539,-3309,4684,-2453,-9164
-3416,-10000,-9445,-4451,-3200,4633,-2518,-9165
-3416,-10000,-9522,-4365,-3092,4581,-2583,-9166
-3416,-10000,-9598,-4281,-2985,4528,-2642,-9167
-3416,-10000,-9670,-4200,-2880,4475,-2702,-9168
-3416,-10000,-9741,-4122,-2777,4420,-2761,-9168
-3416,-10000,-9810,-4046,-2674,4364,-2818,-9170
-3416,-10000,-9876,-3972,-2572,4308,-2872,-9171
-3416,-10000,-9940,-3901,-2471,4251,-2926,-9172
-3415,-10000,-10000,-3835,-2374,4194,-2973,-9172
-3415,-10000,-10000,-3769,-2280,4135,-3009,-9173
-3426,-10000,-10000,-3702,-2188,4074,-3056,-9175
-3437,-10000,-10000,-3638,-2098,4013,-3100,-9175
-3427,-10000,-10000,-3594,-2011,3952,-3116,-9175
-3415,-10000,-10000,-3550,-1926,3893,-3128,-9176
-3415,-10000,-10000,-3504,-1843,3833,-3155,-9176
-3507,-10000,-10000,-3381,-1765,3773,-3306,-9178
-3815,-10000,-10000,-3129,-1691,3711,-3725,-9186
-4259,-10000,-9753,-2805,-1620,3651,-4255,-9195
-4720,-10000,-9450,-2479,-1551,3592,-4791,-9204
-5112,-10000,-9182,-2192,-1485,3534,-5249,-9212
-5427,-10000,-8938,-1935,-1423,3476,-5625,-9219
-5705,-9907,-8693,-1687,-1365,3419,-5963,-9225
-5973,-9461,-8438,-1437,-1311,3362,-6289,-9231
-6235,-9025,-8179,-1191,-1259,3306,-6609,-9236
-6484,-8609,-7921,-953,-1211,3251,-6914,-9242
-6721,-8216,-7665,-724,-1167,3198,-7201,-9247
-6943,-7845,-7411,-504,-1127,3145,-7468,-9251
-7152,-7499,-7158,-295,-1091,3095,-7721,-9255
-7347,-7176,-6907,-96,-1058,3046,-7955,-9259
-7528,-6876,-6660,92,-1029,2998,-8172,-9151
-7684,-6594,-6417,271,-1004,2952,-8368,-8824
-7816,-6330,-6179,440,-981,2908,-8535,-8512
-7954,-6100,-5945,598,-961,2865,-8705,-8232
-8113,-5912,-5715,746,-943,2824,-8885,-7992
-8226,-5724,-5489,884,-929,2784,-8987,-7749
-8268,-5519,-5268,1013,-919,2746,-8990,-7491
-7973,-5135,-5052,1133,-911,2711,-8846,-7066
-7408,-4612,-4841,1243,-907,2677,-8357,-6510
-6739,-4049,-4634,1343,-904,2644,-7766,-5918
-6140,-3549,-4431,1434,-904,2613,-7237,-5381
-5669,-3145,-4234,1516,-906,2585,-6817,-4936
-5278,-2807,-4043,1590,-910,2560,-6468,-4554
-4909,-2498,-3858,1656,-916,2535,-6135,-4200
-4543,-2208,-3679,1713,-924,2511,-5800,-3864
-4190,-1939,-3504,1764,-933,2489,-5475,-3549
-3854,-1691,-3335,1807,-944,2468,-5161,-3255
-3535,-1462,-3173,1841,-955,2451,-4858,-2982
-3233,-1253,-3017,1868,-967,2435,-4570,-2725
-2948,-1063,-2865,1890,-981,2421,-4293,-2487
-2681,-892,-2718,1906,-997,2406,-4032,-2269
-2430,-738,-2576,1917,-1014,2393,-3781,-2069
-2196,-599,-2440,1921,-1032,2382,-3545,-1882
-1978,-474,-2309,1919,-1049,2372,-3320,-1711
-1775,-362,-2184,1915,-1066,2365,-3109,-1554
-1588,-261,-2065,1905,-1085,2358,-2909,-1407
-1415,-170,-1951,1892,-1103,2353,-2722,-1274
-1255,-89,-1841,1875,-1122,2348,-2546,-1147
-1108,-17,-1735,1855,-1141,2343,-2380,-1032
-973,46,-1633,1831,-1161,2340,-2225,-926
-848,103,-1536,1804,-1181,2338,-2077,-830
-733,154,-1443,1774,-1200,2336,-1937,-738
-630,200,-1355,1741,-1218,2335,-1807,-651
-536,241,-1270,1707,-1237,2335,-1685,-573
-450,275,-1188,1670,-1255,2336,-1571,-501
-372,305,-1110,1631,-1273,2337,-1463,-434
-301,332,-1037,1590,-1291,2338,-1362,-372
-237,356,-967,1548,-1310,2341,-1267,-316
-179,376,-899,1506,-1328,2344,-1176,-262
-127,394,-835,1462,-1347,2348,-1095,-211
-80,408,-774,1417,-1362,2351,-1014,-166
-39,422,-716,1371,-1377,2355,-939,-120
-3,433,-660,1325,-1392,2359,-870,-80
28,444,-606,1279,-1409,2363,-805,-41
57,452,-555,1233,-1424,2367,-742,-6
82,457,-505,1186,-1439,2372,-684,26
103,461,-458,1139,-1454,2378,-631,58
120,464,-413,1091,-1468,2383,-579,87
136,464,-369,1045,-1482,2388,-529,113
150,464,-329,998,-1495,2392,-483,136
162,462,-292,951,-1507,2396,-440,158
170,461,-256,905,-1517,2401,-400,180
176,458,-220,859,-1528,2406,-361,198
179,455,-185,813,-1541,2412,-325,216
181,449,-151,769,-1553,2418,-292,230
182,442,-120,725,-1563,2423,-261,245
183,434,-90,681,-1573,2429,-231,256
181,427,-62,638,-1582,2434,-201,268
179,419,-35,596,-1592,2438,-174,279
176,409,-8,554,-1601,2442,-151,288
170,398,16,513,-1609,2446,-128,294
164,389,40,472,-1617,2451,-107,301
158,379,63,433,-1625,2456,-86,308
150,368,85,396,-1633,2460,-68,312
143,355,106,360,-1639,2464,-50,314
136,341,126,324,-1645,2468,-32,316
127,328,145,288,-1651,2473,-15,317
118,315,163,253,-1657,2478,-2,319
107,303,180,221,-1663,2482,9,319
96,291,197,189,-1667,2485,20,319
86,277,211,159,-1672,2489,30,318
75,263,224,129,-1676,2493,41,314
65,250,236,101,-1681,2497,50,311
54,237,248,74,-1686,2500,56,308
43,224,260,48,-1689,2503,63,306
32,211,271,23,-1692,2506,69,301
24,198,282,0,-1693,2509,76,297
16,185,291,-22,-1694,2513,83,292
7,174,300,-43,-1696,2516,87,290
-2,163,307,-62,-1697,2519,92,284
-12,152,313,-79,-1699,2521,95,280
-20,141,317,-95,-1701,2523,96,273
-27,131,321,-111,-1702,2525,100,268
-32,120,323,-126,-1704,2526,103,263
-37,109,326,-141,-1704,2528,107,256
-42,99,329,-154,-1703,2531,112,249
-46,90,330,-164,-1703,2533,113,242
-49,83,330,-171,-1703,2536,114,238
-52,76,329,-178,-1703,2538,114,231
-54,69,327,-185,-1703,2540,117,225
-56,62,325,-191,-1702,2541,118,219
-56,55,321,-196,-1700,2543,120,213
-54,48,317,-199,-1698,2544,123,203
-51,42,310,-199,-1696,2544,125,196
-49,38,304,-199,-1694,2544,125,190
-46,36,296,-198,-1691,2545,125,184
-41,33,289,-197,-1689,2547,128,180
-35,31,280,-193,-1686,2548,131,173
-29,30,270,-188,-1684,2548,130,168
-22,29,259,-182,-1681,2550,133,161
-14,30,248,-175,-1678,2551,133,157
-5,31,236,-168,-1674,2552,135,151
4,30,223,-160,-1671,2553,137,144
14,31,209,-151,-1668,2552,137,137
25,33,196,-140,-1665,2551,139,133
36,37,182,-130,-1662,2551,141,129
49,42,167,-118,-1658,2551,142,125
62,47,152,-106,-1655,2553,146,123
75,51,135,-92,-1651,2555,147,118
88,54,118,-79,-1648,2556,147,112
101,59,102,-65,-1645,2556,148,107
115,65,86,-51,-1642,2555,150,104
131,71,71,-36,-1640,2555,153,101
147,76,54,-21,-1637,2556,157,97
163,82,36,-6,-1633,2558,158,92
179,88,19,9,-1630,2559,159,90
194,96,1,25,-1627,2560,162,89
208,104,-15,40,-1625,2559,162,85
222,112,-32,55,-1622,2559,163,83
238,118,-49,71,-1620,2558,167,80
253,125,-65,87,-1617,2558,167,76
268,133,-80,103,-1615,2559,170,78
283,141,-95,119,-1614,2560,169,76
297,149,-111,133,-1612,2562,172,75
311,157,-126,148,-1610,2562,174,73
326,163,-140,162,-1608,2562,179,72
341,170,-153,177,-1607,2562,180,69
354,177,-166,191,-1607,2562,181,69
367,186,-178,206,-1606,2563,181,70
378,195,-191,219,-1605,2562,183,72
389,203,-202,231,-1604,2563,185,73
400,212,-213,242,-1604,2564,185,74
411,219,-223,252,-1604,2566,189,75
421,224,-231,262,-1605,2568,189,76
431,230,-238,271,-1607,2568,191,76
439,235,-244,278,-1607,2568,195,78
446,240,-251,286,-1608,2568,194,78
451,246,-257,293,-1608,2568,194,81
456,252,-263,299,-1610,2568,194,83
460,257,-267,304,-1612,2568,192,85
463,261,-270,307,-1615,2568,194,86
466,265,-273,310,-1617,2568,195,89
469,268,-275,312,-1618,2569,196,90
470,272,-276,314,-1619,2570,196,93
471,275,-276,315,-1621,2572,196,96
470,278,-273,316,-1624,2574,195,98
467,281,-271,314,-1627,2574,192,103
464,282,-267,312,-1631,2574,192,107
460,283,-264,308,-1634,2574,192,108
455,283,-261,304,-1638,2574,190,111
450,283,-256,299,-1642,2575,190,114
444,283,-251,293,-1645,2575,189,117
437,283,-243,286,-1649,2575,187,122
429,283,-233,279,-1652,2576,186,125
421,281,-224,271,-1655,2576,186,129
412,279,-215,261,-1658,2576,185,134
403,276,-207,250,-1662,2576,183,135
393,272,-199,238,-1666,2576,183,135
381,268,-190,224,-1671,2577,180,136
368,264,-179,211,-1676,2577,179,139
354,258,-166,197,-1682,2577,177,142
341,252,-154,183,-1686,2578,175,144
328,246,-141,168,-1689,2578,174,145
313,240,-129,152,-1692,2578,172,146
298,234,-115,136,-1696,2578,169,150
282,228,-102,120,-1700,2578,168,151
266,220,-88,102,-1703,2578,164,152
249,211,-74,83,-1707,2579,162,153
232,202,-59,64,-1710,2580,159,153
216,193,-45,44,-1715,2583,161,155
199,186,-30,26,-1720,2585,158,157
182,177,-15,9,-1723,2586,155,157
163,167,0,-7,-1725,2585,151,155
145,155,13,-27,-1727,2583,147,153
128,144,27,-47,-1729,2582,146,152
112,135,42,-67,-1733,2581,146,152
94,126,57,-86,-1736,2581,144,153
77,118,72,-105,-1739,2582,141,155
59,109,87,-124,-1741,2583,139,156
42,100,101,-144,-1743,2583,136,156
25,89,115,-163,-1744,2583,134,155
9,79,129,-180,-1745,2583,133,155
-7,69,144,-197,-1746,2582,129,152
-22,59,158,-212,-1748,2581,128,152
-38,50,172,-227,-1749,2581,125,151
-52,43,184,-243,-1749,2581,123,153
-68,37,195,-259,-1749,2581,119,153
-81,30,207,-274,-1749,2581,117,155
-93,23,218,-287,-1749,2582,117,155
-104,15,229,-299,-1749,2581,115,152
-114,8,239,-310,-1748,2580,113,152
-126,2,249,-321,-1746,2578,111,153
-137,-3,258,-330,-1745,2576,107,151
-147,-10,265,-339,-1744,2576,104,150
-155,-17,272,-346,-1743,2576,104,146
-161,-22,278,-353,-1741,2576,103,145
-165,-26,285,-358,-1739,2574,104,147
-170,-29,291,-362,-1736,2573,102,146
-175,-31,295,-365,-1734,2571,100,146
-180,-34,298,-367,-1730,2570,97,144
-184,-36,299,-369,-1727,2569,96,144
-186,-39,300,-369,-1724,2567,95,141
-185,-41,300,-368,-1721,2565,95,139
-184,-43,300,-366,-1716,2565,95,137
-182,-45,300,-362,-1711,2564,93,135
-179,-45,298,-357,-1706,2563,93,134
-176,-44,295,-352,-1703,2561,92,131
-170,-44,291,-346,-1700,2559,93,130
-163,-43,285,-338,-1697,2559,95,126
-157,-42,278,-328,-1692,2558,95,123
-150,-40,270,-317,-1687,2557,92,120
-141,-38,261,-305,-1682,2555,91,117
-132,-35,251,-293,-1678,2553,91,113
-122,-31,241,-280,-1673,2552,91,113
-109,-28,231,-267,-1668,2552,93,109
-97,-24,219,-251,-1662,2550,93,106
-83,-21,206,-236,-1657,2548,96,100
-68,-18,191,-220,-1652,2546,98,93
-54,-14,176,-204,-1648,2545,97,91
-39,-10,162,-187,-1643,2545,100,85
-21,-6,147,-169,-1637,2545,103,80
-4,-1,131,-149,-1633,2545,103,75
13,3,115,-127,-1629,2545,106,69
29,7,97,-107,-1624,2544,106,64
46,12,79,-88,-1619,2544,106,57
64,16,61,-70,-1615,2544,108,52
83,21,42,-52,-1611,2544,113,46
103,27,22,-32,-1608,2544,115,40
121,32,2,-11,-1605,2543,117,34
139,38,-15,9,-1601,2543,117,28
156,43,-34,30,-1596,2543,118,23
174,47,-52,51,-1593,2543,118,17
192,50,-71,71,-1592,2543,122,8
211,54,-89,91,-1590,2542,123,2
229,57,-107,112,-1589,2542,124,-4
245,62,-124,130,-1587,2542,126,-9
262,65,-140,148,-1586,2544,128,-15
278,68,-157,166,-1583,2545,129,-24
294,70,-173,185,-1582,2547,130,-31
309,72,-189,203,-1580,2547,131,-39
324,74,-204,221,-1580,2547,131,-45
337,77,-217,237,-1580,2546,133,-50
349,79,-230,252,-1580,2546,133,-57
361,80,-242,267,-1580,2548,133,-62
372,81,-254,282,-1580,2550,131,-68
383,82,-266,297,-1582,2552,130,-73
394,83,-275,310,-1583,2552,131,-79
404,83,-284,322,-1584,2551,131,-84
411,82,-291,333,-1585,2552,131,-90
419,81,-297,342,-1586,2554,133,-95
426,80,-303,351,-1589,2555,131,-97
431,80,-308,359,-1592,2557,133,-102
436,79,-312,366,-1594,2557,131,-104
439,78,-315,372,-1596,2558,131,-108
442,76,-316,378,-1599,2559,129,-113
444,74,-317,383,-1602,2561,129,-114
446,72,-317,388,-1605,2563,128,-115
446,70,-316,392,-1609,2563,126,-118
444,68,-313,394,-1613,2563,125,-120
443,65,-310,394,-1618,2565,123,-123
441,61,-307,393,-1623,2567,124,-124
438,56,-303,392,-1628,2569,122,-126
435,52,-298,390,-1633,2569,120,-128
431,47,-292,388,-1637,2570,119,-130
425,43,-285,384,-1642,2571,118,-129
418,40,-277,380,-1647,2574,115,-130
411,36,-269,376,-1651,2577,112,-129
404,32,-260,371,-1657,2580,111,-129
398,26,-252,365,-1662,2581,111,-129
391,20,-243,358,-1666,2581,109,-130
384,14,-235,351,-1671,2581,109,-131
376,8,-226,343,-1676,2582,109,-133
368,3,-216,334,-1682,2584,108,-130
359,0,-207,325,-1689,2586,107,-129
350,-4,-196,315,-1695,2588,104,-129
339,-8,-186,306,-1700,2588,104,-125
328,-13,-177,298,-1705,2589,101,-125
318,-18,-167,288,-1709,2591,98,-124
309,-22,-158,278,-1714,2592,97,-123
300,-26,-148,267,-1719,2594,97,-123
291,-30,-138,255,-1724,2595,98,-119
282,-33,-128,244,-1728,2596,97,-115
272,-37,-119,234,-1733,2598,97,-114
263,-39,-108,223,-1736,2600,97,-111
253,-42,-99,212,-1740,2601,95,-108
244,-44,-91,201,-1744,2602,96,-106
236,-46,-83,191,-1749,2604,95,-102
228,-46,-75,181,-1752,2606,95,-98
222,-46,-67,171,-1756,2606,95,-92
216,-46,-59,160,-1759,2607,98,-87
209,-45,-52,151,-1761,2608,98,-81
201,-44,-46,141,-1763,2610,97,-79
193,-43,-41,133,-1765,2611,95,-73
186,-42,-36,125,-1768,2613,95,-69
181,-39,-30,116,-1772,2614,95,-63
177,-36,-25,108,-1774,2616,97,-57
171,-31,-19,100,-1776,2617,97,-50
166,-27,-15,91,-1778,2618,98,-43
162,-22,-11,83,-1780,2619,98,-34
159,-18,-7,75,-1782,2621,103,-28
156,-12,-4,69,-1785,2623,102,-20
152,-7,-1,64,-1785,2623,103,-13
148,-2,1,59,-1786,2624,102,-8
145,4,3,54,-1787,2625,103,-1
143,10,4,50,-1789,2626,103,7
143,17,6,45,-1790,2627,106,13
143,23,9,40,-1791,2628,111,20
143,29,12,37,-1791,2629,112,28
143,36,15,33,-1790,2630,114,37
144,44,17,29,-1790,2631,117,45
145,52,17,26,-1790,2632,120,52
146,59,18,24,-1792,2633,124,61
147,65,18,21,-1793,2634,124,65
146,71,19,18,-1795,2634,125,72
146,78,20,15,-1795,2633,128,80
146,86,20,13,-1795,2633,130,87
148,93,21,12,-1795,2633,131,93
151,100,21,11,-1795,2635,134,101
155,106,21,10,-1795,2637,137,106
158,112,22,8,-1795,2638,142,113
159,118,23,7,-1795,2638,144,119
160,123,23,7,-1795,2638,144,124
160,130,22,6,-1795,2638,144,130
162,137,21,5,-1795,2638,147,136
165,144,21,4,-1795,2639,150,144
167,151,21,3,-1795,2640,152,150
169,156,21,4,-1795,2640,153,155
171,162,21,5,-1795,2640,155,159
173,166,22,5,-1794,2641,157,163
175,171,23,5,-1794,2643,159,168
178,177,24,6,-1794,2643,162,173
180,183,24,7,-1794,2643,162,179
182,189,24,8,-1794,2643,163,184
183,193,24,9,-1795,2643,164,187
185,196,24,9,-1796,2643,166,191
187,200,25,8,-1796,2643,167,194
190,205,24,8,-1796,2643,169,198
192,210,24,8,-1796,2643,172,203
194,215,24,9,-1798,2643,173,208
195,218,25,9,-1799,2643,174,211
195,221,27,10,-1799,2643,174,213
196,225,28,12,-1799,2643,175,218
197,230,28,12,-1799,2644,175,222
198,234,28,12,-1799,2644,177,225
200,238,28,11,-1799,2645,178,229
201,241,28,11,-1799,2646,179,231
201,244,28,13,-1799,2647,178,235
202,248,29,15,-1799,2648,178,238
203,251,30,16,-1799,2648,179,244
204,255,31,16,-1799,2648,179,246
205,258,31,15,-1799,2648,180,250
206,260,31,16,-1799,2648,181,251
206,262,30,16,-1799,2648,181,251
205,264,30,17,-1799,2648,180,252
206,266,31,18,-1799,2648,179,257
207,267,33,18,-1800,2648,183,257
209,267,35,18,-1802,2648,184,258
209,267,36,18,-1804,2649,184,258
209,267,35,18,-1804,2650,184,258
209,267,35,18,-1804,2652,184,258
209,267,35,18,-1803,2653,184,258
209,267,35,18,-1803,2652,184,258
209,267,35,18,-1803,2652,184,258
209,268,35,18,-1803,2652,184,258
210,268,35,18,-1805,2653,185,258
210,269,35,18,-1807,2654,185,260
210,269,35,18,-1808,2654,185,260
209,267,36,18,-1809,2654,184,258
210,266,35,18,-1809,2653,185,257
210,265,34,18,-1808,2653,185,256
209,264,32,16,-1808,2654,184,255
208,263,32,15,-1808,2655,183,255
206,262,31,14,-1808,2656,181,253
205,260,31,15,-1808,2657,180,251
204,259,30,16,-1810,2658,180,251
203,258,29,18,-1811,2658,177,247
202,257,28,18,-1813,2657,175,246
200,256,28,19,-1813,2657,174,246
198,255,28,18,-1813,2657,172,245
194,254,27,18,-1813,2658,168,244
191,251,26,16,-1813,2659,166,241
190,249,25,15,-1813,2659,167,239
189,246,23,14,-1813,2659,167,234
187,244,21,14,-1814,2659,163,231
185,241,19,15,-1815,2659,159,229
181,239,18,15,-1816,2659,157,225
176,236,16,15,-1817,2659,152,223
172,234,15,14,-1817,2659,148,220
168,231,13,14,-1818,2659,145,218
162,228,10,14,-1818,2661,140,213
158,224,8,14,-1817,2663,134,208
151,218,6,12,-1817,2664,128,201
145,212,5,10,-1817,2664,124,195
138,205,2,8,-1818,2664,118,190
130,199,0,7,-1819,2664,112,181
122,193,-4,7,-1819,2664,104,175
114,186,-8,7,-1819,2664,93,167
104,176,-12,6,-1818,2664,86,156
94,165,-16,4,-1819,2664,76,145
84,153,-21,2,-1821,2664,68,131
73,139,-26,0,-1822,2664,58,117
61,124,-32,-3,-1823,2664,50,101
46,106,-39,-7,-1823,2664,36,81
31,84,-46,-11,-1822,2664,23,59
14,61,-53,-15,-1822,2664,9,36
-3,36,-61,-20,-1822,2664,-6,10
-23,8,-70,-26,-1824,2664,-21,-17
-44,-22,-79,-32,-1826,2664,-37,-50
-66,-58,-89,-39,-1827,2665,-57,-85
-89,-98,-99,-45,-1828,2665,-74,-124
-114,-142,-109,-53,-1828,2665,-95,-169
-142,-191,-122,-63,-1827,2665,-117,-217
-172,-245,-135,-75,-1827,2665,-139,-271
-205,-304,-148,-88,-1827,2665,-163,-329
-240,-369,-162,-100,-1827,2665,-191,-391
-277,-441,-176,-113,-1828,2665,-219,-461
-316,-519,-192,-127,-1828,2664,-250,-538
-358,-606,-211,-144,-1829,2664,-283,-622
-403,-699,-231,-162,-1830,2665,-316,-715
-451,-800,-251,-180,-1831,2665,-351,-811
-502,-910,-271,-200,-1832,2665,-389,-919
-556,-1028,-293,-223,-1832,2663,-429,-1032
-613,-1156,-316,-246,-1833,2661,-469,-1157
-672,-1295,-340,-272,-1832,2660,-513,-1290
-733,-1444,-367,-299,-1832,2660,-557,-1434
-798,-1604,-393,-328,-1832,2660,-604,-1586
-866,-1774,-422,-359,-1832,2659,-653,-1750
-939,-1956,-451,-393,-1833,2657,-703,-1923
-1015,-2150,-481,-429,-1833,2655,-755,-2110
-1093,-2356,-514,-467,-1833,2653,-810,-2305
-1174,-2576,-547,-508,-1833,2652,-865,-2515
-1259,-2807,-582,-549,-1833,2649,-922,-2735
-1347,-3050,-618,-591,-1833,2646,-983,-2966
-1438,-3304,-655,-636,-1832,2644,-1047,-3208
-1531,-3570,-694,-684,-1830,2642,-1107,-3460
-1626,-3849,-734,-735,-1829,2639,-1171,-3725
-1723,-4141,-774,-787,-1828,2634,-1235,-4001
-1823,-4445,-815,-841,-1826,2630,-1298,-4288
-1926,-4759,-857,-896,-1824,2627,-1368,-4586
-2031,-5084,-899,-954,-1820,2623,-1434,-4893
-2138,-5418,-942,-1015,-1815,2620,-1501,-5206
-2244,-5760,-985,-1076,-1812,2615,-1571,-5529
-2352,-6111,-1029,-1138,-1810,2608,-1635,-5859
-2460,-6469,-1074,-1202,-1807,2601,-1704,-6197
-2568,-6834,-1119,-1266,-1803,2595,-1770,-6540
-2678,-7203,-1164,-1330,-1796,2589,-1839,-6887
-2788,-7575,-1208,-1396,-1789,2582,-1908,-7237
-2898,-7949,-1252,-1462,-1783,2574,-1975,-7585
-3007,-8324,-1296,-1529,-1776,2565,-2039,-7938
-3114,-8698,-1340,-1595,-1769,2556,-2103,-8288
-3219,-9068,-1383,-1659,-1761,2547,-2169,-8636
-3322,-9435,-1425,-1723,-1752,2538,-2230,-8978
-3423,-9794,-1465,-1786,-1743,2528,-2293,-9161
-3521,-10000,-1504,-1848,-1733,2517,-2358,-9162
-3617,-10000,-1542,-1908,-1723,2505,-2418,-9164
-3708,-10000,-1579,-1966,-1712,2493,-2479,-9164
-3793,-10000,-1614,-2020,-1700,2479,-2533,-9165
-3874,-10000,-1647,-2072,-1688,2466,-2585,-9166
-3955,-10000,-1676,-2120,-1674,2453,-2640,-9167
-4038,-10000,-1702,-2165,-1660,2439,-2695,-9167
-4106,-10000,-1727,-2208,-1645,2424,-2740,-9168
-4136,-10000,-1751,-2248,-1629,2408,-2749,-9168
-4115,-10000,-1771,-2283,-1613,2392,-2717,-9168
-4059,-10000,-1787,-2312,-1596,2375,-2652,-9167
-4000,-10000,-1801,-2337,-1577,2357,-2587,-9166
-3955,-10000,-1812,-2357,-1557,2339,-2537,-9165
-3927,-10000,-1822,-2373,-1537,2320,-2504,-9165
-3910,-10000,-1829,-2385,-1517,2302,-2485,-9164
-3902,-10000,-1833,-2391,-1497,2282,-2475,-9164
-3903,-10000,-1832,-2392,-1475,2262,-2476,-9164
-3917,-10000,-1827,-2388,-1453,2240,-2489,-9165
-3939,-10000,-1819,-2379,-1429,2218,-2514,-9165
-3971,-10000,-1809,-2364,-1405,2195,-2547,-9165
-4016,-10000,-1797,-2345,-1380,2171,-2597,-9166
-4078,-10000,-1782,-2321,-1354,2147,-2663,-9167
-4148,-10000,-1763,-2293,-1327,2124,-2738,-9168
-4203,-10000,-1741,-2260,-1301,2101,-2804,-9170
-4215,-10000,-1716,-2222,-1275,2077,-2830,-9170
-4179,-10000,-1690,-2180,-1248,2052,-2813,-9170
-4112,-10000,-1662,-2133,-1221,2026,-2772,-9170
-4035,-10000,-1631,-2084,-1193,2000,-2721,-9168
-3957,-10000,-1598,-2032,-1165,1973,-2673,-9167
-3879,-10000,-1563,-1977,-1138,1947,-2623,-9166
-3794,-10000,-1527,-1920,-1110,1921,-2570,-9166
-3702,-10000,-1489,-1860,-1082,1895,-2512,-9165
-3607,-9716,-1450,-1797,-1054,1870,-2452,-9164
-3508,-9345,-1410,-1731,-1026,1846,-2392,-8893
-3406,-8966,-1369,-1664,-1000,1822,-2335,-8540
-3300,-8584,-1327,-1597,-974,1796,-2274,-8181
-3191,-8199,-1282,-1530,-949,1770,-2207,-7822
-3080,-7813,-1239,-1463,-924,1743,-2138,-7459
-2967,-7426,-1196,-1397,-899,1719,-2069,-7097
-2853,-7043,-1154,-1330,-874,1694,-2000,-6739
-2740,-6664,-1110,-1263,-851,1672,-1929,-6384
-2626,-6292,-1066,-1198,-829,1650,-1859,-6035
-2513,-5928,-1023,-1135,-808,1629,-1785,-5694
-2400,-5572,-981,-1074,-788,1608,-1716,-5360
-2288,-5226,-941,-1014,-769,1586,-1643,-5034
-2176,-4892,-901,-956,-750,1564,-1569,-4721
-2067,-4570,-862,-900,-732,1543,-1496,-4417
-1958,-4261,-823,-847,-713,1524,-1425,-4128
-1853,-3967,-787,-796,-697,1506,-1353,-3850
-1751,-3687,-751,-747,-681,1488,-1284,-3586
-1653,-3422,-719,-701,-667,1470,-1218,-3336
-1558,-3171,-686,-657,-654,1453,-1152,-3099
-1465,-2934,-655,-617,-642,1438,-1086,-2873
-1375,-2712,-625,-582,-630,1424,-1021,-2663
-1290,-2504,-596,-550,-619,1411,-958,-2465
-1209,-2310,-570,-520,-609,1398,-898,-2281
-1133,-2132,-546,-494,-599,1385,-841,-2110
-1060,-1966,-524,-470,-591,1372,-786,-1954
-991,-1813,-504,-449,-583,1361,-732,-1809
-927,-1672,-484,-431,-576,1350,-683,-1672
-869,-1543,-465,-416,-570,1340,-637,-1550
-813,-1425,-447,-404,-563,1330,-590,-1435
-762,-1319,-431,-396,-558,1320,-545,-1333
-715,-1223,-417,-391,-553,1310,-504,-1237
-673,-1135,-404,-388,-550,1300,-467,-1153
-636,-1055,-393,-388,-546,1291,-432,-1074
-602,-982,-382,-390,-542,1284,-399,-1003
-572,-916,-371,-395,-538,1276,-367,-937
-545,-857,-360,-403,-534,1268,-338,-877
-523,-805,-352,-413,-533,1260,-311,-823
-504,-757,-345,-426,-531,1252,-286,-776
-489,-713,-339,-441,-528,1245,-262,-731
-478,-673,-332,-459,-525,1238,-241,-687
-470,-637,-327,-478,-523,1231,-224,-649
-464,-605,-321,-499,-521,1224,-206,-616
-461,-577,-316,-523,-520,1217,-190,-583
-460,-551,-311,-550,-519,1210,-174,-555
-462,-527,-307,-578,-517,1203,-161,-526
-467,-505,-302,-607,-515,1197,-148,-499
-475,-484,-298,-638,-513,1191,-137,-476
-484,-467,-295,-671,-510,1184,-129,-452
-495,-451,-291,-705,-508,1176,-119,-432
-508,-438,-286,-742,-507,1169,-108,-412
-521,-426,-281,-780,-506,1162,-100,-393
-537,-415,-275,-819,-505,1156,-91,-375
-555,-406,-269,-859,-503,1149,-85,-358
-574,-397,-263,-900,-501,1141,-79,-341
-596,-388,-256,-943,-498,1132,-74,-324
-617,-380,-250,-986,-495,1124,-70,-308
-639,-374,-244,-1029,-492,1115,-63,-292
-661,-369,-238,-1073,-489,1106,-59,-279
-684,-365,-232,-1117,-486,1096,-53,-269
-706,-361,-226,-1162,-482,1085,-50,-255
-728,-360,-218,-1208,-479,1075,-43,-244
-751,-359,-211,-1254,-475,1066,-37,-234
-777,-358,-204,-1298,-470,1056,-34,-225
-802,-358,-197,-1342,-465,1045,-32,-214
-826,-358,-190,-1384,-460,1034,-30,-205
-849,-357,-183,-1425,-455,1022,-26,-197
-870,-357,-176,-1466,-450,1009,-21,-189
-891,-358,-169,-1506,-444,997,-19,-180
-912,-360,-163,-1545,-437,984,-13,-173
-932,-361,-159,-1582,-431,970,-12,-167
-950,-360,-155,-1616,-424,955,-9,-159
-967,-359,-150,-1647,-416,940,-7,-152
-982,-358,-146,-1676,-408,924,-2,-146
-995,-357,-143,-1703,-399,909,1,-139
-1006,-354,-141,-1728,-390,895,3,-131
-1017,-351,-140,-1750,-381,879,4,-126
-1026,-347,-140,-1769,-371,862,7,-118
-1033,-343,-140,-1784,-359,845,9,-114
-1038,-337,-142,-1797,-347,827,12,-107
-1040,-331,-144,-1807,-335,809,14,-101
-1040,-324,-148,-1813,-322,791,15,-95
-1039,-314,-151,-1816,-310,772,19,-86
-1035,-304,-155,-1816,-298,752,20,-79
-1029,-294,-161,-1812,-285,733,24,-74
-1020,-282,-168,-1805,-273,714,25,-65
-1009,-270,-175,-1795,-259,695,29,-58
-996,-256,-184,-1782,-244,675,31,-53
-980,-242,-193,-1766,-230,655,35,-43
-962,-227,-203,-1746,-215,635,40,-36
-943,-212,-213,-1724,-200,615,42,-32
-922,-196,-224,-1699,-185,596,45,-24
-899,-180,-233,-1671,-170,577,47,-19
-875,-163,-243,-1640,-156,557,52,-12
-849,-146,-255,-1608,-141,537,53,-6
-823,-130,-267,-1574,-126,516,57,0
-795,-113,-279,-1537,-111,495,59,4
-767,-97,-290,-1499,-98,475,62,8
-737,-80,-301,-1458,-84,455,63,14
-707,-64,-311,-1415,-71,436,64,18
-676,-49,-322,-1370,-56,417,65,20
-645,-34,-334,-1326,-42,398,68,23
-614,-21,-345,-1280,-28,379,69,24
-581,-8,-354,-1234,-16,360,73,26
-548,4,-362,-1187,-5,341,73,26
-516,16,-369,-1141,6,322,76,29
-485,27,-376,-1095,17,303,78,31
-455,37,-383,-1048,28,285,79,29
-425,45,-389,-1001,39,268,79,28
-396,52,-395,-954,49,251,79,25
-368,59,-400,-907,58,234,78,21
-341,66,-403,-862,66,217,75,21
-315,70,-404,-819,75,201,76,18
-289,73,-404,-776,84,185,76,14
-263,75,-404,-733,92,170,78,9
-239,77,-403,-691,97,155,75,7
-217,79,-402,-651,101,141,73,2
-198,80,-400,-614,106,126,70,-1
-179,80,-395,-577,112,113,70,-3
-160,78,-390,-541,118,100,68,-9
-142,75,-385,-507,121,87,65,-14
-125,72,-379,-475,123,75,67,-19
-109,69,-374,-445,126,63,64,-24
-96,66,-367,-416,129,52,63,-29
-84,65,-360,-387,132,41,59,-30
-73,62,-351,-361,134,30,58,-32
-61,59,-341,-335,134,20,54,-36
-51,54,-333,-311,135,11,53,-40
-41,50,-324,-288,136,3,51,-45
-33,46,-315,-266,136,-4,51,-47
-25,43,-306,-246,135,-13,48,-48
-18,40,-296,-229,135,-21,46,-51
-12,36,-285,-212,135,-28,45,-52
-7,31,-275,-195,136,-36,42,-54
-2,27,-265,-180,136,-43,41,-57
2,23,-256,-165,135,-50,39,-57
7,21,-247,-152,133,-56,39,-59
11,19,-238,-140,132,-61,37,-58
14,17,-228,-128,132,-66,36,-58
17,15,-219,-117,131,-72,34,-58
21,14,-210,-106,130,-78,32,-57
24,14,-201,-96,129,-84,34,-54
27,14,-192,-87,128,-89,32,-53
30,14,-184,-80,127,-93,32,-51
32,14,-176,-73,126,-97,32,-48
35,14,-169,-67,125,-100,32,-46
37,16,-162,-60,125,-105,34,-42
39,17,-155,-54,125,-110,34,-39
41,19,-148,-48,125,-115,34,-35
42,21,-143,-43,124,-118,32,-30
43,24,-137,-38,122,-121,31,-28
44,26,-132,-34,122,-124,32,-24
47,28,-126,-30,122,-127,32,-19
49,31,-120,-25,123,-130,34,-15
52,34,-115,-20,122,-133,35,-12
55,38,-109,-16,120,-135,36,-6
57,41,-105,-14,119,-137,36,-1
59,44,-101,-11,119,-140,37,1
60,47,-97,-9,119,-142,39,6
61,50,-93,-6,119,-145,40,8
61,52,-90,-2,118,-148,39,13
64,55,-86,1,117,-150,37,15
66,57,-83,4,117,-151,40,17
68,57,-79,7,117,-153,41,19
68,57,-75,8,117,-155,41,21
68,57,-72,9,117,-156,41,21
67,57,-69,9,117,-158,41,24
68,56,-68,9,117,-159,42,23
69,54,-67,11,117,-159,42,21
71,52,-65,13,116,-161,42,19
72,50,-61,14,116,-163,45,19
72,47,-59,14,116,-165,46,17
73,43,-56,14,116,-166,46,15
73,39,-55,15,116,-167,46,12
72,36,-53,15,117,-168,46,9
71,32,-51,14,116,-169,47,8
69,29,-51,12,114,-171,46,4
69,24,-51,12,113,-172,45,0
68,18,-50,13,113,-173,45,-4
68,12,-48,15,114,-174,45,-9
67,7,-46,14,114,-176,43,-14
66,3,-44,13,113,-177,42,-15
65,-1,-44,12,112,-178,45,-20
64,-6,-44,12,112,-177,43,-25
64,-11,-44,12,112,-177,43,-29
62,-15,-43,11,112,-179,42,-32
61,-20,-42,10,112,-181,41,-35
60,-24,-40,8,112,-183,42,-39
59,-28,-40,8,112,-183,41,-43
59,-32,-40,8,111,-182,41,-47
59,-36,-41,9,111,-182,41,-50
59,-38,-40,9,112,-184,41,-52
59,-40,-40,7,113,-186,42,-53
59,-42,-38,6,114,-187,43,-54
58,-43,-37,5,115,-188,42,-54
57,-45,-36,5,115,-187,42,-56
57,-47,-36,6,115,-187,42,-58
57,-48,-35,7,115,-187,42,-59
57,-49,-35,7,115,-187,42,-59
58,-49,-34,8,115,-189,42,-59
58,-49,-33,8,115,-191,42,-59
57,-48,-33,8,114,-192,42,-58
57,-47,-33,9,115,-193,42,-58
56,-46,-32,10,116,-194,39,-57
55,-44,-32,10,118,-196,37,-56
55,-42,-31,10,119,-197,39,-51
56,-40,-29,10,120,-198,41,-48
57,-38,-29,10,119,-197,41,-47
57,-35,-29,10,119,-197,40,-45
57,-32,-28,12,119,-197,40,-42
58,-28,-28,14,119,-199,40,-39
59,-25,-27,14,119,-201,41,-35
60,-21,-26,14,119,-202,42,-32
61,-19,-26,14,119,-203,42,-30
61,-16,-25,15,120,-202,42,-28
61,-13,-24,17,122,-202,41,-24
62,-9,-23,18,124,-202,41,-19
64,-5,-22,18,124,-204,42,-15
65,-2,-21,19,124,-206,43,-13
65,0,-20,20,123,-208,43,-10
65,1,-19,21,123,-208,43,-8
66,3,-19,21,123,-207,45,-7
67,5,-19,21,124,-207,45,-4
68,7,-19,21,124,-208,46,-3
68,8,-19,21,123,-209,47,-2
68,10,-19,21,123,-209,46,-1
67,11,-19,21,123,-210,46,0
66,11,-19,21,124,-211,45,0
66,11,-20,22,125,-212,42,0
66,11,-20,23,125,-212,42,0
66,11,-20,22,125,-213,42,0
67,11,-19,21,124,-213,45,0
68,10,-19,21,123,-213,46,-1
68,9,-19,21,123,-212,47,-2
69,7,-19,21,123,-211,47,-3
69,7,-19,21,124,-211,48,-3
69,5,-19,21,123,-211,47,-4
68,3,-19,21,123,-211,46,-7
68,0,-20,20,123,-211,46,-9
67,-1,-21,20,123,-211,46,-10
66,-4,-21,19,123,-211,45,-14
65,-7,-22,19,123,-210,45,-17
65,-10,-23,18,123,-209,43,-21
65,-12,-23,18,124,-208,43,-21
65,-14,-22,17,124,-207,46,-23
65,-16,-20,15,123,-207,46,-25
64,-18,-19,14,122,-208,46,-26
63,-21,-19,14,120,-207,47,-29
63,-23,-19,14,119,-207,47,-31
62,-24,-19,14,118,-207,43,-32
61,-25,-19,14,119,-207,43,-34
60,-28,-19,14,119,-207,42,-36
60,-30,-19,14,119,-207,43,-37
59,-32,-19,14,119,-207,41,-40
59,-32,-19,14,119,-207,41,-40
59,-32,-19,14,119,-207,41,-40
59,-32,-19,14,119,-207,43,-40
61,-32,-19,14,119,-207,45,-39
62,-30,-19,14,119,-207,43,-39
62,-28,-18,15,119,-207,45,-34
62,-27,-18,15,119,-207,43,-32
61,-25,-19,15,119,-207,43,-34
62,-25,-19,14,119,-207,43,-32
64,-24,-19,14,119,-207,45,-31
64,-22,-18,15,119,-207,46,-29
64,-20,-17,16,119,-207,45,-26
63,-17,-17,16,119,-207,45,-23
63,-14,-17,16,119,-207,45,-21
64,-12,-17,16,119,-209,46,-19
66,-11,-16,17,118,-210,47,-18
67,-9,-16,17,119,-210,47,-17
66,-7,-15,18,120,-209,47,-14
65,-4,-14,18,122,-209,46,-12
65,-2,-14,19,123,-210,46,-9
66,0,-13,20,124,-212,47,-7
68,2,-13,19,123,-213,48,-6
69,5,-13,20,123,-213,50,-2
69,8,-12,20,123,-212,50,0
69,11,-12,21,123,-212,50,2
69,13,-12,21,123,-214,50,3
70,14,-12,21,123,-216,51,4
70,15,-12,21,124,-217,51,6
71,17,-12,21,124,-218,51,8
71,19,-12,21,124,-217,51,9
72,21,-12,20,125,-217,52,10
72,21,-12,21,126,-217,52,12
72,22,-11,21,127,-217,50,12
71,23,-10,23,127,-218,48,15
71,24,-9,24,126,-218,48,15
72,25,-8,24,126,-217,50,17
72,26,-8,24,127,-217,50,18
73,27,-9,24,128,-218,51,19
73,26,-9,24,128,-219,51,18
74,25,-9,24,128,-220,52,17
74,23,-8,24,127,-221,52,15
74,21,-9,24,128,-221,52,14
73,20,-9,24,128,-221,51,13
73,19,-9,24,128,-222,51,12
73,18,-9,24,127,-223,51,10
74,18,-9,24,127,-223,51,10
75,18,-8,24,127,-222,52,10
75,17,-9,24,129,-222,53,9
76,15,-9,24,131,-223,53,8
76,13,-9,24,133,-224,53,6
74,11,-8,24,133,-226,52,4
72,8,-8,24,132,-227,50,2
71,6,-9,24,132,-228,50,0
71,4,-9,23,133,-229,50,-1
72,3,-10,22,136,-231,50,-2
72,3,-11,22,137,-232,50,-4
70,3,-11,21,137,-233,51,-4
69,1,-11,21,137,-234,50,-6
68,0,-11,21,138,-236,47,-8
69,-2,-11,22,140,-237,47,-9
70,-3,-11,21,141,-238,51,-10
70,-2,-12,21,142,-239,51,-10
69,-2,-11,21,143,-242,48,-9
69,-1,-10,23,144,-244,48,-7
69,-1,-9,24,145,-247,47,-7
68,0,-9,23,146,-248,47,-6
68,0,-10,23,147,-250,46,-6
68,1,-10,23,148,-252,46,-4
68,3,-9,24,150,-254,46,-3
68,5,-8,25,151,-256,47,-1
69,7,-9,24,151,-256,47,1
70,10,-9,24,153,-257,48,3
72,13,-9,24,155,-258,50,6
73,16,-7,25,157,-260,51,9
73,19,-6,26,158,-262,51,12
73,22,-6,28,159,-263,48,14
75,26,-7,30,160,-265,50,18
77,32,-8,31,160,-267,50,20
78,37,-9,31,162,-268,51,26
78,43,-8,31,164,-269,51,31
78,47,-7,32,166,-268,51,37
79,51,-6,33,167,-269,51,41
80,55,-5,34,169,-270,52,45
81,60,-5,34,169,-272,53,48
82,65,-4,34,169,-274,53,54
82,72,-3,35,168,-274,53,59
83,78,-2,37,168,-274,54,65
84,83,-2,39,168,-273,53,70
86,87,-2,39,169,-273,54,74
87,92,-2,38,170,-274,56,78
88,96,-3,39,172,-276,56,81
89,101,-2,41,173,-277,57,86
89,104,-2,43,173,-277,56,90
89,108,-1,45,174,-276,56,93
90,112,-1,44,173,-274,56,97
91,116,0,44,173,-274,57,100
91,119,0,45,172,-274,57,103
92,122,1,46,172,-274,57,106
93,123,2,48,172,-274,56,107
94,125,3,48,171,-274,57,108
94,126,2,47,170,-274,57,109
93,128,2,47,169,-274,57,111
93,129,2,47,168,-274,56,112
92,129,2,47,168,-272,56,112
92,129,2,47,167,-270,56,112
93,129,2,47,165,-269,56,112
92,129,2,47,164,-268,56,112
93,129,2,47,163,-268,56,112
93,129,2,47,164,-267,57,112
94,127,2,47,164,-265,57,109
96,124,2,47,163,-264,58,107
96,121,2,47,161,-263,59,104
96,118,1,47,159,-262,61,102
95,116,1,46,158,-260,61,100
94,114,0,46,156,-258,59,98
93,111,0,45,155,-258,59,96
93,107,0,44,155,-259,58,92
93,103,0,44,155,-258,58,89
93,100,-1,44,155,-257,59,85
93,97,-1,45,154,-255,59,83
93,94,-2,43,151,-253,59,80
93,91,-2,41,150,-251,61,78
92,89,-1,39,150,-249,61,75
92,86,0,39,151,-248,61,73
91,84,-1,39,151,-248,59,72
90,83,-3,40,149,-248,58,69
89,82,-4,40,147,-248,57,69
88,81,-4,41,145,-247,54,65
88,79,-4,41,145,-245,54,64
89,77,-4,41,146,-243,56,63
89,75,-4,41,146,-243,56,61
88,75,-4,41,146,-243,54,61
86,76,-4,41,144,-243,53,62
84,77,-4,41,142,-242,51,62
84,77,-3,40,141,-241,53,64
84,77,-3,39,141,-240,53,64
84,77,-3,40,141,-239,53,64
83,77,-4,41,141,-239,51,64
83,79,-4,41,142,-238,51,63
84,80,-4,41,141,-236,51,65
85,83,-4,41,140,-234,52,68
86,85,-4,41,138,-233,52,69
85,85,-4,41,137,-232,52,72
84,86,-3,42,136,-232,51,73
83,88,-3,42,137,-233,51,74
84,90,-3,42,137,-233,51,76
85,91,-3,42,137,-233,52,78
86,92,-2,43,137,-231,53,78
87,92,-1,44,137,-229,53,78
87,91,-1,44,137,-228,53,78
87,91,-2,43,135,-227,53,78
87,91,-2,43,133,-227,53,78
87,92,-2,43,132,-228,53,78
86,92,-1,44,132,-228,53,78
85,91,-1,44,132,-226,52,76
83,90,-2,43,131,-224,51,76
83,88,-3,42,129,-222,50,75
85,86,-3,41,128,-222,52,73
86,84,-4,41,127,-223,52,70
86,81,-4,41,127,-223,52,65
83,79,-4,41,127,-221,51,63
82,75,-5,40,128,-219,51,61
81,71,-6,39,128,-217,51,57
83,67,-7,39,128,-217,52,53
83,63,-7,39,128,-217,53,50
83,58,-7,39,126,-217,52,45
81,54,-7,38,124,-217,51,41
79,50,-8,38,123,-218,50,37
79,45,-9,37,122,-217,48,34
78,40,-11,36,123,-216,48,29
77,35,-11,35,123,-214,48,24
76,30,-11,33,124,-212,50,19
75,26,-9,32,123,-212,48,15
73,22,-8,31,122,-212,47,12
72,18,-7,31,120,-213,46,10
72,14,-8,31,118,-212,46,4
71,10,-9,30,118,-211,47,2
71,8,-11,28,119,-209,47,0
70,5,-12,28,119,-207,46,-2
70,2,-12,27,118,-207,46,-6
70,-1,-12,27,117,-207,46,-9
71,-3,-12,28,116,-207,47,-10
70,-3,-12,28,115,-205,46,-10
70,-3,-12,28,114,-203,46,-10
70,-4,-12,28,114,-202,46,-12
70,-5,-12,28,114,-202,46,-13
70,-6,-12,27,115,-202,46,-14
70,-6,-12,27,114,-202,46,-14
69,-5,-12,28,113,-202,46,-13
69,-3,-11,28,111,-202,46,-12
70,-1,-10,29,109,-200,46,-9
71,1,-10,29,109,-198,47,-6
72,2,-9,30,109,-197,48,-6
72,3,-8,31,110,-197,46,-4
72,5,-8,31,110,-197,46,-3
72,7,-8,31,108,-197,46,-1
74,10,-8,31,106,-195,47,1
74,12,-8,31,105,-193,47,3
74,14,-8,31,104,-191,47,4
74,17,-8,31,105,-191,47,7
75,20,-8,30,105,-192,51,10
76,24,-8,31,105,-192,48,14
77,29,-7,32,104,-190,50,20
78,33,-6,33,102,-188,51,25
79,36,-5,34,101,-186,52,26
81,37,-5,33,100,-186,53,29
83,39,-6,33,100,-186,54,30
82,41,-6,33,100,-187,54,32
81,44,-5,34,100,-187,53,35
81,47,-5,34,101,-186,53,37
82,49,-4,34,101,-185,54,39
83,50,-4,34,101,-184,54,40
83,51,-4,35,99,-183,54,41
81,52,-3,35,97,-183,53,42
81,54,-3,35,96,-183,53,43
82,55,-3,35,95,-182,54,45
84,56,-2,36,96,-181,56,46
85,56,-1,37,96,-181,57,46
84,56,-1,37,96,-182,56,45
82,55,-1,37,96,-181,54,45
81,54,-2,36,96,-180,53,43
80,54,-3,35,96,-178,52,43
82,53,-4,35,95,-176,53,42
83,51,-4,34,93,-176,54,41
83,50,-5,34,91,-176,56,40
83,48,-5,34,91,-176,56,37
82,45,-5,34,91,-176,54,36
82,43,-4,35,91,-176,53,34
81,41,-4,34,91,-176,53,31
80,39,-5,34,91,-176,53,29
80,37,-6,33,91,-177,53,28
81,35,-6,33,91,-176,53,26
80,32,-7,34,91,-175,53,21
80,31,-7,34,92,-173,52,20
79,29,-8,33,92,-171,52,19
78,29,-9,32,91,-171,51,19
78,30,-9,31,90,-171,51,19
78,30,-10,32,89,-171,51,19
79,30,-10,33,88,-171,51,19
79,28,-10,35,88,-171,50,18
79,28,-10,36,88,-171,50,18
79,28,-10,34,88,-171,50,18
78,29,-8,33,89,-171,51,19
77,31,-6,33,89,-171,50,23
78,33,-4,34,89,-171,51,24
79,35,-4,34,88,-171,52,26
81,37,-5,34,87,-171,53,29
83,39,-5,34,87,-171,54,30
82,42,-4,35,88,-171,54,32
81,44,-2,36,88,-171,53,35
81,46,-1,37,88,-171,53,36
82,49,-1,38,89,-171,52,39
84,51,-2,39,90,-171,53,41
85,54,-3,39,91,-171,54,43
86,58,-2,38,92,-171,56,47
86,61,-1,38,92,-171,56,51
86,65,0,38,91,-171,56,53
86,67,0,40,91,-171,56,56
87,68,0,42,91,-171,56,57
88,70,0,42,92,-171,54,58
88,71,-1,42,91,-171,54,59
88,73,0,42,91,-171,57,62
89,75,0,43,91,-172,56,63
90,77,0,43,92,-171,57,64
90,77,0,44,92,-170,57,64
90,76,-1,44,92,-168,57,64
90,76,0,43,90,-167,57,64
90,77,0,43,88,-168,57,64
90,77,0,43,87,-168,57,64
90,76,0,44,87,-168,57,64
89,75,-1,44,88,-168,56,62
89,72,-1,44,89,-167,56,61
89,70,0,44,89,-167,56,58
89,68,-1,44,87,-166,56,57
89,66,-2,43,87,-166,56,54
88,64,-3,42,87,-166,56,52
87,61,-4,41,87,-166,53,48
85,58,-4,41,87,-166,52,45
83,56,-4,41,87,-166,51,43
83,53,-4,41,87,-166,51,41
83,50,-4,41,87,-166,51,37
84,46,-4,41,87,-166,51,34
83,42,-4,41,87,-166,51,30
81,38,-4,39,87,-166,51,29
79,34,-4,38,87,-166,50,25
78,32,-4,37,87,-166,48,23
78,30,-4,36,87,-166,51,21
78,27,-5,34,87,-166,51,19
78,24,-5,34,87,-166,51,15
77,19,-5,34,87,-166,51,12
76,17,-5,34,87,-166,50,9
75,16,-5,34,87,-166,48,9
75,15,-5,34,87,-166,48,8
75,13,-4,34,87,-166,48,6
75,10,-5,34,87,-166,48,3
74,10,-5,33,88,-166,47,3
73,9,-6,33,89,-166,46,2
73,10,-6,33,90,-168,46,3
74,10,-6,32,91,-169,47,3
75,10,-7,32,91,-170,48,3
75,12,-7,32,92,-169,48,6
76,15,-6,33,92,-170,50,8
77,17,-5,34,91,-171,50,9
77,19,-4,35,91,-171,50,12
77,22,-4,35,91,-171,51,14
77,25,-5,34,91,-171,50,17
78,28,-5,34,91,-171,51,19
79,31,-4,34,91,-171,52,23
80,35,-4,35,91,-171,52,26
80,39,-3,37,92,-171,51,29
80,43,-3,39,92,-171,51,32
81,46,-3,40,91,-171,51,36
83,49,-3,40,91,-171,52,39
84,52,-4,41,92,-171,52,40
85,54,-5,41,93,-171,52,41
84,57,-4,41,95,-173,52,43
83,60,-3,42,96,-175,51,48
83,63,-3,42,97,-176,50,51
83,65,-3,42,96,-177,51,54
84,67,-4,41,96,-177,51,53
85,68,-3,42,96,-176,52,56
85,68,-2,43,96,-176,52,57
85,70,-1,44,96,-176,52,58
85,72,0,44,96,-177,52,59
85,71,0,44,96,-176,52,59
84,69,-1,44,96,-176,52,57
84,68,-1,44,96,-176,52,56
84,67,-1,44,96,-177,52,56
85,67,0,44,96,-177,52,56
85,66,0,44,96,-178,52,54
84,64,-1,44,96,-179,52,52
84,61,-2,43,96,-180,51,50
84,59,-3,42,97,-181,51,48
84,58,-4,41,99,-182,51,45
84,56,-4,41,101,-182,51,43
83,54,-4,41,101,-181,51,41
82,50,-4,41,101,-181,50,37
81,47,-4,41,101,-181,48,37
79,43,-4,41,101,-181,47,34
79,40,-4,41,101,-181,47,29
80,37,-5,40,101,-181,51,26
80,35,-6,39,101,-182,51,24
80,33,-7,39,101,-182,51,21
80,30,-7,39,101,-181,51,19
80,28,-7,39,101,-181,50,18
80,27,-7,38,101,-182,51,17
80,25,-8,38,101,-183,51,14
79,23,-8,38,101,-184,50,13
76,21,-9,39,100,-185,45,12
74,20,-9,39,100,-185,43,10
73,19,-9,39,100,-185,42,9
73,19,-8,38,102,-184,45,9
74,18,-8,38,104,-184,45,8
74,18,-8,38,106,-184,46,8
74,18,-8,38,105,-185,45,8
72,20,-8,38,104,-186,43,10
72,22,-8,38,103,-187,42,12
72,24,-8,38,104,-187,42,14
73,26,-8,38,105,-187,45,15
75,28,-8,38,105,-187,46,18
76,30,-8,37,105,-187,47,19
77,32,-8,38,105,-187,47,21
77,35,-7,39,105,-187,47,24
77,39,-5,40,105,-187,45,28
78,43,-4,41,105,-187,46,31
78,47,-4,41,105,-187,46,37
79,51,-4,41,105,-187,47,39
80,53,-5,41,105,-187,47,41
80,55,-5,42,105,-187,47,42
80,58,-5,44,105,-187,48,45
81,61,-3,46,105,-187,46,47
82,64,-2,46,105,-187,47,51
83,67,-1,45,105,-187,51,56
83,69,-1,44,105,-187,51,57
83,70,-2,45,105,-187,50,58
81,71,-3,47,105,-187,46,57
82,72,-4,48,105,-187,47,57
83,72,-3,47,105,-187,48,58
85,73,-2,46,105,-187,50,61
86,74,-2,46,105,-187,51,62
86,75,-3,46,105,-187,51,61
86,74,-3,47,105,-187,51,59
87,72,-3,47,105,-187,51,58
86,71,-3,46,105,-187,51,57
86,68,-3,46,105,-187,51,54
84,67,-3,46,105,-187,50,53
83,65,-3,47,104,-187,48,51
83,63,-2,46,103,-187,47,52
83,61,-1,45,102,-186,50,50
83,59,-2,43,101,-185,51,48
84,57,-3,42,101,-185,52,46
85,54,-5,42,101,-185,52,41
84,52,-6,42,101,-185,52,40
83,50,-5,42,101,-184,51,37
82,48,-4,42,101,-184,50,36
81,46,-4,41,101,-184,50,35
81,44,-4,41,100,-185,50,32
81,43,-4,41,100,-186,50,31
80,42,-4,41,100,-185,48,30
79,41,-4,41,101,-185,47,30
79,39,-4,41,101,-185,47,28
79,37,-4,41,101,-184,47,26
80,36,-4,41,100,-183,48,25
80,36,-4,41,101,-183,48,25
79,37,-4,41,102,-185,47,26
78,39,-4,41,104,-186,46,28
78,40,-4,41,105,-187,46,29
79,42,-4,41,106,-187,47,30
79,43,-4,41,105,-187,47,31
80,45,-4,41,105,-187,47,34
80,47,-4,41,105,-186,47,35
80,50,-4,41,105,-185,47,37
81,52,-5,41,105,-185,48,39
81,54,-4,41,105,-185,48,41
80,55,-3,42,105,-186,47,45
79,57,-2,43,105,-187,47,46
80,59,-1,44,105,-187,47,47
80,62,0,45,105,-187,48,51
81,64,-1,45,105,-187,48,52
80,65,-2,46,105,-187,46,51
80,65,-3,46,105,-187,46,51
80,65,-3,47,105,-187,45,51
81,67,-3,47,105,-187,46,53
81,70,-3,46,105,-187,46,56
82,71,-3,47,105,-187,47,57
83,71,-4,47,105,-187,47,57
83,68,-4,48,105,-187,48,54
84,67,-4,48,105,-187,50,53
84,67,-4,48,105,-186,50,53
84,67,-4,48,105,-185,50,53
83,65,-4,48,105,-185,48,52
83,63,-4,48,105,-186,48,50
83,61,-4,48,105,-186,47,47
83,59,-4,48,105,-185,48,46
84,57,-4,48,105,-184,50,45
85,54,-4,48,105,-182,50,41
84,52,-5,46,105,-181,50,40
83,50,-6,46,105,-182,48,37
82,48,-6,46,106,-182,47,36
81,47,-6,47,106,-182,46,35
81,45,-5,47,105,-182,47,32
81,43,-5,45,104,-182,47,31
81,41,-5,42,104,-182,50,29
81,39,-5,41,103,-182,48,28
80,37,-4,41,102,-182,48,25
80,35,-4,41,101,-182,48,24
80,32,-4,41,101,-181,48,21
81,29,-4,41,101,-180,48,19
80,26,-4,41,101,-178,48,15
81,25,-4,41,101,-177,48,15
81,25,-4,41,101,-176,50,15
81,25,-4,41,101,-177,50,15
81,26,-4,41,101,-177,50,15
81,26,-4,41,101,-177,50,15
79,25,-4,41,101,-177,47,14
78,23,-4,41,101,-177,46,13
77,23,-4,41,101,-177,46,13
78,24,-4,41,99,-177,46,14
79,26,-4,41,97,-177,47,15
79,28,-4,41,97,-177,47,18
78,29,-4,41,97,-177,46,18
77,29,-4,41,98,-177,45,18
76,30,-4,41,98,-175,45,19
76,32,-4,41,97,-173,45,21
76,33,-4,41,96,-171,45,23
76,34,-4,41,96,-171,45,23
77,36,-4,41,96,-171,45,24
77,39,-4,41,97,-172,45,28
76,42,-4,41,97,-172,45,30
76,44,-4,41,96,-171,45,32
77,46,-4,41,96,-171,45,34
78,46,-4,41,96,-172,46,34
78,48,-4,41,97,-172,46,36
78,50,-3,42,97,-171,46,40
77,54,-3,42,96,-170,45,43
78,57,-3,42,96,-168,46,46
78,58,-3,43,95,-166,46,47
78,58,-3,44,94,-166,46,47
79,58,-2,46,93,-166,45,45
79,60,-2,46,92,-167,45,48
80,61,-2,46,92,-166,46,48
81,63,-2,46,92,-166,46,50
81,64,-2,46,92,-166,46,53
80,65,-2,47,92,-167,46,53
80,65,-2,48,92,-167,45,51
80,65,-2,50,92,-166,43,51
80,65,-1,50,92,-164,43,51
80,65,-1,51,92,-163,43,51
80,65,0,51,92,-163,42,53
80,65,0,51,92,-164,43,53
81,63,0,51,92,-165,43,52
82,62,0,51,92,-163,45,51
83,61,0,50,92,-162,47,50
83,61,0,49,92,-161,48,50
83,59,0,48,92,-161,48,48
83,57,0,47,92,-162,48,46
82,55,0,47,92,-162,47,45
81,54,0,47,92,-161,47,43
81,53,0,46,92,-162,47,42
81,51,-2,46,92,-162,47,41
81,48,-3,46,92,-161,46,36
80,46,-3,46,91,-161,46,34
79,43,-2,46,90,-161,45,31
79,42,-2,46,89,-161,45,32
79,41,-2,46,88,-161,45,31
79,42,-2,46,88,-161,45,30
79,42,-3,46,89,-161,45,30
78,41,-3,47,89,-162,45,29
78,39,-4,47,89,-162,45,28
78,39,-3,47,88,-161,43,28
79,39,-3,46,87,-159,45,28
79,41,-2,46,87,-158,45,31
80,42,-2,45,87,-159,48,32
81,43,-2,45,88,-159,50,32
82,43,-2,46,88,-160,47,34
82,45,-2,46,87,-159,47,35
83,47,-2,46,87,-157,48,37
83,50,-2,46,87,-156,48,40
84,52,-1,45,87,-156,51,41
85,54,-1,44,87,-157,52,43
85,56,-1,44,87,-157,52,46
86,58,-2,45,87,-156,53,47
86,61,-3,47,87,-156,51,48
86,64,-3,49,87,-156,48,51
86,67,-2,50,87,-156,48,53
86,70,-1,51,87,-156,48,56
87,73,-1,50,87,-156,50,58
88,75,-1,50,87,-156,50,61
89,76,-1,50,87,-156,51,61
89,78,-1,51,87,-157,51,63
89,79,0,51,87,-157,51,67
89,82,0,51,87,-156,51,69
90,83,0,51,88,-155,52,69
91,83,0,51,88,-154,52,70
90,82,0,51,87,-154,52,69
89,82,0,51,86,-154,51,69
88,82,0,51,86,-154,50,69
88,81,0,51,86,-153,50,68
89,79,0,51,86,-151,51,67
89,78,0,51,85,-151,51,65
89,76,0,51,83,-151,51,63
87,74,-1,50,83,-151,50,59
86,72,-3,49,83,-151,51,58
85,69,-4,48,83,-151,50,56
85,67,-4,48,83,-151,50,53
85,63,-4,47,83,-151,50,50
83,60,-5,47,83,-151,48,47
82,56,-5,46,83,-151,47,43
80,52,-6,46,83,-151,46,40
80,48,-7,45,83,-151,46,36
80,44,-7,45,83,-151,46,32
80,40,-7,44,83,-151,46,28
79,35,-7,44,83,-151,45,24
77,31,-7,44,83,-151,43,20
75,28,-8,45,83,-151,41,18
74,25,-7,45,83,-151,40,14
74,21,-7,45,83,-151,40,10
74,18,-7,43,83,-151,41,8
74,16,-7,42,83,-151,42,6
73,14,-8,40,83,-151,42,4
72,13,-10,40,83,-151,41,3
71,10,-10,39,83,-151,40,1
70,8,-9,39,83,-151,40,-1
69,7,-8,38,83,-151,41,-1
69,7,-8,38,83,-151,41,-1
69,7,-8,38,83,-151,41,-1
69,7,-8,38,83,-151,41,-1
68,8,-8,38,83,-151,40,0
68,10,-7,38,83,-151,40,1
68,12,-7,39,83,-151,40,3
70,13,-7,39,83,-151,41,4
71,14,-7,39,83,-151,40,4
71,15,-9,39,83,-150,40,6
69,17,-10,40,83,-149,39,4
68,20,-10,41,83,-150,37,7
70,23,-8,44,83,-151,36,13
71,25,-7,45,83,-150,37,15
72,28,-7,45,83,-148,39,17
73,30,-7,45,83,-147,40,19
73,32,-7,44,83,-146,40,21
73,34,-7,44,83,-146,40,23
74,37,-8,45,83,-147,40,25
75,39,-7,45,83,-147,41,28
76,40,-7,44,83,-146,42,29
77,41,-7,44,83,-147,43,29
78,40,-7,44,83,-147,43,29
78,40,-7,44,83,-146,43,29
79,41,-7,44,83,-145,45,30
80,42,-7,44,84,-144,46,30
82,43,-7,44,84,-143,47,31
82,43,-7,44,83,-143,47,31
82,43,-7,44,82,-143,47,31
82,43,-7,44,80,-145,47,31
80,42,-7,44,79,-146,46,30
80,40,-7,44,78,-145,46,29
79,38,-7,44,79,-143,45,26
79,36,-7,44,79,-141,45,25
79,34,-7,44,79,-141,46,23
79,32,-7,44,79,-143,45,20
79,29,-8,45,79,-143,46,18
79,28,-7,44,79,-143,45,17
78,27,-7,44,79,-142,45,17
77,25,-7,44,79,-141,43,14
77,22,-8,45,79,-141,43,12
79,20,-8,45,79,-141,45,10
79,19,-7,44,79,-141,45,9
78,18,-7,43,79,-141,45,8
76,17,-6,43,79,-141,45,8
76,15,-6,43,79,-141,45,6
76,13,-6,43,79,-141,45,3
78,12,-6,43,79,-141,46,2
78,12,-5,42,79,-141,46,2
77,13,-4,41,79,-141,46,4
75,15,-3,41,79,-141,45,8
75,16,-4,41,79,-141,43,7
75,17,-6,42,78,-141,43,7
77,17,-7,44,77,-141,43,7
78,18,-6,45,77,-141,45,8
79,20,-3,45,77,-141,45,9
78,22,-1,44,78,-141,46,14
77,25,0,44,79,-141,46,17
78,28,-1,44,79,-142,46,19
79,31,-2,46,79,-141,45,23
80,35,-3,46,79,-139,46,24
81,38,-3,47,79,-138,47,26
81,41,-3,46,79,-138,47,29
81,44,-3,46,79,-139,47,32
82,47,-3,48,77,-140,47,35
83,51,-3,49,77,-139,46,39
84,54,-1,50,78,-139,47,41
85,57,0,51,79,-139,47,47
85,60,0,51,79,-140,47,50
85,64,0,51,79,-139,47,52
86,67,0,51,79,-138,48,56
87,71,0,51,79,-138,50,58
87,73,0,51,79,-138,50,61
86,74,0,51,79,-138,48,62
85,75,0,51,79,-137,47,63
84,77,0,51,79,-136,47,64
85,78,0,51,79,-136,47,65
87,79,0,51,79,-137,50,65
89,78,0,51,79,-139,51,65
90,78,0,51,79,-139,52,65
90,77,0,51,79,-139,52,64
89,76,0,51,79,-137,51,63
87,75,-1,51,79,-136,50,61
87,73,-1,52,79,-136,50,58
87,71,-2,53,79,-138,50,57
87,69,-1,52,79,-140,50,54
86,67,0,52,79,-141,50,53
86,64,0,51,79,-142,50,53
87,62,0,51,79,-141,50,51
87,59,0,51,78,-141,50,48
87,57,0,51,79,-141,50,47
86,55,0,51,80,-141,48,45
85,53,0,51,82,-141,48,42
85,50,-1,50,83,-141,47,37
84,48,-2,50,84,-141,47,36
85,46,-2,49,84,-142,48,35
85,45,-3,48,83,-143,50,34
84,44,-4,48,83,-145,50,32
83,44,-3,48,83,-146,48,32
83,43,-3,49,83,-147,48,31
83,42,-3,49,83,-147,48,30
83,42,-3,49,83,-146,48,30
82,42,-3,49,85,-146,47,30
82,43,-2,49,87,-146,45,31
82,43,-2,49,88,-146,45,31
83,44,-2,49,89,-147,46,32
84,46,-2,50,88,-148,47,34
84,48,-1,50,88,-150,47,35
84,50,0,51,87,-151,47,40
84,52,0,51,88,-152,47,41
85,54,0,51,88,-152,47,43
85,56,0,51,89,-151,47,46
85,58,0,51,90,-151,47,47
85,60,0,51,90,-151,47,48
85,62,0,51,88,-151,48,51
86,64,0,51,87,-151,48,53
86,67,0,51,87,-151,48,56
86,70,-1,52,89,-151,48,56
86,73,-3,54,91,-151,47,58
87,75,-3,55,93,-152,47,61
88,77,-4,55,93,-152,48,63
88,79,-3,55,91,-151,48,64
88,81,-2,56,89,-152,47,65
88,83,-2,56,88,-152,48,68
89,85,-3,55,87,-151,48,69
89,87,-3,55,88,-150,48,72
90,88,-2,56,88,-148,50,72
90,87,-2,57,88,-147,50,72
89,87,-1,57,88,-146,48,72
89,87,-1,57,88,-147,48,72
89,87,-1,57,88,-147,48,72
90,86,-1,57,88,-147,50,70
91,85,-2,56,88,-147,51,69
92,84,-3,55,88,-147,52,68
92,83,-4,54,88,-147,51,68
90,82,-3,55,88,-147,50,67
90,80,-3,55,88,-147,50,65
90,78,-3,55,88,-147,50,63
90,77,-4,55,89,-146,50,62
89,75,-3,55,88,-146,48,61
88,74,-3,54,87,-144,48,59
87,72,-1,52,86,-144,50,57
88,70,-1,51,85,-143,51,56
89,68,-1,52,85,-142,51,54
89,67,-2,52,85,-141,52,53
89,65,-1,52,84,-141,51,51
89,64,-1,52,83,-141,51,50
89,62,-1,52,83,-142,51,48
88,62,-2,52,83,-142,50,48
87,62,-1,52,84,-142,50,48
87,62,-1,51,84,-141,50,48
87,62,0,51,83,-140,50,51
87,62,0,51,83,-140,50,51
87,61,0,51,83,-140,50,51
87,63,0,51,84,-140,50,51
88,65,0,51,84,-138,51,53
89,67,0,51,84,-137,51,54
89,68,0,52,84,-136,51,57
89,70,0,53,83,-136,51,58
89,71,0,54,80,-136,51,59
90,72,0,56,79,-137,50,58
91,75,0,58,79,-137,51,61
91,78,0,58,79,-136,48,63
91,82,0,58,79,-135,48,67
91,85,0,58,79,-133,51,69
91,87,0,58,79,-131,51,72
92,89,0,59,80,-131,50,73
93,91,2,60,79,-131,50,78
93,94,3,61,78,-132,50,80
93,97,3,62,76,-131,50,83
93,100,2,62,75,-130,50,83
93,101,1,63,74,-128,47,84
94,102,0,64,75,-126,48,85
95,103,0,64,75,-126,50,85
97,103,1,64,75,-126,51,86
97,104,1,63,75,-126,53,86
97,103,2,62,75,-126,53,86
97,103,2,62,75,-126,53,86
97,104,2,62,75,-126,53,86
97,104,3,62,75,-126,53,89
97,103,3,61,75,-126,53,89
96,101,2,60,75,-126,52,86
95,99,0,59,75,-126,52,83
95,97,0,58,74,-126,52,80
96,95,0,58,73,-126,54,79
96,93,0,58,73,-126,54,76
95,90,0,58,73,-125,52,74
94,86,0,58,75,-125,53,70
93,84,-1,57,75,-125,52,68
92,82,-3,56,75,-124,52,67
92,79,-3,55,73,-123,52,64
92,76,-3,56,73,-121,52,62
91,73,-2,56,74,-121,51,58
90,70,-1,55,75,-121,50,56
88,68,-2,54,75,-122,48,53
87,65,-3,54,74,-122,47,51
88,62,-3,54,73,-121,48,48
88,60,-3,54,74,-121,48,47
88,58,-1,53,75,-121,51,45
87,56,-1,52,75,-121,50,43
86,55,0,51,74,-121,48,45
86,55,-2,50,73,-121,48,42
86,55,-3,49,72,-121,51,42
86,55,-3,49,71,-121,51,42
85,54,-1,50,71,-121,48,41
84,54,0,51,71,-121,47,43
83,54,-1,53,72,-121,46,41
84,54,-3,54,73,-121,45,41
84,55,-3,55,73,-121,45,42
85,56,-4,55,73,-121,46,43
85,57,-3,55,72,-121,46,43
84,57,-3,55,71,-121,45,45
83,59,-3,55,70,-121,45,46
84,61,-4,54,72,-121,45,48
85,64,-3,55,73,-122,45,50
85,66,-2,56,75,-122,46,52
84,67,-1,57,75,-121,45,53
83,69,0,58,75,-121,43,54
84,71,0,58,75,-121,42,57
85,73,0,58,75,-122,45,58
86,74,0,58,75,-122,46,59
86,74,0,58,75,-123,46,59
86,74,0,58,75,-125,46,59
86,74,0,58,75,-126,45,59
87,75,0,58,75,-126,47,59
87,75,-1,57,75,-125,47,61
87,75,-2,56,75,-124,47,61
86,74,-2,56,75,-125,46,59
86,73,-2,56,75,-126,46,58
87,71,-3,56,75,-126,47,57
89,69,-3,55,75,-126,50,54
91,67,-3,55,75,-126,51,53
91,65,-3,55,75,-126,51,52
91,64,-4,55,75,-126,51,50
90,61,-4,55,74,-126,50,48
88,59,-3,55,75,-126,48,46
87,55,-3,54,76,-126,47,42
86,51,-1,52,78,-126,50,39
86,48,-1,51,78,-126,48,35
85,45,-1,50,78,-126,48,32
84,42,-1,50,77,-126,47,30
83,40,-1,50,77,-126,47,29
83,37,-2,50,78,-126,47,25
83,34,-3,49,79,-126,47,23
83,32,-4,48,80,-126,48,21
82,31,-4,47,80,-126,47,20
80,29,-4,48,79,-126,46,19
79,28,-4,48,79,-126,46,18
79,28,-4,48,79,-126,45,18
79,28,-4,48,79,-126,45,18
79,28,-4,48,79,-126,46,18
79,29,-4,48,79,-126,45,18
79,29,-4,48,80,-126,45,18
78,29,-4,48,80,-127,45,19
78,30,-4,48,80,-127,45,19
79,32,-3,49,79,-126,45,20
80,34,-1,50,79,-126,43,23
80,36,-1,52,80,-127,43,25
79,38,-2,54,81,-128,41,26
79,40,-3,55,82,-130,41,29
80,43,-4,55,82,-130,41,31
81,47,-4,55,82,-130,42,35
82,50,-3,55,82,-129,42,37
82,53,-3,55,83,-129,42,40
81,54,-3,55,84,-129,42,41
81,56,-4,55,85,-130,42,42
82,58,-3,55,84,-131,42,45
83,61,-3,55,84,-132,43,47
83,63,-2,56,84,-132,43,50
84,65,-1,57,84,-132,45,52
84,67,-1,57,84,-132,45,53
84,68,0,58,84,-132,45,53
84,68,0,58,84,-132,45,53
84,67,0,58,84,-132,45,53
84,67,0,58,84,-132,45,53
84,67,0,58,84,-132,45,53
85,66,0,58,84,-132,46,52
86,65,0,58,84,-132,46,51
87,64,0,58,84,-132,45,50
87,63,0,58,84,-132,47,50
85,62,-1,57,84,-132,46,48
85,61,-2,56,84,-132,45,47
84,58,-3,55,84,-132,45,45
85,56,-2,56,84,-132,45,43
85,54,-2,57,84,-132,45,41
84,52,-2,57,84,-132,45,39
83,50,-2,56,84,-132,45,37
83,49,-3,55,84,-132,43,37
83,50,-3,55,84,-132,43,37
84,50,-3,55,84,-132,45,37
84,49,-3,55,84,-132,45,36
84,48,-3,55,84,-132,45,36
84,48,-3,55,84,-132,45,36
84,49,-3,55,84,-132,45,36
83,50,-3,55,84,-132,43,37
83,51,-3,55,84,-132,43,39
83,53,-4,55,84,-132,43,40
84,55,-4,55,84,-132,45,42
84,58,-3,55,84,-132,45,45
84,60,-2,56,84,-131,45,46
83,62,-1,57,84,-130,43,48
83,65,0,58,84,-130,42,52
84,69,-1,59,84,-130,42,54
86,72,-2,61,84,-130,43,58
86,76,-1,61,84,-129,45,61
87,79,0,61,84,-127,45,64
88,82,2,62,84,-126,46,67
89,86,3,62,85,-127,47,70
90,89,2,62,85,-127,47,73
90,94,2,62,85,-127,47,78
89,97,1,63,83,-126,45,80
90,99,0,64,81,-126,45,83
91,100,0,64,79,-126,46,83
92,101,0,65,80,-126,47,84
93,103,2,65,81,-126,48,86
94,105,2,65,82,-126,48,89
94,107,1,66,81,-126,48,90
94,108,0,66,80,-127,48,90
94,108,1,67,79,-127,48,90
94,108,2,67,79,-126,48,90
94,107,2,65,79,-126,48,90
95,106,2,64,80,-125,50,89
96,105,2,63,80,-124,52,87
96,103,1,63,80,-123,51,86
95,100,0,64,80,-122,50,84
93,97,0,65,80,-122,48,81
92,95,0,64,80,-122,47,79
91,93,0,64,79,-122,46,76
92,90,0,64,79,-122,47,74
91,87,0,65,78,-122,46,72
90,84,0,64,78,-121,46,68
90,80,1,62,78,-121,47,65
89,78,0,59,77,-121,47,63
89,75,0,58,77,-121,48,61
88,73,0,58,77,-121,48,58
88,72,0,58,76,-121,46,57
88,70,0,58,75,-121,46,56
87,69,0,58,75,-122,45,54
86,67,0,58,75,-122,47,53
86,65,0,58,75,-121,46,51
87,63,0,58,75,-120,47,50
87,63,0,58,75,-119,47,50
86,64,0,58,75,-118,46,51
85,66,0,58,75,-118,43,52
84,67,0,59,75,-118,42,53
85,68,1,59,75,-117,43,54
86,70,1,60,75,-116,45,56
87,73,2,61,75,-116,45,61
87,76,2,61,75,-116,45,63
87,79,2,62,75,-117,45,64
86,82,1,63,75,-117,45,67
87,84,1,62,75,-116,45,69
88,86,3,61,75,-116,46,73
90,89,4,62,75,-116,47,75
91,92,5,64,75,-116,48,78
90,95,6,65,75,-116,46,80
89,97,5,66,75,-116,45,83
89,100,5,67,75,-116,43,85
89,103,4,67,75,-116,45,86
91,106,3,68,75,-116,43,89
93,107,3,68,75,-117,46,90
94,108,3,68,75,-117,47,90
94,108,3,68,74,-116,47,90
94,107,3,68,73,-115,46,90
94,108,3,68,74,-113,46,90
94,108,3,68,75,-112,46,90
94,108,3,68,76,-112,47,90
95,106,3,68,75,-114,47,89
95,104,3,69,74,-114,47,86
95,101,3,68,72,-114,47,84
94,97,2,67,72,-114,50,81
95,95,1,66,72,-113,50,79
94,92,0,65,72,-112,48,75
93,88,0,65,71,-112,48,73
91,84,0,65,71,-112,46,69
90,80,1,64,71,-111,45,65
89,76,0,63,71,-110,45,62
89,72,-1,62,71,-109,45,57
88,68,-3,61,71,-110,43,52
88,64,-3,60,71,-112,46,50
87,60,-1,59,71,-112,46,47
86,56,0,58,71,-110,45,43
86,53,0,58,71,-108,46,40
86,49,0,58,71,-107,46,37
85,46,-1,57,71,-108,46,34
84,45,-3,57,71,-108,45,32
83,45,-4,56,71,-108,43,30
81,45,-5,56,71,-107,42,30
81,44,-5,56,71,-106,42,30
81,45,-5,56,71,-106,42,30
80,46,-4,58,71,-107,39,31
79,47,-4,61,71,-108,39,32
79,49,-3,62,71,-108,36,35
80,52,-3,62,71,-110,36,37
81,55,-3,61,71,-110,37,40
82,59,-3,61,71,-110,39,43
83,63,-3,61,71,-108,40,47
84,65,-2,63,71,-107,40,50
84,67,0,64,71,-106,40,53
85,69,0,65,71,-106,41,54
86,72,0,65,71,-107,41,58
86,76,0,65,71,-107,42,61
87,79,0,65,71,-106,42,63
88,81,0,65,71,-106,43,65
89,82,0,65,71,-106,45,67
90,84,0,65,71,-106,45,68
90,86,0,67,71,-106,42,70
90,87,-1,69,71,-106,42,69
89,88,-2,69,72,-107,42,69
90,88,-2,68,71,-107,42,70
91,89,-1,68,70,-106,43,70
92,89,0,69,68,-105,45,70
93,88,0,69,67,-103,46,73
93,86,0,68,66,-101,46,70
93,84,0,66,66,-101,48,68
92,83,1,66,67,-101,47,68
92,83,1,68,67,-101,45,68
92,83,0,69,67,-101,45,68
91,81,0,69,66,-101,43,65
90,79,0,68,66,-102,43,64
90,76,0,68,66,-101,43,62
91,75,0,68,66,-100,45,61
92,73,0,67,67,-98,45,59
91,72,0,66,67,-97,47,57
90,71,0,65,67,-97,46,56
89,70,0,65,67,-98,45,56
88,70,0,65,67,-98,43,56
88,70,0,65,67,-98,43,56
89,70,0,65,67,-98,45,56
89,70,0,64,67,-97,45,56
89,70,0,65,67,-97,45,56
89,70,0,67,67,-96,42,56
89,70,0,69,67,-96,42,53
88,70,0,71,67,-96,40,53
88,70,0,71,67,-97,40,53
88,71,0,70,67,-98,41,57
88,73,1,70,67,-100,42,58
89,76,1,71,66,-100,42,61
89,78,0,72,65,-98,40,61
89,80,0,72,65,-97,40,62
89,82,0,72,65,-97,40,64
90,83,1,71,66,-98,43,68
91,84,1,70,67,-98,43,69
91,85,1,71,67,-97,43,69
90,86,0,72,67,-97,41,68
90,86,0,72,67,-98,40,68
89,87,0,72,67,-99,40,69
89,88,0,72,67,-99,40,69
89,88,0,71,67,-99,40,69
90,86,-2,70,67,-98,41,68
91,84,-3,69,67,-97,43,67
90,83,-3,68,67,-97,43,65
89,81,-2,68,67,-96,42,64
88,81,0,66,67,-96,43,65
88,80,0,65,67,-97,43,64
88,77,0,65,67,-97,43,62
86,73,0,65,67,-96,42,58
85,69,-1,64,67,-96,41,56
84,65,-2,63,67,-97,40,48
83,61,-3,62,67,-97,40,46
83,57,-3,61,67,-96,39,41
82,53,-3,62,67,-96,39,37
80,50,-3,61,67,-97,37,35
80,46,-3,62,67,-98,36,31
80,42,-3,62,67,-100,37,28
79,38,-3,62,67,-101,36,24
78,33,-4,61,66,-100,35,20
76,30,-6,60,66,-100,36,17
76,26,-6,57,66,-100,36,13
77,24,-5,56,67,-101,39,12
76,23,-3,55,68,-101,39,13
75,22,-3,55,68,-101,37,12
74,21,-4,55,68,-101,36,10
74,19,-5,56,68,-101,36,7
74,18,-6,57,70,-101,34,6
74,17,-6,58,71,-101,34,4
73,19,-6,58,72,-102,34,7
73,22,-7,59,72,-103,34,9
75,26,-7,58,71,-105,35,13
76,30,-7,58,71,-106,36,17
77,33,-7,58,71,-107,36,19
77,36,-6,59,71,-107,36,21
77,38,-4,61,71,-106,34,24
78,43,-3,62,71,-106,35,29
79,47,-3,62,71,-106,36,32
80,53,-3,61,71,-106,36,37
80,58,-3,61,71,-106,37,42
82,63,-2,62,71,-106,39,47
84,67,0,64,71,-106,40,53
86,72,0,65,71,-106,42,57
86,76,0,65,72,-106,42,61
86,80,0,65,73,-106,42,65
87,84,0,65,74,-107,42,69
88,88,0,65,75,-107,43,72
89,91,0,66,76,-107,43,75
90,93,2,68,76,-107,42,78
90,96,3,68,76,-107,42,79
91,98,3,68,76,-107,43,81
91,100,3,68,76,-107,43,83
93,101,2,69,76,-107,45,84
93,101,2,70,76,-107,45,85
91,100,1,70,76,-107,43,83
90,98,1,71,76,-107,41,81
90,95,0,72,76,-107,41,76
91,93,0,72,76,-107,42,74
91,90,1,71,76,-107,45,74
91,88,2,69,76,-107,43,73
90,86,3,68,76,-107,43,70
90,84,3,68,76,-107,42,68
90,80,1,68,76,-107,42,65
89,76,0,68,76,-107,42,58
89,72,-1,67,76,-107,42,54
88,68,-2,67,76,-107,41,52
88,65,-1,67,76,-107,41,48
87,62,-1,67,76,-107,41,46
87,59,0,66,76,-107,41,46
86,57,0,66,76,-107,40,45
86,56,-1,66,76,-107,40,41
86,55,0,66,76,-107,42,42
86,54,0,65,76,-107,42,41
86,54,0,65,76,-107,42,41
85,54,0,65,76,-107,41,41
84,54,0,65,76,-107,41,41
84,54,0,65,76,-107,41,41
84,54,0,65,76,-107,40,41
84,55,0,65,76,-107,40,42
84,57,0,65,76,-107,41,45
85,61,-1,66,76,-107,41,45
85,64,0,66,75,-107,39,50
85,66,0,67,74,-105,39,52
86,68,2,68,73,-103,40,53
86,70,2,69,72,-102,40,56
87,73,2,70,72,-101,41,58
89,77,1,70,71,-101,42,62
90,80,1,70,71,-100,42,65
91,83,1,70,71,-100,43,67
91,85,0,71,71,-101,41,69
91,88,0,72,72,-101,42,70
91,90,0,72,72,-100,41,72
92,93,1,71,72,-98,45,76
93,94,1,70,72,-97,46,78
94,96,1,71,71,-96,47,79
95,97,0,72,70,-97,45,78
95,97,0,72,69,-96,45,78
95,97,0,72,68,-97,45,78
95,97,0,72,67,-97,45,78
95,97,0,72,67,-97,45,78
95,97,0,72,67,-96,45,78
94,96,0,72,67,-95,45,78
93,94,0,72,67,-93,43,75
93,91,0,72,67,-93,43,73
92,89,0,72,67,-93,42,70
92,87,0,72,67,-93,42,69
91,85,0,71,67,-92,42,67
91,82,-2,69,67,-92,43,64
90,78,-3,68,67,-92,42,61
88,74,-3,68,67,-94,41,57
86,70,-3,68,67,-95,40,53
85,68,-3,68,67,-95,39,52
85,66,-3,68,67,-95,39,50
85,64,-3,69,67,-95,39,48
85,61,-3,69,67,-95,39,45
84,57,-3,68,67,-94,39,42
85,54,-2,68,67,-95,39,39
84,51,0,66,67,-95,41,39
83,50,0,65,67,-96,40,37
82,48,0,65,67,-97,39,36
81,48,0,65,67,-97,37,36
81,48,0,66,67,-96,37,35
82,48,-1,66,67,-96,36,34
82,49,-1,66,67,-96,36,35
81,50,-1,66,67,-97,36,35
81,52,0,66,67,-97,37,39
80,53,0,66,67,-96,37,40
81,54,0,66,67,-95,35,41
81,56,-1,67,67,-94,36,41
82,58,-1,67,67,-94,36,42
83,61,-1,67,67,-94,37,45
85,64,-2,67,67,-93,39,48
86,67,-2,68,67,-92,40,51
86,70,-1,68,67,-92,40,53
87,73,0,68,67,-93,40,58
87,75,2,67,67,-94,43,61
88,76,3,67,67,-95,43,61
89,78,3,68,67,-94,42,63
90,80,3,68,67,-93,43,65
91,83,3,68,67,-93,43,67
91,83,3,68,68,-94,45,68
92,83,3,68,68,-94,45,68
92,83,3,68,68,-94,45,68
92,83,3,68,68,-95,45,68
92,83,3,68,68,-96,45,68
92,83,3,68,68,-97,45,68
91,81,3,68,68,-97,45,65
91,79,3,68,68,-96,43,64
90,77,2,67,67,-96,45,62
89,74,1,66,67,-96,45,59
89,72,0,65,68,-96,45,57
89,69,0,65,69,-96,45,54
89,66,0,65,70,-97,45,52
88,62,0,65,71,-97,43,48
87,59,0,65,72,-97,43,46
87,56,0,65,72,-97,42,43
87,53,0,65,70,-97,42,40
87,50,0,65,70,-97,43,37
86,47,0,65,70,-97,42,35
85,45,0,65,71,-97,41,32
83,43,-1,64,72,-97,40,31
83,42,-2,63,72,-97,39,28
83,42,-2,63,72,-97,39,30
83,41,-1,64,71,-97,40,29
83,39,-1,64,71,-97,40,28
83,38,-1,64,72,-97,39,26
82,38,-2,63,73,-97,39,24
82,39,-2,62,74,-98,39,25
82,41,-3,63,73,-98,39,26
81,43,-2,64,72,-98,39,29
81,44,-2,65,72,-99,35,30
80,46,-2,67,73,-99,35,31
81,48,-2,68,73,-100,35,34
81,50,-3,68,73,-101,35,35
81,53,-3,68,72,-100,36,37
82,54,-3,68,71,-100,36,39
82,55,-3,68,73,-98,36,40
83,57,-3,68,75,-97,37,41
83,59,-3,68,77,-97,37,43
82,62,-3,68,77,-97,36,46
81,64,-3,68,76,-97,35,48
80,65,-3,68,75,-97,34,48
81,64,-3,68,75,-97,35,47
82,62,-3,68,75,-97,36,46
83,61,-3,69,76,-97,36,45
82,60,-2,69,75,-97,36,45
80,59,-3,68,73,-97,35,43
79,57,-4,68,72,-97,34,41
79,55,-6,66,71,-97,32,40
78,52,-7,66,72,-97,32,35
78,50,-7,65,72,-97,32,32
78,46,-5,64,72,-97,35,31
78,43,-4,63,72,-97,35,29
78,40,-3,62,72,-97,35,26
77,38,-4,62,72,-97,35,24
76,36,-5,62,72,-95,34,23
75,32,-6,62,72,-93,32,19
75,29,-6,60,72,-92,32,15
74,27,-6,59,72,-91,34,14
74,27,-6,59,72,-92,34,14
75,26,-7,58,72,-92,35,13
75,24,-7,58,72,-92,35,12
75,22,-7,58,72,-92,35,9
75,21,-7,58,72,-92,35,9
75,22,-6,59,72,-92,35,9
75,24,-6,59,72,-92,35,12
75,26,-5,60,72,-92,35,13
75,27,-4,60,72,-92,35,14
75,28,-4,61,72,-92,32,15
77,30,-3,61,72,-92,34,17
78,33,-3,62,72,-92,35,19
78,37,-3,62,72,-92,35,23
77,41,-3,62,72,-92,35,26
77,44,-2,62,72,-90,35,30
78,48,0,64,72,-88,35,35
80,52,0,65,72,-86,36,39
82,56,0,67,72,-87,36,41
83,61,0,68,72,-89,36,45
83,66,0,70,72,-90,37,50
84,71,1,70,72,-90,37,57
85,75,2,70,71,-89,39,61
87,79,2,70,70,-87,40,64
88,82,1,71,69,-86,41,67
89,86,0,72,69,-86,40,68
91,88,0,72,69,-87,41,70
91,91,1,73,69,-87,42,73
91,93,2,73,69,-87,42,76
91,94,2,73,68,-86,42,78
92,95,2,73,67,-86,42,79
93,96,2,74,67,-86,43,79
95,96,2,75,67,-87,45,80
96,97,3,75,68,-87,46,80
97,97,4,74,68,-86,47,80
98,99,6,73,67,-85,50,83
98,101,7,72,68,-84,50,86
98,102,7,71,68,-83,50,87
98,102,7,71,68,-83,50,87
98,101,7,72,68,-83,50,86
98,101,7,72,68,-82,50,86
98,102,7,72,66,-82,50,87
99,103,7,72,64,-81,51,87
101,102,7,72,63,-82,53,87
103,102,7,72,62,-82,54,87
104,103,7,72,63,-81,54,87
103,105,6,71,63,-80,54,90
103,108,7,72,63,-78,54,92
104,110,8,72,63,-76,56,95
105,112,9,74,63,-76,57,97
106,114,9,76,64,-76,54,98
106,115,8,78,63,-77,56,100
106,116,7,79,62,-77,53,98
106,119,7,79,60,-75,53,101
106,122,7,79,59,-73,53,103
107,125,7,78,58,-72,53,106
106,126,7,78,58,-71,53,107
106,126,7,79,59,-71,52,107
105,127,6,79,59,-72,52,108
104,129,5,81,59,-72,48,109
103,130,4,82,58,-72,47,108
103,129,3,82,59,-71,47,107
102,126,3,82,58,-70,47,104
101,122,4,82,58,-70,46,103
98,119,4,82,58,-70,43,101
97,116,4,82,59,-69,42,97
95,113,3,81,59,-68,41,92
94,108,1,79,59,-67,40,87
93,101,0,78,57,-66,41,83
90,93,-2,76,57,-66,39,74
87,84,-3,75,56,-66,36,67
85,75,-3,74,57,-67,35,58
84,67,-3,72,56,-67,35,51
82,58,-4,70,55,-67,34,42
80,49,-5,68,54,-66,35,35
77,39,-7,65,54,-65,32,23
75,28,-8,63,54,-64,30,13
72,18,-10,62,54,-63,30,3
70,9,-11,61,54,-62,28,-3
68,1,-13,60,54,-61,26,-10
65,-6,-14,58,54,-61,24,-20
64,-14,-16,57,54,-61,23,-28
62,-24,-17,55,54,-61,24,-36
61,-31,-18,54,54,-61,23,-43
59,-36,-20,53,54,-61,21,-48
57,-39,-21,52,54,-61,20,-51
56,-42,-21,52,54,-61,18,-53
54,-45,-21,52,54,-61,17,-57
53,-47,-21,52,54,-61,15,-58
52,-49,-21,52,54,-62,14,-59
52,-48,-21,52,54,-63,14,-59
52,-46,-21,52,54,-63,15,-57
53,-43,-21,52,54,-63,15,-54
54,-40,-20,53,54,-61,17,-52
55,-37,-18,54,54,-61,18,-48
56,-33,-18,55,54,-62,18,-45
57,-26,-17,56,54,-65,17,-39
58,-18,-16,57,55,-67,18,-31
59,-10,-15,57,56,-67,19,-24
61,-3,-14,58,57,-67,20,-15
63,4,-13,59,57,-66,23,-8
65,12,-13,60,57,-66,24,-1
67,21,-11,61,57,-67,25,6
69,29,-9,63,57,-67,25,14
71,39,-7,65,58,-66,26,23
73,47,-5,66,59,-65,28,32
75,56,-4,68,59,-65,30,40
77,63,-3,68,59,-65,31,47
79,70,-2,69,59,-66,34,53
82,75,-2,69,59,-65,35,58
84,81,0,70,59,-64,36,63
87,86,0,72,59,-63,37,68
89,90,1,73,58,-63,40,74
90,94,3,74,57,-63,41,78
91,96,3,75,56,-62,41,80
92,99,4,75,55,-61,42,83
94,101,3,75,54,-61,43,85
96,103,4,75,54,-61,46,85
97,103,5,76,54,-61,46,86
97,103,5,76,54,-61,47,86
97,104,5,76,54,-61,47,86
97,104,4,75,54,-61,46,86
97,103,3,75,54,-61,46,86
97,102,3,75,54,-61,47,85
99,101,3,75,54,-61,48,84
101,100,4,75,54,-61,50,83
101,100,4,75,55,-61,51,83
101,100,3,75,54,-61,50,83
100,100,3,75,52,-62,50,83
100,98,3,75,51,-61,50,81
101,96,3,75,51,-60,51,79
102,95,3,75,53,-58,51,79
102,95,3,75,53,-57,52,79
102,95,3,75,53,-56,52,79
102,95,3,75,52,-56,51,79
102,95,4,75,51,-57,51,79
102,95,4,75,51,-57,51,79
102,95,4,75,51,-57,51,79
102,95,3,75,51,-56,52,79
102,95,3,75,50,-56,51,79
101,96,3,75,51,-56,51,79
100,98,4,76,53,-56,50,81
99,99,6,77,54,-56,47,83
100,100,7,78,55,-56,47,83
101,100,7,79,55,-56,48,83
101,100,6,79,54,-56,48,84
100,101,5,81,54,-56,45,84
99,101,4,82,54,-56,43,84
98,100,4,83,55,-56,43,81
99,99,3,82,54,-56,43,80
98,98,3,81,54,-56,43,79
97,97,1,79,54,-56,42,79
94,96,0,79,54,-56,42,78
92,94,0,79,54,-56,39,75
91,91,0,79,54,-56,40,73
90,86,0,78,54,-56,39,68
89,81,-1,76,54,-56,37,64
89,76,-2,75,54,-57,37,58
87,71,-3,75,54,-56,36,54
86,66,-3,75,54,-56,35,50
84,61,-3,75,54,-56,34,43
83,56,-4,73,54,-57,32,39
83,50,-6,72,54,-57,32,32
82,43,-8,71,54,-56,34,26
81,36,-9,70,54,-54,34,20
79,30,-8,68,55,-53,32,14
78,24,-8,66,55,-53,34,9
77,19,-8,64,54,-54,32,4
75,14,-8,63,54,-55,30,1
72,10,-10,62,54,-54,30,-3
71,7,-10,62,54,-54,29,-6
71,4,-10,62,54,-54,29,-8
71,2,-11,61,54,-55,29,-9
70,1,-11,61,54,-56,29,-10
69,1,-11,61,54,-57,28,-10
68,1,-10,62,54,-57,26,-10
67,2,-10,62,54,-56,25,-10
67,3,-9,62,54,-56,26,-9
68,6,-10,62,54,-56,24,-7
68,9,-11,63,54,-57,24,-4
68,12,-12,64,55,-56,25,-3
69,16,-12,65,55,-56,25,0
70,21,-11,65,55,-56,25,7
72,26,-10,67,54,-56,25,10
73,30,-10,68,54,-56,26,14
75,35,-8,70,55,-56,28,19
76,40,-7,72,57,-57,29,24
77,46,-6,72,58,-57,28,29
77,51,-6,72,57,-57,28,34
78,56,-6,72,57,-57,28,39
79,61,-6,72,56,-57,29,42
80,63,-6,72,57,-57,30,45
80,64,-6,72,59,-57,32,46
80,65,-6,72,60,-57,30,46
79,66,-5,73,60,-57,29,47
79,68,-3,75,59,-57,29,50
80,68,-3,75,59,-57,30,52
81,68,-3,75,59,-57,31,50
82,66,-5,73,60,-57,31,47
83,64,-6,72,59,-57,32,46
82,62,-7,72,59,-57,34,43
82,59,-6,72,59,-57,31,41
81,54,-6,72,59,-57,30,36
79,49,-6,72,59,-58,30,32
79,45,-7,72,59,-59,31,28
79,41,-8,70,59,-58,31,24
79,36,-10,69,59,-57,31,20
77,31,-10,68,59,-57,30,15
75,26,-10,68,59,-57,29,10
74,21,-11,68,59,-57,28,4
73,16,-12,67,59,-57,26,0
72,11,-12,65,59,-57,29,-2
72,7,-12,64,59,-57,28,-6
71,4,-12,64,59,-57,26,-8
71,1,-12,64,59,-57,26,-12
71,-1,-12,64,59,-57,28,-13
71,-2,-11,64,59,-57,26,-15
70,-3,-11,64,59,-57,26,-15
68,-4,-12,64,59,-57,25,-17
67,-5,-13,65,59,-57,24,-19
67,-4,-14,65,59,-57,21,-19
68,-3,-12,65,59,-57,24,-18
69,0,-10,64,59,-57,25,-12
70,3,-7,64,59,-57,26,-9
70,6,-6,65,59,-57,26,-4
70,9,-6,65,59,-57,25,-2
69,13,-7,65,59,-58,25,-1
69,19,-7,65,59,-59,25,4
70,25,-6,66,59,-58,25,12
71,29,-4,68,60,-57,26,17
72,34,-3,68,60,-57,28,20
73,38,-3,68,59,-58,29,24
75,43,-3,69,59,-60,30,28
75,46,-3,71,59,-60,28,31
76,50,-3,73,60,-60,29,35
76,52,-2,75,61,-61,26,37
76,55,-1,74,61,-61,26,40
76,59,0,73,60,-62,29,43
76,61,-1,73,60,-62,29,46
76,62,-2,75,60,-62,26,46
76,62,-3,76,62,-62,26,46
77,61,-2,75,64,-62,26,45
77,60,-1,74,65,-62,28,43
77,57,-1,73,64,-62,29,41
76,55,-2,72,64,-62,29,40
76,53,-2,71,64,-62,29,37
77,50,-3,70,64,-62,30,35
77,47,-3,69,64,-62,30,32
77,45,-4,70,64,-62,30,30
78,42,-5,71,64,-62,30,25
78,39,-5,71,64,-62,31,23
78,37,-4,70,64,-62,30,23
77,34,-4,70,64,-62,30,20
76,34,-5,70,64,-62,29,18
77,35,-5,71,64,-62,30,19
79,36,-5,71,64,-62,31,19
80,36,-4,70,64,-62,32,23
81,36,-3,69,64,-63,35,23
81,37,-3,68,64,-64,36,23
82,39,-4,69,64,-63,35,25
84,42,-5,71,64,-62,36,25
85,47,-5,73,64,-62,35,30
86,52,-4,75,64,-62,36,35
86,57,-3,76,64,-62,36,41
87,62,-1,76,64,-62,36,46
88,66,-1,77,64,-62,37,50
89,71,0,77,64,-62,39,54
91,76,0,78,64,-62,40,59
92,82,0,78,64,-62,41,64
94,87,0,79,64,-62,42,69
95,91,0,79,64,-62,42,73
95,94,1,79,64,-62,41,75
95,97,3,81,64,-62,41,78
95,99,3,82,64,-61,41,80
97,101,4,83,64,-61,42,81
97,103,4,82,64,-60,42,84
97,104,4,82,64,-61,42,84
96,103,4,82,64,-60,41,85
95,100,4,82,64,-59,41,81
94,98,3,84,64,-57,40,79
95,96,2,84,64,-57,39,78
95,94,0,84,64,-57,39,75
94,92,0,82,64,-57,40,74
93,89,0,80,64,-57,40,70
92,85,0,80,64,-57,39,67
91,81,0,79,64,-57,37,63
90,77,-1,79,64,-57,36,59
89,72,-2,80,64,-57,36,53
88,67,-3,80,64,-57,35,48
87,63,-5,80,64,-57,34,45
86,59,-7,78,64,-57,32,41
85,54,-8,75,64,-57,32,37
83,50,-8,74,64,-57,32,32
81,44,-9,75,64,-57,31,25
79,39,-9,76,64,-55,26,20
77,34,-9,76,65,-53,25,17
76,30,-10,74,65,-52,28,12
74,26,-10,72,65,-53,25,8
72,22,-12,72,64,-55,24,4
71,18,-13,72,64,-57,21,1
69,13,-13,73,64,-58,20,-2
68,8,-14,72,64,-57,20,-7
67,4,-15,70,64,-55,19,-10
66,1,-16,69,64,-55,18,-15
65,-1,-17,69,64,-56,18,-19
64,-5,-17,69,64,-57,17,-21
62,-9,-17,69,64,-57,15,-25
61,-13,-17,68,64,-57,13,-29
59,-17,-18,68,64,-57,13,-32
59,-19,-19,67,64,-57,12,-35
58,-21,-19,67,64,-57,14,-37
58,-24,-20,66,64,-57,13,-39
57,-26,-20,66,64,-57,13,-41
57,-28,-20,66,64,-57,13,-43
57,-28,-20,66,64,-57,12,-43
57,-28,-20,66,64,-57,13,-43
56,-28,-20,66,64,-57,12,-43
56,-29,-20,66,64,-57,12,-43
55,-29,-20,66,64,-57,10,-43
55,-28,-20,66,64,-57,10,-42
54,-25,-20,66,65,-57,10,-41
54,-24,-20,66,64,-57,10,-40
54,-23,-20,66,64,-57,10,-39
54,-24,-20,66,64,-57,9,-39
54,-24,-19,67,65,-57,8,-40
54,-24,-19,67,65,-57,10,-40
54,-24,-19,67,64,-57,10,-40
54,-24,-20,66,63,-56,10,-40
54,-24,-19,67,63,-55,10,-39
54,-23,-19,67,63,-56,10,-39
54,-24,-19,67,64,-57,8,-40
54,-26,-20,66,63,-57,9,-41
53,-28,-21,66,61,-57,9,-43
53,-30,-20,66,60,-57,8,-45
53,-32,-20,66,59,-57,9,-47
54,-34,-20,66,59,-57,10,-48
54,-36,-21,65,59,-57,10,-51
54,-39,-23,64,59,-57,10,-53
54,-41,-24,63,60,-57,9,-57
54,-43,-24,62,61,-57,9,-59
54,-45,-24,63,62,-57,10,-61
54,-48,-24,63,63,-57,10,-64
54,-51,-24,63,63,-57,9,-67
54,-52,-24,63,63,-57,10,-68
54,-53,-24,63,63,-57,10,-68
54,-53,-24,63,63,-57,10,-68
54,-52,-24,63,64,-57,10,-68
54,-50,-24,63,65,-57,10,-65
54,-49,-24,62,65,-57,9,-64
53,-47,-24,63,65,-57,9,-63
54,-45,-22,64,64,-58,9,-59
53,-43,-21,65,64,-61,9,-57
54,-40,-20,66,64,-62,9,-54
53,-35,-20,66,64,-62,9,-50
54,-30,-20,66,65,-62,9,-45
55,-25,-19,67,65,-62,10,-40
57,-20,-18,68,66,-62,10,-36
58,-15,-16,69,65,-62,12,-31
59,-10,-15,71,65,-62,12,-24
59,-3,-14,72,64,-62,12,-19
61,2,-13,72,64,-62,13,-13
63,7,-13,73,64,-62,15,-8
64,13,-12,74,64,-62,15,-3
65,18,-10,75,64,-62,14,1
65,24,-9,76,66,-62,15,6
67,29,-9,76,68,-62,17,10
68,33,-9,76,67,-62,18,15
70,38,-8,77,65,-62,19,19
72,41,-7,78,64,-62,20,24
73,45,-6,79,65,-62,21,28
74,48,-5,79,67,-62,23,31
75,52,-6,79,69,-62,24,35
76,55,-6,79,69,-63,24,37
77,57,-5,79,68,-62,25,40
78,58,-4,79,67,-61,26,40
79,58,-3,79,66,-58,26,40
78,58,-3,80,65,-57,26,40
79,57,-4,80,65,-58,26,39
80,55,-4,79,64,-60,28,37
81,54,-3,77,65,-61,31,36
81,51,-3,75,66,-61,30,36
80,50,-2,75,65,-61,30,35
79,47,-3,75,65,-60,29,32
79,45,-3,75,64,-58,29,28
79,42,-5,73,64,-57,29,25
79,38,-6,72,64,-57,30,21
79,34,-6,72,65,-58,31,19
78,30,-6,72,64,-59,29,14
77,27,-6,72,64,-59,28,12
76,24,-6,72,64,-57,26,9
75,22,-7,71,64,-57,29,7
75,20,-9,70,64,-57,28,6
73,17,-10,69,64,-57,26,3
72,15,-10,68,64,-57,25,1
72,12,-10,69,64,-57,25,-1
71,10,-10,69,64,-57,25,-3
70,8,-10,69,64,-57,24,-4
70,7,-10,69,64,-57,24,-6
69,7,-10,69,64,-57,23,-6
69,7,-10,69,64,-57,23,-6
68,8,-10,69,64,-57,23,-4
68,10,-10,69,64,-57,21,-3
68,12,-10,69,64,-57,21,-1
68,14,-9,70,64,-57,23,1
69,16,-8,70,64,-57,23,2
69,18,-7,71,65,-57,23,3
69,20,-7,71,64,-57,23,6
69,23,-6,72,64,-56,20,8
70,26,-7,73,65,-54,21,10
72,30,-8,75,65,-52,23,14
72,33,-9,76,65,-52,21,15
73,36,-10,76,64,-52,21,18
72,39,-10,76,63,-52,20,20
72,41,-8,77,63,-52,20,21
72,43,-7,78,63,-52,20,26
72,46,-6,79,65,-52,21,29
74,47,-6,79,65,-52,21,30
75,48,-7,78,64,-51,23,31
75,49,-7,78,63,-50,24,31
76,50,-7,78,63,-51,24,32
75,50,-6,79,63,-52,24,32
75,50,-7,80,63,-52,21,31
75,49,-7,81,63,-52,20,29
75,46,-7,80,63,-52,20,26
75,45,-6,79,63,-52,23,28
75,44,-6,79,63,-52,24,28
76,44,-5,79,64,-52,24,26
77,42,-6,79,65,-52,25,25
77,39,-7,78,65,-52,25,23
76,36,-8,77,65,-52,25,18
76,34,-9,76,65,-52,25,15
77,32,-10,75,65,-52,25,14
78,31,-9,76,65,-52,26,13
77,29,-9,76,65,-52,25,12
76,28,-9,76,65,-53,24,10
75,26,-9,76,65,-54,24,8
75,24,-9,75,64,-54,26,7
77,22,-8,72,63,-53,28,7
78,21,-8,71,63,-52,31,6
78,21,-7,71,63,-52,31,7
77,23,-6,72,64,-54,30,8
75,25,-6,73,65,-54,26,9
75,26,-7,74,65,-53,26,10
75,27,-9,74,65,-53,25,9
75,28,-8,75,65,-54,25,13
76,30,-6,75,64,-55,26,14
77,32,-5,75,65,-56,28,17
78,34,-4,75,64,-54,29,18
79,36,-4,75,65,-52,29,20
79,38,-4,75,65,-52,29,21
78,39,-3,75,65,-52,29,25
77,41,-2,75,65,-52,28,26
78,43,-2,75,65,-52,28,29
79,45,-2,75,65,-52,29,31
79,47,-3,75,65,-52,29,32
79,48,-3,76,65,-52,30,31
79,47,-3,77,65,-52,29,30
79,47,-3,76,65,-52,29,30
79,48,-3,76,65,-52,29,31
78,49,-4,77,65,-52,26,31
78,50,-4,79,65,-52,25,32
78,51,-4,79,65,-52,25,34
78,50,-3,80,65,-53,25,32
77,47,-3,79,65,-52,25,30
76,46,-4,79,65,-50,24,29
75,45,-6,79,65,-49,24,28
75,44,-6,79,65,-49,24,28
75,43,-5,78,65,-49,24,26
75,41,-3,77,65,-49,26,25
75,39,-3,77,65,-48,25,23
73,38,-4,78,65,-47,21,21
72,36,-6,79,65,-47,21,19
72,33,-7,79,65,-47,21,18
72,32,-7,78,65,-47,20,17
72,31,-8,77,65,-47,20,13
73,30,-8,76,65,-47,21,12
73,29,-9,76,65,-47,23,10
74,27,-10,76,65,-47,23,9
73,26,-9,76,65,-47,23,8
73,26,-9,76,65,-48,21,8
73,27,-9,76,65,-49,23,9
74,27,-9,76,65,-49,23,9
74,26,-9,76,65,-49,23,8
72,26,-9,76,65,-48,21,9
71,27,-9,76,65,-48,20,9
70,29,-9,76,65,-49,19,10
71,30,-9,76,65,-49,19,13
71,32,-9,76,65,-49,20,13
72,32,-9,76,65,-50,21,13
72,31,-9,76,65,-52,20,13
72,31,-10,76,65,-53,20,13
72,31,-10,76,65,-52,20,13
72,31,-10,76,65,-52,20,13
73,32,-9,76,65,-52,21,14
74,34,-9,76,65,-52,23,15
75,35,-10,76,65,-52,24,17
75,36,-10,77,65,-52,24,18
75,36,-10,77,66,-52,24,17
75,35,-11,78,66,-52,24,17
75,35,-11,78,66,-53,24,17
76,34,-11,78,67,-53,24,15
76,34,-10,77,68,-53,24,15
76,36,-9,78,69,-52,24,17
77,38,-7,78,70,-52,25,21
79,42,-6,79,70,-53,26,25
81,45,-6,79,69,-54,29,28
83,48,-6,79,69,-56,30,31
84,51,-5,80,69,-57,31,34
86,57,-3,81,69,-58,32,39
88,64,-1,83,69,-57,32,45
91,72,0,85,69,-57,35,52
93,80,0,86,69,-57,37,63
96,89,2,87,69,-57,40,70
99,101,5,88,69,-57,42,81
102,112,9,89,69,-57,45,95
106,125,11,90,69,-57,48,106
109,139,13,92,69,-57,48,118
111,152,15,94,69,-56,50,133
113,166,17,96,69,-56,51,146
114,180,19,99,69,-56,51,158
116,195,21,101,69,-55,52,172
119,207,22,104,69,-54,52,183
123,218,23,106,69,-53,56,194
127,228,25,108,69,-53,58,205
130,236,26,108,69,-52,61,212
130,243,28,110,70,-51,59,218
130,249,29,111,70,-49,59,223
129,252,29,112,70,-48,58,227
129,253,29,111,68,-47,58,227
129,250,27,111,66,-47,58,225
129,245,25,110,65,-46,58,218
128,236,22,110,65,-44,57,209
126,224,20,108,65,-42,56,198
123,210,18,106,64,-40,56,186
120,195,16,103,62,-39,53,170
115,177,12,101,61,-38,48,153
110,157,8,99,61,-37,45,133
104,135,5,96,61,-36,42,113
100,111,2,92,59,-34,39,89
95,85,0,87,57,-32,36,65
89,59,-4,83,56,-30,34,41
83,32,-10,78,56,-28,31,14
77,7,-14,74,57,-28,25,-8
70,-16,-18,70,57,-27,23,-32
63,-39,-21,67,55,-27,17,-53
56,-62,-25,65,53,-27,13,-76
50,-84,-29,62,52,-27,7,-98
45,-104,-34,60,52,-27,3,-117
40,-121,-38,57,54,-27,0,-135
35,-137,-41,54,54,-27,-3,-150
28,-149,-43,52,54,-27,-8,-161
24,-160,-44,51,54,-27,-12,-173
21,-169,-45,50,55,-27,-14,-181
19,-174,-45,50,56,-28,-17,-186
17,-176,-45,50,57,-29,-19,-187
14,-175,-46,51,56,-31,-21,-187
12,-173,-48,53,56,-32,-25,-185
12,-169,-48,54,56,-33,-25,-181
11,-162,-48,55,56,-33,-25,-175
12,-153,-46,56,57,-34,-25,-167
13,-142,-44,57,59,-35,-26,-157
16,-130,-42,59,61,-36,-24,-146
19,-117,-40,61,61,-37,-21,-131
22,-103,-38,64,60,-39,-19,-119
25,-89,-35,65,60,-41,-19,-106
27,-74,-33,68,62,-42,-17,-92
31,-61,-30,70,64,-43,-14,-78
34,-47,-28,72,65,-44,-14,-65
38,-33,-26,74,65,-46,-10,-52
43,-19,-24,75,65,-47,-6,-37
47,-7,-22,78,65,-48,-2,-26
51,4,-19,80,65,-47,-1,-15
55,14,-18,82,65,-47,1,-6
59,24,-15,83,65,-47,4,4
64,32,-14,83,65,-47,9,12
68,38,-11,83,65,-48,12,18
70,44,-9,83,65,-49,17,25
72,49,-8,84,65,-49,17,30
75,54,-7,85,65,-49,19,35
78,58,-6,86,65,-48,21,37
81,60,-4,85,65,-47,24,42
84,62,-3,83,66,-47,29,43
86,64,-3,82,67,-47,31,46
88,68,-2,82,66,-47,32,50
90,70,-1,83,65,-47,35,51
93,72,0,84,65,-47,36,56
95,75,1,86,65,-48,39,58
96,80,2,87,65,-47,40,62
96,86,3,88,64,-46,40,68
97,92,5,88,63,-44,41,74
99,99,8,87,62,-43,42,83
102,107,10,88,62,-42,45,89
105,115,11,88,62,-42,47,97
107,125,12,89,62,-41,48,108
108,134,14,91,62,-39,50,117
110,144,15,93,61,-38,51,125
112,154,18,94,61,-37,51,134
114,163,19,96,61,-37,52,144
116,173,21,97,61,-37,54,155
119,184,22,98,61,-36,56,164
121,193,23,99,61,-35,58,173
122,202,25,101,61,-35,57,181
124,211,27,102,61,-33,58,189
126,218,28,104,60,-33,61,197
129,225,29,105,57,-32,63,205
130,231,30,105,56,-32,63,209
130,236,30,105,56,-31,64,214
131,239,31,106,56,-29,64,217
132,241,31,107,56,-27,65,218
133,242,31,107,56,-27,67,219
133,242,31,107,57,-27,67,219
134,241,31,106,57,-28,67,219
134,238,30,106,56,-28,67,216
133,233,30,105,55,-25,65,212
131,226,29,105,53,-24,64,206
130,218,27,104,52,-22,64,196
130,210,25,104,51,-22,63,189
129,202,24,104,52,-22,63,181
127,193,22,103,52,-21,62,170
124,182,20,103,52,-19,59,161
119,170,18,101,52,-18,56,150
115,158,16,100,52,-17,51,139
111,146,13,99,53,-17,48,125
108,133,9,98,52,-18,45,111
104,119,6,97,50,-17,42,98
100,105,3,95,48,-17,39,84
95,90,1,92,48,-17,34,69
90,75,-2,89,48,-17,32,56
85,58,-5,86,49,-18,28,39
80,42,-9,84,49,-17,24,24
75,26,-11,83,48,-16,19,6
70,9,-14,82,47,-14,15,-8
65,-7,-19,79,47,-12,13,-26
60,-25,-23,76,48,-12,9,-42
54,-43,-27,74,48,-12,3,-61
48,-60,-29,71,47,-12,-1,-76
42,-77,-31,69,47,-12,-4,-92
36,-93,-34,66,48,-12,-8,-109
33,-109,-38,64,48,-12,-9,-124
30,-124,-41,62,47,-12,-12,-140
26,-138,-44,61,46,-12,-15,-153
21,-150,-46,60,45,-12,-19,-164
17,-160,-47,58,44,-11,-23,-175
13,-170,-49,54,44,-10,-24,-185
10,-179,-51,51,44,-10,-26,-192
9,-186,-52,50,44,-10,-28,-198
6,-191,-52,50,45,-11,-30,-205
5,-195,-52,51,46,-12,-31,-207
5,-196,-52,51,45,-12,-31,-208
6,-194,-52,50,43,-12,-30,-206
7,-189,-52,50,43,-12,-29,-202
7,-183,-51,51,44,-12,-29,-196
8,-175,-50,53,46,-11,-29,-189
10,-166,-48,54,47,-12,-26,-179
14,-155,-46,56,48,-14,-23,-168
20,-141,-43,57,47,-16,-18,-156
25,-125,-40,59,47,-17,-15,-139
30,-107,-36,61,47,-17,-12,-122
35,-87,-32,64,47,-17,-8,-102
41,-66,-28,67,47,-17,-3,-83
48,-42,-22,71,47,-18,1,-58
56,-18,-16,74,47,-21,7,-34
64,7,-10,77,47,-22,14,-8
71,33,-5,80,48,-22,19,17
78,60,0,84,49,-22,23,43
84,88,4,89,50,-22,26,70
92,117,9,93,51,-22,34,98
101,146,14,98,52,-22,39,125
110,174,20,103,52,-22,45,153
119,202,25,108,52,-22,52,180
128,230,30,112,52,-22,57,206
135,257,34,114,52,-22,63,234
142,285,38,117,52,-22,69,258
149,310,41,120,52,-22,73,284
157,333,44,124,52,-22,78,305
163,353,48,128,52,-22,83,325
169,371,51,131,52,-23,85,341
172,386,54,134,52,-22,89,356
176,399,56,136,50,-21,91,371
178,409,58,137,49,-18,93,379
180,414,59,138,49,-16,95,384
180,416,59,137,49,-15,95,385
179,413,58,137,48,-14,93,383
177,406,55,137,48,-13,90,374
176,396,52,136,47,-11,89,365
173,382,48,135,48,-9,87,350
169,364,44,132,48,-7,86,333
164,341,41,129,46,-7,81,311
158,315,37,125,44,-6,79,286
151,285,32,122,43,-4,73,256
143,251,25,117,43,-2,67,223
134,215,18,112,43,0,62,189
125,177,12,107,42,0,56,151
115,138,5,103,40,2,47,113
105,97,-1,97,39,3,41,74
93,56,-9,90,39,3,34,34
83,13,-16,83,39,4,26,-4
72,-28,-23,76,37,5,19,-46
61,-69,-31,70,36,6,13,-85
52,-108,-38,64,34,7,7,-123
42,-144,-43,58,34,7,0,-158
32,-178,-49,54,34,7,-6,-191
23,-209,-53,49,34,7,-13,-219
12,-235,-58,45,34,7,-21,-246
3,-259,-63,40,34,7,-28,-268
-4,-278,-67,37,33,6,-35,-288
-10,-293,-69,35,34,4,-37,-301
-14,-305,-71,34,35,3,-41,-312
-17,-311,-72,33,37,2,-43,-318
-21,-313,-73,32,39,0,-47,-322
-23,-310,-73,32,39,0,-50,-319
-25,-305,-72,32,38,-1,-51,-312
-26,-295,-69,35,38,-2,-52,-303
-24,-281,-68,39,39,-3,-53,-291
-21,-263,-66,42,42,-5,-53,-274
-18,-243,-65,45,43,-7,-52,-256
-14,-221,-63,48,43,-7,-50,-236
-11,-198,-60,50,43,-9,-46,-213
-7,-175,-55,54,43,-10,-45,-191
-1,-149,-50,58,44,-12,-40,-166
4,-122,-46,63,46,-12,-37,-141
11,-95,-41,67,47,-12,-34,-114
19,-69,-37,71,48,-14,-28,-87
27,-44,-32,75,47,-15,-23,-65
35,-20,-28,79,47,-17,-15,-41
43,2,-23,83,47,-18,-12,-20
49,24,-19,87,47,-17,-6,2
55,44,-15,90,47,-17,-3,20
60,63,-12,93,49,-17,1,40
66,79,-8,96,51,-17,3,54
72,93,-6,99,52,-18,9,68
79,106,-4,101,51,-18,12,81
83,117,-2,102,50,-19,19,91
87,126,0,102,50,-19,23,100
90,133,2,102,51,-19,25,108
94,137,4,102,52,-19,29,112
98,139,5,102,52,-21,32,114
102,140,5,103,52,-21,35,114
104,140,5,103,52,-21,37,114
104,138,5,103,52,-19,37,113
104,137,5,103,52,-17,37,112
103,133,5,103,52,-18,36,109
102,130,5,103,52,-18,36,106
101,124,5,103,52,-19,35,100
101,117,4,102,52,-19,35,93
100,111,3,100,52,-18,34,89
98,104,0,99,52,-17,35,83
96,97,0,97,52,-17,32,76
94,90,-1,96,52,-17,31,67
93,82,-1,94,52,-18,30,62
91,75,-2,92,52,-18,30,56
88,68,-4,90,52,-17,28,47
84,61,-6,89,52,-17,25,41
81,54,-8,89,52,-17,21,34
79,47,-10,88,52,-17,20,26
77,40,-10,87,52,-17,19,19
75,33,-11,86,52,-17,19,13
73,26,-12,85,52,-17,17,6
71,19,-13,85,52,-17,15,0
69,13,-15,84,52,-17,14,-4
67,7,-16,83,52,-17,12,-9
65,2,-16,83,52,-17,10,-14
63,-2,-17,82,52,-17,8,-21
61,-7,-18,81,52,-17,7,-26
60,-10,-20,80,52,-17,6,-30
58,-14,-21,79,52,-17,4,-34
57,-18,-21,79,52,-17,4,-36
57,-21,-21,79,52,-17,3,-39
55,-23,-20,79,52,-18,2,-41
54,-24,-19,80,52,-18,2,-42
54,-24,-19,80,52,-17,1,-41
54,-24,-20,80,52,-17,1,-41
54,-24,-20,80,52,-17,2,-42
54,-24,-19,80,52,-18,1,-41
54,-23,-19,80,52,-19,1,-41
53,-20,-20,80,52,-19,1,-39
54,-17,-20,79,52,-19,1,-35
55,-13,-19,80,52,-18,2,-32
56,-10,-18,81,52,-18,2,-29
57,-7,-17,82,52,-19,3,-26
57,-3,-16,83,52,-19,3,-21
58,0,-16,83,52,-19,4,-17
59,5,-16,83,52,-21,6,-13
61,10,-16,83,52,-22,7,-8
63,15,-15,84,52,-23,8,-3
64,19,-13,85,52,-23,9,0
64,23,-12,86,52,-22,7,3
65,26,-12,86,52,-22,8,6
66,29,-12,86,52,-21,8,9
67,33,-12,86,52,-20,9,13
68,36,-12,86,52,-21,10,15
68,37,-12,86,52,-22,10,17
68,37,-12,86,52,-22,10,15
69,36,-12,86,52,-22,12,14
69,35,-12,86,52,-22,12,14
69,36,-12,86,52,-22,12,14
69,36,-12,86,52,-22,12,14
68,34,-12,86,52,-22,10,13
68,31,-12,86,52,-22,10,10
68,28,-13,85,52,-22,13,8
68,25,-15,84,52,-22,13,6
68,22,-16,83,52,-22,13,2
66,19,-16,83,52,-22,12,0
65,14,-16,83,52,-22,9,-3
64,9,-16,83,52,-22,9,-8
64,4,-16,84,52,-22,9,-13
64,0,-16,83,52,-22,9,-18
63,-3,-16,80,52,-22,12,-20
62,-6,-16,78,52,-22,10,-23
61,-7,-17,77,51,-22,9,-24
62,-8,-18,79,52,-22,10,-28
63,-9,-18,81,53,-22,8,-29
64,-10,-18,82,55,-22,9,-29
64,-10,-16,81,57,-22,9,-28
63,-10,-14,81,57,-23,8,-26
62,-8,-15,82,57,-24,8,-25
62,-6,-16,83,56,-24,8,-23
63,-3,-16,83,56,-24,8,-20
64,0,-16,83,57,-25,9,-18
65,3,-15,82,56,-26,10,-14
65,7,-14,82,56,-27,10,-10
67,11,-13,82,56,-28,13,-7
69,17,-12,83,57,-28,14,-2
70,22,-11,84,58,-27,14,2
70,27,-10,85,58,-27,15,7
71,32,-9,86,58,-27,15,14
73,39,-7,86,58,-28,17,20
75,44,-6,86,58,-27,19,25
77,50,-5,86,59,-27,21,30
80,55,-4,87,60,-27,24,37
84,62,-3,88,61,-27,26,43
87,69,-2,89,61,-28,30,50
90,76,-1,91,61,-28,30,57
92,83,0,92,61,-27,31,63
94,90,3,93,61,-27,32,72
96,97,6,92,61,-27,37,79
99,105,8,92,61,-28,40,87
103,112,9,93,61,-29,43,95
106,120,10,94,61,-29,46,101
110,129,12,97,61,-29,47,109
114,138,15,98,61,-28,51,120
117,148,19,100,61,-27,53,129
121,159,20,101,61,-27,57,139
124,169,21,102,61,-28,59,148
127,180,21,104,61,-27,59,158
129,191,24,105,61,-26,62,170
132,202,28,106,62,-25,64,181
135,213,31,107,61,-23,68,194
138,225,33,108,60,-21,69,203
141,236,34,109,58,-19,72,214
143,247,36,112,57,-18,73,227
145,257,39,114,57,-18,75,235
148,265,40,115,56,-16,75,242
150,272,40,115,54,-14,79,250
152,277,40,115,53,-11,79,255
153,281,41,116,51,-8,79,258
153,284,42,118,49,-6,80,261
154,285,42,120,49,-3,78,262
153,284,41,120,48,-1,78,261
153,280,39,118,47,0,76,256
151,273,37,115,45,3,78,247
148,263,36,114,43,6,75,239
144,252,36,113,40,8,74,229
140,238,33,113,39,10,69,217
137,223,30,112,38,12,65,200
134,206,26,109,36,14,65,184
130,187,22,105,35,15,63,164
126,166,19,102,33,17,61,146
119,144,15,98,32,19,56,123
113,121,11,95,30,21,51,102
108,97,8,92,28,24,48,80
103,74,4,89,27,26,43,57
98,51,1,86,26,27,42,36
93,28,-2,83,26,28,37,13
87,7,-6,79,25,29,35,-6
81,-12,-10,75,24,31,30,-26
75,-31,-13,73,23,32,26,-43
70,-47,-15,71,21,33,23,-61
65,-61,-17,70,21,33,18,-73
61,-71,-18,68,21,32,15,-83
58,-79,-20,66,21,32,14,-89
54,-85,-23,64,21,34,12,-95
51,-90,-25,64,21,36,8,-102
50,-92,-27,65,20,37,4,-103
49,-91,-27,67,20,38,4,-103
47,-89,-27,67,20,38,3,-101
46,-86,-27,66,19,37,1,-98
45,-81,-27,66,18,38,1,-93
45,-75,-26,67,18,38,0,-89
46,-67,-26,70,19,38,-1,-81
46,-58,-25,73,21,37,-2,-73
48,-49,-24,76,22,37,-1,-64
50,-39,-21,76,21,37,0,-56
53,-28,-18,76,20,37,2,-43
56,-17,-15,77,19,38,6,-34
60,-6,-15,79,20,38,8,-23
63,5,-15,82,21,38,9,-12
65,17,-14,83,21,37,10,-2
68,29,-10,84,21,37,13,10
71,41,-7,85,21,38,15,21
76,53,-4,86,21,39,19,35
81,64,-2,89,21,39,24,45
85,75,-1,90,22,40,25,56
89,87,0,92,21,41,29,67
93,101,2,93,20,42,32,79
97,113,4,95,18,43,35,92
101,125,6,97,17,43,39,103
104,135,8,99,16,43,40,113
108,145,11,101,17,43,42,124
112,155,14,102,17,42,46,134
115,165,16,104,17,43,48,142
116,174,18,104,17,44,50,153
118,183,20,105,17,46,51,161
120,191,22,105,17,48,53,168
123,198,24,106,17,48,56,177
127,203,25,108,17,47,59,183
130,207,26,108,17,47,62,186
131,210,26,109,17,47,63,189
132,213,26,108,17,49,64,191
133,214,26,108,18,51,64,191
133,213,26,109,17,53,64,191
132,212,26,108,16,53,64,190
132,209,25,107,14,52,64,187
133,205,24,106,13,52,64,184
134,199,22,105,12,53,65,177
134,194,22,105,12,54,65,172
133,187,21,104,12,56,64,166
130,180,21,102,13,57,64,159
128,172,20,101,13,58,63,151
126,162,18,100,13,60,61,142
124,152,16,99,13,61,59,134
122,143,14,98,12,62,58,123
120,134,12,97,9,61,56,114
118,126,11,95,8,61,54,107
115,119,10,94,7,61,54,101
113,112,9,93,8,62,52,93
110,104,8,92,8,63,50,86
107,96,7,91,8,63,47,76
105,89,4,91,8,63,46,70
103,83,2,91,8,63,43,63
102,79,0,92,8,63,41,59
100,75,0,92,8,63,39,56
99,72,0,90,8,63,40,53
97,69,-1,90,8,63,39,51
94,66,-2,89,8,63,36,47
93,63,-3,90,10,62,32,45
91,60,-4,92,12,63,31,40
88,58,-5,93,13,62,26,37
85,56,-5,93,14,62,24,36
82,53,-6,92,13,62,23,34
78,49,-9,90,13,63,19,29
74,43,-12,89,13,63,17,21
70,36,-15,89,14,62,10,13
66,28,-17,89,16,61,7,6
62,19,-19,87,18,60,6,-2
57,6,-21,85,18,59,1,-17
52,-10,-25,83,18,58,-3,-31
46,-29,-29,83,18,58,-8,-51
41,-49,-33,81,17,57,-12,-69
35,-70,-37,77,18,56,-17,-91
27,-93,-42,73,19,54,-21,-114
18,-119,-48,69,21,52,-29,-137
10,-148,-54,66,22,52,-36,-167
2,-180,-61,62,22,52,-41,-198
-4,-213,-67,57,22,51,-46,-230
-11,-246,-73,52,23,49,-50,-263
-20,-280,-79,46,25,47,-54,-296
-29,-314,-85,41,27,46,-61,-328
-38,-346,-90,36,27,46,-69,-358
-47,-376,-96,31,27,44,-74,-389
-56,-405,-101,26,27,41,-79,-416
-63,-433,-105,22,29,38,-86,-444
-70,-459,-109,19,31,35,-89,-467
-75,-481,-113,15,33,34,-93,-489
-81,-499,-116,12,34,32,-96,-506
-86,-513,-119,10,35,30,-101,-521
-90,-523,-120,9,36,27,-103,-531
-92,-528,-120,9,36,24,-106,-535
-93,-530,-120,9,38,21,-107,-537
-93,-526,-119,9,39,18,-107,-533
-92,-517,-117,10,41,15,-106,-522
-89,-502,-114,12,43,11,-103,-509
-85,-483,-110,16,44,9,-102,-489
-81,-459,-105,20,46,7,-100,-467
-76,-432,-100,23,47,5,-95,-440
-69,-401,-94,26,48,2,-91,-410
-60,-365,-87,31,50,0,-84,-374
-50,-326,-80,38,52,-4,-78,-336
-40,-285,-73,45,54,-7,-72,-296
-30,-242,-66,51,56,-9,-65,-257
-21,-198,-59,58,57,-11,-59,-216
-10,-153,-51,64,58,-13,-52,-172
2,-108,-44,71,59,-13,-43,-129
16,-64,-36,78,60,-14,-35,-86
29,-21,-28,85,61,-16,-25,-45
40,18,-21,92,62,-18,-18,-6
51,57,-15,97,63,-20,-10,32
61,94,-8,101,65,-21,-2,68
72,127,-1,105,66,-23,6,100
81,156,4,109,65,-23,12,129
91,180,9,113,65,-23,20,151
100,200,13,116,64,-22,28,172
108,217,16,118,64,-22,34,187
116,230,18,119,64,-21,40,201
123,239,21,120,63,-20,46,211
129,246,24,121,62,-19,52,219
134,250,25,119,61,-18,58,223
138,250,26,117,62,-18,64,223
141,247,26,116,62,-16,67,219
143,241,27,115,62,-15,69,217
145,235,27,115,61,-13,70,211
147,228,28,113,59,-12,75,205
149,222,29,111,57,-11,78,200
151,216,28,108,57,-10,80,194
151,209,28,106,58,-8,81,187
151,204,29,105,58,-7,83,185
151,202,29,104,56,-7,84,184
152,203,30,104,54,-8,85,184
155,206,32,103,53,-8,89,187
157,211,33,102,52,-6,91,194
159,219,35,103,53,-4,92,201
160,229,37,105,53,-3,93,211
161,242,40,108,53,-2,91,223
162,258,43,111,53,-3,92,240
166,276,47,114,53,-3,93,256
169,295,51,118,53,-3,96,275
174,315,54,121,53,-1,98,294
179,336,58,124,53,0,102,316
183,358,61,127,54,1,103,335
187,380,65,130,53,2,107,357
191,400,69,134,52,3,108,375
196,419,73,137,51,5,112,395
200,437,76,140,51,6,115,412
204,454,79,143,51,7,115,428
207,469,81,145,51,7,119,443
211,480,83,146,50,8,122,452
214,487,83,147,49,9,124,460
216,493,83,147,49,11,126,465
219,495,83,147,49,13,129,467
220,495,83,147,50,15,130,467
221,492,83,148,50,18,129,465
221,486,81,150,48,20,129,456
220,477,79,150,46,21,128,449
218,467,77,149,45,23,126,439
216,454,75,147,45,25,125,426
213,441,73,144,45,27,123,413
210,426,69,140,45,30,123,400
207,411,65,137,44,31,119,383
202,393,62,134,42,33,118,367
196,374,59,132,40,35,113,347
190,353,55,130,41,36,107,328
183,332,50,128,41,38,102,307
176,310,45,125,41,39,95,285
169,287,40,122,40,41,91,263
160,263,36,119,38,43,84,239
152,239,30,116,36,45,76,214
142,214,24,113,36,46,69,190
133,189,18,108,36,46,62,164
122,163,11,104,36,46,53,139
112,135,5,101,36,46,47,113
102,105,0,97,37,48,37,84
92,74,-6,92,37,50,30,52
83,42,-14,87,37,51,24,21
73,10,-21,83,36,52,15,-9
62,-21,-27,79,33,52,8,-41
51,-54,-33,75,32,51,0,-74
41,-86,-38,70,32,51,-7,-106
31,-119,-44,64,32,51,-13,-135
22,-151,-50,58,32,52,-18,-168
14,-183,-57,53,32,52,-25,-198
4,-213,-63,49,32,51,-31,-229
-3,-240,-68,46,32,51,-39,-255
-11,-263,-71,42,32,51,-43,-277
-17,-284,-73,39,32,52,-48,-295
-21,-301,-75,36,32,52,-50,-311
-25,-315,-77,35,32,51,-52,-324
-27,-324,-79,33,32,50,-54,-334
-28,-329,-79,33,31,48,-56,-339
-28,-329,-79,33,32,47,-56,-339
-27,-324,-78,34,33,46,-54,-334
-25,-314,-76,35,35,46,-53,-323
-23,-299,-72,37,36,45,-51,-310
-20,-280,-68,40,37,43,-51,-289
-15,-256,-64,44,36,42,-47,-268
-9,-230,-60,49,36,41,-43,-241
-3,-200,-55,54,36,40,-41,-214
3,-168,-49,60,36,39,-37,-183
11,-133,-42,66,37,37,-30,-148
20,-97,-36,72,39,34,-25,-114
30,-60,-30,77,41,32,-19,-79
40,-22,-23,83,41,32,-13,-42
50,14,-17,89,40,32,-7,-6
59,50,-10,94,40,31,0,28
67,84,-4,100,40,30,4,61
75,114,0,105,42,28,9,89
83,142,5,109,44,26,14,117
91,167,10,113,45,26,20,139
98,188,13,116,46,26,24,161
104,204,15,118,45,26,29,175
108,214,16,119,45,26,32,184
112,219,16,119,45,26,36,190
114,220,16,119,45,26,39,191
117,217,16,119,45,26,41,187
118,208,15,119,45,28,42,179
117,194,13,116,45,30,41,167
114,177,9,113,45,31,41,148
111,156,5,109,46,32,39,130
107,134,2,106,46,31,37,109
103,110,-1,103,45,31,34,85
98,83,-5,99,44,31,32,61
93,54,-11,94,43,31,30,31
86,25,-16,89,42,32,24,3
79,-4,-22,84,42,31,20,-25
71,-33,-26,80,42,31,17,-52
63,-61,-30,76,41,31,9,-80
55,-86,-34,73,40,32,4,-103
46,-109,-39,69,40,31,-1,-126
39,-130,-43,65,41,31,-6,-145
33,-148,-46,62,42,31,-10,-164
29,-165,-49,60,43,32,-14,-180
24,-177,-51,58,43,32,-15,-191
20,-185,-52,57,44,31,-20,-198
17,-189,-52,57,45,29,-23,-202
14,-191,-52,57,45,28,-25,-203
11,-190,-52,57,45,27,-28,-203
10,-187,-52,58,45,26,-29,-201
8,-181,-51,58,45,25,-31,-195
8,-172,-49,59,45,23,-31,-186
9,-160,-48,61,44,21,-32,-175
10,-147,-47,64,45,21,-31,-163
11,-133,-46,68,46,21,-32,-151
13,-117,-44,72,48,21,-34,-136
16,-100,-40,74,50,21,-31,-119
21,-82,-36,76,50,20,-28,-102
26,-63,-31,78,50,18,-23,-83
32,-43,-27,81,49,16,-20,-62
37,-24,-25,84,49,16,-15,-45
44,-5,-23,86,49,16,-9,-28
50,10,-19,87,50,16,-4,-9
56,27,-15,90,49,16,-2,4
60,44,-12,93,50,16,1,21
65,60,-9,96,49,16,2,36
70,74,-7,97,49,16,8,50
77,87,-6,99,49,18,13,62
82,99,-4,101,50,20,18,75
86,110,-1,103,50,21,19,85
89,120,1,104,50,21,21,96
91,128,4,104,49,21,26,104
94,135,6,104,48,21,29,109
99,139,8,105,47,21,32,117
102,143,8,106,46,21,35,120
104,145,9,106,45,21,36,122
105,146,9,106,45,21,39,123
107,145,9,106,45,23,40,122
108,143,8,106,45,25,40,119
108,140,8,105,46,26,40,117
106,136,6,104,45,26,39,111
104,130,4,104,44,26,37,106
101,122,1,104,42,26,32,98
99,112,-1,103,40,28,31,87
97,102,-3,100,40,30,31,78
93,90,-3,99,41,31,28,67
89,76,-5,97,40,31,24,54
84,62,-8,96,39,32,20,39
80,46,-11,94,37,33,19,25
76,30,-15,90,36,35,17,8
72,12,-19,86,36,36,14,-8
66,-5,-23,83,34,37,9,-26
60,-24,-26,80,33,37,7,-43
54,-43,-29,78,32,38,1,-63
48,-62,-31,76,31,40,-2,-81
43,-82,-33,74,30,42,-7,-100
38,-101,-37,71,28,43,-9,-117
34,-119,-41,67,27,42,-13,-136
28,-136,-45,65,26,42,-15,-153
23,-153,-50,62,27,42,-20,-168
18,-169,-53,60,27,43,-24,-186
14,-184,-54,58,25,46,-28,-200
10,-197,-55,56,23,47,-29,-211
6,-207,-55,54,22,48,-31,-220
3,-215,-56,53,21,47,-34,-228
1,-220,-58,52,22,47,-34,-233
0,-224,-59,50,22,47,-35,-236
-1,-224,-59,51,22,47,-37,-236
-1,-222,-59,52,22,47,-40,-234
0,-218,-56,53,22,47,-37,-230
3,-211,-53,54,22,47,-35,-222
7,-201,-49,55,21,47,-30,-212
10,-188,-46,56,21,47,-26,-198
14,-172,-44,57,20,47,-25,-184
18,-154,-41,61,20,48,-21,-167
23,-133,-37,65,20,47,-20,-146
29,-112,-31,68,20,46,-15,-124
36,-88,-25,71,21,44,-9,-101
43,-63,-19,74,21,43,-3,-75
52,-36,-15,77,22,42,1,-51
60,-7,-10,82,22,42,8,-23
68,22,-5,86,22,43,13,4
77,52,0,90,21,43,20,34
86,80,5,94,21,42,25,62
94,108,10,99,22,42,34,87
103,135,15,104,21,43,39,115
111,162,20,108,22,44,42,142
118,189,25,112,21,46,48,167
124,213,29,116,22,47,52,190
130,235,31,119,22,48,57,211
137,254,34,122,22,47,61,229
143,271,36,124,22,47,65,246
148,285,38,126,22,47,69,258
152,294,40,128,21,49,72,267
153,300,41,129,20,51,73,273
153,303,41,128,19,52,73,275
154,303,39,127,18,53,73,275
154,299,37,127,18,53,73,272
153,291,35,128,17,54,73,262
151,279,33,128,17,55,72,251
147,263,30,126,18,57,68,235
142,244,26,122,18,58,63,217
136,222,21,117,18,59,61,195
130,198,16,112,18,60,57,173
122,171,12,109,16,61,51,146
115,141,8,105,14,61,47,118
107,109,2,101,13,61,40,87
98,76,-3,97,13,62,35,54
90,42,-11,91,13,63,28,21
81,8,-18,86,13,63,23,-12
72,-25,-25,81,13,63,15,-45
62,-57,-30,77,13,62,9,-76
54,-86,-35,72,13,62,4,-103
46,-115,-39,68,13,62,-2,-131
39,-141,-44,64,13,63,-6,-156
33,-166,-48,61,13,63,-10,-180
27,-187,-52,57,13,62,-13,-200
21,-204,-55,53,14,61,-18,-217
16,-216,-57,50,16,59,-20,-229
12,-226,-57,49,18,58,-24,-238
9,-232,-57,48,18,57,-24,-242
8,-232,-56,47,18,56,-25,-241
8,-227,-56,47,17,54,-25,-236
10,-216,-55,48,18,53,-24,-227
12,-201,-52,50,19,52,-24,-213
14,-183,-49,54,20,50,-23,-196
17,-162,-45,57,22,49,-20,-175
21,-137,-41,61,24,47,-19,-152
27,-110,-36,64,25,46,-14,-125
34,-79,-31,68,26,45,-12,-95
40,-45,-25,73,26,44,-6,-62
47,-11,-18,79,27,42,-2,-30
55,22,-13,85,28,42,1,2
63,55,-8,91,30,42,6,35
71,87,-2,96,31,42,10,64
79,117,4,99,32,42,17,93
87,145,10,102,32,42,24,122
96,171,14,107,31,42,30,147
104,194,18,112,31,42,34,168
110,214,19,115,31,42,37,187
114,230,21,119,32,42,41,202
118,242,24,120,31,42,43,214
122,249,27,120,31,42,47,222
127,252,29,120,31,42,52,227
131,253,30,119,32,42,56,227
133,249,30,118,32,41,59,224
133,242,29,118,31,42,61,217
133,231,28,117,30,43,61,207
133,216,25,115,28,46,61,191
133,199,22,112,27,47,59,177
131,181,19,109,26,47,62,159
129,162,15,105,27,47,59,140
125,143,12,102,27,47,58,123
121,124,9,100,27,47,56,102
117,104,6,97,27,47,53,85
112,85,3,94,27,47,50,67
109,66,0,92,27,47,47,47
105,49,-2,89,26,47,46,32
100,34,-4,87,27,47,42,19
95,21,-6,85,28,47,37,4
90,10,-8,83,30,47,32,-6
86,0,-10,82,32,47,32,-14
84,-7,-12,80,32,46,30,-21
82,-11,-12,79,32,45,29,-28
80,-13,-13,79,31,43,26,-29
77,-12,-13,79,31,42,24,-29
75,-10,-13,80,31,41,21,-26
74,-7,-13,81,32,42,21,-24
75,-3,-13,82,33,42,19,-20
76,3,-11,82,35,42,20,-12
76,11,-10,83,36,42,20,-4
77,19,-8,85,37,41,21,2
78,29,-7,88,36,40,21,12
79,39,-5,90,36,38,20,20
79,49,-3,91,36,37,20,30
82,59,-2,92,37,36,23,41
85,68,-1,94,39,36,23,48
88,77,-1,97,41,36,26,58
91,87,0,99,41,36,29,67
94,96,2,101,41,36,29,74
98,104,4,102,41,36,32,83
100,113,6,104,41,36,34,90
103,122,7,105,41,36,36,101
105,131,9,106,40,36,39,108
108,139,10,107,40,38,39,117
111,146,11,108,39,40,41,123
113,152,12,109,39,41,43,129
114,157,13,110,39,42,43,133
115,162,14,110,40,41,45,137
114,166,13,111,40,41,43,141
115,169,12,111,39,41,43,144
115,169,10,112,38,42,42,144
114,167,9,112,36,43,41,140
111,162,7,112,36,45,39,135
108,155,7,111,36,46,36,129
104,146,5,109,36,47,35,120
101,134,1,106,37,46,32,107
97,119,-1,103,37,46,29,93
93,101,-5,100,37,46,28,78
86,81,-8,96,36,46,23,56
79,57,-12,93,36,46,18,35
72,31,-17,91,35,46,13,8
66,2,-22,89,34,46,7,-19
61,-27,-28,84,33,46,3,-50
54,-58,-32,78,32,46,2,-78
46,-90,-36,71,32,46,-2,-107
38,-121,-42,66,32,47,-7,-137
28,-150,-47,61,32,47,-14,-166
20,-177,-52,57,32,46,-19,-191
14,-202,-56,54,32,45,-25,-216
10,-225,-59,51,32,43,-26,-236
5,-245,-63,47,31,42,-30,-257
0,-263,-66,44,31,42,-32,-273
-5,-277,-69,42,32,42,-37,-286
-11,-289,-70,40,33,42,-42,-300
-16,-294,-71,40,34,40,-47,-305
-20,-296,-72,41,36,38,-51,-306
-21,-294,-73,43,36,37,-54,-305
-22,-291,-74,44,38,36,-54,-303
-23,-285,-73,45,39,35,-56,-297
-25,-277,-72,46,40,32,-57,-289
-25,-266,-71,46,40,28,-58,-279
-24,-254,-68,49,40,26,-59,-268
-22,-240,-67,52,41,25,-58,-256
-20,-227,-66,56,43,23,-59,-244
-19,-212,-64,59,44,22,-61,-230
-17,-198,-62,62,45,21,-58,-217
-13,-185,-59,64,46,21,-57,-203
-9,-174,-57,65,48,20,-53,-194
-5,-162,-56,67,49,18,-51,-183
-3,-152,-54,68,50,17,-48,-173
0,-142,-54,69,49,16,-46,-162
1,-135,-52,70,49,14,-45,-155
4,-129,-51,71,49,13,-45,-150
7,-125,-50,72,51,11,-42,-146
10,-120,-48,73,53,10,-39,-141
13,-117,-47,74,54,11,-36,-139
16,-115,-47,75,53,11,-32,-136
19,-113,-47,74,52,11,-30,-135
21,-113,-48,74,52,11,-29,-135
21,-112,-48,75,52,12,-29,-134
21,-111,-46,75,52,11,-29,-131
23,-111,-44,75,53,10,-28,-130
25,-111,-43,74,53,7,-25,-131
27,-112,-41,73,54,6,-21,-130
29,-114,-41,73,54,6,-19,-130
28,-113,-42,73,54,6,-20,-133
27,-112,-43,72,54,6,-20,-131
26,-111,-43,72,54,6,-21,-130
26,-109,-43,72,54,6,-21,-129
27,-108,-42,73,54,6,-21,-128
28,-106,-40,72,54,7,-20,-124
29,-103,-39,71,54,6,-17,-122
30,-100,-37,71,53,4,-17,-118
31,-96,-36,71,54,3,-15,-113
32,-93,-34,72,54,2,-14,-109
35,-87,-33,72,54,1,-12,-104
36,-80,-31,72,53,0,-10,-96
39,-71,-30,72,53,-1,-9,-87
41,-61,-28,72,53,-3,-7,-79
44,-53,-26,74,54,-3,-4,-70
48,-44,-24,76,57,-3,-1,-61
52,-35,-21,76,58,-3,1,-52
54,-24,-18,76,58,-3,3,-40
56,-11,-15,77,58,-3,6,-28
59,1,-13,79,57,-4,7,-15
64,14,-10,82,57,-7,12,-2
69,26,-8,84,58,-8,14,8
75,39,-4,86,57,-8,19,23
80,53,0,86,57,-8,25,35
86,68,3,88,58,-8,28,51
92,83,6,90,59,-8,34,65
98,100,9,91,61,-8,39,84
105,118,14,93,62,-8,46,102
112,137,20,97,63,-8,52,119
120,157,25,100,62,-9,58,140
127,178,29,103,62,-10,62,162
135,201,35,106,62,-11,68,185
143,226,41,109,62,-12,75,209
151,252,46,113,64,-12,80,233
160,278,52,119,66,-12,89,260
170,306,57,123,67,-12,95,288
180,335,62,128,68,-12,101,314
190,366,68,133,67,-11,107,345
200,399,74,138,67,-10,115,377
209,431,81,143,67,-9,122,408
219,462,88,146,67,-8,130,439
228,492,94,150,67,-8,137,469
237,521,99,154,67,-7,142,496
244,550,103,160,67,-6,146,524
250,577,106,165,68,-4,150,549
256,601,109,170,68,-2,152,571
261,620,112,173,68,0,157,588
266,635,115,175,66,2,161,604
268,645,116,176,65,4,162,614
269,650,116,177,64,7,161,617
268,650,114,177,63,9,161,617
267,643,112,177,63,11,159,609
264,630,108,176,62,14,157,595
259,610,103,174,61,17,152,577
252,583,96,170,59,19,147,550
243,549,89,165,58,22,141,517
233,509,82,158,56,25,135,478
222,462,73,151,54,27,128,433
209,411,63,144,51,29,117,380
195,354,52,137,50,32,107,328
179,295,40,128,50,36,96,268
162,232,29,118,50,39,86,209
144,168,17,107,48,43,73,146
126,102,5,96,45,44,62,83
107,36,-7,87,43,46,48,18
88,-30,-18,79,41,48,35,-46
70,-95,-30,70,40,50,21,-108
52,-157,-41,61,40,51,8,-169
35,-214,-52,53,39,51,-3,-224
18,-267,-63,46,38,51,-17,-277
1,-315,-72,39,37,51,-30,-323
-14,-359,-81,31,37,51,-42,-366
-28,-397,-88,25,37,51,-52,-404
-41,-428,-94,19,37,51,-61,-434
-53,-452,-100,15,37,51,-69,-456
-63,-470,-105,14,36,51,-80,-474
-72,-482,-108,13,37,51,-89,-488
-80,-489,-111,13,38,50,-95,-495
-85,-490,-112,13,40,48,-100,-495
-89,-485,-111,14,41,46,-103,-490
-90,-474,-111,16,41,44,-107,-482
-91,-460,-109,18,41,43,-108,-468
-90,-442,-107,21,41,42,-111,-451
-90,-422,-104,25,42,41,-109,-434
-88,-400,-101,31,43,39,-111,-413
-85,-376,-98,35,44,38,-111,-389
-80,-350,-94,39,45,36,-108,-366
-73,-322,-90,43,45,36,-103,-338
-66,-296,-86,46,46,34,-100,-314
-60,-271,-82,50,46,33,-93,-289
-53,-248,-77,54,45,31,-91,-268
-47,-227,-73,58,45,31,-85,-246
-39,-205,-69,62,45,31,-81,-227
-31,-186,-65,65,45,31,-74,-206
-24,-168,-63,67,45,31,-69,-190
-17,-152,-61,69,46,31,-63,-175
-11,-137,-57,72,46,31,-58,-159
-6,-124,-54,74,45,31,-53,-147
0,-114,-50,75,44,31,-48,-136
6,-105,-47,75,42,31,-42,-128
14,-98,-45,74,41,31,-36,-119
21,-91,-43,74,40,31,-30,-113
27,-84,-40,75,40,31,-24,-104
31,-78,-38,76,39,31,-20,-98
35,-71,-35,77,37,32,-17,-91
40,-65,-32,77,36,32,-10,-84
46,-57,-28,77,35,32,-4,-75
51,-49,-25,77,36,32,1,-67
57,-38,-22,77,36,31,6,-54
61,-25,-18,78,36,32,9,-42
65,-11,-14,81,36,33,13,-28
70,2,-9,83,36,35,15,-13
76,17,-5,86,36,36,20,0
82,33,-1,88,35,37,25,18
89,53,2,89,32,37,31,37
95,75,6,91,31,37,36,58
101,99,11,94,31,37,41,81
107,122,15,98,31,37,45,103
113,146,18,102,31,37,50,126
119,170,23,106,31,37,52,150
125,195,27,110,31,37,56,174
132,219,31,113,31,36,61,196
137,242,34,116,32,37,65,219
143,263,38,119,31,39,69,239
148,282,40,121,30,40,73,258
151,300,43,124,28,42,73,274
155,315,45,126,26,42,75,289
158,327,47,127,26,42,79,300
161,336,49,130,26,43,81,310
164,340,50,130,27,45,84,314
166,340,50,131,27,47,83,314
166,337,49,129,25,49,86,311
166,331,48,128,23,51,85,306
164,321,46,127,22,52,85,294
161,306,43,126,22,52,83,280
157,288,40,125,22,53,79,262
153,267,36,122,21,56,75,242
149,243,32,118,19,58,74,218
145,218,27,115,18,61,72,196
140,192,22,111,18,62,69,170
134,166,16,107,18,62,64,144
127,137,12,102,18,64,61,117
120,108,8,97,18,65,57,89
113,79,4,91,17,67,53,62
106,53,1,86,15,68,50,37
99,29,-2,82,14,68,43,14
93,7,-6,79,13,67,41,-4
87,-12,-10,76,13,67,35,-25
80,-30,-13,73,13,68,31,-42
74,-45,-15,70,13,67,26,-56
68,-55,-17,69,14,67,21,-68
64,-63,-18,69,15,67,18,-75
62,-69,-19,67,16,68,18,-81
61,-73,-20,64,17,68,17,-84
60,-73,-21,63,17,68,17,-84
58,-69,-21,64,17,67,14,-80
56,-61,-20,67,17,65,9,-74
54,-52,-19,70,18,63,8,-65
54,-43,-18,73,19,62,6,-57
55,-32,-16,75,20,62,7,-47
57,-22,-15,77,21,62,6,-37
59,-10,-14,79,21,61,7,-26
61,2,-12,80,22,58,9,-15
64,16,-10,82,23,57,12,-1
67,29,-8,83,24,56,14,10
70,41,-7,85,24,57,14,21
72,50,-6,87,24,57,17,30
75,58,-7,90,25,57,17,37
77,65,-6,92,26,57,18,43
78,70,-5,93,27,56,17,48
79,74,-5,93,28,55,18,52
80,75,-5,93,27,55,18,53
81,73,-5,93,27,55,21,52
83,69,-5,91,27,56,24,48
83,64,-6,89,27,57,24,43
82,57,-7,89,28,57,23,36
80,48,-10,88,28,57,21,26
77,37,-11,87,28,57,19,17
75,24,-13,86,27,57,18,4
73,11,-15,84,26,57,18,-7
72,-2,-17,82,26,57,17,-21
69,-15,-20,80,26,57,15,-34
66,-28,-22,78,26,57,14,-46
61,-42,-23,74,26,58,10,-58
57,-56,-23,71,25,58,9,-72
54,-69,-25,69,24,58,7,-83
52,-81,-27,68,23,58,7,-93
49,-91,-30,67,22,58,2,-106
46,-101,-32,66,22,59,0,-114
43,-110,-32,65,23,58,-1,-123
40,-116,-33,63,23,57,-2,-128
39,-119,-33,61,23,57,-2,-130
38,-119,-34,60,22,57,-2,-131
37,-119,-35,59,22,57,-3,-131
36,-118,-35,60,23,57,-3,-130
35,-115,-34,60,24,57,-4,-128
35,-112,-33,61,25,57,-6,-124
35,-106,-32,62,25,57,-8,-119
36,-99,-31,63,26,55,-6,-112
37,-91,-29,64,27,53,-6,-106
38,-83,-28,66,27,52,-4,-96
40,-74,-26,68,27,51,-3,-87
43,-65,-25,69,27,52,-3,-79
46,-55,-23,70,27,52,0,-70
50,-45,-21,69,27,52,4,-61
53,-35,-19,70,27,52,7,-50
56,-24,-17,71,27,50,9,-40
59,-13,-14,74,28,48,10,-28
64,-3,-11,76,28,47,14,-18
69,7,-9,78,28,47,19,-8
74,18,-7,78,29,48,23,3
78,28,-4,79,30,49,26,13
82,39,-1,79,32,48,30,25
86,50,1,80,32,47,34,35
89,61,4,82,32,46,36,47
93,72,6,84,31,46,39,58
97,84,9,86,32,47,40,68
101,96,11,89,32,48,43,79
105,109,13,91,32,50,47,93
108,122,16,93,32,51,51,104
112,134,18,94,32,52,52,117
117,146,19,96,31,52,56,128
122,157,21,97,28,52,59,140
125,167,22,98,27,52,63,150
127,177,23,100,27,51,64,158
127,186,25,101,27,52,62,166
128,193,26,102,28,54,62,173
129,199,27,103,27,55,63,178
130,202,26,104,27,56,64,181
130,203,25,106,26,57,62,183
129,201,24,106,26,58,62,180
128,196,22,105,26,60,61,173
126,188,20,103,25,61,58,166
123,178,18,101,25,62,58,157
120,166,15,101,24,64,56,144
117,149,13,99,22,65,53,128
113,131,11,96,21,67,50,112
109,111,8,93,20,67,48,93
104,89,3,90,18,67,45,70
99,65,-2,87,18,68,41,46
94,39,-8,83,18,70,39,21
87,14,-13,80,19,72,32,-3
81,-10,-16,76,18,72,30,-26
74,-35,-20,73,17,72,24,-50
68,-59,-24,69,16,72,18,-74
62,-82,-27,66,15,72,15,-95
56,-103,-31,63,15,72,10,-115
51,-121,-33,61,15,72,9,-133
46,-135,-35,58,14,72,4,-146
43,-145,-37,55,14,72,4,-155
39,-151,-39,53,13,72,1,-162
36,-154,-40,52,14,73,-1,-164
35,-154,-41,52,14,72,-2,-164
35,-151,-41,53,15,71,-2,-162
36,-145,-40,54,15,68,-2,-157
37,-135,-38,57,15,67,-2,-148
38,-122,-36,59,15,67,-2,-135
40,-105,-33,61,17,67,-1,-118
42,-86,-31,63,18,67,-2,-101
45,-65,-27,66,18,67,0,-79
48,-43,-24,69,18,68,1,-59
52,-21,-20,73,18,67,3,-36
56,1,-16,77,19,65,4,-17
60,23,-14,80,21,63,8,3
65,44,-10,84,23,62,10,25
71,65,-6,87,23,61,15,43
76,84,-3,90,23,62,17,63
80,101,0,93,23,62,20,79
84,116,0,96,23,62,21,92
88,128,1,97,23,62,25,103
92,138,3,98,23,63,29,113
95,144,5,98,23,64,31,120
98,147,7,98,23,65,34,124
99,147,7,98,23,66,35,123
101,144,6,97,21,66,39,120
102,139,5,96,20,67,40,117
104,132,4,96,18,67,41,111
104,123,4,95,18,68,42,102
104,113,3,93,18,71,42,92
102,101,3,89,19,72,43,81
101,89,1,86,19,72,43,70
100,77,0,84,17,72,43,59
99,65,-1,83,15,72,43,46
99,53,-3,82,14,74,42,36
98,42,-5,80,13,76,45,25
97,31,-5,78,14,77,43,15
95,22,-5,75,14,78,43,7
94,16,-5,73,14,77,43,2
94,12,-6,72,14,77,43,-1
94,12,-5,73,13,77,43,-1
95,14,-4,75,10,77,45,1
96,19,-3,76,9,79,46,7
97,25,-1,76,9,79,46,13
99,36,0,77,9,80,47,23
101,50,3,77,9,81,48,37
104,66,7,79,10,82,51,52
108,84,11,81,10,83,56,70
114,104,14,85,10,82,58,89
118,125,18,88,9,83,61,111
122,148,21,91,7,83,63,131
127,173,25,95,6,82,67,157
132,199,29,98,7,82,70,180
138,225,34,102,7,83,73,207
144,249,37,106,8,84,75,229
149,272,40,110,7,86,80,250
155,292,43,115,5,87,83,268
159,312,45,119,4,87,85,289
163,329,48,122,4,88,85,303
166,343,50,124,5,89,89,317
168,352,52,126,5,90,90,328
169,358,54,127,5,92,91,333
170,361,54,127,5,93,91,335
170,358,52,125,4,94,91,333
170,351,50,124,2,96,91,324
169,341,47,124,0,97,91,314
167,326,44,123,0,98,89,299
163,307,42,120,1,99,86,281
158,283,38,116,1,101,84,257
153,256,33,110,0,102,83,233
148,227,27,105,-2,103,80,203
142,196,22,100,-3,104,75,175
136,162,17,95,-3,106,73,142
127,128,12,90,-3,107,68,111
119,94,7,84,-3,108,63,78
112,61,0,79,-2,108,59,46
106,31,-5,73,-3,107,53,15
100,3,-10,69,-3,107,52,-9
94,-21,-14,65,-4,108,47,-35
89,-43,-17,62,-5,109,45,-54
83,-61,-20,59,-4,110,39,-73
78,-73,-23,57,-3,109,36,-84
73,-79,-24,56,-2,108,32,-90
71,-81,-25,55,-2,107,30,-91
70,-77,-25,56,-3,108,30,-87
71,-68,-23,57,-3,107,30,-79
71,-54,-21,59,-3,106,29,-67
73,-34,-17,62,-1,104,29,-46
75,-9,-13,65,0,102,29,-24
80,19,-9,70,1,102,34,4
86,51,-5,75,1,102,36,34
92,85,0,82,1,102,39,64
98,122,5,89,2,101,39,101
104,159,11,96,4,99,42,137
113,197,18,101,5,97,48,174
122,232,23,106,6,97,53,206
130,267,29,111,6,97,59,240
137,299,34,116,5,97,65,272
144,328,40,120,5,97,69,301
151,353,44,125,5,97,72,323
156,372,46,129,6,97,74,340
161,385,48,133,5,97,79,352
166,395,50,135,5,97,80,365
169,401,52,136,5,99,83,369
170,403,54,136,6,100,85,371
171,398,53,134,6,101,87,367
172,387,52,132,6,102,87,356
172,371,49,129,4,104,90,343
172,351,46,127,2,105,91,322
170,329,43,124,1,107,90,302
167,306,38,120,1,109,90,278
162,280,33,115,1,110,87,255
156,251,29,109,0,112,85,227
150,220,26,104,-1,114,81,197
144,189,21,100,-2,115,76,169
138,158,15,97,-3,117,74,139
132,130,9,93,-2,118,69,111
125,103,3,88,-3,119,65,84
117,77,0,83,-5,119,58,58
108,51,-4,78,-7,119,53,35
101,30,-9,74,-7,119,50,13
95,11,-13,72,-7,121,45,-3
88,-4,-17,70,-7,122,39,-20
80,-20,-19,68,-7,122,31,-35
73,-34,-21,65,-7,121,28,-48
67,-45,-24,62,-7,119,21,-61
61,-52,-26,61,-7,118,17,-68
56,-57,-28,61,-7,118,12,-72
50,-62,-30,61,-6,117,7,-79
46,-67,-32,62,-5,117,3,-83
42,-71,-33,61,-4,118,-2,-87
39,-73,-35,61,-3,118,-4,-91
35,-75,-37,62,-3,117,-8,-93
33,-77,-39,62,-2,115,-9,-95
31,-79,-40,61,-2,114,-12,-100
29,-83,-41,61,-2,112,-13,-102
27,-85,-41,60,-3,112,-14,-104
25,-89,-41,60,-3,112,-17,-108
22,-94,-41,60,-3,111,-19,-113
21,-101,-43,59,-1,109,-20,-119
19,-108,-43,58,0,107,-21,-125
18,-113,-44,57,1,107,-23,-130
18,-119,-45,57,2,107,-20,-135
18,-125,-46,56,1,108,-20,-141
18,-133,-47,55,1,107,-20,-148
17,-141,-48,54,1,106,-21,-156
17,-148,-49,53,1,104,-21,-162
16,-151,-50,53,0,102,-21,-167
16,-154,-51,52,1,102,-21,-169
16,-156,-52,51,2,102,-21,-172
18,-159,-52,50,4,102,-20,-174
19,-159,-52,49,5,101,-17,-174
20,-157,-50,48,6,98,-17,-170
20,-153,-47,48,6,97,-14,-167
21,-147,-46,49,5,97,-14,-161
24,-139,-45,50,5,97,-12,-153
27,-130,-44,51,6,97,-10,-144
28,-119,-42,52,5,96,-8,-134
30,-107,-39,53,5,93,-7,-122
32,-93,-36,54,5,92,-6,-108
36,-80,-33,56,5,92,-2,-95
41,-66,-30,57,7,92,1,-80
46,-50,-27,60,9,93,6,-65
50,-33,-24,62,10,92,7,-51
54,-17,-21,65,10,90,9,-32
57,0,-19,67,10,88,10,-18
61,14,-17,70,10,87,14,-4
66,28,-13,73,9,87,18,10
71,42,-9,76,10,87,19,23
76,56,-6,77,10,87,24,39
81,70,-2,78,10,87,28,51
86,84,0,78,10,87,35,65
89,95,1,79,10,87,37,76
92,105,3,81,10,87,37,85
95,113,5,83,10,87,40,95
98,120,7,85,9,86,43,101
101,125,7,86,10,85,46,106
104,129,7,86,11,84,48,109
106,131,7,85,12,85,51,112
108,133,8,85,12,84,52,113
109,134,9,86,11,83,53,114
111,134,11,86,11,82,54,117
112,134,12,87,11,82,56,117
112,132,12,86,13,82,56,114
112,128,10,84,14,82,56,111
111,123,10,83,15,82,54,104
112,119,9,83,14,82,56,101
112,116,10,83,14,82,58,100
112,113,10,82,14,82,58,97
112,108,10,81,14,82,58,93
110,104,8,79,14,82,57,86
109,99,7,78,14,82,56,83
108,95,7,79,14,83,54,79
106,91,7,79,14,82,53,75
104,89,7,79,15,80,51,73
103,86,6,77,18,78,50,70
102,84,5,76,19,77,52,68
101,81,3,75,19,76,51,65
99,78,3,75,19,77,50,63
97,76,3,75,18,77,47,61
95,74,4,75,19,77,46,59
94,72,4,75,20,75,45,57
95,70,3,74,22,73,46,56
95,67,1,73,24,72,46,53
96,64,0,72,24,71,46,48
95,62,0,72,23,72,46,47
94,61,0,72,23,72,45,46
94,60,0,72,24,72,45,45
93,58,0,72,25,72,45,42
93,56,0,72,25,71,45,40
93,53,0,72,26,71,43,39
93,51,0,71,27,71,45,36
94,51,0,70,28,71,45,36
94,50,-1,70,28,72,47,36
94,50,-2,69,28,72,47,36
94,50,-2,70,28,71,45,36
94,51,0,71,28,69,46,36
96,51,0,72,28,68,47,36
97,53,1,71,28,68,48,40
97,54,2,71,28,69,51,41
97,56,1,71,28,71,50,42
97,59,0,72,28,72,47,43
97,64,0,72,28,72,47,48
98,69,1,73,28,71,48,53
99,74,3,73,28,69,48,59
101,79,6,72,28,68,53,64
102,84,7,72,28,68,54,70
104,90,7,73,28,69,56,76
105,97,7,76,28,71,54,80
105,102,7,79,28,72,52,85
105,107,7,79,28,72,52,89
105,110,7,79,28,71,52,92
106,115,8,79,28,71,52,96
106,119,10,80,28,71,53,102
108,121,11,82,28,72,54,104
108,122,11,82,28,72,54,106
108,122,11,82,28,71,54,106
109,122,11,82,28,71,54,106
109,121,11,82,28,72,56,104
109,119,11,82,28,73,56,102
109,115,11,82,28,75,56,98
108,110,10,81,29,76,54,95
107,105,8,79,28,77,53,89
105,101,7,78,27,76,52,84
105,97,6,77,25,76,52,80
104,91,5,76,25,76,53,75
104,85,4,75,25,76,53,69
104,79,2,74,25,76,53,64
104,73,1,73,24,78,53,58
103,68,0,72,24,80,52,52
101,65,0,72,23,81,51,48
100,61,0,72,24,82,50,45
98,57,0,71,24,82,48,42
97,54,-1,70,24,81,51,40
97,52,-3,68,24,81,50,37
97,50,-3,68,22,81,50,35
96,49,-3,68,21,83,48,34
94,49,-3,69,19,85,47,35
94,51,-3,68,19,86,47,36
94,55,-3,68,19,87,47,40
94,58,-3,68,20,87,47,42
94,61,-4,69,19,86,45,45
93,63,-4,70,19,86,43,47
92,65,-5,71,19,87,42,46
90,67,-6,71,20,88,41,48
89,69,-6,72,20,88,37,50
89,70,-6,72,19,88,37,51
88,70,-6,72,18,89,37,51
88,68,-6,72,16,90,37,50
88,65,-7,71,15,91,39,46
88,62,-8,70,14,92,39,43
87,59,-10,69,15,92,39,41
86,55,-11,68,15,91,37,37
84,50,-12,67,15,91,36,30
83,42,-13,65,14,92,35,24
82,33,-14,65,15,93,36,15
80,24,-16,64,15,95,35,7
77,13,-17,62,15,96,32,-2
74,2,-18,61,15,97,30,-12
71,-8,-19,60,14,97,28,-25
68,-19,-21,58,11,97,25,-35
65,-30,-23,57,10,97,25,-45
62,-40,-25,55,10,97,23,-54
60,-50,-27,54,10,97,20,-63
57,-60,-28,53,10,97,18,-74
55,-69,-29,51,10,97,15,-83
52,-77,-30,50,10,97,15,-90
49,-84,-31,49,10,97,13,-96
47,-91,-33,48,10,97,10,-103
46,-97,-34,47,10,97,10,-108
45,-102,-35,46,10,97,9,-114
44,-104,-34,45,10,97,12,-114
43,-105,-33,44,10,97,10,-115
42,-104,-33,43,10,97,9,-114
41,-101,-33,44,10,97,8,-112
40,-98,-33,43,10,97,8,-109
41,-94,-31,44,10,96,8,-106
42,-89,-29,44,10,95,9,-98
44,-81,-28,46,10,94,10,-92
47,-72,-27,47,10,93,13,-84
49,-61,-26,48,10,93,13,-73
52,-48,-24,50,10,93,15,-62
56,-34,-22,51,10,93,18,-46
61,-20,-20,54,10,92,23,-32
66,-5,-18,57,10,92,25,-20
69,8,-15,60,10,92,28,-7
72,24,-12,62,10,92,28,9
75,41,-10,64,10,92,30,24
80,58,-7,66,10,92,35,40
85,75,-4,70,10,92,36,58
90,93,0,72,10,92,40,75
94,112,2,75,10,92,43,93
100,128,5,76,10,92,48,108
105,143,7,79,10,92,52,123
110,157,10,80,10,92,56,137
114,170,11,83,10,92,58,150
117,184,14,84,10,92,59,162
121,196,16,86,10,92,63,173
125,206,17,87,10,92,65,184
128,213,18,88,10,92,69,191
130,219,18,88,10,92,72,197
131,223,19,89,10,92,72,200
132,224,21,90,10,93,73,201
133,224,22,91,10,95,70,201
134,221,22,91,9,97,72,198
136,218,21,91,7,97,74,196
136,213,19,90,5,97,76,191
136,205,18,88,5,99,76,184
136,195,18,86,6,100,76,175
135,185,18,83,6,102,78,166
133,173,17,80,6,102,79,155
131,160,15,79,4,102,76,142
129,146,13,77,2,102,75,128
126,133,11,76,1,102,73,115
124,120,9,74,1,104,74,103
123,107,8,71,1,106,73,92
121,96,7,67,0,107,73,81
119,84,5,63,-1,107,74,72
118,74,4,62,-3,108,73,62
116,65,3,61,-3,109,72,54
114,58,2,61,-3,111,70,48
113,54,1,60,-2,112,69,41
112,51,1,58,-2,113,70,41
111,51,3,57,-3,112,69,41
111,54,5,56,-4,112,69,45
111,60,6,57,-6,112,69,52
112,67,6,58,-7,113,70,56
114,75,6,60,-8,114,72,63
115,86,7,61,-7,115,70,73
116,99,10,63,-7,115,72,87
118,115,13,64,-7,115,73,101
120,131,16,66,-7,115,74,118
123,148,18,69,-7,116,74,134
127,165,18,73,-7,117,78,150
131,182,19,76,-7,118,79,166
134,200,21,79,-7,118,81,181
136,218,25,81,-7,117,80,198
138,234,28,84,-7,117,81,216
140,249,31,86,-7,118,84,229
143,263,32,88,-7,118,84,241
147,276,33,89,-7,117,87,253
150,287,34,90,-7,117,90,263
152,296,35,90,-7,118,91,274
154,303,37,92,-7,119,92,280
155,307,38,93,-7,119,93,284
155,310,39,94,-7,120,92,286
156,309,38,95,-7,121,92,285
156,304,37,95,-7,122,93,281
156,297,35,94,-7,122,92,273
155,286,33,94,-7,122,92,263
152,273,31,93,-7,122,90,251
149,259,28,91,-7,122,87,235
146,243,25,88,-6,122,86,222
142,226,22,85,-7,124,84,206
138,206,20,84,-8,126,80,185
133,183,17,83,-9,128,76,163
127,158,13,80,-10,128,70,139
120,132,9,75,-10,127,67,115
113,107,4,70,-10,127,64,90
106,81,0,65,-11,128,61,67
99,54,-4,61,-11,129,54,39
93,26,-9,56,-11,130,51,13
86,-1,-14,52,-11,130,47,-13
79,-28,-19,48,-11,131,42,-41
72,-54,-24,43,-11,132,37,-64
65,-79,-28,39,-11,133,34,-90
58,-103,-32,36,-11,133,28,-111
52,-126,-37,33,-11,132,23,-134
46,-146,-41,31,-11,131,18,-156
40,-166,-44,27,-11,130,15,-173
34,-182,-47,23,-11,130,12,-189
28,-197,-50,20,-11,128,7,-203
25,-209,-51,18,-11,128,4,-216
21,-219,-53,17,-10,127,3,-224
19,-225,-54,16,-9,128,1,-230
17,-229,-55,15,-9,127,0,-234
14,-230,-55,14,-8,126,-2,-234
13,-229,-55,15,-7,124,-3,-234
12,-226,-54,16,-7,122,-4,-230
12,-220,-54,16,-7,122,-4,-225
13,-212,-53,17,-7,122,-3,-218
15,-202,-51,18,-7,121,-4,-208
17,-189,-49,20,-7,119,-3,-195
19,-174,-47,22,-5,118,-1,-181
22,-157,-44,25,-4,117,1,-166
26,-139,-41,27,-3,115,2,-147
32,-120,-37,31,-2,114,7,-130
39,-101,-34,34,-2,113,10,-112
44,-82,-30,37,-1,112,15,-92
48,-62,-28,39,0,111,17,-74
52,-42,-25,42,1,108,19,-53
57,-22,-21,45,1,107,23,-35
62,-2,-18,49,1,107,26,-14
68,16,-14,52,1,107,31,2
74,35,-12,54,3,107,34,19
79,51,-9,56,4,106,37,36
83,67,-7,59,6,103,42,51
88,79,-3,62,6,102,43,62
92,90,-1,64,6,101,47,74
95,101,0,65,6,102,50,84
97,109,1,66,6,102,52,92
100,117,2,68,6,101,51,98
102,122,2,69,6,101,53,103
103,125,2,70,6,100,54,106
104,126,2,69,5,101,56,107
107,125,3,69,5,100,58,106
109,122,3,68,5,99,59,103
110,117,2,67,7,97,63,98
109,111,1,66,9,97,63,93
108,104,0,65,10,97,62,87
107,96,0,65,10,97,61,80
106,87,-1,64,9,97,59,72
104,78,-2,62,8,97,58,62
103,68,-3,60,9,97,59,52
101,59,-5,58,10,97,58,43
100,48,-6,57,10,97,57,34
98,37,-7,56,10,97,56,24
96,27,-7,54,10,97,56,14
93,18,-8,51,10,97,53,6
90,8,-10,49,10,97,53,-2
87,0,-11,48,10,97,51,-10
85,-9,-12,47,10,97,50,-19
84,-17,-13,46,10,95,48,-28
82,-23,-14,45,10,93,47,-34
79,-28,-16,44,10,92,46,-37
77,-31,-17,43,9,92,45,-41
75,-34,-18,42,10,92,43,-43
75,-36,-18,42,11,92,42,-46
74,-37,-18,42,13,92,41,-46
73,-37,-18,42,14,90,41,-46
72,-36,-18,42,15,88,40,-46
72,-34,-18,41,16,86,40,-43
72,-32,-18,42,17,86,40,-42
72,-29,-17,43,18,87,40,-39
73,-24,-15,44,18,87,39,-35
73,-18,-14,45,19,85,39,-29
74,-11,-14,45,19,83,39,-23
74,-6,-14,45,19,82,39,-18
75,-2,-14,46,21,81,40,-14
76,2,-12,47,22,82,40,-8
77,6,-11,48,24,82,41,-4
78,12,-10,48,24,80,42,1
80,17,-10,50,24,78,43,6
81,22,-9,52,23,76,42,9
82,27,-9,53,23,76,43,14
83,31,-8,53,25,76,45,18
86,34,-7,52,27,77,46,20
88,36,-7,52,28,76,48,23
90,36,-6,52,29,75,51,23
91,37,-6,53,28,73,51,24
90,39,-5,54,28,72,51,28
91,39,-4,54,28,71,51,28
92,39,-4,54,28,71,52,28
93,39,-3,55,28,72,53,28
94,39,-3,55,28,72,54,28
93,39,-3,55,28,72,53,28
93,38,-4,54,28,71,53,26
93,37,-5,54,29,71,53,25
95,36,-5,54,30,71,56,25
97,36,-4,54,29,71,57,24
98,35,-4,54,29,71,58,24
98,36,-3,55,29,71,58,24
98,36,-3,55,30,71,58,25
100,38,-3,55,31,71,59,28
102,42,-3,54,32,71,61,30
103,46,-2,53,33,70,62,34
104,51,-1,53,33,69,64,39
104,56,0,52,33,68,65,46
104,62,1,54,33,67,65,51
106,69,2,56,33,66,64,57
108,78,3,59,32,66,67,65
110,87,5,61,33,66,65,74
112,97,7,61,33,66,68,83
114,106,10,61,33,66,70,93
116,116,11,61,33,66,73,103
118,128,12,63,32,66,74,113
120,140,14,65,33,66,74,124
122,153,17,68,34,66,76,139
124,164,19,70,36,66,78,148
127,174,22,72,37,66,78,158
129,184,23,73,38,66,79,169
132,194,24,74,38,66,81,178
133,204,25,75,37,66,83,187
136,212,27,76,38,66,85,195
138,219,28,77,38,66,86,201
139,226,28,78,38,66,85,207
140,231,29,78,36,66,86,212
141,234,30,79,36,65,87,216
142,237,32,80,35,66,87,219
142,237,32,81,34,68,87,219
143,236,32,81,33,70,89,219
143,234,31,81,33,71,89,217
144,231,31,79,33,71,90,214
144,225,29,78,33,71,90,207
143,217,27,76,32,72,91,200
141,208,25,75,30,75,90,191
139,197,22,74,28,76,87,179
138,185,19,72,28,76,87,168
135,172,17,70,28,76,85,156
132,159,15,67,28,78,85,144
127,144,13,64,28,80,80,129
123,129,10,61,27,81,79,114
120,114,7,59,26,81,76,98
118,97,4,58,25,81,75,84
115,79,1,56,24,81,73,67
111,62,-1,53,24,83,72,48
105,46,-3,50,24,85,65,34
100,31,-5,47,24,86,64,20
97,17,-8,44,23,87,62,8
94,4,-11,41,21,86,62,-6
91,-9,-14,39,19,86,59,-19
87,-23,-15,38,19,86,56,-31
84,-35,-16,37,19,87,53,-42
81,-46,-18,35,20,88,50,-54
77,-56,-21,32,20,89,50,-63
73,-62,-22,31,20,88,45,-69
70,-68,-22,31,19,87,42,-74
68,-73,-22,31,19,86,41,-79
67,-77,-21,32,19,86,40,-83
66,-79,-22,32,19,86,40,-85
65,-79,-22,31,19,87,39,-85
64,-77,-22,31,19,87,37,-83
65,-73,-22,32,19,86,37,-79
65,-68,-21,32,19,86,39,-74
66,-62,-20,34,19,86,39,-69
67,-56,-18,35,19,86,40,-64
69,-49,-17,36,19,86,40,-57
72,-40,-16,37,19,86,41,-47
74,-31,-14,39,19,86,43,-39
76,-21,-12,40,19,87,46,-29
78,-9,-10,43,20,86,45,-19
79,2,-7,45,21,86,46,-6
82,15,-5,46,21,85,47,6
85,28,-4,48,20,84,51,18
89,40,-3,49,20,85,52,29
93,51,0,51,20,86,54,41
94,63,1,53,23,86,56,52
96,74,4,55,25,86,57,62
98,85,5,57,24,86,57,72
101,94,6,58,23,86,59,80
103,102,6,60,22,86,62,87
105,109,7,61,21,86,63,95
106,117,9,62,21,86,64,103
108,123,9,63,20,86,63,109
109,127,8,64,19,86,64,111
110,128,6,65,19,87,65,112
110,127,5,64,19,88,65,111
109,124,4,63,20,90,64,107
108,120,3,61,20,91,63,104
105,114,2,60,19,91,61,98
103,106,0,59,18,92,59,89
101,95,-1,57,17,93,59,79
99,82,-4,54,15,95,58,67
96,67,-7,52,14,97,56,51
92,51,-10,50,13,97,54,36
87,34,-13,48,12,97,51,19
82,14,-16,46,10,98,46,1
78,-6,-19,43,10,101,42,-18
73,-28,-22,39,10,102,41,-40
68,-50,-26,34,11,102,39,-61
62,-72,-30,31,11,101,34,-83
56,-95,-35,27,10,101,30,-104
50,-119,-39,23,9,103,28,-128
45,-144,-43,19,7,105,23,-151
39,-167,-47,16,6,107,19,-174
34,-190,-52,13,6,107,17,-195
29,-211,-56,11,6,107,13,-217
24,-230,-59,9,4,107,8,-234
20,-247,-61,7,3,107,4,-252
15,-264,-62,3,1,107,2,-268
10,-280,-64,1,1,107,1,-283
6,-294,-65,0,1,107,-2,-295
2,-305,-67,-1,1,107,-6,-305
0,-314,-68,-2,1,107,-7,-313
-1,-320,-68,-3,1,107,-8,-318
-2,-324,-69,-3,1,107,-9,-324
-3,-325,-69,-3,1,108,-10,-325
-5,-322,-68,-3,1,107,-12,-321
-6,-318,-68,-2,1,106,-13,-317
-6,-311,-66,-1,2,104,-14,-311
-5,-303,-64,0,3,102,-13,-303
-3,-293,-62,2,2,102,-14,-294
-2,-282,-61,3,3,102,-13,-281
0,-270,-59,5,4,103,-12,-272
0,-257,-57,7,6,102,-9,-258
3,-241,-55,8,6,101,-8,-245
7,-224,-54,10,6,98,-6,-229
12,-207,-51,13,6,97,-2,-211
18,-190,-47,16,5,97,0,-195
22,-172,-43,19,5,97,3,-177
26,-155,-40,21,5,98,7,-161
30,-137,-38,23,6,97,7,-145
34,-120,-37,26,7,96,10,-129
39,-102,-35,28,9,93,15,-111
43,-85,-32,31,10,92,17,-95
47,-70,-30,33,10,91,20,-81
51,-56,-28,36,10,92,21,-69
56,-43,-27,38,10,92,25,-54
61,-29,-25,40,10,92,29,-42
65,-16,-21,41,10,92,32,-29
69,-4,-18,42,10,92,36,-17
73,5,-15,43,10,92,40,-7
77,12,-16,46,10,92,41,-1
79,19,-16,48,10,92,41,4
81,25,-16,49,10,92,42,10
83,31,-13,49,10,92,47,15
86,36,-11,48,10,92,48,23
88,39,-10,48,10,92,51,25
90,42,-10,48,10,92,52,29
91,43,-11,48,10,92,53,29
93,44,-11,48,10,92,54,30
94,43,-11,48,10,92,56,29
94,41,-11,48,10,92,57,28
94,39,-10,47,9,92,56,25
93,36,-9,47,7,92,56,23
93,35,-8,46,5,92,58,21
92,32,-8,45,5,92,57,19
90,29,-9,44,5,92,56,17
90,25,-10,42,5,92,54,13
88,19,-11,41,5,92,56,7
87,14,-12,41,5,92,56,2
86,9,-10,40,5,92,53,-1
84,4,-9,39,5,92,52,-3
83,0,-8,38,5,92,53,-7
81,-3,-8,36,5,92,52,-10
80,-7,-10,36,5,92,51,-14
79,-11,-11,37,5,92,51,-20
79,-15,-12,37,5,92,50,-24
78,-19,-12,36,5,92,50,-28
76,-23,-12,35,5,92,47,-31
74,-25,-11,34,5,92,46,-31
73,-27,-12,33,5,92,45,-35
73,-29,-14,32,5,92,47,-37
72,-32,-15,31,5,92,47,-40
72,-34,-15,31,5,92,46,-41
71,-36,-16,32,5,92,46,-43
71,-37,-16,32,5,92,43,-45
72,-36,-16,33,5,92,43,-43
72,-36,-16,32,7,92,45,-42
72,-34,-15,32,7,93,46,-41
71,-32,-15,31,8,92,46,-40
71,-31,-15,31,7,91,46,-39
73,-29,-16,31,7,89,47,-37
75,-27,-16,32,8,87,46,-35
75,-23,-17,35,9,87,47,-31
75,-19,-16,37,10,87,45,-28
75,-14,-15,39,10,87,45,-24
76,-10,-15,38,10,87,45,-20
78,-6,-15,38,10,87,47,-15
80,-1,-15,38,10,87,48,-12
83,4,-14,39,10,87,51,-6
84,10,-12,41,10,87,52,0
85,17,-11,41,10,87,52,4
85,22,-11,41,10,87,52,9
86,27,-11,41,10,87,53,14
88,32,-10,42,10,87,53,19
91,37,-9,43,10,87,56,24
93,43,-7,44,10,87,57,31
94,49,-5,45,10,87,58,36
94,53,-3,46,10,87,58,40
96,57,-3,46,10,87,61,45
99,62,-4,48,10,87,63,48
101,68,-4,49,10,87,62,54
102,73,-3,49,10,87,65,59
103,77,0,49,10,87,67,64
104,79,1,49,10,87,67,67
106,82,1,49,10,88,68,69
106,85,1,49,10,90,69,72
106,88,2,50,10,90,69,74
106,90,4,50,10,90,69,79
108,93,6,50,10,90,70,81
109,94,6,51,9,90,72,83
111,95,6,51,9,91,73,84
112,97,5,51,8,92,74,85
112,99,5,51,8,92,74,87
113,102,6,51,8,92,75,90
114,103,6,50,9,92,75,91
115,103,5,51,9,92,76,91
114,102,6,51,9,92,76,90
115,102,7,52,9,92,76,90
116,103,9,53,9,92,78,91
117,104,10,53,9,92,79,93
118,105,11,53,8,92,79,95
118,106,10,53,7,93,79,96
118,109,10,53,5,92,79,98
119,111,10,53,4,91,80,101
120,112,11,52,6,89,81,101
120,112,11,53,8,87,81,101
120,111,10,53,10,86,81,101
120,112,9,54,10,87,81,98
121,114,9,54,10,87,79,101
122,116,9,54,10,87,80,103
122,118,9,54,10,87,83,104
122,119,9,54,10,87,83,106
121,120,9,54,10,87,81,106
120,121,9,54,10,88,79,107
119,122,9,54,9,87,80,108
120,123,9,54,10,86,80,109
121,124,9,54,11,83,81,109
122,124,9,54,13,82,83,111
123,125,10,54,14,82,81,111
123,125,9,54,15,82,84,111
122,125,9,54,14,82,83,111
121,124,9,54,14,82,81,111
119,122,10,54,14,82,78,108
119,120,10,54,14,82,78,107
119,118,9,54,16,82,80,104
118,116,8,53,18,82,79,103
117,115,7,52,19,82,78,102
115,113,5,51,20,81,76,100
114,110,5,51,19,82,75,97
114,107,6,51,19,82,75,93
114,103,6,51,19,82,75,91
113,101,4,50,19,82,75,89
112,97,2,49,19,82,74,84
111,93,0,49,19,81,73,80
110,89,0,50,19,80,72,75
108,84,0,50,19,79,70,70
106,79,0,50,19,78,69,67
105,74,0,48,19,77,68,62
104,69,0,47,19,77,67,58
104,66,-2,46,18,76,67,54
103,63,-3,44,19,77,68,52
101,59,-3,42,19,77,67,48
99,55,-4,41,19,78,65,42
97,51,-4,41,19,79,64,39
97,48,-4,41,18,78,64,36
97,45,-4,41,19,77,64,34
97,43,-4,41,20,76,63,31
97,40,-4,41,22,76,63,29
95,40,-4,41,24,77,62,29
95,39,-4,41,24,77,62,28
95,40,-5,40,24,75,62,29
95,40,-6,39,23,73,64,29
95,40,-5,40,23,72,62,29
95,40,-4,41,23,71,62,29
95,40,-4,41,24,72,62,29
95,40,-4,41,23,73,62,29
95,39,-4,41,23,74,62,28
95,40,-4,41,23,73,62,29
97,40,-4,41,23,72,63,29
98,42,-4,41,23,72,64,30
98,43,-4,41,23,72,64,31
99,45,-4,41,23,72,65,34
100,48,-4,41,24,72,65,36
101,51,-4,41,23,72,67,39
102,54,-3,42,23,72,68,43
103,55,-3,42,23,71,68,45
102,56,-2,43,24,72,68,46
102,57,-1,43,24,73,68,47
102,59,-1,44,23,75,68,48
103,61,0,44,22,76,69,51
104,63,0,44,22,77,69,52
104,64,-1,44,22,77,69,53
103,65,-1,44,22,76,68,54
102,66,-1,44,21,76,68,54
102,67,0,44,19,77,68,56
102,67,0,44,18,77,68,56
102,67,-1,44,19,77,68,56
102,66,-1,44,19,77,68,54
103,65,-1,44,19,77,68,54
103,64,0,44,19,76,69,52
103,61,0,44,19,77,69,51
103,59,-1,44,19,78,68,48
102,57,-1,43,19,80,68,47
102,56,-2,43,19,82,68,45
102,54,-3,43,19,82,68,43
102,51,-3,42,19,82,68,41
102,48,-4,41,19,82,68,36
102,46,-4,41,19,82,68,34
102,44,-4,41,19,82,68,32
101,43,-4,42,19,82,67,31
100,41,-4,41,19,82,67,30
101,39,-3,40,19,82,69,30
102,38,-2,38,18,80,70,29
103,36,-1,38,18,78,72,28
104,35,0,37,17,77,74,26
103,35,-1,37,18,78,74,26
102,36,-1,37,18,79,70,28
102,38,-1,37,19,78,73,29
103,39,-1,37,19,77,73,30
104,41,0,39,19,77,72,32
105,44,0,40,19,77,73,37
106,47,1,40,19,77,74,40
107,51,3,40,18,77,75,43
108,56,6,39,19,76,78,50
110,62,7,39,20,75,79,56
112,68,8,41,22,74,80,62
114,75,9,43,23,73,80,68
117,82,10,44,24,72,83,74
120,90,13,45,24,72,86,84
122,99,15,46,23,72,87,92
124,109,16,46,23,72,89,101
126,119,17,48,23,72,90,111
128,129,18,49,23,72,92,119
130,139,20,51,24,72,92,129
132,149,22,52,25,72,93,140
134,158,23,53,25,71,95,148
136,167,24,54,25,71,97,156
139,175,24,54,24,72,100,163
143,182,25,55,23,73,102,170
146,190,27,57,23,75,106,177
149,197,28,58,24,76,106,186
151,204,30,59,24,77,107,192
152,210,30,60,24,78,108,198
153,216,30,60,24,79,109,203
154,220,31,60,24,79,111,207
156,223,32,61,24,80,112,209
158,225,33,62,22,81,114,212
159,227,34,63,21,81,115,213
160,227,34,64,19,82,115,213
159,226,34,63,19,83,115,213
160,225,35,62,19,85,115,212
161,223,35,61,19,86,117,212
163,221,36,61,18,87,118,211
164,219,37,61,18,88,119,208
163,217,37,59,17,90,120,207
163,215,37,58,16,91,120,205
162,212,36,56,15,92,123,202
163,208,36,54,15,91,123,198
164,205,36,53,14,91,124,195
165,202,36,53,15,92,124,194
165,201,37,52,14,93,126,192
166,202,37,52,13,95,128,192
166,202,37,53,12,95,126,194
167,203,38,54,11,95,126,196
168,205,39,55,10,95,128,197
168,207,40,55,10,96,128,200
168,210,42,55,10,97,128,203
170,216,43,56,10,97,129,208
171,222,44,57,10,97,130,213
173,230,45,57,10,97,131,223
174,239,47,58,10,97,133,231
176,249,49,59,10,97,134,241
178,259,51,61,10,97,136,250
181,269,52,63,10,97,136,261
184,281,53,66,10,97,139,272
186,293,54,68,10,97,137,283
187,306,56,70,10,96,139,295
188,320,57,72,12,97,140,308
190,334,60,73,14,98,141,321
192,346,62,75,15,100,140,334
193,357,65,78,16,101,141,344
195,367,66,81,16,102,140,354
194,378,66,84,14,101,140,362
194,387,66,86,14,101,136,372
194,396,66,86,14,102,136,379
195,402,66,86,14,103,137,385
196,406,66,86,14,104,139,388
196,408,65,86,12,106,139,388
195,408,64,88,11,108,135,388
193,405,63,90,10,110,134,385
191,399,63,89,11,111,131,379
188,390,62,88,11,111,129,372
186,379,58,87,11,112,128,360
184,366,55,86,10,113,125,347
180,351,51,86,8,115,123,332
176,333,48,83,7,117,119,314
169,312,44,79,6,118,115,294
162,288,39,74,5,120,111,271
156,261,33,69,3,122,107,244
150,233,27,65,2,123,102,217
143,203,20,62,2,125,98,187
135,172,14,58,2,126,92,156
126,137,8,53,1,126,86,123
118,101,2,48,0,127,79,86
108,63,-3,42,-1,128,73,52
98,25,-9,37,-2,130,67,14
89,-14,-15,31,-2,132,62,-23
79,-55,-22,25,-3,132,54,-62
68,-95,-29,18,-4,132,48,-102
58,-135,-37,11,-6,132,42,-140
48,-174,-44,5,-7,132,34,-178
38,-213,-50,0,-7,132,28,-213
29,-250,-56,-5,-6,132,21,-250
20,-286,-62,-10,-6,132,17,-285
10,-320,-68,-16,-6,132,8,-318
1,-353,-74,-21,-6,132,2,-349
-7,-384,-80,-26,-6,132,-2,-379
-13,-413,-84,-29,-6,133,-7,-407
-19,-437,-88,-33,-7,132,-10,-430
-26,-458,-90,-38,-6,130,-13,-449
-32,-476,-93,-42,-5,129,-17,-466
-39,-491,-95,-45,-4,127,-23,-482
-44,-503,-98,-46,-4,127,-28,-493
-49,-512,-101,-45,-3,127,-31,-502
-53,-516,-102,-46,-2,126,-35,-507
-55,-517,-103,-46,-2,123,-36,-509
-56,-516,-102,-46,-2,122,-37,-507
-57,-511,-101,-45,-1,122,-39,-502
-57,-502,-100,-44,0,122,-41,-491
-57,-490,-99,-43,2,120,-41,-482
-55,-476,-97,-42,2,119,-40,-468
-53,-458,-95,-39,2,117,-39,-452
-49,-438,-91,-37,1,116,-37,-432
-45,-417,-87,-34,3,115,-34,-412
-41,-393,-84,-30,5,114,-32,-390
-36,-367,-81,-25,6,112,-29,-365
-32,-340,-78,-20,6,111,-28,-340
-27,-313,-74,-14,6,110,-26,-314
-22,-285,-69,-10,7,108,-24,-286
-16,-256,-65,-5,10,107,-21,-261
-10,-226,-59,-1,11,106,-15,-231
-2,-196,-55,2,11,105,-12,-201
4,-168,-50,7,10,103,-8,-175
10,-140,-45,11,10,102,-2,-148
17,-116,-40,15,12,101,0,-123
23,-92,-36,18,14,100,4,-102
31,-70,-33,22,15,98,9,-81
39,-49,-29,25,16,97,17,-59
46,-28,-26,28,15,96,20,-41
52,-10,-22,32,15,97,25,-21
57,6,-18,35,15,97,28,-7
64,20,-15,37,15,97,34,7
70,31,-14,39,15,96,40,18
76,40,-12,41,15,95,45,26
81,48,-10,42,15,93,47,34
86,55,-8,44,15,92,51,42
91,62,-6,45,14,91,56,48
96,67,-3,45,14,92,59,53
100,71,0,44,15,92,65,59
102,73,0,43,15,92,68,61
105,73,1,41,14,92,73,63
108,72,2,41,14,92,75,63
111,72,3,42,14,92,78,63
113,73,4,43,14,92,80,64
115,74,6,43,14,92,81,64
118,76,8,42,14,92,84,68
121,78,10,41,14,92,89,70
123,81,11,42,14,92,91,73
126,85,12,44,14,92,91,76
129,90,13,45,14,92,93,84
131,96,15,45,15,92,96,89
134,104,18,44,15,92,100,98
136,114,21,45,14,92,102,108
137,124,23,46,14,92,103,117
140,135,25,48,14,92,103,128
143,148,28,51,15,92,106,141
147,162,30,54,15,93,109,153
151,177,33,56,15,94,109,170
154,195,36,58,15,93,113,186
157,213,39,61,15,92,115,203
161,231,41,63,15,92,117,219
165,249,44,66,15,93,120,238
168,268,47,68,15,95,120,256
171,288,50,70,15,95,123,277
175,308,52,72,15,95,125,294
180,326,55,76,16,95,128,311
184,344,57,79,17,96,131,327
187,361,58,83,17,97,131,343
189,377,58,85,17,97,133,357
191,392,60,87,17,96,133,371
193,404,62,89,17,96,134,384
194,415,64,90,18,96,135,394
195,423,65,91,18,98,135,401
197,430,66,92,18,100,137,407
199,434,65,92,17,101,139,412
199,436,65,93,16,102,136,413
199,433,64,93,15,101,136,411
196,428,61,92,15,101,134,404
194,420,58,90,15,101,131,396
191,409,55,88,16,103,129,384
188,396,52,86,15,105,129,372
185,379,49,83,14,106,126,356
180,357,46,81,12,106,123,334
174,332,43,78,11,107,120,312
168,306,39,74,11,108,115,285
162,278,33,69,11,110,113,260
157,248,28,64,10,111,109,230
151,216,22,59,8,112,106,198
144,183,17,54,6,113,102,169
137,148,12,50,6,115,97,135
127,112,6,44,7,116,92,100
118,75,0,38,7,116,84,63
109,38,-6,33,5,117,79,29
101,2,-12,27,3,118,74,-6
92,-33,-18,22,2,120,69,-40
83,-69,-24,17,2,122,62,-75
73,-104,-29,12,2,122,56,-107
64,-136,-35,7,2,122,50,-139
56,-167,-40,2,0,122,42,-169
49,-195,-44,-1,-1,122,39,-195
42,-221,-48,-4,-2,122,35,-220
34,-244,-52,-7,-2,123,29,-241
26,-264,-55,-10,-2,124,21,-261
19,-283,-58,-13,-2,123,18,-280
14,-299,-60,-15,-2,122,14,-295
11,-310,-63,-17,-2,122,10,-307
7,-318,-65,-19,-2,122,9,-314
2,-323,-66,-21,-2,122,6,-319
-1,-325,-67,-21,-2,122,1,-322
-4,-325,-67,-20,-2,122,0,-321
-4,-321,-68,-18,-2,122,-3,-318
-3,-316,-68,-16,-3,121,-3,-314
-2,-308,-68,-14,-2,120,-3,-307
-3,-298,-66,-14,-1,119,-4,-296
-3,-285,-64,-13,0,118,-4,-285
-2,-271,-62,-10,2,118,-3,-272
0,-255,-61,-7,3,117,-4,-257
0,-238,-60,-3,3,115,-6,-241
1,-221,-58,0,3,113,-6,-225
3,-204,-56,1,3,112,-6,-208
6,-188,-54,3,3,112,-3,-194
10,-172,-52,7,5,112,-2,-179
13,-155,-50,11,6,112,-2,-163
15,-138,-48,14,6,110,-1,-148
18,-123,-46,17,6,108,-1,-135
21,-110,-44,18,7,107,1,-120
24,-100,-42,20,9,106,3,-111
28,-90,-41,21,10,105,7,-102
30,-81,-40,22,11,104,9,-93
33,-75,-40,22,11,104,12,-87
36,-70,-39,23,10,103,13,-84
39,-67,-37,24,10,102,15,-81
41,-66,-36,26,10,101,17,-78
42,-66,-36,26,10,101,18,-78
43,-68,-36,25,10,101,18,-80
44,-72,-37,25,11,102,19,-83
44,-77,-38,24,10,102,20,-90
45,-84,-39,24,10,101,20,-96
44,-92,-39,23,10,101,21,-103
43,-101,-39,21,10,101,21,-112
43,-110,-38,19,11,101,21,-118
44,-120,-38,18,10,101,25,-128
44,-131,-38,16,9,102,25,-136
43,-140,-40,15,7,102,24,-146
41,-150,-42,14,6,102,23,-157
39,-159,-43,13,5,102,20,-166
38,-169,-43,12,6,102,21,-173
37,-177,-43,11,6,102,21,-180
36,-183,-43,8,6,102,23,-186
35,-188,-43,6,6,102,21,-189
33,-192,-44,5,6,102,20,-192
31,-195,-44,5,6,102,19,-197
29,-198,-44,5,6,102,17,-200
28,-199,-44,5,6,102,17,-202
29,-198,-45,5,6,102,17,-201
31,-196,-44,5,6,102,18,-198
31,-191,-43,4,6,101,20,-192
31,-186,-41,3,6,100,20,-187
30,-180,-38,4,6,99,19,-180
31,-174,-37,4,5,98,20,-174
33,-167,-37,5,6,97,23,-168
36,-158,-36,6,6,97,25,-159
39,-148,-35,7,6,97,28,-151
42,-138,-33,9,5,97,30,-141
43,-127,-31,10,5,97,29,-129
44,-115,-29,12,6,97,29,-118
46,-102,-28,15,7,97,28,-106
48,-90,-26,17,9,97,30,-95
53,-78,-24,19,10,95,34,-84
57,-66,-21,21,10,93,37,-70
60,-54,-19,23,10,92,37,-61
62,-43,-18,26,10,92,40,-50
64,-31,-17,28,10,92,39,-39
68,-19,-15,28,10,92,42,-28
72,-9,-13,29,10,92,46,-15
76,0,-12,30,11,92,50,-8
79,7,-11,31,11,90,52,-1
82,15,-9,32,11,88,54,6
84,21,-7,32,12,87,56,13
86,27,-6,34,13,86,58,19
88,32,-6,35,14,87,61,24
90,37,-6,36,15,87,62,25
91,41,-5,35,15,87,62,31
92,43,-3,36,14,87,63,34
93,45,-2,36,14,86,64,35
94,45,-2,38,14,83,63,36
96,45,-4,39,14,82,64,36
97,45,-6,38,14,82,65,32
98,43,-6,38,14,82,67,31
98,42,-6,38,14,82,67,30
97,39,-6,37,14,82,67,28
97,36,-5,36,14,83,65,28
98,34,-5,34,14,83,69,25
98,32,-5,33,14,84,69,24
97,30,-4,34,14,84,68,21
97,27,-4,35,14,84,68,19
97,24,-5,34,15,83,68,17
97,20,-6,33,16,83,68,13
96,17,-7,32,16,84,67,10
95,15,-8,31,16,85,67,6
93,12,-8,30,15,86,67,3
92,9,-8,31,14,87,64,0
92,5,-8,31,14,87,63,-3
92,1,-8,31,14,87,64,-6
91,0,-8,31,15,87,63,-8
90,-2,-8,31,15,87,62,-9
89,-3,-8,31,14,87,62,-10
89,-5,-8,31,14,87,61,-12
89,-7,-8,30,14,87,63,-14
89,-9,-9,30,14,87,63,-15
89,-9,-9,30,14,87,64,-17
89,-9,-9,30,14,87,63,-15
88,-7,-9,30,14,87,63,-14
86,-7,-10,29,14,87,61,-14
83,-7,-10,29,14,87,58,-14
83,-6,-10,29,14,87,58,-13
84,-5,-9,30,14,87,59,-12
86,-3,-8,31,14,87,58,-10
86,-1,-8,31,14,87,58,-9
86,0,-8,31,14,87,58,-8
86,0,-8,30,14,87,61,-7
88,1,-9,30,14,87,62,-6
90,4,-10,29,14,87,64,-3
91,7,-9,30,15,87,65,-1
90,10,-8,30,15,87,64,1
89,12,-8,31,14,87,61,3
89,13,-8,31,14,87,61,4
89,15,-8,31,14,87,61,6
90,17,-8,31,15,86,62,8
90,19,-8,31,16,86,62,9
90,20,-8,31,16,86,62,10
90,21,-9,31,16,86,62,10
89,21,-8,31,15,86,61,12
88,22,-7,32,16,86,61,14
88,23,-6,33,16,86,59,15
89,24,-5,34,16,86,61,17
91,26,-5,35,15,86,63,18
92,26,-5,36,14,87,61,18
91,26,-6,36,14,87,61,15
89,24,-6,35,14,87,61,14
88,23,-6,34,15,87,59,15
88,22,-7,34,15,87,61,14
89,21,-7,35,14,87,61,12
90,21,-8,36,14,87,59,12
90,20,-10,36,14,87,59,10
89,19,-11,34,14,87,58,9
88,17,-10,32,14,87,61,8
88,14,-8,31,14,88,59,6
87,11,-8,31,14,89,62,2
87,8,-8,31,15,88,59,0
87,6,-8,31,15,87,59,-1
86,4,-8,31,14,87,58,-3
85,2,-8,31,14,87,58,-6
85,-1,-8,31,14,87,57,-9
84,-5,-8,31,15,86,57,-12
84,-7,-8,31,16,86,57,-14
84,-10,-8,31,16,87,57,-17
83,-12,-9,30,16,87,58,-19
83,-14,-10,29,17,86,58,-20
82,-17,-10,29,18,85,58,-23
81,-18,-11,28,19,83,57,-25
80,-19,-12,28,20,82,56,-25
79,-21,-12,27,19,81,54,-26
78,-23,-12,27,19,82,53,-29
78,-25,-12,28,19,82,53,-30
78,-26,-12,28,19,82,54,-32
79,-27,-12,28,19,82,54,-32
79,-26,-12,27,21,81,54,-32
79,-26,-12,27,22,80,54,-31
79,-26,-12,28,24,78,54,-31
78,-26,-12,28,24,77,54,-32
78,-27,-12,28,24,76,54,-32
79,-27,-12,27,24,76,54,-32
79,-26,-12,27,24,77,54,-31
78,-25,-12,28,24,77,53,-30
77,-24,-13,28,24,77,53,-30
76,-23,-14,30,24,76,50,-31
76,-22,-15,31,24,76,50,-30
76,-20,-16,32,24,76,50,-29
77,-17,-15,31,24,76,51,-26
78,-16,-15,31,24,76,51,-24
78,-15,-15,31,24,76,51,-24
78,-16,-15,31,24,76,51,-24
78,-15,-15,31,24,76,52,-24
78,-14,-15,31,24,76,51,-23
78,-11,-15,31,24,76,51,-20
78,-10,-15,31,24,76,51,-19
78,-9,-15,31,24,76,51,-18
78,-10,-15,31,24,76,52,-19
78,-11,-15,31,24,76,52,-20
78,-12,-15,31,24,76,51,-21
78,-13,-15,31,24,76,51,-23
77,-14,-15,31,24,76,51,-24
77,-15,-15,31,24,76,51,-24
78,-15,-15,31,24,76,51,-24
78,-15,-15,31,24,76,52,-24
78,-17,-15,31,24,77,52,-25
78,-19,-15,31,24,77,52,-28
77,-21,-15,31,24,77,51,-30
76,-22,-15,31,24,76,50,-30
75,-22,-15,31,24,76,50,-31
75,-24,-15,31,24,77,50,-31
75,-26,-16,32,24,78,47,-35
75,-30,-18,34,24,79,47,-40
75,-33,-19,35,24,79,45,-42
74,-35,-19,35,24,79,43,-45
73,-36,-19,33,24,77,45,-45
72,-36,-17,31,23,77,47,-43
72,-36,-16,30,22,78,46,-42
71,-36,-15,32,21,80,46,-43
71,-36,-16,32,20,81,43,-43
72,-36,-18,32,19,81,43,-43
73,-37,-19,30,19,80,47,-47
74,-38,-18,29,19,78,48,-45
75,-38,-17,30,19,78,48,-45
74,-37,-15,31,19,79,48,-43
72,-36,-15,32,19,80,47,-43
72,-36,-15,32,19,82,46,-42
73,-35,-15,31,19,82,47,-42
73,-34,-15,31,19,82,47,-41
74,-31,-15,31,19,82,48,-39
73,-28,-15,31,19,82,47,-35
74,-25,-15,31,19,82,48,-32
75,-23,-15,31,19,82,48,-31
76,-20,-14,32,20,82,50,-29
78,-18,-12,33,19,82,50,-26
78,-14,-11,34,18,81,50,-20
78,-10,-11,35,16,82,50,-17
79,-5,-11,35,14,84,50,-13
80,0,-11,34,14,86,51,-8
81,3,-11,34,14,87,52,-4
83,7,-12,34,15,87,53,-3
84,10,-11,35,15,87,54,2
86,14,-10,36,14,88,56,4
87,17,-9,36,13,90,57,8
88,21,-8,38,11,92,57,12
88,26,-8,38,10,92,58,15
89,31,-7,39,10,92,59,20
90,35,-5,39,10,92,59,26
92,39,-2,38,10,92,61,30
93,44,-1,38,10,93,62,35
95,49,0,38,10,95,63,40
96,54,0,39,9,97,64,46
98,57,1,40,7,97,67,48
100,61,3,40,5,97,68,52
102,65,4,40,5,97,70,56
104,69,6,41,5,97,72,62
106,73,8,41,6,97,75,65
107,77,9,40,6,98,76,69
108,81,9,40,4,101,76,73
109,86,9,40,2,102,78,78
111,90,10,41,1,103,79,81
113,95,11,43,0,102,79,85
115,99,12,43,1,102,81,89
116,102,13,44,1,102,83,95
118,106,14,45,1,102,84,98
119,111,15,46,1,102,84,102
120,115,16,46,1,102,85,107
122,120,16,47,1,103,86,111
122,123,16,47,1,104,87,114
123,126,17,48,1,104,87,117
123,130,18,49,1,104,89,119
124,133,20,50,0,103,89,123
126,137,20,50,-1,102,89,126
127,138,19,51,-1,104,90,128
127,139,17,53,0,106,90,128
126,140,16,54,0,107,86,129
125,141,16,54,1,108,85,128
124,142,16,54,0,108,85,131
125,142,16,54,-1,107,85,131
125,141,16,54,-3,107,85,130
126,140,16,54,-3,108,86,130
126,140,16,54,-3,107,86,129
126,138,16,54,-3,107,85,128
124,135,17,54,-3,108,84,124
122,131,16,54,-3,109,83,120
120,128,15,53,-3,111,81,115
120,125,14,52,-2,112,80,113
119,121,13,50,-2,113,83,109
117,115,13,50,-2,112,80,104
116,109,11,50,-2,112,80,98
115,103,9,50,-2,112,79,93
115,97,7,50,-2,112,78,86
115,91,4,49,-2,112,76,80
114,85,4,48,-2,112,78,74
112,79,3,46,-2,112,76,69
110,72,3,46,-2,113,75,62
108,65,2,46,-2,113,74,53
107,58,0,46,-2,114,73,47
105,52,-2,43,-2,114,70,42
103,46,-3,42,-2,114,69,37
102,42,-4,41,-2,114,68,30
101,37,-4,41,-2,113,67,25
100,32,-4,41,-2,112,67,21
100,28,-4,41,-2,112,67,18
100,23,-5,40,-2,114,67,13
98,19,-6,38,-2,114,68,9
97,14,-7,36,-2,114,67,6
97,11,-6,35,-2,112,68,2
96,9,-6,35,-2,112,68,3
97,9,-5,36,-2,114,65,2
97,8,-5,36,-2,115,67,2
98,7,-6,35,-2,116,69,1
98,7,-6,34,-2,115,69,1
97,7,-6,33,-2,115,69,1
97,8,-6,33,-2,113,69,2
97,10,-5,34,-2,112,68,4
98,13,-4,34,-3,112,69,7
99,15,-3,33,-2,112,70,8
99,18,-2,34,-2,114,70,10
99,21,-1,35,-2,115,70,13
99,25,-1,37,-2,115,70,17
101,30,-1,38,-2,115,69,21
104,35,0,38,-2,114,73,26
106,41,1,39,-2,114,76,34
107,46,4,40,-3,114,74,40
106,52,6,41,-3,114,74,46
107,58,7,42,-2,114,74,52
109,65,7,42,-2,115,76,59
113,73,8,41,-2,117,81,65
116,81,9,41,-3,118,85,73
119,88,11,43,-3,118,85,80
122,97,13,45,-4,117,87,87
123,106,13,47,-4,117,89,96
125,116,14,49,-2,117,87,106
127,126,15,51,-1,117,90,114
130,135,16,54,-2,117,90,125
133,144,18,56,-4,117,92,133
137,154,20,57,-6,118,95,142
139,164,21,58,-7,119,97,151
141,174,22,59,-7,120,97,161
143,184,24,61,-5,121,98,172
145,193,26,62,-3,121,100,180
148,202,28,63,-3,121,102,189
150,211,28,65,-5,122,104,196
152,220,28,67,-7,122,103,205
153,228,28,69,-7,122,104,212
154,235,30,70,-7,122,106,218
155,241,32,71,-5,122,107,223
155,245,33,71,-5,122,107,230
156,249,32,72,-6,122,104,231
156,251,31,73,-7,122,104,233
156,251,31,74,-7,122,104,233
156,249,31,74,-7,124,104,231
154,245,31,73,-7,125,103,228
152,239,30,73,-7,126,102,222
151,231,28,71,-7,126,101,214
149,222,27,70,-7,126,98,205
147,212,25,68,-7,127,100,195
144,200,23,66,-6,127,97,184
140,185,20,64,-6,127,93,170
136,169,18,62,-6,127,90,153
131,151,16,60,-7,127,89,137
126,132,13,57,-6,127,84,119
122,112,10,54,-7,127,81,98
118,90,6,51,-7,127,80,79
113,68,2,47,-6,127,75,57
107,45,-1,44,-6,129,73,35
101,21,-4,41,-6,131,68,10
95,-3,-7,38,-6,132,64,-10
89,-28,-11,34,-6,131,59,-32
83,-51,-16,30,-6,130,57,-57
78,-74,-21,26,-6,131,53,-80
73,-96,-26,21,-6,132,51,-100
67,-118,-30,18,-7,131,48,-123
61,-140,-34,15,-6,129,43,-142
56,-160,-37,12,-7,127,39,-163
50,-178,-39,9,-7,126,35,-180
43,-196,-42,7,-7,127,30,-196
37,-211,-44,5,-7,127,24,-212
32,-224,-46,3,-6,128,21,-223
28,-233,-49,0,-6,127,18,-233
24,-242,-51,-2,-5,126,17,-240
20,-249,-53,-4,-4,124,14,-247
17,-256,-54,-5,-3,122,12,-255
15,-260,-55,-4,-3,122,9,-260
13,-262,-56,-3,-2,120,6,-261
11,-262,-57,-2,0,119,3,-261
9,-261,-57,-1,0,118,1,-260
7,-258,-57,-1,1,117,0,-260
7,-256,-58,0,2,115,0,-258
7,-252,-58,0,2,113,0,-255
7,-246,-58,0,2,111,0,-249
7,-238,-57,0,4,108,-2,-242
7,-230,-57,2,8,107,-2,-234
8,-222,-57,5,10,106,-3,-228
10,-215,-56,7,10,105,-2,-220
10,-208,-56,8,10,103,-3,-214
12,-199,-54,9,11,102,-3,-206
13,-191,-53,10,12,101,-1,-198
16,-183,-51,11,14,100,0,-190
18,-176,-50,13,15,98,2,-183
21,-169,-48,15,15,95,4,-177
23,-162,-47,16,17,93,3,-170
25,-155,-46,16,18,91,6,-163
28,-148,-44,18,20,92,8,-155
31,-142,-42,20,20,91,10,-150
34,-136,-41,21,19,90,14,-144
37,-131,-40,22,19,88,14,-139
39,-126,-39,22,21,86,18,-135
40,-122,-38,22,23,86,19,-131
42,-118,-35,21,25,86,20,-125
46,-112,-33,22,24,86,24,-119
50,-106,-31,23,24,85,28,-112
54,-100,-30,24,24,83,31,-106
57,-94,-29,25,25,82,34,-101
59,-89,-28,26,27,81,36,-96
62,-82,-26,26,28,79,39,-90
66,-74,-24,25,29,78,41,-80
69,-66,-21,26,29,76,45,-73
73,-58,-19,28,28,76,47,-63
76,-49,-16,30,28,76,51,-54
81,-36,-14,32,29,76,54,-43
86,-22,-12,32,28,77,58,-29
90,-8,-8,32,28,76,62,-15
94,4,-5,34,28,75,65,-1
98,18,0,37,30,72,69,12
104,35,2,40,32,71,72,29
109,54,4,43,33,71,76,46
115,74,7,45,33,71,79,64
119,94,10,48,33,70,83,85
124,115,14,53,33,68,85,103
130,136,20,57,34,66,90,125
136,159,25,59,36,65,95,148
141,183,29,61,37,66,100,173
147,207,33,63,38,66,102,195
152,232,37,67,38,66,106,220
157,256,42,72,37,66,108,241
162,278,46,76,37,66,111,264
168,300,50,79,38,66,115,284
175,321,52,82,38,66,120,303
181,342,55,86,37,66,124,325
187,362,58,90,37,65,126,344
191,380,61,93,38,66,130,360
195,396,63,96,38,67,131,374
198,409,65,97,38,69,134,389
200,422,66,98,38,71,135,400
202,433,68,100,38,71,137,411
204,441,69,103,38,71,136,418
205,447,68,105,38,71,135,423
205,448,68,107,38,72,135,424
205,447,67,107,39,74,135,421
205,442,66,106,38,75,135,416
205,435,65,104,36,76,135,410
204,426,63,102,35,76,136,402
200,415,61,101,34,77,134,391
196,400,59,99,33,79,130,377
191,383,57,97,33,81,128,361
186,363,53,93,32,83,124,341
182,340,49,90,31,84,120,319
178,317,45,86,29,86,119,297
173,292,40,81,29,88,117,273
166,264,35,77,28,90,111,245
158,235,30,72,26,92,107,218
150,204,25,68,25,93,102,187
143,173,20,64,24,94,96,159
136,142,16,60,23,95,92,129
129,112,10,55,22,97,86,100
121,82,5,50,21,99,83,72
113,52,0,45,20,101,78,42
106,22,-4,41,19,102,72,12
100,-7,-9,36,18,103,69,-14
93,-35,-14,32,16,104,65,-41
86,-61,-18,28,14,106,59,-65
77,-84,-22,25,12,107,53,-90
69,-106,-26,21,11,108,47,-109
63,-127,-30,18,11,110,43,-130
57,-145,-33,15,11,111,39,-147
51,-162,-37,12,11,112,34,-166
46,-177,-39,10,11,112,31,-179
40,-190,-42,7,10,112,26,-191
36,-200,-44,5,9,112,23,-202
33,-207,-46,3,8,112,23,-208
31,-213,-48,1,7,112,20,-213
28,-216,-48,1,6,112,18,-217
25,-219,-49,3,6,112,13,-219
22,-220,-50,5,6,112,10,-223
20,-220,-51,6,6,112,8,-223
18,-217,-51,5,6,112,7,-220
17,-212,-50,4,6,112,6,-216
17,-205,-50,4,6,112,6,-207
17,-200,-49,5,8,112,6,-202
18,-194,-48,7,10,112,4,-197
19,-187,-48,9,11,111,6,-191
21,-179,-46,10,11,110,7,-184
22,-170,-45,11,11,108,7,-175
23,-161,-43,13,11,107,8,-167
24,-151,-41,14,10,106,7,-158
27,-142,-39,17,11,105,9,-147
30,-133,-38,17,12,103,12,-139
33,-124,-36,18,14,102,14,-130
35,-115,-35,20,15,101,17,-123
38,-106,-33,21,16,100,17,-114
40,-98,-30,24,17,98,18,-104
42,-90,-28,26,18,97,20,-97
45,-83,-27,27,20,96,23,-91
48,-77,-25,28,20,96,23,-86
52,-71,-25,29,20,95,26,-80
55,-63,-24,31,19,93,29,-70
57,-56,-22,31,19,91,31,-64
59,-50,-21,31,21,91,32,-59
61,-46,-18,30,23,91,37,-52
63,-42,-16,30,24,91,39,-48
65,-39,-15,31,25,91,40,-46
67,-35,-15,31,25,90,41,-42
69,-30,-15,32,24,89,43,-39
72,-27,-14,32,24,88,46,-35
73,-24,-13,33,24,87,45,-31
74,-21,-11,34,25,87,46,-28
74,-19,-11,35,24,86,46,-25
75,-17,-11,35,24,86,46,-24
76,-16,-11,34,24,86,48,-23
77,-15,-11,34,25,88,48,-21
78,-15,-11,34,25,90,50,-21
78,-16,-11,35,24,91,48,-23
77,-16,-12,35,23,90,48,-25
78,-15,-11,34,21,90,48,-21
79,-14,-11,34,20,90,50,-21
80,-14,-11,34,19,91,51,-21
81,-14,-12,35,20,92,52,-23
80,-14,-12,35,20,92,52,-23
81,-13,-11,34,20,91,52,-20
81,-13,-10,34,19,91,54,-20
82,-13,-9,32,19,91,56,-20
83,-14,-8,31,19,91,56,-20
83,-14,-8,30,20,93,58,-20
83,-14,-8,31,20,95,57,-20
85,-11,-8,31,20,96,58,-18
87,-10,-7,32,18,97,59,-14
88,-7,-5,32,16,96,63,-12
90,-4,-3,32,15,95,64,-9
91,0,-1,33,16,94,65,-3
93,4,0,34,18,93,65,1
96,10,0,35,20,92,68,6
97,16,2,35,20,91,69,12
99,23,4,36,20,91,70,18
101,33,6,38,19,91,72,29
104,43,8,39,19,91,74,39
107,55,10,42,20,92,76,50
110,65,12,43,19,91,76,59
114,77,15,46,20,91,80,72
118,89,17,48,21,91,84,83
122,103,20,50,23,91,85,96
125,118,22,52,25,92,87,112
129,134,25,54,25,91,91,125
133,150,27,57,25,90,95,140
137,166,29,59,24,88,96,157
141,182,32,61,24,86,98,173
144,198,34,63,24,86,102,187
147,215,36,65,25,86,102,202
151,231,39,68,28,86,104,219
154,246,41,70,29,86,107,233
157,260,44,72,29,86,108,245
161,271,45,73,29,86,112,258
164,282,45,75,29,86,114,268
166,291,45,78,29,86,113,274
167,299,45,80,29,86,114,281
169,306,46,81,29,86,113,288
171,311,48,82,29,86,115,295
174,314,49,83,29,86,118,297
175,316,48,84,29,87,118,297
173,315,46,86,29,90,115,296
171,311,45,86,29,91,113,292
169,306,43,85,30,91,111,285
167,299,41,83,29,91,109,279
166,289,39,81,28,90,111,271
163,278,37,79,26,91,109,260
160,265,35,77,25,93,106,246
155,249,31,74,24,94,104,231
151,232,28,70,25,96,100,216
146,212,24,67,25,96,98,195
141,191,20,64,25,97,95,175
136,168,15,61,25,100,90,153
130,144,11,60,24,101,85,129
122,120,6,58,21,101,79,104
115,96,2,55,20,101,75,81
107,70,-1,50,20,103,68,56
99,43,-6,46,20,104,63,31
93,15,-11,41,21,106,59,4
86,-10,-16,37,21,106,54,-20
80,-38,-21,33,20,106,51,-47
73,-64,-25,28,19,106,46,-73
65,-90,-29,25,17,106,41,-96
57,-115,-33,21,16,107,34,-122
49,-139,-36,18,15,108,30,-145
43,-163,-40,15,16,108,24,-167
38,-186,-43,12,16,108,21,-189
32,-206,-47,8,16,106,18,-208
27,-225,-51,5,16,106,15,-227
20,-242,-54,2,16,107,9,-242
14,-258,-57,0,15,108,4,-260
10,-273,-59,-1,14,109,2,-273
6,-285,-61,-3,14,109,-1,-284
2,-295,-63,-4,14,108,-3,-294
0,-302,-65,-6,14,107,-6,-302
-3,-307,-65,-7,14,106,-8,-307
-4,-310,-66,-7,13,106,-9,-310
-6,-311,-65,-7,13,106,-10,-311
-7,-310,-65,-7,14,106,-12,-310
-8,-308,-66,-6,15,106,-13,-308
-7,-305,-67,-5,16,107,-13,-305
-7,-300,-68,-5,16,106,-12,-300
-6,-293,-67,-3,15,105,-13,-294
-5,-284,-66,-1,16,103,-13,-286
-5,-275,-64,0,15,101,-13,-278
-4,-264,-62,2,15,101,-14,-268
-2,-252,-61,3,15,101,-13,-255
0,-239,-59,5,16,102,-12,-242
1,-227,-57,7,17,101,-9,-231
3,-214,-54,9,19,100,-10,-219
6,-201,-52,11,20,98,-8,-206
11,-186,-49,13,21,97,-3,-192
16,-172,-47,16,20,96,-1,-179
19,-159,-44,18,20,95,1,-164
21,-146,-42,20,19,93,2,-153
23,-133,-40,21,20,91,3,-141
27,-121,-39,23,21,91,4,-130
32,-110,-37,25,23,91,8,-120
36,-100,-35,26,24,90,12,-108
39,-90,-33,28,25,88,14,-100
42,-81,-32,29,25,86,18,-91
44,-71,-30,32,24,86,18,-83
47,-62,-28,33,24,86,20,-72
50,-55,-25,33,24,86,21,-65
53,-50,-23,32,26,86,26,-58
55,-44,-22,32,27,86,29,-53
57,-39,-21,32,28,86,31,-48
59,-32,-20,34,27,85,32,-42
61,-27,-19,35,28,83,35,-37
65,-22,-18,35,28,81,35,-34
69,-19,-17,36,29,81,39,-30
72,-15,-16,37,29,81,41,-24
73,-11,-15,38,29,81,42,-20
74,-7,-14,38,29,81,43,-17
76,-3,-14,39,28,81,46,-13
79,0,-12,40,29,81,47,-9
82,5,-12,41,28,81,50,-4
84,10,-11,42,28,81,51,0
87,16,-10,43,28,81,52,4
90,21,-8,43,28,81,57,10
92,27,-6,42,28,81,59,17
94,33,-4,41,28,81,61,23
95,39,-3,42,28,81,62,30
96,46,-2,43,28,81,63,36
99,53,0,45,28,81,64,42
102,60,1,47,28,81,65,50
105,68,2,48,28,81,68,57
107,77,3,49,29,81,69,67
108,85,4,49,28,81,70,74
109,93,5,50,28,81,72,81
111,101,7,52,28,81,73,89
115,108,10,54,29,81,74,96
118,116,12,56,29,81,76,104
119,122,13,57,29,81,78,111
121,130,14,58,27,81,79,117
123,136,14,58,25,81,81,123
124,142,15,59,26,81,81,129
126,148,17,61,27,81,84,134
127,151,18,62,27,82,83,137
128,155,19,63,26,83,84,142
130,159,19,62,24,83,85,144
130,162,18,62,24,83,85,146
131,164,18,61,24,83,86,148
131,166,19,63,24,83,86,153
131,166,20,64,24,84,86,153
130,165,21,64,24,85,85,152
130,163,19,63,24,86,84,150
129,161,18,61,24,86,84,146
128,158,17,61,24,86,85,144
127,155,17,61,24,86,85,140
126,149,17,61,24,86,84,135
126,142,16,60,24,86,84,129
124,133,14,58,24,86,83,120
122,124,12,57,25,88,80,112
120,115,10,55,25,90,79,102
119,106,8,53,25,91,80,93
116,97,7,51,24,92,78,85
113,86,5,50,23,91,75,75
108,75,3,48,23,91,70,63
104,63,1,47,23,91,70,52
102,50,0,45,22,91,68,40
101,37,-2,43,21,91,67,28
98,25,-4,41,20,91,65,15
95,13,-7,39,19,91,64,3
90,1,-9,37,19,91,61,-7
86,-10,-10,35,20,91,57,-18
82,-23,-13,33,20,91,53,-31
78,-36,-15,31,20,92,52,-43
75,-47,-17,29,20,93,50,-53
74,-58,-19,28,20,95,48,-63
72,-68,-20,27,20,96,46,-75
68,-78,-22,25,20,96,46,-84
63,-87,-25,23,20,95,41,-92
59,-95,-26,21,20,93,37,-100
56,-102,-27,20,20,92,35,-106
54,-109,-28,19,20,93,35,-114
52,-115,-29,18,20,93,31,-120
50,-120,-31,20,20,93,30,-124
47,-123,-32,21,20,92,28,-128
45,-126,-32,20,19,91,25,-130
44,-128,-32,18,19,91,25,-131
44,-130,-32,17,19,91,26,-134
44,-130,-33,16,20,92,26,-134
43,-130,-34,16,20,92,26,-134
43,-129,-34,18,19,91,24,-135
43,-126,-33,20,19,91,24,-130
44,-123,-33,22,19,91,21,-129
44,-119,-33,22,19,91,23,-125
45,-115,-33,22,19,91,23,-122
45,-111,-33,22,19,91,23,-118
47,-106,-32,23,20,91,25,-112
49,-101,-30,24,19,91,26,-107
51,-94,-29,25,19,91,29,-101
53,-87,-28,26,19,91,30,-95
54,-81,-27,27,20,91,31,-89
54,-75,-25,28,20,91,29,-83
55,-69,-24,29,19,91,29,-76
57,-64,-23,31,18,91,31,-72
60,-58,-22,31,18,91,34,-65
62,-53,-21,32,18,91,35,-62
63,-48,-21,32,19,91,36,-56
65,-42,-20,34,20,91,37,-51
68,-36,-19,34,20,91,40,-46
70,-31,-18,35,19,91,42,-41
72,-27,-17,36,19,91,42,-37
73,-24,-16,37,20,92,42,-32
74,-21,-15,38,20,91,43,-29
74,-17,-14,38,19,91,43,-26
75,-14,-14,37,19,90,43,-23
75,-11,-13,36,19,90,46,-20
76,-10,-13,36,20,90,48,-19
78,-10,-13,36,20,90,50,-19
79,-9,-12,37,20,88,51,-19
79,-9,-11,37,19,87,51,-15
80,-7,-10,38,19,86,51,-14
81,-5,-10,39,19,86,50,-13
82,-3,-10,40,21,86,51,-12
82,-3,-10,39,21,86,50,-10
81,-4,-10,38,22,86,50,-12
81,-6,-11,37,23,86,52,-15
81,-8,-12,37,24,86,52,-18
81,-8,-11,36,24,86,52,-18
81,-8,-11,36,24,86,52,-15
81,-8,-11,35,24,86,52,-15
80,-8,-11,34,24,86,51,-15
80,-9,-12,35,24,86,51,-18
80,-10,-13,36,24,86,51,-19
80,-11,-13,36,24,86,51,-20
81,-11,-13,36,24,86,52,-20
82,-12,-12,34,24,86,52,-20
81,-13,-12,33,24,86,54,-19
80,-14,-13,33,24,86,52,-23
79,-15,-14,35,24,85,51,-24
79,-17,-14,37,24,84,47,-25
79,-19,-15,38,24,83,48,-28
79,-20,-16,37,24,84,47,-31
78,-21,-17,36,24,86,47,-31
76,-22,-18,35,24,86,46,-32
75,-24,-18,35,24,85,45,-35
73,-27,-18,35,24,83,42,-37
72,-30,-18,34,24,81,43,-40
71,-33,-18,33,25,81,43,-42
70,-36,-18,32,26,81,42,-45
71,-38,-19,33,27,81,43,-47
70,-41,-19,34,28,81,42,-50
69,-43,-20,34,28,81,42,-52
69,-45,-21,33,27,81,41,-53
68,-48,-22,32,27,81,41,-56
68,-51,-22,31,27,81,41,-59
68,-54,-23,32,28,81,41,-62
68,-55,-22,31,29,81,41,-63
68,-57,-21,31,29,81,41,-65
68,-60,-19,29,28,81,43,-68
68,-63,-19,28,28,81,43,-68
68,-65,-20,26,28,81,42,-70
68,-66,-21,26,29,81,43,-73
68,-66,-21,26,29,82,43,-73
68,-67,-21,26,28,81,43,-73
68,-67,-22,25,29,80,43,-74
68,-66,-22,25,29,78,46,-73
69,-65,-21,25,29,76,46,-72
69,-62,-20,27,28,76,45,-69
69,-59,-19,28,28,76,45,-64
70,-56,-19,28,28,76,45,-61
71,-52,-19,28,30,76,46,-57
72,-47,-18,29,31,76,47,-53
73,-43,-15,28,31,76,47,-50
74,-39,-13,28,32,75,50,-43
75,-34,-12,29,33,72,51,-39
75,-28,-13,31,33,71,50,-34
77,-22,-12,33,33,71,48,-30
79,-16,-12,35,33,71,50,-25
81,-12,-12,35,33,71,52,-20
83,-7,-11,35,33,71,53,-14
84,0,-10,35,33,71,54,-8
85,5,-9,37,33,71,56,-2
86,11,-8,38,33,71,56,2
88,17,-8,38,33,71,58,8
90,21,-8,38,33,71,59,10
91,24,-7,39,33,72,61,14
92,28,-5,40,33,73,59,18
93,32,-4,41,33,73,59,21
93,36,-4,41,33,72,59,25
94,39,-4,41,33,71,61,28
95,40,-4,41,33,71,62,29
94,41,-3,42,33,72,61,31
93,43,-3,42,32,75,61,34
94,44,-2,43,30,76,61,35
95,46,-2,43,29,77,62,36
97,47,-2,43,28,76,63,37
97,46,-2,43,28,76,63,37
98,45,-2,43,28,76,64,36
98,43,-2,43,28,76,64,34
98,42,-2,43,29,78,64,32
97,40,-2,43,28,80,63,31
96,39,-3,42,27,81,63,30
96,37,-4,41,25,82,63,26
96,35,-4,41,24,82,63,24
96,32,-4,41,23,81,62,21
96,31,-4,41,24,81,62,20
96,29,-4,41,24,81,62,20
96,26,-4,41,24,82,63,17
95,24,-4,41,23,83,62,14
94,22,-5,40,22,85,61,13
93,21,-5,40,21,86,62,12
93,19,-5,40,21,87,59,9
92,17,-6,39,19,86,62,8
92,15,-7,39,19,86,62,6
91,14,-8,38,19,86,61,6
90,14,-8,37,20,88,59,4
90,14,-8,38,20,90,59,4
90,14,-8,38,18,92,59,4
90,14,-8,38,16,92,59,4
89,13,-8,38,14,92,59,4
88,13,-8,38,14,91,58,4
88,13,-8,38,15,91,58,4
88,13,-8,38,15,93,58,4
89,13,-8,38,14,95,58,4
89,13,-8,37,11,97,58,4
88,13,-9,37,10,97,58,4
88,13,-9,36,10,97,58,4
88,13,-9,37,10,97,58,4
88,13,-8,37,10,97,58,4
88,13,-8,38,10,97,58,4
88,13,-8,38,11,97,58,4
88,13,-8,37,10,98,58,4
88,13,-7,37,9,99,58,4
88,13,-7,36,7,100,58,3
88,13,-7,37,6,101,58,3
88,13,-8,37,5,102,58,3
89,13,-8,38,6,102,58,4
89,14,-8,38,6,102,58,4
88,13,-8,38,6,102,58,3
88,11,-8,38,6,101,58,2
87,8,-8,38,6,102,57,0
87,7,-8,38,6,103,57,-1
87,6,-8,38,6,104,57,-2
87,6,-8,38,6,104,57,-2
87,7,-8,38,6,104,57,-1
87,7,-8,38,6,104,57,-1
87,7,-8,38,4,106,57,-1
87,6,-8,38,2,107,57,-2
87,5,-7,36,1,107,57,-2
89,3,-6,36,1,107,61,-4
89,2,-6,36,3,107,62,-3
89,2,-6,36,3,107,62,-3
90,2,-6,35,3,107,62,-3
90,2,-6,33,2,107,62,-3
89,2,-6,33,1,107,62,-3
89,3,-7,34,1,107,61,-4
87,5,-7,36,1,107,57,-3
86,8,-8,38,2,107,57,0
86,10,-8,38,3,107,56,2
87,12,-8,38,3,107,57,3
88,13,-8,38,3,107,58,3
89,13,-8,38,3,107,59,4
89,15,-8,38,4,107,59,6
90,17,-8,38,4,107,59,8
90,19,-8,38,6,106,59,9
90,20,-8,38,6,105,59,10
91,22,-7,38,6,104,61,12
91,24,-8,38,6,103,61,14
92,26,-10,36,6,102,61,15
92,27,-10,36,6,102,62,17
92,27,-10,36,6,102,62,17
92,26,-9,36,6,102,61,15
92,26,-8,37,7,102,61,15
92,26,-8,38,7,102,61,15
92,26,-9,39,8,102,59,15
92,26,-10,40,9,102,59,14
92,26,-11,41,10,102,59,14
92,26,-11,42,11,102,57,14
92,26,-11,42,10,101,59,14
92,25,-11,41,10,100,59,13
93,25,-11,41,10,98,59,12
93,24,-11,42,10,97,58,12
94,23,-11,41,10,96,61,10
94,22,-10,40,10,97,61,10
93,22,-9,39,10,97,61,12
93,21,-8,38,10,97,62,12
93,19,-8,37,10,97,62,9
93,18,-8,38,10,97,62,8
93,16,-8,38,10,97,62,7
93,15,-8,38,10,97,62,6
93,15,-8,38,10,97,62,6
93,16,-8,38,10,95,62,7
93,16,-8,38,10,93,62,7
93,16,-8,38,10,92,62,7
93,15,-8,38,10,91,62,6
93,15,-8,38,11,92,62,6
92,17,-8,37,12,92,62,7
92,19,-7,37,13,92,61,9
93,23,-6,37,12,92,62,13
94,26,-4,39,13,92,63,18
95,28,-3,40,14,92,64,20
95,30,-3,40,14,92,64,21
95,34,-2,39,15,91,64,25
96,38,-2,38,15,91,64,29
97,43,-1,40,14,92,65,34
98,47,-1,42,14,92,64,37
100,52,0,44,14,92,65,42
101,57,0,44,15,91,67,47
102,63,0,44,14,92,68,52
102,69,1,44,15,91,68,57
104,74,2,45,15,91,69,64
106,78,3,45,15,92,70,68
107,83,4,45,15,92,72,73
108,88,4,45,14,92,73,78
109,93,5,45,15,90,73,81
109,98,6,45,16,88,74,86
111,102,8,46,18,88,75,92
112,105,9,47,19,90,75,95
112,108,9,47,20,91,76,98
113,112,9,47,20,90,76,101
113,113,9,47,19,88,78,102
115,114,8,47,19,86,79,103
117,115,8,49,19,86,80,102
118,116,9,50,19,86,81,102
118,116,10,50,19,87,81,104
117,115,10,48,19,87,80,104
115,114,9,47,19,86,78,103
113,112,9,47,19,86,76,101
112,109,9,47,19,86,76,98
113,105,9,47,19,86,76,95
113,101,9,47,19,86,76,91
112,97,9,47,19,86,76,87
111,93,9,47,19,86,75,84
109,88,8,46,19,86,74,79
109,83,7,45,20,86,74,72
109,77,6,44,21,86,76,67
109,71,5,44,21,86,76,62
108,65,4,43,21,86,75,56
107,58,3,42,20,86,75,50
106,52,2,41,20,86,74,45
105,47,1,40,21,86,73,40
104,43,0,40,21,86,72,36
103,39,0,38,21,87,72,30
102,35,0,37,21,88,73,26
101,30,0,36,21,88,72,24
100,25,0,35,20,88,70,20
99,21,0,35,19,87,70,15
99,18,-3,35,19,86,70,10
98,15,-4,34,19,86,69,8
98,13,-5,34,20,88,69,7
98,10,-5,34,20,90,69,4
97,8,-4,34,19,91,68,2
96,8,-4,34,19,90,67,2
94,9,-5,34,19,88,65,2
93,10,-6,33,19,88,64,3
92,10,-6,33,19,90,63,3
91,9,-6,33,19,91,63,2
91,9,-5,34,19,90,63,2
92,9,-4,34,19,90,64,3
94,10,-5,34,19,90,65,4
96,13,-6,33,19,91,67,6
96,16,-6,33,20,92,67,9
95,18,-6,33,20,92,67,10
94,20,-5,34,19,91,65,13
93,22,-4,34,19,91,65,14
94,23,-5,34,19,91,65,15
94,26,-4,34,19,91,65,18
94,29,-3,35,19,91,65,20
94,32,-2,36,19,91,65,24
94,35,-1,37,19,91,65,26
95,38,0,38,19,91,67,29
96,40,-1,37,19,91,65,31
97,43,-1,37,19,91,68,34
98,45,-1,37,19,91,68,36
98,48,0,38,19,91,67,39
98,51,0,39,20,91,67,41
98,53,0,39,20,91,67,45
99,55,1,40,19,91,67,47
100,58,2,39,19,91,68,50
101,60,3,39,20,92,72,52
103,62,4,39,20,92,73,53
104,62,4,40,21,91,72,53
104,62,4,41,21,90,72,53
105,64,4,43,21,88,73,56
105,67,5,43,21,88,73,58
106,69,6,43,23,88,73,59
106,70,7,43,24,88,74,61
106,69,6,43,25,86,73,59
106,69,6,43,24,86,73,59
106,69,6,43,24,86,73,59
106,69,7,41,24,86,73,62
106,69,7,41,24,86,73,62
106,69,7,42,25,86,73,62
106,69,5,44,24,86,73,59
107,68,5,44,24,86,72,58
108,66,5,44,24,86,75,57
108,65,5,44,24,86,75,56
109,65,5,43,24,86,76,56
108,65,4,43,24,86,75,56
107,64,3,42,24,86,74,56
107,64,3,41,24,86,74,56
107,64,2,41,24,86,74,56
107,64,2,40,24,86,74,56
106,63,2,40,24,86,74,54
105,61,2,41,24,86,73,53
105,61,2,41,24,86,73,52
105,61,2,41,24,86,73,52
105,61,2,40,24,86,73,52
105,61,2,40,24,86,73,52
105,61,2,40,24,86,73,53
104,61,2,40,24,87,72,52
103,60,2,40,24,88,72,52
103,59,2,40,25,88,70,51
102,59,2,40,26,87,69,51
101,60,2,40,26,86,69,51
100,60,2,40,25,86,68,51
100,60,2,41,25,87,68,51
101,60,2,40,24,90,69,51
100,60,2,40,24,91,68,52
99,61,2,40,24,91,68,52
99,61,2,41,25,90,67,53
100,61,2,41,25,89,68,52
100,60,2,40,24,90,68,52
100,59,0,39,24,91,68,51
99,59,0,38,24,91,67,48
99,59,0,39,24,91,67,48
100,58,0,39,24,91,68,50
100,56,0,39,24,91,68,48
100,54,0,39,24,91,68,43
100,52,-1,38,24,91,68,41
100,50,-1,37,24,90,70,40
101,49,-1,37,24,89,72,39
101,47,-1,37,24,88,72,37
100,44,-1,38,24,89,68,35
98,42,-2,38,24,90,67,32
97,39,-2,39,24,91,65,30
97,37,-2,39,25,92,65,28
97,34,-3,39,24,91,65,25
97,31,-4,39,24,90,65,23
96,27,-7,39,24,89,64,17
93,23,-8,38,24,90,63,13
92,19,-8,38,24,91,62,9
91,16,-9,36,24,91,61,7
90,12,-10,35,24,91,59,3
90,8,-11,35,24,91,59,0
89,3,-12,35,24,91,58,-6
87,0,-11,34,24,91,58,-8
86,-5,-12,33,24,91,57,-14
85,-9,-14,32,24,91,58,-19
84,-13,-15,32,24,91,57,-21
83,-17,-15,31,24,91,56,-25
80,-21,-16,30,24,91,53,-29
79,-26,-18,29,24,91,52,-34
77,-31,-18,28,25,91,51,-39
76,-35,-18,28,24,91,50,-42
75,-39,-19,28,24,91,50,-46
73,-43,-20,27,25,91,47,-50
71,-46,-21,26,25,91,46,-54
69,-49,-22,25,25,92,46,-57
68,-52,-22,25,24,93,45,-61
67,-56,-22,25,23,95,45,-63
68,-59,-23,24,23,95,45,-67
67,-62,-25,23,23,94,45,-69
66,-65,-27,22,23,93,43,-74
65,-67,-28,23,21,93,42,-75
64,-68,-27,22,20,95,41,-78
63,-70,-26,22,19,96,41,-76
62,-72,-26,21,20,95,40,-79
62,-74,-26,21,20,93,40,-80
62,-76,-26,21,20,93,41,-81
63,-76,-26,22,20,93,41,-83
63,-76,-26,22,20,93,41,-81
63,-75,-26,21,20,92,41,-81
63,-75,-26,21,19,91,41,-81
62,-76,-26,21,19,91,41,-81
62,-76,-26,21,19,91,41,-83
63,-76,-26,21,20,91,41,-81
64,-75,-26,21,21,91,42,-80
65,-73,-26,21,21,91,42,-79
65,-71,-26,21,21,91,42,-76
65,-69,-26,21,20,91,42,-75
65,-66,-26,21,20,91,42,-73
65,-65,-25,23,21,91,42,-72
66,-63,-24,23,21,91,43,-70
67,-60,-23,24,21,90,45,-68
67,-57,-22,25,20,89,45,-65
68,-54,-21,26,21,90,43,-62
69,-50,-20,27,21,91,43,-58
69,-47,-18,28,22,92,45,-53
70,-44,-18,27,22,91,45,-51
72,-40,-17,27,21,90,48,-47
73,-36,-18,27,21,87,47,-43
75,-33,-19,27,21,86,50,-40
76,-29,-19,28,21,88,50,-37
76,-25,-18,29,21,90,51,-34
77,-21,-17,30,21,90,51,-30
78,-17,-15,31,21,88,52,-25
80,-12,-14,32,20,87,53,-21
80,-8,-13,34,19,86,51,-18
80,-3,-11,34,20,86,51,-10
80,0,-11,35,23,86,51,-7
82,5,-11,35,25,86,52,-2
83,10,-11,34,25,86,53,1
84,14,-11,34,24,86,54,4
84,18,-11,35,22,86,54,8
86,21,-11,34,22,86,56,12
87,23,-12,34,23,86,57,13
87,24,-11,35,24,86,57,14
87,25,-10,35,25,86,57,15
87,27,-9,37,23,86,57,17
88,29,-8,38,21,86,58,19
89,30,-7,38,19,87,58,20
89,31,-8,38,19,89,59,20
91,32,-8,38,19,90,61,21
93,32,-8,38,20,90,62,21
93,33,-8,38,20,89,63,21
93,31,-8,38,20,88,62,20
92,28,-8,38,19,90,62,18
92,27,-9,37,19,91,62,17
92,26,-9,36,20,92,62,15
92,25,-10,36,20,92,62,15
92,23,-11,35,20,91,62,13
91,21,-12,35,20,91,61,8
91,18,-12,35,19,91,61,7
91,17,-11,33,18,91,63,7
91,15,-9,32,18,92,63,6
91,12,-8,31,17,93,63,3
91,10,-8,31,16,93,63,2
90,9,-9,32,15,93,63,0
90,7,-10,32,15,93,62,0
89,6,-10,32,15,93,61,-1
88,5,-9,31,15,93,61,-3
88,3,-8,31,15,94,61,-3
89,3,-8,31,15,96,61,-4
89,3,-8,31,15,97,62,-4
89,2,-8,31,15,95,62,-6
89,2,-8,31,15,93,62,-6
90,2,-8,31,14,92,62,-6
90,3,-8,31,15,93,62,-4
90,4,-8,31,15,95,63,-3
90,6,-8,31,16,97,62,-1
90,8,-8,31,17,95,62,0
90,10,-8,31,17,93,62,1
89,12,-8,31,16,91,61,3
88,14,-9,32,15,91,61,4
88,16,-10,32,16,91,61,7
89,19,-9,32,18,92,61,9
89,21,-7,32,20,92,61,12
89,23,-5,33,20,91,61,15
88,24,-4,34,20,91,59,15
87,24,-5,35,19,91,59,17
87,24,-6,36,20,91,59,17
88,24,-6,36,20,91,59,14
88,24,-6,35,19,91,59,15
88,24,-5,34,18,91,59,15
88,24,-4,34,17,91,59,15
88,24,-4,34,17,91,59,17
87,24,-6,35,18,91,59,17
86,23,-8,36,18,91,57,13
86,21,-10,35,19,91,56,10
85,18,-12,35,18,91,56,7
84,16,-12,34,18,91,54,4
84,14,-11,34,18,91,54,4
83,11,-11,35,19,91,53,2
83,9,-11,35,18,91,53,0
83,6,-12,35,16,91,54,-4
83,3,-12,33,15,91,54,-7
83,0,-14,32,14,92,56,-9
83,-3,-15,31,14,92,56,-13
82,-7,-15,31,15,91,56,-17
82,-11,-15,32,15,91,56,-20
82,-13,-15,31,14,92,54,-21
82,-15,-16,30,14,92,54,-24
81,-18,-18,29,14,92,54,-26
79,-21,-19,28,15,91,53,-30
79,-25,-18,28,16,91,52,-32
78,-27,-17,28,16,91,52,-35
79,-28,-15,26,16,91,54,-35
80,-29,-15,25,17,91,56,-36
81,-31,-15,24,18,91,57,-36
82,-32,-15,24,19,91,58,-39
82,-32,-15,25,20,91,58,-40
82,-32,-15,25,20,91,57,-39
81,-31,-15,24,20,91,57,-39
81,-30,-15,24,19,91,57,-37
83,-30,-16,24,18,92,58,-37
84,-28,-15,25,17,92,59,-36
84,-27,-14,26,16,91,59,-32
84,-25,-13,27,16,90,59,-30
83,-22,-11,26,18,88,58,-28
83,-19,-10,25,18,89,61,-23
84,-15,-8,24,19,89,62,-19
85,-11,-7,25,20,90,62,-15
86,-7,-7,27,20,89,63,-12
87,-3,-6,29,19,88,62,-8
89,0,-7,29,19,88,63,-4
90,4,-8,30,19,88,64,-1
91,9,-8,31,20,87,63,1
92,14,-7,32,19,86,63,6
92,19,-6,33,19,86,63,12
93,23,-5,34,19,87,64,15
93,26,-4,34,19,88,64,18
94,29,-4,34,20,89,65,21
95,32,-5,34,20,89,67,24
96,36,-5,34,19,90,67,28
96,39,-5,34,18,91,67,30
97,41,-4,34,17,92,68,31
98,42,-3,35,16,92,69,32
99,42,-3,35,16,91,69,32
100,42,-3,35,16,91,70,32
99,42,-4,34,15,91,70,32
99,43,-5,34,14,92,70,34
99,43,-5,34,14,92,70,34
99,42,-5,34,15,91,70,32
99,40,-4,34,16,91,69,31
98,38,-4,34,17,91,69,29
98,36,-5,34,16,91,69,28
98,34,-4,34,15,91,69,25
98,32,-5,34,14,92,69,23
98,29,-5,34,14,92,69,20
98,26,-5,34,14,92,69,18
97,24,-5,34,15,91,68,17
97,21,-4,35,15,91,68,14
96,19,-5,34,14,92,67,12
95,17,-5,33,14,92,67,9
95,15,-6,31,14,92,68,8
95,12,-7,30,14,92,69,6
95,10,-8,29,15,91,69,4
95,8,-7,29,15,91,69,2
94,7,-6,28,15,91,68,1
93,6,-5,28,14,92,69,0
93,5,-5,27,14,92,69,-1
93,5,-5,27,14,92,69,-1
94,4,-5,27,16,91,70,-1
94,4,-5,27,18,91,70,-1
93,5,-5,27,19,91,69,-1
93,6,-5,27,18,91,69,0
92,7,-5,27,17,91,68,1
91,8,-5,28,17,91,68,2
92,10,-6,28,18,91,65,3
93,12,-7,29,18,91,67,6
94,14,-8,29,17,91,68,7
94,16,-7,30,16,91,68,9
94,18,-6,31,18,91,68,12
95,21,-4,32,20,91,68,14
95,24,-3,33,20,91,65,17
96,27,-3,33,18,91,67,19
97,29,-3,33,16,92,68,21
98,32,-3,33,15,92,69,23
98,34,-4,33,14,92,69,26
98,38,-5,33,14,91,69,29
100,41,-5,34,14,92,70,32
102,44,-3,36,15,93,73,35
103,45,-3,36,15,95,74,36
103,46,-2,36,15,97,73,36
102,47,-2,36,14,97,73,37
102,50,-2,37,11,97,73,40
103,52,-1,37,10,97,73,42
103,54,-1,37,10,98,73,45
103,56,-1,37,10,99,73,46
103,56,-1,37,10,100,73,46
104,56,-1,37,9,101,74,46
104,56,-1,37,8,102,74,46
104,56,-1,37,8,102,74,46
104,57,-1,37,7,102,74,46
104,57,-1,37,6,101,74,46
104,56,-1,37,6,102,74,46
104,54,-1,37,6,103,74,43
104,53,-1,37,6,105,74,42
105,52,-1,37,6,107,75,42
105,51,-1,37,6,107,75,41
105,49,-2,37,6,107,75,40
104,47,-2,36,6,107,74,37
103,45,-2,36,6,107,73,36
102,43,-2,36,4,107,73,34
103,43,-3,36,3,107,73,34
103,41,-5,34,3,107,73,32
103,39,-5,34,4,107,73,30
102,36,-4,33,6,107,73,28
101,33,-3,33,6,107,72,25
100,31,-3,32,6,107,73,23
100,31,-2,32,6,107,73,23
101,31,-2,31,6,107,74,25
100,32,-2,29,6,107,73,25
100,31,-3,29,6,106,73,23
99,31,-5,29,6,105,73,23
98,30,-6,29,6,104,72,23
97,30,-6,28,6,103,70,21
97,29,-4,28,6,102,70,21
96,28,-2,29,6,102,69,23
96,29,-3,30,6,102,69,20
96,31,-4,30,6,102,69,23
97,33,-6,29,7,101,70,25
98,35,-7,28,7,99,72,26
99,37,-6,27,8,99,74,28
100,39,-4,27,9,100,75,30
100,41,-4,29,10,100,73,32
101,43,-4,31,10,100,74,34
102,44,-5,31,10,98,75,35
103,45,-5,30,10,97,75,35
103,46,-5,30,10,96,75,37
103,48,-4,30,10,97,75,39
104,50,-2,32,10,97,76,40
105,52,-2,31,10,97,76,43
106,54,-2,31,10,97,78,46
107,56,-2,32,10,96,79,46
107,58,-3,33,10,97,76,47
107,59,-4,34,10,97,76,48
107,58,-4,34,10,98,76,48
107,58,-3,33,10,98,76,47
107,57,-3,32,10,98,76,47
107,58,-3,33,10,98,76,47
108,59,-3,34,10,98,78,48
108,60,-1,36,10,98,78,50
107,60,0,36,10,98,76,52
107,60,0,34,10,99,76,51
108,59,0,33,10,100,79,51
110,60,0,32,10,101,81,51
111,61,1,33,10,102,83,52
112,61,1,34,10,102,83,53
111,61,1,34,10,101,83,52
111,61,1,34,10,101,83,52
111,61,1,34,10,101,83,52
111,61,1,34,10,101,83,52
111,61,2,34,10,101,83,52
110,62,2,34,10,101,81,53
110,63,2,34,10,101,81,54
110,66,1,34,10,102,81,57
110,68,1,33,9,102,81,59
111,70,2,34,8,102,83,61
112,72,3,35,9,102,83,63
113,73,4,36,10,102,81,64
114,75,5,37,10,101,83,68
114,78,5,37,10,101,83,70
114,81,5,37,10,101,83,73
115,85,5,37,10,101,84,76
116,88,6,38,10,101,84,80
117,91,8,39,11,102,85,83
118,94,9,39,10,102,86,85
119,98,10,39,10,101,86,89
119,101,10,38,10,100,87,93
120,105,10,39,10,98,87,95
121,108,9,39,10,98,89,98
122,111,9,40,10,100,90,101
123,113,10,41,10,101,91,103
125,116,11,43,10,102,90,106
126,119,12,43,10,102,90,111
125,122,13,44,10,102,90,113
124,124,13,44,10,101,89,115
124,125,12,44,10,100,89,113
123,125,12,43,10,100,89,113
123,125,11,42,10,100,91,113
123,125,11,42,10,101,91,113
123,125,11,43,10,102,89,113
124,125,12,43,10,102,89,113
123,125,11,43,10,101,91,113
123,124,10,41,10,101,90,113
121,122,9,40,10,101,89,111
120,119,8,40,10,101,87,108
118,115,8,40,10,101,86,104
118,110,8,40,10,101,85,100
117,104,7,39,10,101,85,95
117,98,6,39,10,101,85,89
116,91,6,38,10,101,84,83
113,85,5,37,10,101,83,76
111,80,4,36,10,101,80,69
108,75,2,36,10,101,78,65
107,68,0,35,10,101,76,59
106,60,-1,35,10,101,75,50
104,51,-3,35,10,101,74,41
101,43,-3,33,10,101,72,34
98,36,-3,31,10,101,70,28
96,29,-4,28,10,101,69,20
95,21,-5,26,10,101,70,14
95,13,-8,25,10,101,70,6
93,5,-10,23,10,101,69,-1
92,-1,-11,22,10,101,68,-9
90,-8,-12,21,10,101,67,-15
89,-15,-12,21,10,101,68,-21
87,-21,-13,20,10,101,67,-28
85,-28,-15,18,10,101,64,-34
83,-33,-16,17,10,101,63,-39
82,-38,-18,16,10,102,62,-42
80,-43,-18,15,9,102,61,-47
79,-46,-19,15,9,102,59,-52
77,-50,-19,14,9,102,58,-56
77,-52,-19,14,10,102,58,-58
77,-53,-19,14,9,102,61,-58
77,-55,-21,13,9,102,61,-61
77,-58,-22,12,9,102,59,-63
76,-61,-23,10,10,102,59,-65
76,-61,-23,10,11,102,59,-65
76,-61,-22,12,11,102,59,-65
75,-59,-21,14,10,101,57,-64
74,-57,-20,16,10,100,56,-62
75,-55,-21,15,10,100,56,-61
75,-53,-21,14,10,101,56,-58
75,-50,-21,13,10,101,58,-56
75,-47,-22,14,10,100,57,-53
75,-43,-22,16,10,98,57,-50
76,-39,-21,19,10,97,54,-46
76,-35,-21,21,10,98,54,-42
77,-31,-20,21,10,98,56,-39
79,-26,-19,21,10,98,57,-34
80,-22,-18,20,10,97,58,-30
80,-18,-17,21,10,97,58,-26
81,-14,-16,22,10,97,58,-20
81,-10,-16,24,10,97,57,-19
83,-5,-16,25,10,97,58,-14
85,0,-14,25,10,97,59,-7
86,4,-12,26,10,97,61,-3
88,8,-10,25,10,97,64,2
90,12,-8,24,10,97,65,6
90,16,-8,24,12,97,67,9
90,20,-8,24,14,97,67,13
90,23,-8,25,15,96,65,15
90,27,-6,26,15,95,65,19
91,30,-5,27,15,95,67,21
94,33,-4,27,15,96,69,25
96,36,-3,28,15,96,72,28
96,39,-3,29,15,95,69,32
96,42,-1,30,15,93,69,35
96,45,-1,31,15,94,69,37
98,47,-1,31,15,94,70,40
99,48,-2,30,15,95,72,41
101,50,-2,30,15,94,73,42
101,53,-1,31,15,93,74,45
101,55,0,32,15,93,74,47
102,56,0,32,15,93,74,47
102,56,0,33,15,92,75,47
103,56,1,33,14,92,75,47
104,56,0,33,14,92,76,48
105,57,0,32,14,92,78,50
107,58,0,32,15,92,79,50
107,58,0,32,15,92,79,50
107,58,0,32,14,91,79,50
106,58,1,34,14,92,79,50
106,58,2,34,15,92,79,50
107,58,2,34,15,93,79,50
108,59,1,34,15,93,80,51
109,60,1,34,15,93,81,51
110,60,1,34,15,93,81,52
110,60,2,34,15,93,81,52
110,60,1,34,15,93,81,52
111,61,1,34,14,93,83,52
111,61,1,34,14,93,83,52
111,61,1,34,13,94,83,52
111,61,1,34,14,95,83,52
111,61,1,34,15,95,83,52
111,61,1,34,15,95,83,52
111,61,1,34,15,95,83,52
111,61,1,34,14,95,83,52
112,60,2,33,13,96,83,52
111,61,2,33,13,97,83,52
110,62,3,32,13,97,81,53
110,64,2,33,13,97,81,54
110,65,2,33,14,97,81,57
111,67,1,34,14,97,83,58
112,68,1,34,15,96,83,59
113,71,3,35,15,96,81,62
113,73,4,36,15,96,83,64
113,75,4,36,15,97,83,65
113,77,4,34,15,97,84,69
112,78,3,32,15,96,83,68
111,79,2,32,15,97,81,69
110,81,2,33,15,97,81,72
111,83,1,34,15,97,81,73
112,84,1,34,15,97,84,74
114,85,2,34,15,97,85,74
114,85,1,34,15,97,85,74
114,85,1,34,15,97,85,75
113,86,1,34,15,97,84,75
112,86,1,34,15,97,84,76
112,85,1,34,15,97,83,75
111,83,2,34,15,97,81,73
110,83,1,34,15,97,81,73
109,83,1,34,15,97,80,73
109,83,1,34,15,97,80,73
109,81,2,34,15,97,80,70
109,76,2,34,15,97,80,67
108,72,1,34,15,97,80,63
107,69,0,33,15,97,79,59
107,68,0,32,15,97,79,58
107,65,-1,30,15,97,79,57
106,62,-1,29,15,97,80,53
106,57,0,29,15,97,80,50
105,52,0,30,15,96,78,43
104,47,-1,30,15,97,76,40
103,43,-3,29,15,97,75,36
102,38,-4,28,15,97,75,29
101,32,-5,28,15,96,76,24
101,28,-5,27,15,96,75,20
99,23,-4,26,15,97,75,15
98,19,-4,24,13,97,76,14
97,14,-4,21,11,97,75,10
97,10,-5,20,10,97,75,7
97,6,-5,20,11,97,75,2
97,2,-5,20,12,97,75,-1
96,0,-5,21,12,97,74,-3
95,-4,-8,21,10,97,73,-9
94,-7,-10,21,10,97,73,-12
93,-10,-11,20,10,97,72,-14
93,-14,-10,18,10,97,72,-18
91,-17,-9,17,10,97,73,-21
90,-20,-9,17,10,97,72,-24
88,-21,-9,17,10,97,69,-24
86,-21,-9,17,10,97,68,-24
87,-21,-9,17,10,97,68,-25
87,-23,-10,18,10,97,67,-26
89,-24,-11,20,10,97,68,-28
89,-24,-12,21,10,97,68,-30
88,-23,-12,21,10,97,65,-29
87,-21,-12,21,10,97,67,-28
87,-21,-12,21,10,97,67,-26
87,-21,-12,21,10,97,67,-28
86,-21,-12,21,10,97,65,-28
86,-20,-11,21,10,97,63,-26
86,-18,-11,22,10,97,63,-24
87,-16,-10,22,10,97,64,-20
88,-14,-9,23,10,97,65,-18
89,-13,-9,24,10,97,67,-17
90,-10,-8,24,10,97,67,-14
90,-6,-8,24,10,97,67,-12
91,-3,-8,24,10,97,68,-8
93,0,-9,24,10,97,69,-6
94,1,-9,24,10,97,70,-3
95,4,-8,24,10,97,72,-1
96,7,-7,25,10,97,72,1
96,12,-6,26,10,97,72,6
97,16,-5,27,10,97,73,9
97,20,-4,27,10,97,73,13
97,24,-5,27,10,97,73,17
98,28,-5,27,10,97,73,20
99,31,-5,27,10,97,74,23
100,33,-4,28,10,96,75,25
101,36,-2,29,10,95,74,30
102,39,-2,31,10,95,75,32
103,43,-1,31,10,95,75,36
104,46,-1,31,10,96,76,40
105,50,-1,30,10,97,78,42
106,52,-2,31,10,97,79,45
107,54,-2,31,10,97,79,47
108,57,-2,30,10,97,80,48
108,59,0,30,10,97,80,51
109,61,0,30,10,97,83,53
109,64,3,30,10,97,83,57
109,65,4,31,10,97,83,58
108,65,4,31,10,97,83,59
108,65,3,31,10,97,83,58
108,65,3,31,10,97,83,58
109,63,4,31,10,97,84,57
110,62,5,31,10,98,84,56
111,61,5,30,10,99,85,54
112,61,3,29,10,100,85,54
111,61,3,28,10,101,85,54
111,59,2,28,10,101,84,53
109,56,2,28,11,102,83,51
108,53,2,28,11,102,83,47
109,51,1,27,10,101,83,46
110,50,1,27,9,102,84,45
110,49,1,26,7,102,84,41
109,46,1,27,6,102,83,41
107,43,1,27,5,102,81,39
106,39,1,27,6,102,81,35
106,36,0,26,6,102,83,30
106,35,-1,25,6,102,83,29
105,32,-1,24,6,102,83,26
104,30,-2,23,6,102,81,25
104,28,-2,23,6,102,80,23
104,26,-1,24,6,102,81,20
104,24,-1,24,6,102,81,19
105,23,-1,24,6,102,83,18
104,22,-2,23,6,102,81,17
103,21,-2,23,6,102,80,17
101,21,-3,22,6,102,79,15
99,20,-4,21,6,102,76,15
98,19,-4,21,6,102,76,14
97,18,-4,21,6,102,75,13
97,18,-4,21,6,102,74,13
97,18,-4,21,6,102,74,13
97,18,-5,21,6,102,75,13
97,18,-5,21,6,103,75,13
97,18,-4,22,6,104,74,13
97,18,-3,22,6,105,74,13
97,18,-3,22,6,105,74,13
97,18,-3,22,6,104,74,13
97,18,-4,22,6,104,74,13
97,18,-4,23,6,104,75,13
97,18,-3,25,6,105,73,13
96,18,-3,24,6,107,74,13
96,18,-3,23,6,107,74,13
95,17,-3,22,6,107,73,12
96,17,-4,21,6,107,74,13
95,17,-4,21,6,107,73,12
94,16,-4,21,6,107,73,12
93,16,-4,23,6,106,72,10
93,15,-4,24,6,105,70,10
93,14,-5,25,6,105,69,7
93,12,-7,24,6,105,69,6
93,10,-7,23,6,106,69,3
92,7,-8,22,7,107,70,1
91,5,-7,22,8,107,69,0
91,3,-6,21,7,107,69,-2
90,1,-6,20,6,107,69,-2
90,-1,-6,20,6,107,69,-4
89,-4,-7,19,6,107,68,-9
89,-7,-7,18,6,107,70,-12
88,-11,-8,18,6,107,69,-15
86,-14,-9,18,6,107,68,-18
86,-17,-9,17,6,107,68,-21
86,-21,-9,17,6,107,68,-24
86,-23,-10,16,6,107,68,-26
86,-26,-11,15,6,107,68,-29
85,-28,-12,14,6,107,67,-31
84,-30,-13,13,6,107,67,-34
84,-32,-13,14,6,107,65,-35
83,-34,-12,14,6,107,65,-37
84,-35,-12,14,6,107,65,-37
84,-36,-12,14,6,107,67,-39
84,-38,-13,14,6,107,67,-40
83,-40,-13,14,6,107,65,-42
82,-41,-13,14,6,107,64,-43
81,-40,-13,14,6,107,63,-42
80,-39,-12,14,6,107,63,-41
80,-39,-12,14,6,107,63,-41
80,-38,-13,14,6,107,62,-41
80,-38,-14,15,6,107,62,-42
80,-36,-15,14,6,107,63,-41
81,-34,-15,13,6,107,63,-39
82,-32,-14,13,6,105,64,-37
83,-30,-13,14,6,104,65,-32
83,-27,-13,15,6,103,65,-32
83,-25,-15,16,6,104,63,-30
82,-22,-15,17,6,104,62,-29
82,-20,-14,17,6,104,62,-26
83,-18,-12,19,6,103,63,-24
85,-15,-12,21,7,102,64,-21
86,-12,-12,21,7,102,65,-19
86,-9,-12,21,7,102,65,-17
86,-6,-12,21,7,102,65,-13
86,-3,-11,21,7,102,65,-10
85,-1,-11,22,7,102,62,-9
85,0,-10,23,7,102,62,-6
86,2,-9,23,6,102,63,-3
87,5,-9,24,5,102,64,0
89,9,-8,24,6,102,65,3
89,12,-8,24,7,102,65,6
89,13,-8,24,7,102,65,6
89,13,-9,24,7,102,65,6
89,14,-9,24,6,102,65,7
89,15,-9,24,6,102,65,8
89,17,-8,24,6,102,65,9
89,19,-7,25,6,102,65,12
91,21,-7,25,6,102,67,13
93,21,-7,25,6,102,69,14
94,22,-7,25,6,102,70,14
94,22,-6,26,6,102,70,14
94,22,-5,27,6,102,70,14
95,23,-4,27,6,102,72,15
97,24,-5,27,6,102,73,17
99,25,-5,27,6,102,74,18
99,25,-5,27,6,102,74,18
98,25,-5,27,6,102,74,18
98,25,-5,27,6,102,74,17
100,25,-5,27,6,102,75,18
101,27,-5,27,6,102,76,19
102,28,-5,27,6,102,76,20
101,30,-5,27,6,102,76,23
101,32,-5,27,6,102,75,24
101,32,-3,28,6,102,74,24
102,32,-2,29,6,102,74,26
103,33,-2,29,6,102,75,28
104,33,-3,28,6,102,76,25
104,33,-5,27,6,102,79,25
104,34,-5,27,6,102,79,25
104,35,-5,27,6,102,79,26
102,37,-5,27,6,102,78,28
102,38,-5,27,6,102,76,29
103,39,-5,27,6,103,78,30
104,39,-5,27,6,104,79,30
103,39,-5,27,6,103,78,30
102,38,-5,27,6,102,76,29
101,36,-5,27,6,102,76,28
101,33,-5,27,6,102,75,25
101,31,-5,27,6,102,75,23
100,31,-5,28,6,102,75,23
99,31,-4,27,6,102,74,23
97,29,-5,27,7,102,73,21
96,27,-6,26,8,102,72,19
94,24,-8,25,8,102,70,17
93,21,-10,25,8,102,69,14
92,19,-10,25,7,102,68,9
91,16,-10,25,6,102,67,9
90,13,-9,25,6,102,67,6
90,10,-9,24,6,102,67,3
90,7,-9,23,6,102,67,1
90,4,-10,22,6,102,67,-1
89,0,-11,22,6,102,65,-7
88,-2,-11,21,6,102,65,-9
87,-6,-12,21,6,102,67,-13
86,-8,-12,21,6,102,65,-15
86,-10,-12,21,6,102,65,-17
86,-10,-12,21,6,102,65,-18
86,-13,-12,21,6,102,65,-19
85,-15,-12,21,6,102,64,-21
84,-17,-12,21,6,102,64,-23
84,-18,-12,21,6,102,64,-24
84,-18,-12,20,6,102,64,-24
85,-18,-13,20,6,102,64,-24
85,-18,-13,19,6,103,64,-25
85,-18,-14,19,6,104,64,-24
84,-17,-14,19,6,103,64,-24
84,-17,-13,19,6,102,63,-23
84,-17,-13,20,6,102,64,-23
86,-17,-12,20,6,102,65,-23
87,-15,-12,21,6,102,67,-21
87,-13,-12,21,6,102,67,-20
87,-11,-12,21,6,102,67,-18
87,-10,-12,21,6,102,67,-17
88,-8,-12,21,6,102,68,-15
89,-7,-12,21,6,102,68,-14
90,-4,-12,21,5,102,69,-12
90,-1,-12,21,6,102,69,-8
91,2,-12,20,7,102,69,-6
92,5,-12,21,9,102,70,-2
93,8,-11,22,10,101,69,0
93,12,-10,23,11,101,69,6
93,16,-9,24,10,101,69,9
94,20,-8,24,10,102,70,13
94,24,-7,25,10,102,70,17
95,28,-6,26,10,101,72,20
96,31,-5,27,10,101,72,23
97,33,-4,27,10,100,73,25
99,36,-4,28,10,99,72,28
100,39,-2,29,10,98,73,32
101,42,-1,30,10,97,74,35
101,45,-1,31,10,97,74,37
101,48,-2,31,10,97,74,41
102,51,-2,31,10,97,74,43
103,54,0,31,10,97,75,46
105,57,1,32,10,97,78,50
106,60,3,32,10,97,78,51
107,62,3,32,10,97,79,56
108,64,4,31,10,97,81,57
109,67,4,30,10,97,83,61
110,70,5,30,10,97,84,63
110,71,5,30,10,97,84,64
110,72,4,30,10,97,84,65
111,73,5,30,10,97,84,67
112,76,5,30,10,97,85,68
113,79,5,30,10,97,86,70
113,81,5,30,10,97,86,73
112,83,5,30,10,97,86,75
113,84,5,30,10,97,86,76
113,85,6,31,10,97,86,76
114,85,6,31,10,97,86,76
114,85,6,31,10,97,86,76
114,85,5,30,10,97,86,76
113,85,5,30,10,97,86,76
114,85,4,30,10,97,87,76
115,86,4,30,10,97,87,78
115,86,5,30,10,97,89,78
115,86,6,31,10,97,87,78
114,86,7,32,10,97,86,78
114,85,7,32,10,97,86,76
114,84,6,31,10,97,87,75
115,82,5,30,10,97,89,74
116,81,4,30,10,97,89,73
116,80,5,30,10,97,90,73
116,81,5,30,10,97,90,73
116,81,5,30,10,97,89,73
115,80,5,30,10,97,87,73
113,79,5,30,10,97,86,72
112,78,5,30,10,97,86,70
112,77,5,30,10,97,85,69
112,74,5,30,10,97,85,67
112,72,4,30,10,97,85,65
111,72,5,30,10,97,84,64
110,72,4,30,10,97,84,64
109,71,5,30,10,97,83,64
108,69,5,30,10,97,83,62
108,66,5,30,10,97,83,59
108,65,4,31,10,97,83,58
107,64,3,32,10,97,79,57
106,63,2,31,11,97,78,54
105,61,0,31,12,97,78,53
105,61,-1,31,13,97,78,52
105,60,-2,30,14,97,78,51
105,59,-2,31,15,97,78,51
104,57,-1,30,15,96,76,48
104,54,-1,30,15,96,75,46
104,53,-1,31,15,97,76,45
104,50,-1,31,15,97,76,43
104,49,-1,30,15,97,76,41
103,46,-2,29,15,97,75,39
102,44,-4,28,15,97,76,35
102,42,-5,27,15,97,76,32
101,39,-5,27,15,96,76,30
101,37,-5,27,15,96,76,29
99,35,-5,27,14,97,74,26
98,32,-5,27,14,97,74,24
97,30,-4,27,13,97,73,21
97,28,-5,27,14,97,72,20
97,25,-6,26,14,97,72,18
96,22,-7,25,14,97,72,14
95,18,-8,24,13,97,72,12
94,15,-9,24,13,97,70,8
93,12,-10,24,13,97,69,6
93,8,-10,22,13,97,69,2
93,4,-10,21,14,97,72,-1
92,0,-9,19,14,97,70,-4
91,-2,-9,17,13,97,72,-7
90,-4,-10,18,12,97,70,-9
90,-6,-10,18,11,97,68,-12
89,-8,-10,19,10,97,68,-13
88,-11,-11,19,10,97,67,-15
86,-14,-10,19,10,97,65,-18
85,-17,-10,18,10,97,64,-20
85,-18,-10,18,10,97,64,-23
85,-19,-9,17,10,97,67,-23
86,-19,-9,17,10,97,68,-23
86,-20,-9,17,12,97,68,-24
85,-21,-9,17,12,97,67,-25
84,-23,-9,17,11,97,65,-26
83,-24,-9,17,10,97,64,-28
82,-24,-9,17,10,97,64,-28
83,-24,-9,17,11,97,65,-28
84,-23,-9,17,12,97,65,-26
85,-21,-9,17,12,97,67,-24
85,-18,-9,17,10,97,67,-23
85,-17,-9,17,10,97,67,-21
85,-16,-9,17,10,97,67,-20
86,-15,-9,17,10,97,68,-19
88,-13,-9,17,10,97,69,-18
88,-11,-9,17,10,97,69,-15
89,-9,-9,17,10,97,70,-14
89,-7,-9,17,10,97,70,-12
89,-4,-8,18,10,97,70,-9
90,0,-7,20,10,97,69,-6
91,2,-5,20,10,97,69,-1
92,4,-5,21,10,97,70,1
93,6,-5,20,10,97,72,2
93,8,-6,21,10,97,72,4
93,11,-6,21,10,97,72,4
94,15,-6,22,10,95,73,8
95,18,-5,23,10,93,73,14
95,21,-3,23,10,92,73,15
94,22,-2,23,10,92,73,17
94,24,-2,23,10,93,73,19
95,27,-1,24,11,95,73,21
97,29,-2,24,13,97,74,24
98,32,-2,24,13,97,76,26
99,35,-1,24,13,97,76,29
100,39,-2,23,11,97,78,32
101,42,-2,23,10,97,79,35
102,44,-1,24,10,97,79,37
102,46,-1,25,10,97,79,39
102,47,0,26,10,97,79,40
102,51,1,27,10,97,76,46
103,55,1,27,10,97,78,50
104,58,1,27,10,97,79,52
106,61,1,26,10,97,80,53
106,64,1,27,10,97,80,57
106,65,2,28,11,97,80,59
107,68,4,29,12,97,80,61
108,69,5,30,12,98,81,63
109,71,5,30,11,99,83,64
109,73,5,30,10,98,83,65
108,74,5,30,10,97,83,67
108,76,5,30,10,97,81,68
109,77,5,30,10,98,83,69
110,78,5,30,10,98,84,70
112,78,4,30,10,98,85,70
112,78,5,30,10,97,86,70
112,78,5,29,10,98,85,70
112,78,6,29,10,98,85,70
112,78,5,29,10,98,85,70
112,78,5,29,10,97,85,70
112,78,5,30,10,97,85,70
113,77,6,29,10,96,86,69
113,75,7,28,10,97,89,68
113,73,7,27,10,97,89,68
112,71,7,26,10,98,87,67
112,69,6,26,10,98,87,64
112,66,6,27,10,98,87,59
111,64,5,26,10,97,86,58
110,62,4,25,10,98,86,56
110,60,4,24,10,98,86,54
109,58,3,24,10,98,85,52
109,55,3,25,10,97,85,50
109,52,3,26,10,97,85,47
108,49,2,26,10,98,85,45
107,47,0,26,10,100,81,40
105,44,-1,25,10,101,81,37
104,41,-1,24,10,101,81,35
104,38,-1,22,10,102,81,31
104,35,0,22,10,102,80,29
103,33,-1,22,8,102,80,28
102,32,-2,23,7,102,79,26
101,30,-2,24,7,102,79,25
100,28,-1,24,8,102,78,23
98,25,-2,23,9,102,76,19
97,21,-3,23,9,102,75,17
96,19,-4,21,7,102,74,14
95,18,-5,21,6,102,73,13
94,16,-6,20,5,103,73,10
92,14,-5,20,6,104,70,9
91,11,-5,20,6,103,69,7
91,9,-5,20,6,102,69,4
92,7,-5,21,6,102,70,3
92,5,-5,20,6,103,70,1
91,3,-6,19,6,104,69,-2
90,2,-8,18,6,105,70,-3
89,0,-9,17,6,106,70,-4
88,-2,-9,17,6,106,69,-7
88,-3,-9,17,6,107,69,-8
87,-4,-9,17,6,107,69,-9
87,-6,-9,17,6,107,68,-10
87,-8,-9,17,6,107,68,-13
86,-10,-9,17,6,107,68,-14
85,-13,-8,17,6,107,67,-18
85,-15,-8,16,6,107,67,-19
85,-17,-9,15,6,107,67,-20
85,-19,-11,14,6,107,67,-23
85,-21,-12,14,6,105,67,-24
84,-23,-13,13,6,103,65,-26
84,-25,-12,13,6,102,65,-29
84,-27,-11,12,6,101,68,-30
83,-28,-10,11,6,102,68,-31
83,-30,-10,11,6,102,67,-32
82,-32,-10,10,6,102,67,-35
82,-33,-10,11,6,102,67,-36
83,-35,-10,11,6,102,68,-37
84,-35,-10,11,6,102,68,-37
84,-35,-10,12,6,102,68,-37
83,-35,-12,12,6,102,68,-37
83,-35,-14,12,6,102,68,-37
83,-35,-15,12,6,102,65,-40
83,-35,-15,12,6,102,65,-40
83,-35,-14,12,6,102,65,-37
83,-35,-13,14,6,102,65,-37
83,-35,-12,14,6,101,65,-37
84,-35,-13,14,6,101,65,-37
85,-34,-13,14,6,100,67,-36
86,-32,-13,14,6,101,68,-34
86,-30,-12,14,5,101,68,-32
85,-28,-12,14,6,101,67,-31
86,-26,-13,14,6,100,68,-29
86,-23,-13,13,6,99,68,-26
87,-19,-12,14,5,100,69,-23
88,-17,-11,14,5,101,70,-20
89,-15,-10,16,6,101,70,-19
89,-13,-9,17,7,101,70,-17
89,-9,-9,17,9,100,70,-14
90,-4,-9,17,10,98,70,-9
91,0,-9,17,11,97,73,-6
93,3,-8,18,10,97,73,-2
93,6,-7,19,10,98,74,0
92,9,-6,20,10,98,70,6
92,13,-5,21,10,98,70,9
93,18,-4,21,10,97,70,13
94,22,-3,21,10,98,72,17
96,27,-2,21,10,100,74,21
97,31,-2,22,10,102,74,25
97,34,-2,23,10,102,75,28
98,37,-1,23,10,100,75,30
99,40,0,21,10,100,79,36
100,44,0,20,10,100,79,39
101,47,0,21,10,101,80,42
101,51,0,22,10,102,80,46
102,54,2,24,11,102,79,48
104,56,4,24,10,101,81,51
106,57,5,23,10,101,84,52
106,59,5,23,10,99,84,53
105,61,4,23,10,98,84,54
106,63,4,23,11,98,84,57
107,64,3,24,10,98,83,58
108,65,3,25,8,99,85,58
109,65,2,25,7,99,85,58
108,65,2,26,7,99,85,58
109,65,2,25,8,98,85,58
109,64,2,26,10,97,85,57
109,61,3,27,11,97,85,54
108,59,3,28,11,98,83,53
108,57,2,28,10,99,81,51
108,56,1,27,10,101,81,51
107,55,1,26,9,101,81,47
106,53,1,27,9,101,80,47
105,51,1,27,9,100,80,43
106,47,1,27,10,99,80,42
105,45,0,26,10,99,83,37
105,41,0,24,9,100,83,35
105,38,0,22,7,102,83,31
105,36,-1,22,7,102,83,30
104,34,-2,23,6,102,81,29
103,32,-2,24,6,102,80,26
102,31,-1,24,6,102,80,25
102,28,-2,23,6,102,79,23
101,27,-3,23,6,102,79,21
100,25,-4,21,6,102,78,20
100,23,-5,20,6,102,78,18
99,21,-6,20,6,102,76,17
98,19,-5,20,6,102,75,14
97,18,-6,20,6,102,75,13
97,18,-6,21,6,102,75,10
97,17,-5,21,6,102,75,13
98,16,-4,19,6,102,78,12
97,15,-4,17,6,102,78,10
96,13,-6,15,6,102,79,9
95,11,-7,15,6,102,75,7
95,11,-8,15,6,102,75,4
95,11,-7,15,6,102,75,7
95,11,-7,15,6,102,75,7
95,11,-7,14,6,102,78,7
95,11,-7,14,6,102,78,7
95,11,-7,14,6,102,78,7
95,11,-7,15,6,102,78,7
95,11,-8,16,6,102,75,6
95,11,-9,17,6,102,75,6
95,11,-9,17,6,102,75,6
95,11,-9,17,6,102,75,6
95,11,-9,17,6,102,75,6
95,11,-9,17,6,102,75,6
95,11,-9,17,6,102,75,4
95,11,-9,17,6,102,75,4
94,10,-9,17,6,102,75,4
93,10,-9,17,6,102,74,4
93,10,-9,17,6,102,73,4
92,9,-9,17,6,102,73,3
92,7,-9,17,6,102,73,1
93,6,-9,17,5,102,73,0
93,5,-9,17,4,102,74,-1
93,4,-9,17,4,102,74,-1
92,4,-9,17,4,102,73,-1
92,2,-9,17,3,102,73,-2
91,0,-9,17,2,102,72,-4
90,-2,-10,16,2,102,72,-8
90,-5,-11,14,2,102,70,-9
89,-7,-12,14,3,102,70,-12
90,-7,-13,14,3,102,72,-12
90,-8,-13,14,2,102,72,-13
91,-9,-12,14,1,102,72,-14
91,-11,-11,13,0,102,74,-15
90,-14,-11,12,1,102,73,-18
88,-17,-12,13,1,102,69,-21
87,-20,-12,14,2,102,69,-24
87,-21,-12,14,3,102,68,-24
87,-21,-12,13,2,102,72,-25
87,-23,-11,11,1,102,72,-26
87,-25,-11,10,1,102,72,-29
86,-27,-11,10,1,102,70,-30
85,-28,-12,10,1,102,69,-31
85,-28,-12,9,1,102,72,-31
85,-28,-11,8,1,102,72,-31
86,-29,-10,9,1,102,73,-32
87,-31,-11,9,0,102,73,-34
88,-32,-12,8,1,102,74,-35
87,-31,-13,7,2,102,73,-34
86,-29,-12,8,4,102,73,-32
85,-28,-10,9,6,102,72,-31
85,-27,-10,9,6,102,72,-30
86,-27,-12,8,4,102,73,-30
88,-27,-13,7,3,102,74,-30
89,-25,-12,8,2,102,75,-29
89,-24,-11,9,2,102,75,-28
88,-23,-11,9,4,103,74,-26
88,-21,-12,8,5,102,74,-24
89,-18,-12,8,6,101,74,-21
89,-16,-11,9,5,98,75,-20
89,-14,-9,10,4,97,75,-17
89,-13,-9,11,3,97,73,-17
89,-10,-10,11,3,99,73,-14
89,-7,-11,11,3,101,73,-12
90,-4,-10,11,4,101,73,-9
90,-2,-10,10,5,99,74,-7
91,0,-9,10,6,97,74,-3
92,1,-9,10,5,97,76,-1
92,3,-10,10,5,97,75,-1
93,6,-9,10,5,97,75,0
93,8,-8,11,5,97,75,4
94,10,-7,12,6,97,76,7
96,12,-6,13,6,97,79,8
98,13,-5,14,6,97,80,9
100,14,-6,14,6,97,81,9
99,15,-6,13,6,97,81,10
98,17,-6,13,6,97,80,12
97,18,-6,13,6,97,79,13
96,18,-6,13,6,97,79,13
97,18,-6,13,6,97,79,13
98,18,-5,14,6,97,80,14
100,20,-5,14,6,97,83,15
101,20,-4,15,5,97,83,15
101,21,-5,14,6,97,84,15
101,21,-6,14,6,97,83,15
101,21,-6,14,6,97,83,15
101,21,-5,14,5,97,83,15
101,20,-4,15,5,97,83,15
101,19,-3,15,6,97,84,14
102,19,-3,16,7,97,84,14
102,19,-2,17,7,97,84,14
102,18,-2,17,7,97,84,14
103,18,-3,16,6,97,85,13
103,18,-3,15,5,97,85,13
102,19,-2,15,5,97,84,17
101,20,-1,15,6,97,83,18
102,19,-1,16,7,97,84,17
104,18,-1,15,7,97,85,17
106,20,0,14,7,97,87,17
106,21,0,13,6,97,90,19
106,23,0,13,5,97,90,20
105,23,0,14,5,97,87,20
105,23,0,14,5,97,86,20
104,24,0,14,6,97,86,21
104,25,0,13,6,97,87,23
104,28,1,14,6,97,87,25
104,30,2,16,5,97,86,26
105,33,3,18,5,97,86,29
106,35,3,18,6,97,87,31
108,36,4,17,7,97,89,34
108,36,4,16,7,97,90,35
108,37,4,16,8,97,89,36
107,39,4,16,9,97,87,37
107,41,4,17,10,97,89,39
108,43,4,16,10,97,89,40
109,44,4,16,10,97,90,42
110,47,4,16,9,97,91,45
111,49,4,16,8,97,91,46
112,50,4,16,8,97,92,47
112,50,4,16,10,96,92,47
112,50,4,16,10,95,92,47
112,50,4,16,11,95,92,47
112,50,4,16,10,96,92,47
112,50,4,16,9,97,92,47
112,50,4,16,7,97,92,47
112,50,4,16,6,97,92,47
112,50,4,16,7,97,92,47
112,50,4,16,9,97,92,47
112,50,4,16,9,97,92,47
113,49,4,16,7,97,93,46
113,47,4,16,6,97,93,45
113,45,3,16,5,97,93,42
113,42,2,15,5,97,93,37
112,40,2,14,6,97,95,36
111,38,2,13,6,97,93,36
110,37,2,12,5,97,93,35
109,35,2,11,5,97,92,34
109,32,3,10,6,98,95,31
109,30,3,10,6,101,95,29
108,27,4,10,5,102,93,26
108,24,3,9,4,103,93,24
107,22,3,9,4,102,93,21
107,21,2,8,5,102,93,20
107,19,1,7,5,102,93,19
107,18,1,7,4,102,92,18
106,16,0,7,3,102,91,17
105,14,0,7,2,102,91,12
104,11,-1,7,2,102,91,9
104,9,-1,8,2,102,90,7
104,7,-2,9,3,102,87,6
103,5,-2,10,4,102,87,3
101,4,-3,10,4,102,86,3
100,3,-3,10,4,103,85,2
101,1,-3,9,3,104,85,1
102,0,-4,8,2,104,86,0
103,0,-3,9,3,104,87,-1
103,-1,-3,10,3,102,87,-1
102,-1,-2,10,2,101,86,-2
100,-2,-2,10,2,102,84,-2
99,-3,-2,10,2,104,84,-3
98,-3,-3,9,3,106,83,-3
98,-3,-3,9,3,106,83,-3
99,-3,-4,8,2,104,84,-3
99,-3,-3,9,0,102,84,-3
98,-3,-3,9,0,102,83,-3
99,-3,-2,10,1,102,84,-3
98,-3,-2,10,3,102,83,-3
98,-2,-3,10,4,102,83,-2
97,0,-3,10,4,102,81,-1
96,0,-3,10,3,102,81,0
96,1,-2,10,3,102,80,0
96,0,-3,10,3,102,81,0
96,0,-3,10,4,102,81,0
96,0,-3,10,4,102,81,0
96,0,-3,10,4,102,81,0
96,0,-3,10,4,102,81,0
96,0,-3,10,4,102,81,0
96,0,-2,10,4,102,81,0
96,1,-3,10,4,102,81,0
97,2,-3,10,4,102,81,1
96,3,-3,10,5,102,81,2
96,3,-2,10,6,102,80,2
96,4,-2,10,6,102,80,3
97,6,-3,10,4,102,81,4
98,7,-3,9,2,102,83,6
98,8,-5,7,1,102,85,4
96,7,-6,7,2,102,84,3
95,5,-7,6,3,102,83,2
94,3,-6,7,2,102,81,0
95,2,-6,7,1,102,83,-1
95,1,-6,6,2,102,83,-1
96,2,-6,7,4,102,83,-1
96,1,-7,8,6,102,80,-1
94,0,-9,9,6,102,79,-2
93,0,-9,8,6,102,78,-3
92,-1,-9,7,6,102,78,-4
93,-3,-8,7,6,102,78,-6
93,-4,-10,7,6,102,79,-7
93,-6,-10,7,6,103,79,-8
92,-7,-11,5,5,104,79,-9
90,-10,-10,3,4,104,78,-12
89,-12,-10,3,4,103,76,-14
89,-16,-10,3,4,102,76,-18
89,-18,-10,3,5,102,78,-20
89,-22,-10,3,6,102,76,-23
88,-25,-10,3,6,102,76,-26
86,-28,-11,2,6,102,75,-29
86,-32,-12,1,6,102,74,-32
85,-35,-12,1,6,102,74,-35
86,-38,-13,0,6,102,76,-40
86,-41,-13,0,6,102,76,-42
85,-43,-13,0,6,102,75,-45
83,-46,-13,0,6,102,74,-47
82,-49,-13,0,6,102,74,-50
82,-53,-14,0,6,102,74,-53
81,-57,-16,-1,6,101,73,-57
79,-60,-17,-2,5,101,72,-59
78,-61,-17,-3,4,100,70,-62
78,-63,-17,-3,3,99,70,-63
78,-64,-17,-3,4,98,70,-64
78,-66,-17,-2,5,97,69,-65
76,-68,-17,-2,6,97,69,-67
76,-68,-17,-3,5,98,68,-68
77,-69,-17,-4,4,100,72,-68
78,-68,-18,-6,3,101,72,-68
77,-69,-20,-7,4,101,72,-68
75,-68,-19,-5,5,101,70,-68
75,-68,-18,-3,6,100,67,-68
76,-68,-17,-2,6,98,68,-67
78,-66,-17,-2,6,97,70,-65
79,-65,-17,-2,5,97,70,-64
79,-62,-17,-3,5,98,72,-62
80,-60,-16,-3,6,99,72,-59
81,-57,-15,-4,6,100,75,-57
81,-53,-16,-3,6,99,73,-53
81,-50,-17,-3,6,98,73,-51
81,-47,-18,-3,6,97,73,-48
82,-45,-17,-2,5,97,73,-46
83,-41,-16,-1,6,97,74,-42
84,-36,-14,0,6,97,75,-39
86,-32,-14,0,5,97,76,-35
87,-28,-13,0,5,97,75,-31
89,-24,-12,1,5,97,78,-25
89,-20,-10,2,6,97,78,-21
89,-16,-10,3,7,97,76,-18
90,-12,-10,3,7,97,78,-14
90,-9,-10,3,7,97,78,-12
92,-6,-10,3,7,97,80,-8
93,-2,-9,4,9,97,80,-6
93,0,-7,6,10,97,80,-3
93,3,-6,7,10,97,80,0
94,6,-6,7,10,95,81,3
94,10,-6,7,10,93,81,6
95,12,-6,6,10,93,81,8
96,14,-6,6,10,93,83,9
97,15,-5,7,10,93,84,10
97,17,-3,9,10,93,81,14
97,19,-3,10,10,93,81,17
97,22,-2,10,10,92,81,19
97,24,-2,10,10,92,81,21
98,25,-3,10,10,92,83,21
99,25,-3,10,10,92,83,23
99,25,-3,10,10,92,83,21
98,25,-2,10,10,92,83,21
98,25,-2,10,10,92,83,21
98,25,-3,10,10,92,83,23
98,25,-3,9,10,92,83,21
98,23,-5,7,10,92,85,18
99,21,-6,7,10,92,85,15
99,19,-6,6,10,92,85,14
98,18,-6,6,10,92,85,14
97,18,-6,7,10,92,84,13
97,18,-6,7,10,92,84,13
97,17,-6,7,10,92,84,13
98,16,-5,6,10,92,85,13
100,14,-4,5,10,92,86,12
100,12,-4,4,10,92,86,10
100,10,-4,4,10,92,89,8
99,8,-4,4,10,92,85,7
98,7,-4,4,10,92,85,6
97,7,-3,4,10,92,84,6
97,7,-3,3,10,92,86,6
99,6,-3,3,10,92,87,4
99,4,-4,2,10,92,89,3
99,3,-4,2,10,92,89,2
98,1,-4,2,10,92,87,1
98,1,-3,3,10,92,87,1
98,2,-4,2,10,92,87,1
99,3,-5,1,10,92,89,2
100,3,-6,0,10,92,89,2
101,3,-7,0,10,92,90,2
100,3,-7,0,10,92,89,2
100,3,-6,0,10,92,89,2
100,3,-6,0,10,92,89,2
100,3,-6,0,10,92,89,2
100,3,-7,0,10,92,89,2
100,3,-6,0,10,92,89,2
100,3,-6,0,10,92,89,2
100,3,-6,0,10,91,89,2
100,3,-7,0,10,90,89,2
100,3,-7,0,10,89,89,2
100,3,-6,0,10,89,89,2
100,3,-5,0,10,89,89,2
101,3,-5,1,10,89,90,2
100,3,-5,0,11,88,89,2
99,2,-6,0,11,87,87,1
98,2,-7,0,11,87,87,1
97,1,-7,0,12,87,86,1
97,1,-6,0,13,87,86,1
97,1,-6,0,14,87,86,1
97,0,-6,0,14,87,86,0
96,0,-7,0,13,87,85,0
96,0,-7,1,13,87,85,0
96,0,-8,1,14,87,85,-2
96,1,-7,1,15,87,85,0
96,0,-7,0,15,87,85,0
97,0,-6,0,14,87,86,-1
98,-2,-6,0,14,87,87,-2
99,-3,-6,0,15,87,87,-3
99,-3,-7,0,15,87,87,-3
98,-3,-7,0,14,87,87,-4
97,-4,-6,0,13,87,86,-4
96,-4,-6,0,13,87,85,-4
95,-5,-6,0,13,87,85,-4
94,-5,-6,0,14,87,84,-6
94,-6,-6,0,15,87,84,-6
95,-7,-6,0,15,86,85,-7
96,-8,-6,0,15,87,86,-8
97,-9,-6,0,14,87,86,-9
97,-10,-6,0,13,87,86,-9
96,-10,-6,0,13,87,85,-10
95,-10,-6,0,13,87,85,-10
94,-11,-6,0,14,87,84,-10
94,-12,-6,0,15,87,84,-12
93,-13,-6,0,15,87,84,-13
94,-15,-6,0,14,87,84,-14
95,-16,-6,0,14,87,85,-15
96,-17,-6,0,14,87,85,-15
95,-16,-6,0,15,87,85,-15
95,-16,-6,0,14,87,85,-15
95,-16,-6,0,14,87,85,-15
95,-16,-6,0,14,87,85,-15
95,-17,-6,0,14,87,85,-15
95,-16,-6,0,14,87,85,-15
95,-16,-6,0,14,87,85,-15
95,-16,-7,0,14,87,85,-15
95,-16,-6,0,14,87,85,-15
95,-16,-6,0,14,87,85,-15
95,-16,-7,0,14,87,85,-15
95,-16,-7,0,14,87,85,-15
95,-17,-7,0,14,87,85,-15
95,-16,-6,0,14,87,85,-15
95,-16,-6,0,14,87,87,-15
95,-16,-6,0,14,87,87,-15
95,-17,-5,-1,14,87,87,-15
96,-17,-5,-1,14,87,87,-15
95,-16,-4,-2,14,87,87,-15
95,-15,-4,-2,14,87,86,-14
93,-13,-5,-1,14,87,85,-13
92,-12,-7,0,14,87,83,-12
93,-12,-8,0,14,87,83,-14
94,-11,-7,0,14,87,84,-10
96,-10,-7,0,14,87,85,-10
97,-10,-7,0,14,87,86,-9
97,-10,-7,0,14,87,87,-9
97,-9,-7,0,14,87,86,-9
96,-8,-8,-1,14,87,87,-8
95,-7,-9,-2,14,87,87,-9
94,-6,-10,-3,14,87,86,-8
94,-5,-10,-3,14,87,86,-8
94,-5,-10,-3,14,87,86,-8
94,-6,-10,-3,14,87,86,-8
94,-6,-10,-3,14,87,86,-8
94,-5,-10,-3,14,87,86,-8
94,-5,-10,-3,14,87,86,-8
94,-5,-10,-3,14,87,86,-8
94,-5,-10,-3,14,87,86,-8
94,-6,-10,-3,14,87,86,-8
94,-5,-10,-3,14,87,86,-8
95,-4,-10,-3,14,86,87,-7
97,-3,-10,-3,14,85,89,-6
98,-3,-10,-3,14,85,90,-6
99,-3,-10,-3,14,86,90,-6
99,-3,-10,-3,14,87,90,-6
98,-3,-10,-3,14,87,90,-6
97,-3,-10,-3,14,86,89,-6
96,-5,-10,-3,14,85,87,-7
94,-6,-10,-3,14,84,86,-8
94,-6,-10,-3,14,83,86,-8
94,-5,-10,-3,14,82,86,-8
94,-5,-10,-3,14,82,86,-7
94,-6,-10,-3,14,82,86,-8
93,-7,-10,-3,14,82,85,-9
93,-10,-10,-3,14,82,85,-12
93,-12,-10,-3,14,82,85,-14
92,-12,-10,-3,14,82,85,-14
91,-13,-10,-3,14,82,84,-14
90,-14,-10,-3,14,82,83,-15
89,-16,-10,-3,14,82,81,-18
90,-18,-10,-3,14,82,83,-19
90,-19,-10,-3,14,82,83,-20
90,-20,-10,-3,14,82,83,-21
88,-21,-10,-3,14,82,81,-21
88,-22,-10,-2,14,82,80,-23
88,-24,-10,-3,14,82,80,-25
88,-26,-11,-3,14,82,81,-28
88,-29,-12,-5,14,82,80,-29
87,-31,-13,-7,14,82,80,-31
87,-32,-13,-7,14,82,83,-32
86,-33,-13,-7,14,82,81,-34
86,-35,-12,-7,14,82,81,-35
85,-37,-12,-8,14,82,80,-37
86,-39,-11,-8,14,82,81,-39
87,-40,-11,-9,14,82,83,-40
88,-42,-11,-9,14,82,84,-41
89,-43,-11,-8,14,82,84,-42
87,-44,-12,-8,14,82,83,-43
86,-45,-12,-7,14,82,81,-43
84,-45,-13,-8,14,82,80,-45
84,-45,-12,-10,14,82,79,-45
84,-46,-11,-11,14,82,81,-42
85,-46,-11,-10,14,82,83,-42
85,-46,-12,-9,14,82,80,-46
86,-47,-14,-7,14,82,81,-46
86,-48,-16,-8,14,82,81,-47
86,-48,-17,-10,14,82,81,-47
86,-48,-17,-11,14,82,81,-47
86,-47,-16,-10,14,82,81,-46
85,-46,-17,-9,14,82,80,-47
85,-46,-17,-9,14,82,80,-47
84,-46,-17,-9,14,82,80,-47
84,-46,-17,-9,14,82,80,-47
84,-45,-18,-10,14,82,80,-47
85,-43,-17,-9,14,82,80,-45
86,-41,-16,-8,14,82,81,-42
86,-39,-15,-7,14,82,79,-39
86,-38,-14,-7,14,82,79,-37
85,-38,-15,-7,14,82,79,-37
86,-36,-14,-7,14,81,79,-35
86,-33,-14,-6,14,80,79,-32
86,-31,-14,-6,14,79,79,-31
86,-29,-14,-6,14,78,79,-29
87,-28,-14,-6,14,79,80,-28
88,-26,-14,-6,14,79,80,-26
88,-25,-14,-6,14,80,81,-25
88,-23,-14,-6,14,79,81,-24
88,-21,-14,-6,14,78,81,-21
89,-18,-14,-6,14,78,81,-19
89,-16,-14,-6,14,79,81,-18
89,-14,-14,-6,14,79,81,-17
90,-14,-14,-6,14,78,83,-15
91,-13,-14,-6,14,77,84,-14
92,-11,-14,-6,14,77,84,-13
91,-9,-14,-6,14,78,83,-12
90,-8,-14,-6,14,79,83,-10
91,-7,-14,-6,14,79,84,-9
93,-6,-13,-6,14,78,85,-8
94,-6,-11,-6,14,77,86,-8
94,-4,-10,-5,14,77,86,-7
94,-1,-10,-5,14,77,86,-4
95,0,-9,-4,14,77,86,-1
96,1,-8,-4,14,77,87,0
96,1,-8,-4,14,77,87,0
96,0,-9,-4,14,77,87,0
96,0,-10,-3,14,77,87,-2
96,0,-10,-3,14,77,87,-2
96,0,-9,-3,14,77,87,-2
96,0,-8,-5,15,77,90,0
96,0,-7,-6,16,77,90,0
96,0,-6,-7,15,77,90,0
97,1,-7,-6,14,77,91,1
98,2,-7,-6,14,77,91,1
99,2,-7,-6,14,77,92,1
99,2,-7,-6,14,77,92,2
100,3,-7,-7,14,77,93,2
100,4,-7,-6,14,77,93,3
99,5,-7,-6,14,77,92,3
99,5,-7,-6,14,77,92,4
98,6,-7,-6,14,77,91,4
98,7,-7,-7,14,77,91,6
98,7,-7,-6,14,77,91,6
97,7,-5,-5,14,77,91,6
97,7,-4,-4,14,77,91,6
98,7,-5,-4,14,77,91,6
99,8,-5,-5,14,77,92,7
100,10,-6,-5,14,77,93,8
100,12,-5,-4,14,77,93,10
101,13,-3,-3,14,77,93,13
100,12,-3,-3,14,77,91,13
100,13,-3,-3,14,77,91,13
99,14,-3,-3,14,77,90,14
99,14,-3,-3,14,77,90,14
100,14,-3,-3,14,77,92,14
100,13,-4,-4,14,77,93,10
100,12,-5,-4,14,77,93,10
100,12,-4,-4,14,77,92,10
100,14,-3,-3,14,77,92,14
101,15,-3,-3,14,77,93,15
102,16,-3,-3,14,77,92,15
102,15,-3,-3,14,77,92,13
101,15,-3,-3,14,77,95,15
101,14,-2,-5,14,77,93,15
101,14,-1,-6,14,77,93,15
100,15,-1,-5,14,77,93,15
100,14,-2,-4,14,77,93,14
100,12,-3,-3,14,77,93,13
101,11,-2,-4,14,77,93,12
101,11,-2,-4,14,77,95,12
101,11,-2,-4,14,77,95,12
101,11,-3,-3,14,77,95,12
101,10,-3,-3,14,77,95,10
102,10,-2,-4,14,77,95,10
102,9,-2,-5,14,77,95,9
103,8,-3,-5,14,77,96,9
103,8,-4,-4,14,75,96,7
102,8,-4,-3,14,75,96,7
102,10,-4,-4,15,76,95,8
102,10,-5,-6,16,77,96,8
102,9,-5,-8,17,77,95,8
102,7,-5,-9,18,76,97,8
100,5,-4,-9,18,75,96,7
100,4,-3,-10,17,75,95,6
100,3,-3,-10,17,76,95,4
100,3,-3,-10,18,77,96,4
101,3,-4,-10,18,77,96,4
100,3,-3,-10,18,77,96,4
99,2,-3,-10,16,77,95,3
97,1,-3,-10,14,77,93,2
96,0,-4,-10,13,76,92,2
95,0,-4,-9,13,75,91,2
96,0,-5,-9,13,75,92,2
97,0,-4,-9,14,75,92,1
98,-2,-4,-10,15,74,93,0
99,-3,-3,-10,17,73,95,-1
99,-3,-3,-10,18,72,95,-1
98,-3,-5,-11,18,72,95,-1
98,-3,-7,-12,17,72,95,-1
99,-3,-7,-13,17,72,97,-3
99,-3,-7,-13,17,72,97,-1
98,-3,-6,-12,17,72,93,-1
98,-4,-6,-12,16,72,93,-2
98,-5,-6,-12,16,72,93,-3
99,-6,-7,-13,16,72,97,-3
99,-7,-7,-13,15,72,97,-7
98,-9,-7,-13,15,72,96,-8
97,-10,-7,-13,15,72,96,-9
97,-10,-7,-13,15,72,95,-9
96,-10,-7,-13,14,72,95,-9
97,-9,-7,-13,14,72,95,-9
97,-10,-7,-13,14,72,96,-9
97,-10,-7,-13,14,72,95,-9
96,-10,-7,-13,14,72,93,-9
93,-11,-7,-13,14,72,92,-10
93,-12,-7,-13,14,72,91,-12
93,-14,-7,-13,14,72,91,-13
94,-15,-7,-13,14,72,93,-14
96,-16,-7,-13,14,72,95,-15
96,-17,-7,-13,14,72,95,-15
94,-17,-7,-13,14,72,92,-17
92,-18,-7,-13,14,72,91,-17
91,-18,-7,-13,14,73,90,-18
91,-19,-7,-13,14,74,90,-18
92,-20,-8,-14,14,74,91,-19
92,-22,-8,-14,14,74,91,-21
91,-25,-8,-14,14,73,90,-23
89,-26,-8,-14,14,72,89,-24
89,-25,-8,-14,14,72,89,-24
90,-25,-8,-14,14,72,89,-24
90,-26,-9,-15,14,72,90,-25
91,-28,-10,-16,14,72,90,-26
90,-30,-11,-16,14,72,90,-28
89,-32,-11,-16,14,72,89,-29
89,-33,-11,-16,14,72,89,-31
89,-36,-11,-16,14,72,89,-32
89,-37,-11,-16,14,72,89,-35
87,-38,-11,-16,14,72,87,-36
86,-39,-11,-16,14,72,86,-36
86,-39,-11,-16,14,72,85,-36
87,-40,-11,-16,14,72,86,-37
88,-41,-11,-16,14,72,87,-39
88,-42,-11,-16,14,72,87,-39
87,-42,-10,-16,14,72,87,-39
88,-42,-11,-16,14,72,87,-39
88,-43,-12,-18,14,72,87,-40
88,-43,-14,-19,14,72,87,-40
88,-44,-13,-18,14,72,87,-41
87,-44,-12,-17,14,72,86,-41
86,-44,-11,-16,15,72,86,-41
86,-44,-12,-17,16,72,86,-41
86,-44,-13,-18,15,72,86,-41
86,-44,-14,-20,14,72,89,-41
87,-44,-15,-20,14,72,90,-41
88,-43,-14,-20,14,72,90,-40
89,-43,-14,-19,14,72,89,-40
89,-43,-14,-19,14,72,89,-40
88,-43,-14,-19,14,72,87,-40
87,-44,-14,-20,14,72,89,-41
87,-44,-14,-19,14,72,86,-41
87,-44,-14,-20,14,72,90,-41
88,-43,-14,-19,14,72,87,-40
89,-43,-14,-19,14,72,89,-40
89,-43,-14,-19,14,72,89,-40
88,-43,-14,-20,14,72,90,-40
88,-43,-14,-20,14,72,90,-40
88,-43,-14,-19,14,72,87,-40
88,-43,-15,-18,14,72,87,-42
88,-43,-16,-18,14,72,87,-42
89,-43,-16,-18,14,72,89,-42
89,-43,-16,-18,14,72,89,-42
89,-44,-15,-18,14,72,89,-43
88,-45,-15,-18,14,72,87,-45
86,-46,-16,-18,14,72,86,-45
85,-46,-17,-18,14,72,85,-45
84,-46,-16,-18,14,73,85,-46
85,-47,-15,-19,14,74,85,-46
86,-48,-14,-19,14,76,86,-45
86,-49,-14,-19,14,76,86,-46
86,-50,-15,-19,14,75,86,-48
85,-51,-17,-19,14,74,85,-50
84,-51,-18,-19,14,73,85,-50
84,-52,-18,-18,14,73,84,-50
83,-52,-18,-17,14,74,81,-51
82,-52,-19,-17,14,74,80,-51
83,-53,-19,-17,14,74,80,-51
83,-54,-18,-17,14,74,81,-52
83,-56,-18,-17,14,73,81,-54
83,-57,-19,-17,14,74,81,-56
83,-58,-19,-18,14,75,84,-56
82,-58,-20,-19,14,77,83,-56
81,-59,-19,-20,13,78,81,-57
81,-58,-18,-21,10,77,81,-56
81,-59,-19,-21,9,77,81,-57
80,-61,-20,-21,9,77,81,-58
80,-64,-20,-21,9,77,81,-61
79,-65,-19,-21,9,78,83,-63
79,-66,-19,-22,9,77,83,-63
79,-66,-18,-22,9,77,83,-63
79,-65,-19,-22,9,77,83,-63
79,-65,-19,-21,9,77,80,-63
79,-65,-20,-21,9,77,80,-63
79,-66,-19,-21,9,77,80,-63
79,-66,-19,-21,9,77,83,-63
79,-66,-19,-22,9,77,83,-63
79,-65,-19,-22,9,77,83,-63
79,-66,-19,-22,9,77,83,-63
79,-66,-19,-21,9,77,83,-63
79,-66,-19,-21,9,77,80,-63
80,-67,-20,-21,9,77,81,-64
80,-67,-19,-21,9,78,81,-64
80,-67,-19,-22,9,77,83,-64
79,-68,-18,-23,9,77,81,-65
78,-71,-18,-23,9,77,81,-68
79,-71,-18,-23,9,78,81,-68
79,-70,-18,-23,9,78,83,-67
80,-67,-18,-23,9,77,83,-64
80,-65,-18,-23,9,76,83,-63
79,-65,-18,-23,9,75,83,-62
79,-66,-18,-23,9,75,83,-63
79,-66,-18,-23,9,74,81,-63
79,-66,-18,-23,9,73,83,-63
80,-65,-17,-22,9,72,84,-62
82,-63,-16,-21,9,72,85,-61
82,-60,-16,-21,9,73,85,-58
81,-59,-16,-21,9,73,84,-57
80,-58,-15,-20,9,73,84,-56
80,-58,-14,-20,9,72,83,-53
81,-57,-14,-20,10,72,84,-52
83,-55,-15,-20,11,72,85,-53
83,-53,-16,-21,10,72,86,-52
82,-51,-16,-21,9,72,85,-50
81,-49,-15,-20,9,73,84,-46
81,-47,-14,-19,10,72,81,-43
83,-46,-14,-19,12,72,84,-43
86,-45,-14,-20,14,72,87,-41
87,-43,-14,-20,14,72,89,-40
87,-41,-14,-19,14,73,86,-37
86,-39,-14,-19,14,72,86,-36
86,-37,-14,-20,13,71,87,-34
87,-34,-15,-20,13,69,89,-31
89,-32,-14,-20,14,69,90,-30
90,-30,-13,-19,13,69,90,-29
92,-29,-12,-17,13,69,91,-28
93,-28,-11,-16,13,68,92,-25
93,-25,-10,-16,13,67,92,-24
93,-23,-10,-17,13,67,92,-21
92,-21,-9,-18,13,67,93,-20
92,-20,-9,-19,14,67,93,-17
92,-18,-9,-19,13,68,93,-15
93,-17,-9,-18,13,69,95,-13
94,-15,-9,-17,13,69,92,-14
94,-13,-8,-16,14,69,92,-13
94,-11,-7,-16,14,68,92,-9
96,-10,-6,-16,13,67,93,-8
96,-10,-5,-16,12,67,97,-7
97,-8,-4,-17,11,67,97,-6
97,-6,-4,-17,12,68,97,-3
97,-3,-4,-17,13,68,97,-2
98,-3,-4,-17,13,67,98,-1
99,-3,-4,-17,12,67,98,-1
99,-3,-4,-17,12,67,98,-1
98,-3,-4,-17,12,67,98,-1
99,-1,-4,-17,13,67,100,0
100,1,-3,-16,12,67,100,3
100,3,-1,-14,12,67,100,7
100,3,0,-14,12,67,97,7
100,3,0,-13,13,67,98,7
101,4,-1,-13,13,67,100,7
103,4,-1,-12,12,67,101,6
104,5,-2,-12,11,67,102,7
105,5,-2,-12,12,67,102,7
104,6,-1,-12,14,67,102,7
103,7,-1,-13,14,67,101,10
103,8,0,-13,12,67,100,10
102,8,0,-14,10,67,100,12
103,8,0,-14,9,68,101,12
104,9,0,-14,9,67,101,12
105,11,0,-13,10,67,102,14
106,13,0,-13,10,67,103,15
106,13,0,-14,10,67,103,15
106,12,0,-13,10,67,103,14
107,10,0,-13,10,67,103,14
107,10,0,-13,10,67,104,14
108,12,0,-13,10,67,104,15
109,14,0,-13,10,67,106,17
111,14,0,-14,10,67,107,17
112,12,0,-14,11,67,108,15
113,10,0,-13,12,67,109,14
113,10,0,-13,11,67,109,13
113,10,0,-13,10,67,109,14
112,10,0,-14,9,68,111,13
111,10,0,-15,10,67,111,13
111,10,0,-15,12,68,111,13
112,10,0,-14,12,68,111,13
112,10,0,-13,10,67,108,13
111,10,0,-13,8,68,108,13
110,9,0,-14,8,68,109,12
110,9,1,-16,9,68,109,12
112,9,2,-17,10,68,113,15
112,10,1,-16,10,69,111,13
112,10,0,-15,10,69,111,13
111,10,0,-14,9,69,108,13
112,9,0,-13,9,69,108,13
113,10,0,-13,10,68,109,13
113,10,0,-14,10,68,109,14
112,12,0,-14,10,68,108,15
111,13,0,-14,9,69,107,17
110,14,0,-13,9,69,107,18
110,15,0,-13,10,69,107,18
110,15,0,-12,12,69,107,18
110,15,1,-11,12,70,107,18
110,16,2,-11,12,69,107,18
109,16,2,-10,10,69,106,19
109,16,3,-10,8,69,106,18
109,16,3,-10,8,69,106,19
110,18,2,-10,8,69,107,20
111,20,2,-10,10,68,107,21
111,21,2,-10,12,67,108,24
112,23,3,-10,12,68,108,25
112,25,3,-10,11,69,108,26
113,27,3,-10,11,69,109,29
113,28,3,-10,11,69,109,30
113,29,3,-10,12,68,109,31
112,31,3,-10,11,67,108,32
111,32,2,-10,10,67,107,34
112,33,3,-10,9,68,108,34
114,34,3,-10,10,69,109,35
114,36,3,-10,11,69,111,36
114,38,2,-10,12,69,109,39
114,39,2,-10,11,68,111,40
115,41,2,-10,10,67,111,41
117,41,3,-9,11,67,112,42
117,42,5,-8,12,67,113,45
117,41,6,-7,14,68,111,43
117,41,5,-7,13,68,112,43
116,43,4,-8,12,67,112,43
115,44,4,-9,11,67,111,43
115,46,4,-9,12,67,111,46
115,48,5,-7,13,67,108,50
115,50,6,-7,13,67,109,52
116,52,6,-7,12,67,109,53
116,53,6,-7,11,67,109,54
116,53,6,-7,12,67,109,54
116,52,6,-7,13,67,109,53
116,52,6,-7,14,67,109,53
116,52,6,-7,14,67,109,53
116,52,6,-7,14,67,109,54
116,52,6,-7,14,68,109,54
116,53,6,-7,14,68,109,54
116,53,6,-7,13,68,109,54
115,52,6,-7,12,67,109,54
115,51,6,-7,12,67,108,53
114,51,6,-7,11,68,107,52
113,50,6,-7,11,69,107,52
113,50,6,-7,12,71,107,52
112,51,6,-7,12,71,106,52
112,50,6,-7,13,70,106,52
113,48,6,-7,13,70,107,51
114,47,6,-7,12,70,107,50
114,46,6,-7,11,71,107,48
113,44,6,-7,12,71,107,47
112,43,6,-7,13,69,106,45
112,41,5,-8,14,68,108,43
112,39,5,-8,14,69,108,42
112,38,5,-8,13,70,108,41
111,36,4,-8,12,72,107,36
111,34,3,-9,12,72,107,35
110,32,3,-10,13,72,107,34
110,31,2,-10,13,71,107,32
109,29,2,-10,13,70,106,30
108,27,2,-10,12,71,104,29
108,25,3,-10,12,72,104,26
107,23,3,-10,12,72,104,25
107,20,2,-10,12,72,103,21
107,17,1,-11,10,72,103,19
107,14,0,-13,9,72,103,17
106,12,0,-14,10,72,103,15
106,12,-1,-14,13,72,103,14
106,10,0,-13,14,72,103,13
105,7,0,-13,12,72,102,10
103,5,0,-13,10,72,101,8
101,3,-1,-14,10,72,101,7
101,2,-3,-16,12,72,101,3
102,0,-4,-17,13,72,102,2
103,0,-4,-17,13,72,102,1
103,-3,-4,-17,12,72,103,-1
102,-5,-4,-17,12,73,102,-3
101,-7,-4,-17,14,72,101,-4
100,-8,-4,-17,13,71,100,-6
100,-10,-4,-17,12,69,101,-7
100,-11,-5,-16,11,68,98,-8
100,-13,-6,-15,12,69,98,-10
99,-14,-6,-15,13,70,97,-10
99,-14,-6,-16,14,71,97,-10
100,-15,-6,-17,14,72,100,-12
101,-17,-6,-17,14,73,101,-13
102,-18,-7,-15,14,73,100,-14
102,-18,-9,-15,14,72,100,-17
102,-18,-10,-15,14,71,101,-17
102,-18,-9,-15,13,69,100,-17
101,-19,-9,-15,12,68,98,-18
98,-19,-8,-14,11,69,97,-18
97,-19,-8,-14,12,71,96,-18
97,-18,-8,-14,13,71,96,-17
99,-16,-7,-13,14,71,97,-15
100,-14,-7,-13,14,69,98,-14
100,-14,-7,-13,13,68,98,-13
99,-14,-7,-13,13,67,97,-13
99,-14,-7,-13,13,67,97,-13
99,-14,-7,-13,14,68,97,-13
101,-13,-7,-13,13,69,100,-13
102,-12,-7,-13,13,69,100,-12
103,-10,-7,-13,13,69,101,-9
102,-8,-7,-13,13,68,100,-8
101,-7,-7,-13,13,68,100,-7
102,-6,-7,-13,13,68,100,-6
103,-4,-7,-13,13,69,101,-4
104,-2,-7,-13,13,70,101,-2
104,0,-7,-13,13,71,102,0
104,2,-6,-12,13,71,100,3
105,4,-5,-11,13,69,100,6
105,7,-5,-11,13,68,100,8
106,10,-5,-11,13,67,101,10
107,13,-5,-11,13,67,102,13
108,15,-4,-10,13,68,103,15
110,18,-3,-10,13,68,104,19
110,21,-2,-9,13,68,104,21
110,24,-1,-8,13,67,104,24
110,28,0,-7,13,67,104,26
110,32,0,-6,13,67,104,30
111,36,0,-7,13,67,104,34
113,39,0,-7,13,67,107,37
115,42,0,-7,13,67,108,40
116,45,0,-7,14,67,109,45
117,48,2,-7,13,67,111,48
118,52,3,-5,13,67,112,52
120,56,3,-3,13,67,111,56
121,60,3,-3,14,67,112,58
122,62,3,-3,14,67,112,61
122,65,5,-3,13,67,112,64
122,69,7,-3,11,67,112,69
122,72,8,-1,10,67,113,73
123,75,7,0,10,67,113,73
123,78,6,0,11,67,113,75
124,80,6,0,12,67,114,76
125,83,8,0,12,67,114,81
126,86,10,0,12,67,115,85
126,90,11,1,13,67,115,89
126,93,11,2,13,68,115,91
126,95,10,2,12,68,114,92
127,97,10,2,11,67,114,95
129,100,11,1,10,67,118,97
130,103,14,1,11,67,119,100
130,104,15,2,13,68,119,104
130,106,14,2,13,69,119,106
130,107,13,2,12,69,119,104
131,109,12,3,10,68,118,106
132,111,12,4,10,68,118,108
133,113,14,6,11,68,119,109
134,115,14,6,13,71,120,112
135,116,14,5,14,72,120,112
134,117,14,5,14,73,120,113
134,118,14,5,12,72,120,114
133,119,14,6,10,72,119,114
133,119,14,6,9,72,119,115
134,120,14,6,8,72,120,117
135,121,14,6,9,73,122,117
137,121,15,7,9,72,123,117
137,121,16,7,9,72,123,117
136,121,15,7,9,72,122,117
136,121,14,6,9,72,122,117
136,121,14,6,9,72,122,117
136,122,15,7,9,72,122,118
136,121,16,8,9,72,122,117
135,119,16,8,9,72,119,117
134,116,15,7,9,72,120,112
135,115,14,6,9,72,120,112
135,115,13,5,9,72,122,112
136,115,14,6,9,72,122,112
137,114,14,6,9,72,123,111
137,112,14,6,9,72,123,109
137,110,14,6,9,72,123,107
136,108,14,6,9,72,122,104
135,106,14,6,9,72,122,103
136,104,13,5,9,72,122,101
136,102,11,3,9,72,123,100
135,100,10,2,9,72,122,97
133,97,10,2,9,72,120,95
133,94,10,3,9,72,119,92
132,92,10,3,9,72,119,90
131,90,9,1,9,72,118,89
130,89,7,0,9,72,119,85
129,87,7,0,9,72,119,84
129,85,6,0,9,72,118,81
128,83,6,0,9,72,118,80
128,80,5,0,9,72,115,78
127,78,5,1,9,73,114,75
126,75,4,2,9,73,114,73
125,73,2,2,9,73,113,68
124,70,0,0,9,72,112,67
123,68,0,0,9,72,112,64
123,66,0,0,9,72,111,62
122,64,0,0,9,74,111,61
122,62,0,0,9,76,111,58
121,59,0,0,9,78,109,56
121,57,0,0,9,78,109,53
121,55,-1,0,9,76,109,52
120,55,-3,-2,9,74,108,52
119,54,-3,-3,9,74,108,48
118,52,-3,-3,9,75,107,50
117,49,-2,-2,7,77,106,47
116,46,-2,-2,6,78,104,43
115,44,-2,-2,5,78,104,42
115,42,-3,-3,6,77,103,40
114,40,-3,-3,7,78,106,39
113,39,-3,-3,8,78,103,35
113,37,-3,-3,9,77,103,36
113,35,-3,-3,7,76,102,34
112,33,-3,-3,7,74,104,32
112,32,-3,-3,7,73,103,31
111,32,-3,-3,8,74,101,31
110,31,-3,-2,9,74,100,28
109,29,-5,-2,9,74,98,26
109,27,-6,-2,9,73,100,24
109,26,-8,-3,8,74,98,23
108,24,-10,-3,7,76,98,19
108,22,-10,-3,7,76,97,18
108,20,-10,-3,8,75,97,15
107,19,-10,-3,9,73,97,14
106,18,-10,-3,9,72,97,14
105,17,-10,-3,7,72,96,13
104,15,-10,-3,6,73,95,12
105,13,-11,-2,5,73,93,9
104,12,-12,0,5,73,93,8
104,10,-13,0,5,72,92,4
103,8,-14,0,4,73,90,2
103,6,-14,0,4,73,92,1
103,5,-16,-1,5,72,91,0
101,4,-17,-2,6,72,90,-1
101,3,-18,-3,6,72,90,-2
101,1,-17,-2,4,73,90,-3
101,0,-17,-2,3,73,90,-4
100,-2,-17,-3,4,73,89,-7
99,-3,-17,-2,5,72,89,-8
98,-3,-18,-1,6,72,87,-8
98,-3,-19,0,5,72,85,-9
99,-3,-21,0,4,72,86,-9
99,-4,-23,-1,4,73,86,-10
99,-7,-24,-2,4,73,86,-13
99,-8,-24,-2,4,73,86,-14
98,-9,-24,-2,4,73,85,-15
98,-9,-24,-2,4,73,85,-15
98,-9,-25,-3,4,73,85,-15
98,-9,-26,-4,4,73,87,-18
98,-9,-27,-5,4,73,87,-18
98,-8,-27,-4,4,73,87,-17
100,-8,-26,-4,4,73,89,-17
101,-7,-26,-4,4,73,90,-15
101,-7,-26,-4,4,73,91,-15
102,-7,-26,-5,4,73,91,-17
101,-7,-27,-5,4,73,90,-15
100,-6,-29,-4,4,73,87,-14
99,-4,-30,-3,4,73,86,-14
99,-3,-31,-2,4,73,86,-14
100,-2,-30,-2,4,73,86,-12
101,-1,-29,-3,4,73,89,-10
102,0,-30,-3,4,73,89,-9
101,2,-30,-2,4,73,87,-9
100,2,-31,-1,4,73,85,-9
100,3,-31,-1,4,73,85,-8
101,5,-31,-2,3,73,87,-7
101,7,-31,-2,2,73,89,-4
102,9,-31,-2,1,73,89,-2
102,10,-30,-2,0,73,89,-2
101,11,-31,-1,1,73,85,-1
100,12,-32,-1,1,73,85,-1
99,14,-34,0,0,73,84,1
100,16,-36,0,0,71,84,1
100,18,-37,0,0,69,83,2
101,20,-36,0,0,69,85,4
102,22,-36,0,0,69,86,6
103,23,-37,-1,0,70,87,7
104,25,-38,-1,0,70,87,9
103,27,-37,-2,0,69,87,10
101,29,-37,-1,0,68,86,12
101,30,-39,0,0,68,83,13
101,32,-41,0,0,68,84,13
103,33,-43,0,0,68,85,14
104,34,-45,0,0,68,86,14
105,34,-45,-1,0,68,86,14
104,35,-45,-1,-2,68,85,15
102,37,-46,-2,-4,68,84,17
102,38,-46,-3,-5,69,84,18
103,39,-48,-4,-6,68,86,17
105,40,-50,-5,-5,68,89,18
106,40,-51,-5,-4,66,87,18
107,41,-54,-5,-3,65,89,17
106,40,-56,-5,-4,65,87,17
106,41,-58,-6,-5,64,87,17
106,40,-58,-7,-6,64,87,17
106,40,-59,-7,-6,64,87,17
106,40,-60,-8,-6,64,87,17
106,41,-61,-9,-5,64,87,14
106,41,-62,-10,-5,64,90,14
106,40,-64,-11,-6,64,90,14
105,39,-65,-13,-7,63,89,12
105,36,-66,-13,-7,62,89,9
104,34,-67,-14,-9,62,89,8
104,34,-68,-16,-9,62,89,6
104,34,-70,-18,-10,62,90,6
103,33,-72,-19,-11,61,90,4
102,31,-75,-21,-11,59,89,3
101,30,-76,-22,-10,59,89,0
101,29,-75,-24,-10,59,90,1
102,28,-75,-26,-10,59,91,1
101,27,-75,-28,-11,59,92,0
100,26,-76,-30,-11,60,91,-1
99,25,-78,-31,-11,59,90,-2
98,23,-80,-32,-10,58,90,-6
97,20,-81,-33,-10,56,91,-8
96,18,-82,-35,-11,54,90,-10
94,16,-83,-36,-12,54,89,-12
93,15,-84,-37,-14,54,87,-13
92,15,-86,-38,-16,55,86,-13
91,15,-87,-39,-16,53,86,-15
90,14,-88,-39,-16,51,85,-17
90,11,-88,-40,-16,50,86,-18
89,9,-88,-42,-16,49,86,-20
88,7,-89,-44,-16,50,85,-23
86,6,-90,-44,-16,50,84,-24
84,4,-92,-44,-16,50,81,-25
83,3,-92,-43,-16,50,81,-26
83,0,-92,-43,-16,48,80,-29
83,-1,-91,-44,-16,46,80,-31
82,-4,-89,-46,-16,45,81,-31
81,-6,-88,-47,-17,45,81,-32
80,-7,-88,-47,-18,45,80,-34
79,-9,-89,-48,-20,45,80,-35
79,-10,-90,-48,-20,43,79,-40
78,-13,-90,-47,-20,41,79,-42
77,-17,-90,-46,-19,40,78,-45
76,-21,-89,-45,-19,39,78,-48
75,-24,-90,-46,-20,40,76,-51
75,-27,-91,-45,-21,40,75,-54
74,-31,-92,-43,-22,40,73,-58
74,-35,-92,-41,-22,40,70,-62
73,-39,-91,-38,-21,40,70,-65
72,-43,-91,-37,-21,40,67,-69
69,-49,-91,-36,-21,40,64,-78
68,-55,-92,-35,-22,40,63,-83
67,-61,-93,-34,-22,40,63,-89
67,-67,-95,-33,-21,40,61,-93
67,-73,-96,-32,-21,40,61,-102
65,-80,-97,-30,-22,39,57,-107
64,-86,-99,-28,-23,38,56,-113
63,-93,-101,-27,-25,39,53,-122
63,-98,-104,-28,-27,40,53,-126
62,-104,-107,-29,-27,41,52,-134
61,-111,-109,-29,-26,41,51,-140
59,-117,-112,-28,-26,41,48,-148
57,-124,-115,-27,-28,41,46,-157
56,-131,-119,-27,-30,40,42,-163
54,-138,-124,-28,-32,40,41,-172
51,-145,-128,-30,-32,41,39,-180
48,-153,-132,-32,-31,42,36,-187
45,-161,-138,-34,-31,44,34,-197
43,-167,-144,-36,-32,46,31,-206
41,-173,-150,-38,-34,46,30,-212
38,-177,-155,-41,-36,46,28,-219
34,-183,-160,-45,-36,46,26,-224
29,-188,-165,-51,-38,46,24,-231
25,-193,-172,-57,-39,47,23,-238
21,-197,-180,-62,-40,50,19,-244
18,-202,-188,-67,-41,51,19,-250
15,-205,-195,-73,-42,51,15,-256
11,-209,-201,-80,-43,51,17,-261
7,-211,-207,-88,-45,51,15,-263
2,-212,-215,-95,-47,53,13,-267
-1,-214,-223,-103,-48,54,12,-271
-6,-216,-230,-111,-50,55,9,-274
-11,-217,-238,-119,-52,55,9,-278
-16,-219,-245,-128,-53,55,8,-281
-20,-219,-251,-137,-55,56,8,-281
-24,-218,-258,-145,-57,57,7,-283
-28,-217,-264,-154,-58,57,8,-285
-32,-217,-270,-163,-59,57,6,-284
-36,-215,-277,-171,-60,57,7,-285
-40,-214,-284,-179,-61,56,6,-286
-43,-212,-290,-187,-63,54,7,-284
-46,-210,-296,-196,-65,53,7,-285
-50,-206,-300,-203,-67,53,8,-281
-53,-203,-304,-211,-69,52,7,-278
-57,-199,-308,-217,-70,51,6,-278
-59,-197,-312,-222,-70,50,6,-275
-61,-194,-314,-226,-70,48,6,-273
-63,-191,-316,-230,-72,46,7,-269
-64,-187,-316,-234,-74,43,8,-267
-65,-184,-317,-238,-75,40,7,-263
-66,-180,-319,-241,-76,37,8,-260
-65,-175,-320,-243,-77,33,9,-255
-64,-170,-319,-244,-77,30,12,-251
-63,-165,-317,-243,-78,28,13,-244
-63,-161,-313,-242,-78,25,13,-240
-62,-158,-310,-241,-79,23,13,-238
-60,-154,-308,-238,-80,19,13,-231
-57,-150,-306,-236,-82,15,15,-228
-54,-145,-301,-231,-83,11,15,-222
-51,-141,-295,-227,-83,6,18,-217
-48,-137,-289,-221,-83,1,19,-211
-43,-132,-283,-215,-83,-2,21,-205
-38,-127,-275,-209,-83,-6,24,-197
-32,-122,-267,-202,-83,-9,26,-191
-27,-117,-259,-194,-83,-13,29,-184
-23,-112,-252,-186,-84,-18,30,-178
-18,-108,-245,-177,-84,-23,30,-174
-11,-104,-236,-167,-84,-28,34,-167
-4,-99,-226,-157,-85,-34,36,-159
2,-95,-216,-148,-85,-38,40,-152
9,-90,-206,-140,-85,-41,43,-146
14,-84,-196,-131,-85,-44,47,-139
20,-78,-185,-121,-86,-48,47,-129
27,-72,-173,-110,-86,-53,51,-120
34,-66,-162,-100,-86,-57,53,-111
41,-60,-150,-89,-87,-61,57,-103
49,-55,-139,-79,-86,-64,59,-93
56,-50,-127,-69,-86,-68,64,-86
64,-43,-116,-60,-86,-72,68,-76
70,-36,-103,-52,-86,-76,72,-67
77,-27,-91,-44,-86,-79,75,-54
83,-18,-78,-36,-86,-81,81,-41
90,-9,-65,-28,-87,-83,85,-29
98,-2,-53,-21,-88,-86,90,-18
104,5,-39,-14,-88,-88,96,-6
111,14,-26,-7,-89,-91,98,6
115,25,-13,0,-88,-93,102,18
120,36,0,7,-89,-95,104,32
125,46,12,15,-89,-97,107,46
131,57,25,22,-89,-98,112,61
137,67,39,28,-89,-100,117,74
143,77,52,33,-89,-103,122,89
149,88,65,38,-89,-105,128,103
155,100,78,43,-89,-107,133,120
161,113,92,50,-89,-107,135,136
166,126,105,57,-89,-106,140,153
173,139,117,64,-90,-106,144,167
178,151,129,70,-90,-106,148,183
184,163,143,76,-89,-106,153,198
191,176,157,82,-89,-106,159,217
198,188,171,88,-89,-106,166,233
205,201,184,94,-90,-106,169,249
211,213,196,102,-91,-106,173,262
218,227,209,111,-91,-107,179,279
225,241,223,120,-91,-106,183,296
232,254,237,130,-90,-105,186,313
238,267,249,139,-89,-103,186,329
244,279,261,147,-89,-102,192,343
252,291,272,156,-89,-101,195,358
259,303,285,164,-89,-100,201,373
266,315,297,172,-89,-98,205,386
272,327,309,181,-89,-97,208,402
279,338,321,190,-89,-95,212,416
286,349,331,201,-88,-93,213,428
295,359,340,212,-87,-91,217,440
303,369,349,222,-85,-88,219,452
311,380,358,231,-83,-86,224,465
318,390,367,239,-83,-83,228,476
324,399,374,246,-83,-81,231,485
328,407,381,254,-83,-79,233,495
332,416,388,261,-82,-76,234,504
337,424,394,268,-80,-73,234,513
342,432,400,274,-79,-69,236,522
348,437,405,279,-78,-66,241,528
351,442,409,282,-77,-63,242,534
353,447,412,285,-77,-60,244,539
355,452,415,287,-76,-57,245,545
357,457,416,289,-76,-53,245,550
359,460,416,289,-76,-49,246,552
360,462,415,289,-76,-45,247,555
360,462,414,288,-74,-42,247,555
358,464,413,285,-72,-39,249,554
357,464,411,280,-70,-36,249,555
354,464,408,273,-70,-33,249,555
352,462,403,266,-70,-29,251,552
350,460,397,259,-70,-25,251,549
346,458,390,251,-68,-19,250,546
340,455,384,243,-65,-14,250,542
333,451,378,233,-64,-10,246,537
328,447,372,223,-63,-7,245,532
322,442,365,212,-63,-3,245,526
317,437,357,201,-64,0,244,521
310,431,346,188,-63,2,245,511
302,426,336,175,-63,5,242,504
294,420,326,162,-62,8,240,496
286,413,317,149,-61,12,238,490
278,405,308,137,-59,14,236,480
270,397,297,123,-58,17,234,471
262,389,286,109,-58,19,230,461
253,381,275,96,-57,23,228,450
244,372,264,84,-55,26,224,439
235,363,254,73,-53,29,220,428
227,353,245,63,-51,31,218,417
220,343,234,52,-51,32,214,406
215,334,224,41,-52,34,213,395
209,324,214,31,-51,36,213,382
202,314,204,22,-50,38,208,371
194,305,194,14,-47,40,205,360
187,295,184,7,-46,42,200,346
181,284,176,1,-46,43,195,334
177,273,167,-4,-46,45,194,321
173,261,159,-7,-44,46,190,308
169,251,151,-10,-42,46,187,296
166,242,144,-12,-41,46,184,284
162,234,137,-13,-41,46,179,274
159,224,130,-14,-41,46,177,263
157,214,125,-14,-39,46,173,252
155,203,121,-13,-38,46,170,239
152,193,118,-11,-36,46,167,228
150,185,114,-9,-36,47,162,220
149,177,109,-7,-34,50,159,211
149,168,104,-3,-33,50,157,200
149,159,101,0,-31,50,155,190
149,150,98,3,-29,47,152,179
148,141,97,8,-28,45,147,169
147,133,96,14,-27,45,145,162
146,125,93,18,-26,45,139,152
145,117,91,23,-25,45,136,142
146,110,88,27,-23,45,135,136
147,103,87,31,-22,45,134,128
147,95,87,35,-21,45,131,120
146,88,87,39,-21,45,129,112
144,81,87,43,-20,45,125,104
144,73,87,46,-20,44,123,97
144,65,87,50,-20,45,120,90
143,57,87,54,-21,46,118,84
142,51,86,56,-20,48,114,75
140,44,86,57,-19,50,113,69
139,37,87,58,-18,50,112,63
137,30,88,60,-17,50,111,56
135,21,89,60,-16,49,109,48
133,14,88,59,-16,50,108,41
132,6,88,59,-16,51,107,34
130,0,88,59,-16,53,104,29
128,-4,88,59,-16,54,103,24
126,-10,87,58,-16,55,101,19
123,-16,84,57,-15,56,98,13
121,-21,83,54,-16,57,97,8
119,-27,83,52,-17,59,97,3
116,-32,83,50,-19,61,95,-1
115,-39,83,48,-20,63,96,-7
112,-44,81,46,-21,65,93,-12
109,-49,79,43,-20,66,92,-15
105,-52,78,39,-20,68,92,-19
102,-56,76,36,-20,69,89,-23
100,-59,74,33,-20,71,89,-25
97,-61,72,31,-20,73,86,-29
94,-62,70,28,-20,74,86,-31
93,-65,69,26,-19,75,85,-34
92,-68,68,24,-19,75,84,-36
91,-70,65,21,-19,77,86,-39
90,-72,64,18,-19,79,87,-39
89,-71,62,16,-20,81,86,-41
87,-70,60,14,-19,83,85,-40
86,-68,58,12,-18,84,84,-39
86,-67,55,10,-15,84,86,-37
86,-67,53,8,-14,85,85,-40
85,-66,52,7,-14,86,85,-39
84,-65,51,7,-14,86,84,-37
85,-63,51,6,-14,87,85,-36
85,-60,49,5,-14,88,85,-34
86,-58,47,3,-14,88,87,-31
86,-55,46,1,-14,88,89,-30
86,-51,44,0,-12,88,87,-28
87,-48,43,2,-10,90,89,-24
88,-45,43,3,-9,92,87,-21
89,-41,42,4,-8,93,89,-20
90,-38,40,3,-8,93,89,-18
91,-35,37,3,-9,93,90,-14
91,-32,35,3,-9,93,90,-14
91,-29,34,4,-7,93,87,-12
92,-25,34,5,-5,93,89,-8
93,-21,33,6,-4,93,90,-4
94,-18,32,7,-3,93,89,-2
95,-17,31,8,-3,93,89,-2
96,-16,30,7,-3,93,90,-2
96,-15,28,6,-3,93,90,-1
97,-14,28,4,-4,94,91,0
98,-11,27,4,-4,94,91,2
98,-9,26,6,-3,94,92,4
98,-8,25,8,-2,95,90,2
98,-9,25,8,0,96,90,2
97,-10,23,7,0,97,89,1
97,-10,21,6,1,98,87,1
96,-10,21,5,1,97,90,-1
97,-10,21,5,0,97,91,1
98,-10,21,5,0,97,91,0
99,-12,20,4,1,97,92,-2
99,-14,18,3,1,97,92,-4
99,-16,15,3,1,97,92,-7
98,-18,15,4,0,97,90,-8
98,-20,15,4,0,97,90,-10
97,-21,16,3,1,97,91,-10
97,-22,14,2,2,97,91,-12
97,-25,12,2,2,97,91,-17
96,-27,10,2,2,97,90,-19
97,-29,10,1,1,99,91,-20
98,-30,11,1,0,101,92,-21
99,-31,11,1,2,102,92,-23
99,-31,9,1,4,103,92,-23
98,-32,7,0,6,102,92,-25
97,-32,7,0,6,102,91,-25
95,-33,6,0,6,100,90,-26
95,-33,7,0,5,98,90,-26
97,-32,7,0,6,97,91,-25
98,-32,7,0,6,98,92,-25
99,-31,7,0,5,99,93,-25
98,-31,6,0,5,100,92,-25
98,-30,7,0,6,101,92,-24
98,-28,7,0,7,102,92,-21
99,-26,6,0,9,102,92,-19
100,-23,6,0,10,101,93,-17
100,-20,5,0,11,100,91,-14
100,-18,5,1,10,99,91,-12
100,-15,4,2,10,97,91,-10
100,-13,3,2,10,97,91,-10
101,-10,3,3,10,97,92,-8
103,-6,4,4,10,98,91,-2
104,-1,6,5,10,100,92,2
104,2,7,6,10,100,93,6
105,4,7,5,10,99,93,8
106,6,7,6,10,97,95,9
108,9,7,8,10,96,96,12
109,14,7,10,10,96,95,17
110,18,7,13,11,97,93,20
110,22,7,13,12,98,93,21
111,25,7,13,13,99,93,26
112,28,8,13,14,98,95,30
113,32,9,14,15,97,96,32
113,35,9,14,15,97,96,36
114,38,10,15,14,97,96,39
115,39,11,16,13,97,97,40
115,41,11,16,14,97,98,41
116,42,11,16,15,97,98,42
115,44,11,16,15,96,98,45
116,46,10,16,15,96,98,46
117,48,10,16,15,97,100,47
119,48,11,16,15,97,101,48
119,48,12,17,15,97,101,48
119,48,13,18,15,97,101,48
119,48,13,18,15,97,101,48
119,48,13,18,15,97,101,48
119,48,12,17,15,96,101,48
119,48,12,17,15,97,101,48
119,47,12,17,15,98,101,47
120,46,11,16,15,100,102,46
120,46,11,16,15,100,102,46
119,44,10,16,15,98,102,45
118,43,11,16,15,97,100,43
117,41,11,16,15,97,100,41
117,40,11,15,15,98,100,40
119,39,11,14,15,99,103,40
119,38,9,13,15,99,103,39
119,36,7,13,17,99,103,37
117,34,7,13,18,100,100,32
116,31,7,13,19,101,98,30
115,29,7,13,18,101,100,30
114,28,7,13,19,100,98,29
112,27,7,13,20,98,97,29
111,27,7,13,20,97,93,28
110,25,7,13,20,97,93,28
110,24,7,12,20,97,95,24
110,22,6,11,20,98,95,21
109,20,5,11,20,99,95,19
109,17,4,10,20,99,95,17
108,15,3,10,20,99,93,15
108,13,3,10,20,100,93,13
106,12,3,9,20,100,92,13
105,11,4,9,20,100,91,12
104,10,3,10,20,100,90,10
103,8,3,11,20,99,90,9
102,6,1,12,20,99,86,7
101,4,1,12,20,100,85,3
100,3,1,11,20,100,85,4
100,3,2,11,20,101,85,4
100,2,2,11,20,101,85,3
100,1,1,12,20,101,84,1
98,0,0,12,20,101,83,-1
97,-1,-1,12,20,101,83,-2
97,-2,-1,11,20,101,83,-3
98,-3,-1,10,20,101,83,-3
99,-3,-1,11,20,101,84,-3
98,-3,-1,11,20,101,83,-3
97,-4,-2,11,20,101,83,-4
97,-6,-2,10,20,101,81,-6
96,-8,-3,10,20,101,81,-8
97,-10,-3,10,19,101,81,-9
97,-12,-3,10,18,101,81,-12
96,-14,-2,10,18,101,81,-14
96,-16,-2,10,18,101,81,-15
95,-16,-2,10,18,101,80,-15
94,-17,-3,9,19,101,79,-17
93,-19,-3,9,20,101,79,-19
93,-22,-3,9,20,101,79,-20
94,-23,-3,9,20,101,79,-21
93,-23,-4,8,20,101,79,-21
92,-24,-4,8,20,101,80,-23
91,-25,-5,7,20,101,79,-23
90,-27,-5,7,20,101,78,-25
91,-29,-5,7,20,101,79,-29
92,-30,-6,7,20,101,80,-30
92,-29,-6,6,20,101,80,-30
92,-30,-6,6,20,101,80,-30
91,-32,-6,6,20,101,79,-31
90,-33,-6,7,20,101,78,-32
88,-33,-6,7,20,101,76,-34
87,-33,-6,6,20,101,76,-32
88,-32,-6,6,20,101,76,-32
89,-32,-6,7,20,101,76,-31
89,-31,-6,7,20,101,78,-31
90,-31,-6,7,20,101,79,-31
91,-30,-6,6,20,101,79,-31
92,-30,-6,6,20,101,80,-30
92,-30,-6,7,21,101,80,-30
91,-28,-5,8,20,101,78,-29
91,-26,-4,9,20,99,78,-25
92,-24,-3,9,20,98,78,-23
93,-21,-3,9,20,98,78,-20
93,-19,-3,9,20,99,79,-19
94,-17,-3,10,21,99,79,-17
95,-14,-3,11,22,98,80,-14
97,-11,-5,12,23,98,79,-13
97,-8,-6,14,23,97,80,-10
98,-4,-5,15,22,97,80,-7
99,-1,-3,16,22,96,81,-4
100,1,-2,17,21,96,83,-1
101,4,-2,17,22,97,83,1
102,8,-2,17,22,99,84,4
104,13,-1,18,21,100,84,10
105,17,0,19,21,99,84,14
105,21,0,20,20,100,85,19
105,25,1,20,20,101,85,21
107,28,1,20,20,101,86,25
108,30,0,20,20,101,87,26
109,32,0,20,20,101,87,29
109,35,1,20,20,101,87,31
109,38,2,21,20,101,87,34
110,41,3,22,20,101,89,36
110,43,3,22,20,101,89,39
109,45,3,22,20,101,87,40
108,46,3,22,20,101,86,41
108,47,4,23,20,101,86,42
109,48,5,23,20,101,87,43
110,49,5,23,20,101,89,43
111,49,4,23,20,101,89,43
109,48,3,22,20,101,87,43
108,48,3,22,21,103,86,42
107,47,3,22,20,104,86,42
106,46,4,23,20,104,85,41
106,44,3,22,20,103,85,40
105,42,2,21,21,103,84,37
106,41,1,20,21,104,85,36
106,40,0,20,20,105,85,36
106,39,0,20,20,107,85,35
105,36,1,20,18,106,84,32
104,32,1,20,18,106,83,29
103,28,0,20,16,106,83,25
102,25,0,19,16,106,81,23
101,22,-1,18,16,106,81,19
100,20,-2,17,17,106,83,15
99,18,-2,16,18,106,81,13
98,14,-2,17,17,106,80,10
97,11,-2,17,16,106,79,7
96,7,-2,17,15,106,79,3
95,4,-2,17,15,106,78,1
96,1,-3,15,15,106,79,-1
96,-1,-4,15,16,106,79,-3
95,-3,-5,14,16,106,78,-7
93,-6,-4,14,15,106,76,-8
91,-7,-5,14,15,106,74,-10
91,-9,-5,14,15,106,74,-10
91,-11,-6,13,15,106,75,-13
92,-14,-6,13,15,106,75,-17
92,-17,-6,13,16,106,75,-19
91,-19,-5,14,16,106,74,-20
91,-19,-6,14,16,106,74,-20
91,-18,-6,13,15,106,74,-20
90,-19,-7,13,15,106,74,-20
91,-21,-7,12,16,106,74,-21
91,-22,-7,12,17,106,75,-23
92,-24,-6,13,18,105,75,-25
92,-25,-6,14,18,104,75,-25
91,-25,-7,15,18,103,72,-26
90,-23,-8,15,18,102,72,-26
90,-21,-8,16,19,101,72,-24
91,-19,-9,17,20,101,72,-23
91,-18,-9,17,20,101,73,-23
91,-19,-9,17,20,101,73,-23
91,-19,-9,17,20,101,72,-23
91,-17,-9,17,20,101,73,-20
92,-14,-9,17,20,101,73,-18
93,-12,-8,18,20,101,74,-17
93,-12,-6,19,20,101,72,-17
92,-11,-5,20,20,101,70,-13
91,-9,-5,21,20,101,69,-12
91,-7,-5,20,20,101,70,-10
93,-6,-5,20,20,101,72,-8
94,-5,-5,20,20,101,73,-8
94,-5,-5,20,20,101,73,-8
93,-4,-5,21,20,101,72,-7
92,-3,-5,20,20,101,70,-6
93,-1,-6,20,20,101,72,-4
95,0,-6,19,20,101,73,-4
96,0,-7,19,20,101,74,-4
96,2,-7,20,20,101,74,-3
94,3,-6,19,20,101,73,0
93,5,-5,18,20,101,74,1
93,5,-5,18,20,101,74,1
93,4,-5,19,20,101,74,1
93,4,-6,19,20,101,72,1
93,6,-5,18,20,101,73,2
92,8,-4,17,20,101,73,4
92,10,-3,16,20,101,75,6
93,10,-2,16,20,101,75,6
93,10,-2,17,20,101,76,6
93,10,-2,17,20,101,74,6
93,10,-2,17,20,101,76,6
94,11,-2,17,20,101,76,7
94,12,-2,17,20,101,76,8
94,14,-2,17,20,101,76,10
93,16,-2,17,20,101,76,12
94,17,-2,17,20,101,76,12
95,17,-2,17,20,101,78,12
96,17,-2,16,20,101,79,13
97,18,-2,17,20,101,79,13
97,18,0,18,20,100,76,15
97,18,0,19,20,100,76,15
97,18,0,18,20,99,76,15
98,19,0,18,20,99,78,17
100,20,0,18,20,99,80,18
101,21,0,18,20,98,81,18
101,21,0,19,20,98,81,18
101,21,0,19,21,97,80,18
101,20,0,19,21,97,80,18
101,21,0,20,22,97,81,18
102,21,1,20,21,97,81,19
103,21,1,20,21,97,83,19
102,21,1,20,21,98,81,19
101,21,0,20,21,100,81,18
101,21,0,20,21,101,80,18
101,21,1,20,21,100,80,18
101,21,0,20,21,98,80,18
101,20,0,20,21,96,80,18
101,20,0,20,22,97,81,18
102,21,0,20,22,98,81,19
104,22,0,20,22,100,83,19
104,22,0,20,21,100,84,19
104,22,0,20,21,99,83,19
103,21,0,20,20,98,83,19
103,22,0,20,20,96,83,19
103,23,0,20,20,97,83,20
104,24,0,20,20,97,84,21
105,25,0,20,21,98,84,21
104,25,0,20,21,97,84,21
104,26,1,20,22,97,83,23
102,27,1,20,21,97,81,24
102,27,1,20,20,98,81,24
104,28,0,20,20,97,84,24
106,29,0,20,21,96,85,25
106,31,1,20,22,96,85,28
105,33,2,21,23,96,85,29
104,34,3,22,24,97,84,30
104,34,4,23,25,98,84,30
104,34,5,23,25,98,83,30
104,35,4,23,23,96,83,31
104,37,4,23,21,95,83,34
105,40,4,23,21,96,84,35
106,41,4,23,23,98,85,36
106,41,4,23,23,100,85,36
105,40,4,23,22,101,84,36
103,39,4,23,20,100,83,35
102,37,4,23,20,100,81,32
103,35,4,23,20,100,83,31
104,34,4,23,20,101,84,30
105,34,4,23,20,101,84,30
104,34,5,23,20,101,84,30
104,33,4,23,20,101,83,29
102,31,3,22,20,101,81,28
101,28,2,21,20,101,80,25
100,25,0,20,20,101,79,23
99,24,1,20,20,101,79,21
98,23,1,20,20,101,78,20
97,20,0,21,21,102,76,18
96,16,-2,22,21,103,74,12
96,13,-4,21,20,102,74,8
96,10,-5,20,19,103,74,6
95,7,-4,19,18,104,75,3
94,3,-4,19,18,106,75,0
93,0,-5,18,17,107,74,-2
92,-2,-7,17,16,106,73,-6
92,-5,-8,17,15,106,73,-10
91,-9,-9,16,15,106,72,-14
90,-14,-10,16,16,106,72,-18
89,-18,-11,15,16,106,70,-23
88,-22,-13,14,16,106,70,-25
87,-25,-13,13,15,106,69,-29
87,-29,-13,14,15,106,69,-31
87,-33,-13,14,15,106,69,-35
86,-37,-12,14,15,106,68,-39
85,-39,-13,14,15,106,68,-41
84,-42,-14,13,15,106,65,-46
83,-45,-15,12,15,106,65,-48
82,-49,-16,10,15,106,67,-52
81,-52,-16,10,15,106,65,-56
79,-54,-16,10,15,106,64,-57
79,-54,-17,12,15,106,62,-57
78,-55,-18,13,15,106,62,-58
78,-57,-19,13,15,106,61,-59
77,-59,-18,13,15,106,61,-62
77,-61,-18,12,15,106,61,-64
77,-62,-18,12,15,106,59,-64
77,-61,-19,13,15,106,59,-64
76,-61,-20,14,15,106,59,-65
76,-60,-21,14,15,106,57,-64
75,-59,-21,13,15,106,58,-64
75,-58,-20,12,15,106,58,-63
75,-57,-19,11,15,106,58,-61
75,-57,-18,11,15,106,59,-59
77,-56,-18,11,15,106,61,-58
78,-55,-17,12,15,106,62,-58
78,-53,-17,12,16,106,62,-57
77,-52,-18,12,15,106,59,-54
76,-51,-18,13,15,106,59,-54
76,-50,-18,13,15,106,59,-54
76,-50,-18,13,16,106,59,-54
75,-49,-19,13,16,106,58,-53
75,-48,-19,13,16,106,58,-51
73,-46,-18,13,14,107,57,-51
73,-46,-16,13,12,107,56,-50
73,-46,-15,12,10,106,57,-50
75,-46,-14,12,12,106,59,-47
76,-45,-14,12,14,106,59,-48
78,-44,-14,12,16,108,61,-48
78,-44,-14,13,15,110,61,-47
78,-44,-13,14,13,112,61,-46
77,-44,-12,14,11,112,61,-46
78,-44,-13,14,10,110,61,-46
78,-45,-13,14,11,107,61,-47
79,-46,-13,14,11,107,62,-47
79,-46,-13,14,11,108,62,-47
79,-46,-12,14,11,110,62,-47
78,-46,-13,14,11,110,61,-48
77,-47,-14,15,11,108,61,-51
77,-48,-14,15,11,107,59,-51
76,-49,-13,15,10,106,59,-52
75,-49,-13,14,10,106,58,-51
75,-49,-13,15,10,106,58,-53
75,-50,-15,16,11,107,56,-53
76,-50,-16,18,11,108,57,-53
77,-50,-16,18,11,108,58,-53
77,-48,-16,18,11,108,58,-52
75,-47,-16,17,11,107,56,-51
73,-46,-16,17,10,106,54,-50
73,-46,-16,18,10,106,54,-50
74,-46,-16,18,10,106,56,-50
75,-46,-16,17,11,106,56,-50
75,-46,-17,16,12,107,56,-50
74,-46,-18,15,13,108,54,-50
73,-46,-18,15,12,108,54,-51
73,-47,-17,16,12,108,54,-51
73,-46,-16,17,12,107,54,-51
73,-46,-15,18,13,107,54,-50
74,-46,-16,17,12,108,54,-50
73,-46,-18,16,11,108,54,-51
73,-48,-18,15,11,108,54,-52
72,-51,-18,15,13,107,53,-54
72,-53,-18,15,14,106,53,-57
72,-53,-18,15,14,106,53,-57
72,-53,-18,15,13,106,53,-56
71,-54,-19,14,11,107,52,-59
70,-56,-19,14,10,107,53,-61
69,-58,-19,14,11,106,53,-63
68,-61,-19,14,12,106,52,-65
68,-63,-19,14,12,106,50,-68
68,-65,-19,14,13,106,50,-69
68,-66,-19,14,13,106,52,-70
69,-68,-19,14,12,106,53,-72
70,-70,-19,14,12,106,52,-74
70,-72,-19,14,11,106,52,-76
70,-75,-20,14,10,106,52,-79
69,-78,-20,13,10,106,53,-81
68,-80,-21,11,10,106,53,-83
68,-83,-21,8,11,106,54,-84
68,-84,-20,7,11,106,54,-84
68,-84,-20,7,10,106,54,-85
68,-84,-20,7,11,106,54,-85
66,-85,-20,7,11,107,53,-85
65,-86,-20,7,11,107,52,-86
64,-86,-20,7,11,107,51,-87
63,-86,-20,7,10,105,51,-87
63,-87,-21,8,11,103,51,-87
63,-87,-22,10,12,101,48,-90
64,-86,-23,11,14,102,48,-89
64,-85,-23,11,14,103,48,-87
65,-82,-23,11,13,104,50,-85
65,-80,-23,11,12,103,50,-84
65,-78,-23,10,14,102,50,-81
64,-76,-23,11,15,101,48,-79
64,-73,-22,12,16,101,48,-76
65,-70,-20,13,15,101,50,-74
66,-68,-19,14,15,101,50,-73
66,-66,-19,14,15,101,48,-70
67,-64,-19,14,15,101,48,-69
67,-61,-19,14,15,101,51,-67
68,-59,-20,14,15,101,52,-64
69,-57,-19,14,16,101,51,-62
71,-54,-18,15,16,101,52,-58
71,-52,-17,16,15,101,52,-56
72,-49,-16,17,15,100,53,-52
72,-46,-15,18,15,100,53,-50
72,-44,-16,18,17,100,53,-48
72,-43,-16,17,19,99,53,-47
72,-43,-16,17,20,98,53,-47
73,-43,-16,17,20,96,53,-47
74,-41,-14,18,20,96,54,-46
75,-39,-13,20,20,96,56,-43
75,-39,-12,21,20,97,56,-43
76,-41,-13,20,20,97,57,-45
77,-43,-14,18,20,96,57,-47
78,-44,-15,18,20,96,58,-48
78,-44,-14,19,20,96,58,-48
78,-44,-13,20,20,96,58,-48
78,-43,-13,20,20,97,58,-47
78,-45,-14,19,20,97,59,-50
78,-48,-15,18,20,96,59,-51
77,-50,-16,18,20,95,58,-53
76,-50,-16,17,20,94,57,-54
75,-51,-16,17,20,93,57,-54
76,-52,-16,18,20,93,57,-56
78,-53,-16,18,20,92,58,-57
79,-54,-16,18,19,91,59,-57
78,-56,-16,17,19,91,58,-59
75,-57,-16,18,19,91,57,-59
74,-57,-16,18,20,92,56,-61
74,-57,-16,18,20,92,54,-61
74,-57,-16,18,19,91,56,-61
75,-57,-16,18,19,91,56,-59
75,-57,-16,18,19,91,56,-59
74,-57,-16,18,20,91,56,-61
72,-58,-16,18,20,91,53,-61
71,-59,-16,18,20,91,53,-62
71,-59,-16,18,19,91,53,-62
73,-58,-16,18,19,91,54,-62
74,-58,-16,18,20,91,56,-61
75,-57,-16,18,21,91,56,-59
74,-56,-16,18,21,91,54,-59
72,-54,-16,18,23,91,53,-58
72,-53,-16,18,24,91,53,-56
72,-53,-16,18,24,91,53,-56
72,-53,-16,17,23,90,53,-57
72,-54,-16,18,23,89,53,-57
71,-52,-16,18,23,89,52,-56
72,-49,-16,17,24,89,53,-53
72,-47,-16,17,25,89,53,-51
73,-46,-16,17,25,88,54,-51
73,-46,-16,18,24,86,54,-51
73,-45,-15,19,24,86,53,-50
73,-43,-14,18,24,86,54,-47
74,-40,-13,17,24,86,54,-45
75,-39,-12,16,24,86,58,-42
75,-39,-12,17,24,86,58,-42
76,-40,-13,18,24,86,57,-45
76,-39,-13,18,24,87,57,-43
77,-37,-12,17,24,86,58,-40
77,-35,-11,17,24,85,61,-37
79,-32,-10,18,24,83,59,-35
80,-29,-10,19,24,83,61,-31
82,-26,-10,18,24,83,62,-29
83,-24,-10,18,24,83,63,-28
84,-23,-10,18,25,82,64,-26
85,-21,-9,20,26,81,64,-24
86,-18,-8,22,27,81,65,-21
87,-15,-8,23,28,82,64,-19
89,-12,-9,22,25,83,65,-17
90,-10,-9,21,23,83,69,-14
91,-7,-9,22,23,83,70,-12
91,-2,-7,24,25,82,68,-8
90,0,-6,26,28,81,67,-4
90,3,-5,28,29,81,67,-2
91,6,-4,28,28,81,68,0
92,9,-4,28,27,81,68,3
93,13,-4,28,26,81,69,7
94,16,-4,28,26,81,68,9
95,19,-3,28,27,81,69,12
96,21,-3,29,29,81,69,17
97,25,-2,30,29,81,70,19
97,28,-1,31,28,81,70,23
99,31,-1,31,28,81,73,25
101,34,0,31,27,81,74,28
101,36,0,32,26,81,74,30
101,38,0,32,26,81,74,31
101,39,0,33,27,81,74,32
101,42,1,34,28,83,74,35
102,44,2,34,27,85,74,36
103,45,2,34,27,86,75,37
104,45,1,34,27,85,76,37
104,45,0,35,28,83,74,37
104,45,0,35,28,82,74,37
104,45,0,35,27,82,74,37
103,45,1,34,26,83,75,37
103,43,1,34,24,83,75,36
103,40,2,34,24,85,75,34
103,37,2,34,24,86,75,30
102,34,1,34,24,87,75,28
101,32,0,33,24,86,74,26
100,29,0,32,25,84,73,24
99,26,-1,31,25,84,72,20
98,23,-2,30,26,85,72,18
97,20,-3,29,25,86,70,14
97,16,-4,28,25,86,73,9
96,12,-5,27,24,86,72,6
96,8,-5,28,24,86,72,2
95,4,-6,28,24,86,69,-1
94,0,-7,28,24,86,68,-4
93,-2,-8,26,24,86,69,-7
91,-6,-9,25,24,86,68,-10
89,-10,-9,24,24,86,65,-14
89,-13,-9,24,24,86,65,-18
88,-16,-10,23,24,86,65,-20
87,-19,-11,22,24,86,64,-25
85,-22,-12,21,24,86,65,-28
83,-25,-12,20,24,86,63,-31
82,-28,-12,21,24,86,62,-34
82,-32,-12,21,25,86,62,-37
82,-34,-12,21,24,86,59,-39
80,-36,-12,21,22,86,61,-41
78,-38,-12,21,21,86,58,-42
77,-40,-14,20,21,86,57,-45
77,-42,-15,20,22,86,58,-46
78,-44,-17,20,24,86,56,-48
78,-44,-16,21,25,86,56,-48
76,-44,-16,20,24,86,54,-48
75,-45,-16,18,23,86,56,-50
74,-46,-17,19,22,86,54,-51
74,-48,-18,20,21,86,52,-53
74,-48,-19,21,20,86,53,-54
74,-47,-18,20,19,86,53,-53
74,-47,-17,19,19,86,52,-51
73,-46,-16,19,19,87,54,-50
73,-46,-15,19,20,88,54,-50
73,-47,-16,20,20,89,52,-51
74,-47,-15,20,20,88,52,-51
75,-45,-15,21,19,87,53,-50
75,-43,-14,22,19,86,54,-47
76,-41,-14,23,19,86,54,-46
75,-40,-14,23,19,86,53,-45
75,-39,-15,23,19,87,53,-43
76,-39,-15,23,19,87,54,-43
77,-37,-14,23,19,86,56,-42
78,-34,-14,22,19,86,56,-39
79,-32,-14,22,19,86,57,-37
79,-31,-14,23,19,86,57,-36
80,-29,-14,25,19,86,56,-35
80,-28,-14,26,19,86,56,-32
80,-26,-13,27,19,86,56,-31
81,-25,-13,26,19,86,57,-30
82,-22,-13,27,19,86,57,-29
83,-20,-12,27,19,86,58,-26
83,-18,-12,28,19,86,58,-25
84,-17,-11,28,19,86,59,-23
85,-15,-12,28,19,86,61,-21
86,-13,-12,27,19,86,61,-19
86,-11,-12,27,19,86,61,-18
86,-10,-12,28,19,86,61,-17
85,-9,-11,28,19,86,59,-17
84,-8,-9,30,19,86,59,-15
85,-6,-8,31,19,86,58,-13
86,-4,-8,31,19,86,59,-12
87,-3,-8,31,19,86,59,-10
87,-2,-8,31,19,86,59,-9
87,-2,-8,31,19,86,59,-9
87,-3,-8,31,19,86,59,-10
87,-4,-8,31,19,86,59,-12
88,-4,-9,31,19,86,61,-12
88,-3,-8,31,19,86,61,-10
87,-3,-7,29,19,86,62,-8
86,-2,-6,28,19,86,62,-7
87,-3,-6,28,19,86,62,-8
87,-4,-7,29,19,86,62,-9
88,-4,-8,30,19,86,62,-12
88,-4,-8,30,19,86,62,-9
87,-3,-7,29,19,86,62,-9
87,-4,-7,30,19,86,62,-9
88,-5,-8,30,19,86,63,-12
89,-7,-8,30,19,86,64,-12
90,-8,-7,29,19,86,64,-13
90,-8,-7,28,19,86,64,-13
90,-8,-7,29,19,86,64,-13
90,-8,-7,30,19,86,64,-13
90,-8,-8,31,19,86,62,-15
90,-8,-9,31,19,86,63,-15
90,-8,-8,31,19,86,63,-15
90,-8,-7,30,19,86,64,-13
90,-8,-7,29,19,86,64,-13
90,-8,-7,30,19,86,64,-13
90,-8,-8,31,19,86,63,-15
91,-7,-9,31,19,86,63,-14
93,-6,-8,31,19,86,65,-13
94,-5,-8,30,19,86,68,-10
94,-5,-7,29,19,86,68,-10
94,-6,-7,28,20,86,68,-10
94,-5,-6,28,21,86,68,-10
95,-3,-5,27,21,86,72,-8
96,0,-5,27,20,86,72,-6
96,0,-5,27,20,86,72,-4
96,0,-5,28,21,86,72,-4
96,0,-5,27,22,87,72,-4
96,0,-5,27,23,86,72,-4
97,2,-5,28,23,85,73,-2
97,5,-4,28,23,83,73,0
98,7,-3,28,23,81,72,1
98,7,-3,29,24,81,72,1
97,7,-3,30,24,82,72,1
97,8,-2,32,24,83,70,2
97,11,-3,32,24,83,70,4
98,13,-2,32,24,83,72,7
99,14,-2,31,24,82,73,9
100,14,-1,30,24,81,73,9
100,14,-1,30,24,81,73,9
100,15,-2,32,24,81,73,8
100,18,-4,33,24,82,70,10
99,19,-5,34,24,82,70,12
98,19,-4,33,24,81,69,12
98,19,-2,32,24,81,72,12
98,19,-1,30,23,81,72,14
98,19,-1,30,23,81,72,14
98,18,-2,32,22,81,72,12
97,18,-4,33,22,81,68,10
97,18,-4,33,22,81,68,10
97,18,-3,33,22,81,68,10
97,19,-3,32,23,81,70,12
96,20,-2,31,24,82,69,13
94,18,-2,32,24,82,68,12
93,17,-3,33,22,81,65,9
93,15,-5,34,21,81,64,8
93,14,-5,35,20,82,65,7
94,13,-5,34,21,83,65,6
94,11,-3,33,22,85,65,4
92,9,-2,32,22,85,67,3
92,7,-2,31,21,83,65,3
93,6,-1,30,19,82,67,2
93,5,0,30,19,82,67,1
92,4,-2,31,19,83,67,0
92,2,-4,31,19,85,65,-2
91,0,-6,31,19,86,65,-6
91,-3,-7,30,19,86,65,-9
91,-6,-7,28,21,85,65,-12
90,-8,-5,27,22,83,67,-13
90,-8,-5,27,23,83,67,-13
90,-8,-5,27,22,84,67,-13
90,-9,-5,28,21,86,67,-14
92,-10,-5,27,21,87,69,-15
93,-12,-5,27,21,86,69,-17
93,-13,-5,27,22,86,70,-17
93,-12,-6,28,23,86,67,-17
90,-12,-7,30,24,86,64,-17
88,-11,-8,31,25,85,61,-18
87,-10,-9,31,24,84,59,-17
89,-8,-8,31,23,83,61,-15
90,-8,-8,31,22,83,62,-15
89,-9,-8,31,23,83,62,-15
89,-9,-8,31,24,85,61,-15
89,-9,-8,31,24,86,61,-15
90,-8,-8,31,24,86,62,-15
91,-8,-8,31,24,85,63,-15
91,-7,-8,31,24,85,63,-14
89,-7,-8,31,24,84,62,-14
87,-6,-8,31,24,83,59,-13
85,-6,-8,31,24,83,57,-13
83,-6,-8,31,23,83,56,-13
83,-6,-8,31,22,83,56,-13
83,-7,-8,31,23,82,56,-14
83,-8,-8,31,23,81,56,-15
82,-10,-8,31,22,81,56,-18
82,-13,-8,31,21,83,54,-19
82,-14,-9,30,20,84,58,-21
83,-17,-10,28,21,84,58,-23
82,-20,-11,28,22,84,58,-26
81,-24,-12,27,22,84,57,-29
79,-27,-13,26,20,83,54,-32
77,-31,-14,25,19,84,53,-36
76,-35,-15,25,19,86,52,-40
76,-39,-14,25,21,86,52,-43
75,-43,-14,25,23,86,52,-47
75,-48,-14,25,24,86,51,-52
73,-52,-15,25,23,86,50,-56
72,-57,-17,23,22,86,51,-62
71,-61,-18,22,22,86,51,-65
70,-66,-19,21,24,85,50,-70
69,-72,-19,21,25,84,50,-75
68,-76,-19,21,24,85,48,-80
67,-80,-20,20,23,85,47,-84
67,-83,-22,19,22,85,47,-86
66,-85,-24,19,23,85,46,-90
66,-87,-25,19,24,85,46,-92
66,-89,-24,19,24,86,46,-93
65,-91,-23,18,24,85,46,-93
65,-92,-22,18,24,83,45,-93
65,-92,-23,18,24,82,45,-93
65,-91,-24,19,24,81,45,-96
66,-91,-25,19,24,81,46,-96
66,-91,-24,19,24,82,46,-95
66,-89,-23,18,24,82,46,-92
65,-87,-21,18,24,81,46,-90
66,-84,-21,19,24,81,46,-87
65,-81,-22,21,24,81,46,-84
66,-78,-22,23,24,81,43,-84
66,-75,-23,24,24,81,43,-81
67,-72,-22,24,24,81,45,-78
68,-68,-20,22,24,81,46,-73
69,-65,-18,22,24,81,48,-69
69,-62,-16,23,24,82,48,-67
71,-58,-15,24,24,82,47,-63
72,-53,-15,25,24,81,48,-59
74,-48,-15,25,24,80,51,-54
75,-43,-16,24,24,79,52,-50
77,-39,-15,24,24,80,53,-46
77,-34,-14,25,24,81,53,-40
79,-30,-13,27,24,82,54,-36
80,-26,-11,28,24,82,56,-32
82,-23,-9,30,24,81,57,-29
83,-19,-8,31,24,81,57,-25
85,-15,-8,31,24,81,58,-21
87,-11,-8,30,24,82,62,-18
89,-8,-8,31,24,82,62,-15
91,-6,-7,32,24,81,63,-10
91,-3,-6,33,24,79,63,-9
92,-1,-5,34,23,78,64,-7
92,0,-5,34,22,78,64,-4
93,2,-4,34,22,79,65,-2
95,5,-3,35,23,81,67,0
96,8,-2,36,23,82,67,2
96,10,-1,37,23,82,67,3
97,11,0,38,22,81,68,4
98,14,-1,37,22,81,69,7
100,16,-1,37,23,81,70,9
101,18,-1,37,24,81,72,12
101,20,-1,37,24,81,72,13
101,21,-1,37,24,81,72,14
101,20,-1,37,23,81,72,13
101,20,-1,37,22,81,72,13
102,21,-1,37,22,81,73,14
104,24,-1,37,23,82,74,17
104,26,-1,37,24,82,74,18
102,26,-1,37,24,81,70,19
99,26,-1,37,24,81,68,18
98,25,-1,37,24,81,69,18
98,25,-1,37,24,82,69,17
99,23,-1,37,24,83,70,15
99,21,-1,38,24,83,68,13
98,19,-2,39,24,83,67,12
97,18,-2,39,23,83,65,10
96,18,-2,38,22,83,65,10
97,16,-3,37,23,83,65,9
97,12,-4,36,24,82,68,6
96,8,-6,35,24,81,67,2
94,5,-7,36,24,81,64,-2
93,2,-7,37,24,81,63,-4
93,0,-8,38,24,82,62,-8
92,-4,-9,37,23,82,62,-12
92,-9,-10,36,21,81,62,-15
92,-13,-11,34,19,82,62,-19
90,-17,-11,34,19,82,61,-24
89,-22,-11,35,21,81,59,-28
88,-26,-11,35,21,81,58,-32
87,-31,-12,33,21,81,58,-39
86,-35,-13,31,20,81,58,-42
84,-39,-14,30,19,82,58,-45
83,-42,-14,30,19,82,57,-48
83,-45,-15,31,19,82,56,-51
82,-48,-16,30,19,82,56,-54
82,-51,-17,30,19,82,56,-57
81,-53,-17,31,19,82,54,-58
80,-54,-15,31,19,82,54,-59
80,-54,-14,30,20,81,53,-59
80,-54,-13,29,21,81,53,-57
80,-54,-13,29,21,81,56,-57
79,-53,-13,29,21,81,53,-56
79,-51,-13,28,20,81,56,-54
80,-48,-13,28,19,82,56,-52
81,-45,-12,28,19,82,57,-50
82,-42,-10,28,19,82,58,-46
83,-37,-9,30,19,82,58,-42
84,-33,-8,31,19,82,57,-37
86,-28,-8,31,19,82,58,-32
87,-21,-8,31,19,82,59,-28
88,-15,-7,32,19,82,61,-21
89,-8,-6,33,21,81,62,-13
89,-3,-4,34,22,81,62,-8
89,2,-3,35,24,81,62,-3
90,9,-3,37,24,81,61,2
92,16,-2,41,24,81,59,8
94,22,-2,44,24,81,62,14
97,27,-1,45,24,81,63,19
99,32,-1,44,24,81,65,24
100,37,0,43,24,81,67,29
101,43,1,43,24,81,67,34
102,50,2,46,24,81,68,40
103,55,2,47,24,81,67,45
104,59,2,48,24,81,68,48
106,62,2,47,24,81,69,51
108,66,4,48,24,81,73,57
110,70,6,48,24,81,74,61
111,73,7,50,24,81,73,64
111,77,7,50,24,81,74,67
112,78,8,49,24,81,76,68
113,79,8,48,24,81,78,69
115,80,8,48,24,81,79,70
116,81,8,48,24,81,80,70
116,81,7,49,24,81,80,70
116,81,8,48,24,81,80,70
116,81,8,48,24,81,80,70
115,81,9,48,24,81,80,73
115,80,9,47,24,81,79,73
113,79,8,46,24,81,78,72
113,77,7,46,24,81,78,67
112,74,7,45,24,81,79,64
111,73,6,45,24,81,75,63
109,71,4,45,24,81,74,62
108,68,3,46,24,81,73,59
106,65,3,46,24,81,72,56
106,62,4,46,24,81,72,53
106,59,5,44,24,82,74,51
106,57,5,43,24,82,73,50
105,55,3,42,24,81,73,47
103,52,1,41,24,81,72,45
102,50,1,40,24,81,70,42
102,47,2,41,24,82,70,40
101,45,2,41,24,83,69,39
101,43,1,40,24,83,69,36
100,40,1,39,24,84,69,34
100,38,0,40,24,85,68,31
99,37,0,41,24,86,68,28
98,36,-1,42,24,86,64,26
97,33,-3,42,24,86,63,25
96,31,-4,42,24,86,63,20
96,29,-5,41,24,86,63,19
96,28,-4,41,24,86,63,18
96,29,-4,41,24,86,62,18
95,28,-4,41,24,86,62,18
93,27,-4,41,24,86,61,17
93,25,-4,41,24,86,59,14
92,23,-4,41,24,86,59,13
92,21,-4,41,24,86,59,12
92,20,-4,41,25,86,59,10
92,19,-4,41,24,86,59,9
92,17,-5,41,22,86,59,7
92,16,-5,42,21,86,59,7
93,16,-5,43,20,86,59,7
93,15,-5,42,20,86,59,6
92,14,-6,40,21,86,59,4
92,11,-7,39,21,86,62,2
91,9,-7,39,21,86,58,1
91,8,-8,40,21,86,58,0
90,7,-8,40,21,86,58,-1
90,4,-8,38,21,87,59,-3
89,2,-7,37,21,88,59,-4
89,2,-8,38,20,88,59,-4
89,2,-9,39,20,87,57,-6
89,0,-10,40,21,86,57,-9
88,-1,-10,40,23,86,56,-12
88,-3,-9,39,24,88,56,-10
87,-4,-8,37,23,90,58,-12
88,-4,-8,37,23,90,58,-12
87,-3,-9,39,23,88,56,-10
87,-3,-10,40,24,86,56,-13
88,-4,-11,41,24,86,56,-14
89,-5,-10,40,24,86,57,-14
89,-6,-9,39,24,86,57,-13
87,-6,-8,38,24,86,57,-13
85,-6,-8,37,24,86,56,-13
84,-5,-8,37,24,86,54,-13
86,-5,-8,38,24,86,56,-12
88,-4,-8,38,24,86,58,-12
88,-3,-9,39,24,86,56,-10
87,-2,-9,39,24,86,56,-9
86,-1,-9,39,24,86,53,-8
85,0,-8,38,24,86,56,-8
85,0,-8,38,24,86,56,-7
86,0,-8,38,24,86,57,-7
87,2,-8,38,24,86,57,-4
88,5,-8,38,24,86,58,-2
89,7,-8,38,24,86,58,-1
89,8,-7,39,24,86,59,0
90,10,-5,40,24,86,57,2
91,12,-4,41,24,86,58,3
91,14,-4,41,24,85,58,8
92,17,-4,41,24,84,59,8
92,19,-4,41,24,85,59,9
93,22,-4,41,24,86,59,13
93,26,-3,42,24,86,61,18
95,28,-2,43,24,86,62,20
96,31,0,44,24,86,63,23
97,33,0,44,24,86,64,25
99,36,-1,44,24,86,65,28
100,39,-1,44,24,86,67,30
101,42,0,45,24,86,67,32
102,45,1,46,24,86,68,35
102,47,2,47,24,86,65,37
102,50,3,48,24,86,65,40
103,52,2,47,24,86,67,42
104,55,2,47,24,86,68,45
106,57,2,47,24,86,69,47
107,58,2,47,24,86,70,47
107,58,2,48,24,86,70,48
106,59,2,48,24,86,69,48
105,61,2,48,24,86,68,50
104,62,2,47,24,86,68,51
104,63,3,47,24,86,67,52
104,63,2,47,24,86,68,52
105,61,1,48,24,86,68,51
106,60,0,50,24,86,69,48
106,57,0,51,25,86,67,47
105,55,0,52,25,86,67,42
104,53,0,51,24,86,65,42
104,51,0,49,23,86,67,41
103,48,-2,47,21,86,67,39
102,45,-3,47,19,88,65,34
101,42,-4,47,19,89,65,30
101,39,-4,48,21,89,65,28
101,36,-4,48,23,89,65,25
101,33,-4,48,25,88,64,23
99,31,-5,47,25,87,63,20
98,28,-7,46,25,88,62,18
96,25,-7,44,24,89,61,15
95,21,-7,43,24,90,59,12
93,18,-7,43,24,91,58,8
92,15,-6,44,25,91,57,6
92,13,-6,44,24,91,59,4
93,12,-6,43,25,91,59,3
93,10,-7,41,24,91,61,1
93,9,-8,40,24,91,59,0
92,8,-7,39,25,91,59,0
91,7,-6,40,25,91,59,-1
90,7,-5,42,25,91,58,-1
90,6,-6,42,24,91,58,-2
91,5,-6,41,23,91,59,-2
92,6,-6,40,23,91,59,-2
92,7,-5,40,23,91,59,-1
91,9,-5,40,23,91,58,0
91,9,-5,40,22,91,58,1
91,9,-6,40,22,91,58,0
91,8,-5,40,21,91,59,0
92,9,-4,41,22,91,59,1
92,11,-4,41,22,91,59,2
92,13,-4,41,23,91,59,6
92,14,-4,41,24,91,59,6
92,16,-4,41,25,92,59,7
92,17,-4,41,25,91,59,8
92,19,-4,41,24,90,59,9
93,21,-3,42,24,88,61,13
94,22,-2,43,24,87,61,15
95,25,-1,44,24,88,62,17
96,27,0,44,25,89,63,19
96,28,-1,44,25,90,62,20
96,29,-1,44,24,91,62,21
96,29,-1,44,23,91,63,21
97,29,-1,44,23,91,64,21
99,31,0,44,22,91,65,23
100,31,-1,45,22,91,67,23
99,31,-2,46,21,91,63,23
97,29,-2,46,21,91,62,21
96,29,-1,45,21,91,63,21
96,29,-1,45,21,91,62,21
96,28,-1,45,21,91,63,20
96,27,-4,46,20,91,61,17
95,24,-7,46,19,91,59,14
94,22,-8,45,19,91,59,13
94,22,-8,44,19,91,59,12
94,22,-7,44,20,91,59,12
94,21,-7,45,20,91,58,10
93,18,-7,45,19,91,58,8
94,14,-7,45,19,91,58,4
94,12,-7,44,19,91,59,3
93,10,-7,43,19,91,58,2
93,10,-7,43,19,91,58,1
92,8,-7,43,19,91,57,0
92,6,-7,44,19,91,57,-2
92,4,-7,44,19,91,57,-3
92,3,-7,43,19,91,57,-4
91,3,-6,43,19,91,59,-4
91,3,-5,42,19,91,58,-4
91,3,-4,41,19,91,58,-3
92,4,-4,41,19,91,59,-3
92,4,-4,41,19,91,59,-3
93,5,-4,41,19,91,61,-3
94,5,-4,41,19,91,61,-2
93,5,-4,41,19,91,61,-3
93,4,-4,41,19,91,61,-3
93,4,-4,41,19,91,61,-3
93,5,-4,41,19,91,61,-3
94,7,-4,41,19,91,62,-1
95,9,-4,41,19,91,62,1
95,11,-4,41,19,91,62,2
94,13,-4,41,19,91,62,4
93,14,-4,41,19,91,61,6
93,15,-4,41,19,91,59,6
93,15,-4,41,19,91,59,6
93,15,-5,42,19,91,59,6
93,15,-7,43,19,91,58,6
93,15,-8,45,19,91,58,4
94,16,-8,45,19,91,59,4
94,16,-7,43,19,91,59,7
94,16,-5,42,19,91,61,7
93,16,-4,41,19,91,59,7
93,15,-4,41,19,91,59,8
93,14,-5,42,19,91,61,6
94,13,-7,43,19,91,59,3
94,11,-8,45,19,91,59,0
92,9,-8,45,19,91,57,-1
92,8,-7,45,20,92,57,0
92,6,-6,43,20,92,59,-1
93,5,-7,41,20,92,61,-3
93,2,-7,40,19,91,61,-4
93,0,-9,41,19,91,61,-7
92,-1,-10,43,20,92,57,-10
90,-3,-10,43,20,93,56,-13
89,-3,-10,41,20,93,57,-13
87,-3,-9,39,20,94,56,-10
88,-4,-8,38,20,94,58,-12
88,-5,-7,38,20,94,58,-13
90,-6,-8,38,20,93,59,-13
90,-7,-8,38,20,93,59,-14
89,-7,-8,38,20,93,59,-14
89,-5,-8,38,20,95,59,-13
89,-4,-7,38,20,96,59,-12
91,-3,-7,39,20,97,61,-10
92,-1,-7,39,20,97,62,-8
92,0,-7,39,20,96,62,-7
93,2,-6,39,20,96,63,-4
93,4,-5,40,20,96,63,-3
94,7,-4,41,20,96,61,-1
95,9,-4,41,20,96,62,1
96,13,-4,41,20,97,63,3
97,16,-4,41,20,97,63,7
97,20,-3,42,20,96,64,13
98,23,-2,44,20,95,64,15
98,26,-2,45,20,94,64,18
98,28,-1,46,20,93,62,20
99,31,-1,45,20,93,65,23
99,32,-2,46,20,93,63,24
99,34,-3,46,20,93,63,24
99,36,-4,48,20,94,63,25
100,39,-4,48,20,95,64,28
100,41,-4,48,20,96,64,30
100,42,-4,48,20,96,64,31
99,43,-4,48,20,96,63,31
99,42,-4,48,20,96,63,31
99,42,-4,48,18,96,63,31
99,43,-4,48,17,96,63,31
100,42,-4,48,16,96,63,31
100,41,-4,48,17,96,64,30
100,39,-4,48,17,97,64,28
99,36,-4,48,16,97,63,25
99,34,-4,48,15,98,63,24
98,32,-4,48,15,99,62,21
98,28,-4,48,15,100,62,18
97,25,-5,47,15,101,62,15
96,21,-5,46,16,101,61,12
95,18,-6,46,15,101,59,8
94,15,-7,45,15,101,59,6
93,12,-7,45,15,101,58,3
92,9,-7,44,15,101,57,1
91,7,-7,44,15,101,57,-1
89,4,-7,44,15,101,54,-3
88,1,-7,45,15,101,53,-6
87,0,-7,45,15,101,53,-8
87,-3,-7,44,15,101,53,-10
87,-4,-8,44,15,101,53,-12
86,-4,-10,42,15,101,52,-14
86,-5,-11,41,15,101,54,-14
86,-4,-11,41,15,101,54,-14
87,-4,-11,41,15,101,56,-14
88,-3,-11,41,15,101,56,-13
88,-4,-10,42,15,101,53,-14
87,-4,-10,43,15,101,53,-14
87,-3,-10,43,15,101,53,-13
87,0,-10,42,15,101,54,-10
89,1,-11,42,15,101,57,-8
90,4,-10,42,15,101,57,-6
90,7,-9,43,15,101,56,-3
90,10,-7,45,15,101,56,1
91,13,-7,45,15,101,56,3
92,17,-7,45,15,101,57,7
93,20,-8,44,15,101,58,10
93,23,-7,44,15,101,58,13
93,25,-7,46,15,101,58,15
93,27,-5,47,15,101,57,17
94,29,-4,48,15,101,58,19
95,32,-4,49,15,101,58,21
97,35,-5,50,15,101,58,24
97,37,-5,49,15,101,59,26
97,39,-4,48,15,101,62,28
98,41,-4,48,15,101,63,30
99,42,-4,48,15,101,63,31
99,43,-4,48,15,101,63,31
100,42,-4,48,15,101,63,31
99,42,-4,48,15,101,63,31
99,43,-4,48,15,101,63,31
99,42,-4,48,15,101,63,31
100,41,-4,48,15,101,64,30
101,39,-4,48,15,101,65,29
102,38,-4,48,15,101,65,26
101,37,-4,48,15,101,64,26
99,36,-4,48,15,101,63,25
98,36,-4,48,15,101,62,25
98,34,-4,48,15,101,63,24
99,32,-4,48,15,101,63,21
99,31,-4,48,15,101,63,20
97,30,-4,48,14,101,62,19
96,29,-4,48,13,101,61,18
96,27,-5,46,14,101,61,17
97,26,-7,46,15,101,62,15
99,25,-7,46,15,101,63,15
99,25,-6,47,15,101,63,14
99,25,-4,47,15,101,63,15
98,25,-3,47,15,101,63,15
97,24,-3,46,15,101,62,14
96,23,-3,46,15,101,61,13
95,23,-4,47,15,101,61,13
96,23,-4,48,15,101,61,13
96,23,-4,49,15,101,58,13
97,22,-4,48,15,101,62,12
98,21,-3,46,15,101,63,12
99,21,-2,45,15,101,65,14
99,22,-1,44,15,101,65,15
98,23,0,44,15,101,64,15
98,23,-1,44,15,101,64,15
98,23,-1,44,15,101,64,15
98,24,-1,44,15,101,65,15
98,25,-1,45,15,101,65,18
98,26,0,46,15,101,62,18
97,26,0,47,15,101,62,18
98,28,-1,47,15,101,62,20
100,30,-1,46,15,101,64,21
100,31,-1,46,15,101,64,23
100,32,0,46,15,101,64,23
100,31,0,46,15,101,64,23
101,31,0,46,15,101,64,23
101,32,0,48,15,101,65,24
101,34,0,49,15,101,65,25
101,36,0,48,15,101,64,28
100,37,0,48,15,101,64,28
99,37,0,47,15,101,63,28
100,37,0,48,15,101,64,28
100,37,0,49,15,101,64,28
99,36,-1,50,15,101,61,25
99,36,-1,51,15,101,61,25
98,36,-1,51,15,101,61,24
98,36,-1,50,15,101,59,25
97,36,-2,49,15,101,59,24
97,35,-3,49,15,101,61,24
96,33,-3,49,15,101,58,21
95,30,-3,49,16,101,59,20
94,28,-3,49,17,101,59,18
94,25,-4,48,17,101,58,15
93,23,-4,48,17,101,57,13
92,19,-5,47,16,101,57,9
91,16,-7,46,15,101,56,7
90,12,-8,45,15,101,56,3
89,8,-9,46,15,101,54,-2
89,3,-9,46,15,101,54,-7
88,-1,-9,45,15,101,53,-10
87,-7,-10,43,15,101,53,-17
86,-11,-12,42,15,101,52,-20
84,-16,-14,42,15,101,50,-25
82,-20,-15,41,15,101,48,-31
81,-25,-16,40,15,101,47,-35
81,-30,-17,40,15,101,47,-40
79,-37,-18,39,15,101,47,-46
78,-44,-19,39,15,101,45,-53
76,-50,-21,38,15,101,46,-58
74,-57,-22,36,15,101,45,-67
72,-64,-23,35,15,101,42,-73
72,-71,-23,33,15,101,42,-76
70,-77,-22,32,15,101,43,-83
68,-82,-22,31,15,101,42,-87
67,-87,-23,31,15,101,40,-92
65,-91,-25,29,15,101,39,-98
64,-95,-26,28,15,101,39,-102
63,-98,-26,28,15,101,37,-104
62,-101,-26,28,15,100,36,-107
61,-104,-25,28,15,99,35,-109
61,-105,-25,28,15,100,35,-111
61,-105,-26,29,15,101,35,-111
61,-105,-26,29,16,101,35,-111
61,-105,-27,30,15,102,35,-111
61,-105,-27,29,15,101,36,-111
61,-103,-26,28,15,101,36,-109
61,-99,-25,28,16,100,36,-106
61,-95,-24,29,17,99,35,-100
62,-91,-23,31,18,98,36,-96
64,-86,-22,31,19,97,37,-91
65,-80,-21,32,20,97,39,-86
66,-74,-21,32,20,96,39,-80
67,-67,-20,34,20,96,40,-74
69,-60,-19,36,20,97,40,-68
71,-53,-19,37,20,96,41,-61
74,-46,-17,38,20,95,43,-54
75,-40,-14,39,20,94,45,-47
77,-33,-12,41,20,93,46,-41
78,-25,-10,42,20,94,45,-34
79,-18,-10,43,19,94,46,-26
80,-10,-9,43,20,94,47,-19
82,-3,-8,44,21,94,48,-13
84,2,-7,45,23,94,50,-6
86,8,-5,47,25,93,52,0
88,13,-4,48,25,92,53,4
90,17,-3,48,25,91,54,8
91,21,-4,48,24,91,57,10
92,23,-4,47,24,91,57,13
93,26,-4,47,24,91,58,15
94,28,-4,48,24,91,59,18
96,29,-3,49,24,91,61,18
97,30,-1,50,24,91,59,19
99,31,-1,50,25,91,62,20
100,31,-1,50,25,91,62,20
99,31,-2,49,24,91,61,20
98,28,-3,49,24,91,62,18
98,26,-4,48,22,91,62,15
98,25,-4,48,21,91,63,14
98,22,-4,48,21,91,63,13
97,20,-4,48,21,91,62,10
97,17,-3,48,21,92,62,7
96,13,-4,48,21,93,61,3
95,9,-5,47,20,93,59,1
94,6,-7,46,20,93,59,-1
92,4,-7,45,20,92,57,-3
91,1,-8,45,20,93,57,-6
90,0,-7,44,20,94,56,-8
89,-4,-8,43,20,96,54,-12
88,-8,-10,43,20,97,54,-18
87,-12,-12,43,20,97,53,-21
85,-15,-14,44,20,96,52,-24
84,-17,-14,45,20,96,48,-28
83,-18,-15,45,20,96,47,-29
82,-19,-14,45,20,96,46,-30
81,-21,-14,45,20,96,46,-31
80,-24,-14,45,20,96,45,-34
79,-25,-15,44,21,96,45,-36
79,-26,-17,43,22,96,46,-36
78,-27,-18,42,23,96,45,-37
78,-28,-18,41,22,96,45,-39
78,-31,-18,42,21,97,45,-41
77,-33,-18,42,20,96,45,-42
76,-33,-18,42,19,95,43,-43
75,-34,-18,42,19,93,43,-43
75,-34,-18,42,20,91,42,-43
75,-35,-18,42,21,91,42,-45
75,-36,-18,42,22,91,42,-45
75,-36,-18,42,23,91,43,-46
76,-36,-18,42,22,91,43,-45
76,-35,-18,42,21,91,43,-45
77,-34,-18,42,20,91,45,-43
78,-33,-18,42,19,91,45,-43
78,-32,-18,42,20,91,45,-41
79,-30,-18,42,21,91,46,-40
79,-28,-18,42,22,91,46,-37
80,-25,-18,41,22,91,47,-36
82,-23,-18,42,22,91,48,-34
84,-19,-17,43,21,92,50,-30
85,-15,-16,44,20,93,51,-26
85,-11,-15,45,20,93,48,-23
85,-7,-14,45,20,93,50,-18
86,-3,-13,46,20,92,50,-13
87,0,-12,47,20,91,51,-10
87,2,-11,48,20,91,51,-8
88,7,-10,48,19,91,51,-3
89,13,-10,49,20,92,52,2
90,19,-8,50,20,92,53,7
91,25,-7,51,19,91,54,12
92,29,-7,52,19,91,52,17
94,33,-6,52,20,92,54,20
96,38,-5,54,20,92,56,26
98,43,-3,55,19,91,58,31
100,48,-2,56,19,91,59,36
101,52,-1,57,20,92,59,40
101,56,0,58,20,93,61,43
102,60,0,58,20,95,58,46
102,63,0,58,20,96,59,50
102,65,0,58,20,97,61,52
102,66,0,58,20,97,62,53
103,68,1,58,20,96,62,53
104,69,3,59,20,96,63,58
104,72,3,58,20,96,63,59
104,73,3,57,20,97,62,61
103,74,3,56,20,97,64,62
103,74,3,55,20,96,64,62
104,73,3,55,20,96,64,61
104,72,3,55,20,96,65,61
104,70,2,54,18,97,64,58
103,67,2,54,17,98,64,56
102,65,2,54,17,100,63,53
103,63,2,54,18,101,64,52
105,61,2,54,19,102,65,51
107,60,3,54,17,101,68,48
107,58,3,55,15,101,68,48
106,57,2,54,15,101,67,46
105,55,1,54,15,102,65,45
104,53,0,52,16,101,65,42
105,52,0,51,16,101,65,41
105,51,0,51,15,101,67,41
105,50,0,51,15,102,67,40
105,47,0,51,14,103,65,37
105,46,0,51,14,104,67,36
106,46,0,51,14,104,67,36
107,46,0,52,14,105,68,36
107,47,0,53,14,106,68,37
107,49,1,53,14,107,68,39
106,50,2,54,14,107,68,40
106,52,2,54,14,106,67,42
107,54,2,55,13,106,68,45
108,57,2,54,13,106,68,46
108,60,2,54,13,106,69,50
108,63,3,54,12,106,68,52
109,67,5,54,11,106,69,56
110,70,7,55,10,106,70,61
112,72,9,55,10,106,72,63
113,75,10,54,11,107,73,64
114,78,9,54,11,107,74,68
114,81,8,54,11,106,74,70
115,85,8,55,10,106,74,74
116,88,9,57,10,106,75,78
117,91,10,57,11,107,76,80
118,93,10,58,11,108,78,83
119,96,10,58,11,108,75,84
119,98,10,59,11,108,76,86
120,100,10,59,11,108,76,87
121,101,11,60,11,110,78,89
121,101,11,60,11,111,78,89
121,101,10,61,11,112,78,89
121,101,10,61,11,112,78,89
121,101,10,61,11,111,78,89
121,101,10,61,11,111,78,89
121,101,10,61,11,112,78,89
121,101,10,61,11,111,78,89
120,99,9,60,11,111,78,87
120,96,7,59,11,112,78,85
120,93,6,58,10,113,78,80
120,90,6,57,8,115,76,76
119,86,5,57,7,116,75,74
117,83,5,56,6,117,74,70
115,79,4,56,7,117,75,67
115,75,3,55,7,116,75,63
115,70,3,55,7,116,74,59
114,66,2,54,7,116,74,54
112,62,1,53,6,116,73,51
111,57,0,52,7,117,72,47
110,52,0,51,7,118,70,42
108,47,0,51,7,120,69,37
107,43,0,51,7,121,68,34
105,38,0,51,7,120,67,29
104,35,-1,50,7,119,65,24
102,31,-3,49,7,120,65,20
101,28,-3,48,7,121,64,18
99,23,-4,47,7,122,63,13
98,19,-5,47,7,122,63,9
97,14,-7,46,7,121,62,6
96,10,-7,45,7,121,61,2
94,6,-7,44,6,121,59,-1
93,3,-7,45,5,122,58,-4
91,0,-7,45,5,122,57,-8
89,-4,-8,44,5,122,54,-12
88,-8,-10,42,7,121,54,-18
88,-11,-11,41,7,121,56,-20
86,-14,-11,41,6,121,54,-23
85,-16,-11,41,4,122,53,-25
83,-18,-12,41,4,122,52,-26
82,-20,-13,40,4,122,51,-29
81,-23,-13,39,4,122,50,-31
80,-26,-14,39,3,122,50,-34
79,-30,-14,38,2,122,48,-37
78,-32,-15,38,2,122,47,-40
76,-35,-15,38,2,122,46,-42
75,-37,-15,38,2,122,45,-45
75,-39,-14,38,2,122,45,-46
76,-42,-14,38,2,122,46,-48
76,-43,-15,38,2,122,46,-50
75,-45,-16,39,2,122,45,-54
74,-46,-17,41,2,122,41,-54
73,-47,-18,41,2,122,41,-56
74,-48,-19,41,2,122,42,-56
75,-48,-20,40,2,122,42,-56
74,-47,-19,41,2,122,42,-56
74,-47,-18,41,2,122,41,-56
73,-46,-18,42,2,122,41,-54
73,-46,-18,42,2,122,41,-54
73,-46,-18,42,3,122,41,-54
74,-45,-18,41,4,122,42,-53
75,-42,-18,42,3,122,42,-51
76,-39,-17,43,3,120,43,-48
77,-36,-15,44,3,118,42,-46
79,-33,-14,45,4,119,43,-43
81,-29,-14,45,6,120,46,-40
82,-25,-14,45,7,121,46,-36
82,-22,-14,45,7,120,46,-32
83,-20,-15,45,7,120,47,-31
83,-18,-14,45,7,120,47,-29
84,-15,-13,46,7,121,48,-26
85,-11,-12,47,7,120,48,-20
85,-7,-11,48,7,118,50,-17
86,-3,-10,48,7,116,50,-13
87,0,-10,48,7,116,51,-10
88,2,-11,48,7,116,52,-8
90,4,-11,48,7,117,53,-6
90,7,-11,48,7,116,53,-3
91,9,-10,49,7,116,54,-2
93,10,-10,49,7,117,56,-1
94,11,-9,50,7,118,57,0
94,12,-10,49,7,118,57,1
93,14,-11,49,7,118,56,3
93,15,-11,49,7,118,56,4
92,16,-10,49,7,118,56,4
93,15,-8,48,7,118,56,4
93,15,-7,48,7,117,56,6
93,15,-6,48,7,116,56,6
92,16,-5,49,7,116,56,7
93,15,-5,49,7,116,56,6
93,14,-4,48,7,117,58,4
94,13,-4,47,7,117,59,3
94,12,-4,47,7,116,59,3
94,13,-4,48,7,116,59,3
93,14,-5,49,7,116,56,4
93,14,-5,49,7,116,56,6
93,15,-5,49,7,116,56,6
93,16,-4,48,7,116,58,7
93,15,-4,48,7,116,58,6
92,15,-4,48,7,116,57,6
93,15,-4,48,7,116,58,6
94,16,-4,48,7,116,59,7
96,18,-4,48,7,116,61,8
96,19,-3,49,6,116,61,9
95,21,-2,49,7,116,58,10
95,22,-3,49,7,116,59,12
95,23,-4,48,7,116,59,13
96,26,-4,48,6,116,61,15
98,28,-3,49,6,116,63,18
99,30,-1,50,7,116,62,19
100,32,0,51,8,116,62,23
101,34,0,51,10,117,63,25
101,37,0,51,10,117,63,29
100,40,0,51,9,116,62,31
99,43,0,51,8,115,61,34
99,43,0,51,9,115,61,34
101,43,0,51,10,115,62,34
103,43,-1,51,11,116,64,31
104,45,0,51,10,117,65,35
103,46,0,50,8,117,67,36
102,48,2,49,6,116,65,37
102,50,3,49,6,116,65,42
104,51,4,49,8,116,67,43
105,52,5,50,10,116,68,43
105,51,5,51,10,116,69,43
105,51,6,51,10,116,68,43
105,51,6,51,10,116,69,43
106,52,6,50,10,117,69,45
108,55,6,50,9,117,70,47
108,57,5,51,9,116,70,48
107,57,6,51,7,116,69,48
105,55,6,50,7,117,68,47
104,53,6,50,7,118,68,45
104,52,6,50,7,120,68,45
105,52,5,51,7,121,68,43
104,53,5,52,7,122,68,45
104,53,4,52,7,122,68,45
104,53,5,52,7,121,68,45
105,52,4,52,7,121,67,42
106,52,3,53,7,121,67,41
105,51,2,54,7,121,67,41
104,50,2,55,7,121,65,41
103,49,2,55,7,121,64,39
103,47,3,55,7,121,64,37
103,44,2,54,7,121,64,35
103,42,1,54,7,121,64,32
103,40,0,52,7,121,64,31
102,39,0,51,7,121,63,30
102,37,-1,51,7,121,63,26
101,36,0,51,7,121,63,28
101,34,0,51,7,121,63,25
100,32,0,51,7,121,62,23
99,29,0,52,7,121,62,21
99,26,-1,52,5,122,61,15
98,23,-3,53,4,122,58,13
97,20,-6,52,3,122,57,8
97,18,-7,52,3,122,57,7
96,17,-7,51,3,122,56,4
95,15,-7,52,2,122,56,3
94,13,-7,52,2,122,54,1
93,11,-7,51,2,122,54,0
93,9,-8,51,2,123,56,-1
92,7,-9,50,2,124,54,-2
91,5,-9,50,2,125,54,-4
90,3,-9,50,2,126,53,-7
89,2,-9,50,2,126,52,-7
89,2,-10,49,2,127,52,-8
90,1,-11,49,2,127,53,-8
91,0,-11,48,2,126,54,-9
92,-1,-10,48,2,126,56,-10
92,-2,-10,47,2,126,56,-12
92,-1,-10,47,2,126,54,-12
92,-1,-10,47,2,127,54,-10
92,-1,-10,47,2,127,56,-10
92,-1,-9,46,2,126,57,-10
91,-1,-8,45,2,126,57,-12
91,-2,-7,44,2,126,56,-9
90,-3,-7,44,3,127,56,-10
90,-2,-7,44,3,128,56,-9
91,0,-8,45,3,128,56,-10
90,1,-9,46,3,127,56,-8
90,2,-9,46,2,127,54,-8
89,2,-9,46,3,128,54,-7
89,2,-8,45,3,130,54,-8
90,3,-7,44,3,131,56,-4
92,4,-7,45,3,130,57,-3
93,5,-7,45,3,128,58,-3
94,5,-8,45,2,127,59,-2
94,4,-8,45,3,127,59,-3
93,4,-7,44,3,128,58,-3
93,5,-7,45,2,129,58,-3
92,6,-7,46,2,129,57,-1
92,7,-6,46,3,128,57,-1
92,8,-7,46,3,128,57,0
93,6,-7,45,3,127,58,-1
93,5,-7,44,2,126,58,-3
93,3,-7,44,1,126,58,-4
91,3,-7,44,0,127,56,-4
89,2,-7,45,1,127,54,-4
88,1,-7,45,2,126,53,-7
87,0,-7,44,2,126,53,-8
87,-2,-7,44,3,127,53,-9
87,-3,-7,45,2,126,53,-12
87,-5,-7,44,1,126,53,-12
86,-7,-7,44,1,126,52,-14
85,-9,-7,44,1,127,51,-17
84,-11,-7,45,1,128,51,-18
83,-13,-7,45,0,129,50,-19
83,-14,-7,44,0,128,50,-20
83,-16,-8,44,-1,127,50,-23
83,-18,-10,42,-2,127,50,-26
83,-20,-11,41,-2,128,51,-29
82,-22,-11,41,-1,128,51,-30
82,-24,-11,41,-2,129,51,-32
83,-24,-11,42,-2,129,51,-32
83,-24,-11,42,-1,130,52,-31
83,-23,-11,42,0,130,52,-31
83,-24,-11,41,0,129,52,-32
83,-25,-11,41,0,129,52,-34
82,-26,-11,42,-1,130,51,-34
82,-26,-12,43,0,131,48,-34
82,-25,-14,44,1,130,48,-32
82,-24,-15,45,3,130,47,-35
83,-23,-14,46,3,130,47,-34
82,-22,-13,46,1,131,47,-32
81,-21,-12,47,0,130,46,-29
80,-20,-12,47,0,130,45,-29
79,-18,-13,46,1,130,43,-28
79,-18,-13,46,2,131,43,-29
80,-16,-12,46,2,132,45,-25
80,-15,-12,47,2,132,45,-24
80,-14,-12,47,1,132,45,-24
79,-14,-11,47,0,132,43,-23
80,-14,-11,48,0,132,45,-23
81,-14,-10,48,0,132,45,-23
81,-13,-10,48,0,131,46,-21
80,-13,-10,48,0,130,45,-23
79,-15,-11,48,1,128,43,-24
78,-17,-12,47,1,128,42,-26
79,-19,-14,46,1,129,43,-30
80,-20,-13,46,0,130,45,-29
81,-20,-12,47,0,130,45,-29
80,-20,-11,48,0,129,45,-29
80,-21,-11,48,0,127,45,-30
79,-24,-12,47,-1,126,43,-32
78,-26,-13,46,-1,127,42,-34
78,-27,-13,45,0,127,45,-35
79,-28,-13,44,0,127,46,-35
80,-29,-14,44,0,127,47,-37
80,-31,-13,43,1,126,47,-39
80,-31,-12,43,2,126,47,-39
80,-32,-11,41,2,126,50,-39
80,-32,-11,41,2,126,50,-40
80,-33,-11,42,2,126,50,-40
79,-35,-11,41,2,126,48,-42
79,-36,-13,40,2,126,48,-43
80,-36,-14,39,2,126,50,-43
81,-34,-14,39,2,126,51,-41
82,-32,-14,39,2,126,51,-39
81,-30,-13,40,2,126,51,-37
81,-30,-12,41,2,126,50,-37
81,-30,-11,41,2,126,50,-37
81,-28,-11,41,2,127,51,-36
82,-26,-12,40,2,127,51,-34
83,-24,-13,40,2,126,51,-32
83,-23,-12,41,2,126,52,-31
83,-22,-12,41,2,125,52,-30
84,-20,-11,41,2,124,52,-29
84,-17,-10,41,2,124,53,-26
85,-14,-10,43,2,124,51,-24
85,-12,-10,44,2,125,51,-21
86,-10,-11,46,2,125,50,-20
88,-9,-12,47,2,126,51,-19
89,-9,-12,47,2,127,52,-18
90,-8,-11,48,2,127,53,-18
89,-7,-10,49,2,126,53,-17
89,-5,-10,49,2,126,52,-14
89,-3,-11,48,2,127,52,-13
90,-1,-11,46,1,128,53,-12
91,0,-11,46,0,129,57,-10
91,0,-11,46,1,128,54,-9
90,0,-11,48,2,127,53,-9
90,1,-11,49,2,126,53,-8
89,2,-10,48,2,126,52,-8
89,2,-10,47,2,126,52,-8
89,2,-10,47,2,127,52,-8
90,2,-9,46,2,127,54,-8
90,2,-8,46,2,126,54,-8
90,2,-7,45,2,126,54,-6
89,2,-7,45,2,126,54,-6
89,2,-7,44,2,126,54,-6
89,2,-8,45,2,126,54,-4
90,3,-7,45,2,127,56,-4
92,3,-7,46,2,127,57,-4
94,5,-6,46,2,126,59,-3
95,6,-5,46,2,126,59,-2
94,7,-5,47,2,124,59,-1
94,9,-4,48,2,123,59,1
94,12,-4,48,2,123,59,3
94,15,-4,48,2,123,58,6
95,19,-4,48,2,124,59,9
96,23,-3,49,2,123,61,13
97,27,-1,50,2,122,59,17
98,32,0,51,2,122,59,24
99,36,0,51,2,123,61,28
101,41,0,51,2,125,62,31
101,45,0,52,2,125,63,35
102,50,1,53,2,124,64,40
103,55,2,54,2,123,64,45
104,60,3,55,2,123,64,50
105,65,4,55,2,122,65,53
107,68,5,57,2,122,65,57
108,72,6,57,3,123,67,59
108,75,6,58,3,125,67,63
108,78,6,58,4,127,67,65
109,81,6,58,3,127,67,68
109,82,7,58,3,125,68,72
109,83,7,59,2,125,68,73
109,83,8,60,2,125,68,73
109,82,9,60,2,126,68,72
110,81,10,61,2,127,68,70
111,79,10,61,2,127,69,69
111,78,9,60,2,126,68,68
110,75,7,58,2,126,68,65
110,73,6,57,2,126,68,61
109,70,6,57,2,126,68,58
109,66,6,58,2,126,68,54
108,63,7,58,2,126,67,54
107,60,6,57,2,126,65,50
107,56,5,57,2,126,65,46
106,52,4,55,2,126,67,42
106,48,3,55,2,126,67,39
105,43,2,54,2,126,65,34
103,38,1,53,2,126,64,29
102,35,0,52,2,126,64,26
101,32,0,51,2,126,63,24
101,30,0,51,2,126,63,21
101,27,0,51,2,126,63,19
100,25,0,51,2,126,62,17
99,22,0,51,2,126,61,14
96,21,0,51,2,126,58,14
94,22,0,51,2,126,57,14
93,22,0,51,2,126,56,14
93,21,-1,50,2,126,56,12
93,19,-3,49,2,126,58,9
93,17,-4,48,2,126,58,8
93,16,-4,47,2,126,58,7
93,15,-4,48,2,126,58,6
93,15,-4,48,3,126,58,6
93,15,-4,48,4,126,58,6
92,17,-4,48,5,126,57,8
91,19,-4,48,4,126,56,9
91,19,-4,48,5,126,56,9
91,18,-4,48,6,126,56,9
90,16,-4,48,7,126,56,7
89,15,-4,48,7,126,54,6
88,14,-4,48,7,126,53,4
88,14,-3,48,7,126,53,4
88,14,-4,48,7,126,53,4
88,13,-5,47,7,126,53,4
87,12,-7,46,7,126,53,3
86,10,-7,45,7,126,52,1
86,7,-8,44,7,126,52,-1
85,5,-7,44,7,126,51,-2
85,3,-7,44,7,126,51,-4
84,1,-7,45,7,126,51,-6
84,0,-7,45,7,126,50,-8
83,-3,-7,44,7,126,50,-10
82,-7,-8,44,7,126,48,-14
82,-11,-10,42,7,126,48,-20
82,-13,-11,41,7,126,51,-21
83,-14,-11,41,7,126,51,-24
83,-17,-11,41,7,126,52,-25
82,-20,-11,42,7,126,51,-29
81,-23,-11,41,7,126,50,-31
79,-26,-12,40,7,126,48,-34
79,-27,-14,39,7,126,48,-35
79,-28,-14,38,7,126,48,-35
79,-29,-15,38,7,126,48,-37
79,-32,-15,38,7,126,48,-40
78,-35,-15,38,7,126,47,-42
77,-37,-15,38,7,126,46,-43
76,-39,-15,38,7,126,46,-46
75,-39,-15,38,7,126,45,-46
75,-40,-14,38,7,126,45,-47
74,-42,-15,38,7,126,43,-48
73,-43,-16,39,7,126,43,-52
72,-45,-17,41,7,126,40,-53
72,-46,-18,42,7,126,40,-54
73,-46,-18,42,7,126,41,-54
74,-46,-18,42,7,126,41,-54
74,-46,-18,42,7,125,41,-54
73,-46,-18,42,7,125,41,-54
73,-46,-18,42,7,125,41,-54
73,-46,-18,42,7,126,41,-54
73,-46,-18,42,7,125,41,-54
73,-46,-18,42,7,123,41,-54
73,-46,-18,42,7,122,41,-54
73,-46,-18,42,7,122,41,-54
73,-46,-18,42,7,123,41,-54
73,-47,-18,42,7,123,41,-56
73,-46,-18,42,7,122,41,-54
74,-44,-18,42,7,121,42,-53
75,-42,-18,42,7,121,42,-51
75,-40,-18,41,7,121,42,-50
75,-39,-18,42,7,122,42,-48
74,-38,-17,43,7,122,42,-47
75,-36,-15,44,7,121,40,-46
76,-34,-14,45,7,121,41,-43
76,-33,-14,45,7,121,41,-42
76,-32,-14,45,7,121,41,-42
75,-30,-14,45,7,121,41,-40
75,-28,-14,45,7,121,40,-39
76,-25,-15,45,7,121,41,-36
78,-23,-14,45,8,121,42,-34
79,-20,-14,46,9,121,43,-31
79,-18,-13,46,10,121,43,-26
79,-16,-12,47,10,121,43,-25
81,-14,-12,48,10,121,46,-23
83,-12,-11,48,10,121,47,-21
84,-10,-10,48,10,121,48,-19
84,-8,-9,47,11,121,48,-18
84,-6,-9,46,12,121,50,-15
84,-5,-8,45,12,121,51,-14
86,-4,-8,45,12,120,52,-12
88,-4,-7,45,11,119,53,-12
88,-3,-7,44,11,118,53,-10
88,-4,-8,45,12,117,53,-12
87,-4,-8,45,11,116,53,-12
87,-3,-8,45,11,116,53,-10
88,-4,-7,44,11,116,53,-12
88,-5,-7,45,11,116,54,-13
89,-7,-7,44,11,116,54,-14
90,-8,-7,44,11,116,56,-15
90,-8,-7,44,11,116,56,-15
90,-7,-7,45,11,116,56,-14
90,-8,-7,45,11,116,56,-15
90,-10,-8,44,11,116,56,-17
89,-13,-8,44,11,116,54,-19
89,-14,-9,43,11,116,54,-24
88,-15,-8,44,11,116,54,-21
88,-15,-8,44,11,116,54,-21
89,-15,-7,45,11,116,54,-21
89,-14,-7,45,11,116,54,-21
88,-13,-7,44,11,116,53,-20
87,-11,-7,44,11,117,53,-18
86,-10,-7,44,11,118,52,-18
86,-10,-7,45,11,118,52,-18
86,-10,-7,44,11,118,52,-18
85,-9,-7,45,11,117,51,-17
85,-7,-7,45,11,116,51,-14
87,-5,-7,45,11,116,53,-12
89,-3,-7,44,11,116,54,-10
90,-1,-7,44,11,116,56,-8
90,0,-7,45,11,116,56,-7
89,2,-7,46,11,116,54,-4
90,4,-6,46,11,116,54,-3
90,7,-6,46,11,116,56,-1
91,8,-6,46,11,116,57,0
91,9,-6,46,11,116,57,1
90,10,-5,47,11,116,56,1
89,12,-4,48,11,116,54,3
88,13,-4,48,11,116,53,4
88,13,-4,48,11,116,53,4
89,12,-4,48,11,116,54,3
92,11,-4,48,11,116,57,2
94,10,-4,48,11,116,59,2
94,10,-3,48,11,116,59,2
93,10,-4,48,11,116,58,1
91,9,-5,47,11,116,57,1
91,7,-7,46,11,116,57,-1
91,5,-7,45,11,116,57,-2
90,3,-8,44,11,116,56,-4
89,1,-7,44,11,116,54,-6
88,0,-7,45,11,116,54,-8
89,-1,-7,45,11,116,54,-9
88,-3,-7,45,11,116,54,-10
87,-5,-7,45,11,116,53,-12
86,-7,-8,44,11,116,52,-14
85,-9,-8,44,11,116,51,-17
85,-10,-9,43,11,117,51,-19
86,-10,-8,44,11,118,52,-18
86,-11,-7,44,11,118,52,-18
87,-11,-7,45,11,118,53,-18
87,-12,-7,45,11,117,53,-19
86,-12,-8,44,11,116,52,-20
86,-10,-10,43,11,116,52,-20
86,-10,-10,43,11,116,52,-19
86,-10,-9,43,11,117,52,-20
86,-10,-8,44,11,118,52,-18
85,-10,-9,46,11,119,51,-19
84,-7,-10,47,11,119,48,-17
85,-5,-10,48,11,118,48,-15
86,-4,-10,48,11,118,50,-14
87,-4,-10,47,11,119,51,-14
89,-4,-9,46,11,121,54,-14
89,-3,-9,46,11,121,54,-13
89,-2,-9,46,11,119,54,-12
88,0,-9,46,11,118,52,-9
89,1,-10,47,11,118,52,-8
89,2,-11,48,11,119,52,-7
89,2,-11,48,11,120,52,-7
90,2,-10,47,11,119,53,-8
89,2,-9,46,11,118,54,-8
89,2,-7,44,11,117,54,-6
90,2,-7,44,11,118,54,-6
90,2,-7,45,11,120,54,-6
89,2,-8,45,11,120,54,-6
88,1,-8,45,11,120,53,-6
87,0,-8,45,11,120,52,-7
86,-1,-7,45,11,120,52,-8
85,-3,-7,45,11,120,51,-10
85,-6,-7,44,12,120,51,-13
85,-8,-8,44,11,119,51,-15
85,-10,-10,42,11,118,51,-19
85,-11,-11,41,11,118,53,-20
84,-12,-11,41,12,118,52,-21
83,-14,-11,41,12,118,52,-23
82,-17,-11,41,11,118,51,-25
81,-19,-11,41,10,119,50,-28
80,-19,-11,41,10,120,50,-28
80,-20,-11,41,10,121,48,-29
80,-21,-11,41,11,121,48,-30
80,-23,-11,42,12,121,50,-31
80,-25,-11,41,12,121,50,-34
79,-26,-12,40,11,121,48,-34
79,-26,-14,39,10,122,48,-34
78,-26,-14,38,10,122,47,-35
78,-26,-14,39,10,121,47,-35
79,-26,-14,39,11,120,47,-35
80,-25,-14,39,12,119,48,-34
81,-23,-14,39,12,120,50,-31
81,-21,-13,40,11,121,50,-29
80,-19,-11,41,11,121,50,-28
79,-18,-10,41,12,122,48,-26
79,-17,-11,42,12,122,47,-25
79,-15,-13,42,11,121,46,-24
80,-14,-14,44,11,119,47,-23
81,-12,-12,45,11,118,47,-21
81,-9,-10,45,11,118,47,-19
82,-6,-7,44,11,118,48,-13
83,-3,-7,44,11,117,50,-10
84,0,-7,45,11,117,51,-8
85,0,-9,46,11,118,51,-9
84,1,-10,47,11,118,48,-9
84,2,-10,47,11,118,47,-7
84,4,-10,47,11,117,48,-6
85,6,-9,47,11,116,48,-4
86,7,-8,48,11,116,50,-2
86,9,-8,48,11,116,50,-1
85,11,-9,48,11,116,48,0
86,11,-10,48,11,116,50,0
86,12,-11,48,11,116,50,1
87,13,-11,48,11,116,51,1
88,13,-11,48,11,116,52,2
89,13,-10,48,11,116,52,2
89,11,-10,48,11,116,52,1
89,10,-11,48,11,116,52,-1
88,7,-11,48,11,116,51,-2
87,6,-11,48,11,116,51,-4
86,4,-10,48,11,116,50,-6
86,2,-10,48,11,116,50,-8
85,0,-11,48,11,116,50,-9
85,-2,-12,47,11,116,48,-12
84,-4,-13,46,11,116,48,-14
83,-6,-13,46,11,116,47,-18
82,-7,-13,46,11,116,46,-17
82,-9,-13,46,11,116,46,-21
81,-11,-14,46,11,116,46,-23
80,-14,-14,45,11,116,45,-25
79,-15,-15,45,11,116,43,-26
79,-17,-14,45,11,116,43,-28
79,-18,-14,46,11,116,43,-29
80,-19,-15,45,11,116,45,-30
79,-21,-16,44,11,116,46,-31
78,-23,-16,42,11,116,45,-34
78,-25,-14,40,11,116,45,-32
78,-26,-14,39,11,116,47,-35
78,-27,-14,39,11,116,47,-35
78,-27,-14,38,11,116,47,-35
77,-27,-14,39,11,116,47,-35
77,-27,-14,39,11,116,47,-35
77,-27,-14,39,11,116,46,-35
75,-28,-14,39,11,116,45,-36
74,-28,-13,39,11,116,43,-36
75,-28,-12,40,11,116,45,-36
77,-27,-13,40,11,116,46,-35
79,-27,-14,39,11,116,48,-35
79,-26,-14,38,11,116,48,-34
77,-25,-14,39,11,116,47,-32
76,-23,-12,40,11,116,46,-31
77,-21,-11,41,11,116,47,-30
79,-20,-11,42,11,116,47,-29
79,-18,-11,41,11,116,48,-28
80,-16,-11,41,11,116,48,-25
80,-13,-11,41,11,116,48,-21
79,-10,-11,41,11,116,48,-19
80,-7,-10,42,11,116,48,-17
81,-4,-10,43,11,116,47,-14
82,-2,-9,43,11,117,48,-12
83,0,-8,44,11,118,50,-7
84,4,-7,44,11,118,51,-3
85,9,-7,44,11,118,51,1
86,14,-7,44,11,117,52,4
87,18,-7,45,11,116,53,8
88,22,-7,46,11,116,53,13
90,27,-5,47,11,116,54,17
91,32,-4,48,11,117,56,20
92,36,-3,48,11,118,57,25
93,40,-3,49,11,118,57,29
94,44,-2,50,11,118,56,32
95,49,0,51,11,117,57,40
97,54,0,52,11,117,59,43
100,60,2,54,11,118,61,48
101,65,2,54,11,118,63,53
103,68,2,54,11,118,64,57
104,72,3,54,11,118,65,61
106,76,3,55,11,117,67,63
107,79,5,57,11,116,65,67
108,83,6,57,11,116,65,70
108,86,6,58,11,118,67,73
109,90,6,58,11,119,67,76
111,93,7,58,11,119,68,81
112,95,8,60,12,119,69,84
112,96,10,61,12,118,70,84
112,97,10,61,11,117,69,85
111,99,10,61,10,118,69,86
112,101,10,61,9,119,69,89
113,102,10,61,9,120,70,90
113,102,8,62,10,121,68,90
112,101,7,64,10,122,68,86
111,101,7,65,10,122,67,86
112,101,7,64,8,121,67,86
112,100,7,63,7,121,68,85
112,98,6,62,6,121,68,84
112,95,4,62,7,122,68,81
112,93,3,62,7,122,68,80
112,91,3,62,7,121,67,78
111,89,3,61,7,121,67,76
110,87,3,61,7,122,65,74
110,85,2,60,6,123,65,72
109,81,1,58,5,125,67,65
109,76,0,57,4,126,67,62
108,72,0,56,3,127,67,58
108,68,0,57,2,127,67,54
107,65,0,57,2,126,65,52
106,62,0,57,2,126,64,48
106,57,0,58,2,127,64,45
106,53,-1,57,3,128,64,41
106,50,-2,56,3,130,65,37
106,48,-3,55,2,130,64,36
105,45,-4,54,2,130,64,34
103,43,-5,54,2,130,63,31
102,40,-5,54,3,131,61,29
101,37,-4,54,3,132,61,26
100,35,-4,53,2,132,59,24
99,32,-5,51,1,131,62,21
98,31,-6,50,0,132,61,20
97,29,-7,50,-1,132,59,17
97,28,-6,50,-2,132,59,15
96,25,-5,50,-2,132,58,15
95,23,-4,49,-1,132,58,13
94,22,-4,48,-1,132,59,12
94,22,-4,48,-1,132,59,12
94,23,-4,48,-2,132,59,13
95,22,-4,48,-1,132,59,13
95,21,-4,48,-1,132,59,12
95,18,-4,48,-1,132,59,8
94,17,-4,48,-2,132,59,7
94,16,-4,48,-2,132,59,7
94,16,-4,48,-1,132,59,7
94,16,-4,48,0,132,58,7
93,16,-4,48,0,132,58,7
93,15,-4,48,0,132,58,6
93,15,-4,48,0,132,58,6
93,15,-4,48,0,132,58,6
93,15,-4,48,1,132,58,6
93,16,-4,48,1,132,58,7
92,17,-4,48,1,132,57,7
90,18,-4,48,1,131,56,8
90,20,-5,47,2,131,56,10
91,21,-6,47,3,131,56,10
93,21,-5,47,3,131,58,12
94,22,-4,47,3,131,59,13
95,22,-4,48,2,131,59,12
94,22,-5,49,2,131,57,12
94,22,-5,50,3,131,57,12
93,23,-6,50,3,131,56,13
94,26,-6,50,3,131,57,15
95,28,-7,49,3,131,57,15
96,29,-8,49,3,131,58,17
96,29,-7,50,3,131,58,17
96,29,-6,50,3,131,58,19
96,28,-5,50,3,131,58,18
96,28,-6,50,3,131,58,18
97,29,-6,50,3,131,59,17
97,31,-7,51,3,131,57,18
96,33,-7,52,3,131,56,20
94,34,-7,52,3,131,54,20
93,33,-7,51,3,131,53,20
94,32,-7,51,3,131,54,19
95,30,-7,51,3,131,56,17
96,29,-7,52,3,131,57,17
96,28,-7,51,3,131,56,15
95,28,-7,51,3,131,54,15
94,26,-7,51,3,132,54,13
93,24,-7,52,3,132,54,12
94,22,-7,51,3,131,54,9
94,20,-7,51,3,130,54,8
93,18,-7,52,3,130,53,6
92,15,-7,52,3,130,52,3
90,12,-7,52,3,130,51,1
90,10,-7,51,3,130,53,-1
90,7,-6,51,3,130,53,-3
90,4,-6,50,3,130,53,-3
90,2,-6,50,3,130,53,-7
90,0,-8,51,3,130,53,-9
90,-1,-9,50,3,131,53,-10
89,-3,-9,50,3,131,52,-13
88,-4,-9,48,3,130,51,-14
87,-4,-9,47,3,129,51,-14
88,-5,-9,46,3,128,53,-14
89,-5,-9,46,3,128,54,-14
89,-5,-9,46,3,128,54,-14
89,-5,-9,46,3,129,54,-15
89,-5,-9,46,3,130,54,-15
88,-4,-9,46,3,131,53,-14
87,-3,-9,46,3,130,53,-13
86,-2,-8,45,3,128,52,-9
87,0,-7,44,2,126,53,-8
89,0,-6,46,2,126,54,-7
90,2,-5,47,2,126,54,-6
89,3,-6,48,3,128,52,-4
87,5,-8,48,3,129,51,-4
87,6,-8,48,3,130,51,-3
88,7,-7,48,3,129,51,-1
89,8,-5,49,3,128,52,0
90,10,-5,50,2,127,53,1
91,12,-6,50,2,126,53,3
92,14,-7,51,2,126,52,3
92,16,-7,52,2,126,53,4
92,17,-7,52,2,126,53,6
91,18,-7,52,2,127,52,7
90,19,-7,52,3,128,51,7
90,20,-7,52,3,130,51,8
91,21,-7,51,3,130,54,8
93,21,-6,50,3,130,56,9
94,22,-6,50,3,130,57,12
93,22,-6,50,3,129,56,9
93,22,-7,51,3,128,56,9
93,21,-7,52,3,127,53,9
93,20,-7,52,3,127,53,8
95,18,-7,51,3,129,56,7
96,18,-7,51,3,130,57,6
97,17,-7,51,3,130,57,6
96,17,-7,52,3,130,56,6
94,16,-7,52,3,128,54,4
93,16,-7,51,3,127,56,4
92,15,-6,50,3,128,54,4
92,15,-6,50,3,128,56,6
93,14,-6,50,3,128,56,3
95,13,-7,51,3,127,57,2
95,11,-7,52,3,128,56,1
94,10,-7,52,3,130,54,0
92,9,-7,52,3,131,53,-1
91,9,-7,51,3,131,53,-2
90,9,-6,51,3,130,53,-2
91,9,-6,50,3,128,54,0
91,9,-6,50,3,128,54,-2
91,9,-8,50,3,128,54,-1
91,9,-9,50,3,130,53,-1
90,8,-10,49,2,131,53,-2
89,6,-10,49,3,132,52,-4
88,3,-10,49,2,132,52,-6
87,1,-10,49,3,131,51,-8
86,0,-11,48,3,131,50,-9
86,0,-12,47,2,131,50,-10
86,-2,-13,46,1,132,50,-14
86,-4,-14,45,0,132,51,-17
85,-7,-15,45,-1,132,50,-19
84,-10,-14,45,-2,132,48,-21
83,-12,-14,44,-2,132,50,-24
84,-14,-14,43,-3,133,51,-25
85,-15,-14,42,-3,134,51,-26
84,-17,-14,43,-3,133,51,-28
82,-18,-14,45,-2,132,47,-29
81,-21,-14,46,-1,132,45,-31
80,-24,-15,44,-1,132,45,-35
80,-26,-17,42,-1,132,47,-36
80,-28,-18,41,-2,132,47,-39
80,-29,-18,42,-2,132,47,-39
79,-30,-17,43,-1,132,46,-40
78,-32,-17,43,-1,132,45,-41
77,-33,-17,43,-1,132,45,-42
78,-35,-17,41,-1,132,45,-45
78,-36,-17,41,-1,132,46,-45
79,-37,-18,40,-2,132,46,-46
79,-38,-17,40,-2,132,47,-47
80,-38,-16,39,-1,132,50,-47
81,-36,-14,39,-1,132,50,-43
81,-34,-13,41,-1,132,51,-41
81,-32,-12,43,-2,132,48,-39
81,-29,-13,44,-3,132,47,-37
82,-28,-13,43,-3,132,48,-35
83,-25,-12,42,-3,132,50,-34
85,-22,-11,41,-2,132,53,-30
86,-19,-10,42,-1,132,52,-28
85,-15,-8,44,-1,132,51,-21
85,-10,-7,45,-2,132,51,-18
87,-6,-7,45,-3,132,53,-13
89,-2,-8,45,-5,133,54,-9
90,1,-7,45,-6,133,56,-6
91,5,-7,46,-5,134,57,-2
93,10,-5,47,-4,133,58,1
93,14,-4,47,-4,133,58,6
95,18,-3,48,-6,133,59,8
96,22,-3,49,-6,135,61,12
97,25,-1,50,-6,136,59,15
98,28,0,51,-6,136,59,20
98,32,0,51,-6,136,61,23
98,35,0,51,-6,137,61,26
99,36,0,51,-6,137,61,28
101,37,0,51,-6,137,62,29
102,38,0,51,-6,137,63,29
102,38,0,51,-6,137,63,29
102,38,0,51,-6,137,63,29
102,38,0,51,-6,137,63,29
103,37,0,51,-6,137,64,28
103,35,0,51,-6,137,64,26
103,33,0,51,-6,137,64,25
103,31,0,51,-6,137,64,23
102,28,-1,53,-6,137,64,18
101,25,-2,53,-6,137,61,15
100,21,-4,53,-6,137,61,12
100,17,-5,52,-6,137,62,8
100,13,-6,51,-6,137,62,2
99,10,-7,50,-6,137,62,0
98,7,-7,50,-6,137,61,-2
96,4,-9,48,-6,137,58,-6
94,0,-10,48,-6,137,57,-9
94,-5,-10,48,-6,137,57,-15
93,-10,-11,48,-6,137,57,-19
93,-14,-11,46,-6,137,56,-23
92,-17,-11,44,-6,137,57,-26
90,-20,-12,42,-6,137,56,-29
89,-25,-12,43,-6,137,54,-32
87,-28,-12,43,-6,137,53,-36
86,-32,-11,42,-6,137,54,-39
84,-34,-12,40,-6,137,53,-41
83,-37,-14,39,-6,137,52,-43
83,-39,-16,39,-5,137,52,-48
81,-41,-16,39,-4,137,51,-50
80,-42,-16,39,-5,137,50,-51
79,-43,-15,39,-6,137,48,-50
79,-45,-16,37,-6,137,48,-51
79,-46,-17,36,-6,137,48,-54
78,-48,-18,35,-6,137,50,-56
77,-49,-19,35,-6,137,48,-57
75,-49,-19,35,-6,137,46,-57
75,-50,-18,35,-6,137,45,-58
75,-52,-18,35,-6,137,47,-59
74,-54,-18,35,-6,137,46,-62
74,-56,-19,34,-6,137,46,-63
74,-57,-21,32,-6,137,47,-64
74,-58,-22,32,-6,137,47,-65
73,-58,-22,31,-5,137,46,-65
71,-59,-22,31,-4,137,43,-67
70,-60,-22,32,-4,137,42,-67
71,-61,-22,32,-4,137,43,-68
72,-63,-22,32,-5,137,45,-70
71,-65,-22,31,-5,135,43,-72
70,-66,-22,31,-4,134,42,-73
69,-67,-22,32,-3,133,42,-74
68,-67,-21,32,-1,133,41,-74
68,-66,-21,33,-1,133,41,-73
68,-66,-20,33,-1,132,41,-73
68,-66,-19,34,-1,132,41,-73
69,-67,-18,35,-2,132,42,-74
68,-67,-18,35,-2,132,40,-74
68,-67,-18,35,-2,132,39,-74
68,-65,-18,35,-1,132,39,-72
68,-63,-18,35,0,132,41,-70
68,-61,-19,34,0,132,41,-68
70,-60,-18,35,0,132,40,-68
71,-60,-17,36,0,132,41,-67
72,-59,-16,37,0,130,42,-64
72,-57,-15,38,1,128,42,-63
72,-55,-14,38,2,127,42,-61
73,-52,-14,38,2,126,43,-58
74,-50,-15,38,2,126,45,-56
75,-47,-15,38,2,127,45,-53
76,-44,-14,38,2,127,46,-51
76,-40,-14,39,2,126,46,-47
75,-38,-13,39,2,126,45,-45
76,-35,-13,40,2,127,46,-42
77,-32,-12,41,2,127,46,-39
78,-28,-11,41,2,126,47,-36
79,-25,-11,41,2,126,48,-32
79,-21,-11,41,2,125,48,-30
80,-18,-11,41,2,124,50,-26
82,-15,-10,42,2,123,48,-24
83,-12,-8,44,2,122,50,-19
84,-10,-8,45,2,122,51,-19
84,-8,-8,46,2,122,51,-18
85,-6,-9,46,2,122,51,-15
86,-3,-9,46,2,122,52,-13
87,0,-9,46,2,122,52,-10
88,1,-9,46,2,122,53,-8
89,2,-8,46,2,122,54,-7
91,3,-7,46,2,122,57,-4
92,4,-5,47,2,122,57,-3
92,6,-5,47,2,122,57,-2
92,7,-5,47,2,122,57,-1
93,9,-6,46,3,122,58,1
93,11,-6,46,4,122,58,2
94,12,-6,46,5,122,59,3
94,14,-5,46,4,122,58,6
94,16,-4,46,3,122,59,7
96,17,-3,46,2,122,61,8
97,18,-3,47,1,122,61,8
96,19,-4,48,2,122,61,9
95,21,-4,48,3,122,59,10
94,22,-4,47,4,122,59,12
96,23,-3,47,5,122,61,13
97,24,-1,47,4,122,62,17
97,24,0,49,3,122,62,17
96,23,0,50,2,122,58,15
94,22,-1,51,3,122,57,12
94,21,-2,50,3,122,57,12
94,22,-2,49,5,122,57,12
94,23,-3,49,6,121,59,13
95,22,-4,48,7,121,59,12
95,21,-4,48,7,121,59,10
95,18,-4,48,7,121,59,8
94,16,-4,48,7,121,58,7
93,15,-3,48,7,121,58,6
93,15,-4,48,7,121,58,6
93,14,-5,49,7,121,56,6
93,12,-6,50,7,121,56,3
93,10,-6,51,7,121,56,-1
92,7,-6,50,7,121,54,-1
91,5,-6,50,7,121,54,-4
90,3,-8,50,7,121,53,-7
89,2,-10,49,7,121,52,-7
89,2,-11,49,7,121,52,-8
90,1,-11,48,8,121,53,-8
90,-1,-11,48,9,121,53,-10
90,-3,-10,48,8,121,53,-13
88,-4,-11,49,7,121,51,-14
86,-5,-10,48,7,121,50,-14
85,-5,-11,48,7,121,48,-15
84,-7,-11,48,7,121,48,-17
85,-9,-10,48,7,121,50,-19
86,-10,-10,48,7,121,50,-19
86,-11,-10,48,7,122,51,-20
86,-10,-11,48,7,122,50,-20
86,-10,-11,47,7,121,50,-19
86,-10,-12,47,7,119,50,-19
86,-10,-12,47,6,118,50,-19
86,-10,-12,46,7,119,50,-20
86,-11,-13,46,8,119,51,-20
86,-10,-13,46,10,120,50,-19
85,-10,-12,47,11,118,48,-19
84,-7,-11,48,12,116,48,-17
85,-5,-10,48,12,116,48,-15
86,-4,-10,48,11,116,50,-14
87,-4,-11,48,10,117,51,-14
88,-4,-11,48,9,117,52,-14
88,-4,-11,48,10,116,51,-14
87,-3,-10,48,11,116,51,-13
86,-1,-11,48,11,116,50,-10
85,0,-11,48,11,116,48,-10
85,0,-10,48,11,116,48,-9
85,0,-10,48,11,116,48,-9
86,0,-11,48,11,116,50,-9
88,1,-11,48,11,116,52,-8
89,2,-11,48,11,116,52,-8
90,2,-10,48,11,116,53,-8
89,2,-10,49,11,116,52,-8
89,3,-9,50,11,116,52,-6
88,6,-10,49,11,116,52,-4
88,7,-10,48,11,115,51,-3
88,7,-11,48,11,114,51,-2
88,7,-11,48,11,113,52,-2
90,8,-10,48,11,113,53,-2
91,9,-10,49,11,113,54,-2
91,9,-8,51,11,113,52,-1
91,9,-8,52,11,113,52,-1
91,9,-8,51,11,112,53,-2
91,9,-7,50,11,111,53,-2
91,9,-6,48,11,111,53,0
91,9,-4,48,11,111,57,1
91,9,-3,48,11,112,57,1
91,9,-4,48,11,112,57,1
91,9,-4,48,11,111,56,0
91,8,-4,48,11,111,56,0
91,9,-4,48,11,111,57,1
92,10,-4,48,11,112,57,1
94,11,-4,48,11,112,59,2
95,11,-4,48,11,113,59,2
95,11,-4,48,11,114,61,2
95,11,-4,48,11,115,61,2
95,13,-4,48,11,116,61,4
96,16,-4,48,11,116,61,7
97,18,-4,48,11,116,62,8
97,18,-4,48,11,116,62,8
97,18,-3,49,11,116,62,9
97,19,-2,48,10,116,62,9
98,21,-2,47,9,116,63,13
100,23,-2,47,8,116,64,13
101,25,-3,48,7,116,65,15
101,28,-3,49,7,116,63,18
101,30,-2,50,6,116,62,19
101,31,-1,50,6,116,62,20
101,32,0,51,7,116,63,24
103,33,0,51,7,116,64,25
104,35,0,51,7,116,65,26
104,36,0,51,6,116,65,28
103,36,0,51,7,116,64,28
103,36,0,51,7,116,64,28
104,35,0,51,7,116,65,26
104,34,0,51,7,116,65,25
105,34,0,51,7,116,67,25
104,34,0,51,7,116,65,25
104,34,0,51,7,117,65,25
103,34,0,51,7,117,64,25
102,32,-1,52,7,116,63,21
101,30,-2,53,7,116,63,19
101,28,-2,53,7,117,63,18
100,26,-2,53,7,118,62,15
99,23,-2,54,7,120,59,13
99,21,-3,54,7,121,59,10
99,18,-3,53,7,122,62,8
99,15,-4,50,7,122,61,6
98,13,-4,48,7,121,63,4
97,11,-4,47,7,121,62,2
96,8,-5,49,7,121,58,0
95,4,-6,51,7,121,58,-6
94,1,-7,52,7,121,54,-8
93,-1,-7,52,7,121,53,-10
92,-3,-8,50,7,121,54,-13
90,-6,-10,49,7,121,53,-15
90,-7,-10,48,7,121,53,-17
89,-9,-11,48,7,121,53,-18
88,-11,-12,47,5,122,52,-20
86,-14,-13,46,3,122,51,-23
85,-16,-14,45,2,122,50,-28
84,-19,-15,45,3,122,48,-30
83,-22,-15,45,5,122,47,-32
83,-24,-15,44,5,122,50,-34
82,-26,-15,43,4,122,48,-36
81,-28,-15,42,3,122,48,-39
80,-31,-16,41,3,122,47,-41
79,-34,-18,42,3,122,46,-43
78,-36,-18,42,2,122,45,-46
76,-39,-18,42,1,122,43,-48
75,-42,-17,41,2,122,42,-51
72,-45,-18,40,3,122,40,-53
71,-48,-19,39,4,122,39,-57
70,-50,-19,38,3,122,40,-58
70,-53,-18,37,2,122,40,-61
70,-56,-18,35,1,122,40,-63
69,-58,-19,35,2,122,40,-65
68,-61,-19,36,3,122,39,-68
68,-63,-20,36,4,122,39,-70
68,-65,-19,36,5,122,39,-72
68,-67,-19,35,6,121,39,-74
68,-69,-18,34,6,121,41,-75
68,-72,-18,34,6,122,41,-78
67,-73,-19,35,5,122,37,-79
66,-72,-19,36,4,122,37,-79
65,-70,-20,36,4,120,36,-76
64,-69,-19,36,5,118,35,-75
66,-68,-19,36,7,117,36,-75
67,-67,-21,37,7,116,37,-74
68,-66,-21,39,7,116,36,-75
68,-63,-22,39,7,117,36,-73
68,-60,-22,38,7,117,37,-69
69,-56,-21,37,6,116,40,-64
70,-53,-19,38,7,116,40,-61
71,-49,-18,40,7,116,40,-57
73,-46,-18,41,7,117,41,-54
75,-42,-18,42,7,117,42,-51
76,-38,-18,42,7,117,43,-47
77,-33,-17,42,7,115,43,-42
77,-28,-16,44,7,113,43,-37
78,-22,-14,45,6,112,42,-32
80,-18,-14,46,6,112,45,-29
82,-14,-13,46,7,113,46,-25
84,-10,-12,46,8,114,48,-19
85,-6,-11,46,10,113,48,-15
86,0,-10,47,10,112,50,-10
88,3,-10,47,8,112,52,-7
90,7,-10,47,6,112,53,-3
92,11,-9,46,6,112,57,0
92,14,-7,46,6,112,57,4
93,17,-5,47,6,112,58,8
94,19,-4,48,6,111,59,9
95,20,-4,48,6,112,61,10
96,22,-4,48,6,113,61,12
97,23,-4,48,7,115,62,13
99,25,-4,48,7,117,63,15
100,25,-4,48,7,116,64,15
100,26,-4,48,7,115,64,15
99,27,-4,48,7,115,63,17
99,27,-4,48,7,115,63,17
101,28,-4,48,7,116,64,18
101,27,-4,48,7,117,65,17
100,25,-4,48,7,117,64,15
99,25,-4,48,7,116,63,14
98,25,-4,48,7,116,63,14
98,25,-4,48,7,116,63,15
99,24,-4,48,7,116,63,14
99,23,-4,48,7,116,63,13
98,23,-4,48,7,116,63,13
97,22,-4,48,7,116,62,13
97,21,-4,48,7,116,62,12
97,20,-4,48,7,116,62,10
97,19,-4,48,7,116,61,9
96,19,-4,48,7,116,61,9
96,19,-3,48,7,116,61,9
96,19,-4,48,7,116,61,9
95,18,-5,47,7,116,61,8
94,16,-7,46,7,116,58,7
92,16,-7,45,6,116,57,7
91,17,-8,44,7,116,57,8
92,17,-7,44,7,116,57,8
93,16,-8,45,7,116,58,7
93,15,-8,46,6,116,58,4
93,15,-9,46,6,116,58,3
93,15,-9,46,7,116,58,3
93,15,-8,45,8,116,58,3
93,15,-7,44,8,116,58,6
93,15,-7,44,8,116,58,6
92,16,-8,45,7,116,57,4
93,15,-9,46,6,116,58,3
93,14,-9,46,6,116,58,3
94,12,-9,46,7,116,59,1
95,11,-8,45,7,116,59,1
95,11,-7,44,7,116,61,2
95,11,-7,44,6,116,59,2
95,11,-7,44,7,116,59,2
95,11,-8,45,7,116,59,2
95,11,-8,45,7,116,59,2
95,11,-7,44,7,116,59,2
95,11,-7,44,7,116,59,2
95,11,-7,44,7,116,59,2
95,11,-7,44,7,116,59,2
95,11,-7,44,7,116,59,2
95,11,-7,44,7,116,61,2
95,11,-7,45,7,116,61,2
95,11,-7,45,6,116,59,2
95,11,-7,44,6,116,59,2
96,11,-7,44,6,116,61,2
97,12,-7,44,7,116,62,3
97,14,-7,45,7,116,62,6
97,16,-7,46,6,116,62,7
96,17,-6,46,4,117,61,8
95,18,-6,46,3,117,59,8
94,18,-7,46,3,117,59,9
95,21,-6,46,4,117,59,10
94,22,-6,46,5,117,59,12
94,23,-5,47,4,117,59,13
94,22,-4,48,3,117,59,13
94,22,-4,48,3,117,59,12
94,22,-4,48,3,117,59,12
93,23,-4,48,3,117,58,13
93,25,-4,48,5,117,57,15
93,27,-4,48,6,116,58,17
93,28,-4,48,7,116,58,18
94,28,-4,48,7,116,59,18
95,28,-4,48,6,116,59,18
95,28,-4,48,6,116,59,18
95,28,-4,48,6,116,59,18
95,28,-4,48,7,116,59,18
95,28,-3,48,7,116,59,18
94,28,-4,48,7,116,59,18
94,26,-5,47,7,116,58,15
93,24,-7,46,7,116,58,14
94,22,-8,46,7,116,59,9
95,20,-9,46,7,116,61,8
97,19,-9,46,7,117,62,8
97,18,-8,45,7,117,61,8
96,17,-7,45,7,116,61,8
95,15,-7,45,7,115,59,6
94,13,-7,45,7,115,59,4
93,10,-8,45,7,115,58,2
93,8,-8,44,7,116,58,-2
93,6,-9,43,7,117,58,-3
93,5,-10,43,7,117,58,-4
92,3,-10,42,7,116,59,-6
92,1,-11,41,7,115,59,-8
91,0,-11,41,7,115,59,-9
91,-1,-11,41,7,115,59,-12
91,-2,-11,41,7,114,58,-12
90,-3,-11,41,7,114,58,-13
90,-3,-11,41,7,114,57,-13
90,-3,-11,41,6,115,58,-13
91,-2,-11,41,6,115,58,-12
90,0,-11,41,7,115,58,-10
90,1,-11,41,7,114,58,-8
90,2,-11,41,7,114,57,-7
91,3,-11,41,6,115,58,-7
92,4,-11,41,6,117,59,-6
93,5,-11,41,5,117,61,-4
92,7,-10,42,4,115,57,-2
90,10,-8,44,5,113,56,1
90,13,-7,44,5,113,56,3
90,16,-7,45,5,115,56,7
90,19,-7,45,4,117,56,9
91,22,-7,44,3,118,56,12
91,24,-7,44,2,117,57,14
92,26,-7,45,1,115,57,17
91,28,-7,44,3,114,56,17
90,29,-7,44,4,114,56,19
90,31,-7,44,4,115,56,20
92,32,-7,45,4,115,57,21
93,33,-7,45,4,115,58,23
94,33,-6,46,3,115,58,23
93,33,-6,46,3,115,58,23
93,33,-6,46,3,116,58,23
93,33,-6,46,4,117,58,21
94,32,-7,45,4,117,59,20
96,30,-7,45,3,116,61,20
96,29,-7,44,3,115,61,18
95,28,-7,44,3,115,59,18
94,26,-7,44,5,115,58,15
94,23,-7,45,5,116,58,13
95,21,-7,45,4,117,59,12
96,19,-7,44,2,117,61,9
96,18,-7,44,1,117,61,8
94,16,-7,44,1,117,59,7
94,14,-7,44,2,117,58,6
94,13,-7,45,2,117,59,3
94,10,-7,45,2,117,59,2
93,8,-7,44,1,117,58,0
93,6,-8,44,2,117,58,-2
93,5,-9,43,2,117,58,-4
92,3,-10,43,2,117,58,-6
91,1,-11,43,2,117,57,-8
91,0,-11,41,2,117,58,-9
92,-1,-10,40,2,117,59,-10
92,-2,-9,39,2,117,59,-9
91,-2,-8,38,1,117,61,-9
89,-3,-7,38,1,117,59,-10
87,-4,-8,38,2,117,58,-12
87,-4,-8,38,2,117,57,-12
87,-4,-8,38,2,117,58,-12
88,-4,-8,38,1,117,58,-12
89,-5,-8,38,0,117,59,-12
87,-6,-9,37,0,117,58,-13
86,-7,-9,36,0,117,56,-14
84,-7,-10,36,1,117,54,-14
84,-8,-10,35,2,117,54,-15
85,-8,-11,35,2,117,56,-15
86,-9,-12,34,2,118,56,-17
86,-10,-11,35,1,119,57,-17
86,-10,-10,35,0,119,57,-17
86,-11,-10,36,0,118,56,-18
84,-11,-10,35,0,117,54,-18
83,-12,-11,35,1,117,54,-19
83,-12,-11,34,2,117,54,-19
83,-12,-11,34,2,117,54,-19
83,-12,-11,34,2,117,53,-19
82,-12,-11,35,1,117,53,-19
82,-13,-11,35,1,117,52,-20
82,-14,-11,34,2,117,53,-21
83,-16,-11,34,2,117,54,-23
84,-17,-11,34,2,117,54,-24
86,-17,-11,34,2,117,56,-23
87,-15,-11,34,2,117,58,-21
88,-14,-11,34,2,117,58,-21
89,-14,-11,34,2,117,59,-20
89,-14,-11,34,2,117,59,-21
88,-14,-11,34,2,117,58,-21
88,-15,-11,34,2,117,58,-21
89,-15,-11,35,2,117,59,-21
89,-14,-11,35,2,117,59,-21
88,-13,-11,34,2,117,58,-20
86,-12,-11,34,2,117,57,-19
86,-11,-11,34,2,117,56,-18
86,-10,-11,35,2,117,57,-17
87,-10,-10,35,2,117,57,-17
89,-8,-10,36,2,117,59,-15
90,-7,-10,36,2,117,59,-14
90,-6,-10,36,1,117,59,-13
89,-5,-10,36,1,117,59,-13
88,-5,-9,36,2,117,58,-12
87,-4,-9,37,2,118,58,-12
87,-3,-9,37,2,118,58,-10
88,-4,-9,37,2,119,58,-12
88,-5,-9,37,1,119,58,-13
89,-5,-9,36,0,120,59,-13
88,-5,-8,37,0,120,58,-12
88,-4,-8,37,0,119,58,-12
88,-5,-9,37,1,118,58,-12
90,-6,-10,36,2,118,59,-13
90,-8,-11,35,2,119,61,-15
90,-8,-10,35,2,118,61,-15
89,-9,-9,36,2,117,59,-15
88,-9,-9,37,1,117,58,-15
88,-9,-10,38,1,116,58,-17
87,-10,-10,38,2,117,54,-17
86,-10,-10,37,2,117,57,-17
86,-10,-10,38,2,117,54,-18
86,-10,-11,39,0,117,54,-20
87,-11,-13,40,-1,117,54,-20
87,-12,-14,39,-2,117,56,-21
88,-13,-15,38,-3,119,56,-21
88,-14,-15,38,-2,120,56,-23
88,-14,-15,38,-2,121,57,-23
89,-15,-14,38,-2,120,57,-24
89,-15,-14,38,-2,121,57,-24
89,-14,-14,38,-2,122,57,-23
88,-15,-15,38,-2,122,57,-24
88,-15,-15,38,-2,122,57,-24
89,-14,-15,38,-2,122,57,-23
89,-12,-15,38,-2,122,57,-21
90,-10,-14,37,-2,122,58,-19
90,-8,-12,36,-2,122,61,-18
90,-8,-11,35,-2,122,61,-15
90,-7,-11,34,-2,122,61,-14
90,-6,-12,34,-2,122,61,-13
91,-3,-11,35,-2,122,62,-10
93,-1,-10,36,-2,122,63,-8
94,1,-9,37,-2,122,64,-6
94,3,-8,38,-2,122,64,-3
94,6,-8,38,-2,122,63,-1
94,10,-8,37,-2,122,64,1
95,13,-7,37,-2,122,64,4
96,16,-6,37,-2,122,65,7
98,18,-4,39,-2,122,67,12
100,20,-3,40,-2,122,69,13
101,22,-2,39,-2,122,70,15
102,25,-1,37,-2,122,70,18
102,28,-1,37,-2,122,73,20
102,31,-1,37,-2,122,73,23
103,33,0,39,-2,122,70,25
104,35,0,40,-2,122,72,29
104,38,2,40,-2,122,73,31
104,40,2,41,-2,122,73,34
105,42,2,41,-2,122,73,35
105,42,1,41,-2,122,73,35
105,42,0,43,-2,122,72,32
106,43,0,43,-2,122,72,34
107,45,0,43,-2,122,73,36
108,47,2,42,-2,121,75,40
108,48,3,42,-2,120,75,41
108,47,3,43,-1,121,75,40
108,47,2,45,0,122,73,40
108,47,1,46,0,122,73,37
108,47,0,46,-1,122,70,37
108,47,0,46,-2,122,73,37
108,47,0,46,-2,122,73,37
108,47,0,46,-2,122,73,37
108,47,0,45,-2,122,73,37
108,47,0,45,-2,122,73,37
108,47,0,46,-2,122,74,37
108,47,1,46,-2,122,73,37
106,47,1,47,-2,122,72,37
104,46,1,46,-2,122,70,36
104,45,0,45,-2,122,69,35
104,43,0,44,-2,122,69,34
105,42,-1,44,-2,122,70,32
106,41,-1,44,-2,122,72,31
106,40,0,44,-2,122,72,31
106,40,0,44,-2,122,72,31
106,41,0,44,-2,122,72,31
106,41,-1,44,-2,122,72,31
107,41,-2,43,-2,122,73,31
106,41,-2,43,-2,122,72,31
104,40,-2,43,-2,122,70,31
103,39,-2,43,-2,122,69,30
103,36,-2,43,-2,122,69,28
103,35,-3,43,-2,122,69,26
104,34,-3,42,-2,122,70,25
105,34,-4,41,-2,122,70,23
105,32,-4,41,-2,122,70,21
104,31,-4,41,-2,122,70,20
104,28,-4,41,-3,122,70,18
104,26,-4,41,-3,122,70,17
104,24,-4,41,-4,124,70,14
104,22,-4,41,-3,125,69,14
102,19,-4,41,-2,125,68,9
100,16,-5,40,-1,124,67,7
99,14,-7,39,-2,122,68,4
99,11,-8,38,-3,123,68,3
98,9,-8,37,-3,124,67,1
97,6,-8,38,-3,124,67,-1
96,4,-8,38,-4,124,65,-3
95,2,-8,38,-5,124,64,-6
94,0,-8,38,-7,125,64,-7
94,-2,-8,38,-7,125,64,-9
94,-4,-8,38,-7,125,63,-12
93,-6,-8,38,-7,124,63,-13
91,-7,-7,38,-7,123,62,-14
90,-8,-7,36,-7,122,59,-15
89,-8,-7,35,-7,122,62,-15
89,-10,-8,33,-7,122,62,-17
90,-12,-10,33,-5,122,62,-19
89,-14,-11,33,-3,122,62,-20
89,-15,-11,34,-3,122,59,-21
88,-15,-10,34,-5,122,61,-21
88,-14,-10,33,-6,122,61,-21
88,-14,-10,33,-6,122,61,-21
89,-14,-10,32,-5,122,61,-21
89,-15,-10,33,-4,122,61,-21
88,-14,-11,33,-3,122,61,-21
88,-14,-11,34,-2,122,58,-21
88,-14,-12,35,-2,122,58,-23
89,-14,-12,35,-2,122,59,-23
89,-14,-11,34,-2,122,59,-20
90,-14,-11,34,-2,122,61,-20
91,-13,-11,34,-2,122,61,-19
92,-13,-12,35,-2,122,62,-21
93,-12,-11,34,-2,122,63,-19
93,-12,-11,34,-2,121,63,-19
93,-12,-11,34,-2,120,63,-19
93,-12,-11,35,-2,121,63,-19
92,-11,-11,35,-2,122,62,-18
91,-10,-11,35,-2,122,62,-17
91,-10,-11,34,-2,122,61,-17
91,-10,-11,34,-2,122,62,-18
92,-11,-11,35,-2,122,62,-18
93,-10,-10,35,-2,122,63,-17
94,-7,-10,36,-2,122,64,-14
94,-5,-9,36,-2,122,64,-13
94,-5,-8,37,-2,122,64,-12
94,-5,-8,37,-2,122,64,-12
94,-5,-9,37,-2,122,64,-13
96,-5,-9,36,-2,122,65,-12
97,-4,-9,37,-2,122,67,-12
97,-2,-8,37,-2,122,65,-9
95,-1,-8,38,-2,122,64,-8
95,0,-8,38,-3,122,64,-7
96,0,-8,38,-3,122,65,-7
96,0,-8,38,-4,122,65,-7
96,2,-8,38,-3,122,65,-6
94,3,-8,38,-3,122,64,-4
93,4,-8,38,-3,122,63,-3
93,5,-8,38,-4,122,63,-2
94,5,-8,38,-3,122,63,-2
95,5,-8,38,-3,122,64,-2
95,5,-8,38,-2,122,64,-2
95,5,-8,38,-2,122,64,-2
95,6,-8,38,-2,122,64,-2
96,6,-8,38,-2,122,65,-1
98,7,-8,38,-2,121,67,-1
98,7,-8,38,-2,119,67,-1
97,7,-8,38,-2,117,67,0
97,8,-8,38,-2,117,65,0
97,9,-8,38,-2,117,65,0
97,8,-8,38,-2,117,65,0
97,7,-8,38,-2,117,67,0
98,7,-8,38,-2,117,67,-1
98,7,-8,38,-2,117,67,-1
97,7,-8,38,-2,117,67,-1
97,7,-8,38,-2,117,67,-1
97,7,-8,38,-2,117,67,-1
98,7,-8,38,-2,117,67,-1
97,7,-8,38,-2,117,67,-1
97,7,-8,38,-2,117,67,-1
98,7,-8,38,-2,117,67,-1
98,7,-8,38,-2,117,67,-1
97,7,-8,38,-2,117,67,-1
97,7,-8,38,-2,117,67,-1
98,7,-8,38,-2,117,67,-1
99,7,-8,38,-2,117,68,0
101,9,-8,38,-2,117,69,1
101,11,-8,38,-2,117,70,2
101,13,-8,38,-2,117,69,4
99,14,-8,38,-2,117,68,4
99,14,-8,37,-2,117,68,4
99,14,-8,38,-2,117,68,4
100,16,-7,39,-2,117,69,7
101,18,-5,40,-2,117,68,9
101,20,-4,41,-2,117,67,10
100,22,-5,40,-2,117,67,13
100,24,-5,40,-2,117,68,14
100,25,-5,40,-2,117,68,15
100,26,-4,41,-2,117,67,15
101,26,-4,41,-2,117,68,17
102,26,-4,41,-2,117,68,17
102,28,-4,41,-2,117,68,18
101,30,-4,41,-2,117,68,20
101,31,-4,41,-2,117,67,20
100,32,-4,41,-2,117,67,21
100,31,-4,41,-2,117,67,20
100,31,-4,41,-2,117,67,20
101,31,-4,41,-2,117,67,20
100,31,-4,41,-2,117,67,20
100,31,-4,41,-2,117,67,20
100,31,-4,41,-2,117,67,20
101,31,-4,41,-2,117,67,20
101,30,-4,41,-2,117,68,20
101,29,-4,41,-2,117,68,19
101,26,-4,41,-2,117,68,17
101,24,-4,41,-2,117,67,14
101,22,-4,41,-2,117,67,12
101,21,-5,40,-2,117,67,10
100,19,-6,40,-2,117,67,9
99,18,-6,39,-2,117,68,8
98,15,-6,37,-2,117,67,7
97,13,-5,35,-2,117,69,7
97,10,-5,34,-2,117,69,3
97,8,-4,34,-2,117,69,2
97,7,-4,34,-2,117,69,1
96,6,-5,34,-2,117,68,1
95,5,-5,34,-2,117,67,0
94,3,-5,34,-2,117,67,-2
95,2,-4,34,-2,117,67,-3
96,0,-4,35,-2,117,68,-4
96,0,-5,34,-2,117,68,-4
96,0,-6,33,-2,117,68,-4
96,0,-6,31,-2,117,70,-4
96,0,-5,29,-2,117,70,-4
96,0,-3,30,-2,117,70,-4
96,0,-3,32,-2,117,70,-4
96,0,-3,33,-2,117,68,-4
95,2,-4,33,-2,117,67,-3
94,3,-5,34,-2,117,65,-2
94,4,-5,34,-2,117,65,-1
95,5,-5,34,-2,117,67,0
95,7,-4,34,-2,117,67,1
96,10,-4,34,-2,117,68,3
96,14,-5,34,-2,117,68,7
96,16,-5,34,-2,117,68,9
97,18,-4,34,-2,117,68,10
97,18,-3,35,-2,117,68,12
98,20,-2,37,-3,117,69,13
98,22,-1,37,-2,117,67,15
97,25,-2,37,-2,117,69,18
97,28,-2,36,-2,117,68,20
97,30,-2,36,-3,117,68,21
99,31,-1,37,-3,117,68,23
100,31,-2,39,-2,117,69,23
101,32,-3,40,-1,117,69,24
100,32,-3,39,-1,117,69,23
100,31,-3,39,-1,117,69,23
101,30,-2,39,-2,117,69,21
102,28,-3,40,-1,117,70,20
103,27,-4,41,0,117,69,17
102,26,-3,41,2,117,68,18
101,24,-3,40,2,117,69,17
99,21,-3,39,1,117,68,14
98,18,-3,38,0,117,67,10
98,14,-5,36,0,117,67,7
97,10,-6,35,0,117,68,4
96,7,-6,36,1,117,68,0
95,4,-7,37,2,117,64,-3
94,1,-7,38,2,117,64,-6
92,-3,-8,36,2,117,62,-10
91,-7,-9,33,1,116,63,-14
91,-12,-9,32,1,115,63,-19
90,-15,-10,33,2,115,63,-21
89,-18,-10,33,2,115,62,-25
87,-22,-10,32,2,116,61,-28
86,-26,-11,28,2,117,61,-31
85,-30,-12,27,2,117,61,-35
83,-33,-12,27,2,117,59,-39
83,-36,-12,28,2,117,58,-41
83,-39,-12,28,2,116,58,-43
82,-42,-13,26,2,115,58,-46
81,-44,-14,25,2,114,57,-48
81,-46,-17,26,2,113,57,-52
80,-48,-18,27,2,113,54,-53
80,-48,-18,28,2,114,53,-54
79,-49,-18,27,2,114,54,-54
77,-50,-17,26,2,114,53,-56
76,-50,-17,26,2,114,52,-56
76,-51,-18,26,2,114,52,-57
75,-51,-17,27,2,114,52,-57
75,-50,-17,26,2,113,52,-56
75,-48,-16,25,2,112,51,-53
75,-45,-16,25,1,112,51,-52
75,-43,-16,25,1,112,52,-50
75,-41,-16,27,1,112,52,-47
75,-40,-14,28,2,112,52,-47
76,-39,-13,28,2,112,52,-43
77,-37,-12,28,1,112,53,-41
79,-33,-12,28,1,112,54,-39
79,-30,-13,28,1,112,54,-35
79,-27,-13,29,1,112,53,-32
79,-25,-13,28,2,112,56,-31
81,-23,-12,28,1,112,56,-29
82,-20,-11,28,1,111,57,-26
83,-17,-9,30,1,110,58,-23
84,-14,-8,31,1,111,57,-20
85,-11,-8,31,1,111,57,-18
86,-8,-8,31,3,111,58,-15
88,-6,-8,31,5,110,61,-13
89,-3,-7,32,6,109,62,-9
90,-2,-6,33,7,108,62,-7
91,0,-5,34,6,107,63,-6
92,1,-4,34,6,107,64,-3
93,3,-4,34,6,107,64,-2
93,5,-5,34,6,107,64,0
93,6,-5,34,6,107,64,0
93,8,-5,34,6,107,65,2
95,9,-4,34,6,107,67,2
97,8,-5,34,6,107,68,2
97,9,-5,34,6,107,69,2
96,10,-5,34,6,107,68,3
95,11,-5,34,6,107,67,4
95,11,-5,34,6,107,67,4
95,10,-5,34,6,107,67,4
96,10,-5,34,6,107,68,3
97,9,-5,34,6,107,68,3
97,8,-4,34,6,107,69,2
97,7,-5,34,6,107,69,1
96,6,-5,34,6,107,68,0
95,5,-5,34,6,107,67,0
94,4,-4,34,6,107,65,-1
94,3,-4,34,6,107,65,-2
95,2,-5,34,6,107,67,-3
95,0,-6,33,6,107,67,-4
94,-2,-7,32,6,107,65,-9
92,-5,-8,31,6,107,64,-12
91,-7,-8,30,6,107,65,-14
90,-8,-8,31,6,107,63,-15
90,-8,-8,31,6,107,62,-15
90,-10,-9,32,6,107,62,-17
89,-13,-10,32,5,107,62,-19
89,-14,-10,32,4,107,61,-21
89,-15,-10,30,4,107,61,-21
88,-15,-9,30,4,107,63,-21
88,-17,-9,30,5,107,63,-23
87,-19,-10,29,6,107,62,-25
87,-21,-10,28,6,107,62,-28
86,-22,-12,28,6,107,62,-28
86,-21,-13,28,6,107,62,-28
87,-21,-14,29,6,107,59,-28
88,-22,-13,28,6,107,63,-28
88,-23,-11,28,6,107,63,-29
88,-22,-11,29,6,107,63,-28
87,-21,-11,29,6,107,59,-28
86,-21,-12,29,6,107,59,-26
86,-21,-13,29,6,107,59,-28
87,-21,-12,30,6,106,59,-28
89,-21,-10,31,6,105,62,-26
90,-19,-9,32,6,105,62,-25
90,-18,-8,32,6,105,63,-24
90,-16,-8,31,6,107,64,-21
90,-14,-8,30,6,107,64,-20
90,-11,-9,31,6,105,63,-18
92,-9,-10,32,6,103,64,-15
93,-6,-10,32,7,102,65,-13
95,-3,-8,33,8,103,67,-10
96,0,-6,34,8,104,68,-6
96,2,-4,34,9,105,68,-3
97,5,-4,34,8,104,69,0
98,9,-5,34,8,103,69,2
98,13,-5,34,7,102,69,7
98,17,-4,34,6,103,69,10
99,21,-4,35,6,103,70,14
100,24,-3,38,6,104,69,17
102,26,-3,40,6,104,70,19
103,29,-3,40,6,104,72,21
104,33,-2,39,6,103,72,25
104,37,-2,38,6,102,72,29
104,41,-3,40,6,102,72,32
104,44,-3,42,6,101,70,35
104,47,-3,43,6,102,70,37
105,50,-1,42,6,102,70,40
105,51,0,41,6,103,73,41
105,52,1,40,6,104,73,43
105,51,2,40,6,103,73,43
104,51,2,41,6,102,73,43
105,51,2,40,6,101,73,43
107,52,0,39,6,102,74,45
108,54,0,39,6,103,75,43
108,54,-2,39,6,104,75,43
107,52,-3,38,6,103,74,42
106,50,-2,38,7,102,74,40
107,48,-1,38,7,102,74,39
108,47,-2,38,7,102,75,37
108,47,-2,39,7,102,75,37
107,46,-2,39,9,102,74,37
105,45,-3,39,11,102,73,35
105,42,-3,39,10,101,73,32
106,40,-3,40,9,102,74,31
107,39,-3,40,7,102,75,30
108,38,-3,40,7,102,75,29
107,36,-4,41,9,102,73,25
106,34,-4,41,10,102,72,24
104,33,-4,41,9,102,70,23
104,33,-4,41,9,101,70,23
105,32,-4,41,9,102,72,21
106,32,-4,41,10,103,72,21
106,31,-5,40,10,105,72,20
107,30,-5,40,9,107,73,19
107,29,-6,40,7,107,73,19
107,29,-6,39,7,107,75,19
107,30,-6,39,8,107,75,19
107,30,-6,38,9,107,75,19
107,30,-4,39,9,107,74,21
107,30,-4,39,8,107,74,21
107,30,-5,40,7,107,73,19
107,30,-6,40,9,105,73,19
107,29,-6,40,11,103,73,19
107,30,-4,41,11,103,73,19
105,30,-4,41,10,105,70,20
104,31,-4,41,7,106,69,20
103,31,-5,41,6,106,69,20
103,31,-4,41,5,105,69,20
103,31,-3,40,6,105,72,23
101,31,-2,39,6,106,70,23
100,32,-2,38,6,107,69,23
100,32,-2,39,6,107,68,23
101,31,-2,38,6,107,69,23
101,30,-1,38,6,107,69,21
101,28,-1,37,6,107,72,20
100,25,-1,37,6,107,70,18
99,24,-1,37,6,107,70,17
99,23,-1,37,6,107,68,15
99,23,-1,37,6,107,68,15
99,22,-1,37,6,107,69,14
98,20,0,38,6,107,69,13
97,17,-1,37,6,107,69,10
98,15,-2,36,6,107,69,8
98,13,-4,35,6,107,69,7
98,11,-5,35,6,107,69,4
97,8,-5,34,6,107,68,2
96,6,-4,33,6,107,68,1
96,4,-2,31,6,107,69,-1
95,2,-1,30,6,107,69,-1
95,0,-1,31,6,107,69,-3
94,-4,-3,32,6,107,68,-9
93,-6,-5,32,6,107,65,-12
92,-9,-6,31,6,108,67,-13
92,-11,-6,28,6,108,65,-15
91,-13,-6,27,6,108,68,-18
91,-15,-6,28,6,107,65,-19
90,-17,-6,28,6,108,64,-21
89,-20,-6,29,6,110,64,-24
89,-22,-7,28,6,112,63,-26
89,-24,-7,27,5,113,63,-28
90,-25,-8,26,4,112,67,-29
89,-25,-10,25,5,110,67,-31
88,-26,-11,26,6,108,63,-31
87,-28,-12,27,6,108,62,-34
87,-31,-12,28,7,110,62,-36
87,-32,-12,28,6,111,63,-37
88,-32,-12,28,6,111,63,-37
88,-32,-12,27,4,110,63,-37
86,-33,-12,27,4,110,62,-37
85,-34,-12,27,5,112,61,-39
83,-35,-12,28,6,112,59,-40
83,-35,-13,28,6,112,58,-40
83,-35,-14,30,5,112,57,-42
84,-35,-15,31,4,112,57,-42
84,-35,-16,32,5,112,57,-42
83,-35,-15,31,6,112,57,-42
83,-34,-15,31,5,112,56,-41
82,-32,-15,31,3,112,54,-40
81,-31,-15,31,3,110,54,-39
81,-30,-15,31,3,110,54,-37
81,-30,-15,31,3,111,54,-37
81,-30,-15,31,2,112,54,-37
81,-31,-15,31,1,111,54,-39
82,-32,-15,31,0,109,54,-40
83,-33,-15,31,1,107,56,-41
84,-35,-15,32,3,107,57,-42
83,-35,-15,31,4,107,57,-42
82,-36,-16,30,6,107,56,-42
80,-36,-17,30,7,107,54,-42
79,-37,-18,29,6,107,53,-43
79,-38,-18,29,6,107,53,-45
80,-41,-18,28,6,107,53,-47
80,-44,-18,27,6,107,54,-51
80,-47,-17,25,6,107,56,-53
80,-48,-15,25,6,105,56,-54
79,-49,-15,24,6,103,56,-52
78,-51,-15,24,6,102,54,-57
77,-54,-17,24,7,101,53,-59
76,-57,-18,22,7,102,54,-63
76,-61,-19,21,9,102,54,-65
76,-64,-19,21,10,102,54,-68
76,-66,-19,21,10,101,54,-70
75,-68,-19,21,10,101,54,-72
75,-70,-19,21,11,102,53,-74
74,-73,-19,21,10,102,53,-76
73,-76,-20,20,10,101,52,-80
72,-79,-21,19,10,100,52,-83
72,-82,-23,18,10,98,51,-85
71,-84,-23,18,10,97,51,-87
71,-86,-22,18,10,96,51,-89
70,-88,-22,18,10,97,50,-90
69,-89,-22,18,12,97,48,-91
68,-91,-24,17,12,97,48,-96
68,-93,-25,16,11,97,50,-97
67,-96,-26,15,11,97,50,-100
66,-97,-27,14,11,97,48,-101
65,-97,-26,14,11,97,47,-101
64,-97,-26,14,12,97,47,-101
64,-97,-26,15,12,97,47,-101
64,-97,-27,16,13,97,45,-101
65,-98,-29,17,13,97,45,-104
65,-99,-30,18,12,97,46,-104
65,-99,-30,19,10,97,43,-104
65,-99,-29,19,10,97,43,-104
64,-98,-28,19,10,97,42,-104
64,-97,-27,20,10,97,42,-101
65,-97,-27,21,10,97,43,-101
67,-96,-26,21,10,97,45,-101
68,-95,-26,21,10,97,46,-98
69,-93,-26,21,10,97,47,-97
70,-90,-26,22,10,97,47,-95
70,-88,-26,22,10,97,47,-93
69,-86,-26,21,10,97,47,-91
69,-85,-25,20,10,97,50,-90
71,-83,-24,19,10,97,51,-87
72,-81,-23,20,10,97,52,-86
74,-79,-22,22,10,97,51,-84
75,-76,-22,25,10,97,52,-83
75,-74,-22,25,11,97,52,-80
75,-72,-21,24,12,97,52,-78
76,-70,-21,23,11,97,53,-76
77,-68,-21,23,11,97,53,-74
77,-65,-21,25,11,97,53,-72
77,-62,-20,27,12,95,52,-69
78,-59,-19,28,11,93,52,-64
78,-57,-18,28,10,92,52,-62
79,-55,-18,28,11,91,53,-61
80,-54,-19,28,13,92,53,-59
80,-52,-19,28,15,92,54,-58
81,-50,-19,28,15,92,54,-56
82,-47,-19,28,15,91,56,-53
82,-45,-19,28,15,91,56,-51
82,-43,-19,28,15,91,56,-50
82,-42,-18,28,14,92,56,-48
83,-40,-19,28,14,92,57,-47
84,-38,-19,28,13,92,57,-45
84,-36,-19,28,14,92,57,-42
84,-35,-18,26,14,92,59,-41
84,-35,-16,25,15,91,59,-41
83,-35,-15,26,15,91,58,-42
83,-34,-15,29,14,92,56,-41
82,-32,-15,31,14,92,56,-39
83,-30,-15,32,14,92,56,-37
84,-29,-15,32,15,91,57,-36
85,-28,-15,31,14,92,58,-36
85,-27,-15,31,14,92,58,-35
85,-24,-15,31,14,92,58,-32
86,-22,-14,30,14,92,58,-30
86,-21,-14,29,15,92,59,-28
87,-21,-14,29,15,92,59,-26
87,-19,-14,30,14,92,61,-28
88,-17,-14,31,14,90,61,-25
89,-15,-13,31,14,89,61,-21
90,-13,-11,29,14,89,62,-20
91,-11,-11,29,14,90,65,-18
92,-8,-11,30,14,90,64,-15
93,-6,-12,32,14,90,65,-13
94,-5,-11,33,14,89,67,-12
96,-4,-9,33,14,89,68,-12
97,-3,-8,31,14,88,68,-10
96,0,-8,31,14,88,70,-8
95,2,-8,31,15,87,67,-6
96,4,-9,31,15,87,67,-3
98,7,-8,31,14,88,69,-1
100,9,-7,32,14,89,72,1
101,11,-6,33,14,89,73,4
101,13,-5,34,15,87,72,7
99,15,-4,35,16,86,70,8
98,16,-5,34,16,86,69,9
97,16,-5,34,16,86,69,9
97,17,-5,34,15,87,68,10
97,18,-4,36,16,88,68,10
98,19,-3,38,18,88,67,12
100,20,-3,39,18,89,69,13
101,20,-3,38,17,89,69,13
101,21,-3,37,15,88,73,13
101,20,-2,36,14,88,72,13
101,21,-1,37,14,87,72,13
101,21,-1,37,15,88,72,13
101,21,-1,38,15,90,69,13
101,21,-1,38,15,91,70,13
101,21,-1,37,15,92,72,13
100,20,-2,36,15,92,70,13
98,18,-2,36,14,92,69,12
97,18,-3,35,14,92,68,10
97,18,-4,35,14,92,68,10
97,18,-5,34,14,92,68,10
97,18,-5,34,14,92,68,10
96,17,-5,34,14,92,67,10
94,15,-4,34,14,92,65,8
94,13,-5,34,14,92,65,7
95,11,-5,35,14,92,67,4
96,10,-7,36,14,92,65,1
96,7,-8,38,14,92,65,0
95,5,-8,39,14,92,64,-2
93,5,-8,38,14,92,63,-3
93,4,-7,37,14,92,63,-3
94,3,-6,34,14,92,65,-2
94,1,-7,32,14,92,65,-3
93,-1,-8,31,14,92,68,-8
93,-3,-10,32,14,92,65,-10
93,-4,-11,33,14,92,65,-12
94,-5,-11,35,14,92,64,-12
93,-6,-12,35,14,92,63,-15
92,-9,-11,35,14,92,62,-15
92,-11,-11,34,14,92,62,-18
93,-12,-11,34,14,92,63,-19
93,-12,-11,34,14,92,63,-19
91,-13,-11,35,14,92,62,-19
90,-14,-11,35,14,92,61,-20
90,-15,-11,34,14,92,59,-21
90,-18,-11,32,14,92,62,-24
90,-19,-12,32,14,92,62,-25
88,-21,-13,32,14,92,61,-29
87,-21,-14,32,14,92,59,-30
87,-22,-15,31,14,92,59,-30
88,-23,-14,30,14,92,61,-31
88,-24,-14,30,14,92,61,-31
89,-24,-14,30,14,92,62,-32
90,-25,-14,30,14,92,62,-32
89,-25,-13,29,14,92,62,-31
88,-27,-13,29,14,92,61,-32
86,-27,-14,29,14,92,59,-35
86,-27,-14,30,15,91,59,-35
88,-26,-14,30,14,92,61,-34
89,-24,-14,31,14,92,62,-32
88,-22,-15,31,15,91,61,-30
87,-21,-16,31,15,91,59,-29
87,-21,-15,32,15,91,59,-29
87,-21,-14,32,14,92,59,-30
86,-22,-12,33,14,92,57,-30
86,-20,-11,34,13,92,57,-26
86,-18,-11,35,13,92,57,-24
87,-15,-11,35,13,92,58,-21
88,-15,-11,34,13,92,58,-21
89,-14,-11,34,13,92,59,-21
90,-14,-11,34,13,92,61,-20
90,-12,-11,35,13,92,61,-19
91,-9,-12,35,13,92,61,-19
91,-8,-12,35,13,92,61,-17
90,-7,-11,34,14,92,59,-14
90,-7,-11,34,14,92,59,-14
89,-6,-11,34,14,92,59,-13
89,-6,-12,35,14,92,59,-15
88,-4,-13,36,13,92,58,-14
88,-4,-13,36,13,92,58,-13
87,-3,-13,36,14,92,58,-13
87,-4,-12,35,15,91,58,-13
89,-5,-11,35,15,91,59,-13
90,-7,-11,34,14,92,59,-14
90,-8,-12,33,14,92,61,-17
89,-9,-14,32,14,92,62,-18
87,-10,-15,32,15,91,61,-19
87,-11,-15,31,14,92,59,-20
86,-14,-15,31,15,92,59,-23
86,-18,-15,31,15,92,59,-26
85,-21,-15,32,14,92,58,-29
83,-23,-15,31,14,91,57,-31
83,-26,-16,30,14,90,56,-34
82,-30,-18,29,14,89,56,-37
81,-34,-18,28,14,89,54,-41
80,-39,-19,28,14,89,53,-46
78,-42,-19,28,14,90,52,-48
77,-46,-20,27,14,90,51,-52
76,-49,-21,26,14,91,51,-57
75,-52,-22,25,15,92,52,-61
74,-57,-23,24,15,93,51,-64
72,-60,-22,25,14,92,48,-67
71,-63,-22,25,14,90,48,-70
70,-67,-22,25,14,88,47,-73
69,-71,-23,24,14,89,47,-76
67,-75,-24,23,14,90,45,-80
66,-78,-25,23,14,91,43,-84
65,-80,-25,22,14,91,43,-86
65,-82,-26,21,14,90,43,-87
66,-84,-26,21,14,90,43,-89
65,-86,-26,21,14,92,43,-91
64,-87,-26,21,15,92,42,-92
63,-87,-26,21,14,91,41,-92
63,-87,-26,21,14,88,41,-92
64,-87,-27,21,14,87,42,-92
65,-86,-27,22,14,86,43,-92
65,-84,-26,24,14,87,41,-91
66,-81,-24,25,14,87,41,-86
66,-79,-23,25,14,87,42,-85
67,-77,-22,25,14,87,45,-83
68,-74,-22,25,14,87,46,-80
69,-71,-23,25,14,87,47,-76
71,-67,-23,25,14,86,48,-74
72,-63,-21,26,14,85,47,-70
72,-58,-20,27,14,85,47,-63
73,-53,-19,28,14,86,47,-58
74,-47,-20,29,14,86,48,-56
77,-43,-20,29,14,86,51,-51
79,-37,-19,30,14,84,53,-46
80,-31,-17,30,14,82,53,-39
80,-25,-15,31,14,82,53,-34
80,-20,-15,32,16,82,53,-29
82,-14,-14,32,18,82,56,-23
85,-9,-13,33,18,82,56,-18
88,-3,-12,34,16,82,58,-13
90,2,-11,35,15,82,59,-6
90,7,-10,36,15,82,61,-1
92,11,-9,37,16,82,62,2
93,14,-8,38,18,82,63,6
95,18,-7,38,19,82,64,9
96,22,-7,38,19,82,65,12
97,25,-7,39,18,82,65,15
97,28,-6,40,16,82,64,18
99,31,-5,40,16,82,65,20
101,32,-3,40,17,82,69,24
103,34,-3,39,19,82,72,26
105,36,-2,39,20,81,73,28
106,38,-2,39,19,82,74,29
106,39,-1,39,19,82,74,30
106,40,0,39,19,82,74,31
107,43,0,40,19,82,74,34
107,45,0,41,19,82,75,36
108,47,0,41,19,82,75,37
108,48,1,41,19,82,75,40
108,48,2,41,19,82,75,40
108,47,3,42,19,82,76,40
109,48,4,43,19,82,76,40
110,49,5,44,19,82,78,41
110,50,6,44,19,82,78,42
110,53,6,44,19,82,78,45
108,55,5,44,19,82,75,47
107,57,5,44,19,82,75,50
107,58,5,44,19,82,74,50
108,59,6,44,19,82,75,51
110,60,5,44,19,82,76,52
110,61,5,44,19,82,78,53
110,63,5,44,19,82,76,54
109,65,5,44,19,82,76,56
109,67,5,44,19,82,76,58
109,69,5,44,19,82,76,61
110,71,5,44,19,82,78,62
111,72,5,44,19,82,78,63
111,72,5,44,19,81,78,63
112,72,6,43,19,82,79,63
113,73,5,44,18,84,79,63
113,75,4,45,16,85,78,65
112,76,3,46,15,85,76,67
112,77,2,47,15,83,75,65
113,77,2,48,16,82,75,65
114,76,2,48,16,81,75,64
114,75,2,47,15,83,76,63
113,73,2,47,14,86,75,62
111,72,2,47,14,87,74,61
110,72,2,48,14,87,73,59
110,71,2,47,15,87,73,59
111,70,2,47,15,87,73,58
112,68,2,47,14,87,74,57
112,67,2,47,14,87,74,56
110,65,2,47,14,87,73,54
108,63,3,48,14,87,72,52
107,60,2,47,14,87,70,50
107,57,1,46,14,87,73,47
108,54,0,45,14,87,73,45
106,52,-1,44,14,87,72,42
105,50,-1,44,14,87,70,40
104,47,-1,44,14,87,69,37
103,45,0,44,14,87,69,35
103,43,0,44,14,87,69,34
103,40,-2,43,14,87,69,31
103,37,-3,42,15,87,69,29
102,34,-4,41,14,87,68,24
101,32,-4,41,14,87,68,21
100,29,-4,41,15,87,67,19
99,27,-4,41,15,87,65,17
98,25,-4,41,15,87,65,15
98,22,-4,41,14,87,64,13
97,20,-4,41,13,87,64,10
97,18,-4,41,13,87,64,9
98,16,-5,40,13,87,64,7
98,15,-5,39,13,87,68,6
98,14,-6,38,13,87,67,4
97,12,-6,37,12,87,65,3
95,11,-7,37,13,87,64,2
94,9,-8,38,13,87,63,0
94,7,-8,38,13,87,63,-1
94,7,-8,38,13,87,64,-1
96,7,-7,37,14,88,65,0
96,7,-7,37,14,89,65,-1
95,6,-7,36,14,90,64,-2
93,6,-7,36,13,90,63,-2
93,8,-6,36,13,90,64,0
94,10,-6,36,13,89,63,2
95,11,-6,36,14,89,64,3
95,12,-7,37,14,90,64,3
95,12,-7,37,13,90,64,3
95,14,-7,37,12,90,64,6
95,17,-7,38,10,91,64,8
95,19,-7,39,10,91,64,9
95,21,-5,40,10,91,62,12
96,23,-5,41,11,90,63,13
97,24,-5,40,11,90,63,14
98,25,-5,40,12,90,67,15
99,27,-6,40,11,91,65,17
100,29,-4,41,11,91,67,19
100,31,-4,41,11,90,67,20
100,32,-4,41,11,91,67,21
100,32,-4,41,12,91,67,21
100,31,-4,41,12,90,67,20
100,31,-4,41,13,90,67,20
100,31,-4,41,12,90,67,20
100,31,-4,41,12,91,67,20
100,32,-4,41,11,92,67,21
100,32,-4,41,10,92,67,21
100,31,-4,41,10,92,67,20
100,30,-4,41,10,92,65,21
99,27,-4,41,10,92,65,17
99,23,-5,40,10,92,68,13
99,21,-7,39,11,92,68,10
98,19,-7,38,12,92,68,9
98,17,-7,38,11,92,67,8
97,14,-7,39,10,92,67,6
97,11,-7,39,10,92,65,2
96,7,-8,38,10,92,65,-1
95,4,-8,37,10,92,64,-3
95,1,-7,37,10,92,64,-6
95,0,-7,37,10,92,64,-8
95,-4,-7,37,10,92,64,-12
94,-7,-8,36,10,92,64,-14
93,-10,-10,35,10,92,63,-17
93,-12,-10,34,10,92,64,-18
93,-12,-11,33,10,92,65,-19
93,-13,-10,33,10,92,65,-20
93,-15,-9,32,10,92,65,-21
92,-18,-8,31,10,92,64,-24
91,-19,-9,32,10,92,63,-25
91,-19,-10,32,10,92,63,-25
91,-19,-10,33,10,92,63,-25
91,-19,-10,32,10,92,63,-25
91,-18,-10,32,10,92,63,-25
90,-18,-9,32,10,92,63,-24
89,-16,-9,32,10,92,62,-23
89,-15,-9,32,12,92,61,-21
90,-13,-10,32,13,90,62,-19
91,-11,-10,33,13,89,63,-18
91,-10,-11,34,11,88,61,-17
90,-8,-12,35,9,89,61,-18
89,-6,-11,36,9,89,59,-13
89,-3,-9,37,11,87,58,-10
89,0,-8,38,13,86,59,-7
90,3,-7,37,14,87,61,-4
92,4,-6,36,14,88,62,-3
93,5,-6,36,13,89,64,-2
92,7,-7,36,13,88,62,0
91,10,-7,37,14,87,61,2
91,14,-7,39,15,87,61,4
93,15,-5,40,15,87,59,6
94,17,-4,41,14,87,62,8
95,18,-4,41,14,87,62,12
95,21,-4,41,14,87,62,10
94,22,-4,41,15,87,62,12
96,23,-4,41,14,87,63,13
97,24,-4,40,14,87,65,17
98,25,-3,40,14,87,67,17
99,25,-3,39,14,87,68,17
99,25,-3,39,14,87,68,17
98,25,-3,39,14,87,67,17
98,25,-3,40,14,88,67,17
98,25,-4,40,14,89,67,17
98,25,-4,41,14,88,65,14
98,25,-4,40,14,87,67,17
98,25,-3,40,14,87,67,17
98,25,-2,39,14,88,67,17
99,23,-3,39,14,89,68,15
101,22,-3,38,14,90,69,14
101,21,-5,36,14,91,70,13
101,21,-5,35,15,92,72,13
100,19,-6,35,15,92,72,10
99,17,-7,36,14,90,68,8
98,15,-7,37,14,88,67,7
98,15,-8,38,14,87,68,6
98,15,-8,38,14,86,68,6
99,15,-8,38,14,87,68,6
99,14,-8,38,14,87,68,6
98,13,-8,38,14,87,68,4
97,12,-8,38,14,87,65,3
95,11,-8,38,14,87,64,2
95,11,-8,38,14,87,64,2
95,11,-8,38,14,87,64,3
95,11,-8,38,14,87,64,2
95,11,-8,38,14,87,64,3
95,11,-8,38,14,87,64,3
95,11,-8,38,14,87,64,3
95,11,-8,38,14,87,64,2
95,11,-8,38,14,87,64,3
95,11,-8,38,14,86,64,3
96,12,-7,38,14,85,65,3
97,12,-7,39,14,84,65,3
98,12,-7,39,14,84,67,3
97,13,-7,39,14,85,67,3
97,14,-6,39,14,85,65,6
97,15,-5,40,14,84,65,7
96,16,-4,41,14,84,63,7
96,16,-4,41,14,85,63,9
96,16,-4,41,14,86,63,7
97,17,-4,41,14,86,63,8
97,18,-4,41,14,84,64,9
97,18,-4,41,14,83,64,9
97,18,-4,41,14,83,63,9
97,18,-4,41,14,85,63,9
97,18,-4,41,14,86,64,8
97,17,-4,41,14,87,64,8
97,16,-4,41,14,87,64,7
98,16,-4,41,14,87,64,7
98,16,-4,41,14,87,64,9
98,17,-4,41,14,87,64,7
98,18,-5,40,14,87,65,8
99,18,-7,39,14,87,68,9
99,20,-8,37,14,87,68,10
100,20,-7,37,14,87,69,10
101,21,-6,37,14,87,69,10
101,21,-6,38,14,87,69,10
101,20,-5,39,14,86,69,10
101,20,-5,40,14,85,68,10
102,21,-4,41,14,84,68,12
103,24,-4,41,14,85,69,14
104,26,-4,41,14,84,69,15
103,27,-4,41,14,83,69,17
102,28,-4,41,14,82,69,18
102,28,-4,41,14,82,68,18
101,30,-4,41,14,82,68,19
101,32,-4,41,14,82,68,21
102,34,-4,41,14,82,68,24
103,36,-4,41,14,82,69,25
104,39,-3,42,14,82,69,30
104,41,-3,43,14,82,69,32
104,43,-2,43,14,82,69,34
104,45,-2,43,14,82,69,35
104,45,-2,43,14,82,69,35
105,45,-2,43,14,82,70,36
106,46,-2,43,14,82,72,37
107,48,-1,44,14,82,73,39
107,49,0,44,14,82,73,40
106,50,0,44,14,82,72,40
105,51,0,44,14,83,70,41
105,51,-1,44,14,84,70,41
105,51,-2,43,14,84,70,41
106,50,-2,43,14,83,72,40
107,49,-1,43,15,82,73,40
108,49,-1,44,14,83,73,39
107,48,-2,43,13,85,73,39
106,47,-3,42,11,87,72,37
104,46,-2,41,9,88,70,36
104,45,-1,42,10,87,69,36
104,43,-1,42,11,87,69,34
104,41,-3,42,13,87,69,32
103,39,-3,40,13,87,72,30
103,37,-3,39,13,87,72,28
104,35,-3,39,13,87,72,26
104,34,-2,39,14,87,73,25
104,33,-3,40,15,87,72,24
101,32,-4,41,15,87,68,21
100,32,-4,41,15,87,67,21
100,31,-3,40,14,87,68,23
101,30,-3,39,14,87,69,21
102,28,-3,40,15,87,70,20
103,27,-4,41,14,87,69,17
103,27,-4,41,14,87,69,17
102,28,-4,41,14,87,68,18
101,30,-4,41,14,87,67,19
100,31,-4,41,14,87,67,20
100,32,-4,41,14,87,67,21
101,32,-5,41,14,87,68,21
103,34,-4,41,14,87,69,23
103,36,-3,42,14,87,69,28
102,38,-2,43,14,87,68,29
101,40,-1,44,14,87,67,31
101,42,0,44,14,87,67,32
102,43,0,44,14,87,68,34
103,45,-1,44,14,87,69,35
104,47,-1,44,14,87,70,37
105,49,0,44,14,87,70,39
105,51,0,44,14,87,70,41
104,54,-1,44,14,87,70,43
103,54,-1,44,14,87,69,45
102,55,0,44,14,87,68,45
103,56,0,45,14,87,68,46
104,57,0,46,14,87,69,46
105,57,0,46,14,87,70,47
106,57,1,47,14,87,72,47
105,57,2,47,15,87,69,47
105,57,2,47,14,87,68,46
104,55,2,48,14,87,68,45
104,53,0,48,14,87,68,42
104,51,0,47,15,87,67,41
103,48,0,46,15,86,67,39
103,46,0,45,14,87,69,36
103,43,0,45,13,87,69,34
102,40,-2,45,12,87,68,31
102,36,-3,45,11,87,68,25
101,33,-3,44,11,87,67,24
100,29,-3,43,11,87,65,21
99,26,-4,43,10,87,65,15
98,23,-5,42,10,87,64,13
97,20,-7,42,10,88,64,10
97,16,-10,41,10,89,63,4
96,12,-11,41,10,89,63,1
96,8,-11,42,10,88,61,-2
94,3,-11,42,10,88,62,-7
93,0,-10,40,10,87,61,-9
92,-3,-10,38,10,87,62,-10
90,-6,-10,36,10,87,61,-13
89,-9,-11,34,9,87,59,-15
86,-12,-13,33,10,87,59,-20
85,-15,-14,32,10,89,58,-24
84,-18,-15,32,10,91,57,-26
84,-21,-16,32,10,91,56,-29
84,-23,-16,33,10,89,54,-31
84,-25,-16,32,10,87,54,-32
83,-28,-17,31,9,87,57,-35
82,-29,-18,28,10,87,56,-37
80,-31,-18,28,10,87,53,-39
78,-32,-19,28,10,87,52,-40
77,-34,-20,29,10,87,51,-43
78,-36,-20,30,10,87,50,-45
79,-37,-20,30,10,87,51,-46
80,-38,-20,29,10,87,53,-47
79,-37,-20,28,10,87,53,-46
79,-37,-20,29,10,87,53,-46
79,-37,-21,30,10,87,51,-46
79,-37,-22,31,10,87,51,-46
79,-37,-21,31,11,87,51,-46
80,-38,-21,30,11,87,51,-47
79,-37,-21,30,11,87,51,-46
78,-36,-22,31,12,87,50,-46
78,-34,-22,31,13,87,50,-43
78,-32,-22,32,14,87,50,-42
79,-31,-21,32,14,87,51,-41
80,-29,-19,34,13,86,51,-40
79,-28,-18,35,13,83,48,-37
80,-26,-18,35,14,82,48,-36
81,-23,-18,35,14,82,52,-34
82,-20,-18,35,14,82,53,-30
83,-17,-17,36,14,82,51,-28
83,-14,-16,37,14,82,51,-23
82,-11,-15,38,14,82,51,-20
83,-8,-14,38,14,82,51,-18
84,-4,-15,38,14,82,52,-14
86,-1,-15,38,14,82,54,-10
88,1,-14,39,14,82,56,-8
90,4,-12,41,14,81,58,-6
90,8,-11,41,14,80,57,-2
90,13,-10,40,14,79,57,2
90,18,-10,40,14,80,57,7
90,21,-9,42,14,79,58,9
91,25,-8,43,14,79,56,14
92,28,-7,44,14,77,57,18
93,32,-5,42,14,77,61,21
94,35,-4,41,14,77,61,26
95,37,-4,41,14,77,62,26
95,40,-6,42,14,77,62,29
95,42,-7,43,14,77,59,30
97,45,-6,45,14,77,61,32
98,47,-3,45,15,77,64,35
100,48,-1,44,15,77,65,39
100,48,0,44,15,77,65,39
100,48,-1,44,16,77,65,39
100,48,-2,43,18,77,65,39
101,49,-3,42,19,77,67,39
101,49,-3,42,18,77,67,39
101,49,-2,43,15,77,67,39
101,49,-1,44,14,77,67,39
101,49,-1,43,15,75,67,40
101,49,-3,42,17,75,68,39
101,48,-4,41,19,75,68,36
101,45,-4,41,19,76,68,34
100,43,-4,41,18,77,67,31
100,42,-4,41,17,77,67,31
100,43,-4,41,17,77,67,31
101,43,-4,41,18,77,67,31
101,42,-4,41,19,77,68,30
101,39,-4,41,19,77,68,29
102,38,-4,41,19,77,68,26
102,38,-4,41,18,75,68,26
102,38,-4,41,18,73,68,26
102,38,-4,41,19,72,68,28
102,38,-4,41,18,73,68,28
102,38,-4,41,18,75,68,26
102,38,-4,41,19,77,68,26
102,38,-4,41,19,77,68,26
102,38,-4,41,18,75,68,26
102,38,-4,41,18,73,68,26
102,38,-4,41,18,74,68,26
102,38,-4,41,18,75,68,26
102,38,-4,41,18,75,68,28
102,38,-5,41,18,74,68,26
102,38,-4,41,18,72,68,26
102,38,-3,40,18,72,70,29
102,38,-1,39,18,72,70,29
103,39,0,39,18,72,72,30
103,40,-1,40,18,72,70,31
101,42,-2,39,18,72,69,32
101,43,-3,39,18,72,69,34
102,44,-2,38,18,72,70,35
103,45,-1,37,18,72,72,35
104,45,-1,37,19,72,74,36
104,45,-1,37,19,72,74,35
102,44,-1,37,18,72,70,35
102,43,-1,37,18,72,70,34
102,44,-1,37,18,72,70,35
103,45,-1,37,19,72,73,36
104,45,-1,37,20,72,74,35
104,44,-1,37,21,72,75,35
105,42,-1,38,20,73,73,32
106,41,-1,37,19,74,74,31
106,40,-1,37,18,74,74,31
106,40,-1,37,18,72,75,31
105,40,0,37,18,72,75,31
104,40,-1,38,18,71,73,31
104,40,-3,39,19,72,73,31
104,39,-4,39,18,74,73,30
104,38,-4,38,18,75,72,29
104,35,-3,38,19,75,73,26
104,34,-2,39,20,74,73,25
104,33,-3,40,21,72,73,25
104,33,-4,41,20,71,69,23
103,33,-5,41,19,72,69,23
102,32,-6,39,18,72,70,21
101,32,-7,39,18,72,69,21
101,31,-7,39,18,72,69,20
100,29,-6,39,19,72,68,19
99,27,-6,40,19,72,65,17
99,25,-5,40,19,72,68,15
98,24,-6,39,18,72,67,14
97,24,-8,38,18,72,67,14
97,22,-8,37,19,72,65,12
96,20,-8,37,21,72,65,10
96,18,-8,38,22,72,65,9
96,17,-8,38,22,72,65,8
95,15,-8,38,21,72,64,6
94,13,-8,38,19,72,63,4
93,10,-8,38,18,72,63,2
93,8,-9,37,18,72,63,0
93,6,-10,36,19,72,62,-2
92,3,-10,36,19,72,62,-3
92,1,-10,35,19,72,62,-6
91,0,-11,35,18,72,61,-8
90,-2,-12,35,18,72,59,-12
89,-3,-12,35,18,72,59,-13
89,-5,-11,34,18,72,59,-13
90,-8,-10,34,18,72,63,-15
91,-11,-10,33,18,72,63,-18
90,-14,-10,33,18,72,62,-20
87,-16,-11,34,18,72,58,-23
86,-18,-12,35,18,72,57,-26
86,-20,-11,35,18,72,57,-26
86,-21,-11,33,18,72,59,-28
87,-22,-10,31,18,72,59,-28
87,-21,-11,28,18,72,62,-28
87,-21,-11,27,18,72,62,-28
86,-21,-12,27,18,72,62,-28
86,-21,-12,28,18,72,62,-28
87,-21,-12,28,18,72,62,-28
87,-21,-12,28,18,72,62,-28
86,-21,-12,28,18,72,62,-28
86,-22,-12,27,18,72,62,-28
87,-21,-12,27,18,72,62,-28
88,-21,-12,28,18,72,63,-26
89,-18,-11,28,18,72,64,-24
90,-16,-9,30,18,72,64,-23
89,-15,-8,31,18,72,62,-21
88,-14,-8,31,18,72,61,-20
88,-13,-8,31,18,72,61,-19
88,-11,-8,31,18,72,61,-18
89,-9,-8,30,18,72,63,-17
90,-8,-8,31,18,72,62,-15
90,-7,-10,32,18,72,62,-14
90,-4,-10,34,18,72,62,-12
90,-1,-11,33,19,72,62,-9
90,1,-10,32,18,72,62,-6
91,3,-8,31,18,72,63,-4
92,4,-7,31,18,72,64,-1
93,4,-5,33,19,72,65,-1
93,5,-5,34,19,72,65,-1
94,6,-5,36,18,72,63,0
95,9,-7,36,17,73,64,1
97,11,-7,37,17,74,65,3
98,14,-7,37,17,75,67,4
98,15,-7,37,18,76,68,6
97,17,-6,36,19,75,67,7
97,18,-6,35,19,75,68,10
98,18,-6,36,19,74,69,9
100,20,-7,36,18,73,68,10
100,21,-7,37,17,74,69,12
100,23,-7,37,17,75,69,13
100,26,-7,37,17,75,69,15
101,27,-7,36,18,74,69,17
102,27,-7,36,19,72,70,17
103,27,-7,36,19,72,72,17
103,27,-5,37,18,73,72,19
102,28,-4,38,18,74,70,20
101,30,-4,39,18,75,69,21
101,32,-7,39,19,75,69,21
101,32,-8,38,18,75,69,21
101,32,-8,38,19,75,70,21
101,32,-7,39,18,75,70,21
102,32,-6,39,18,75,70,21
103,33,-6,38,19,74,72,23
104,34,-6,37,19,74,72,23
105,34,-7,36,19,75,73,24
105,34,-8,37,18,77,73,24
104,34,-8,38,18,77,73,24
103,33,-8,38,17,77,72,23
101,32,-8,38,17,76,70,21
101,30,-7,37,16,75,69,20
102,28,-7,36,16,75,70,18
102,28,-6,36,15,75,73,18
102,28,-5,35,16,76,73,20
102,29,-5,34,16,77,73,20
102,28,-5,34,16,77,73,20
102,28,-5,34,16,77,73,20
101,27,-5,34,16,77,72,19
100,25,-5,34,15,77,70,17
100,23,-5,34,15,77,70,15
100,22,-4,34,15,77,70,14
101,21,-5,34,15,77,72,13
101,20,-5,34,16,77,72,13
101,20,-5,34,15,77,73,13
101,20,-4,34,14,77,73,13
102,19,-4,34,14,77,73,12
102,18,-5,34,15,77,73,10
102,17,-5,33,16,77,73,9
102,16,-6,33,15,77,73,9
102,16,-7,32,14,77,73,9
103,16,-7,32,14,77,74,7
104,15,-7,32,15,77,75,8
105,14,-6,33,18,77,76,7
105,14,-5,34,19,77,75,7
104,14,-4,35,18,77,75,8
104,16,-5,34,17,77,74,9
103,17,-5,34,16,76,74,10
103,17,-5,34,16,75,74,9
103,16,-4,34,18,75,74,9
104,16,-5,34,18,74,74,9
104,17,-6,36,18,74,75,8
106,20,-7,37,17,74,74,10
106,21,-6,37,17,74,74,12
106,23,-4,37,18,74,74,15
105,23,-3,36,19,74,75,15
104,24,-1,36,19,73,75,17
104,25,-1,37,18,72,74,18
104,28,-1,38,18,72,72,20
105,30,-1,38,18,73,73,23
107,33,-1,37,19,74,74,25
108,36,-1,37,18,73,78,28
108,38,-1,37,18,72,78,29
107,39,0,38,19,72,75,30
107,41,0,39,18,74,75,34
108,44,0,40,18,75,75,37
108,46,0,40,18,75,75,39
108,47,1,39,19,74,75,40
107,48,1,40,19,74,74,41
107,49,2,40,18,75,74,41
108,50,1,41,17,75,75,43
109,52,1,42,17,74,76,42
109,53,1,42,17,74,76,43
108,53,0,42,18,75,75,43
107,53,0,41,19,76,74,42
106,52,-1,40,19,78,74,42
106,50,-2,40,18,77,74,40
107,49,-2,41,17,76,75,39
107,47,-2,41,17,75,75,37
107,46,-3,40,17,75,74,37
106,44,-4,40,16,75,74,35
105,42,-4,40,15,76,73,32
105,38,-4,39,16,77,73,30
105,36,-5,39,17,77,73,28
104,34,-6,38,19,77,73,24
104,32,-7,38,19,77,73,21
104,28,-7,38,19,77,72,18
103,24,-8,38,19,77,72,14
102,21,-9,37,19,76,70,12
101,18,-10,35,19,75,69,9
100,14,-10,34,18,74,72,6
100,10,-10,33,17,73,72,2
100,6,-11,33,15,72,70,-1
99,3,-11,34,15,72,68,-4
97,1,-12,35,17,73,67,-8
96,0,-11,35,18,74,65,-8
94,-3,-11,35,19,73,64,-10
94,-7,-11,34,19,72,63,-14
93,-10,-12,33,18,72,63,-19
94,-14,-14,32,18,72,65,-23
93,-16,-15,31,19,72,65,-24
92,-18,-15,31,18,72,64,-26
90,-19,-15,31,18,72,63,-28
89,-22,-15,32,19,72,62,-30
89,-24,-15,31,20,72,62,-32
88,-26,-16,30,22,72,61,-34
87,-27,-17,30,23,72,59,-35
85,-28,-17,29,24,72,58,-35
84,-29,-17,29,24,72,57,-36
83,-31,-17,29,23,70,56,-39
83,-33,-18,29,23,68,56,-41
83,-35,-18,29,23,67,57,-42
84,-35,-18,29,23,66,57,-42
84,-35,-18,29,23,67,57,-42
83,-35,-18,28,23,67,57,-42
83,-35,-19,28,23,67,56,-42
82,-36,-19,28,22,67,56,-42
81,-36,-19,28,21,67,54,-43
80,-36,-18,28,22,67,53,-43
79,-37,-19,28,23,67,53,-43
79,-37,-19,28,23,67,53,-45
79,-37,-19,28,23,67,53,-43
79,-37,-18,28,23,67,53,-43
79,-37,-19,28,23,67,53,-45
79,-37,-19,28,23,67,53,-45
81,-37,-19,28,23,67,54,-43
82,-35,-18,27,23,67,58,-42
83,-33,-16,25,23,67,58,-41
82,-32,-14,25,23,67,57,-37
81,-31,-13,26,23,67,57,-36
82,-29,-12,27,23,67,58,-35
84,-27,-12,28,23,67,59,-32
85,-24,-12,28,23,67,61,-30
84,-21,-12,28,23,67,59,-28
84,-19,-12,27,23,67,59,-25
85,-17,-12,27,23,67,61,-23
86,-14,-12,28,23,66,61,-20
87,-10,-11,28,23,65,62,-17
88,-6,-9,30,23,65,63,-13
89,-3,-8,31,23,65,61,-10
90,0,-8,31,23,65,62,-8
90,3,-8,31,23,63,63,-4
91,7,-8,31,23,62,63,-1
91,11,-7,32,23,63,63,4
92,14,-6,33,23,64,64,7
94,16,-5,34,23,65,65,9
96,19,-5,34,23,65,68,12
98,23,-4,34,23,63,69,15
98,26,-3,35,23,62,69,18
98,28,-2,36,22,61,69,20
99,30,-1,37,23,62,70,23
101,32,0,38,23,64,72,24
102,35,-1,37,23,65,73,26
102,37,-1,37,23,65,73,28
102,38,-1,37,23,65,73,29
103,39,-1,37,23,65,73,30
104,40,-1,37,22,66,75,31
105,42,0,38,22,67,73,32
105,43,1,39,21,67,73,36
104,45,2,40,21,67,72,37
103,45,2,41,21,67,72,37
103,45,2,41,21,67,72,37
104,45,2,40,22,67,72,37
104,45,2,40,22,67,72,37
103,45,2,41,22,67,72,37
103,45,2,41,21,67,72,37
104,45,2,40,21,67,72,37
104,45,1,40,21,67,72,37
103,45,0,39,20,68,72,37
103,45,0,39,20,68,72,36
104,45,0,38,20,68,72,35
104,43,-1,37,20,68,74,34
105,42,-1,37,20,68,75,32
106,41,-1,37,19,68,74,32
106,40,-1,38,18,68,74,31
107,39,-1,37,18,69,78,31
108,38,0,36,18,71,78,31
107,36,0,35,19,72,78,30
106,34,0,35,19,72,76,28
104,33,0,36,18,71,75,28
104,33,-1,37,18,70,73,24
105,32,-2,38,18,70,74,24
106,32,-1,37,18,72,76,24
106,31,0,36,18,72,76,25
106,29,0,36,18,72,76,24
104,28,-1,35,18,72,74,20
102,27,-3,35,18,72,73,19
103,27,-5,34,18,72,73,19
104,26,-4,35,18,72,74,18
104,24,-2,36,19,72,75,17
104,22,-2,36,19,72,75,14
103,21,-3,35,18,72,73,14
101,21,-4,34,18,72,73,14
101,21,-5,34,18,72,72,13
100,20,-5,34,19,72,70,13
99,18,-5,34,20,72,70,10
99,15,-4,34,21,72,70,8
99,13,-4,33,20,72,70,7
98,13,-3,33,19,72,69,6
96,12,-3,33,18,72,68,6
95,12,-4,34,18,72,67,6
95,11,-6,33,18,72,67,4
96,10,-7,32,19,72,67,1
96,7,-8,31,19,72,68,0
95,5,-8,30,18,72,69,-2
94,4,-8,31,18,72,65,-3
93,5,-8,31,18,72,65,-2
93,4,-8,31,18,72,65,-3
93,3,-8,31,18,72,64,-4
92,1,-8,31,18,72,64,-6
91,0,-8,31,18,72,63,-7
91,0,-8,31,18,72,63,-8
92,-1,-9,30,18,72,65,-8
92,-1,-10,28,18,72,67,-9
92,-1,-12,28,18,72,67,-9
92,-1,-12,27,18,72,67,-8
92,-1,-12,27,18,72,67,-8
92,-1,-11,28,18,72,65,-8
91,-1,-11,28,18,72,65,-9
92,-1,-10,29,18,72,67,-8
93,0,-10,29,18,72,68,-8
95,0,-9,30,18,72,69,-7
96,0,-8,31,18,72,68,-7
95,2,-8,31,18,72,67,-6
94,3,-8,31,18,72,67,-4
94,5,-8,31,18,72,67,-2
95,7,-8,31,18,72,67,0
96,10,-8,31,18,72,68,2
96,13,-8,30,19,72,69,4
96,16,-8,31,18,72,68,7
96,19,-7,32,18,72,67,12
97,22,-6,33,18,72,68,14
98,26,-4,34,19,72,69,18
99,29,-4,34,19,72,70,21
101,32,-5,34,18,72,72,24
101,34,-5,34,17,72,72,25
101,36,-3,35,15,72,72,28
101,39,-2,36,14,73,72,30
101,42,-1,37,13,74,72,32
101,45,0,38,14,74,72,36
103,48,-1,37,14,73,73,39
105,52,-1,37,14,72,75,42
106,56,-1,37,14,72,76,46
107,60,-1,37,14,74,76,50
107,62,0,38,14,75,74,51
107,64,1,39,14,76,74,56
108,66,2,41,14,75,75,57
108,68,2,41,14,75,75,59
109,71,2,40,14,74,76,62
109,73,2,41,14,75,76,63
110,75,3,42,14,75,76,65
111,78,4,43,14,76,78,68
112,78,4,43,14,75,79,68
112,78,4,43,14,74,79,68
112,78,4,42,14,74,79,68
112,80,3,42,14,75,79,70
113,83,3,42,14,75,79,73
114,85,3,42,14,76,80,74
114,84,2,41,14,76,80,74
115,82,2,40,14,77,81,72
116,81,2,40,14,77,83,70
116,80,2,41,14,77,83,70
116,81,2,41,14,77,83,70
115,80,2,40,14,77,81,69
114,78,2,40,14,77,80,68
114,75,2,41,14,77,80,65
114,74,2,41,14,77,80,64
113,73,2,40,14,77,80,63
112,71,1,39,14,77,79,62
112,68,0,38,14,77,79,57
111,67,-1,37,14,77,80,56
110,65,-1,37,14,77,79,54
109,65,-1,37,13,79,78,53
108,63,-1,37,12,81,78,52
107,61,-1,37,11,80,76,50
107,58,-1,37,10,79,76,48
107,57,-1,37,9,78,76,46
108,54,-1,37,9,79,78,45
108,51,-1,37,9,81,78,41
107,48,-1,37,10,83,76,39
106,46,-1,37,10,83,76,37
104,46,-2,36,10,83,75,36
104,45,-2,36,9,82,74,36
104,43,-3,35,9,82,74,34
104,41,-4,35,9,82,74,32
103,39,-4,34,9,82,73,30
102,38,-5,34,9,82,73,29
102,38,-5,34,9,82,73,29
102,37,-4,34,9,82,73,28
103,35,-4,34,9,82,73,26
102,33,-4,34,9,82,73,24
102,32,-5,34,9,82,73,24
103,32,-5,34,9,82,73,24
104,33,-5,34,9,82,74,25
104,34,-5,34,9,82,74,26
103,35,-5,34,10,82,74,26
102,36,-5,34,9,82,73,26
101,36,-5,34,9,82,72,28
101,36,-5,34,10,82,72,28
102,36,-5,34,10,82,73,28
102,38,-5,34,10,82,73,29
102,39,-5,34,9,82,73,30
103,39,-5,34,8,82,73,30
103,39,-4,34,8,82,73,30
103,39,-4,34,8,82,74,30
104,39,-4,34,7,82,74,30
104,40,-5,34,6,82,74,31
105,40,-5,34,5,82,75,31
107,41,-5,34,4,83,76,31
108,42,-3,35,4,83,78,32
108,43,-2,36,5,82,78,34
109,45,-1,37,5,82,79,36
109,46,-1,37,5,83,76,36
109,45,-2,36,4,84,79,36
109,44,-2,36,5,86,79,35
109,44,-2,36,5,86,79,35
109,44,-1,37,5,85,76,35
109,44,-1,38,4,85,76,35
110,43,0,37,4,85,80,35
110,43,0,36,5,86,80,36
110,43,0,36,5,87,80,36
110,43,0,36,5,87,80,36
110,43,-1,37,4,88,80,34
110,43,-2,38,3,87,78,34
110,43,-1,37,3,87,80,34
110,43,0,36,3,87,80,36
110,43,0,35,4,87,80,36
110,43,0,35,5,87,80,36
111,42,0,35,5,87,81,35
112,41,0,35,4,87,81,35
112,40,1,34,3,87,84,34
110,41,1,35,3,87,80,34
109,41,0,35,3,87,79,34
109,40,0,35,5,87,79,34
110,39,-2,33,6,87,80,30
110,37,-3,32,5,87,83,29
109,37,-4,33,3,87,79,29
108,38,-5,34,2,87,78,29
108,38,-5,34,2,87,78,30
108,38,-3,33,3,87,78,29
107,36,-2,32,3,87,80,28
106,35,-1,31,2,87,79,29
104,34,-1,30,2,87,76,28
104,34,-1,30,3,87,76,28
104,34,-1,30,5,87,76,28
104,34,-2,31,6,87,76,28
104,34,-2,32,5,87,76,25
104,34,-2,33,3,87,76,25
104,34,-1,33,1,87,76,28
104,34,-1,32,0,87,76,28
104,34,-1,31,0,88,76,28
105,34,-1,30,0,87,78,28
104,34,-1,30,0,87,76,28
103,33,-2,31,0,87,76,28
102,31,-1,31,0,87,75,25
102,29,-1,31,0,87,74,23
102,28,-1,30,0,87,74,23
102,28,-1,31,0,87,74,23
102,28,-1,30,0,87,75,23
102,28,-1,30,0,87,75,23
103,28,-1,30,0,87,75,21
103,27,-1,31,0,87,75,21
102,25,-1,31,0,87,75,20
101,22,-2,30,0,87,74,18
101,20,-3,29,0,87,74,15
101,20,-3,29,0,87,74,13
101,21,-2,29,0,87,74,15
100,20,-1,30,0,88,73,15
99,18,-1,31,0,88,72,13
99,15,-2,30,0,87,72,10
100,13,-4,28,0,87,75,6
101,10,-5,27,0,87,76,4
101,9,-5,27,0,89,76,2
99,8,-5,27,0,91,75,2
98,8,-5,27,0,93,74,2
97,7,-5,27,0,92,73,1
97,5,-5,27,0,91,73,0
97,2,-5,27,0,90,73,-2
96,0,-5,27,0,91,73,-4
95,0,-4,27,0,92,72,-4
95,0,-5,27,0,93,70,-4
94,0,-6,26,0,93,70,-4
94,-1,-7,25,0,92,70,-7
94,-4,-8,24,0,92,70,-9
94,-5,-9,24,0,92,70,-10
94,-6,-9,24,0,92,70,-10
94,-5,-8,24,0,92,70,-10
94,-5,-8,24,0,92,70,-10
94,-5,-8,24,0,92,70,-10
93,-6,-9,24,0,92,69,-10
93,-6,-9,25,0,93,69,-10
93,-6,-8,24,-1,93,69,-10
94,-6,-7,23,-2,93,73,-10
96,-4,-6,21,-1,93,74,-9
97,-2,-6,20,0,93,75,-7
97,0,-6,21,0,92,75,-6
97,0,-5,23,0,92,75,-4
97,2,-4,24,0,92,75,-1
98,3,-2,24,0,92,76,0
99,5,-2,23,0,92,76,2
99,8,-3,22,0,92,76,4
100,10,-3,23,1,92,78,6
101,13,-2,23,0,92,79,9
104,17,-3,23,-1,93,81,12
106,20,-3,22,-2,93,83,15
106,21,-3,23,-2,92,83,17
105,23,-2,25,-1,91,80,18
106,25,0,27,-1,91,81,20
107,28,0,28,-1,91,81,23
108,32,0,29,0,93,83,26
108,34,0,30,0,93,80,28
108,36,0,32,1,92,80,30
108,38,2,33,0,91,80,31
110,41,4,32,0,90,84,36
111,43,4,31,-1,91,85,39
111,46,2,32,0,93,83,39
111,48,1,34,0,93,83,41
111,49,1,34,0,93,83,41
112,49,2,33,0,90,83,42
112,50,3,32,0,89,84,45
111,51,3,32,0,89,83,46
112,53,3,32,0,91,83,48
112,55,3,32,0,93,84,50
113,57,3,31,-1,93,87,51
114,57,5,31,0,91,87,51
113,57,6,31,0,89,87,51
114,56,6,31,0,89,87,51
115,55,6,31,0,90,87,50
115,54,5,31,0,92,89,48
115,52,4,30,0,93,89,46
113,50,5,30,0,93,86,46
112,50,5,30,0,92,86,45
112,49,5,30,0,92,86,43
113,47,5,30,0,92,86,42
113,45,5,30,0,92,87,40
113,43,5,30,0,92,87,39
112,40,5,30,1,92,86,36
111,38,5,30,0,92,85,34
110,36,4,29,-1,93,84,32
110,35,2,28,-2,93,84,31
110,34,1,27,-2,93,85,28
111,32,0,27,-1,93,85,26
110,31,1,27,0,93,84,28
109,29,2,27,0,93,84,25
109,27,1,27,0,93,84,21
109,25,0,28,-1,93,84,20
109,25,-1,28,0,93,84,20
109,26,-1,28,0,93,84,20
110,26,0,27,0,93,84,20
110,24,0,28,0,93,84,19
110,22,-1,28,-2,93,85,17
109,20,-3,28,-3,93,81,13
108,18,-3,28,-4,93,83,14
108,18,-1,27,-4,93,83,14
108,19,0,25,-4,93,85,14
108,19,0,25,-3,93,85,14
108,19,-3,25,-2,93,83,14
108,19,-5,26,-2,93,83,12
108,19,-5,27,-2,93,83,12
108,18,-4,27,-3,93,83,12
108,18,-3,26,-4,93,83,14
108,19,-3,25,-4,93,83,14
108,21,-3,24,-3,93,85,17
108,23,-2,24,-3,93,85,18
108,24,0,25,-3,93,85,19
108,25,0,26,-3,93,85,20
109,25,0,26,-3,93,84,20
109,27,-2,26,-4,93,84,21
108,29,-3,25,-4,94,83,23
106,29,-2,25,-3,94,81,24
105,29,-1,25,-3,94,83,23
105,28,0,24,-1,95,83,23
106,29,-1,25,-1,95,83,23
106,31,-2,25,-1,96,80,25
105,33,-2,26,-2,96,80,26
104,34,-2,26,-1,97,79,28
104,34,-2,24,0,97,81,29
104,34,-2,23,0,97,81,28
104,34,-1,23,0,96,81,28
104,33,-2,24,-2,96,81,28
103,33,-3,25,-3,96,78,28
103,33,-4,26,-4,97,78,25
103,33,-5,27,-4,98,78,25
103,33,-5,28,-3,98,78,24
101,32,-5,27,-3,97,76,24
100,32,-5,27,-2,97,75,24
100,31,-5,27,-1,97,75,23
101,30,-5,27,-2,97,76,21
102,29,-5,27,-3,97,78,21
102,28,-5,27,-3,97,78,20
101,26,-5,27,-3,97,76,18
101,24,-5,27,-3,97,75,17
101,23,-5,27,-3,97,76,15
102,21,-5,27,-3,97,78,14
103,19,-5,27,-3,97,78,12
102,17,-5,27,-2,97,78,10
101,15,-5,27,-2,97,76,8
99,13,-5,27,-2,97,75,7
98,11,-5,28,-1,97,74,4
98,10,-5,27,0,98,74,3
98,7,-4,26,0,97,74,2
98,5,-2,25,1,97,74,2
98,3,-2,24,0,97,75,0
98,2,-3,22,-1,95,75,-1
97,0,-4,21,-2,94,75,-3
96,-2,-6,20,-3,94,74,-6
95,-5,-6,20,-3,94,74,-7
94,-8,-5,21,-2,94,73,-10
94,-10,-5,20,0,94,73,-12
94,-11,-6,19,0,93,73,-15
94,-11,-8,18,-1,93,75,-15
93,-12,-9,17,-1,93,74,-17
92,-14,-9,17,-1,93,73,-18
91,-17,-9,17,0,93,73,-20
91,-18,-9,17,0,93,73,-23
91,-19,-9,17,0,92,73,-23
90,-20,-9,17,0,92,72,-24
88,-21,-9,17,0,92,69,-24
86,-21,-9,17,0,92,68,-25
86,-21,-9,17,0,92,68,-25
88,-21,-9,17,0,92,69,-24
90,-20,-9,17,0,92,72,-24
91,-18,-9,17,0,92,73,-23
90,-17,-9,17,0,92,72,-21
89,-16,-9,17,0,92,70,-20
88,-15,-9,17,0,92,70,-19
88,-15,-9,17,0,92,69,-19
89,-14,-9,17,0,92,70,-19
89,-13,-9,17,0,92,70,-17
90,-10,-10,19,0,92,69,-14
90,-8,-10,21,0,92,69,-13
92,-7,-10,22,0,93,68,-12
93,-5,-10,21,0,93,72,-9
93,-2,-11,20,0,92,72,-7
94,1,-12,19,0,91,73,-6
94,3,-12,20,0,89,73,-3
95,5,-11,22,0,88,72,-2
96,7,-10,23,0,87,72,1
97,8,-8,24,0,87,73,2
98,11,-8,24,0,88,74,4
98,13,-8,24,0,88,74,6
99,14,-9,24,0,87,74,7
99,15,-9,24,1,87,74,8
99,18,-8,24,2,87,74,10
100,20,-9,24,2,87,75,13
100,21,-9,24,1,87,75,14
100,21,-9,25,2,87,75,14
100,22,-8,25,3,87,75,14
101,24,-6,25,4,87,76,17
102,25,-4,23,5,87,79,20
103,27,-4,22,5,87,80,21
103,28,-6,22,5,87,80,20
103,27,-6,22,5,87,80,19
103,27,-5,22,5,87,80,19
103,27,-3,23,5,87,80,21
103,27,-2,23,5,87,80,21
103,27,-1,24,5,87,80,21
103,27,-1,24,5,87,80,21
103,27,-2,24,4,87,80,21
103,27,-2,24,3,87,80,21
103,27,-2,23,3,87,80,21
103,27,-1,24,3,87,80,21
103,27,-2,23,4,87,80,21
102,25,-2,23,4,87,80,20
102,24,-2,23,4,87,79,19
101,23,-2,23,3,87,79,18
102,24,-2,23,3,87,79,19
102,26,-2,23,1,87,80,20
104,26,-2,23,1,87,81,20
104,24,-2,23,1,87,81,19
105,23,-2,23,2,87,83,18
105,24,-2,23,1,87,81,19
104,25,-2,23,0,87,81,19
104,25,-2,23,0,87,81,20
104,25,-2,23,0,87,81,20
104,24,-2,23,0,87,81,19
105,23,-1,24,0,87,83,18
105,23,-2,23,0,87,83,18
105,23,-2,23,0,87,83,18
105,23,-2,23,0,87,83,18
105,23,-1,24,0,87,83,18
105,23,-1,24,0,87,83,18
105,23,-2,23,0,87,83,18
105,23,-3,23,0,87,83,18
105,23,-3,22,0,87,83,18
105,23,-3,23,0,87,83,18
105,23,-2,23,0,88,83,18
105,23,-1,24,0,88,83,18
105,23,-1,24,0,88,83,18
105,23,-2,23,0,87,83,18
105,23,-2,23,0,87,81,18
104,22,-2,24,0,88,81,18
104,21,-2,23,0,89,81,15
104,18,-2,23,0,90,81,14
104,17,-1,24,0,90,81,13
104,16,-2,24,0,90,81,12
104,16,-2,24,0,90,81,12
104,15,-3,23,0,90,81,10
103,14,-2,21,0,88,80,10
101,14,0,20,0,88,81,12
101,12,0,20,0,89,80,10
101,11,0,19,0,91,80,9
102,10,0,19,0,91,81,8
102,9,0,19,0,89,81,7
102,10,0,19,0,88,81,8
102,10,0,19,0,88,81,8
102,10,0,18,0,89,81,8
101,10,0,18,0,89,81,8
101,9,0,18,0,89,80,7
100,9,-2,18,0,90,80,4
101,9,-3,18,0,90,80,6
101,10,-3,18,0,90,81,6
102,10,-2,19,0,89,81,6
102,9,-1,20,0,89,83,6
102,10,0,21,0,89,81,6
101,11,0,22,0,89,79,7
100,12,-1,23,0,90,78,8
100,14,-1,24,0,91,78,9
100,15,-2,24,0,90,78,10
102,16,-2,24,0,89,80,12
104,16,-2,23,0,89,81,12
104,16,-1,24,0,91,81,12
104,16,-2,23,0,92,81,12
103,16,-2,24,0,93,80,12
103,16,-2,23,0,91,80,12
104,17,-1,24,0,90,81,12
104,17,-2,23,0,91,81,13
105,17,-2,23,0,92,83,13
105,17,-2,23,0,93,83,13
104,16,-1,24,0,93,81,12
104,16,-1,24,0,93,81,12
103,16,-2,23,-1,93,80,12
102,16,-3,23,0,93,80,12
101,14,-4,21,0,92,79,10
101,13,-5,20,0,92,78,9
101,11,-6,20,0,93,78,7
101,9,-5,20,-2,93,78,6
100,7,-5,20,-2,93,78,3
99,3,-5,21,-1,93,76,0
98,0,-5,20,0,93,76,-2
97,-3,-7,19,0,93,78,-8
95,-7,-8,18,-1,93,76,-12
93,-10,-9,17,-1,93,74,-14
92,-14,-9,17,-1,93,73,-18
90,-18,-9,17,-3,93,72,-21
89,-21,-10,16,-4,93,70,-25
88,-25,-11,14,-4,93,69,-28
87,-28,-12,14,-2,93,69,-31
86,-32,-13,14,0,93,68,-34
84,-36,-13,14,0,92,67,-37
82,-39,-14,13,0,92,64,-41
81,-43,-15,11,0,93,65,-47
80,-46,-16,10,-1,93,65,-50
80,-50,-16,10,0,93,64,-53
79,-53,-16,10,0,93,64,-57
78,-57,-16,10,0,92,63,-59
77,-60,-17,10,0,93,63,-62
77,-61,-19,8,0,93,63,-64
78,-63,-20,7,0,92,63,-65
77,-65,-20,7,0,91,63,-67
76,-67,-20,7,0,90,62,-69
76,-69,-20,7,0,91,62,-72
77,-71,-20,7,0,92,62,-73
77,-72,-20,7,0,93,63,-74
78,-73,-20,7,0,93,63,-74
78,-73,-20,7,0,93,63,-74
78,-72,-20,7,0,92,63,-74
78,-71,-19,8,0,91,64,-73
79,-68,-18,9,0,89,64,-69
79,-66,-17,10,0,88,64,-68
80,-63,-18,9,0,87,65,-65
80,-61,-17,10,0,87,65,-63
82,-58,-17,10,0,88,67,-61
83,-56,-16,10,0,88,68,-59
85,-53,-15,9,0,87,69,-56
85,-49,-14,9,0,87,70,-51
85,-45,-14,10,0,87,69,-47
86,-41,-13,11,0,87,70,-42
86,-37,-12,13,0,87,70,-39
87,-32,-11,13,0,87,72,-35
89,-28,-10,13,0,88,73,-31
90,-23,-10,14,0,88,74,-26
91,-18,-9,14,1,87,73,-23
92,-14,-8,14,1,86,73,-19
93,-10,-7,14,1,85,76,-12
94,-6,-6,14,2,85,78,-8
95,-1,-5,14,3,85,78,-4
97,3,-5,14,4,85,79,0
98,7,-5,14,5,84,80,3
99,12,-5,14,5,83,81,8
100,16,-4,15,4,83,83,12
101,19,-3,15,4,83,83,14
102,21,-2,16,4,83,84,17
103,23,-2,17,5,83,85,18
104,25,-3,18,5,83,83,20
104,28,-3,20,5,82,84,23
105,30,-2,21,5,82,84,25
106,33,0,21,5,82,85,30
108,36,0,21,5,82,86,32
108,36,0,21,5,82,87,32
108,36,0,21,5,82,87,32
109,36,0,21,5,82,87,32
108,36,0,21,5,82,87,32
108,36,1,21,4,83,87,32
108,36,2,21,4,83,87,32
109,37,2,21,5,82,87,32
109,37,1,20,5,82,87,34
110,37,0,20,5,82,89,34
111,36,0,20,4,83,89,31
111,33,0,20,3,83,89,30
111,32,1,20,3,83,90,29
111,32,1,20,3,83,90,29
111,32,1,20,4,83,90,29
111,31,1,20,5,82,89,28
110,28,0,20,5,82,89,25
110,24,0,20,4,83,89,21
111,22,0,18,3,83,90,19
111,21,0,17,1,83,91,18
109,20,0,15,1,83,91,18
108,18,0,14,3,83,91,17
107,17,0,14,4,83,89,14
106,14,0,14,5,82,87,12
106,12,0,14,5,82,87,10
106,11,0,14,5,82,90,9
105,11,0,13,5,82,89,9
103,10,0,13,4,83,87,9
102,10,0,13,3,83,86,8
101,10,0,13,3,83,86,8
102,10,0,13,3,83,86,8
102,10,0,12,4,83,86,8
102,10,0,12,5,82,86,8
102,9,0,12,5,82,86,8
102,9,0,11,5,82,86,8
102,10,-1,11,4,83,86,8
101,10,-1,11,4,83,85,9
101,11,0,12,5,82,85,9
100,12,0,13,5,82,85,10
100,13,1,14,5,82,84,10
99,14,0,13,5,82,84,12
99,14,0,12,5,82,84,12
99,14,-1,11,5,82,84,12
99,14,-1,11,5,82,84,12
99,14,0,12,5,82,84,12
99,14,0,14,5,82,81,12
99,14,-1,15,5,82,81,12
99,14,-3,15,5,82,81,9
99,14,-5,15,5,82,81,9
99,14,-4,15,5,82,81,9
99,14,-3,15,5,82,81,9
100,14,-3,15,5,82,83,9
100,13,-4,15,5,82,83,8
99,10,-6,14,5,82,81,7
99,8,-6,13,5,82,81,4
99,5,-6,13,5,82,81,2
99,4,-6,14,5,82,81,1
100,3,-6,14,5,82,83,0
99,2,-6,14,5,82,81,-1
98,0,-6,13,5,82,80,-2
98,-1,-6,13,5,82,80,-4
99,-4,-6,13,5,82,81,-7
99,-7,-6,14,5,82,81,-9
98,-9,-5,14,5,82,81,-10
98,-11,-6,13,5,82,81,-13
98,-13,-7,12,5,82,81,-14
98,-14,-8,11,5,82,80,-15
97,-15,-9,10,5,82,79,-19
97,-18,-10,10,5,82,80,-21
97,-19,-9,10,5,82,81,-20
96,-21,-8,10,5,82,81,-23
95,-22,-6,8,5,82,80,-24
94,-23,-5,8,5,82,79,-24
93,-23,-4,7,5,82,81,-21
93,-23,-4,8,5,82,81,-21
93,-23,-5,7,5,82,81,-24
94,-23,-6,7,5,82,81,-24
95,-22,-6,7,5,82,83,-23
96,-21,-5,8,4,83,81,-23
97,-20,-4,9,5,82,83,-19
96,-17,-3,9,5,82,81,-17
96,-14,-3,8,5,82,84,-14
96,-12,-2,7,4,83,84,-12
97,-10,-2,8,4,83,84,-9
97,-7,-2,10,5,82,83,-8
98,-5,-2,10,7,82,83,-6
99,-1,-3,10,8,82,84,-2
100,1,-3,9,8,82,84,1
100,4,-3,10,6,82,84,3
99,7,-1,10,5,83,84,6
100,10,0,12,6,83,85,8
101,13,0,13,6,82,85,12
102,17,0,13,5,81,86,14
103,20,0,13,5,80,87,18
104,23,0,13,6,79,87,20
104,27,1,14,8,79,87,24
105,30,2,14,9,79,89,26
106,33,3,15,8,81,90,31
108,36,3,15,8,82,89,34
109,39,4,16,8,83,90,36
110,41,4,16,9,83,91,39
110,43,4,16,10,82,91,41
111,45,4,16,9,80,91,43
112,48,4,16,9,79,92,46
113,50,3,16,9,79,93,47
115,52,4,16,9,81,95,50
116,53,5,17,9,82,96,50
116,52,7,19,9,82,96,50
116,52,7,19,9,81,96,48
117,52,8,20,9,81,97,50
116,54,8,20,9,80,96,51
115,56,7,19,9,79,96,52
115,57,7,19,9,79,95,54
115,58,7,19,9,79,95,54
116,58,8,20,9,80,96,54
117,57,7,19,9,80,97,53
117,54,7,19,9,80,97,51
116,52,8,20,9,81,96,50
116,52,7,19,10,81,96,50
115,52,7,19,9,81,96,50
116,52,7,19,8,81,96,50
117,51,8,20,6,81,97,48
118,50,8,20,5,82,98,47
119,48,7,19,4,83,98,46
117,47,7,19,4,83,97,45
116,46,6,18,5,82,96,43
115,45,7,19,5,82,96,42
116,42,7,19,5,82,96,40
115,40,8,20,4,83,96,39
114,39,8,20,5,82,95,37
113,39,8,18,5,82,93,37
112,39,8,18,5,82,93,37
113,37,7,17,5,82,93,36
114,35,5,17,5,82,95,34
113,34,5,18,5,82,93,32
113,33,5,18,5,82,93,32
112,33,5,17,5,82,93,31
112,31,5,17,5,82,92,30
111,28,4,17,4,83,92,28
111,26,4,16,4,83,91,25
110,25,4,16,5,83,91,24
109,25,4,16,5,82,90,24
108,25,4,16,5,82,90,24
108,25,3,16,4,83,89,24
107,24,3,15,3,84,89,24
106,23,3,15,3,85,87,23
105,23,3,15,3,85,87,23
105,23,3,15,4,85,89,23
105,23,2,14,4,85,89,20
105,23,0,13,3,86,89,20
105,23,0,13,3,87,89,20
106,21,0,13,3,88,90,19
107,20,0,13,3,88,91,18
108,19,0,13,2,87,91,17
107,20,0,14,2,87,91,18
105,21,0,14,1,87,87,19
104,22,0,14,1,87,86,19
104,21,0,14,2,87,86,19
105,21,0,13,2,87,89,18
106,21,0,13,3,87,90,19
106,23,0,14,2,87,87,20
105,23,0,14,1,88,87,20
105,23,0,14,0,88,87,20
105,23,0,13,0,87,89,20
105,23,0,13,0,87,89,20
105,23,0,13,0,88,89,20
105,23,0,13,0,89,89,20
107,24,0,13,0,91,90,20
108,25,0,13,0,91,91,21
109,25,0,13,0,90,92,23
109,26,0,13,0,87,92,24
109,27,0,13,0,87,92,24
109,28,0,13,0,87,92,25
109,30,0,13,0,89,92,26
110,31,0,13,0,90,92,28
110,32,0,13,0,91,93,29
110,33,0,13,0,91,92,30
109,35,0,13,0,91,92,31
110,37,0,13,0,90,93,34
112,38,1,14,0,89,95,34
113,39,3,15,0,88,93,37
113,39,4,16,0,89,93,37
112,40,4,17,0,91,92,39
111,42,4,17,0,93,91,40
112,44,4,15,0,93,95,41
113,45,4,14,0,91,96,43
114,46,4,13,0,90,97,43
115,46,5,14,0,90,97,43
115,46,4,15,0,90,97,43
114,46,4,16,0,91,95,43
114,45,3,16,0,91,95,43
115,46,4,14,0,92,97,43
115,46,5,13,0,93,97,43
114,46,5,12,0,93,97,43
114,46,3,12,0,93,96,43
115,45,3,13,0,92,97,42
117,45,4,14,0,91,98,43
119,46,6,13,0,91,101,43
119,47,6,12,-1,92,103,45
118,47,6,11,0,93,102,45
117,47,6,11,0,93,101,45
116,47,7,13,0,92,98,45
116,46,7,13,0,91,98,46
118,47,7,13,-3,91,102,47
119,48,7,13,-3,92,101,48
119,48,7,13,-3,93,101,46
119,48,6,14,-2,93,101,46
119,48,6,14,-2,93,101,45
118,48,5,15,-3,93,101,46
118,50,6,14,-4,93,100,47
118,52,6,14,-4,93,100,48
119,54,7,13,-3,93,101,53
120,55,7,13,-3,93,104,54
120,55,7,13,-3,93,104,54
119,56,7,13,-4,93,101,53
119,58,6,14,-3,93,101,54
118,60,5,15,-3,93,100,56
119,60,5,17,-3,93,100,57
120,60,7,19,-3,93,100,57
121,61,8,20,-3,93,101,57
121,62,8,20,-3,93,101,58
120,65,6,18,-3,93,100,61
120,66,5,17,-3,92,100,62
119,66,5,18,-3,93,98,62
119,66,6,18,-3,94,98,62
119,67,7,19,-3,96,98,63
119,68,6,18,-3,97,98,63
119,67,6,18,-3,98,98,63
119,66,6,18,-3,98,98,62
119,65,5,18,-3,97,98,61
120,66,5,18,-3,97,100,62
119,66,5,17,-3,97,98,62
119,65,5,17,-3,97,98,62
119,64,5,17,-3,97,98,61
119,61,4,17,-3,97,98,58
118,59,3,17,-3,97,97,53
117,57,3,18,-3,97,97,51
116,54,3,17,-3,97,96,48
116,52,3,17,-5,98,96,50
117,51,4,16,-7,98,97,48
118,50,4,17,-8,98,97,47
117,47,4,16,-8,98,97,45
117,45,3,16,-7,98,97,43
117,43,1,14,-6,98,100,39
117,40,0,13,-7,99,100,36
117,38,0,13,-8,100,100,34
116,35,0,13,-8,100,98,31
115,32,0,13,-8,98,98,29
114,30,0,13,-8,97,97,26
113,28,0,13,-8,97,96,25
112,27,0,13,-8,98,95,24
111,26,0,14,-8,100,93,24
110,24,0,13,-8,101,93,21
110,22,0,11,-8,101,93,19
110,20,0,8,-8,101,96,20
110,19,0,7,-8,102,95,19
109,19,0,6,-8,102,97,19
108,19,0,6,-8,101,93,19
108,19,0,6,-8,101,93,19
108,19,0,7,-8,102,93,19
108,19,1,7,-8,102,93,19
108,18,1,7,-8,101,93,18
108,19,1,7,-8,101,93,19
106,20,0,7,-8,101,92,20
106,22,1,7,-8,102,92,21
106,24,2,8,-8,103,92,23
108,25,3,8,-8,103,93,24
109,26,2,8,-8,102,95,25
109,27,2,8,-8,101,95,26
108,28,2,8,-8,101,93,28
107,29,3,8,-8,102,92,28
107,30,3,9,-8,102,92,29
108,32,4,10,-8,101,93,31
108,34,3,9,-8,100,93,32
108,36,3,10,-8,99,93,35
109,36,4,10,-8,101,95,35
110,37,5,10,-8,103,95,36
110,39,5,11,-8,103,96,37
111,42,5,10,-8,103,96,40
112,44,3,10,-8,103,97,42
113,45,2,10,-8,103,98,43
114,46,2,11,-8,103,96,43
114,46,3,12,-8,103,97,43
115,45,5,13,-8,103,97,43
116,45,6,12,-9,104,101,42
117,45,7,11,-10,105,102,45
116,45,6,10,-9,104,101,42
115,45,5,10,-8,103,100,43
114,46,5,10,-8,103,98,43
114,46,5,10,-8,103,98,43
114,46,5,11,-8,103,98,43
115,46,5,13,-8,103,97,43
115,46,5,15,-8,103,97,43
114,45,5,15,-8,103,97,43
114,45,5,15,-8,103,97,43
114,46,3,14,-8,103,97,43
114,46,2,14,-8,103,96,41
114,45,1,14,-8,103,97,41
115,44,3,13,-8,103,97,42
116,43,3,11,-8,103,98,41
117,41,3,11,-8,103,101,40
117,41,1,11,-8,103,100,39
117,41,0,13,-8,103,100,37
117,41,0,14,-8,103,100,37
117,41,0,13,-8,103,100,37
117,41,0,13,-8,103,100,37
117,42,0,13,-8,103,100,37
116,43,0,13,-8,103,98,39
115,44,1,14,-8,103,97,40
114,45,3,16,-9,103,95,43
115,47,4,16,-10,103,96,45
117,47,4,17,-10,103,97,45
119,48,4,16,-10,103,98,46
119,48,5,15,-9,103,101,45
119,48,5,15,-10,103,101,46
118,49,5,15,-11,103,100,47
118,52,6,15,-13,103,100,48
119,54,6,14,-13,103,101,51
120,55,7,13,-13,103,102,52
120,55,6,14,-13,103,102,52
120,54,6,14,-12,103,102,52
120,56,6,14,-11,103,102,53
119,58,7,13,-11,103,101,54
119,60,7,13,-11,103,101,58
120,61,7,13,-12,103,104,59
121,61,7,13,-13,103,104,59
122,61,7,13,-13,103,103,58
122,61,6,12,-13,103,106,58
122,61,5,11,-12,103,106,58
121,61,5,11,-11,103,104,58
120,60,6,11,-11,103,104,57
119,60,6,12,-11,103,103,56
119,60,6,11,-11,103,103,56
119,60,5,11,-11,103,103,57
119,60,5,10,-11,103,103,57
119,60,5,10,-12,103,103,56
119,58,4,10,-13,103,103,54
119,56,4,10,-13,103,103,52
119,54,3,9,-13,103,103,51
118,53,3,9,-13,103,102,50
116,52,3,9,-11,103,101,50
114,51,4,10,-10,103,98,48
114,50,3,9,-10,103,98,47
114,47,3,9,-11,103,98,45
115,44,4,10,-12,103,100,42
115,42,4,10,-11,103,100,40
114,40,3,9,-9,103,98,39
114,38,2,9,-8,103,98,36
115,36,1,7,-9,103,100,35
115,33,0,7,-11,104,100,31
114,30,0,6,-11,104,100,29
113,28,0,6,-10,104,100,26
111,26,0,7,-8,104,96,25
109,25,0,8,-8,105,95,23
108,23,-1,9,-9,106,93,20
108,21,-1,8,-10,107,93,18
108,19,-1,7,-10,106,93,17
108,19,-2,6,-9,105,93,17
108,18,-3,7,-10,104,93,17
108,17,-5,7,-11,103,93,14
107,15,-5,6,-12,103,92,13
105,13,-5,5,-12,103,91,12
104,13,-5,5,-12,103,91,12
104,13,-6,6,-10,103,91,8
104,11,-6,7,-10,103,90,8
104,10,-6,7,-10,103,90,7
103,10,-6,6,-11,103,90,6
102,10,-6,6,-13,103,89,6
102,9,-6,6,-13,103,89,6
101,10,-6,7,-13,103,87,6
101,11,-6,7,-13,103,87,7
101,11,-6,6,-12,103,87,8
101,11,-7,5,-11,103,87,7
101,10,-8,4,-10,103,87,6
102,9,-9,4,-10,103,89,6
102,9,-8,4,-11,103,89,6
102,10,-9,4,-11,103,89,6
102,10,-9,3,-10,103,89,6
102,10,-10,3,-8,103,89,6
102,10,-10,3,-9,103,89,6
102,10,-10,3,-11,103,89,6
101,9,-10,3,-13,103,87,6
101,9,-10,3,-13,103,87,4
100,9,-10,3,-13,103,87,6
101,9,-9,4,-13,103,87,6
100,8,-8,5,-12,103,87,4
100,7,-8,5,-11,103,86,3
100,4,-8,5,-11,103,86,1
100,3,-9,4,-11,103,86,0
100,2,-10,3,-12,103,87,0
101,2,-10,3,-13,103,87,-1
102,0,-10,3,-13,103,89,-2
103,0,-10,3,-13,103,89,-3
103,-1,-9,3,-13,103,90,-3
103,0,-8,2,-13,103,92,-3
103,0,-8,1,-13,103,91,-3
101,-1,-7,0,-13,103,90,-2
100,-2,-7,0,-13,103,89,-2
99,-3,-6,0,-13,103,87,-3
98,-3,-6,0,-13,103,87,-3
98,-3,-6,0,-13,103,87,-3
98,-3,-7,0,-13,103,87,-3
98,-3,-7,1,-13,103,87,-3
99,-3,-8,1,-13,103,87,-6
100,-2,-7,1,-13,103,89,-2
101,-1,-7,0,-13,103,90,-2
102,-1,-6,0,-13,103,91,-2
101,-1,-6,0,-13,103,90,-2
102,-1,-6,0,-13,103,91,-1
102,-1,-7,0,-13,103,91,-1
103,0,-7,0,-13,103,91,-1
103,-1,-6,0,-13,103,92,-1
104,0,-6,0,-13,103,92,0
104,2,-6,0,-13,103,93,1
105,4,-7,0,-13,103,93,3
105,6,-7,0,-13,103,93,4
104,5,-6,0,-13,103,92,4
104,5,-5,0,-13,103,92,4
104,7,-4,2,-13,103,92,6
104,9,-3,3,-13,103,92,8
104,11,-3,3,-13,103,92,9
106,12,-3,3,-13,103,93,10
108,13,-2,3,-12,103,96,12
108,15,-2,3,-11,103,96,13
108,18,-1,4,-11,103,96,15
108,19,-2,4,-11,103,96,17
108,19,-1,4,-12,103,96,17
108,19,0,5,-13,103,96,17
108,21,0,6,-13,103,93,20
109,23,0,7,-13,103,95,23
109,25,0,6,-13,103,95,25
109,26,0,6,-13,103,95,25
109,26,0,6,-12,103,95,25
111,26,0,6,-12,103,96,25
112,27,0,6,-11,103,97,26
113,28,0,6,-11,103,98,28
113,30,0,6,-11,103,98,29
112,31,0,6,-12,103,97,30
111,32,0,6,-12,103,96,31
111,32,0,6,-11,103,96,31
111,32,0,6,-9,103,96,31
110,33,0,6,-8,103,96,31
110,34,0,6,-9,103,95,32
110,35,0,6,-10,103,95,34
110,36,0,6,-11,103,96,35
110,37,0,6,-12,103,96,36
110,37,0,6,-12,103,95,36
109,37,0,6,-12,103,93,35
108,36,0,6,-12,103,93,35
109,35,0,6,-11,103,95,34
109,35,0,7,-11,103,95,34
110,34,0,6,-11,103,96,32
111,33,0,5,-11,103,98,30
111,32,-2,4,-12,103,98,29
110,32,-2,3,-13,103,97,29
108,30,-2,3,-13,103,96,28
108,28,-1,4,-11,103,96,25
108,27,-1,4,-11,103,96,24
108,25,-2,3,-11,103,96,23
107,23,-3,3,-12,103,95,20
106,22,-3,3,-13,103,95,19
107,20,-3,3,-13,103,95,18
106,18,-3,3,-13,103,95,17
104,17,-3,3,-12,103,92,15
104,16,-3,3,-11,103,92,14
104,15,-3,3,-11,103,92,13
105,14,-3,3,-11,103,93,12
105,12,-3,3,-12,103,93,10
103,10,-3,3,-13,103,92,8
103,8,-4,2,-13,103,91,7
104,7,-4,2,-13,103,92,6
104,6,-4,2,-13,103,93,4
104,6,-4,1,-13,103,93,4
103,5,-5,1,-13,103,92,3
102,2,-6,0,-13,103,91,2
102,0,-7,0,-13,103,91,0
102,0,-7,0,-13,103,91,-1
103,0,-6,0,-13,103,91,-1
103,0,-6,0,-13,103,91,-1
103,0,-7,0,-13,103,92,-1
103,-1,-7,0,-13,103,92,-2
104,-2,-6,0,-13,103,92,-3
104,-3,-6,0,-13,103,92,-3
104,-4,-6,0,-13,103,93,-4
105,-4,-7,0,-13,103,93,-4
105,-5,-7,0,-13,103,93,-4
105,-5,-8,-1,-13,103,96,-4
105,-4,-7,0,-13,103,93,-4
105,-4,-7,0,-13,103,93,-4
104,-5,-6,0,-13,103,92,-6
102,-7,-6,0,-13,103,91,-7
102,-7,-7,0,-13,103,91,-7
104,-5,-7,0,-13,103,92,-6
104,-3,-7,0,-13,103,93,-3
104,-1,-7,0,-13,103,92,-2
103,0,-7,0,-13,103,91,-1
102,0,-7,0,-13,103,91,-1
102,0,-6,0,-13,103,91,-1
103,-1,-5,0,-13,103,93,-1
104,0,-5,0,-13,103,95,-1
105,2,-5,0,-13,103,96,1
105,4,-5,-1,-13,103,96,3
105,6,-4,-2,-13,103,96,4
104,5,-3,-3,-13,103,95,4
104,5,-4,-2,-13,103,95,4
104,5,-5,0,-13,103,95,4
105,7,-6,0,-13,103,96,6
106,10,-5,-2,-13,103,96,9
106,12,-3,-3,-13,103,96,13
106,13,-2,-3,-13,103,98,13
106,12,-2,-2,-13,103,96,13
106,12,-1,-1,-13,103,96,13
106,12,0,0,-13,103,96,13
106,12,0,0,-13,103,96,13
106,12,0,0,-13,103,96,13
106,12,0,0,-13,103,97,13
107,13,0,0,-13,103,97,13
108,13,-1,1,-13,103,98,14
107,13,-2,1,-13,103,96,12
106,12,-2,2,-13,103,95,10
106,12,-3,3,-13,103,93,10
106,12,-3,3,-13,103,95,10
107,13,-3,3,-13,103,96,12
108,13,-3,3,-13,103,96,12
107,13,-3,3,-13,103,96,12
107,12,-4,2,-13,103,95,10
106,12,-4,2,-13,103,93,10
106,12,-4,2,-13,103,93,10
106,12,-4,1,-13,103,95,10
106,12,-5,0,-13,103,95,10
106,12,-6,0,-13,103,95,10
106,10,-6,0,-13,103,93,8
104,9,-5,1,-13,103,92,8
103,9,-5,0,-13,103,91,7
102,9,-6,0,-13,103,90,8
102,9,-7,0,-13,103,91,7
103,7,-7,0,-13,103,92,6
104,5,-6,0,-13,103,92,4
105,5,-6,0,-13,103,93,4
105,6,-6,0,-13,103,93,4
104,6,-7,0,-13,103,92,4
103,5,-6,0,-13,103,92,3
102,2,-6,0,-13,103,91,2
102,0,-7,0,-13,103,91,0
102,-1,-7,0,-13,103,91,-1
103,-1,-7,0,-13,103,92,-1
103,0,-7,0,-12,104,91,-1
103,0,-7,0,-10,103,91,-1
103,0,-6,0,-10,101,91,-1
102,-2,-7,0,-10,100,91,-3
101,-5,-7,-1,-10,100,92,-6
101,-7,-7,-3,-11,101,92,-7
101,-7,-7,-4,-11,101,92,-7
101,-7,-7,-5,-12,100,95,-7
101,-7,-6,-5,-12,100,95,-7
102,-8,-6,-6,-12,100,95,-8
103,-10,-5,-6,-12,101,96,-9
104,-11,-5,-5,-12,101,97,-10
104,-12,-6,-5,-12,100,97,-12
104,-13,-7,-5,-11,98,97,-13
104,-15,-8,-5,-10,98,97,-14
104,-17,-8,-5,-8,98,97,-15
103,-18,-7,-6,-8,99,96,-17
102,-18,-7,-6,-8,100,96,-17
101,-18,-7,-6,-8,99,95,-17
101,-18,-7,-6,-8,98,95,-17
102,-20,-7,-6,-8,98,95,-19
102,-22,-7,-6,-8,98,96,-20
102,-24,-7,-6,-8,98,96,-21
101,-25,-7,-6,-8,98,95,-23
101,-24,-7,-6,-8,98,95,-23
100,-25,-7,-6,-8,98,93,-23
100,-25,-7,-6,-8,98,93,-23
99,-26,-7,-6,-8,98,93,-25
98,-28,-7,-7,-8,98,92,-26
98,-29,-8,-7,-8,98,92,-28
98,-30,-8,-7,-8,98,92,-29
98,-32,-8,-7,-8,98,92,-29
98,-32,-7,-7,-8,98,92,-30
97,-32,-8,-7,-8,98,91,-30
96,-33,-9,-6,-8,98,90,-30
95,-33,-10,-7,-8,98,90,-30
95,-34,-10,-8,-8,98,89,-31
95,-35,-10,-9,-8,97,90,-32
96,-36,-10,-10,-8,97,92,-34
96,-37,-10,-10,-8,96,92,-34
97,-37,-10,-9,-8,96,91,-35
96,-37,-10,-9,-9,97,91,-34
96,-36,-10,-9,-8,96,90,-34
95,-35,-10,-10,-8,95,91,-32
95,-34,-10,-9,-8,94,89,-31
94,-33,-10,-9,-9,94,89,-31
94,-34,-10,-9,-9,95,89,-31
94,-34,-10,-10,-8,96,89,-32
94,-34,-10,-9,-7,96,89,-32
94,-32,-10,-9,-7,96,89,-30
94,-30,-10,-9,-6,95,89,-28
95,-28,-10,-10,-5,94,89,-26
96,-27,-11,-10,-4,93,90,-25
96,-27,-10,-9,-3,93,90,-25
96,-27,-9,-8,-3,92,90,-25
97,-25,-8,-7,-4,93,91,-24
97,-23,-7,-7,-4,93,91,-21
97,-21,-8,-7,-4,94,91,-19
97,-18,-8,-7,-3,94,91,-18
97,-17,-8,-7,-3,94,91,-15
98,-15,-7,-7,-3,93,91,-14
99,-14,-7,-6,-3,94,92,-13
100,-11,-7,-6,-3,94,93,-10
101,-9,-6,-5,-3,94,93,-9
101,-7,-4,-4,-3,93,95,-7
101,-7,-3,-3,-3,93,92,-7
101,-7,-3,-3,-3,93,92,-4
101,-5,-3,-3,-3,93,92,-3
102,-3,-3,-3,-3,93,92,-3
103,-1,-3,-3,-3,93,93,-1
104,0,-3,-3,-3,93,95,0
105,2,-3,-3,-3,93,96,3
105,4,-3,-2,-3,93,96,6
105,5,-2,-1,-3,93,96,6
104,6,-1,-1,-3,93,95,7
103,7,-1,-1,-3,93,93,8
104,9,-2,-1,-3,93,95,9
105,11,-2,-1,-3,93,96,12
106,12,-1,-1,-3,93,97,13
106,12,0,0,-3,93,97,13
105,13,0,0,-3,93,96,14
104,14,0,0,-3,93,95,15
104,16,0,0,-3,93,95,17
104,18,0,0,-3,93,95,18
106,18,0,0,-3,93,97,18
108,18,0,0,-3,93,98,19
108,19,0,0,-3,93,98,19
107,19,0,0,-3,93,97,19
107,20,0,0,-3,93,97,19
107,20,0,0,-3,93,97,20
108,20,-1,-1,-3,93,98,20
110,21,-1,-1,-3,93,100,20
109,21,0,0,-3,93,100,21
108,21,0,0,-3,93,98,21
107,22,0,-1,-3,93,97,21
108,21,-2,-2,-3,93,98,21
110,21,-3,-3,-3,93,100,21
112,21,-3,-2,-3,93,101,21
111,21,-2,-2,-3,93,101,20
111,20,-1,-3,-3,93,103,20
110,19,-1,-4,-4,93,102,19
109,18,-1,-5,-4,93,101,18
108,18,-2,-5,-3,93,101,18
108,18,-2,-4,-3,93,101,18
109,17,-3,-3,-3,93,101,17
110,16,-3,-3,-4,93,100,14
110,15,-3,-3,-5,93,101,13
109,14,-3,-3,-6,93,101,14
107,13,-2,-4,-5,93,100,13
106,12,-2,-4,-4,93,98,13
106,11,-1,-5,-3,93,98,12
108,9,0,-6,-3,93,101,10
109,8,-1,-5,-4,93,101,9
109,8,-2,-4,-5,93,101,9
108,7,-3,-3,-6,93,100,8
106,5,-3,-3,-5,93,100,7
106,3,-2,-4,-4,93,98,4
106,1,-2,-4,-3,93,100,3
107,1,-2,-4,-3,93,100,2
107,1,-2,-4,-3,93,100,3
107,1,-2,-4,-3,93,100,3
107,1,-2,-4,-4,93,100,3
107,1,-3,-3,-5,93,100,3
107,1,-3,-3,-5,94,97,2
106,1,-3,-3,-6,95,96,2
105,0,-3,-3,-6,94,96,2
106,1,-3,-3,-5,94,98,2
106,1,-3,-3,-5,94,100,3
106,1,-3,-3,-4,94,97,2
105,0,-3,-3,-3,94,96,0
106,1,-3,-3,-3,93,96,0
106,1,-3,-3,-3,93,97,3
107,1,-3,-3,-4,93,97,3
107,1,-3,-3,-4,93,97,3
107,1,-3,-3,-3,93,100,3
107,1,-4,-4,-3,93,100,1
107,1,-5,-4,-3,93,100,1
106,1,-4,-4,-3,93,100,1
107,1,-3,-3,-3,93,100,3
108,2,-3,-3,-3,93,98,3
110,3,-3,-3,-3,93,100,4
111,5,-3,-3,-3,93,101,7
110,7,-3,-3,-3,93,100,6
108,8,-3,-3,-3,93,98,7
108,8,-3,-3,-3,93,98,9
108,8,-3,-3,-3,93,98,9
110,8,-3,-3,-3,93,100,9
112,10,-3,-3,-3,93,102,10
113,10,-3,-3,-3,93,102,9
113,10,-3,-3,-3,93,106,12
113,10,-3,-3,-3,93,104,12
112,11,-3,-2,-3,93,102,12
112,12,-2,-1,-3,93,101,13
111,13,-1,-1,-3,93,101,13
112,12,-1,-2,-3,93,101,13
112,11,-1,-3,-3,93,104,12
112,10,-2,-4,-3,93,104,12
113,10,-2,-4,-3,93,104,10
113,10,-3,-3,-3,93,104,10
113,10,-3,-3,-3,93,104,12
113,11,-2,-4,-4,91,104,12
112,11,-1,-5,-4,90,104,12
112,10,-1,-6,-4,90,103,10
111,7,-1,-5,-4,91,103,8
111,5,-1,-5,-4,91,103,7
111,3,-1,-6,-4,91,103,4
111,3,0,-7,-4,90,106,4
111,4,0,-7,-4,90,106,6
111,4,0,-7,-4,90,106,6
111,4,-1,-6,-4,91,103,6
111,4,-1,-5,-4,92,103,6
112,4,-1,-6,-3,92,103,6
111,4,0,-6,-4,91,106,6
110,3,0,-7,-4,90,104,4
108,2,0,-7,-4,88,103,3
107,1,0,-7,-4,87,102,3
107,1,0,-7,-4,87,102,3
107,1,0,-7,-4,88,102,3
107,1,0,-7,-4,88,102,3
107,1,0,-7,-4,89,102,3
107,1,0,-7,-4,90,102,3
108,2,0,-7,-4,89,103,3
110,3,0,-7,-4,88,104,4
112,3,0,-7,-4,87,106,4
111,4,0,-7,-4,87,106,6
110,5,0,-7,-4,88,104,7
109,7,0,-7,-4,90,104,8
110,8,0,-7,-4,90,104,9
111,10,0,-7,-4,89,106,10
112,12,0,-7,-4,88,107,13
112,14,0,-7,-4,87,107,14
113,16,0,-6,-4,88,107,17
114,18,0,-5,-4,89,108,20
115,19,1,-5,-4,90,107,21
116,21,2,-4,-4,89,107,24
115,24,3,-3,-4,89,107,25
115,26,3,-3,-4,89,107,28
116,28,3,-3,-4,90,107,29
117,29,3,-3,-4,91,108,30
117,31,3,-3,-4,92,108,32
117,32,3,-3,-3,93,108,34
117,34,3,-3,-3,93,108,35
118,36,2,-3,-4,92,109,37
119,39,3,-3,-4,90,109,40
119,41,4,-2,-4,90,109,42
119,42,5,-1,-4,90,109,42
119,43,6,0,-4,92,111,43
120,43,6,-1,-3,93,111,43
121,44,5,-1,-3,93,112,43
121,45,6,-1,-4,92,112,46
119,46,6,0,-4,91,111,47
119,47,5,-1,-4,91,111,47
119,47,4,-2,-4,91,111,47
120,46,4,-2,-4,90,111,46
119,44,3,-3,-4,89,111,43
118,42,3,-3,-4,90,109,42
117,41,3,-3,-4,91,108,42
117,41,4,-2,-4,91,108,42
117,41,4,-2,-4,91,108,41
116,39,4,-2,-4,91,108,40
116,37,3,-3,-4,91,107,37
115,35,3,-3,-3,92,107,36
116,33,3,-3,-3,93,107,34
115,31,3,-3,-3,93,107,32
115,28,2,-4,-3,93,107,30
116,25,0,-6,-3,93,109,28
116,22,0,-7,-3,93,111,23
117,20,0,-7,-3,93,111,20
117,17,0,-7,-3,93,111,18
116,14,0,-7,-4,93,111,15
115,12,0,-7,-4,93,109,13
115,10,0,-7,-4,93,109,12
115,8,0,-6,-3,93,108,9
115,5,0,-7,-3,93,109,6
114,1,-1,-7,-3,93,108,3
113,-2,-3,-9,-5,93,108,0
113,-4,-3,-10,-7,93,107,-2
112,-6,-4,-10,-9,93,106,-3
111,-8,-4,-10,-9,93,106,-6
110,-10,-3,-10,-7,93,104,-7
110,-11,-3,-10,-5,93,104,-8
110,-12,-4,-10,-5,93,106,-9
110,-13,-4,-10,-7,93,106,-10
110,-15,-3,-10,-9,93,104,-12
109,-18,-3,-10,-9,93,103,-14
109,-19,-3,-11,-7,93,106,-15
109,-20,-4,-12,-5,93,106,-17
108,-20,-5,-13,-5,93,106,-17
107,-20,-6,-13,-5,93,104,-17
106,-21,-4,-12,-5,93,103,-18
104,-22,-3,-11,-6,93,102,-18
104,-22,-2,-10,-5,93,100,-19
104,-22,-3,-10,-5,93,100,-19
104,-22,-3,-10,-4,93,100,-18
104,-21,-4,-12,-3,93,102,-18
104,-20,-5,-14,-3,93,101,-17
103,-20,-6,-14,-3,93,101,-17
102,-19,-7,-14,-4,93,101,-15
102,-18,-7,-13,-4,93,100,-17
102,-18,-7,-13,-3,93,100,-17
102,-18,-7,-13,-3,93,100,-14
102,-18,-6,-12,-3,93,100,-14
102,-18,-6,-12,-3,93,100,-14
102,-18,-6,-12,-3,93,100,-14
102,-18,-7,-13,-3,93,100,-15
102,-18,-7,-13,-3,93,100,-17
101,-17,-7,-13,-3,93,100,-15
100,-15,-7,-13,-3,93,98,-12
99,-14,-6,-14,-3,93,97,-10
99,-14,-6,-14,-3,93,97,-10
99,-14,-6,-14,-3,93,97,-10
99,-14,-7,-13,-3,92,97,-10
99,-14,-7,-13,-4,91,97,-10
99,-14,-7,-14,-4,91,97,-10
99,-14,-6,-14,-4,91,97,-10
99,-14,-5,-15,-3,93,97,-10
99,-14,-5,-16,-3,93,100,-10
99,-14,-4,-17,-3,93,100,-10
99,-14,-3,-17,-4,91,100,-10
99,-14,-4,-17,-4,90,100,-10
100,-14,-5,-16,-4,90,100,-12
100,-15,-6,-16,-4,90,98,-12
100,-15,-6,-17,-4,91,101,-12
100,-15,-5,-18,-4,91,100,-12
100,-15,-5,-18,-4,91,101,-12
101,-17,-6,-17,-4,92,101,-13
102,-18,-7,-15,-4,92,100,-14
103,-18,-9,-15,-4,92,101,-17
102,-18,-10,-15,-4,90,100,-17
101,-18,-9,-14,-4,90,98,-17
99,-20,-9,-14,-4,90,97,-18
98,-22,-8,-15,-4,91,97,-20
99,-24,-8,-17,-3,93,97,-21
100,-25,-9,-17,-3,93,98,-23
101,-24,-9,-17,-3,93,98,-23
100,-25,-10,-16,-3,93,98,-23
100,-27,-9,-17,-3,93,98,-25
99,-29,-8,-18,-3,93,100,-25
99,-31,-7,-19,-3,93,100,-26
98,-32,-5,-18,-3,93,100,-28
97,-32,-4,-17,-4,92,98,-28
95,-32,-4,-17,-4,91,96,-28
95,-34,-6,-19,-4,90,96,-29
95,-36,-8,-20,-4,89,96,-31
96,-36,-8,-21,-4,90,97,-31
96,-36,-7,-20,-4,91,97,-31
94,-36,-6,-19,-3,93,95,-31
92,-37,-6,-19,-3,93,93,-32
92,-39,-7,-19,-4,92,93,-34
92,-41,-7,-20,-4,90,93,-35
93,-41,-8,-20,-4,90,95,-36
93,-41,-8,-20,-4,89,95,-35
93,-40,-7,-20,-4,90,95,-35
93,-40,-7,-20,-4,90,95,-35
93,-40,-7,-20,-4,89,93,-35
93,-40,-8,-20,-4,88,93,-35
93,-40,-7,-20,-4,88,95,-35
93,-40,-7,-20,-4,88,95,-35
93,-40,-7,-20,-4,88,95,-35
93,-40,-8,-20,-4,88,93,-35
93,-40,-8,-20,-4,88,93,-35
93,-41,-7,-20,-4,88,95,-35
94,-40,-6,-19,-4,88,95,-35
94,-39,-5,-18,-4,88,96,-35
94,-38,-5,-18,-4,88,96,-32
94,-36,-6,-18,-4,88,95,-31
94,-34,-7,-19,-4,88,95,-29
94,-34,-7,-19,-4,88,95,-29
95,-34,-7,-19,-4,88,96,-29
96,-33,-6,-19,-4,88,97,-28
97,-31,-5,-18,-3,88,97,-26
97,-28,-4,-17,0,88,97,-24
96,-28,-4,-16,0,87,97,-24
96,-27,-4,-17,0,87,97,-23
96,-25,-4,-17,0,87,97,-21
97,-23,-4,-17,0,87,97,-19
98,-21,-4,-17,0,87,98,-17
99,-19,-4,-17,0,87,100,-15
101,-19,-4,-17,0,87,101,-15
102,-18,-4,-17,0,87,102,-14
101,-17,-4,-17,0,87,101,-14
100,-15,-4,-17,0,87,101,-12
101,-13,-4,-17,0,87,101,-10
102,-12,-4,-17,0,87,102,-9
103,-11,-4,-17,0,87,103,-8
103,-10,-4,-17,0,87,103,-7
102,-8,-4,-17,0,87,102,-6
102,-6,-4,-17,0,87,102,-4
103,-5,-4,-17,0,87,103,-3
105,-4,-4,-17,0,87,104,-2
107,-4,-4,-17,0,87,107,-2
108,-3,-4,-17,0,87,108,-1
108,-1,-4,-17,0,87,108,0
108,0,-4,-17,0,87,107,2
107,1,-4,-17,0,87,107,3
107,2,-4,-17,0,87,106,3
107,1,-4,-17,0,87,106,3
107,1,-4,-17,0,87,107,3
107,1,-4,-17,0,87,107,3
107,1,-4,-17,0,87,107,3
107,1,-4,-17,0,87,107,3
107,1,-4,-16,0,87,107,3
107,1,-4,-17,0,87,106,3
107,2,-3,-18,0,87,106,6
107,1,-1,-19,0,87,108,6
108,0,-1,-20,0,87,109,4
108,-1,-1,-20,0,87,109,2
109,-2,-2,-19,0,88,111,2
109,-3,-2,-19,0,88,111,1
109,-2,-1,-20,-1,88,111,1
109,-2,0,-21,-1,88,111,2
109,-2,0,-21,-1,88,111,2
109,-2,-1,-20,-1,88,111,2
109,-2,-1,-20,-1,88,111,2
109,-2,0,-20,-1,88,111,2
109,-2,0,-20,-2,88,111,1
110,-3,0,-19,-3,88,112,1
111,-4,0,-19,-4,88,112,0
111,-5,0,-20,-4,88,112,0
111,-5,-1,-20,-4,88,113,-1
111,-5,-1,-21,-4,88,112,0
111,-5,0,-21,-4,88,112,0
111,-5,-1,-20,-4,88,113,-1
112,-6,-1,-20,-4,88,113,-2
112,-6,-1,-20,-4,88,113,-2
111,-5,0,-21,-4,88,113,-1
111,-5,0,-21,-3,88,112,0
111,-5,0,-22,-3,88,114,-1
112,-6,0,-22,-2,88,113,-2
112,-7,0,-21,-3,88,113,-2
111,-5,0,-19,-3,88,113,-1
110,-3,1,-18,-3,88,112,1
109,-2,2,-17,-2,88,111,3
109,-2,1,-18,-2,88,111,4
109,-2,0,-19,-1,88,111,2
109,-2,0,-19,-1,88,111,1
109,-3,0,-20,0,88,111,1
109,-2,0,-20,-1,88,111,2
108,-1,0,-19,-3,88,109,2
108,0,1,-18,-3,88,109,4
107,1,2,-17,-2,88,109,7
107,1,2,-17,-1,88,108,8
106,1,1,-18,-1,88,108,6
106,2,0,-18,-3,88,108,6
106,5,1,-18,-3,88,108,8
108,7,2,-17,-3,88,109,13
108,8,2,-17,-1,88,109,14
109,8,2,-17,-1,88,111,14
108,8,2,-17,-2,88,109,14
109,8,2,-17,-3,88,111,14
110,8,2,-17,-3,88,111,14
111,9,1,-18,-2,88,112,12
111,10,0,-18,-2,88,112,13
111,11,1,-18,-2,88,112,14
111,13,2,-17,-3,88,112,19
111,14,2,-17,-3,88,112,19
110,15,2,-17,-4,88,112,20
110,15,2,-17,-4,88,111,20
110,14,2,-17,-4,88,112,19
110,14,2,-17,-4,88,112,19
110,14,2,-17,-4,88,112,19
110,15,2,-17,-4,88,111,20
110,15,2,-17,-4,88,111,20
110,15,2,-17,-4,88,111,20
110,14,2,-17,-4,88,112,19
111,14,2,-17,-4,88,112,19
111,13,2,-17,-4,88,109,18
112,12,2,-17,-4,88,113,18
112,11,1,-18,-4,88,113,14
113,11,0,-19,-4,88,114,14
112,10,-1,-20,-4,88,113,14
112,9,-1,-21,-4,88,113,13
111,7,-1,-20,-4,88,112,10
111,5,-1,-20,-4,88,112,9
111,3,-1,-20,-4,88,112,7
111,3,-1,-20,-4,88,112,7
110,3,-1,-20,-4,88,112,7
108,2,-1,-20,-4,90,109,6
108,0,-1,-20,-4,90,109,4
108,-1,-1,-20,-4,89,109,2
109,-2,-1,-20,-4,88,111,2
108,-3,-1,-20,-4,88,109,1
107,-4,0,-21,-4,89,108,0
106,-6,-1,-21,-4,91,108,-1
107,-8,-1,-20,-3,92,108,-3
106,-10,-1,-20,-3,92,108,-4
105,-10,-1,-20,-2,91,107,-6
104,-11,0,-21,-3,91,106,-6
103,-11,0,-21,-3,90,106,-6
104,-12,0,-23,-4,90,108,-7
105,-14,-2,-24,-4,90,109,-9
105,-16,-3,-25,-4,90,109,-10
104,-17,-3,-25,-4,90,109,-10
104,-17,-3,-25,-4,90,108,-12
103,-17,-4,-24,-4,90,107,-12
103,-19,-5,-23,-4,91,104,-13
104,-21,-4,-23,-4,91,106,-15
104,-22,-3,-25,-4,90,108,-15
105,-22,-2,-26,-4,88,109,-17
104,-22,-2,-26,-4,87,109,-15
104,-22,-3,-25,-4,88,108,-15
104,-22,-4,-24,-4,88,108,-15
104,-22,-4,-23,-4,88,107,-15
104,-22,-4,-23,-4,88,107,-17
104,-22,-4,-24,-4,88,108,-15
103,-23,-4,-24,-4,88,108,-17
103,-23,-4,-24,-3,88,107,-17
103,-23,-4,-23,-3,88,106,-17
104,-22,-4,-23,-2,88,106,-17
105,-22,-4,-23,-3,88,107,-17
104,-22,-4,-23,-3,88,107,-15
104,-22,-4,-24,-4,88,106,-17
104,-22,-4,-24,-4,88,107,-17
106,-21,-4,-23,-4,88,108,-15
108,-21,-4,-23,-4,88,109,-14
108,-20,-4,-23,-3,88,111,-14
108,-18,-5,-24,-3,88,112,-12
107,-17,-5,-25,-2,88,111,-10
106,-15,-6,-25,-3,88,111,-9
106,-15,-5,-24,-3,88,111,-9
106,-16,-5,-24,-4,88,108,-10
106,-16,-5,-24,-4,88,109,-10
105,-14,-6,-25,-4,88,109,-9
106,-11,-5,-25,-4,88,109,-6
107,-10,-5,-24,-4,88,111,-4
108,-9,-4,-23,-4,88,109,-3
108,-9,-4,-23,-4,89,109,-3
107,-8,-4,-23,-4,90,109,-3
108,-6,-4,-24,-4,89,112,-1
108,-3,-4,-24,-4,88,112,1
108,0,-4,-24,-4,88,112,3
108,0,-4,-23,-4,89,109,4
107,1,-3,-22,-4,90,108,4
107,1,-2,-22,-4,91,108,6
107,3,-1,-22,-4,92,111,7
108,6,0,-23,-3,92,112,9
108,8,0,-23,-3,93,112,12
108,8,0,-22,-3,93,112,12
109,8,0,-22,-3,93,112,13
110,8,1,-23,-3,93,113,14
111,11,2,-24,-3,92,114,17
111,13,2,-24,-4,92,114,19
111,15,2,-24,-4,91,114,20
112,16,2,-24,-4,90,114,20
113,16,2,-23,-4,89,117,21
114,17,3,-23,-4,88,117,21
114,18,4,-22,-4,88,117,23
113,20,4,-21,-4,88,115,25
113,22,5,-21,-4,88,115,26
115,23,5,-21,-4,88,118,28
115,24,5,-21,-4,88,118,28
117,24,5,-21,-4,88,119,29
118,25,5,-21,-4,89,120,29
119,25,5,-21,-4,90,122,30
120,26,6,-21,-4,90,123,32
120,27,6,-21,-4,90,122,34
119,28,5,-21,-4,90,122,32
119,29,5,-21,-4,91,120,32
120,30,5,-21,-4,91,122,34
122,31,6,-21,-4,91,124,37
123,32,6,-22,-4,91,125,37
123,32,7,-22,-4,91,125,39
122,33,6,-22,-4,90,124,39
122,33,6,-21,-4,89,124,39
122,33,5,-21,-4,88,124,37
122,33,5,-21,-4,88,124,37
122,33,5,-21,-4,87,124,36
122,33,6,-21,-4,88,124,39
122,33,7,-20,-4,88,124,39
122,33,8,-18,-4,89,122,39
122,33,8,-18,-4,90,122,39
122,33,8,-18,-4,89,122,39
122,33,7,-19,-4,88,124,39
122,33,7,-18,-4,88,122,39
122,33,8,-18,-4,88,122,39
122,33,9,-17,-4,88,122,39
122,33,9,-17,-4,88,122,40
122,33,8,-18,-4,87,122,40
122,33,7,-18,-4,88,122,39
122,33,7,-19,-4,90,124,39
122,33,8,-18,-4,91,122,39
122,33,8,-18,-4,91,122,40
123,34,9,-17,-4,90,123,40
123,34,9,-17,-4,90,123,40
123,34,9,-17,-4,91,123,40
124,34,8,-18,-3,93,123,40
125,35,8,-18,-3,93,124,41
126,36,7,-18,-3,93,125,41
126,36,8,-18,-3,93,125,41
126,35,8,-18,-3,93,125,41
126,36,8,-18,-3,93,125,41
125,37,7,-19,-3,93,126,42
124,39,7,-19,-3,93,126,43
124,40,7,-19,-3,93,125,45
123,40,8,-18,-3,93,123,46
124,40,9,-18,-3,93,123,45
124,39,9,-17,-3,93,123,45
123,39,9,-17,-3,93,123,45
124,40,9,-18,-3,93,123,45
125,41,9,-18,-3,93,124,46
126,41,10,-19,-3,93,128,47
126,42,10,-19,-3,93,128,47
126,41,10,-18,-3,93,128,47
127,41,10,-18,-3,93,126,46
127,42,10,-18,-3,93,129,47
127,43,10,-19,-3,93,129,48
126,45,10,-18,-3,93,128,51
125,46,9,-18,-3,93,124,51
125,47,9,-17,-3,93,124,52
125,46,9,-17,-3,93,124,51
126,46,9,-17,-3,93,125,51
125,46,9,-18,-3,93,124,51
125,46,9,-18,-3,93,124,51
125,46,9,-17,-4,93,124,51
125,46,9,-17,-4,93,124,51
125,46,9,-17,-4,93,124,51
125,46,9,-17,-3,93,124,51
124,46,9,-17,-3,93,123,51
123,46,9,-17,-4,93,123,51
124,46,9,-17,-5,93,123,51
125,46,9,-18,-7,93,124,51
125,46,9,-17,-7,93,124,51
124,46,9,-17,-7,93,124,51
124,45,9,-17,-6,93,123,50
124,45,9,-18,-6,93,123,50
123,46,9,-18,-6,93,123,51
122,45,9,-17,-7,93,122,50
121,44,8,-16,-8,93,120,48
121,43,7,-15,-8,93,120,46
122,41,6,-14,-7,93,120,43
123,40,5,-14,-6,93,120,42
124,40,6,-14,-6,93,120,42
124,40,6,-14,-6,93,122,43
124,39,6,-14,-7,93,120,42
123,38,5,-15,-6,93,120,41
122,36,3,-16,-5,93,119,40
121,35,2,-17,-5,93,120,39
121,34,2,-17,-5,93,122,37
122,33,2,-17,-4,93,122,36
121,32,2,-17,-3,93,120,36
119,31,3,-18,-3,93,119,35
118,30,3,-18,-3,93,118,34
117,30,4,-19,-4,93,118,34
117,31,5,-20,-4,93,119,35
118,31,5,-21,-3,93,120,35
119,29,6,-21,-4,93,120,36
118,27,6,-21,-4,93,120,34
117,25,6,-21,-3,92,120,31
117,22,5,-21,-3,93,119,26
118,21,5,-21,-3,94,120,25
119,20,5,-21,-4,96,122,24
119,20,6,-21,-5,97,122,26
119,19,6,-22,-5,96,120,26
118,19,7,-22,-6,95,120,26
117,19,7,-23,-6,94,119,26
116,18,7,-23,-5,95,119,25
115,18,7,-23,-5,96,118,25
115,17,7,-24,-4,97,119,24
114,17,9,-24,-3,98,119,24
114,17,9,-25,-3,98,119,24
114,17,9,-25,-3,97,119,24
115,17,7,-24,-3,97,119,24
115,17,4,-23,-3,97,118,23
114,18,3,-22,-3,97,117,23
114,17,3,-22,-5,98,117,21
115,16,3,-22,-7,98,118,20
116,14,4,-22,-8,98,119,19
116,14,3,-23,-9,98,119,19
116,14,3,-23,-8,98,119,20
115,15,3,-23,-8,98,118,20
115,15,3,-23,-8,98,118,20
116,14,3,-23,-8,98,119,19
117,13,2,-24,-8,98,119,18
117,13,1,-24,-8,98,119,18
116,14,1,-24,-8,98,119,19
115,16,2,-24,-8,98,118,20
115,17,1,-24,-8,98,118,23
115,18,1,-24,-8,98,118,23
118,19,2,-24,-8,98,120,24
119,19,2,-23,-8,98,122,24
119,20,3,-23,-8,98,122,24
118,21,4,-22,-8,98,120,25
117,23,4,-21,-7,98,119,28
116,24,4,-21,-6,98,119,28
116,24,3,-22,-7,98,119,29
116,24,3,-22,-8,98,119,29
116,24,4,-22,-8,98,118,29
115,24,4,-21,-8,98,118,28
116,24,5,-21,-8,98,119,28
118,24,5,-21,-8,98,120,29
119,26,6,-21,-8,98,122,32
119,27,6,-21,-8,98,122,34
119,30,5,-21,-8,98,122,34
118,31,4,-20,-8,98,118,35
117,31,3,-18,-8,98,118,35
118,31,3,-18,-8,98,118,35
118,30,3,-18,-8,98,118,34
118,30,3,-18,-8,98,118,34
117,31,3,-18,-8,98,118,35
117,32,2,-17,-8,98,117,35
117,32,2,-17,-8,98,117,35
117,31,2,-17,-8,98,117,35
117,31,2,-17,-8,98,118,35
117,32,2,-17,-8,98,117,35
116,33,2,-17,-8,98,117,36
116,33,2,-17,-8,98,115,37
117,32,2,-18,-8,98,117,36
118,31,1,-18,-8,98,118,32
118,30,1,-18,-8,98,118,32
118,31,1,-18,-8,98,118,32
118,30,0,-18,-8,98,118,32
116,30,0,-20,-8,98,117,31
115,29,0,-21,-8,98,115,30
113,28,0,-21,-8,98,114,32
113,28,2,-19,-8,98,114,31
114,27,3,-18,-8,98,114,31
115,25,3,-19,-8,98,115,30
116,24,3,-21,-8,98,118,29
116,23,2,-21,-8,98,119,28
117,23,1,-20,-8,98,117,28
118,22,1,-19,-8,98,118,26
118,21,0,-20,-8,98,118,24
117,20,0,-21,-8,98,118,23
115,18,0,-22,-8,98,115,20
115,17,0,-22,-8,99,118,23
114,17,1,-23,-8,100,117,21
115,16,1,-23,-8,99,118,20
116,14,0,-22,-8,98,119,17
117,13,-1,-21,-8,98,118,17
117,13,-1,-20,-8,99,118,17
117,13,-1,-20,-8,100,118,15
116,11,0,-21,-8,99,117,14
115,8,0,-21,-8,99,117,12
115,6,-1,-20,-8,99,115,10
115,6,-1,-20,-8,100,117,9
115,6,0,-21,-8,99,117,10
115,7,0,-21,-8,98,117,10
114,6,0,-22,-8,98,117,9
112,5,0,-21,-8,99,113,8
111,4,-1,-21,-8,100,112,8
112,3,-2,-22,-8,100,113,7
113,1,-1,-23,-8,100,115,4
112,0,0,-23,-8,100,115,3
111,-2,0,-22,-8,99,113,2
109,-2,-1,-21,-8,98,111,1
109,-2,-3,-23,-8,98,111,1
109,-2,-3,-24,-8,97,113,2
110,-2,-3,-25,-8,98,113,2
109,-2,-3,-25,-8,98,113,2
108,-3,-4,-24,-8,99,112,1
107,-5,-4,-23,-8,100,109,0
108,-7,-4,-23,-8,99,109,-3
107,-9,-4,-24,-8,98,109,-3
107,-10,-4,-24,-8,98,111,-4
105,-10,-3,-24,-8,98,109,-6
104,-11,-3,-25,-8,98,108,-6
103,-11,-2,-26,-8,98,108,-6
104,-11,-2,-26,-8,98,108,-7
104,-12,-1,-27,-8,98,111,-7
104,-15,-1,-27,-8,98,111,-7
103,-17,-1,-28,-10,98,109,-12
102,-18,-2,-28,-10,98,109,-13
101,-18,-2,-28,-11,98,108,-13
102,-18,-2,-28,-10,98,108,-12
102,-18,-1,-28,-10,98,108,-12
102,-18,-2,-28,-10,98,109,-12
103,-19,-2,-28,-10,98,109,-13
103,-20,-2,-28,-10,98,109,-14
102,-21,-1,-28,-8,98,109,-15
101,-23,-1,-27,-8,100,108,-14
100,-25,-1,-28,-8,101,107,-18
100,-25,-3,-28,-10,101,107,-19
100,-25,-5,-28,-10,100,107,-19
101,-24,-5,-28,-10,100,108,-18
101,-25,-3,-28,-9,100,108,-18
99,-25,-3,-28,-8,101,106,-19
97,-26,-3,-27,-8,101,104,-20
96,-27,-5,-27,-8,99,101,-20
96,-28,-8,-27,-8,98,101,-24
97,-28,-8,-27,-8,97,102,-24
98,-30,-8,-27,-8,98,103,-26
99,-31,-8,-27,-8,100,103,-26
99,-32,-8,-27,-8,100,104,-26
98,-32,-8,-27,-8,99,103,-26
97,-32,-8,-27,-8,98,102,-28
95,-33,-8,-27,-8,98,101,-29
94,-34,-8,-27,-8,99,100,-29
94,-34,-8,-27,-8,100,100,-29
94,-34,-8,-27,-8,100,100,-29
95,-35,-8,-27,-8,100,101,-30
96,-37,-8,-27,-8,101,102,-31
97,-38,-8,-27,-8,101,102,-32
97,-39,-8,-27,-8,101,102,-34
97,-38,-8,-27,-8,102,102,-32
97,-38,-8,-27,-8,102,102,-32
97,-38,-8,-27,-8,103,102,-32
97,-38,-8,-27,-8,103,102,-32
97,-38,-8,-27,-8,103,102,-32
97,-38,-8,-27,-8,103,102,-32
97,-38,-8,-27,-8,102,102,-32
97,-38,-8,-27,-8,101,102,-32
97,-38,-8,-27,-8,101,102,-32
97,-38,-8,-27,-8,101,102,-32
97,-39,-8,-27,-8,102,102,-34
97,-38,-8,-27,-8,103,102,-32
96,-37,-8,-27,-8,103,102,-31
95,-35,-8,-27,-9,103,101,-30
94,-34,-8,-27,-10,103,100,-29
94,-34,-8,-27,-10,101,100,-29
94,-34,-7,-26,-10,101,100,-29
96,-33,-5,-25,-11,102,101,-26
97,-32,-4,-24,-13,103,100,-25
97,-30,-4,-23,-13,103,100,-24
97,-28,-4,-23,-12,102,100,-21
97,-26,-4,-24,-9,101,101,-20
99,-25,-4,-24,-8,100,102,-19
100,-25,-4,-24,-9,99,102,-18
100,-23,-4,-23,-12,99,102,-17
99,-22,-4,-23,-13,100,102,-17
99,-20,-4,-23,-13,101,101,-14
99,-17,-4,-24,-12,101,102,-12
100,-14,-4,-24,-11,101,102,-9
101,-13,-4,-24,-12,100,103,-8
102,-12,-4,-23,-12,99,104,-7
103,-11,-3,-23,-12,99,106,-6
104,-9,-3,-22,-12,99,106,-4
105,-7,-3,-23,-11,100,107,-2
105,-5,-3,-22,-11,100,107,-1
107,-3,-2,-21,-10,100,108,1
108,-2,-1,-20,-10,99,109,2
108,0,0,-20,-10,98,109,3
107,1,0,-20,-11,98,108,6
107,3,-1,-20,-12,98,108,7
108,6,-1,-20,-12,98,109,9
110,8,-1,-21,-11,99,111,12
112,10,0,-21,-10,100,113,13
112,12,0,-20,-9,100,113,15
111,13,0,-17,-10,100,111,17
110,14,0,-14,-11,99,109,17
110,15,0,-13,-12,99,107,18
111,16,0,-14,-10,100,108,18
113,17,0,-15,-8,100,112,20
113,19,0,-15,-8,100,112,21
113,20,0,-15,-9,101,112,21
113,21,0,-14,-12,101,112,23
113,21,0,-13,-13,101,109,24
115,23,0,-14,-14,102,111,25
115,25,0,-14,-13,103,112,28
115,27,0,-14,-13,103,111,29
114,28,0,-13,-13,103,109,30
113,28,0,-12,-13,103,109,30
113,28,1,-11,-13,103,109,30
114,28,2,-11,-13,103,109,30
115,28,3,-12,-13,103,111,32
117,30,5,-13,-13,103,114,34
117,32,5,-13,-13,103,115,35
116,34,4,-12,-13,103,112,37
115,35,3,-12,-13,103,111,39
115,35,3,-11,-13,103,111,36
115,34,3,-11,-13,103,112,35
116,33,3,-10,-13,103,112,34
117,32,3,-10,-13,103,113,34
117,32,3,-11,-13,103,113,34
117,32,4,-13,-13,103,114,35
116,32,5,-13,-13,103,114,35
115,30,5,-13,-13,103,113,34
115,29,5,-13,-13,103,113,34
115,28,4,-12,-13,103,111,32
114,28,3,-12,-13,103,109,30
114,28,2,-13,-13,103,112,30
114,27,2,-15,-13,103,113,31
115,25,3,-16,-13,103,114,30
116,24,3,-15,-13,103,114,29
115,23,1,-14,-13,103,113,25
114,21,0,-13,-13,103,111,23
114,18,0,-13,-13,103,111,21
114,18,0,-13,-13,103,111,20
114,17,0,-13,-13,103,111,19
113,16,0,-13,-13,103,109,19
112,14,0,-13,-13,103,109,17
112,12,0,-14,-13,103,109,15
112,10,0,-14,-13,103,108,14
112,9,0,-14,-13,103,108,13
111,7,0,-14,-13,103,107,10
111,5,0,-13,-13,103,107,8
111,4,0,-14,-13,103,108,8
111,4,0,-14,-13,103,108,8
111,4,0,-14,-13,103,111,8
110,3,0,-14,-13,103,109,7
109,1,0,-15,-13,103,108,4
108,-1,0,-15,-13,103,108,2
109,-2,-3,-16,-13,103,108,2
110,-2,-4,-17,-13,103,109,0
110,-2,-4,-17,-13,103,109,0
108,-3,-4,-17,-13,103,108,-1
106,-4,-4,-17,-12,103,106,-2
105,-4,-4,-17,-13,103,104,-2
104,-4,-4,-17,-15,103,104,-2
105,-5,-3,-18,-16,103,104,-1
106,-6,-2,-18,-16,103,106,-1
107,-7,-1,-19,-14,103,108,-2
107,-7,-1,-20,-13,103,108,-3
107,-7,-2,-19,-14,103,108,-3
107,-8,-3,-18,-14,103,107,-3
108,-9,-3,-17,-14,103,107,-6
108,-9,-3,-18,-13,103,107,-7
107,-8,-3,-18,-13,103,107,-3
106,-6,-3,-18,-13,103,106,-1
105,-4,-3,-18,-13,103,104,0
105,-4,-3,-18,-13,103,104,0
105,-4,-2,-19,-13,103,107,0
105,-5,-1,-19,-13,103,107,-1
105,-5,-1,-18,-13,103,104,-1
105,-4,0,-16,-13,103,104,0
105,-5,0,-15,-13,103,104,-1
105,-5,0,-15,-13,103,104,-1
106,-4,-1,-15,-13,103,106,0
108,-2,-1,-15,-13,103,107,2
108,0,-1,-14,-13,103,106,3
108,0,-1,-14,-13,103,106,4
108,0,-2,-14,-13,103,104,4
107,1,-1,-14,-13,103,106,4
107,1,0,-14,-13,103,103,6
107,1,0,-13,-13,103,104,4
108,2,0,-13,-13,103,104,6
108,3,0,-14,-13,103,104,7
108,6,0,-14,-13,103,104,9
108,7,0,-13,-13,103,104,10
108,8,0,-13,-13,103,106,12
109,8,0,-14,-11,103,106,12
108,9,0,-14,-10,102,104,13
107,10,0,-14,-10,101,104,14
106,12,0,-13,-11,100,103,14
105,13,1,-10,-12,99,102,15
107,14,1,-9,-11,98,101,17
108,16,1,-8,-10,98,103,18
109,17,1,-8,-8,99,103,20
109,18,1,-9,-8,100,103,20
108,18,1,-9,-8,99,102,20
107,19,0,-8,-8,98,102,21
108,19,0,-7,-8,97,102,21
109,19,0,-7,-8,98,103,19
111,20,0,-7,-8,99,104,20
112,21,0,-7,-8,100,106,21
112,23,0,-7,-8,99,106,23
111,25,0,-7,-8,98,106,24
111,26,0,-7,-8,97,106,26
112,27,0,-7,-9,98,106,29
113,28,0,-8,-10,100,107,29
114,28,0,-8,-10,101,108,30
114,28,1,-7,-9,100,108,29
114,28,2,-7,-9,98,108,29
113,28,3,-6,-10,98,107,30
113,29,3,-5,-10,99,107,31
112,31,4,-5,-10,102,106,32
112,31,4,-4,-8,103,106,32
112,31,4,-5,-8,103,106,32
112,31,3,-5,-9,103,106,32
112,32,2,-5,-11,103,107,34
114,34,2,-5,-13,103,108,35
115,35,1,-5,-13,103,107,36
115,35,1,-4,-13,103,107,36
115,35,2,-4,-13,103,107,36
115,35,3,-4,-12,103,107,36
115,35,3,-3,-11,103,107,36
115,35,3,-3,-11,103,107,36
115,35,3,-3,-12,102,107,36
117,36,3,-3,-13,101,108,37
118,36,3,-3,-13,102,109,37
118,36,3,-3,-11,101,109,37
117,36,3,-3,-10,100,108,37
116,37,3,-3,-10,98,108,37
116,38,3,-3,-12,98,108,39
116,39,3,-3,-13,99,108,40
116,38,3,-3,-12,100,107,39
115,37,2,-3,-10,100,107,39
115,37,2,-4,-8,98,107,37
116,38,1,-5,-7,98,107,39
117,40,2,-4,-8,98,108,40
117,41,3,-3,-10,98,108,42
117,42,3,-3,-10,98,108,42
117,42,3,-3,-10,98,108,42
118,39,2,-4,-10,98,109,40
119,38,1,-5,-10,98,109,39
119,38,2,-4,-11,98,109,39
118,40,2,-3,-13,98,108,40
117,41,3,-3,-13,98,108,42
117,41,3,-3,-11,98,108,42
118,41,3,-3,-10,98,108,41
118,39,3,-3,-10,98,109,40
117,40,3,-3,-11,100,108,40
116,41,3,-3,-12,102,107,41
115,41,3,-3,-12,103,107,42
116,41,3,-3,-11,102,107,41
116,39,3,-3,-11,100,107,40
116,37,3,-3,-13,98,107,37
115,35,3,-3,-13,98,107,36
115,34,3,-3,-13,100,107,35
115,34,3,-3,-13,102,107,35
115,35,3,-3,-13,104,107,36
115,35,3,-3,-13,103,107,36
116,35,3,-3,-13,102,107,36
116,33,3,-3,-13,101,107,34
116,31,3,-3,-13,101,107,32
115,29,3,-3,-13,103,106,30
113,28,3,-3,-13,103,104,30
114,28,3,-3,-13,103,106,30
115,27,3,-3,-13,103,106,29
115,25,3,-3,-13,103,107,26
115,23,3,-3,-13,103,107,25
113,22,2,-4,-13,103,106,24
112,22,1,-5,-13,103,104,24
112,21,1,-6,-14,103,106,24
111,19,0,-6,-15,103,106,19
111,17,-1,-5,-14,103,103,17
110,15,-2,-4,-13,103,102,15
110,14,-3,-3,-13,103,102,14
110,14,-2,-4,-13,103,102,14
111,14,-2,-4,-13,103,103,14
111,13,-2,-4,-13,103,103,14
112,14,-3,-3,-13,103,103,14
111,13,-3,-3,-13,103,101,14
110,12,-3,-3,-13,103,100,13
108,10,-3,-3,-13,103,98,12
108,9,-3,-3,-13,103,101,9
108,8,-3,-3,-13,103,101,9
109,8,-3,-3,-13,103,101,9
110,8,-3,-3,-13,103,100,9
110,9,-3,-3,-13,103,101,8
111,10,-3,-3,-13,103,103,10
112,10,-2,-4,-13,103,104,10
112,10,-1,-6,-13,103,104,12
113,10,-1,-6,-13,103,104,12
113,10,-2,-4,-13,103,104,10
112,10,-3,-3,-13,103,104,12
112,12,-3,-3,-13,103,102,10
111,13,-3,-3,-13,103,101,14
112,15,-3,-3,-14,104,103,15
113,17,-3,-3,-15,104,104,17
114,17,-3,-3,-16,106,106,18
114,18,-3,-3,-17,106,103,19
113,20,-2,-2,-18,106,102,20
112,21,-1,-1,-18,104,102,21
112,21,-1,-1,-18,104,101,21
112,21,-2,-2,-18,104,102,21
113,22,-2,-2,-18,106,103,21
114,24,-2,-2,-18,106,103,24
114,27,-1,-1,-18,106,103,26
114,28,0,0,-18,104,103,28
114,28,0,0,-17,104,103,28
114,28,0,0,-16,103,103,28
113,28,0,0,-16,103,103,28
113,29,0,0,-16,104,102,29
112,30,0,0,-17,104,102,29
113,29,0,0,-18,104,102,29
113,28,0,0,-18,103,103,28
114,28,0,0,-18,103,103,28
114,28,0,0,-18,103,103,28
114,28,0,0,-18,103,103,28
113,27,0,0,-18,103,102,26
112,27,0,0,-18,103,102,26
111,27,0,-1,-18,103,101,26
110,26,1,-1,-18,103,102,25
111,24,1,0,-18,103,101,24
111,23,0,0,-18,103,101,23
112,21,-1,0,-18,103,101,21
111,20,-2,-2,-18,103,101,20
110,18,-3,-3,-18,103,100,19
109,16,-3,-3,-18,103,102,17
110,15,-3,-3,-18,103,102,15
111,13,-2,-4,-18,103,103,14
111,11,-1,-5,-18,103,103,12
110,9,0,-7,-18,103,104,10
109,6,0,-7,-18,103,104,8
109,4,0,-7,-18,103,103,6
108,2,0,-7,-18,104,102,4
107,1,-2,-7,-18,104,102,3
108,0,-3,-6,-18,103,101,2
108,-1,-3,-5,-18,103,101,1
108,-3,-4,-5,-18,103,101,-1
107,-4,-4,-7,-18,104,100,-2
105,-5,-4,-9,-18,105,101,-2
103,-5,-5,-9,-18,105,98,-3
102,-6,-6,-8,-18,105,96,-6
102,-8,-7,-6,-18,104,95,-8
103,-10,-7,-6,-18,103,96,-9
103,-11,-7,-6,-18,103,97,-10
104,-11,-7,-7,-18,104,97,-10
104,-11,-7,-6,-18,105,97,-10
103,-11,-7,-6,-18,105,97,-10
103,-11,-7,-6,-18,104,97,-10
103,-11,-7,-6,-18,103,97,-10
104,-11,-7,-6,-18,103,97,-10
104,-11,-7,-6,-18,105,97,-10
103,-11,-7,-6,-18,107,97,-10
102,-12,-7,-7,-18,107,96,-12
101,-13,-8,-7,-18,105,95,-12
100,-13,-8,-7,-18,104,93,-13
101,-13,-8,-7,-18,103,95,-12
102,-12,-7,-7,-18,103,95,-12
103,-12,-7,-6,-18,104,96,-12
103,-11,-7,-6,-18,104,97,-10
104,-11,-7,-6,-18,103,97,-10
104,-11,-6,-5,-18,103,97,-10
104,-11,-6,-5,-18,103,97,-10
104,-11,-6,-5,-17,103,97,-10
103,-11,-5,-5,-17,103,97,-10
102,-10,-4,-4,-16,103,96,-9
102,-8,-3,-3,-16,103,95,-6
102,-7,-4,-4,-16,103,96,-7
104,-5,-4,-4,-16,103,97,-4
105,-4,-4,-3,-16,103,98,-4
106,-4,-4,-3,-18,103,96,-4
105,-5,-4,-2,-18,103,96,-6
105,-5,-4,-1,-18,103,96,-4
104,-3,-4,-1,-16,103,96,-3
104,-1,-4,-2,-14,103,95,-1
106,0,-4,-2,-14,103,96,0
107,2,-3,-3,-15,103,97,1
107,2,-3,-3,-16,103,100,3
107,1,-3,-3,-17,103,100,3
107,1,-3,-3,-17,103,100,3
107,1,-3,-3,-16,103,97,2
107,1,-3,-3,-14,103,97,3
106,2,-3,-3,-13,103,98,3
105,4,-3,-3,-12,104,96,3
106,6,-3,-3,-13,103,98,7
107,7,-3,-3,-14,102,100,8
108,7,-3,-3,-15,100,100,8
108,7,-3,-3,-14,99,98,6
106,6,-4,-3,-14,99,97,6
105,6,-3,-3,-13,100,97,7
104,6,-1,-3,-13,100,97,7
106,6,1,-3,-13,99,98,7
108,7,2,-4,-13,98,101,10
108,8,1,-6,-13,98,103,12
107,9,0,-7,-13,98,102,9
105,8,-1,-7,-13,98,100,9
105,7,0,-7,-13,99,100,8
107,7,0,-5,-13,100,102,10
108,9,2,-4,-13,100,100,13
108,11,2,-4,-13,100,100,14
107,11,0,-5,-13,99,102,14
107,9,0,-7,-13,98,102,10
107,7,0,-7,-13,98,102,8
107,8,0,-6,-13,98,102,9
106,10,0,-5,-13,98,101,13
106,12,1,-4,-13,98,98,14
105,12,2,-3,-13,98,97,15
104,11,2,-3,-13,98,97,14
104,11,2,-5,-13,98,96,14
104,10,0,-5,-13,98,100,13
105,10,0,-5,-13,98,101,13
107,10,1,-4,-13,98,100,13
107,10,3,-4,-13,98,100,13
107,10,3,-4,-13,98,100,13
107,10,1,-5,-13,98,100,13
106,11,0,-4,-13,98,98,12
106,12,0,-3,-13,98,98,13
107,11,0,0,-13,98,97,12
108,9,0,0,-13,98,98,10
107,7,0,0,-12,98,97,8
106,6,0,-1,-11,98,96,7
104,5,-1,-3,-12,98,97,7
104,5,-2,-5,-13,98,97,7
104,5,-3,-4,-13,98,97,7
104,5,-3,-3,-13,98,97,7
104,5,-3,-3,-13,98,95,7
104,6,-3,-3,-13,98,95,7
105,6,-3,-3,-13,98,96,7
105,4,-3,-3,-13,98,98,6
105,2,-3,-3,-13,98,97,3
104,0,-3,-3,-13,98,95,1
103,-1,-3,-3,-13,98,93,0
103,0,-3,-3,-13,98,93,1
102,0,-3,-3,-13,98,93,1
102,-1,-3,-3,-13,98,92,0
101,-3,-3,-3,-13,98,92,-2
100,-6,-3,-3,-13,98,91,-3
101,-7,-3,-3,-13,98,92,-4
101,-7,-3,-3,-13,98,92,-7
102,-8,-3,-3,-12,98,93,-8
101,-10,-3,-3,-11,98,92,-9
101,-13,-3,-3,-10,98,92,-9
101,-15,-3,-3,-10,98,92,-12
101,-17,-3,-3,-10,98,92,-15
101,-19,-4,-4,-10,98,95,-18
100,-21,-5,-5,-10,98,93,-20
100,-23,-6,-5,-9,98,93,-21
100,-25,-5,-5,-8,98,93,-23
101,-26,-6,-5,-8,98,95,-24
101,-28,-7,-6,-8,98,95,-26
100,-30,-7,-6,-8,98,93,-29
99,-33,-7,-7,-8,98,93,-30
99,-35,-6,-7,-8,98,93,-32
98,-37,-7,-6,-8,98,92,-34
97,-39,-8,-5,-8,98,89,-36
96,-40,-9,-4,-8,98,89,-37
95,-42,-10,-5,-8,98,87,-41
96,-44,-9,-6,-8,97,90,-41
96,-46,-9,-6,-8,97,90,-43
96,-49,-10,-5,-8,96,89,-47
95,-50,-12,-5,-8,96,87,-48
94,-51,-13,-7,-8,97,86,-50
93,-52,-12,-9,-8,96,87,-51
92,-52,-10,-10,-8,95,90,-48
92,-52,-10,-10,-8,94,90,-48
92,-52,-10,-10,-8,93,87,-48
92,-52,-10,-9,-8,93,87,-48
91,-53,-10,-10,-8,93,86,-48
89,-54,-10,-9,-8,93,85,-50
89,-54,-10,-10,-8,93,84,-51
90,-54,-10,-9,-8,93,85,-50
92,-52,-10,-9,-8,93,87,-48
93,-50,-10,-9,-8,93,87,-46
92,-48,-10,-9,-8,93,87,-45
91,-47,-10,-10,-8,93,86,-43
90,-47,-10,-9,-9,93,85,-43
90,-46,-10,-9,-8,93,85,-42
91,-44,-10,-9,-8,93,86,-41
91,-41,-10,-10,-8,93,86,-39
92,-39,-11,-10,-9,93,86,-36
91,-38,-10,-9,-9,93,86,-35
90,-36,-10,-8,-8,93,85,-34
90,-34,-8,-7,-7,93,85,-32
91,-32,-7,-6,-7,93,86,-30
91,-30,-7,-6,-7,93,86,-28
91,-28,-7,-6,-8,93,86,-26
92,-26,-7,-6,-9,93,86,-24
92,-24,-7,-6,-9,93,86,-23
92,-21,-7,-7,-8,93,86,-20
92,-20,-7,-6,-7,93,86,-19
93,-18,-5,-6,-7,93,87,-18
94,-17,-4,-4,-7,92,89,-15
94,-15,-4,-2,-8,91,86,-14
94,-14,-5,0,-9,92,86,-13
93,-12,-5,0,-9,92,85,-12
92,-10,-5,-1,-9,92,84,-10
92,-8,-6,0,-9,91,84,-8
93,-6,-6,0,-7,92,83,-7
94,-5,-7,0,-6,93,84,-6
95,-5,-7,0,-6,92,84,-6
94,-5,-6,0,-7,90,84,-6
94,-6,-5,0,-7,88,84,-6
94,-5,-5,1,-7,88,84,-6
94,-5,-5,0,-6,88,84,-6
94,-5,-6,0,-4,88,84,-6
94,-6,-7,0,-3,88,84,-6
94,-5,-7,0,-4,88,84,-6
94,-5,-7,0,-4,88,84,-6
94,-6,-6,0,-4,88,84,-6
95,-7,-5,0,-4,88,86,-7
96,-8,-5,-1,-4,88,87,-8
97,-10,-5,0,-4,88,89,-9
98,-11,-6,0,-4,88,87,-10
98,-13,-7,0,-4,88,87,-12
99,-14,-7,0,-4,88,89,-13
100,-14,-5,0,-4,88,91,-13
100,-15,-4,-2,-4,88,91,-14
99,-16,-3,-3,-4,88,93,-13
98,-18,-3,-3,-4,88,91,-15
97,-19,-3,-3,-4,88,91,-17
97,-21,-3,-3,-4,88,89,-19
98,-21,-3,-3,-4,88,90,-17
98,-21,-3,-3,-4,88,90,-17
98,-20,-3,-3,-4,88,91,-17
98,-20,-5,-4,-4,88,92,-19
97,-20,-6,-5,-4,88,91,-19
97,-20,-6,-5,-4,87,91,-19
98,-21,-5,-4,-4,86,92,-19
98,-21,-4,-4,-4,86,92,-19
98,-20,-4,-4,-4,86,92,-19
97,-19,-4,-3,-4,87,91,-18
96,-18,-3,-3,-4,88,90,-14
95,-16,-3,-3,-4,88,89,-13
95,-16,-3,-3,-4,88,90,-13
97,-16,-3,-3,-4,88,89,-15
98,-14,-4,-2,-4,88,90,-14
99,-12,-5,-2,-4,88,90,-12
98,-10,-4,-2,-4,88,90,-10
97,-10,-3,-3,-4,88,89,-7
97,-10,-3,-3,-4,88,89,-7
97,-9,-4,-2,-4,88,89,-9
97,-7,-5,-1,-4,88,89,-7
98,-5,-5,-1,-4,88,90,-6
98,-3,-5,-1,-4,88,90,-3
99,-3,-4,0,-4,88,90,-3
100,-2,-4,0,-4,88,89,-2
101,0,-4,1,-4,88,90,-1
101,1,-4,2,-4,88,90,1
100,2,-3,3,-4,88,89,2
100,3,-3,3,-4,88,89,2
101,5,-3,3,-4,88,90,4
101,8,-3,3,-4,88,90,7
102,9,-3,3,-4,88,90,8
102,9,-3,3,-4,88,90,8
102,10,-3,3,-4,88,91,8
102,11,-3,3,-4,88,91,9
103,14,-2,3,-4,88,91,12
104,17,-1,4,-4,88,92,14
104,17,0,5,-4,88,92,14
103,16,0,5,-4,88,91,17
103,16,0,6,-4,88,90,15
104,16,0,6,-4,88,90,17
104,18,0,6,-4,88,90,18
105,21,0,6,-4,88,91,20
105,23,0,6,-4,88,91,23
105,23,0,6,-4,88,91,23
105,23,0,6,-4,88,91,23
105,23,0,6,-4,88,91,23
106,24,0,6,-4,88,92,23
108,25,0,6,-4,88,93,24
110,25,0,6,-4,88,95,25
110,26,0,6,-4,88,95,25
109,26,0,6,-4,88,95,25
108,27,0,6,-4,88,93,26
108,28,0,6,-4,88,93,28
109,29,0,6,-4,88,95,29
110,31,0,6,-4,88,95,30
111,32,0,6,-4,88,96,31
112,32,0,6,-4,88,97,31
111,32,0,6,-4,88,96,31
112,31,0,6,-4,88,97,30
112,30,0,6,-4,88,97,29
112,30,0,6,-4,88,97,29
113,29,0,6,-4,88,98,28
113,28,0,6,-4,88,98,28
114,28,0,6,-4,88,98,28
114,28,0,6,-4,89,98,28
113,28,0,6,-4,90,98,28
112,27,0,6,-4,89,97,26
112,27,0,6,-4,88,97,26
112,27,0,6,-5,88,97,26
113,28,0,6,-6,88,98,28
113,28,0,6,-7,88,98,28
112,27,0,6,-7,88,97,26
111,27,0,6,-5,88,96,26
111,26,0,6,-3,88,96,25
111,26,0,6,-4,88,96,25
111,26,0,6,-6,88,96,25
110,26,0,6,-8,89,95,25
109,25,0,6,-8,90,95,25
109,25,0,6,-8,90,95,25
109,26,0,6,-7,90,95,25
111,26,0,6,-8,89,96,25
112,27,0,6,-8,88,97,26
112,27,0,6,-7,88,97,26
112,27,1,7,-6,88,97,26
112,27,2,8,-5,88,97,26
113,27,3,8,-7,88,98,26
114,28,3,8,-9,88,98,28
113,29,2,8,-9,88,98,29
112,31,1,7,-9,88,97,30
111,32,1,7,-9,88,96,31
111,33,2,8,-9,88,96,31
111,32,4,9,-9,88,96,31
111,32,4,10,-9,88,96,30
111,32,3,11,-9,88,96,31
112,34,1,11,-9,88,95,32
112,37,1,12,-9,88,95,34
113,39,1,12,-9,88,96,35
113,39,1,12,-9,88,96,35
112,39,1,12,-9,88,95,35
112,39,1,12,-9,88,95,35
113,39,1,12,-9,88,96,37
114,39,2,11,-9,88,96,37
116,41,3,10,-9,88,101,39
117,41,3,10,-9,88,101,40
117,43,3,9,-9,88,101,41
116,43,3,9,-9,88,101,41
115,44,3,10,-9,88,100,41
115,45,3,10,-9,88,100,42
114,45,3,10,-9,88,98,43
114,46,3,9,-9,88,98,43
114,46,3,9,-9,88,98,43
114,45,3,9,-9,88,98,43
114,45,3,9,-9,88,98,43
114,45,3,9,-9,88,98,43
114,45,3,9,-9,88,98,43
114,45,3,9,-9,88,98,43
115,46,3,9,-9,88,100,43
115,46,3,9,-9,88,100,43
114,45,3,10,-9,88,98,43
114,44,3,10,-9,88,98,41
113,43,3,10,-9,88,98,41
113,41,4,10,-9,88,98,40
114,41,3,9,-9,88,98,39
114,40,3,10,-9,88,98,39
113,39,3,10,-9,88,98,37
112,39,2,11,-9,88,95,37
112,39,2,12,-9,88,95,37
113,39,2,11,-9,88,96,37
113,37,2,9,-9,88,98,36
113,35,1,7,-9,88,98,34
112,33,0,7,-9,89,97,31
112,32,0,8,-9,90,97,31
111,32,0,9,-9,90,96,29
110,30,0,9,-9,90,96,29
110,28,1,8,-9,89,96,26
110,26,1,7,-9,88,95,25
109,25,0,6,-9,88,95,25
108,25,0,6,-9,88,93,24
107,22,0,7,-9,88,93,20
106,20,-1,8,-9,88,91,18
104,18,-1,8,-9,88,91,15
104,16,0,8,-9,88,90,14
103,14,0,7,-9,88,89,14
102,12,0,6,-9,88,89,13
101,9,0,5,-9,88,90,9
100,6,-1,3,-9,88,89,4
100,4,-2,3,-9,88,89,3
100,3,-3,3,-9,88,89,2
100,1,-4,4,-9,89,86,0
99,-1,-5,5,-9,90,85,-2
97,-3,-5,6,-9,90,84,-4
96,-6,-5,5,-9,90,84,-6
96,-8,-6,5,-9,89,84,-10
96,-11,-8,4,-9,88,84,-13
96,-14,-10,3,-9,88,84,-15
95,-16,-10,3,-8,88,83,-18
95,-18,-10,3,-7,88,83,-20
94,-21,-9,3,-7,88,81,-21
93,-23,-9,3,-7,88,81,-24
93,-25,-10,3,-7,88,81,-25
92,-28,-11,2,-6,88,80,-29
93,-31,-11,2,-4,88,80,-31
93,-33,-10,2,-3,88,81,-34
95,-34,-10,3,-3,88,83,-34
95,-34,-10,3,-4,88,83,-34
94,-34,-10,3,-6,88,83,-34
93,-34,-11,0,-6,88,83,-34
91,-36,-12,-1,-5,88,81,-35
91,-38,-12,-1,-4,88,81,-37
92,-40,-12,-1,-3,88,83,-40
93,-40,-11,0,-4,88,83,-40
92,-39,-10,0,-5,88,83,-39
91,-38,-9,-1,-6,87,84,-37
90,-36,-9,-2,-6,86,83,-36
90,-36,-10,-2,-5,87,83,-36
90,-36,-10,-1,-4,86,80,-36
90,-37,-9,0,-4,85,81,-36
90,-36,-7,0,-4,83,80,-36
89,-36,-7,0,-4,83,80,-34
89,-33,-6,0,-4,83,79,-31
88,-30,-7,0,-4,83,79,-28
89,-27,-7,0,-4,83,79,-25
89,-26,-7,0,-4,83,80,-24
89,-25,-7,0,-4,83,80,-24
89,-24,-5,1,-4,83,79,-23
89,-22,-4,2,-4,83,79,-21
90,-19,-4,1,-4,83,80,-19
91,-17,-5,1,-4,83,81,-15
93,-14,-6,2,-4,83,83,-13
94,-12,-7,4,-4,83,81,-14
95,-10,-6,6,-4,83,83,-12
97,-7,-6,7,-4,83,84,-9
98,-5,-6,7,-4,83,85,-7
100,-2,-6,6,-4,83,86,-4
101,0,-6,7,-4,83,87,-3
101,1,-5,7,-4,83,87,-1
100,4,-5,8,-4,83,85,1
100,7,-5,7,-4,83,86,3
100,9,-5,7,-4,83,87,6
101,10,-5,7,-3,83,87,6
102,10,-4,8,-3,83,86,8
104,10,-3,9,-3,83,87,8
105,11,-3,9,-4,83,89,9
105,13,-3,9,-3,83,89,12
104,15,-3,10,-1,83,89,13
104,16,-2,10,0,83,87,14
103,17,-2,10,0,81,87,14
103,16,-2,10,0,81,87,14
104,16,-3,10,0,82,87,14
103,16,-3,11,0,81,87,14
103,17,-4,11,0,80,87,12
103,16,-3,11,0,78,87,14
104,15,-3,10,0,77,89,13
105,13,-3,10,0,78,89,12
106,12,-3,10,0,78,90,10
106,12,-3,10,0,78,90,10
106,12,-3,10,0,78,90,10
106,12,-3,10,0,78,90,10
105,10,-3,10,0,78,90,8
105,7,-3,10,0,78,89,6
104,6,-3,10,0,78,89,4
104,5,-3,10,0,78,89,4
105,4,-2,10,0,78,89,3
105,2,-3,10,0,78,89,1
104,0,-3,10,0,78,89,0
103,0,-3,10,0,78,87,-1
102,-1,-2,10,0,78,86,-1
101,-1,-2,10,0,78,85,-2
100,-2,-3,10,0,78,85,-2
99,-4,-3,9,0,78,84,-4
100,-6,-5,7,0,78,87,-8
101,-7,-6,7,0,78,87,-9
101,-7,-5,7,0,78,89,-9
101,-7,-5,7,0,78,89,-7
101,-7,-5,7,0,78,87,-7
101,-7,-5,7,0,78,87,-9
100,-6,-6,6,0,78,86,-8
100,-6,-6,6,0,78,86,-8
100,-6,-6,6,0,78,87,-8
101,-7,-6,7,1,78,87,-9
100,-6,-5,7,1,78,87,-6
99,-4,-3,9,1,78,84,-4
99,-3,-3,9,0,78,84,-3
98,-2,-4,8,0,78,83,-3
98,-3,-4,8,0,78,85,-3
98,-3,-4,8,0,76,83,-3
98,-2,-3,9,0,76,83,-2
97,0,-2,10,1,76,81,-1
97,1,-2,10,3,78,81,0
98,2,-3,9,3,78,83,1
98,2,-3,9,3,77,83,1
99,3,-3,9,3,75,84,2
98,6,-3,9,2,75,83,4
98,7,-3,9,2,75,83,6
97,7,-3,9,3,76,83,6
98,7,-3,9,4,76,83,6
99,8,-3,9,4,76,84,7
100,8,-3,9,4,76,85,7
101,9,-2,10,3,77,85,7
101,9,-2,10,2,78,85,7
100,9,-3,10,1,78,85,7
100,9,-3,10,2,76,84,7
101,9,-2,10,3,74,85,7
102,8,-3,10,4,73,86,7
103,6,-3,10,4,72,87,4
103,5,-3,9,4,73,87,3
101,4,-4,8,4,75,86,3
101,3,-3,9,4,75,85,2
100,1,-3,10,4,74,85,1
102,0,-3,11,4,73,86,-1
103,0,-5,10,4,73,87,-3
103,0,-6,8,4,73,87,-3
103,0,-7,7,4,73,89,-3
101,-1,-6,6,4,73,87,-4
101,-3,-6,6,4,73,87,-6
101,-6,-6,7,4,73,87,-8
101,-7,-6,7,4,73,87,-9
101,-7,-6,7,4,73,87,-9
100,-8,-6,7,4,73,87,-10
98,-8,-7,7,4,73,83,-10
97,-10,-7,8,4,73,81,-12
97,-11,-8,9,4,73,83,-13
99,-12,-7,8,4,73,84,-14
99,-14,-7,7,4,73,84,-15
98,-15,-6,7,4,73,85,-17
97,-16,-6,7,4,73,84,-18
95,-16,-7,7,4,73,80,-18
95,-17,-7,8,4,73,80,-18
95,-17,-8,9,4,73,80,-18
95,-16,-7,8,4,73,80,-18
94,-15,-7,7,4,73,80,-17
94,-14,-6,7,4,73,83,-17
95,-13,-6,7,4,73,83,-15
95,-12,-6,7,4,73,83,-14
95,-11,-6,7,4,73,83,-13
96,-10,-6,7,4,73,84,-12
96,-10,-6,7,4,72,84,-12
96,-8,-6,7,4,72,84,-10
95,-7,-6,6,4,71,83,-9
96,-5,-6,6,4,72,84,-8
97,-3,-6,7,4,72,84,-6
98,-2,-5,7,4,73,85,-4
97,0,-3,9,4,73,81,-1
96,0,-3,10,4,73,81,0
96,3,-2,10,4,73,81,2
97,5,-2,10,4,73,81,4
98,7,-3,10,4,73,83,6
98,7,-3,10,4,73,83,6
97,7,-3,10,4,73,83,6
98,9,-2,10,4,73,83,8
99,11,-3,10,4,73,84,9
100,13,-3,10,4,73,85,10
101,13,-3,10,4,73,85,10
100,13,-3,10,4,73,84,10
99,13,-3,10,4,73,84,12
99,14,-3,10,4,73,84,12
101,14,-3,10,4,73,85,13
102,16,-3,10,4,73,86,14
103,18,-3,10,4,73,87,15
102,20,-2,9,4,73,86,17
101,20,-3,10,4,73,85,18
100,20,-3,11,4,73,85,18
101,21,-5,12,4,73,83,15
102,21,-6,13,4,73,84,17
104,23,-6,14,4,73,86,18
105,23,-6,14,4,73,86,18
105,21,-6,13,4,73,87,15
104,18,-6,13,4,73,86,14
102,18,-6,13,4,72,84,13
102,18,-5,14,5,72,84,14
102,19,-5,14,6,72,84,14
102,18,-4,15,5,72,84,13
104,17,-5,14,4,72,85,12
104,16,-5,14,4,73,86,12
104,16,-6,13,4,73,85,12
103,14,-6,13,4,73,85,10
102,12,-6,14,4,73,84,8
102,10,-6,14,4,73,84,6
102,9,-6,14,4,73,84,6
103,9,-6,13,4,73,85,4
103,8,-6,14,4,73,85,4
102,7,-6,14,4,73,84,3
101,5,-6,13,4,73,84,1
100,4,-4,12,4,73,83,1
100,3,-4,12,4,73,83,0
100,0,-5,13,4,73,83,-2
99,-1,-6,14,4,73,81,-3
99,-3,-6,14,4,73,81,-6
98,-3,-4,13,4,73,81,-6
97,-4,-3,11,4,73,83,-4
95,-4,-4,10,4,73,80,-7
94,-5,-7,10,4,73,80,-8
95,-7,-9,10,4,73,78,-9
96,-9,-10,10,4,73,79,-13
96,-10,-10,10,4,73,79,-15
94,-11,-9,10,4,73,78,-13
92,-11,-9,10,4,73,75,-13
91,-10,-9,10,4,73,74,-13
92,-11,-10,10,4,73,75,-15
93,-12,-9,10,4,73,75,-14
93,-12,-9,10,4,73,76,-14
93,-12,-9,10,4,73,76,-14
92,-11,-9,10,4,73,75,-13
91,-10,-9,10,4,73,76,-13
91,-9,-9,10,4,73,76,-12
92,-8,-9,10,4,73,75,-10
94,-7,-9,10,4,73,78,-9
95,-7,-9,10,4,73,78,-9
95,-6,-10,10,4,73,78,-10
95,-6,-10,9,4,73,80,-10
94,-5,-11,9,4,73,79,-10
94,-5,-10,9,4,73,79,-10
94,-5,-10,10,4,73,78,-9
94,-5,-9,10,4,73,78,-8
94,-6,-9,10,4,73,78,-8
94,-5,-9,10,4,73,78,-8
94,-5,-9,10,4,73,80,-8
95,-5,-9,10,4,73,80,-7
96,-4,-9,10,4,73,81,-7
97,-4,-9,10,4,73,80,-7
97,-3,-8,11,4,73,80,-6
98,-2,-7,12,4,73,80,-4
97,0,-7,12,4,73,79,-3
96,0,-8,11,4,73,79,-2
96,1,-8,11,4,73,79,-2
96,0,-8,11,4,73,79,-2
96,0,-7,12,4,73,79,-2
96,0,-6,13,4,73,79,-2
96,0,-5,14,4,73,79,-2
97,1,-6,14,4,73,80,-1
99,2,-6,14,4,73,81,0
100,3,-6,13,4,73,83,0
101,3,-6,13,4,73,83,0
100,2,-6,14,4,73,83,0
100,3,-6,14,4,71,83,0
101,5,-6,14,4,69,83,2
101,8,-6,13,4,68,84,4
102,9,-5,13,4,69,84,6
102,10,-4,12,4,72,84,6
102,10,-3,11,4,73,86,8
102,11,-3,11,3,72,86,9
103,14,-4,11,4,70,87,9
104,17,-5,12,4,68,85,12
104,19,-6,14,4,67,86,14
105,21,-5,15,3,67,86,17
105,23,-3,16,3,68,86,18
104,25,-2,17,4,70,86,21
105,26,-1,16,5,71,86,23
105,29,-1,16,6,71,86,25
107,31,-1,15,5,70,89,28
108,35,0,16,4,68,90,31
109,38,2,17,3,67,90,34
110,42,3,18,3,68,91,37
111,45,2,19,4,70,91,40
112,48,1,19,4,70,90,42
112,50,2,19,4,69,90,45
112,52,2,18,4,68,92,47
112,56,3,17,4,69,92,52
113,60,4,18,4,71,93,56
114,63,4,21,3,72,92,57
114,65,4,23,3,71,92,58
113,66,4,24,4,70,89,59
113,67,4,23,5,69,91,61
113,69,4,23,6,69,91,63
114,72,4,23,5,69,91,65
114,74,6,25,4,69,90,69
115,74,7,25,3,68,90,69
114,74,7,25,3,69,90,69
115,74,6,25,4,71,90,69
116,75,6,24,4,73,91,69
116,75,5,24,4,73,93,68
115,75,5,24,3,72,92,68
115,74,5,23,4,71,92,67
116,73,4,23,4,70,93,67
117,72,4,23,4,70,95,65
118,70,4,23,4,71,96,63
118,68,4,23,4,70,96,62
118,67,4,23,4,70,96,61
119,66,4,23,4,71,96,59
120,65,4,23,4,72,97,59
120,64,4,23,4,73,97,58
120,62,4,23,4,73,97,56
119,60,4,23,4,73,96,54
119,59,4,23,4,73,96,53
118,57,3,22,4,73,96,52
118,55,3,22,4,73,96,50
117,53,2,21,3,73,95,48
117,52,1,21,3,73,95,47
115,52,1,20,2,73,93,47
115,52,0,20,3,73,92,46
114,50,0,20,3,73,92,45
114,47,0,21,4,73,92,42
114,46,1,20,4,73,92,41
114,45,2,19,4,73,92,40
114,45,3,17,4,73,93,41
113,45,3,18,4,73,93,40
113,45,1,19,4,73,91,40
113,45,1,20,4,72,91,40
112,44,2,19,4,73,90,40
110,43,3,17,2,73,91,39
110,43,3,15,1,73,90,41
110,43,1,15,1,73,90,39
110,43,0,16,2,73,91,39
110,43,0,17,2,73,91,39
111,43,0,17,1,73,91,39
110,43,-1,16,1,73,91,39
109,42,-2,16,2,73,90,36
107,41,-2,17,3,73,89,35
106,41,-2,16,4,72,87,36
105,41,0,15,4,73,86,36
106,40,0,14,4,73,87,36
107,39,0,14,4,73,89,35
108,38,0,14,3,73,89,34
107,36,0,14,3,73,89,32
106,34,0,14,2,73,87,30
104,34,0,13,3,73,87,30
105,32,0,13,3,73,89,29
106,31,0,13,4,73,90,28
107,30,0,13,4,73,90,26
106,28,0,13,4,73,90,25
105,26,0,13,4,73,89,24
104,25,0,13,4,73,89,21
105,23,0,13,4,73,89,20
105,22,0,13,3,73,89,20
105,21,0,13,3,73,89,18
104,19,0,13,2,73,89,17
103,17,0,13,3,73,87,14
102,15,0,14,3,73,84,13
101,13,0,14,4,73,84,10
101,11,0,14,4,73,83,9
101,10,0,14,4,73,84,8
102,9,-2,14,4,73,84,7
102,10,-3,15,4,73,84,6
102,10,-3,16,4,73,84,6
101,9,-2,16,4,73,83,7
99,8,-2,14,4,71,81,6
98,7,-3,13,4,70,80,3
97,7,-5,13,4,70,80,3
97,7,-6,13,4,71,80,3
98,7,-6,14,4,72,80,3
99,6,-6,14,4,72,81,2
99,4,-6,14,4,70,81,1
100,4,-6,14,4,69,81,1
99,4,-6,14,4,68,81,1
99,5,-6,13,4,68,81,2
98,6,-6,13,3,68,80,2
98,7,-6,13,4,68,80,3
97,7,-6,13,4,69,80,3
97,7,-6,13,4,70,80,3
98,7,-6,13,3,69,80,3
98,7,-6,13,3,68,80,3
97,7,-6,13,4,68,80,3
97,7,-6,13,5,68,80,3
98,7,-6,13,7,68,80,3
98,7,-6,13,7,68,80,3
98,7,-6,13,7,68,80,3
97,8,-6,13,7,68,79,4
96,10,-6,13,8,68,78,6
95,11,-6,13,9,69,78,7
96,10,-6,13,9,69,79,7
97,8,-6,13,9,69,79,4
97,6,-6,13,8,68,79,3
97,6,-6,13,7,69,79,2
97,6,-6,14,7,70,79,3
96,6,-6,13,7,71,79,2
95,6,-6,13,8,70,78,2
93,5,-6,14,9,69,76,1
93,5,-6,14,9,68,75,1
93,4,-6,14,8,68,76,1
95,3,-6,13,8,68,78,0
95,1,-4,12,8,68,78,-1
95,0,-3,11,9,68,80,0
93,0,-3,11,8,68,79,-1
92,-3,-5,11,8,68,78,-6
92,-5,-7,12,8,68,75,-8
92,-8,-8,12,8,68,75,-10
92,-11,-9,11,8,68,75,-13
93,-12,-8,11,8,68,75,-14
93,-12,-8,11,8,68,75,-14
92,-14,-7,10,8,68,78,-15
92,-17,-8,9,8,68,78,-18
91,-18,-9,9,8,68,76,-20
91,-19,-9,10,8,68,76,-20
90,-19,-10,10,8,68,73,-23
88,-20,-9,10,8,68,72,-24
88,-22,-9,10,8,68,72,-24
88,-25,-9,10,8,68,72,-25
89,-25,-9,10,8,68,73,-26
90,-26,-10,10,8,68,74,-29
90,-25,-10,9,8,68,75,-29
90,-25,-11,9,8,68,75,-29
90,-25,-10,9,8,68,75,-29
90,-25,-10,10,8,67,73,-29
89,-25,-9,10,8,66,73,-26
88,-25,-9,10,8,65,72,-25
88,-23,-9,10,8,64,74,-24
88,-20,-9,10,8,63,74,-21
89,-18,-9,10,8,63,73,-19
89,-16,-9,10,8,63,73,-18
89,-15,-9,10,8,63,75,-17
89,-14,-10,10,8,63,73,-19
89,-13,-9,10,8,63,75,-15
90,-10,-8,11,8,63,73,-12
91,-6,-7,13,8,63,74,-8
91,-3,-6,14,8,63,74,-6
92,-1,-6,13,8,63,75,-4
93,0,-7,12,8,63,76,-3
95,0,-7,12,8,63,78,-3
95,1,-7,12,8,63,78,-1
95,4,-6,13,8,63,78,1
96,7,-6,13,8,63,79,3
97,10,-6,14,8,63,79,7
98,13,-5,14,8,63,80,9
99,15,-3,15,8,63,81,10
99,18,-2,17,8,63,81,13
99,19,-2,17,8,63,81,14
101,21,-2,17,9,63,83,15
103,21,-2,16,10,62,85,17
104,22,-2,16,10,62,85,18
104,24,-2,17,10,62,86,19
104,26,-1,18,9,63,83,23
104,28,-1,18,8,63,84,25
105,29,-1,17,8,63,85,26
106,31,-2,17,8,63,87,25
106,32,-1,18,8,63,85,29
105,32,0,19,9,62,85,29
106,31,0,20,10,62,85,28
108,31,1,20,12,62,86,28
109,33,1,20,12,62,87,29
109,35,0,20,11,63,87,31
109,37,0,20,10,62,87,32
108,36,0,20,10,62,87,32
109,36,1,20,11,62,87,31
109,35,0,20,12,63,89,31
109,35,0,20,12,63,89,31
109,36,0,20,11,62,87,32
108,36,0,20,11,61,87,32
108,36,0,20,12,61,87,32
108,36,0,20,13,61,87,32
108,36,1,20,13,62,87,32
108,36,1,20,12,63,87,32
108,36,0,20,11,63,87,32
108,36,0,20,10,62,87,32
108,36,0,20,9,63,87,32
108,36,1,20,9,63,87,32
108,36,2,21,10,63,87,32
109,36,2,21,10,62,87,32
108,36,2,21,10,62,87,32
108,37,1,20,9,63,86,34
107,39,0,20,8,63,86,35
106,40,1,21,8,63,85,36
106,41,2,21,8,63,85,36
106,40,3,22,8,63,85,36
106,40,2,21,8,63,85,36
107,41,2,21,8,63,86,36
109,42,2,21,8,63,87,37
110,43,2,21,8,63,89,39
111,43,3,21,8,63,89,39
110,43,2,21,8,63,89,39
110,43,2,21,8,63,89,39
110,43,2,21,8,63,89,39
110,43,2,21,8,63,89,39
110,43,2,21,8,63,89,39
110,43,1,20,8,63,89,39
110,43,0,20,8,63,89,39
110,43,0,20,8,63,89,39
111,43,0,20,8,63,90,39
111,42,1,20,8,63,90,37
110,41,1,20,8,63,89,36
108,40,0,20,8,63,87,36
107,39,0,20,8,63,86,35
108,38,1,20,8,63,86,34
108,37,1,20,8,63,86,32
108,35,1,20,8,63,86,31
107,33,0,20,8,63,86,29
106,31,0,19,8,63,85,28
106,30,0,19,8,63,85,26
105,29,0,19,8,63,85,25
105,27,0,18,8,63,84,24
105,25,-1,18,8,63,84,21
105,21,-2,17,8,64,87,17
106,19,-2,16,8,65,87,14
105,17,-2,17,8,65,87,13
104,16,-2,17,8,65,86,12
102,15,-2,17,8,65,84,10
100,15,-2,17,8,65,83,10
99,14,-2,17,8,65,81,9
100,13,-2,17,8,65,83,8
101,11,-2,17,8,65,84,7
101,9,-2,17,8,65,83,4
99,7,-2,17,8,65,81,3
98,7,-2,17,8,65,80,3
97,7,-2,17,8,65,80,3
98,7,-2,17,8,64,80,3
98,7,-2,17,8,63,80,3
99,5,-2,17,8,63,81,2
100,4,-2,17,8,63,80,1
100,4,-2,17,8,63,80,1
100,4,-3,17,8,63,80,1
98,6,-3,16,8,63,81,2
97,7,-3,15,8,63,80,3
97,7,-3,16,8,64,80,3
99,8,-3,18,8,65,79,4
101,9,-4,19,8,64,80,6
102,10,-5,20,8,63,80,6
102,9,-6,21,8,62,80,6
102,10,-6,20,8,62,79,6
101,11,-5,20,8,63,79,7
101,13,-4,19,8,64,81,9
102,15,-4,19,8,65,81,10
103,16,-4,19,8,65,83,12
104,17,-4,19,8,65,84,12
104,18,-4,19,8,65,84,14
104,21,-3,18,8,64,84,15
105,23,-2,18,8,63,85,18
105,23,0,18,8,63,85,20
105,23,0,19,8,63,84,20
104,24,0,19,8,63,84,21
104,25,0,19,8,63,84,21
104,25,0,19,8,63,83,23
104,26,0,18,8,63,83,23
104,28,0,18,8,63,84,24
104,28,0,18,8,63,84,25
104,28,-1,18,8,63,84,25
103,27,-2,17,8,63,85,21
102,27,-2,17,8,63,84,21
102,27,-2,17,8,63,84,21
103,27,-2,17,8,63,85,21
103,26,-2,17,8,63,85,21
103,25,-2,17,8,63,84,19
101,23,-2,17,8,63,83,18
100,21,-2,17,8,63,83,17
101,20,-2,17,8,63,83,15
101,21,-2,17,8,63,83,15
101,21,-2,17,8,63,84,17
101,20,-2,17,8,63,83,15
101,18,-2,17,8,63,83,14
100,16,-2,17,8,63,83,12
99,14,-2,17,8,63,81,9
99,13,-2,17,8,63,81,9
99,14,-2,17,8,63,81,9
100,14,-2,17,9,63,81,10
99,14,-2,17,8,63,81,9
99,12,-2,17,7,63,81,8
98,9,-2,17,4,64,80,6
97,7,-2,17,3,65,80,3
97,7,-2,17,3,66,80,3
98,7,-2,17,5,65,80,3
98,7,-3,17,7,65,78,3
98,7,-3,18,7,66,78,3
97,7,-3,18,5,68,78,3
96,7,-3,18,3,68,76,3
95,5,-2,17,3,68,75,2
94,3,-3,18,5,68,75,0
95,1,-4,19,6,68,75,-1
95,0,-5,20,5,68,73,-2
93,0,-6,21,4,68,72,-6
92,-1,-5,21,3,67,70,-4
91,-3,-5,20,3,66,72,-7
91,-6,-5,18,5,67,72,-8
92,-7,-7,17,6,67,73,-9
92,-7,-8,16,5,67,73,-12
91,-7,-9,16,4,66,72,-12
91,-7,-8,16,3,67,72,-12
91,-9,-7,14,3,68,74,-12
92,-11,-6,14,4,68,75,-13
91,-13,-6,14,4,68,75,-14
90,-14,-7,15,4,68,73,-15
89,-15,-7,14,4,68,73,-17
89,-16,-6,14,4,68,73,-18
90,-18,-6,13,3,68,74,-19
91,-18,-6,14,3,68,75,-20
92,-19,-6,14,4,68,75,-20
91,-19,-7,15,5,68,72,-20
90,-19,-9,15,6,67,72,-23
89,-20,-10,13,4,66,73,-23
90,-19,-10,11,3,66,74,-23
91,-19,-9,10,3,67,74,-20
91,-18,-8,10,5,67,74,-20
91,-19,-8,11,6,68,75,-20
91,-18,-9,13,5,68,74,-23
91,-19,-9,13,4,68,74,-23
90,-19,-8,13,3,68,74,-20
91,-19,-8,12,3,68,74,-20
92,-18,-8,11,4,68,75,-20
94,-17,-8,11,4,68,76,-19
94,-15,-7,12,3,67,78,-17
93,-13,-6,13,3,66,76,-15
93,-12,-6,14,3,65,75,-14
93,-12,-7,14,3,66,75,-14
94,-11,-7,15,3,66,76,-13
95,-9,-7,14,3,67,78,-12
95,-7,-6,14,3,66,78,-9
95,-6,-6,13,3,66,78,-8
94,-5,-6,14,3,66,78,-8
93,-4,-6,15,3,66,76,-7
93,-2,-5,16,3,66,74,-4
94,0,-5,17,3,66,75,-3
96,0,-4,18,3,66,76,-2
98,2,-4,19,3,67,78,-1
98,3,-4,19,4,67,79,0
98,6,-4,19,3,67,79,2
98,7,-5,19,3,66,78,3
97,7,-5,20,3,65,75,3
97,7,-6,20,3,64,75,3
98,7,-5,21,3,63,75,3
98,7,-6,20,3,63,75,3
98,7,-5,20,3,63,75,3
98,7,-5,20,4,63,75,3
97,7,-6,20,5,63,75,3
97,7,-5,20,5,63,75,3
98,7,-5,20,5,63,75,3
98,6,-5,20,4,64,76,2
100,4,-5,21,3,65,78,1
100,3,-5,20,3,66,78,0
99,2,-7,19,3,65,79,-3
97,1,-8,18,3,64,78,-3
96,0,-9,17,3,63,76,-4
96,1,-8,18,3,63,76,-3
96,0,-8,18,3,63,76,-4
96,0,-8,18,3,63,76,-6
95,-3,-9,18,3,64,75,-8
94,-5,-9,17,3,65,75,-10
94,-6,-8,15,3,65,75,-10
94,-5,-7,14,3,65,78,-8
94,-5,-7,15,3,64,78,-8
93,-6,-7,16,3,63,74,-10
92,-7,-8,16,3,63,73,-12
90,-8,-8,16,3,63,72,-13
90,-8,-7,15,3,63,72,-10
90,-8,-6,14,3,63,73,-10
90,-7,-7,14,3,63,74,-10
91,-7,-7,15,3,63,72,-9
92,-7,-8,15,3,63,73,-12
93,-7,-7,15,3,63,74,-9
93,-6,-6,15,3,63,76,-8
93,-5,-3,16,3,63,76,-7
93,-3,-2,17,3,63,76,-7
94,-2,-2,17,3,63,78,-4
95,0,-3,16,3,63,78,-3
96,0,-4,15,3,63,79,-2
97,0,-3,16,3,64,79,-2
97,1,-2,16,3,64,80,-1
98,3,-2,17,3,65,79,0
98,6,-2,17,3,65,78,2
98,7,-2,17,3,65,80,3
99,8,-2,16,3,66,81,4
101,9,-2,17,3,66,83,4
102,9,-2,19,3,65,81,6
101,11,-2,22,3,65,79,7
100,13,-2,23,3,64,78,8
99,13,-2,21,3,64,76,9
99,14,-1,19,3,64,79,9
101,14,-2,18,3,65,80,10
102,15,-3,18,3,65,83,10
104,16,-3,18,3,65,83,12
104,16,-3,18,3,64,84,12
104,17,-2,17,3,63,83,12
104,16,-1,18,3,63,83,14
104,16,-1,19,3,63,83,12
104,16,-3,19,3,63,84,12
104,17,-4,19,3,63,84,12
103,17,-5,20,3,63,80,12
102,15,-4,21,3,63,80,10
101,13,-3,21,3,63,79,9
101,11,-3,20,3,63,81,7
102,9,-4,20,5,63,81,6
102,9,-5,20,7,63,80,6
101,9,-6,20,8,63,79,4
99,8,-6,20,7,63,76,4
98,7,-5,20,6,63,75,3
98,6,-5,20,7,63,76,2
99,5,-5,21,8,63,78,1
100,3,-6,20,9,63,78,0
100,0,-6,19,8,63,78,-4
100,-1,-8,18,7,63,80,-6
98,-3,-9,17,4,63,79,-8
97,-4,-9,17,3,63,78,-9
95,-5,-9,17,4,63,76,-9
94,-5,-9,17,5,63,75,-9
95,-7,-9,17,7,63,76,-12
96,-8,-9,17,7,63,76,-13
96,-10,-9,17,7,63,76,-14
94,-11,-9,17,7,63,75,-15
93,-12,-9,17,7,63,74,-17
93,-14,-9,17,7,63,74,-18
94,-15,-9,17,5,63,75,-19
94,-17,-9,17,3,63,75,-20
92,-17,-10,18,3,63,70,-20
90,-17,-11,20,4,63,69,-21
90,-18,-11,20,7,63,69,-21
90,-18,-10,18,9,63,69,-21
91,-18,-9,17,9,63,72,-21
90,-17,-9,17,8,63,72,-21
90,-16,-9,17,7,63,70,-20
89,-16,-9,17,7,63,70,-20
89,-15,-9,17,6,63,70,-19
89,-14,-9,17,6,63,70,-19
89,-14,-9,17,7,63,70,-19
88,-14,-9,17,7,63,70,-19
88,-15,-9,17,8,63,69,-19
89,-14,-9,17,8,63,70,-19
90,-14,-9,17,8,63,72,-18
92,-13,-9,17,8,63,73,-18
93,-12,-9,17,8,61,74,-17
92,-11,-9,18,8,59,73,-15
91,-9,-10,18,8,58,69,-14
90,-8,-10,18,8,57,69,-13
90,-7,-10,18,8,58,69,-12
91,-7,-10,18,8,58,70,-12
93,-7,-10,18,8,58,72,-12
94,-5,-10,20,8,58,73,-10
94,-4,-9,22,8,58,70,-9
92,-3,-9,24,8,58,69,-8
92,-1,-8,25,8,58,68,-7
93,0,-9,24,8,58,69,-6
95,0,-9,24,8,58,70,-4
96,0,-9,24,8,58,73,-4
97,0,-9,24,7,58,73,-4
96,1,-8,24,8,58,72,-4
95,1,-9,24,10,57,72,-3
95,1,-9,24,11,58,72,-3
95,2,-9,24,11,58,72,-3
95,2,-8,24,11,58,70,-2
94,3,-8,23,12,57,70,-2
94,3,-7,22,12,57,73,-2
95,2,-8,23,11,56,72,-3
96,0,-8,24,9,56,72,-4
96,0,-9,24,9,56,72,-4
96,1,-9,24,10,56,72,-3
96,3,-9,24,12,57,72,-2
96,3,-9,24,13,57,73,-1
97,4,-9,24,13,58,73,-1
97,4,-8,24,12,56,73,-1
97,4,-7,23,12,54,73,-1
96,4,-7,23,12,53,74,-1
95,3,-8,23,13,52,72,-1
95,3,-8,23,12,53,70,-1
95,5,-7,24,12,53,72,0
96,6,-6,24,12,53,73,1
97,7,-6,24,12,53,73,2
98,7,-7,24,12,53,74,1
98,7,-9,25,12,53,74,1
98,8,-8,25,12,53,74,2
98,10,-6,26,12,53,74,3
98,11,-4,25,12,53,74,4
99,13,-4,24,12,53,74,8
99,14,-4,24,12,53,76,9
99,16,-4,24,12,53,76,12
99,18,-3,24,12,53,76,13
100,19,-2,24,12,53,78,14
100,20,-1,24,12,53,78,15
100,22,-3,25,12,53,78,17
99,23,-4,26,12,53,75,15
99,24,-5,27,12,53,74,17
98,25,-4,27,12,53,74,18
99,27,-4,26,12,53,74,19
100,29,-4,26,12,53,75,20
101,30,-5,27,12,53,76,21
101,30,-5,27,12,53,76,21
101,30,-5,27,12,53,76,23
100,31,-5,27,12,53,75,23
100,31,-5,27,12,53,75,23
100,31,-5,27,12,53,75,23
100,31,-5,27,12,53,75,23
100,32,-5,27,12,53,75,24
101,31,-4,26,12,53,75,23
101,30,-4,26,12,53,76,24
102,28,-3,25,12,53,76,23
102,27,-2,24,12,53,79,21
101,26,-2,24,12,53,79,20
100,25,-2,24,12,53,78,20
100,24,-3,25,12,53,78,19
100,22,-3,25,12,53,75,17
101,20,-3,24,12,53,79,15
102,19,-2,24,12,53,79,14
103,18,-3,25,12,53,78,13
102,16,-4,25,12,53,78,9
101,14,-5,25,12,53,76,8
100,12,-4,24,12,53,75,8
100,10,-3,24,12,53,78,6
99,8,-3,24,12,53,76,4
98,7,-3,24,12,53,75,3
96,6,-4,22,12,53,74,2
95,4,-4,21,12,53,74,1
95,2,-4,21,12,53,73,-1
96,0,-4,21,12,53,74,-2
96,0,-5,21,12,53,74,-2
97,0,-6,20,12,53,75,-2
96,0,-6,20,12,53,74,-2
95,0,-6,20,12,53,73,-2
93,0,-5,21,12,53,72,-3
92,-1,-5,20,12,53,70,-4
91,-1,-5,20,12,53,70,-4
92,-1,-6,20,12,53,70,-4
92,-1,-6,21,12,53,70,-7
92,-1,-7,22,12,53,70,-7
92,-1,-7,22,12,53,70,-7
92,-1,-8,23,12,53,68,-7
91,0,-9,24,13,53,68,-6
90,1,-9,24,13,52,67,-4
89,2,-9,24,12,52,65,-3
89,2,-8,24,12,51,65,-2
90,3,-8,24,12,51,67,-2
91,3,-9,24,13,50,68,-2
91,4,-9,24,13,50,68,-1
92,6,-9,24,14,50,68,0
92,7,-8,24,14,50,68,1
91,8,-7,25,14,51,68,2
91,9,-8,25,15,50,68,2
92,10,-8,25,15,48,68,3
94,11,-7,25,15,47,70,4
95,11,-5,25,16,47,72,4
95,11,-3,25,17,48,74,7
95,11,-3,25,17,48,73,7
95,11,-5,25,17,48,72,4
96,12,-7,26,17,47,72,6
97,14,-7,26,17,47,73,8
98,17,-4,26,17,47,74,10
97,18,-3,25,17,47,73,13
97,18,-2,24,17,47,74,13
97,18,-2,24,17,47,74,13
97,18,-3,25,17,47,75,13
98,18,-3,25,16,47,74,14
98,19,-3,26,15,47,74,14
98,19,-4,26,16,47,74,14
98,19,-3,25,17,47,74,14
100,20,-3,25,17,47,75,14
101,20,-3,25,17,48,75,15
101,21,-4,26,17,47,76,14
101,21,-5,27,17,47,76,13
101,21,-4,26,17,47,76,13
101,21,-3,25,17,48,76,15
101,21,-2,24,17,48,79,15
101,21,-2,24,17,47,79,15
101,21,-3,25,17,46,79,15
101,21,-3,25,17,46,76,15
101,21,-3,25,17,46,76,15
100,20,-4,26,17,47,75,13
99,20,-5,27,17,48,75,13
98,19,-5,28,17,46,74,12
98,19,-5,27,17,44,73,12
97,18,-5,27,17,44,73,10
97,18,-5,27,17,44,73,10
97,18,-5,27,17,46,73,10
97,18,-5,27,17,46,73,10
97,18,-5,27,17,46,73,10
97,18,-5,27,17,46,73,10
97,18,-5,27,17,46,73,10
97,18,-5,27,17,46,73,10
97,17,-5,27,17,44,73,9
98,15,-5,27,17,43,74,8
99,14,-5,27,17,43,75,7
99,14,-5,27,17,44,75,7
99,14,-5,27,17,45,74,8
99,14,-5,27,17,46,74,7
100,12,-5,27,17,45,75,6
101,11,-5,28,17,44,76,4
101,10,-5,27,17,43,76,3
101,10,-4,26,17,43,76,4
101,11,-3,24,17,42,79,7
101,11,-2,24,17,43,79,7
101,11,-3,24,17,43,79,7
100,12,-3,25,17,44,75,8
99,13,-3,25,17,44,76,9
100,14,-2,24,17,44,78,9
101,15,-2,23,17,45,79,10
102,17,-2,25,17,46,79,12
102,19,-4,26,17,47,76,12
101,20,-5,28,17,48,76,13
101,21,-5,27,17,48,76,13
102,21,-4,26,17,47,78,14
103,23,-3,25,17,46,78,18
103,26,-1,25,17,46,78,20
104,29,0,27,17,46,79,24
104,32,0,29,17,47,79,26
105,35,0,29,17,48,80,29
107,37,0,29,17,48,81,30
107,39,-1,29,17,47,81,32
107,43,-1,30,17,47,79,36
107,45,0,32,17,47,79,39
108,47,0,33,17,48,80,40
108,49,1,34,17,47,80,42
109,52,2,34,17,47,80,45
110,55,2,34,17,47,81,47
110,59,2,35,17,47,81,51
111,61,3,35,17,47,83,52
112,63,3,35,16,47,84,54
112,65,3,35,14,47,84,56
112,67,4,36,14,47,81,58
112,69,5,37,15,47,81,62
112,71,5,37,16,47,81,64
113,73,5,37,15,48,81,65
114,74,5,37,14,48,83,67
115,74,5,37,13,48,84,67
115,74,5,37,13,48,84,67
114,74,5,37,14,47,83,67
115,73,5,37,14,48,84,65
116,72,5,37,13,49,85,64
117,70,5,37,12,50,85,63
117,68,4,36,12,50,85,58
116,65,2,35,12,48,86,57
115,63,1,34,12,47,86,54
115,61,2,33,12,48,86,53
114,58,2,33,12,49,85,50
113,55,3,32,12,51,85,47
112,52,1,32,12,53,84,45
111,49,0,31,12,53,83,42
109,46,-1,31,13,53,81,40
109,43,-2,31,13,53,81,36
109,38,-1,30,12,53,81,31
108,34,-2,29,11,53,80,28
107,31,-3,28,10,53,81,23
106,29,-5,28,11,53,80,21
104,27,-5,27,12,53,79,19
103,24,-5,27,12,53,79,17
103,20,-5,27,12,53,78,13
103,15,-5,27,10,53,78,9
102,11,-4,27,10,53,78,6
101,9,-5,27,9,53,76,3
99,7,-6,26,8,53,74,1
98,6,-7,25,7,53,74,0
99,4,-9,24,7,53,75,-1
100,3,-9,24,8,53,75,-2
101,3,-9,24,8,53,76,-2
101,3,-8,24,8,53,76,-2
100,3,-8,24,7,53,76,-2
100,3,-9,24,7,53,76,-2
100,3,-10,25,7,53,76,-2
100,3,-11,26,7,53,74,-4
100,2,-12,27,7,53,74,-4
100,3,-12,28,7,53,74,-4
101,5,-12,28,7,53,74,-2
101,8,-12,27,7,53,75,0
102,10,-12,27,7,53,75,1
102,10,-12,28,7,53,75,2
102,10,-12,28,7,53,75,1
101,10,-12,28,7,53,74,2
100,13,-11,27,7,53,74,4
100,16,-12,28,7,53,74,7
101,18,-13,28,7,53,74,8
102,18,-14,30,7,53,73,7
102,19,-15,32,7,53,73,8
103,21,-14,32,7,53,72,9
103,24,-14,33,7,53,72,12
103,26,-14,32,7,53,74,14
103,27,-15,32,7,53,74,14
102,28,-15,31,7,53,73,15
102,27,-15,31,7,53,73,15
104,28,-15,31,7,53,74,15
106,28,-15,31,7,52,76,17
107,30,-15,31,7,51,76,18
107,31,-15,31,7,52,76,18
105,33,-15,31,7,53,75,20
104,34,-15,31,7,54,74,20
104,34,-15,31,8,53,74,21
104,34,-15,31,7,52,74,21
104,34,-15,32,7,51,74,20
104,34,-16,32,6,51,73,20
104,34,-18,33,6,53,73,19
104,34,-21,33,7,54,73,19
104,35,-22,32,7,54,72,19
103,36,-22,31,7,53,72,20
103,36,-21,31,4,51,72,21
103,36,-22,31,2,50,72,21
102,36,-24,32,2,50,70,19
101,36,-27,32,3,51,67,18
100,36,-28,33,3,53,67,18
100,34,-28,34,2,54,65,17
99,33,-28,33,1,54,65,15
100,32,-29,31,1,53,67,12
101,31,-32,29,1,53,69,12
100,31,-34,30,1,53,67,12
99,31,-35,31,0,54,65,9
97,30,-36,32,-1,54,64,8
96,29,-37,32,-2,54,61,7
97,27,-39,30,-1,54,63,6
97,25,-40,28,-1,54,63,4
96,23,-42,27,-1,54,63,0
94,22,-43,25,-1,54,62,-1
93,21,-44,25,-1,54,61,-1
92,19,-46,25,-1,54,59,-3
92,17,-48,24,-1,52,59,-7
92,16,-50,24,-1,50,59,-8
91,14,-52,23,-2,49,59,-9
90,12,-54,22,-3,48,58,-13
90,10,-57,21,-5,49,58,-15
91,9,-58,19,-6,49,61,-17
91,7,-60,17,-7,49,62,-18
92,5,-61,15,-7,49,62,-20
91,3,-64,14,-6,50,61,-24
90,2,-66,13,-6,49,61,-25
89,2,-68,12,-7,48,59,-25
88,1,-70,10,-7,46,61,-28
86,0,-72,8,-6,44,59,-29
85,0,-75,8,-7,44,58,-30
85,0,-78,8,-8,44,58,-32
85,0,-80,7,-10,45,58,-32
84,1,-81,4,-11,45,57,-30
83,2,-83,2,-12,43,57,-29
83,3,-83,0,-12,41,58,-29
82,4,-84,-1,-12,39,58,-28
83,6,-84,-2,-12,39,61,-26
84,8,-85,-4,-11,40,62,-24
84,10,-87,-7,-12,40,62,-24
83,12,-89,-8,-13,38,63,-23
82,14,-90,-8,-16,36,62,-21
81,16,-90,-9,-17,35,61,-19
81,18,-91,-10,-18,35,61,-17
82,21,-91,-12,-17,35,62,-15
83,23,-91,-14,-17,34,64,-13
82,24,-90,-16,-17,32,64,-12
82,26,-90,-16,-18,30,64,-9
83,28,-90,-15,-19,30,64,-8
83,31,-91,-15,-19,30,65,-6
84,33,-92,-16,-18,29,65,-3
85,36,-91,-18,-18,27,68,-1
85,37,-90,-18,-19,25,68,0
85,39,-89,-17,-21,25,69,3
85,40,-89,-17,-22,26,69,4
86,42,-90,-16,-23,26,67,3
87,44,-90,-15,-23,24,68,6
88,46,-90,-14,-23,22,69,8
89,48,-88,-14,-23,21,69,12
90,48,-86,-13,-23,21,70,12
90,48,-86,-11,-22,21,70,12
90,48,-85,-9,-23,20,69,12
91,49,-84,-6,-25,20,70,13
93,50,-83,-4,-26,19,69,13
94,50,-83,-2,-28,19,70,14
95,51,-82,0,-28,20,68,14
94,51,-82,1,-28,19,68,14
94,50,-83,4,-29,18,65,12
94,50,-83,5,-30,17,65,12
96,50,-84,6,-31,18,65,12
98,51,-85,7,-31,19,67,12
99,52,-86,8,-32,21,68,10
99,53,-89,9,-34,22,65,12
98,54,-92,10,-36,21,65,9
98,53,-96,9,-37,21,63,9
98,53,-99,9,-38,21,63,7
98,53,-101,8,-39,23,63,7
98,54,-105,7,-40,25,62,6
97,56,-110,6,-42,27,62,6
95,58,-116,2,-44,27,61,7
94,61,-122,-2,-45,27,62,7
93,63,-129,-7,-47,28,62,8
91,65,-135,-12,-48,30,61,7
88,67,-142,-17,-50,32,61,7
85,69,-149,-23,-51,33,57,7
82,72,-156,-29,-53,32,57,7
79,75,-164,-36,-55,32,56,8
75,79,-171,-43,-57,32,56,8
72,81,-179,-51,-60,34,57,8
69,83,-186,-61,-62,36,56,9
66,85,-193,-69,-65,38,58,9
62,88,-200,-76,-66,39,57,10
58,92,-208,-84,-67,38,56,10
55,94,-215,-93,-69,36,57,13
52,95,-222,-103,-72,35,56,12
49,96,-228,-112,-75,34,58,10
46,97,-233,-118,-77,34,57,12
42,99,-238,-124,-80,33,56,12
39,101,-242,-130,-83,33,56,13
37,102,-245,-137,-84,31,56,14
35,102,-247,-142,-86,29,58,14
33,103,-247,-146,-86,28,59,15
32,104,-247,-148,-87,25,57,15
31,105,-246,-149,-89,21,57,17
31,106,-246,-150,-91,18,59,18
32,106,-245,-151,-93,15,61,19
33,106,-242,-151,-95,12,62,19
33,105,-238,-149,-97,9,62,21
33,105,-233,-145,-97,6,61,23
34,104,-226,-140,-99,1,59,24
36,103,-218,-136,-101,-3,61,25
39,101,-211,-130,-103,-8,62,26
43,101,-202,-123,-104,-13,63,29
47,100,-193,-115,-104,-17,65,30
52,99,-182,-107,-104,-22,67,31
56,98,-169,-98,-104,-27,68,35
60,96,-157,-88,-104,-32,69,37
64,94,-145,-79,-105,-37,72,39
69,93,-132,-68,-107,-41,72,41
75,92,-118,-58,-109,-45,74,45
79,91,-104,-47,-110,-49,76,50
84,90,-90,-36,-109,-53,76,52
90,87,-75,-25,-109,-57,79,54
96,86,-59,-14,-109,-61,81,57
101,85,-43,-3,-111,-64,84,61
105,83,-25,6,-112,-67,86,67
109,82,-9,17,-112,-71,87,69
112,79,7,28,-112,-74,87,72
116,77,23,39,-112,-77,89,76
121,76,40,49,-112,-79,91,80
126,75,58,59,-112,-81,93,85
130,73,75,69,-112,-82,95,89
135,71,90,79,-112,-84,97,91
138,70,106,88,-112,-85,97,96
142,68,122,97,-112,-86,101,98
147,65,139,104,-112,-85,103,103
153,63,154,112,-112,-85,108,106
159,61,169,121,-112,-86,112,108
163,59,183,130,-112,-86,113,112
166,57,197,138,-113,-85,117,114
169,56,212,146,-113,-84,117,118
172,54,225,154,-112,-82,117,120
175,52,238,163,-111,-81,117,123
178,50,250,173,-109,-80,118,125
182,46,261,180,-107,-79,119,124
186,43,271,187,-107,-78,123,126
189,41,281,192,-107,-75,124,126
192,39,291,198,-107,-72,126,129
193,38,300,204,-105,-69,125,130
196,36,308,209,-103,-67,128,131
199,34,315,213,-102,-63,128,131
202,32,321,217,-101,-60,131,131
204,29,326,220,-99,-57,133,131
205,27,329,224,-97,-54,131,130
205,26,332,227,-96,-50,131,129
206,26,334,227,-95,-47,131,131
205,26,336,225,-94,-44,131,131
204,26,335,223,-92,-41,133,130
203,25,332,220,-90,-37,131,129
202,24,329,217,-88,-34,133,126
201,25,326,213,-86,-30,134,128
199,26,323,207,-85,-27,135,129
195,28,318,201,-83,-23,134,128
191,29,311,194,-80,-19,131,129
185,31,303,185,-77,-14,129,128
181,33,296,176,-75,-11,129,128
177,36,287,167,-73,-7,128,128
174,38,278,157,-72,-5,129,129
170,42,268,147,-70,-2,128,129
165,45,258,136,-67,0,129,130
160,47,248,125,-65,1,128,130
155,51,237,114,-63,3,125,129
150,56,226,105,-61,6,125,131
146,61,216,95,-59,9,124,131
142,65,205,86,-56,10,123,133
138,69,194,75,-54,11,124,134
134,73,183,65,-53,13,122,134
130,77,172,56,-51,14,120,135
126,82,161,48,-49,16,119,136
124,86,151,41,-46,17,120,136
122,90,140,34,-44,17,120,137
119,94,131,28,-41,17,118,136
117,97,123,25,-39,17,118,137
116,100,117,23,-38,17,114,137
116,102,110,22,-36,16,114,137
118,104,103,21,-35,16,115,136
119,105,95,20,-33,16,114,134
119,105,88,20,-32,16,113,131
119,106,84,21,-29,16,113,130
119,107,82,24,-27,17,111,130
119,108,80,26,-24,16,109,129
120,107,78,30,-23,14,107,126
122,106,75,34,-24,12,107,125
123,106,73,39,-23,11,103,123
126,106,72,45,-22,10,103,120
128,105,70,50,-20,10,102,120
130,104,70,54,-19,11,101,117
131,103,71,59,-18,11,100,115
133,101,72,65,-18,11,100,113
134,97,74,71,-17,10,98,111
136,95,75,75,-15,10,95,108
138,92,76,80,-14,10,95,106
140,89,76,84,-13,12,96,103
141,86,78,88,-13,14,96,101
143,84,80,91,-14,15,95,98
144,82,83,94,-14,15,96,96
145,81,85,96,-14,15,95,96
145,79,86,97,-13,17,95,96
144,77,88,98,-13,18,95,95
144,75,90,98,-13,20,93,92
144,72,91,97,-13,22,96,92
144,71,92,96,-13,23,97,91
145,70,92,95,-13,25,97,90
144,70,92,93,-13,27,98,90
142,70,93,92,-12,28,96,90
140,70,94,89,-13,30,97,92
137,70,95,86,-14,32,97,92
136,70,95,83,-14,33,95,92
135,69,95,80,-14,35,97,91
134,69,93,77,-13,36,98,91
133,68,91,73,-12,38,100,91
132,67,90,69,-12,39,98,90
130,66,88,66,-12,41,100,89
129,66,87,63,-12,43,100,89
126,66,85,58,-12,46,100,89
125,68,82,54,-11,48,98,90
124,67,78,50,-11,50,101,87
124,65,75,47,-11,51,100,85
122,62,72,45,-11,53,101,80
120,59,70,43,-11,54,98,78
117,59,67,40,-11,55,97,78
116,58,64,38,-11,56,97,75
115,57,61,35,-10,57,97,74
115,55,59,32,-11,59,98,72
114,53,56,31,-11,60,98,68
113,51,53,30,-10,61,97,65
111,49,50,29,-10,62,93,62
109,46,47,28,-8,64,92,59
108,44,45,28,-7,64,91,57
107,42,42,27,-7,64,90,53
106,40,39,27,-6,64,90,52
107,39,36,26,-5,63,90,48
108,38,34,24,-5,64,91,47
107,36,33,23,-6,65,90,46
107,33,31,23,-6,67,90,41
107,31,28,23,-5,68,90,39
106,29,26,23,-4,69,90,35
105,29,25,23,-3,68,89,35
104,28,23,23,-2,68,85,34
103,27,21,24,-1,68,84,31
102,27,19,24,0,68,84,30
102,27,18,22,0,68,84,31
103,27,18,22,0,68,85,30
102,27,17,23,0,68,84,31
102,27,16,25,-1,70,81,29
103,28,15,26,-1,72,83,29
104,28,15,26,0,73,83,29
104,28,15,26,1,73,84,29
104,28,15,26,2,72,83,29
104,29,14,27,2,71,83,30
104,32,12,29,2,71,80,30
104,34,11,29,3,72,81,32
104,35,11,30,3,73,81,32
104,34,11,30,4,73,81,32
104,33,11,29,4,73,81,31
104,34,11,29,4,73,81,32
105,36,12,29,4,73,81,34
106,39,11,30,4,73,83,36
106,40,11,31,4,73,80,39
106,41,9,32,4,73,80,39
106,41,7,32,4,73,80,36
106,40,6,32,4,73,80,36
106,41,6,31,4,75,80,36
106,41,6,31,4,75,80,36
106,40,6,31,4,74,81,36
107,40,5,30,4,73,81,35
107,39,4,30,4,74,81,35
106,37,5,30,4,76,80,34
105,36,5,30,4,77,80,31
105,34,5,30,4,77,79,30
104,33,5,30,4,76,79,30
103,33,4,29,4,76,78,29
101,32,3,29,4,77,76,29
101,32,3,28,4,78,75,28
101,30,2,28,4,78,75,26
101,28,1,27,4,78,75,24
100,25,1,27,4,78,75,21
99,25,1,27,4,78,74,21
98,25,1,27,4,78,74,21
99,25,1,27,4,78,74,21
99,24,0,26,4,78,76,18
99,21,-1,25,4,78,76,15
98,19,-1,24,4,78,76,14
97,18,-2,23,4,78,75,13
97,18,-2,23,4,78,74,13
97,18,-2,24,4,78,74,13
97,18,-2,24,4,78,75,14
97,18,-2,24,4,78,75,13
97,18,-2,23,4,78,75,13
97,17,-2,23,4,78,75,12
98,16,-2,24,4,78,75,12
97,17,-3,25,4,78,75,12
97,18,-4,26,4,78,73,10
97,18,-5,27,4,78,73,10
97,18,-5,28,5,78,73,10
97,18,-5,27,6,77,73,10
97,18,-5,27,6,76,73,10
97,18,-5,27,6,74,73,10
97,18,-5,27,6,74,73,10
97,18,-5,27,6,74,73,10
97,18,-5,27,6,75,73,10
97,18,-5,27,7,76,73,10
97,18,-4,26,7,76,73,10
97,18,-4,26,7,76,73,13
97,18,-3,25,7,76,73,13
97,16,-3,24,7,77,75,12
98,15,-2,24,8,77,76,10
99,14,-2,23,8,76,76,9
99,14,-2,23,9,75,76,9
100,13,-2,24,9,76,78,9
100,13,-2,24,9,77,78,8
100,12,-2,24,9,78,78,8
101,11,-2,23,9,78,79,7
101,10,-2,23,9,77,79,7
102,10,-1,24,8,77,80,6
102,9,-1,24,7,77,79,6
101,9,-2,23,7,78,78,4
99,8,-2,23,9,77,76,4
98,7,-2,23,10,77,75,3
97,7,-1,24,9,77,75,3
97,7,-1,24,7,77,75,3
97,6,0,25,6,77,75,2
97,5,0,25,6,77,75,2
97,5,0,25,8,78,75,2
97,5,0,25,9,77,75,1
96,4,-1,24,8,77,74,1
97,2,-2,24,6,77,75,-1
97,2,-3,25,4,78,75,-1
96,2,-3,25,5,78,73,-1
95,3,-3,25,7,77,73,0
93,5,-2,24,7,76,72,1
93,5,-1,24,7,75,72,1
93,5,-2,23,7,75,72,1
94,4,-2,23,8,75,72,1
94,4,-2,23,9,76,72,1
93,4,-2,23,9,76,72,1
93,5,-2,24,9,74,72,1
93,5,-3,25,9,73,72,1
93,5,-3,25,9,72,69,1
93,5,-3,25,8,72,72,1
93,5,-2,24,7,73,72,1
93,5,-1,23,7,73,72,1
93,5,-2,24,7,73,72,1
93,4,-3,25,8,72,69,1
93,4,-4,26,9,72,69,1
93,4,-5,25,9,72,69,-1
93,5,-7,24,9,72,69,-1
93,5,-8,23,9,72,69,0
93,4,-8,23,9,72,69,-1
94,3,-7,23,9,72,73,-1
96,2,-7,22,9,72,74,-3
96,0,-6,21,9,72,74,-4
95,0,-6,21,9,72,73,-6
93,0,-6,21,9,72,72,-6
93,0,-6,21,9,72,72,-6
93,0,-5,20,9,72,72,-3
93,0,-5,20,9,72,72,-3
92,-1,-5,20,9,72,70,-4
92,-2,-6,21,9,72,70,-7
92,-3,-7,22,9,72,70,-8
93,-3,-7,23,9,72,72,-8
93,-2,-7,22,9,72,72,-8
92,-1,-7,21,9,72,70,-7
92,-1,-6,22,10,72,70,-7
92,-1,-7,24,11,72,68,-7
92,-1,-7,25,10,72,68,-7
92,-1,-8,25,9,72,68,-7
92,-1,-7,24,9,72,68,-7
91,-1,-6,23,10,72,70,-7
92,-1,-6,23,12,72,70,-7
93,-1,-6,23,14,72,72,-6
95,0,-7,24,14,72,70,-4
95,1,-7,25,14,72,72,-3
95,3,-7,25,14,72,70,-1
94,4,-8,25,14,72,70,-1
93,5,-8,24,13,72,69,-1
93,5,-9,24,12,72,69,-1
93,5,-9,24,12,72,69,-1
93,5,-9,24,12,72,69,-1
93,4,-9,24,13,72,69,-1
94,3,-9,24,14,72,70,-2
95,2,-9,24,14,72,70,-3
95,1,-8,24,14,72,72,-3
95,2,-8,23,14,72,72,-3
95,2,-8,23,13,71,72,-3
96,1,-7,23,14,70,74,-3
96,0,-7,22,13,71,74,-4
96,0,-7,21,14,72,74,-6
94,-2,-7,22,14,72,73,-7
93,-3,-8,23,13,71,70,-8
93,-5,-9,24,13,69,70,-9
94,-5,-8,23,14,67,70,-10
94,-5,-7,21,14,67,73,-10
95,-6,-5,20,14,67,73,-8
95,-6,-5,20,13,68,73,-9
95,-7,-5,20,13,68,74,-9
95,-7,-6,20,13,68,74,-9
96,-7,-6,20,15,67,74,-9
96,-8,-6,20,17,67,74,-10
95,-9,-5,20,19,67,73,-10
93,-8,-5,20,19,67,72,-10
93,-6,-5,20,17,67,72,-9
94,-6,-5,20,14,67,73,-8
94,-5,-5,20,13,67,73,-8
94,-4,-5,21,14,67,73,-7
94,-2,-4,21,17,67,73,-4
94,0,-4,21,18,67,73,-2
94,3,-4,21,19,68,73,0
93,6,-4,21,18,67,72,2
93,8,-3,22,18,65,72,4
93,11,-2,24,18,64,72,7
94,15,-2,24,18,64,73,10
96,19,-2,23,18,66,74,14
98,23,-2,23,18,67,75,18
99,26,-1,25,18,66,76,21
100,30,0,26,18,64,75,24
101,33,0,28,18,62,76,28
101,36,0,29,18,62,76,30
101,39,0,28,18,62,75,32
102,42,1,27,18,62,76,35
104,45,1,27,18,62,78,40
105,48,1,28,19,62,80,41
106,50,0,31,20,62,78,42
106,51,0,32,21,62,78,43
106,53,0,32,20,62,78,45
107,54,0,33,21,62,79,47
108,57,1,34,21,62,79,48
107,58,2,34,23,62,79,50
107,58,2,34,23,62,79,50
107,58,1,34,23,62,79,50
107,58,1,34,23,62,79,50
107,58,2,33,23,62,79,50
107,58,2,33,23,62,79,50
108,57,3,32,23,62,79,48
108,56,2,33,23,62,80,47
110,54,2,33,23,62,81,46
111,52,1,34,23,62,83,45
110,50,1,34,23,62,83,42
109,48,2,34,23,62,80,41
106,47,2,34,23,62,79,40
104,46,1,34,23,62,76,39
104,44,0,33,23,62,76,37
104,41,0,31,23,62,76,34
104,37,-1,31,23,62,76,31
104,35,-2,30,23,62,76,29
103,33,-1,30,23,62,75,28
102,32,-1,31,23,62,74,26
101,30,-1,31,23,62,74,24
101,28,-2,31,23,61,74,21
100,25,-2,31,22,60,73,18
99,24,-3,32,22,60,72,17
97,24,-3,32,22,61,70,17
97,24,-3,32,23,62,70,17
96,23,-3,32,23,62,68,15
95,23,-4,33,22,61,67,15
94,22,-3,33,22,59,65,14
94,22,-3,32,22,58,68,14
95,23,-2,31,22,58,69,15
97,24,-2,31,22,59,70,19
99,25,-1,30,22,59,72,19
99,25,-1,30,22,59,72,20
98,25,-2,31,22,58,72,19
98,25,-2,31,22,57,72,19
99,25,-2,31,22,57,72,19
100,25,-1,30,23,57,73,20
101,26,-1,30,23,57,74,20
102,28,-1,30,23,57,74,23
101,30,-1,30,22,57,74,24
102,32,-1,30,22,57,74,26
103,34,-2,31,23,57,75,28
104,34,-2,31,24,57,76,28
104,34,-1,30,25,57,76,28
105,34,-1,30,25,57,78,28
105,35,-1,30,26,57,78,29
106,37,-2,31,27,57,79,30
107,39,-2,32,28,57,79,30
106,41,-3,32,28,57,79,32
106,41,-2,32,27,57,79,31
106,40,-3,32,27,57,79,31
106,40,-3,33,27,57,76,31
105,42,-5,34,28,57,75,32
104,44,-5,34,27,57,75,35
104,45,-5,34,27,57,75,36
105,46,-4,34,27,57,75,36
106,46,-3,35,28,57,76,37
107,47,-3,35,27,57,76,37
108,47,-4,35,27,57,78,37
108,47,-3,35,27,57,78,37
108,47,-2,36,28,57,78,37
108,47,-1,37,28,57,78,37
106,48,0,38,27,57,76,39
106,50,-1,37,26,57,76,40
107,52,-1,37,25,57,76,42
108,54,-1,37,26,57,78,43
107,55,-1,37,27,57,76,45
106,56,-1,37,28,57,76,46
105,57,-1,37,26,57,75,47
106,58,0,38,24,57,76,47
108,59,0,38,22,57,75,48
109,61,0,38,22,57,76,50
109,63,0,38,22,57,76,52
108,65,0,39,23,57,75,54
109,67,0,39,23,57,76,58
110,70,2,40,23,57,76,61
110,71,2,41,22,57,78,62
110,72,2,41,22,57,78,62
110,72,2,40,22,57,76,62
109,73,2,40,22,57,76,63
110,75,2,40,22,57,76,65
111,77,2,41,22,57,78,68
112,79,2,40,22,57,78,69
112,79,2,40,22,57,79,69
112,78,2,40,22,58,79,68
112,78,2,40,22,61,79,68
112,78,2,40,23,62,79,68
112,78,2,41,23,62,79,68
112,78,2,40,23,62,79,68
112,78,2,40,23,62,79,68
112,78,2,40,23,62,79,68
112,78,2,41,23,62,79,68
112,79,2,41,23,62,78,69
112,78,2,40,23,62,79,68
113,77,1,39,23,62,79,67
113,75,0,38,22,62,79,63
111,73,-1,37,21,62,80,61
109,70,-1,37,21,62,79,59
108,68,-1,37,22,62,78,57
107,66,-1,37,23,62,76,56
107,64,-1,37,23,62,76,53
106,61,0,38,22,62,76,51
105,59,-1,37,21,62,75,48
104,55,-2,36,21,62,74,45
104,52,-3,35,22,62,74,42
103,48,-4,34,24,62,73,39
102,46,-4,35,23,62,72,36
101,43,-3,35,21,62,72,34
99,40,-3,35,19,62,69,31
97,36,-4,35,18,62,68,28
95,31,-5,34,18,62,67,23
94,25,-6,33,18,62,65,18
93,21,-6,33,18,62,64,14
93,17,-7,32,18,62,64,10
92,13,-7,32,18,62,64,4
90,10,-8,31,18,62,63,1
89,6,-8,31,18,62,61,-1
89,3,-8,31,18,62,61,-4
88,0,-8,31,18,62,61,-7
87,-3,-9,30,18,62,62,-10
86,-6,-11,28,18,62,61,-13
85,-9,-12,28,18,62,61,-17
86,-11,-12,27,18,62,61,-18
86,-13,-11,26,18,62,61,-19
85,-15,-10,26,18,62,61,-21
84,-17,-11,27,18,62,59,-23
84,-18,-12,28,18,62,59,-24
84,-17,-12,28,18,62,59,-24
84,-17,-11,27,18,62,59,-23
84,-17,-10,26,18,62,59,-23
84,-17,-10,25,18,62,62,-24
85,-17,-10,26,18,62,59,-24
85,-16,-11,27,18,62,61,-23
86,-14,-11,27,18,62,62,-20
87,-12,-11,26,18,62,62,-19
87,-10,-10,25,18,62,64,-17
88,-7,-8,26,18,62,65,-12
90,-4,-7,28,18,62,64,-9
90,-1,-7,30,18,62,64,-7
90,1,-8,31,18,62,64,-6
90,4,-8,30,18,62,64,-1
90,7,-7,29,18,62,64,1
91,10,-6,31,18,62,65,3
92,14,-5,33,18,62,64,7
93,18,-5,34,18,62,64,10
94,22,-4,35,18,62,65,14
95,27,-5,34,18,62,67,19
97,30,-5,34,18,62,68,21
98,32,-5,34,18,62,69,24
100,35,-4,35,18,62,70,26
100,38,-2,36,18,62,70,29
100,41,-1,37,18,62,70,31
101,43,0,38,18,62,72,34
101,46,-1,37,18,62,72,36
101,47,-1,37,18,62,72,37
101,49,-1,37,20,62,72,39
101,49,-1,37,22,62,72,40
102,50,-1,37,23,62,73,40
104,50,-1,37,22,62,74,41
105,52,-1,37,20,62,75,42
105,53,-1,37,18,62,75,43
103,52,-1,37,18,62,73,42
101,51,-1,37,18,62,69,41
101,49,-1,37,18,62,72,39
101,49,-1,37,18,62,72,39
101,49,-1,37,18,62,72,39
101,49,-1,37,18,62,69,39
102,48,-1,37,18,62,70,39
101,45,-1,37,18,62,72,36
101,43,0,36,18,62,72,36
100,42,0,36,18,62,70,35
100,41,0,36,18,62,70,35
101,39,-1,37,18,62,72,30
101,36,-1,37,18,62,70,28
101,33,-1,38,18,62,69,25
100,32,-1,37,18,62,69,23
100,31,-1,37,18,62,70,23
100,31,0,36,18,62,70,25
100,29,0,36,18,62,70,24
99,27,0,36,18,62,69,21
98,25,-1,37,18,62,69,18
99,24,-2,37,18,62,69,17
99,23,-3,36,17,62,70,15
99,21,-3,36,16,62,70,13
98,19,-3,36,17,62,69,12
97,18,-3,36,18,62,68,10
96,18,-4,35,18,62,68,10
97,18,-4,34,18,62,68,10
98,17,-5,34,18,62,69,10
97,14,-5,34,18,62,69,7
97,12,-5,34,18,62,68,6
95,11,-4,34,18,62,67,4
94,11,-4,34,18,62,65,4
94,10,-5,34,18,62,65,3
93,9,-6,33,18,62,65,3
93,8,-7,32,18,62,64,2
92,8,-8,31,18,62,63,0
92,7,-8,30,18,62,67,-1
93,6,-8,31,18,62,64,-2
93,5,-8,31,18,62,65,-2
93,3,-8,31,18,62,64,-3
90,3,-8,31,18,62,63,-4
89,2,-8,31,18,62,62,-6
89,2,-9,31,18,62,61,-6
89,2,-9,32,18,62,62,-6
90,2,-10,32,18,62,62,-4
89,3,-10,32,18,62,62,-4
88,1,-10,32,18,62,61,-6
87,0,-9,32,18,62,59,-8
87,-3,-9,32,18,62,59,-10
87,-4,-9,32,18,62,59,-12
88,-4,-9,32,18,62,61,-12
88,-3,-9,32,18,62,61,-10
87,-3,-9,32,18,62,59,-10
88,-4,-10,32,18,62,61,-12
88,-5,-10,33,18,62,61,-13
89,-6,-11,34,18,62,59,-13
89,-6,-12,35,18,62,59,-15
89,-6,-12,35,18,62,59,-15
89,-6,-11,34,18,62,59,-13
90,-6,-11,34,18,62,59,-13
91,-6,-11,35,18,61,61,-13
92,-5,-11,35,18,61,62,-12
93,-3,-11,35,18,61,63,-10
94,-1,-12,35,18,61,64,-10
95,0,-12,34,18,61,64,-9
96,1,-11,35,18,61,65,-6
95,2,-10,34,18,59,64,-6
94,3,-7,35,18,58,64,-3
95,5,-6,36,18,57,64,-2
96,7,-6,36,18,57,65,-1
97,8,-6,36,18,57,67,0
97,11,-6,35,18,57,69,4
97,14,-5,34,18,57,69,7
97,17,-5,34,18,57,68,10
97,20,-4,34,18,57,69,13
98,23,-4,35,18,57,69,15
98,25,-3,36,18,57,69,18
98,29,-4,35,18,57,69,20
98,32,-3,35,18,57,69,24
98,34,-2,36,19,57,69,25
98,36,-1,37,20,57,67,28
98,38,-1,38,19,58,67,29
98,40,-1,37,18,59,69,31
99,42,-1,37,17,59,70,32
101,43,-1,37,19,58,69,34
102,44,-2,38,21,57,70,35
102,46,-2,39,23,57,70,36
102,47,-3,39,23,57,70,37
101,49,-3,39,21,57,69,39
102,50,-3,39,20,57,70,40
104,51,-3,40,21,57,72,41
105,51,-4,41,22,57,70,39
105,52,-4,42,23,57,70,40
106,52,-4,40,22,57,72,40
107,51,-4,39,21,58,75,41
108,50,-5,39,21,59,75,40
108,49,-4,39,21,58,75,40
107,49,-4,40,22,57,74,39
107,48,-3,40,23,57,74,39
108,48,-3,40,23,57,75,39
108,47,-4,40,22,57,75,37
107,46,-4,40,22,57,72,35
105,45,-3,40,22,57,73,36
103,45,-1,39,23,57,72,35
103,45,0,39,22,57,72,35
104,45,0,38,22,57,74,37
104,45,0,38,23,57,74,36
104,45,-1,37,22,57,72,36
103,45,-1,37,22,57,72,35
104,45,-1,37,22,57,72,35
103,45,0,38,23,57,74,35
103,45,0,38,23,57,72,35
103,45,0,39,22,57,72,35
104,45,0,38,21,57,72,35
104,45,0,38,21,57,74,35
103,45,-1,37,21,57,74,36
103,46,-1,37,22,57,73,36
102,46,-1,37,23,57,73,37
103,46,-1,37,23,57,73,36
103,45,-1,38,22,57,72,35
103,45,-1,37,22,57,72,35
103,46,-1,37,22,57,72,36
103,46,-1,37,23,57,73,36
103,46,-1,37,22,57,73,36
103,45,-1,37,22,57,72,36
103,46,-2,38,22,57,72,36
103,46,-3,39,22,57,70,36
103,46,-3,39,22,57,70,36
103,45,-4,40,22,57,72,36
104,45,-4,41,22,57,69,32
104,45,-4,41,22,57,69,32
103,45,-4,41,22,57,69,32
103,45,-4,41,22,57,69,32
103,45,-4,41,22,57,69,32
104,45,-4,41,22,57,69,32
103,45,-4,41,22,57,69,32
104,45,-4,41,22,57,69,34
104,45,-4,41,22,57,69,32
104,45,-4,41,22,57,69,32
103,44,-4,41,22,56,69,32
103,45,-4,41,22,55,69,34
104,46,-4,41,22,55,69,35
106,48,-4,41,22,55,72,36
107,49,-4,41,22,55,73,36
107,49,-4,41,22,56,73,37
106,50,-4,41,22,57,72,37
105,51,-3,42,22,57,70,41
105,52,-1,43,22,56,70,42
106,52,-1,44,22,54,72,42
108,53,-2,43,22,52,73,43
109,54,-3,42,22,52,74,43
110,54,-3,42,22,52,75,45
109,55,-2,43,22,52,74,45
108,56,-1,44,22,52,73,46
108,56,0,44,22,53,73,46
107,57,0,44,22,54,73,47
107,58,-1,44,22,54,73,47
107,58,-1,44,22,54,72,47
107,58,-1,44,22,52,72,47
107,58,0,44,22,52,73,47
107,58,-1,44,22,52,73,47
107,58,-1,44,22,54,73,47
107,58,-1,44,22,54,72,47
107,58,-1,44,22,54,72,47
107,58,-1,44,22,52,72,47
107,58,-1,44,22,52,72,47
107,58,-1,44,22,53,72,47
107,58,-1,44,22,56,72,47
107,58,-1,44,22,57,72,47
107,58,-1,44,22,57,72,47
107,58,-1,44,22,57,72,47
107,58,-1,44,22,57,72,47
107,58,-1,44,22,57,72,47
107,58,-1,44,22,57,72,47
107,58,-1,44,22,57,72,47
107,58,-1,44,22,57,72,47
107,58,-1,44,22,56,73,47
107,58,-1,44,22,55,72,47
107,58,-1,44,22,54,72,47
107,58,-1,44,22,53,72,47
107,58,-1,44,22,54,73,47
107,58,-1,44,22,55,73,47
107,58,-1,44,22,57,73,48
106,59,-1,44,22,57,72,48
105,60,-1,44,22,57,70,50
105,60,0,43,22,57,70,50
106,60,0,43,22,56,72,50
107,61,0,42,22,55,74,51
108,63,0,43,22,54,73,52
108,65,0,43,22,54,74,53
109,65,0,43,22,54,74,54
108,65,0,43,22,54,74,54
108,65,0,43,22,54,74,53
108,65,0,44,22,54,74,53
108,65,0,43,22,54,74,53
108,65,0,43,22,53,74,54
108,65,0,43,22,52,74,53
108,65,0,43,22,52,74,53
108,65,0,43,22,52,74,53
109,65,0,43,22,53,74,53
109,65,0,44,22,54,74,53
108,65,0,43,22,54,74,53
107,64,0,43,22,54,73,53
105,63,0,43,22,53,70,52
104,62,0,44,22,52,69,51
105,61,-1,44,22,52,70,50
106,60,-2,43,22,52,72,48
107,58,-3,42,22,53,73,48
107,56,-4,41,22,54,73,43
106,53,-4,41,22,55,72,41
105,50,-4,41,22,56,70,37
104,47,-4,41,22,57,69,35
103,45,-4,41,22,57,69,35
103,42,-4,41,22,56,69,31
103,39,-5,40,22,55,69,28
102,35,-7,39,22,55,70,24
100,31,-8,38,22,57,69,20
98,28,-8,37,22,57,67,18
97,25,-8,38,22,57,65,15
96,22,-7,38,22,57,65,12
95,19,-8,38,22,57,64,9
93,16,-9,37,22,57,62,7
90,12,-10,35,22,57,61,3
90,8,-11,35,22,57,59,0
90,4,-12,34,22,57,59,-3
89,0,-11,34,22,57,59,-7
88,-2,-11,34,22,57,58,-9
87,-4,-11,35,22,57,57,-12
85,-7,-11,35,22,57,56,-14
84,-10,-11,34,22,56,54,-17
83,-12,-12,33,22,55,53,-21
81,-15,-14,32,22,54,54,-24
80,-18,-15,31,22,53,53,-26
80,-19,-15,31,22,52,53,-28
81,-21,-15,31,22,52,54,-29
82,-23,-15,31,22,52,56,-31
81,-24,-15,31,22,52,54,-32
80,-25,-15,31,22,52,53,-34
79,-26,-15,31,22,52,52,-34
78,-26,-15,31,22,52,52,-34
78,-26,-15,31,22,52,52,-34
79,-26,-15,31,22,52,52,-34
79,-26,-15,31,22,52,52,-34
79,-26,-15,31,22,52,52,-34
78,-26,-15,31,22,52,52,-34
78,-27,-15,31,22,52,52,-35
79,-27,-15,31,23,52,52,-35
80,-25,-15,32,25,52,53,-34
80,-23,-14,32,26,52,53,-31
81,-21,-14,32,26,52,54,-30
81,-20,-14,32,25,52,54,-28
81,-18,-15,31,24,52,54,-26
82,-17,-15,31,24,52,56,-25
82,-14,-14,32,25,52,56,-23
82,-13,-12,33,25,52,53,-23
83,-12,-11,35,26,52,53,-19
84,-10,-11,35,26,52,54,-17
86,-7,-11,35,27,52,56,-14
87,-5,-11,34,27,52,57,-12
87,-3,-11,34,27,52,58,-10
87,-2,-11,34,27,52,57,-10
87,0,-11,35,27,52,57,-8
88,1,-11,34,27,52,58,-6
89,2,-11,34,27,52,59,-4
90,2,-11,34,27,52,59,-4
90,2,-11,34,27,51,59,-6
89,2,-12,35,27,50,59,-7
89,2,-12,35,27,49,59,-7
89,2,-12,35,27,48,59,-7
90,2,-11,34,27,48,59,-6
89,2,-11,34,27,48,59,-6
89,2,-12,35,27,48,59,-7
89,2,-13,36,27,48,59,-7
89,3,-14,37,27,48,57,-7
90,2,-14,37,27,49,58,-7
90,0,-13,36,27,49,61,-9
90,-1,-12,35,27,49,59,-10
89,-3,-11,34,27,48,58,-10
88,-4,-11,34,27,47,58,-12
88,-5,-12,35,26,47,58,-15
89,-7,-12,35,25,47,59,-17
89,-8,-12,35,25,47,59,-18
89,-9,-11,34,25,47,59,-17
88,-10,-11,34,25,47,58,-17
86,-10,-11,34,25,47,57,-17
86,-10,-11,34,25,47,57,-17
86,-10,-11,34,25,47,57,-17
87,-10,-11,35,25,47,57,-17
89,-8,-11,35,25,47,59,-15
90,-8,-11,35,25,47,61,-15
90,-7,-11,34,26,47,61,-14
90,-8,-12,34,26,47,61,-15
90,-8,-11,35,25,47,61,-15
90,-8,-10,36,23,47,59,-15
89,-7,-9,37,22,47,59,-14
89,-5,-8,38,23,47,59,-13
89,-3,-7,38,24,47,59,-10
90,-2,-8,38,24,47,61,-9
91,0,-8,38,23,47,61,-8
90,0,-9,39,24,47,58,-7
90,3,-9,39,25,47,58,-4
91,5,-9,39,25,47,58,-2
93,8,-9,38,25,47,63,0
94,10,-8,38,24,47,64,2
94,13,-7,39,24,47,63,3
93,14,-5,40,25,47,61,4
93,16,-4,41,25,47,59,7
93,18,-4,41,24,47,61,8
94,20,-5,42,24,47,61,10
94,22,-7,43,25,47,59,12
94,24,-7,44,26,47,58,14
94,26,-7,44,26,47,58,15
95,28,-7,43,25,47,59,18
96,29,-6,43,25,47,62,18
97,29,-5,44,25,47,63,19
97,29,-3,45,24,47,64,19
98,32,-2,46,23,47,62,23
98,34,-3,47,24,47,63,24
98,36,-4,48,25,47,62,25
98,36,-4,48,24,47,62,25
97,35,-3,47,23,47,62,24
97,35,-3,46,22,47,62,24
97,37,-2,46,22,47,62,28
97,39,-1,45,22,47,63,30
97,41,-1,44,22,47,64,32
99,43,-1,44,22,47,65,34
101,43,-1,44,22,47,67,34
102,44,-1,44,22,48,68,35
104,44,-1,44,22,49,69,35
104,45,-1,44,22,49,69,35
103,46,-1,44,22,49,68,36
101,48,-1,44,22,48,68,39
102,50,-1,44,22,47,68,40
104,51,-1,44,22,47,69,41
105,52,-1,44,22,47,70,42
104,53,-1,44,22,48,70,42
103,54,0,44,22,49,69,43
103,55,0,44,22,50,68,45
104,57,-1,44,22,51,69,46
106,57,-1,44,22,50,72,47
107,58,-1,44,22,51,73,47
107,58,0,44,22,52,73,47
107,58,0,45,22,52,73,47
107,58,0,46,22,52,72,47
107,58,0,45,22,52,72,47
107,58,-1,44,22,52,72,47
107,58,-1,44,22,52,72,47
107,58,-1,44,22,52,72,47
107,58,0,45,22,52,73,47
107,58,0,46,22,52,73,47
107,58,0,47,22,52,70,47
107,58,0,47,22,52,69,47
105,58,-2,47,22,52,68,47
104,56,-3,47,22,52,68,43
104,54,-4,48,22,52,67,41
104,52,-4,48,22,52,68,40
104,51,-4,48,22,52,68,39
103,50,-4,48,22,52,67,37
101,49,-4,48,22,52,64,36
100,47,-4,48,22,52,64,35
100,45,-4,48,22,52,64,32
99,43,-4,48,22,52,63,31
98,41,-4,48,22,52,62,30
97,39,-4,47,22,52,62,28
97,37,-5,47,22,52,61,26
96,35,-5,47,22,52,61,24
95,33,-5,47,22,52,59,23
94,33,-4,46,22,52,58,23
93,33,-5,45,21,52,58,23
93,33,-6,44,20,52,58,23
93,33,-7,45,21,52,58,23
93,33,-6,45,22,52,58,23
93,33,-4,45,22,52,58,21
94,33,-3,45,21,52,58,23
95,34,-1,45,19,52,62,25
96,36,0,44,18,53,62,28
96,38,-1,44,19,52,62,29
95,40,-1,45,20,50,62,31
95,42,-2,46,21,49,59,32
96,44,-2,45,22,48,61,35
97,46,-1,45,22,49,63,36
97,48,0,45,22,50,64,39
98,51,1,46,22,50,64,41
98,54,2,48,22,50,62,43
98,57,1,49,22,49,62,47
98,61,1,49,22,48,62,50
99,64,1,50,22,47,63,52
101,65,2,51,22,47,64,54
102,66,2,52,22,47,63,54
104,68,3,53,22,47,64,56
104,69,3,53,22,47,65,58
104,72,5,52,22,47,64,62
104,73,6,51,22,47,67,63
104,73,5,51,22,47,67,63
105,74,4,52,22,47,65,62
106,75,3,53,22,47,67,63
106,75,3,54,22,47,67,63
105,74,4,53,22,47,67,62
104,72,5,52,22,47,68,63
104,70,5,51,22,47,68,61
104,68,3,51,22,48,68,57
104,66,1,51,22,49,65,54
104,64,1,51,22,49,65,53
104,62,2,50,22,48,67,51
104,61,3,49,22,48,67,50
103,58,3,48,22,49,67,50
102,54,2,47,22,50,65,43
101,50,1,46,22,51,68,41
101,47,0,45,22,51,67,37
100,44,-1,44,22,51,65,35
100,41,-1,44,22,52,65,32
100,38,-1,44,22,52,67,29
100,35,-1,44,22,52,67,26
99,33,-1,43,22,52,65,24
99,30,-2,43,22,52,65,21
98,28,-2,43,22,52,64,20
98,26,-2,43,22,52,64,18
99,25,-3,42,21,52,65,17
98,24,-4,41,20,52,64,14
97,24,-5,40,21,52,63,14
96,23,-4,41,22,52,63,13
96,23,-3,42,22,51,63,15
97,24,-2,44,22,50,63,17
97,26,-2,45,22,49,64,18
97,28,-2,46,22,49,62,19
96,28,-1,45,22,49,63,20
96,29,-1,45,22,49,63,21
97,31,-1,44,22,49,63,23
97,33,0,44,22,48,64,25
97,36,0,44,22,47,64,26
97,37,-1,44,22,47,63,29
97,39,-1,44,22,47,64,30
98,41,-1,44,22,47,64,32
98,43,0,44,22,47,64,34
98,46,0,45,22,47,64,36
98,47,0,45,22,47,64,37
99,48,0,45,22,47,65,39
100,50,0,44,22,47,67,40
101,51,0,45,22,47,67,41
101,52,1,46,22,47,67,42
101,53,2,47,21,47,64,42
101,54,1,47,22,47,67,43
102,55,1,46,23,47,68,45
102,56,1,46,25,47,68,46
103,55,2,47,27,47,68,45
103,54,2,47,27,47,67,43
103,52,3,48,26,47,67,41
103,50,3,48,25,47,67,40
102,49,2,47,24,47,65,40
101,49,1,46,24,47,67,39
101,48,0,45,24,47,68,39
103,46,0,44,23,47,68,36
103,45,-1,44,24,47,69,35
103,44,-1,44,25,47,69,35
101,42,0,44,26,47,68,32
101,39,0,44,27,46,67,30
101,38,0,44,28,47,68,29
102,38,-1,44,27,49,68,29
102,38,-1,44,25,51,68,29
101,38,-1,44,24,52,67,29
101,38,-1,44,22,51,67,29
101,37,-1,44,22,49,67,28
101,36,-1,44,24,47,68,28
102,36,-1,44,25,46,68,28
103,37,-1,44,26,48,69,28
103,38,-1,44,25,49,69,29
102,38,-1,44,23,51,68,29
101,40,-1,44,22,51,67,31
100,41,-1,44,23,50,65,31
100,42,0,44,25,49,65,32
101,43,0,44,27,49,67,34
102,44,0,44,27,49,68,35
103,46,-1,44,27,48,68,36
102,47,-1,44,27,47,68,37
101,49,0,44,27,47,68,39
102,50,0,45,27,47,68,40
103,52,1,46,27,47,68,42
103,54,1,46,27,47,69,43
104,57,1,46,27,47,70,46
105,58,1,47,27,47,70,47
107,58,1,47,27,47,72,47
107,58,1,46,27,47,73,47
107,58,1,46,27,47,73,47
107,58,1,46,27,47,73,47
107,58,2,47,27,46,69,47
107,58,2,48,27,47,69,47
107,58,2,47,27,49,69,47
107,58,2,47,27,50,69,47
107,58,2,47,26,51,70,47
107,58,2,48,25,50,70,47
107,58,1,49,23,49,70,47
107,58,1,49,23,50,69,47
105,58,1,48,24,51,69,47
104,57,2,48,26,52,68,46
103,54,2,47,27,52,67,43
103,52,3,48,26,50,67,42
102,50,2,47,24,50,65,40
101,49,1,47,22,50,65,39
102,47,0,45,22,52,68,37
103,46,0,44,22,52,68,36
102,45,-1,44,22,52,68,35
101,43,-1,44,22,52,67,34
99,40,-1,44,22,52,65,31
98,38,0,44,22,52,64,29
97,36,0,44,22,52,64,26
98,35,-1,44,22,52,64,26
97,36,-2,43,22,52,64,26
97,36,-3,42,22,52,64,28
98,36,-4,41,22,52,64,25
99,34,-4,41,22,52,65,23
99,32,-4,41,22,52,65,21
99,32,-4,41,22,52,65,21
98,34,-4,41,22,52,64,23
97,35,-4,41,22,52,64,24
97,36,-4,41,22,53,64,25
98,36,-4,41,22,52,64,25
97,35,-4,41,22,51,64,24
97,36,-4,41,22,49,63,25
96,39,-4,41,22,47,63,28
97,41,-4,41,22,47,63,29
98,42,-4,41,22,47,64,30
99,42,-4,41,22,47,65,31
100,42,-4,41,22,47,67,30
101,43,-3,42,22,47,67,34
101,45,-2,43,22,47,68,35
101,48,-1,44,22,47,68,39
101,49,0,44,22,49,68,39
101,49,0,44,22,50,67,40
101,49,-1,44,22,50,67,39
101,49,-1,44,22,49,67,39
101,49,-1,44,22,48,67,39
101,49,0,44,22,49,67,39
101,49,-1,44,22,50,67,39
101,49,-1,44,22,52,67,39
101,49,-1,44,22,53,67,39
101,49,-1,44,22,52,67,40
101,49,-1,44,22,52,67,39
102,48,-1,44,22,52,68,39
103,46,0,44,22,52,68,36
102,44,-1,44,22,52,68,35
101,43,-1,44,22,52,67,34
99,42,-1,44,22,52,65,32
100,41,0,44,22,52,65,31
101,39,0,44,22,52,67,30
102,38,-1,44,22,52,68,29
102,38,-2,43,22,52,68,29
101,38,-3,42,22,52,67,29
100,37,-4,41,22,52,67,26
99,37,-4,41,23,54,65,25
99,35,-4,41,22,56,65,24
100,32,-4,41,21,56,65,21
100,32,-4,41,18,54,67,21
100,32,-4,41,17,53,65,21
99,32,-4,41,17,52,65,21
99,33,-4,41,19,52,65,23
99,33,-4,41,21,52,65,23
98,34,-4,41,21,52,64,23
97,34,-4,41,19,52,63,24
97,34,-4,41,18,54,63,23
97,33,-4,41,17,56,63,21
96,33,-4,41,18,57,63,23
95,33,-4,41,18,57,62,23
95,34,-4,41,17,56,62,23
95,34,-4,41,17,55,62,24
96,35,-4,41,18,56,63,24
96,35,-6,42,19,57,63,24
96,35,-7,44,20,57,61,24
97,35,-7,44,19,57,61,24
97,36,-7,44,18,57,62,24
98,36,-6,42,17,56,64,25
98,36,-4,41,17,55,64,25
97,35,-4,41,17,56,64,24
98,35,-4,41,18,57,64,24
97,36,-4,41,18,57,64,25
97,37,-4,41,18,57,63,26
96,38,-4,41,18,57,63,28
96,38,-4,41,18,57,63,26
97,37,-4,41,18,57,63,26
97,37,-4,41,18,57,63,26
96,38,-4,41,18,57,63,26
95,39,-3,42,18,57,62,30
95,40,-2,43,18,57,62,31
96,41,-1,44,18,57,63,31
98,41,0,44,18,57,64,32
99,42,0,44,18,57,65,32
99,42,-1,44,18,57,65,32
99,44,-1,44,18,57,65,35
99,46,-1,44,18,57,65,36
100,48,0,44,18,57,65,39
101,49,-1,44,18,57,67,39
101,49,-1,44,18,57,68,40
102,51,-1,44,18,57,68,41
102,54,-1,44,18,57,68,43
102,55,-1,44,18,57,68,45
103,56,-1,44,18,57,69,46
104,57,-1,44,18,57,69,46
105,58,-1,44,18,57,70,48
105,61,-1,44,18,57,70,50
105,62,-1,44,18,57,70,52
104,63,-1,44,18,57,69,52
104,62,-1,44,18,57,69,52
104,62,-1,44,18,57,69,51
104,62,-1,44,18,57,70,51
104,62,-1,44,18,57,69,51
104,63,-1,44,18,57,70,52
105,64,-1,44,18,57,70,53
105,65,-1,44,18,57,70,53
105,64,-1,44,18,57,70,53
104,63,0,44,18,57,69,52
104,62,-1,44,18,57,69,52
104,62,-1,44,18,57,70,52
105,61,0,44,18,57,70,50
105,59,0,43,17,57,70,48
104,57,0,43,16,57,69,46
103,56,0,43,16,57,69,45
103,55,-2,43,16,57,68,45
103,55,-3,42,18,57,69,45
103,52,-3,40,18,57,70,42
102,50,-1,39,16,57,70,40
102,47,0,38,14,57,70,37
103,46,0,38,14,57,73,36
103,45,0,38,15,57,74,35
102,44,0,38,15,57,70,35
101,43,0,39,15,57,69,36
99,42,1,41,14,57,68,35
99,42,1,42,14,57,68,35
100,43,0,42,16,57,68,34
101,44,0,42,18,57,69,35
101,45,1,41,17,57,69,39
101,47,2,40,14,57,69,40
101,48,2,40,12,57,69,41
101,49,1,41,12,58,69,41
101,49,0,42,14,57,69,39
101,49,0,43,17,57,67,39
102,50,0,43,18,57,68,40
103,52,0,42,18,57,70,42
103,54,2,40,17,57,70,46
103,56,2,41,16,59,70,48
104,57,2,42,16,60,72,48
106,57,2,44,16,61,72,48
107,58,2,45,14,61,72,50
106,59,3,45,13,61,72,51
105,61,3,46,14,62,70,52
106,63,4,46,17,62,72,54
107,65,5,45,18,62,72,56
108,65,6,44,17,62,75,56
109,65,5,44,16,62,76,56
108,65,4,43,15,62,75,56
108,65,3,42,16,62,75,56
108,65,3,42,17,62,75,56
108,65,4,43,16,62,75,56
107,64,5,43,15,62,74,56
106,61,5,43,15,62,74,53
106,59,4,43,14,62,74,51
107,58,3,42,14,62,74,50
107,58,2,41,14,62,74,50
106,56,2,41,13,62,74,48
106,54,2,40,13,62,74,46
106,50,2,40,13,62,74,42
107,48,2,40,13,62,74,41
107,46,2,41,13,62,74,40
106,44,2,41,13,62,74,37
105,42,1,40,13,62,73,35
104,40,0,39,13,62,73,32
104,37,0,39,13,62,73,29
104,35,0,38,13,62,72,26
103,33,0,38,13,62,70,25
101,32,0,38,13,62,69,24
101,31,0,38,13,62,72,23
101,31,-1,37,13,62,72,23
100,31,-1,37,13,62,70,23
99,31,-1,37,13,62,69,23
97,29,0,38,13,62,68,21
97,28,-1,37,13,62,68,19
97,25,-1,37,13,62,69,18
98,25,-2,36,13,62,69,17
99,24,-2,36,13,62,70,17
99,25,-2,36,13,62,69,17
98,25,-1,37,13,62,69,17
98,25,-2,36,13,62,69,17
99,25,-3,35,13,62,69,17
98,25,-4,34,13,62,69,18
98,26,-5,33,13,62,69,18
97,26,-5,34,13,62,68,18
98,26,-4,34,13,62,69,18
99,26,-3,35,12,62,70,18
101,27,-3,35,11,62,72,19
102,28,-3,35,10,62,73,20
102,30,-4,34,11,62,73,21
101,31,-5,34,11,62,72,23
100,31,-5,34,11,62,70,23
100,31,-5,34,12,62,70,23
100,31,-4,34,12,62,70,23
101,31,-4,34,12,62,72,23
101,31,-4,34,12,62,72,23
100,32,-4,34,11,62,70,23
100,31,-5,34,12,62,70,23
100,31,-5,34,13,62,70,23
100,31,-4,34,13,62,72,23
101,32,-4,35,13,62,72,24
102,34,-3,35,13,62,73,26
103,37,-2,36,13,62,73,29
102,38,-2,36,13,62,73,29
101,38,-1,37,13,62,72,30
102,38,-1,37,13,62,73,29
103,39,-1,37,13,62,73,30
105,39,-1,37,13,62,75,30
106,40,-1,37,13,62,76,31
106,41,-1,37,13,62,76,32
105,42,-1,37,13,62,75,32
104,43,-1,37,13,62,74,34
103,44,-1,37,13,62,74,35
103,45,-1,37,13,62,74,36
104,46,-1,37,13,62,75,36
106,47,0,38,13,62,74,37
108,47,0,39,13,62,75,40
108,47,1,39,13,62,76,40
108,47,0,39,13,62,75,40
107,48,1,39,13,62,74,41
106,50,1,40,13,63,73,42
105,51,2,41,13,63,73,43
104,52,2,41,13,62,73,43
105,52,2,41,13,62,73,43
106,52,2,40,13,62,74,45
108,53,2,40,13,63,75,46
109,54,1,41,13,64,76,46
110,54,2,40,14,64,76,47
110,54,2,41,13,64,76,46
109,54,2,41,11,63,76,46
109,54,1,40,10,64,76,46
109,54,0,40,10,66,76,46
109,54,1,39,12,67,76,46
109,53,2,39,13,66,76,45
108,52,3,39,13,66,78,43
108,51,2,39,12,66,75,43
107,51,1,37,10,67,76,43
106,50,0,35,10,68,76,42
107,49,1,34,10,68,79,41
108,48,2,33,10,68,80,41
108,47,2,34,10,67,80,40
107,46,1,34,10,66,79,39
105,45,1,34,11,65,78,37
104,43,1,34,10,66,76,36
104,42,1,34,10,67,76,35
105,41,1,34,9,68,78,35
106,41,1,34,10,68,78,35
106,40,1,34,10,67,79,34
107,39,1,34,10,67,79,32
108,37,1,34,10,67,80,31
108,36,1,34,10,68,80,30
109,36,1,34,10,67,81,30
108,36,1,34,9,68,80,30
108,36,1,34,8,68,80,30
107,35,1,34,9,68,79,29
106,35,1,34,10,67,79,29
105,35,1,34,11,68,78,29
104,35,1,34,12,68,76,29
103,35,1,34,12,67,76,29
105,36,1,34,12,66,78,30
107,37,1,34,11,65,79,31
107,39,1,34,10,66,79,32
107,41,1,34,8,67,79,34
105,42,1,34,8,67,78,35
104,43,1,34,10,64,76,36
104,45,1,34,12,62,76,37
103,45,1,34,13,62,75,37
104,45,1,34,14,64,76,37
105,45,1,34,13,66,78,39
106,46,1,34,13,66,79,39
108,47,1,34,13,66,80,40
108,49,1,34,13,66,80,42
109,52,1,34,14,67,81,45
109,54,1,34,13,68,81,46
109,56,2,34,13,68,80,48
108,57,2,34,13,68,79,48
107,58,1,34,13,68,79,50
107,58,1,34,13,67,79,50
108,59,1,34,13,66,80,51
110,60,2,34,13,65,81,52
111,61,3,35,13,64,83,52
111,61,3,35,13,63,83,52
111,61,2,34,13,63,83,52
110,61,2,34,13,64,81,53
111,63,2,34,13,64,83,54
112,65,3,36,13,64,81,57
113,67,5,37,13,63,83,61
114,67,6,37,13,62,83,61
113,66,5,37,13,62,83,59
113,66,5,37,13,62,83,59
113,66,3,36,13,62,83,57
113,67,3,35,13,62,85,58
113,66,2,34,13,63,85,57
113,64,1,33,13,64,85,56
112,61,1,34,13,65,84,53
111,60,1,34,13,64,83,52
111,60,2,33,13,63,83,52
111,61,2,33,13,62,83,52
111,61,3,32,13,62,83,53
111,61,2,33,13,63,83,52
111,58,2,33,13,64,83,51
109,56,1,34,13,65,81,48
108,54,1,34,13,65,80,46
108,52,1,34,12,65,79,45
108,51,2,34,11,65,80,43
108,49,2,34,12,66,80,41
107,47,1,34,13,67,79,40
105,45,1,33,14,68,78,39
104,45,0,32,14,68,76,37
104,43,0,32,14,67,76,36
104,41,0,31,14,67,76,34
104,38,-1,31,13,67,76,31
104,35,-2,31,12,68,76,29
103,33,-1,30,10,67,75,26
102,30,-1,31,9,68,75,24
102,29,-1,31,8,68,75,23
102,27,-2,31,8,68,75,21
101,26,-3,30,9,68,74,18
101,24,-4,28,9,68,75,17
100,22,-4,27,9,68,75,14
101,21,-4,25,8,68,76,14
101,20,-3,25,8,68,76,15
101,18,-2,25,8,68,79,14
100,16,-3,25,8,68,75,12
100,14,-4,26,8,68,75,10
99,13,-5,27,8,68,75,7
99,11,-5,28,8,68,74,4
98,9,-5,27,8,68,74,3
98,7,-5,27,8,68,74,1
97,7,-5,27,9,68,73,1
98,7,-5,27,9,68,74,1
98,7,-5,28,8,68,74,2
98,7,-5,27,8,68,74,2
97,7,-5,27,8,68,73,1
96,6,-5,27,9,68,73,0
95,6,-6,27,10,67,72,0
94,5,-6,26,10,67,70,0
95,5,-6,26,10,67,70,0
95,6,-6,25,9,68,70,0
95,6,-6,24,9,68,70,0
95,5,-6,24,10,67,70,0
95,5,-6,25,10,67,70,0
95,6,-6,26,10,67,72,0
96,6,-7,26,10,67,73,1
96,6,-8,25,12,67,73,1
95,6,-9,23,13,67,70,0
93,5,-8,23,14,67,69,-1
93,4,-8,22,14,68,72,-1
93,5,-7,23,13,67,69,-1
93,5,-7,25,12,67,69,-1
93,5,-6,26,11,68,69,-1
93,5,-6,26,10,68,69,-1
93,5,-7,25,10,68,69,-1
93,5,-7,25,10,67,69,-1
93,5,-8,25,10,66,69,-1
93,5,-8,25,10,66,69,-1
93,5,-8,24,11,66,69,-1
93,5,-8,23,11,66,69,-1
93,5,-6,21,12,65,72,-1
93,5,-6,20,11,65,72,1
93,5,-5,20,10,65,72,1
93,4,-5,20,8,65,72,1
93,5,-6,20,8,65,72,1
95,5,-6,20,10,66,73,2
97,7,-6,20,12,67,75,3
98,7,-5,20,13,67,75,3
98,7,-5,20,12,66,76,3
97,7,-5,20,10,65,75,3
97,7,-5,20,9,65,75,3
98,7,-5,20,9,65,75,3
99,8,-5,20,10,65,76,4
100,8,-5,20,10,65,78,4
99,8,-5,21,11,66,76,4
97,8,-4,21,13,68,75,4
95,10,-4,21,14,68,74,6
97,12,-4,21,13,66,74,8
98,14,-5,21,13,64,76,9
99,14,-4,21,13,62,76,9
98,13,-3,22,13,62,76,8
97,12,-2,23,13,63,74,8
95,12,-1,24,13,64,74,8
96,12,-1,24,13,65,74,8
97,12,-2,23,13,64,74,8
97,12,-2,23,13,63,74,8
95,12,-2,23,13,62,74,8
95,11,-1,24,13,63,73,7
95,11,-2,23,13,64,73,7
96,10,-2,23,13,65,74,6
96,8,-1,24,13,64,74,4
96,6,-2,23,13,63,74,2
95,5,-2,23,13,62,74,2
94,5,-2,23,13,62,73,2
94,4,-1,24,13,62,72,1
94,3,-1,24,13,63,73,0
95,2,-2,23,13,63,73,-1
96,1,-3,23,13,62,74,-2
97,0,-3,23,13,62,75,-2
96,0,-2,23,13,62,74,-3
94,-2,-2,23,13,62,73,-4
93,-2,-3,23,13,62,72,-6
93,-3,-4,22,13,62,72,-6
93,-4,-6,22,13,62,72,-9
94,-5,-7,21,13,62,73,-10
95,-6,-6,21,13,62,73,-10
94,-5,-6,21,13,62,73,-10
94,-5,-6,22,13,62,73,-10
94,-5,-7,23,13,62,73,-10
94,-5,-7,23,13,62,70,-10
94,-5,-7,22,13,62,73,-10
94,-5,-6,20,13,62,73,-8
94,-6,-5,20,13,62,73,-8
94,-5,-5,20,13,62,73,-8
96,-5,-5,21,13,62,74,-8
97,-3,-4,21,13,62,75,-7
97,-2,-4,21,14,62,75,-4
97,0,-4,21,15,62,75,-3
98,1,-5,21,16,62,76,-2
98,2,-4,21,16,62,76,-1
99,4,-3,22,14,62,76,1
99,6,-3,23,13,62,76,2
99,7,-3,23,13,62,76,3
100,9,-3,23,15,62,78,6
101,11,-2,23,16,62,79,7
102,13,-1,24,16,62,79,9
102,15,-1,24,15,62,80,10
103,18,-1,24,14,62,80,13
104,20,-1,24,16,62,81,15
104,22,-2,23,18,62,81,17
104,24,-2,23,19,62,81,19
104,26,-1,24,18,62,81,20
104,28,-1,25,16,62,81,23
104,31,0,26,14,62,81,25
105,32,1,27,13,63,80,26
105,34,1,28,14,62,80,28
106,35,1,27,17,62,80,31
106,37,2,26,18,62,83,32
107,39,3,24,17,62,84,35
107,41,4,23,17,62,85,36
106,43,4,23,17,62,85,39
107,45,4,23,17,61,86,41
108,47,4,23,17,60,86,42
108,47,5,24,16,61,84,42
108,47,5,26,17,62,84,42
108,47,4,27,17,62,84,42
109,48,2,28,17,62,83,42
111,49,1,28,16,62,85,42
112,50,2,28,16,62,86,45
112,50,5,28,18,62,89,45
112,50,7,28,18,62,87,47
112,50,7,28,18,62,87,47
112,50,5,29,18,62,86,45
112,50,3,28,16,62,86,45
112,50,3,27,16,62,89,45
112,50,5,26,17,62,89,45
112,50,5,26,18,62,87,45
111,49,5,28,18,62,86,43
109,46,3,28,17,62,84,41
110,45,1,27,16,62,84,37
111,44,0,27,15,62,85,37
112,43,1,27,14,62,86,39
112,43,1,27,13,62,86,39
112,42,1,27,13,62,86,37
112,41,1,27,13,62,86,34
112,39,1,27,13,62,86,35
111,39,1,27,13,62,85,35
110,37,1,27,13,63,84,32
110,35,1,27,13,63,84,31
110,33,0,26,13,62,86,28
110,32,-1,25,13,62,86,26
108,31,-1,24,13,62,85,25
107,30,-2,23,13,63,84,24
107,28,-2,23,13,64,84,23
107,26,-1,24,13,64,84,20
106,24,-1,24,13,64,84,19
106,23,-1,24,13,65,83,18
106,21,-2,23,13,65,83,17
105,19,-2,23,13,66,83,14
105,17,-2,23,13,66,83,13
104,16,-2,24,13,66,81,12
103,16,-2,24,13,66,80,12
103,16,-2,23,13,66,80,12
104,17,-2,23,13,66,81,12
103,16,-1,24,13,66,80,12
103,16,-2,24,13,67,80,12
102,15,-3,25,13,68,80,10
102,14,-3,25,13,68,76,9
101,13,-3,25,13,67,76,8
101,13,-2,24,13,67,78,9
100,13,-2,23,13,67,78,9
99,14,-3,23,13,67,76,9
99,14,-3,22,13,67,76,9
99,14,-3,23,13,67,76,9
100,15,-2,23,13,68,78,10
101,17,-1,24,13,68,79,13
102,19,-1,24,13,67,79,14
102,20,-2,23,13,66,79,15
101,20,-2,23,13,65,79,15
101,20,-2,23,13,66,79,15
101,21,-1,24,13,67,79,15
102,23,-2,23,13,67,79,18
102,25,-1,24,13,66,79,19
103,27,-1,24,13,66,80,21
103,28,-1,24,13,66,80,23
103,29,-2,23,13,65,80,24
104,32,-2,23,13,64,80,26
104,33,-1,24,13,63,81,28
105,34,-1,25,13,62,81,29
106,35,0,26,13,62,83,29
108,36,1,27,13,63,81,31
108,37,1,27,14,63,83,34
107,39,1,27,14,62,81,35
106,40,1,27,15,62,80,36
106,41,1,27,15,62,80,36
107,41,1,27,14,62,81,37
109,42,1,27,13,62,84,37
110,43,0,27,13,62,84,36
111,43,1,27,14,62,85,39
110,43,2,25,14,62,86,39
110,43,3,24,15,62,86,39
110,43,3,24,15,62,86,39
110,43,2,25,14,62,86,39
110,43,1,27,13,62,84,39
110,43,0,27,12,62,84,36
110,43,1,27,13,62,84,36
110,43,1,27,15,62,84,39
110,43,1,27,17,62,84,39
110,43,1,27,17,62,84,39
110,43,1,27,15,62,84,36
110,43,1,27,13,62,84,39
110,43,1,27,13,62,84,39
110,43,1,27,13,62,84,39
110,43,1,27,13,62,84,39
110,43,1,27,13,62,84,39
110,43,1,27,13,62,84,39
110,44,1,27,13,62,84,40
108,46,1,27,15,62,83,41
108,47,1,27,17,62,81,42
108,48,1,27,18,62,81,42
109,48,1,27,16,62,83,43
111,49,1,27,15,62,85,45
112,50,1,27,15,62,86,45
112,49,1,27,16,62,86,45
112,50,1,27,18,62,86,45
112,52,1,27,17,62,86,47
113,54,1,27,16,62,86,48
114,56,1,27,16,62,87,51
114,57,1,27,18,62,87,52
113,58,1,27,18,62,86,52
112,59,1,28,18,62,85,53
111,61,2,29,18,62,85,52
111,60,2,30,18,62,84,52
111,61,3,30,18,62,85,54
112,63,4,30,18,62,85,57
113,65,5,30,18,62,86,59
112,67,5,30,18,62,86,61
111,67,5,30,18,62,85,61
110,66,4,30,18,62,84,59
110,65,4,30,18,62,84,58
109,65,5,30,18,62,83,59
110,66,5,30,18,62,84,59
110,66,5,30,18,62,84,59
111,64,5,30,18,62,85,58
111,62,4,29,18,62,85,56
111,61,3,28,18,62,85,54
111,61,2,28,18,62,85,54
111,61,2,28,18,62,85,54
112,60,3,28,18,62,86,53
113,58,3,29,18,62,86,52
112,56,3,29,18,62,86,51
111,54,3,28,18,62,85,48
110,53,1,27,18,62,84,47
111,51,1,26,18,62,85,43
112,50,1,27,18,62,86,45
112,50,1,27,18,62,86,45
112,50,1,27,18,62,86,45
112,50,1,27,18,62,86,45
113,49,1,27,18,62,86,43
112,46,1,27,18,62,86,41
112,43,1,27,18,62,85,39
110,43,1,27,18,62,84,39
109,44,1,27,18,62,84,40
110,47,1,27,18,62,84,42
111,49,1,27,18,62,85,43
112,50,1,27,18,62,86,45
112,50,1,27,18,62,86,45
111,51,1,27,18,62,85,46
110,53,1,27,18,62,84,47
111,54,1,27,18,62,85,48
112,56,2,28,18,62,86,51
114,57,2,28,18,63,87,51
113,57,2,28,18,64,87,52
112,59,3,28,18,64,85,53
111,61,3,29,18,64,84,54
110,62,5,30,18,63,84,56
110,65,5,30,18,62,84,58
112,67,5,30,18,62,85,61
112,67,5,30,18,62,86,61
113,68,5,30,18,62,86,61
112,68,5,30,18,62,86,62
112,69,5,30,18,62,85,62
111,70,5,30,18,62,85,63
111,71,5,30,18,62,84,64
110,71,5,30,18,62,84,64
111,70,5,30,18,62,85,63
112,68,5,30,18,62,85,62
112,67,5,30,18,62,86,61
113,67,5,30,18,63,86,61
113,67,5,30,18,64,86,61
113,67,5,30,18,65,86,61
115,65,4,29,18,66,87,58
115,63,3,28,18,66,89,57
115,61,2,28,18,65,89,54
114,58,2,28,18,64,87,52
114,57,2,28,18,65,87,51
113,57,2,28,18,66,87,51
113,56,2,28,18,67,87,51
113,54,1,27,18,67,86,48
112,52,1,27,18,67,86,47
112,50,1,27,18,67,86,45
112,48,1,27,18,67,86,42
112,46,1,27,18,67,86,41
111,44,1,27,18,67,85,39
110,43,1,27,18,67,84,39
110,43,1,27,17,67,84,39
110,43,1,27,16,67,84,39
110,41,1,27,17,67,84,36
109,38,1,27,18,67,84,34
108,37,1,27,18,67,83,34
107,39,1,27,18,67,81,35
107,41,1,27,18,67,81,36
108,42,1,27,18,67,83,35
108,42,1,27,18,67,83,35
108,42,1,27,18,67,83,37
108,42,1,27,18,67,83,37
109,42,1,27,17,67,84,37
110,43,0,27,16,67,84,36
110,43,0,28,17,67,84,36
110,44,0,28,18,67,84,37
108,46,0,28,18,67,83,39
108,47,0,27,18,67,81,40
107,47,0,28,18,67,81,40
108,47,0,29,18,67,81,40
108,47,-1,30,18,67,80,40
108,47,-1,30,18,67,80,40
108,47,0,29,18,67,81,40
108,47,0,29,18,67,81,40
108,47,0,29,18,67,81,40
108,47,0,28,18,67,81,40
108,47,0,27,18,67,81,40
108,48,0,28,18,66,81,41
108,47,0,29,18,65,83,40
108,46,0,30,18,66,80,39
108,43,0,30,18,67,80,36
108,42,0,28,18,67,81,35
106,40,0,27,18,67,80,34
104,39,0,26,18,67,81,32
104,38,0,26,18,67,80,31
104,35,1,26,18,67,79,29
105,32,0,26,18,67,80,26
105,30,0,25,18,67,81,24
104,28,-2,24,17,67,81,23
103,27,-2,23,16,67,80,21
102,25,-2,24,17,67,79,20
101,23,-2,24,18,66,79,18
100,20,-3,23,18,65,78,15
99,17,-4,21,19,65,76,12
97,14,-5,20,18,65,75,9
97,11,-6,20,16,65,75,4
97,9,-6,21,14,66,75,2
97,7,-7,22,14,67,75,1
97,4,-7,22,14,67,75,-1
96,3,-7,22,15,67,74,-2
96,1,-7,23,15,67,74,-3
96,0,-8,23,15,67,73,-4
97,0,-10,23,15,67,73,-6
97,-2,-11,22,17,67,73,-9
96,-4,-12,21,17,67,72,-12
95,-6,-11,21,16,67,73,-13
94,-6,-11,22,15,67,70,-13
94,-5,-11,22,15,67,70,-13
94,-5,-12,21,16,67,70,-12
94,-5,-12,21,18,67,73,-12
94,-5,-12,21,19,67,73,-12
94,-5,-12,20,18,67,73,-12
94,-5,-11,19,18,67,73,-10
94,-6,-10,20,18,67,73,-10
94,-6,-10,20,18,67,73,-10
94,-5,-11,22,18,67,70,-12
95,-3,-10,23,18,67,72,-8
95,-1,-8,22,18,67,74,-6
96,0,-6,21,18,67,74,-4
96,1,-5,20,18,67,74,-2
97,1,-5,20,18,67,75,-1
98,3,-5,20,18,67,75,0
99,5,-6,20,18,67,76,2
99,8,-6,20,18,67,76,2
99,10,-5,21,18,67,78,7
100,12,-4,21,18,67,78,8
101,14,-3,23,18,67,79,10
102,17,-1,24,17,67,79,12
101,19,-1,24,16,67,79,14
101,22,-2,23,17,67,79,17
101,24,-2,23,18,67,78,19
101,26,-2,23,18,67,79,20
102,28,-1,25,18,67,80,21
104,29,0,26,18,67,80,24
104,32,1,27,18,67,79,25
104,34,1,27,18,66,79,28
104,36,1,27,18,65,79,31
104,37,1,26,18,65,79,31
105,40,1,26,18,64,79,34
105,42,1,27,18,64,79,35
104,43,1,29,17,65,79,36
104,45,2,31,16,66,79,37
104,46,3,30,17,67,79,41
107,46,3,29,18,66,81,41
108,47,3,28,18,64,81,42
107,48,3,28,18,62,81,43
106,50,4,29,18,62,80,45
106,52,4,30,16,63,80,47
108,54,5,30,16,64,81,48
109,54,5,30,17,64,84,48
110,54,4,30,17,64,84,48
109,54,4,30,17,64,84,48
109,54,4,30,16,65,84,48
111,54,5,30,17,66,85,48
112,56,5,30,18,66,86,51
113,57,4,30,18,66,86,52
113,58,3,31,17,65,86,52
113,58,3,32,14,66,84,52
112,58,3,32,13,66,84,52
112,58,3,32,13,66,84,52
113,57,4,31,13,66,86,52
113,57,3,32,13,66,85,51
114,56,3,33,14,67,85,48
114,56,1,34,14,68,85,48
114,57,0,33,13,68,85,48
114,56,0,31,13,68,85,48
112,56,0,30,13,67,84,48
110,55,0,29,13,67,84,47
109,54,0,29,13,67,84,46
110,53,0,29,13,69,84,45
111,51,0,29,13,71,85,43
112,50,0,29,14,73,86,42
112,49,0,29,14,72,86,42
111,49,0,29,13,71,85,41
109,48,-1,30,13,69,80,41
108,48,-2,31,13,69,80,41
108,47,-2,31,13,71,80,40
108,45,-2,31,14,72,80,37
106,43,-2,31,14,72,79,36
104,40,-1,30,13,71,76,34
103,38,0,29,13,70,78,31
103,37,0,28,13,71,78,30
103,35,1,27,14,72,78,29
103,33,0,28,14,72,78,28
102,32,0,28,14,72,76,26
101,32,0,29,14,72,75,26
100,31,-1,30,14,72,73,25
99,29,0,30,14,72,73,24
99,27,0,29,14,72,74,21
99,25,0,28,14,72,74,20
98,25,-1,28,14,72,74,19
97,24,-3,26,14,72,73,18
97,22,-3,26,14,72,73,17
96,19,-3,25,13,71,72,14
96,18,-3,25,13,70,74,13
97,18,-2,24,13,71,75,13
97,18,-1,23,14,72,75,13
97,18,-1,23,14,72,75,14
97,18,-1,24,14,72,74,13
96,17,-3,25,14,72,72,12
95,15,-6,25,14,72,70,8
93,14,-7,25,14,72,69,8
93,14,-7,24,14,72,69,7
93,13,-7,24,14,72,69,7
95,13,-7,24,14,72,70,7
96,14,-7,25,14,72,72,7
95,15,-7,26,14,72,72,8
94,16,-7,26,14,72,70,9
93,15,-7,25,14,72,69,8
93,14,-7,25,14,72,69,8
94,14,-7,25,14,72,70,8
95,15,-7,25,14,72,70,8
96,16,-8,24,14,72,72,9
97,17,-8,24,14,72,73,9
97,16,-7,25,14,72,73,9
97,17,-6,26,14,72,73,9
97,18,-5,27,14,72,73,10
97,19,-4,27,14,72,73,12
98,19,-5,27,14,72,74,12
99,19,-5,27,14,72,75,12
100,20,-5,27,14,72,75,13
101,21,-5,27,14,72,76,13
101,22,-5,27,13,72,75,14
99,24,-5,27,12,72,75,17
99,25,-4,28,12,72,74,18
98,25,-2,29,12,72,72,20
98,25,-1,30,14,72,72,19
98,24,-1,31,14,72,72,19
98,25,-1,31,13,72,72,19
99,27,-1,30,11,72,72,21
100,29,-1,30,11,72,73,24
100,32,-1,30,11,72,73,25
100,32,-1,30,12,72,73,25
100,31,-1,31,14,72,73,25
100,31,0,31,14,72,73,25
101,33,0,32,14,72,73,26
101,36,0,31,14,72,74,30
102,38,-1,31,12,72,75,31
102,39,-1,30,10,72,74,32
102,38,-1,30,9,72,74,31
102,38,-1,31,8,72,74,31
103,38,-1,31,9,72,75,31
105,40,-1,31,9,72,78,34
105,42,-1,30,9,72,78,35
104,44,-1,30,9,72,76,37
104,45,-1,31,9,72,76,37
103,45,0,31,9,72,75,37
103,45,0,32,9,72,75,37
104,45,0,31,9,72,76,37
104,45,-1,31,9,72,76,37
103,45,-2,30,9,72,75,37
103,45,-1,31,9,72,75,37
104,45,0,31,9,72,76,37
104,45,0,32,9,72,76,37
103,45,0,31,9,72,75,37
103,45,-1,31,9,72,75,37
104,45,-1,30,9,72,76,37
104,43,-1,30,9,72,76,36
106,42,-1,30,9,72,78,35
106,41,-1,31,9,72,78,34
105,39,-1,30,9,72,78,32
104,37,-1,31,9,72,76,31
104,35,-1,31,9,72,76,29
104,34,-1,30,9,72,76,28
104,34,-2,30,9,72,76,28
105,34,-3,29,9,73,78,26
104,34,-3,28,9,73,76,25
104,32,-3,28,9,73,76,24
103,29,-3,29,9,72,76,21
103,27,-3,29,9,72,75,21
103,27,-2,29,9,73,75,21
102,27,-3,29,9,74,75,21
101,27,-3,28,9,75,76,19
101,24,-5,27,9,75,75,17
100,21,-5,27,9,75,75,14
101,21,-5,27,9,74,76,13
101,20,-5,27,9,73,76,13
101,20,-5,27,9,72,76,13
100,20,-5,27,9,72,75,13
98,19,-5,27,9,73,73,12
97,18,-5,27,9,73,73,10
97,17,-5,27,9,73,73,10
97,17,-5,27,9,72,73,9
98,17,-5,27,9,72,74,9
98,17,-5,27,9,72,74,10
98,16,-5,27,9,72,74,9
98,15,-5,27,9,72,74,8
99,14,-5,27,9,72,74,7
100,14,-5,27,9,72,75,7
100,14,-5,27,9,72,75,7
99,14,-5,27,9,73,74,7
98,13,-5,27,9,73,74,7
97,12,-5,27,9,73,73,6
96,10,-5,27,9,72,72,4
96,10,-5,27,9,72,72,3
97,9,-5,27,9,73,73,2
96,7,-5,27,9,74,72,1
95,6,-5,27,9,75,70,0
94,4,-5,27,9,76,70,-1
93,4,-5,27,9,76,69,-1
93,5,-5,27,9,75,69,-1
93,5,-5,27,9,75,69,0
93,5,-5,27,9,74,69,-1
94,3,-5,27,9,74,70,-2
95,1,-5,27,9,74,72,-3
96,0,-5,27,9,73,72,-4
96,0,-5,27,9,74,72,-4
96,0,-5,27,9,74,72,-4
96,0,-5,27,9,74,72,-4
96,0,-5,27,10,73,72,-4
95,2,-5,27,11,72,72,-3
94,3,-5,27,10,72,70,-1
93,4,-5,27,9,72,69,-1
92,4,-5,27,9,73,68,-1
92,4,-5,27,9,73,68,-1
92,4,-5,27,9,72,69,-1
93,4,-5,27,9,72,69,-1
94,4,-5,27,9,72,70,-1
94,5,-5,27,9,72,70,0
93,6,-5,27,9,72,69,0
92,7,-5,27,9,72,68,1
91,9,-5,27,9,72,68,2
91,9,-5,27,9,72,67,3
92,9,-5,27,9,72,68,3
93,10,-5,27,9,72,69,3
94,10,-5,27,9,72,70,3
94,10,-5,27,9,72,70,4
93,10,-5,27,9,72,69,4
93,12,-5,27,9,72,69,6
92,13,-5,27,9,72,68,7
93,14,-5,27,9,72,69,7
93,14,-5,27,9,72,69,7
94,13,-5,27,9,72,70,7
94,12,-5,27,9,72,70,6
95,11,-5,27,9,72,72,4
95,11,-5,27,9,72,72,4
95,11,-5,27,9,72,72,4
95,11,-5,27,9,72,72,4
95,11,-5,27,9,72,72,4
95,11,-5,27,9,72,72,4
95,11,-5,27,9,72,72,4
95,11,-5,27,9,72,70,4
95,11,-5,27,9,72,72,4
96,12,-5,27,9,72,72,6
98,13,-5,27,9,72,74,7
100,14,-5,27,9,72,75,7
100,14,-5,27,9,72,75,7
99,14,-5,27,9,72,74,7
98,15,-5,27,9,72,74,8
98,17,-4,28,9,72,74,9
98,18,-2,29,9,72,72,14
99,20,-1,31,9,72,73,15
100,22,-1,31,9,72,73,17
100,23,-1,30,9,72,73,18
100,25,-1,31,9,72,73,20
101,26,0,32,9,72,74,20
102,28,0,32,9,72,74,23
101,30,0,33,9,72,74,24
101,33,0,32,9,72,73,26
101,36,0,33,9,72,74,30
103,39,1,34,9,72,75,32
104,41,1,35,9,72,74,34
104,44,0,35,9,72,74,36
104,47,0,36,9,72,74,40
104,50,-1,37,9,72,74,40
105,51,-1,37,10,72,75,41
105,52,0,36,10,72,75,43
105,51,0,35,10,72,75,43
105,51,0,35,10,72,75,43
106,52,0,36,10,72,76,45
108,53,-1,37,10,72,78,43
109,54,-1,37,11,72,79,43
110,54,0,36,10,72,79,47
110,54,0,35,10,72,79,46
110,52,1,34,10,72,81,45
110,50,1,34,10,72,81,43
109,49,1,34,11,72,80,41
108,47,0,35,12,72,78,40
108,46,0,35,13,72,78,39
108,44,0,35,12,72,78,37
107,42,1,34,10,72,79,35
106,40,1,34,9,72,79,34
107,39,0,33,8,72,79,32
108,37,0,32,9,72,80,31
108,36,-1,31,9,72,80,30
106,35,-2,30,9,72,78,29
103,33,-2,30,9,72,76,28
102,31,-1,31,9,72,74,25
102,28,0,32,9,72,74,23
102,27,1,33,9,72,75,21
103,27,2,34,9,72,75,21
103,27,1,34,9,72,75,21
103,27,0,33,9,72,75,21
102,27,0,32,9,72,75,21
103,27,0,32,9,72,75,21
103,27,1,33,9,72,75,21
103,27,2,34,9,72,75,21
102,28,1,34,9,72,74,23
101,29,1,34,9,72,74,24
100,32,1,34,9,72,73,25
100,34,2,34,9,72,73,28
101,36,2,33,9,73,74,30
102,38,1,34,9,73,74,31
103,39,0,35,9,72,74,32
105,40,0,36,9,72,75,34
105,42,0,37,9,72,75,35
105,43,0,37,9,73,75,36
104,45,0,37,9,74,74,37
103,45,0,37,9,75,73,36
103,46,0,38,9,74,72,36
104,47,0,40,9,73,72,40
105,49,2,41,9,72,73,41
106,50,2,41,8,72,73,42
106,51,1,40,9,73,73,43
105,52,0,40,9,74,73,43
105,51,0,39,9,75,73,43
105,52,1,40,9,76,73,43
105,51,1,40,9,76,73,43
106,50,1,39,9,76,74,42
107,48,0,38,9,77,74,39
108,47,-1,37,9,78,78,37
108,47,-1,37,9,78,78,37
108,47,-1,37,9,77,78,37
107,46,-1,37,9,78,76,36
106,44,-1,37,9,78,75,35
105,43,-1,37,9,77,75,34
105,41,-1,37,9,76,75,32
105,39,-1,37,9,75,75,30
105,36,-1,37,9,75,75,28
104,34,-1,37,9,75,75,25
104,33,-1,37,9,75,73,25
104,34,-1,37,9,75,74,25
104,35,-1,37,9,76,75,26
104,34,-1,37,9,77,75,25
104,32,-2,37,9,78,74,24
103,29,-2,36,9,78,74,21
103,27,-2,36,9,77,73,19
103,27,-1,36,9,77,73,19
103,27,-1,35,9,77,73,19
103,27,-1,33,9,78,73,21
103,27,-1,32,9,77,75,21
102,27,-1,31,9,77,75,21
103,27,0,31,9,77,75,21
103,27,0,31,9,77,75,21
103,27,0,32,9,77,75,21
102,27,0,32,9,77,75,21
101,26,0,32,9,77,74,20
101,26,-1,31,9,77,74,20
102,27,-1,30,9,77,74,21
102,27,-2,31,9,77,75,21
102,26,-2,31,9,77,74,20
100,26,-1,31,9,77,73,20
99,25,-1,31,9,77,72,19
98,25,-1,30,9,77,72,19
98,25,-2,31,9,77,72,19
99,25,-3,32,9,77,72,17
98,25,-2,32,9,77,72,18
98,26,-1,32,9,77,72,20
97,26,0,32,9,77,70,20
98,26,-1,32,9,77,72,20
98,25,-3,34,9,77,69,17
98,24,-4,35,9,77,69,17
99,25,-4,36,9,77,69,17
100,25,-4,35,9,77,70,18
101,27,-3,33,9,78,72,19
103,27,-1,33,9,78,75,21
103,27,0,34,9,77,74,21
102,27,0,36,9,77,73,21
102,27,-1,36,9,77,73,19
102,27,-1,35,9,78,73,19
104,28,-2,36,9,79,74,20
106,28,-1,37,9,79,76,20
107,30,-1,38,8,79,75,21
106,31,-1,38,7,78,74,23
105,32,-1,37,6,78,75,24
104,33,-1,37,5,79,74,25
104,34,-1,37,5,79,75,25
105,35,-1,37,6,79,74,26
106,36,-1,38,7,78,74,28
107,39,-1,37,8,78,75,30
108,41,0,36,8,79,78,35
109,43,2,36,8,79,79,36
109,44,3,35,7,79,81,37
109,46,2,36,6,79,79,39
109,48,1,37,4,80,79,41
110,49,0,40,3,81,78,42
111,51,1,41,4,81,78,43
111,53,2,41,6,80,78,45
110,54,2,41,7,79,76,46
109,54,1,41,8,79,76,46
109,54,1,41,7,80,76,46
109,54,2,40,6,81,76,46
109,54,3,39,6,82,76,46
108,55,4,38,5,82,78,47
108,56,4,38,4,81,78,47
109,55,4,38,3,81,79,47
110,54,3,39,4,81,79,47
109,54,2,40,7,82,76,46
108,53,2,41,8,83,75,45
107,51,3,39,8,83,75,43
107,49,3,37,6,82,76,42
107,47,2,35,5,81,79,40
107,45,2,33,5,80,79,37
107,43,1,33,6,81,79,36
107,41,1,34,7,82,79,34
106,39,1,34,9,83,79,32
106,38,1,34,10,83,78,31
104,36,2,34,10,82,76,30
104,35,1,34,8,82,76,29
105,33,1,34,6,82,78,26
106,31,1,34,4,83,79,25
106,29,1,34,6,82,78,24
104,27,1,34,8,82,78,21
103,26,1,34,10,82,76,21
103,25,1,34,9,82,76,20
104,25,1,34,8,82,76,19
105,24,1,34,8,82,78,19
105,23,1,34,8,82,78,18
105,23,1,34,7,82,78,18
104,22,1,34,6,82,76,17
102,21,1,34,5,82,75,17
102,21,1,34,6,82,75,17
104,22,1,34,6,82,76,17
105,23,1,34,6,82,78,18
105,23,1,34,5,82,78,18
105,23,1,34,4,83,78,18
105,23,1,34,4,83,78,18
105,22,1,34,5,82,78,18
105,23,1,34,4,83,78,18
104,24,1,34,4,83,78,19
103,26,1,34,5,82,76,20
103,27,1,34,7,82,75,21
102,28,1,34,8,82,75,21
102,27,1,34,8,82,75,21
103,27,1,34,7,82,75,21
103,27,1,34,6,82,75,21
103,27,1,34,6,82,75,21
102,27,1,34,6,82,75,21
102,28,1,34,5,82,75,23
102,31,1,34,4,83,75,25
103,33,1,34,4,83,75,28
104,34,1,34,4,83,76,28
105,34,2,34,5,82,78,28
104,34,2,34,5,82,76,28
104,34,2,34,4,83,76,28
104,35,1,34,5,82,76,29
104,36,1,33,5,82,76,29
104,37,1,34,5,82,76,30
104,38,3,35,4,83,76,31
104,39,4,36,4,83,75,32
105,40,5,37,5,82,75,36
106,41,5,37,6,82,75,36
106,40,4,36,7,83,76,36
106,40,3,36,6,84,76,34
106,40,3,35,5,86,79,34
105,42,2,34,4,86,78,35
104,44,2,34,4,85,76,37
104,44,1,33,5,84,76,37
104,43,2,34,5,85,76,36
105,42,3,35,5,86,78,35
105,42,3,35,4,86,78,35
105,42,3,35,5,85,78,35
106,42,2,34,5,85,78,35
106,41,1,34,5,86,79,35
106,40,1,34,5,87,79,34
104,40,1,34,5,87,76,34
103,39,1,34,5,87,75,32
103,37,1,34,5,87,75,30
103,35,1,34,5,87,75,29
103,33,1,34,5,87,75,28
102,30,2,33,5,87,75,24
102,28,1,34,5,87,75,23
102,27,0,35,5,87,73,21
103,27,0,36,5,87,73,21
101,27,-1,37,5,87,72,19
100,25,-1,38,5,87,69,18
100,23,-1,37,5,87,68,15
100,22,-2,36,5,87,70,14
100,21,-2,36,5,87,72,14
100,22,-2,36,5,87,72,14
100,22,-3,36,4,87,70,15
100,23,-3,35,5,87,70,15
99,23,-3,35,6,87,70,15
99,24,-2,36,8,87,70,17
99,24,-1,37,10,87,68,17
99,25,0,38,10,87,69,17
98,25,-1,37,10,87,69,17
97,25,-1,37,8,87,69,18
97,28,-1,37,7,87,65,19
97,30,-1,38,7,87,65,21
99,31,-1,37,7,87,69,23
100,31,0,36,8,87,70,25
101,31,0,35,8,87,72,25
101,31,0,35,9,87,72,25
99,32,0,36,10,87,70,26
98,34,0,36,10,87,69,28
97,35,0,35,9,87,68,29
97,36,1,34,8,87,70,29
97,36,2,33,8,87,70,29
97,35,1,34,9,87,70,29
98,34,1,34,9,87,72,28
99,32,1,34,8,87,73,26
100,32,1,34,7,87,73,25
101,32,2,34,7,87,74,26
100,31,1,33,8,87,73,25
100,29,1,33,9,87,73,24
99,27,0,32,9,87,73,21
98,25,0,32,7,87,72,20
98,24,0,32,6,87,72,19
97,24,-1,30,6,88,70,18
99,21,-2,28,5,89,74,17
99,19,-1,28,4,90,75,14
98,17,-1,28,3,89,74,13
96,17,-1,30,4,88,69,12
94,16,-1,31,7,87,68,12
93,14,-1,31,8,87,67,9
94,12,-1,30,8,87,68,8
95,11,-2,31,8,88,69,7
96,11,-2,32,7,87,69,4
95,11,-3,32,7,87,69,4
95,11,-2,32,8,86,69,4
95,11,-2,31,8,86,69,7
95,11,-1,30,8,86,69,7
95,11,-2,31,8,86,69,4
95,11,-4,33,9,86,67,4
95,11,-5,34,10,85,67,4
95,11,-5,35,10,84,67,4
95,11,-5,34,10,85,67,4
95,13,-5,34,9,85,67,7
96,16,-5,34,9,83,68,9
97,18,-4,34,10,83,68,10
98,19,-4,35,9,83,69,12
98,21,-2,36,9,84,69,13
99,23,-1,37,9,84,70,15
100,25,0,38,9,84,72,18
102,28,-1,37,9,83,73,20
103,32,-1,37,9,82,74,24
104,35,-1,37,9,82,74,26
104,38,-1,37,9,82,74,30
104,41,-1,37,9,83,74,32
104,43,0,38,9,83,72,34
105,45,0,39,9,82,73,36
106,48,0,39,9,82,74,40
107,51,1,40,9,82,74,43
108,54,1,40,9,82,75,46
109,57,1,40,9,82,76,50
110,60,2,41,9,82,76,52
110,62,3,42,9,83,76,53
110,64,4,43,9,83,76,54
110,65,5,44,9,82,76,56
111,67,5,43,9,82,78,58
112,69,4,43,10,82,79,59
113,71,4,43,9,83,80,62
113,73,5,44,9,83,79,63
113,74,5,44,10,84,78,64
114,75,6,44,10,85,80,65
113,76,6,43,10,86,80,67
112,76,7,42,9,86,79,69
112,77,7,41,8,85,79,69
113,79,8,41,8,86,83,72
115,80,7,41,8,87,81,73
115,81,7,42,8,88,81,73
115,80,6,43,8,88,81,69
113,79,5,44,7,87,80,69
113,79,5,44,7,86,80,69
115,79,6,43,7,85,81,69
115,79,7,42,6,86,81,72
115,76,6,43,7,87,81,67
115,74,6,43,7,87,81,64
114,73,5,44,6,87,81,64
114,74,5,44,5,87,81,64
115,74,5,44,5,87,81,64
115,74,5,44,5,87,81,64
114,74,6,43,5,88,81,64
114,74,6,43,5,87,80,64
115,74,7,43,5,87,81,67
115,73,6,43,5,87,81,63
116,71,5,43,5,87,83,62
116,69,4,43,5,87,83,61
116,69,4,43,5,89,83,59
116,69,4,43,5,91,83,61
115,69,4,43,5,92,81,61
114,68,3,42,5,93,80,59
113,68,2,41,5,92,80,58
114,68,2,41,5,92,80,59
116,69,3,42,5,92,83,61
117,70,3,42,5,92,84,61
116,70,3,42,5,92,83,61
114,68,3,42,5,92,80,59
112,67,2,42,5,92,79,58
112,67,2,41,5,92,79,58
113,68,3,39,5,92,80,58
114,68,3,39,4,92,83,59
114,68,2,40,3,92,81,59
114,68,2,40,3,93,80,59
113,68,3,40,3,93,80,59
112,67,3,39,4,92,81,58
112,67,3,39,3,92,79,58
112,67,2,40,2,92,79,58
113,68,1,41,0,93,80,58
113,68,1,41,0,94,80,58
112,67,1,41,0,94,79,58
112,67,2,40,0,94,79,58
112,67,3,39,0,94,79,58
113,67,3,39,0,94,81,58
113,67,3,38,0,95,83,58
113,68,3,39,0,96,83,58
112,67,2,40,1,97,79,58
111,67,2,40,1,98,78,58
110,65,1,41,1,97,76,57
109,63,1,41,0,96,76,54
110,62,1,41,0,95,78,53
110,62,1,41,0,96,78,53
109,63,2,40,1,97,76,54
108,63,3,39,1,97,78,54
108,61,4,38,1,97,78,52
108,59,4,38,1,97,78,51
108,59,3,39,1,97,78,51
108,59,2,41,1,97,75,51
107,58,1,41,1,97,75,50
107,58,2,41,1,97,74,50
107,58,1,40,1,97,74,50
107,58,1,40,0,97,74,50
107,58,1,39,0,97,74,50
107,58,0,40,1,97,74,50
107,58,0,39,1,97,74,50
107,58,0,39,1,97,74,48
107,58,0,39,0,97,74,50
106,58,0,39,0,97,74,50
107,58,0,39,0,97,74,50
108,59,0,39,0,97,75,48
109,60,0,38,0,97,76,50
109,61,0,39,1,97,76,53
108,63,1,40,0,97,75,54
108,64,2,41,0,97,75,54
109,64,2,41,0,97,76,54
110,64,1,40,0,97,76,54
110,64,0,39,0,97,76,54
108,64,0,39,1,97,75,56
108,65,0,40,1,97,75,56
110,66,1,41,0,97,76,57
112,67,2,41,1,97,79,58
112,67,2,40,1,97,79,58
112,67,2,39,0,97,81,58
112,67,1,38,0,97,80,58
112,66,2,38,-2,97,80,57
111,66,3,39,-2,98,80,57
110,66,3,40,-1,99,76,57
108,65,2,40,-1,100,75,56
108,65,0,40,-1,99,75,56
109,63,0,39,-2,98,76,52
110,62,-1,37,-3,97,78,51
111,61,-1,37,-2,97,80,50
112,59,0,36,-2,97,81,51
112,58,0,36,-2,98,81,50
112,56,0,36,-3,99,81,48
112,53,0,37,-3,101,81,43
111,51,-1,37,-3,102,79,41
112,50,-1,37,-3,103,79,40
112,50,-1,37,-3,103,81,40
112,50,-1,37,-3,103,81,41
112,50,-1,37,-3,103,81,40
112,48,-1,37,-3,102,79,39
111,45,-1,37,-3,101,80,36
110,43,-1,37,-3,100,80,34
110,43,-1,37,-3,100,80,34
111,43,-1,37,-3,100,80,34
110,43,-1,37,-3,101,80,34
109,42,-1,37,-3,103,79,34
107,41,-1,37,-3,102,76,32
107,41,-1,37,-3,101,76,31
107,41,-1,37,-3,101,76,32
108,42,-1,37,-3,101,78,32
108,42,-1,37,-3,102,78,32
106,41,-1,37,-3,101,74,32
106,41,-1,37,-3,101,75,31
106,41,-1,37,-3,101,75,31
106,41,-1,37,-3,101,75,31
106,41,-1,37,-3,101,74,31
106,41,-1,38,-3,100,74,31
106,41,-1,37,-3,99,75,31
106,41,0,36,-3,99,75,34
106,41,0,35,-3,100,75,34
106,41,1,34,-3,101,78,34
106,41,2,33,-2,101,78,34
106,41,1,34,-1,101,78,34
106,41,1,34,-2,99,78,34
106,41,1,34,-3,98,78,34
106,41,1,34,-4,97,78,34
106,40,1,34,-3,97,79,34
106,40,1,34,-2,98,79,34
106,40,2,34,-2,98,79,34
106,41,1,34,-1,97,78,34
106,41,1,34,-2,97,78,34
106,40,1,34,-2,97,79,34
107,39,2,34,-2,97,79,32
108,38,2,34,-3,97,80,31
108,36,1,33,-4,97,80,29
107,33,0,33,-4,97,79,26
106,31,0,32,-3,97,79,25
107,30,0,33,-2,97,79,24
107,30,1,33,-1,97,79,24
107,30,2,34,-2,97,80,24
106,28,2,34,-3,97,79,23
105,25,2,34,-3,97,78,20
105,23,1,34,-4,97,78,18
105,23,0,33,-4,97,78,18
105,22,0,32,-3,97,78,18
106,22,-1,31,-2,97,79,17
106,21,-2,30,0,97,79,17
106,22,-1,30,0,97,79,17
105,22,-1,31,0,97,78,18
105,23,-2,32,-2,97,78,15
105,23,-3,33,-2,97,75,15
105,23,-5,34,0,97,75,15
105,23,-5,34,0,97,75,15
105,23,-4,35,1,97,75,15
105,23,-3,35,1,97,75,15
106,23,-3,35,0,97,76,15
105,23,-4,35,0,97,75,15
104,24,-4,35,0,97,75,17
103,26,-4,35,1,97,74,18
103,27,-3,35,1,97,73,19
104,28,-4,35,0,96,74,20
106,29,-4,35,0,96,76,21
107,29,-4,35,0,96,78,21
107,31,-2,36,0,95,76,23
105,33,-1,37,0,94,75,24
104,34,0,37,0,93,74,28
104,34,0,36,0,93,74,28
104,34,0,36,0,94,74,28
104,34,0,36,0,94,74,28
104,34,0,35,1,93,74,28
104,34,1,34,2,92,76,28
104,34,1,35,3,92,75,28
104,34,0,36,4,92,75,28
104,34,-2,36,5,92,74,25
103,33,-2,36,5,92,74,25
102,31,-1,36,5,92,73,23
102,28,0,35,5,92,73,23
101,26,0,34,5,92,74,20
101,24,0,32,5,92,74,19
101,22,-1,30,5,92,74,17
101,20,-2,30,5,92,74,15
101,18,-2,31,5,92,74,13
100,16,-1,31,5,92,73,10
99,14,-1,31,5,92,73,9
98,13,-2,29,5,92,72,8
97,11,-4,28,5,93,73,4
97,9,-5,27,5,93,73,2
96,6,-5,27,5,94,73,1
95,5,-5,27,5,94,72,-1
94,4,-5,27,4,93,70,-1
94,3,-5,27,3,92,70,-2
94,2,-5,27,4,93,70,-3
94,0,-5,27,5,94,70,-4
93,0,-5,27,5,94,69,-6
93,-1,-5,27,5,93,69,-6
93,0,-5,27,5,93,69,-6
95,0,-5,27,5,92,70,-6
96,0,-5,27,5,92,72,-4
96,2,-5,27,5,92,72,-3
94,3,-5,27,5,92,70,-1
93,4,-5,27,5,92,69,-1
93,5,-5,27,5,92,69,-1
94,6,-5,27,5,92,70,0
95,7,-5,27,5,92,72,1
97,9,-5,27,5,92,73,2
98,10,-5,27,5,92,74,4
99,12,-3,28,5,92,74,6
99,14,-2,29,5,92,73,9
98,15,-2,30,5,92,72,10
97,17,-2,30,5,92,70,13
98,19,-3,29,5,92,72,14
100,20,-2,29,5,92,73,15
101,20,-2,30,5,92,74,15
101,20,-1,30,5,92,74,15
100,21,-1,31,5,91,73,17
99,23,0,31,5,90,72,18
100,25,0,32,5,91,73,20
101,27,1,34,5,92,74,21
102,27,2,34,5,92,75,21
103,27,2,34,5,92,76,21
103,27,1,33,5,92,75,21
103,27,0,32,5,92,75,21
102,27,0,32,5,92,75,21
102,27,0,32,5,92,75,21
103,28,0,31,5,92,75,21
104,28,-1,31,5,92,76,21
104,28,-1,31,5,92,76,23
104,28,0,32,5,92,76,23
104,29,0,32,5,92,76,24
104,30,1,33,5,92,76,24
104,31,1,33,5,92,76,25
104,32,0,32,5,92,76,26
103,33,0,32,5,92,76,28
104,34,0,32,5,92,76,28
104,34,0,33,5,92,76,28
104,34,1,33,5,92,76,28
104,33,1,33,5,92,76,28
104,34,0,32,5,92,76,28
104,35,0,32,5,92,76,29
102,37,0,31,5,92,75,30
102,38,0,32,5,92,74,31
101,38,1,34,5,92,74,31
102,38,2,34,5,92,74,31
102,38,2,34,5,92,74,31
102,38,1,34,5,92,74,31
102,38,1,34,5,92,74,31
102,38,1,34,5,92,74,31
102,38,2,34,5,92,74,31
101,38,2,34,5,92,74,31
102,38,1,34,5,92,74,31
103,37,1,34,5,92,75,30
104,35,1,34,5,92,76,29
104,34,2,34,5,92,76,28
104,33,2,34,5,92,76,26
103,33,1,34,5,92,75,28
102,33,1,33,5,92,74,26
101,32,0,32,5,92,74,26
101,30,0,32,5,92,74,24
102,29,0,31,5,92,75,23
103,28,-1,31,5,92,75,21
103,27,-1,30,5,92,75,21
102,25,-1,30,5,91,75,20
102,23,-1,30,5,90,75,18
101,21,-1,30,5,91,74,17
101,20,-1,31,5,92,74,14
100,18,-1,31,5,92,73,13
100,16,-1,30,5,92,73,12
101,15,-2,29,5,92,74,10
101,14,-3,28,6,92,76,8
101,14,-5,27,7,92,76,8
100,14,-5,27,7,92,75,8
99,14,-5,27,7,92,74,7
99,14,-3,28,6,92,73,7
99,14,-3,29,5,92,73,9
100,14,-3,29,5,92,73,7
100,14,-3,28,5,92,73,7
99,14,-3,28,5,92,73,7
99,15,-3,29,5,92,72,8
97,17,-3,29,5,92,70,12
97,18,-2,29,5,92,70,13
97,18,-2,30,5,92,70,13
98,19,-2,30,5,92,72,14
99,21,-1,31,5,92,73,15
100,23,-1,31,5,92,73,18
99,24,-1,31,5,92,72,19
98,25,-1,30,5,92,72,19
98,26,-1,30,5,92,72,20
98,28,-1,31,5,92,72,23
99,30,-1,30,5,92,72,24
100,31,-1,30,5,92,73,25
101,32,-1,31,5,92,74,26
101,33,-1,31,5,92,74,28
101,36,-1,30,5,92,74,30
102,38,-1,30,5,92,74,31
102,39,-1,30,5,92,75,32
102,38,-1,31,5,92,74,31
101,38,0,31,5,92,74,31
102,38,0,32,6,92,74,31
103,39,0,31,7,92,75,32
105,40,0,32,7,92,78,34
106,40,0,32,7,92,79,34
105,39,1,34,6,92,78,32
103,39,2,34,5,92,75,32
103,39,2,34,5,92,75,32
105,40,1,34,5,92,78,34
106,39,1,34,5,92,79,32
107,37,1,34,5,92,79,30
106,35,2,34,5,92,78,29
106,34,1,34,6,92,79,28
108,36,1,34,6,92,80,29
108,36,1,34,7,92,80,30
107,36,1,34,7,92,79,30
106,35,1,34,7,92,79,29
106,34,1,34,7,92,78,28
107,36,1,34,6,92,79,29
108,38,1,34,6,92,80,31
107,39,1,34,5,92,79,32
106,40,1,34,5,92,79,34
106,41,1,34,5,92,78,34
107,41,1,34,5,92,79,35
108,43,1,34,5,92,80,36
108,46,1,34,5,92,80,39
108,47,1,34,5,92,80,40
108,48,1,34,5,92,80,41
107,49,1,34,5,92,79,41
105,50,1,34,5,92,78,42
105,51,1,34,5,92,78,43
106,52,1,34,5,92,79,45
108,53,1,34,5,92,80,45
109,54,0,35,5,92,79,46
109,55,0,35,5,92,79,47
108,57,0,35,5,92,78,50
107,58,1,34,5,92,79,50
107,57,1,34,5,92,79,50
109,55,1,34,5,92,80,47
110,54,2,34,5,92,81,47
109,54,1,34,5,93,81,46
108,53,1,34,5,96,80,45
107,51,1,34,6,97,79,43
107,49,2,34,6,97,79,41
107,47,2,34,5,96,79,40
107,45,1,34,3,95,79,37
107,43,0,33,1,96,79,36
107,40,0,31,1,97,79,34
107,36,-1,31,2,97,79,30
106,33,-2,30,4,97,79,28
105,30,-1,30,4,97,78,24
104,28,-1,31,2,97,76,23
102,25,-1,31,1,97,75,20
101,23,-1,30,1,97,74,18
101,19,-2,29,2,97,74,14
101,16,-4,28,3,97,76,9
102,13,-5,27,3,97,78,7
101,11,-5,27,2,97,76,4
100,9,-5,27,2,97,75,3
98,6,-5,27,1,97,74,0
97,2,-4,27,0,97,73,-2
97,0,-5,27,0,97,73,-6
98,-2,-6,26,0,97,74,-7
98,-3,-7,25,1,97,74,-8
97,-4,-8,24,1,97,74,-9
96,-5,-9,24,0,97,72,-9
94,-5,-9,24,1,97,70,-10
94,-5,-9,24,1,97,70,-10
94,-5,-9,24,1,97,70,-10
94,-5,-8,24,1,97,70,-10
93,-6,-8,24,1,97,69,-10
91,-7,-9,24,1,97,68,-12
90,-8,-10,25,1,97,67,-13
90,-8,-11,26,1,97,64,-15
91,-8,-12,27,1,97,65,-15
92,-7,-12,28,1,97,67,-14
93,-6,-12,28,1,97,67,-13
93,-5,-12,27,1,97,67,-12
92,-3,-12,27,1,97,67,-10
92,-1,-12,27,1,97,67,-9
92,-1,-12,28,1,97,65,-8
92,-1,-12,28,1,97,67,-8
92,-1,-12,28,1,97,65,-9
91,-2,-12,27,1,97,65,-9
92,-1,-11,26,1,97,67,-9
93,0,-11,26,1,97,67,-8
95,0,-11,27,1,97,69,-7
96,0,-12,28,1,97,70,-7
96,1,-12,28,1,97,70,-6
96,0,-11,27,1,97,70,-7
96,0,-10,25,1,97,72,-7
96,0,-10,25,1,97,72,-4
96,0,-9,25,1,97,72,-4
96,0,-8,26,1,97,72,-4
96,0,-7,26,1,97,73,-4
96,0,-7,25,1,97,72,-4
96,0,-7,25,1,97,72,-4
96,0,-7,25,1,97,72,-4
96,0,-6,26,1,97,72,-4
96,0,-5,27,1,97,73,-4
97,1,-5,27,1,97,73,-3
97,3,-5,27,1,97,73,-2
98,3,-5,27,1,97,74,-2
99,3,-5,27,1,97,74,-1
99,4,-5,27,1,97,75,-1
99,6,-5,27,1,97,74,0
98,7,-5,27,1,97,74,1
97,7,-5,27,1,97,73,1
97,7,-5,27,1,97,73,1
98,9,-4,28,1,97,74,3
99,12,-2,29,1,97,73,8
99,14,-2,31,1,97,73,9
99,14,-1,31,1,97,73,9
99,14,-1,31,1,97,73,9
100,15,-1,30,1,97,73,10
100,18,-1,30,1,97,73,13
101,20,-2,31,1,97,74,15
102,22,-2,32,1,97,75,14
103,24,-3,32,1,97,76,17
104,26,-2,32,1,97,76,18
103,27,-2,31,1,97,75,21
102,28,-1,30,1,97,75,21
102,27,-1,31,1,97,75,21
103,27,0,31,1,97,76,21
104,28,0,32,1,97,76,21
104,29,0,32,1,97,76,24
102,31,1,33,1,97,75,25
102,32,2,34,1,97,75,26
103,33,2,34,1,97,75,28
104,34,0,33,1,97,76,28
105,34,0,31,1,97,78,28
104,34,-1,30,1,97,76,28
104,34,-2,30,1,97,76,28
105,33,-1,30,1,97,78,26
105,32,-1,31,1,97,78,26
106,31,-1,31,1,97,78,25
106,31,-1,31,1,97,79,25
107,30,-1,30,1,97,80,24
107,29,-1,30,1,97,79,24
106,29,-1,30,1,97,78,23
104,28,-2,31,1,97,76,23
103,27,-1,30,1,97,75,21
102,27,-1,30,1,97,75,21
103,26,-1,30,1,97,76,20
104,25,-2,31,1,98,76,20
104,25,-2,31,1,99,76,19
104,24,-1,30,1,99,78,19
105,23,-1,30,1,99,78,18
105,23,0,29,1,98,80,18
105,23,0,28,1,97,80,18
105,23,0,28,0,97,80,18
105,23,1,27,1,97,80,18
105,23,1,27,1,99,80,20
105,23,1,27,1,101,80,20
105,23,1,27,1,101,80,18
105,23,1,27,1,99,80,18
105,23,1,27,1,99,80,18
105,23,1,27,1,99,80,20
104,22,1,27,1,100,79,19
104,22,1,27,1,99,79,19
103,21,1,27,1,99,78,19
102,21,1,27,1,99,76,18
101,21,1,27,1,101,76,18
101,21,1,27,1,102,76,18
101,21,1,27,1,103,76,18
101,21,1,27,1,102,76,18
101,21,1,27,1,102,76,18
101,21,1,27,1,102,76,18
101,20,1,27,1,102,76,18
100,20,1,27,1,102,75,17
98,18,1,26,1,102,74,14
97,18,0,26,1,102,74,13
96,18,0,26,1,102,74,13
97,18,0,26,1,102,75,13
98,17,1,26,1,102,73,13
98,16,0,26,1,102,76,12
97,15,0,25,1,102,75,10
96,13,-1,24,1,102,74,8
95,11,-2,23,1,102,74,7
95,11,-2,23,1,102,73,7
95,11,-1,24,1,102,73,7
95,11,-1,24,1,102,74,7
95,12,-1,24,1,102,74,8
95,11,-2,24,1,102,74,7
95,11,-2,24,1,102,73,7
94,10,-2,24,1,102,73,6
94,9,-2,23,1,102,73,6
95,9,-2,23,1,102,74,4
95,10,-2,24,1,102,74,6
94,10,-3,25,1,102,73,6
93,10,-4,26,1,102,69,3
92,10,-5,27,1,102,68,3
92,10,-5,28,1,102,68,3
93,10,-5,28,1,102,69,3
94,10,-5,27,0,102,70,4
95,11,-5,27,0,103,72,4
96,14,-5,27,-1,103,72,7
97,16,-4,28,-1,102,70,9
97,18,-2,29,0,102,70,13
97,18,-1,30,0,102,70,13
96,19,-1,31,-1,103,69,14
96,21,-1,31,-2,104,69,17
97,23,-1,31,-1,104,70,18
98,25,-1,31,0,104,72,19
98,26,-2,30,1,103,72,20
98,28,-2,29,0,102,72,23
99,30,-3,29,-2,102,72,23
100,31,-3,30,-3,103,73,23
101,32,-2,31,-3,104,74,26
101,33,-1,31,-2,105,74,28
101,36,0,29,0,105,76,30
102,38,0,28,1,106,76,31
102,39,0,28,1,106,76,32
102,38,0,28,1,105,76,31
101,38,0,28,1,105,76,31
102,38,0,28,1,105,76,31
103,39,0,28,1,105,78,32
105,40,0,29,0,106,80,34
106,40,0,28,0,107,80,34
105,40,0,28,0,108,80,34
104,39,1,27,0,108,79,32
105,40,1,27,1,107,79,35
106,40,1,27,0,107,80,36
106,41,1,27,-1,107,80,35
105,40,1,27,-3,107,80,34
105,38,1,27,-3,107,80,34
105,36,1,27,-3,107,80,32
105,35,0,27,-1,107,80,29
105,34,0,26,-1,107,81,28
105,32,0,25,-1,107,83,26
106,31,0,26,-1,107,80,25
107,30,0,28,-1,107,81,24
107,30,0,29,-1,107,81,24
107,29,-3,29,-2,107,79,24
108,28,-4,29,-3,107,80,20
109,27,-4,29,-3,107,81,19
109,25,-3,28,-3,107,84,20
109,25,-2,28,-2,107,84,19
108,24,-2,27,-1,107,83,19
107,24,-2,26,-1,107,81,19
106,24,-3,26,-1,107,81,19
105,23,-2,26,-2,107,80,18
105,23,-1,26,-3,107,80,18
106,22,0,26,-3,107,83,17
107,20,0,25,-3,107,84,15
108,19,0,25,-3,107,85,14
108,18,0,26,-3,107,83,14
106,18,-1,26,-3,107,81,13
104,17,0,27,-3,107,79,13
104,17,0,27,-3,107,79,12
103,16,-1,27,-3,107,79,12
104,16,-2,28,-3,107,79,12
102,15,-2,29,-3,107,75,10
101,15,-2,28,-3,107,76,10
99,14,-1,27,-3,107,74,9
99,13,-2,25,-3,107,74,9
100,13,-3,25,-3,107,75,8
101,11,-4,26,-3,107,76,7
102,10,-4,26,-3,107,78,3
101,8,-5,27,-3,107,76,2
99,7,-5,28,-3,107,74,2
97,7,-5,28,-3,107,73,1
98,7,-5,27,-3,107,74,1
99,8,-5,27,-3,107,74,2
99,8,-4,26,-3,107,75,2
99,8,-4,26,-3,107,75,4
99,6,-3,25,-3,107,75,2
100,4,-2,24,-3,107,78,1
101,4,-2,24,-3,107,79,1
102,5,-3,24,-3,107,80,2
102,7,-3,25,-3,107,78,3
102,8,-4,26,-3,107,78,4
102,9,-3,25,-3,107,78,4
103,9,-3,25,-3,107,80,6
103,10,-2,24,-3,107,80,7
102,12,-2,23,-3,108,80,8
102,13,-2,23,-3,108,79,9
101,14,-2,24,-3,108,79,9
101,15,-3,25,-3,107,76,10
101,17,-3,25,-3,107,76,12
101,18,-3,25,-3,108,78,14
101,20,-2,24,-3,109,79,15
101,21,-1,24,-3,110,79,15
102,21,-1,25,-3,110,80,17
103,23,0,26,-3,109,80,18
103,25,1,27,-3,108,78,20
103,28,1,27,-3,109,78,21
103,29,1,27,-3,110,78,26
104,32,1,26,-2,112,79,25
104,34,1,27,-2,113,79,30
104,36,1,27,-2,113,79,31
104,37,2,28,-3,112,79,34
104,39,2,28,-3,110,78,35
104,40,2,28,-3,109,79,35
105,40,3,28,-3,109,79,35
106,40,3,29,-3,109,80,35
106,40,4,30,-3,108,81,36
107,43,5,30,-3,108,81,37
107,45,5,30,-3,108,81,41
108,47,5,30,-3,108,81,42
108,48,4,30,-3,109,81,42
108,48,3,31,-3,109,83,42
108,47,3,32,-3,108,80,42
109,48,3,31,-3,107,84,43
110,49,4,30,-3,107,84,43
111,49,5,30,-3,107,85,45
112,50,5,30,-3,108,86,45
112,50,5,30,-3,108,86,45
112,50,4,30,-3,107,86,45
112,50,4,30,-3,107,86,45
113,50,5,30,-3,107,86,46
115,52,5,30,-3,107,89,46
116,52,5,30,-3,107,89,47
116,52,5,30,-3,107,89,47
116,52,5,30,-3,108,90,47
118,53,5,30,-3,108,91,47
119,54,5,30,-3,107,92,48
120,56,5,30,-3,107,92,51
119,58,5,30,-3,108,92,52
118,59,5,30,-3,109,91,53
117,59,5,30,-3,111,90,53
118,59,5,30,-2,112,91,53
119,60,5,30,-2,113,91,53
119,60,5,30,-2,112,92,54
120,60,5,30,-2,112,93,54
121,61,5,30,-2,112,93,56
121,62,5,30,-2,112,93,56
120,65,5,30,-2,112,93,58
120,66,5,30,-2,112,92,59
119,66,5,30,-2,112,92,59
119,65,5,30,-2,112,92,59
119,66,5,30,-2,112,92,59
119,67,5,30,-2,112,91,61
119,67,5,30,-2,112,91,61
119,67,5,30,-2,112,92,61
119,66,5,30,-2,112,92,59
119,67,5,30,-2,112,92,61
119,67,5,30,-2,112,91,61
119,67,5,30,-2,112,92,61
119,66,5,30,-2,112,92,59
119,65,5,30,-2,112,92,59
118,65,5,30,-2,112,91,58
116,64,5,30,-2,112,90,58
115,63,5,30,-2,112,89,57
116,62,5,30,-2,112,89,56
116,61,5,30,-2,112,90,56
117,61,5,30,-2,112,90,54
116,59,5,30,-2,112,89,53
115,57,5,30,-3,112,89,52
115,55,5,30,-3,113,89,50
115,53,5,30,-3,115,89,47
115,52,5,30,-2,115,89,46
113,50,5,30,-2,115,86,46
112,50,5,30,-3,114,86,45
112,49,4,29,-4,113,86,43
114,47,2,28,-6,112,87,42
115,46,1,27,-7,112,89,41
113,45,1,26,-8,113,87,39
112,44,1,27,-7,114,85,39
111,42,1,27,-7,115,85,37
112,40,1,27,-7,115,86,36
113,39,1,27,-7,115,87,35
113,39,1,27,-7,114,87,35
111,39,1,27,-7,113,85,35
108,39,1,27,-6,112,83,35
107,39,1,27,-6,112,81,35
106,39,1,27,-6,113,81,35
107,39,1,27,-7,114,81,35
108,38,1,27,-7,116,81,34
108,38,1,27,-7,117,81,34
107,39,1,27,-7,118,81,35
107,39,1,27,-7,118,81,35
108,38,1,27,-7,117,81,34
108,38,1,27,-7,117,81,34
107,39,1,27,-7,117,81,35
106,40,1,27,-7,117,80,36
106,41,1,27,-7,117,80,36
106,41,0,26,-7,117,83,34
106,40,0,25,-7,117,83,34
106,40,-1,24,-7,117,83,34
106,40,0,25,-7,117,83,34
106,41,0,25,-7,117,83,34
106,41,0,27,-7,117,80,34
106,41,0,28,-7,117,80,34
106,40,0,27,-7,117,80,34
107,39,-1,27,-7,117,81,32
107,39,-1,26,-7,117,81,32
107,39,-1,27,-7,117,81,32
106,40,-1,28,-7,117,80,34
106,41,-2,28,-7,117,80,35
106,40,-3,27,-7,117,81,34
107,40,-3,25,-7,117,81,34
107,39,-1,25,-7,117,84,32
106,37,0,25,-7,117,83,31
105,36,0,26,-7,117,83,29
104,34,0,25,-7,117,81,28
104,33,0,25,-7,117,81,28
104,34,-1,25,-7,117,81,28
104,34,-1,24,-7,117,81,28
104,34,-1,24,-7,117,81,28
104,34,-2,23,-7,117,81,28
105,33,-2,23,-7,117,81,26
105,32,-2,23,-7,117,83,26
106,31,-2,23,-7,117,83,25
106,31,-1,24,-7,117,84,25
107,30,0,25,-7,117,84,24
107,29,0,25,-7,117,84,24
107,30,-1,24,-7,117,84,24
106,31,-1,24,-7,117,84,25
105,32,-1,24,-7,118,81,26
104,33,0,26,-7,118,81,28
104,34,1,27,-7,117,79,30
105,35,1,27,-7,117,80,31
107,36,1,27,-7,117,81,31
108,36,1,27,-7,118,83,32
109,36,1,27,-7,119,84,32
108,36,1,27,-7,119,83,32
108,38,0,26,-7,120,84,31
107,39,0,25,-7,121,84,32
106,40,-1,25,-7,122,83,34
106,41,0,25,-7,122,83,34
106,41,0,25,-8,122,83,34
105,42,0,25,-9,123,81,35
104,43,0,26,-8,123,81,36
104,45,0,26,-7,122,80,37
103,45,0,26,-6,121,80,37
103,45,-1,25,-7,120,80,37
104,45,-2,23,-9,121,80,37
104,45,-2,23,-10,122,80,37
104,45,-1,25,-11,123,80,37
104,45,0,26,-11,123,80,37
103,45,0,26,-10,122,80,37
103,45,0,26,-8,122,80,37
104,45,0,25,-8,122,80,37
104,43,0,25,-9,123,81,36
106,42,0,25,-10,123,83,35
106,41,0,23,-10,122,83,34
105,40,0,21,-10,121,84,36
103,39,0,20,-10,121,83,35
103,37,0,21,-10,121,81,32
103,35,0,21,-10,122,83,31
104,34,0,21,-10,123,84,30
105,34,0,21,-11,123,84,30
104,34,0,20,-12,122,84,30
104,34,0,20,-12,122,83,30
104,34,0,20,-12,122,84,30
105,32,0,20,-11,122,84,29
106,31,0,20,-11,122,85,28
107,30,0,20,-12,122,86,26
107,29,0,20,-12,122,86,26
107,29,0,20,-12,122,86,26
107,29,0,20,-11,122,86,26
107,29,0,20,-10,122,86,26
107,30,0,20,-10,122,86,26
106,31,0,20,-10,122,85,28
105,32,0,20,-10,122,84,29
104,34,0,20,-10,122,84,30
104,34,0,20,-10,122,84,30
104,34,0,20,-11,122,84,30
104,34,1,20,-12,122,84,30
104,33,0,21,-12,122,84,30
104,34,0,21,-12,122,84,30
106,34,0,22,-11,122,83,29
108,36,-1,22,-11,122,84,29
108,36,-1,24,-12,122,85,30
108,38,-1,25,-11,122,85,31
108,38,0,26,-11,122,84,32
107,39,1,27,-11,122,81,35
107,39,2,27,-11,122,81,35
107,39,2,27,-11,122,81,35
107,39,0,27,-11,122,81,32
107,39,0,25,-11,122,84,32
107,39,-1,25,-11,122,84,32
107,39,0,25,-11,122,84,32
106,39,0,26,-11,122,83,32
104,37,1,26,-11,122,79,31
104,35,1,26,-11,122,79,29
104,34,0,26,-11,122,81,28
104,34,0,25,-11,122,81,28
105,34,-1,24,-11,122,81,28
105,33,-1,24,-11,122,83,26
105,30,-2,23,-11,122,83,24
104,28,-2,23,-11,122,81,23
102,27,-2,23,-11,122,80,21
103,27,-2,23,-11,122,80,21
103,26,-1,24,-11,122,80,20
104,24,-1,24,-11,122,81,19
104,22,-1,24,-11,122,81,18
104,22,-2,23,-11,122,81,17
103,21,-3,23,-11,122,80,17
103,20,-3,22,-11,122,80,15
103,18,-3,23,-11,122,80,13
103,16,-3,22,-11,122,80,12
104,16,-4,21,-11,122,81,12
104,16,-5,21,-11,122,81,12
104,17,-6,20,-11,122,81,12
104,17,-6,20,-11,122,81,12
103,16,-5,20,-11,122,80,12
104,16,-5,21,-11,122,81,12
103,16,-4,21,-11,122,80,12
104,17,-4,21,-11,123,81,12
104,16,-4,21,-11,123,81,12
103,16,-5,21,-11,122,80,12
103,16,-6,20,-11,122,80,12
104,17,-6,20,-11,122,81,12
105,17,-5,20,-11,123,83,13
107,18,-4,21,-11,124,84,13
108,19,-3,22,-11,125,85,14
108,20,-3,23,-11,124,85,15
106,22,-3,22,-11,123,83,17
105,23,-3,23,-11,122,81,18
105,23,-2,23,-11,122,83,18
106,24,-1,24,-11,122,84,19
108,25,-2,24,-11,123,85,19
108,27,-2,24,-11,123,85,21
108,29,-2,24,-11,122,85,23
107,30,-2,23,-11,122,84,24
107,30,-1,23,-11,122,84,24
107,30,-2,24,-11,122,84,24
107,29,-3,25,-11,122,81,24
107,29,-4,26,-11,122,81,21
107,29,-4,26,-11,122,81,21
107,30,-3,25,-11,122,81,24
107,30,-3,25,-11,122,81,24
107,29,-3,25,-11,122,84,24
108,28,-2,25,-11,122,84,23
108,27,-2,24,-12,122,85,21
110,25,-2,23,-12,122,86,20
110,25,-2,23,-11,122,86,20
109,25,-1,24,-11,122,86,20
108,25,-1,24,-11,122,85,20
106,24,-2,23,-12,122,84,19
106,21,-3,22,-13,122,84,17
107,20,-4,21,-13,123,84,15
107,19,-5,21,-13,122,84,14
107,18,-4,21,-12,122,84,13
106,16,-3,21,-13,123,83,12
105,14,-3,20,-14,123,85,9
106,12,-3,18,-15,123,85,8
106,12,-3,17,-16,122,85,8
105,11,-2,17,-15,123,86,7
103,10,-2,17,-14,125,85,7
102,10,-3,18,-14,126,81,6
101,10,-4,19,-15,126,81,6
102,10,-6,20,-16,125,79,6
102,10,-6,21,-16,123,80,3
102,9,-5,21,-16,122,79,6
101,9,-4,21,-15,122,79,6
100,9,-3,20,-14,123,80,4
99,8,-2,20,-14,125,79,4
100,8,-2,22,-14,125,78,4
101,8,-3,23,-14,124,79,4
103,7,-4,22,-15,123,80,3
104,7,-4,19,-16,122,84,3
103,8,-3,18,-17,122,83,4
103,9,-3,18,-17,123,83,4
102,10,-4,19,-16,124,81,6
102,10,-5,20,-15,125,79,6
101,10,-6,21,-15,126,79,3
102,10,-6,20,-14,126,80,6
103,10,-5,20,-14,126,80,6
105,11,-5,20,-15,125,83,7
106,12,-5,20,-15,124,84,8
106,14,-6,20,-16,124,83,9
104,15,-5,20,-17,125,81,10
103,16,-5,20,-15,126,80,12
104,17,-5,20,-13,125,81,12
104,17,-5,20,-11,124,81,13
105,17,-5,20,-11,123,83,13
106,18,-5,20,-11,122,83,13
106,19,-5,20,-12,122,84,14
106,21,-5,20,-12,122,84,15
106,21,-5,20,-12,122,84,17
106,22,-5,20,-11,123,83,17
106,21,-5,20,-11,124,83,17
107,20,-5,20,-11,124,84,15
108,19,-5,20,-11,124,85,14
108,18,-5,20,-12,123,85,14
108,18,-5,20,-12,124,85,14
107,19,-5,20,-11,124,84,14
108,19,-5,20,-11,124,85,14
108,18,-5,20,-11,123,85,13
110,16,-5,20,-12,122,86,12
110,14,-6,20,-13,122,87,10
109,14,-6,20,-13,123,86,9
107,13,-6,20,-13,123,84,9
106,12,-5,20,-13,123,83,8
106,12,-5,20,-14,123,83,8
107,11,-6,20,-14,123,84,7
108,9,-6,21,-14,123,85,3
107,7,-7,22,-13,122,85,2
106,6,-8,23,-11,122,81,0
105,5,-8,23,-11,122,80,0
105,3,-7,22,-13,123,83,-1
104,2,-6,21,-15,123,83,-2
103,0,-6,21,-15,123,81,-4
103,0,-6,20,-14,123,80,-6
103,0,-8,21,-12,122,80,-6
103,0,-9,21,-11,122,80,-6
103,0,-9,23,-11,122,78,-6
101,-1,-9,24,-12,122,76,-7
100,-2,-8,23,-12,122,75,-7
98,-3,-7,21,-12,122,76,-8
98,-3,-7,19,-11,122,76,-8
98,-3,-6,19,-11,122,79,-6
99,-3,-6,20,-11,123,76,-6
98,-3,-5,21,-11,123,76,-6
98,-3,-5,21,-11,122,76,-7
98,-3,-6,20,-12,121,76,-6
99,-1,-5,20,-12,119,76,-3
100,1,-6,20,-12,119,78,-2
100,2,-5,20,-12,120,78,0
100,3,-5,20,-12,121,78,0
100,4,-5,20,-12,122,78,1
98,6,-6,20,-12,122,76,2
98,7,-6,21,-12,122,75,3
97,7,-5,20,-12,121,75,3
97,8,-4,19,-12,120,78,4
98,10,-3,18,-12,119,78,6
99,11,-2,17,-11,120,81,7
100,13,-2,16,-10,121,83,8
100,13,-2,17,-10,122,81,9
100,14,-2,17,-11,121,80,9
101,14,-2,17,-11,120,80,10
101,17,-2,17,-11,120,84,12
102,19,-2,17,-10,120,84,14
101,21,-2,17,-10,120,84,17
101,21,-2,17,-11,121,80,15
101,20,-1,17,-12,121,80,18
101,20,0,18,-12,122,81,18
101,21,-1,18,-12,122,80,18
101,22,-2,19,-12,122,81,17
102,23,-3,21,-12,121,79,18
103,23,-5,21,-12,121,80,18
104,23,-5,21,-12,121,81,18
105,23,-4,21,-12,122,83,18
105,23,-3,22,-12,122,83,18
105,23,-2,23,-12,121,83,18
105,23,-1,24,-12,121,83,18
105,23,-1,24,-12,122,83,18
105,23,-2,23,-11,123,83,18
105,23,-3,22,-11,123,83,18
105,24,-4,21,-11,122,83,19
105,23,-5,20,-11,122,83,18
105,21,-5,20,-11,122,81,15
104,18,-4,21,-11,122,81,13
103,16,-4,21,-11,122,80,12
103,16,-4,21,-11,122,80,12
104,16,-4,21,-11,122,81,12
104,15,-3,23,-11,122,81,10
106,14,-2,23,-11,122,83,9
106,12,-2,23,-11,122,83,8
105,11,-4,21,-11,122,83,7
103,10,-5,20,-12,122,80,6
102,8,-6,20,-12,122,80,2
104,7,-5,20,-11,122,81,3
104,5,-5,20,-11,122,81,2
104,5,-5,20,-11,122,81,2
103,5,-5,21,-12,123,81,1
101,4,-6,20,-13,123,79,1
101,2,-5,20,-14,123,79,-1
102,0,-4,19,-13,122,81,-2
103,0,-4,19,-12,122,83,-3
103,-1,-4,19,-11,123,83,-3
103,0,-5,20,-12,124,83,-3
103,0,-5,20,-13,124,83,-3
102,0,-4,19,-14,124,83,-3
101,-1,-3,18,-13,123,81,-4
101,-1,-3,17,-12,124,81,-4
102,-1,-2,17,-12,126,84,-4
103,-1,-3,17,-13,126,83,-4
103,0,-3,18,-14,125,83,-3
102,0,-2,19,-16,124,83,-2
102,2,-2,19,-17,124,83,0
104,4,-2,18,-17,125,84,1
104,6,-1,19,-15,125,84,2
104,7,-1,20,-13,125,84,3
103,8,0,21,-11,124,83,7
103,10,0,21,-13,123,83,8
104,12,0,21,-15,122,84,10
105,13,0,22,-16,123,83,9
105,15,-1,23,-17,125,83,10
105,17,-2,23,-17,126,83,12
106,18,-2,24,-16,126,83,14
107,20,-2,24,-14,125,84,15
107,21,-2,23,-13,124,84,17
106,24,-2,23,-13,126,84,19
107,26,-2,23,-14,128,84,20
107,29,-2,24,-17,127,84,23
108,30,-2,23,-17,124,85,24
110,31,-2,23,-16,123,86,25
111,32,-2,23,-15,123,87,26
110,34,-2,23,-14,124,86,28
110,35,-2,23,-15,125,86,29
109,35,-2,23,-16,125,86,29
110,34,-2,23,-17,125,86,28
110,32,-1,24,-17,124,86,26
108,30,-2,23,-17,124,85,24
107,29,-2,24,-17,124,84,24
107,30,-1,24,-16,125,84,24
107,30,-1,24,-15,126,84,24
107,30,-1,24,-13,126,84,24
106,28,-2,23,-12,126,84,23
106,25,-3,23,-11,126,83,20
106,22,-3,22,-11,127,83,17
106,19,-1,21,-11,128,83,14
104,17,-1,20,-11,128,84,12
103,14,-2,19,-12,127,83,9
102,12,-4,19,-14,128,81,8
102,10,-5,19,-14,128,81,6
102,8,-4,18,-14,128,81,4
102,6,-2,17,-12,127,85,2
102,3,-2,17,-11,127,85,2
102,0,-2,17,-11,127,84,-2
101,-2,-2,17,-11,127,84,-4
100,-3,-3,16,-11,127,83,-6
100,-4,-5,14,-11,127,83,-7
100,-5,-6,14,-11,127,83,-8
101,-6,-6,13,-11,127,83,-8
101,-7,-6,13,-11,127,84,-9
100,-8,-6,14,-11,127,83,-10
98,-9,-6,14,-11,127,81,-12
97,-11,-6,14,-13,128,80,-13
98,-12,-6,13,-15,128,81,-14
100,-13,-6,13,-14,128,83,-15
100,-14,-6,13,-13,127,83,-15
98,-15,-6,13,-12,127,81,-17
96,-16,-6,13,-12,127,79,-18
95,-16,-6,13,-14,128,79,-18
97,-16,-6,13,-15,128,79,-18
98,-15,-6,13,-14,128,80,-17
98,-14,-6,14,-13,128,81,-17
97,-13,-6,14,-14,128,80,-15
96,-11,-6,14,-15,128,79,-13
97,-10,-6,13,-16,128,79,-12
97,-9,-6,13,-15,128,80,-12
97,-9,-6,14,-13,127,80,-12
97,-10,-7,15,-11,127,80,-12
97,-10,-8,16,-11,127,78,-14
97,-10,-8,16,-11,127,78,-14
97,-9,-7,14,-11,127,80,-12
97,-10,-6,14,-11,127,79,-12
97,-10,-7,14,-11,127,80,-12
97,-10,-8,16,-11,127,78,-14
97,-9,-9,17,-11,127,78,-14
96,-8,-9,17,-11,127,76,-13
95,-7,-9,17,-11,127,75,-12
95,-7,-9,17,-11,127,75,-12
96,-8,-9,17,-11,127,76,-13
97,-9,-9,17,-11,127,78,-14
97,-10,-9,17,-11,127,78,-14
96,-11,-9,17,-11,127,76,-15
94,-12,-9,17,-11,127,75,-17
93,-12,-9,17,-11,127,74,-17
93,-11,-9,17,-11,127,74,-15
94,-11,-9,17,-11,127,75,-15
95,-12,-9,17,-11,127,75,-17
95,-15,-9,17,-11,127,75,-19
95,-16,-9,17,-11,127,76,-20
95,-17,-9,17,-11,127,76,-20
95,-17,-9,17,-11,127,76,-20
95,-16,-9,17,-11,127,76,-20
95,-16,-9,17,-11,127,76,-20
96,-16,-9,17,-11,128,76,-20
95,-17,-9,17,-11,128,76,-20
94,-17,-9,17,-11,127,75,-20
92,-18,-9,17,-11,126,73,-21
91,-18,-9,17,-11,126,73,-23
90,-19,-9,17,-11,126,72,-23
91,-19,-9,17,-11,125,72,-23
91,-18,-9,17,-11,125,73,-23
91,-18,-9,17,-11,124,73,-23
91,-18,-9,17,-11,124,73,-23
91,-19,-9,17,-11,124,72,-23
90,-19,-9,17,-11,123,72,-23
91,-19,-9,17,-11,123,73,-23
92,-18,-9,17,-11,124,73,-21
94,-17,-9,17,-11,125,75,-20
95,-16,-9,17,-11,124,76,-20
96,-16,-9,17,-11,123,76,-20
96,-17,-8,16,-11,123,76,-20
95,-16,-7,16,-11,124,76,-20
94,-15,-8,16,-11,125,75,-19
93,-14,-9,16,-11,124,74,-18
94,-13,-9,17,-11,123,75,-17
97,-12,-8,18,-12,122,78,-15
97,-10,-7,19,-12,122,75,-15
97,-10,-6,19,-11,123,75,-14
97,-9,-7,19,-11,124,78,-14
97,-10,-6,19,-11,125,75,-14
96,-10,-6,20,-11,124,75,-12
96,-8,-5,20,-11,123,74,-10
96,-6,-5,21,-12,122,74,-8
97,-4,-6,21,-11,123,75,-9
98,-2,-5,20,-11,124,76,-6
99,-3,-4,19,-11,124,79,-6
98,-3,-3,18,-11,124,79,-6
98,-3,-2,17,-11,125,81,-6
100,-2,-2,16,-11,126,83,-6
102,-1,-2,17,-11,127,84,-4
103,0,-2,17,-11,128,83,-3
102,0,-1,18,-11,128,83,0
101,1,-1,18,-11,127,81,0
101,1,-1,18,-11,127,81,0
101,0,-2,17,-11,127,84,-2
103,0,-2,17,-11,127,85,-2
103,1,-2,17,-11,127,85,-1
103,3,-2,17,-11,127,85,0
102,3,-2,17,-11,127,84,0
101,2,-2,17,-11,127,84,-1
101,0,-2,17,-11,127,84,-2
102,0,-2,17,-11,128,81,-2
102,0,-2,17,-11,128,84,-2
102,0,-2,17,-11,127,85,-2
103,0,-2,16,-11,127,85,-3
102,-1,-2,17,-11,127,84,-4
100,-3,-3,18,-11,128,80,-6
98,-3,-4,19,-11,129,79,-6
98,-3,-6,20,-11,130,76,-6
99,-3,-6,18,-13,129,79,-6
99,-4,-6,17,-14,128,80,-7
99,-6,-6,16,-15,127,79,-9
98,-8,-7,15,-15,127,79,-10
97,-10,-8,16,-15,128,78,-14
97,-11,-9,17,-16,130,78,-15
97,-14,-9,17,-16,131,78,-18
96,-15,-9,18,-16,131,76,-19
95,-16,-9,17,-16,131,76,-20
95,-17,-9,17,-16,130,76,-20
96,-18,-10,16,-16,130,76,-21
96,-20,-10,16,-16,130,76,-24
95,-22,-10,16,-16,129,75,-25
92,-24,-9,17,-16,128,73,-26
90,-25,-10,16,-16,128,72,-29
90,-27,-11,15,-16,129,72,-30
91,-29,-12,14,-16,130,73,-31
90,-30,-13,13,-16,131,72,-32
89,-32,-13,14,-16,130,70,-34
88,-32,-12,14,-16,129,70,-35
88,-34,-13,14,-16,128,70,-36
89,-35,-13,14,-16,127,70,-37
90,-36,-12,14,-16,128,72,-39
90,-37,-12,14,-16,129,72,-39
89,-37,-13,14,-16,130,70,-40
87,-38,-14,12,-16,129,69,-40
86,-39,-15,11,-16,130,70,-42
86,-39,-15,11,-16,131,70,-43
86,-39,-14,12,-16,132,70,-41
86,-39,-14,13,-16,133,68,-41
86,-39,-14,13,-16,133,68,-41
86,-39,-13,13,-16,133,68,-41
86,-39,-13,13,-16,133,68,-41
87,-38,-12,14,-16,133,69,-40
88,-36,-12,14,-16,133,70,-39
88,-33,-12,14,-16,133,70,-36
88,-32,-13,13,-16,133,70,-35
89,-31,-13,13,-16,133,70,-34
89,-30,-12,14,-16,133,70,-32
88,-28,-11,15,-16,133,70,-30
87,-25,-10,16,-16,133,69,-29
87,-22,-10,16,-16,133,69,-26
88,-21,-10,16,-16,133,69,-24
90,-19,-10,16,-16,133,72,-23
91,-17,-9,17,-16,133,73,-20
93,-14,-9,17,-16,133,74,-19
93,-12,-9,17,-16,133,74,-17
93,-10,-9,17,-16,133,74,-14
94,-7,-8,18,-16,133,75,-12
95,-5,-7,18,-16,133,76,-9
97,-2,-7,19,-16,133,75,-7
98,0,-6,20,-16,133,76,-2
99,3,-6,20,-16,133,76,0
99,7,-5,20,-16,133,78,3
100,10,-5,20,-16,133,78,6
100,13,-4,21,-16,133,78,8
101,16,-3,23,-16,133,78,12
102,19,-2,23,-16,131,79,14
103,23,-1,24,-16,130,80,18
103,26,-1,24,-16,130,80,21
104,29,-1,24,-16,131,80,24
104,32,-1,24,-16,131,81,26
105,34,0,25,-16,131,83,28
107,37,0,25,-16,130,84,30
108,40,0,26,-16,128,85,34
109,43,1,26,-16,127,83,36
110,46,1,27,-16,128,84,41
110,49,1,27,-16,128,84,43
111,51,2,28,-16,128,85,46
111,54,3,29,-16,128,85,48
113,55,5,30,-16,128,86,50
114,57,5,30,-16,128,87,52
116,59,5,30,-16,128,89,53
116,62,5,30,-16,128,90,56
116,65,5,30,-16,128,89,59
116,68,5,30,-16,128,90,62
116,70,5,30,-16,128,90,63
117,70,5,30,-16,129,90,63
117,70,4,30,-16,130,90,63
118,71,5,30,-16,131,91,64
119,72,6,31,-16,132,92,65
120,74,7,32,-16,132,92,67
120,75,8,33,-16,131,92,68
119,76,9,34,-16,131,90,70
119,76,8,33,-16,131,90,69
118,76,8,33,-16,132,91,69
118,76,7,32,-16,133,90,69
117,76,7,32,-16,133,90,68
116,75,7,32,-16,133,89,68
116,73,7,32,-16,133,89,65
117,72,6,31,-16,133,90,65
117,70,5,30,-16,133,90,63
116,68,4,30,-16,133,89,62
115,67,4,30,-16,133,87,61
115,65,5,30,-16,133,87,58
115,63,6,29,-16,133,89,57
115,61,6,28,-16,133,89,54
114,58,4,28,-16,133,87,52
112,56,2,28,-16,133,86,51
111,54,1,27,-16,133,85,48
109,52,0,27,-16,133,83,45
108,50,1,27,-16,133,81,45
107,46,1,27,-16,133,81,41
106,44,1,27,-16,133,80,40
105,42,1,27,-16,133,80,37
105,40,1,27,-16,133,79,36
104,38,1,27,-16,133,79,34
103,35,0,26,-16,133,80,29
102,31,-1,25,-16,133,79,25
101,28,-2,23,-16,133,78,21
100,25,-2,23,-16,133,78,20
99,25,-2,23,-16,133,76,19
99,24,-1,24,-16,133,76,18
99,21,-2,24,-16,133,76,15
99,18,-2,24,-16,133,76,13
99,15,-2,23,-16,133,76,10
97,13,-3,22,-16,133,75,8
96,11,-4,21,-17,133,74,7
96,10,-5,21,-18,133,74,6
97,8,-6,21,-18,133,75,2
97,7,-7,22,-16,133,75,2
98,7,-6,21,-15,133,76,1
97,5,-6,21,-15,133,75,2
97,2,-6,20,-16,133,75,-1
96,0,-7,19,-18,133,74,-4
96,0,-7,18,-18,133,76,-4
96,0,-8,18,-17,133,76,-4
96,1,-9,17,-16,133,76,-3
97,0,-9,17,-16,133,76,-6
96,-3,-10,18,-16,133,74,-8
96,-4,-11,20,-16,133,74,-9
96,-5,-12,21,-16,133,75,-12
97,-4,-12,21,-16,133,73,-12
97,-3,-12,21,-16,133,75,-10
96,-4,-12,21,-16,133,74,-12
94,-5,-12,21,-16,133,73,-12
94,-6,-12,21,-16,133,73,-13
94,-6,-12,21,-16,133,73,-13
95,-6,-12,20,-16,133,73,-13
94,-5,-12,21,-16,133,73,-13
93,-4,-11,21,-16,133,69,-12
92,-3,-10,23,-16,133,69,-8
93,0,-9,25,-16,133,69,-6
95,0,-8,24,-16,133,70,-4
96,0,-7,23,-16,133,72,-4
97,0,-7,21,-16,133,75,-4
95,2,-6,20,-16,133,74,-1
94,3,-4,20,-16,133,73,0
93,4,-4,21,-16,133,72,1
93,5,-4,22,-16,133,72,1
93,5,-5,22,-16,133,72,-1
94,7,-5,23,-16,133,73,1
94,9,-4,24,-16,133,73,4
95,11,-2,24,-16,133,74,7
97,13,-1,24,-16,132,74,8
97,14,-1,24,-16,130,75,10
97,16,-2,23,-16,129,75,12
97,18,-2,24,-16,129,75,13
97,18,-2,24,-16,130,75,14
97,18,-1,24,-16,132,74,13
96,18,-2,23,-16,132,74,13
97,18,-2,23,-16,131,74,13
98,18,-2,23,-16,130,76,14
100,19,-2,23,-16,129,78,14
101,21,-2,23,-16,131,79,15
101,22,-2,23,-16,133,78,17
99,23,-2,23,-16,133,76,18
98,25,-2,23,-16,133,76,19
99,26,-2,23,-16,132,76,20
101,27,-1,24,-16,131,79,21
103,27,-1,24,-16,131,80,21
103,27,-1,24,-16,131,80,21
102,27,-2,23,-16,132,80,21
102,27,-2,23,-16,133,80,21
103,27,-1,24,-16,133,80,21
104,28,-1,25,-16,133,81,21
106,29,0,26,-16,133,83,24
106,31,1,27,-16,133,81,28
105,33,1,27,-16,133,80,29
104,34,1,27,-16,133,79,30
104,34,1,27,-16,133,79,30
104,34,1,27,-16,133,79,30
106,34,1,27,-16,133,80,30
108,36,1,27,-16,133,81,31
108,36,1,27,-16,133,83,32
109,37,1,27,-16,133,83,32
108,36,1,27,-16,133,83,32
108,36,1,27,-16,133,83,32
109,36,1,27,-16,133,83,32
108,36,1,27,-16,133,83,32
108,37,1,27,-16,133,83,34
107,39,1,27,-16,133,81,35
106,40,1,26,-16,133,80,34
106,41,1,27,-16,133,80,36
106,41,3,28,-16,133,80,36
106,40,4,29,-16,133,80,36
106,41,4,29,-16,133,80,36
106,41,3,28,-16,133,80,36
106,40,1,27,-16,133,80,36
107,39,1,26,-16,133,81,32
107,39,1,27,-16,133,81,35
107,39,1,27,-16,133,81,32
107,39,1,27,-16,133,81,32
108,38,1,27,-16,133,83,34
108,36,2,28,-16,133,83,32
107,35,3,28,-16,133,81,31
107,36,2,28,-16,133,81,31
108,36,0,28,-16,133,83,30
108,36,0,28,-16,133,83,30
107,36,0,28,-16,133,81,30
106,35,0,28,-16,133,80,29
104,34,0,29,-16,133,79,28
105,32,0,29,-16,133,80,26
106,31,0,28,-16,133,81,25
107,30,0,28,-16,133,81,24
106,28,0,28,-16,133,80,23
104,28,0,29,-16,133,79,23
102,28,0,30,-16,133,75,21
102,27,-1,30,-16,133,75,21
103,26,-2,28,-16,133,78,20
104,24,-2,27,-16,133,79,19
105,23,-2,27,-16,133,80,18
105,22,-1,27,-16,133,80,18
104,22,0,27,-16,133,79,17
103,22,-1,26,-16,133,79,17
103,22,-3,25,-16,133,78,17
103,22,-4,26,-16,133,78,14
103,21,-5,27,-16,133,78,14
102,21,-4,27,-16,133,78,14
102,21,-4,26,-16,133,78,17
102,21,-4,26,-16,133,78,14
103,22,-5,27,-16,133,79,14
104,22,-5,27,-16,133,79,15
105,23,-4,27,-16,133,80,15
106,23,-2,27,-16,133,80,18
105,23,-2,28,-16,133,80,18
104,25,-2,29,-16,133,78,19
104,26,-3,29,-16,133,76,20
103,27,-3,30,-16,133,75,19
102,27,-2,30,-16,133,75,21
103,27,-1,31,-16,133,75,21
104,29,-1,31,-16,133,76,24
104,32,-1,31,-16,133,76,26
104,33,-2,30,-16,133,76,28
104,34,-2,30,-16,133,76,28
104,36,-1,31,-16,133,76,29
104,37,0,32,-16,133,76,31
105,39,0,33,-16,133,78,32
106,41,0,32,-16,133,78,34
105,42,0,32,-16,133,78,35
104,43,-1,31,-16,133,76,36
105,45,0,31,-16,133,78,37
106,47,0,32,-16,133,79,40
108,48,0,33,-16,133,80,41
107,49,0,33,-16,133,79,41
107,49,1,32,-16,133,79,41
107,48,2,32,-16,133,79,41
109,48,3,33,-16,133,80,41
110,50,3,33,-16,133,83,42
110,52,2,33,-16,133,81,45
110,54,1,32,-16,133,81,47
109,54,1,32,-16,133,81,47
110,53,1,32,-16,133,81,45
111,51,2,33,-16,133,83,43
112,50,2,33,-16,133,84,42
112,49,3,33,-16,133,84,42
112,50,2,32,-16,133,84,42
112,50,2,33,-16,133,84,42
112,50,1,34,-16,133,83,42
112,50,1,34,-16,133,84,42
112,49,2,33,-16,133,84,41
114,47,1,32,-16,133,85,40
115,46,0,30,-16,134,86,39
114,45,0,29,-16,135,87,39
113,45,0,29,-16,135,87,39
111,44,0,30,-16,136,85,37
111,42,0,31,-16,135,83,35
112,40,0,31,-16,135,84,34
112,39,-1,31,-16,133,84,32
113,39,-2,31,-16,133,85,32
113,39,-2,31,-16,134,85,32
112,39,-1,30,-16,136,84,32
112,38,-1,31,-16,137,84,32
110,37,-1,31,-15,138,81,31
108,36,-1,30,-15,138,80,30
108,36,-1,30,-16,137,80,30
108,36,-1,30,-16,136,80,30
108,36,-1,31,-16,134,80,30
109,37,-1,30,-16,133,81,30
108,36,-1,30,-16,134,80,30
107,36,-1,31,-16,134,79,30
105,35,-1,31,-16,134,78,29
104,34,-1,31,-16,133,76,28
104,33,-2,30,-16,134,76,28
104,34,-2,29,-16,136,76,28
104,34,-3,29,-16,137,76,28
104,34,-2,29,-15,138,76,28
104,34,-3,29,-15,138,76,26
104,34,-3,28,-16,137,79,25
105,32,-4,27,-16,137,80,24
106,31,-5,27,-16,137,80,23
107,30,-5,27,-16,137,81,21
107,29,-5,27,-16,137,81,21
107,29,-4,27,-16,137,81,21
107,30,-4,28,-16,137,81,21
107,30,-3,28,-16,137,80,21
107,29,-4,28,-16,137,81,21
106,29,-4,27,-16,137,80,21
104,28,-5,27,-16,137,79,20
103,28,-5,27,-16,137,78,20
102,27,-5,27,-16,137,78,19
103,26,-5,27,-16,137,78,18
104,24,-5,27,-16,137,79,17
105,23,-5,27,-16,137,80,15
105,23,-5,27,-16,137,80,15
104,24,-5,27,-16,137,79,17
104,24,-5,27,-15,138,79,17
104,24,-5,27,-15,138,79,17
104,25,-5,27,-16,137,79,18
104,26,-5,27,-18,136,79,18
103,27,-5,27,-19,136,78,19
102,28,-5,27,-21,137,78,20
102,27,-4,28,-20,137,78,19
103,27,-2,29,-19,138,75,21
104,28,-1,30,-17,138,76,21
104,28,-1,31,-16,137,76,23
104,28,-1,31,-16,138,78,23
105,28,-1,30,-17,138,78,23
105,29,-1,30,-19,138,78,23
106,29,-1,30,-21,137,78,23
105,29,-1,31,-19,136,78,24
104,29,-1,30,-18,135,76,24
102,29,-1,30,-18,135,75,24
102,29,-1,30,-19,135,75,24
103,29,-1,30,-19,136,75,23
103,29,-1,30,-18,136,76,24
103,31,-1,30,-16,136,76,25
104,32,-1,30,-17,135,76,26
103,33,-1,31,-19,135,75,26
101,32,-1,30,-21,135,74,26
100,32,-1,30,-21,137,73,25
100,31,-1,30,-21,138,73,25
101,30,-1,31,-20,138,74,24
101,29,-1,31,-21,137,74,24
101,29,-1,30,-21,136,74,23
103,28,-2,30,-21,136,75,23
104,28,-3,29,-21,137,76,20
104,28,-4,29,-21,137,78,20
104,28,-4,28,-20,138,79,20
103,28,-3,26,-21,137,78,23
102,27,-3,25,-21,136,78,21
103,26,-3,25,-21,136,78,20
104,24,-3,26,-21,136,79,19
105,23,-4,26,-21,135,80,15
106,23,-4,26,-21,134,80,15
105,23,-3,26,-21,135,80,18
105,23,-3,27,-21,136,80,18
105,23,-2,27,-21,137,80,18
105,23,-3,27,-20,138,80,18
105,23,-4,27,-20,138,80,15
105,23,-5,27,-20,138,80,15
105,23,-4,26,-20,138,80,15
105,23,-4,26,-20,138,80,18
105,23,-4,26,-21,138,80,15
104,24,-5,27,-20,138,79,17
104,24,-5,27,-20,138,79,17
104,24,-4,26,-21,137,79,19
104,25,-3,25,-21,137,79,19
105,26,-2,25,-21,136,80,21
106,29,-2,26,-20,137,80,23
106,31,-2,28,-20,137,80,25
105,33,-1,29,-19,138,80,26
104,34,0,29,-18,138,79,28
106,34,0,29,-18,138,80,28
107,36,0,29,-19,138,81,29
108,37,0,29,-20,137,83,31
107,39,-1,30,-21,137,79,32
107,43,-2,31,-21,136,79,36
107,45,-1,31,-21,137,79,37
108,47,-1,31,-19,137,80,40
108,50,-1,30,-18,138,80,42
109,52,-1,30,-19,138,80,45
109,54,-2,31,-20,138,81,46
110,54,-1,31,-21,138,81,47
110,54,0,31,-21,138,81,46
109,54,0,32,-20,138,81,46
108,55,0,32,-21,138,80,47
108,57,-1,31,-21,138,79,48
109,58,-2,30,-20,138,80,50
111,57,-1,30,-19,138,83,50
114,57,0,32,-18,138,85,48
115,57,0,33,-18,137,86,48
113,57,0,33,-17,137,85,48
112,55,0,32,-17,137,84,47
111,54,-1,31,-18,137,83,46
111,51,0,31,-18,138,83,43
112,49,0,32,-20,138,83,42
112,48,0,32,-20,138,84,41
111,45,-1,31,-19,138,83,39
109,43,0,29,-19,138,84,36
108,40,0,28,-19,138,83,34
108,37,0,28,-20,138,83,31
108,35,0,28,-21,138,83,29
108,31,0,28,-21,138,83,25
107,28,1,28,-20,138,81,23
105,25,1,27,-20,138,80,21
104,21,0,26,-20,138,81,17
104,18,-1,25,-21,138,81,13
103,14,-2,24,-20,138,80,10
102,11,-2,23,-20,138,80,7
100,9,-2,23,-20,138,78,6
98,6,-2,24,-20,138,76,2
97,2,-2,25,-20,138,73,-1
97,0,-3,25,-20,138,73,-3
97,-2,-4,23,-20,138,75,-6
96,-5,-5,22,-20,138,74,-7
94,-7,-6,21,-20,138,73,-12
93,-10,-7,21,-20,138,72,-14
93,-12,-7,21,-20,138,72,-17
93,-12,-7,20,-20,138,72,-17
93,-12,-7,19,-20,139,72,-17
91,-13,-7,18,-20,140,73,-17
90,-14,-8,18,-20,139,72,-18
89,-14,-9,17,-20,138,70,-19
88,-15,-9,17,-20,138,69,-19
88,-15,-9,17,-20,138,69,-19
89,-15,-9,17,-20,138,70,-19
90,-14,-9,17,-20,138,72,-18
91,-13,-9,17,-20,138,73,-17
92,-11,-9,17,-20,138,73,-15
91,-9,-9,17,-20,138,72,-14
90,-7,-9,17,-20,138,72,-12
91,-7,-9,17,-21,138,72,-12
92,-7,-8,18,-20,138,73,-12
93,-7,-7,18,-20,138,74,-12
93,-5,-7,19,-20,138,72,-9
93,-2,-6,20,-21,138,72,-4
94,1,-4,19,-21,138,74,-1
94,3,-3,18,-20,138,75,0
95,5,-3,18,-19,138,75,2
96,7,-4,19,-18,138,76,3
97,8,-4,21,-17,137,74,4
97,10,-3,23,-17,137,74,6
97,12,-2,24,-18,138,75,8
98,13,-1,24,-19,138,75,9
98,15,-1,24,-19,138,76,10
98,17,-2,23,-17,137,76,12
98,19,-2,24,-16,137,76,14
99,20,-1,24,-15,137,76,15
100,20,-2,23,-16,137,78,15
101,20,-2,23,-18,138,79,15
103,21,-1,24,-19,138,80,17
104,22,0,25,-19,138,81,18
105,23,0,26,-19,137,80,18
104,22,0,26,-17,135,81,17
103,21,0,25,-16,135,80,17
102,21,-1,24,-17,135,79,17
102,21,-2,24,-18,137,79,17
102,21,-3,24,-19,138,79,15
103,19,-3,25,-19,138,78,14
103,18,-3,25,-19,138,78,13
103,16,-3,25,-18,138,78,12
102,15,-4,26,-17,137,78,10
101,14,-4,26,-17,137,76,10
101,13,-3,25,-18,138,76,8
101,11,-3,25,-20,138,76,7
100,9,-3,25,-21,138,75,6
99,7,-3,24,-20,138,78,3
99,6,-3,23,-19,138,76,2
99,4,-4,21,-18,138,76,1
98,2,-5,21,-19,138,76,-1
98,1,-7,21,-20,138,76,-3
97,0,-7,22,-21,138,75,-4
97,-1,-6,21,-21,138,75,-7
97,-3,-5,21,-20,138,75,-7
97,-6,-6,20,-20,138,75,-9
96,-8,-7,20,-21,137,75,-13
97,-9,-9,20,-20,138,75,-14
97,-10,-10,18,-20,139,75,-14
98,-11,-10,16,-21,140,79,-15
97,-13,-10,16,-21,139,78,-18
96,-15,-10,16,-20,138,76,-19
95,-17,-9,17,-19,136,76,-20
95,-16,-9,17,-19,137,75,-20
95,-16,-9,17,-19,138,76,-20
96,-17,-9,17,-20,138,76,-21
97,-19,-9,17,-21,136,78,-23
97,-20,-9,17,-21,134,78,-24
98,-21,-9,17,-21,134,79,-24
98,-21,-9,17,-21,136,79,-24
97,-20,-9,17,-21,138,78,-24
97,-20,-9,17,-21,138,78,-23
96,-19,-9,17,-21,137,76,-23
96,-18,-9,17,-19,135,76,-21
97,-17,-9,17,-18,134,78,-20
98,-15,-9,17,-18,135,79,-19
100,-14,-9,17,-18,136,80,-18
99,-14,-9,17,-19,136,80,-18
98,-12,-9,17,-19,136,79,-17
97,-11,-9,17,-19,136,78,-15
98,-9,-9,17,-19,136,79,-13
100,-8,-9,17,-19,135,80,-12
101,-7,-9,17,-17,134,81,-12
101,-6,-9,17,-16,133,81,-10
99,-4,-9,17,-16,133,79,-9
98,-3,-9,17,-17,133,79,-8
98,-3,-9,17,-18,133,79,-8
100,-2,-9,17,-18,133,80,-7
101,0,-8,18,-16,133,81,-6
101,2,-6,19,-15,134,79,-3
101,3,-5,20,-16,135,79,0
100,3,-5,21,-17,134,78,0
100,3,-5,20,-18,133,78,0
101,4,-5,20,-18,133,79,1
102,7,-5,20,-18,132,80,3
103,8,-6,20,-18,133,80,4
103,9,-5,20,-18,133,80,6
102,9,-5,20,-20,134,80,6
102,10,-5,20,-21,135,79,6
102,10,-6,20,-21,136,79,6
102,10,-6,21,-21,136,79,6
102,9,-5,20,-21,136,80,6
102,9,-4,19,-21,135,83,4
103,8,-3,18,-21,134,83,4
103,7,-3,18,-21,133,83,3
104,6,-4,19,-21,133,84,3
104,5,-5,20,-21,133,81,2
104,5,-5,20,-21,133,81,2
104,5,-4,19,-21,133,84,2
104,5,-3,18,-21,133,84,2
104,5,-3,17,-21,133,84,2
104,5,-2,17,-21,133,84,2
104,5,-3,18,-21,133,84,2
104,5,-4,19,-19,133,84,2
104,5,-5,20,-18,133,81,2
104,5,-4,20,-16,133,84,2
104,5,-4,19,-15,133,84,2
104,5,-5,19,-16,133,84,2
104,5,-6,19,-18,133,84,2
104,5,-6,18,-19,133,84,2
104,5,-5,18,-19,133,84,2
104,5,-6,18,-18,133,84,2
104,7,-7,18,-16,133,84,1
103,8,-8,18,-17,133,83,2
102,10,-7,18,-18,133,81,3
101,10,-6,17,-18,133,81,6
102,10,-6,18,-16,133,81,6
102,9,-7,18,-15,133,81,3
102,9,-7,19,-15,133,80,3
103,10,-7,19,-16,133,80,4
102,12,-6,20,-18,133,80,8
101,13,-5,20,-18,133,79,9
100,14,-5,20,-17,133,78,9
100,14,-5,20,-17,132,78,9
101,15,-5,20,-16,131,79,10
101,16,-5,20,-16,131,79,12
101,19,-6,20,-16,131,79,14
101,20,-5,21,-16,132,79,15
101,21,-5,20,-16,133,78,15
101,21,-4,19,-16,133,81,15
102,21,-4,19,-16,133,81,17
104,22,-4,20,-16,133,84,17
105,23,-5,20,-16,133,83,18
105,23,-5,19,-16,133,85,18
105,23,-3,18,-16,132,85,18
105,23,-1,17,-16,130,86,20
105,23,-1,17,-16,130,86,20
105,23,-2,19,-16,130,85,18
105,23,-3,20,-16,132,85,18
105,22,-4,20,-16,133,85,18
106,22,-3,18,-16,133,85,17
106,21,-2,17,-16,132,87,17
106,22,-2,16,-16,130,87,17
106,21,-2,17,-16,129,87,17
107,20,-2,17,-16,129,86,15
108,19,-2,17,-16,130,89,14
108,18,-2,17,-16,131,90,14
108,19,-2,17,-16,133,89,14
108,19,-2,17,-16,133,89,14
107,19,-2,17,-16,133,89,14
108,19,-2,17,-16,133,89,14
109,20,-2,17,-16,133,90,15
111,21,-2,17,-16,133,91,17
112,21,-2,17,-16,133,92,17
112,21,-2,17,-16,133,93,17
112,21,-2,17,-16,133,93,17
112,21,-2,17,-16,133,92,17
111,23,-2,17,-16,133,92,18
110,25,-2,16,-16,133,91,19
110,26,-2,17,-16,133,91,20
111,27,-1,18,-16,133,90,24
112,27,0,19,-16,133,90,24
112,28,0,19,-16,133,91,25
112,30,0,18,-16,133,90,26
111,32,0,18,-16,133,90,29
112,35,2,18,-16,133,92,31
112,37,2,19,-16,133,91,34
113,38,1,20,-16,133,91,34
113,39,0,20,-16,133,91,35
112,40,0,20,-16,133,91,36
111,42,1,20,-16,133,90,37
110,43,1,20,-16,133,89,39
110,43,0,20,-16,133,89,39
110,43,0,20,-16,133,89,39
109,44,1,20,-16,133,87,40
108,46,2,21,-16,133,87,41
108,47,3,22,-16,133,86,42
108,47,4,23,-16,133,86,42
108,47,4,23,-16,133,86,42
108,47,4,23,-16,133,86,42
108,47,4,23,-16,133,86,42
108,47,4,23,-16,133,86,42
109,46,3,22,-16,133,87,41
109,44,2,21,-16,133,87,40
109,42,1,20,-16,133,87,37
108,41,0,20,-16,133,86,37
106,40,0,20,-16,133,85,36
106,39,1,20,-16,133,85,35
106,37,1,20,-16,133,85,32
106,34,0,20,-16,133,85,30
106,31,0,19,-16,133,85,28
106,28,-1,18,-16,133,85,24
106,25,-2,17,-16,133,87,19
105,21,-2,17,-16,133,86,17
104,18,-2,17,-16,133,85,13
103,14,-3,16,-16,133,85,10
102,11,-4,14,-16,133,84,7
101,8,-6,13,-16,133,84,4
101,5,-6,13,-16,133,83,1
100,1,-6,13,-16,133,83,-1
99,-2,-5,14,-16,133,81,-6
99,-7,-6,14,-16,133,81,-9
99,-10,-7,12,-16,133,81,-12
99,-13,-8,11,-16,133,81,-15
99,-15,-9,10,-16,133,84,-17
99,-19,-10,10,-16,133,81,-23
97,-22,-9,10,-16,133,80,-24
95,-26,-9,10,-16,133,78,-26
93,-29,-9,10,-16,133,76,-30
93,-31,-10,9,-16,133,79,-34
93,-33,-12,8,-16,133,79,-35
93,-34,-13,7,-16,133,79,-36
92,-37,-13,7,-16,133,78,-39
92,-39,-13,7,-16,133,78,-41
91,-39,-13,7,-16,133,78,-41
91,-38,-13,7,-16,133,78,-40
91,-37,-13,7,-16,133,76,-39
90,-36,-13,7,-16,133,76,-39
90,-36,-12,8,-16,133,76,-39
90,-36,-11,8,-16,133,76,-39
90,-36,-11,9,-16,133,76,-39
92,-35,-11,9,-16,133,78,-37
93,-33,-11,9,-16,133,79,-36
93,-32,-10,9,-16,133,79,-34
92,-29,-9,9,-16,133,78,-30
92,-27,-8,9,-16,133,78,-28
92,-24,-8,10,-16,133,78,-25
93,-20,-9,10,-15,133,78,-21
93,-16,-9,9,-14,133,79,-18
95,-12,-8,8,-13,133,80,-14
96,-8,-7,8,-13,132,81,-10
98,-5,-6,8,-13,132,83,-7
99,-1,-4,10,-12,132,84,-2
100,1,-3,11,-12,132,85,1
101,5,-3,11,-13,132,85,3
101,9,-3,11,-13,133,85,7
101,13,-3,10,-12,133,85,12
101,17,-3,10,-11,132,85,14
102,19,-2,12,-11,131,86,17
102,21,-1,13,-11,131,84,19
103,23,0,14,-13,131,85,20
104,26,0,14,-13,130,86,23
106,29,0,14,-13,130,87,26
108,32,0,14,-12,129,89,29
108,35,0,14,-11,130,89,31
108,36,0,14,-11,130,89,32
108,37,0,15,-12,130,90,32
110,37,0,16,-13,129,91,34
112,38,1,16,-13,128,92,34
112,39,3,16,-13,127,93,37
112,41,4,16,-12,127,92,39
111,42,4,16,-11,127,92,40
111,42,4,16,-11,128,91,40
112,40,4,16,-11,129,92,39
112,39,4,16,-11,130,93,37
113,38,4,16,-11,129,93,36
113,38,4,16,-11,128,93,36
113,39,4,17,-11,127,93,37
113,39,4,16,-11,127,93,37
113,39,3,15,-11,127,93,37
112,36,2,15,-11,128,92,35
112,34,2,15,-11,128,92,30
111,33,2,15,-11,127,92,29
111,32,2,14,-11,127,95,29
112,31,2,13,-11,127,95,30
112,29,3,11,-11,127,97,28
111,27,3,10,-11,127,96,26
110,25,3,9,-11,127,96,25
110,24,3,9,-11,127,95,24
109,22,2,8,-11,127,95,21
109,20,1,8,-11,128,95,19
109,17,0,7,-11,128,95,18
109,15,0,6,-11,127,95,15
109,14,0,6,-11,127,95,14
107,13,0,6,-11,127,93,13
106,12,0,6,-11,128,92,13
107,11,0,6,-11,129,92,12
108,9,0,6,-11,130,93,9
107,7,0,6,-11,129,93,8
106,6,0,6,-11,128,92,7
105,6,0,6,-11,127,91,7
105,4,0,6,-11,127,91,6
105,2,0,6,-11,128,91,3
104,0,0,6,-11,128,90,1
103,0,0,5,-11,127,91,1
103,0,0,5,-11,127,91,-1
103,0,0,5,-11,128,91,1
102,-2,0,6,-11,129,89,-1
102,-5,0,5,-11,130,91,-3
101,-7,-1,4,-11,129,90,-7
101,-8,-2,4,-11,127,90,-8
101,-7,-2,4,-11,128,90,-7
101,-7,-2,3,-11,129,90,-7
102,-6,-2,3,-11,131,91,-7
103,-6,-2,3,-11,130,92,-7
104,-6,-2,4,-11,129,92,-6
104,-5,-2,4,-11,129,92,-6
104,-3,-1,4,-11,131,93,-3
103,-2,0,5,-11,132,92,0
103,0,0,6,-11,131,89,1
103,0,0,5,-11,129,91,1
104,0,0,5,-11,127,92,-1
106,1,0,5,-11,129,93,2
106,2,0,6,-11,131,92,3
105,4,0,6,-11,133,91,6
104,6,0,6,-11,131,91,7
104,8,0,6,-11,129,90,8
105,10,0,6,-11,128,91,10
106,12,0,6,-11,129,92,12
107,13,0,6,-11,131,93,14
108,15,0,6,-11,131,93,15
108,18,0,6,-11,129,93,18
109,20,1,7,-11,128,95,19
111,21,3,9,-11,129,96,20
112,21,4,10,-11,130,97,21
111,23,3,9,-11,131,96,23
112,25,3,8,-11,131,97,24
112,27,2,8,-11,131,97,26
113,28,2,8,-11,131,98,28
114,28,3,9,-11,131,98,28
114,28,4,10,-11,131,98,28
114,28,4,10,-11,131,98,28
114,28,3,9,-11,132,98,28
113,28,3,9,-11,133,98,28
113,28,3,9,-11,133,98,28
113,28,4,10,-11,132,98,28
113,28,4,10,-11,132,98,28
113,28,3,9,-11,132,98,28
114,28,2,8,-11,132,98,28
114,28,1,7,-11,132,98,28
114,28,1,7,-11,132,98,28
114,28,1,7,-11,132,98,28
113,28,1,7,-11,132,98,28
112,27,0,7,-11,132,97,26
112,25,0,6,-11,132,97,25
112,23,0,6,-11,132,97,23
112,21,0,6,-11,132,97,20
111,20,0,6,-11,132,96,20
109,20,0,6,-11,132,95,19
108,19,0,6,-11,132,93,19
108,18,0,6,-11,132,93,18
108,15,0,6,-11,132,93,15
108,13,0,6,-11,132,93,13
107,12,0,6,-11,132,92,13
106,12,0,6,-11,132,92,13
105,12,0,6,-11,132,91,12
103,10,0,6,-11,132,90,10
101,7,0,6,-11,132,87,8
101,5,0,6,-11,132,87,4
100,3,0,5,-11,132,89,2
100,2,-1,4,-11,132,89,1
100,1,-2,3,-11,132,89,0
101,0,-3,3,-11,133,90,-1
101,-1,-3,3,-11,133,90,-2
100,-3,-2,3,-11,132,89,-3
97,-4,-2,2,-12,132,86,-4
96,-6,-2,1,-13,132,85,-6
96,-8,-3,1,-13,133,85,-8
97,-9,-4,1,-12,134,86,-9
98,-11,-4,2,-11,134,87,-10
97,-13,-4,2,-11,134,87,-13
96,-15,-5,1,-11,133,86,-14
95,-16,-6,0,-11,133,85,-15
95,-17,-7,0,-11,134,85,-15
96,-18,-7,0,-11,134,85,-17
97,-19,-7,0,-11,134,86,-18
97,-20,-5,0,-11,134,89,-19
97,-21,-4,-2,-11,133,89,-20
96,-24,-4,-4,-11,133,90,-23
95,-26,-7,-5,-11,132,90,-24
96,-27,-9,-3,-11,132,87,-25
96,-28,-10,-2,-11,132,89,-28
97,-27,-10,-1,-11,133,86,-28
96,-27,-9,-1,-11,133,86,-28
95,-28,-8,-1,-12,132,87,-26
93,-29,-7,-2,-13,133,85,-26
93,-31,-7,-2,-14,133,85,-29
93,-33,-8,-3,-15,133,85,-30
94,-34,-9,-3,-16,133,86,-34
95,-34,-9,-2,-16,133,87,-34
95,-34,-9,-2,-16,133,87,-34
94,-34,-9,-2,-16,133,86,-34
94,-34,-9,-2,-16,133,86,-34
94,-34,-9,-2,-16,133,86,-34
94,-34,-8,-1,-16,133,86,-31
94,-34,-7,-1,-16,133,86,-31
95,-34,-8,-1,-15,133,85,-34
95,-34,-9,-1,-14,133,87,-34
94,-34,-9,-2,-14,133,86,-34
93,-33,-8,-3,-14,133,85,-30
93,-31,-6,-4,-15,133,85,-29
93,-29,-4,-4,-16,133,87,-26
95,-28,-3,-3,-16,133,89,-24
96,-27,-3,-3,-16,133,90,-23
96,-28,-3,-3,-16,133,89,-24
96,-27,-3,-3,-16,133,89,-25
96,-25,-3,-3,-16,133,89,-23
97,-22,-3,-3,-16,133,91,-19
97,-21,-3,-3,-16,133,89,-18
98,-20,-3,-3,-16,133,90,-17
99,-20,-3,-3,-15,133,90,-17
100,-18,-3,-3,-14,133,91,-17
100,-15,-3,-3,-14,133,91,-13
101,-13,-3,-3,-14,133,92,-9
102,-10,-3,-3,-15,133,93,-8
102,-8,-3,-3,-16,133,93,-8
101,-7,-3,-3,-16,133,92,-7
101,-7,-3,-3,-15,133,92,-4
101,-5,-3,-2,-14,133,92,-3
102,-3,-2,-2,-14,133,93,-1
104,0,-1,-1,-14,133,95,1
105,2,0,0,-15,133,96,3
105,4,0,0,-16,133,96,6
104,5,0,0,-16,133,95,7
104,7,0,0,-16,133,95,8
104,9,0,0,-16,133,95,9
105,11,0,0,-16,133,96,12
105,12,0,0,-16,133,96,13
106,14,0,0,-16,133,96,14
106,16,0,0,-14,133,96,15
107,18,0,0,-13,132,97,18
107,19,0,0,-11,132,97,19
107,21,0,0,-11,132,97,20
106,21,0,0,-11,132,96,21
105,23,0,0,-11,132,95,23
105,23,-1,1,-11,132,95,23
106,24,0,1,-11,132,96,24
108,25,0,0,-11,132,98,24
109,25,0,0,-11,132,100,25
110,25,0,0,-11,132,100,25
109,26,0,0,-13,132,100,25
109,25,0,1,-15,133,100,25
109,25,-1,1,-16,133,100,25
109,25,0,0,-15,133,100,25
109,25,0,0,-13,132,100,25
109,25,1,0,-11,132,100,25
109,25,1,0,-11,132,100,25
109,25,0,0,-11,132,100,25
109,25,0,0,-11,132,100,25
109,25,0,0,-11,132,100,25
109,25,2,2,-11,132,100,25
109,25,3,2,-11,132,100,25
110,25,2,2,-11,132,100,25
111,25,1,0,-11,132,101,24
111,23,2,0,-11,132,101,23
111,20,3,0,-11,132,101,23
110,18,4,0,-11,132,102,20
109,18,4,-2,-11,132,101,20
108,18,3,-3,-11,132,101,20
109,17,3,-4,-11,132,101,19
109,16,3,-3,-11,132,101,19
110,15,3,-3,-11,132,102,18
111,14,3,-3,-11,132,103,17
112,14,3,-3,-11,132,103,17
112,12,3,-3,-11,132,104,14
112,10,3,-3,-11,132,103,13
110,8,3,-3,-11,132,102,12
109,8,3,-3,-11,132,101,10
108,8,3,-3,-11,132,101,10
108,8,2,-4,-11,132,101,12
109,8,1,-5,-11,132,101,12
109,8,0,-4,-11,132,101,9
109,8,-1,-4,-12,132,101,9
109,8,-1,-3,-12,132,101,9
108,8,0,-3,-13,132,101,9
108,7,0,-2,-13,133,100,8
107,7,-1,-2,-13,133,97,8
106,7,-2,-2,-13,132,97,8
107,7,-3,-3,-12,132,97,8
107,7,-3,-3,-12,132,97,6
107,7,-3,-3,-13,132,100,8
107,7,-3,-3,-14,133,100,8
107,8,-3,-3,-16,133,97,9
106,11,-3,-3,-16,133,97,12
106,12,-3,-3,-16,133,96,10
106,13,-3,-3,-16,133,96,13
106,12,-3,-3,-16,133,96,10
106,12,-3,-3,-16,133,96,13
106,12,-3,-3,-16,133,97,13
106,12,-3,-3,-16,133,96,13
105,13,-3,-3,-16,132,96,10
105,14,-3,-3,-16,133,96,12
106,15,-3,-3,-16,134,96,15
107,17,-3,-2,-16,136,97,18
108,18,-2,-2,-16,136,97,19
108,19,-1,-1,-16,136,98,19
108,19,0,0,-16,136,98,19
108,19,0,0,-16,137,97,19
107,20,0,0,-15,138,97,19
106,22,0,0,-15,138,96,21
106,24,0,0,-16,137,96,24
108,25,0,0,-16,137,98,25
109,26,0,0,-16,137,100,25
110,25,0,0,-16,137,100,25
109,25,1,-1,-16,137,102,25
109,25,2,-2,-16,137,101,28
110,27,2,-3,-16,137,102,29
110,30,1,-1,-16,137,102,29
111,32,0,0,-16,137,101,31
112,32,0,0,-16,137,101,31
111,32,0,1,-16,137,101,31
111,32,2,1,-16,137,101,31
110,33,3,1,-16,137,100,35
110,35,5,0,-16,137,100,36
110,37,7,0,-16,137,102,37
110,38,7,0,-16,137,102,39
111,39,7,0,-16,137,102,40
111,40,6,0,-16,137,102,41
111,41,5,0,-16,137,101,41
111,43,4,2,-16,137,101,42
111,43,3,3,-16,137,101,41
111,42,3,3,-16,137,101,40
111,41,4,2,-16,137,100,41
111,42,5,0,-16,137,100,42
111,43,5,0,-16,137,101,43
111,44,4,1,-16,137,101,43
112,44,4,1,-16,137,101,45
111,44,4,1,-16,137,101,45
111,43,4,1,-16,137,100,43
111,42,4,1,-16,137,101,42
112,40,3,2,-16,137,101,39
112,39,3,3,-16,137,100,37
113,39,3,3,-16,137,100,37
113,39,3,3,-16,137,102,40
112,39,4,1,-16,137,102,40
111,39,5,0,-15,138,101,39
110,37,6,0,-15,138,102,37
109,35,6,0,-16,137,100,36
110,34,5,0,-16,137,100,35
110,33,5,0,-16,137,100,35
111,34,4,0,-15,138,103,35
111,33,4,-1,-15,139,102,34
109,32,4,-1,-15,139,101,32
108,31,4,-1,-15,139,100,32
107,30,3,0,-15,138,100,31
108,28,3,-1,-15,139,100,30
108,27,3,-3,-15,140,101,29
108,25,3,-3,-15,141,101,26
108,24,3,-3,-15,140,100,26
107,24,3,-3,-15,139,100,25
106,24,3,-3,-15,139,98,25
105,23,3,-3,-15,140,98,25
105,23,3,-3,-15,141,97,25
105,23,3,-3,-15,142,97,25
106,22,3,-3,-15,143,98,24
107,20,2,-3,-15,143,100,23
108,19,1,-3,-15,143,100,19
107,18,0,-2,-15,142,100,18
106,18,0,-1,-15,140,96,18
105,18,-1,-1,-15,139,96,18
104,17,-2,-2,-15,139,95,17
104,17,-3,-3,-15,140,96,17
104,16,-3,-3,-15,141,96,17
104,16,-3,-3,-15,140,96,17
104,16,-3,-3,-15,140,95,17
104,17,-3,-3,-15,140,95,17
103,17,-3,-3,-15,140,93,17
102,15,-3,-3,-15,141,93,13
101,13,-3,-3,-15,141,92,14
101,11,-3,-3,-15,141,92,12
101,10,-3,-3,-15,140,92,10
102,9,-3,-3,-15,139,92,9
102,10,-3,-3,-15,138,92,10
102,10,-3,-3,-16,137,92,10
102,10,-3,-3,-16,137,95,10
102,10,-3,-3,-15,138,92,10
102,10,-3,-3,-15,138,92,10
102,10,-3,-3,-16,137,92,10
102,10,-3,-3,-16,137,96,10
103,9,-3,-3,-16,137,96,9
102,7,-3,-3,-16,137,92,6
100,5,-4,-2,-16,137,91,4
100,4,-4,-1,-16,137,91,3
100,3,-4,-2,-16,137,91,2
101,3,-3,-3,-16,137,92,2
102,4,-3,-3,-16,137,96,6
103,5,-3,-3,-16,137,96,6
103,5,-3,-3,-16,137,93,6
103,5,-4,-2,-16,137,93,3
103,4,-5,-1,-16,137,93,3
103,5,-5,-1,-16,137,93,3
104,5,-4,-1,-16,137,95,4
104,6,-4,-2,-16,137,95,4
104,6,-5,-2,-16,137,95,4
104,6,-5,0,-16,137,95,4
104,5,-5,0,-16,137,95,4
104,5,-4,-1,-16,137,95,4
104,5,-3,-3,-16,137,95,4
103,7,-3,-3,-16,137,96,8
104,9,-3,-3,-16,137,97,9
105,11,-2,-2,-16,137,96,12
106,12,-2,-2,-16,137,97,13
106,12,-2,-2,-16,137,96,13
105,13,-3,-3,-16,137,98,14
104,15,-3,-3,-16,137,95,13
105,17,-3,-2,-16,137,95,17
106,18,-1,0,-16,137,97,18
108,19,0,0,-16,137,97,19
107,20,0,0,-16,137,97,20
106,22,0,0,-16,137,96,21
106,23,0,0,-16,137,96,23
108,25,0,0,-16,137,97,24
109,26,0,0,-16,137,100,25
110,28,0,0,-16,137,100,26
111,30,1,1,-16,137,101,29
111,32,2,1,-15,137,101,31
112,35,2,2,-14,137,101,34
112,37,3,3,-13,137,101,35
113,39,3,3,-13,137,102,37
114,39,3,3,-12,137,103,37
116,41,3,3,-12,137,104,39
116,43,3,3,-12,137,106,41
115,44,3,2,-13,137,104,42
115,45,3,3,-14,137,104,43
115,46,4,3,-14,137,102,46
116,49,6,5,-13,137,103,48
117,51,7,6,-13,137,103,51
118,53,7,6,-14,137,104,52
119,54,7,6,-16,137,106,53
119,56,6,6,-16,137,106,56
119,57,7,6,-16,137,104,57
118,59,7,6,-16,137,104,58
119,60,8,7,-16,137,104,58
120,62,8,7,-16,137,106,61
120,65,8,7,-16,137,106,63
120,66,8,7,-16,137,106,64
121,67,9,8,-16,137,107,65
121,67,10,9,-16,137,107,65
122,67,10,10,-16,137,107,65
122,69,10,9,-16,137,107,67
122,71,10,9,-16,137,107,69
122,73,10,9,-16,137,108,70
124,75,10,9,-15,138,109,72
125,75,10,9,-15,138,111,73
126,75,9,10,-16,137,108,73
125,75,8,12,-16,137,108,72
125,75,7,13,-16,137,106,72
125,75,7,13,-15,138,106,70
125,75,7,13,-15,139,106,70
125,75,7,13,-15,140,106,70
124,74,7,13,-15,139,106,69
123,74,7,13,-15,138,107,72
123,73,8,12,-16,137,107,72
123,74,8,11,-16,137,107,72
122,74,8,12,-15,138,106,72
122,73,9,11,-15,138,106,70
122,71,10,11,-16,137,106,69
122,69,10,9,-16,137,108,67
122,68,10,8,-15,138,108,65
121,66,8,7,-15,139,107,64
120,66,7,6,-15,139,106,64
119,65,6,6,-15,139,106,63
119,62,7,6,-15,139,106,61
119,60,7,6,-16,139,106,58
119,57,7,6,-16,139,104,56
118,55,7,6,-15,139,104,54
117,54,7,6,-15,140,103,53
116,52,7,6,-15,141,103,52
115,50,7,6,-16,142,102,50
115,47,7,6,-17,143,102,47
115,45,7,5,-17,143,102,45
116,42,6,5,-17,142,103,42
116,41,4,6,-16,142,102,41
114,39,2,7,-15,142,101,37
112,37,1,7,-15,142,97,36
111,34,0,7,-16,142,96,32
112,31,0,6,-16,142,97,30
112,29,0,6,-16,142,97,28
112,27,0,6,-15,142,97,26
111,26,0,6,-15,142,96,25
110,25,0,7,-16,142,96,24
111,23,0,6,-17,142,96,23
112,21,0,5,-19,143,100,21
112,19,-2,4,-20,143,100,17
111,16,-3,3,-21,143,98,14
110,15,-3,3,-20,143,98,13
110,15,-3,3,-20,143,98,13
110,14,-3,3,-20,143,98,13
112,12,-3,1,-20,144,100,10
112,10,-3,0,-20,145,102,8
112,8,-3,1,-20,144,100,7
111,8,-3,2,-20,143,98,7
109,9,-3,3,-20,142,97,7
108,8,-3,3,-20,142,96,7
108,8,-3,3,-20,144,96,7
108,8,-3,3,-20,147,96,7
108,8,-3,3,-20,148,96,7
109,8,-3,3,-20,148,97,7
109,8,-3,3,-20,146,97,7
108,8,-3,3,-20,146,96,7
109,7,-3,3,-20,146,97,6
108,8,-3,3,-20,147,96,7
108,9,-3,3,-20,148,96,8
107,11,-3,3,-20,148,95,9
106,12,-3,3,-20,148,93,10
106,13,-3,3,-20,147,95,10
106,12,-3,3,-20,146,95,10
106,12,-3,3,-20,146,95,10
106,12,-3,3,-20,146,95,10
105,13,-4,4,-20,147,91,12
104,15,-4,4,-20,148,91,13
104,17,-3,4,-20,148,91,15
105,17,-2,4,-20,148,93,15
105,17,0,5,-20,148,93,15
105,17,-1,6,-20,148,91,15
106,19,-3,8,-20,148,91,17
105,21,-4,9,-20,148,89,19
106,23,-3,10,-20,148,90,20
105,23,-2,10,-20,148,89,20
105,23,-1,9,-20,148,91,20
105,23,-1,8,-20,148,91,20
105,23,-2,9,-20,148,91,20
105,23,-2,9,-20,148,89,20
105,23,-3,10,-20,147,89,20
106,23,-3,10,-20,146,90,20
105,23,-3,10,-20,146,89,20
104,25,-3,10,-20,146,87,21
104,26,-3,10,-20,147,87,23
104,27,-3,10,-20,148,89,24
107,26,-3,10,-20,148,91,24
109,25,-3,10,-20,148,92,23
110,25,-3,10,-20,148,93,23
110,25,-3,10,-20,148,93,23
109,25,-3,10,-20,148,92,23
109,25,-3,10,-20,148,92,23
109,25,-3,10,-20,148,92,23
109,25,-2,10,-20,148,92,23
109,25,-2,10,-20,148,92,23
109,25,-2,10,-20,148,92,23
109,25,-3,10,-20,148,92,23
109,25,-3,9,-20,148,92,23
109,25,-2,10,-20,148,92,23
109,26,-1,10,-20,148,92,23
109,26,0,12,-20,148,92,23
109,25,0,13,-20,148,92,23
109,25,0,13,-20,147,92,23
109,26,0,13,-20,146,92,23
111,26,0,13,-20,146,93,24
112,27,1,13,-20,146,96,24
113,28,0,13,-20,147,96,25
114,28,0,12,-20,148,97,25
114,28,-2,10,-20,148,96,25
113,28,-2,10,-21,148,96,25
114,28,-1,11,-22,148,96,25
113,28,0,12,-21,148,96,25
113,28,0,12,-21,148,96,25
113,28,-1,11,-20,148,96,25
114,28,-1,11,-20,148,96,25
114,28,-1,11,-20,148,96,25
113,28,0,12,-20,148,96,25
113,29,0,13,-20,148,96,25
112,30,0,13,-20,148,96,26
112,30,0,12,-20,148,95,28
112,31,-1,10,-20,148,95,28
112,32,-1,8,-20,148,97,29
111,32,0,8,-20,148,96,29
109,31,2,9,-20,148,95,30
108,31,3,10,-20,148,93,30
108,30,4,9,-20,148,93,29
109,31,3,10,-20,146,95,30
111,32,3,10,-20,144,96,31
112,33,2,11,-20,144,95,31
112,33,3,10,-20,145,97,31
111,32,3,10,-20,146,96,31
110,30,3,9,-20,146,96,29
110,27,3,9,-20,147,96,26
109,26,3,10,-20,147,95,25
109,25,3,10,-20,147,95,24
109,25,3,10,-20,146,95,25
109,26,3,9,-20,146,95,25
110,26,3,9,-20,146,95,25
109,25,3,10,-20,147,95,25
109,23,3,10,-20,147,95,23
108,21,3,11,-21,146,91,20
108,19,3,10,-22,146,93,19
108,18,2,9,-22,147,93,18
107,19,1,7,-21,148,93,19
106,18,0,6,-20,148,95,18
106,16,0,6,-21,148,91,17
106,14,0,7,-23,148,92,12
106,12,0,8,-25,146,92,10
105,11,-1,8,-26,146,91,9
103,10,-2,9,-25,147,87,8
103,9,-3,10,-23,148,87,7
103,7,-3,10,-22,148,87,6
103,5,-3,10,-21,147,87,3
103,2,-3,10,-21,145,87,1
102,0,-3,10,-22,145,86,0
101,-1,-2,10,-22,145,85,-2
100,-2,-3,10,-22,145,85,-3
99,-3,-3,10,-21,144,84,-3
98,-3,-3,10,-21,143,83,-3
98,-5,-2,10,-20,143,83,-6
97,-7,-2,10,-20,144,83,-8
97,-10,-3,10,-20,146,83,-9
97,-10,-3,9,-20,148,81,-10
95,-10,-5,7,-20,148,83,-12
94,-11,-6,7,-20,148,81,-13
93,-12,-6,6,-20,148,80,-14
93,-14,-6,6,-20,148,80,-15
94,-15,-6,7,-20,148,83,-17
95,-16,-6,7,-20,148,83,-18
96,-17,-6,7,-21,148,83,-18
95,-16,-6,6,-21,148,83,-18
95,-16,-6,7,-22,148,83,-18
95,-16,-6,7,-22,148,83,-18
95,-16,-6,7,-20,148,83,-18
95,-17,-6,7,-19,148,83,-18
95,-16,-6,7,-20,148,83,-18
95,-16,-6,7,-22,148,83,-18
95,-16,-6,7,-24,148,80,-18
95,-17,-7,8,-24,148,80,-18
95,-17,-7,8,-24,148,80,-18
95,-16,-7,8,-23,148,80,-18
94,-15,-6,7,-23,148,80,-17
94,-15,-6,7,-24,148,81,-17
93,-14,-6,7,-25,148,81,-15
93,-13,-6,6,-25,148,81,-15
93,-12,-6,7,-24,148,80,-14
93,-12,-6,7,-23,148,80,-14
93,-12,-6,7,-23,148,80,-14
92,-12,-6,6,-23,148,80,-14
93,-12,-6,6,-23,148,80,-14
94,-11,-6,7,-24,148,81,-13
96,-10,-5,7,-25,148,83,-12
97,-10,-5,7,-24,148,84,-9
97,-9,-5,7,-24,148,84,-12
97,-9,-5,7,-23,148,84,-12
97,-10,-5,7,-23,148,84,-12
97,-10,-5,7,-23,148,81,-12
97,-10,-5,8,-23,148,81,-12
97,-10,-4,8,-22,148,81,-9
97,-10,-3,9,-23,148,81,-9
97,-10,-3,8,-23,148,81,-9
97,-9,-5,7,-25,148,84,-9
97,-9,-7,7,-25,148,81,-12
96,-10,-9,9,-25,148,81,-12
95,-10,-8,11,-25,148,78,-13
95,-10,-7,12,-25,148,78,-13
96,-10,-6,11,-25,148,79,-12
97,-9,-6,11,-25,148,81,-12
97,-10,-6,11,-25,147,80,-12
95,-10,-6,13,-25,146,78,-13
94,-11,-6,14,-25,147,76,-13
94,-11,-6,14,-25,148,76,-13
95,-11,-6,14,-25,148,78,-13
97,-10,-6,13,-25,148,80,-12
97,-9,-6,13,-25,148,80,-12
97,-8,-6,14,-25,148,79,-10
95,-7,-6,13,-25,148,78,-9
94,-5,-6,13,-25,148,78,-8
94,-5,-6,13,-25,148,76,-8
94,-5,-6,13,-25,148,78,-8
96,-5,-6,13,-25,148,79,-8
97,-3,-6,13,-25,148,80,-6
97,-2,-6,14,-25,148,80,-4
97,0,-6,14,-25,148,80,-3
97,1,-6,14,-25,148,80,-1
98,4,-6,13,-25,148,80,1
98,6,-6,13,-25,148,80,2
98,7,-6,14,-25,148,80,3
99,9,-5,14,-25,148,81,4
100,10,-3,16,-25,148,83,6
101,11,-2,17,-25,148,83,7
101,12,-2,17,-25,148,83,8
101,14,-2,17,-25,148,83,9
102,17,-2,17,-25,148,84,12
103,19,-3,17,-25,148,83,14
105,21,-3,18,-25,148,85,15
106,22,-3,18,-25,148,85,17
107,23,-2,19,-25,148,86,18
107,26,0,19,-25,148,86,23
107,29,1,20,-25,148,86,25
108,31,1,20,-24,148,87,28
110,32,0,21,-23,148,89,28
111,32,0,22,-23,148,87,26
111,32,0,22,-24,149,87,26
111,33,0,21,-24,150,89,28
109,35,0,21,-23,151,87,31
108,36,0,20,-22,150,87,32
108,37,1,20,-22,150,87,32
108,36,1,20,-23,150,87,32
108,36,0,20,-23,149,87,32
108,36,0,21,-22,148,87,32
108,36,0,21,-22,148,87,32
108,37,0,21,-23,148,87,32
109,36,0,20,-24,148,87,32
110,35,0,20,-25,148,89,31
110,34,0,20,-25,149,89,30
109,32,0,20,-25,150,89,29
108,30,1,20,-25,150,87,26
108,28,0,20,-25,150,87,25
108,26,0,20,-25,150,87,23
108,25,0,20,-25,149,87,21
107,24,1,20,-25,148,86,20
106,23,1,20,-25,148,85,20
105,22,0,20,-25,148,85,19
105,20,0,19,-25,148,85,17
105,17,-1,18,-25,148,85,15
104,14,-2,17,-25,150,86,10
104,12,-2,16,-25,151,85,8
103,11,-2,17,-25,152,85,7
102,10,-2,17,-25,152,84,6
102,8,-2,17,-25,151,84,4
102,6,-2,17,-25,151,85,2
101,4,-2,17,-25,151,84,1
101,3,-2,17,-25,151,83,0
100,3,-3,15,-25,152,81,0
99,2,-4,14,-25,153,81,0
98,0,-4,15,-24,153,80,-2
98,-2,-4,15,-25,152,80,-4
98,-3,-3,15,-25,151,80,-6
99,-3,-4,15,-25,151,81,-6
99,-3,-4,14,-25,151,81,-6
98,-3,-5,14,-25,152,81,-6
98,-3,-5,14,-25,152,81,-6
99,-3,-5,14,-25,151,81,-6
99,-2,-6,14,-25,151,81,-6
99,0,-6,13,-25,151,81,-3
99,1,-6,13,-25,150,81,-2
99,2,-5,14,-25,148,81,0
100,3,-5,16,-25,148,80,0
100,3,-6,18,-25,148,80,0
99,4,-7,19,-25,148,79,-1
98,6,-7,20,-25,148,76,0
99,8,-6,20,-25,148,76,4
101,9,-6,20,-23,148,78,6
102,10,-7,19,-21,148,81,3
101,11,-8,18,-20,148,81,4
100,12,-8,18,-20,148,80,6
100,14,-7,19,-20,148,78,7
100,15,-5,20,-20,148,78,10
101,17,-5,21,-20,148,79,12
101,19,-5,20,-20,148,79,14
101,21,-6,20,-20,148,79,15
103,21,-5,20,-20,148,80,17
104,22,-5,20,-20,148,81,17
104,24,-5,20,-20,148,81,19
104,26,-6,20,-20,148,81,20
103,27,-6,21,-20,148,80,21
102,27,-6,20,-20,148,79,21
102,27,-4,19,-20,148,81,21
104,28,-3,18,-20,148,84,23
106,29,-2,17,-20,148,87,25
107,29,-2,17,-20,148,89,24
107,30,-3,18,-20,148,86,24
107,30,-4,19,-20,148,86,24
107,30,-4,21,-20,148,84,24
107,30,-3,21,-20,148,84,24
107,30,-1,20,-20,148,86,24
107,30,0,20,-20,148,86,26
107,29,0,20,-20,148,86,26
107,29,0,21,-20,148,86,26
107,30,0,22,-20,148,84,24
107,30,-2,23,-20,148,84,24
107,30,-2,24,-20,148,84,24
107,29,-2,24,-20,148,84,24
108,28,-1,24,-20,148,84,23
108,28,-2,23,-20,148,84,23
108,28,-2,23,-20,148,84,23
108,28,-2,24,-20,148,84,23
108,28,-2,24,-20,148,84,23
108,27,-2,24,-20,148,85,21
109,26,-2,23,-20,148,86,21
110,26,-1,22,-20,148,86,20
109,25,0,22,-20,148,86,20
108,25,-1,22,-20,148,85,19
106,24,-2,23,-20,148,84,19
105,23,-2,24,-20,148,83,18
105,23,-2,24,-20,148,83,18
105,23,-2,23,-20,148,83,18
104,23,-2,23,-20,148,81,18
102,21,-1,24,-20,148,80,17
102,19,-1,24,-20,148,79,14
103,18,-2,23,-20,148,80,13
104,17,-3,23,-20,148,81,12
104,17,-4,21,-20,148,81,12
102,15,-5,20,-20,148,80,10
101,13,-6,20,-20,148,79,9
101,11,-5,20,-20,148,79,7
101,10,-5,20,-20,148,79,6
102,9,-5,20,-20,148,80,6
102,10,-5,20,-20,148,80,6
102,10,-5,20,-20,148,80,6
102,10,-5,20,-20,148,80,6
102,10,-5,20,-20,148,80,6
101,10,-5,20,-20,148,79,6
101,9,-5,20,-20,148,79,6
101,7,-5,20,-20,148,79,3
101,5,-5,20,-20,148,79,2
101,3,-5,20,-20,148,79,0
101,3,-5,20,-20,148,79,0
101,3,-5,20,-20,148,79,0
101,4,-5,20,-20,148,79,1
102,4,-5,20,-20,148,79,1
102,3,-5,20,-20,148,79,0
101,3,-5,20,-20,148,79,0
100,3,-5,21,-20,148,78,0
99,4,-4,21,-20,148,78,1
100,6,-4,21,-20,148,78,2
101,8,-4,21,-20,148,78,4
101,10,-5,21,-20,148,79,6
102,11,-4,21,-20,148,79,7
101,13,-3,22,-20,148,79,9
101,15,-2,23,-20,148,79,10
101,15,-1,24,-20,148,79,10
102,16,-1,24,-20,148,80,12
103,18,-2,23,-20,148,80,13
103,20,-2,23,-20,148,80,15
104,22,-2,23,-20,148,81,17
104,23,-1,24,-20,148,81,18
104,24,-2,23,-20,148,81,19
105,26,-2,23,-20,148,83,21
106,29,-2,23,-20,148,83,23
106,31,-2,23,-20,148,83,25
105,33,-2,23,-20,148,83,26
104,34,-1,24,-20,148,81,28
104,34,-1,24,-20,148,81,29
105,35,-1,24,-20,148,83,29
108,36,-2,23,-20,148,84,29
109,36,-2,23,-20,148,85,29
109,36,-1,24,-20,148,85,30
108,38,-1,25,-19,148,85,31
106,39,0,26,-18,148,83,32
106,40,1,27,-18,148,80,34
106,39,1,27,-18,148,81,35
108,38,1,27,-18,148,81,34
108,36,1,27,-19,148,83,32
109,36,1,27,-20,146,83,30
108,36,0,27,-21,144,83,30
108,36,1,27,-20,143,83,32
108,36,2,25,-18,144,85,32
108,36,3,24,-17,144,85,32
108,36,4,24,-16,144,85,32
108,36,3,25,-17,143,85,32
108,37,2,25,-18,143,85,32
109,36,2,25,-18,143,85,32
109,35,3,25,-18,143,86,31
109,33,3,25,-17,143,85,29
108,31,2,25,-16,143,85,28
106,31,1,25,-16,142,83,28
106,31,1,23,-15,142,83,28
106,31,3,22,-15,142,85,28
107,30,4,23,-16,142,86,26
107,30,4,23,-15,142,86,26
107,29,3,24,-15,142,84,26
107,30,3,25,-16,142,84,26
107,30,2,26,-17,142,84,26
107,30,1,26,-18,142,84,26
107,29,0,25,-17,142,84,24
107,29,0,24,-16,142,84,24
107,30,0,23,-15,142,84,24
107,30,0,24,-15,142,84,24
107,30,0,25,-15,142,84,24
107,29,0,25,-16,142,84,24
107,29,0,25,-16,142,84,24
107,30,-1,24,-15,142,84,24
106,31,-1,24,-15,142,83,25
105,32,-1,24,-15,142,83,26
104,34,-1,25,-15,142,81,28
104,34,0,25,-15,142,81,29
104,34,0,25,-15,142,81,28
105,32,0,25,-15,142,83,26
106,31,0,25,-15,142,83,25
106,31,0,25,-15,142,83,25
106,31,0,25,-15,142,83,25
106,31,-1,25,-15,142,84,25
107,31,-1,24,-15,142,84,25
107,30,-2,23,-15,142,84,24
106,28,-2,23,-15,142,83,23
104,27,-2,23,-15,142,81,21
104,25,-1,24,-15,142,81,19
105,23,-2,23,-16,142,83,18
106,21,-2,23,-15,142,83,17
106,19,-1,24,-15,142,83,14
105,18,-1,24,-15,142,83,13
104,16,-2,23,-16,142,81,12
104,14,-3,23,-16,142,81,10
104,12,-4,21,-15,142,81,8
103,10,-5,20,-14,142,80,7
102,10,-6,20,-14,142,80,6
102,10,-5,20,-14,143,80,6
102,8,-5,20,-15,143,80,4
102,6,-5,20,-16,142,80,3
101,4,-5,20,-16,141,79,1
101,3,-5,20,-16,141,79,0
100,3,-5,20,-16,140,78,0
100,3,-5,21,-15,140,78,0
99,2,-4,21,-14,141,76,0
98,2,-4,21,-12,141,75,-1
97,1,-4,21,-12,142,75,-1
97,1,-3,22,-13,142,75,-1
97,1,-3,22,-13,141,75,-1
96,0,-3,22,-13,140,74,-2
96,0,-4,21,-12,139,74,-2
97,1,-4,21,-11,139,75,-1
98,3,-3,22,-10,138,76,0
99,5,-2,23,-10,138,76,2
99,6,-1,24,-11,138,76,2
98,6,-1,24,-11,139,76,2
98,6,-2,23,-11,139,75,2
98,6,-2,23,-10,139,76,2
99,8,-2,23,-10,139,76,4
101,9,-1,24,-10,138,78,6
101,11,-2,23,-10,138,79,7
101,13,-2,23,-11,137,78,8
100,14,-2,23,-11,137,78,9
99,14,-2,23,-11,137,76,10
98,15,-2,23,-10,137,76,10
98,15,-2,24,-10,137,76,10
99,15,-2,23,-11,137,76,10
100,15,-2,23,-11,137,78,10
102,16,-2,23,-11,137,79,12
103,18,-2,24,-11,137,80,13
102,19,-2,24,-11,137,80,14
102,20,-2,23,-11,137,79,15
101,20,0,22,-11,137,79,15
101,21,0,21,-11,137,80,18
101,21,0,21,-11,137,80,18
101,20,0,22,-11,137,79,15
101,20,-2,23,-11,137,79,15
101,20,-2,24,-11,137,79,15
101,21,-2,24,-11,137,79,15
101,21,-1,23,-11,137,79,15
101,21,-1,22,-11,137,79,15
101,21,-1,22,-10,137,79,15
101,21,-1,23,-10,137,79,15
101,21,-1,23,-9,137,79,15
101,20,-1,23,-10,137,79,15
101,21,-1,22,-10,137,79,15
101,21,-1,23,-10,137,79,15
101,21,-1,23,-9,137,79,15
101,20,-2,24,-10,137,79,15
101,20,-2,24,-11,137,79,15
101,20,-2,23,-11,137,78,15
100,22,-1,24,-11,137,78,17
101,24,-1,24,-10,137,78,19
102,26,0,25,-9,137,79,21
103,27,0,25,-9,137,80,21
102,27,0,25,-9,137,80,21
102,28,0,25,-8,137,79,23
102,31,0,26,-8,137,79,25
103,33,0,27,-9,137,78,26
104,34,0,28,-11,137,79,28
105,34,0,29,-11,137,79,28
105,36,0,30,-11,137,78,30
105,39,-1,31,-11,137,78,32
106,40,-1,31,-11,137,78,34
106,41,-2,31,-11,137,79,34
108,42,-1,30,-9,137,80,35
108,43,-1,31,-7,137,80,36
108,46,-1,30,-7,137,80,39
108,47,-2,31,-9,137,80,40
107,47,-1,31,-11,137,79,40
108,47,-1,31,-11,137,80,40
109,48,-1,31,-11,137,80,41
111,49,-1,30,-11,137,83,41
112,49,-2,30,-10,137,83,42
112,50,-1,31,-9,137,84,42
113,51,-1,32,-9,137,85,43
114,53,0,33,-10,137,85,45
115,55,2,32,-11,137,86,47
115,56,4,32,-11,137,87,50
114,56,4,31,-10,137,87,50
114,55,4,31,-7,137,87,50
115,55,3,31,-6,137,87,50
115,54,3,32,-7,137,86,48
116,52,3,32,-8,137,87,47
116,52,3,31,-10,137,90,46
116,52,4,31,-10,137,90,47
116,52,4,30,-9,137,89,47
116,52,5,30,-7,137,89,47
116,52,5,30,-6,137,89,47
116,52,4,30,-7,137,90,47
116,53,5,30,-9,137,90,47
116,53,5,30,-11,137,90,47
116,52,5,30,-10,137,89,47
115,52,3,31,-8,137,89,46
113,50,1,32,-7,137,85,43
112,50,0,32,-7,138,84,42
112,49,0,32,-7,139,83,42
110,49,0,32,-8,138,83,41
109,48,2,31,-9,138,80,41
108,47,1,30,-10,138,83,40
108,46,0,29,-10,139,83,39
109,44,0,28,-10,139,84,37
109,42,0,28,-9,139,84,35
108,41,0,28,-9,140,83,35
106,41,0,29,-10,142,80,34
104,39,-1,30,-10,143,76,32
104,38,-3,30,-10,142,76,29
104,36,-3,29,-10,142,76,28
104,34,-3,28,-10,142,79,25
104,33,-3,27,-10,142,79,26
103,31,-3,26,-10,142,78,25
101,29,-4,26,-10,142,76,21
101,26,-5,27,-11,142,76,19
101,24,-5,28,-11,142,76,17
101,22,-5,28,-11,142,76,14
101,21,-5,27,-10,142,76,13
100,20,-5,27,-10,142,75,13
99,18,-5,27,-9,142,74,12
99,15,-5,27,-9,142,74,8
99,12,-5,27,-9,142,74,6
98,9,-4,27,-9,142,74,3
97,7,-4,28,-10,142,73,1
97,6,-5,27,-10,142,73,1
97,5,-7,25,-10,143,73,0
97,3,-9,24,-10,142,73,-2
97,1,-10,23,-9,141,73,-3
96,0,-9,23,-9,139,73,-4
96,0,-8,24,-9,137,72,-4
96,0,-8,24,-9,137,72,-4
96,0,-8,24,-9,137,72,-4
96,0,-9,24,-8,137,72,-4
96,0,-9,24,-7,137,73,-4
96,0,-8,24,-7,137,72,-4
96,0,-8,24,-8,137,72,-4
96,0,-9,24,-9,137,72,-4
96,0,-9,24,-10,137,72,-4
96,0,-8,24,-10,137,73,-4
96,0,-7,25,-7,137,72,-4
95,1,-6,26,-7,137,72,-3
94,3,-5,27,-7,137,70,-2
93,5,-4,27,-7,138,69,-1
95,6,-5,27,-7,139,70,0
97,6,-5,27,-7,138,73,1
97,7,-5,27,-7,137,73,1
97,8,-5,27,-8,137,73,2
96,10,-5,27,-7,137,72,3
96,12,-5,27,-7,137,72,6
97,14,-5,27,-6,137,73,8
97,17,-5,27,-6,137,73,9
99,19,-5,27,-6,137,74,12
100,20,-5,27,-7,137,75,13
101,20,-5,27,-8,137,76,13
101,20,-5,27,-9,137,76,13
101,20,-3,28,-9,137,76,13
100,21,-2,29,-8,137,73,17
101,24,-2,30,-7,138,74,19
102,26,-2,30,-7,140,74,20
102,28,-2,29,-8,142,75,21
103,28,-2,29,-9,143,75,21
103,27,-3,29,-10,142,75,19
103,27,-3,28,-10,142,78,19
103,27,-5,27,-7,142,78,19
102,27,-5,27,-6,142,78,19
102,27,-4,28,-7,142,78,19
102,27,-3,29,-9,142,75,19
102,27,-3,29,-11,142,75,21
103,27,-2,29,-10,142,75,21
103,27,-2,29,-9,142,75,21
102,28,-3,29,-9,142,75,20
102,28,-3,29,-9,141,74,20
101,29,-3,28,-10,140,74,20
102,28,-3,29,-11,141,75,20
102,27,-3,29,-11,142,75,19
103,27,-2,30,-10,142,75,21
102,28,-1,30,-10,142,74,23
101,30,-1,31,-10,142,74,24
100,31,-1,31,-11,142,73,25
100,32,-2,31,-10,142,73,25
100,31,-2,31,-10,142,73,25
100,31,-1,30,-10,142,73,25
100,31,-1,31,-10,142,73,25
100,31,-1,31,-10,141,73,25
100,31,-2,31,-10,140,73,23
100,31,-4,31,-10,141,73,23
100,31,-5,30,-10,141,73,23
100,31,-6,30,-10,141,73,23
100,31,-5,30,-10,140,73,23
100,31,-5,31,-10,141,73,23
100,32,-5,31,-10,142,73,24
101,32,-5,30,-10,142,74,24
100,31,-4,29,-10,142,73,23
99,31,-4,28,-11,142,72,23
97,30,-4,28,-11,142,73,21
96,29,-4,27,-11,142,72,21
96,28,-5,27,-10,142,72,20
97,28,-5,27,-10,142,72,20
97,27,-5,27,-11,142,73,19
97,26,-5,27,-12,142,73,19
98,26,-5,27,-13,142,74,18
99,25,-5,27,-13,142,74,18
98,25,-5,27,-13,142,74,17
97,24,-5,27,-13,142,73,17
95,23,-5,27,-14,142,72,15
94,22,-5,27,-15,142,70,14
95,21,-5,27,-15,143,70,13
96,19,-5,27,-15,143,72,12
97,18,-5,27,-15,142,73,10
97,18,-5,27,-15,142,73,10
96,18,-5,27,-15,142,72,10
94,16,-5,27,-15,143,70,9
93,14,-5,27,-15,144,69,7
94,12,-4,27,-15,144,70,6
95,11,-5,27,-15,145,72,4
96,11,-6,26,-15,146,72,4
95,11,-7,25,-15,147,72,4
95,9,-8,24,-15,148,70,3
94,7,-9,24,-15,148,70,1
93,5,-9,24,-15,147,69,0
93,4,-8,24,-15,147,69,-1
94,3,-8,24,-15,147,70,-2
95,2,-9,24,-15,147,72,-3
96,0,-9,24,-15,147,72,-4
96,0,-8,24,-15,147,73,-4
96,0,-8,24,-15,147,72,-4
96,1,-9,24,-15,147,72,-3
96,0,-10,23,-15,148,72,-4
97,0,-10,22,-15,148,73,-6
98,-2,-10,23,-15,147,74,-7
98,-3,-9,24,-15,146,74,-8
98,-2,-9,24,-15,146,74,-7
97,0,-8,24,-15,146,73,-6
97,0,-9,24,-15,147,73,-6
97,0,-9,24,-15,146,73,-6
97,0,-9,25,-15,144,73,-6
97,0,-9,25,-15,144,73,-4
96,0,-10,25,-15,144,72,-7
95,2,-10,25,-15,144,70,-4
94,3,-10,25,-15,143,70,-3
95,5,-9,26,-16,142,72,0
96,7,-7,27,-15,143,72,1
97,8,-5,27,-15,144,73,2
97,10,-4,27,-15,144,73,3
96,13,-5,28,-15,144,72,7
96,16,-6,28,-15,143,69,9
96,19,-7,28,-15,142,69,12
97,22,-6,28,-14,142,70,14
97,24,-4,28,-13,143,70,17
97,26,-3,28,-14,144,73,18
98,28,-4,28,-15,144,74,20
99,30,-3,28,-15,144,72,23
99,33,-3,30,-15,143,73,24
100,35,-2,32,-16,142,73,26
101,37,-3,32,-16,142,73,29
102,40,-2,32,-15,142,75,31
103,43,-2,31,-14,143,75,36
104,45,0,31,-13,143,76,37
103,46,0,32,-14,142,75,40
103,48,0,32,-15,142,75,41
104,50,0,33,-16,142,76,42
105,52,1,34,-16,142,76,43
107,53,2,34,-15,142,79,45
108,53,2,34,-15,142,80,45
109,53,1,34,-15,142,81,46
109,54,1,34,-16,142,81,46
109,56,1,34,-15,142,81,47
109,57,2,34,-15,142,80,48
109,58,2,33,-15,142,80,50
109,57,1,34,-15,142,80,50
109,58,0,35,-15,142,79,50
110,60,0,36,-15,142,79,51
111,61,-1,37,-15,142,80,51
111,61,-1,38,-15,142,78,50
110,60,-1,37,-15,142,76,50
109,60,-1,37,-15,142,79,50
110,60,-1,37,-15,142,80,50
112,59,-1,37,-15,142,81,48
112,57,-1,37,-15,142,79,47
111,55,-1,37,-15,142,80,45
110,54,-1,37,-15,142,79,43
109,54,-1,37,-15,142,79,43
109,54,-1,37,-15,143,79,43
109,54,-1,37,-15,143,79,43
109,54,-1,37,-15,142,79,43
109,54,0,38,-15,142,79,43
110,54,-1,37,-15,142,79,43
110,53,-2,36,-15,143,80,43
109,52,-3,35,-15,144,79,42
107,51,-3,35,-15,144,76,41
105,49,-3,36,-15,144,75,40
104,47,-2,36,-15,143,74,37
103,45,-3,36,-15,144,74,35
104,44,-3,35,-15,144,74,35
104,45,-3,35,-15,144,74,36
103,45,-4,35,-15,145,74,36
102,44,-4,34,-15,145,73,35
101,42,-5,34,-15,146,72,32
101,39,-5,34,-15,145,72,30
102,38,-5,34,-15,145,73,29
102,38,-4,34,-15,145,73,29
102,38,-5,34,-15,144,73,29
101,38,-5,34,-15,144,72,29
101,36,-5,34,-15,143,72,28
101,34,-5,34,-15,144,72,25
101,32,-5,34,-15,145,72,24
101,31,-5,34,-15,145,72,23
100,31,-4,34,-15,145,70,23
100,31,-4,33,-15,144,70,23
100,31,-3,33,-15,144,70,23
100,32,-3,33,-15,144,70,23
101,31,-4,33,-15,144,72,23
100,31,-3,33,-15,144,70,23
100,31,-3,32,-15,144,73,23
100,31,-2,31,-15,144,73,23
100,31,-2,31,-15,143,73,25
100,31,-1,31,-15,142,73,25
100,32,-1,31,-15,142,73,25
100,32,-1,31,-15,142,73,26
98,34,-2,31,-15,143,72,28
97,35,-2,31,-15,143,70,29
97,36,-1,31,-15,142,70,30
99,36,0,31,-14,142,72,30
101,37,0,32,-14,142,73,31
102,38,0,34,-14,142,73,31
102,38,-1,36,-15,142,73,29
102,38,-1,36,-15,142,73,30
102,40,0,34,-15,142,73,32
103,43,0,32,-14,142,75,36
104,45,1,32,-12,142,76,37
104,45,1,34,-11,142,76,39
104,45,0,35,-11,142,74,37
104,45,0,36,-12,142,74,37
104,45,0,36,-12,142,74,37
104,45,0,36,-12,142,74,37
103,45,0,36,-11,142,74,37
103,45,0,37,-12,142,74,35
103,45,-1,38,-12,142,72,35
103,45,-1,37,-12,142,72,35
103,45,-1,37,-11,142,72,35
103,45,-1,37,-10,142,74,35
103,45,-1,37,-10,142,74,35
103,45,-1,38,-11,142,72,35
104,45,-1,37,-11,142,74,35
104,45,-2,36,-11,142,74,35
104,45,-3,35,-10,142,74,35
103,45,-3,35,-10,142,74,35
103,45,-3,35,-11,142,74,36
104,45,-3,35,-12,142,74,35
104,43,-4,34,-13,142,74,34
104,41,-5,34,-12,142,74,32
104,40,-5,34,-11,142,75,31
105,39,-5,34,-10,142,75,30
105,38,-4,34,-10,142,75,29
105,36,-4,34,-11,142,75,28
104,34,-5,34,-12,142,75,25
104,33,-5,34,-12,142,74,25
104,34,-5,34,-13,142,74,25
104,34,-5,34,-13,142,74,25
105,33,-5,34,-12,142,75,24
107,31,-5,34,-12,142,76,23
107,30,-5,34,-11,142,76,21
106,28,-5,34,-11,142,76,20
104,28,-5,34,-12,142,74,20
103,27,-5,34,-13,142,73,19
102,27,-5,34,-12,142,73,19
103,27,-5,34,-11,142,73,19
104,26,-5,34,-10,142,74,18
104,24,-5,34,-10,142,75,17
105,23,-5,34,-10,142,75,15
105,23,-5,34,-11,142,75,15
105,23,-5,34,-11,142,75,15
105,23,-4,33,-10,142,75,15
105,23,-2,32,-10,142,78,15
104,24,-2,31,-10,142,78,19
104,26,-1,30,-10,142,76,20
103,27,-1,30,-10,142,75,21
102,27,-1,31,-10,142,75,21
102,27,-1,31,-10,142,75,21
102,27,-1,31,-10,142,75,21
103,29,-1,30,-10,142,76,24
104,32,-1,30,-10,142,76,25
104,34,-1,31,-10,142,76,28
104,36,0,31,-10,142,76,29
102,37,0,32,-10,142,75,30
102,38,0,32,-10,142,74,31
103,39,1,33,-10,142,75,32
105,40,1,34,-10,142,78,34
105,42,2,34,-10,142,78,35
104,44,1,34,-10,142,76,37
103,45,1,34,-10,142,75,37
103,45,1,34,-10,141,75,37
105,45,1,34,-10,140,78,39
106,46,2,34,-10,139,79,39
107,48,1,34,-10,140,79,41
106,50,0,35,-10,141,76,43
105,51,0,35,-10,142,75,43
105,51,0,35,-10,142,75,43
104,51,1,34,-10,140,76,43
105,51,1,34,-10,139,78,43
107,52,1,34,-10,139,79,45
108,53,1,34,-10,139,80,46
110,52,1,34,-10,138,81,45
110,51,1,34,-10,137,81,43
108,49,1,34,-11,137,80,42
107,49,1,34,-10,138,79,41
107,48,1,34,-10,140,79,41
107,47,1,34,-10,142,79,40
106,47,2,34,-10,143,79,40
104,46,1,34,-10,143,76,39
104,45,1,34,-10,142,76,37
104,43,1,34,-10,140,76,36
105,42,2,34,-10,140,78,35
105,40,2,34,-10,141,78,34
103,39,1,34,-10,142,75,32
103,37,0,33,-10,142,75,30
102,34,0,31,-10,142,75,28
102,31,-1,31,-10,142,74,25
101,28,-2,30,-10,142,74,21
100,25,-1,30,-10,142,73,20
100,23,-1,30,-10,142,73,18
100,22,-1,30,-10,142,73,17
100,20,-1,31,-10,142,73,14
99,17,-1,31,-10,142,73,13
99,15,-1,30,-10,142,73,10
99,14,-2,29,-10,142,72,9
98,13,-4,28,-10,142,74,7
97,12,-5,27,-10,142,73,6
96,10,-5,27,-10,142,72,3
97,8,-5,27,-10,142,73,2
97,7,-5,27,-10,142,73,2
97,8,-5,27,-10,142,73,2
97,9,-5,27,-10,142,73,3
97,9,-5,27,-10,142,73,2
97,8,-5,27,-10,142,73,2
98,7,-5,27,-10,142,74,1
98,6,-5,27,-10,142,74,1
97,7,-5,27,-10,142,73,1
97,8,-5,28,-10,142,73,2
97,10,-5,27,-10,142,73,4
98,13,-5,27,-10,142,74,6
99,14,-5,27,-10,142,75,8
99,15,-4,27,-10,142,74,8
97,16,-4,28,-11,142,70,9
97,18,-4,29,-10,142,70,10
98,19,-5,30,-10,142,72,12
100,20,-5,31,-10,142,73,13
101,20,-5,32,-11,142,72,13
101,21,-5,34,-11,142,73,13
101,22,-4,35,-10,142,72,14
99,23,-5,34,-9,142,69,15
98,24,-5,34,-7,141,69,17
98,25,-5,34,-7,140,69,18
100,26,-5,34,-8,140,70,18
102,26,-5,34,-9,141,73,19
102,27,-5,34,-9,140,73,19
102,27,-5,34,-9,139,73,19
101,27,-5,34,-9,137,72,19
101,26,-5,34,-9,137,72,19
101,26,-5,34,-8,138,72,18
100,25,-4,34,-7,139,70,18
99,25,-3,32,-6,139,70,17
99,25,-3,32,-6,137,73,18
100,26,-3,32,-6,137,73,18
100,25,-3,32,-6,137,70,18
100,24,-3,33,-6,137,70,17
100,21,-3,32,-6,137,73,14
101,21,-3,32,-6,137,74,13
101,20,-2,32,-6,137,74,13
100,20,-2,32,-6,137,73,13
98,19,-3,32,-6,137,72,12
97,18,-3,32,-6,137,70,10
96,18,-3,32,-6,137,70,10
97,18,-3,32,-6,137,70,10
97,18,-3,32,-6,137,70,10
97,18,-3,32,-6,137,70,10
97,18,-3,32,-6,137,70,10
97,18,-3,32,-6,137,70,10
97,18,-2,31,-6,137,70,10
97,16,-2,31,-6,137,70,12
98,15,-1,30,-6,137,72,10
98,15,-1,30,-6,137,72,10
98,15,-2,31,-6,137,72,10
99,14,-2,31,-6,137,72,10
99,14,-1,30,-6,137,73,9
99,14,-1,30,-6,135,73,9
99,14,-2,31,-6,133,72,10
98,15,-2,32,-6,133,72,8
98,15,-3,32,-6,133,72,8
99,14,-2,32,-6,134,73,8
100,14,-2,31,-6,133,73,9
100,14,-1,30,-6,132,73,9
99,14,-1,30,-6,132,73,9
99,14,-1,31,-6,133,73,9
99,14,-1,30,-6,134,73,9
101,14,-2,31,-6,133,74,10
102,16,-3,32,-6,133,75,9
104,16,-3,33,-6,133,74,9
104,16,-3,33,-6,134,75,9
104,17,-3,32,-6,133,76,9
103,18,-3,31,-6,133,75,10
101,19,-3,30,-6,132,74,12
101,21,-4,30,-6,132,74,13
102,21,-3,29,-6,132,75,14
104,22,-3,29,-6,132,76,15
105,22,-2,29,-6,132,78,18
105,23,-2,31,-6,132,78,18
104,25,-2,32,-6,132,78,17
104,26,-3,32,-7,132,76,18
103,27,-5,31,-7,132,75,19
103,28,-6,30,-6,132,75,20
102,29,-6,30,-5,132,75,20
101,30,-4,31,-3,132,74,21
100,31,-2,31,-3,132,73,23
100,32,-1,31,-3,132,73,26
101,32,-1,31,-5,132,74,26
102,32,-1,30,-5,132,75,26
103,32,-2,31,-5,132,75,26
103,33,-2,31,-3,132,76,28
104,35,-1,31,-2,132,76,29
103,37,-2,31,-1,132,75,30
102,38,-2,31,-1,132,75,31
101,38,-1,30,-2,132,74,31
102,38,-1,30,-2,132,74,31
102,38,-2,31,-2,132,74,31
102,38,-2,31,-1,132,75,29
102,38,-3,32,-1,132,74,29
102,38,-3,33,-2,132,73,29
101,38,-4,33,-2,132,72,30
102,38,-4,33,-2,132,73,29
103,37,-3,32,-1,132,75,28
103,35,-3,32,-1,131,76,26
103,34,-3,32,-2,132,75,25
102,32,-4,33,-2,133,73,24
101,30,-5,34,-3,136,72,21
102,28,-5,34,-4,137,73,20
102,27,-5,34,-5,137,73,19
103,27,-5,34,-6,137,74,19
103,28,-5,33,-6,135,74,20
102,27,-6,33,-6,135,73,19
102,25,-7,32,-6,136,73,18
101,22,-7,31,-6,137,73,13
101,21,-8,31,-6,137,72,10
101,20,-7,32,-6,137,72,10
101,20,-6,32,-6,137,72,13
101,21,-5,32,-6,137,73,14
101,21,-4,32,-6,137,74,13
100,20,-6,31,-6,137,73,13
98,18,-7,32,-6,137,69,12
98,17,-7,33,-6,137,69,10
98,15,-7,33,-6,137,69,8
99,14,-7,32,-6,137,70,7
100,13,-7,32,-6,137,70,4
99,14,-8,31,-6,137,70,4
99,15,-7,29,-6,137,73,8
98,16,-6,28,-6,137,72,9
97,14,-4,28,-6,137,70,7
96,12,-3,30,-6,137,70,6
96,11,-4,32,-6,137,69,4
95,11,-6,33,-6,137,67,4
94,12,-6,34,-6,137,65,6
94,13,-5,34,-6,137,65,6
94,13,-4,34,-6,137,65,6
95,14,-4,34,-6,137,67,7
95,15,-5,34,-6,137,67,8
95,17,-6,33,-6,137,67,9
94,18,-6,33,-6,137,65,10
93,16,-6,33,-6,137,64,9
93,15,-5,34,-6,137,64,8
93,14,-4,34,-6,137,65,7
95,14,-4,34,-6,138,67,8
96,16,-5,34,-6,139,68,9
97,18,-5,34,-6,138,68,10
97,18,-5,34,-6,138,68,12
97,18,-4,34,-6,138,68,12
97,18,-5,34,-6,138,68,10
97,18,-5,34,-6,139,68,10
97,17,-5,34,-6,139,68,10
98,16,-5,34,-6,139,69,9
98,15,-5,34,-6,138,69,8
98,16,-5,34,-6,137,69,9
97,17,-5,34,-6,138,68,10
97,18,-5,34,-6,139,68,10
97,18,-5,34,-6,140,68,10
97,18,-5,34,-6,139,68,10
97,18,-5,34,-6,138,68,10
97,18,-5,34,-6,138,68,10
97,18,-4,34,-6,138,68,10
97,18,-5,34,-6,138,68,10
97,18,-5,34,-6,138,68,10
97,18,-5,34,-6,138,68,10
97,18,-4,34,-6,138,68,10
97,18,-4,34,-6,138,68,10
97,18,-5,34,-6,138,68,10
97,18,-6,33,-6,138,68,10
97,18,-7,32,-6,138,68,10
97,18,-7,32,-6,140,68,10
97,18,-6,33,-6,140,68,10
97,18,-5,34,-6,141,68,10
97,18,-6,33,-6,141,68,10
97,18,-7,32,-6,140,68,10
97,18,-7,32,-6,138,68,10
97,18,-6,32,-6,137,68,10
97,18,-5,33,-6,138,68,10
97,18,-6,33,-6,140,68,10
97,18,-7,32,-6,142,68,10
97,18,-7,31,-6,140,68,8
97,18,-7,32,-6,139,68,10
96,18,-6,33,-7,139,68,10
96,19,-5,34,-7,140,68,12
96,22,-6,33,-7,140,68,14
97,24,-7,32,-7,140,69,17
98,25,-7,32,-7,139,69,15
99,25,-7,33,-7,139,69,18
98,25,-6,33,-7,141,69,17
98,24,-4,32,-8,142,72,17
98,25,-3,31,-9,142,72,17
100,25,-3,31,-8,141,73,18
101,27,-2,32,-8,140,74,19
102,27,-2,32,-7,140,75,19
103,28,-2,31,-9,142,75,21
103,27,-1,30,-10,142,75,21
103,27,-1,30,-11,142,75,21
102,28,-1,31,-11,142,75,21
102,29,-2,31,-10,142,75,23
102,28,-2,31,-10,142,74,23
102,28,-1,30,-10,142,74,23
102,28,-1,31,-10,142,75,21
104,29,-1,31,-11,142,76,24
104,32,-2,31,-11,142,76,26
104,34,-1,30,-10,142,76,28
103,34,-1,30,-10,142,76,28
101,32,-1,31,-8,142,74,26
100,31,-1,32,-8,142,73,25
100,31,-1,33,-8,142,73,25
100,31,-2,33,-10,142,73,23
100,31,-1,33,-10,142,73,25
101,32,0,33,-9,142,74,26
101,32,1,33,-7,142,74,26
102,32,2,34,-6,142,75,26
103,32,2,34,-7,142,76,26
105,31,1,34,-8,142,78,25
106,31,1,34,-9,142,78,25
105,32,1,33,-10,142,78,26
105,33,0,32,-10,142,78,28
104,33,0,32,-10,142,76,28
105,33,-1,31,-9,142,78,26
105,32,-1,31,-9,142,78,26
105,33,0,31,-9,142,78,26
105,34,0,32,-10,142,78,28
104,34,0,32,-11,142,76,28
103,33,0,32,-10,142,75,28
103,33,0,31,-9,142,75,28
103,33,-1,31,-9,142,75,28
104,33,-1,31,-9,142,76,28
105,34,-1,31,-10,142,78,28
105,34,0,32,-10,142,78,28
104,34,0,32,-10,142,76,28
103,35,1,33,-9,142,76,29
103,35,1,34,-9,142,76,29
105,36,2,34,-10,142,78,30
106,37,2,34,-11,142,79,31
107,39,1,34,-11,142,79,32
107,41,1,34,-10,142,79,34
106,41,1,34,-10,142,78,34
106,41,2,34,-10,142,78,34
106,40,1,34,-10,142,79,34
106,40,1,34,-10,142,79,34
106,41,1,34,-10,142,78,34
107,43,1,34,-10,142,79,36
107,45,1,34,-10,142,79,39
108,47,2,33,-10,143,80,40
108,48,1,34,-10,144,80,41
108,47,0,35,-10,144,78,40
108,47,0,36,-10,144,78,40
108,47,-1,37,-10,143,78,37
108,47,-1,38,-10,142,75,37
107,47,-1,37,-10,142,75,37
107,48,-1,37,-10,142,76,39
107,49,-1,37,-10,142,76,40
107,48,-1,37,-10,142,76,39
107,47,-1,37,-10,142,75,37
108,47,-1,37,-10,142,78,37
108,47,-1,37,-10,142,78,37
108,47,-1,37,-10,142,78,37
108,47,-1,37,-10,142,78,37
108,47,-1,37,-10,142,78,37
108,47,-1,37,-10,142,78,37
108,47,-1,37,-10,142,78,37
108,47,-1,37,-10,142,78,37
108,46,-1,37,-10,142,78,36
108,45,-1,37,-10,142,78,35
106,43,-1,37,-10,142,76,34
105,43,-1,37,-10,142,75,34
104,42,-1,37,-10,142,75,34
105,42,-1,37,-10,142,75,32
106,41,-1,37,-10,142,76,31
106,40,-1,37,-10,142,76,31
106,40,-1,37,-10,142,76,31
106,41,-1,37,-10,142,75,31
106,40,-1,37,-10,142,76,31
106,40,-1,37,-10,142,76,31
106,41,-1,37,-10,142,74,31
105,41,-1,37,-10,142,75,32
105,42,-1,37,-10,142,75,34
105,43,-1,37,-10,142,75,34
105,44,-1,37,-10,143,73,35
105,46,-1,37,-10,143,73,36
106,46,-1,37,-10,144,76,37
107,46,0,36,-10,144,76,40
107,47,0,36,-10,144,78,40
107,48,0,36,-10,145,76,41
106,50,-1,37,-10,146,76,40
107,52,-1,37,-10,146,76,42
108,54,-1,37,-11,146,78,43
108,55,0,36,-13,145,78,47
108,57,0,35,-13,144,78,48
107,58,1,35,-13,144,76,50
107,58,1,34,-11,145,79,50
107,58,1,34,-10,147,79,50
107,58,1,34,-10,148,79,50
108,58,2,34,-10,147,80,51
108,60,2,35,-10,147,80,52
108,63,3,35,-10,147,78,54
108,64,3,35,-10,147,80,56
108,65,2,34,-10,147,80,57
108,65,1,34,-10,147,80,57
109,65,2,34,-10,147,80,56
108,65,3,36,-10,147,78,56
108,65,3,36,-10,147,78,56
108,65,3,35,-11,147,80,56
108,65,2,34,-12,147,80,56
108,65,3,35,-12,147,80,56
108,65,4,36,-12,147,78,56
108,65,5,37,-12,147,78,58
108,65,5,37,-12,147,78,58
108,65,4,36,-13,147,78,56
108,65,3,35,-13,147,80,56
108,65,3,35,-12,147,80,56
108,65,4,36,-10,147,78,56
109,65,5,37,-10,147,78,58
109,64,4,36,-10,147,79,57
109,63,3,36,-10,147,79,54
109,64,3,35,-10,147,80,54
109,63,3,35,-11,147,81,54
110,62,3,35,-12,147,81,53
111,61,4,36,-12,147,80,52
111,60,4,36,-12,147,80,52
111,61,4,36,-10,147,80,52
111,61,3,35,-10,147,83,52
111,61,2,34,-11,147,83,52
111,61,1,33,-14,147,83,52
111,61,1,34,-15,147,83,52
111,61,2,34,-16,147,83,53
111,61,2,34,-15,147,83,52
111,59,2,34,-15,148,83,51
110,56,1,34,-15,148,81,48
109,54,1,34,-15,147,81,46
109,53,1,34,-15,147,81,46
109,54,1,34,-15,148,81,46
109,54,1,34,-15,149,81,46
110,54,1,34,-15,151,81,46
110,53,1,34,-13,152,81,45
109,52,1,34,-11,152,81,45
108,50,2,34,-11,152,80,42
107,48,1,34,-13,152,79,41
106,46,1,34,-15,152,78,39
105,44,1,34,-15,152,78,37
105,43,2,34,-15,152,78,36
105,43,2,34,-15,152,78,36
106,42,1,34,-15,152,78,35
106,39,0,32,-15,152,79,32
107,36,0,32,-15,152,79,30
106,35,0,31,-15,152,79,29
104,34,0,32,-15,152,76,28
104,34,0,31,-15,152,76,28
103,33,-1,31,-15,152,75,28
103,31,-2,31,-15,152,75,25
102,29,-2,31,-15,152,75,23
101,27,-1,31,-15,152,74,21
100,25,-1,30,-15,152,73,19
100,23,-3,30,-15,152,73,15
101,22,-5,29,-15,152,74,14
101,21,-7,30,-15,152,74,13
100,20,-8,30,-15,152,73,10
98,19,-9,31,-15,152,69,9
98,17,-8,31,-15,152,69,8
98,15,-8,31,-15,152,69,6
99,14,-8,31,-15,152,70,4
100,14,-8,31,-15,152,70,4
100,14,-8,31,-15,152,70,4
99,14,-8,31,-15,152,70,4
99,14,-8,31,-15,152,70,4
99,14,-8,31,-15,152,70,4
99,14,-8,31,-15,152,70,4
99,14,-8,31,-15,152,70,4
99,14,-8,31,-14,152,70,4
100,14,-8,31,-14,152,70,4
99,14,-8,31,-13,152,70,4
99,14,-8,31,-13,153,70,4
99,14,-8,31,-14,152,70,4
101,14,-8,31,-15,151,72,6
102,15,-8,30,-15,149,75,7
103,16,-7,29,-15,147,76,9
103,18,-7,29,-14,147,76,10
103,20,-7,30,-12,149,76,13
104,22,-8,31,-12,151,74,13
104,24,-8,31,-13,152,74,14
104,25,-8,29,-14,151,76,18
104,25,-6,28,-13,150,76,18
105,26,-4,28,-12,150,80,19
106,29,-2,29,-10,151,78,23
106,31,-1,30,-9,152,79,25
105,32,-1,31,-10,152,78,26
104,34,-1,31,-11,151,76,28
105,35,-2,31,-12,149,78,29
108,36,-1,30,-11,149,80,29
109,36,-1,31,-10,150,81,30
108,36,-2,31,-10,150,80,30
108,38,-2,30,-10,150,80,31
108,40,-1,30,-10,151,80,34
109,42,0,31,-10,151,81,35
110,43,0,33,-11,151,81,36
110,44,1,34,-12,151,83,37
109,45,0,35,-11,150,79,37
108,46,0,34,-11,151,78,39
108,46,0,34,-11,151,78,39
108,46,0,34,-12,152,78,39
108,46,0,35,-11,152,78,39
108,46,0,36,-10,152,78,40
108,46,0,36,-11,152,78,39
109,46,0,36,-14,152,79,39
110,45,0,35,-15,152,79,37
109,44,1,34,-14,153,81,37
108,44,1,34,-11,151,80,37
106,43,0,35,-10,150,76,36
105,42,0,36,-11,149,75,35
105,41,0,36,-12,149,75,34
106,40,0,36,-13,149,76,34
106,40,0,37,-13,148,76,31
106,40,-1,37,-12,148,76,31
106,40,-1,37,-12,149,76,31
106,40,0,36,-13,151,76,34
106,41,0,35,-14,152,76,34
106,41,1,35,-15,151,75,34
105,40,0,35,-15,149,75,34
105,38,-1,35,-15,148,75,30
105,36,-2,33,-13,148,75,28
105,35,-2,32,-13,149,78,26
105,34,-2,30,-14,150,78,28
104,34,-1,30,-15,151,76,28
104,34,-1,31,-15,150,76,28
104,34,-1,31,-14,149,76,28
104,34,-1,31,-13,149,76,28
104,34,-1,30,-13,150,76,28
104,34,-2,31,-14,152,76,28
104,34,-2,31,-15,153,76,25
104,35,-3,32,-15,153,76,26
103,36,-3,32,-14,152,74,26
103,36,-3,32,-13,151,75,28
102,37,-2,31,-13,150,75,29
102,38,-2,31,-14,151,74,31
102,38,-1,30,-14,152,74,31
102,38,-1,30,-15,152,74,31
102,38,-2,31,-15,152,74,31
102,38,-1,31,-15,152,74,31
102,38,-1,31,-15,152,74,31
102,38,-1,31,-15,152,74,31
102,38,-2,31,-13,152,74,31
101,39,-2,30,-11,152,74,32
101,40,-1,31,-11,152,74,34
100,40,0,32,-13,152,73,34
100,41,0,34,-15,152,73,34
99,42,0,36,-16,152,70,35
101,43,0,36,-15,152,72,36
102,44,-1,35,-14,152,73,35
104,45,-3,34,-14,152,74,36
104,45,-3,33,-13,152,74,36
102,44,-3,33,-12,151,72,35
101,43,-2,34,-11,151,72,34
101,42,-1,35,-10,150,72,32
104,41,0,36,-10,151,74,34
106,40,-1,37,-10,152,75,31
106,40,-2,36,-10,152,75,31
104,40,-3,36,-10,152,75,31
104,39,-4,35,-10,151,74,30
103,37,-4,33,-12,150,74,29
104,35,-3,32,-14,151,74,26
104,34,-3,32,-13,151,76,25
104,34,-2,32,-12,150,76,25
104,34,-1,31,-10,149,76,28
104,32,-1,30,-10,148,76,26
103,29,-1,30,-12,148,76,24
102,28,-1,31,-13,149,75,21
101,26,-1,31,-14,150,74,20
101,24,-2,31,-15,151,74,19
100,22,-2,29,-15,151,73,17
99,20,-4,28,-15,151,75,13
99,17,-5,27,-14,151,74,10
99,15,-5,27,-13,150,74,8
99,14,-5,27,-14,150,75,7
100,13,-5,27,-14,150,75,7
98,13,-5,27,-15,151,74,7
96,13,-5,27,-15,152,72,6
95,12,-5,27,-14,153,70,6
95,11,-5,27,-15,152,70,4
96,10,-5,27,-15,151,72,3
97,8,-5,27,-15,150,73,2
97,8,-5,27,-15,149,73,2
95,9,-5,27,-14,150,72,3
93,10,-5,27,-14,151,69,4
93,10,-5,27,-13,152,69,3
94,9,-5,27,-14,152,70,3
95,9,-5,27,-13,152,72,2
95,10,-5,27,-12,152,72,3
95,12,-5,27,-10,152,70,6
93,15,-5,27,-10,152,69,8
93,16,-6,28,-11,152,68,9
94,17,-7,29,-12,152,68,9
95,18,-7,29,-13,152,68,10
94,20,-6,29,-13,152,68,13
93,23,-6,28,-11,152,67,15
92,25,-6,28,-10,152,65,18
92,26,-6,28,-9,152,65,19
93,27,-6,28,-10,151,67,19
94,29,-4,28,-11,150,68,21
94,32,-4,28,-12,149,70,23
94,33,-3,28,-11,149,69,25
93,33,-3,29,-10,150,67,25
93,33,-3,29,-10,150,67,26
93,33,-3,29,-10,149,67,26
95,34,-3,28,-10,147,68,25
97,35,-4,27,-10,147,72,26
97,36,-5,27,-10,147,73,26
98,36,-5,27,-10,147,73,26
97,35,-4,27,-10,147,73,26
98,36,-3,28,-10,147,70,26
98,36,-3,29,-10,147,72,28
99,37,-2,29,-10,147,72,30
100,37,-3,29,-10,147,73,30
102,36,-2,29,-10,147,75,30
104,35,-2,30,-10,147,76,29
104,34,-1,31,-10,147,76,28
104,33,-1,31,-10,147,76,26
103,33,-1,31,-10,147,75,26
103,33,-1,30,-10,147,75,28
104,34,-1,30,-10,147,76,28
105,34,-1,31,-10,147,78,28
105,34,-1,30,-10,147,78,28
104,34,-1,30,-10,147,76,28
103,33,-1,30,-10,147,75,28
101,32,-1,30,-12,147,74,26
101,32,-1,30,-14,147,74,26
101,32,-1,30,-14,147,74,26
103,33,-1,30,-12,147,75,28
103,33,-1,31,-10,147,76,28
104,34,-1,31,-10,147,76,28
105,34,-2,31,-10,147,78,28
104,34,-1,30,-10,147,76,28
104,35,-1,30,-11,147,76,29
102,37,-1,31,-12,147,75,30
102,38,-1,32,-12,147,74,31
102,38,-1,33,-12,147,75,30
102,38,-2,34,-11,147,73,29
102,38,-3,35,-10,147,73,29
101,39,-2,36,-10,147,72,30
100,41,-1,37,-10,147,69,32
101,43,-1,38,-10,147,69,34
102,44,-1,38,-10,147,70,35
104,45,-1,37,-10,147,74,35
104,45,0,36,-10,147,74,37
103,46,0,35,-10,147,73,39
103,48,1,35,-10,147,73,41
104,50,0,35,-10,147,74,42
105,51,0,36,-10,147,75,43
107,53,-1,37,-10,147,76,42
108,54,-1,37,-9,147,78,45
107,57,0,36,-8,147,76,48
107,58,0,35,-9,147,76,50
108,59,1,34,-10,147,80,51
110,60,2,33,-10,147,81,52
110,61,1,34,-10,147,81,53
110,64,1,34,-10,147,81,56
110,65,1,34,-10,147,81,57
112,67,1,34,-10,147,83,58
112,67,1,34,-10,147,84,58
113,68,0,35,-10,147,81,58
112,68,0,35,-10,147,81,59
112,69,0,35,-10,147,80,59
112,70,1,34,-10,147,84,61
114,72,1,34,-9,147,85,63
115,74,2,34,-8,147,86,64
115,75,3,35,-9,147,86,65
114,75,3,35,-10,147,83,65
113,73,2,35,-10,147,84,64
112,71,2,34,-10,147,84,62
112,68,1,34,-10,147,83,59
112,67,1,34,-10,147,84,58
113,67,1,34,-10,147,84,58
113,68,2,34,-10,147,84,58
113,68,2,34,-10,147,84,59
112,67,1,34,-10,147,84,58
112,65,1,34,-10,147,84,57
112,63,1,34,-10,147,84,54
111,61,1,34,-10,147,83,52
111,60,2,34,-10,147,83,52
110,60,1,34,-10,147,81,52
109,59,1,34,-10,148,80,51
107,57,2,34,-10,148,79,50
107,55,2,34,-10,149,79,47
106,52,2,34,-10,148,79,45
107,50,1,33,-10,148,79,42
107,48,0,33,-10,148,79,41
106,47,0,32,-10,149,78,40
105,45,0,33,-10,148,78,39
105,43,0,32,-10,148,78,36
105,42,0,32,-10,147,78,35
104,40,-1,31,-10,147,76,34
104,39,-2,30,-10,147,76,32
103,36,-1,30,-10,147,75,30
102,35,-2,31,-10,148,75,29
102,33,-1,31,-10,148,75,28
102,32,-1,31,-10,149,75,26
102,30,-1,31,-10,149,75,24
102,29,-1,30,-10,148,75,23
102,27,-3,30,-10,149,75,19
103,27,-4,30,-10,150,75,19
103,27,-5,30,-10,151,75,19
103,27,-5,29,-10,151,75,19
103,27,-4,29,-10,150,75,19
102,27,-3,28,-10,150,78,19
103,27,-4,28,-10,150,78,19
102,27,-4,27,-10,150,78,19
102,27,-5,27,-10,150,78,19
102,27,-5,27,-10,150,78,19
102,27,-5,27,-10,150,78,19
103,27,-5,27,-10,151,78,19
103,27,-5,27,-10,151,78,19
102,27,-4,28,-10,152,78,19
102,27,-2,29,-10,152,75,21
103,27,-1,30,-10,152,75,21
104,28,-1,31,-10,151,76,21
106,28,-1,31,-10,151,79,23
107,30,-1,30,-10,150,79,24
107,31,-1,30,-10,151,79,25
105,33,-1,30,-10,151,78,26
104,34,-1,31,-10,152,76,28
104,34,-2,31,-10,152,76,28
104,34,-1,30,-10,152,76,28
104,34,-1,30,-10,152,76,28
104,34,-1,30,-10,152,76,28
104,34,-2,31,-10,152,76,28
104,33,-2,32,-11,152,76,25
104,34,-3,32,-12,152,76,26
103,36,-2,32,-11,152,76,28
103,37,-3,32,-10,152,75,28
103,36,-3,33,-10,152,73,28
103,36,-5,34,-10,152,74,26
102,35,-5,34,-10,152,73,26
101,35,-5,34,-10,152,72,26
101,35,-5,34,-10,152,72,26
101,34,-5,34,-10,152,72,26
102,33,-4,34,-10,152,73,24
102,32,-5,34,-10,152,73,24
100,32,-5,34,-10,152,70,23
100,31,-5,34,-10,152,70,23
101,30,-4,34,-10,152,72,21
102,28,-3,33,-10,152,73,20
103,27,-2,31,-10,152,75,19
101,26,-3,30,-10,152,74,18
100,25,-5,29,-10,152,73,18
99,24,-6,28,-10,152,73,17
100,21,-7,28,-10,152,73,14
102,19,-5,28,-10,152,76,12
102,17,-5,27,-10,152,76,9
101,14,-5,27,-10,152,76,8
100,13,-5,27,-11,152,75,7
100,12,-5,27,-12,152,75,6
101,11,-5,28,-11,152,76,4
102,10,-5,27,-10,152,78,3
101,9,-5,27,-10,152,76,3
99,8,-5,27,-10,152,75,2
99,6,-5,27,-11,152,74,1
99,4,-4,27,-12,152,75,-1
99,2,-5,27,-11,152,74,-3
97,1,-6,26,-10,152,73,-3
96,0,-8,25,-10,152,72,-4
96,0,-8,24,-10,152,72,-4
97,0,-9,24,-11,152,73,-6
98,-1,-9,24,-13,152,74,-7
99,-3,-9,24,-13,152,74,-8
97,-4,-9,24,-12,152,74,-9
96,-5,-8,24,-12,152,72,-9
94,-5,-8,23,-12,152,70,-10
94,-5,-7,22,-12,152,73,-10
93,-6,-8,23,-11,152,70,-10
93,-6,-8,24,-10,152,70,-10
93,-6,-9,24,-10,152,69,-10
93,-6,-9,24,-10,152,69,-10
93,-6,-9,24,-11,152,69,-10
92,-7,-9,24,-12,152,68,-12
90,-8,-9,24,-11,152,67,-13
90,-8,-9,24,-10,152,67,-13
90,-8,-9,24,-10,152,67,-13
90,-8,-9,24,-11,152,67,-13
90,-8,-9,24,-12,152,67,-13
90,-8,-9,24,-12,152,67,-13
90,-8,-9,24,-12,152,67,-13
90,-8,-9,24,-11,152,67,-13
90,-8,-9,24,-12,152,67,-13
90,-8,-9,24,-12,152,67,-13
90,-8,-9,24,-12,152,67,-13
90,-9,-9,24,-11,152,67,-14
91,-10,-9,24,-11,152,68,-14
92,-10,-9,24,-11,152,68,-15
92,-11,-9,24,-12,152,69,-15
93,-12,-9,24,-12,152,69,-17
93,-12,-9,24,-12,152,69,-17
93,-12,-9,24,-12,152,69,-17
93,-12,-9,24,-12,152,69,-17
93,-12,-9,24,-12,152,69,-17
93,-12,-9,24,-11,152,69,-17
93,-12,-9,24,-11,152,69,-17
93,-12,-9,24,-12,152,69,-17
93,-12,-9,24,-13,152,69,-17
92,-12,-9,24,-15,152,69,-17
93,-12,-8,24,-15,152,69,-17
94,-12,-8,24,-15,152,70,-17
95,-10,-9,24,-15,152,72,-15
95,-9,-9,24,-15,152,72,-14
94,-8,-9,24,-15,152,70,-13
94,-7,-8,24,-15,152,70,-12
95,-7,-7,25,-15,152,72,-12
95,-7,-7,25,-14,152,72,-12
95,-6,-7,25,-14,152,72,-10
94,-5,-8,24,-13,152,70,-10
94,-5,-9,24,-14,151,70,-10
94,-5,-9,24,-14,150,70,-10
95,-6,-9,24,-15,151,72,-10
94,-5,-8,24,-15,152,70,-10
93,-4,-7,25,-15,152,70,-9
93,-2,-7,25,-14,152,69,-8
93,0,-7,25,-14,152,69,-6
93,0,-8,24,-13,152,69,-6
93,-1,-9,23,-13,152,69,-6
93,-1,-9,24,-13,152,69,-7
91,-1,-7,25,-14,152,68,-6
91,0,-6,26,-13,152,68,-6
91,0,-6,26,-13,152,68,-6
91,0,-7,25,-13,152,68,-6
91,-1,-8,24,-14,152,68,-6
92,-1,-9,24,-14,152,68,-7
92,-1,-9,24,-14,152,69,-7
92,-1,-8,24,-14,152,69,-7
92,-1,-8,24,-14,152,68,-7
90,-2,-8,24,-14,152,67,-7
89,-3,-9,24,-14,152,65,-8
88,-5,-9,24,-12,152,65,-10
89,-7,-9,24,-11,152,65,-12
90,-7,-9,24,-12,152,67,-12
90,-8,-9,24,-13,152,67,-13
90,-10,-8,24,-13,152,67,-14
89,-13,-9,24,-11,152,65,-17
87,-15,-9,24,-10,152,64,-19
86,-16,-9,24,-10,152,64,-20
87,-18,-8,24,-10,152,64,-21
87,-19,-8,24,-10,152,64,-23
87,-21,-9,24,-10,152,64,-25
86,-22,-10,23,-10,152,63,-26
84,-23,-11,22,-10,152,62,-29
83,-24,-11,21,-10,152,61,-29
82,-24,-11,22,-10,152,59,-29
82,-24,-10,22,-10,152,59,-28
83,-25,-10,22,-10,152,61,-29
83,-28,-11,21,-10,152,61,-32
82,-29,-12,21,-10,151,62,-35
82,-31,-12,21,-10,151,62,-36
81,-30,-12,21,-10,151,62,-35
82,-29,-12,21,-10,150,62,-35
83,-29,-12,21,-10,150,63,-34
84,-28,-12,21,-10,149,64,-34
84,-28,-12,21,-10,149,64,-34
84,-28,-12,21,-10,151,64,-34
85,-28,-12,21,-10,151,64,-34
85,-28,-12,21,-10,151,65,-34
86,-28,-12,21,-10,149,65,-34
85,-28,-12,21,-10,147,64,-34
84,-27,-12,21,-10,147,64,-32
85,-24,-12,21,-10,147,64,-30
86,-22,-12,20,-10,147,65,-28
87,-21,-12,21,-10,147,67,-28
87,-21,-11,21,-10,147,64,-28
86,-20,-10,23,-10,147,63,-24
85,-17,-9,24,-10,147,63,-20
86,-13,-8,24,-10,147,63,-17
87,-9,-8,24,-10,147,64,-14
88,-7,-9,24,-10,147,65,-12
89,-5,-9,24,-10,147,65,-10
89,-3,-9,24,-10,147,65,-8
90,-1,-8,24,-10,147,67,-6
91,1,-7,25,-10,147,68,-3
93,4,-6,26,-9,147,69,-1
94,7,-5,27,-8,147,70,1
94,10,-4,27,-9,147,70,3
95,13,-5,27,-10,147,70,6
95,15,-5,27,-11,147,70,8
95,17,-5,27,-10,147,72,10
97,18,-4,28,-9,147,73,10
97,20,-3,28,-7,147,70,13
98,22,-3,29,-7,147,72,14
100,25,-2,30,-7,147,73,20
101,28,-1,30,-7,147,74,23
101,30,-1,31,-6,147,74,24
100,31,-1,30,-5,147,73,25
101,31,-2,30,-5,145,74,25
101,32,-1,31,-5,144,74,26
102,34,0,32,-6,142,75,28
103,37,0,32,-6,141,75,30
102,38,0,33,-6,142,75,31
101,38,0,33,-5,144,74,31
101,38,1,33,-5,145,74,31
102,38,0,33,-5,145,74,31
103,39,0,33,-5,144,75,32
105,40,1,33,-5,144,78,34
106,41,1,32,-5,144,78,34
106,41,1,31,-5,145,79,34
106,41,0,31,-5,144,78,34
106,41,0,31,-5,144,78,34
106,41,0,32,-5,144,78,34
106,41,1,34,-5,144,78,34
106,41,2,34,-5,144,78,34
106,41,1,34,-5,145,78,34
106,40,0,33,-5,146,78,34
105,40,0,31,-5,146,78,34
104,40,-1,30,-5,145,76,34
105,40,-2,30,-5,145,78,34
104,40,-3,32,-5,145,76,31
103,39,-3,33,-5,146,74,30
102,38,-3,33,-5,147,73,29
101,38,-3,32,-5,147,74,29
102,38,-2,31,-5,146,74,31
102,39,-1,30,-5,145,74,32
102,38,-1,30,-5,145,75,31
102,37,-2,31,-5,145,75,30
104,35,-2,31,-5,147,76,29
104,34,-2,31,-5,147,76,28
104,34,-1,30,-5,147,76,28
105,34,-1,31,-5,145,78,28
104,34,-2,31,-5,145,76,28
104,32,-1,30,-5,145,76,26
103,29,-1,30,-5,146,76,24
103,27,-1,31,-5,146,75,21
102,27,-1,31,-5,145,75,21
102,27,-2,31,-5,144,75,21
103,27,-3,29,-5,143,75,21
103,26,-3,27,-5,144,78,20
104,24,-2,27,-5,144,79,19
105,23,-2,28,-5,143,80,18
106,23,-3,29,-5,143,79,18
105,23,-3,29,-5,143,78,15
104,22,-4,28,-5,143,79,15
102,21,-4,28,-5,143,78,14
101,20,-4,28,-5,143,76,13
102,21,-3,28,-5,143,78,13
102,21,-3,29,-5,144,75,14
103,23,-3,29,-5,143,75,18
102,25,-2,30,-5,142,75,20
102,27,-1,31,-6,142,75,21
103,28,-1,31,-6,141,75,21
103,27,-1,30,-6,142,75,21
103,27,-1,30,-6,142,75,21
103,27,-1,30,-6,142,75,21
102,28,-1,31,-6,142,74,23
101,30,-1,30,-6,142,74,24
100,32,-1,30,-5,142,73,25
101,32,-1,31,-5,143,74,26
103,33,-1,31,-5,144,76,28
104,34,-1,31,-5,143,76,28
104,35,-1,30,-5,142,76,29
103,37,-1,30,-6,142,75,30
102,38,-1,31,-6,142,74,31
101,38,0,31,-6,142,74,31
102,38,0,32,-6,142,74,31
102,38,0,32,-5,142,74,31
102,38,1,33,-5,143,74,31
102,38,1,33,-5,144,74,31
102,38,1,33,-5,143,74,31
102,38,0,32,-5,143,74,31
102,38,0,32,-5,143,74,31
102,38,0,31,-5,144,74,31
102,38,-1,31,-5,143,74,31
102,38,-1,30,-5,142,74,31
102,38,-1,30,-6,142,74,31
101,38,-1,30,-6,142,74,31
102,38,-1,31,-6,142,74,31
103,37,-1,31,-6,142,75,30
104,35,-1,31,-6,142,76,29
104,34,-2,30,-6,142,76,28
104,33,-2,29,-6,142,76,26
101,32,-3,29,-5,142,74,24
100,32,-2,29,-4,142,73,25
100,31,-2,30,-4,142,73,25
100,31,-1,31,-4,142,73,25
101,31,-1,31,-5,143,74,25
100,32,-1,31,-6,144,73,25
100,31,-1,30,-6,143,73,25
100,31,-2,29,-5,142,73,25
100,31,-4,28,-6,142,75,23
100,31,-5,27,-6,142,75,23
100,31,-5,27,-6,142,75,23
100,31,-5,27,-5,142,75,23
101,31,-5,27,-4,142,75,23
101,31,-5,27,-4,142,75,23
100,31,-5,27,-4,142,75,23
99,31,-5,27,-6,142,74,23
98,31,-5,27,-6,142,74,23
98,30,-5,27,-6,142,73,21
98,28,-3,28,-4,142,72,20
98,26,-3,29,-3,142,72,20
97,26,-3,29,-3,142,70,19
97,27,-3,28,-4,142,70,19
97,27,-3,28,-5,142,73,19
97,26,-3,29,-5,142,70,19
99,25,-1,30,-4,142,72,19
99,24,-1,31,-4,142,72,19
99,25,-1,31,-5,142,72,19
98,25,-1,30,-5,142,72,19
98,25,-1,30,-4,142,72,19
99,25,-2,31,-3,141,72,19
100,25,-1,31,-2,141,73,20
101,26,-1,30,-4,142,74,20
102,27,-1,30,-6,142,75,21
102,28,-1,30,-7,142,75,23
102,31,-2,31,-6,142,75,25
103,33,-2,32,-4,142,75,25
104,34,-3,32,-4,142,76,25
104,34,-2,31,-4,142,76,25
104,34,-2,31,-5,142,76,25
104,35,-2,32,-6,142,76,26
104,37,-2,32,-6,142,76,29
104,39,-2,31,-6,142,76,30
106,41,-2,31,-6,142,78,34
107,43,-3,32,-6,142,79,34
108,45,-3,32,-5,142,78,36
108,47,-3,33,-3,142,78,37
108,48,-3,32,-3,142,80,39
107,49,-3,32,-3,143,79,39
106,50,-3,32,-4,144,78,40
105,51,-4,33,-5,144,75,41
105,52,-3,33,-6,142,75,42
104,53,-2,33,-6,141,74,42
104,54,0,34,-6,141,74,46
104,56,0,35,-6,142,74,48
104,57,-1,36,-5,144,74,46
104,57,-2,35,-4,145,74,46
103,56,-1,35,-3,145,73,46
103,55,0,35,-3,144,73,47
104,54,1,35,-3,142,74,46
104,53,1,35,-3,141,74,45
104,51,0,35,-4,141,74,43
103,50,0,34,-4,144,73,42
101,49,0,33,-5,146,74,41
101,47,0,32,-6,147,74,40
101,46,0,31,-6,146,74,39
101,44,-1,31,-6,144,74,36
99,42,-1,32,-5,142,72,35
98,40,-1,33,-4,141,72,34
98,38,-2,33,-4,142,70,29
98,36,-2,32,-4,142,72,28
98,34,-2,31,-5,142,72,28
98,31,-2,30,-6,142,72,25
97,30,-2,31,-6,142,70,24
96,29,-3,32,-6,142,69,21
96,28,-3,33,-6,142,67,20
97,28,-4,33,-6,142,68,19
97,25,-4,32,-6,142,68,18
96,23,-4,31,-6,142,69,15
94,22,-3,29,-6,142,68,14
94,22,-2,29,-6,142,68,17
94,22,-1,30,-6,142,68,17
95,21,-2,31,-6,142,69,17
95,20,-3,30,-6,142,69,13
95,21,-3,29,-6,142,68,13
95,22,-4,28,-6,142,70,14
96,23,-4,28,-5,142,72,15
97,24,-4,28,-5,143,73,17
98,25,-4,28,-6,144,74,18
99,25,-4,28,-6,143,74,17
99,25,-3,28,-5,142,72,17
99,25,-3,29,-4,142,72,20
100,27,-2,29,-4,142,73,21
100,28,-3,29,-5,142,73,23
99,31,-3,29,-5,142,73,23
99,33,-2,29,-5,142,72,26
98,35,-2,30,-4,142,72,29
98,36,-1,31,-4,142,70,29
99,36,-1,31,-5,142,72,30
100,37,-1,31,-7,142,73,31
101,39,-1,30,-6,142,74,32
101,41,-1,30,-4,142,73,34
100,42,-1,31,-2,142,73,35
99,43,-1,30,-1,142,72,36
99,42,-1,30,-2,141,72,35
99,42,-2,31,-3,140,72,35
99,42,-2,31,-3,140,72,35
99,42,-1,30,-1,140,72,35
99,42,-1,30,-1,141,72,35
99,42,-1,30,-1,142,72,35
99,42,-2,31,-1,142,72,35
99,42,-2,32,-1,141,72,32
99,42,-3,32,-1,141,72,32
99,42,-2,32,-1,141,72,32
99,43,-2,31,-1,141,72,36
100,42,-1,30,-1,141,73,35
100,41,-1,30,-1,141,73,34
100,39,-1,30,-1,141,73,32
99,37,-2,31,-1,141,72,30
98,35,-2,31,-1,141,72,29
98,34,-1,31,-1,141,72,28
99,32,-1,30,-1,141,72,26
99,31,-1,30,-1,141,72,25
97,29,-1,30,-1,141,70,24
96,29,-1,31,-1,141,69,23
96,28,-1,31,-1,141,69,23
95,27,-1,30,-1,141,69,21
95,25,-2,30,-1,141,69,19
94,23,-3,29,-1,141,68,15
94,21,-3,28,-1,141,68,14
95,21,-4,28,-1,141,70,13
96,19,-5,27,-1,141,72,12
97,18,-5,27,-1,141,73,10
97,18,-5,27,-1,141,73,10
97,18,-5,27,-1,141,73,10
97,18,-5,27,-1,141,73,10
97,18,-5,27,-1,141,73,12
97,18,-5,27,-1,141,73,10
95,17,-5,27,-1,141,72,10
94,17,-5,27,-1,141,70,9
94,16,-5,27,-1,141,70,9
94,15,-5,28,-1,141,70,8
95,14,-5,27,-1,141,70,8
95,15,-5,27,-1,141,70,8
96,17,-5,27,-1,141,72,9
97,18,-5,27,-1,141,73,10
97,18,-5,28,-1,141,73,12
97,18,-4,28,-1,141,73,10
97,18,-3,28,-1,141,73,13
97,18,-1,28,-1,141,73,13
97,18,-1,29,-1,141,73,13
97,18,-1,30,-1,141,70,13
97,18,-2,30,-1,141,70,13
97,18,-3,29,-1,141,70,10
97,18,-3,28,-1,141,73,10
97,18,-4,28,-1,141,73,10
97,18,-4,28,-1,142,73,10
96,19,-3,29,-1,142,69,12
95,21,-3,29,-1,141,69,13
94,22,-2,30,-1,140,68,17
94,22,-1,30,-1,140,68,17
94,22,-1,31,-1,140,68,17
94,22,-1,31,-1,141,68,17
94,22,-1,30,-1,142,68,17
94,22,-1,30,-1,142,68,17
94,22,-1,30,0,141,68,17
94,22,-1,30,0,141,68,17
94,22,-1,30,0,141,68,17
94,22,-1,30,0,141,68,17
94,22,-1,31,0,141,68,17
94,22,-1,31,0,141,68,17
94,22,-2,30,0,141,68,17
94,22,-2,29,0,141,68,17
94,22,-3,29,0,141,68,15
96,23,-2,29,0,141,69,18
97,24,-2,30,0,141,70,19
99,24,-1,31,2,141,72,19
98,25,-1,31,2,141,72,19
98,26,-1,30,2,141,72,20
98,28,-1,30,2,141,72,23
99,31,-1,30,2,141,72,25
100,32,-1,31,2,141,73,25
101,31,-1,30,2,140,74,25
100,31,-1,31,0,140,73,25
100,32,-1,31,0,140,73,26
99,35,-1,30,0,141,73,29
101,37,-1,30,0,142,73,30
102,39,-1,30,0,142,74,32
103,40,-1,31,-1,141,75,34
103,43,0,32,-1,141,75,36
103,44,0,32,-1,142,75,37
103,45,0,31,0,142,75,39
104,47,-1,31,-1,141,76,40
104,49,-1,31,-1,140,76,42
105,51,0,31,-1,138,78,43
105,52,0,31,-1,139,78,43
105,51,0,32,-1,140,78,43
105,51,0,32,-1,140,78,43
104,53,0,32,-1,138,76,45
104,54,0,33,-1,137,76,46
102,56,0,32,-1,137,75,47
101,55,-1,31,-1,138,73,47
100,54,-2,30,-1,139,73,46
100,52,-1,30,-1,139,73,43
100,50,-1,31,-1,139,73,42
100,48,-2,32,-1,140,73,39
98,47,-3,32,-1,140,72,37
97,45,-3,33,-1,140,68,35
97,43,-3,33,-1,140,68,34
97,41,-2,32,-1,140,69,31
96,38,-3,30,-1,141,69,29
96,36,-3,28,-1,142,72,28
95,33,-5,27,-1,142,70,25
95,30,-6,28,-1,141,69,21
95,27,-8,30,-1,141,69,19
95,24,-8,31,-1,141,67,14
95,21,-8,29,-1,141,68,12
95,18,-7,27,-1,141,68,10
95,15,-7,25,-1,141,70,8
94,13,-7,24,-1,141,70,6
93,10,-8,24,-2,141,69,4
93,8,-9,24,-2,141,69,2
93,6,-9,24,-3,141,69,0
93,5,-10,23,-3,142,69,-1
92,3,-10,22,-4,142,69,-2
91,3,-10,22,-4,142,68,-2
90,1,-10,22,-2,141,67,-3
90,0,-10,23,-1,141,67,-4
90,1,-10,22,-2,141,67,-4
90,2,-11,22,-4,142,67,-6
89,2,-11,22,-6,142,65,-4
89,2,-10,22,-4,142,65,-2
90,3,-9,24,-3,141,67,-2
92,3,-8,24,-3,142,69,-2
93,5,-8,24,-4,142,69,0
93,8,-9,24,-4,142,69,2
93,12,-9,24,-3,142,69,6
94,15,-7,25,-2,141,70,8
96,18,-6,26,-2,141,72,10
97,19,-5,27,-2,141,73,12
97,22,-4,27,-3,142,73,14
96,25,-5,27,-3,142,72,17
96,27,-5,27,-3,141,72,19
97,30,-5,27,-2,141,73,21
99,32,-4,28,-1,141,74,24
101,36,-2,29,-3,141,74,30
103,40,-1,31,-4,142,75,34
103,43,-1,31,-5,142,75,36
103,46,-1,30,-5,142,75,39
103,49,-1,31,-4,142,75,41
104,50,0,31,-4,142,76,42
104,52,0,32,-3,142,76,45
105,55,1,33,-3,141,78,47
106,59,2,34,-3,141,78,51
108,63,3,35,-4,142,79,54
109,65,4,36,-6,142,78,56
109,67,5,37,-6,142,79,61
110,69,5,37,-6,142,79,62
110,71,5,37,-6,141,79,64
111,74,5,37,-6,142,80,67
111,76,5,37,-5,143,80,68
112,78,5,37,-6,145,80,70
112,81,5,37,-5,147,81,73
113,83,5,37,-5,147,81,75
114,85,5,37,-6,147,83,76
115,86,5,37,-6,147,84,78
116,87,6,38,-5,147,85,79
117,89,7,39,-5,147,85,80
116,90,9,40,-6,147,84,81
115,92,10,39,-7,147,84,83
116,92,10,39,-7,147,85,84
118,93,9,39,-8,147,86,85
119,95,8,39,-9,147,86,86
118,97,6,38,-10,147,86,87
117,97,5,37,-10,147,85,89
118,97,5,37,-10,147,86,87
118,96,5,37,-10,147,86,86
119,95,5,37,-10,147,87,86
119,94,5,37,-10,147,87,85
118,93,5,37,-10,147,86,84
116,93,5,37,-10,147,85,84
115,92,5,37,-10,148,84,83
116,90,5,37,-10,149,84,81
116,89,5,37,-10,150,85,80
117,86,5,37,-10,151,85,78
116,84,5,37,-10,151,84,76
115,82,5,37,-10,152,84,74
115,80,5,37,-10,152,84,73
114,78,4,36,-10,152,83,68
112,75,3,35,-10,152,84,65
111,71,2,34,-10,152,83,62
109,67,1,34,-10,152,80,58
108,63,1,34,-10,152,80,54
108,59,1,34,-10,152,80,51
108,54,2,34,-10,152,79,47
106,50,2,33,-10,152,78,43
104,46,0,32,-11,152,76,40
103,43,-1,33,-12,152,75,36
103,39,-3,34,-11,152,73,30
103,35,-5,34,-12,152,73,26
102,31,-5,32,-13,152,73,23
101,28,-5,30,-14,153,74,20
99,23,-6,28,-15,154,73,15
98,19,-7,29,-15,155,72,12
98,14,-7,30,-14,155,72,8
97,10,-7,30,-14,155,70,4
96,7,-9,29,-14,154,69,0
93,5,-10,28,-15,153,67,-2
91,2,-11,26,-15,152,65,-6
91,0,-10,25,-15,152,68,-8
92,-3,-9,24,-14,153,69,-8
93,-5,-8,24,-14,154,69,-10
92,-7,-9,24,-14,154,68,-12
90,-8,-10,23,-14,154,67,-13
89,-10,-10,23,-14,156,65,-15
89,-12,-10,23,-14,157,65,-17
88,-13,-10,22,-14,156,65,-18
88,-14,-11,22,-14,154,64,-20
88,-14,-11,21,-15,152,64,-20
87,-13,-11,22,-15,152,64,-19
86,-12,-10,22,-15,152,63,-17
86,-10,-9,23,-15,152,63,-15
87,-10,-9,24,-15,152,64,-14
89,-9,-8,24,-15,152,65,-13
90,-7,-8,24,-15,152,67,-12
90,-4,-9,24,-15,152,67,-9
90,-1,-9,24,-15,152,67,-6
90,1,-9,24,-15,152,67,-3
90,3,-7,25,-15,152,67,-2
92,5,-6,26,-15,152,68,0
93,8,-5,27,-15,152,69,2
93,12,-5,27,-15,152,69,6
94,16,-5,27,-15,152,70,9
94,20,-5,27,-15,152,70,13
95,23,-4,28,-15,152,69,15
96,26,-3,30,-15,152,69,18
97,29,-1,30,-14,152,70,23
97,33,-1,30,-14,152,70,28
98,37,-1,31,-13,152,70,31
99,41,-2,33,-14,152,72,32
100,44,-1,35,-15,152,70,35
101,47,0,36,-15,152,72,40
102,50,0,36,-15,152,73,42
103,52,0,35,-14,152,73,45
103,54,0,36,-13,152,73,46
103,56,-1,37,-13,152,73,46
103,57,-2,38,-13,152,70,47
102,60,-1,38,-13,152,70,48
103,61,-1,37,-14,152,73,51
103,62,0,36,-14,152,73,53
104,62,0,35,-15,152,74,53
104,62,1,34,-15,152,76,53
104,62,2,33,-15,152,76,53
104,62,1,34,-15,152,76,53
104,63,1,34,-15,152,76,54
104,63,1,34,-15,152,76,54
104,62,1,34,-15,152,76,53
104,60,2,34,-15,152,75,52
103,57,1,34,-15,152,75,50
103,56,1,34,-15,152,75,47
103,55,1,34,-15,152,75,47
102,56,2,34,-14,153,75,47
101,55,2,34,-14,154,74,47
101,53,1,34,-14,154,73,45
100,50,0,32,-14,154,73,42
101,49,0,31,-14,153,73,42
101,48,0,32,-15,152,74,41
101,47,0,32,-15,152,74,40
100,45,1,33,-15,152,73,37
99,43,1,33,-14,153,72,36
99,42,0,32,-14,154,72,35
99,42,0,32,-14,154,72,35
99,42,0,32,-14,154,72,35
99,43,0,32,-14,153,72,36
99,43,0,32,-15,152,72,36
100,42,0,32,-15,152,73,35
99,42,0,33,-15,152,72,35
98,42,1,33,-14,154,70,35
97,41,1,34,-14,155,69,34
96,40,1,34,-14,155,69,34
97,41,1,34,-14,155,69,34
98,41,1,34,-14,153,70,34
98,42,2,33,-15,152,72,35
99,42,1,34,-15,152,72,35
99,43,0,35,-15,152,70,36
100,42,0,36,-15,152,70,35
99,42,-1,37,-15,152,70,32
99,42,-1,38,-15,152,68,32
98,43,-1,37,-15,152,67,34
98,45,-1,37,-15,153,68,36
97,46,-1,37,-14,153,65,37
97,47,-1,37,-14,154,65,37
96,46,-1,37,-14,154,67,36
97,46,0,36,-15,154,68,39
98,47,0,36,-15,154,69,40
100,48,0,36,-14,153,70,41
101,49,-1,37,-13,153,72,39
100,48,-1,37,-11,152,68,39
97,47,-1,37,-11,152,65,37
97,46,-1,37,-13,152,68,37
99,46,-1,37,-15,152,69,36
101,45,-1,37,-15,152,72,36
102,44,-2,36,-14,152,73,35
101,43,-2,36,-13,152,72,34
100,43,-2,36,-12,152,70,34
99,42,-1,37,-13,152,69,32
98,41,-2,36,-12,152,69,32
97,39,-3,35,-11,152,68,30
97,37,-4,34,-11,152,68,29
97,36,-5,34,-11,152,68,28
98,35,-5,34,-11,152,69,26
98,34,-4,34,-12,152,69,25
98,32,-5,34,-12,152,69,24
97,30,-5,34,-12,152,68,21
96,28,-5,35,-13,152,68,20
96,27,-4,34,-12,152,68,19
96,26,-3,32,-11,152,68,18
96,23,-3,31,-10,152,69,15
95,20,-5,29,-10,152,69,13
95,18,-7,30,-10,152,69,10
95,17,-8,30,-10,152,68,8
94,16,-8,30,-10,152,68,9
94,16,-6,28,-10,152,68,9
93,16,-5,27,-10,152,69,9
93,14,-5,27,-10,152,69,7
93,11,-5,27,-10,152,69,4
92,10,-5,27,-10,152,68,3
91,8,-5,27,-10,152,68,2
91,9,-5,27,-10,152,68,2
91,9,-6,28,-10,152,65,3
91,9,-7,30,-10,152,65,3
90,8,-8,31,-10,152,62,0
88,7,-8,30,-10,152,62,0
87,6,-8,28,-10,152,62,0
87,5,-9,26,-10,152,62,-1
89,3,-10,25,-10,152,65,-4
90,2,-10,25,-10,151,67,-4
90,2,-11,26,-10,151,64,-6
88,1,-11,27,-10,150,63,-6
87,1,-12,28,-10,151,62,-7
86,0,-11,27,-10,151,61,-7
86,1,-10,25,-10,152,63,-4
86,0,-9,24,-10,152,63,-4
86,0,-9,25,-10,152,63,-6
87,-3,-10,25,-10,152,64,-10
88,-4,-10,25,-10,152,64,-12
88,-4,-9,24,-10,152,64,-9
88,-3,-8,24,-10,152,64,-9
87,-4,-9,24,-8,151,64,-9
88,-5,-9,24,-8,148,65,-10
90,-7,-9,24,-9,147,67,-12
90,-8,-9,24,-10,147,67,-13
90,-8,-8,24,-10,148,67,-13
89,-9,-9,24,-9,150,65,-13
89,-9,-10,23,-8,150,65,-13
89,-8,-10,22,-9,149,65,-13
90,-8,-10,23,-9,148,67,-13
89,-8,-9,24,-10,147,65,-13
89,-9,-9,24,-9,147,65,-13
89,-9,-8,24,-7,147,65,-13
90,-8,-8,24,-7,147,67,-13
90,-8,-7,25,-6,147,67,-13
90,-7,-7,25,-5,147,67,-12
88,-5,-7,25,-5,147,65,-10
88,-4,-8,24,-6,147,64,-9
87,-3,-8,25,-6,147,64,-8
88,-3,-7,25,-6,147,64,-9
88,-4,-7,26,-5,147,64,-9
87,-4,-6,26,-5,146,64,-9
88,-3,-5,27,-5,145,64,-9
88,-2,-5,28,-5,144,65,-7
89,0,-6,28,-5,143,63,-4
89,2,-7,29,-5,144,63,-3
89,2,-7,30,-5,143,63,-3
90,2,-7,29,-5,142,64,-3
90,3,-7,28,-6,142,64,-2
92,5,-7,29,-6,142,65,0
92,7,-7,30,-6,142,65,1
91,8,-8,31,-6,142,65,0
91,9,-8,30,-6,142,65,3
90,10,-7,29,-6,142,64,3
90,12,-7,29,-6,142,64,6
91,14,-6,30,-4,142,65,8
93,16,-6,31,-2,141,67,9
94,17,-5,32,-1,141,65,9
95,18,-4,32,-1,141,67,10
95,21,-4,33,-2,141,67,13
95,23,-3,33,-3,142,67,15
95,25,-3,32,-3,141,67,17
94,26,-3,32,-1,141,68,19
95,28,-2,32,-1,141,69,20
97,30,-1,33,-1,141,70,24
98,32,0,34,-1,141,69,26
98,34,0,35,-1,141,69,28
97,35,0,33,-1,142,70,29
98,36,0,32,-1,142,70,30
99,36,0,32,-2,142,72,30
101,37,1,34,-3,140,73,30
101,39,1,34,-2,138,74,32
101,41,2,34,-2,137,73,35
99,43,1,34,-1,138,72,36
99,43,1,34,-1,140,72,36
99,42,0,35,0,142,69,35
99,42,0,36,-1,142,70,35
99,42,0,36,-1,140,69,35
99,43,0,36,-1,138,69,36
99,42,0,36,-1,138,70,35
100,41,0,36,-1,138,70,34
101,40,0,36,-1,138,72,32
102,38,0,37,-1,137,73,29
101,37,-1,37,-1,137,69,28
100,35,-2,36,-1,138,70,26
99,33,-3,36,-1,139,70,25
100,31,-3,35,-1,138,70,23
100,29,-3,35,-1,137,70,20
100,27,-4,35,-2,137,70,19
98,25,-4,34,-1,137,69,17
97,24,-4,34,0,137,68,17
96,22,-5,34,1,137,67,14
97,19,-5,34,3,137,68,12
97,17,-5,33,3,136,69,9
98,14,-6,33,3,136,69,8
96,12,-7,32,3,136,68,6
94,10,-7,32,3,136,65,2
93,8,-8,31,3,136,64,0
93,6,-8,31,3,136,64,-2
93,5,-8,31,3,136,65,-2
93,4,-8,31,3,136,65,-3
92,4,-8,31,3,136,64,-3
91,3,-8,31,3,136,63,-4
90,1,-8,31,3,136,62,-6
90,0,-8,31,3,136,63,-8
92,-1,-8,31,3,136,64,-9
92,-2,-8,31,3,137,64,-9
92,-1,-8,31,3,137,64,-9
91,0,-8,31,3,136,63,-7
90,1,-8,31,3,135,62,-6
89,2,-8,31,3,134,62,-6
89,2,-8,31,3,133,61,-4
89,2,-8,31,3,133,62,-4
91,2,-8,30,3,133,65,-4
92,4,-8,31,3,134,64,-3
93,6,-7,32,3,134,64,0
92,7,-6,33,3,134,64,1
91,9,-5,34,3,133,63,2
90,10,-4,35,3,133,62,3
89,12,-4,34,3,133,61,6
90,13,-5,34,3,132,62,7
91,15,-5,34,3,131,63,8
92,17,-5,34,2,131,63,9
91,18,-6,35,3,131,63,12
90,20,-6,36,3,132,61,10
91,21,-5,35,2,132,63,13
93,21,-5,35,2,131,64,14
94,22,-5,34,2,131,65,14
94,24,-5,34,3,131,65,15
93,25,-4,34,4,131,64,18
92,26,-4,35,4,131,63,18
91,26,-2,37,4,131,63,18
92,26,-1,37,4,131,63,19
93,27,0,38,6,131,64,19
95,28,-1,37,7,131,67,20
96,28,-1,37,8,131,67,20
97,29,-1,37,7,131,68,20
96,29,-1,37,7,131,67,21
95,30,-1,37,7,131,67,21
95,30,-1,37,7,131,65,23
94,31,-1,37,7,131,65,23
94,32,-1,37,7,131,65,24
94,33,-1,37,7,131,65,25
95,34,-1,37,7,131,67,25
96,35,-1,37,7,131,67,26
97,35,-1,37,7,130,68,26
96,35,-1,37,7,129,67,26
95,34,-1,37,7,128,65,25
94,32,-1,37,7,129,65,24
95,30,-1,37,7,130,67,21
97,29,-1,37,7,130,68,21
99,30,-1,37,7,128,70,21
101,31,-1,37,7,126,72,23
101,32,-1,37,7,126,72,24
100,32,-1,37,7,126,70,23
99,31,-1,37,7,126,69,23
97,29,-1,37,7,126,68,21
96,29,-1,37,7,126,64,20
96,29,-1,38,7,126,64,20
96,29,0,38,7,126,67,20
96,29,-1,37,7,126,67,21
96,29,-2,36,7,126,68,20
96,29,-4,36,7,126,67,20
96,29,-6,35,7,126,67,20
96,29,-6,35,7,126,67,19
96,29,-4,36,7,126,65,20
96,29,-2,37,7,126,68,20
96,29,-1,37,7,126,67,20
95,30,-2,36,7,126,67,21
95,31,-3,35,7,126,67,23
96,32,-5,34,7,126,67,24
98,32,-5,34,7,128,69,24
99,33,-5,34,7,130,69,25
99,35,-5,34,7,131,69,26
98,36,-4,34,7,131,69,26
97,36,-3,35,7,130,68,26
97,36,-3,35,7,129,68,26
98,36,-4,35,7,130,69,28
97,35,-6,35,7,131,68,26
97,35,-6,36,7,131,67,24
98,36,-4,36,7,131,67,28
98,37,-3,37,7,131,69,29
99,40,-2,36,7,131,69,31
100,42,-3,35,7,131,70,32
100,43,-3,35,7,131,70,34
99,42,-3,36,7,131,69,32
99,42,-2,38,7,131,68,32
99,42,-3,40,7,131,68,32
101,43,-4,41,7,131,67,31
103,44,-5,41,7,131,69,32
103,45,-4,41,6,131,69,32
103,46,-4,41,5,131,69,35
102,48,-4,41,5,131,68,36
101,49,-4,41,5,131,67,36
101,49,-4,41,6,131,67,37
101,49,-3,42,6,131,67,39
101,49,-3,42,6,132,67,39
101,49,-2,43,6,132,67,39
102,50,-1,43,6,131,68,40
104,51,-1,44,6,131,69,41
105,51,0,44,5,131,70,41
105,52,-1,44,4,132,70,42
105,52,-2,43,3,133,70,42
105,51,-2,43,3,133,70,41
105,51,-2,43,3,133,70,41
105,51,-1,44,3,132,70,41
105,51,0,44,3,131,70,41
105,51,0,44,3,132,70,41
105,51,-1,44,3,133,70,41
105,51,-1,44,3,134,70,41
105,52,0,44,3,134,70,42
105,51,0,44,3,134,70,41
106,50,-1,44,4,133,72,40
106,48,-2,43,5,132,72,39
106,46,-3,42,4,132,72,37
105,45,-4,41,3,133,72,34
104,45,-5,41,3,135,70,34
104,45,-4,41,3,136,69,34
104,45,-4,41,3,137,69,34
103,45,-4,41,3,137,69,34
102,44,-4,41,3,136,68,32
102,42,-5,41,3,135,68,30
101,39,-4,41,3,134,68,29
101,38,-3,40,3,135,69,29
100,37,-1,39,3,136,69,29
99,36,-1,37,3,137,70,28
99,35,-2,36,3,137,69,26
99,32,-4,37,3,136,68,24
99,30,-6,38,3,136,68,20
97,29,-6,38,3,136,67,19
96,29,-5,36,3,136,65,21
96,28,-4,35,3,136,67,20
95,27,-4,34,3,136,67,19
95,25,-5,34,3,136,67,17
94,23,-5,34,3,136,65,15
94,22,-4,34,3,136,65,14
94,20,-5,35,3,136,65,13
95,19,-6,35,3,136,67,12
96,18,-6,36,3,136,67,8
96,17,-6,35,3,136,67,9
95,17,-5,34,3,136,67,9
94,16,-5,34,3,136,65,9
93,16,-5,34,3,136,64,9
92,15,-5,34,3,136,64,8
93,15,-5,34,3,136,64,8
94,16,-4,34,3,136,65,9
94,18,-5,34,3,136,65,10
93,20,-5,35,3,136,65,13
93,21,-7,37,3,136,63,12
93,24,-8,37,3,136,63,14
94,26,-8,38,3,136,63,15
95,28,-7,39,3,136,64,18
95,30,-5,40,3,136,62,19
94,32,-4,41,3,136,62,21
94,35,-4,41,3,136,61,26
94,38,-4,41,3,136,61,26
95,39,-4,41,3,136,62,28
96,41,-4,41,3,136,63,29
98,43,-4,41,3,136,64,31
99,45,-4,41,3,136,65,34
100,48,-3,40,3,137,68,39
100,50,-2,40,2,137,68,40
99,52,-1,40,0,137,68,42
99,55,0,40,0,137,68,45
100,58,0,41,0,137,68,47
100,60,0,43,0,137,65,50
99,61,0,43,1,138,65,51
98,63,0,43,1,138,64,52
99,65,0,43,0,137,65,53
100,66,0,43,-1,137,65,54
102,66,0,42,-1,138,69,54
102,66,1,42,-1,140,70,54
102,66,0,43,-1,141,68,54
101,68,-1,44,-1,140,67,57
100,70,-1,45,-1,139,65,58
99,71,-1,44,-1,138,65,59
100,70,0,44,-1,139,65,58
101,68,0,45,-1,140,67,57
102,67,0,46,-1,140,68,56
103,66,0,45,-1,141,68,54
103,65,0,44,-1,141,68,54
102,63,-1,44,-1,140,68,52
101,61,-1,44,-1,138,67,50
101,58,0,44,-1,138,67,47
102,56,0,44,-1,140,68,46
102,54,-1,44,-1,141,68,43
102,51,-2,43,0,142,68,41
101,49,-3,42,-1,142,67,39
101,46,-4,41,-1,141,67,35
99,44,-4,41,-1,141,65,32
98,42,-4,41,-1,141,64,30
97,39,-4,41,-1,141,63,28
97,36,-4,41,-1,141,63,28
97,33,-4,41,-2,141,63,23
97,31,-5,40,-3,142,63,20
96,29,-7,39,-3,142,64,19
95,28,-8,38,-3,142,64,18
94,26,-8,37,-3,142,63,15
93,24,-8,38,-3,142,63,14
93,22,-8,38,-4,142,62,12
92,20,-8,38,-4,142,61,10
91,18,-8,38,-4,142,61,8
92,17,-8,38,-4,141,62,8
93,16,-8,38,-4,142,62,7
93,15,-8,38,-5,144,63,6
92,15,-8,38,-6,145,62,6
91,15,-8,37,-6,145,61,6
91,14,-7,37,-6,144,61,6
92,14,-7,36,-6,142,62,6
92,15,-7,37,-6,141,62,6
92,17,-8,37,-6,142,62,7
91,18,-8,38,-6,142,61,8
90,20,-8,38,-6,142,59,10
90,22,-7,39,-6,142,59,12
91,24,-5,40,-6,142,58,14
92,25,-4,41,-6,142,59,15
93,27,-4,41,-5,142,61,17
94,29,-4,41,-4,142,61,19
94,33,-4,41,-4,142,62,23
95,37,-4,41,-4,142,62,26
96,41,-4,41,-4,142,63,29
97,43,-4,41,-3,141,63,31
97,45,-3,42,-1,141,64,35
98,47,-2,43,0,141,64,37
99,49,0,44,-1,141,65,40
100,53,0,44,-1,141,65,42
101,56,-1,44,-1,141,67,46
102,59,-1,44,-1,141,68,48
103,61,-1,44,-1,141,69,51
104,64,0,45,-1,141,69,53
104,66,1,46,-1,141,69,54
105,68,2,47,-1,141,68,57
105,70,3,48,-1,141,68,58
104,72,2,47,-1,141,68,61
105,74,2,47,-1,141,68,62
106,75,2,47,-1,141,69,63
108,76,2,47,-1,141,70,64
108,76,2,47,-1,141,70,64
108,76,2,47,-1,141,70,64
108,75,2,47,-1,141,70,63
108,75,2,47,-1,141,70,63
108,75,2,47,-1,141,70,63
108,76,2,47,-1,141,70,64
107,76,2,47,-1,141,70,64
108,76,2,47,-1,141,70,64
109,75,2,47,-1,141,72,63
109,73,2,47,-1,141,72,61
109,71,2,47,-1,141,72,59
108,69,2,47,-2,141,70,58
106,69,2,47,-3,141,69,57
106,69,2,47,-2,141,69,57
106,69,2,47,-2,141,69,57
106,69,2,47,-2,142,69,58
106,69,3,48,-3,142,69,58
105,68,2,47,-4,142,68,57
104,66,1,46,-4,142,69,54
104,63,0,45,-4,142,69,52
104,62,0,46,-4,142,69,51
104,62,1,46,-3,143,70,51
104,62,1,46,-3,144,70,52
105,63,0,46,-3,143,70,52
104,62,-1,44,-3,142,69,52
103,61,-1,44,-4,142,69,51
101,60,0,45,-5,142,67,50
101,60,1,46,-5,142,67,48
101,60,2,48,-4,142,64,50
101,62,1,49,-3,142,64,51
100,64,0,48,-2,141,63,52
99,65,-1,46,-2,141,63,53
101,66,-1,45,-2,141,67,54
102,67,0,45,-2,141,68,56
102,66,1,46,-2,141,68,54
101,66,2,47,-3,141,64,54
100,65,3,48,-2,141,64,54
100,66,2,48,-1,141,64,54
101,66,2,47,-1,141,67,54
102,66,1,46,-1,141,68,54
102,66,1,46,-1,141,68,54
102,67,1,47,-1,141,68,56
101,67,1,47,-1,141,67,56
102,66,1,46,-1,141,68,54
102,65,1,47,-1,141,65,53
104,64,1,47,-1,141,67,52
105,62,2,47,-1,141,68,51
104,62,1,46,-1,141,69,51
103,62,0,45,-1,141,69,51
101,60,0,45,-1,141,67,50
101,59,-1,46,-1,141,64,48
101,57,-2,48,-1,141,65,45
103,56,-2,48,-1,141,67,43
104,54,-2,47,-1,141,67,41
104,52,-2,46,0,141,67,41
102,50,-2,46,0,141,65,37
101,49,-3,47,0,141,65,37
101,49,-4,48,0,141,64,37
101,49,-4,48,0,141,64,37
101,47,-3,47,-1,142,64,35
100,44,-3,46,-1,142,64,32
99,43,-3,46,-1,141,63,31
99,41,-3,48,0,140,63,30
98,42,-4,48,0,139,63,30
97,41,-4,48,0,138,62,30
97,41,-5,47,0,138,61,30
96,40,-5,46,0,138,61,29
95,40,-5,47,1,139,59,29
95,40,-4,48,3,139,59,29
95,40,-4,48,4,139,59,29
95,39,-4,48,3,138,59,28
95,40,-4,48,1,137,59,29
95,40,-4,48,1,137,59,29
95,40,-4,48,1,136,59,29
95,40,-4,48,2,137,59,29
95,39,-4,48,3,137,59,28
95,39,-4,48,3,137,59,28
94,41,-4,48,3,136,59,29
94,43,-4,48,3,136,59,31
96,46,-4,48,3,136,59,34
97,46,-4,48,3,136,61,35
97,46,-4,48,3,136,62,35
97,46,-4,48,3,136,61,34
96,47,-4,48,3,136,61,35
96,50,-4,48,3,136,61,37
97,52,-4,47,3,136,62,40
98,53,-3,47,3,136,62,41
99,54,-3,46,3,136,63,41
98,54,-3,47,3,136,62,42
97,56,-3,48,3,136,61,43
96,57,-4,48,3,137,61,45
95,57,-4,48,3,137,59,45
96,57,-4,48,3,136,61,45
97,57,-3,48,3,135,62,45
99,59,-3,49,3,133,63,46
100,60,-3,49,3,132,62,47
100,61,-3,49,4,131,63,48
99,61,-2,49,4,131,61,47
99,61,-1,50,3,132,61,47
100,62,0,51,3,132,62,51
101,65,0,52,3,131,63,53
102,66,0,51,3,131,63,54
102,67,-1,51,4,131,63,53
103,66,-1,50,4,131,64,52
103,65,-2,50,3,131,64,51
103,65,-1,50,2,131,64,52
102,66,-1,51,2,131,63,52
102,67,0,51,3,131,63,56
102,67,0,51,4,131,63,56
103,67,0,50,4,131,67,56
103,67,0,50,3,131,67,56
103,67,0,50,3,131,67,56
104,67,0,51,4,131,64,56
104,68,0,50,6,131,65,57
105,70,0,50,7,131,68,58
105,72,0,50,6,131,68,61
104,72,0,51,6,131,65,61
104,72,0,51,6,131,65,61
104,72,0,52,7,131,65,61
104,73,0,52,7,131,64,61
103,73,1,53,6,131,64,62
103,73,2,54,5,131,64,62
103,73,2,54,6,131,64,62
104,73,3,55,7,131,64,61
104,73,3,55,7,131,64,61
104,73,2,54,6,131,64,61
104,74,1,53,6,131,64,62
103,74,0,52,6,131,64,62
102,72,0,52,6,132,63,61
101,70,0,52,7,132,63,58
101,68,0,52,6,133,62,56
102,67,0,51,6,133,63,56
102,66,0,51,6,133,63,54
102,66,0,51,4,134,63,54
101,65,0,51,3,134,63,53
100,62,0,51,2,135,62,51
100,60,0,51,3,135,62,50
101,58,0,51,3,136,62,47
102,57,0,51,3,136,63,46
102,54,0,51,3,135,64,43
101,51,0,51,3,134,63,41
101,49,0,51,3,135,62,39
101,48,0,51,3,136,63,39
102,47,0,51,3,137,63,37
103,46,-1,50,3,137,64,35
102,44,-1,50,3,136,63,32
101,43,-1,50,3,136,63,31
100,41,-2,50,3,136,62,30
101,39,-3,49,3,136,64,29
102,38,-4,48,3,136,65,26
101,37,-4,47,3,136,64,26
99,36,-4,48,3,136,63,25
98,36,-4,48,3,136,62,25
97,35,-4,48,3,136,62,24
97,36,-4,48,3,136,62,24
97,37,-4,48,3,136,62,25
96,39,-4,48,3,136,61,28
95,39,-4,48,3,136,59,28
95,40,-4,48,3,136,59,29
95,40,-4,48,2,136,59,29
95,40,-4,48,1,136,59,29
95,40,-4,48,1,137,59,29
95,40,-4,48,1,136,59,29
95,39,-4,48,2,136,59,28
95,40,-4,48,3,136,59,29
97,40,-4,48,3,136,61,29
98,41,-4,48,2,136,63,30
99,42,-4,48,1,136,63,31
98,43,-4,48,1,136,62,31
96,44,-4,48,1,137,61,32
95,45,-3,49,1,137,59,34
96,46,-2,49,1,137,58,35
97,47,-1,50,2,136,59,35
97,46,-1,50,2,136,59,35
97,46,-1,50,2,136,59,34
97,45,-2,50,1,138,59,34
97,45,-2,49,0,140,59,34
97,45,-2,50,0,141,59,34
97,46,-1,50,0,140,59,34
97,46,0,51,0,139,59,36
99,44,-1,50,-1,139,61,32
99,42,-3,49,-1,139,63,31
98,41,-2,49,-1,140,61,30
97,40,-2,50,-1,139,58,29
95,40,-2,50,-1,138,57,29
94,40,-3,49,-1,140,59,29
95,39,-3,48,-1,141,59,28
96,38,-3,48,0,142,61,28
97,37,-3,49,-1,142,62,25
98,36,-3,49,-1,141,62,25
97,35,-3,48,-1,141,62,24
97,35,-4,48,-1,141,62,24
97,33,-4,47,-1,141,61,23
97,31,-5,47,-1,141,62,20
97,30,-5,46,-1,141,61,19
97,29,-6,46,-1,141,62,18
97,27,-7,45,-1,141,62,17
96,25,-7,45,-1,141,61,15
95,23,-7,44,-1,141,61,13
95,22,-7,44,-1,141,59,12
94,22,-7,45,-1,141,59,12
94,22,-7,45,-1,141,58,13
93,21,-7,45,-1,142,58,12
92,19,-7,44,-1,142,57,9
92,17,-7,44,-1,141,57,7
92,15,-7,44,-1,140,57,6
93,15,-7,44,-1,140,58,6
93,15,-7,44,-1,140,58,6
93,16,-7,44,-1,141,58,7
93,16,-7,44,0,142,58,7
93,15,-7,44,-1,142,58,6
92,15,-7,44,-1,140,57,6
93,15,-7,44,-1,138,58,6
94,16,-7,44,-1,138,58,7
95,18,-7,44,-1,139,59,9
95,21,-7,44,-1,139,61,10
95,22,-7,45,-1,139,59,13
93,24,-7,45,-1,138,58,14
92,25,-7,44,-1,137,57,15
92,26,-7,44,-1,137,57,15
93,27,-7,44,0,137,58,17
95,28,-7,45,0,137,59,18
95,30,-6,46,0,137,59,19
95,32,-6,46,-1,137,59,21
94,33,-7,45,-1,137,58,23
93,33,-7,45,-1,137,58,23
93,33,-7,46,-1,137,58,23
93,34,-5,47,-1,137,57,23
92,36,-4,47,-1,137,57,25
92,38,-5,47,-1,137,57,26
93,39,-5,46,0,137,57,28
93,39,-5,47,0,137,58,28
93,38,-4,48,0,137,57,26
92,38,-4,48,-1,137,57,26
91,38,-5,47,-2,137,56,26
90,37,-7,46,-1,137,56,26
92,36,-7,46,0,137,57,25
93,34,-5,47,0,137,58,24
94,33,-4,48,0,137,58,23
93,33,-4,48,-1,137,58,21
92,32,-5,47,-1,137,57,21
90,31,-6,46,-1,137,56,20
90,29,-6,46,-1,137,56,19
91,27,-6,48,-1,137,53,17
92,26,-6,48,-1,137,54,17
92,26,-7,47,-1,137,57,15
92,26,-8,46,-1,137,57,14
92,26,-9,48,-1,137,54,14
91,27,-10,49,-1,137,54,14
92,26,-9,49,0,137,54,14
92,26,-7,47,0,137,57,15
92,25,-6,46,0,137,57,15
93,25,-6,45,0,137,57,14
93,25,-7,45,0,137,57,14
93,25,-8,44,1,136,57,14
93,25,-8,45,1,136,58,14
93,25,-7,46,2,137,57,15
92,25,-5,47,2,137,57,15
91,26,-4,48,1,136,57,15
92,27,-3,48,1,135,57,17
93,28,-4,48,1,133,57,18
94,29,-4,48,2,133,58,19
95,30,-4,48,3,134,59,19
96,31,-4,48,3,136,61,20
96,32,-4,48,3,137,61,21
97,35,-4,48,3,137,61,24
97,37,-4,48,3,136,61,26
96,39,-4,48,3,136,61,28
95,40,-4,48,3,136,59,29
96,40,-4,48,3,137,61,29
98,42,-4,48,3,137,62,30
99,43,-4,48,3,136,63,31
99,46,-4,48,3,135,63,34
99,47,-4,48,3,135,63,35
99,48,-4,48,3,135,63,36
100,49,-4,48,3,135,64,36
100,50,-4,48,3,135,64,37
100,52,-4,48,3,135,63,40
99,53,-4,48,3,135,63,41
98,54,-4,48,3,135,62,41
98,53,-4,47,3,135,62,41
98,53,-3,47,3,135,62,41
98,53,-3,46,3,135,62,41
98,53,-3,47,3,136,62,41
98,53,-4,47,3,137,62,41
98,53,-4,48,3,137,62,41
98,53,-4,48,3,136,62,41
98,53,-4,48,3,136,62,41
98,53,-4,48,3,136,62,41
98,53,-4,48,3,136,62,41
98,53,-4,48,3,136,62,41
98,53,-4,48,3,136,62,41
98,53,-4,48,3,136,62,41
98,53,-4,48,3,136,62,41
98,53,-4,48,1,137,62,41
99,53,-4,48,0,137,63,41
99,53,-4,48,0,137,63,41
98,53,-4,48,1,136,62,40
97,52,-4,48,3,136,61,40
97,52,-4,48,3,136,61,40
98,51,-4,48,1,136,62,39
99,51,-4,48,0,137,63,39
100,51,-4,48,-1,137,64,39
99,49,-4,48,0,137,63,37
98,47,-4,48,0,137,62,35
97,46,-4,48,0,137,61,34
97,46,-4,48,-1,137,61,34
97,46,-4,48,-1,137,61,35
97,46,-4,48,0,137,62,35
97,46,-4,48,0,137,62,35
97,46,-4,48,0,137,61,35
97,47,-4,48,0,137,61,35
97,46,-4,48,0,137,61,34
97,45,-4,48,0,137,62,34
98,43,-4,48,0,137,63,31
99,42,-4,48,-1,137,63,31
99,42,-4,48,-1,137,63,30
99,42,-4,48,0,137,63,30
99,42,-4,48,0,137,63,31
99,42,-3,48,0,137,63,31
99,42,-4,48,-1,137,63,31
99,42,-5,47,-1,137,63,30
99,42,-7,45,-1,137,63,31
99,42,-7,45,-1,137,63,31
99,42,-7,46,-1,137,63,31
99,42,-5,46,-1,137,63,31
99,42,-5,47,-1,137,63,31
100,42,-5,47,-1,137,63,31
99,43,-5,47,-1,137,63,31
99,42,-4,47,-1,137,63,31
99,42,-4,48,-1,137,63,31
100,42,-4,48,-1,137,63,31
101,43,-4,48,-1,137,64,31
102,44,-4,48,-1,137,65,32
103,46,-4,48,-1,137,67,34
102,48,-4,48,-1,137,65,36
101,49,-4,48,-1,137,65,37
101,49,-4,48,-1,137,64,37
101,49,-4,48,-1,137,64,37
101,48,-4,48,-1,137,64,36
101,49,-4,48,-1,137,65,37
101,51,-4,48,-1,137,65,39
102,54,-4,48,-1,137,65,41
103,56,-4,48,-1,137,67,43
103,56,-4,48,-1,137,67,43
102,56,-4,48,-1,137,65,43
103,55,-4,48,-1,137,67,42
104,56,-4,48,-1,137,67,43
105,59,-4,48,-1,137,68,46
105,61,-4,48,-2,137,68,48
104,62,-4,48,-3,137,68,48
104,63,-4,48,-3,137,68,50
105,63,-4,48,-3,137,69,50
107,64,-4,48,-3,137,70,51
109,65,-4,48,-4,137,72,51
109,65,-4,48,-6,137,72,52
108,65,-3,48,-7,137,72,52
107,66,-3,49,-6,137,70,53
107,68,-3,49,-6,137,69,54
107,68,-3,49,-6,137,70,54
107,66,-2,49,-6,137,68,53
107,65,-1,50,-6,137,68,51
106,63,-1,50,-6,137,67,50
105,62,-3,49,-6,137,68,48
104,61,-4,48,-6,137,68,48
105,60,-4,48,-6,137,68,47
105,59,-4,48,-6,139,68,46
105,59,-4,48,-6,140,68,46
104,57,-4,48,-6,140,67,45
103,54,-5,47,-6,140,67,41
102,51,-7,46,-6,140,65,39
102,48,-9,46,-6,141,65,34
102,46,-10,47,-6,142,63,31
102,44,-10,47,-6,142,63,30
102,42,-8,46,-6,142,65,29
101,39,-9,44,-6,142,65,25
101,36,-11,43,-7,142,65,23
101,33,-14,44,-7,142,64,20
99,31,-15,45,-7,142,61,15
97,29,-14,46,-8,142,59,14
97,28,-14,45,-9,142,59,13
97,27,-15,44,-10,142,59,12
96,26,-17,43,-11,142,61,12
95,24,-18,42,-11,142,59,9
94,23,-18,42,-10,142,59,8
94,21,-18,42,-10,142,59,7
95,21,-18,42,-10,142,59,7
95,21,-18,42,-11,142,61,7
95,21,-18,42,-10,142,59,7
95,22,-18,42,-11,142,59,8
94,22,-19,40,-11,142,58,8
94,22,-21,39,-11,142,58,6
94,22,-22,39,-10,142,59,6
96,22,-24,41,-10,142,58,6
97,24,-25,42,-11,142,59,7
98,26,-25,43,-12,142,61,9
97,28,-25,42,-14,142,59,10
96,28,-25,42,-14,142,58,12
95,29,-25,42,-14,142,58,12
95,30,-27,42,-14,142,58,10
96,32,-28,42,-15,142,58,13
97,34,-29,42,-16,142,59,14
97,36,-30,43,-16,142,57,15
97,37,-31,43,-16,142,57,15
97,39,-31,43,-15,142,57,17
98,41,-32,43,-15,142,58,18
99,42,-32,42,-16,142,58,19
98,43,-33,41,-16,142,58,20
98,45,-35,41,-15,142,58,23
98,47,-37,42,-15,142,58,21
100,48,-39,43,-16,142,59,23
101,49,-40,42,-16,143,61,24
101,50,-41,41,-17,143,61,25
100,52,-42,39,-18,142,59,26
98,53,-43,38,-19,142,58,25
98,54,-45,37,-20,141,58,25
98,53,-47,36,-21,140,61,25
98,53,-48,34,-21,139,61,25
99,53,-50,33,-20,138,61,24
99,53,-50,32,-20,138,61,25
98,54,-52,31,-20,138,61,24
97,56,-54,29,-22,138,61,25
94,57,-57,26,-24,139,59,26
93,55,-59,24,-25,138,58,23
93,54,-62,22,-26,137,57,21
92,53,-64,20,-26,135,59,20
91,53,-66,18,-25,133,58,20
90,51,-69,15,-25,133,57,17
88,49,-71,14,-26,133,58,14
86,46,-74,12,-27,134,57,12
85,45,-76,9,-28,133,54,8
83,43,-78,6,-29,132,56,7
81,41,-80,2,-30,130,56,6
79,38,-81,-1,-31,129,56,2
76,34,-83,-5,-31,129,53,-1
74,31,-84,-8,-31,129,54,-3
72,27,-86,-12,-31,127,54,-7
70,24,-88,-16,-31,125,56,-10
69,20,-89,-19,-32,124,54,-13
68,16,-89,-23,-35,124,56,-17
66,13,-89,-26,-36,124,56,-20
63,9,-89,-30,-37,123,56,-21
59,5,-90,-32,-36,121,54,-25
56,0,-91,-36,-36,120,52,-30
55,-4,-91,-39,-36,119,53,-34
54,-8,-91,-42,-36,118,54,-37
54,-14,-90,-45,-37,116,56,-42
52,-19,-88,-47,-36,115,54,-46
49,-25,-87,-48,-36,114,54,-51
48,-29,-86,-49,-36,114,53,-54
46,-33,-85,-50,-37,113,52,-56
45,-37,-84,-52,-37,112,53,-59
44,-41,-83,-54,-37,109,52,-63
43,-46,-82,-54,-37,108,54,-68
43,-50,-81,-54,-37,106,53,-69
42,-53,-79,-52,-37,105,51,-72
41,-56,-78,-51,-37,104,50,-75
40,-61,-78,-50,-37,104,50,-79
41,-66,-79,-50,-37,104,51,-84
43,-71,-81,-48,-37,105,50,-90
43,-74,-83,-46,-37,105,50,-93
42,-77,-84,-45,-37,105,47,-98
40,-79,-85,-44,-37,103,45,-101
39,-82,-86,-42,-38,101,42,-103
39,-84,-88,-40,-37,99,42,-107
40,-86,-90,-38,-37,99,40,-108
41,-87,-93,-36,-38,101,40,-112
41,-89,-97,-35,-39,104,37,-115
40,-90,-103,-33,-41,105,34,-119
38,-88,-108,-32,-42,105,32,-120
36,-87,-114,-32,-42,105,29,-122
35,-87,-120,-34,-42,105,28,-123
35,-86,-127,-36,-43,104,28,-125
34,-85,-135,-36,-45,105,24,-126
33,-83,-144,-38,-46,107,23,-129
31,-80,-153,-41,-47,109,21,-130
29,-77,-162,-46,-48,110,20,-130
27,-74,-170,-50,-50,111,18,-129
25,-70,-180,-55,-53,111,17,-128
23,-66,-189,-59,-55,111,17,-129
20,-61,-199,-64,-58,111,14,-129
18,-57,-210,-71,-60,111,12,-128
14,-53,-220,-78,-61,111,10,-129
13,-49,-231,-85,-63,111,12,-126
10,-45,-239,-91,-65,111,12,-125
7,-40,-247,-97,-68,112,12,-124
4,-35,-254,-104,-70,112,8,-122
1,-30,-262,-109,-71,112,7,-118
-2,-24,-271,-115,-72,110,7,-115
-4,-17,-279,-120,-75,109,3,-113
-6,-11,-285,-125,-77,107,4,-108
-7,-6,-289,-131,-80,105,6,-106
-7,-3,-292,-136,-82,103,7,-102
-7,0,-294,-140,-83,99,9,-98
-7,6,-296,-142,-85,96,9,-93
-7,12,-298,-143,-87,93,10,-89
-6,17,-298,-144,-89,90,10,-84
-4,21,-297,-144,-91,87,12,-80
-3,25,-293,-144,-92,83,15,-76
-1,29,-288,-143,-93,79,18,-70
1,32,-281,-140,-94,74,19,-65
4,36,-275,-136,-96,69,20,-59
9,39,-267,-131,-98,64,24,-54
13,42,-257,-125,-101,60,26,-47
17,44,-247,-117,-103,55,28,-43
22,45,-237,-110,-104,50,31,-37
27,46,-225,-102,-105,45,34,-35
33,48,-212,-95,-104,40,37,-28
38,50,-198,-86,-105,35,42,-21
43,52,-183,-77,-107,31,43,-15
47,53,-169,-67,-109,26,43,-10
53,53,-154,-56,-111,21,46,-6
60,54,-138,-45,-112,16,50,1
67,56,-122,-35,-111,11,54,7
73,57,-104,-24,-111,7,58,13
79,57,-87,-13,-112,3,61,19
85,56,-68,-3,-114,0,64,25
91,56,-51,6,-114,-4,69,30
97,57,-34,16,-114,-7,72,37
102,57,-18,27,-114,-9,74,42
107,56,-1,37,-114,-12,76,46
111,54,15,47,-115,-15,78,51
115,54,34,57,-116,-17,79,57
120,54,52,66,-117,-19,84,62
126,56,69,75,-118,-20,86,70
131,56,86,83,-119,-21,91,75
136,55,102,92,-119,-21,93,81
140,53,119,100,-118,-21,97,84
145,52,136,108,-118,-21,100,90
150,52,153,116,-118,-21,104,96
155,51,169,123,-118,-21,108,100
159,51,185,131,-119,-22,109,106
161,51,200,139,-119,-21,112,111
164,51,214,147,-118,-20,112,115
168,51,229,155,-117,-18,113,120
173,51,243,164,-116,-17,118,124
178,51,257,172,-115,-16,119,129
182,50,271,180,-114,-15,122,133
186,50,284,188,-113,-14,124,137
191,51,296,195,-113,-12,126,142
195,53,306,202,-113,-10,129,146
200,53,314,209,-112,-7,131,148
202,53,324,215,-111,-4,133,153
205,54,332,220,-109,-1,133,156
207,55,340,224,-107,0,135,159
210,57,346,228,-105,3,137,164
213,59,352,231,-104,6,137,168
215,61,356,234,-102,9,140,169
217,62,359,237,-100,12,142,173
219,63,359,238,-98,16,144,174
220,65,359,238,-97,18,142,175
221,68,358,236,-95,21,145,175
221,70,357,234,-92,25,145,180
222,72,357,231,-90,29,148,183
222,76,354,227,-87,33,150,183
220,80,349,222,-84,36,150,186
216,83,343,216,-82,39,146,187
211,86,335,210,-80,43,145,189
207,90,327,203,-79,47,144,190
205,94,318,195,-76,50,144,191
202,98,309,186,-73,53,144,192
199,102,298,176,-71,56,145,191
195,105,286,165,-69,59,144,191
189,108,274,154,-68,63,142,190
183,111,262,144,-65,66,139,191
177,115,250,135,-63,68,139,190
173,120,237,125,-60,71,136,190
168,123,224,116,-59,73,134,191
162,127,210,106,-57,75,131,190
156,132,197,96,-55,77,128,190
151,136,183,87,-54,78,126,189
149,139,170,79,-52,79,125,186
147,141,158,72,-50,81,124,184
144,143,146,65,-47,81,123,184
140,146,134,59,-45,82,119,181
136,148,123,53,-42,83,119,179
134,148,113,49,-40,83,117,178
133,148,103,46,-39,84,114,173
132,149,94,45,-37,84,113,169
131,151,86,44,-35,84,109,168
129,151,78,43,-32,83,108,167
128,150,71,44,-30,83,104,161
128,147,65,45,-29,83,102,156
129,144,61,48,-29,83,102,151
130,142,57,52,-29,82,101,146
132,140,54,56,-28,81,98,142
133,138,50,61,-25,80,97,139
134,136,47,64,-24,79,96,136
135,132,45,67,-24,79,93,131
136,127,44,72,-24,79,91,124
137,122,43,77,-22,79,90,119
139,117,43,83,-21,79,90,115
140,114,45,88,-21,79,89,112
140,111,47,93,-21,79,86,109
140,107,49,98,-22,79,81,106
141,102,51,103,-21,79,80,101
143,97,53,108,-20,79,79,96
144,92,55,111,-20,79,80,91
144,88,56,114,-20,80,79,89
144,85,58,117,-21,81,79,85
143,81,61,120,-22,82,75,84
143,76,65,122,-23,83,75,80
143,72,67,122,-24,84,75,78
142,68,69,122,-24,84,76,75
141,65,71,122,-24,86,76,72
140,63,72,122,-24,87,75,69
139,59,74,121,-23,89,74,68
137,55,76,119,-23,91,75,65
135,52,77,117,-24,92,73,64
133,51,79,115,-25,94,74,64
132,50,81,112,-27,96,75,65
130,50,81,108,-28,97,75,64
129,49,81,104,-28,99,76,63
127,47,81,98,-28,101,76,64
125,46,80,94,-28,103,78,64
123,46,80,90,-27,105,78,63
122,45,79,86,-27,107,79,62
122,44,79,82,-27,109,81,62
122,43,78,78,-27,111,83,61
121,44,75,75,-27,112,85,62
119,44,73,71,-27,113,85,62
116,45,72,67,-27,114,83,63
116,46,72,63,-27,115,85,64
117,47,71,58,-27,117,87,64
119,48,68,54,-26,119,91,65
117,49,65,51,-27,121,92,65
114,49,62,49,-26,122,90,64
112,49,59,47,-26,123,87,64
112,51,57,45,-26,123,87,65
114,53,55,42,-26,124,91,65
115,55,54,39,-27,125,92,68
114,56,52,37,-26,127,93,69
113,57,50,36,-25,128,93,69
112,58,47,35,-22,128,92,68
112,59,45,34,-21,128,91,69
111,61,44,33,-21,130,91,70
112,62,43,31,-21,131,92,72
114,62,42,30,-21,133,93,72
115,63,40,30,-21,133,95,73
115,64,38,30,-19,133,95,70
115,65,36,31,-17,133,95,72
114,65,35,31,-16,132,93,70
113,66,33,29,-15,133,93,70
113,66,32,29,-16,134,93,70
113,66,31,30,-16,136,93,70
113,67,30,32,-16,137,90,72
112,67,29,32,-15,138,90,69
112,67,28,32,-16,138,90,69
112,67,26,30,-16,137,90,69
112,67,24,30,-16,137,90,69
113,67,23,31,-14,138,89,67
113,66,22,32,-12,137,89,67
114,66,22,33,-11,137,89,67
114,66,22,33,-10,137,90,67
114,65,22,32,-10,138,89,65
113,64,21,31,-11,138,89,64
112,61,20,31,-11,139,87,62
112,60,18,31,-11,139,87,58
111,60,16,32,-10,139,87,58
111,61,14,32,-10,140,85,59
110,60,13,32,-10,140,84,57
108,59,11,30,-10,140,84,54
108,57,10,28,-10,141,84,53
108,55,9,27,-10,142,84,51
109,54,8,26,-10,142,85,51
109,54,8,27,-10,142,85,51
108,53,8,26,-10,142,85,50
108,51,8,26,-10,142,84,48
107,49,7,25,-10,142,83,46
106,46,5,24,-10,142,85,42
105,45,4,23,-10,142,84,40
104,45,4,23,-10,142,83,40
103,45,4,23,-10,142,83,40
103,45,4,23,-10,142,83,41
104,45,4,23,-10,142,83,40
104,43,4,23,-10,142,84,39
105,41,4,23,-10,142,84,37
106,41,4,23,-10,142,85,36
105,41,4,23,-10,142,84,37
104,43,4,23,-10,142,84,39
103,45,4,23,-10,142,83,40
103,45,4,23,-10,142,83,41
103,45,4,23,-10,142,83,40
104,45,4,23,-10,142,83,40
104,44,4,26,-10,142,80,40
103,45,5,28,-10,142,78,40
102,46,6,28,-10,144,76,41
102,47,6,27,-10,146,79,42
102,49,6,27,-10,147,79,43
104,51,5,28,-10,148,80,46
104,53,4,30,-10,147,79,47
104,55,4,31,-10,147,79,50
103,55,5,30,-10,147,78,50
102,55,5,30,-10,147,76,50
102,56,5,30,-10,147,76,50
103,57,5,30,-10,147,78,52
104,60,5,30,-10,147,79,54
104,62,5,30,-10,147,79,56
104,63,5,30,-10,147,79,57
104,63,5,30,-10,147,79,57
104,62,5,30,-10,147,79,56
104,62,5,30,-10,147,79,56
104,62,5,30,-10,147,79,56
104,62,5,30,-10,147,79,56
104,62,5,30,-10,147,79,56
104,63,5,30,-10,147,78,56
105,62,5,30,-10,147,79,56
106,61,4,29,-10,147,80,56
108,60,2,28,-10,147,81,54
108,59,1,27,-10,147,81,53
107,58,1,26,-10,147,81,51
107,58,1,27,-10,147,81,52
107,57,1,27,-10,147,81,51
109,55,1,27,-10,147,83,50
110,54,1,27,-10,147,84,48
109,54,1,27,-10,147,84,48
108,53,1,27,-10,147,81,47
107,52,1,27,-11,147,81,47
106,50,0,26,-12,147,80,43
106,48,-1,25,-12,147,83,41
107,46,-1,24,-11,147,84,40
106,44,-2,23,-10,147,83,37
105,42,-2,24,-10,147,81,35
104,40,-2,24,-12,147,81,34
104,37,-1,23,-14,148,81,31
104,35,-1,23,-13,149,80,29
103,33,0,22,-12,150,80,28
102,32,-2,22,-11,152,79,26
101,30,-3,22,-13,153,79,25
101,28,-4,21,-15,153,78,23
99,25,-4,21,-15,152,76,20
98,22,-4,21,-14,151,75,18
97,20,-4,21,-11,150,75,15
97,18,-4,21,-10,151,75,13
97,16,-5,21,-10,151,75,12
97,14,-6,20,-10,152,75,9
97,12,-6,20,-10,152,75,8
95,11,-5,20,-10,152,74,7
93,10,-4,19,-10,152,74,6
93,8,-4,18,-12,152,73,4
93,6,-5,18,-14,152,74,2
93,5,-7,19,-14,151,74,0
93,4,-7,20,-12,148,72,-1
93,2,-7,19,-10,147,72,-2
92,0,-7,18,-9,148,73,-2
92,-1,-7,17,-10,150,73,-4
92,-2,-7,17,-10,152,73,-4
92,-1,-8,18,-11,153,73,-7
90,-2,-9,18,-12,152,72,-7
89,-3,-9,17,-11,151,70,-8
88,-4,-9,17,-10,151,69,-9
88,-5,-9,17,-10,150,69,-10
89,-7,-9,17,-10,149,70,-12
90,-7,-9,17,-10,149,70,-12
89,-7,-9,17,-10,149,70,-12
89,-5,-9,17,-10,149,70,-10
89,-4,-9,17,-10,149,70,-9
91,-2,-9,17,-10,148,72,-7
92,-1,-9,17,-10,148,73,-7
92,-1,-9,17,-10,148,73,-7
92,-1,-9,17,-10,148,73,-7
91,0,-8,18,-10,149,72,-6
91,1,-8,18,-10,148,72,-3
92,3,-8,18,-10,148,73,-1
93,5,-7,18,-10,147,74,0
94,7,-7,19,-10,147,73,1
94,9,-5,20,-10,147,73,6
94,12,-5,21,-10,147,73,8
95,15,-5,20,-10,147,73,10
95,17,-6,20,-10,147,74,10
96,19,-6,20,-10,147,74,14
97,21,-4,21,-10,147,74,17
97,24,-2,22,-10,147,75,19
97,26,0,22,-10,147,75,20
98,28,0,22,-10,147,78,25
99,30,0,21,-10,147,79,26
99,32,0,20,-10,147,79,29
100,36,0,21,-10,147,79,31
100,38,0,22,-10,147,76,34
100,41,1,25,-10,147,78,36
101,43,2,26,-10,147,78,39
102,44,2,27,-10,147,78,40
103,46,1,27,-10,147,78,41
102,48,1,27,-10,147,76,41
101,49,1,27,-10,147,76,41
101,49,1,27,-10,147,75,43
101,48,2,26,-9,147,78,43
101,49,2,25,-8,147,78,43
102,51,3,25,-9,147,79,46
103,53,2,25,-10,147,80,47
104,53,2,26,-11,147,81,47
104,51,2,26,-10,147,81,46
102,49,2,26,-9,147,79,43
101,49,3,25,-9,147,78,43
101,49,3,24,-9,147,78,43
101,49,4,23,-10,147,80,43
102,47,4,23,-9,147,81,42
101,46,5,23,-7,147,80,41
101,43,4,23,-7,147,80,39
100,42,3,22,-9,147,79,37
100,41,2,21,-10,147,79,36
101,39,1,21,-11,147,80,35
101,38,2,21,-9,147,80,34
101,36,2,22,-7,147,80,31
101,34,2,22,-7,147,80,30
101,32,2,21,-9,147,80,29
102,30,1,20,-10,147,81,26
102,28,0,20,-10,147,81,25
101,26,0,21,-9,147,80,23
100,26,0,22,-8,147,78,20
99,25,0,22,-9,147,76,19
99,23,0,21,-10,147,79,20
99,21,0,21,-10,147,79,18
98,19,0,21,-11,147,78,17
97,18,-1,22,-10,147,75,13
97,16,-2,24,-10,147,75,12
98,15,-2,24,-9,147,76,10
100,14,-1,24,-8,147,78,10
99,14,-1,22,-9,147,76,9
98,13,0,22,-10,147,76,8
97,10,-1,22,-11,147,75,7
97,9,-1,23,-11,147,74,4
97,8,-1,24,-10,147,74,4
97,8,-2,24,-9,147,75,4
97,8,-3,22,-7,147,75,4
97,8,-4,21,-7,147,75,4
97,8,-4,21,-7,147,74,4
96,10,-3,22,-8,147,74,6
96,10,-3,23,-8,147,74,6
96,10,-3,22,-7,147,74,6
96,10,-3,22,-6,147,74,6
95,11,-4,21,-5,147,74,7
95,11,-4,21,-5,147,74,7
95,11,-3,22,-5,147,74,7
95,11,-3,23,-6,147,74,7
95,11,-2,24,-7,147,73,7
95,13,-1,23,-9,147,73,8
94,15,-1,23,-9,147,73,10
95,17,0,22,-7,147,73,12
97,18,-1,22,-6,147,75,13
99,19,-2,23,-5,147,76,14
100,20,-2,24,-5,147,78,15
100,21,-2,24,-6,147,78,17
99,24,-2,23,-6,147,76,18
100,26,-2,23,-6,147,78,20
101,27,-2,23,-5,147,79,21
102,27,-2,24,-5,147,80,21
103,27,-2,23,-5,147,80,21
103,27,-2,23,-5,147,80,21
102,28,-2,23,-5,147,79,23
102,31,-2,23,-5,147,79,25
103,33,-1,24,-5,147,80,28
104,34,-1,24,-5,147,81,28
105,34,-1,24,-5,147,81,28
104,34,-2,23,-5,147,81,28
104,35,-2,23,-5,147,80,29
102,37,-1,24,-5,147,79,30
102,38,-1,24,-5,147,79,31
102,39,0,25,-5,147,79,32
103,39,0,25,-5,147,80,32
104,39,0,25,-5,147,80,32
104,39,-1,24,-5,147,81,32
105,40,-1,24,-5,146,81,34
106,41,-2,23,-5,145,83,34
106,40,-2,23,-5,145,83,34
105,40,-1,24,-5,146,81,34
104,40,-2,23,-5,146,81,34
103,39,-2,23,-5,145,80,32
103,39,-1,24,-5,144,80,32
103,37,-1,25,-5,143,80,31
104,35,0,25,-5,144,80,29
104,34,-1,25,-5,145,81,28
104,33,-1,24,-5,146,81,28
104,34,-2,23,-5,145,81,28
104,34,-2,23,-5,143,81,28
104,34,-2,24,-6,141,81,28
104,34,-2,24,-6,141,81,28
104,34,-1,23,-5,143,81,28
104,34,-1,22,-5,145,81,28
104,34,0,22,-5,147,81,28
104,34,-1,22,-5,146,81,29
105,34,-2,23,-5,145,81,28
105,32,-2,24,-5,144,81,26
104,30,-2,24,-5,142,81,24
104,28,-2,23,-5,142,81,23
104,28,-2,23,-5,144,81,21
105,28,-2,23,-6,145,83,23
105,29,-2,24,-5,145,83,23
105,30,-2,24,-5,144,81,25
104,32,-2,24,-6,142,81,26
104,34,-1,22,-6,142,81,28
104,34,0,21,-6,143,84,30
104,34,0,20,-5,144,84,30
104,33,0,21,-4,144,84,30
104,34,-1,22,-4,144,81,28
104,36,-2,24,-4,145,81,29
104,38,-2,24,-4,147,81,31
104,39,-2,24,-4,147,81,32
105,40,-2,23,-4,147,81,34
106,41,-2,23,-4,146,83,34
106,40,-2,23,-3,145,83,34
106,40,-1,24,-2,145,83,34
106,40,-1,25,-1,144,83,34
106,41,0,25,0,144,83,34
106,40,-1,25,0,144,83,34
106,40,-1,24,-1,145,83,34
106,40,-2,23,-1,146,83,34
106,41,-2,23,-1,147,83,34
106,41,-2,23,0,145,83,35
106,40,-1,24,-1,143,83,34
107,39,-1,24,-1,141,84,32
108,38,-2,23,-1,141,84,31
107,36,-2,23,-1,142,84,30
106,34,-2,23,0,143,83,29
105,32,-1,24,-1,144,83,26
104,30,-2,23,-2,143,81,25
104,28,-2,23,-3,142,81,23
103,27,-2,23,-3,141,80,21
102,25,-1,24,-1,141,79,20
101,23,-1,24,0,141,79,18
101,21,-2,23,0,142,79,15
101,18,-2,23,-1,142,78,13
100,16,-3,22,-3,141,78,12
99,14,-4,21,-3,142,76,9
98,13,-4,21,-2,141,76,8
97,11,-5,20,-1,141,75,7
97,9,-5,20,-1,141,75,4
97,7,-5,20,-1,141,75,3
95,3,-5,20,-1,141,74,0
94,0,-6,19,-1,141,73,-4
93,0,-8,18,-1,141,74,-6
92,-1,-9,17,-1,141,73,-7
91,-1,-9,17,-1,141,73,-7
90,-2,-9,17,-1,141,72,-7
90,-4,-9,17,-1,141,72,-9
90,-6,-9,17,-1,141,70,-10
90,-8,-9,17,-1,141,72,-13
90,-8,-9,17,-1,141,72,-13
90,-8,-9,17,-1,141,72,-13
90,-8,-9,17,-1,141,72,-13
90,-6,-9,17,-1,141,70,-10
89,-5,-9,17,-1,141,70,-9
87,-4,-9,17,-1,141,69,-9
87,-4,-9,17,-1,141,68,-9
88,-4,-8,18,-1,141,69,-9
89,-3,-6,19,-1,141,68,-8
90,-1,-5,20,-1,141,68,-4
90,1,-5,21,-1,141,68,-2
90,2,-5,20,-1,141,69,-1
90,3,-6,20,-1,141,69,0
92,4,-5,20,-1,141,70,1
93,5,-4,21,-1,141,72,2
93,8,-3,23,-1,141,72,4
93,12,-2,23,-1,141,72,7
93,14,-1,24,-1,142,72,10
94,16,-1,24,-1,142,73,12
96,18,-2,23,-1,141,74,13
96,18,-2,23,-1,140,74,13
96,19,-1,24,0,138,74,14
96,21,-2,23,1,137,74,17
97,24,-2,23,3,136,75,19
99,27,-1,24,3,136,76,21
100,29,-1,25,3,137,78,24
100,32,0,26,3,137,78,25
101,34,1,27,1,136,75,30
101,36,1,27,0,137,76,32
102,38,1,27,0,137,76,34
102,39,1,27,0,137,76,34
101,39,1,27,2,136,75,35
100,41,1,27,3,136,75,36
101,43,1,27,3,136,75,39
102,44,1,27,3,136,76,39
103,45,2,28,3,136,78,40
103,46,2,28,3,136,78,41
103,48,2,28,3,136,78,43
104,50,1,28,3,136,79,45
105,52,2,28,3,136,79,46
105,52,2,28,3,136,80,46
105,51,2,28,3,136,80,46
105,51,1,28,3,136,80,43
104,51,0,28,3,136,79,43
105,51,0,28,3,136,79,43
107,52,0,28,3,136,81,45
108,54,1,27,1,137,83,46
109,54,2,28,0,137,83,48
108,53,1,29,0,137,83,46
107,52,1,29,0,137,81,45
105,51,1,29,1,136,80,43
105,51,0,29,1,136,79,43
105,51,0,30,2,137,78,43
105,51,0,31,3,138,78,43
106,50,0,30,3,140,78,43
106,50,0,30,3,140,80,42
107,49,0,31,3,138,79,41
107,49,0,31,3,136,79,41
108,47,-1,31,3,136,80,40
108,45,-2,31,3,137,80,37
107,43,-2,31,3,140,79,36
106,41,-2,31,3,141,78,34
104,40,-1,30,3,142,76,34
103,39,0,30,3,141,75,32
103,37,0,29,3,140,78,31
103,35,0,29,3,138,78,29
103,33,-2,29,3,136,75,28
102,32,-4,28,3,136,74,24
101,30,-5,28,3,137,76,21
101,28,-5,27,3,138,75,20
99,25,-5,27,2,140,75,18
97,24,-4,27,1,140,73,17
96,21,-5,28,2,138,72,14
96,19,-5,27,2,137,72,12
97,18,-6,26,3,136,73,10
96,17,-7,25,3,136,72,10
94,15,-7,25,3,137,70,8
93,12,-7,25,3,137,69,6
92,9,-7,25,3,136,68,3
92,7,-8,24,3,136,68,1
93,6,-9,24,3,136,69,0
93,4,-9,24,3,136,69,-1
92,1,-9,24,3,136,68,-3
90,-1,-8,24,3,136,67,-6
88,-3,-8,24,3,136,65,-8
88,-4,-9,24,3,136,64,-9
88,-5,-10,23,3,136,65,-10
90,-6,-11,21,3,136,67,-13
90,-7,-12,21,3,136,69,-14
90,-8,-12,20,3,136,69,-15
89,-9,-12,21,3,136,68,-15
87,-9,-12,21,3,136,67,-17
86,-10,-12,21,3,137,65,-17
86,-12,-12,21,3,137,65,-18
86,-14,-12,21,3,136,65,-20
86,-16,-12,21,3,134,65,-23
85,-18,-12,21,3,133,64,-24
84,-18,-12,21,3,133,64,-24
84,-17,-12,21,3,135,64,-23
84,-17,-12,21,3,137,64,-23
85,-17,-12,21,3,137,64,-24
85,-18,-12,21,3,135,64,-24
84,-17,-12,21,3,134,64,-23
83,-16,-12,21,3,134,63,-23
83,-14,-12,21,3,134,62,-20
83,-12,-11,21,3,134,63,-19
85,-11,-11,22,3,133,62,-18
86,-10,-10,22,2,132,63,-15
86,-10,-9,23,2,131,63,-15
85,-9,-9,24,3,131,63,-14
86,-7,-8,24,4,132,63,-12
86,-4,-8,24,6,131,63,-9
86,-3,-9,24,7,131,63,-8
86,-1,-9,24,6,131,63,-6
86,0,-9,24,6,131,63,-4
87,2,-7,25,6,131,63,-3
87,5,-6,26,7,131,64,0
88,8,-5,27,7,131,64,2
88,11,-4,27,7,131,64,4
87,14,-5,27,7,131,64,7
88,17,-5,27,7,130,64,9
89,18,-5,27,7,129,65,12
90,20,-5,27,7,130,67,13
91,22,-5,27,7,131,67,14
91,24,-5,27,7,132,67,17
92,26,-5,27,9,132,68,18
93,27,-5,28,11,131,69,19
95,28,-4,27,12,129,70,20
95,30,-3,27,11,127,70,24
94,32,-2,25,10,126,70,26
95,34,-2,25,10,126,70,28
97,35,-2,27,11,126,72,29
97,35,-3,29,12,126,70,29
98,36,-2,30,12,126,70,29
97,36,-2,30,12,126,69,30
96,38,-2,30,12,126,69,31
97,41,-3,29,12,126,69,34
97,42,-3,29,11,126,70,32
98,42,-4,28,11,126,72,32
98,39,-3,28,10,126,70,30
97,37,-3,29,10,126,70,30
97,35,-2,30,10,126,70,29
98,35,-2,30,10,126,70,29
97,36,-2,29,11,126,70,29
97,36,-3,29,11,126,70,28
98,36,-3,29,10,126,70,28
99,34,-3,29,9,128,72,28
99,32,-2,30,9,130,73,26
99,31,-1,30,9,131,72,25
97,30,-2,30,9,132,70,24
96,29,-2,29,8,131,69,23
97,28,-3,30,7,131,70,20
98,26,-3,31,7,131,72,18
97,24,-3,32,7,131,70,17
96,23,-3,31,7,131,69,15
94,22,-4,29,7,131,68,14
95,21,-6,28,7,131,68,14
95,19,-7,28,7,131,69,12
96,18,-6,28,7,131,69,10
96,15,-5,28,7,131,70,8
96,14,-5,27,7,131,72,7
96,12,-4,27,6,131,72,6
95,11,-5,27,5,132,72,4
95,11,-6,28,5,133,69,4
95,11,-7,30,6,135,69,4
95,11,-8,31,7,136,67,3
95,11,-9,31,7,137,67,3
95,11,-8,31,6,136,67,2
95,11,-7,30,5,136,69,4
95,11,-6,28,4,136,69,4
95,11,-5,27,4,136,72,4
95,11,-6,26,4,136,72,4
95,11,-7,27,3,136,69,4
95,11,-8,29,3,136,69,3
95,11,-7,29,3,136,69,4
95,11,-6,28,3,136,69,4
95,11,-5,28,3,136,72,4
94,12,-6,28,3,136,68,6
93,14,-6,28,3,136,67,7
93,15,-6,28,3,136,67,8
92,16,-5,28,3,136,68,9
93,15,-5,27,3,136,69,8
93,15,-5,27,3,136,69,8
92,16,-5,27,3,136,68,9
92,17,-5,27,3,136,68,9
91,17,-5,27,3,136,68,9
92,17,-5,27,3,137,68,9
92,16,-5,27,3,137,68,9
93,15,-5,27,3,137,69,8
93,15,-5,27,3,136,69,8
93,15,-5,27,3,136,69,8
93,16,-6,28,3,137,67,9
93,15,-7,29,3,138,67,8
92,15,-8,30,1,139,67,8
92,15,-7,29,0,139,65,8
91,14,-7,28,0,139,64,8
90,14,-6,28,0,139,64,7
90,13,-6,28,0,140,64,6
90,11,-6,28,0,141,64,4
89,10,-7,29,-1,142,63,3
87,8,-8,30,-1,142,62,2
86,7,-8,31,-1,141,59,-1
87,6,-8,31,-1,141,59,-1
87,5,-8,31,-1,141,59,-3
87,3,-8,31,-1,141,59,-4
86,0,-8,31,-1,141,59,-7
86,0,-8,31,-1,141,58,-8
85,0,-8,31,-1,141,58,-8
85,0,-8,31,-1,141,58,-7
85,0,-8,31,-1,141,58,-7
85,0,-8,31,-1,141,58,-7
86,0,-8,31,-1,141,58,-8
86,-1,-8,31,-1,141,58,-8
86,-1,-8,31,-1,141,58,-9
86,-1,-8,31,-1,141,58,-8
85,0,-8,31,-1,141,58,-8
85,0,-8,31,-1,141,58,-7
86,1,-8,31,-1,141,59,-7
88,1,-8,31,-1,141,61,-6
89,2,-8,31,-1,141,62,-6
90,2,-8,31,-1,141,62,-6
89,2,-8,31,-1,141,62,-4
90,4,-8,31,-1,141,62,-3
90,7,-8,31,-1,141,63,-1
92,10,-8,31,-2,141,64,1
93,12,-8,31,-3,142,65,3
93,14,-8,31,-4,142,65,4
93,15,-8,31,-3,142,64,6
92,17,-8,31,-2,141,64,8
92,19,-9,31,-1,141,64,9
93,21,-8,31,0,141,64,12
93,24,-7,32,-1,141,64,14
93,25,-6,33,-2,141,64,18
92,26,-4,34,-3,141,63,19
91,26,-4,35,-3,141,63,18
91,26,-6,36,-3,142,63,18
92,26,-7,36,-4,142,62,17
93,27,-7,37,-4,142,63,17
93,27,-7,36,-4,142,63,17
93,27,-6,36,-3,142,63,17
92,26,-5,35,-3,142,63,19
92,26,-5,34,-3,142,63,19
92,27,-5,34,-4,142,63,19
92,26,-5,34,-5,142,63,18
91,24,-5,34,-6,142,63,17
91,22,-4,35,-6,142,63,14
90,20,-5,34,-6,141,62,13
90,19,-6,33,-6,142,62,12
90,17,-7,32,-5,143,62,10
89,15,-7,32,-5,145,61,8
88,13,-7,33,-6,147,61,7
88,12,-6,33,-5,147,61,6
89,11,-7,32,-5,146,62,4
90,10,-7,32,-5,144,62,3
91,9,-7,32,-5,143,63,1
91,8,-7,32,-5,143,63,0
91,9,-8,31,-5,144,63,0
91,9,-7,30,-5,145,65,2
91,9,-6,30,-5,145,65,3
91,9,-4,31,-5,145,65,3
91,9,-3,30,-5,145,65,2
91,9,-3,29,-5,146,65,4
91,9,-2,29,-5,147,65,4
92,10,-3,31,-5,147,65,3
93,11,-3,33,-5,147,64,4
93,14,-4,35,-5,147,65,7
94,16,-5,35,-5,147,65,9
95,19,-5,34,-5,147,67,12
96,21,-5,34,-5,147,67,14
97,25,-4,34,-5,147,68,17
98,28,-3,35,-5,147,69,20
98,32,-2,37,-5,147,69,24
97,36,-1,37,-5,147,68,26
98,39,0,38,-5,147,69,30
99,42,-1,37,-5,146,69,32
101,45,-1,37,-5,145,72,36
101,49,-1,37,-5,145,72,39
101,53,-1,37,-5,145,72,42
102,57,0,38,-5,145,69,46
103,61,0,39,-5,143,70,52
104,64,1,39,-6,142,72,54
104,66,0,39,-6,142,72,57
105,68,1,39,-5,143,73,59
106,71,1,40,-5,144,74,62
107,74,2,41,-5,144,74,64
107,75,2,41,-5,144,74,65
107,78,2,40,-5,145,74,68
107,79,1,40,-5,146,74,69
108,81,2,40,-5,147,75,72
109,83,3,42,-5,147,76,72
109,84,4,43,-6,147,75,74
108,85,5,44,-6,147,75,75
107,86,6,44,-5,147,74,75
107,87,6,44,-5,147,74,76
107,87,6,43,-5,147,74,76
107,87,7,42,-6,147,74,78
107,86,6,43,-7,147,74,75
108,85,6,44,-7,147,74,74
108,83,5,44,-7,147,75,73
109,83,5,44,-6,147,76,72
109,82,6,43,-7,147,76,72
109,82,6,43,-7,147,76,72
109,82,7,42,-7,148,76,74
109,83,6,43,-6,149,76,72
109,83,6,43,-5,150,76,73
110,83,5,44,-6,151,76,72
110,81,5,44,-7,151,76,72
110,79,5,44,-8,152,76,69
108,76,5,44,-8,152,75,67
109,75,5,44,-8,152,75,65
109,75,6,44,-8,152,76,65
110,75,5,44,-9,152,76,65
110,75,5,44,-9,152,76,65
109,74,5,44,-8,152,76,64
109,73,6,44,-7,151,76,63
110,72,6,43,-7,151,76,62
109,70,6,43,-8,152,76,61
107,70,5,41,-8,152,74,61
106,69,4,40,-7,151,73,59
106,69,3,40,-7,151,73,59
106,69,3,41,-8,152,73,59
106,69,3,41,-10,152,73,61
105,68,3,42,-10,152,73,59
104,66,3,42,-9,152,72,57
104,64,2,42,-7,151,72,54
104,62,2,41,-7,151,72,53
104,62,2,40,-8,152,72,53
103,61,1,41,-9,152,72,53
102,60,2,40,-10,152,70,51
102,57,2,41,-10,152,70,48
102,56,2,41,-10,152,70,47
101,55,2,40,-10,152,69,47
100,54,2,40,-10,152,68,46
100,52,2,40,-10,152,68,45
100,50,2,41,-10,152,68,42
100,48,2,41,-10,152,68,41
98,47,1,41,-10,152,67,40
97,46,1,40,-10,152,65,39
97,45,0,39,-10,152,65,37
97,43,0,39,-10,152,65,34
97,40,0,38,-10,152,68,31
96,40,-1,38,-10,152,64,31
95,39,-2,39,-9,152,63,30
93,39,-4,40,-8,152,63,30
93,37,-4,41,-9,152,61,28
93,34,-3,40,-10,152,62,25
93,33,-3,40,-10,152,62,24
93,32,-3,40,-10,152,63,24
94,33,-4,41,-10,152,61,23
93,33,-4,41,-10,152,61,23
93,33,-3,40,-10,152,62,25
93,33,-3,39,-10,152,62,25
93,33,-2,38,-10,152,63,24
93,33,-2,38,-10,152,62,25
93,33,-2,39,-10,152,62,25
93,33,-2,39,-10,152,62,25
93,33,-4,40,-10,152,62,25
93,33,-5,39,-10,152,62,23
93,33,-6,39,-10,153,62,23
93,33,-6,38,-10,154,62,23
93,33,-5,36,-10,153,62,25
93,33,-4,35,-10,152,64,25
93,33,-4,35,-10,152,64,25
93,33,-4,36,-10,152,62,25
93,33,-5,39,-10,152,62,25
93,33,-5,40,-10,152,62,23
93,33,-6,38,-10,152,62,23
93,33,-7,36,-10,152,62,23
93,33,-7,36,-10,152,62,23
93,33,-8,38,-10,152,62,23
93,33,-8,38,-10,152,63,21
93,33,-7,36,-10,153,63,21
93,33,-5,35,-10,154,64,25
93,33,-5,36,-10,154,62,25
93,33,-5,38,-10,152,62,25
93,32,-6,39,-10,151,63,21
94,32,-6,39,-10,152,63,21
95,31,-5,38,-10,154,64,23
94,32,-4,39,-10,155,63,24
93,32,-4,41,-10,156,61,21
93,33,-4,41,-10,156,61,23
95,34,-4,41,-10,155,62,23
96,34,-4,41,-10,155,63,24
97,35,-4,41,-10,155,63,24
96,35,-4,41,-10,153,63,24
97,35,-4,41,-10,152,63,24
97,35,-4,41,-10,153,64,24
98,35,-4,41,-10,155,64,24
98,36,-4,41,-10,156,64,25
97,37,-4,41,-10,156,64,25
96,39,-3,42,-10,155,62,30
95,39,-1,43,-10,155,62,30
95,40,0,44,-10,156,62,31
97,40,-2,43,-10,156,63,31
98,41,-3,42,-10,155,64,31
98,43,-4,41,-10,155,64,31
99,46,-3,42,-10,155,65,36
100,48,-2,43,-10,155,65,39
101,49,0,44,-10,154,67,39
101,49,0,44,-10,155,67,39
101,49,0,44,-10,155,67,39
101,51,-1,44,-10,156,68,41
102,54,-1,44,-10,155,68,43
102,56,-1,44,-10,154,68,45
103,56,0,44,-10,153,69,46
103,56,-1,44,-10,154,69,45
103,55,-1,44,-10,155,68,45
101,57,-1,44,-10,155,67,46
101,58,0,44,-10,155,67,47
101,60,0,43,-10,155,67,50
101,61,0,43,-10,156,67,50
101,61,0,43,-10,157,67,50
102,61,0,44,-10,157,68,50
102,61,-1,44,-10,157,68,50
102,61,-1,45,-10,157,68,50
101,60,-1,44,-10,157,67,50
101,60,0,44,-10,157,67,50
100,60,0,43,-10,157,65,48
100,60,0,43,-10,157,65,50
100,60,0,43,-10,157,65,50
100,60,0,44,-10,157,65,48
101,58,-1,45,-10,157,67,47
102,57,-1,45,-10,157,68,46
103,56,0,44,-10,157,69,46
102,56,0,43,-10,157,68,45
101,55,0,42,-10,157,67,45
101,53,-1,42,-10,157,67,42
100,50,-1,43,-10,157,67,41
101,49,-1,44,-10,157,67,39
101,48,-2,44,-10,157,67,39
100,48,-2,43,-10,157,65,39
98,47,-2,43,-10,157,64,37
97,46,-3,43,-10,157,63,37
97,45,-3,43,-11,157,64,36
99,43,-3,42,-11,157,65,34
100,42,-3,41,-11,158,65,32
98,41,-3,42,-10,159,64,31
96,40,-3,42,-9,159,63,31
95,40,-3,42,-10,157,62,31
95,39,-4,41,-10,156,62,30
96,39,-4,41,-10,156,62,28
97,37,-4,41,-10,159,63,25
98,36,-4,41,-9,161,64,25
98,36,-4,41,-9,162,64,25
97,35,-4,41,-10,160,64,24
97,35,-4,41,-10,159,63,24
95,34,-4,41,-10,159,62,23
93,33,-4,41,-9,159,61,23
93,33,-4,41,-9,160,61,21
93,33,-4,41,-10,160,61,21
93,33,-4,41,-11,161,61,23
93,33,-4,41,-12,161,61,23
94,33,-4,41,-12,162,61,23
94,31,-4,41,-12,162,61,20
94,29,-4,41,-10,162,62,19
94,28,-4,41,-10,162,61,18
93,28,-4,41,-10,162,59,18
92,28,-4,41,-11,162,59,18
91,28,-4,41,-12,162,58,18
91,27,-4,41,-13,162,58,17
92,26,-4,41,-14,162,59,15
92,26,-4,41,-14,162,59,15
92,27,-4,41,-14,162,59,17
92,27,-4,41,-14,162,59,17
92,26,-4,41,-14,162,59,17
92,26,-4,41,-14,162,59,15
92,26,-3,40,-14,162,61,18
92,26,-3,40,-14,162,61,18
92,26,-4,40,-14,161,61,18
92,26,-4,40,-14,160,61,18
92,26,-3,40,-14,160,61,18
92,26,-3,40,-14,162,61,18
92,26,-3,40,-14,162,61,18
92,26,-4,41,-14,162,59,15
92,26,-4,41,-14,162,59,15
92,26,-4,40,-14,160,61,18
91,27,-3,39,-14,160,61,19
90,29,-3,39,-14,161,59,21
90,30,-2,38,-14,161,59,21
89,31,-1,37,-14,161,58,23
89,30,-1,37,-14,160,61,21
90,30,-1,37,-14,161,62,21
90,31,-1,37,-13,162,59,23
92,32,-1,37,-13,162,62,24
93,33,-1,37,-12,162,62,25
94,33,-1,37,-12,162,65,25
93,33,-1,37,-13,162,64,25
93,33,-1,37,-13,162,62,25
93,33,-1,37,-14,162,62,25
93,33,-1,37,-13,162,62,25
93,33,-1,37,-13,162,64,25
93,33,-1,37,-13,162,64,25
93,33,-1,37,-14,162,62,25
93,33,-2,38,-14,162,62,25
93,33,-3,39,-14,162,62,25
93,33,-3,39,-14,162,62,25
93,33,-4,40,-14,162,62,25
93,33,-4,41,-14,162,61,23
93,33,-4,41,-14,162,61,23
93,33,-4,41,-14,162,61,23
93,33,-4,41,-14,162,61,23
93,33,-4,41,-14,162,61,23
93,33,-4,41,-14,162,61,23
93,33,-4,41,-14,162,61,23
93,33,-4,41,-14,162,61,23
93,33,-4,41,-14,162,61,23
93,33,-4,41,-14,162,61,23
93,33,-4,41,-14,162,61,23
93,33,-5,41,-14,162,61,21
93,33,-5,42,-14,162,61,23
93,33,-6,43,-14,162,61,23
93,33,-5,42,-14,162,61,21
93,33,-5,41,-14,162,61,21
94,33,-4,41,-14,162,61,23
93,33,-4,41,-14,162,61,23
93,34,-4,41,-14,162,59,23
92,34,-4,41,-14,162,59,24
93,34,-4,41,-14,162,59,24
94,36,-4,41,-14,162,61,24
94,37,-4,41,-14,162,61,26
94,39,-4,41,-14,162,61,28
93,39,-4,41,-14,162,61,28
94,39,-4,41,-14,162,61,28
95,39,-4,41,-14,162,62,28
95,40,-4,41,-14,162,62,29
95,40,-4,41,-14,162,62,29
95,40,-4,41,-14,162,62,29
95,40,-4,41,-14,162,62,29
95,40,-4,41,-14,162,62,29
95,40,-5,41,-14,162,62,29
95,39,-4,41,-14,162,62,28
95,39,-3,39,-14,162,64,30
95,40,-2,38,-14,162,63,31
94,41,-2,39,-14,162,63,31
94,41,-3,40,-14,162,63,32
94,41,-4,41,-14,162,61,29
95,40,-4,40,-14,162,64,31
95,40,-3,40,-14,162,64,31
95,40,-3,40,-14,162,64,31
95,39,-4,41,-14,162,62,28
94,38,-4,41,-14,162,61,26
94,35,-4,41,-14,162,61,24
94,33,-4,41,-14,162,61,23
93,32,-4,41,-14,162,61,21
93,33,-4,41,-14,162,61,21
92,33,-4,41,-14,162,59,21
90,31,-4,41,-14,162,58,20
90,30,-4,41,-14,162,57,19
91,27,-4,41,-14,162,58,17
93,25,-4,41,-14,162,59,14
93,22,-4,41,-14,162,59,13
91,21,-5,40,-14,162,58,10
91,19,-6,39,-14,162,61,9
90,18,-7,39,-14,162,61,8
90,16,-7,39,-14,162,59,7
90,14,-8,38,-14,162,59,4
90,11,-8,38,-14,162,59,2
90,10,-8,38,-14,162,61,1
90,9,-8,38,-14,162,61,0
90,8,-9,39,-14,162,57,0
88,7,-9,39,-14,162,56,-1
87,7,-9,39,-14,161,54,-1
86,4,-8,38,-14,160,56,-3
86,1,-8,37,-14,160,56,-6
85,0,-7,38,-14,159,56,-7
85,0,-8,38,-14,159,56,-8
85,0,-9,39,-14,159,53,-8
85,0,-10,38,-14,159,53,-9
85,0,-11,37,-14,160,56,-9
85,0,-11,36,-14,160,56,-7
85,0,-10,36,-13,159,56,-8
85,0,-9,36,-12,159,56,-8
85,0,-9,37,-13,159,56,-8
85,0,-8,38,-14,158,56,-8
85,0,-8,38,-15,158,56,-8
85,0,-9,39,-15,157,53,-8
85,0,-10,40,-15,157,53,-9
85,0,-11,41,-13,157,53,-9
85,0,-11,42,-11,157,51,-9
85,0,-11,42,-10,157,51,-9
85,0,-11,41,-10,157,53,-9
85,0,-11,41,-11,157,53,-9
85,0,-10,40,-11,157,53,-9
85,0,-10,40,-12,157,53,-9
85,0,-10,40,-12,157,53,-9
85,0,-11,41,-11,157,53,-9
85,0,-11,42,-11,157,53,-9
85,0,-12,41,-10,156,53,-10
85,0,-12,40,-10,155,53,-9
86,0,-13,40,-10,154,54,-9
87,1,-12,40,-10,153,54,-8
88,1,-11,41,-10,153,56,-8
89,1,-11,41,-10,153,57,-8
89,2,-11,42,-10,154,57,-7
88,3,-11,42,-10,153,54,-6
87,5,-11,41,-10,152,56,-4
87,5,-10,40,-10,152,54,-4
89,6,-9,39,-10,153,57,-2
91,6,-9,39,-10,154,59,-2
93,5,-10,40,-10,154,61,-4
94,5,-10,40,-10,152,61,-4
93,6,-9,39,-10,152,61,-2
92,7,-8,38,-10,151,62,-1
91,9,-8,37,-10,152,61,0
91,9,-8,38,-10,152,61,1
91,9,-8,38,-10,153,61,1
91,8,-8,38,-10,154,61,0
91,8,-8,38,-10,153,61,0
90,10,-8,38,-10,152,59,1
90,12,-7,38,-10,152,61,3
91,15,-7,39,-10,152,61,6
93,16,-7,39,-10,152,62,7
93,15,-7,39,-10,152,62,6
93,15,-6,39,-10,152,62,6
92,17,-5,40,-10,152,62,7
92,19,-4,41,-10,152,59,9
93,21,-4,41,-10,152,61,14
94,22,-4,41,-10,152,61,12
95,22,-4,41,-10,152,62,12
94,22,-4,41,-10,152,62,12
93,23,-4,41,-10,152,61,13
92,25,-4,41,-10,152,59,14
92,26,-4,41,-10,152,59,15
93,27,-4,41,-10,152,59,17
95,28,-4,41,-10,152,62,18
96,29,-4,41,-10,152,63,18
97,29,-4,41,-10,152,63,19
96,28,-4,41,-10,152,63,18
95,28,-6,42,-10,152,62,18
94,28,-6,43,-10,152,61,18
93,28,-7,43,-10,152,58,18
93,27,-7,43,-10,152,57,17
92,27,-7,43,-10,152,57,17
92,26,-7,43,-10,152,57,15
92,26,-7,43,-10,152,57,15
92,26,-7,43,-10,152,57,17
92,26,-7,43,-10,152,57,17
91,26,-6,43,-10,152,58,15
90,25,-6,43,-10,152,57,15
90,24,-6,43,-10,152,57,14
90,21,-7,44,-10,152,56,12
90,20,-7,45,-10,152,56,10
90,19,-8,45,-10,152,56,9
90,19,-7,43,-10,152,56,9
90,20,-6,42,-10,152,58,10
90,20,-5,42,-10,152,58,10
90,20,-6,43,-10,152,57,10
89,19,-7,43,-10,152,54,9
88,17,-8,43,-10,152,56,7
88,14,-8,41,-10,152,56,4
88,13,-8,39,-10,152,58,4
89,12,-8,37,-10,152,58,3
89,13,-8,37,-10,152,58,4
89,13,-8,38,-10,152,58,4
88,13,-7,40,-10,152,56,4
88,13,-7,42,-10,152,56,3
89,13,-6,41,-10,152,56,4
89,13,-7,39,-10,152,56,4
88,13,-8,38,-10,152,58,4
87,12,-8,37,-10,152,57,3
88,10,-8,38,-10,152,58,2
89,10,-8,38,-10,152,58,1
89,9,-8,38,-10,152,59,1
89,9,-8,38,-10,152,58,1
88,9,-8,38,-10,152,58,0
87,7,-8,38,-8,152,57,-1
87,6,-8,38,-7,151,57,-1
87,6,-8,38,-7,151,57,-2
87,7,-8,38,-8,152,57,-1
87,7,-8,38,-10,152,57,-1
87,5,-8,38,-10,152,57,-3
87,3,-8,38,-10,152,58,-4
88,1,-8,38,-10,152,58,-6
88,1,-8,38,-10,152,58,-6
88,1,-8,38,-10,152,58,-7
86,0,-8,38,-10,152,57,-7
85,0,-8,38,-10,152,56,-7
85,0,-8,38,-10,152,54,-8
85,0,-8,38,-10,152,56,-8
85,0,-8,38,-10,152,56,-7
85,0,-8,38,-10,152,56,-7
85,0,-8,38,-10,152,56,-7
85,0,-8,38,-10,152,56,-7
85,0,-8,38,-10,152,56,-8
85,0,-8,38,-10,152,54,-8
85,0,-8,38,-10,152,56,-7
86,0,-8,38,-10,152,57,-7
88,1,-8,38,-10,152,58,-6
89,2,-8,38,-9,152,59,-6
90,2,-8,38,-8,152,59,-4
89,3,-8,38,-9,152,58,-4
87,5,-8,38,-10,152,57,-3
86,6,-8,38,-10,152,57,-1
86,8,-8,38,-10,152,57,0
85,9,-8,38,-10,152,56,1
84,10,-8,38,-10,152,54,1
84,12,-8,38,-10,152,54,3
84,13,-8,38,-10,152,54,4
86,14,-7,38,-10,152,56,6
87,16,-7,39,-10,152,57,7
86,17,-7,39,-10,152,57,8
85,18,-7,38,-10,152,54,9
84,20,-7,38,-10,152,54,10
83,21,-7,38,-10,152,53,12
84,22,-6,40,-10,152,52,13
86,23,-4,41,-10,152,54,13
88,24,-3,41,-10,152,56,15
88,24,-3,40,-10,152,58,17
88,24,-4,39,-10,152,57,15
87,24,-4,37,-10,152,57,17
87,24,-4,36,-10,152,59,17
87,24,-3,36,-10,152,59,17
88,24,-2,36,-10,152,59,15
88,23,-1,37,-10,152,59,15
89,22,-2,37,-10,152,61,14
89,21,-2,37,-10,152,61,14
90,21,-2,36,-10,152,62,13
90,20,-3,36,-10,152,62,13
90,20,-3,35,-10,152,62,13
91,20,-3,36,-10,152,63,12
91,18,-3,36,-10,152,63,10
90,16,-2,36,-10,152,62,9
90,14,-3,36,-10,152,62,7
89,13,-4,34,-10,152,62,6
89,11,-5,34,-10,152,61,4
89,10,-5,34,-10,152,61,3
88,7,-5,35,-9,152,61,1
88,5,-6,36,-8,152,58,-2
88,3,-7,36,-9,152,58,-4
88,1,-7,37,-9,152,58,-6
87,0,-8,38,-9,152,58,-8
86,-3,-9,37,-9,152,56,-10
84,-6,-10,36,-9,152,54,-13
83,-8,-11,34,-9,152,53,-15
82,-11,-12,34,-9,152,53,-18
82,-13,-11,35,-9,152,53,-19
81,-15,-11,35,-9,152,52,-21
81,-18,-12,34,-9,152,52,-24
80,-21,-13,34,-9,152,51,-30
79,-25,-13,33,-9,152,51,-32
78,-26,-12,33,-9,152,50,-34
77,-28,-13,33,-8,152,48,-35
77,-29,-14,32,-7,151,51,-37
76,-32,-15,32,-5,151,50,-39
75,-34,-16,32,-5,151,47,-41
74,-35,-17,32,-6,151,46,-42
74,-37,-16,32,-7,151,46,-43
74,-38,-15,32,-7,151,48,-45
75,-40,-15,31,-6,151,48,-47
75,-40,-15,31,-5,151,48,-47
74,-41,-15,31,-5,151,48,-47
72,-41,-16,31,-5,151,47,-48
72,-42,-17,30,-6,151,46,-48
71,-42,-17,29,-7,152,46,-48
72,-42,-18,28,-8,152,47,-48
74,-41,-18,28,-9,151,48,-47
75,-40,-19,28,-9,150,48,-47
75,-38,-19,28,-8,150,50,-45
75,-36,-18,28,-7,151,50,-43
75,-34,-18,29,-6,151,50,-41
75,-32,-16,30,-5,150,50,-40
75,-30,-15,31,-5,148,50,-37
75,-28,-15,31,-5,147,50,-36
76,-26,-15,31,-6,146,51,-34
78,-23,-15,31,-6,147,51,-31
79,-19,-14,32,-6,147,52,-28
79,-15,-12,33,-5,147,51,-24
80,-12,-11,35,-5,147,51,-19
80,-10,-11,35,-5,147,51,-18
80,-8,-11,34,-6,147,51,-15
81,-5,-11,34,-5,147,52,-13
82,-1,-10,35,-5,147,52,-9
83,1,-9,37,-5,147,53,-6
84,4,-8,38,-6,147,54,-3
85,7,-8,38,-6,145,54,-1
85,9,-8,38,-5,143,56,1
85,12,-8,38,-4,142,56,3
85,15,-7,39,-3,143,56,6
86,17,-5,40,-3,145,53,7
87,18,-4,41,-3,145,54,9
88,20,-4,41,-3,145,56,13
88,22,-4,41,-2,145,56,13
88,24,-4,41,-1,145,56,14
87,24,-4,41,-2,144,54,14
87,24,-4,41,-2,143,54,14
89,24,-4,41,-2,143,57,14
91,25,-4,41,-1,143,58,15
92,26,-4,41,0,145,59,15
92,27,-4,41,0,147,59,17
92,27,-4,41,-1,146,59,17
92,26,-4,41,-2,145,59,15
92,26,-4,41,-3,144,59,15
92,26,-4,41,-3,145,59,15
92,26,-4,41,-4,146,59,17
91,27,-4,41,-5,146,58,17
92,26,-4,41,-6,144,59,15
92,25,-4,41,-6,142,59,15
93,23,-4,41,-6,141,61,13
94,22,-4,41,-6,142,61,12
94,22,-5,40,-6,144,62,12
94,22,-6,39,-6,145,63,12
94,22,-6,39,-5,145,63,12
94,23,-7,38,-4,144,63,13
95,22,-8,38,-3,144,64,12
95,21,-8,38,-4,143,64,12
95,18,-8,37,-5,143,64,9
94,16,-7,37,-6,142,63,7
93,15,-7,36,-6,142,62,6
92,15,-7,37,-5,142,62,6
93,15,-8,37,-4,142,62,6
93,16,-8,38,-3,142,62,7
93,16,-8,38,-2,142,62,7
93,15,-8,38,-1,141,62,6
91,15,-8,38,-1,141,61,6
90,14,-8,38,-1,141,59,4
89,13,-8,38,-1,141,58,4
88,13,-8,38,-1,141,58,4
88,13,-8,38,-1,141,58,4
89,13,-8,38,-1,141,58,4
89,13,-8,38,-1,141,58,4
88,13,-8,38,-1,141,58,4
88,13,-8,38,-1,141,58,4
88,13,-9,36,-1,141,58,3
88,13,-9,35,-1,141,58,4
88,13,-9,35,-1,141,58,4
89,13,-8,36,-1,141,58,4
89,13,-8,35,-1,141,58,4
88,13,-8,33,-1,141,61,3
88,13,-8,32,-1,141,59,4
88,14,-8,30,-1,141,62,6
89,15,-8,30,-1,141,63,6
91,16,-8,31,-1,141,63,7
91,17,-8,32,-1,141,63,8
91,18,-8,33,-1,141,63,9
90,19,-8,34,-1,141,62,9
90,20,-8,33,-1,141,62,10
90,20,-8,32,-1,141,62,10
89,21,-8,31,-1,141,61,10
89,22,-8,30,-1,141,63,12
89,24,-8,31,-1,141,61,14
90,26,-8,31,-1,141,62,17
91,28,-7,32,-1,141,63,18
91,29,-7,32,-1,141,62,21
90,29,-7,32,-1,141,62,21
90,29,-7,32,-1,141,62,21
90,29,-6,33,-1,141,62,21
90,30,-6,33,-1,141,62,21
90,31,-7,32,-2,141,62,23
91,32,-8,31,-3,142,63,21
91,33,-8,30,-4,142,64,23
91,35,-8,30,-5,142,64,24
90,37,-8,31,-6,142,62,26
90,37,-8,31,-6,142,61,26
88,36,-7,32,-5,142,59,28
88,33,-6,33,-3,142,59,25
88,32,-4,34,-3,142,61,23
89,30,-4,35,-3,142,61,21
90,30,-5,34,-5,142,62,21
90,31,-6,33,-6,142,62,23
90,31,-6,33,-6,142,62,23
89,31,-6,33,-6,142,61,23
88,29,-5,34,-6,142,59,21
86,29,-4,34,-6,142,58,20
86,29,-5,34,-4,142,58,20
88,30,-5,34,-2,142,61,21
90,29,-5,34,-2,141,62,21
90,27,-5,34,-4,141,62,19
89,25,-4,34,-6,142,61,17
89,24,-5,34,-6,144,61,17
91,25,-6,35,-6,145,63,18
91,26,-7,36,-5,146,61,15
91,25,-8,38,-5,145,61,15
89,25,-7,39,-5,144,59,14
89,25,-5,40,-6,143,56,14
90,26,-4,41,-6,142,57,15
92,26,-4,41,-6,141,59,18
93,25,-4,41,-6,141,61,15
93,24,-5,42,-5,142,61,14
93,23,-6,43,-5,143,61,13
93,24,-7,43,-5,144,61,14
93,23,-7,44,-5,144,58,13
94,22,-7,46,-5,143,58,13
94,22,-5,47,-5,144,59,12
94,22,-4,48,-5,144,59,12
94,22,-3,48,-5,146,58,13
94,22,-3,49,-5,147,59,12
95,21,-2,49,-5,147,57,10
96,19,-2,50,-5,147,58,9
97,18,-2,49,-5,147,59,8
97,18,-3,49,-5,147,62,8
97,18,-4,48,-5,147,62,8
95,17,-4,48,-6,147,61,8
93,17,-5,49,-6,147,56,7
93,16,-4,50,-6,147,56,7
93,14,-3,50,-5,147,56,4
94,12,-4,50,-5,147,57,3
94,10,-6,50,-6,147,57,2
92,9,-7,51,-7,147,53,-1
91,9,-7,52,-7,147,52,-1
91,9,-7,52,-8,147,52,-2
92,7,-7,52,-8,147,52,-2
92,5,-7,51,-8,147,52,-4
90,3,-7,51,-9,147,52,-7
90,2,-7,52,-9,147,51,-8
89,2,-7,52,-9,147,51,-8
89,2,-7,52,-9,147,51,-7
89,2,-8,51,-10,147,51,-7
88,1,-10,49,-10,147,52,-8
86,0,-10,47,-9,147,50,-9
85,0,-9,45,-8,148,51,-9
85,0,-8,45,-9,151,51,-8
86,-1,-7,44,-10,152,52,-8
87,-3,-7,45,-10,152,53,-10
88,-3,-7,45,-9,152,53,-10
88,-4,-8,45,-8,152,53,-12
88,-4,-9,44,-8,152,53,-14
88,-3,-10,42,-10,152,53,-13
88,-4,-11,41,-10,152,56,-14
88,-4,-11,41,-10,152,56,-14
87,-4,-11,41,-10,152,56,-14
87,-2,-11,42,-10,152,54,-12
87,0,-11,41,-10,152,56,-10
88,1,-11,41,-10,152,56,-8
89,2,-11,41,-10,152,57,-7
89,2,-11,41,-10,152,57,-7
89,3,-11,42,-10,152,54,-7
88,5,-10,42,-10,152,53,-4
88,7,-9,42,-10,151,56,-1
89,8,-8,40,-10,152,57,0
90,10,-7,39,-10,154,59,1
90,11,-5,39,-10,155,59,2
90,14,-4,41,-9,157,57,4
90,16,-4,41,-10,156,57,7
91,18,-4,41,-11,155,58,9
92,20,-4,41,-13,154,59,10
93,22,-4,41,-14,155,59,12
93,24,-4,41,-14,156,61,14
94,26,-4,41,-13,157,62,15
95,28,-4,41,-13,157,62,18
96,29,-4,41,-14,157,62,19
95,30,-4,41,-15,157,62,21
95,31,-3,40,-15,157,64,23
95,34,-3,40,-14,157,64,25
95,36,-4,40,-14,157,64,28
96,39,-4,40,-14,157,64,30
95,39,-3,40,-15,157,64,30
95,40,-2,41,-14,157,64,31
97,40,-2,41,-14,157,63,31
98,42,-3,42,-14,157,64,32
98,43,-4,42,-14,157,64,31
98,44,-4,41,-14,157,64,32
98,43,-3,40,-14,157,67,34
99,43,-3,39,-14,157,68,34
100,42,-3,40,-14,157,68,32
99,42,-4,41,-14,157,65,32
98,41,-4,41,-14,157,64,30
96,40,-4,41,-14,157,63,29
95,40,-4,41,-14,157,62,29
95,39,-4,41,-14,157,62,28
96,38,-4,41,-14,157,63,28
97,37,-4,41,-14,157,64,26
98,36,-4,41,-14,158,64,25
97,35,-4,41,-14,159,63,24
95,32,-4,41,-14,160,62,21
94,30,-5,40,-14,161,61,19
93,27,-6,39,-14,162,62,17
93,25,-6,39,-14,162,62,14
92,22,-7,38,-14,162,62,13
91,21,-8,38,-14,162,61,12
90,19,-8,38,-14,162,61,9
90,18,-8,38,-14,162,59,8
89,15,-8,38,-14,162,58,6
88,13,-7,38,-14,162,58,3
88,10,-8,38,-14,162,58,2
87,9,-9,37,-14,162,57,0
86,7,-10,35,-14,162,56,-1
85,7,-10,34,-14,162,57,-1
84,5,-10,33,-14,162,57,-3
83,3,-11,33,-14,162,56,-4
83,0,-11,34,-14,162,53,-7
82,-1,-11,35,-14,162,52,-8
80,-3,-11,35,-14,162,51,-10
79,-3,-11,34,-14,162,50,-12
79,-4,-11,34,-14,162,50,-12
78,-4,-11,34,-14,162,48,-12
77,-4,-12,35,-14,162,48,-14
76,-4,-11,34,-14,162,47,-12
77,-5,-11,34,-14,162,48,-12
77,-4,-12,35,-14,162,48,-14
77,-4,-12,35,-16,162,48,-14
77,-4,-11,34,-18,162,48,-12
76,-4,-11,34,-19,162,47,-12
77,-5,-11,34,-20,162,48,-12
77,-4,-12,35,-20,162,48,-14
77,-4,-13,36,-19,162,48,-14
76,-4,-13,36,-18,162,47,-14
76,-5,-13,36,-16,162,47,-15
77,-5,-12,35,-14,162,48,-15
78,-3,-11,34,-15,162,50,-12
79,-1,-11,34,-16,162,50,-9
79,0,-11,34,-18,162,50,-7
78,1,-11,34,-18,162,50,-6
79,1,-12,35,-18,162,50,-8
79,2,-12,35,-18,162,51,-8
81,4,-13,36,-18,162,52,-6
81,7,-13,36,-18,162,52,-3
80,8,-13,36,-18,162,51,-2
80,8,-13,36,-18,162,51,-2
80,8,-13,35,-18,162,51,-2
81,8,-12,35,-19,162,52,-2
82,11,-10,35,-20,162,53,2
82,13,-9,37,-19,162,52,4
82,15,-8,38,-18,162,52,6
83,16,-8,38,-17,162,53,7
85,16,-8,38,-17,162,56,7
86,17,-8,38,-18,162,56,7
86,18,-8,38,-18,162,56,8
85,18,-8,38,-18,162,54,9
85,18,-8,38,-17,162,54,9
86,19,-8,38,-18,162,57,9
89,19,-8,38,-18,162,58,9
89,21,-8,38,-19,162,59,10
89,23,-8,38,-19,162,58,13
88,24,-8,38,-19,162,57,14
87,24,-8,38,-19,162,57,14
87,24,-8,38,-19,162,57,14
87,23,-8,38,-19,162,57,13
88,24,-8,38,-19,162,57,14
89,25,-8,37,-19,162,59,14
91,25,-8,38,-19,162,61,15
92,26,-7,39,-19,162,61,17
91,28,-6,40,-19,162,58,18
90,29,-6,39,-19,162,59,19
90,31,-6,38,-19,162,59,20
92,32,-4,36,-19,162,62,24
93,33,-3,36,-19,162,64,24
93,34,-1,37,-19,162,64,25
93,37,0,38,-19,162,64,28
94,38,-1,37,-19,162,63,29
95,40,-1,37,-19,162,63,31
96,42,0,39,-19,162,64,32
97,45,1,39,-19,162,65,37
98,47,2,40,-19,162,67,40
100,48,2,41,-21,162,68,41
101,49,2,41,-22,162,69,42
102,51,2,40,-23,162,70,43
102,53,2,41,-23,162,70,45
102,56,2,41,-23,162,70,47
102,57,2,40,-22,162,70,50
102,59,1,40,-21,162,70,51
103,61,2,41,-20,162,70,52
104,62,3,42,-19,162,72,53
105,65,4,43,-19,162,73,56
106,67,4,43,-19,163,73,58
106,69,3,42,-19,164,73,59
106,69,3,41,-20,165,73,61
106,69,3,42,-21,166,74,59
106,68,4,42,-20,167,73,59
106,69,5,43,-19,167,73,59
105,70,5,44,-19,167,73,61
104,72,6,44,-18,167,72,63
104,73,6,44,-19,167,72,63
104,72,6,44,-19,167,72,63
104,72,6,44,-20,167,72,62
105,71,5,43,-21,167,73,62
106,70,4,43,-22,167,73,61
106,69,4,43,-23,167,73,61
105,68,5,43,-24,167,73,59
103,67,5,43,-24,167,70,58
103,65,4,43,-24,168,70,56
103,63,3,42,-23,169,72,54
104,62,3,42,-23,169,72,53
105,62,3,42,-23,169,73,53
104,62,3,42,-24,169,72,53
104,61,2,41,-23,171,72,52
103,58,2,40,-24,172,70,50
103,55,1,40,-23,173,70,47
102,53,2,40,-23,173,70,45
101,51,1,41,-23,172,69,43
101,49,1,42,-23,172,69,41
101,46,0,42,-24,172,69,37
100,44,0,41,-25,172,69,35
99,43,0,39,-25,172,68,34
98,41,-1,37,-25,172,69,32
97,39,-1,37,-25,172,68,30
97,37,-1,37,-27,172,68,29
98,34,-1,38,-28,173,67,25
98,32,-2,39,-29,173,67,23
97,30,-3,40,-28,173,67,21
96,29,-4,39,-28,173,65,21
94,28,-6,37,-28,173,63,18
93,26,-6,36,-28,173,63,15
93,24,-7,36,-28,172,63,14
94,23,-7,37,-28,173,63,13
94,22,-7,38,-28,174,63,12
94,20,-7,37,-28,176,63,10
93,18,-7,37,-28,177,62,8
93,16,-7,37,-28,178,62,7
93,15,-8,37,-28,178,62,6
93,15,-8,38,-28,177,62,6
91,15,-8,38,-28,177,61,6
90,14,-8,38,-28,177,59,4
89,13,-8,38,-28,177,58,4
88,13,-8,38,-28,177,58,3
89,12,-8,38,-28,177,59,3
90,11,-8,38,-28,177,59,2
90,11,-8,38,-28,177,59,2
90,10,-8,38,-28,177,59,2
90,10,-8,38,-28,177,59,2
90,11,-8,38,-28,177,59,2
89,11,-8,38,-29,177,59,2
90,11,-8,38,-30,177,59,2
90,10,-8,38,-31,177,59,2
90,10,-8,38,-31,177,59,1
90,10,-8,38,-31,177,59,2
89,11,-8,38,-30,177,59,2
88,13,-8,38,-29,177,58,3
88,14,-8,38,-28,177,58,4
88,13,-8,38,-29,177,58,4
89,12,-8,38,-32,177,58,3
89,11,-8,38,-32,178,59,2
89,11,-8,38,-32,178,59,2
89,12,-8,38,-31,177,59,3
89,12,-8,38,-31,177,58,3
89,12,-8,38,-32,178,59,3
89,11,-8,38,-33,178,59,2
89,11,-8,38,-33,178,59,2
89,12,-8,38,-33,178,58,3
88,13,-7,38,-33,178,58,4
89,13,-8,38,-33,178,58,4
90,12,-9,37,-33,178,59,3
90,10,-10,35,-33,178,59,1
90,8,-11,35,-33,178,59,0
88,7,-12,34,-33,178,58,-1
87,7,-12,35,-33,178,57,-3
86,6,-11,35,-33,178,57,-1
86,4,-11,35,-33,178,57,-3
86,2,-11,34,-33,178,56,-6
86,0,-10,33,-33,177,58,-7
85,0,-10,32,-33,178,57,-7
84,0,-9,32,-32,180,57,-8
83,-2,-10,32,-32,181,56,-10
83,-5,-10,32,-32,181,56,-12
83,-7,-9,32,-32,181,56,-14
82,-7,-9,31,-32,181,56,-14
80,-8,-8,31,-32,181,53,-15
79,-9,-8,31,-32,181,53,-15
80,-10,-8,31,-32,182,53,-17
81,-12,-8,31,-32,182,54,-19
81,-14,-8,31,-32,181,54,-20
79,-15,-9,30,-32,181,54,-21
78,-15,-11,28,-32,182,53,-21
77,-15,-11,28,-32,182,53,-21
78,-17,-11,28,-32,183,54,-23
79,-18,-10,28,-32,182,56,-25
80,-19,-11,28,-32,181,56,-25
80,-20,-11,28,-32,181,56,-26
80,-20,-11,28,-32,182,56,-26
80,-19,-10,28,-32,183,56,-25
80,-19,-11,28,-32,183,56,-25
80,-20,-11,28,-32,183,56,-26
79,-21,-12,27,-32,182,54,-26
79,-22,-12,27,-32,181,54,-28
79,-23,-12,27,-32,180,54,-29
79,-22,-12,28,-32,180,54,-28
79,-21,-12,28,-32,180,54,-26
79,-20,-12,28,-32,180,54,-26
79,-20,-12,27,-32,181,54,-26
79,-21,-12,28,-32,181,54,-26
80,-20,-12,28,-32,181,56,-26
80,-19,-12,28,-32,180,56,-25
79,-18,-13,29,-32,180,53,-24
79,-17,-14,30,-32,179,52,-26
78,-17,-14,31,-32,179,51,-25
78,-15,-14,32,-32,179,52,-24
79,-15,-13,32,-32,179,52,-24
81,-14,-11,32,-32,180,54,-20
82,-13,-10,32,-32,179,54,-20
81,-12,-9,31,-32,178,54,-19
80,-10,-10,31,-33,178,53,-18
81,-8,-13,31,-33,177,53,-15
82,-7,-14,32,-33,178,54,-17
83,-5,-14,32,-32,178,53,-14
82,-3,-13,33,-32,179,53,-13
81,-2,-12,34,-32,180,52,-12
81,-2,-11,34,-32,179,52,-9
81,-2,-11,35,-32,178,52,-9
81,-2,-11,35,-33,178,52,-9
81,-2,-11,34,-33,178,52,-9
81,-2,-11,34,-33,178,52,-10
81,-2,-11,34,-33,178,52,-9
81,-1,-11,35,-33,178,52,-9
82,-1,-11,34,-33,178,53,-9
83,-3,-11,34,-33,178,53,-10
84,-4,-11,34,-33,178,54,-12
84,-6,-11,35,-33,178,54,-13
84,-6,-11,34,-33,178,54,-14
83,-7,-11,34,-33,178,53,-14
83,-8,-12,35,-33,178,53,-18
82,-10,-11,35,-33,178,53,-18
82,-13,-11,35,-33,178,53,-20
82,-14,-11,34,-33,178,53,-21
82,-16,-13,34,-33,178,53,-25
82,-18,-14,32,-33,178,54,-26
81,-21,-15,31,-33,178,54,-30
80,-24,-15,30,-33,178,53,-31
79,-25,-14,30,-33,178,53,-34
79,-26,-13,29,-33,178,52,-32
79,-28,-12,28,-33,178,56,-32
80,-29,-12,28,-33,178,56,-35
80,-31,-12,27,-33,178,56,-36
79,-32,-12,27,-33,178,54,-37
77,-33,-12,28,-33,178,53,-39
76,-33,-12,28,-33,178,52,-39
77,-33,-12,28,-33,178,53,-39
77,-33,-12,28,-33,178,53,-37
77,-33,-12,28,-33,178,53,-37
77,-33,-12,27,-33,178,53,-39
77,-33,-12,27,-33,178,53,-39
77,-33,-12,28,-33,178,53,-39
75,-32,-11,28,-33,178,52,-37
75,-30,-9,30,-32,178,51,-35
76,-28,-8,31,-31,177,50,-34
77,-27,-8,31,-30,177,51,-32
78,-26,-8,31,-29,177,52,-32
78,-25,-8,31,-29,177,52,-31
77,-24,-8,31,-30,178,51,-30
77,-21,-8,31,-31,178,51,-28
77,-19,-8,31,-30,177,51,-25
78,-16,-8,31,-29,176,52,-23
79,-14,-8,31,-28,176,53,-21
81,-14,-8,31,-28,176,54,-20
82,-13,-8,31,-28,178,54,-20
81,-12,-8,31,-28,178,54,-19
80,-10,-8,31,-28,176,53,-18
79,-9,-8,31,-28,174,52,-17
79,-9,-8,31,-28,173,53,-15
80,-8,-9,32,-28,174,53,-15
80,-7,-10,32,-28,176,53,-14
81,-6,-10,33,-28,178,54,-13
82,-5,-10,32,-29,178,54,-13
82,-5,-10,32,-30,177,56,-12
83,-5,-10,32,-29,175,56,-12
83,-5,-10,32,-28,174,56,-13
83,-6,-9,32,-28,175,56,-13
83,-7,-9,31,-28,177,56,-14
83,-7,-8,31,-28,178,56,-14
83,-7,-8,31,-28,178,56,-14
83,-7,-8,31,-28,176,56,-14
83,-6,-8,31,-28,174,56,-14
83,-6,-8,31,-28,173,56,-13
84,-6,-8,31,-28,174,57,-13
84,-7,-8,31,-28,175,57,-14
84,-10,-8,31,-28,174,57,-17
83,-12,-8,31,-28,173,56,-19
82,-13,-10,29,-28,172,57,-20
82,-13,-11,28,-28,173,57,-20
82,-13,-10,28,-28,174,57,-20
82,-13,-9,30,-28,175,57,-19
82,-13,-8,30,-28,174,57,-20
82,-13,-9,30,-28,173,54,-20
82,-13,-9,30,-28,173,57,-20
82,-13,-9,29,-28,173,57,-20
82,-13,-9,28,-28,173,57,-20
83,-14,-8,28,-28,173,58,-19
83,-15,-8,29,-28,173,58,-19
81,-15,-8,30,-28,173,57,-21
80,-14,-8,31,-28,173,53,-20
81,-14,-8,31,-28,173,54,-20
82,-13,-8,31,-28,173,54,-20
82,-13,-8,31,-28,173,56,-19
81,-12,-8,31,-28,173,54,-19
80,-10,-8,31,-28,173,53,-18
79,-9,-8,31,-28,173,53,-15
80,-8,-8,31,-28,173,53,-15
81,-6,-8,31,-27,173,54,-13
82,-4,-8,31,-26,172,56,-12
83,-1,-8,31,-25,172,58,-9
83,0,-8,31,-25,172,56,-7
83,2,-10,32,-25,172,56,-6
83,4,-10,34,-27,172,56,-3
83,6,-10,35,-28,173,53,-2
83,8,-9,37,-29,173,53,0
84,10,-8,38,-28,173,54,2
85,13,-7,38,-27,173,56,3
85,15,-8,38,-25,173,56,6
86,17,-8,38,-24,171,56,8
86,20,-8,38,-23,169,57,10
87,22,-8,38,-23,168,57,12
88,23,-8,38,-24,169,57,13
89,25,-8,38,-25,170,58,15
90,27,-7,38,-25,172,59,17
90,29,-6,39,-25,171,59,19
91,31,-6,39,-24,169,61,20
92,33,-5,40,-23,168,59,23
92,34,-4,41,-24,168,59,23
93,34,-4,41,-23,169,59,24
94,35,-4,41,-24,171,61,24
95,36,-4,41,-24,172,62,25
96,38,-5,41,-23,171,62,26
95,39,-4,41,-23,169,62,28
95,40,-3,40,-24,167,64,31
97,41,-2,39,-24,167,65,31
98,42,-2,38,-24,168,67,32
99,42,-2,39,-23,169,68,32
98,41,-2,40,-23,169,67,32
96,40,-1,42,-23,169,63,31
97,40,-1,44,-23,168,63,31
98,41,0,45,-24,167,64,32
99,42,0,44,-24,167,65,32
98,42,0,43,-24,167,64,32
96,41,-1,42,-24,168,63,31
95,39,-2,40,-24,167,64,30
95,38,-3,40,-24,167,64,29
97,37,-4,40,-24,167,65,28
97,36,-4,40,-24,167,67,26
98,35,-4,41,-24,167,64,26
98,36,-3,40,-24,167,67,26
97,36,-2,39,-24,167,67,26
96,35,-2,38,-24,167,64,26
95,34,-3,39,-24,167,64,25
94,32,-4,41,-24,167,62,21
95,30,-4,42,-24,167,62,19
96,28,-4,41,-24,167,63,18
95,28,-5,40,-24,168,62,18
93,28,-7,39,-24,167,63,18
91,27,-8,38,-24,167,61,17
90,25,-8,38,-24,167,59,15
90,23,-8,38,-23,168,59,13
89,21,-8,38,-23,169,59,10
88,19,-8,38,-23,169,58,9
87,18,-8,38,-23,169,57,8
87,16,-9,37,-24,168,57,7
88,14,-9,36,-24,168,58,4
88,11,-10,36,-23,168,58,2
87,8,-10,35,-23,169,57,0
86,6,-11,35,-23,169,56,-2
85,3,-11,34,-23,169,56,-4
84,1,-11,35,-23,169,54,-7
83,0,-11,35,-23,169,53,-8
82,-2,-11,34,-23,168,53,-9
82,-3,-13,33,-24,167,53,-13
83,-5,-14,32,-24,167,56,-14
83,-6,-14,32,-24,168,56,-15
83,-7,-14,32,-24,168,56,-17
82,-9,-14,32,-24,167,54,-19
81,-11,-14,32,-24,167,54,-20
81,-13,-14,32,-23,168,54,-21
82,-13,-14,32,-23,169,54,-23
82,-13,-14,32,-23,169,54,-21
82,-13,-14,32,-23,169,54,-21
82,-13,-14,32,-23,168,54,-21
82,-13,-14,32,-24,167,54,-21
82,-13,-15,31,-24,167,54,-21
82,-13,-15,31,-24,167,54,-21
82,-13,-15,31,-24,168,54,-23
81,-13,-14,32,-24,167,54,-21
82,-13,-14,32,-24,167,54,-21
83,-12,-14,32,-24,167,56,-21
85,-11,-14,32,-24,167,58,-20
86,-11,-13,33,-24,167,56,-20
86,-10,-13,33,-24,168,57,-19
87,-9,-13,33,-24,168,57,-18
87,-6,-12,33,-24,167,57,-15
87,-2,-12,34,-24,166,57,-10
86,-1,-11,35,-24,164,56,-8
85,0,-11,35,-24,165,56,-8
85,0,-11,34,-24,166,54,-7
86,2,-11,33,-24,166,58,-6
86,4,-10,33,-22,165,59,-3
87,6,-9,33,-20,162,59,-2
86,7,-8,34,-20,162,59,-1
86,8,-9,35,-20,162,57,0
86,10,-10,36,-21,162,56,1
87,12,-10,37,-21,162,57,3
88,13,-9,37,-19,162,58,4
89,13,-7,37,-19,162,58,4
88,13,-5,35,-19,162,61,6
88,14,-4,34,-21,162,61,7
88,17,-4,34,-21,162,59,9
88,18,-5,34,-21,162,59,10
88,19,-5,34,-20,162,61,12
89,19,-5,34,-19,162,61,12
90,20,-5,34,-19,162,62,12
91,21,-4,34,-19,162,63,14
92,23,-4,34,-19,162,63,15
93,25,-4,34,-19,162,64,17
93,26,-5,34,-19,162,64,18
92,26,-5,34,-19,162,63,19
91,26,-4,34,-19,162,63,18
91,26,-3,35,-19,162,63,18
92,26,-2,36,-19,162,63,19
93,27,-3,36,-19,162,65,19
95,28,-3,36,-19,162,67,20
95,28,-3,36,-19,162,65,20
93,28,-2,36,-19,162,65,19
92,26,-1,37,-19,162,63,19
91,26,-1,38,-19,162,61,18
92,26,-2,39,-19,162,61,18
92,27,-3,40,-19,162,62,19
91,27,-4,41,-19,162,58,17
92,26,-6,40,-19,161,59,15
93,25,-7,39,-19,160,62,15
94,24,-8,38,-19,161,63,14
94,22,-8,37,-19,162,63,12
93,21,-7,37,-19,163,62,12
91,21,-7,36,-19,162,61,10
90,20,-6,36,-19,161,59,10
91,18,-5,35,-19,160,63,12
92,17,-5,34,-19,161,63,9
91,15,-4,34,-19,162,63,8
90,14,-4,34,-19,162,62,7
89,13,-5,34,-19,162,61,6
89,12,-6,33,-19,162,61,6
89,10,-7,32,-19,162,61,1
89,7,-8,31,-19,162,61,-1
88,4,-8,30,-19,162,62,-3
87,2,-8,31,-19,162,59,-4
86,1,-8,31,-19,162,59,-7
86,0,-8,31,-19,162,58,-8
85,-1,-8,31,-19,161,57,-9
83,-4,-8,31,-19,160,56,-12
83,-7,-8,31,-19,161,56,-14
82,-10,-8,31,-19,162,54,-17
81,-12,-8,31,-18,162,54,-19
80,-14,-8,31,-17,162,53,-20
79,-15,-9,30,-18,162,54,-21
79,-17,-11,28,-19,162,54,-23
79,-18,-12,26,-19,162,54,-25
79,-20,-12,24,-18,162,57,-26
78,-22,-11,24,-16,162,56,-28
77,-23,-11,25,-14,162,56,-29
77,-24,-11,27,-14,162,53,-30
77,-25,-11,28,-14,162,53,-31
76,-26,-12,28,-14,161,52,-31
76,-26,-13,27,-14,160,52,-31
76,-25,-14,25,-14,161,52,-31
77,-25,-15,24,-14,160,53,-34
77,-26,-16,24,-14,159,53,-34
77,-28,-16,24,-14,157,53,-35
76,-28,-15,25,-14,157,52,-36
75,-26,-14,25,-15,157,52,-32
76,-24,-13,27,-16,157,52,-30
76,-22,-11,28,-17,157,52,-28
76,-22,-12,28,-16,157,52,-28
76,-22,-14,28,-15,157,52,-30
76,-22,-16,27,-14,157,52,-30
77,-22,-15,26,-14,157,53,-30
79,-20,-13,27,-14,157,54,-26
79,-18,-12,27,-15,157,54,-25
79,-16,-13,27,-15,157,54,-23
79,-14,-14,27,-14,157,54,-21
79,-14,-14,28,-14,157,54,-24
79,-15,-14,30,-14,157,52,-24
79,-14,-14,31,-14,157,53,-24
80,-13,-14,31,-14,157,53,-21
80,-10,-14,31,-14,157,53,-19
80,-9,-14,30,-14,156,53,-18
79,-8,-14,30,-14,155,52,-18
79,-9,-15,28,-14,156,52,-18
79,-9,-14,27,-14,157,54,-17
79,-9,-14,27,-14,157,54,-17
79,-9,-13,28,-14,158,54,-15
79,-9,-13,29,-14,157,53,-15
79,-9,-13,29,-15,157,54,-17
79,-9,-12,28,-14,156,54,-17
79,-9,-12,27,-14,155,54,-15
79,-8,-12,27,-14,154,54,-15
80,-9,-12,27,-15,155,56,-15
80,-10,-12,28,-15,156,56,-17
80,-12,-12,28,-14,157,56,-19
79,-14,-11,28,-13,156,54,-21
78,-16,-12,27,-11,154,53,-23
78,-17,-13,27,-11,153,54,-24
79,-18,-14,25,-13,154,56,-24
80,-19,-15,24,-15,154,56,-28
79,-21,-16,24,-15,152,54,-29
77,-21,-15,24,-14,152,53,-30
75,-22,-15,24,-13,152,52,-30
76,-22,-15,25,-13,154,52,-30
77,-23,-15,25,-14,155,53,-31
78,-25,-15,24,-14,156,53,-34
77,-27,-15,24,-13,156,53,-35
76,-28,-15,24,-14,154,52,-36
75,-28,-16,25,-14,153,52,-36
75,-28,-17,25,-14,152,52,-36
75,-28,-17,26,-13,154,52,-36
75,-28,-16,25,-13,155,51,-36
74,-29,-16,25,-14,157,50,-36
74,-29,-15,24,-14,158,51,-36
75,-28,-16,24,-14,158,52,-36
77,-27,-15,24,-14,157,53,-35
78,-27,-14,25,-14,155,54,-32
79,-26,-14,26,-14,154,54,-31
79,-25,-13,27,-15,154,54,-30
79,-22,-13,27,-14,154,54,-28
80,-20,-13,27,-14,155,56,-26
81,-17,-12,27,-14,155,56,-24
81,-15,-12,27,-14,155,57,-21
81,-12,-12,28,-14,155,57,-19
81,-9,-11,28,-14,156,57,-17
82,-7,-9,30,-14,155,57,-14
83,-5,-8,31,-14,154,56,-13
83,-3,-8,31,-14,153,56,-10
84,0,-8,31,-14,153,57,-7
85,4,-8,31,-14,154,57,-3
84,6,-8,30,-14,154,59,-1
84,9,-8,31,-14,154,57,1
85,11,-7,32,-14,153,58,4
86,13,-6,33,-15,152,58,7
87,16,-5,34,-15,152,59,8
88,18,-4,34,-15,152,59,10
88,20,-4,34,-15,152,61,13
89,21,-5,34,-15,152,61,14
89,22,-5,34,-15,152,61,14
88,23,-4,34,-15,152,61,15
89,24,-4,34,-15,152,61,17
90,25,-5,34,-15,152,62,18
92,26,-6,33,-15,152,63,19
92,26,-6,32,-15,152,64,19
92,26,-7,32,-15,152,63,19
92,26,-6,32,-15,152,63,18
92,26,-7,32,-15,152,63,19
92,27,-7,32,-15,152,63,17
92,26,-8,31,-15,152,64,17
92,26,-8,31,-15,152,63,15
91,25,-7,32,-15,152,63,18
89,25,-7,32,-14,154,61,17
87,24,-7,32,-14,156,59,17
87,23,-8,31,-14,157,59,13
88,23,-8,31,-14,158,61,13
90,21,-8,31,-14,157,62,12
90,19,-8,31,-15,157,62,9
89,19,-8,31,-15,157,61,9
88,18,-8,31,-15,157,59,8
87,18,-8,31,-14,157,59,8
88,17,-8,31,-14,157,61,8
89,15,-8,31,-14,157,61,6
89,13,-8,31,-16,157,61,4
88,13,-8,31,-18,157,61,4
88,13,-8,31,-20,157,61,3
89,12,-8,31,-19,157,62,3
90,10,-8,31,-18,158,62,1
90,8,-8,31,-18,158,62,0
89,7,-8,31,-18,157,62,0
88,7,-8,31,-19,157,61,0
88,7,-8,31,-20,157,61,-1
88,5,-8,31,-20,158,61,-2
89,3,-8,31,-19,159,61,-4
89,2,-8,31,-19,159,62,-6
88,1,-8,31,-19,160,61,-6
86,0,-8,31,-19,161,59,-7
85,0,-8,31,-19,162,58,-7
86,-1,-8,31,-19,162,58,-9
87,-3,-8,31,-19,162,59,-10
88,-3,-10,30,-19,162,63,-10
88,-3,-10,29,-19,162,63,-10
88,-4,-11,28,-19,162,62,-12
86,-5,-10,28,-19,162,61,-12
85,-6,-11,28,-19,162,61,-13
86,-7,-12,28,-19,162,61,-14
88,-7,-12,27,-19,162,63,-14
88,-8,-11,27,-19,162,63,-15
87,-9,-10,26,-19,162,62,-17
86,-9,-10,25,-19,162,63,-17
85,-9,-9,25,-19,162,62,-13
85,-7,-10,25,-19,162,62,-14
86,-6,-10,25,-19,162,63,-13
87,-6,-9,25,-19,162,64,-12
88,-6,-9,25,-19,162,64,-10
88,-5,-9,24,-19,162,65,-10
88,-4,-9,24,-19,162,65,-9
87,-3,-9,24,-19,162,64,-8
87,-2,-8,25,-19,162,64,-8
86,-1,-6,26,-19,162,63,-7
86,0,-5,27,-19,162,63,-6
86,1,-5,28,-19,162,61,-4
87,3,-6,28,-19,162,62,-2
87,4,-7,28,-19,162,62,-1
87,6,-6,28,-19,162,62,0
88,7,-4,28,-19,162,62,1
89,9,-3,28,-19,162,65,4
89,11,-3,29,-19,162,63,4
90,14,-3,31,-19,162,64,7
90,16,-4,33,-19,162,62,9
91,18,-4,34,-19,162,63,12
90,19,-5,35,-19,162,62,12
90,20,-5,34,-19,162,62,13
90,21,-5,34,-21,162,62,14
90,23,-5,34,-23,162,62,15
90,25,-4,34,-22,162,62,17
90,26,-5,34,-21,162,62,18
91,26,-5,34,-19,162,63,18
91,26,-5,34,-20,162,63,18
92,26,-4,34,-22,162,63,18
92,26,-5,34,-24,162,63,19
92,26,-5,34,-24,163,64,19
92,26,-6,35,-24,163,63,19
90,25,-6,36,-24,162,59,15
89,25,-5,36,-24,162,59,17
89,23,-5,34,-24,163,61,15
89,21,-5,33,-24,164,61,13
89,18,-7,31,-24,166,61,12
88,17,-8,31,-24,167,61,7
88,15,-10,32,-24,167,61,6
88,13,-10,34,-24,166,61,4
88,11,-10,34,-24,166,59,2
86,7,-10,32,-24,166,59,-1
85,3,-11,28,-24,166,59,-3
84,1,-12,27,-24,166,59,-7
84,0,-12,27,-24,167,58,-8
83,-3,-12,28,-24,166,58,-10
82,-6,-12,28,-24,166,57,-13
81,-9,-13,27,-24,166,57,-17
81,-11,-14,25,-24,167,56,-18
80,-14,-15,24,-24,168,56,-23
80,-16,-16,24,-24,168,56,-25
79,-18,-15,25,-24,167,56,-26
79,-20,-15,25,-24,167,54,-29
78,-22,-16,24,-24,167,53,-30
77,-23,-16,22,-24,167,54,-31
76,-26,-15,22,-24,167,54,-31
75,-28,-14,21,-24,167,53,-34
75,-30,-13,21,-24,167,53,-35
74,-31,-13,20,-24,167,54,-36
74,-32,-14,18,-25,167,54,-37
74,-34,-16,18,-25,167,54,-39
73,-35,-16,17,-25,167,54,-40
73,-36,-16,17,-25,167,53,-40
72,-36,-16,18,-25,167,53,-41
72,-36,-15,18,-27,167,53,-40
72,-36,-15,18,-28,168,53,-40
72,-36,-15,18,-28,168,53,-40
73,-35,-14,18,-27,167,53,-40
74,-35,-14,19,-25,167,54,-40
76,-34,-14,19,-25,167,57,-39
77,-33,-14,19,-27,167,57,-37
76,-31,-14,19,-28,168,57,-36
75,-30,-14,18,-29,168,56,-35
74,-29,-14,19,-29,168,54,-35
74,-28,-12,21,-28,168,54,-34
75,-28,-12,21,-27,167,53,-34
76,-26,-12,21,-27,167,57,-31
76,-24,-12,21,-27,168,57,-30
76,-22,-12,21,-28,168,57,-29
77,-21,-12,20,-29,168,57,-26
78,-19,-12,21,-29,168,58,-25
78,-17,-14,22,-29,168,56,-23
78,-15,-14,23,-28,168,56,-21
79,-14,-14,23,-27,168,57,-21
80,-14,-14,23,-27,167,57,-20
81,-12,-15,23,-27,168,58,-19
82,-9,-15,24,-28,168,59,-17
82,-7,-15,25,-29,168,57,-17
82,-5,-14,25,-28,168,57,-12
82,-3,-13,27,-27,168,57,-10
83,-1,-12,27,-27,167,58,-9
84,0,-11,28,-27,167,58,-8
85,0,-12,28,-27,168,59,-7
85,0,-12,27,-26,168,59,-8
86,0,-12,27,-25,167,61,-8
86,0,-12,27,-26,166,61,-7
87,3,-12,27,-26,166,62,-4
87,5,-12,28,-26,166,62,-2
87,6,-11,28,-25,167,62,-1
87,7,-10,29,-23,168,62,-1
88,7,-10,29,-23,168,63,-1
89,9,-9,30,-24,167,63,1
89,11,-8,31,-26,166,61,2
89,13,-8,31,-27,164,61,4
90,14,-8,31,-27,163,62,6
91,15,-8,31,-25,163,63,6
92,15,-8,31,-24,164,64,6
93,15,-8,31,-24,164,64,6
94,16,-8,31,-25,165,65,7
94,18,-7,29,-26,166,68,12
95,21,-6,28,-25,167,69,13
95,22,-4,28,-24,168,68,14
94,22,-3,31,-23,168,68,14
94,22,-3,33,-24,167,65,14
93,23,-3,33,-25,167,65,15
94,25,-2,32,-26,167,68,18
95,28,-1,30,-25,167,68,23
96,29,-1,30,-24,167,69,23
96,29,-2,32,-23,167,69,23
96,28,-4,33,-25,167,68,20
96,28,-6,33,-27,168,68,20
96,29,-7,32,-29,168,67,19
95,30,-8,31,-28,168,67,19
95,30,-9,30,-27,168,68,20
95,30,-8,31,-27,167,67,19
96,29,-7,32,-27,167,67,19
96,28,-6,33,-28,168,67,20
96,28,-4,32,-29,168,69,20
96,29,-5,30,-29,168,69,20
96,29,-6,29,-28,168,69,20
96,29,-7,29,-28,168,69,21
96,29,-7,29,-28,168,69,21
96,28,-6,29,-29,168,69,20
95,28,-5,28,-28,168,70,20
93,27,-5,27,-28,168,69,19
92,27,-5,27,-28,168,68,19
91,26,-5,27,-28,168,67,19
92,26,-5,27,-28,168,68,18
93,25,-5,27,-28,168,69,18
94,23,-5,27,-28,168,69,15
94,22,-5,27,-28,168,70,14
94,22,-5,27,-28,168,70,14
94,22,-5,27,-28,168,70,14
94,22,-5,27,-28,168,70,14
94,22,-5,27,-28,168,70,14
94,22,-5,27,-28,168,70,14
94,22,-5,27,-28,168,70,14
94,22,-4,27,-28,168,70,14
94,22,-4,28,-28,168,70,14
94,22,-3,28,-28,168,68,14
94,22,-4,28,-28,168,68,15
94,22,-5,28,-28,168,70,14
95,21,-5,27,-28,168,70,14
96,19,-5,27,-28,168,72,12
97,18,-5,27,-28,169,73,10
97,18,-5,28,-28,170,73,10
96,19,-6,28,-28,169,70,12
96,20,-7,30,-28,168,69,13
95,20,-8,31,-28,168,67,10
95,21,-9,31,-28,168,67,12
94,22,-8,31,-28,168,65,12
94,22,-8,31,-28,168,65,13
94,22,-8,31,-28,168,65,13
94,22,-8,31,-28,168,65,12
94,22,-8,31,-28,168,65,12
94,22,-8,31,-28,169,65,12
94,22,-8,31,-28,169,65,12
94,22,-8,31,-28,169,65,12
94,22,-8,31,-28,169,65,13
94,22,-8,31,-28,169,65,13
94,22,-8,31,-28,169,65,13
95,22,-8,31,-28,168,67,12
95,21,-8,31,-28,168,67,12
94,20,-8,31,-28,168,65,10
93,20,-8,31,-28,168,64,10
93,19,-9,31,-28,168,64,9
93,18,-8,31,-28,168,64,8
93,16,-7,30,-28,167,67,9
93,15,-6,28,-28,168,67,8
93,16,-5,27,-28,168,69,9
93,15,-5,27,-28,169,69,8
92,14,-5,27,-28,170,68,7
91,10,-5,28,-28,169,68,4
91,9,-5,27,-28,168,68,2
91,8,-6,26,-28,167,67,2
91,9,-6,26,-28,168,68,2
91,9,-6,26,-28,169,67,3
91,9,-5,27,-28,169,68,3
91,8,-6,26,-28,170,68,2
92,7,-7,25,-28,169,68,1
92,7,-9,24,-28,169,68,1
92,7,-9,24,-28,169,69,1
92,7,-9,24,-28,169,68,1
90,7,-8,24,-28,169,67,1
90,5,-7,25,-28,169,67,0
90,4,-8,26,-28,169,67,-1
91,3,-10,28,-28,170,65,-4
90,3,-11,28,-28,169,64,-4
90,2,-12,28,-28,169,64,-4
89,2,-12,28,-28,168,63,-4
89,3,-12,27,-28,168,63,-4
88,4,-12,28,-28,168,63,-3
88,5,-12,28,-28,168,63,-3
87,5,-12,28,-28,168,62,-2
87,6,-12,27,-28,168,62,-2
87,7,-12,27,-28,168,62,-1
87,7,-12,27,-28,168,62,-1
86,6,-12,27,-28,168,61,-1
86,5,-12,27,-28,168,61,-3
85,3,-12,27,-28,168,61,-4
85,3,-12,27,-28,168,59,-4
85,4,-12,27,-28,168,59,-3
84,4,-12,27,-28,168,59,-3
84,3,-12,27,-28,168,58,-4
84,1,-12,27,-28,168,58,-6
84,1,-12,27,-28,168,59,-7
84,1,-12,27,-28,168,59,-7
84,1,-12,28,-28,168,59,-7
85,0,-12,27,-28,168,59,-7
85,0,-12,27,-28,168,61,-7
86,0,-12,27,-28,168,61,-8
86,0,-12,28,-28,168,61,-8
85,-2,-12,28,-28,168,59,-9
83,-3,-12,27,-28,168,58,-10
83,-5,-11,26,-28,168,58,-13
83,-6,-10,25,-28,168,61,-12
84,-8,-9,24,-28,168,62,-13
84,-10,-8,24,-28,168,62,-14
83,-12,-9,24,-28,168,61,-17
82,-13,-9,24,-28,168,59,-18
82,-13,-9,24,-28,168,59,-18
82,-13,-9,24,-28,168,59,-18
82,-13,-8,24,-28,168,59,-17
82,-13,-9,24,-28,168,59,-17
82,-13,-9,24,-28,168,59,-18
82,-13,-9,24,-28,168,59,-18
82,-13,-7,23,-28,168,59,-18
82,-13,-7,23,-28,168,62,-18
82,-13,-7,22,-28,168,62,-18
82,-13,-8,21,-28,168,62,-18
83,-14,-10,20,-28,168,62,-19
83,-14,-10,19,-28,168,63,-19
83,-14,-11,19,-28,168,62,-19
82,-13,-11,19,-28,168,62,-18
82,-13,-10,18,-29,168,62,-18
82,-13,-10,18,-28,168,62,-17
83,-12,-10,18,-28,168,63,-17
83,-12,-11,19,-28,167,63,-17
83,-11,-12,21,-29,166,63,-18
81,-11,-12,21,-29,166,58,-18
80,-11,-11,22,-28,166,57,-18
80,-10,-11,22,-27,167,57,-17
81,-8,-11,21,-25,166,61,-15
83,-7,-12,21,-25,165,62,-14
83,-6,-11,22,-27,165,61,-13
83,-7,-10,23,-28,165,59,-12
82,-7,-9,24,-29,166,59,-13
81,-8,-9,24,-29,168,58,-13
81,-7,-10,23,-28,168,59,-12
82,-7,-10,22,-28,168,59,-12
83,-7,-10,22,-28,168,59,-12
83,-8,-11,22,-29,167,61,-15
83,-11,-12,23,-28,167,61,-18
83,-12,-13,25,-28,166,61,-19
82,-13,-14,25,-28,165,57,-20
82,-13,-14,24,-28,164,59,-19
83,-14,-14,23,-28,163,61,-20
82,-17,-15,23,-28,164,59,-23
81,-18,-15,24,-28,165,57,-25
80,-20,-14,23,-28,166,58,-26
81,-21,-13,22,-28,165,59,-28
82,-22,-12,21,-28,164,62,-29
81,-24,-12,20,-28,163,62,-30
80,-26,-12,21,-29,163,61,-31
80,-28,-12,21,-29,163,61,-32
80,-29,-12,21,-29,163,58,-35
80,-31,-12,21,-28,163,61,-36
79,-32,-13,20,-29,163,59,-37
77,-33,-15,18,-29,163,58,-39
76,-35,-16,18,-29,163,57,-40
75,-38,-16,17,-29,163,56,-42
75,-39,-16,18,-29,163,56,-43
75,-40,-15,17,-29,163,56,-45
75,-40,-15,17,-29,163,56,-45
76,-41,-15,16,-29,163,57,-45
77,-42,-15,16,-29,163,58,-46
78,-43,-14,16,-29,163,61,-47
78,-44,-15,16,-29,163,58,-48
76,-45,-15,17,-29,163,57,-48
75,-46,-16,18,-29,163,56,-50
74,-46,-16,18,-29,163,54,-51
74,-46,-16,18,-29,163,56,-50
75,-43,-15,17,-29,163,57,-47
76,-41,-14,15,-29,163,59,-45
75,-39,-12,14,-29,163,58,-42
75,-39,-12,14,-29,163,58,-42
75,-40,-12,14,-29,163,58,-42
75,-40,-13,14,-29,163,58,-42
75,-39,-13,14,-29,163,58,-41
75,-36,-13,14,-29,163,58,-39
75,-34,-11,14,-29,163,58,-36
76,-32,-10,16,-29,163,59,-35
77,-29,-9,17,-29,163,59,-32
77,-27,-9,17,-28,163,59,-30
77,-25,-9,17,-28,163,59,-29
77,-23,-9,17,-29,163,59,-26
77,-21,-9,17,-29,161,59,-25
77,-19,-9,17,-29,159,59,-23
78,-17,-9,17,-28,158,61,-20
79,-15,-9,17,-28,159,62,-19
81,-13,-9,17,-28,160,63,-18
82,-11,-8,18,-28,161,64,-15
83,-8,-6,19,-27,162,63,-13
84,-7,-5,20,-25,162,63,-9
85,-5,-5,21,-25,161,64,-8
86,-3,-6,21,-25,159,64,-8
86,-1,-7,22,-27,158,65,-7
85,0,-7,22,-28,158,64,-6
85,0,-8,23,-26,157,62,-4
85,0,-8,24,-25,158,62,-6
86,0,-9,24,-24,158,63,-6
86,0,-8,23,-24,159,63,-4
87,0,-7,22,-24,160,65,-4
86,0,-8,23,-25,161,63,-4
85,0,-8,24,-25,160,62,-4
86,0,-9,24,-26,159,63,-4
89,0,-9,24,-27,158,65,-4
91,0,-9,24,-28,158,68,-6
92,-1,-9,24,-29,158,69,-6
92,-1,-9,24,-29,158,68,-7
92,-1,-9,24,-28,159,68,-7
93,-2,-9,24,-27,160,69,-8
93,-4,-9,24,-26,161,70,-9
94,-5,-10,23,-27,162,70,-10
94,-6,-10,23,-28,162,70,-10
93,-7,-10,23,-28,163,69,-12
92,-7,-9,24,-29,163,68,-12
91,-7,-8,24,-29,163,68,-12
90,-8,-9,22,-29,163,67,-13
90,-8,-9,21,-29,163,69,-13
90,-8,-9,21,-29,163,69,-13
90,-8,-8,22,-29,163,69,-13
90,-8,-7,23,-29,163,69,-13
90,-8,-8,23,-29,163,67,-13
90,-8,-9,24,-29,163,67,-13
90,-8,-9,24,-29,163,67,-13
90,-8,-8,23,-29,163,67,-13
90,-8,-7,21,-29,163,69,-13
90,-8,-5,21,-29,163,69,-10
91,-7,-5,22,-29,163,70,-12
92,-5,-5,25,-29,163,69,-10
93,-3,-4,26,-29,163,69,-8
93,0,-3,25,-29,163,69,-3
93,0,-2,24,-29,163,72,-2
93,2,-2,23,-29,163,72,-1
93,4,-2,23,-29,163,72,1
93,5,-2,24,-29,163,72,1
94,4,-2,24,-29,163,72,1
94,4,-2,24,-29,163,73,1
93,4,-2,23,-29,163,72,1
92,6,-2,24,-29,163,70,2
92,7,-2,24,-29,163,70,3
92,10,-2,23,-29,163,70,6
94,11,-1,24,-29,163,72,7
95,11,-2,23,-29,163,73,7
96,11,-2,24,-29,163,74,7
95,12,-2,25,-29,163,73,8
94,12,-3,25,-29,163,70,8
94,13,-3,25,-28,163,70,8
94,12,-3,25,-28,163,70,8
95,12,-4,24,-27,162,73,8
96,11,-4,23,-27,163,74,7
95,11,-3,23,-28,163,73,7
93,11,-3,23,-29,163,72,7
93,10,-3,22,-29,162,72,6
93,8,-3,22,-28,163,72,4
94,7,-5,21,-28,165,72,3
94,6,-5,21,-28,166,73,2
94,4,-5,20,-29,166,73,1
94,3,-5,20,-28,166,73,0
94,1,-5,20,-28,165,73,-1
93,0,-5,20,-28,166,72,-3
92,-1,-5,20,-28,166,70,-4
91,-4,-5,20,-28,166,70,-7
90,-6,-5,21,-28,166,69,-9
90,-8,-6,20,-28,165,69,-10
90,-8,-6,19,-28,166,69,-13
90,-8,-7,19,-28,166,72,-13
89,-8,-7,20,-28,166,68,-13
88,-11,-7,19,-28,166,67,-15
88,-13,-8,18,-28,165,69,-18
88,-14,-8,16,-28,166,70,-19
89,-15,-7,14,-28,166,73,-17
87,-15,-7,14,-28,168,72,-17
86,-16,-7,15,-28,168,69,-18
84,-17,-7,15,-28,168,67,-19
84,-17,-7,16,-29,168,65,-21
84,-17,-7,15,-29,168,67,-19
84,-17,-7,15,-28,168,68,-19
84,-17,-7,14,-28,168,68,-19
84,-17,-6,14,-29,168,68,-19
84,-17,-6,13,-30,168,68,-19
85,-18,-6,13,-31,168,69,-19
85,-16,-6,14,-31,168,69,-18
85,-15,-6,14,-31,168,69,-17
85,-13,-6,14,-31,168,69,-14
85,-11,-6,13,-31,168,69,-13
86,-10,-6,14,-31,167,69,-13
86,-10,-6,14,-31,166,70,-13
86,-10,-6,14,-31,166,70,-13
86,-10,-6,13,-30,167,69,-13
86,-10,-6,13,-30,168,69,-13
86,-10,-5,14,-30,168,69,-13
86,-10,-6,15,-32,167,70,-13
86,-10,-6,16,-34,166,68,-13
86,-10,-6,17,-33,166,68,-13
86,-10,-6,17,-32,168,68,-13
86,-10,-6,17,-31,168,68,-13
87,-10,-6,18,-32,168,68,-12
88,-9,-6,20,-33,168,67,-12
88,-9,-7,20,-33,168,68,-13
89,-8,-7,19,-32,168,70,-13
90,-8,-7,17,-32,168,72,-10
90,-8,-8,16,-32,168,72,-13
90,-8,-8,15,-33,168,72,-13
90,-8,-7,15,-34,168,72,-10
90,-8,-7,15,-34,168,74,-10
90,-8,-7,15,-33,168,73,-10
89,-8,-8,16,-33,168,70,-13
88,-9,-9,17,-32,167,69,-13
89,-8,-9,17,-32,166,70,-13
90,-8,-8,16,-32,167,72,-13
90,-7,-8,15,-33,168,72,-12
90,-8,-8,16,-33,168,72,-13
89,-9,-9,17,-33,168,70,-13
88,-9,-9,17,-33,168,69,-13
89,-8,-9,17,-33,168,70,-13
90,-8,-9,17,-33,168,72,-13
90,-8,-9,17,-34,168,72,-13
90,-8,-9,17,-34,168,72,-13
90,-8,-9,17,-33,168,72,-13
89,-7,-9,17,-32,168,70,-12
88,-5,-9,17,-31,168,69,-10
88,-4,-9,17,-30,168,69,-9
87,-3,-9,17,-30,168,69,-8
87,-4,-9,17,-30,168,69,-9
88,-4,-9,17,-29,168,69,-9
88,-4,-9,17,-29,168,69,-9
88,-4,-9,17,-29,168,69,-9
87,-4,-9,17,-30,168,69,-9
88,-3,-9,17,-30,168,69,-8
88,-4,-9,17,-30,166,69,-9
88,-4,-9,17,-31,165,69,-9
87,-4,-9,17,-31,163,68,-9
86,-5,-9,17,-31,162,68,-9
85,-5,-9,17,-30,162,67,-10
84,-6,-9,17,-30,163,65,-10
84,-7,-9,17,-31,165,65,-12
84,-8,-9,17,-32,166,65,-13
85,-9,-9,17,-32,167,67,-13
85,-10,-9,17,-32,167,67,-14
86,-10,-9,17,-32,166,68,-14
86,-10,-9,17,-31,166,68,-15
86,-10,-9,17,-30,166,68,-14
86,-10,-9,17,-28,166,68,-14
86,-10,-9,17,-28,166,68,-14
86,-12,-10,16,-29,166,67,-17
85,-15,-11,14,-30,166,67,-19
84,-17,-12,14,-31,166,67,-21
84,-18,-13,13,-30,166,65,-21
84,-17,-13,14,-29,166,67,-21
84,-17,-12,14,-28,167,67,-21
84,-17,-12,14,-28,168,67,-21
84,-17,-13,14,-28,168,65,-21
84,-17,-12,14,-30,168,67,-21
85,-18,-13,13,-32,168,67,-23
86,-20,-13,13,-32,168,68,-24
87,-21,-14,13,-32,168,69,-26
87,-22,-14,13,-31,168,68,-28
86,-22,-14,12,-31,168,69,-25
84,-23,-13,12,-32,168,68,-26
83,-23,-12,12,-33,168,67,-26
82,-24,-12,13,-34,168,67,-28
83,-24,-13,13,-33,168,65,-28
83,-25,-15,12,-32,168,68,-30
84,-25,-16,11,-31,168,68,-31
83,-25,-17,10,-31,168,68,-30
83,-24,-16,10,-32,168,67,-30
83,-24,-15,10,-32,168,67,-29
83,-24,-15,9,-32,168,67,-28
83,-24,-16,10,-31,168,67,-29
83,-24,-16,10,-30,168,67,-30
83,-24,-15,10,-31,167,67,-30
83,-24,-14,10,-33,166,67,-28
83,-24,-13,11,-33,165,67,-28
83,-24,-13,13,-32,165,65,-28
83,-24,-13,14,-30,164,65,-28
82,-24,-13,14,-29,164,64,-28
81,-24,-12,14,-28,163,63,-28
81,-25,-13,14,-29,163,63,-28
81,-24,-13,14,-29,163,63,-28
82,-24,-13,14,-29,163,64,-28
83,-24,-12,14,-29,163,65,-28
83,-24,-12,14,-30,163,65,-28
83,-24,-13,14,-31,163,64,-28
83,-24,-13,14,-30,163,64,-28
83,-24,-12,14,-29,163,64,-28
83,-24,-11,13,-29,163,67,-28
83,-24,-11,12,-29,163,67,-28
83,-24,-11,13,-29,163,67,-28
83,-24,-12,14,-29,163,64,-28
83,-24,-13,14,-29,163,64,-28
83,-24,-13,14,-30,163,64,-28
83,-24,-13,14,-31,163,64,-28
83,-24,-12,14,-30,163,65,-28
83,-24,-11,13,-29,163,67,-28
83,-24,-11,12,-29,163,67,-28
83,-24,-11,13,-29,163,67,-28
83,-24,-12,14,-29,163,65,-28
83,-23,-13,14,-29,163,65,-26
83,-24,-13,14,-29,163,64,-28
81,-25,-12,14,-29,163,63,-28
81,-26,-12,14,-29,163,63,-29
81,-27,-12,14,-29,163,63,-30
81,-28,-13,14,-29,163,63,-31
82,-29,-12,14,-29,163,64,-31
81,-30,-13,14,-29,163,63,-32
81,-31,-13,14,-29,163,63,-34
81,-31,-13,14,-29,163,63,-34
81,-30,-12,14,-29,163,63,-34
81,-30,-12,14,-29,163,63,-34
81,-30,-13,14,-29,163,63,-34
81,-30,-14,13,-29,163,63,-35
81,-30,-15,12,-29,163,63,-35
82,-30,-15,11,-29,163,67,-35
83,-30,-13,11,-29,163,67,-32
83,-29,-10,11,-29,163,68,-31
83,-27,-9,10,-29,163,68,-28
83,-25,-9,10,-29,163,69,-26
83,-24,-10,10,-28,163,67,-28
83,-23,-11,11,-28,163,67,-26
83,-24,-12,13,-29,162,67,-28
82,-24,-11,13,-29,162,67,-28
83,-24,-10,12,-29,161,67,-28
84,-24,-9,10,-28,162,68,-28
86,-22,-9,10,-27,161,72,-23
86,-20,-9,10,-26,159,70,-21
85,-18,-10,10,-25,158,69,-21
84,-17,-9,10,-26,157,68,-20
84,-17,-9,10,-26,158,68,-20
84,-17,-9,10,-25,158,68,-19
86,-17,-9,10,-25,158,72,-19
87,-15,-10,10,-24,158,72,-19
88,-14,-9,10,-24,158,74,-15
87,-11,-8,11,-24,158,70,-14
86,-10,-7,13,-25,158,70,-13
86,-10,-6,13,-25,158,69,-12
86,-10,-7,13,-24,158,69,-13
86,-10,-8,11,-24,158,69,-13
86,-11,-9,10,-24,158,72,-13
86,-10,-10,10,-24,158,70,-15
88,-9,-10,10,-24,158,72,-14
89,-9,-8,11,-24,158,72,-10
89,-9,-7,12,-24,158,72,-10
88,-9,-6,13,-24,158,72,-12
87,-9,-6,14,-24,158,72,-12
87,-10,-7,14,-24,158,70,-12
87,-10,-7,15,-24,158,70,-12
86,-10,-7,14,-24,158,70,-13
86,-10,-6,14,-24,158,69,-13
86,-11,-5,14,-24,158,69,-13
86,-10,-6,13,-24,158,70,-13
86,-10,-7,12,-24,158,70,-12
86,-10,-8,11,-24,158,69,-13
86,-12,-9,10,-24,158,69,-17
85,-15,-10,10,-24,157,69,-19
85,-17,-9,10,-24,156,70,-19
84,-18,-9,10,-24,156,68,-19
84,-17,-9,10,-24,156,68,-19
84,-17,-9,10,-25,155,68,-19
85,-18,-9,10,-24,155,72,-20
86,-20,-9,10,-24,155,70,-21
86,-21,-9,10,-24,155,73,-23
87,-22,-9,10,-25,154,73,-23
87,-22,-9,10,-25,153,70,-23
86,-21,-9,10,-25,153,70,-21
86,-20,-9,10,-23,153,70,-21
86,-20,-10,10,-22,152,70,-24
86,-20,-10,9,-21,153,73,-24
86,-21,-11,9,-21,153,73,-24
86,-20,-10,9,-21,152,72,-24
85,-18,-10,10,-22,152,69,-23
86,-17,-9,10,-21,152,69,-18
87,-15,-9,10,-21,152,70,-17
88,-14,-9,10,-20,152,72,-17
88,-13,-9,10,-20,152,72,-15
87,-12,-9,10,-20,152,73,-14
86,-11,-10,10,-20,152,69,-15
86,-10,-9,10,-20,152,69,-13
86,-8,-8,11,-20,152,70,-10
87,-6,-7,12,-20,152,70,-8
88,-4,-6,13,-20,152,72,-7
88,-3,-5,14,-20,152,72,-7
89,-3,-6,14,-20,152,72,-6
89,-2,-6,13,-20,152,72,-4
89,0,-6,13,-20,152,72,-3
89,1,-6,13,-20,152,72,-1
89,2,-6,14,-20,152,73,-1
89,2,-6,13,-19,153,73,-1
90,2,-6,13,-19,153,73,-1
89,2,-6,13,-20,152,73,-1
89,2,-6,13,-20,151,73,-1
89,2,-6,13,-20,151,73,-1
89,2,-6,13,-20,151,73,-1
89,2,-6,14,-20,152,73,-1
89,2,-6,14,-20,151,73,-1
89,2,-6,13,-20,151,73,-1
89,2,-6,13,-20,151,73,-1
89,2,-6,14,-20,152,73,-1
89,2,-6,14,-19,153,73,-1
90,0,-6,14,-19,153,73,-2
91,0,-7,12,-20,152,74,-3
92,-1,-6,11,-20,152,75,-3
92,-1,-4,10,-20,152,76,-4
91,-2,-3,10,-20,152,76,-3
90,-4,-2,10,-20,152,75,-4
90,-6,-3,9,-20,152,75,-7
90,-8,-5,7,-20,152,78,-10
90,-8,-6,7,-20,152,78,-10
90,-8,-7,6,-20,152,78,-10
90,-8,-6,6,-20,152,78,-10
90,-8,-6,7,-20,152,78,-10
90,-8,-6,7,-20,152,78,-10
91,-8,-6,7,-20,152,79,-10
90,-8,-6,6,-20,152,78,-10
89,-8,-6,7,-20,152,76,-10
87,-10,-6,7,-20,152,75,-12
86,-10,-6,7,-20,152,74,-13
86,-10,-6,7,-19,153,74,-13
86,-10,-6,7,-19,153,74,-13
86,-10,-7,7,-20,152,74,-13
86,-10,-7,7,-20,151,72,-13
86,-10,-7,8,-20,149,72,-13
86,-10,-7,8,-20,148,72,-13
86,-10,-7,7,-20,148,72,-13
86,-10,-7,7,-20,149,72,-13
86,-10,-8,7,-20,150,72,-13
86,-10,-8,6,-20,150,72,-13
86,-10,-8,7,-20,149,72,-13
86,-10,-9,9,-20,149,73,-13
86,-10,-9,10,-20,148,69,-13
85,-11,-10,10,-20,148,69,-15
83,-12,-9,10,-20,148,67,-17
82,-14,-9,10,-20,148,69,-15
83,-15,-9,10,-20,148,69,-17
83,-15,-9,10,-18,148,67,-18
84,-16,-9,10,-17,147,68,-20
84,-17,-9,10,-16,148,68,-19
84,-18,-9,10,-18,149,68,-19
83,-18,-9,10,-20,149,67,-19
83,-18,-9,10,-20,149,67,-19
83,-18,-9,10,-19,148,69,-19
82,-18,-9,10,-18,149,69,-20
83,-20,-9,10,-18,149,67,-21
83,-22,-9,10,-19,149,68,-23
84,-23,-9,10,-20,150,68,-24
84,-24,-10,10,-20,151,68,-28
83,-24,-10,9,-20,152,69,-26
82,-24,-11,9,-19,153,69,-28
82,-24,-10,9,-18,153,69,-28
83,-24,-10,10,-18,152,67,-28
83,-25,-9,10,-17,152,68,-26
84,-25,-9,10,-18,152,68,-26
83,-25,-9,9,-18,153,69,-26
83,-24,-9,7,-19,153,69,-25
83,-24,-9,6,-20,152,69,-25
82,-24,-10,5,-20,151,72,-25
83,-24,-10,6,-20,151,72,-25
83,-24,-10,6,-20,151,72,-25
83,-24,-11,5,-20,152,72,-25
83,-23,-11,5,-20,153,72,-26
82,-23,-12,6,-19,153,68,-26
81,-22,-11,7,-19,153,68,-26
81,-21,-10,7,-20,153,68,-23
82,-20,-10,5,-20,152,70,-21
83,-18,-8,5,-20,151,72,-20
83,-18,-7,5,-20,149,72,-19
83,-18,-6,6,-20,149,72,-20
82,-18,-6,7,-20,151,70,-20
82,-18,-6,7,-19,152,70,-20
83,-18,-6,7,-18,153,72,-20
84,-17,-6,7,-18,153,73,-19
84,-16,-6,6,-18,152,73,-18
83,-14,-6,6,-19,152,72,-17
82,-13,-6,7,-20,152,70,-15
81,-13,-7,8,-20,152,68,-14
82,-13,-8,9,-20,152,68,-15
82,-13,-8,9,-20,152,68,-15
82,-13,-8,9,-20,152,68,-15
82,-13,-8,9,-20,152,68,-15
82,-13,-9,10,-20,152,68,-15
82,-13,-9,10,-20,152,65,-18
81,-13,-9,10,-20,152,65,-17
82,-13,-9,10,-20,152,65,-18
83,-14,-9,10,-20,152,67,-17
84,-16,-9,10,-20,152,68,-18
84,-17,-10,10,-19,153,68,-20
83,-18,-9,10,-19,153,70,-20
81,-19,-9,10,-20,152,68,-20
80,-19,-9,10,-20,151,64,-21
80,-20,-9,10,-20,151,64,-21
80,-20,-9,10,-20,151,67,-21
80,-19,-10,9,-20,152,67,-23
80,-19,-11,8,-20,151,67,-23
80,-20,-12,8,-20,150,67,-24
81,-21,-12,8,-20,149,68,-25
82,-23,-12,8,-20,149,68,-26
82,-22,-13,7,-20,150,68,-26
81,-21,-13,7,-20,152,68,-24
80,-20,-13,7,-19,153,67,-24
81,-21,-13,7,-20,152,68,-24
81,-21,-13,7,-20,151,68,-25
81,-21,-13,7,-20,149,68,-24
80,-20,-13,7,-20,149,67,-24
80,-20,-13,7,-20,151,67,-24
79,-20,-13,7,-20,152,65,-24
78,-21,-13,7,-19,153,65,-24
79,-21,-13,7,-19,153,65,-24
80,-20,-13,7,-20,152,67,-24
80,-20,-13,7,-20,151,67,-24
80,-20,-13,7,-20,151,67,-24
80,-20,-13,7,-20,151,67,-24
80,-20,-13,7,-20,151,67,-24
80,-20,-13,7,-20,151,67,-24
80,-20,-13,7,-20,151,67,-24
81,-21,-13,7,-20,152,68,-24
81,-21,-13,7,-20,151,68,-24
81,-21,-13,7,-20,151,68,-25
81,-21,-13,7,-20,151,68,-24
81,-21,-13,7,-20,152,68,-25
82,-22,-13,7,-19,153,68,-25
83,-23,-13,7,-20,151,69,-26
83,-24,-13,7,-20,149,69,-26
81,-25,-13,7,-20,149,68,-28
80,-26,-13,7,-20,151,67,-29
79,-25,-13,7,-20,152,67,-29
81,-25,-12,8,-19,153,68,-28
83,-24,-12,8,-19,153,69,-26
83,-23,-12,8,-20,152,69,-26
83,-23,-11,8,-20,152,69,-26
83,-24,-10,9,-20,152,69,-28
83,-24,-9,10,-20,152,69,-25
83,-24,-9,10,-20,152,67,-25
82,-22,-9,10,-20,152,67,-24
82,-20,-9,10,-20,152,68,-21
82,-19,-9,10,-20,152,68,-20
83,-18,-9,10,-20,152,69,-19
83,-18,-9,10,-20,152,68,-19
85,-17,-9,10,-20,152,69,-19
86,-17,-9,10,-20,152,72,-19
86,-16,-9,10,-20,152,70,-18
86,-14,-9,10,-20,152,69,-17
86,-12,-9,10,-20,152,72,-14
86,-10,-9,10,-20,152,72,-13
87,-9,-9,10,-20,152,73,-12
89,-9,-9,10,-20,152,73,-12
90,-8,-8,11,-20,152,74,-10
90,-7,-8,11,-20,152,73,-9
89,-3,-8,11,-20,152,73,-6
89,0,-8,11,-20,152,73,-2
89,2,-8,11,-20,152,73,-1
89,2,-8,11,-20,152,73,-1
89,2,-8,11,-20,152,73,-1
90,4,-7,12,-20,152,73,1
90,6,-6,13,-20,152,73,2
91,8,-5,14,-20,152,74,4
93,10,-6,14,-20,152,75,6
93,12,-6,13,-20,152,76,8
93,14,-6,13,-21,152,75,9
93,15,-6,14,-22,152,75,10
94,16,-6,14,-22,152,76,12
95,17,-6,13,-22,152,78,13
96,19,-6,13,-22,152,79,14
96,21,-6,13,-23,153,78,15
94,22,-5,14,-25,153,76,17
94,22,-5,14,-25,153,76,18
94,22,-5,14,-25,153,76,17
94,22,-5,14,-25,153,76,17
94,22,-4,15,-25,153,76,17
94,22,-3,16,-25,153,76,17
94,22,-2,16,-25,153,76,17
95,22,-3,16,-25,153,78,18
94,22,-3,15,-25,153,76,17
93,21,-4,15,-25,153,75,17
92,19,-4,15,-25,153,75,14
92,17,-4,15,-24,153,75,13
92,15,-4,14,-24,153,75,10
92,13,-4,14,-25,153,75,9
92,11,-4,14,-25,152,74,7
91,9,-5,14,-25,153,74,4
91,7,-5,14,-24,154,74,3
91,5,-6,14,-24,156,74,2
91,3,-6,13,-24,158,74,0
90,1,-7,12,-24,158,74,-2
89,-1,-7,12,-24,158,73,-4
89,-3,-7,12,-24,158,72,-6
89,-5,-7,12,-24,158,72,-8
90,-6,-7,12,-24,158,73,-9
90,-8,-8,11,-24,158,73,-10
90,-10,-9,10,-24,158,73,-12
89,-13,-9,10,-24,158,75,-14
89,-14,-9,10,-24,158,74,-17
88,-15,-9,10,-24,158,72,-17
87,-15,-9,10,-24,158,70,-17
87,-15,-9,10,-24,158,70,-17
87,-16,-10,10,-24,158,70,-20
87,-17,-10,9,-24,158,74,-21
88,-19,-11,9,-24,158,74,-23
88,-20,-10,9,-24,158,74,-23
87,-19,-10,10,-24,158,70,-23
86,-18,-9,10,-24,158,70,-20
85,-18,-9,10,-25,158,69,-20
85,-19,-9,10,-25,158,72,-20
86,-18,-9,10,-24,158,73,-19
88,-16,-9,10,-24,158,72,-18
89,-15,-9,10,-24,158,73,-17
89,-15,-9,10,-25,158,74,-17
88,-14,-9,10,-26,158,74,-17
89,-12,-9,10,-26,158,73,-14
90,-10,-8,11,-25,158,73,-13
90,-8,-8,11,-25,158,74,-10
90,-7,-8,11,-25,158,74,-9
89,-7,-9,10,-25,158,73,-9
88,-6,-9,10,-26,158,72,-8
88,-4,-8,11,-26,158,72,-7
88,-1,-8,11,-25,158,72,-4
89,0,-8,11,-24,158,72,-2
89,2,-9,11,-24,156,73,-1
89,4,-8,11,-24,154,73,1
89,6,-8,11,-25,154,73,2
90,8,-8,11,-25,156,73,4
90,10,-8,12,-24,158,73,6
90,12,-7,13,-24,158,73,8
90,14,-6,13,-24,158,73,9
91,15,-4,13,-24,158,74,10
93,15,-3,11,-24,158,78,13
93,15,-3,10,-24,158,78,13
93,15,-2,9,-24,158,78,13
94,16,-2,9,-24,158,79,14
95,17,-2,10,-24,158,80,15
97,18,-3,10,-24,158,81,15
97,18,-3,11,-24,158,81,15
97,18,-4,11,-24,158,81,13
97,18,-4,11,-24,158,81,13
96,20,-4,11,-24,158,80,15
95,21,-3,11,-24,158,80,18
95,21,-3,11,-24,158,80,18
96,20,-4,11,-24,158,80,15
97,18,-4,11,-24,158,81,13
97,18,-4,11,-24,157,81,13
97,18,-4,11,-24,157,81,13
97,18,-4,12,-24,156,79,13
95,17,-5,13,-24,156,78,13
94,16,-5,13,-24,156,76,12
93,16,-5,13,-24,156,75,12
93,15,-5,12,-24,157,75,10
93,14,-5,12,-24,157,76,9
93,12,-6,13,-24,157,76,8
93,10,-6,14,-24,157,75,6
92,8,-6,14,-24,156,75,4
92,7,-6,13,-24,156,75,3
91,6,-6,13,-24,155,74,2
90,4,-6,13,-24,155,74,1
89,2,-6,14,-24,155,73,-1
88,1,-6,13,-24,156,72,-2
87,0,-6,13,-24,158,70,-3
87,-2,-6,13,-24,158,70,-6
88,-5,-6,14,-24,158,72,-8
88,-8,-5,14,-25,158,72,-10
87,-10,-6,13,-25,158,72,-12
86,-10,-7,12,-25,158,70,-13
86,-10,-8,11,-24,158,69,-13
84,-11,-9,10,-24,158,68,-13
84,-13,-9,10,-25,158,68,-15
84,-16,-10,10,-25,158,68,-20
85,-18,-10,9,-26,158,70,-23
85,-21,-11,8,-27,158,72,-25
84,-23,-12,8,-26,156,70,-26
83,-24,-12,8,-26,155,69,-28
81,-25,-12,8,-26,154,68,-28
79,-26,-12,7,-26,155,65,-29
79,-27,-14,6,-26,156,65,-30
80,-29,-14,6,-25,157,67,-32
81,-31,-14,6,-24,157,68,-34
81,-31,-14,6,-24,156,68,-34
80,-31,-14,6,-24,156,67,-34
78,-32,-14,6,-25,156,65,-35
78,-34,-14,6,-25,157,64,-36
78,-36,-14,6,-24,158,65,-39
79,-37,-13,6,-24,159,67,-40
80,-38,-13,5,-24,158,67,-40
79,-37,-14,4,-24,156,69,-40
79,-36,-15,3,-24,154,68,-39
77,-34,-14,3,-24,153,67,-37
76,-33,-13,2,-25,152,65,-36
77,-32,-13,3,-25,153,67,-35
78,-32,-14,3,-24,153,67,-35
80,-31,-15,4,-24,153,67,-34
81,-31,-15,6,-25,153,68,-34
82,-31,-14,7,-25,153,68,-34
81,-30,-13,7,-25,153,68,-34
80,-29,-12,6,-25,153,67,-32
79,-28,-10,4,-25,153,68,-29
80,-25,-10,3,-25,153,69,-26
81,-24,-10,4,-25,153,70,-25
83,-24,-12,6,-25,153,69,-28
83,-24,-13,7,-25,153,69,-26
82,-22,-13,7,-25,153,68,-26
82,-20,-13,7,-25,153,69,-24
83,-18,-13,7,-25,153,70,-21
84,-17,-13,7,-25,153,70,-20
83,-16,-13,7,-25,153,70,-20
83,-14,-12,8,-25,153,69,-18
82,-13,-10,9,-25,153,68,-18
83,-12,-11,9,-24,153,69,-17
85,-11,-11,8,-23,153,72,-15
86,-10,-12,8,-23,153,72,-15
86,-9,-11,9,-23,153,72,-14
84,-7,-10,10,-25,153,68,-12
83,-7,-9,10,-25,153,68,-9
83,-6,-9,10,-23,153,67,-8
83,-6,-9,10,-21,152,69,-9
84,-6,-10,9,-19,151,70,-10
85,-6,-12,8,-19,151,70,-10
86,-4,-13,7,-20,151,72,-9
87,-4,-13,7,-21,152,73,-9
88,-3,-13,7,-21,153,74,-8
88,-3,-13,7,-21,153,74,-8
87,-3,-13,7,-20,152,73,-8
86,-3,-13,7,-20,151,72,-8
85,-3,-13,7,-20,151,70,-8
85,-4,-13,7,-20,151,70,-9
86,-4,-13,7,-20,152,72,-9
85,-5,-13,7,-20,153,72,-10
84,-6,-13,7,-19,153,70,-10
84,-6,-13,7,-20,152,70,-10
83,-6,-13,7,-20,151,69,-10
83,-6,-13,7,-20,151,69,-10
82,-7,-13,7,-20,151,69,-12
81,-8,-13,7,-20,152,67,-13
79,-9,-13,7,-20,151,65,-13
79,-9,-13,7,-20,150,65,-14
79,-8,-13,7,-20,150,65,-13
79,-9,-13,7,-20,151,65,-13
80,-10,-13,7,-20,151,67,-14
81,-12,-13,7,-20,150,68,-17
81,-13,-13,7,-20,148,67,-18
80,-14,-13,7,-20,147,67,-18
79,-14,-12,6,-20,148,67,-19
79,-16,-11,6,-20,148,65,-20
79,-18,-10,6,-20,148,67,-20
80,-20,-10,7,-20,148,67,-21
80,-20,-11,7,-20,148,67,-24
80,-20,-12,7,-20,148,67,-24
79,-20,-13,6,-20,148,65,-24
78,-21,-12,6,-20,148,65,-24
78,-22,-12,6,-20,148,65,-26
79,-25,-12,6,-20,148,65,-28
79,-26,-13,7,-20,148,65,-29
79,-27,-13,7,-20,148,65,-30
78,-27,-13,7,-20,148,65,-30
79,-26,-13,7,-20,148,65,-29
79,-26,-13,7,-20,148,65,-29
79,-26,-13,7,-20,148,65,-29
78,-26,-13,7,-20,148,65,-29
78,-27,-13,7,-20,148,65,-30
79,-28,-13,7,-20,148,65,-31
80,-29,-13,7,-20,148,67,-32
81,-30,-14,6,-20,148,68,-34
81,-31,-14,6,-20,148,68,-34
81,-31,-14,6,-20,148,68,-34
81,-30,-14,6,-20,148,68,-34
81,-30,-15,5,-20,148,68,-34
81,-30,-15,5,-20,148,68,-34
81,-30,-15,4,-20,148,68,-34
81,-30,-16,4,-18,148,68,-34
81,-31,-16,4,-17,146,68,-34
81,-31,-16,4,-17,144,68,-34
80,-31,-15,4,-17,143,67,-34
80,-29,-15,4,-18,144,67,-32
80,-27,-15,5,-18,145,67,-30
82,-25,-14,6,-18,145,68,-28
83,-24,-13,7,-18,145,69,-28
83,-23,-13,7,-18,144,69,-26
82,-22,-13,7,-19,143,68,-26
81,-21,-13,7,-19,143,68,-24
80,-20,-13,7,-19,143,67,-24
80,-19,-13,7,-17,143,67,-23
82,-19,-13,7,-16,143,68,-23
82,-17,-13,7,-16,143,69,-20
82,-14,-13,7,-15,142,69,-19
82,-13,-12,6,-15,142,69,-17
83,-12,-11,5,-15,142,72,-14
85,-11,-11,4,-15,142,73,-13
86,-10,-10,5,-17,142,74,-13
86,-9,-10,5,-19,143,74,-12
84,-7,-9,5,-20,143,73,-10
83,-7,-9,4,-19,143,72,-9
83,-6,-8,4,-17,142,72,-9
85,-6,-7,5,-15,142,73,-8
86,-4,-6,6,-15,142,74,-7
87,-3,-6,7,-15,142,73,-6
87,-2,-7,8,-16,142,73,-4
87,-3,-7,8,-16,142,73,-6
87,-3,-7,7,-16,142,73,-7
88,-4,-7,7,-15,142,74,-7
88,-4,-8,7,-15,142,74,-7
88,-4,-9,7,-15,142,74,-7
88,-4,-8,7,-15,142,74,-7
88,-4,-7,7,-15,142,75,-7
88,-3,-6,7,-15,142,76,-7
87,-3,-6,7,-15,142,75,-7
86,-4,-6,6,-15,142,74,-7
85,-7,-7,6,-15,142,74,-9
85,-9,-8,6,-15,142,74,-12
86,-10,-8,7,-15,142,72,-13
86,-10,-9,7,-15,142,72,-13
86,-10,-10,6,-15,142,74,-13
85,-11,-10,4,-15,142,73,-13
84,-13,-10,3,-15,142,73,-15
83,-16,-10,3,-15,142,72,-18
84,-17,-10,4,-15,142,73,-19
85,-18,-11,5,-15,142,73,-19
85,-18,-11,5,-15,142,73,-19
86,-18,-10,4,-15,142,74,-20
86,-20,-10,4,-15,142,74,-21
85,-21,-10,3,-15,142,74,-23
84,-23,-10,3,-15,142,73,-24
83,-24,-10,2,-15,142,72,-25
83,-24,-11,2,-15,142,72,-25
83,-24,-11,3,-15,142,72,-25
82,-24,-11,2,-15,142,72,-25
82,-24,-12,1,-15,142,70,-25
81,-25,-13,0,-15,142,73,-29
81,-26,-14,0,-15,143,72,-30
80,-28,-14,0,-15,143,72,-30
79,-27,-13,0,-15,142,70,-30
78,-27,-13,0,-15,141,69,-28
78,-26,-12,1,-15,140,68,-28
79,-26,-12,1,-15,140,68,-26
81,-25,-12,1,-15,139,69,-26
81,-25,-13,1,-15,138,70,-26
80,-25,-13,1,-16,137,69,-26
79,-26,-12,1,-16,137,68,-26
79,-26,-12,1,-16,137,70,-26
79,-25,-12,2,-15,138,68,-26
81,-25,-12,3,-15,138,70,-25
83,-24,-12,5,-16,137,69,-28
83,-23,-13,6,-16,137,69,-26
83,-23,-13,4,-16,137,69,-26
83,-23,-13,3,-16,137,72,-26
84,-23,-12,2,-16,137,73,-26
84,-23,-10,3,-16,137,73,-24
84,-23,-10,3,-16,137,73,-24
85,-21,-10,3,-16,137,74,-23
86,-19,-10,3,-16,137,74,-20
86,-18,-10,3,-16,137,74,-20
85,-18,-10,3,-16,137,73,-19
85,-18,-10,3,-16,137,73,-20
85,-19,-10,3,-16,137,74,-20
87,-19,-10,3,-16,137,75,-20
89,-17,-10,3,-16,137,76,-19
89,-16,-10,3,-16,137,76,-18
89,-14,-10,3,-16,137,76,-17
89,-14,-10,3,-16,137,76,-17
88,-14,-10,3,-16,137,76,-17
88,-14,-10,3,-16,137,76,-17
88,-14,-10,3,-16,137,76,-17
89,-15,-10,3,-16,137,76,-17
89,-15,-10,3,-16,137,76,-17
88,-14,-10,3,-16,137,76,-17
87,-14,-10,3,-16,137,75,-15
87,-11,-10,3,-16,137,75,-13
87,-10,-10,3,-16,137,75,-12
89,-8,-10,3,-14,137,76,-10
90,-8,-10,3,-12,137,78,-10
91,-8,-10,3,-10,137,79,-10
90,-8,-8,2,-12,138,78,-10
90,-8,-6,2,-14,137,80,-8
90,-7,-4,2,-16,136,80,-7
89,-6,-4,3,-16,134,79,-6
89,-5,-6,2,-14,134,79,-6
88,-5,-8,1,-12,136,79,-8
88,-5,-8,1,-11,137,78,-8
88,-5,-8,1,-11,137,79,-8
90,-4,-6,2,-12,136,80,-4
91,-2,-4,2,-13,136,80,-3
92,-1,-3,3,-14,136,83,-2
92,-1,-2,3,-15,134,83,-2
90,-2,-3,3,-14,133,80,-2
89,-3,-3,3,-13,132,79,-3
88,-3,-3,3,-11,132,78,-4
89,-3,-4,4,-10,133,76,-3
89,-3,-5,5,-12,133,76,-3
89,-3,-6,5,-14,133,76,-6
88,-3,-7,4,-16,133,76,-7
88,-4,-7,4,-16,133,75,-7
87,-4,-5,5,-16,133,75,-4
87,-3,-3,4,-16,133,75,-4
88,-4,-2,3,-16,133,78,-4
89,-5,-3,3,-16,134,79,-6
90,-7,-5,3,-16,135,80,-7
90,-8,-7,2,-16,135,80,-8
90,-9,-8,1,-16,135,80,-12
89,-9,-8,1,-16,135,79,-12
88,-9,-8,1,-16,136,78,-12
87,-10,-7,0,-16,137,78,-9
86,-10,-7,0,-15,138,76,-10
86,-12,-7,1,-15,138,76,-12
87,-12,-9,2,-16,137,78,-14
87,-13,-10,3,-16,137,75,-14
87,-12,-10,4,-16,137,75,-14
87,-13,-10,4,-16,137,75,-14
88,-14,-10,3,-16,137,75,-15
88,-14,-9,3,-16,137,76,-17
89,-15,-9,3,-16,137,76,-17
89,-15,-8,2,-16,137,76,-17
88,-14,-8,2,-16,137,79,-17
87,-15,-8,2,-16,137,78,-17
87,-15,-8,2,-16,137,75,-17
86,-16,-9,2,-16,137,74,-18
85,-17,-9,3,-16,137,73,-18
85,-17,-10,4,-16,137,73,-18
86,-16,-10,4,-16,137,74,-18
87,-16,-10,3,-16,137,75,-18
87,-15,-8,2,-16,137,78,-17
87,-15,-7,1,-16,137,78,-14
87,-15,-7,1,-16,137,78,-14
88,-15,-8,2,-16,137,79,-17
89,-15,-10,3,-16,137,76,-17
89,-14,-10,3,-16,137,76,-17
88,-14,-10,3,-16,137,76,-15
87,-13,-10,3,-16,137,75,-15
87,-12,-10,3,-16,137,75,-14
87,-11,-10,3,-16,137,75,-13
86,-10,-10,3,-16,137,74,-13
86,-10,-10,3,-16,137,74,-13
86,-10,-9,4,-16,137,74,-13
86,-10,-8,5,-16,137,74,-13
85,-9,-7,5,-16,137,74,-12
84,-8,-7,5,-16,137,72,-10
83,-6,-7,5,-16,137,72,-8
84,-5,-7,6,-16,137,73,-8
86,-4,-7,6,-16,137,74,-7
88,-4,-7,5,-16,137,75,-7
88,-4,-8,4,-16,137,76,-7
88,-4,-10,3,-16,137,75,-7
87,-2,-10,3,-16,137,75,-6
86,0,-10,3,-16,137,74,-3
85,0,-10,3,-16,137,73,-3
86,0,-10,3,-16,137,74,-3
87,-2,-9,3,-16,137,75,-6
88,-4,-9,4,-16,137,75,-7
88,-4,-9,5,-16,137,75,-7
88,-4,-9,4,-16,137,75,-7
87,-4,-8,3,-16,137,75,-7
87,-4,-7,0,-16,137,78,-7
88,-4,-7,0,-16,137,78,-4
87,-4,-6,0,-16,137,78,-4
87,-3,-6,0,-16,137,78,-4
88,-4,-7,0,-16,137,78,-4
88,-5,-7,0,-16,137,79,-6
89,-7,-7,0,-16,137,79,-7
90,-8,-7,0,-16,137,80,-8
90,-8,-6,0,-15,138,80,-8
90,-8,-6,0,-15,138,80,-8
90,-8,-5,1,-16,137,80,-8
90,-8,-4,1,-16,137,80,-8
91,-9,-5,1,-16,137,80,-9
91,-10,-6,0,-15,138,81,-9
91,-11,-6,0,-15,139,81,-10
90,-12,-7,0,-15,140,80,-12
90,-14,-7,0,-15,139,80,-13
90,-14,-6,0,-15,138,80,-14
89,-15,-6,0,-16,137,79,-14
88,-14,-6,0,-16,137,79,-14
88,-14,-7,0,-16,137,79,-14
89,-14,-7,0,-15,138,79,-14
89,-15,-7,0,-15,138,79,-14
89,-14,-6,0,-16,137,79,-14
88,-15,-6,0,-16,137,79,-14
87,-15,-6,0,-16,137,78,-14
87,-15,-7,0,-16,137,78,-15
87,-15,-7,1,-16,137,78,-14
87,-15,-8,1,-16,137,78,-17
86,-16,-7,1,-16,137,76,-15
85,-17,-7,0,-16,137,75,-17
84,-18,-6,0,-16,137,75,-17
84,-17,-6,0,-16,137,75,-17
84,-17,-7,0,-16,137,75,-17
85,-17,-7,0,-16,137,75,-17
85,-18,-7,0,-15,137,76,-18
86,-20,-6,0,-16,137,76,-19
86,-21,-6,0,-17,137,76,-20
86,-21,-7,1,-19,138,76,-19
86,-20,-9,2,-21,138,74,-21
86,-20,-11,3,-21,138,74,-21
86,-21,-12,2,-21,138,75,-23
87,-21,-11,1,-19,138,75,-23
87,-21,-10,0,-17,137,78,-23
86,-21,-10,0,-16,137,76,-23
86,-21,-11,0,-16,137,76,-23
86,-21,-13,0,-18,137,78,-25
87,-21,-13,0,-18,138,78,-25
86,-21,-13,0,-18,138,76,-23
87,-21,-12,0,-18,138,78,-23
86,-21,-12,0,-18,138,76,-23
86,-21,-12,0,-18,138,76,-23
86,-21,-12,0,-18,138,76,-23
87,-21,-11,-1,-18,138,78,-23
87,-21,-10,-2,-18,137,78,-23
86,-21,-10,-3,-17,137,79,-23
86,-22,-10,-3,-16,137,79,-23
85,-22,-10,-3,-17,137,78,-23
86,-22,-10,-3,-17,137,79,-23
86,-21,-10,-3,-17,137,79,-23
87,-21,-10,-3,-16,137,80,-23
87,-21,-10,-3,-16,137,80,-23
86,-21,-10,-3,-16,137,79,-23
86,-21,-10,-3,-16,137,79,-23
86,-21,-9,-2,-16,137,79,-23
87,-21,-8,-1,-16,137,80,-20
87,-21,-7,0,-16,137,78,-20
86,-21,-7,-1,-16,137,79,-20
86,-20,-7,0,-16,137,76,-19
85,-18,-7,0,-16,137,76,-18
85,-16,-6,0,-16,137,75,-15
87,-15,-6,0,-16,137,78,-14
88,-15,-6,0,-16,137,79,-14
89,-14,-7,0,-16,137,79,-14
88,-13,-7,0,-16,137,78,-13
86,-12,-6,0,-16,137,76,-12
86,-11,-6,0,-16,137,76,-10
86,-10,-6,0,-16,137,76,-10
87,-10,-6,0,-16,137,78,-9
89,-9,-6,0,-16,137,79,-9
90,-8,-6,0,-16,137,80,-8
91,-8,-6,0,-16,137,80,-8
90,-7,-6,0,-16,137,80,-8
90,-7,-6,0,-16,137,80,-7
89,-6,-6,0,-16,137,79,-7
89,-6,-6,0,-16,137,79,-6
88,-5,-6,0,-16,137,78,-6
88,-3,-6,0,-16,137,78,-4
89,-3,-6,0,-16,137,79,-3
89,-3,-6,0,-16,137,79,-3
89,-3,-6,0,-16,137,79,-3
89,-2,-6,0,-16,137,79,-3
88,-1,-6,0,-16,137,78,-2
87,0,-6,0,-16,137,76,-1
86,0,-6,0,-16,137,76,-1
85,0,-6,0,-16,137,75,-1
86,-1,-6,0,-16,137,76,-2
86,-1,-6,0,-16,137,76,-2
86,-1,-6,0,-16,137,76,-2
86,0,-6,0,-16,137,75,-1
85,0,-6,0,-16,137,75,-1
85,0,-6,0,-16,137,75,-1
86,-1,-7,0,-16,137,76,-2
87,-3,-7,0,-16,137,76,-3
88,-4,-7,0,-16,137,78,-4
88,-4,-6,0,-16,137,78,-4
87,-4,-6,0,-16,137,78,-4
88,-3,-7,0,-16,137,78,-4
88,-5,-7,1,-16,137,79,-6
89,-7,-8,1,-15,138,79,-9
90,-8,-8,2,-15,138,80,-10
90,-8,-8,1,-16,138,80,-10
90,-8,-7,0,-17,137,80,-10
90,-7,-7,1,-18,138,80,-8
89,-8,-7,2,-18,138,79,-10
89,-10,-7,3,-18,139,79,-12
90,-12,-7,2,-17,140,80,-14
90,-14,-7,1,-16,140,80,-15
89,-15,-8,1,-15,140,79,-17
88,-15,-7,0,-15,139,79,-17
87,-15,-7,0,-16,138,78,-14
87,-15,-7,0,-16,138,78,-15
87,-18,-7,0,-16,138,78,-19
87,-19,-8,1,-15,140,78,-20
87,-21,-7,1,-15,140,78,-20
87,-21,-6,0,-15,141,78,-20
86,-22,-7,0,-15,142,76,-21
85,-24,-8,0,-15,143,75,-25
85,-26,-10,0,-15,142,75,-28
85,-28,-12,0,-15,140,75,-29
84,-29,-12,-1,-15,139,75,-30
83,-31,-11,-2,-16,139,74,-31
83,-33,-10,-3,-16,141,76,-34
83,-35,-10,-3,-16,142,76,-35
82,-36,-10,-3,-15,143,75,-36
81,-36,-10,-3,-15,142,74,-36
79,-37,-11,-2,-16,140,70,-36
79,-37,-11,-1,-17,139,70,-37
78,-38,-12,-1,-18,139,69,-37
77,-39,-13,-2,-18,139,68,-39
75,-39,-12,-3,-18,139,69,-40
75,-40,-11,-3,-17,139,69,-40
75,-40,-10,-3,-16,139,69,-40
75,-39,-10,-3,-15,138,69,-40
75,-39,-10,-2,-16,137,69,-40
75,-39,-10,-3,-16,137,69,-40
75,-40,-10,-3,-16,137,69,-40
75,-40,-11,-4,-16,138,69,-40
75,-40,-11,-4,-15,138,69,-40
75,-39,-11,-3,-16,137,69,-39
75,-37,-10,-3,-16,137,69,-37
77,-36,-11,-3,-16,137,70,-36
77,-34,-11,-4,-17,137,72,-34
77,-33,-11,-4,-18,137,72,-32
77,-33,-10,-3,-17,137,70,-32
77,-33,-10,-3,-16,137,70,-34
76,-33,-10,-3,-16,137,70,-34
77,-33,-10,-3,-16,137,70,-32
77,-31,-10,-3,-16,137,72,-31
79,-29,-10,-3,-16,137,73,-30
79,-28,-10,-3,-16,137,73,-29
79,-27,-10,-3,-16,137,73,-28
79,-26,-10,-3,-16,137,72,-28
78,-27,-10,-3,-16,137,72,-28
78,-26,-10,-3,-16,137,72,-28
78,-26,-10,-3,-16,137,72,-26
78,-25,-9,-2,-16,137,72,-26
78,-25,-9,-2,-15,138,72,-26
78,-25,-9,-2,-15,138,72,-26
77,-25,-8,-1,-16,137,70,-25
77,-23,-8,-1,-16,136,70,-23
78,-22,-8,-1,-16,136,72,-21
79,-21,-8,-1,-16,136,73,-23
81,-21,-8,-1,-16,137,74,-23
81,-20,-8,-1,-16,137,74,-19
81,-20,-8,-1,-16,137,74,-19
81,-21,-8,-1,-16,136,74,-23
82,-22,-9,-2,-16,136,75,-24
82,-23,-9,-2,-16,136,75,-24
81,-21,-8,-1,-16,136,74,-23
80,-20,-8,-1,-16,136,73,-19
80,-19,-8,-1,-16,135,73,-19
80,-20,-7,0,-14,134,70,-19
80,-20,-7,0,-14,134,70,-19
80,-20,-6,0,-13,135,70,-19
80,-20,-6,0,-14,136,72,-19
81,-21,-6,0,-13,137,72,-20
82,-23,-7,0,-12,136,73,-21
83,-24,-7,0,-11,135,74,-23
83,-24,-7,0,-11,134,74,-23
83,-24,-8,0,-11,135,74,-23
83,-24,-8,-1,-11,136,75,-23
83,-24,-8,-1,-11,136,75,-25
83,-24,-9,-1,-10,134,75,-25
83,-24,-9,0,-11,133,74,-25
83,-24,-9,1,-13,132,74,-25
83,-24,-9,0,-14,133,74,-25
83,-24,-10,0,-14,133,74,-25
83,-24,-11,0,-13,133,74,-25
83,-24,-11,0,-11,132,74,-25
83,-24,-10,2,-10,132,72,-25
83,-24,-9,3,-11,132,72,-25
83,-24,-9,2,-11,132,74,-25
83,-24,-10,1,-13,132,74,-25
83,-24,-10,1,-14,133,74,-25
83,-24,-11,3,-14,133,72,-25
83,-24,-10,3,-13,133,72,-25
83,-24,-10,3,-12,132,72,-25
83,-24,-10,3,-12,132,72,-25
83,-24,-10,1,-12,132,74,-25
83,-24,-9,0,-13,132,74,-25
83,-24,-7,0,-13,132,74,-23
83,-24,-7,0,-12,132,74,-23
82,-24,-7,1,-11,132,73,-25
82,-22,-7,1,-11,132,73,-24
82,-20,-7,0,-12,132,73,-19
83,-18,-7,0,-13,132,74,-17
84,-17,-8,-1,-13,133,78,-15
85,-17,-7,0,-13,132,75,-17
84,-18,-7,0,-12,132,75,-17
84,-18,-7,0,-11,132,75,-17
83,-16,-7,1,-11,132,74,-15
84,-13,-8,1,-11,132,75,-15
85,-11,-8,1,-11,133,75,-13
86,-10,-7,0,-11,133,76,-10
86,-10,-6,0,-11,132,76,-10
86,-9,-6,0,-11,131,76,-9
86,-8,-7,0,-11,129,76,-8
87,-6,-8,1,-11,128,78,-9
88,-4,-9,2,-11,127,76,-7
88,-4,-9,2,-11,127,75,-7
88,-3,-8,1,-11,128,78,-6
89,-3,-7,0,-11,128,79,-3
90,-2,-6,0,-11,127,83,-2
91,0,-6,0,-11,127,81,-1
90,1,-6,3,-11,127,80,0
90,2,-7,4,-11,127,78,-1
89,2,-6,5,-11,127,76,1
89,2,-4,4,-11,127,76,1
90,2,-3,3,-12,127,79,1
90,2,-3,4,-11,127,79,1
89,2,-4,4,-10,127,76,1
89,2,-4,4,-8,127,79,1
89,2,-3,3,-7,127,79,1
91,3,-3,3,-6,127,80,2
93,4,-3,4,-7,127,83,3
93,5,-4,4,-7,127,80,3
93,4,-4,4,-7,127,80,3
91,3,-4,4,-7,127,78,2
89,2,-5,5,-7,127,76,1
89,2,-6,7,-7,127,76,-1
89,2,-6,7,-7,127,75,-1
89,2,-6,7,-7,127,76,0
90,2,-6,7,-7,127,78,-1
89,2,-6,7,-7,127,76,-1
89,1,-6,7,-7,127,76,-1
87,1,-6,7,-7,127,75,-1
86,1,-6,6,-7,127,74,-1
86,0,-6,6,-7,127,74,-2
86,-1,-6,7,-7,127,74,-4
87,-3,-6,7,-7,127,75,-6
87,-4,-6,7,-8,127,75,-7
87,-4,-7,5,-8,127,75,-7
86,-4,-8,3,-9,127,74,-7
86,-4,-8,2,-9,127,74,-7
86,-4,-9,2,-8,127,74,-7
86,-5,-10,3,-8,127,74,-7
86,-7,-9,3,-7,127,74,-9
85,-9,-8,2,-7,127,75,-12
86,-10,-7,1,-8,127,76,-10
86,-11,-7,0,-8,127,76,-10
86,-10,-8,1,-8,127,76,-13
86,-10,-9,2,-8,127,74,-13
86,-10,-9,3,-8,127,74,-13
86,-10,-9,2,-9,127,74,-13
86,-10,-9,2,-10,127,74,-13
86,-10,-9,2,-11,127,74,-13
86,-11,-7,4,-11,128,74,-13
85,-11,-7,4,-10,128,73,-13
84,-11,-7,4,-8,127,73,-13
85,-11,-7,4,-8,127,73,-13
86,-10,-8,4,-9,127,74,-13
86,-11,-7,4,-10,128,75,-13
87,-11,-5,3,-9,129,78,-12
87,-12,-5,3,-9,130,78,-12
86,-12,-7,3,-9,129,75,-14
86,-11,-8,5,-10,128,74,-13
86,-10,-7,6,-11,127,74,-12
87,-10,-5,6,-12,127,75,-9
89,-9,-5,5,-12,127,78,-9
90,-8,-5,5,-11,128,78,-8
90,-7,-6,6,-10,129,78,-9
89,-5,-7,7,-9,130,76,-7
87,-4,-7,7,-10,129,75,-7
87,-3,-6,6,-11,128,75,-7
87,-4,-5,5,-12,127,75,-4
88,-4,-5,5,-12,127,76,-4
89,-3,-5,6,-11,128,76,-3
90,-1,-6,7,-11,129,78,-3
90,1,-6,7,-11,130,78,-1
90,2,-5,6,-11,130,78,1
89,2,-5,5,-11,131,76,1
89,2,-5,5,-11,132,76,1
89,2,-6,6,-11,133,76,0
90,3,-6,7,-11,133,78,0
91,3,-6,7,-11,132,79,0
92,4,-6,7,-11,132,79,1
92,5,-6,7,-11,132,79,2
92,7,-6,7,-11,132,79,3
91,9,-6,7,-11,132,79,4
91,9,-6,7,-11,132,78,6
91,9,-6,7,-11,132,78,4
91,9,-6,6,-11,132,79,4
91,9,-6,6,-11,132,79,6
91,9,-6,6,-11,132,79,4
90,8,-6,7,-11,132,78,4
89,7,-5,7,-11,132,76,3
88,7,-5,7,-11,132,75,6
88,7,-5,7,-11,132,75,6
88,7,-4,8,-11,132,75,6
88,6,-4,8,-11,132,73,4
88,4,-3,9,-11,133,73,3
88,3,-3,9,-13,133,74,2
89,3,-4,8,-14,133,74,2
89,3,-5,7,-15,133,76,0
89,4,-6,7,-15,133,76,1
89,3,-6,6,-14,133,76,0
88,2,-6,6,-14,134,75,-1
86,0,-6,7,-14,134,74,-2
85,0,-6,7,-14,134,73,-3
85,0,-6,7,-15,133,73,-3
85,0,-6,6,-15,134,73,-3
85,0,-6,7,-16,136,73,-2
85,0,-6,7,-16,137,73,-3
85,0,-6,7,-16,138,73,-3
85,0,-6,7,-15,138,73,-3
84,0,-6,6,-16,137,73,-3
83,-1,-6,6,-16,137,72,-4
83,-2,-6,6,-16,137,72,-6
84,-4,-6,7,-16,137,72,-7
83,-6,-6,7,-16,137,72,-8
83,-7,-6,6,-16,137,72,-9
83,-7,-7,6,-16,137,72,-9
84,-6,-8,5,-16,137,72,-8
83,-6,-8,5,-16,137,72,-8
83,-7,-8,5,-16,137,72,-10
81,-9,-7,6,-16,137,69,-12
80,-10,-7,6,-16,137,69,-13
80,-10,-7,5,-16,137,69,-12
82,-10,-8,4,-16,137,70,-12
84,-10,-9,4,-16,137,73,-12
85,-11,-9,4,-16,137,73,-13
83,-12,-8,4,-16,137,72,-14
82,-13,-7,3,-16,137,70,-15
81,-13,-7,3,-16,137,70,-15
83,-12,-8,3,-16,137,72,-14
85,-11,-10,3,-16,137,73,-13
86,-10,-10,3,-16,137,74,-12
86,-10,-10,3,-16,137,75,-12
86,-11,-10,3,-16,137,74,-13
85,-11,-10,3,-16,137,73,-13
84,-11,-10,3,-16,137,73,-13
84,-10,-10,4,-16,137,73,-13
85,-9,-9,4,-16,137,73,-12
85,-8,-8,4,-16,137,73,-10
84,-7,-9,4,-16,137,73,-9
84,-6,-9,4,-16,137,72,-9
83,-6,-9,4,-16,137,72,-8
83,-6,-8,4,-16,137,72,-9
83,-6,-7,5,-16,137,72,-9
84,-6,-7,6,-16,137,72,-9
85,-6,-6,7,-16,137,73,-8
86,-4,-6,7,-16,137,74,-7
87,-3,-6,7,-16,137,75,-6
86,0,-6,7,-16,137,74,-3
85,0,-6,7,-16,137,73,-3
85,0,-6,7,-16,137,70,-2
85,0,-7,7,-16,137,70,-3
86,0,-8,8,-16,137,72,-3
86,0,-7,8,-16,137,72,-2
86,0,-5,7,-16,137,74,-2
86,0,-3,9,-16,137,73,0
87,0,-3,10,-16,137,73,0
88,1,-3,12,-16,137,73,-1
88,3,-4,12,-16,137,72,0
88,6,-5,13,-16,137,72,2
87,6,-6,13,-16,137,70,2
87,5,-6,14,-15,138,70,2
87,5,-6,14,-15,138,70,1
87,5,-6,13,-16,137,70,1
87,6,-6,13,-16,136,70,2
86,6,-6,13,-16,136,70,2
86,6,-6,14,-16,136,70,2
87,7,-6,13,-16,137,70,3
87,6,-6,13,-16,137,70,2
87,6,-6,14,-16,136,70,2
86,6,-6,14,-16,136,70,2
87,7,-5,13,-16,136,70,3
87,7,-5,12,-16,136,70,3
86,6,-5,11,-16,136,72,2
85,6,-6,11,-16,136,69,2
86,5,-7,12,-16,134,69,2
86,6,-7,12,-15,133,69,2
86,6,-8,11,-14,132,70,2
86,6,-9,10,-13,133,69,2
84,5,-8,11,-13,133,68,1
83,3,-8,11,-14,133,67,0
83,2,-8,11,-16,133,67,-1
83,2,-9,10,-17,133,67,-1
84,1,-9,10,-16,133,70,-1
85,1,-9,10,-14,133,70,-2
85,0,-9,10,-13,132,69,-3
84,0,-9,10,-12,132,68,-3
82,-1,-9,10,-13,132,67,-4
81,-2,-9,10,-14,133,68,-6
80,-2,-9,10,-15,133,64,-6
81,-2,-9,10,-16,133,64,-4
81,-2,-9,10,-14,133,65,-6
82,-3,-9,10,-13,132,65,-6
83,-5,-9,10,-12,132,67,-8
83,-6,-9,10,-12,132,68,-8
83,-7,-9,10,-13,132,68,-9
83,-7,-9,10,-13,133,67,-9
82,-7,-9,10,-13,133,65,-9
81,-7,-9,10,-13,132,65,-10
80,-8,-9,10,-12,132,64,-10
79,-9,-9,10,-12,132,64,-12
79,-9,-9,10,-11,132,63,-12
79,-9,-9,10,-11,132,63,-12
79,-9,-9,10,-11,132,63,-12
79,-9,-9,10,-11,132,63,-12
79,-8,-9,10,-11,132,64,-13
80,-8,-9,10,-11,132,64,-13
81,-8,-9,10,-11,132,65,-10
80,-8,-9,10,-11,132,64,-10
81,-7,-9,10,-11,132,65,-10
82,-7,-10,10,-11,132,67,-12
83,-7,-10,11,-11,132,68,-12
84,-6,-11,11,-11,132,68,-10
83,-5,-10,11,-11,132,67,-9
82,-3,-10,10,-11,132,65,-8
81,-2,-9,10,-11,132,64,-6
80,-2,-9,10,-11,132,67,-6
81,-2,-9,10,-11,132,67,-6
83,-1,-9,10,-11,132,67,-4
84,0,-8,11,-11,132,68,-3
84,0,-8,11,-11,132,68,-2
84,1,-8,11,-11,132,68,-1
84,2,-9,10,-11,132,68,-1
84,3,-8,11,-11,133,68,0
84,4,-7,12,-11,133,68,1
84,4,-6,13,-11,132,68,1
84,5,-5,14,-11,131,68,1
85,7,-6,14,-11,130,68,3
85,9,-6,13,-11,130,68,4
85,10,-6,13,-11,130,68,7
84,11,-6,13,-11,131,68,7
84,10,-6,14,-11,132,68,7
84,10,-6,13,-11,133,68,6
84,10,-6,13,-11,133,68,6
84,10,-6,13,-11,132,68,6
84,10,-6,13,-11,132,68,7
86,11,-6,13,-11,132,69,7
87,12,-6,13,-11,133,70,8
88,13,-6,13,-11,133,72,8
88,13,-6,13,-11,132,70,8
86,12,-6,13,-11,131,70,8
86,11,-6,13,-11,130,69,7
86,10,-6,13,-11,131,69,6
86,7,-6,13,-11,132,69,3
86,6,-6,13,-11,133,70,2
87,6,-6,14,-11,133,70,2
87,6,-6,14,-11,132,70,2
87,7,-6,14,-11,132,70,3
87,7,-6,13,-11,132,70,3
87,7,-6,13,-11,132,70,3
86,7,-6,14,-11,132,70,3
86,6,-7,14,-11,132,69,2
86,4,-7,15,-11,132,67,1
86,2,-8,15,-11,132,68,-3
86,0,-7,15,-11,132,68,-2
86,0,-7,14,-11,132,69,-3
85,0,-6,14,-11,132,69,-3
85,0,-5,13,-11,132,68,-2
86,0,-6,14,-11,132,69,-3
86,-1,-8,14,-11,132,69,-4
86,-3,-9,13,-11,132,69,-8
84,-5,-9,13,-11,132,68,-10
84,-7,-7,12,-11,132,68,-9
84,-8,-7,11,-11,132,68,-10
85,-9,-8,11,-11,132,69,-12
85,-9,-10,11,-11,132,69,-14
86,-9,-11,12,-11,133,69,-14
85,-9,-11,12,-11,133,69,-14
84,-10,-10,13,-11,132,68,-14
82,-11,-10,14,-11,131,67,-15
81,-11,-11,14,-11,131,63,-15
80,-12,-11,13,-11,131,63,-17
81,-12,-11,12,-11,130,65,-17
81,-12,-11,11,-10,129,65,-17
81,-11,-11,12,-9,129,65,-15
80,-10,-12,13,-10,130,63,-15
79,-9,-13,14,-11,132,62,-14
79,-8,-13,14,-11,133,61,-13
79,-9,-11,13,-11,133,63,-13
79,-9,-11,13,-11,131,63,-14
79,-9,-12,13,-11,129,62,-14
79,-9,-12,13,-11,127,62,-13
79,-9,-11,13,-11,128,63,-13
79,-9,-10,11,-11,129,63,-14
80,-10,-10,11,-11,130,64,-14
80,-11,-11,12,-11,129,64,-15
81,-11,-13,14,-10,128,63,-15
80,-11,-13,14,-9,127,63,-15
80,-10,-12,14,-10,127,62,-14
79,-9,-11,13,-10,127,63,-14
79,-9,-11,12,-10,128,64,-13
79,-9,-11,13,-8,128,63,-13
79,-9,-12,14,-7,127,62,-14
79,-9,-13,14,-7,127,62,-14
79,-9,-13,14,-8,127,62,-13
79,-9,-12,14,-8,127,62,-13
79,-9,-12,14,-9,127,62,-13
78,-9,-12,14,-9,127,61,-14
78,-10,-13,14,-8,127,59,-14
78,-11,-12,14,-8,127,59,-17
78,-14,-12,14,-7,127,61,-18
78,-15,-12,14,-8,127,61,-19
78,-16,-12,14,-9,127,61,-20
78,-16,-12,14,-9,127,61,-20
78,-15,-12,14,-9,127,61,-19
78,-15,-12,14,-9,127,61,-19
78,-15,-12,14,-9,127,61,-19
78,-16,-12,14,-7,127,61,-20
77,-15,-12,14,-7,128,59,-19
78,-15,-12,14,-7,127,61,-19
78,-15,-12,14,-7,126,61,-19
78,-15,-12,14,-7,124,61,-19
78,-16,-12,14,-7,123,61,-20
77,-15,-12,14,-7,124,59,-19
78,-15,-12,14,-7,124,61,-19
79,-14,-12,14,-7,124,61,-19
80,-14,-12,14,-7,124,62,-19
81,-14,-12,14,-7,123,63,-19
81,-14,-12,14,-7,123,63,-18
80,-12,-12,14,-7,122,62,-17
79,-10,-12,14,-7,122,62,-15
79,-9,-13,14,-7,122,62,-13
79,-8,-12,14,-7,122,62,-13
81,-8,-12,14,-7,122,63,-13
83,-7,-12,14,-7,122,64,-12
83,-7,-13,14,-7,122,65,-12
83,-5,-13,13,-7,122,64,-9
82,-3,-12,14,-7,122,64,-8
82,-1,-11,14,-7,122,64,-7
84,0,-10,16,-7,122,65,-6
85,0,-9,17,-7,122,67,-4
85,1,-9,17,-7,122,67,-4
83,2,-9,17,-7,122,64,-3
83,3,-9,17,-7,122,64,-2
83,5,-9,17,-7,122,65,-1
86,6,-9,17,-6,122,67,0
86,6,-9,17,-6,122,68,0
86,6,-9,17,-5,122,68,0
85,5,-9,17,-6,122,67,0
84,5,-9,17,-7,122,65,-1
83,4,-9,17,-7,122,65,-1
83,4,-9,17,-6,122,64,-1
83,3,-9,17,-5,122,64,-2
83,3,-9,17,-4,122,64,-2
83,3,-9,17,-5,122,64,-2
83,4,-9,17,-4,122,64,-1
83,4,-9,17,-3,122,64,-1
83,4,-9,17,-3,122,64,-1
83,2,-9,17,-3,122,65,-2
83,0,-9,17,-3,122,64,-4
82,-1,-9,17,-3,122,64,-7
81,-3,-10,16,-3,122,63,-8
81,-4,-11,14,-2,120,63,-9
83,-5,-12,14,-2,119,64,-9
84,-6,-12,14,-2,119,65,-10
84,-7,-11,15,-2,120,65,-12
82,-7,-10,16,-2,122,64,-12
80,-7,-10,15,-2,122,62,-13
79,-9,-12,14,-2,122,62,-13
80,-10,-12,14,-2,122,62,-15
81,-12,-13,14,-2,122,63,-17
81,-12,-13,14,-2,121,63,-17
80,-10,-13,14,-2,119,63,-15
79,-9,-13,14,-2,117,62,-13
79,-8,-12,14,-2,116,61,-13
79,-9,-11,15,-2,117,62,-13
79,-9,-10,16,-2,118,62,-13
79,-9,-10,16,-2,119,62,-13
79,-9,-10,16,-2,119,62,-13
79,-9,-10,16,-2,119,62,-13
79,-9,-9,17,-2,118,61,-14
80,-9,-9,17,-2,117,62,-14
80,-8,-9,17,-2,117,62,-13
81,-6,-9,17,-2,117,63,-10
82,-3,-9,17,-2,117,63,-8
81,-2,-9,17,-2,117,63,-7
81,-2,-9,17,-2,117,63,-7
81,-2,-9,17,-2,117,63,-7
80,-1,-9,17,-3,117,62,-7
79,0,-9,17,-2,117,61,-4
79,2,-8,18,-2,117,62,-3
80,3,-7,18,-2,117,62,-2
81,2,-8,18,-3,117,63,-3
80,2,-9,17,-3,117,62,-3
80,4,-9,17,-2,117,62,-1
80,6,-9,17,-1,117,62,0
80,8,-9,17,0,117,62,2
80,8,-9,17,-1,117,62,2
80,8,-9,17,-2,117,62,2
80,8,-8,18,-3,117,62,2
80,7,-7,18,-3,117,62,1
80,8,-7,18,-3,117,62,2
82,9,-7,19,-2,117,63,3
83,10,-7,19,-1,117,64,3
83,10,-7,19,-1,117,64,3
83,10,-7,19,-1,117,64,3
83,10,-7,18,-2,117,64,3
84,10,-7,18,-1,117,65,3
84,10,-7,19,-1,117,65,3
85,11,-7,19,-1,117,67,4
85,11,-8,18,-2,117,67,4
86,11,-9,17,-3,117,67,4
86,10,-10,18,-3,117,65,3
86,8,-9,19,-3,117,65,2
87,6,-7,21,-2,117,65,0
87,6,-7,21,-1,117,65,0
86,7,-8,22,0,117,65,1
85,9,-11,22,0,117,62,1
84,11,-11,22,0,118,61,2
84,11,-10,22,0,117,61,4
84,10,-9,22,1,115,62,3
85,9,-8,22,2,114,64,3
85,9,-7,21,2,112,64,2
85,9,-7,20,1,111,64,3
84,10,-7,20,1,111,63,3
84,10,-9,19,1,112,63,4
84,10,-9,19,2,114,63,4
84,10,-7,20,2,115,63,4
84,10,-6,20,2,115,63,6
84,10,-5,21,2,114,63,6
84,10,-6,21,1,112,63,4
84,10,-7,22,1,111,63,4
84,10,-7,21,2,112,63,4
84,10,-7,19,2,113,63,4
84,10,-7,18,2,114,65,4
84,10,-7,18,2,113,65,4
84,10,-7,20,2,112,63,4
84,10,-7,21,1,112,63,4
84,10,-7,22,1,112,63,4
84,10,-6,21,1,112,63,4
84,10,-6,21,2,112,63,6
84,10,-5,20,2,112,63,6
84,10,-5,20,1,112,63,6
84,10,-5,20,1,112,63,6
84,10,-6,21,1,112,63,6
84,10,-6,21,1,112,63,4
84,10,-7,22,1,112,63,4
84,10,-7,21,1,112,63,4
84,10,-6,21,2,112,63,6
84,10,-5,20,2,112,63,6
85,11,-5,20,1,112,64,7
87,12,-6,21,1,112,65,8
88,13,-6,21,1,112,67,7
89,13,-7,22,2,112,68,7
89,13,-6,21,2,113,68,7
88,13,-6,21,2,114,67,8
88,13,-5,20,1,113,67,8
88,13,-5,20,1,112,67,8
89,13,-6,21,2,112,68,9
88,13,-7,21,3,112,67,7
88,13,-7,22,3,112,67,7
88,13,-6,21,3,112,67,7
89,13,-6,21,2,112,68,9
89,13,-5,20,1,112,68,9
88,13,-5,20,1,112,67,8
87,12,-5,20,1,112,65,8
86,11,-6,20,1,112,64,7
84,10,-6,20,1,112,63,6
84,10,-5,20,1,112,63,6
84,10,-5,20,1,112,63,6
84,11,-5,20,1,112,63,7
84,10,-5,20,3,112,63,6
85,9,-5,20,4,112,64,6
86,8,-6,20,5,112,65,3
87,6,-5,20,5,112,65,2
86,5,-5,20,5,112,64,2
84,4,-5,20,6,111,63,1
83,4,-6,20,6,110,62,-1
83,2,-6,20,6,110,62,-3
84,1,-6,19,6,110,65,-2
85,0,-6,18,6,111,67,-2
86,0,-6,18,6,112,67,-2
85,0,-7,18,6,111,67,-6
85,-1,-7,18,6,110,67,-7
84,-4,-6,18,6,109,65,-7
83,-6,-5,19,6,108,65,-9
83,-7,-4,20,6,107,65,-9
83,-7,-5,20,6,107,63,-9
83,-6,-5,21,6,107,63,-9
83,-6,-6,20,6,107,63,-9
83,-6,-6,19,6,107,63,-10
84,-6,-7,19,6,107,65,-12
84,-6,-6,20,6,107,63,-9
83,-6,-6,20,6,107,63,-9
83,-6,-6,20,6,107,63,-9
83,-6,-7,19,6,107,65,-10
85,-6,-6,19,6,107,64,-10
87,-5,-6,20,6,107,65,-8
87,-4,-5,20,6,108,67,-7
87,-2,-5,20,6,109,67,-6
86,-1,-5,20,6,108,65,-4
85,0,-5,20,6,107,64,-3
85,0,-6,20,6,107,64,-3
85,0,-5,21,6,107,64,-3
85,1,-6,20,6,107,64,-2
83,2,-5,20,6,107,63,-1
83,3,-5,20,6,107,62,0
82,4,-6,20,6,107,62,1
82,4,-7,22,6,107,62,-1
82,5,-7,23,6,108,61,0
81,6,-7,22,6,109,61,0
80,7,-7,22,6,108,59,1
80,8,-7,21,6,107,59,2
80,8,-7,22,6,107,59,2
80,8,-9,24,6,107,57,2
81,7,-9,25,7,107,58,1
82,5,-9,24,8,107,59,-1
83,4,-8,23,7,107,61,-1
83,4,-7,22,6,107,62,-1
83,4,-7,21,6,107,62,-1
82,3,-6,21,6,107,62,-2
80,1,-6,22,6,107,61,-4
79,-1,-8,23,6,107,56,-7
78,-4,-10,23,6,107,56,-9
78,-6,-11,22,6,107,56,-13
78,-7,-12,20,6,107,58,-14
78,-9,-10,18,6,107,61,-14
78,-12,-9,17,6,107,59,-17
77,-14,-9,17,6,107,59,-19
76,-16,-10,18,6,107,56,-20
75,-19,-12,19,6,107,56,-25
75,-21,-12,19,6,107,56,-26
75,-22,-11,18,6,107,56,-26
75,-24,-10,16,6,107,58,-28
75,-26,-10,15,6,107,58,-30
74,-28,-11,15,6,107,57,-31
74,-32,-13,14,6,108,57,-35
73,-34,-13,14,6,109,56,-36
73,-35,-13,14,6,108,56,-37
72,-36,-12,14,6,107,56,-39
72,-36,-12,14,6,107,56,-39
72,-37,-12,14,6,107,56,-40
72,-39,-13,14,6,107,56,-41
72,-41,-13,14,6,107,56,-43
72,-42,-13,14,6,107,56,-43
71,-42,-13,14,6,107,54,-45
71,-42,-12,14,6,107,54,-45
71,-42,-12,14,6,107,54,-45
71,-42,-13,14,6,107,54,-45
71,-43,-14,14,6,107,54,-47
71,-42,-14,15,6,107,54,-46
70,-41,-14,16,6,107,53,-46
69,-39,-14,18,6,107,51,-43
70,-37,-13,20,6,107,51,-42
71,-36,-12,21,6,107,52,-41
72,-34,-12,21,6,107,51,-40
72,-32,-12,21,6,107,53,-37
73,-29,-12,21,6,107,53,-35
73,-28,-12,21,6,107,54,-32
74,-25,-12,21,6,107,54,-31
75,-23,-12,21,6,107,56,-29
75,-21,-12,21,6,107,56,-26
75,-19,-12,21,6,107,56,-25
75,-18,-12,20,6,107,56,-24
76,-16,-12,21,6,107,56,-23
77,-14,-11,21,6,107,54,-21
77,-12,-10,23,6,107,56,-17
77,-8,-8,24,6,107,54,-13
77,-6,-8,24,6,107,56,-10
78,-3,-9,24,6,107,56,-9
80,-3,-9,24,7,107,57,-8
81,-3,-7,25,8,107,58,-8
81,-2,-6,26,7,107,58,-7
82,0,-5,27,6,107,59,-6
82,1,-4,27,6,107,59,-3
83,3,-5,27,5,107,59,-2
83,4,-5,27,6,107,61,-1
83,6,-5,27,6,107,61,0
84,8,-5,27,7,107,61,2
84,10,-5,27,8,107,62,3
84,11,-5,27,7,107,62,4
84,10,-5,27,6,107,62,4
84,10,-5,27,6,107,62,3
84,10,-5,27,6,107,62,3
84,10,-5,27,6,107,62,3
84,10,-5,27,6,107,61,4
84,10,-5,27,6,107,61,4
84,10,-5,27,6,107,62,4
85,10,-5,27,6,107,62,4
84,10,-4,27,6,107,62,3
83,10,-5,27,6,107,61,3
81,9,-6,26,6,107,58,2
80,8,-7,25,6,107,57,2
80,8,-7,25,6,107,57,2
81,7,-6,26,6,107,58,1
82,5,-6,26,6,107,59,-1
81,3,-7,25,6,107,58,-2
79,2,-8,24,6,107,57,-3
79,1,-9,24,6,107,56,-4
79,0,-9,24,6,107,57,-4
80,-1,-8,24,6,107,58,-7
80,-3,-8,24,6,107,57,-8
79,-4,-8,24,6,107,56,-9
77,-5,-9,24,6,107,54,-10
76,-5,-9,24,6,107,54,-10
76,-4,-9,24,6,107,54,-9
77,-4,-9,24,6,107,54,-9
77,-5,-9,24,6,107,54,-10
77,-4,-9,24,6,107,54,-9
77,-4,-9,24,6,107,54,-9
76,-4,-9,24,6,107,54,-9
76,-5,-9,24,6,107,54,-10
77,-5,-9,24,6,107,54,-10
78,-3,-8,24,6,107,56,-9
80,-3,-8,24,6,107,57,-8
81,-2,-9,24,6,107,58,-7
81,-2,-9,24,6,107,58,-7
81,-2,-9,24,6,107,58,-7
82,-1,-8,24,6,107,59,-7
83,0,-8,25,6,107,61,-4
83,2,-7,25,6,107,61,-3
83,4,-7,25,6,107,61,-1
83,6,-7,25,6,107,59,0
83,8,-6,26,6,107,61,2
84,10,-6,26,6,107,62,3
86,11,-6,26,6,107,63,4
87,12,-6,26,6,107,64,6
88,14,-5,27,6,107,64,7
89,17,-5,27,6,107,65,9
89,18,-5,27,6,107,65,12
90,20,-5,27,6,107,67,13
89,21,-5,27,6,107,65,13
89,22,-5,27,6,108,65,15
89,24,-5,27,6,109,65,17
90,26,-5,28,6,108,67,18
92,26,-4,28,6,107,65,19
93,26,-3,28,6,107,69,18
92,26,-4,28,6,107,68,19
91,28,-4,28,6,107,67,19
90,30,-5,29,6,107,64,21
90,31,-5,30,6,107,64,23
90,29,-6,30,6,107,64,21
90,27,-6,29,6,107,63,19
89,24,-6,28,6,107,63,17
88,24,-7,28,6,107,62,15
88,24,-7,29,6,107,62,15
87,24,-7,30,6,107,62,17
87,23,-7,30,6,107,61,15
86,21,-7,30,6,108,61,14
85,18,-8,30,6,109,59,9
84,16,-8,31,6,108,57,7
84,14,-8,31,6,107,57,4
84,12,-8,31,6,107,57,3
84,11,-8,31,6,107,57,2
83,9,-8,31,6,107,56,1
82,7,-8,31,6,107,54,-1
80,5,-8,31,6,107,56,-3
79,2,-7,30,6,107,54,-3
79,0,-7,29,6,107,54,-6
80,-1,-9,28,6,107,56,-9
81,-2,-10,28,6,107,57,-9
81,-2,-10,28,6,107,57,-9
80,-3,-9,28,6,107,56,-10
78,-4,-9,29,6,107,53,-12
78,-6,-10,28,6,107,53,-13
78,-8,-11,27,6,107,53,-15
79,-9,-11,26,6,107,54,-15
80,-9,-10,25,6,107,57,-17
79,-9,-10,26,6,107,57,-15
79,-9,-11,27,6,107,54,-15
79,-9,-12,28,6,107,54,-15
79,-9,-12,28,6,107,54,-15
79,-9,-12,27,6,107,54,-17
79,-9,-11,26,6,107,54,-15
79,-8,-10,26,6,107,54,-15
79,-7,-10,26,6,107,54,-14
78,-7,-10,26,6,107,56,-14
78,-8,-10,25,6,107,56,-15
78,-7,-9,25,6,106,56,-12
79,-5,-10,25,6,105,57,-13
80,-3,-11,26,7,105,56,-10
81,-2,-12,28,8,106,56,-9
81,-2,-11,29,9,106,56,-9
81,-2,-9,30,10,105,56,-10
81,-3,-7,30,10,103,56,-8
82,-1,-7,30,11,102,57,-7
83,0,-7,30,10,101,58,-4
83,3,-8,30,10,101,58,-4
83,4,-8,31,10,102,56,-3
83,4,-8,31,10,102,56,-3
83,3,-8,31,10,101,56,-4
82,4,-8,31,10,101,54,-3
82,5,-8,31,10,101,54,-2
82,5,-9,31,10,101,54,-2
82,4,-8,31,10,101,54,-3
82,4,-7,29,10,101,57,-1
82,5,-6,28,10,101,57,-1
82,7,-6,28,10,101,57,1
82,9,-7,29,10,101,57,2
81,9,-8,31,10,101,53,1
80,8,-9,31,10,101,53,0
80,8,-8,31,10,101,53,0
80,8,-8,31,11,102,53,0
80,8,-8,31,11,102,53,0
80,8,-8,31,10,101,53,0
80,8,-8,31,10,100,53,0
80,8,-8,31,10,100,53,0
80,8,-8,31,10,100,53,0
79,6,-8,31,11,100,52,-2
79,3,-8,31,12,100,52,-4
79,1,-8,31,13,100,52,-6
79,1,-8,30,14,99,54,-7
78,1,-9,30,15,98,53,-7
77,1,-10,29,15,98,53,-7
77,1,-9,30,15,99,52,-7
77,1,-8,31,15,100,51,-7
77,0,-8,31,15,98,50,-7
76,-1,-9,30,15,97,52,-8
76,-3,-10,29,15,96,52,-10
76,-5,-11,28,15,97,52,-12
77,-5,-10,28,15,97,52,-13
77,-5,-11,28,15,97,53,-12
77,-4,-11,28,15,97,52,-12
77,-4,-12,28,15,97,52,-12
77,-5,-11,28,15,97,52,-12
77,-5,-10,29,15,97,52,-12
77,-4,-10,30,15,97,52,-12
76,-3,-9,30,15,97,52,-12
76,-3,-9,30,15,97,52,-10
76,-3,-9,30,15,97,52,-10
75,-3,-10,30,15,97,50,-10
75,-2,-10,31,15,96,50,-9
76,-1,-11,31,15,95,50,-9
77,-1,-11,30,15,93,50,-8
77,0,-10,29,15,92,53,-8
78,0,-10,29,15,92,53,-7
78,1,-10,29,16,93,53,-6
78,2,-10,28,17,93,53,-6
78,1,-11,28,18,94,53,-6
79,1,-11,28,19,95,54,-7
80,2,-11,28,20,95,54,-6
80,4,-10,28,20,93,56,-3
81,7,-10,29,20,91,56,-1
80,8,-9,30,19,91,56,0
80,8,-8,31,19,91,53,0
80,7,-8,31,20,92,53,-1
80,8,-8,31,20,91,53,0
80,9,-8,31,19,91,53,1
79,12,-8,31,19,91,52,3
79,13,-8,31,19,91,52,3
79,13,-8,31,20,91,52,4
79,13,-8,31,19,91,52,4
80,14,-8,31,19,91,53,4
82,14,-8,31,19,91,54,4
82,15,-8,31,20,91,54,6
81,16,-8,31,20,91,54,7
80,17,-8,31,19,91,53,8
79,19,-8,31,18,91,52,9
79,19,-8,31,18,91,52,9
79,19,-8,31,18,91,52,9
80,17,-8,31,19,91,53,8
81,16,-8,30,20,91,56,7
82,15,-8,31,19,91,54,6
83,14,-10,32,18,91,56,6
82,14,-10,33,18,91,54,6
80,14,-11,33,18,91,53,4
79,13,-10,33,19,91,52,3
78,12,-11,33,18,91,51,3
77,12,-11,34,16,92,48,3
78,12,-12,35,15,92,48,1
78,11,-11,34,16,91,50,2
79,10,-11,33,16,91,52,2
79,10,-10,33,16,91,52,1
79,8,-10,33,16,92,52,0
80,8,-11,34,16,93,51,0
80,8,-12,35,17,93,51,-2
79,9,-11,34,16,93,50,0
79,10,-10,33,15,94,52,1
79,9,-10,32,15,95,52,1
80,8,-10,32,15,95,53,0
80,7,-10,33,15,94,53,-1
81,7,-10,33,15,91,53,-1
80,8,-10,32,15,91,53,0
79,9,-10,32,15,92,52,1
78,11,-10,33,15,93,51,2
78,12,-11,33,15,93,51,3
79,13,-10,32,15,93,52,3
80,14,-7,32,15,93,53,4
81,15,-5,33,15,93,53,8
80,18,-5,34,15,93,53,10
81,19,-4,35,15,93,53,12
82,21,-5,34,15,92,54,13
83,23,-5,34,14,91,54,15
82,24,-5,34,14,91,54,17
81,25,-5,34,14,92,53,18
81,26,-4,34,15,93,53,18
81,25,-4,35,15,95,53,18
81,25,-3,38,15,97,51,17
81,25,-3,40,15,97,52,17
82,26,-3,40,15,95,52,18
83,29,-2,39,15,93,53,20
83,31,-1,38,14,92,53,23
83,32,0,37,14,91,56,23
83,31,-1,37,14,92,53,23
83,31,-3,37,15,92,53,23
83,31,-5,36,15,92,53,23
83,32,-7,37,14,92,53,20
83,31,-8,37,14,92,53,20
84,29,-8,37,14,92,54,19
85,28,-7,36,14,92,56,18
86,28,-6,36,14,92,58,19
85,28,-6,36,14,92,57,19
84,27,-7,37,14,92,53,17
84,27,-8,37,14,92,53,17
84,26,-7,37,14,92,54,17
84,25,-6,36,14,92,57,15
84,24,-6,35,15,91,56,17
83,22,-7,36,15,91,53,13
83,21,-7,36,14,92,53,12
83,21,-7,36,14,92,53,12
84,21,-7,37,14,92,54,12
83,21,-8,38,15,91,53,12
83,22,-8,38,16,92,53,13
83,23,-7,36,17,92,53,13
82,24,-6,35,16,91,54,15
81,24,-6,35,15,91,53,17
81,25,-7,36,14,92,52,15
83,26,-7,36,15,92,53,15
84,27,-7,37,15,93,53,17
84,29,-7,37,15,93,53,19
84,31,-7,38,15,93,53,20
84,33,-8,38,15,93,53,21
85,33,-8,38,15,93,56,23
87,35,-8,38,15,93,57,24
87,37,-8,38,15,93,57,26
87,40,-7,39,15,93,57,29
87,44,-5,40,15,93,54,32
87,46,-4,41,15,95,54,35
88,49,-4,41,15,95,54,39
88,51,-4,41,15,94,56,39
89,54,-4,41,15,92,56,41
90,56,-4,41,14,91,57,43
90,57,-4,41,14,91,57,43
90,58,-3,42,15,92,57,47
91,59,-2,43,15,93,58,48
91,62,-1,44,15,94,58,51
91,64,-1,43,15,93,58,53
91,66,-2,43,15,92,58,54
92,66,-2,43,14,92,58,54
92,66,-1,44,14,92,58,54
92,66,0,44,14,92,58,54
92,67,0,44,15,92,58,56
93,67,-1,44,15,92,59,56
94,67,-1,44,14,92,61,56
96,67,-1,44,15,91,62,56
95,66,-1,44,15,91,61,54
93,66,-1,44,15,91,59,54
91,65,-1,44,14,92,58,54
92,65,0,44,14,92,58,53
92,63,0,44,15,91,59,52
92,61,-1,44,16,91,59,50
91,60,-2,43,18,91,57,48
90,59,-3,42,18,91,57,48
90,58,-4,41,18,91,57,45
90,56,-4,41,19,91,57,42
90,53,-4,41,19,91,57,41
89,51,-4,41,18,91,56,39
88,49,-4,41,17,91,54,36
87,46,-4,41,17,91,54,34
87,44,-4,41,18,91,54,32
88,43,-4,41,18,91,54,31
88,41,-4,41,17,91,56,30
88,39,-4,41,16,91,56,28
87,37,-4,41,16,91,54,25
87,35,-4,41,17,91,54,24
86,34,-5,40,18,91,54,23
85,34,-6,39,19,91,54,23
84,33,-7,39,20,91,53,23
83,32,-7,38,20,91,52,21
83,31,-7,38,19,91,53,20
84,29,-7,38,19,91,54,19
85,28,-6,39,19,91,56,18
86,28,-6,39,20,91,56,17
85,28,-6,39,20,92,54,18
85,28,-6,39,20,92,54,18
85,28,-5,40,19,91,53,18
85,28,-4,41,19,90,53,17
85,28,-4,41,19,90,53,18
84,29,-4,41,19,90,52,19
83,31,-4,41,19,91,51,20
83,32,-4,41,20,92,51,21
82,32,-4,41,19,91,50,21
83,33,-4,41,19,90,51,21
83,32,-4,41,19,90,51,21
83,31,-4,41,19,88,51,20
83,28,-4,41,19,87,51,18
84,27,-4,41,19,87,52,17
84,27,-4,41,19,88,52,17
83,27,-4,41,19,88,51,17
82,26,-4,41,19,88,50,15
81,26,-4,41,20,87,50,15
80,25,-5,41,20,88,48,15
81,25,-6,40,20,88,50,15
81,25,-5,40,19,88,51,15
81,25,-5,40,19,87,50,15
81,25,-5,41,19,86,48,15
81,26,-6,41,21,86,48,15
81,25,-9,42,23,86,50,15
82,24,-11,41,23,86,50,12
82,22,-12,41,21,86,50,9
80,20,-11,41,19,86,48,8
79,18,-11,41,19,86,48,7
79,18,-11,41,19,86,47,7
79,19,-11,41,19,86,47,7
79,19,-11,41,20,86,48,7
79,19,-11,42,21,86,46,7
78,18,-11,42,21,86,45,7
76,17,-12,41,22,86,45,6
75,15,-13,38,21,86,45,3
77,13,-12,36,21,86,47,2
78,12,-12,34,20,86,48,3
78,12,-13,36,21,86,48,1
76,11,-14,37,22,86,45,0
75,10,-14,38,23,86,43,0
73,9,-14,37,24,86,42,-1
74,8,-13,36,24,86,45,-2
74,8,-12,35,23,86,46,-2
75,7,-13,36,22,86,46,-3
75,6,-13,36,23,86,47,-3
75,5,-14,36,24,86,46,-6
73,3,-13,36,24,85,45,-7
72,3,-13,36,24,84,43,-7
71,3,-12,35,24,85,42,-7
72,3,-12,35,24,86,43,-7
72,2,-11,34,24,87,43,-6
72,0,-11,34,25,86,43,-8
71,-2,-12,35,24,85,43,-12
70,-3,-12,35,24,84,42,-13
70,-3,-12,35,24,83,42,-13
71,-2,-11,34,24,84,42,-10
72,-2,-11,34,24,85,43,-9
72,-1,-11,34,24,84,43,-9
73,-1,-11,34,24,83,45,-9
74,0,-11,34,24,82,45,-8
74,0,-11,34,24,83,46,-8
75,0,-11,34,24,84,46,-8
75,-1,-11,34,24,85,46,-9
74,0,-11,35,24,83,46,-8
73,0,-11,35,24,83,45,-7
72,2,-11,35,24,84,43,-6
73,3,-11,34,25,86,45,-4
75,5,-12,34,24,87,46,-3
77,6,-11,35,22,86,48,-2
78,8,-10,35,21,85,50,0
78,10,-9,37,21,84,50,2
78,12,-8,38,22,85,50,3
79,13,-7,38,24,86,50,4
79,15,-8,38,25,86,50,6
80,17,-8,38,24,86,51,8
80,19,-8,38,22,86,51,9
80,20,-8,38,22,86,51,9
82,21,-8,38,23,86,52,12
83,22,-8,38,24,86,53,13
84,23,-8,38,23,86,54,13
84,24,-8,38,22,86,54,13
85,25,-8,38,21,86,54,14
85,26,-8,38,22,86,54,15
85,28,-8,37,22,86,54,17
85,28,-8,38,22,86,54,18
85,28,-7,39,22,86,54,18
85,28,-5,40,23,86,53,18
85,28,-4,41,24,86,53,17
85,28,-4,41,25,86,53,18
84,29,-5,40,25,86,52,19
83,31,-6,39,24,86,53,20
83,32,-5,40,23,86,52,21
82,32,-4,41,22,86,50,21
83,32,-4,41,23,86,51,21
83,32,-4,41,23,86,51,21
83,32,-4,41,23,86,51,21
83,32,-4,41,23,86,51,21
83,32,-4,41,22,86,51,21
83,32,-4,41,22,86,51,21
82,32,-4,41,22,86,50,21
83,32,-4,41,22,86,51,21
84,33,-4,41,22,86,52,23
85,34,-4,41,21,86,52,23
86,34,-4,41,21,86,53,23
86,34,-4,41,19,86,53,23
86,34,-4,41,19,86,53,23
86,36,-4,41,19,86,53,24
85,38,-4,41,21,86,52,29
84,39,-3,42,21,86,52,30
85,40,-3,43,21,86,53,29
87,41,-4,44,20,86,54,29
88,41,-6,44,19,86,53,30
89,42,-7,44,19,86,53,30
89,41,-7,43,19,86,53,30
89,41,-7,44,19,86,53,29
88,41,-5,45,19,86,53,30
88,43,-4,46,19,86,53,31
86,44,-5,47,19,86,52,32
86,45,-5,47,19,86,51,34
86,46,-5,47,19,86,51,34
87,46,-4,47,19,86,52,35
87,46,-3,48,19,86,52,34
87,46,-4,48,19,86,52,34
87,46,-5,47,19,86,52,34
87,46,-7,46,19,87,52,35
88,47,-7,45,19,87,53,35
89,48,-7,44,19,86,54,36
90,48,-7,44,19,86,54,36
91,47,-7,44,19,86,56,35
91,47,-7,44,19,87,56,35
90,46,-7,45,19,88,54,35
87,46,-7,45,19,89,52,34
86,44,-7,46,19,90,52,32
87,43,-6,46,19,90,52,31
88,41,-6,46,19,91,53,30
89,41,-5,47,20,92,53,29
89,41,-5,47,20,92,53,30
88,41,-6,46,19,91,53,30
88,41,-7,45,19,91,53,30
88,41,-8,44,19,91,53,30
89,42,-7,44,19,91,53,30
89,41,-7,45,19,91,53,30
89,40,-7,45,19,91,53,29
88,39,-7,45,19,91,53,28
88,38,-7,44,19,91,53,26
89,39,-7,44,19,91,53,28
89,39,-8,45,19,91,54,28
90,39,-8,45,19,91,54,25
90,39,-7,44,20,92,54,28
90,39,-7,43,20,92,54,28
89,40,-5,42,19,91,56,29
89,41,-5,41,19,90,56,30
89,42,-5,42,19,88,56,30
88,41,-6,42,19,88,56,30
88,41,-5,42,19,90,56,30
89,41,-5,42,19,91,56,30
90,42,-5,42,20,92,57,30
91,43,-5,42,20,92,58,31
92,45,-5,42,19,91,58,34
91,47,-5,41,20,91,58,35
90,48,-4,41,19,91,57,36
90,48,-3,42,19,91,57,39
90,48,-1,43,19,91,57,39
89,49,-1,44,20,91,56,40
88,51,-2,45,20,91,56,41
88,52,-4,46,19,92,52,40
87,53,-5,47,18,91,52,40
87,52,-5,47,18,90,52,40
88,52,-5,47,18,89,52,40
88,52,-5,47,19,89,52,40
88,52,-5,47,20,89,52,40
88,52,-5,47,20,90,52,40
87,52,-5,47,19,91,52,40
87,53,-5,47,20,91,52,40
88,52,-5,47,20,91,52,40
88,51,-5,47,19,91,53,39
89,49,-5,46,18,91,53,36
87,46,-6,46,18,91,52,34
85,44,-7,45,18,91,50,32
83,44,-8,44,19,91,48,31
82,43,-7,44,20,91,47,31
82,42,-7,45,20,91,47,30
83,39,-7,45,19,91,48,28
83,36,-7,45,19,91,48,25
82,33,-7,44,19,91,47,21
81,31,-7,44,20,91,46,20
80,30,-7,45,20,91,46,19
79,29,-7,44,19,91,46,18
79,27,-7,44,19,91,46,17
80,25,-7,44,19,91,46,14
79,22,-7,45,20,91,45,12
78,20,-7,45,20,91,45,10
78,18,-7,44,19,91,45,8
78,16,-8,44,18,91,45,7
79,14,-10,42,17,91,45,2
79,13,-11,41,16,91,47,1
78,12,-11,41,16,91,47,1
78,12,-11,41,16,91,46,1
78,12,-11,41,15,91,46,1
78,12,-11,41,14,92,46,1
78,12,-11,41,15,92,46,1
77,13,-11,41,15,92,46,1
78,12,-11,41,15,91,46,1
79,10,-11,41,15,91,47,0
79,9,-11,41,14,92,47,-1
79,9,-11,41,15,92,48,-1
79,10,-11,41,15,93,47,0
78,12,-11,41,15,94,47,1
77,12,-11,41,15,93,46,1
77,12,-11,41,15,92,46,1
78,12,-11,41,14,92,46,1
79,13,-10,42,14,91,45,1
81,14,-9,44,14,91,47,2
82,15,-8,45,15,92,47,6
82,16,-7,45,15,94,47,7
80,18,-6,44,15,95,46,8
79,18,-6,43,15,95,47,9
79,19,-7,41,15,94,47,9
79,19,-8,40,14,92,47,9
79,19,-8,40,14,91,48,9
79,18,-7,42,14,92,47,9
79,19,-7,43,15,93,48,9
79,19,-7,43,15,94,47,9
79,18,-8,43,15,94,47,9
79,18,-8,43,15,94,45,8
79,19,-9,43,15,93,46,7
79,19,-10,43,15,94,46,7
79,19,-10,43,15,95,45,7
78,18,-10,43,15,96,45,6
77,16,-10,42,15,96,46,4
77,13,-11,42,15,95,43,2
77,12,-11,41,15,95,46,1
78,12,-11,41,15,94,46,1
78,12,-11,41,15,93,47,1
77,13,-11,41,15,93,46,1
76,11,-11,41,15,93,45,0
75,9,-11,41,15,93,45,-1
75,7,-11,41,15,93,45,-3
75,5,-11,41,15,93,45,-4
76,5,-11,41,15,93,45,-4
76,5,-11,41,15,93,45,-4
76,6,-11,41,15,93,45,-4
76,6,-11,41,15,94,45,-4
76,5,-11,41,15,95,45,-4
76,5,-11,41,15,96,45,-4
76,5,-11,41,15,95,45,-4
76,5,-11,41,15,93,45,-4
76,5,-11,41,15,92,45,-4
76,6,-11,41,15,92,45,-4
76,5,-11,41,15,93,45,-4
76,5,-11,41,15,95,45,-4
76,5,-11,41,15,96,45,-4
75,6,-10,43,15,96,41,-4
74,8,-9,43,15,96,41,-2
75,10,-8,44,15,95,41,1
76,12,-9,43,15,94,42,1
77,12,-8,44,15,94,43,3
78,12,-8,44,15,93,45,3
78,12,-7,45,15,93,45,3
78,12,-7,45,15,94,43,2
77,12,-7,43,15,95,43,3
78,12,-7,41,15,95,46,2
78,12,-8,40,15,93,46,2
78,12,-8,40,15,92,46,3
79,13,-7,41,15,92,47,3
79,13,-6,43,15,94,47,4
79,13,-6,44,15,95,47,3
79,11,-7,43,15,95,45,2
79,9,-8,44,15,95,46,1
80,7,-9,43,15,95,46,-3
79,7,-10,43,15,95,45,-3
77,6,-9,43,15,95,43,-3
76,5,-9,43,15,93,42,-4
76,4,-10,42,14,92,43,-6
77,3,-11,42,15,92,46,-7
77,1,-11,41,15,93,46,-9
76,0,-11,41,15,94,45,-10
75,-1,-11,41,15,93,45,-12
75,-3,-11,41,15,92,45,-13
75,-5,-11,41,14,92,45,-15
75,-8,-11,42,14,92,45,-18
75,-10,-11,41,14,92,45,-19
75,-11,-13,40,15,92,43,-20
74,-12,-14,39,14,92,43,-21
72,-13,-14,39,14,92,42,-21
71,-13,-13,40,15,92,41,-23
71,-15,-11,41,14,92,41,-24
71,-18,-10,42,14,92,39,-26
71,-19,-11,41,14,92,40,-28
70,-21,-12,40,15,92,40,-30
69,-21,-14,39,15,93,39,-30
69,-20,-14,38,15,94,39,-29
69,-20,-15,38,15,93,40,-29
69,-20,-15,38,15,92,40,-29
69,-20,-14,38,14,92,40,-29
69,-20,-14,38,14,92,40,-29
69,-20,-14,38,14,92,40,-29
69,-21,-15,38,15,92,39,-30
68,-21,-15,38,15,92,39,-30
68,-21,-14,38,14,92,37,-30
67,-20,-14,39,14,92,37,-29
67,-18,-14,39,14,92,37,-26
67,-16,-14,39,14,92,37,-25
66,-16,-14,39,14,92,36,-25
67,-16,-14,39,14,92,36,-25
68,-15,-14,39,14,92,37,-24
70,-14,-14,39,15,91,40,-24
71,-14,-14,39,15,91,41,-23
71,-14,-14,39,15,91,41,-23
70,-13,-14,40,14,92,40,-21
69,-11,-15,40,14,92,36,-20
70,-9,-16,41,15,91,37,-20
71,-8,-17,40,16,91,39,-20
71,-8,-17,40,17,91,39,-20
71,-8,-16,39,18,91,41,-20
72,-8,-15,39,18,91,41,-18
72,-7,-14,40,19,91,41,-17
73,-7,-13,41,20,91,40,-17
73,-7,-14,42,20,91,40,-17
73,-7,-16,42,19,91,40,-19
72,-7,-16,42,19,91,40,-19
72,-7,-15,43,20,92,40,-19
73,-7,-14,43,20,92,40,-17
72,-7,-12,43,19,91,40,-17
72,-7,-11,42,19,90,40,-17
73,-9,-11,41,19,88,42,-19
74,-10,-13,40,19,87,43,-19
74,-10,-14,39,19,88,43,-19
73,-9,-14,39,19,88,42,-19
72,-7,-13,40,19,88,42,-17
72,-7,-11,41,19,87,42,-17
73,-7,-11,42,19,86,42,-17
73,-7,-11,41,19,86,42,-17
72,-7,-11,41,19,86,42,-17
72,-7,-11,41,19,87,41,-17
73,-7,-11,41,19,87,42,-17
74,-6,-11,41,19,86,43,-17
75,-4,-11,41,19,86,43,-14
75,-1,-11,41,19,86,45,-12
75,0,-11,41,19,86,43,-10
74,0,-11,41,19,86,43,-10
74,0,-11,41,19,86,43,-10
75,0,-11,41,19,86,43,-9
75,3,-11,41,19,86,45,-7
76,5,-11,41,19,86,45,-4
76,6,-11,41,19,86,45,-4
77,6,-11,41,19,87,46,-4
77,7,-11,41,20,86,46,-3
77,10,-11,42,21,86,46,-1
77,11,-10,42,21,86,43,0
77,12,-10,43,21,86,43,1
77,12,-10,42,19,87,43,1
78,12,-10,42,19,88,45,1
79,12,-10,42,21,88,47,1
79,13,-10,43,23,88,46,2
80,15,-10,42,24,89,46,3
80,16,-10,42,23,89,46,4
79,16,-10,42,21,89,45,4
78,15,-10,43,21,88,45,3
77,13,-9,43,21,88,43,2
77,12,-8,44,21,89,43,3
77,12,-7,44,20,91,43,2
78,12,-7,45,20,92,43,2
78,12,-7,45,21,91,45,3
78,12,-7,45,21,91,45,3
77,12,-7,45,21,91,43,3
76,12,-8,44,20,91,42,2
75,10,-9,44,20,92,41,-1
74,8,-9,43,19,91,41,-2
75,7,-9,43,19,91,41,-3
76,6,-9,43,20,91,42,-4
76,5,-10,43,20,91,43,-4
75,3,-11,43,20,92,42,-7
75,1,-12,43,19,91,41,-9
74,0,-12,42,19,90,41,-10
74,-1,-11,42,19,90,41,-10
74,0,-11,41,19,90,43,-10
74,0,-11,41,19,91,43,-9
73,-1,-11,41,19,91,42,-12
72,-3,-11,41,19,90,41,-13
72,-6,-11,41,19,90,41,-15
72,-7,-11,41,19,90,41,-17
72,-6,-11,41,19,91,41,-17
71,-4,-11,41,20,92,41,-14
70,-3,-11,41,19,91,40,-13
70,-2,-12,42,19,90,37,-13
70,-3,-13,43,19,90,37,-13
70,-3,-13,43,19,90,37,-14
69,-4,-13,43,19,91,36,-14
68,-4,-12,42,19,91,36,-14
68,-2,-11,41,19,90,37,-13
68,-1,-11,41,19,90,37,-10
69,0,-11,41,19,90,39,-10
68,0,-11,41,19,91,39,-10
68,0,-11,41,19,90,37,-10
68,0,-11,41,19,89,37,-10
69,1,-11,42,19,89,36,-8
70,3,-12,43,19,90,37,-7
71,4,-12,43,19,90,39,-6
70,6,-12,42,19,88,37,-4
69,7,-12,41,19,87,39,-3
70,8,-11,41,19,87,40,-2
72,10,-10,42,19,88,39,-1
72,11,-8,44,19,89,39,2
72,12,-7,45,19,90,40,3
73,14,-7,45,19,89,40,4
74,15,-8,45,19,89,40,3
75,16,-9,46,19,88,41,4
76,17,-9,47,19,87,41,6
77,19,-8,48,19,86,41,7
78,21,-8,48,19,86,42,9
78,24,-8,47,19,86,42,12
78,27,-7,47,19,87,45,17
79,28,-6,48,19,89,43,18
81,29,-5,49,19,90,45,19
82,30,-5,50,19,90,46,19
83,31,-6,51,19,89,47,18
84,33,-7,51,19,88,46,19
85,36,-7,52,19,90,46,21
85,38,-7,52,19,91,46,24
84,39,-7,52,20,92,45,25
84,39,-7,52,20,92,45,25
84,39,-7,51,20,92,45,25
84,39,-7,51,19,91,45,25
84,39,-7,52,19,90,45,25
84,39,-6,53,19,88,45,25
85,39,-4,54,19,88,46,28
86,40,-4,54,19,90,47,29
87,40,-6,53,19,91,47,26
86,40,-7,52,19,91,47,26
85,39,-7,51,19,90,48,25
84,39,-7,51,19,88,45,25
84,39,-7,52,19,88,45,25
84,39,-7,52,19,89,45,25
84,39,-7,52,19,90,45,25
84,39,-7,51,19,90,47,25
84,39,-6,50,19,90,47,25
84,39,-6,50,19,90,47,25
84,39,-7,51,19,91,47,25
84,39,-7,51,20,92,47,25
84,39,-6,51,20,92,47,25
84,39,-5,50,19,91,47,28
85,39,-5,49,19,91,48,28
85,40,-5,49,19,91,48,28
86,42,-6,50,19,91,50,30
87,44,-6,52,19,91,47,30
86,45,-4,54,19,91,47,34
86,46,-3,53,19,91,46,34
85,47,-2,51,19,91,47,35
84,48,-3,51,19,91,47,36
85,50,-4,53,19,91,46,37
86,52,-4,54,19,91,46,39
87,54,-3,54,19,91,47,41
88,56,-1,52,19,91,51,42
88,58,0,51,19,91,51,47
88,60,-1,52,20,92,51,47
89,63,-2,55,20,92,48,50
89,66,-1,57,19,91,50,52
89,68,0,58,19,90,47,54
90,70,0,57,19,89,50,56
91,72,0,57,19,89,51,58
93,75,0,57,19,89,52,61
94,77,0,57,19,90,53,63
94,79,1,57,19,91,53,67
94,79,2,58,20,92,53,67
94,79,2,58,20,92,53,67
94,81,2,58,19,91,53,68
94,83,1,58,19,91,53,70
94,85,1,57,19,91,53,72
95,86,2,56,19,91,54,73
96,86,1,56,19,91,56,73
97,85,0,57,19,91,56,69
96,83,0,58,19,91,56,68
94,82,0,58,19,91,53,67
94,80,0,57,19,91,53,65
94,79,2,56,19,91,53,67
94,79,2,55,19,91,56,65
94,77,0,55,19,91,53,64
93,75,-1,54,19,91,53,61
93,72,-2,54,19,91,52,58
92,70,-3,53,19,91,52,56
91,67,-3,54,19,91,51,53
90,64,-3,54,19,91,51,51
90,61,-3,55,19,91,51,47
90,58,-4,55,19,91,51,45
90,55,-5,54,19,91,50,42
88,51,-6,52,19,91,48,36
86,47,-7,52,19,91,47,32
85,43,-7,51,19,91,46,29
85,41,-7,51,19,91,46,26
84,39,-7,52,19,91,45,25
84,36,-7,52,19,91,45,23
82,34,-7,51,19,91,43,20
80,31,-8,50,19,91,43,18
78,28,-10,49,19,91,42,14
76,25,-10,48,19,91,41,12
75,22,-11,48,19,91,40,9
75,19,-11,48,20,91,39,7
75,18,-10,48,20,91,39,6
75,16,-10,48,19,91,39,4
74,16,-10,48,20,92,39,4
73,15,-11,48,20,92,37,3
72,13,-10,48,20,91,36,1
71,10,-11,48,21,90,36,-1
70,8,-11,48,21,89,35,-2
70,7,-10,48,21,90,35,-3
69,7,-10,48,21,91,34,-3
69,7,-10,48,23,91,35,-3
69,7,-11,48,23,91,34,-3
68,6,-12,47,23,91,34,-4
67,4,-12,47,23,91,32,-6
67,1,-12,47,23,91,32,-8
67,0,-12,47,23,92,32,-9
68,0,-13,46,23,91,34,-9
68,0,-14,45,24,90,34,-12
66,0,-15,45,25,88,31,-12
65,0,-14,45,25,86,30,-13
64,-1,-14,45,24,86,29,-14
63,-2,-14,45,24,86,29,-14
63,-1,-14,45,24,86,29,-14
63,-1,-14,45,25,86,29,-13
64,-1,-14,45,24,86,29,-14
64,-2,-14,45,24,86,30,-15
65,-4,-14,45,24,86,31,-17
66,-5,-14,45,24,86,31,-18
66,-6,-14,45,24,86,31,-18
66,-5,-14,45,24,86,31,-18
67,-5,-14,45,24,86,32,-17
68,-4,-14,45,24,86,32,-17
68,-4,-14,45,24,86,34,-17
69,-4,-13,46,24,86,35,-14
70,-3,-13,46,25,86,35,-13
69,-2,-14,46,26,86,34,-14
68,0,-14,45,26,86,34,-13
69,1,-14,46,27,85,34,-12
70,2,-12,47,26,84,35,-8
71,4,-10,48,26,84,36,-6
70,6,-10,48,25,84,35,-4
71,8,-11,48,25,83,35,-2
71,10,-11,48,25,83,36,-1
73,13,-10,48,26,83,37,2
73,17,-10,49,27,82,37,4
73,19,-10,50,29,82,37,7
73,22,-10,49,29,81,37,10
74,26,-9,49,29,81,39,13
75,29,-7,49,28,81,39,17
75,32,-6,50,29,81,40,19
76,34,-6,51,29,81,40,20
77,36,-7,51,29,81,41,23
79,39,-7,50,28,81,42,25
80,43,-5,49,28,81,43,31
80,46,-3,49,28,81,43,34
79,49,-2,51,28,81,42,36
79,51,-3,54,29,81,40,39
79,53,-3,55,29,81,40,40
81,54,-4,56,28,81,42,41
82,55,-3,55,28,79,43,42
83,57,-2,53,28,79,43,43
83,59,-1,52,28,80,46,46
84,61,-1,52,28,81,47,47
84,62,-2,53,29,81,45,48
84,64,-4,54,28,80,45,50
85,64,-4,55,28,78,46,50
86,64,-2,56,28,76,46,51
87,64,-1,57,28,75,47,50
87,63,-1,57,28,76,47,50
87,63,-2,56,28,78,47,50
86,63,-3,55,28,78,47,50
86,63,-4,54,28,78,47,50
87,63,-3,55,28,77,47,50
87,63,-3,55,28,76,47,50
86,63,-3,55,28,76,47,50
86,64,-3,55,28,77,47,50
87,63,-3,55,28,78,47,50
87,62,-3,55,28,78,47,48
88,60,-3,55,28,78,48,47
89,59,-3,55,28,77,50,46
90,59,-3,55,28,76,50,46
89,59,-3,55,28,76,50,46
88,58,-3,55,28,76,48,45
87,58,-3,55,29,76,47,45
87,57,-3,55,29,76,47,45
86,57,-3,55,28,76,47,43
85,57,-3,55,28,76,46,43
85,57,-3,55,28,76,46,43
85,56,-3,55,28,76,46,43
86,56,-3,55,30,76,46,43
85,57,-3,55,32,76,46,43
84,57,-3,55,33,76,45,45
83,59,-3,55,32,76,43,46
84,61,-4,54,31,76,45,47
85,63,-3,55,32,76,46,50
87,63,-2,56,33,76,47,50
87,63,-1,57,34,76,47,50
87,63,-1,57,34,76,47,50
87,63,-1,57,33,76,47,50
88,64,-1,57,32,76,48,51
89,66,0,58,31,76,50,52
89,69,0,58,30,76,47,54
89,70,0,58,31,76,47,56
88,70,0,58,32,76,46,56
88,70,0,58,33,76,48,56
88,71,0,58,32,76,48,57
89,72,0,58,32,76,47,57
91,73,-1,59,32,76,48,58
91,74,-2,60,33,76,48,59
91,75,-2,61,33,76,48,61
90,76,-2,60,34,76,48,62
90,77,-2,61,33,76,47,62
90,77,-3,61,33,76,45,59
90,76,-3,62,32,76,46,59
90,76,-3,62,31,76,46,59
90,77,-3,61,32,76,45,59
90,77,-2,61,33,76,47,62
90,77,-2,60,33,76,48,62
91,75,-2,61,33,76,48,61
90,73,-2,60,33,76,48,58
90,71,-2,60,33,76,47,57
89,70,-2,58,33,76,47,56
88,69,-2,58,33,76,46,56
88,68,-1,58,33,76,46,53
87,65,0,58,33,76,47,52
87,64,-1,57,33,76,47,50
86,62,-3,57,33,76,47,48
86,61,-5,56,33,76,47,45
86,59,-5,56,33,76,46,43
85,57,-4,55,33,76,45,43
84,55,-3,55,33,76,45,42
83,54,-3,55,33,76,43,41
83,51,-3,55,33,76,43,39
83,48,-4,55,33,76,43,36
82,45,-3,55,33,76,43,32
82,43,-3,55,33,76,42,31
83,41,-3,55,33,76,43,30
84,40,-4,54,33,76,45,29
84,39,-4,54,33,76,45,28
83,38,-5,54,33,76,45,26
81,37,-4,54,32,76,42,25
81,35,-5,54,31,76,42,24
82,33,-6,53,31,76,43,20
83,32,-7,52,31,76,43,19
82,31,-7,51,32,76,45,18
80,30,-7,51,32,76,41,18
78,30,-7,52,32,76,40,17
78,29,-7,52,30,76,40,17
78,29,-7,52,29,76,40,17
79,30,-7,51,29,76,41,17
79,30,-7,51,30,76,40,17
78,29,-7,51,32,76,40,17
77,28,-7,51,32,76,39,15
78,28,-7,51,30,76,40,15
78,28,-7,51,30,76,40,14
78,27,-7,52,30,76,40,14
76,27,-7,51,31,76,39,14
75,26,-7,51,30,76,37,13
75,26,-7,52,30,76,36,13
75,26,-7,52,30,76,37,13
75,26,-7,52,32,76,37,13
76,25,-7,51,32,76,40,13
76,24,-8,50,32,76,40,12
77,23,-8,50,32,76,41,10
77,23,-10,52,32,76,39,10
76,23,-11,53,32,76,39,8
75,22,-12,52,32,76,37,7
75,20,-12,50,32,76,36,8
75,18,-11,48,32,76,39,6
75,16,-12,49,32,76,40,4
75,16,-13,50,34,76,37,2
75,17,-13,51,34,76,37,2
75,17,-12,50,33,76,37,2
75,16,-12,50,32,76,37,2
75,15,-13,50,30,76,37,1
76,15,-13,51,30,76,37,1
76,15,-12,52,31,76,37,1
76,14,-11,52,33,76,39,1
76,14,-11,52,34,77,39,0
77,13,-12,51,34,78,39,0
77,14,-14,50,32,77,39,0
76,14,-14,51,31,76,39,1
75,16,-14,52,30,76,37,2
75,16,-13,54,30,76,35,2
75,16,-11,54,31,76,35,2
75,16,-9,54,32,76,37,4
76,17,-7,53,32,76,39,6
77,19,-7,52,30,76,39,7
77,21,-8,52,28,76,39,9
76,23,-9,53,28,76,39,10
76,25,-9,54,28,78,39,12
76,27,-9,54,29,79,37,14
77,29,-8,52,29,80,39,15
78,31,-7,52,29,80,40,18
78,32,-7,51,28,80,41,19
77,32,-7,52,28,80,39,19
76,32,-6,53,28,80,39,19
76,34,-5,54,28,79,37,23
76,36,-4,55,28,80,37,25
77,39,-3,55,28,81,39,26
78,40,-3,55,29,81,39,29
78,41,-3,55,29,81,39,29
78,41,-3,55,28,81,39,29
78,40,-3,55,28,81,39,29
78,40,-3,55,28,81,39,29
77,41,-3,55,28,81,39,29
77,41,-3,55,28,81,39,29
78,41,-3,55,28,81,40,29
78,39,-3,55,28,81,40,28
78,37,-3,55,28,81,39,25
77,35,-5,54,28,81,39,23
76,33,-6,53,28,81,39,20
76,32,-6,52,28,81,39,19
77,31,-6,53,28,81,39,18
77,29,-6,52,28,81,39,17
76,26,-7,52,29,81,39,13
76,24,-7,51,28,81,39,12
76,23,-7,51,28,81,41,10
77,23,-7,51,28,81,39,10
77,23,-7,52,29,81,39,10
76,21,-7,52,29,81,39,9
75,18,-7,51,28,81,37,7
75,16,-8,50,27,81,40,4
75,16,-10,49,27,81,40,4
75,16,-10,48,27,81,40,4
75,17,-11,48,28,81,40,4
75,17,-11,48,28,81,40,4
74,16,-10,48,28,81,39,4
72,14,-10,48,27,81,37,3
71,14,-10,48,25,81,35,2
70,14,-11,48,25,81,35,2
71,14,-11,48,25,81,35,2
72,14,-11,48,25,81,37,3
74,16,-11,48,25,81,39,4
75,16,-10,48,25,81,40,4
75,17,-10,48,25,81,40,4
75,16,-10,48,25,81,40,4
75,16,-11,48,25,81,40,4
75,16,-11,48,25,81,39,4
74,18,-10,48,24,81,39,6
75,20,-10,49,24,81,39,8
75,22,-8,50,25,81,40,9
76,23,-7,51,25,81,39,10
76,23,-7,52,25,81,39,10
76,24,-7,52,26,81,39,12
76,26,-7,51,27,81,39,13
77,29,-7,51,28,81,41,15
78,30,-7,51,28,81,40,17
79,30,-7,52,25,81,41,17
79,29,-6,52,23,81,41,17
78,29,-6,52,23,81,40,17
77,31,-6,52,25,81,39,18
76,32,-6,53,27,81,39,19
77,34,-5,54,27,81,39,23
79,36,-4,54,25,81,40,24
80,37,-4,54,25,81,42,25
80,37,-4,54,25,81,42,25
79,36,-5,54,25,81,40,24
77,34,-5,54,25,81,39,23
76,32,-5,54,25,81,39,21
77,31,-4,54,25,81,39,20
78,29,-4,54,25,81,40,19
79,29,-5,54,25,81,40,19
79,30,-6,52,24,81,41,17
78,30,-7,52,25,81,40,17
77,29,-6,52,27,81,39,17
77,27,-6,53,28,81,39,14
76,24,-6,53,28,81,37,12
75,22,-7,52,27,81,37,9
74,21,-7,51,26,81,39,9
73,20,-7,51,25,81,37,8
73,19,-7,52,24,81,35,7
74,18,-7,52,24,81,36,6
75,17,-7,51,25,81,37,4
75,16,-8,51,28,81,40,4
74,15,-10,49,28,81,39,3
72,15,-11,49,28,81,36,3
71,14,-11,48,27,81,36,2
71,13,-10,48,27,81,35,2
72,13,-10,48,28,81,36,1
72,12,-12,50,29,81,35,1
72,13,-13,51,29,81,35,-1
71,14,-14,52,28,81,34,0
71,14,-13,51,28,81,34,0
71,14,-12,50,28,81,34,0
71,14,-12,49,29,81,35,2
71,13,-13,50,29,81,34,0
71,14,-14,52,29,82,34,0
72,14,-14,52,28,81,34,1
73,17,-13,51,29,79,35,3
73,19,-13,51,30,78,35,4
73,21,-13,51,30,77,35,6
73,21,-14,51,30,78,35,6
72,21,-14,51,29,78,35,6
72,21,-13,51,30,76,34,7
71,23,-12,52,32,76,34,8
71,25,-12,53,33,76,34,10
73,27,-12,54,34,76,32,12
74,27,-11,54,34,76,34,12
75,27,-10,55,33,76,35,12
74,27,-10,55,33,76,34,12
74,27,-10,55,33,76,34,12
75,28,-11,55,33,76,35,13
77,28,-11,55,33,76,37,13
78,29,-9,54,33,76,40,17
78,31,-7,54,33,76,40,18
77,33,-7,54,33,76,39,20
76,34,-9,54,33,76,37,20
76,33,-10,55,33,76,36,17
78,31,-10,57,33,76,37,15
79,29,-8,57,33,76,39,17
79,30,-7,58,33,76,39,17
78,31,-8,57,33,76,37,18
76,31,-9,57,33,76,36,18
75,29,-10,57,33,76,35,14
74,28,-9,56,33,76,34,14
74,27,-8,55,33,76,36,14
74,27,-8,53,33,76,36,14
75,27,-9,53,33,76,36,14
75,26,-9,54,33,76,37,13
76,24,-9,54,33,76,37,12
75,22,-9,53,33,76,37,9
74,21,-8,53,33,76,36,8
72,21,-8,53,33,76,35,8
72,21,-9,53,33,76,35,8
73,21,-9,53,33,76,35,8
73,19,-9,54,33,76,35,7
73,17,-10,54,33,76,35,4
72,15,-11,54,33,76,32,1
72,14,-12,54,33,76,32,0
72,14,-12,52,33,76,35,1
72,14,-12,51,33,76,34,1
72,14,-11,52,33,76,34,1
72,14,-11,54,33,76,32,1
72,15,-11,55,33,76,32,1
72,14,-12,55,33,76,32,1
71,14,-13,53,33,76,34,0
72,14,-12,52,33,76,35,1
74,15,-10,52,33,76,36,3
75,16,-10,54,33,76,37,4
75,18,-10,55,33,76,35,6
74,19,-10,56,33,76,34,4
73,21,-10,55,33,76,34,7
75,24,-10,55,33,76,35,9
76,27,-11,55,33,76,36,12
78,29,-10,55,33,76,37,13
78,30,-10,56,33,76,37,14
78,31,-8,57,33,76,37,18
78,33,-7,58,33,76,37,20
78,36,-6,59,33,76,37,23
78,39,-7,59,33,76,37,25
78,43,-7,58,33,76,37,29
79,45,-7,58,33,76,37,31
79,47,-6,57,33,76,39,32
80,49,-6,57,33,76,39,35
80,52,-6,57,32,76,39,37
80,55,-6,59,31,76,39,40
81,57,-4,61,31,76,37,42
81,60,-3,62,31,76,37,45
81,62,-3,62,32,75,37,46
83,65,-2,61,32,76,41,51
83,66,-2,60,31,77,42,52
84,68,-2,61,31,79,42,53
83,69,-3,61,32,81,40,52
84,71,-3,61,32,81,40,54
85,73,-3,62,32,81,41,56
86,74,-2,63,30,81,41,59
86,75,0,64,29,81,42,59
86,74,0,64,28,81,42,59
87,72,-2,63,29,81,42,58
86,70,-3,62,29,81,42,53
86,68,-3,61,29,81,41,52
85,68,-3,62,29,81,41,51
84,67,-3,61,29,83,40,51
83,65,-2,61,29,84,42,52
83,63,-2,61,29,84,41,50
83,61,-2,61,29,83,41,47
83,59,-3,61,29,83,42,43
83,57,-3,60,29,84,42,41
83,54,-5,59,29,86,41,39
82,50,-6,57,29,86,40,35
81,47,-5,57,29,86,40,32
81,44,-4,56,29,86,42,30
81,41,-5,56,29,86,42,28
81,38,-7,56,27,86,40,24
81,35,-8,57,26,86,40,21
80,32,-8,58,26,86,40,19
79,30,-7,57,27,86,39,17
79,30,-6,56,27,86,37,17
79,30,-7,54,26,86,40,17
79,28,-9,54,24,86,41,15
79,26,-9,53,24,86,41,13
78,24,-8,52,24,86,40,12
77,23,-7,52,24,86,39,10
77,22,-8,53,24,86,39,10
76,23,-9,54,24,86,39,10
76,25,-9,54,24,86,39,12
75,26,-9,53,24,86,37,13
74,27,-7,51,24,86,36,14
74,27,-7,51,24,86,39,14
75,28,-6,53,24,86,37,15
76,30,-6,55,24,86,39,17
76,32,-5,56,24,86,36,19
76,34,-5,57,24,86,36,20
76,36,-5,57,24,86,36,23
77,38,-6,57,24,86,36,24
78,40,-6,57,24,87,37,26
78,43,-6,57,24,89,37,29
79,45,-5,56,25,90,40,31
79,47,-3,56,24,90,40,35
80,47,-1,57,24,90,41,35
80,48,0,58,24,89,41,36
81,50,0,58,25,90,40,37
82,52,-1,57,25,91,42,40
83,55,-1,57,24,91,43,42
84,56,-1,57,23,91,45,43
85,57,-2,57,22,91,46,43
85,56,-2,56,23,91,46,43
85,56,-3,55,24,91,46,43
85,56,-3,55,25,91,46,43
85,57,-2,57,23,91,46,43
85,57,-1,57,21,91,45,43
85,56,-1,57,19,91,46,43
86,55,-1,57,19,91,47,42
87,54,-1,57,21,91,47,41
87,53,-2,56,22,91,47,40
86,51,-3,55,22,91,47,39
86,49,-4,54,21,91,46,37
85,47,-3,55,21,91,46,35
85,46,-3,55,20,91,46,34
85,44,-3,55,21,91,46,32
84,43,-3,55,21,91,45,31
83,41,-3,55,21,91,45,29
83,38,-3,55,20,91,45,26
82,35,-4,54,20,93,43,24
80,32,-6,52,20,95,42,19
79,31,-7,52,20,95,41,18
79,29,-7,51,20,93,43,17
79,28,-7,51,20,93,41,15
79,26,-7,52,20,93,40,14
77,23,-7,52,20,92,39,10
75,20,-7,52,20,92,37,7
74,17,-7,52,20,93,36,6
73,16,-7,52,20,95,36,3
72,14,-7,51,20,96,37,3
71,12,-8,50,20,97,35,1
69,9,-8,50,20,97,35,-1
69,7,-8,50,20,97,35,-3
69,7,-8,51,20,96,34,-3
68,6,-8,51,20,95,34,-4
66,6,-8,50,20,94,31,-4
65,5,-9,50,20,95,30,-6
65,4,-10,49,20,96,30,-6
65,4,-10,48,20,97,30,-6
66,3,-11,48,20,97,31,-7
66,3,-11,48,20,96,31,-7
66,3,-11,48,20,95,31,-7
65,4,-10,48,20,94,30,-6
65,5,-10,49,20,95,30,-6
67,5,-8,50,20,96,32,-4
68,6,-7,51,20,97,30,-4
68,8,-7,52,20,97,31,-2
68,10,-7,52,20,96,31,-1
68,12,-7,51,20,96,31,1
70,13,-7,51,20,96,32,2
71,14,-7,51,20,96,34,2
71,14,-7,52,20,96,34,2
70,15,-7,52,20,96,32,3
70,17,-7,51,20,96,32,6
72,20,-7,51,20,96,34,7
72,21,-7,51,20,96,35,9
72,21,-7,52,20,96,35,9
72,22,-6,52,20,96,34,9
71,23,-6,53,20,96,34,10
72,25,-6,52,20,96,34,12
73,26,-7,52,20,96,35,13
74,27,-7,51,20,96,36,14
74,27,-7,51,20,97,36,14
74,27,-7,51,20,97,36,14
75,27,-7,52,20,96,36,14
75,27,-7,52,20,95,37,14
76,28,-7,51,20,94,37,15
77,29,-7,52,20,95,39,17
77,29,-7,52,20,96,39,15
77,28,-7,52,20,96,39,15
75,28,-7,51,20,95,37,15
75,29,-7,51,20,94,39,17
75,32,-7,52,20,95,37,18
76,34,-6,53,20,96,37,20
76,35,-5,54,20,97,37,23
76,34,-4,54,20,97,37,23
76,34,-5,54,20,96,37,23
76,34,-4,54,20,95,37,23
76,34,-4,54,20,94,37,23
76,34,-3,55,20,95,37,23
76,34,-3,55,20,96,37,23
76,34,-3,55,20,97,37,23
76,34,-3,55,20,95,37,23
77,35,-4,54,20,93,39,23
78,35,-4,54,19,91,39,24
78,36,-5,54,19,91,40,24
79,36,-5,54,20,92,41,24
80,36,-5,54,20,93,41,25
80,36,-5,54,20,93,41,25
80,36,-4,54,20,93,41,25
80,36,-3,55,20,92,41,25
80,36,-3,55,19,91,41,25
80,36,-4,54,20,91,41,25
80,36,-5,54,21,91,41,25
80,36,-5,54,21,91,41,25
80,36,-4,54,21,91,41,25
80,36,-3,55,21,92,41,25
80,36,-3,55,21,93,41,25
80,36,-3,55,21,93,41,25
79,36,-3,55,21,93,40,24
78,35,-3,55,21,92,40,24
78,35,-3,55,20,91,39,24
78,35,-3,55,21,91,40,24
78,35,-3,55,23,91,39,24
77,35,-3,55,23,91,39,23
76,34,-3,55,23,91,37,23
76,34,-3,55,22,91,37,23
76,34,-4,54,23,91,37,23
76,34,-6,52,24,91,37,20
75,34,-7,51,25,91,37,20
76,34,-7,51,25,91,40,20
77,33,-7,52,25,91,39,19
78,31,-6,52,24,91,40,18
78,30,-5,53,24,91,40,17
77,28,-5,54,25,91,39,18
75,28,-4,54,24,91,37,17
74,27,-4,54,24,91,36,17
74,27,-5,54,24,91,36,17
74,27,-6,53,24,91,36,14
75,27,-6,52,24,91,36,14
74,27,-7,52,24,91,36,14
73,27,-7,51,24,91,35,14
71,25,-7,51,24,91,34,13
70,25,-7,52,24,91,32,12
70,25,-7,52,24,91,32,12
70,25,-7,52,24,91,32,12
70,25,-7,51,24,91,32,12
70,25,-7,51,24,91,32,12
70,25,-7,51,24,91,32,12
70,25,-7,51,24,91,32,12
70,25,-7,51,24,91,32,12
70,25,-7,51,24,91,32,12
70,25,-7,51,24,91,32,12
70,25,-7,51,24,91,32,12
70,25,-7,51,24,91,32,12
70,25,-7,52,24,91,32,12
70,25,-7,52,24,91,32,12
70,25,-7,52,25,91,32,12
72,25,-7,51,25,91,34,13
73,26,-7,52,24,91,35,13
74,27,-7,52,24,91,36,14
74,29,-6,52,24,91,36,15
74,31,-6,53,25,91,36,18
75,32,-5,54,26,91,36,21
75,34,-5,54,26,91,37,20
76,36,-5,56,25,91,39,23
77,38,-5,56,25,91,39,24
78,40,-4,56,25,91,39,26
78,43,-4,55,25,91,40,30
79,46,-3,54,26,91,40,34
79,49,-3,54,26,90,41,36
80,52,-3,55,26,90,41,40
82,55,-3,57,28,89,41,42
83,57,-3,59,29,89,42,43
85,60,-2,61,30,89,43,46
85,62,-2,61,29,90,43,48
86,65,-2,61,29,90,45,51
86,67,-3,61,29,89,42,51
87,69,-3,62,29,88,43,52
87,71,-3,61,29,88,42,54
87,73,-3,62,29,89,42,56
86,74,-2,62,29,89,42,57
86,75,0,64,29,88,42,59
87,75,0,65,29,86,43,61
89,75,0,65,29,86,45,61
90,76,0,65,29,86,45,62
90,76,0,65,29,86,46,62
90,76,0,65,29,86,46,62
89,76,0,65,29,86,45,62
87,75,0,65,29,87,43,61
86,74,0,65,29,88,41,59
86,73,0,65,29,88,42,58
86,70,-1,64,29,87,42,56
87,67,-2,62,29,88,42,51
86,64,-3,61,29,89,42,48
85,62,-3,61,29,90,41,46
84,60,-3,62,29,91,41,45
85,58,-3,62,29,91,41,42
84,55,-3,62,29,91,41,40
84,51,-3,59,29,91,43,36
83,48,-3,57,29,91,41,35
81,44,-4,55,29,91,42,32
79,40,-4,56,29,91,41,26
78,36,-5,56,29,91,40,23
78,33,-6,55,29,91,40,20
78,31,-7,53,29,91,40,18
77,29,-7,52,29,91,39,17
74,27,-9,53,29,91,36,14
72,24,-9,54,28,91,35,12
72,22,-10,55,27,91,32,9
72,21,-10,55,28,91,32,6
72,20,-10,55,29,91,31,6
70,18,-11,53,29,91,32,4
69,17,-11,52,29,91,31,3
69,16,-12,52,29,91,31,2
69,17,-13,53,29,91,31,2
69,18,-14,53,29,91,31,3
70,19,-14,52,29,91,32,4
71,20,-13,53,29,91,34,6
72,21,-12,54,29,91,32,7
71,23,-10,55,29,91,31,8
70,25,-10,56,29,91,30,9
70,27,-10,55,29,91,30,12
71,29,-10,55,29,90,31,14
71,32,-11,55,29,87,31,17
72,35,-10,55,29,86,31,19
72,37,-10,56,29,85,31,21
72,39,-8,57,29,86,32,25
73,42,-7,58,29,88,32,28
73,45,-7,58,29,88,32,30
74,48,-7,59,29,87,34,34
75,51,-8,60,29,86,32,36
76,53,-7,61,29,86,32,37
76,55,-6,61,29,86,34,40
77,57,-5,61,29,86,34,41
78,58,-4,61,29,86,35,42
79,60,-3,61,29,86,35,45
80,63,-3,62,29,86,36,47
82,65,-3,62,29,86,37,48
83,67,-3,62,29,86,40,51
84,68,-3,61,29,86,40,51
83,68,-3,61,29,86,40,52
83,69,-3,61,29,86,40,52
85,69,-3,62,29,86,41,52
87,69,-3,62,29,86,42,52
88,70,-3,62,29,87,43,53
88,71,-3,61,29,88,43,54
87,72,-3,61,29,89,43,54
87,72,-3,62,29,90,42,56
86,73,-2,63,29,91,42,56
86,74,0,64,29,91,41,59
86,74,0,65,28,90,41,59
86,74,0,64,28,89,41,59
86,74,-1,64,28,88,41,59
86,74,0,64,29,89,41,59
86,74,0,64,28,90,41,59
86,74,0,64,26,91,41,59
86,74,0,64,26,91,41,59
86,74,0,64,26,91,41,59
86,74,0,65,27,91,41,59
86,74,0,64,27,91,41,59
86,74,-2,62,25,91,42,57
87,73,-3,62,25,91,42,57
87,72,-2,62,25,91,42,56
86,71,-2,63,26,91,42,54
85,69,-2,63,26,91,41,52
84,68,-3,62,25,91,40,52
84,67,-3,61,24,91,40,51
83,66,-3,62,24,91,39,50
83,64,-3,62,24,91,39,48
83,62,-3,62,25,91,39,46
82,61,-3,61,25,91,39,45
81,59,-2,61,24,91,40,46
79,57,-2,61,24,91,39,43
77,54,-2,61,24,91,36,41
76,52,-2,60,24,91,36,39
77,51,-3,59,25,91,36,39
76,50,-4,57,25,91,36,35
75,47,-5,57,25,91,35,32
74,44,-6,57,24,91,34,30
73,41,-7,58,24,91,32,28
73,39,-7,58,25,91,32,25
73,38,-7,59,26,91,32,24
73,36,-6,59,28,91,32,21
72,33,-7,58,28,91,32,20
72,32,-8,57,26,91,32,18
73,30,-10,56,25,91,32,14
73,28,-10,55,24,91,32,13
73,26,-11,55,24,91,32,12
72,25,-10,55,25,91,32,10
71,25,-10,55,27,91,31,10
72,26,-10,55,28,91,31,10
72,24,-10,55,28,91,32,9
72,22,-10,55,28,91,32,7
72,21,-10,55,26,91,32,6
72,20,-10,55,25,91,32,6
72,20,-10,55,24,91,32,6
73,20,-10,55,24,91,32,6
73,20,-10,55,26,91,32,6
72,21,-11,55,28,91,32,6
72,21,-11,56,29,91,31,7
71,24,-11,57,30,91,31,9
72,26,-11,56,30,90,31,10
72,27,-11,56,29,90,32,12
74,27,-11,56,28,89,34,12
75,27,-12,56,27,90,35,12
75,28,-12,58,27,90,32,13
76,30,-12,59,26,90,34,15
77,32,-11,60,27,89,34,17
76,33,-10,60,27,88,34,18
76,34,-10,60,28,89,34,19
76,36,-10,60,29,89,34,20
77,39,-10,61,29,89,34,23
78,40,-10,62,29,88,32,24
78,41,-10,62,29,88,32,25
78,40,-10,62,29,87,35,24
77,40,-9,61,29,87,35,24
77,42,-8,60,29,87,35,25
77,44,-8,60,29,87,34,30
76,46,-9,61,29,89,34,29
76,46,-10,61,29,90,32,29
75,45,-10,61,29,90,32,28
76,45,-9,61,29,90,34,29
78,46,-9,61,29,88,35,30
79,48,-9,61,28,87,35,31
79,50,-10,62,27,88,35,32
78,50,-10,62,28,90,35,32
78,49,-10,61,29,90,35,31
78,49,-9,61,29,90,35,31
78,49,-9,61,28,88,35,31
78,49,-10,62,26,87,35,31
79,48,-10,62,26,89,35,31
79,47,-10,62,27,91,34,30
79,47,-10,62,28,91,34,30
79,47,-10,62,26,91,36,30
79,47,-9,61,25,91,36,30
79,47,-8,60,24,91,36,30
79,47,-8,59,24,91,36,32
80,46,-8,60,25,91,37,32
80,46,-8,59,25,91,37,31
79,44,-7,59,25,91,39,29
78,42,-7,58,24,91,37,28
78,41,-7,58,25,91,37,26
77,41,-7,59,25,91,35,26
77,41,-9,60,24,91,35,24
76,40,-9,61,24,91,34,24
75,38,-8,60,24,91,32,21
75,35,-7,59,25,91,32,21
76,34,-7,59,26,91,35,20
76,33,-7,58,26,91,36,20
76,32,-8,57,26,91,36,19
76,31,-9,57,26,91,36,18
75,28,-9,56,27,91,35,15
75,25,-9,56,27,91,35,13
75,23,-10,56,27,91,35,8
74,21,-11,57,25,91,34,7
73,20,-13,58,25,91,30,6
71,20,-14,59,26,91,29,6
69,19,-14,59,28,91,28,2
69,17,-14,59,29,89,28,2
70,15,-14,59,30,87,29,1
71,14,-14,59,29,86,29,0
70,13,-14,59,29,87,29,-1
68,12,-14,59,29,89,26,-1
67,11,-14,59,29,90,25,-2
66,11,-14,59,29,90,25,-2
67,10,-14,59,29,90,25,-2
68,10,-14,59,29,90,26,-3
68,9,-14,59,29,90,26,-4
69,8,-14,59,29,88,28,-4
69,7,-14,59,29,86,28,-6
68,8,-14,59,29,86,26,-4
67,10,-14,59,29,86,25,-3
67,11,-14,59,29,86,25,-2
68,12,-14,59,29,86,26,-1
69,13,-14,59,29,86,28,-1
70,14,-14,58,29,86,29,0
71,15,-14,59,29,86,29,1
71,17,-13,60,29,86,29,3
71,20,-11,61,29,86,29,6
71,22,-10,62,29,86,29,7
71,24,-10,62,29,86,29,9
72,25,-10,62,29,86,29,10
73,26,-10,62,29,86,30,12
74,27,-10,62,29,86,31,12
74,28,-10,62,29,86,31,13
74,31,-10,62,29,86,31,15
74,35,-10,62,29,86,31,19
74,37,-9,63,29,86,29,20
73,38,-7,64,29,86,29,21
73,38,-7,65,29,86,29,21
74,40,-6,65,29,86,29,25
75,43,-6,65,29,86,30,28
75,44,-7,65,29,86,30,28
75,45,-7,65,29,85,30,29
76,46,-7,65,29,85,31,29
78,46,-6,65,29,84,32,31
79,47,-7,65,29,84,34,30
80,47,-7,65,29,83,35,30
79,47,-6,65,29,83,34,32
78,49,-7,65,29,84,32,31
77,50,-7,65,29,86,32,32
77,50,-7,65,29,86,32,32
78,49,-6,65,29,84,32,34
79,47,-6,65,30,82,34,32
79,47,-7,65,31,82,34,30
79,47,-7,64,31,83,34,30
79,47,-9,63,31,84,34,30
79,47,-10,62,32,84,36,30
80,46,-10,62,32,83,37,30
80,46,-10,62,32,83,37,29
79,44,-10,62,33,83,36,28
79,42,-10,62,33,82,35,25
78,41,-10,62,32,81,35,25
77,40,-10,62,31,81,35,24
77,38,-10,62,30,83,34,23
77,36,-10,62,32,84,34,20
76,34,-10,62,34,84,34,18
76,33,-10,62,34,83,34,18
76,34,-10,62,34,81,34,18
76,34,-10,62,34,80,34,18
76,34,-10,62,34,81,34,18
76,33,-10,62,33,81,34,18
76,34,-10,62,32,81,34,18
75,35,-10,62,32,81,32,19
74,36,-10,62,32,81,31,20
74,38,-10,62,33,81,31,21
74,39,-10,62,34,81,31,23
75,41,-9,63,34,81,30,25
76,43,-8,63,33,81,31,26
77,46,-8,64,33,81,31,29
77,48,-7,65,33,81,31,31
77,50,-7,65,34,81,31,34
77,54,-7,65,33,81,32,36
78,56,-7,65,33,81,32,39
78,58,-6,65,33,81,32,42
78,60,-5,66,33,81,32,43
78,62,-4,68,33,81,32,46
78,65,-3,68,33,81,32,48
78,68,-2,69,33,81,32,51
79,70,-3,68,33,81,34,53
80,71,-3,68,33,81,35,54
82,72,-3,68,33,81,36,54
82,72,-3,68,33,81,36,54
82,72,-3,68,33,81,36,54
82,71,-3,68,33,81,36,54
82,72,-3,68,33,81,36,54
82,72,-3,68,33,81,36,54
82,72,-3,68,33,81,36,54
83,71,-3,68,33,81,36,54
83,69,-3,68,33,81,37,52
83,67,-3,68,33,81,37,51
82,64,-3,68,33,81,36,48
82,62,-3,68,33,81,36,46
83,59,-3,68,33,81,37,43
83,57,-2,69,33,81,37,41
82,54,-3,68,33,81,36,39
80,52,-4,68,33,81,35,37
79,49,-5,66,33,81,34,35
79,46,-7,65,33,81,34,29
80,43,-7,65,33,81,35,26
80,40,-6,65,33,81,35,26
79,38,-6,65,33,81,34,24
79,36,-7,64,33,81,34,19
78,33,-9,63,33,81,32,18
76,30,-10,62,33,81,34,15
75,28,-10,62,33,81,32,13
75,26,-10,62,33,81,32,10
75,24,-10,62,33,81,32,9
74,21,-10,62,33,81,31,7
72,18,-11,61,33,81,30,3
71,15,-13,60,33,81,29,1
71,14,-14,59,33,81,29,0
71,14,-14,58,33,81,29,0
71,13,-14,59,33,81,29,0
71,11,-14,59,33,81,29,-2
70,9,-14,59,33,81,28,-3
68,9,-13,59,33,81,26,-4
67,9,-14,59,33,81,25,-4
66,9,-14,58,33,81,25,-6
67,8,-16,57,33,81,25,-7
68,7,-17,55,33,81,29,-8
68,6,-18,55,33,81,29,-9
67,5,-17,55,33,81,28,-9
65,5,-16,57,33,81,24,-9
65,4,-14,58,33,81,24,-10
64,4,-14,59,33,81,23,-8
65,4,-13,59,33,81,24,-8
67,5,-14,59,33,81,25,-7
68,7,-14,59,33,81,26,-6
69,7,-14,59,33,81,28,-6
69,7,-14,59,34,81,28,-6
69,7,-14,59,34,81,28,-6
69,7,-14,59,34,79,28,-6
69,7,-14,59,33,77,28,-6
68,8,-14,59,33,78,26,-4
68,10,-14,59,34,79,26,-3
68,12,-14,59,35,80,26,-1
69,14,-13,59,36,80,28,0
70,15,-12,60,36,79,29,1
69,16,-11,61,37,78,28,2
68,18,-11,61,38,76,26,3
68,20,-10,62,38,76,26,4
67,22,-10,62,38,75,25,7
68,24,-10,62,38,75,26,8
70,25,-10,62,38,76,29,9
72,26,-10,62,38,76,29,10
72,28,-10,62,38,76,30,12
72,30,-9,63,38,75,28,14
72,31,-8,64,37,75,28,15
73,32,-8,64,36,75,29,17
74,35,-8,63,37,75,29,19
74,37,-9,63,38,75,29,20
74,38,-9,63,38,75,29,21
73,38,-9,63,38,75,29,21
73,38,-9,63,38,75,29,21
74,39,-10,62,38,75,31,23
76,41,-10,62,38,75,32,25
77,42,-9,63,38,75,31,25
77,42,-8,64,38,75,32,25
77,41,-8,64,38,75,32,25
77,41,-8,64,38,75,32,25
77,42,-9,63,38,75,31,25
77,42,-10,62,38,75,35,25
77,41,-10,62,38,75,35,24
77,39,-10,62,38,75,34,23
75,38,-10,62,38,75,32,21
73,38,-10,62,38,75,30,21
73,38,-10,62,38,75,30,21
74,38,-10,62,38,75,31,21
74,36,-10,62,38,76,31,20
74,35,-10,62,38,76,31,19
73,32,-11,61,38,75,31,17
72,31,-13,60,38,75,30,15
72,30,-14,59,38,75,30,14
72,28,-14,58,38,76,30,12
72,26,-14,59,38,77,29,10
70,25,-14,59,38,78,29,9
70,24,-14,59,38,77,28,9
69,23,-14,59,38,76,28,8
69,20,-14,59,38,76,26,6
68,18,-14,59,38,77,26,3
68,18,-14,59,38,78,26,3
68,18,-14,59,38,77,26,3
68,16,-14,59,38,76,26,2
67,14,-14,59,38,75,25,1
66,13,-14,59,38,75,24,-1
66,12,-14,59,38,75,24,-1
66,11,-14,59,38,76,25,-2
67,11,-14,59,38,76,25,-2
67,11,-14,59,38,75,25,-2
67,11,-14,59,38,75,25,-2
67,11,-14,59,38,75,25,-2
67,11,-14,59,38,75,25,-2
67,11,-14,59,38,75,25,-2
67,13,-14,59,38,75,25,0
68,16,-14,59,38,75,26,2
68,18,-14,59,38,75,26,3
70,19,-14,59,38,75,28,4
71,20,-14,59,38,75,29,6
72,21,-14,59,38,75,30,7
72,24,-14,58,38,75,30,9
72,28,-14,59,38,75,30,12
72,30,-13,60,38,75,30,15
74,32,-11,61,38,75,31,17
75,33,-10,62,38,75,32,18
75,35,-10,62,38,75,32,19
73,38,-10,62,38,75,31,21
72,41,-10,62,38,75,29,24
72,43,-10,62,38,75,29,26
73,44,-10,62,38,75,31,28
75,45,-10,62,38,75,32,28
76,47,-10,62,38,75,34,30
76,49,-10,62,38,75,34,32
77,51,-10,62,38,75,34,34
76,52,-10,62,38,75,34,35
76,51,-10,62,38,75,34,34
77,51,-10,62,38,75,34,34
78,52,-9,63,38,75,32,35
78,52,-8,63,38,75,32,35
78,52,-8,64,38,75,32,35
77,52,-7,65,38,75,32,35
78,52,-7,65,38,75,32,35
79,53,-6,65,38,75,34,37
79,53,-6,65,38,75,34,37
79,53,-7,65,38,75,34,35
78,53,-7,65,38,75,32,35
78,52,-7,65,38,75,32,35
78,51,-6,65,38,75,32,36
79,49,-7,65,38,75,34,31
79,47,-7,65,37,75,34,30
79,47,-7,65,36,75,34,30
79,47,-7,65,37,75,34,30
79,47,-7,65,37,75,34,30
79,47,-7,65,37,75,34,30
79,47,-7,65,37,75,34,30
79,47,-7,65,36,75,34,30
79,47,-7,65,36,75,34,30
79,47,-7,65,35,75,34,30
79,47,-7,65,35,75,34,30
79,47,-7,65,35,75,34,30
81,48,-7,65,34,75,35,31
82,49,-7,65,34,76,36,31
83,50,-7,65,33,76,37,32
83,51,-7,65,33,76,37,34
83,53,-7,65,33,76,37,36
84,55,-7,65,33,76,39,37
84,57,-7,65,33,76,39,39
84,58,-7,65,33,76,39,40
83,59,-6,65,33,77,37,43
84,61,-6,65,33,78,39,45
85,63,-6,65,33,79,39,47
86,65,-7,65,33,80,40,46
85,66,-7,65,33,81,39,47
85,67,-6,65,33,81,39,51
85,68,-5,66,33,81,39,52
86,70,-4,67,33,81,40,53
87,72,-4,68,33,81,40,56
86,74,-4,68,33,81,40,57
86,74,-3,68,33,81,40,57
86,74,-3,68,34,81,39,57
86,74,-3,68,33,81,39,57
86,74,-4,67,33,81,39,57
86,74,-4,67,34,81,40,57
86,73,-5,67,34,81,40,56
88,71,-5,67,34,81,41,54
89,70,-6,66,33,81,42,53
89,69,-6,66,32,80,42,53
87,69,-6,66,32,81,40,52
86,68,-5,66,32,83,40,52
85,68,-5,67,32,84,39,51
85,66,-5,67,31,84,39,50
84,64,-5,67,29,83,39,47
84,62,-6,66,28,83,37,46
83,61,-6,65,29,83,37,45
83,59,-5,64,29,83,40,43
83,57,-4,62,29,83,40,42
83,55,-4,63,29,84,39,40
81,54,-5,64,29,85,35,39
80,52,-7,66,29,86,34,35
79,49,-7,65,29,86,34,32
80,46,-6,63,29,86,37,31
81,44,-6,61,29,85,37,30
82,43,-7,61,29,84,39,29
80,43,-8,61,29,85,37,26
79,41,-10,62,29,86,36,25
79,40,-10,61,29,86,36,24
79,38,-9,61,29,86,36,21
79,36,-9,61,29,86,36,19
78,33,-9,61,28,86,35,18
78,31,-9,61,28,86,35,15
78,29,-9,61,27,86,35,14
77,29,-10,62,28,86,35,13
75,28,-11,61,27,86,32,13
75,27,-12,61,25,86,32,12
74,26,-12,60,24,86,32,10
74,25,-13,59,24,86,31,9
73,23,-14,59,25,86,31,8
72,21,-14,59,26,86,30,7
72,20,-14,59,26,86,30,6
72,20,-14,59,26,86,30,6
73,20,-14,59,26,86,30,6
73,21,-14,59,25,88,30,6
73,21,-14,59,25,89,30,6
72,20,-14,59,24,90,30,6
72,20,-14,59,25,90,30,6
71,20,-14,59,26,90,29,6
71,20,-14,59,26,90,29,6
72,20,-14,59,26,89,30,6
73,21,-14,59,25,88,31,6
73,20,-14,59,24,88,31,6
72,21,-14,59,24,90,30,6
71,22,-14,59,24,90,29,7
71,24,-14,58,25,90,29,8
71,25,-14,59,25,90,29,10
72,26,-13,60,24,89,30,12
74,27,-11,61,24,90,32,12
75,29,-10,62,25,90,32,14
76,32,-10,62,25,89,34,15
76,34,-10,62,25,87,34,18
75,35,-10,62,24,86,32,19
74,37,-10,62,24,86,31,20
75,39,-10,62,24,86,32,23
75,41,-10,62,26,86,32,25
76,43,-9,63,27,86,31,26
76,46,-7,64,28,87,31,29
77,48,-7,65,28,88,31,31
77,50,-6,65,26,89,32,35
78,52,-6,65,25,88,32,36
80,53,-7,65,25,88,34,36
81,56,-7,65,24,88,36,39
83,59,-6,65,24,89,36,43
83,61,-6,65,25,89,36,45
83,61,-7,65,25,89,36,43
83,61,-7,65,25,89,37,42
83,61,-6,65,24,89,37,45
84,62,-5,66,24,89,39,46
84,63,-5,66,24,88,39,47
85,64,-6,66,24,89,39,48
86,64,-6,66,24,89,40,48
87,64,-6,66,24,89,41,47
87,63,-5,66,24,88,41,47
87,63,-6,66,24,87,41,47
87,63,-6,66,24,87,41,47
87,64,-5,66,24,89,41,47
86,63,-5,66,24,90,40,47
85,62,-5,66,24,90,39,46
84,61,-6,65,24,90,39,46
84,61,-7,65,24,91,37,43
84,62,-6,65,24,91,37,46
84,61,-5,66,24,91,37,46
83,61,-5,67,24,91,37,45
83,61,-5,66,24,91,36,45
83,60,-6,65,24,91,37,45
83,61,-7,65,24,91,36,42
82,62,-7,65,24,91,36,43
81,64,-6,65,24,91,35,47
80,65,-5,66,24,91,35,48
80,65,-4,67,24,91,34,48
79,65,-4,67,24,91,34,48
80,65,-5,67,24,91,35,48
81,65,-6,66,24,91,35,50
83,67,-5,66,24,91,37,51
84,67,-4,67,24,91,39,51
85,67,-3,68,24,91,39,51
84,68,-2,69,24,91,39,51
83,68,-3,68,24,91,37,52
82,70,-3,68,24,91,36,53
82,71,-3,68,24,91,36,54
83,73,-3,68,24,91,36,56
85,73,-3,68,24,91,39,57
86,74,-3,68,24,91,40,57
86,74,-3,68,24,91,40,57
86,74,-3,68,24,91,40,57
86,74,-3,68,24,91,40,57
86,74,-3,68,24,91,40,57
86,74,-3,68,24,91,39,57
86,74,-3,68,24,91,39,57
86,74,-3,68,24,91,40,57
87,73,-3,68,24,91,41,56
87,72,-3,68,24,91,40,56
86,72,-3,68,25,92,39,56
83,72,-3,68,25,93,37,56
82,72,-3,68,25,94,36,54
82,70,-3,68,25,95,36,53
83,68,-3,68,25,96,37,52
85,68,-3,68,25,95,39,51
85,67,-3,68,25,95,39,51
83,67,-3,68,25,94,37,51
81,66,-3,68,25,94,35,50
80,65,-3,68,25,95,34,48
80,65,-2,69,25,96,34,48
81,64,-3,68,25,96,35,47
82,62,-4,68,23,96,36,46
83,61,-6,66,21,96,37,45
83,60,-7,65,21,96,37,42
82,60,-7,65,21,96,36,42
81,60,-6,66,23,96,35,43
80,59,-5,67,24,96,35,43
81,60,-5,66,25,96,35,43
80,59,-6,66,23,96,35,41
80,59,-7,66,21,96,34,41
79,58,-9,68,20,96,31,40
78,58,-10,69,21,96,30,40
78,58,-10,69,21,96,30,40
78,58,-10,69,21,96,30,40
78,58,-10,69,20,96,30,40
79,58,-10,69,19,96,31,40
79,58,-10,69,19,96,31,40
79,58,-10,69,20,96,31,41
78,58,-10,68,21,96,30,40
77,57,-11,68,22,96,30,40
78,56,-11,68,22,96,30,39
79,55,-10,68,23,96,31,37
79,53,-10,68,22,96,31,36
79,52,-10,68,22,96,31,35
78,50,-12,67,21,96,30,31
78,48,-13,66,20,96,31,29
79,47,-14,65,20,96,31,28
79,47,-13,65,20,96,32,28
79,47,-13,66,20,96,31,28
79,47,-13,66,20,96,31,28
79,45,-13,66,20,96,31,26
79,43,-14,66,20,96,32,25
80,43,-13,65,20,96,32,24
80,42,-13,65,20,96,32,23
79,41,-14,66,20,96,31,23
78,41,-14,66,21,96,30,21
77,41,-14,66,22,96,30,21
77,41,-13,65,21,96,30,21
78,40,-12,65,20,96,32,21
78,40,-12,65,20,96,32,24
78,41,-13,65,20,96,32,21
78,43,-12,64,20,96,32,24
79,45,-11,63,20,96,34,29
79,47,-9,63,20,96,34,30
79,48,-7,64,20,96,34,31
79,47,-7,65,20,96,34,30
79,47,-6,66,20,96,34,30
79,48,-7,65,20,97,34,31
80,50,-7,65,20,97,34,32
81,51,-7,65,20,96,35,34
81,53,-7,65,20,96,35,35
81,55,-7,65,19,96,35,37
81,58,-6,65,19,97,35,42
82,60,-5,66,18,97,36,45
82,60,-4,68,19,98,36,45
83,61,-3,68,20,100,36,45
82,62,-2,69,20,100,36,46
82,64,-3,68,21,100,36,48
83,67,-3,68,21,100,37,51
84,68,-3,68,20,100,37,51
85,68,-3,68,18,100,39,51
85,67,-3,68,17,101,39,51
84,67,-3,68,17,101,39,51
83,68,-3,68,17,101,37,52
82,70,-3,68,17,101,36,53
81,71,-3,68,17,101,35,54
82,72,-3,68,18,101,36,56
83,73,-3,68,18,101,37,56
85,73,-3,68,17,101,39,56
84,73,-3,68,17,101,39,57
83,73,-3,68,18,101,36,56
82,72,-3,69,18,101,36,54
83,70,-3,69,18,101,36,53
83,68,-3,68,17,101,37,52
83,67,-3,68,17,101,36,51
82,65,-4,67,18,101,36,50
81,64,-6,68,20,101,35,45
81,62,-7,68,21,101,35,43
81,60,-8,68,20,101,34,42
80,58,-9,68,20,101,32,41
78,56,-10,69,20,101,30,39
77,54,-9,68,20,101,30,36
76,51,-7,67,20,101,31,34
76,49,-6,65,20,101,31,34
76,47,-6,65,20,101,31,32
76,44,-7,65,21,101,31,28
75,41,-10,65,20,101,30,24
75,38,-12,65,18,101,30,21
75,35,-13,64,17,101,30,17
75,33,-12,64,17,101,30,17
74,31,-11,63,19,101,29,15
73,29,-11,63,20,101,29,13
73,26,-11,63,19,101,29,12
72,24,-10,62,17,101,28,8
72,22,-10,62,16,101,30,7
72,21,-10,62,16,101,30,6
72,20,-10,62,17,101,30,6
73,20,-10,62,17,101,31,6
73,19,-10,62,17,101,31,4
74,19,-10,62,17,101,31,4
73,19,-10,62,18,101,31,4
73,20,-10,62,19,101,30,6
72,21,-10,62,19,101,30,6
72,21,-10,62,18,101,30,6
72,20,-10,62,17,101,30,6
73,20,-10,62,18,101,30,6
73,20,-10,62,19,101,30,6
72,22,-10,62,20,101,30,7
71,24,-10,62,20,101,29,8
70,25,-10,62,20,101,28,9
70,25,-10,62,20,101,28,9
70,25,-10,62,20,101,28,9
71,25,-10,62,20,101,29,10
72,28,-10,62,20,101,30,12
72,30,-10,62,20,101,30,15
72,31,-10,62,20,101,29,15
70,31,-10,62,20,101,28,15
70,30,-10,62,20,101,28,14
70,31,-10,62,20,101,28,15
72,31,-10,62,20,101,29,15
72,30,-10,62,20,101,30,15
73,29,-10,62,20,101,31,14
73,29,-10,62,20,101,31,13
73,29,-10,62,20,101,31,14
72,31,-11,61,20,101,30,15
72,31,-11,61,20,101,29,15
71,30,-12,60,20,101,29,14
70,27,-13,59,20,101,29,12
70,25,-14,59,20,101,28,9
70,24,-14,59,20,101,28,9
70,24,-13,59,20,101,28,9
70,25,-13,60,20,101,28,9
70,25,-12,60,20,101,29,9
72,26,-13,60,20,101,29,10
73,26,-12,60,20,101,30,10
73,26,-11,61,20,101,30,10
72,26,-10,61,20,101,29,10
72,26,-10,61,20,101,29,10
72,26,-11,61,20,100,30,12
74,27,-11,61,20,98,32,12
75,27,-11,61,20,98,32,12
75,28,-11,61,20,98,32,12
73,28,-11,61,20,97,31,13
72,30,-10,62,20,97,30,14
72,31,-10,62,20,97,29,15
73,32,-10,62,20,98,30,17
75,33,-10,62,20,100,32,18
76,34,-10,62,20,100,34,18
76,34,-10,62,20,100,34,18
75,33,-10,62,20,98,32,18
74,33,-10,62,20,97,31,18
74,33,-10,62,20,97,31,17
75,33,-10,62,20,98,32,18
75,33,-10,62,20,98,32,18
75,33,-10,62,20,98,32,18
73,32,-10,62,20,97,31,17
72,31,-10,62,20,96,29,15
72,30,-10,62,20,96,30,14
74,28,-10,62,20,96,31,13
74,27,-10,62,20,97,32,12
73,26,-10,62,20,97,31,12
71,25,-11,61,20,98,29,10
70,24,-11,61,20,99,29,8
72,21,-12,60,20,99,30,7
73,19,-13,59,20,99,31,4
75,18,-14,59,20,98,32,3
74,15,-14,59,20,97,31,1
73,13,-14,59,20,97,31,0
73,11,-14,59,20,96,31,-2
73,10,-13,59,20,96,31,-3
73,9,-14,59,20,97,31,-3
74,10,-14,58,20,97,31,-3
74,10,-14,58,20,97,31,-6
74,10,-15,57,20,96,31,-6
73,10,-14,58,20,96,31,-6
72,11,-14,58,20,96,30,-2
72,12,-14,59,20,96,30,-1
71,14,-14,59,20,96,29,0
71,16,-14,59,20,96,29,2
72,18,-14,59,20,96,30,3
72,21,-14,59,20,96,30,6
73,23,-14,59,20,96,30,6
74,25,-14,60,20,96,32,8
75,28,-14,61,20,96,31,10
76,30,-12,62,20,96,31,14
76,33,-10,62,20,96,34,17
75,35,-9,62,19,96,32,19
75,37,-10,62,20,96,32,21
76,40,-11,63,21,96,31,24
78,43,-12,64,23,96,32,26
79,45,-12,65,23,96,34,29
79,48,-12,66,23,96,31,29
78,50,-10,67,22,96,30,34
78,52,-7,67,22,96,32,35
79,53,-6,66,22,96,34,36
80,55,-6,65,21,96,35,40
81,58,-7,65,20,96,35,40
82,60,-7,65,20,96,36,42
82,61,-6,66,20,96,36,45
83,61,-5,67,20,96,36,45
83,60,-4,67,20,96,36,45
83,60,-5,67,20,96,37,45
84,62,-6,66,20,96,37,46
84,64,-6,65,20,96,39,48
84,65,-7,65,20,96,37,47
83,65,-7,65,20,96,36,46
82,62,-6,65,20,96,36,46
82,61,-6,65,20,96,36,45
83,60,-6,65,20,96,37,45
83,61,-7,65,20,96,37,42
83,61,-6,65,20,96,36,45
83,61,-7,65,20,96,36,42
83,59,-7,65,20,96,37,41
84,58,-7,65,20,96,39,40
85,57,-6,65,20,96,39,41
86,56,-6,65,20,96,40,41
86,55,-7,65,20,96,40,37
86,53,-7,64,20,96,40,36
85,51,-9,63,20,96,39,34
83,49,-10,62,20,96,40,32
83,47,-10,62,20,96,39,30
82,45,-10,62,20,96,39,28
82,43,-10,62,20,96,39,26
82,43,-10,62,20,96,39,26
82,43,-10,62,20,96,39,26
81,41,-10,62,20,96,37,25
81,39,-10,62,20,96,37,23
80,36,-10,62,20,96,36,20
79,34,-10,62,20,96,36,18
79,32,-11,61,20,96,36,17
79,30,-13,60,20,96,36,14
78,29,-14,59,20,96,35,14
77,29,-14,58,20,96,35,13
76,28,-14,59,20,96,34,13
74,27,-14,59,19,96,32,12
72,26,-14,59,20,96,30,12
71,25,-14,59,21,96,29,10
71,24,-14,59,23,96,29,8
72,21,-14,59,24,96,30,7
72,20,-14,59,23,96,30,6
72,19,-14,59,23,96,30,4
71,19,-14,59,23,96,29,4
70,19,-14,59,23,96,28,4
69,19,-14,59,24,96,28,4
68,18,-14,59,24,96,26,4
68,18,-14,59,25,96,26,3
69,16,-14,59,25,96,28,2
70,15,-14,59,25,96,28,1
70,15,-14,59,25,96,28,1
70,15,-14,59,25,96,29,1
71,15,-14,59,24,96,29,1
71,14,-14,59,23,96,29,1
70,14,-14,59,23,96,29,1
69,16,-14,59,23,96,28,2
68,18,-14,59,25,95,26,3
68,20,-14,59,25,93,26,6
69,23,-14,59,24,93,28,8
70,25,-14,59,22,94,29,9
72,25,-14,59,22,95,29,10
73,26,-14,59,22,95,30,12
74,28,-14,59,23,95,31,13
74,31,-14,58,23,95,31,15
74,35,-14,59,23,94,31,19
75,38,-13,60,23,94,32,21
76,40,-11,61,24,93,34,24
77,42,-10,62,25,93,34,25
77,44,-10,62,25,93,34,28
78,46,-10,62,25,93,35,29
79,49,-10,62,25,92,36,32
81,52,-10,62,24,91,37,35
82,56,-10,62,25,91,36,39
82,59,-9,63,24,91,36,41
82,60,-7,63,25,93,39,45
83,61,-4,63,25,93,39,45
84,61,-3,62,25,94,40,46
85,64,-3,61,25,93,41,47
85,66,-3,61,25,92,41,50
85,68,-2,62,24,91,41,51
84,68,0,64,24,91,40,53
84,67,0,65,24,91,40,53
84,67,0,66,24,91,40,53
84,67,-3,67,24,91,39,51
84,68,-4,67,25,92,39,51
84,68,-5,67,25,92,39,51
84,67,-5,68,25,93,39,51
84,65,-5,67,25,93,37,50
83,63,-5,66,25,93,37,47
83,61,-5,65,25,93,36,45
82,58,-5,64,25,92,39,42
82,56,-6,64,25,92,36,41
81,54,-6,65,24,91,35,39
80,52,-6,66,24,91,35,35
80,49,-7,65,24,91,35,32
80,46,-8,64,24,91,35,30
80,43,-9,63,24,91,35,26
79,40,-10,62,24,91,36,24
78,37,-10,62,24,91,35,20
77,34,-10,62,24,91,34,19
77,32,-11,61,24,91,34,17
77,31,-11,61,24,91,35,15
77,29,-11,59,24,91,35,13
76,26,-12,58,24,91,34,10
76,24,-13,58,24,91,34,9
77,23,-14,58,24,91,34,8
77,23,-14,59,24,91,34,8
76,21,-14,59,24,91,34,7
75,18,-14,59,24,91,34,4
75,17,-14,59,24,91,32,2
75,16,-14,59,24,91,32,2
75,16,-14,59,24,91,32,2
75,16,-14,59,24,91,32,2
75,16,-14,59,24,91,32,2
74,18,-14,59,24,91,31,3
73,19,-12,59,24,91,31,4
74,21,-11,59,24,91,31,7
75,22,-11,58,25,91,32,7
76,23,-11,59,25,91,34,8
76,24,-11,61,24,91,34,9
76,27,-10,62,24,91,34,12
77,29,-9,62,24,91,35,13
78,30,-9,61,25,91,35,15
78,31,-8,60,26,91,35,15
78,32,-8,59,26,91,37,18
77,32,-7,58,26,91,36,19
76,33,-7,58,25,91,36,19
76,34,-7,58,24,91,35,20
76,34,-7,58,25,90,35,20
76,34,-7,59,25,89,35,20
76,34,-7,58,26,90,35,20
76,35,-7,58,28,90,36,21
76,34,-7,58,29,91,35,20
75,32,-7,58,29,91,35,18
75,29,-6,59,28,91,34,15
74,27,-7,58,25,91,34,14
74,27,-8,57,25,91,34,14
74,27,-9,56,26,91,34,14
74,25,-10,55,27,91,34,10
73,23,-10,55,28,91,34,8
72,20,-11,55,28,91,32,6
72,18,-11,54,28,91,32,3
71,15,-12,54,28,91,31,1
71,14,-11,54,29,90,31,0
71,14,-10,55,30,88,31,0
72,12,-10,55,29,87,31,-1
71,10,-11,54,29,87,31,-3
71,8,-12,53,28,88,34,-4
70,7,-13,53,27,89,32,-6
69,7,-13,53,28,89,31,-6
69,7,-13,53,29,88,32,-6
69,7,-14,52,29,86,32,-6
69,7,-14,52,29,86,32,-6
69,7,-14,51,29,86,32,-6
70,7,-14,52,29,86,32,-6
69,7,-13,53,29,86,32,-6
68,8,-12,54,29,86,29,-4
68,10,-12,55,29,86,29,-3
68,12,-13,56,29,86,29,-1
69,14,-12,55,29,86,30,0
70,15,-11,55,29,86,30,1
69,16,-11,54,29,86,30,2
68,18,-12,54,29,86,29,3
68,20,-11,54,29,86,29,6
69,23,-11,55,29,86,29,8
70,25,-10,55,29,86,30,9
72,25,-10,55,29,86,32,10
73,27,-10,55,29,86,32,12
73,28,-10,55,29,86,34,13
72,30,-10,55,29,86,32,14
72,32,-10,55,29,86,31,15
73,32,-11,56,30,86,32,17
75,32,-12,57,31,86,34,17
76,34,-13,57,32,86,34,18
75,36,-12,58,33,86,32,19
74,37,-11,58,34,86,31,21
74,37,-11,58,34,86,31,20
75,36,-12,59,34,86,32,19
76,34,-13,59,34,86,34,18
76,33,-13,60,34,86,34,18
76,33,-12,59,34,86,34,18
76,34,-10,57,34,86,35,18
76,34,-10,56,34,86,35,20
76,35,-9,56,34,86,36,21
76,34,-9,56,34,86,35,20
75,32,-10,56,34,86,35,17
75,29,-10,56,34,86,35,14
74,27,-10,55,34,86,34,12
74,27,-10,55,34,86,34,12
74,27,-10,55,34,86,34,12
73,27,-10,55,34,86,32,14
71,25,-9,54,34,86,34,13
70,25,-9,54,34,86,32,12
70,25,-10,54,34,86,32,12
70,25,-10,55,34,85,30,9
70,25,-10,55,34,84,30,10
69,24,-10,54,34,84,31,12
68,22,-10,52,33,84,30,9
68,19,-11,50,34,85,30,7
68,18,-10,50,36,85,31,6
68,18,-9,51,37,84,31,6
68,19,-8,51,37,83,30,7
68,20,-9,52,36,82,30,7
67,20,-10,53,34,81,30,8
66,21,-11,54,35,80,26,6
66,22,-11,54,35,80,26,7
67,23,-10,54,35,80,30,10
69,24,-10,53,34,81,31,12
70,25,-10,53,33,81,32,12
70,25,-10,54,34,81,30,9
70,24,-10,55,35,80,30,9
70,25,-10,55,35,80,30,9
70,27,-10,55,35,80,30,12
71,29,-10,55,36,80,31,14
72,31,-10,55,37,80,31,15
73,32,-10,55,36,80,34,17
75,33,-10,55,35,80,34,18
75,35,-10,55,34,81,35,19
75,36,-10,55,35,80,35,20
75,39,-10,55,35,80,34,23
75,41,-9,56,35,80,35,28
75,44,-9,56,34,81,35,29
77,46,-9,56,33,81,36,31
79,46,-9,56,34,81,37,32
79,47,-8,57,35,80,37,32
79,48,-7,58,37,80,37,34
78,50,-6,59,37,80,37,35
78,52,-6,59,37,80,37,36
79,54,-7,58,37,80,39,39
80,55,-7,58,38,80,39,40
80,57,-7,58,39,80,39,42
79,58,-5,59,38,80,39,42
80,60,-4,61,37,80,39,43
81,60,-3,62,36,80,37,43
82,60,-4,61,37,80,39,45
83,61,-5,61,38,80,39,45
83,61,-4,59,39,80,41,45
83,61,-3,57,37,80,43,47
83,61,-2,56,36,80,43,47
83,61,-1,57,36,80,43,47
83,61,-2,58,36,80,41,47
83,61,-1,59,37,80,41,47
83,60,0,59,38,80,41,47
83,61,0,58,39,80,41,47
82,62,-1,59,39,80,40,48
81,63,-2,61,38,80,40,50
80,65,-3,61,38,80,36,48
80,65,-3,61,38,80,39,50
80,65,-2,60,38,80,39,51
81,63,-2,61,38,80,40,50
80,61,-3,62,39,80,37,45
80,59,-3,62,39,80,36,43
79,58,-4,61,38,80,35,42
78,58,-6,60,37,80,37,42
78,58,-7,58,37,80,37,42
78,56,-7,58,37,80,37,41
78,54,-7,58,38,80,36,39
76,51,-7,58,37,80,36,36
75,50,-7,59,35,81,32,35
75,48,-8,60,34,81,32,34
74,46,-9,61,33,81,31,30
74,44,-10,60,33,81,31,28
73,42,-13,60,34,81,30,25
72,38,-14,59,34,81,30,21
71,35,-14,59,34,82,29,19
70,32,-14,59,34,83,28,15
68,30,-14,58,34,83,26,14
68,28,-14,58,34,83,26,10
68,25,-15,57,34,83,26,8
68,22,-15,58,34,84,26,4
67,18,-15,57,34,85,25,2
65,16,-16,57,34,84,24,0
64,15,-16,55,34,84,25,-1
64,15,-16,54,34,83,25,-1
65,14,-16,54,34,83,25,0
66,12,-16,54,34,82,28,-1
67,12,-15,54,34,82,28,-1
67,13,-15,53,34,83,28,-1
66,15,-14,52,34,85,29,1
66,17,-14,52,34,86,29,2
68,18,-14,52,34,85,30,3
69,18,-14,51,34,82,32,4
71,19,-14,50,33,81,34,4
72,21,-13,51,33,81,35,7
72,25,-12,52,34,82,35,9
72,28,-10,53,34,83,35,15
73,31,-8,53,34,83,35,18
75,33,-7,52,34,83,36,19
76,36,-7,51,34,83,40,23
78,41,-7,52,34,82,39,26
78,46,-6,53,34,81,40,31
79,51,-5,54,33,81,40,36
79,55,-4,54,33,80,40,42
79,59,-3,55,33,80,41,46
81,63,-2,56,34,81,41,50
82,68,-1,57,34,83,42,53
84,72,0,58,33,84,45,57
86,75,0,58,32,84,46,61
87,79,0,58,32,83,45,64
88,82,0,60,32,81,46,67
89,86,0,62,32,80,46,70
89,90,2,62,33,82,47,74
90,92,3,62,32,84,47,79
92,94,3,61,32,86,50,80
94,96,3,61,32,86,51,81
94,98,3,61,31,86,51,84
93,100,2,62,30,86,51,83
93,101,0,64,31,86,47,84
92,101,0,65,32,86,47,84
92,101,0,65,33,86,47,84
93,101,0,65,32,86,47,84
92,101,0,65,31,86,47,84
93,101,0,65,29,86,47,84
93,100,0,65,28,86,48,83
94,98,1,64,29,86,48,81
94,96,0,64,29,87,48,79
93,93,0,63,29,90,48,78
93,91,-2,62,29,91,47,73
92,89,-2,61,29,91,48,73
91,87,-1,59,29,91,48,72
91,85,0,58,29,91,48,69
91,82,0,58,29,91,51,67
91,78,0,58,29,91,51,63
90,75,-1,57,29,91,50,61
89,72,-3,56,29,91,48,57
87,69,-4,55,30,90,47,56
86,67,-4,54,29,91,46,53
86,64,-3,55,28,91,46,51
86,61,-3,55,26,91,47,47
86,58,-3,55,25,91,46,45
85,57,-5,54,24,91,46,43
84,56,-6,52,24,91,45,40
83,53,-7,52,25,93,43,39
82,50,-6,52,25,94,42,35
81,48,-6,53,25,94,42,34
79,47,-6,53,25,94,41,32
78,47,-7,52,25,95,39,32
76,45,-7,51,25,96,37,31
76,43,-7,51,25,96,40,29
77,42,-7,51,25,96,39,28
77,42,-7,52,25,96,39,28
76,43,-6,53,25,96,39,29
76,43,-6,53,25,96,37,29
75,43,-6,52,25,96,37,29
75,44,-7,52,25,96,37,29
75,44,-6,53,25,96,37,30
75,45,-5,54,25,96,37,32
75,45,-5,54,25,96,37,32
75,45,-6,53,25,96,36,30
74,46,-6,53,25,96,36,31
73,47,-5,54,25,96,35,35
74,49,-3,55,25,96,36,36
75,51,-3,55,25,96,36,39
76,53,-3,55,25,96,37,40
75,54,-3,55,25,96,36,41
74,55,-3,55,25,96,36,42
74,56,-3,55,25,96,35,43
75,57,-3,55,25,96,36,43
76,59,-3,55,25,96,37,46
77,61,-3,55,25,96,39,47
76,61,-3,55,25,96,37,48
76,62,-3,55,25,96,37,48
76,62,-3,55,25,96,37,48
77,63,-3,55,25,96,39,50
79,64,-3,55,23,96,40,50
80,65,-3,55,21,96,41,51
80,65,-3,56,21,96,41,51
80,65,-2,56,23,96,41,51
80,64,-1,57,25,96,41,50
81,63,0,56,26,97,42,50
81,62,0,56,25,98,42,48
82,61,0,56,23,99,42,48
83,61,-1,57,21,100,43,47
83,61,-1,57,22,101,43,47
83,61,-1,57,23,101,43,47
83,61,-2,56,25,101,43,47
82,61,-3,55,24,101,43,47
83,61,-3,54,23,101,43,47
84,60,-3,54,23,101,45,46
84,57,-2,54,23,101,45,45
84,55,-3,54,23,101,45,42
83,54,-3,54,22,101,43,41
81,54,-4,55,21,101,42,41
80,54,-3,55,20,101,41,41
79,53,-3,55,21,101,41,40
79,51,-4,55,21,101,40,39
79,49,-5,54,22,101,40,34
79,47,-6,52,21,101,41,32
78,47,-6,50,21,101,41,35
76,45,-5,49,21,101,40,32
75,43,-5,49,23,101,39,31
74,40,-5,49,25,101,37,28
73,38,-6,50,25,101,37,26
73,38,-7,51,24,101,37,24
74,38,-8,50,23,101,37,24
73,36,-10,49,22,101,37,23
72,33,-11,49,21,101,36,19
70,31,-11,48,21,101,35,18
68,29,-11,48,20,101,34,15
68,28,-10,48,20,101,32,15
68,28,-11,49,20,101,32,14
69,26,-10,48,20,101,34,13
70,25,-11,48,20,101,35,12
70,24,-11,48,22,101,35,12
69,24,-11,48,24,101,34,12
68,24,-11,48,24,101,32,10
67,24,-11,48,22,101,32,10
67,22,-11,48,20,101,32,9
67,21,-11,48,19,101,31,8
68,19,-11,48,20,101,32,7
68,18,-11,48,22,101,34,6
69,18,-11,48,22,101,34,6
68,18,-11,48,21,101,34,6
68,18,-11,48,21,101,34,6
68,18,-11,48,20,101,34,6
68,18,-11,48,20,101,34,6
68,18,-11,48,20,101,34,6
68,18,-11,48,20,101,34,6
68,18,-11,48,20,101,34,6
68,19,-11,48,20,101,32,7
67,20,-11,48,20,101,32,7
67,20,-11,49,20,101,31,8
67,21,-12,50,20,101,30,7
66,22,-12,50,20,101,29,7
66,22,-12,49,20,101,31,9
65,21,-11,48,20,101,30,9
65,20,-11,48,20,101,30,8
65,19,-12,49,20,101,30,7
64,18,-12,50,20,101,28,3
64,17,-12,49,22,101,29,4
64,15,-11,49,24,101,29,3
64,15,-12,49,25,99,30,3
64,15,-12,50,24,99,28,1
65,16,-13,50,21,100,28,2
65,16,-12,50,20,101,28,2
66,17,-12,49,21,101,31,4
67,17,-12,50,23,101,30,2
67,18,-13,50,24,101,30,3
68,18,-14,51,24,101,31,3
68,18,-14,51,23,101,31,3
68,18,-13,51,23,101,31,3
68,18,-13,50,23,101,31,3
68,18,-13,50,22,101,31,3
68,18,-12,50,22,100,31,3
68,18,-12,50,22,99,30,3
68,18,-13,50,23,100,31,3
70,19,-13,51,24,101,32,4
72,20,-13,50,23,101,34,6
73,20,-12,50,22,101,35,6
72,21,-12,49,22,101,37,8
72,22,-12,50,23,101,34,9
72,24,-11,50,24,99,34,12
73,26,-10,50,24,98,35,13
74,27,-10,50,23,97,39,14
74,28,-9,50,23,97,39,14
74,28,-9,50,25,97,37,15
73,29,-8,50,25,98,37,15
74,30,-8,50,25,99,39,17
75,32,-8,51,25,100,37,19
76,34,-7,51,24,100,40,20
76,34,-7,52,23,99,37,20
76,34,-7,52,22,99,37,20
76,34,-7,52,21,101,37,20
76,34,-7,51,22,101,37,20
76,33,-7,51,22,101,37,20
76,34,-7,52,21,101,37,20
75,35,-7,51,21,101,37,21
74,36,-7,52,20,101,36,23
73,38,-7,51,20,101,35,24
73,39,-7,51,21,101,35,25
73,38,-7,51,22,101,35,24
73,38,-7,52,22,101,35,24
75,36,-7,52,21,101,36,23
75,35,-7,51,21,101,37,21
75,35,-8,51,20,101,39,21
74,35,-9,50,20,101,39,21
73,34,-9,50,20,101,37,20
73,33,-10,49,20,101,37,19
74,31,-10,48,20,101,37,18
74,28,-11,48,20,101,37,15
73,26,-11,48,20,101,37,13
71,25,-10,48,20,101,35,13
70,25,-10,48,20,101,35,12
70,25,-10,48,20,101,35,12
71,23,-11,48,20,101,35,10
71,21,-11,48,20,101,35,8
70,19,-11,48,20,101,35,7
68,18,-11,48,20,101,34,6
68,18,-11,48,20,101,32,6
68,18,-11,48,20,101,34,6
69,17,-11,48,20,101,34,4
70,15,-11,48,20,101,35,3
70,13,-11,48,20,101,35,2
68,11,-11,48,20,101,34,0
67,11,-11,48,20,101,32,0
66,11,-11,48,20,101,31,0
66,11,-11,48,20,101,31,0
67,11,-11,48,20,101,31,0
67,11,-11,48,20,101,32,0
67,11,-11,48,20,101,31,0
66,11,-11,48,20,101,31,0
67,11,-11,48,20,101,31,0
67,11,-11,48,20,101,31,0
68,12,-11,48,20,101,32,1
68,12,-11,48,20,101,34,1
69,13,-11,48,20,101,34,1
70,13,-11,48,20,100,35,1
71,14,-11,48,20,99,35,2
70,15,-11,48,20,100,35,3
69,17,-11,48,20,101,34,4
68,18,-10,48,20,101,34,6
68,18,-10,48,20,100,34,6
69,19,-11,48,20,99,34,7
71,21,-11,48,20,99,35,8
71,23,-11,48,20,99,35,10
70,25,-10,48,20,100,35,12
70,25,-10,49,20,100,35,12
70,25,-10,49,20,100,35,12
72,25,-10,49,20,100,36,12
73,26,-10,49,20,101,37,13
74,27,-10,49,20,101,39,14
74,29,-10,49,20,100,37,15
73,29,-10,49,20,100,37,17
72,30,-9,50,20,99,36,17
72,30,-9,50,20,99,37,17
74,31,-8,50,20,100,37,18
75,33,-8,49,20,100,39,19
76,34,-8,48,20,100,40,20
76,34,-9,48,20,100,40,20
76,34,-9,49,20,100,40,20
76,34,-9,50,20,100,40,20
75,34,-10,50,20,100,40,20
75,33,-10,49,20,99,39,19
74,31,-10,48,20,98,37,18
74,28,-10,47,20,98,37,15
74,28,-10,47,20,100,39,14
73,28,-10,47,21,100,37,14
72,28,-10,48,21,100,37,15
72,28,-10,48,22,99,36,15
73,27,-10,47,21,99,37,14
73,26,-9,46,21,101,40,13
72,25,-8,45,20,101,39,13
70,25,-8,45,20,101,37,14
70,25,-7,44,20,101,36,14
70,25,-7,44,20,101,36,14
70,25,-8,45,20,101,37,14
71,24,-8,45,20,101,37,13
72,22,-8,45,20,101,39,12
72,21,-7,44,20,101,39,10
73,20,-7,44,20,101,40,10
72,20,-7,44,20,101,39,10
72,21,-7,44,20,101,39,10
72,21,-7,44,20,101,39,10
72,20,-7,44,20,101,39,10
72,20,-7,45,20,101,39,10
72,21,-7,45,20,101,39,10
72,21,-7,45,20,101,39,12
72,22,-7,44,20,101,39,12
72,21,-8,44,20,101,39,12
72,21,-7,45,20,101,39,10
72,20,-6,46,20,101,39,10
72,21,-5,47,20,101,39,10
71,23,-5,47,20,101,39,13
71,23,-6,46,20,101,39,13
72,22,-8,46,20,101,39,9
72,21,-9,46,20,101,39,9
72,22,-9,46,20,101,39,9
71,23,-9,46,20,101,37,10
71,23,-9,46,20,101,37,10
72,22,-8,46,20,101,39,9
72,21,-8,45,20,101,39,8
73,20,-7,44,20,101,40,10
72,20,-7,44,20,101,39,10
72,21,-8,45,20,101,39,10
72,21,-8,45,20,101,39,8
72,21,-9,46,20,101,39,8
72,21,-10,47,20,101,37,8
72,21,-10,47,20,101,37,8
73,20,-11,48,20,101,37,8
73,19,-11,48,20,101,37,7
73,19,-10,48,20,101,37,7
73,19,-10,47,20,101,37,7
73,20,-10,47,20,101,37,8
72,21,-10,47,20,101,37,8
72,21,-10,47,20,101,36,8
73,21,-9,46,20,101,40,8
73,20,-8,46,20,101,40,8
73,20,-8,46,20,101,40,8
72,21,-9,46,20,101,39,8
72,21,-9,46,20,101,39,9
71,24,-10,47,20,101,35,10
71,25,-9,47,20,101,36,13
73,27,-8,47,20,101,40,14
74,27,-6,46,20,101,41,17
75,28,-6,45,20,101,41,17
74,27,-6,46,20,101,41,17
74,26,-5,47,20,101,41,15
74,27,-4,48,20,101,41,17
75,29,-4,48,20,101,41,18
74,31,-4,48,20,101,40,20
73,32,-4,48,20,101,40,20
72,32,-4,48,20,101,39,20
72,31,-4,48,20,101,39,20
72,31,-4,48,20,101,39,20
72,31,-3,48,20,101,39,20
72,31,-3,49,20,101,39,20
72,30,-2,49,20,101,37,19
72,30,-3,49,20,101,39,19
72,30,-3,48,20,101,39,19
73,29,-4,48,20,101,40,19
73,28,-4,48,20,101,40,18
74,27,-4,48,20,101,41,17
74,27,-4,48,20,101,41,17
74,27,-4,48,20,101,41,17
74,27,-4,48,20,101,41,17
74,27,-4,48,20,101,41,17
74,27,-4,48,20,101,41,17
74,27,-4,48,20,101,41,17
74,27,-4,48,20,101,41,17
74,27,-4,48,20,101,41,17
74,27,-4,48,20,101,41,17
74,27,-4,48,20,101,41,17
74,27,-4,48,20,101,41,17
74,27,-4,48,20,101,41,17
74,27,-4,48,20,102,41,17
74,27,-4,48,20,104,41,17
74,27,-4,48,20,104,41,17
74,27,-4,48,20,103,41,17
74,27,-4,48,20,102,41,17
74,27,-4,48,20,101,41,17
74,27,-4,48,20,102,41,17
74,27,-4,48,20,104,41,17
74,27,-3,48,21,106,41,17
74,27,-4,48,21,107,40,17
74,27,-5,49,20,106,39,17
75,28,-6,50,20,104,40,15
77,29,-7,52,21,104,39,17
78,30,-7,52,21,103,40,17
77,29,-7,52,20,104,39,17
76,28,-8,50,19,103,40,15
74,27,-9,50,19,103,39,14
74,27,-10,49,19,102,37,14
74,27,-10,50,20,103,39,14
74,28,-10,49,20,104,39,15
74,27,-10,48,18,106,39,14
74,25,-11,48,17,106,39,12
73,22,-11,48,17,104,37,10
73,21,-11,49,17,103,37,8
72,20,-12,50,19,102,35,8
72,20,-12,50,21,102,34,6
71,18,-12,49,21,102,35,6
70,15,-11,49,21,103,35,3
70,11,-11,48,18,104,35,0
70,9,-12,49,17,104,35,-2
69,7,-12,50,17,105,32,-6
69,7,-12,50,18,105,31,-3
68,5,-11,49,20,104,34,-4
68,3,-11,48,21,104,32,-7
68,0,-13,48,21,104,34,-13
70,-2,-14,48,20,104,35,-14
70,-3,-14,48,20,103,35,-15
69,-4,-13,47,20,103,35,-17
67,-5,-12,47,21,105,32,-15
66,-5,-12,47,20,106,31,-15
66,-5,-13,46,20,106,31,-15
66,-5,-14,45,20,104,31,-18
66,-6,-15,45,20,102,31,-18
65,-6,-14,45,20,101,30,-18
64,-7,-14,45,20,101,30,-19
64,-7,-14,45,20,101,29,-19
64,-7,-14,45,20,101,29,-19
64,-7,-14,45,20,101,30,-19
64,-7,-14,45,20,101,29,-19
63,-5,-14,45,20,101,29,-18
62,-4,-14,45,20,101,28,-17
62,-2,-14,45,20,101,28,-14
62,-1,-14,45,20,101,28,-14
63,0,-14,45,20,101,29,-13
63,1,-13,46,22,101,29,-10
64,3,-13,46,23,101,29,-7
64,6,-13,46,24,101,30,-7
64,7,-13,46,23,101,29,-3
64,10,-12,47,24,101,29,-1
65,12,-11,48,25,101,30,1
66,14,-10,48,25,101,31,3
67,17,-10,48,25,101,32,6
68,20,-11,48,25,101,32,7
68,22,-11,49,25,101,32,9
69,23,-10,49,25,100,34,10
70,25,-7,50,25,97,35,12
71,26,-5,49,25,96,35,15
71,29,-3,48,25,96,37,19
72,33,-3,47,25,96,39,21
73,36,-4,48,25,96,40,25
74,38,-5,49,25,96,37,26
75,39,-6,50,25,97,39,25
75,41,-7,50,25,97,39,26
76,43,-6,51,25,98,40,29
77,46,-4,50,25,97,40,34
77,48,-2,50,25,97,41,36
77,50,0,51,25,97,41,40
77,51,-1,53,25,98,41,39
78,53,-2,54,25,97,39,40
79,53,-3,55,25,97,40,40
81,54,-4,55,25,96,42,41
83,54,-4,55,25,96,43,41
84,56,-3,55,25,96,45,43
84,57,-3,55,25,96,45,45
83,60,-3,55,25,96,45,46
83,61,-3,56,25,96,43,47
82,61,-2,56,24,96,43,47
84,61,-2,56,25,96,45,48
86,62,-2,56,27,96,46,48
87,63,-1,57,28,96,47,50
87,63,0,57,28,96,47,50
87,63,-1,57,26,96,47,50
86,63,-1,57,25,96,47,50
87,63,-1,57,26,96,47,50
87,62,0,58,26,96,47,48
88,62,-1,57,26,96,48,48
88,61,-2,56,25,96,48,47
87,59,-3,55,26,96,47,46
86,57,-4,54,28,96,47,45
85,57,-4,55,28,96,46,43
85,56,-3,55,26,96,46,43
86,55,-3,55,25,96,46,42
86,53,-3,55,25,96,46,40
85,51,-4,55,26,96,46,39
83,49,-3,55,26,96,45,37
83,47,-3,55,26,96,43,35
82,45,-3,54,26,96,43,34
82,44,-3,52,28,96,45,31
82,43,-5,51,29,96,45,31
81,41,-7,52,29,96,42,28
81,38,-8,52,28,96,42,24
79,36,-7,52,27,96,40,23
77,35,-6,50,26,96,41,24
76,34,-5,49,26,96,40,23
76,32,-5,49,26,96,40,21
76,30,-6,50,25,96,41,17
75,28,-7,52,25,96,37,15
75,27,-7,51,25,96,39,14
74,27,-5,49,25,96,39,17
73,25,-4,47,25,96,40,14
73,23,-4,48,25,96,40,13
73,21,-5,49,25,97,37,10
72,20,-6,50,25,98,37,8
72,20,-7,50,25,97,37,8
72,21,-7,49,25,97,37,8
73,21,-8,49,25,96,37,8
73,21,-9,49,25,96,37,8
72,20,-9,50,25,96,37,8
71,20,-9,50,25,96,36,8
69,19,-8,51,25,98,32,7
68,18,-7,51,25,100,34,6
68,18,-8,50,25,101,34,6
68,18,-9,50,25,100,34,6
68,18,-10,49,25,99,34,6
67,17,-10,49,25,97,32,6
65,17,-10,49,25,97,30,4
65,15,-9,50,25,98,30,3
65,14,-10,49,25,99,30,2
66,12,-10,49,25,100,31,1
67,11,-10,48,25,100,31,0
67,11,-11,48,25,99,32,0
67,11,-11,48,25,99,32,0
66,11,-11,48,25,99,31,0
66,11,-10,48,25,100,31,0
67,11,-10,48,25,100,31,0
67,10,-11,48,25,100,32,-1
68,8,-11,48,25,100,34,-2
69,7,-11,48,25,99,34,-3
69,7,-11,48,25,99,35,-3
69,7,-11,48,25,98,34,-3
69,7,-11,48,25,97,34,-3
69,7,-11,48,25,97,34,-3
69,7,-10,48,25,98,34,-3
69,7,-10,48,25,98,35,-3
69,7,-11,49,25,98,35,-3
69,7,-11,48,25,97,35,-3
69,7,-11,48,25,97,34,-3
69,7,-10,47,25,96,34,-3
69,7,-8,48,25,96,35,-3
70,9,-7,50,25,96,35,-1
70,11,-7,51,25,96,35,0
71,13,-8,51,25,96,34,2
71,14,-8,50,25,96,36,3
71,16,-7,50,25,96,36,3
72,18,-6,49,25,96,36,8
72,20,-5,50,25,96,37,10
73,23,-6,50,25,96,37,13
74,25,-6,51,25,96,39,12
74,27,-7,51,25,96,37,14
73,29,-7,50,25,96,37,15
74,31,-6,50,25,96,39,20
75,33,-5,52,25,96,39,21
75,35,-4,54,25,96,36,24
74,37,-5,54,25,96,36,25
74,38,-6,53,25,96,36,24
75,39,-7,52,25,96,36,25
76,40,-7,51,25,97,40,26
78,40,-7,51,25,97,39,26
78,41,-7,52,25,98,40,26
78,40,-7,52,25,97,39,26
78,40,-7,52,25,97,39,26
77,41,-7,51,25,97,41,26
77,41,-6,50,25,98,41,29
78,41,-6,50,25,97,42,26
78,39,-7,51,25,97,42,25
78,37,-7,51,25,97,42,24
77,35,-6,51,25,99,41,21
76,33,-5,49,25,101,40,23
77,32,-4,48,25,101,42,21
78,31,-4,47,25,101,43,20
78,30,-5,47,25,101,45,19
77,28,-5,47,25,101,43,18
76,26,-6,46,25,101,42,15
76,24,-6,46,25,101,42,14
76,23,-6,46,25,101,42,13
77,23,-5,46,25,101,43,13
77,23,-4,48,25,101,43,13
75,22,-4,48,25,101,42,12
75,20,-4,48,24,101,41,10
74,17,-4,48,23,101,41,8
75,16,-4,47,23,101,41,7
74,17,-4,48,25,101,41,8
73,19,-5,49,26,101,37,9
72,21,-6,50,25,101,37,8
72,20,-7,51,23,101,35,8
73,20,-7,52,21,101,35,8
74,21,-7,52,20,101,36,9
75,24,-7,52,21,101,36,10
75,26,-7,52,23,101,37,13
75,26,-7,51,25,101,37,13
75,26,-7,51,26,101,37,13
76,26,-7,52,25,101,39,13
77,28,-6,52,23,101,39,15
77,31,-4,54,23,101,39,20
77,33,-3,55,23,101,39,21
77,35,-3,55,25,101,39,23
78,37,-3,55,26,101,39,25
78,39,-3,55,25,101,40,28
79,41,-3,55,23,101,41,30
79,44,-3,55,22,101,41,32
80,46,-3,55,21,101,41,34
79,47,-3,55,22,101,41,35
80,47,-3,55,23,101,41,35
80,48,-3,55,24,101,41,36
80,50,-3,55,25,101,41,37
80,51,-3,55,24,101,41,39
80,53,-3,55,23,101,41,40
80,54,-3,55,23,101,41,41
81,54,-3,55,23,101,42,41
81,54,-3,55,23,101,42,41
81,54,-3,55,24,101,42,41
81,54,-3,55,25,101,42,41
82,52,-3,55,25,101,42,40
81,50,-3,55,24,101,42,37
80,48,-3,55,23,101,41,36
79,47,-3,55,24,101,41,35
80,46,-3,55,25,100,41,34
80,44,-5,54,25,101,41,32
80,43,-6,53,24,103,41,29
80,40,-6,52,22,104,41,26
79,38,-6,53,22,104,41,24
79,35,-7,52,23,103,41,21
79,31,-7,52,25,103,41,18
78,28,-7,52,26,104,40,15
77,25,-7,51,25,105,39,12
75,22,-8,51,25,106,37,9
75,20,-10,50,25,106,36,7
74,18,-12,50,25,106,36,6
74,16,-12,49,25,105,39,4
73,13,-12,50,25,104,35,0
72,10,-13,51,24,102,35,-2
71,7,-14,52,23,101,34,-6
70,3,-14,52,24,102,32,-9
69,1,-14,52,25,104,31,-10
67,0,-14,52,25,104,30,-12
66,0,-14,52,25,103,29,-13
65,-2,-15,51,25,101,29,-14
65,-4,-15,50,25,101,29,-17
66,-5,-16,50,25,101,29,-18
66,-6,-17,50,25,101,29,-18
66,-5,-18,49,25,101,29,-18
66,-5,-18,48,25,101,29,-20
66,-6,-18,48,25,101,29,-20
66,-6,-18,49,25,101,29,-20
66,-5,-19,49,25,101,29,-20
65,-4,-19,50,25,101,29,-19
64,-3,-18,50,25,101,28,-18
63,-2,-15,51,25,101,26,-14
63,-1,-15,53,25,101,24,-14
64,0,-15,54,25,101,25,-12
65,2,-16,54,25,101,26,-12
65,4,-16,54,25,101,25,-10
64,6,-15,53,25,101,25,-7
65,8,-14,52,25,101,28,-4
66,10,-14,51,25,101,29,-2
67,13,-14,52,25,101,30,0
68,16,-13,53,25,99,31,2
68,19,-11,54,25,99,29,4
68,22,-10,55,26,99,29,7
69,24,-10,55,27,100,29,9
70,27,-10,55,26,100,30,12
72,29,-10,55,26,100,31,14
72,31,-11,55,26,99,31,15
72,34,-10,55,27,99,32,18
72,36,-9,56,27,99,32,21
73,38,-8,57,26,97,32,24
75,39,-7,58,24,96,35,25
75,41,-6,59,24,96,35,28
76,43,-7,58,25,96,35,29
75,45,-7,58,26,96,35,30
75,45,-7,58,28,96,34,30
75,45,-7,58,29,96,35,30
75,45,-7,58,30,95,35,30
75,45,-7,58,30,95,35,30
75,45,-7,58,30,96,35,30
74,44,-7,58,29,96,34,30
72,43,-7,58,28,96,31,29
72,41,-7,58,28,96,31,26
72,39,-7,58,28,96,32,25
73,38,-6,59,29,96,32,24
74,38,-7,58,28,96,34,24
74,37,-8,57,26,96,34,23
74,34,-9,56,26,96,34,20
73,32,-10,55,28,96,34,17
73,30,-11,55,30,96,32,15
72,29,-10,55,30,96,32,14
72,28,-10,55,28,96,31,13
71,26,-10,55,28,96,31,12
70,25,-10,55,28,96,30,9
70,24,-10,55,29,96,30,9
70,25,-10,55,30,96,30,9
70,25,-10,55,30,96,30,9
70,25,-10,55,29,96,30,9
70,25,-10,55,29,96,30,9
70,25,-10,55,29,96,30,9
70,25,-10,55,30,96,30,9
70,25,-10,55,29,96,30,9
70,25,-10,55,29,96,30,9
70,25,-10,55,29,96,30,9
69,24,-10,55,30,96,30,8
68,24,-10,56,30,96,29,8
66,25,-11,56,29,96,26,9
65,26,-12,56,28,96,25,10
65,27,-12,55,28,96,25,12
66,28,-12,54,28,96,26,13
67,29,-12,55,29,95,28,13
67,30,-12,56,29,96,28,14
66,32,-11,56,29,98,26,15
65,33,-10,56,28,99,25,17
65,33,-10,55,28,99,25,18
65,33,-10,55,28,97,25,18
65,33,-10,55,27,96,25,18
65,33,-10,55,27,97,25,17
65,33,-10,55,27,97,25,17
65,33,-10,55,26,97,25,18
65,33,-10,55,25,96,25,18
65,33,-10,55,25,96,25,18
65,33,-10,55,25,96,25,17
65,32,-10,55,25,97,26,17
66,31,-10,55,25,97,26,15
66,30,-10,55,25,97,26,14
67,30,-10,55,25,97,28,14
67,29,-10,55,25,97,28,14
68,28,-10,55,25,97,28,13
68,27,-10,55,25,98,29,12
69,26,-11,56,25,98,29,10
70,25,-12,57,25,98,30,9
70,24,-12,57,25,97,30,9
70,25,-12,57,25,97,30,9
70,25,-11,56,25,98,30,9
70,25,-10,55,25,100,30,9
70,25,-10,55,25,101,30,9
70,25,-10,55,25,101,30,12
70,25,-10,55,25,100,30,9
70,25,-10,55,25,97,30,9
72,25,-11,56,25,96,31,9
73,27,-12,57,25,96,32,12
73,29,-12,58,25,96,31,13
73,30,-10,58,25,96,31,14
72,31,-9,58,25,98,31,15
71,32,-7,58,25,100,31,18
71,33,-7,58,25,101,30,19
72,35,-7,58,25,101,31,21
72,37,-7,57,25,101,32,23
73,38,-8,57,25,101,32,24
72,39,-9,59,25,100,30,23
72,41,-10,61,25,99,30,24
72,43,-9,61,25,99,30,26
73,46,-7,60,25,100,30,31
73,48,-6,60,25,100,30,34
72,49,-6,61,25,99,30,34
73,49,-7,62,25,99,30,34
74,50,-7,63,25,100,31,35
75,52,-6,62,24,101,32,37
75,54,-6,62,22,101,32,39
74,56,-6,62,22,100,31,40
74,56,-6,63,23,99,31,41
76,56,-6,64,24,99,32,41
77,57,-5,65,23,101,31,41
77,57,-6,65,21,101,31,42
76,58,-7,66,21,101,31,41
76,59,-7,66,21,101,31,41
77,59,-7,65,22,101,31,41
78,59,-5,64,21,101,35,43
79,58,-4,63,21,101,35,42
78,58,-4,63,20,101,35,42
77,57,-5,64,20,101,34,42
75,56,-6,64,20,101,30,41
75,55,-6,63,20,101,32,40
75,54,-7,61,20,101,32,39
75,53,-9,61,20,101,32,35
76,52,-10,61,20,101,34,35
77,52,-9,61,20,101,34,35
76,51,-8,60,20,101,34,36
75,50,-7,58,20,101,35,35
75,49,-6,58,20,101,34,34
75,46,-8,60,20,101,31,31
75,44,-9,61,20,101,32,28
74,43,-10,62,20,101,31,26
72,43,-12,61,20,102,29,26
71,43,-12,61,20,103,29,26
71,42,-11,61,20,104,29,25
72,41,-10,62,20,104,29,24
73,39,-10,62,20,104,30,23
72,37,-11,61,20,103,30,21
71,36,-11,61,20,102,29,20
69,35,-11,61,20,103,28,19
69,36,-12,61,21,104,26,19
69,36,-13,60,20,105,28,19
69,36,-13,59,20,106,28,20
69,36,-13,60,20,106,28,19
69,36,-13,61,21,106,28,20
69,36,-14,61,21,106,25,17
69,36,-14,60,20,106,28,18
69,36,-14,59,19,106,28,19
69,35,-14,59,17,106,28,17
69,35,-14,60,16,106,28,17
69,35,-15,61,15,106,25,17
69,36,-14,61,15,106,28,18
69,36,-13,61,16,106,28,20
69,35,-13,60,16,106,28,19
70,34,-13,59,16,106,28,18
71,33,-14,59,15,106,29,18
71,32,-14,59,15,106,29,17
72,33,-14,59,15,106,29,17
71,32,-14,59,15,106,29,17
70,31,-14,59,15,106,28,15
69,29,-14,59,15,105,28,14
68,28,-14,59,16,104,26,12
69,25,-14,59,15,105,28,10
69,24,-14,58,15,106,26,9
68,23,-14,59,15,106,26,8
66,22,-14,60,16,106,24,4
65,20,-16,61,16,106,21,3
65,17,-17,60,15,106,21,1
65,14,-18,59,14,106,24,-1
66,12,-20,58,14,106,24,-6
65,10,-21,59,14,106,21,-7
64,10,-21,59,15,106,20,-8
63,8,-20,58,16,106,23,-9
63,5,-19,58,16,106,21,-9
62,1,-19,58,15,106,21,-13
62,-1,-20,59,15,106,19,-18
61,-3,-21,59,15,106,19,-20
61,-3,-21,59,16,106,18,-20
60,-3,-21,59,15,106,18,-20
60,-3,-20,59,15,106,17,-20
59,-4,-21,59,15,106,17,-21
59,-4,-21,58,16,106,17,-21
59,-3,-22,58,15,106,17,-20
59,-3,-22,59,15,106,17,-20
59,-3,-22,60,15,106,17,-20
59,-4,-21,60,16,106,17,-21
59,-4,-22,61,16,106,17,-21
59,-3,-23,61,15,107,17,-20
60,-2,-24,63,14,107,15,-21
60,0,-24,63,14,106,15,-19
60,2,-24,63,14,105,15,-17
60,4,-24,63,15,105,15,-15
60,6,-24,62,14,105,15,-14
61,7,-25,62,14,104,15,-12
62,9,-25,61,14,104,17,-10
64,11,-25,62,15,103,18,-9
64,13,-25,62,16,103,18,-7
64,15,-25,62,16,102,18,-6
64,17,-25,61,14,102,18,-3
64,20,-26,61,12,101,18,-1
65,21,-27,60,12,101,19,0
65,22,-28,61,14,101,19,1
66,22,-30,62,16,101,20,-1
67,24,-31,63,16,101,18,0
67,26,-31,63,14,101,19,2
68,28,-31,63,12,101,19,4
68,29,-30,63,10,101,19,4
68,29,-30,63,10,102,19,4
68,28,-32,64,10,101,19,4
68,28,-34,65,10,101,19,2
68,28,-36,64,10,101,19,2
68,29,-38,64,10,101,17,2
67,29,-38,64,10,101,19,2
67,29,-38,63,10,102,19,2
67,29,-38,62,10,102,19,2
67,29,-40,62,10,101,19,2
68,28,-43,61,10,101,19,0
68,29,-45,61,10,100,18,0
67,29,-47,61,9,99,17,-2
67,29,-48,61,8,98,17,-2
67,29,-48,61,7,97,17,-2
68,28,-50,61,7,97,18,-2
68,28,-53,61,6,97,18,-4
68,27,-56,60,5,97,18,-6
67,27,-58,59,5,97,17,-8
65,27,-59,57,5,97,14,-8
63,27,-60,57,6,97,13,-8
63,27,-61,55,6,97,13,-8
63,26,-64,54,5,95,13,-8
64,25,-66,53,4,94,14,-12
65,24,-69,52,2,94,15,-13
66,22,-71,51,0,94,15,-17
65,21,-74,51,0,94,15,-18
63,20,-75,49,0,93,13,-18
61,20,-77,48,0,93,14,-19
61,20,-79,46,0,92,14,-21
62,20,-81,44,0,91,14,-21
62,20,-83,42,0,89,17,-21
60,19,-84,41,0,88,15,-21
59,18,-86,39,0,87,14,-23
58,16,-88,38,0,87,13,-26
59,14,-90,36,-1,86,14,-29
60,13,-92,34,-3,84,18,-29
61,13,-93,33,-4,83,18,-30
60,13,-94,31,-5,83,18,-30
58,12,-94,29,-4,83,18,-30
57,11,-95,27,-4,83,17,-31
56,11,-96,26,-4,82,15,-31
55,10,-96,26,-6,80,15,-32
55,8,-96,26,-8,79,15,-34
55,6,-97,28,-9,78,15,-39
54,3,-98,28,-10,77,14,-40
54,3,-99,28,-10,75,14,-41
54,4,-100,27,-10,74,14,-40
54,4,-101,27,-9,73,14,-40
53,3,-100,27,-10,73,13,-41
52,0,-99,28,-11,73,13,-43
51,-1,-98,28,-13,72,9,-45
52,-2,-99,29,-15,71,10,-46
53,-2,-101,31,-16,70,12,-48
53,-3,-103,33,-16,69,9,-50
53,-6,-104,35,-17,69,7,-52
52,-7,-104,36,-18,69,6,-56
51,-9,-105,36,-19,69,6,-57
51,-10,-107,36,-19,69,6,-58
51,-13,-110,36,-20,69,6,-63
50,-14,-112,37,-21,70,3,-64
50,-15,-114,39,-23,71,0,-67
49,-15,-117,40,-25,72,0,-68
48,-16,-121,40,-26,73,-1,-70
46,-19,-126,38,-28,74,-4,-75
44,-22,-132,36,-29,74,-7,-80
43,-25,-137,34,-31,75,-8,-83
42,-26,-140,32,-33,77,-6,-86
41,-26,-144,29,-35,79,-7,-89
38,-28,-149,25,-37,80,-9,-90
34,-29,-156,21,-40,80,-10,-93
30,-31,-164,15,-43,81,-12,-97
27,-32,-172,9,-45,82,-15,-101
24,-33,-179,2,-47,84,-15,-104
20,-34,-185,-5,-48,86,-14,-107
15,-35,-191,-13,-50,86,-17,-107
10,-35,-198,-21,-52,86,-19,-111
6,-36,-205,-29,-54,86,-19,-113
3,-36,-212,-38,-57,86,-19,-115
0,-35,-219,-48,-59,86,-18,-114
-3,-35,-226,-57,-62,87,-15,-117
-7,-34,-233,-67,-64,86,-18,-115
-11,-33,-239,-76,-66,85,-18,-118
-16,-32,-245,-85,-69,83,-17,-119
-21,-31,-250,-92,-72,83,-19,-118
-24,-31,-254,-99,-74,82,-20,-118
-26,-31,-257,-106,-76,81,-18,-117
-27,-30,-260,-111,-78,78,-17,-119
-29,-28,-261,-116,-79,75,-15,-117
-32,-26,-262,-119,-82,72,-17,-113
-36,-25,-262,-123,-85,68,-19,-112
-37,-23,-261,-125,-87,64,-18,-111
-36,-22,-258,-126,-89,60,-15,-107
-34,-21,-255,-126,-90,56,-13,-106
-32,-19,-249,-124,-91,52,-12,-102
-30,-17,-242,-122,-93,46,-10,-97
-29,-13,-234,-119,-94,41,-9,-90
-27,-10,-225,-114,-96,36,-8,-85
-25,-8,-215,-108,-97,32,-8,-81
-21,-8,-205,-102,-99,27,-4,-76
-17,-8,-194,-96,-101,21,-3,-74
-12,-7,-182,-89,-102,16,1,-69
-7,-6,-168,-81,-102,11,3,-63
-2,-4,-153,-71,-102,6,4,-57
1,-2,-137,-60,-102,1,7,-48
7,-1,-120,-49,-102,-3,9,-43
12,-1,-103,-38,-103,-7,12,-39
18,-2,-86,-27,-103,-13,14,-32
24,-3,-68,-16,-103,-18,18,-29
31,-4,-50,-5,-104,-22,21,-23
37,-4,-30,6,-104,-26,23,-17
43,-4,-10,19,-104,-29,25,-10
48,-5,9,32,-104,-32,29,-3
54,-7,30,43,-104,-35,31,0
59,-9,51,54,-105,-37,34,4
64,-12,72,65,-105,-38,39,9
69,-15,92,76,-105,-40,41,13
76,-18,111,86,-103,-43,45,17
82,-22,130,98,-102,-46,47,19
88,-26,150,109,-101,-46,51,23
93,-29,170,120,-100,-45,53,28
98,-32,190,131,-100,-44,57,29
103,-36,208,141,-99,-43,59,32
108,-41,225,150,-97,-43,62,34
113,-45,242,158,-95,-42,67,35
117,-49,257,165,-95,-41,70,37
121,-52,271,172,-93,-39,72,40
124,-56,285,179,-92,-36,75,41
128,-58,297,187,-90,-34,75,43
131,-60,309,194,-88,-32,79,43
133,-60,318,200,-86,-30,78,48
135,-61,327,204,-85,-27,80,50
137,-60,333,206,-83,-24,81,53
138,-59,338,207,-79,-19,83,56
140,-58,342,207,-76,-16,84,57
140,-56,345,207,-72,-12,86,61
140,-54,346,206,-70,-10,86,63
139,-51,345,205,-67,-7,85,65
138,-47,342,203,-65,-4,87,69
137,-42,338,199,-62,0,86,72
136,-38,331,193,-60,3,87,73
134,-32,324,186,-57,8,87,78
130,-27,316,179,-52,11,86,78
126,-21,306,172,-47,14,85,81
122,-14,295,165,-44,18,80,86
119,-5,283,156,-42,22,80,89
116,3,270,147,-40,25,81,93
112,11,256,136,-37,27,80,96
107,20,241,126,-32,28,78,100
102,28,227,117,-28,31,76,102
98,37,212,109,-25,33,72,107
94,47,197,101,-23,35,70,111
91,55,182,93,-21,36,68,112
88,62,168,85,-17,36,67,114
85,69,153,77,-13,38,64,115
82,77,138,71,-10,39,62,118
79,85,123,66,-8,40,59,119
77,92,109,62,-6,39,57,120
76,97,96,60,-4,39,54,120
75,101,84,58,0,39,53,119
76,104,74,57,2,39,52,118
76,106,65,58,5,39,50,115
77,108,56,60,7,39,48,115
78,109,49,61,9,38,45,112
80,110,42,63,10,37,45,111
81,111,37,66,10,35,42,108
82,110,34,70,11,33,41,106
83,108,31,75,13,33,37,102
84,106,29,81,14,33,37,97
86,102,28,86,16,33,35,93
89,99,27,91,17,33,35,89
93,95,28,97,16,33,36,85
97,91,29,103,16,33,35,81
99,88,33,108,16,33,36,79
100,85,36,113,16,33,35,75
101,81,38,117,16,32,35,73
101,77,41,121,16,33,32,72
103,74,44,125,16,35,32,68
105,71,47,129,16,36,35,65
107,67,51,131,16,37,34,64
108,64,55,133,16,38,35,63
107,61,58,133,16,39,36,61
107,58,61,134,17,41,36,61
107,57,64,134,17,42,36,59
108,55,67,134,17,43,37,59
110,54,69,133,15,44,41,59
110,54,72,131,14,48,41,61
108,53,73,130,12,51,41,61
106,53,74,127,12,53,42,61
104,54,75,125,12,54,41,63
104,54,76,121,13,56,42,63
103,54,77,118,13,59,43,65
102,54,78,114,13,61,45,65
99,55,77,110,13,63,45,67
96,56,76,105,13,64,43,68
93,57,73,100,13,66,43,69
91,59,70,96,13,68,45,70
91,59,67,93,14,71,43,68
90,60,65,89,14,72,45,69
88,60,63,85,14,74,46,69
86,61,60,80,14,75,46,69
84,61,57,77,14,77,43,70
83,61,54,75,14,79,46,68
83,61,51,73,15,80,45,67
82,60,48,70,18,81,45,64
80,59,44,66,19,82,45,63
78,57,41,63,20,83,43,62
76,57,38,61,19,85,43,59
75,57,35,60,19,86,43,59
75,56,32,59,19,86,41,57
75,55,28,57,19,87,41,53
76,53,25,56,20,88,43,51
75,50,23,56,20,90,41,50
75,49,21,56,20,91,41,45
74,46,19,56,20,92,40,42
73,44,17,55,19,91,40,41
73,42,15,53,20,91,40,36
73,40,13,52,21,92,40,35
73,38,10,53,23,93,40,32
73,36,9,54,25,94,37,29
72,33,8,56,25,95,36,26
72,32,7,57,25,96,36,25
72,31,5,57,25,96,34,23
71,29,3,55,25,96,36,20
70,27,1,56,25,96,32,18
70,25,0,57,25,96,32,14
70,24,0,58,24,96,32,14
71,25,0,58,25,96,31,14
70,25,0,58,26,96,30,14
68,24,0,58,28,96,31,13
67,23,0,58,29,96,30,13
67,23,0,58,30,95,30,13
68,24,0,58,30,96,29,13
70,25,-1,59,29,96,30,14
71,25,-2,61,29,96,31,14
70,24,-3,61,29,96,29,12
70,25,-3,62,30,96,28,12
69,26,-3,62,29,96,28,13
68,28,-3,61,30,96,26,14
68,28,-3,61,30,97,25,15
68,29,-3,61,30,97,25,17
68,29,-3,62,30,98,25,15
68,29,-3,62,30,97,26,15
68,28,-3,62,30,97,25,15
67,29,-3,61,30,97,25,15
67,30,-3,61,30,98,25,17
67,32,-3,62,30,98,25,19
67,34,-4,63,30,97,25,20
67,35,-5,63,29,96,25,21
68,35,-5,63,29,95,26,21
69,35,-5,64,29,96,26,21
69,36,-5,64,30,97,28,21
69,36,-6,64,30,99,25,21
69,36,-5,64,30,101,26,21
69,35,-4,63,30,101,26,21
70,34,-3,62,30,101,28,20
72,33,-4,62,30,101,29,19
72,31,-5,64,30,101,28,18
70,30,-7,66,30,101,26,14
69,30,-7,66,30,101,25,14
69,29,-7,64,30,101,25,17
69,28,-7,60,30,101,28,15
69,28,-6,58,30,101,30,14
69,27,-7,58,30,101,30,14
69,25,-8,59,30,101,28,13
70,25,-9,61,30,101,28,10
70,25,-10,62,30,101,26,9
70,22,-10,62,30,101,25,8
68,20,-10,62,30,101,26,4
67,18,-10,62,30,101,25,3
67,16,-10,62,30,101,25,2
66,16,-10,62,30,101,24,2
65,16,-10,62,30,101,21,2
65,16,-11,61,30,101,23,1
64,15,-13,59,30,101,23,1
64,15,-14,59,30,101,23,1
64,16,-14,59,30,101,23,1
64,16,-13,60,30,101,23,1
64,16,-12,60,30,101,23,1
64,15,-12,60,30,101,23,1
64,15,-13,59,30,101,23,1
64,15,-14,59,30,101,23,1
64,15,-14,59,30,101,23,1
64,15,-14,59,30,101,23,1
64,15,-14,59,30,101,23,1
64,16,-14,59,30,101,23,1
64,17,-14,59,30,101,23,2
62,18,-14,58,30,101,21,4
62,19,-14,59,30,101,20,4
61,20,-12,60,30,99,20,4
62,20,-11,61,30,97,20,4
63,20,-10,62,29,96,21,6
64,21,-11,61,29,95,23,6
65,21,-11,61,29,96,24,7
64,21,-11,61,30,96,23,7
65,21,-11,62,30,96,20,7
65,21,-11,63,29,96,21,7
66,22,-11,64,29,96,23,7
67,22,-11,63,30,96,23,7
66,22,-10,62,30,97,21,7
64,22,-10,62,31,97,23,7
63,20,-10,62,32,97,21,6
63,18,-10,62,32,96,21,3
64,17,-10,62,30,97,20,2
64,16,-10,62,29,97,23,1
63,14,-10,62,29,97,21,0
62,12,-11,61,30,96,21,-1
62,10,-13,61,32,97,20,-3
62,9,-15,60,32,97,21,-6
63,8,-15,60,31,97,21,-7
62,7,-15,60,30,96,21,-8
62,4,-15,60,30,95,20,-10
61,2,-14,60,31,95,20,-12
60,1,-14,59,33,95,19,-12
59,0,-14,59,34,96,18,-13
58,-2,-14,59,34,96,18,-15
58,-4,-14,59,33,95,18,-17
56,-6,-14,59,33,95,15,-18
55,-6,-14,59,33,95,15,-19
55,-6,-14,59,33,95,14,-19
55,-6,-14,59,33,95,14,-19
55,-6,-14,58,33,95,15,-19
55,-6,-14,58,33,95,15,-20
55,-6,-15,57,33,95,14,-21
54,-6,-14,58,33,95,14,-21
55,-6,-14,58,33,95,15,-19
57,-6,-14,59,33,95,17,-18
58,-5,-14,59,34,95,18,-18
58,-3,-14,59,35,95,18,-15
57,-1,-14,59,35,95,17,-14
56,1,-14,59,34,95,15,-12
56,3,-14,59,34,96,15,-9
57,5,-14,59,34,96,17,-7
59,7,-13,60,35,95,19,-6
61,9,-12,60,34,94,19,-3
61,11,-11,61,34,93,20,-2
61,14,-11,61,34,93,20,0
62,16,-10,62,34,92,21,2
63,19,-10,62,34,91,19,4
65,22,-11,63,34,90,20,7
65,26,-11,63,34,90,21,10
66,28,-10,64,34,90,23,13
68,31,-9,66,34,91,24,15
69,33,-8,67,34,91,25,18
70,36,-8,67,34,90,26,20
71,39,-8,68,34,90,24,23
72,41,-8,67,34,90,25,24
72,43,-8,67,34,90,28,26
74,44,-7,66,34,90,29,28
74,46,-7,65,34,90,29,29
74,47,-7,65,35,90,29,30
73,49,-7,65,36,90,28,31
72,49,-6,66,36,90,28,32
72,49,-5,67,36,90,28,34
72,49,-5,67,35,90,28,34
74,47,-6,66,34,90,29,32
75,46,-6,65,34,90,30,31
75,45,-5,66,35,90,30,30
74,43,-4,67,36,90,29,29
73,42,-4,68,36,90,29,28
73,39,-5,67,36,90,28,25
73,38,-6,65,36,90,28,24
72,37,-7,65,36,90,28,21
72,35,-7,65,35,90,28,19
71,33,-6,65,34,91,26,19
71,29,-6,65,34,92,26,17
71,26,-7,65,36,92,26,12
70,25,-6,65,37,92,25,12
69,24,-6,65,37,91,25,10
67,23,-7,65,36,90,23,8
66,22,-7,64,35,90,23,7
65,20,-9,63,35,90,21,6
65,17,-10,62,36,90,21,3
64,16,-10,62,36,90,23,1
64,15,-10,62,36,90,23,1
63,15,-10,62,34,90,21,1
62,14,-10,62,34,90,21,1
62,14,-11,63,35,90,19,0
61,14,-13,65,37,90,18,-2
61,13,-14,66,39,90,15,-3
61,13,-14,66,40,90,15,-3
62,14,-12,64,39,90,19,0
61,16,-11,63,37,90,18,1
61,17,-11,63,36,90,18,3
60,18,-13,65,36,90,17,2
60,19,-13,65,37,90,15,2
61,20,-13,65,39,90,18,3
62,21,-11,63,39,90,19,7
63,24,-10,62,39,90,21,9
64,26,-10,61,39,90,23,10
63,27,-10,62,39,90,21,12
63,28,-11,63,39,90,19,13
63,30,-12,64,39,90,19,12
63,32,-13,65,39,90,19,14
65,33,-13,65,37,90,21,15
67,34,-12,64,37,90,23,15
68,35,-12,64,38,90,24,17
68,37,-13,65,39,90,24,18
69,39,-12,65,39,90,25,20
70,41,-12,64,38,90,25,25
71,42,-11,64,37,90,26,25
71,42,-11,63,36,90,26,25
70,43,-11,63,37,90,26,26
70,46,-11,63,38,90,25,29
72,48,-9,63,39,90,26,31
72,49,-7,64,39,90,28,32
72,49,-7,65,38,90,28,32
72,50,-6,65,37,90,28,35
71,52,-7,65,37,90,26,34
71,54,-7,65,37,90,26,36
72,55,-7,65,36,90,28,37
74,56,-6,65,36,90,29,40
76,56,-6,65,36,90,31,41
77,57,-7,65,35,90,31,40
77,59,-7,65,35,91,31,41
77,61,-6,65,34,91,31,45
76,62,-6,66,34,90,31,46
77,63,-5,67,34,90,31,47
78,65,-4,67,34,91,32,50
78,68,-3,68,35,92,32,51
79,69,-3,68,34,94,32,52
78,70,-3,68,34,95,32,53
78,71,-3,69,34,96,32,54
78,73,-3,68,34,96,32,57
78,75,-3,68,34,95,32,58
79,76,-3,68,34,95,32,59
79,76,-3,68,34,95,34,58
79,75,-3,69,34,95,34,58
80,75,-4,69,34,95,31,58
81,76,-4,70,34,95,32,59
81,77,-3,70,34,95,32,59
79,78,-2,70,34,95,31,61
78,79,-1,70,35,95,32,62
77,79,-2,69,34,95,31,61
78,77,-2,69,34,95,32,59
79,76,-3,68,35,95,34,58
80,75,-3,68,35,96,34,58
79,76,-3,68,35,96,34,58
78,75,-3,69,34,95,32,58
77,73,-3,68,33,95,31,56
77,70,-3,68,33,95,31,53
78,68,-2,68,33,96,32,51
78,65,-3,69,33,97,32,50
77,63,-4,69,33,98,29,47
75,61,-6,70,32,99,28,42
75,57,-9,70,31,99,28,40
75,55,-10,69,30,99,28,37
75,51,-10,69,30,99,28,34
74,48,-10,69,30,99,28,31
74,45,-10,69,30,100,26,29
72,42,-10,68,30,101,25,25
71,38,-12,67,30,101,24,20
70,35,-13,65,30,101,23,17
68,31,-13,65,30,101,23,13
68,28,-13,66,30,101,21,10
68,25,-13,66,30,101,21,7
67,23,-14,65,30,101,21,6
66,20,-16,63,30,101,23,3
64,18,-17,62,30,101,20,1
63,15,-17,62,30,101,19,-1
62,12,-17,62,30,101,19,-3
62,10,-17,62,30,101,19,-6
62,9,-17,62,30,101,19,-7
61,8,-17,62,30,101,18,-7
60,7,-17,62,30,101,17,-8
58,7,-17,62,30,100,15,-8
58,6,-17,62,30,101,15,-9
58,6,-17,62,30,101,15,-9
58,6,-17,62,30,101,15,-9
58,6,-17,62,30,100,15,-9
59,6,-17,62,30,100,15,-9
59,7,-17,62,30,101,17,-8
60,7,-17,62,29,101,17,-8
60,9,-17,62,28,101,17,-7
60,11,-16,63,27,101,17,-4
61,14,-15,64,28,101,18,-2
62,16,-15,64,29,101,19,0
63,18,-14,65,30,100,17,1
63,21,-13,65,30,101,18,3
64,23,-13,66,28,101,18,6
64,25,-13,66,28,101,18,7
65,28,-13,66,28,101,19,9
65,30,-13,65,29,101,19,12
65,32,-13,65,30,100,19,13
65,33,-14,65,30,100,19,14
66,34,-13,66,30,101,20,17
67,36,-12,67,30,101,21,18
67,38,-11,68,30,101,21,19
67,39,-10,68,30,100,20,23
67,40,-10,68,30,101,20,23
67,42,-10,68,30,101,20,25
68,45,-11,68,30,101,21,28
68,46,-11,68,30,101,21,28
67,46,-12,67,30,101,20,26
66,43,-12,67,30,101,20,24
66,41,-12,67,30,101,19,21
66,39,-12,67,30,101,20,20
67,39,-12,67,30,101,20,20
67,40,-13,66,30,101,20,21
67,40,-13,65,30,101,20,21
67,39,-13,65,30,101,20,20
67,36,-13,65,30,101,21,18
67,33,-13,66,30,101,21,14
67,30,-13,66,30,101,20,12
66,28,-14,66,30,101,20,10
65,25,-13,65,30,101,19,8
64,23,-13,65,30,100,18,6
63,21,-13,66,30,101,17,3
63,18,-13,66,30,101,17,1
63,17,-14,66,30,101,18,0
63,15,-14,65,30,100,19,-1
62,12,-15,63,30,100,19,-3
62,10,-14,62,30,101,19,-6
62,9,-14,61,28,101,19,-7
63,9,-13,61,27,101,21,-4
63,9,-14,59,26,101,21,-4
61,8,-14,59,26,101,20,-4
60,7,-14,59,26,101,19,-6
58,7,-14,59,27,101,18,-6
58,6,-14,59,28,101,17,-7
58,6,-14,59,30,101,18,-7
58,6,-14,59,30,100,18,-7
59,7,-14,59,30,100,19,-6
60,9,-14,59,30,101,19,-4
61,11,-14,59,30,101,20,-2
62,14,-14,58,30,101,20,0
62,16,-14,59,30,100,21,2
62,18,-13,60,30,100,21,3
62,20,-11,61,29,101,20,4
62,21,-10,62,28,101,21,7
62,24,-10,62,28,101,20,9
62,27,-10,62,28,101,21,12
63,30,-10,62,29,101,21,14
64,32,-10,62,30,100,23,17
65,35,-10,62,30,101,24,19
66,38,-10,62,30,101,24,21
66,41,-10,62,30,101,24,24
65,43,-9,63,30,100,21,26
65,44,-7,65,30,98,21,28
66,46,-7,65,30,98,23,29
68,47,-6,65,30,98,23,32
68,50,-7,65,30,100,24,32
69,52,-6,65,30,101,24,37
69,53,-6,67,30,101,25,37
70,53,-5,69,30,101,23,37
72,54,-5,69,30,101,24,36
73,55,-6,68,30,101,28,37
74,55,-7,66,30,101,29,37
75,56,-7,65,30,101,30,37
74,56,-6,65,30,101,29,40
74,56,-5,67,30,101,29,40
74,56,-4,68,30,100,29,40
74,55,-4,69,30,99,26,40
75,54,-6,69,30,99,28,37
75,54,-7,68,30,100,28,36
75,54,-7,67,30,100,30,37
75,54,-6,67,30,100,30,36
75,53,-5,69,30,99,28,35
76,51,-6,70,30,99,29,34
75,50,-8,70,30,100,28,32
75,50,-9,68,30,101,28,32
74,50,-8,66,30,101,29,32
72,49,-7,65,30,101,28,32
71,48,-6,65,30,101,26,34
70,46,-6,65,30,101,25,31
70,43,-7,65,30,101,26,26
71,42,-9,63,30,101,26,25
70,42,-10,62,30,101,26,25
70,42,-10,62,30,100,28,25
70,40,-10,62,30,99,28,24
70,38,-10,62,30,99,28,21
70,36,-10,62,30,99,28,20
69,36,-10,62,30,100,28,19
68,35,-10,62,30,101,26,19
67,32,-10,62,30,101,25,17
67,30,-10,62,30,101,25,14
67,29,-10,62,30,101,25,13
68,28,-10,62,30,101,26,13
68,28,-10,62,30,101,25,13
66,28,-10,62,30,101,25,13
66,28,-10,62,30,100,24,13
65,27,-10,62,30,99,24,12
65,26,-10,62,30,99,23,10
65,25,-10,62,30,100,23,9
64,25,-10,62,30,100,23,10
64,26,-10,62,30,99,23,10
63,26,-10,62,30,98,21,10
63,26,-10,62,30,97,21,10
63,26,-10,62,30,97,21,10
64,26,-10,62,30,97,23,10
65,27,-10,62,30,96,23,12
66,28,-10,62,29,96,25,13
67,29,-11,63,30,96,23,13
68,29,-13,65,30,96,24,12
68,29,-13,66,30,96,21,10
68,28,-12,66,29,96,21,10
67,29,-11,66,29,96,23,14
67,30,-11,65,30,96,23,14
67,31,-12,66,31,95,20,13
67,30,-11,68,32,95,20,12
67,29,-10,69,33,95,21,13
68,28,-9,69,33,95,21,13
68,28,-10,69,33,95,21,13
68,28,-10,68,31,95,21,13
68,29,-11,68,30,96,21,10
68,28,-12,67,29,96,21,10
67,29,-12,66,29,96,21,10
67,29,-13,66,29,96,21,12
68,29,-14,66,29,96,21,10
68,28,-13,65,30,96,23,10
69,26,-13,66,31,95,23,8
69,24,-13,66,33,95,23,7
67,22,-13,66,34,95,20,6
66,22,-14,66,35,95,20,4
66,22,-13,65,35,96,23,4
67,23,-12,65,34,96,23,6
68,23,-12,65,34,95,24,8
67,23,-12,64,34,94,23,6
66,22,-14,64,35,92,23,4
67,20,-14,62,34,90,23,3
67,19,-14,61,34,90,24,2
67,19,-13,61,34,91,25,4
67,21,-14,61,34,92,25,3
66,21,-15,61,34,93,23,4
67,20,-16,61,34,92,23,3
67,20,-16,61,34,91,23,3
67,20,-15,61,34,90,24,3
67,21,-16,60,34,90,23,4
66,22,-15,61,34,90,21,4
65,22,-15,63,34,91,21,4
64,21,-14,65,34,91,18,4
64,21,-14,65,34,90,18,3
63,20,-14,65,34,90,18,3
63,20,-14,65,36,90,19,3
63,21,-14,65,37,90,19,3
64,21,-14,65,38,90,18,4
65,22,-13,66,38,90,19,4
65,22,-13,66,36,90,19,4
65,21,-13,65,35,90,19,4
64,21,-13,65,34,91,18,4
65,21,-13,65,36,91,19,4
65,22,-13,65,38,90,19,4
65,22,-13,65,39,89,19,4
64,21,-13,65,39,87,18,4
63,21,-13,66,38,86,18,3
62,20,-13,66,36,85,17,3
63,21,-14,65,36,85,18,3
64,21,-14,65,37,86,20,4
66,22,-14,65,37,86,21,4
66,22,-14,65,37,85,20,6
66,22,-14,65,36,85,20,6
66,22,-14,65,35,85,20,4
66,22,-15,64,36,85,21,4
66,22,-16,63,36,85,21,4
66,22,-16,63,38,85,23,6
66,22,-16,63,39,85,21,4
66,22,-17,63,39,85,21,4
66,22,-17,62,39,85,21,4
66,22,-17,62,39,85,23,6
66,22,-17,62,39,85,23,6
66,22,-17,62,39,85,23,6
66,22,-17,62,39,85,21,4
66,21,-17,62,39,85,21,4
66,22,-17,62,39,85,23,6
66,24,-17,62,39,85,23,7
67,27,-17,62,39,85,23,9
68,29,-17,62,39,85,24,12
68,29,-17,62,39,85,24,12
67,29,-16,63,39,85,23,10
67,28,-14,65,39,85,21,10
68,29,-13,65,39,85,21,10
68,31,-13,66,39,85,21,13
68,33,-13,66,39,86,21,15
69,35,-13,65,40,85,23,17
69,36,-13,65,41,85,23,18
71,36,-14,66,40,84,24,18
72,38,-14,66,39,83,25,19
71,41,-13,66,39,84,24,21
70,44,-12,66,40,85,24,25
70,46,-10,65,41,86,25,29
71,48,-9,65,42,85,26,30
72,49,-8,65,41,83,28,32
73,51,-7,65,40,82,29,34
74,54,-6,65,39,82,29,39
74,55,-6,65,39,82,29,40
74,56,-7,66,39,83,29,39
75,58,-7,66,39,85,30,40
75,61,-8,67,39,85,30,42
75,62,-8,66,38,84,30,43
76,62,-7,66,39,82,30,43
76,62,-5,66,40,80,31,46
77,63,-4,67,42,81,31,47
78,65,-3,68,42,83,32,48
78,68,-2,69,41,85,32,51
78,69,-3,69,39,86,32,52
78,69,-3,68,38,86,32,52
79,68,-4,67,39,87,34,52
80,68,-4,67,39,87,34,52
79,69,-4,68,39,87,34,52
78,69,-3,68,39,86,32,52
78,68,-3,68,39,85,32,51
79,66,-3,68,39,85,34,50
80,65,-3,68,39,85,34,48
80,64,-3,68,39,85,35,48
79,63,-2,69,39,86,34,47
79,61,-3,68,39,87,34,45
78,58,-4,68,39,89,32,42
78,55,-5,66,39,90,32,40
77,54,-7,65,39,91,32,36
77,52,-7,65,39,90,31,35
75,50,-6,65,39,90,30,35
74,48,-6,65,38,90,29,34
73,45,-7,64,37,90,29,29
73,42,-9,63,36,90,29,25
73,39,-10,62,37,90,30,23
72,37,-10,62,36,90,30,21
70,34,-10,62,36,90,28,18
68,31,-10,62,34,90,26,15
67,27,-10,62,34,90,25,12
66,24,-10,62,34,90,24,8
65,21,-11,61,34,90,23,7
63,20,-13,60,34,90,21,6
62,19,-14,59,34,90,20,4
62,16,-14,58,34,90,20,2
62,13,-14,59,34,90,21,-1
62,10,-14,59,34,90,21,-3
62,6,-13,59,34,90,20,-7
61,4,-14,59,34,90,20,-8
61,2,-14,58,34,90,20,-12
60,2,-16,56,34,90,19,-13
60,1,-17,56,34,90,19,-13
58,0,-18,55,34,90,20,-15
58,-2,-17,55,34,90,20,-18
59,-3,-17,56,34,90,19,-18
59,-4,-17,56,34,90,19,-19
58,-5,-17,56,34,90,18,-20
57,-7,-17,55,34,90,19,-21
57,-9,-17,55,34,90,19,-23
57,-10,-17,55,34,90,19,-24
57,-10,-17,55,34,90,19,-25
57,-9,-17,55,34,90,19,-24
56,-7,-17,55,34,90,18,-21
55,-6,-17,55,34,90,17,-21
55,-6,-17,55,34,90,17,-20
55,-6,-17,55,34,90,17,-21
55,-7,-17,55,34,90,17,-21
55,-6,-17,55,34,90,17,-20
56,-5,-17,55,34,90,18,-20
58,-5,-17,56,34,90,18,-19
59,-4,-17,56,34,90,19,-19
59,-4,-17,56,34,90,19,-19
59,-3,-17,55,34,90,20,-18
58,0,-18,55,34,90,20,-15
59,1,-17,56,34,90,19,-13
61,2,-16,57,34,90,20,-12
61,2,-15,57,34,90,20,-12
61,2,-14,58,34,90,20,-13
60,3,-15,58,34,90,19,-12
59,5,-16,57,34,90,18,-10
60,7,-16,56,34,90,19,-8
61,9,-16,57,34,90,20,-6
61,10,-15,58,34,90,20,-4
61,11,-14,59,34,90,20,-4
61,12,-13,59,34,90,19,-1
61,13,-12,58,34,90,20,0
63,15,-11,56,34,90,24,1
64,15,-11,55,34,90,25,1
65,15,-11,56,34,90,25,1
65,15,-12,57,34,91,25,1
64,15,-12,56,34,91,25,1
64,16,-11,55,34,90,25,2
63,17,-10,55,34,90,24,2
63,17,-10,55,34,90,24,2
64,17,-11,56,33,91,24,2
65,16,-12,57,32,92,26,2
68,17,-12,57,33,93,28,2
68,18,-12,57,34,92,29,3
68,19,-11,56,34,91,29,4
67,21,-10,55,34,91,28,6
66,22,-11,56,34,92,26,7
66,22,-13,58,35,92,24,7
66,22,-14,59,35,92,24,7
66,22,-14,59,34,93,24,4
65,23,-13,58,33,93,23,8
64,25,-11,58,32,93,23,10
65,27,-10,60,33,94,23,12
66,28,-10,62,34,94,25,13
68,28,-10,62,35,95,25,13
68,29,-10,62,35,95,24,13
67,30,-10,62,34,94,25,14
66,32,-10,62,34,94,24,17
65,33,-10,62,34,93,23,17
65,33,-10,62,35,93,20,18
65,33,-10,62,34,94,23,17
65,33,-10,62,34,94,24,17
66,33,-10,62,35,95,24,18
67,34,-10,62,34,95,25,18
68,34,-10,62,34,94,25,18
68,35,-10,62,34,93,26,19
69,36,-10,62,35,94,28,19
69,36,-10,62,35,95,26,19
68,35,-10,62,34,96,26,19
68,34,-10,62,33,96,26,18
69,33,-10,62,33,95,26,18
69,32,-10,62,33,96,28,17
68,31,-11,61,34,96,26,15
68,29,-11,61,33,95,25,14
67,28,-11,61,32,94,25,13
68,28,-10,62,31,93,25,13
68,29,-11,61,31,94,26,13
67,29,-12,60,31,95,25,14
66,28,-14,59,30,96,24,13
65,27,-14,58,29,96,24,12
65,25,-14,58,29,96,24,10
66,25,-13,59,30,95,25,9
66,24,-12,60,31,95,25,9
66,23,-11,61,32,95,24,8
65,23,-11,61,31,95,24,8
65,24,-12,60,30,95,23,8
64,25,-12,60,29,96,23,9
63,26,-12,60,29,96,21,10
63,27,-13,60,29,96,21,12
64,27,-13,59,30,96,23,12
65,28,-14,58,30,96,24,13
66,28,-14,58,29,96,24,12
65,27,-13,60,29,96,24,12
64,27,-11,61,29,96,23,12
64,28,-10,62,29,96,23,13
64,31,-10,62,29,96,23,15
65,33,-11,61,30,96,23,17
65,34,-11,61,30,96,24,18
65,33,-11,61,29,96,24,17
65,33,-10,61,29,96,23,17
65,33,-11,61,29,96,23,17
65,33,-12,60,30,95,24,17
65,33,-12,60,31,95,24,17
65,33,-12,61,32,95,23,17
65,33,-12,61,31,96,23,17
65,33,-12,60,30,97,23,18
65,33,-12,60,30,98,24,17
67,32,-12,61,30,97,25,17
68,31,-11,61,30,96,26,15
69,30,-11,61,30,96,26,14
69,29,-11,61,30,96,28,14
70,30,-10,61,29,96,28,14
70,31,-9,61,29,96,28,15
71,31,-8,60,29,96,29,18
70,31,-7,59,29,96,28,18
70,30,-7,58,29,96,30,17
69,29,-7,58,29,96,29,17
69,30,-7,58,29,96,29,17
70,31,-7,58,29,96,30,18
72,31,-7,58,29,96,31,18
72,32,-7,58,29,96,32,18
72,31,-7,58,29,96,31,18
72,31,-7,58,29,95,31,18
72,33,-7,58,29,96,32,20
73,36,-7,58,30,98,32,23
74,38,-7,58,30,99,34,24
73,38,-7,58,30,99,32,24
73,38,-7,58,30,97,32,24
73,39,-6,60,30,98,32,25
73,41,-4,61,30,99,30,28
74,44,-3,62,30,100,31,30
74,46,-3,62,30,100,31,31
73,48,-3,61,30,99,30,34
73,49,-3,62,29,99,30,34
74,50,-4,63,28,99,31,35
75,50,-5,64,28,99,32,35
75,52,-5,65,28,100,30,37
74,53,-5,64,29,100,31,37
73,55,-5,63,30,101,30,40
73,56,-5,63,30,101,30,40
75,56,-6,64,29,101,30,40
76,56,-6,65,28,101,30,41
76,57,-7,65,28,101,31,39
75,56,-7,65,28,101,30,39
75,56,-7,65,28,101,30,37
74,55,-6,65,27,101,29,40
74,56,-6,65,25,101,29,40
74,56,-7,65,25,101,29,39
74,55,-7,64,25,101,29,37
75,54,-9,63,25,101,30,37
76,53,-10,62,25,101,34,35
77,52,-10,62,25,101,34,35
77,51,-10,62,25,101,34,34
75,50,-10,62,25,101,32,34
74,50,-10,62,25,102,31,32
73,50,-10,62,25,104,31,32
74,50,-10,62,25,105,31,32
74,48,-10,62,25,106,31,31
75,46,-10,62,25,106,32,29
75,45,-10,62,25,106,32,28
75,44,-10,62,25,105,32,28
75,45,-10,62,25,104,32,28
75,45,-10,62,25,104,32,29
74,44,-10,62,25,104,31,28
72,43,-10,62,25,105,29,26
71,42,-10,62,25,106,29,25
71,41,-10,62,25,106,29,24
72,40,-9,61,25,105,30,24
72,40,-9,60,25,105,30,24
73,39,-8,60,25,105,30,23
73,38,-9,61,25,105,31,21
74,38,-9,61,26,105,31,21
73,38,-9,61,25,105,30,21
72,37,-9,61,24,106,30,21
71,35,-9,61,22,106,29,19
72,33,-9,62,21,106,29,17
71,31,-10,62,20,106,29,15
70,30,-11,61,20,106,28,14
69,29,-13,60,21,106,28,14
68,28,-14,59,22,106,26,13
69,26,-14,58,22,106,26,10
68,24,-14,59,22,106,26,9
68,23,-14,59,22,106,26,8
66,21,-13,59,22,106,25,6
66,19,-14,59,22,106,24,4
65,16,-14,58,22,106,24,0
65,14,-16,56,22,106,24,-2
64,11,-17,56,22,106,23,-4
64,10,-18,55,22,106,25,-6
63,9,-17,55,22,106,24,-7
63,7,-17,56,21,106,21,-8
63,5,-17,56,21,106,21,-9
62,3,-17,56,20,106,21,-12
61,1,-17,55,20,106,23,-13
61,1,-17,55,20,106,23,-13
61,0,-18,56,21,106,20,-14
62,0,-18,56,21,106,21,-15
61,-1,-17,55,20,106,23,-17
61,-3,-17,55,20,106,23,-18
60,-3,-16,54,20,106,21,-18
60,-3,-15,53,20,106,21,-17
60,-3,-15,53,21,106,21,-15
61,-3,-15,53,21,107,23,-15
61,-3,-15,53,21,108,21,-15
60,-2,-16,54,21,107,21,-17
59,0,-17,55,21,106,20,-15
59,1,-17,55,21,107,20,-14
60,2,-18,56,21,108,19,-13
60,2,-18,56,22,109,19,-13
60,3,-18,56,23,108,19,-12
59,5,-17,55,22,107,20,-10
60,7,-16,54,21,106,21,-8
61,8,-15,53,20,106,23,-4
61,10,-15,53,20,106,23,-3
61,12,-15,53,20,106,23,-1
61,14,-15,53,21,106,23,0
63,15,-14,52,21,106,26,1
64,15,-14,52,20,106,28,1
65,15,-14,52,20,106,28,1
63,17,-14,52,20,106,26,2
62,18,-14,52,20,106,25,3
62,20,-14,52,20,106,25,4
63,21,-14,52,20,106,26,6
64,21,-14,52,20,106,28,7
65,21,-14,52,20,106,28,7
65,21,-14,52,20,106,28,7
65,21,-14,52,20,106,28,7
65,22,-14,52,20,106,29,7
66,22,-14,52,20,106,29,8
66,22,-13,53,20,106,29,8
66,22,-12,53,20,106,29,8
66,22,-12,54,20,106,26,7
66,22,-11,54,20,106,26,7
66,22,-10,55,20,106,26,7
66,22,-10,55,20,106,26,7
66,22,-12,54,20,106,26,8
67,23,-13,53,20,106,30,8
68,23,-13,53,20,106,30,8
68,24,-12,54,20,106,29,8
69,24,-10,55,21,106,29,9
70,25,-10,55,21,107,30,9
70,25,-10,55,21,108,30,9
70,25,-10,55,21,107,30,9
70,25,-10,55,21,106,30,9
70,25,-10,55,20,105,30,9
70,25,-10,55,20,105,30,9
70,25,-10,55,20,106,30,9
70,25,-10,55,21,107,30,9
70,25,-10,55,21,108,30,9
70,25,-10,55,21,109,30,9
70,25,-10,55,21,110,30,9
70,25,-10,55,21,110,30,9
70,25,-10,55,21,110,30,9
70,25,-10,55,21,109,30,9
70,24,-10,55,21,108,30,9
70,25,-10,55,21,108,30,9
69,26,-10,55,21,108,29,12
68,27,-10,55,21,107,29,12
68,27,-10,55,21,108,29,12
69,26,-10,55,21,109,29,12
69,26,-10,55,21,110,29,12
68,27,-10,55,21,111,29,12
68,27,-10,55,21,111,29,12
69,26,-10,55,21,111,29,12
70,25,-10,55,21,110,30,9
70,24,-10,55,21,109,30,9
70,25,-10,55,21,108,30,9
70,25,-10,55,21,108,30,9
70,25,-10,55,21,108,30,9
70,25,-10,55,21,109,30,9
69,24,-10,55,21,110,29,8
68,23,-10,55,21,110,28,8
67,23,-10,55,21,110,28,8
67,23,-11,54,21,109,28,8
67,23,-12,54,21,108,28,8
66,22,-12,53,21,107,29,8
66,22,-12,54,21,109,26,7
66,22,-11,54,21,111,26,7
66,22,-11,54,21,112,26,7
66,22,-12,54,21,111,26,8
66,23,-12,53,21,109,29,8
66,22,-12,53,21,107,29,7
66,21,-12,53,20,106,29,6
68,19,-12,54,20,105,28,4
68,18,-11,54,20,106,29,3
68,18,-12,54,20,106,29,3
68,18,-13,53,20,106,31,3
68,18,-13,53,20,106,31,3
68,18,-12,54,20,106,29,3
68,18,-10,55,20,106,29,3
68,18,-10,55,20,106,29,3
68,18,-10,55,20,106,29,3
68,18,-10,55,20,106,29,3
68,18,-10,55,20,106,29,3
68,18,-10,55,20,106,29,3
68,18,-10,55,20,106,29,3
68,18,-10,55,20,106,29,3
68,18,-10,55,20,106,29,3
68,18,-10,55,20,106,29,3
68,18,-10,55,20,106,29,3
68,18,-10,55,20,106,29,3
69,18,-10,55,20,106,29,3
68,18,-10,55,20,106,29,3
67,17,-10,55,20,106,28,3
65,16,-10,55,20,106,26,2
64,16,-10,55,20,106,25,2
64,15,-11,55,21,106,25,1
65,14,-11,54,21,106,25,1
65,14,-12,54,21,106,26,0
65,12,-11,54,20,106,25,-1
65,11,-11,54,20,106,25,-2
64,10,-11,54,21,106,25,-3
64,9,-11,54,22,106,25,-3
63,9,-11,54,24,106,24,-4
62,9,-12,54,24,105,24,-4
62,9,-13,53,22,104,26,-4
63,9,-14,52,21,104,26,-3
63,9,-14,51,20,104,26,-4
63,9,-14,52,20,104,26,-3
62,9,-14,52,21,104,26,-4
62,9,-14,52,21,104,26,-4
63,9,-14,52,21,104,26,-3
63,9,-14,52,21,104,26,-4
63,9,-14,52,20,104,26,-3
62,9,-14,52,20,106,26,-4
62,9,-15,53,21,106,23,-4
63,9,-15,53,22,106,24,-4
64,9,-15,53,24,106,25,-3
65,10,-14,52,24,106,29,-2
66,12,-14,51,22,106,29,-1
65,14,-14,51,20,106,29,1
65,16,-14,52,20,107,29,2
67,17,-15,53,21,106,28,3
68,18,-17,55,24,104,29,1
69,18,-17,55,26,102,30,2
68,20,-17,55,26,102,29,3
68,22,-16,54,25,103,29,4
68,24,-16,54,24,104,29,7
68,25,-17,55,24,104,29,8
69,26,-17,56,24,105,28,8
69,26,-16,57,25,104,28,8
69,26,-15,57,24,103,28,8
69,26,-14,58,24,102,28,8
68,27,-15,57,24,101,26,9
68,29,-14,58,25,101,26,10
68,30,-14,59,25,102,25,12
67,29,-14,59,25,102,25,13
67,26,-14,59,25,102,25,10
66,24,-14,57,25,103,25,9
66,22,-14,54,25,104,26,8
66,22,-14,52,25,106,29,7
66,22,-14,52,25,106,29,7
65,21,-15,53,25,104,26,6
65,18,-15,54,25,102,25,3
64,15,-15,53,25,100,25,1
64,13,-14,52,25,101,26,-1
63,10,-14,52,25,102,26,-2
62,9,-14,52,25,104,25,-3
63,8,-14,52,25,105,26,-4
63,7,-14,52,25,106,26,-6
63,5,-14,52,25,106,26,-7
62,3,-14,52,24,106,25,-9
61,2,-14,52,24,105,25,-10
61,0,-14,52,24,105,25,-12
62,0,-14,52,23,104,26,-13
63,-1,-14,52,22,103,26,-14
64,-2,-14,52,22,102,28,-14
64,-2,-14,52,22,101,28,-14
63,-1,-14,52,21,101,26,-14
63,0,-14,52,21,101,26,-13
61,1,-14,52,20,101,25,-12
61,2,-14,51,20,101,24,-10
61,2,-13,51,20,101,24,-10
62,3,-13,50,22,101,25,-9
63,5,-13,51,23,101,26,-8
64,7,-14,51,24,101,26,-6
64,10,-14,52,24,101,28,-3
64,12,-14,52,23,101,28,-1
65,14,-13,53,23,101,28,0
65,16,-11,54,23,101,26,2
67,18,-10,54,24,101,30,6
68,22,-9,54,23,102,30,9
68,25,-9,54,24,103,31,12
68,27,-10,55,24,103,29,12
68,29,-10,55,25,101,29,14
68,31,-10,56,25,100,28,15
68,33,-10,55,25,100,29,18
69,35,-10,54,25,101,30,21
70,37,-10,54,25,103,32,23
71,39,-9,54,24,104,34,25
72,41,-8,55,22,106,31,26
71,42,-7,56,22,106,31,28
71,43,-5,55,22,106,32,29
71,42,-6,55,22,106,32,28
71,42,-8,55,22,106,31,28
71,42,-10,56,22,106,31,28
71,42,-10,55,21,106,31,25
71,42,-10,54,21,106,32,28
71,43,-9,54,21,106,32,29
71,42,-9,54,21,106,34,28
72,41,-10,55,22,106,31,26
72,39,-10,55,22,106,31,23
70,37,-10,55,22,106,30,20
69,35,-10,55,22,106,29,19
68,33,-10,55,21,106,29,18
68,31,-10,55,21,106,29,15
68,28,-10,56,20,106,29,12
68,25,-10,55,20,106,29,10
67,22,-11,54,20,106,28,8
65,20,-13,53,21,106,29,6
65,17,-14,52,21,106,28,3
65,14,-14,51,20,106,28,0
66,12,-14,52,20,106,29,-1
66,10,-14,52,20,106,29,-2
65,8,-14,52,20,106,28,-4
63,5,-14,52,20,106,26,-7
63,2,-14,52,20,106,26,-10
63,0,-14,52,20,106,26,-13
64,-3,-14,52,20,106,28,-15
64,-5,-14,52,20,106,28,-18
63,-7,-15,51,20,106,26,-19
62,-9,-16,50,20,106,26,-21
63,-10,-17,50,20,106,26,-21
63,-10,-16,50,20,106,26,-23
62,-12,-17,50,20,106,26,-24
61,-14,-17,49,20,106,25,-25
60,-15,-18,48,20,106,24,-29
60,-15,-18,48,20,106,24,-29
60,-14,-18,48,20,106,24,-29
60,-15,-18,49,20,106,24,-26
60,-15,-18,49,20,106,24,-26
60,-14,-18,48,20,106,24,-29
59,-13,-18,49,20,106,23,-25
58,-12,-18,49,20,106,23,-24
59,-10,-18,49,20,106,23,-21
60,-8,-18,48,20,106,24,-23
61,-7,-18,48,21,106,24,-21
61,-5,-18,49,21,106,24,-18
61,-3,-17,50,20,106,24,-15
61,0,-15,51,20,106,25,-13
61,1,-14,52,20,106,25,-12
61,2,-14,52,21,106,25,-10
61,3,-14,52,22,106,24,-9
61,4,-14,52,22,106,24,-8
62,6,-14,52,22,106,25,-7
63,8,-14,52,21,106,26,-4
64,10,-14,52,20,106,28,-3
65,12,-14,52,20,106,28,-1
65,14,-14,52,20,106,28,0
65,15,-14,52,21,106,28,1
64,16,-14,51,21,106,28,2
64,15,-13,50,21,106,28,1
64,15,-12,50,21,106,28,1
64,15,-12,49,20,106,29,3
64,17,-11,49,20,106,29,4
63,17,-11,48,20,106,29,4
64,17,-10,48,21,106,29,4
64,15,-11,48,22,106,29,3
64,15,-11,49,22,106,30,3
64,15,-12,49,22,106,30,3
64,16,-12,50,21,106,28,2
65,15,-11,50,20,106,30,3
65,14,-11,49,20,106,30,2
65,11,-12,47,20,106,30,0
64,10,-13,46,21,106,29,-3
63,9,-14,45,22,106,29,-4
63,7,-15,45,22,106,29,-6
63,5,-15,45,21,106,29,-8
63,2,-14,45,21,106,29,-10
63,0,-14,45,21,106,29,-13
62,-2,-14,45,21,106,28,-14
61,-4,-14,45,22,106,26,-17
60,-7,-14,45,22,106,26,-19
59,-11,-16,44,21,106,28,-23
59,-13,-17,43,20,106,28,-25
59,-14,-17,43,20,106,28,-26
59,-16,-17,43,20,106,28,-28
58,-17,-17,43,21,106,26,-29
57,-20,-18,42,21,106,26,-31
57,-22,-18,42,20,106,25,-32
56,-24,-18,42,20,106,25,-35
54,-24,-18,42,20,106,24,-35
54,-24,-18,42,20,106,23,-35
54,-24,-18,42,20,106,23,-35
54,-24,-18,42,20,106,23,-35
54,-24,-18,42,21,106,24,-35
54,-24,-18,42,21,106,24,-35
54,-24,-18,41,21,106,23,-35
53,-22,-18,42,20,106,23,-34
52,-21,-17,43,20,106,21,-32
52,-20,-15,44,21,106,19,-31
53,-18,-14,45,21,106,19,-30
54,-17,-14,45,22,105,20,-29
54,-14,-14,45,24,104,21,-26
54,-12,-14,45,24,104,21,-24
54,-10,-15,44,23,105,21,-23
54,-9,-14,45,21,105,20,-20
54,-7,-13,46,21,104,20,-17
54,-5,-11,47,21,103,20,-15
53,-3,-11,48,24,101,20,-14
54,-2,-12,47,25,102,20,-12
55,0,-13,46,25,102,21,-10
56,1,-13,46,23,103,23,-10
57,3,-12,47,22,103,23,-7
57,5,-11,48,23,103,23,-4
58,6,-10,49,24,102,24,-4
59,7,-10,49,25,101,25,-4
60,7,-11,48,25,101,26,-3
61,7,-12,47,25,101,26,-3
61,8,-14,46,25,101,26,-4
61,8,-14,45,25,101,26,-4
61,8,-14,46,25,101,28,-4
62,9,-13,46,25,101,28,-2
62,8,-13,46,25,101,28,-2
63,7,-14,45,25,101,29,-6
62,4,-14,45,25,101,28,-8
62,3,-14,45,25,101,28,-9
62,2,-15,45,25,101,28,-9
63,3,-14,45,25,101,29,-9
63,4,-14,45,25,101,29,-8
64,4,-14,45,25,101,29,-8
63,2,-15,45,25,101,29,-10
63,0,-15,45,25,101,29,-13
63,-1,-14,45,25,101,29,-14
64,-2,-13,43,25,101,31,-12
64,-1,-12,42,25,101,31,-12
63,-1,-12,42,25,101,31,-12
63,-1,-13,43,25,101,31,-12
63,-1,-14,45,25,101,29,-14
63,-1,-15,45,25,101,29,-14
63,-1,-14,45,25,101,29,-14
64,-1,-14,45,25,101,29,-14
63,-1,-15,45,25,101,29,-13
63,0,-15,45,25,101,29,-13
62,0,-14,45,25,101,28,-13
62,0,-13,44,25,101,30,-9
61,1,-12,44,25,101,30,-8
61,4,-12,45,25,101,29,-7
62,6,-13,46,25,101,28,-4
62,9,-13,46,25,101,28,-4
63,11,-12,47,25,101,29,0
64,13,-11,48,26,101,29,2
64,15,-10,48,27,101,30,3
64,16,-10,48,26,101,30,4
63,17,-11,48,25,101,29,4
62,18,-11,48,25,101,28,6
62,19,-11,48,25,101,28,7
63,21,-10,48,25,101,28,8
64,23,-11,48,25,101,29,10
64,25,-11,48,27,101,29,12
64,26,-11,48,28,101,29,13
63,27,-11,48,28,101,29,14
63,26,-11,48,28,101,29,13
64,26,-11,48,28,101,29,13
65,27,-10,48,28,101,30,14
65,27,-10,48,28,101,30,14
65,28,-11,48,27,100,30,14
65,27,-11,48,27,99,30,14
66,26,-11,48,28,99,31,13
67,25,-10,48,30,99,32,12
68,23,-10,49,30,100,32,10
67,23,-9,50,30,101,32,10
67,23,-10,49,28,100,32,10
68,22,-10,48,28,99,32,9
68,20,-11,48,28,99,34,8
68,18,-11,48,29,99,34,6
68,18,-11,48,30,99,34,6
69,17,-10,48,30,99,34,4
70,15,-10,48,30,98,35,3
70,13,-11,48,30,97,35,2
68,12,-11,48,30,97,32,1
67,11,-11,48,30,97,31,0
67,10,-10,48,30,97,32,-1
68,8,-11,48,30,97,34,-2
69,7,-11,48,29,97,35,-3
70,7,-10,48,28,97,35,-3
69,7,-10,48,28,98,34,-3
68,7,-10,48,28,99,32,-3
66,5,-11,48,29,98,31,-4
65,5,-12,47,30,97,30,-6
65,4,-12,47,30,96,30,-6
65,5,-12,47,29,96,30,-6
65,5,-12,47,29,96,30,-6
64,4,-12,47,29,96,29,-6
62,3,-13,46,30,96,28,-7
61,2,-14,46,29,96,26,-10
60,2,-13,46,29,96,26,-8
61,2,-12,47,29,96,26,-8
61,2,-10,48,29,96,26,-8
61,2,-10,48,29,96,26,-8
61,2,-12,47,29,96,26,-8
61,2,-13,46,29,96,26,-10
61,2,-14,45,29,96,26,-10
61,2,-15,45,29,96,26,-10
61,2,-14,45,29,96,26,-10
61,2,-14,45,29,96,26,-10
61,2,-14,45,29,96,26,-10
61,3,-14,45,29,96,26,-9
61,2,-14,45,29,96,26,-10
60,0,-14,45,29,96,26,-12
60,-2,-14,46,29,96,25,-14
59,-4,-16,46,29,96,25,-17
59,-4,-17,46,29,96,25,-17
59,-4,-17,45,29,96,25,-17
59,-3,-16,44,29,96,25,-17
60,-5,-16,43,29,96,29,-17
61,-7,-17,43,29,96,29,-19
60,-9,-18,42,29,96,29,-20
59,-10,-18,42,29,96,28,-21
57,-10,-18,42,29,95,26,-23
57,-10,-18,42,29,94,26,-23
58,-11,-18,42,29,94,26,-23
57,-13,-18,42,29,94,26,-24
56,-14,-18,42,29,95,25,-26
56,-16,-18,42,30,95,24,-28
56,-18,-18,42,30,94,24,-29
56,-17,-18,42,30,93,24,-29
55,-16,-18,42,29,92,24,-28
54,-14,-18,42,29,91,24,-26
54,-14,-17,43,29,91,23,-26
54,-14,-17,43,31,92,23,-26
54,-14,-17,43,33,93,23,-25
55,-13,-17,43,35,93,24,-24
56,-11,-16,44,35,93,25,-23
57,-10,-14,45,33,92,24,-23
58,-10,-14,45,31,91,24,-23
57,-9,-14,45,30,90,23,-21
56,-8,-14,45,30,90,23,-20
54,-6,-14,45,31,91,21,-19
54,-4,-14,45,32,92,20,-17
54,-2,-14,45,33,93,20,-15
55,-1,-15,45,34,92,21,-14
57,0,-14,45,34,91,23,-13
58,1,-13,46,32,90,24,-9
59,3,-12,47,31,90,25,-7
59,5,-12,47,32,91,25,-6
58,6,-13,46,32,92,24,-4
58,7,-13,46,32,93,24,-4
59,7,-12,47,32,92,25,-3
61,8,-11,48,30,91,28,-3
63,9,-10,48,30,90,29,-2
63,9,-10,48,31,90,29,-2
62,9,-11,48,32,90,28,-2
62,8,-10,48,33,91,28,-2
64,10,-10,48,33,91,29,-1
65,10,-11,48,33,90,31,0
66,11,-12,47,34,90,31,0
67,11,-12,47,34,90,32,0
67,11,-12,47,34,90,32,0
66,11,-11,48,34,90,31,0
65,12,-10,48,34,90,31,1
65,14,-10,48,34,90,30,2
65,16,-11,48,34,90,30,4
67,17,-11,48,34,90,32,6
68,18,-11,48,34,90,34,6
68,19,-11,48,34,90,32,7
68,21,-10,48,34,90,32,9
68,23,-10,48,34,90,32,10
68,24,-10,48,34,90,32,12
68,25,-11,48,34,91,32,13
68,27,-11,48,34,91,32,14
68,28,-10,48,34,90,32,15
69,30,-10,49,34,89,34,17
70,32,-8,50,34,89,34,19
70,34,-7,51,34,90,32,20
69,35,-7,52,34,90,31,21
68,37,-7,52,35,89,30,24
68,39,-7,51,36,89,31,25
70,41,-7,51,36,89,32,28
71,42,-7,51,36,90,34,28
71,43,-7,52,35,91,32,29
70,43,-7,51,34,89,32,29
69,45,-7,51,34,87,31,30
69,47,-7,51,34,87,31,32
71,48,-7,51,34,89,32,34
72,49,-7,51,36,90,34,35
73,49,-7,51,38,91,35,35
74,47,-7,51,38,90,35,32
73,45,-7,52,36,89,35,30
72,43,-7,51,34,88,34,29
71,42,-7,51,34,88,34,28
71,42,-7,51,35,88,32,28
71,41,-7,52,36,87,34,28
71,39,-7,52,36,87,34,25
71,36,-7,51,35,87,32,23
71,34,-8,51,34,89,35,20
71,32,-9,50,34,91,35,19
70,31,-9,50,34,90,35,18
69,29,-10,49,34,89,34,17
68,28,-10,48,36,88,34,15
68,26,-11,48,38,89,34,13
68,24,-11,48,38,90,34,12
68,21,-10,48,36,90,32,9
68,19,-10,48,34,91,32,7
68,18,-11,48,34,90,34,6
68,18,-11,48,34,91,34,6
67,17,-10,48,34,91,32,6
65,16,-10,48,34,90,30,4
64,16,-11,48,34,90,30,3
64,15,-12,47,34,88,29,3
64,15,-12,47,34,88,29,3
64,15,-11,47,35,88,29,3
64,15,-11,48,36,88,30,3
65,15,-11,48,36,88,30,3
65,16,-11,47,36,89,30,4
66,18,-12,47,35,89,31,6
66,21,-12,47,35,89,31,8
66,22,-11,48,36,87,31,9
67,23,-10,48,37,86,32,10
68,25,-10,48,38,86,32,13
68,27,-11,48,39,85,34,14
69,29,-11,48,38,85,34,17
70,32,-11,48,37,85,35,19
71,35,-10,49,37,86,35,21
72,39,-8,50,37,86,36,25
72,41,-7,51,38,85,34,26
71,42,-7,52,39,85,34,28
72,43,-7,52,39,85,34,29
73,45,-7,51,39,85,35,31
73,47,-7,51,39,85,37,32
73,49,-7,51,39,85,37,34
74,50,-7,52,39,85,35,35
74,52,-6,53,39,85,36,37
75,54,-5,54,39,85,36,41
75,56,-4,54,39,85,36,42
74,56,-4,54,39,85,35,42
74,55,-4,54,39,85,35,42
74,55,-4,54,39,85,35,42
74,56,-4,54,39,85,36,42
76,57,-5,54,39,85,37,43
77,57,-4,54,39,85,39,45
77,58,-4,54,39,85,39,45
76,56,-4,54,39,85,37,43
75,54,-6,52,39,85,36,39
76,53,-7,52,39,85,37,37
76,51,-7,52,39,85,37,36
76,50,-6,53,39,85,37,35
74,48,-6,53,39,85,36,34
74,46,-7,52,39,85,36,32
75,45,-7,51,39,85,39,30
76,43,-8,50,39,85,40,29
76,41,-9,50,39,85,40,26
75,39,-9,50,39,85,39,25
74,38,-10,49,39,85,39,24
74,37,-10,48,39,85,37,23
73,35,-10,49,39,85,37,21
73,32,-9,50,39,85,37,19
73,30,-9,50,39,85,37,17
74,28,-9,50,39,85,37,15
74,28,-10,49,39,85,39,14
73,26,-10,48,39,85,37,13
72,24,-11,48,39,85,36,12
72,22,-11,48,39,85,36,9
72,20,-12,47,39,85,36,8
73,20,-12,47,39,85,37,8
73,21,-12,47,39,85,37,8
72,21,-11,48,39,85,36,9
72,22,-10,48,39,85,36,9
71,23,-10,48,39,85,35,10
70,24,-11,48,39,85,35,10
70,24,-11,48,39,85,35,12
70,25,-11,48,39,85,35,12
70,25,-10,48,39,85,35,12
69,26,-10,48,39,85,34,13
68,27,-11,48,39,85,34,14
67,29,-12,47,39,85,31,15
67,31,-12,47,39,85,31,18
67,33,-12,47,39,85,32,19
68,34,-11,48,39,85,32,20
69,36,-10,48,39,85,34,21
69,36,-10,48,39,86,34,23
69,37,-11,48,39,86,34,23
69,37,-10,48,39,85,34,24
70,38,-10,49,39,85,35,24
71,39,-9,50,39,85,35,25
71,40,-9,50,39,86,35,26
72,40,-8,51,39,87,36,26
73,39,-7,51,39,87,35,25
72,40,-7,52,39,87,35,25
72,41,-7,51,39,86,34,26
71,42,-8,51,39,85,35,28
72,41,-9,50,39,85,36,28
73,40,-9,50,39,85,37,26
73,38,-10,49,39,86,37,24
72,36,-10,48,39,86,36,23
70,36,-11,48,39,85,35,23
69,36,-11,48,39,85,34,23
69,36,-10,48,39,85,34,21
70,34,-10,48,39,85,35,20
70,32,-10,48,39,85,34,19
68,30,-11,48,39,85,34,17
67,29,-11,48,39,85,32,15
68,28,-11,48,39,85,32,15
68,28,-11,48,39,85,34,14
69,26,-11,48,39,85,34,13
69,24,-10,48,39,85,34,12
67,22,-11,48,39,86,32,9
66,22,-11,48,39,86,31,9
65,22,-10,48,39,85,30,9
65,22,-10,48,39,85,30,9
66,22,-10,48,39,85,31,9
67,21,-11,48,39,86,32,8
68,19,-11,47,39,87,32,7
68,18,-12,47,37,87,32,6
68,19,-12,47,36,87,32,7
68,19,-12,47,36,86,32,7
68,20,-12,47,37,85,32,7
68,18,-11,47,38,85,32,6
67,17,-11,48,38,86,32,6
65,16,-10,48,37,87,30,4
64,16,-10,48,38,87,30,3
64,15,-10,48,39,86,29,3
64,15,-10,48,39,86,29,3
65,15,-11,48,38,87,30,3
64,15,-12,47,37,88,29,3
64,15,-12,47,37,88,29,3
65,15,-12,47,39,88,30,3
65,15,-12,47,39,87,30,3
64,15,-13,46,39,88,30,1
63,15,-14,45,39,89,28,1
61,14,-15,45,39,89,26,0
61,13,-14,45,39,89,26,-1
61,11,-14,45,38,90,26,-2
60,9,-14,46,37,90,26,-3
59,7,-14,45,38,90,25,-6
59,6,-13,44,39,90,26,-4
59,5,-12,43,39,90,28,-6
59,3,-12,42,39,90,28,-7
60,2,-13,41,38,90,28,-8
59,0,-16,41,37,90,28,-13
58,-2,-18,42,36,90,26,-15
57,-5,-17,42,37,89,26,-17
57,-7,-16,42,36,88,25,-19
57,-9,-15,40,36,89,25,-19
57,-10,-15,39,34,90,28,-20
57,-13,-17,40,34,91,26,-25
57,-15,-18,42,34,91,25,-26
56,-17,-18,43,34,91,25,-28
55,-17,-18,42,34,91,24,-29
54,-18,-19,41,34,90,24,-30
54,-20,-21,39,34,89,23,-34
54,-22,-22,39,34,89,23,-36
54,-24,-22,38,34,90,23,-37
54,-24,-21,38,34,90,25,-35
54,-24,-21,37,34,89,25,-35
54,-24,-20,37,34,88,25,-35
54,-24,-20,37,35,87,25,-35
54,-24,-21,37,36,86,25,-35
54,-24,-21,38,36,86,25,-35
54,-24,-21,38,36,86,24,-37
54,-24,-22,39,34,87,23,-36
53,-22,-21,39,34,87,23,-36
52,-21,-20,40,35,86,21,-32
52,-20,-20,40,36,86,21,-31
53,-18,-20,40,37,87,21,-30
54,-17,-20,40,38,87,23,-29
54,-14,-19,41,39,86,24,-26
55,-12,-18,42,39,86,24,-24
55,-10,-18,42,39,85,24,-21
56,-8,-18,42,39,86,24,-20
56,-5,-18,42,37,87,25,-18
57,-3,-18,42,36,87,25,-15
57,-1,-18,42,36,86,26,-14
58,0,-18,42,37,85,26,-12
58,3,-17,42,38,85,26,-9
59,5,-17,43,38,85,28,-7
60,7,-16,44,37,86,28,-6
61,8,-15,44,36,86,29,-4
62,10,-14,45,36,85,28,-3
62,12,-14,45,36,85,28,-1
63,14,-15,45,35,85,28,1
63,17,-14,46,34,86,29,2
64,19,-13,46,34,86,30,4
65,21,-12,45,35,85,32,9
66,22,-12,44,36,85,32,9
66,22,-12,43,35,85,32,9
66,22,-12,44,34,86,34,9
67,23,-11,44,34,86,35,10
69,24,-10,44,34,86,36,10
70,25,-9,43,34,86,37,12
70,25,-10,42,34,86,37,12
70,25,-11,41,34,86,39,12
69,24,-11,41,34,86,39,12
68,24,-11,41,34,86,37,10
67,23,-11,42,34,86,36,10
66,23,-11,41,34,86,36,10
67,22,-11,41,34,86,36,10
68,22,-11,41,34,87,37,9
69,20,-11,41,34,87,39,8
70,18,-11,41,34,89,39,7
69,18,-11,41,34,90,39,6
68,18,-11,41,34,90,37,6
68,18,-11,41,34,89,37,6
67,17,-11,41,34,87,36,6
66,15,-11,41,34,86,36,3
66,12,-11,41,34,86,36,1
66,11,-10,40,34,88,36,0
67,11,-10,40,34,89,36,0
67,11,-10,40,34,88,36,0
67,11,-10,40,34,87,36,2
67,11,-9,39,34,86,36,2
66,11,-8,38,34,86,39,2
67,11,-9,37,34,87,39,2
66,11,-10,37,34,89,39,2
66,11,-10,38,34,89,36,2
67,11,-9,39,33,89,36,2
67,11,-8,38,32,89,39,2
67,11,-9,37,31,90,39,2
66,11,-10,37,31,91,39,2
66,11,-10,37,31,91,39,2
67,11,-10,38,31,90,36,2
68,11,-10,39,31,90,37,0
70,13,-11,39,30,90,39,2
70,15,-12,39,29,91,40,3
69,17,-12,39,29,91,39,4
68,18,-11,39,30,90,37,6
68,18,-10,40,31,90,37,6
70,18,-11,41,31,90,39,7
72,20,-11,42,31,90,41,8
72,22,-11,42,30,90,41,9
71,24,-11,41,29,91,40,10
70,25,-11,41,29,91,39,12
70,25,-11,41,29,91,39,12
71,25,-11,42,29,91,39,13
73,26,-10,42,29,91,40,14
74,27,-10,43,29,91,41,14
74,28,-10,43,29,91,41,15
73,29,-9,43,29,91,40,15
72,29,-9,43,29,91,39,17
72,31,-9,44,29,91,39,18
73,32,-9,43,29,91,40,19
75,33,-7,43,29,91,43,21
75,32,-5,42,29,91,43,21
74,31,-6,43,29,91,42,20
73,30,-7,42,29,91,42,19
73,30,-9,41,29,91,42,19
74,31,-8,40,29,91,42,20
75,32,-5,40,29,91,43,20
75,31,-4,41,29,91,43,20
75,30,-5,40,29,91,43,19
76,28,-7,39,29,91,47,18
75,27,-8,38,29,91,46,17
75,27,-8,37,29,91,46,17
74,27,-8,38,29,91,45,17
74,27,-8,38,29,91,45,17
74,27,-8,38,29,91,45,17
75,27,-8,38,29,91,46,17
74,27,-8,38,29,91,45,17
74,27,-8,38,29,91,45,17
73,27,-9,39,29,91,42,17
72,26,-9,39,29,91,41,15
72,26,-9,39,29,91,41,15
71,25,-8,38,29,91,42,14
70,25,-8,37,29,91,41,14
70,25,-9,39,29,91,39,14
71,25,-10,40,29,91,40,13
72,26,-11,41,29,91,41,13
72,26,-10,40,29,91,41,13
71,25,-9,39,29,91,40,14
72,25,-8,38,29,91,42,15
72,26,-7,37,29,91,43,15
73,27,-8,37,29,91,45,17
74,28,-8,38,29,91,45,17
74,27,-9,39,29,91,42,17
74,25,-9,39,29,91,42,14
74,23,-9,39,29,91,43,13
76,22,-8,38,29,91,47,12
77,22,-7,38,29,91,47,12
75,22,-8,38,29,91,46,12
74,21,-9,39,29,91,42,12
73,21,-9,39,29,91,42,10
72,20,-8,39,29,91,43,10
72,20,-8,39,29,91,43,10
73,20,-9,39,29,91,42,9
73,19,-10,38,29,91,45,9
74,18,-11,36,29,91,46,6
75,18,-12,35,29,91,46,6
75,16,-12,34,29,91,46,7
74,15,-11,34,29,91,45,6
72,14,-11,35,29,91,43,4
71,14,-11,35,29,91,42,4
72,13,-11,35,29,91,43,3
72,11,-11,34,29,91,43,2
72,9,-11,34,29,91,43,1
71,8,-11,35,29,91,42,-1
69,7,-11,35,29,91,41,-1
68,6,-11,35,29,91,40,-2
66,5,-12,34,29,91,39,-2
65,5,-12,33,29,91,37,-4
65,4,-13,33,29,91,36,-6
64,3,-12,33,29,91,36,-7
63,2,-13,33,29,91,35,-8
62,0,-14,32,31,90,36,-9
61,1,-15,31,33,90,36,-9
61,2,-15,31,33,90,36,-8
61,2,-15,31,31,91,36,-8
62,2,-15,31,29,91,36,-8
62,0,-15,31,29,90,36,-9
62,0,-15,31,29,90,36,-10
62,-1,-15,31,29,89,36,-12
62,-2,-15,31,29,90,36,-12
62,-2,-15,31,29,90,37,-12
61,-2,-15,31,29,90,36,-12
60,-3,-15,31,29,89,35,-13
59,-3,-15,31,29,90,34,-14
60,-5,-15,31,29,90,35,-15
61,-7,-15,31,29,91,35,-17
61,-8,-15,31,29,91,36,-18
62,-8,-15,31,29,91,37,-18
62,-8,-15,31,29,91,37,-18
61,-8,-15,31,29,91,36,-18
60,-8,-15,31,29,91,35,-18
59,-10,-15,31,29,91,34,-19
58,-12,-15,31,29,90,34,-21
59,-14,-15,31,29,90,34,-23
60,-15,-16,31,29,90,35,-24
61,-14,-17,30,29,89,36,-24
60,-14,-18,29,30,88,35,-24
59,-16,-18,28,31,88,34,-25
58,-18,-18,28,31,88,34,-26
58,-20,-18,29,30,89,34,-29
58,-21,-18,29,30,89,34,-30
57,-23,-17,28,31,87,32,-31
57,-26,-16,26,32,86,35,-34
57,-29,-16,24,33,87,35,-37
58,-31,-15,24,33,87,36,-36
59,-32,-15,25,33,87,37,-37
60,-32,-16,24,33,86,37,-40
58,-33,-17,23,34,85,37,-40
56,-34,-18,22,34,86,36,-41
55,-35,-18,22,34,88,35,-42
55,-36,-17,23,34,89,35,-43
56,-37,-17,23,34,89,36,-45
57,-37,-17,22,34,87,37,-45
56,-36,-18,22,34,86,36,-43
55,-36,-18,22,34,85,35,-43
55,-35,-17,23,34,86,36,-42
57,-35,-17,23,34,86,37,-42
59,-34,-17,23,34,86,39,-42
60,-33,-18,22,34,86,40,-41
60,-32,-18,22,34,86,40,-40
59,-32,-18,22,34,86,39,-40
59,-32,-17,23,34,86,39,-40
59,-32,-15,24,34,86,37,-40
60,-30,-15,25,34,86,37,-36
60,-28,-15,24,34,86,37,-36
61,-26,-15,24,34,86,39,-34
61,-23,-15,24,34,86,39,-31
62,-20,-15,24,34,86,40,-29
63,-17,-15,24,34,86,40,-26
63,-14,-15,24,34,86,40,-23
65,-12,-15,24,34,86,41,-21
66,-11,-16,24,32,86,42,-20
67,-9,-15,24,31,87,43,-19
66,-7,-14,25,31,88,42,-14
65,-5,-13,26,32,87,42,-13
65,-2,-12,27,34,86,41,-10
65,0,-11,28,34,86,41,-8
65,1,-11,29,34,85,41,-7
65,3,-10,29,34,86,41,-4
66,4,-11,28,34,86,42,-3
69,5,-12,26,33,87,45,-3
71,6,-12,25,32,88,48,-2
70,7,-12,25,33,87,46,-1
68,10,-12,27,34,86,45,1
66,11,-11,29,34,86,42,2
67,12,-9,30,34,86,41,3
69,13,-8,31,34,86,43,3
71,14,-8,31,34,86,45,4
71,14,-8,31,34,86,45,4
71,14,-8,31,34,86,45,4
71,14,-8,31,34,86,45,4
71,14,-8,31,34,86,45,4
71,14,-7,30,33,86,47,7
71,14,-7,29,32,86,47,7
70,12,-7,28,32,86,46,4
70,9,-7,27,32,86,48,2
69,7,-6,26,33,86,47,1
69,7,-6,26,34,86,47,0
69,7,-7,28,34,86,45,1
70,7,-9,29,34,86,46,-1
70,6,-9,28,34,86,46,-2
70,4,-9,26,33,86,48,-2
69,1,-8,24,32,86,47,-4
67,-1,-9,24,32,87,46,-7
66,-3,-9,25,32,88,45,-9
66,-5,-10,25,32,88,45,-13
67,-7,-10,25,31,88,46,-14
67,-8,-9,24,31,87,46,-13
67,-10,-9,23,31,87,46,-15
66,-13,-10,22,31,89,45,-18
66,-15,-11,22,30,90,45,-21
67,-16,-11,21,30,91,46,-23
67,-16,-12,21,31,91,48,-23
67,-16,-12,21,33,90,48,-23
65,-17,-12,21,34,90,47,-24
64,-18,-12,21,33,90,45,-24
63,-18,-12,21,31,90,45,-25
62,-19,-12,21,30,90,43,-25
62,-19,-12,21,30,90,43,-25
63,-19,-12,21,31,90,45,-25
62,-19,-12,21,31,90,43,-25
62,-17,-12,21,30,90,43,-24
62,-15,-12,21,29,91,43,-21
62,-14,-12,21,29,91,43,-20
62,-13,-12,21,29,91,43,-20
63,-12,-12,21,30,90,45,-19
63,-11,-12,20,31,91,45,-19
64,-11,-11,20,33,91,45,-15
65,-10,-11,19,32,91,46,-15
66,-9,-12,20,31,89,47,-15
67,-7,-12,20,30,87,47,-14
66,-6,-11,20,31,86,47,-13
66,-5,-11,20,32,87,47,-10
66,-5,-11,20,33,89,47,-10
66,-3,-12,20,33,90,47,-12
67,-1,-13,21,32,90,48,-9
68,0,-12,21,31,89,48,-7
68,1,-11,22,30,87,46,-6
68,0,-10,23,31,87,46,-4
68,0,-10,23,32,86,46,-4
68,0,-10,22,34,86,46,-4
68,0,-11,21,34,86,48,-7
68,0,-11,21,34,86,46,-7
68,0,-10,22,34,86,46,-4
68,0,-9,24,34,86,46,-4
67,0,-8,24,34,86,46,-4
68,0,-8,24,34,86,46,-4
68,0,-10,23,34,86,46,-6
69,0,-11,22,34,86,47,-8
69,-1,-12,21,34,86,50,-9
69,-2,-12,20,34,86,50,-9
69,-3,-12,20,34,86,50,-10
67,-4,-10,19,34,86,48,-9
66,-6,-10,18,34,86,47,-10
67,-7,-10,18,34,86,47,-12
68,-8,-10,18,34,86,48,-13
68,-9,-10,18,34,86,50,-14
67,-10,-10,18,34,86,48,-15
65,-11,-9,18,34,86,48,-17
65,-13,-9,17,34,86,48,-18
66,-15,-9,17,34,86,50,-19
66,-16,-9,17,34,87,50,-20
66,-18,-9,17,34,88,50,-21
65,-20,-9,17,34,89,48,-24
64,-21,-9,17,34,88,48,-25
65,-23,-10,16,34,87,48,-26
65,-23,-13,16,34,86,48,-28
64,-24,-15,17,34,86,46,-30
62,-24,-16,17,34,85,43,-30
61,-25,-15,17,34,86,43,-31
61,-27,-14,16,34,86,45,-32
61,-29,-14,15,34,87,45,-35
61,-31,-14,16,34,88,45,-36
60,-33,-15,16,34,87,42,-39
59,-33,-15,17,34,86,41,-39
60,-34,-15,16,34,86,42,-39
61,-34,-15,15,34,86,46,-40
61,-36,-16,14,34,86,46,-41
60,-37,-17,14,34,86,45,-42
59,-38,-18,14,34,86,43,-43
58,-39,-18,15,34,86,40,-43
57,-39,-18,15,34,86,40,-43
57,-39,-18,15,34,86,40,-43
56,-39,-19,14,34,86,39,-46
54,-40,-19,14,34,86,40,-47
54,-41,-19,14,34,86,39,-48
54,-43,-20,14,34,86,36,-50
54,-45,-19,14,34,86,36,-52
53,-47,-19,14,34,86,36,-53
52,-48,-20,14,34,86,35,-54
52,-49,-19,14,34,86,35,-54
52,-49,-19,14,34,86,37,-56
53,-50,-19,14,34,86,39,-56
52,-51,-20,14,34,86,35,-57
50,-53,-19,14,34,86,34,-59
50,-54,-19,14,34,86,36,-61
51,-56,-18,13,34,86,36,-59
52,-58,-19,12,34,86,37,-61
51,-60,-20,12,34,86,37,-65
50,-61,-21,12,34,86,35,-65
48,-61,-22,12,34,86,34,-67
48,-61,-22,10,34,86,34,-67
49,-63,-21,8,34,86,37,-65
50,-64,-20,7,34,86,39,-67
51,-65,-19,7,34,86,39,-68
50,-67,-20,7,34,86,37,-69
48,-68,-20,7,34,86,36,-70
47,-68,-20,7,34,86,35,-70
46,-68,-20,7,34,86,34,-70
46,-68,-20,7,34,86,35,-70
47,-69,-20,7,34,86,36,-72
49,-71,-20,7,33,85,36,-73
49,-72,-20,7,34,84,37,-74
49,-73,-20,7,36,83,37,-74
49,-72,-20,7,37,84,37,-74
49,-72,-20,7,38,85,37,-74
49,-72,-21,6,37,85,37,-74
49,-72,-21,6,36,84,37,-74
49,-72,-22,8,35,84,37,-76
49,-72,-22,9,34,84,35,-76
50,-72,-23,9,33,83,36,-76
52,-70,-25,7,33,83,40,-74
53,-69,-25,6,34,83,40,-73
52,-67,-24,7,36,82,40,-72
51,-66,-23,9,37,82,36,-70
50,-65,-24,10,37,81,36,-70
51,-66,-25,10,35,80,36,-70
51,-66,-25,9,33,81,36,-70
51,-66,-25,9,33,81,36,-70
50,-66,-24,10,35,81,36,-70
51,-66,-23,11,37,81,36,-70
52,-65,-23,11,38,80,37,-70
54,-64,-23,11,37,80,39,-68
54,-62,-23,11,37,80,40,-67
54,-60,-23,11,37,80,39,-65
52,-59,-23,11,38,80,37,-64
52,-59,-23,11,39,80,37,-64
52,-59,-23,11,39,80,37,-64
54,-59,-23,11,38,80,39,-64
56,-57,-23,11,38,80,41,-63
56,-55,-23,11,38,80,41,-61
55,-53,-24,11,39,80,40,-59
54,-52,-23,11,38,80,39,-58
54,-52,-21,12,38,80,39,-58
54,-52,-20,12,38,80,39,-56
55,-52,-20,11,38,80,40,-56
57,-51,-21,11,38,80,42,-57
58,-50,-22,12,38,80,42,-56
58,-48,-21,13,38,80,42,-54
57,-47,-19,13,38,80,41,-51
56,-46,-17,12,38,80,41,-50
55,-45,-17,11,38,80,40,-50
55,-44,-18,12,38,80,40,-48
56,-43,-18,13,38,80,41,-47
57,-42,-18,12,38,80,42,-46
58,-40,-17,12,38,80,42,-45
58,-39,-16,10,38,80,45,-43
57,-37,-16,10,38,80,43,-42
55,-36,-16,10,38,80,42,-41
55,-35,-16,11,38,80,42,-40
55,-35,-16,10,38,80,42,-40
56,-34,-17,10,38,80,43,-39
57,-32,-16,11,38,80,43,-37
57,-29,-15,11,38,80,45,-35
57,-28,-14,13,38,80,41,-31
57,-28,-13,13,38,80,41,-31
57,-27,-14,14,38,80,42,-31
59,-27,-15,14,38,80,43,-32
61,-26,-15,14,38,80,45,-31
62,-23,-15,14,38,80,46,-29
62,-21,-14,13,38,80,46,-26
62,-19,-13,13,38,80,46,-23
62,-18,-13,13,38,80,46,-23
62,-19,-13,14,38,80,46,-23
63,-19,-13,14,38,80,46,-24
64,-18,-12,14,38,80,47,-23
65,-16,-12,14,38,80,48,-20
66,-12,-11,14,38,80,50,-17
67,-10,-11,15,38,80,51,-14
68,-10,-11,15,38,80,51,-14
68,-10,-10,16,38,80,52,-14
68,-10,-10,16,38,80,52,-14
69,-8,-10,16,38,80,52,-13
69,-5,-9,15,38,80,52,-10
70,-3,-8,15,38,80,52,-8
70,-2,-8,16,38,80,53,-8
72,-2,-7,16,38,80,54,-8
73,-2,-7,15,38,80,58,-4
74,-1,-6,14,38,80,58,-4
74,0,-6,13,38,80,58,-2
74,3,-6,14,39,80,58,-1
75,4,-6,14,38,80,59,1
76,5,-6,14,38,80,61,2
76,6,-6,14,38,80,61,2
75,7,-6,13,39,80,59,2
74,8,-6,13,39,80,58,4
75,10,-6,13,38,80,59,6
76,11,-6,13,37,80,61,7
78,12,-6,13,36,80,62,7
78,12,-6,13,36,80,62,8
77,13,-6,14,36,80,61,8
75,15,-6,14,37,80,59,10
75,16,-6,14,39,80,59,12
75,17,-6,13,39,80,59,12
75,17,-6,13,37,80,59,12
75,16,-6,13,35,80,59,12
75,16,-7,14,35,80,59,10
75,16,-8,16,36,80,57,9
74,17,-9,17,38,81,57,10
73,19,-8,16,39,81,56,12
72,20,-7,14,39,80,57,15
72,21,-7,14,38,80,57,15
72,21,-8,15,38,80,54,13
72,20,-8,16,39,81,54,13
73,20,-7,15,39,82,57,15
72,21,-6,14,38,82,57,15
72,21,-5,13,37,82,57,15
72,20,-6,13,37,82,57,15
73,20,-7,15,37,83,57,15
73,21,-8,16,37,83,54,13
72,21,-8,16,37,83,54,13
72,20,-7,14,37,82,56,14
70,17,-6,14,36,81,54,12
70,15,-6,13,37,80,54,10
70,14,-6,14,37,80,54,9
71,14,-7,15,38,81,53,9
71,14,-8,16,39,82,53,7
72,13,-8,16,39,82,54,6
72,11,-8,16,39,83,54,4
73,10,-8,15,39,83,56,3
73,9,-7,15,39,82,58,4
74,8,-7,14,39,82,59,4
75,7,-7,14,38,81,59,3
76,5,-7,15,38,80,58,2
75,4,-8,15,39,81,57,-1
74,4,-7,15,39,83,57,1
73,4,-7,14,39,84,58,1
72,4,-5,14,39,84,57,0
72,3,-6,13,39,83,57,0
72,2,-7,12,39,82,57,-1
73,0,-8,11,38,82,58,-3
74,0,-9,10,37,83,58,-6
74,-1,-10,10,37,86,59,-7
75,0,-9,10,38,86,62,-3
75,0,-9,10,38,85,59,-3
74,0,-9,10,39,83,58,-3
73,-1,-9,10,39,82,58,-4
71,-2,-9,10,39,83,58,-6
70,-3,-9,10,39,83,56,-6
70,-3,-9,10,39,83,54,-7
70,-3,-9,10,39,83,54,-6
70,-3,-9,10,39,83,54,-6
71,-3,-9,10,39,84,56,-6
71,-3,-9,10,39,85,56,-7
71,-5,-9,10,39,85,56,-8
70,-6,-9,10,39,84,56,-9
69,-8,-9,10,39,84,54,-10
69,-9,-9,10,39,83,54,-12
70,-9,-9,10,39,83,56,-12
70,-9,-9,10,39,83,54,-12
68,-8,-9,10,39,83,53,-10
66,-7,-9,10,39,84,52,-9
66,-5,-9,10,39,84,51,-8
66,-5,-9,10,39,84,51,-8
66,-5,-9,10,39,84,52,-8
66,-6,-9,10,39,84,51,-8
66,-6,-9,10,39,84,51,-9
66,-5,-9,10,39,84,52,-8
66,-3,-9,10,39,83,52,-7
67,0,-9,10,39,83,52,-4
68,0,-9,10,39,82,54,-2
68,1,-9,10,39,82,53,-2
68,0,-9,10,39,82,53,-2
67,0,-9,10,39,81,52,-2
67,1,-9,10,38,80,54,-2
67,4,-9,10,38,80,54,1
68,6,-9,10,38,80,53,2
69,7,-8,11,38,81,53,3
69,7,-8,11,38,81,54,3
69,7,-8,11,38,80,54,3
69,7,-9,10,38,80,54,3
69,7,-8,11,38,80,53,2
69,7,-7,12,38,80,54,3
70,8,-7,12,38,80,56,3
72,9,-7,12,38,80,57,4
73,10,-7,12,39,80,58,6
74,10,-6,13,39,80,58,6
73,10,-6,14,38,80,58,6
73,10,-6,14,38,80,58,6
74,10,-6,14,38,80,58,6
75,10,-6,13,39,80,59,6
76,11,-6,13,40,80,61,7
76,12,-6,14,40,80,61,8
77,13,-6,13,39,80,61,8
77,14,-6,13,39,80,61,9
77,13,-6,13,39,80,61,8
76,14,-6,13,40,80,61,9
75,14,-6,13,40,80,59,9
75,16,-6,13,40,80,59,12
76,18,-6,13,39,80,61,13
78,18,-6,13,39,80,62,13
79,18,-6,13,39,80,63,13
79,18,-6,13,40,80,63,13
79,20,-6,13,40,81,63,15
79,22,-6,13,39,80,63,17
79,25,-6,13,39,78,63,19
81,26,-6,13,40,77,64,20
81,26,-6,13,39,77,65,20
81,25,-6,13,39,78,65,19
81,25,-6,13,39,79,64,19
80,27,-6,13,40,79,64,21
79,28,-6,13,41,79,63,23
78,29,-6,13,41,80,62,24
78,30,-6,13,40,80,62,24
79,31,-6,13,39,81,63,25
81,32,-6,13,38,81,64,25
83,32,-6,13,39,80,65,25
83,32,-6,13,39,80,67,25
83,32,-6,13,41,80,67,26
82,33,-6,13,42,80,65,28
81,35,-6,13,42,80,64,29
80,37,-6,13,42,80,63,30
80,37,-6,13,40,79,63,30
81,35,-6,13,38,79,64,29
82,33,-6,13,38,79,65,26
82,32,-6,13,39,79,65,26
82,33,-6,13,40,79,65,26
82,33,-6,13,42,79,65,28
82,33,-6,13,42,80,65,28
83,33,-6,13,42,80,65,26
83,32,-6,13,42,80,67,25
83,32,-6,13,43,80,67,25
81,32,-6,13,43,80,64,25
79,31,-6,13,43,80,63,25
79,30,-6,13,43,80,62,24
79,28,-6,14,43,80,63,23
80,27,-6,13,43,80,64,21
80,25,-6,13,43,80,63,19
78,24,-6,13,43,80,62,18
77,23,-6,14,42,80,62,18
77,21,-5,14,41,80,61,17
77,19,-6,13,42,80,61,14
77,17,-7,12,43,79,61,12
76,16,-8,11,43,79,61,12
75,16,-9,10,44,79,59,12
73,16,-10,10,43,80,58,8
72,14,-9,10,43,79,58,9
72,12,-9,10,42,77,57,8
73,11,-9,10,41,75,57,7
73,10,-9,10,42,75,58,6
72,9,-9,10,43,76,59,4
71,8,-9,10,43,77,56,3
70,6,-9,10,43,77,54,2
71,4,-9,10,43,76,56,1
72,3,-9,10,43,76,57,0
72,3,-9,10,43,77,57,-1
72,3,-9,10,43,79,57,0
72,3,-9,10,43,79,57,0
72,3,-9,10,43,77,57,0
71,3,-9,10,43,75,56,0
72,3,-9,10,43,75,57,-1
72,2,-9,10,43,75,57,-1
73,0,-9,10,43,75,58,-4
74,0,-9,10,43,75,58,-3
75,-1,-9,10,43,75,59,-4
75,0,-9,10,43,75,59,-3
74,0,-9,10,43,75,59,-6
74,0,-9,10,43,76,59,-6
74,-1,-9,10,43,77,61,-4
74,0,-8,9,43,77,61,-3
75,1,-8,9,43,76,62,-2
75,3,-8,10,44,76,62,0
75,4,-9,10,43,76,62,1
74,5,-9,10,41,77,59,1
75,5,-8,10,40,77,62,1
75,6,-8,9,40,76,62,2
74,8,-8,9,41,75,61,4
73,10,-9,10,43,75,61,6
73,10,-9,10,43,75,58,3
74,10,-9,11,43,75,58,6
74,10,-8,11,43,75,58,6
73,10,-7,12,43,75,57,6
71,12,-7,13,43,75,56,8
70,15,-6,13,43,75,54,10
70,18,-6,14,43,75,54,13
71,20,-6,14,43,75,56,14
72,21,-6,14,43,75,57,15
73,21,-6,13,43,75,57,15
73,20,-5,12,43,75,57,15
73,20,-4,12,43,75,57,14
72,21,-5,12,42,75,57,15
72,21,-4,12,40,75,57,17
72,22,-4,11,40,76,58,17
73,22,-3,10,41,77,59,19
74,22,-2,9,42,77,61,19
74,21,-2,10,43,77,61,18
73,20,-3,10,42,76,59,18
73,21,-3,10,41,75,59,18
73,21,-3,9,41,75,59,18
74,21,-4,8,41,75,61,18
74,21,-3,9,41,75,61,18
73,21,-3,9,42,75,59,18
72,21,-2,10,43,75,59,18
72,21,-3,10,43,75,59,18
72,20,-3,10,43,75,59,18
73,19,-3,10,43,77,59,17
75,18,-3,10,43,79,61,15
75,16,-3,10,43,79,62,14
75,16,-2,10,43,78,62,13
75,16,-2,9,43,77,62,13
75,17,-3,8,43,78,64,14
75,17,-4,6,43,79,64,14
75,16,-5,6,42,79,63,14
74,16,-6,6,41,79,63,12
72,14,-6,7,40,79,61,9
72,13,-6,7,40,79,61,8
72,10,-6,7,40,79,62,6
73,10,-6,7,40,79,62,6
74,9,-6,7,40,79,63,6
74,10,-6,7,39,79,63,6
73,10,-6,6,38,80,62,6
73,10,-6,6,38,81,62,6
73,10,-6,7,39,81,62,6
74,10,-5,7,40,80,63,6
74,10,-4,8,41,80,63,8
73,10,-5,7,41,80,62,6
72,9,-6,7,41,80,62,4
70,7,-6,6,39,80,59,3
69,7,-6,6,39,80,59,3
70,8,-6,7,38,80,59,3
72,9,-6,7,38,80,61,4
72,9,-6,7,39,80,62,4
72,7,-6,6,39,80,61,3
71,4,-6,7,39,80,61,1
71,3,-6,7,38,80,61,0
72,2,-6,7,38,80,61,-1
72,3,-6,7,38,80,61,0
72,3,-6,7,38,80,61,0
72,3,-6,7,38,80,61,0
72,3,-6,7,38,80,61,0
72,3,-6,7,38,80,62,0
72,3,-6,7,38,80,58,0
70,2,-7,8,38,80,57,-1
69,1,-7,8,38,80,57,-1
69,1,-7,8,38,80,56,-2
69,1,-7,7,38,80,58,-2
68,1,-6,6,38,80,58,-2
68,1,-6,6,38,80,57,-2
68,0,-6,6,38,81,57,-2
68,0,-6,7,38,81,58,-3
69,-2,-7,7,38,80,57,-4
69,-3,-9,8,38,80,56,-7
67,-5,-11,9,39,80,54,-10
67,-7,-12,9,38,81,54,-12
67,-8,-12,8,39,82,54,-13
68,-10,-13,7,39,83,56,-14
68,-10,-13,7,39,83,56,-15
68,-10,-13,7,39,84,56,-15
66,-10,-13,7,39,85,54,-15
66,-11,-13,7,38,85,53,-17
66,-13,-13,5,36,86,53,-18
66,-14,-14,3,36,86,56,-19
67,-16,-16,3,37,86,57,-20
68,-18,-17,3,38,85,58,-23
67,-20,-17,4,39,83,54,-24
66,-22,-17,4,39,82,54,-26
65,-23,-16,4,39,82,53,-26
65,-23,-16,4,39,83,53,-26
65,-23,-17,3,39,85,53,-26
64,-24,-18,3,38,86,52,-30
62,-24,-19,1,37,86,53,-30
61,-26,-20,0,37,85,52,-31
61,-27,-20,0,37,85,52,-32
63,-28,-19,0,38,86,53,-34
64,-29,-18,-1,39,86,57,-32
64,-30,-18,-1,39,85,57,-32
62,-31,-17,-2,39,84,56,-34
60,-31,-17,-3,39,83,53,-34
59,-32,-17,-2,39,84,52,-35
59,-32,-17,-2,39,85,52,-35
59,-32,-17,-2,39,86,52,-35
60,-33,-17,-2,39,86,53,-36
59,-35,-17,-2,39,85,52,-37
58,-36,-17,-2,39,84,51,-39
57,-38,-17,-2,39,83,51,-40
57,-39,-17,-2,39,82,51,-41
57,-39,-17,-2,37,82,51,-41
58,-39,-17,-2,36,81,52,-41
57,-39,-17,-2,35,82,51,-41
56,-39,-17,-3,36,82,50,-42
55,-40,-17,-2,37,82,48,-42
53,-42,-17,-2,38,83,47,-43
53,-42,-17,-2,37,83,46,-43
53,-41,-17,-3,36,83,47,-43
55,-40,-17,-3,36,83,48,-42
57,-39,-17,-2,36,82,50,-41
57,-39,-17,0,37,82,51,-41
57,-39,-17,0,37,82,48,-41
56,-39,-18,0,37,81,47,-42
56,-39,-18,1,37,80,47,-42
57,-39,-19,2,38,80,48,-43
58,-39,-18,2,37,80,50,-43
57,-39,-18,2,37,80,48,-43
57,-37,-19,1,37,80,48,-42
57,-35,-20,0,38,81,48,-40
58,-33,-20,0,39,82,48,-39
59,-32,-19,2,39,83,50,-37
60,-32,-18,3,39,82,48,-37
60,-30,-17,3,39,81,48,-34
61,-27,-17,3,38,80,50,-31
61,-26,-18,3,39,80,52,-31
61,-25,-18,3,38,80,51,-31
61,-25,-17,3,38,81,50,-29
61,-24,-16,4,38,81,50,-28
62,-21,-15,3,38,80,53,-25
62,-19,-15,2,38,80,53,-23
62,-17,-14,1,38,80,52,-21
61,-15,-14,0,38,80,51,-20
61,-14,-14,0,38,80,52,-19
63,-13,-13,2,38,80,53,-18
64,-12,-13,5,38,80,52,-17
65,-10,-12,6,38,80,53,-14
65,-7,-12,6,38,80,53,-12
66,-6,-12,4,38,80,56,-10
66,-5,-12,3,38,80,56,-10
66,-5,-12,3,38,80,56,-8
66,-3,-11,4,38,80,56,-7
67,-1,-11,4,38,80,57,-4
68,0,-11,5,38,80,57,-2
67,1,-11,7,38,80,54,-4
67,2,-10,8,38,80,54,-3
68,3,-10,9,38,80,54,0
69,4,-10,8,39,80,57,1
70,6,-9,8,38,80,57,2
70,7,-8,8,38,80,57,3
68,9,-8,9,38,80,56,4
67,10,-8,10,39,80,54,6
67,11,-9,10,39,80,52,4
66,11,-9,10,38,80,53,7
67,11,-8,9,37,80,54,7
67,11,-7,8,36,80,54,7
67,11,-7,8,37,80,54,7
67,11,-8,9,38,80,54,7
67,11,-9,10,39,80,52,7
67,11,-10,10,39,80,52,4
67,11,-9,10,38,80,52,4
66,11,-9,10,38,80,52,7
67,11,-9,10,38,80,54,7
68,10,-9,10,39,80,54,6
69,8,-10,10,38,80,53,2
69,7,-9,10,38,80,54,3
69,7,-9,10,38,80,54,3
68,6,-9,10,39,80,56,2
67,4,-10,9,39,80,54,-1
66,2,-12,8,38,80,54,-3
68,0,-13,7,37,80,54,-4
68,0,-12,6,37,80,56,-6
69,-2,-12,5,37,80,57,-7
69,-3,-12,6,38,80,56,-9
68,-6,-13,7,37,80,56,-10
68,-8,-14,7,37,80,56,-13
67,-10,-13,7,37,80,54,-15
66,-13,-12,6,38,80,53,-18
65,-15,-10,5,39,80,54,-18
65,-18,-10,4,39,80,54,-19
65,-19,-12,3,38,80,56,-23
66,-21,-14,3,38,80,56,-25
65,-22,-16,3,38,80,56,-26
64,-24,-16,3,39,80,54,-28
63,-26,-16,2,38,80,53,-30
63,-28,-16,2,38,80,53,-31
63,-29,-17,2,38,80,53,-32
64,-30,-19,1,38,80,54,-35
63,-32,-18,0,39,80,53,-37
62,-34,-17,0,38,80,53,-36
62,-36,-15,-1,38,80,54,-39
61,-37,-15,-2,38,80,54,-40
60,-37,-17,-2,39,80,53,-40
59,-38,-18,-2,39,80,52,-40
57,-39,-18,0,38,80,48,-41
57,-39,-18,0,37,80,48,-41
57,-39,-18,1,36,80,48,-41
58,-39,-18,0,37,80,50,-41
57,-39,-17,-1,38,80,51,-41
57,-39,-16,-1,39,80,51,-41
57,-39,-15,0,39,80,48,-41
57,-39,-16,0,38,80,48,-41
57,-39,-16,0,38,80,48,-42
57,-38,-16,-1,38,80,51,-41
58,-36,-15,0,39,80,52,-39
59,-35,-13,0,39,80,52,-37
60,-34,-13,0,38,80,51,-36
60,-33,-13,0,37,80,51,-36
59,-32,-14,0,36,80,52,-35
60,-30,-14,0,35,80,53,-34
60,-28,-13,0,35,80,53,-31
61,-26,-13,1,35,80,52,-30
62,-25,-13,2,37,80,53,-29
63,-23,-13,2,38,80,53,-26
64,-20,-13,2,39,80,54,-24
64,-18,-12,2,39,80,54,-21
65,-16,-11,3,37,80,54,-18
65,-14,-11,4,36,80,54,-15
65,-11,-11,6,36,80,53,-17
67,-9,-12,6,36,80,54,-14
67,-6,-13,7,37,80,54,-10
68,-2,-13,7,37,80,56,-8
69,0,-13,7,37,80,57,-4
70,2,-11,6,37,80,57,-3
71,4,-11,5,38,80,61,1
72,7,-11,4,39,80,61,2
72,9,-12,5,39,80,59,2
72,11,-12,6,39,80,59,4
72,13,-11,7,38,80,58,6
71,15,-9,7,38,80,58,10
72,17,-7,7,39,80,59,12
75,20,-6,7,38,80,63,14
76,21,-6,7,38,80,65,15
77,22,-6,6,38,80,65,17
76,23,-6,7,38,80,65,18
76,25,-6,7,38,80,64,19
76,27,-6,7,38,80,64,21
77,29,-6,6,38,80,65,23
78,30,-6,6,38,81,67,24
79,30,-6,7,38,81,67,24
79,30,-5,7,38,80,67,26
78,31,-5,7,38,79,65,26
76,32,-5,7,38,79,64,26
76,34,-6,7,38,79,64,28
77,35,-5,7,38,80,65,29
79,36,-3,9,38,80,64,31
80,36,-3,10,38,79,65,31
81,36,-2,10,38,79,67,32
80,36,-3,10,38,79,65,32
80,36,-3,10,38,80,65,32
80,36,-2,9,39,81,65,32
80,36,-1,9,39,81,68,32
79,36,-1,9,38,80,68,32
80,36,-2,9,38,79,65,32
81,37,-2,9,39,78,67,32
83,38,-1,9,39,78,70,34
83,38,0,8,38,78,70,34
83,39,1,8,37,79,70,36
83,38,0,7,37,80,70,36
82,38,0,8,37,81,69,34
81,37,-1,8,37,81,69,32
82,38,-2,9,37,80,67,34
83,38,-3,10,37,80,68,34
83,39,-3,10,37,80,69,34
83,39,-3,10,36,80,69,34
83,38,-3,10,35,80,68,34
83,38,-3,10,34,81,68,34
84,39,-3,10,33,81,69,35
84,39,-3,10,33,81,69,35
84,39,-3,10,34,81,69,35
84,39,-3,10,34,81,69,34
84,39,-3,10,34,81,69,34
84,39,-3,10,33,81,69,35
84,39,-3,10,33,81,69,35
84,39,-3,10,33,81,69,34
85,38,-3,10,33,81,70,34
85,37,-3,10,33,81,70,32
86,36,-3,10,33,81,72,32
86,36,-3,10,33,81,72,31
86,35,-3,10,33,81,72,30
86,34,-3,10,33,81,70,30
84,33,-3,11,33,81,69,29
83,32,-4,11,33,81,68,26
82,32,-4,11,34,81,68,26
83,32,-3,10,33,81,68,28
83,32,-2,9,33,81,68,29
83,33,-2,9,34,82,68,29
82,33,-3,10,34,83,68,29
81,34,-4,11,34,84,67,28
82,33,-4,11,34,85,67,28
82,32,-3,11,32,86,68,29
83,32,-3,10,30,86,68,28
83,32,-3,10,30,86,68,28
82,32,-3,10,32,86,68,29
82,34,-3,10,34,86,68,30
82,34,-3,10,35,85,67,30
82,33,-3,10,34,86,68,29
81,32,-3,10,33,86,67,28
81,31,-3,10,32,86,67,28
80,31,-2,10,31,86,65,26
79,30,-2,10,30,86,65,26
79,30,-3,10,29,86,64,26
79,30,-4,9,29,86,64,26
78,30,-5,8,29,86,64,24
77,29,-5,7,29,86,65,25
75,28,-4,7,29,86,64,24
75,26,-4,6,29,86,63,23
76,24,-5,6,29,86,64,20
77,23,-6,6,29,86,65,18
77,23,-5,6,29,86,65,20
75,22,-4,4,29,86,64,19
74,21,-2,3,29,86,64,18
73,19,-3,3,29,86,64,17
74,17,-4,4,29,86,65,14
75,16,-5,6,29,86,63,14
74,16,-6,7,29,86,63,10
73,15,-7,7,29,86,62,10
71,13,-7,6,29,86,61,8
71,10,-9,4,30,86,61,6
71,6,-10,3,31,86,61,2
72,4,-10,3,31,86,61,1
72,3,-10,3,29,86,61,0
71,2,-10,3,28,86,61,-1
69,0,-10,3,28,86,59,-3
68,-2,-10,3,29,86,58,-6
68,-4,-10,3,31,86,58,-7
68,-5,-10,3,31,86,58,-8
68,-6,-10,3,30,86,57,-9
67,-9,-10,3,29,86,57,-12
65,-11,-10,4,29,86,56,-14
64,-12,-11,5,30,86,54,-14
63,-13,-11,4,31,86,53,-15
62,-15,-11,3,31,86,52,-18
62,-18,-12,1,29,86,52,-19
63,-18,-13,0,29,86,56,-20
62,-19,-13,0,29,86,54,-23
61,-20,-14,0,29,86,52,-24
61,-21,-14,1,29,86,51,-25
61,-24,-15,2,29,86,51,-28
61,-26,-16,3,29,86,51,-29
60,-26,-15,3,29,86,51,-30
58,-27,-16,3,29,86,48,-31
57,-28,-18,2,29,86,48,-34
57,-29,-19,2,29,86,48,-35
59,-31,-19,2,29,86,50,-36
59,-32,-18,3,29,86,48,-37
58,-33,-18,3,29,86,50,-39
56,-34,-19,2,29,86,47,-39
55,-35,-20,1,29,86,46,-40
55,-36,-21,0,29,86,47,-41
57,-38,-20,0,29,86,48,-42
57,-39,-20,0,29,86,48,-43
58,-39,-20,0,30,86,50,-43
58,-39,-20,0,31,86,50,-43
57,-39,-20,0,31,84,48,-43
57,-39,-20,0,31,83,48,-43
57,-39,-20,0,30,82,48,-43
57,-39,-20,0,30,83,48,-43
57,-39,-20,0,31,82,48,-43
57,-39,-20,0,32,81,48,-43
57,-39,-20,0,33,81,48,-43
57,-39,-20,0,32,81,48,-43
58,-39,-20,0,32,81,50,-43
57,-39,-20,0,32,81,48,-43
57,-39,-20,0,33,81,48,-43
57,-39,-20,0,34,81,48,-43
59,-38,-20,0,34,81,50,-43
61,-37,-21,0,33,81,52,-42
61,-36,-20,0,33,81,52,-41
61,-35,-19,2,33,81,52,-40
60,-34,-18,3,34,81,51,-39
59,-32,-18,2,33,81,50,-37
58,-31,-19,2,33,81,50,-36
57,-29,-19,2,33,81,48,-34
57,-28,-18,2,33,81,48,-34
57,-28,-17,3,34,81,46,-31
56,-28,-16,4,34,81,45,-31
57,-28,-17,4,34,81,46,-31
57,-26,-17,4,33,79,46,-29
58,-24,-17,3,33,78,47,-28
59,-23,-16,3,34,78,50,-26
59,-23,-15,2,35,78,50,-26
59,-22,-14,1,36,79,50,-26
60,-21,-14,0,37,79,51,-25
61,-20,-14,0,37,79,52,-24
62,-18,-14,1,37,78,53,-23
63,-19,-14,2,37,77,53,-23
63,-19,-13,2,37,78,53,-24
62,-19,-12,2,37,79,52,-20
62,-18,-12,1,37,79,54,-20
62,-15,-12,1,38,78,54,-17
63,-13,-13,1,38,76,53,-18
64,-12,-13,2,38,75,54,-17
65,-12,-12,4,38,75,54,-17
64,-12,-11,4,38,76,54,-14
64,-12,-10,4,38,76,54,-14
64,-13,-9,3,38,76,54,-15
65,-11,-10,3,38,75,56,-14
67,-9,-10,3,38,75,57,-12
67,-7,-10,4,38,75,57,-9
66,-5,-11,5,38,75,56,-8
65,-5,-11,5,37,76,56,-10
65,-6,-11,5,36,75,56,-10
66,-6,-11,5,37,75,53,-10
67,-5,-10,7,38,75,54,-10
69,-4,-10,9,38,76,57,-9
70,-3,-11,9,39,76,57,-8
70,-2,-12,8,38,75,57,-7
69,-1,-11,8,38,74,56,-7
68,-1,-11,9,38,72,56,-7
68,0,-11,9,38,71,56,-6
69,1,-12,8,38,72,56,-4
71,2,-13,7,38,72,58,-3
72,3,-12,7,38,72,59,-2
72,3,-10,9,38,72,59,-2
72,3,-9,10,38,73,57,-1
70,3,-9,10,38,73,54,0
68,5,-9,10,38,73,53,1
68,7,-9,10,38,72,56,2
67,7,-9,10,38,71,54,2
66,5,-9,10,38,71,53,1
66,4,-9,10,38,71,51,1
66,6,-9,10,38,71,51,2
66,7,-9,10,38,71,53,2
65,7,-10,9,38,71,53,1
65,6,-11,9,38,71,52,0
65,5,-11,8,38,71,52,-1
65,4,-11,9,38,71,53,-1
65,4,-10,9,38,71,53,-1
65,4,-10,10,38,71,51,-1
65,4,-11,9,38,71,53,-1
65,4,-11,8,38,71,53,-1
65,5,-12,6,38,71,53,-1
65,5,-12,6,38,71,52,-1
65,4,-11,7,38,71,53,-1
66,3,-9,8,38,71,53,0
67,2,-7,8,38,71,54,-1
68,1,-7,6,38,71,57,-2
68,0,-8,4,38,71,57,-3
66,0,-9,4,38,71,56,-3
65,0,-8,5,38,71,54,-3
65,0,-7,6,38,71,54,-4
65,0,-7,6,38,71,54,-4
65,-1,-9,6,38,71,54,-4
64,-1,-11,7,38,71,52,-7
63,-1,-13,7,38,71,51,-7
63,-1,-14,7,38,71,51,-7
64,-3,-13,7,38,71,52,-8
65,-4,-12,8,38,71,53,-9
66,-5,-10,9,38,70,53,-10
66,-6,-9,10,38,69,52,-9
66,-6,-9,11,39,69,51,-8
66,-5,-9,10,40,69,53,-8
66,-5,-11,9,41,70,53,-10
66,-5,-12,8,40,71,53,-10
66,-6,-12,8,39,71,53,-10
66,-5,-11,9,38,69,53,-10
66,-5,-11,9,39,69,53,-10
66,-5,-11,8,40,69,53,-10
65,-6,-12,8,41,69,52,-12
63,-7,-12,10,41,67,48,-13
62,-9,-13,12,41,66,48,-14
62,-10,-13,13,40,65,46,-14
62,-9,-14,14,40,66,46,-14
63,-9,-14,13,40,67,47,-17
63,-11,-15,11,40,68,50,-18
63,-13,-16,10,39,67,48,-19
61,-14,-17,10,38,66,47,-20
61,-15,-16,10,37,66,47,-21
60,-16,-16,10,37,66,46,-23
60,-18,-16,10,38,66,46,-25
60,-20,-16,10,39,66,46,-26
59,-21,-16,10,39,66,46,-28
59,-23,-16,10,39,66,45,-29
58,-25,-16,10,38,66,45,-30
58,-27,-16,10,39,65,45,-32
58,-29,-16,10,40,65,45,-35
58,-31,-16,10,41,65,45,-36
59,-32,-16,11,39,65,45,-37
59,-35,-17,11,39,65,46,-40
58,-37,-17,10,39,65,45,-41
58,-39,-18,7,40,65,45,-43
57,-39,-18,5,40,65,46,-43
56,-40,-17,3,39,66,46,-42
55,-42,-16,3,38,66,45,-43
55,-44,-16,4,39,66,45,-46
55,-46,-17,4,41,65,45,-47
56,-46,-17,4,42,65,45,-48
56,-46,-17,4,43,65,45,-47
56,-45,-16,4,43,65,45,-47
56,-46,-16,4,42,65,45,-47
56,-46,-16,4,42,65,45,-47
56,-45,-17,3,42,66,45,-47
56,-46,-16,4,43,65,45,-47
56,-46,-16,4,42,65,45,-48
55,-46,-17,4,42,65,45,-47
55,-44,-17,4,42,66,45,-46
55,-42,-17,3,43,66,45,-43
56,-40,-16,4,42,65,46,-42
57,-39,-15,4,42,64,46,-41
57,-37,-14,6,42,62,46,-40
57,-35,-14,8,42,62,46,-37
57,-32,-14,9,42,64,43,-35
57,-29,-15,9,42,65,43,-32
56,-27,-16,10,43,66,42,-32
56,-24,-16,10,42,66,42,-30
57,-22,-15,12,42,64,41,-28
59,-19,-14,13,42,62,42,-25
60,-17,-13,14,42,61,43,-21
60,-15,-12,14,42,60,45,-19
59,-13,-12,14,42,60,43,-18
59,-10,-13,14,42,61,42,-14
58,-6,-13,13,42,62,42,-12
59,-4,-12,14,42,62,43,-9
60,-3,-11,14,42,62,43,-8
61,-1,-10,16,42,61,45,-7
61,0,-9,17,42,62,45,-4
61,4,-9,17,42,64,45,-1
62,7,-9,17,42,66,45,1
62,8,-9,17,43,66,46,2
63,9,-9,17,42,65,46,2
64,10,-9,17,42,64,47,3
64,11,-9,17,42,64,47,4
65,14,-9,17,42,64,48,7
66,17,-9,17,42,65,48,9
67,18,-9,17,43,66,50,10
68,18,-9,17,43,66,51,10
68,18,-9,17,42,65,51,10
68,18,-8,18,42,64,51,10
69,20,-8,18,42,62,51,13
69,23,-7,18,42,61,52,15
70,25,-8,18,42,61,52,17
70,25,-8,18,42,62,53,17
70,25,-8,18,42,63,52,17
70,25,-7,18,42,63,52,17
70,25,-7,19,43,62,52,17
70,25,-5,20,43,61,50,19
70,25,-5,21,43,61,51,19
70,25,-5,20,42,62,50,19
70,25,-5,20,42,62,50,19
70,25,-5,20,43,62,50,19
70,25,-5,20,43,61,51,19
71,23,-5,20,44,60,51,18
72,21,-5,20,45,60,52,17
72,21,-5,20,46,61,52,15
73,20,-5,20,46,63,53,15
73,21,-5,20,45,64,53,15
72,21,-5,20,44,64,52,15
71,20,-5,20,43,64,51,14
70,18,-5,20,43,64,50,13
68,18,-5,20,42,64,48,13
68,18,-5,20,42,64,48,13
68,18,-5,20,43,62,48,13
68,18,-5,20,43,61,48,13
69,17,-5,20,42,60,50,12
70,15,-5,20,42,60,51,10
71,14,-5,20,42,61,52,9
71,13,-5,20,42,61,51,8
70,13,-5,20,42,62,50,8
68,12,-5,20,42,63,48,7
67,12,-5,21,42,64,47,7
66,11,-5,20,42,65,47,6
68,10,-7,19,42,65,51,3
69,8,-7,18,42,66,52,2
69,7,-8,18,42,66,52,1
69,7,-8,18,42,65,52,1
68,6,-8,18,42,65,51,0
67,4,-9,17,42,65,51,-1
67,2,-9,17,42,66,51,-3
67,0,-9,17,42,65,50,-4
66,0,-9,17,42,65,50,-6
65,0,-9,17,42,65,48,-6
64,-2,-9,17,42,65,47,-8
65,-4,-9,17,42,65,48,-9
65,-8,-9,17,42,65,48,-13
65,-10,-9,17,42,65,48,-15
65,-12,-9,17,42,65,48,-17
64,-12,-10,16,42,65,47,-17
63,-13,-11,14,42,65,47,-18
62,-14,-12,14,42,65,46,-19
62,-17,-13,13,42,65,46,-21
61,-20,-13,14,42,65,45,-24
61,-22,-12,14,42,65,45,-26
60,-24,-12,14,42,66,45,-28
59,-26,-12,14,42,66,43,-29
58,-27,-13,14,42,65,42,-31
57,-30,-14,13,42,65,42,-32
57,-33,-15,11,42,65,45,-39
57,-36,-16,10,43,66,45,-41
57,-38,-17,10,43,67,43,-42
55,-39,-17,11,43,68,40,-43
54,-40,-18,12,43,67,39,-45
54,-41,-17,12,43,66,39,-46
54,-43,-16,11,42,65,41,-47
54,-45,-16,10,42,65,41,-50
53,-47,-16,10,42,65,40,-51
52,-48,-16,11,42,65,40,-52
53,-48,-16,11,42,65,40,-52
53,-47,-16,10,43,66,40,-51
53,-47,-16,10,43,67,40,-51
52,-48,-16,11,43,68,40,-52
52,-49,-17,11,43,67,37,-52
51,-48,-18,12,43,66,36,-52
50,-47,-18,13,42,65,36,-51
50,-45,-18,13,42,65,35,-50
50,-43,-18,13,42,65,36,-48
52,-42,-18,12,42,66,37,-46
52,-40,-17,11,42,66,40,-45
52,-38,-16,11,42,65,40,-43
51,-38,-16,13,42,65,36,-42
50,-37,-16,15,42,65,36,-42
50,-36,-16,17,42,65,32,-41
49,-34,-17,17,42,65,32,-40
50,-32,-17,16,42,65,32,-37
51,-32,-17,16,42,65,34,-37
52,-30,-16,17,42,65,35,-36
54,-28,-16,18,42,65,36,-34
54,-26,-16,18,42,65,36,-32
54,-24,-16,18,42,65,36,-30
53,-22,-16,17,42,66,36,-29
54,-20,-16,17,42,65,36,-26
55,-18,-16,18,42,65,37,-24
56,-17,-16,18,42,65,37,-24
56,-17,-16,17,42,66,39,-24
56,-17,-16,17,42,66,37,-24
56,-18,-16,17,42,65,39,-24
57,-17,-15,18,42,64,39,-24
59,-15,-13,20,42,64,41,-21
59,-13,-12,21,42,64,41,-20
59,-11,-12,21,42,65,41,-19
58,-11,-13,20,43,66,40,-19
59,-13,-14,19,42,65,41,-20
60,-14,-14,19,42,64,42,-21
60,-15,-14,19,42,63,42,-21
60,-15,-13,20,42,63,42,-21
60,-14,-12,21,42,63,42,-21
60,-14,-12,21,42,63,42,-21
60,-14,-12,21,42,62,42,-21
60,-14,-13,20,42,61,42,-21
60,-15,-14,19,42,61,42,-21
60,-15,-13,20,42,61,42,-21
60,-14,-12,20,42,61,42,-21
60,-14,-12,21,42,61,42,-21
60,-14,-12,21,42,61,42,-21
61,-14,-12,21,42,61,43,-21
62,-15,-12,21,42,61,43,-21
62,-16,-12,21,42,61,43,-23
61,-16,-12,21,42,61,42,-23
61,-14,-12,21,42,62,42,-21
62,-13,-12,21,42,62,43,-20
62,-13,-12,21,42,62,43,-20
62,-14,-12,21,42,63,43,-20
61,-14,-12,21,42,62,42,-20
61,-13,-12,21,42,62,40,-20
61,-10,-12,21,42,61,42,-18
61,-8,-11,19,42,60,43,-13
61,-6,-10,18,42,61,42,-12
60,-4,-10,18,42,63,42,-10
61,-3,-9,19,42,64,42,-9
62,-2,-7,21,42,64,43,-8
63,-2,-5,21,42,63,45,-6
64,-1,-6,20,42,63,45,-4
64,0,-7,21,42,64,45,-6
65,2,-9,21,42,64,46,-3
65,4,-9,22,42,62,46,-1
65,5,-8,22,42,61,46,-1
64,6,-7,23,42,61,42,0
63,7,-8,24,42,62,42,1
64,9,-9,24,42,63,42,2
65,11,-9,24,42,62,43,4
66,11,-9,24,42,61,45,4
67,11,-8,24,42,61,46,4
67,11,-9,24,42,61,46,4
66,11,-9,24,42,61,45,4
66,12,-9,24,42,61,45,6
65,13,-9,24,42,61,43,6
66,12,-9,24,42,61,45,6
66,11,-9,24,42,61,45,4
67,11,-9,24,42,61,46,4
67,11,-9,24,42,61,46,4
66,11,-9,24,42,62,45,4
66,11,-9,24,42,63,45,4
67,10,-9,24,42,62,46,3
69,8,-9,24,42,61,47,2
69,7,-9,24,42,61,47,1
69,7,-9,24,42,61,47,0
68,6,-9,24,42,61,47,0
66,5,-9,24,42,61,45,0
65,5,-9,24,42,61,43,-1
65,5,-9,24,42,61,43,-1
65,4,-9,24,42,61,43,-1
66,3,-9,24,42,61,45,-2
67,2,-9,24,42,61,46,-3
66,0,-9,24,42,62,45,-6
65,-1,-9,24,42,62,43,-7
63,-1,-9,24,42,63,42,-7
63,-1,-9,24,42,63,42,-7
63,-1,-8,24,42,62,42,-7
64,-1,-9,24,42,61,42,-7
64,-2,-9,24,42,61,42,-8
63,-3,-9,24,42,62,42,-9
62,-6,-8,24,42,63,41,-10
61,-7,-8,24,42,63,40,-12
61,-8,-9,24,42,63,40,-13
62,-8,-10,23,42,62,41,-13
62,-8,-10,22,42,62,41,-13
62,-8,-10,23,42,63,41,-13
61,-8,-9,24,42,64,41,-13
61,-8,-8,24,42,64,41,-13
62,-8,-8,24,42,64,41,-13
62,-8,-9,24,42,64,41,-13
62,-8,-9,24,42,64,41,-13
61,-9,-9,24,42,65,40,-14
59,-10,-8,24,42,65,39,-14
57,-10,-8,24,42,66,37,-15
57,-11,-9,24,42,66,37,-15
58,-12,-10,23,42,66,37,-17
59,-13,-10,22,42,66,39,-18
60,-14,-10,22,42,65,40,-19
60,-15,-10,22,43,65,40,-19
60,-15,-10,22,43,64,40,-19
60,-14,-11,21,42,64,40,-21
60,-14,-12,21,42,64,42,-21
60,-14,-12,20,42,64,42,-21
60,-15,-13,21,43,65,42,-21
60,-14,-12,21,44,65,40,-21
60,-14,-11,22,44,64,40,-21
60,-15,-11,22,44,63,40,-21
60,-14,-11,21,43,63,42,-21
60,-14,-12,21,42,63,40,-21
60,-14,-12,23,43,64,40,-21
60,-15,-12,24,46,64,40,-21
60,-15,-11,25,48,63,40,-21
60,-14,-11,25,48,62,40,-21
60,-13,-11,25,46,63,40,-20
60,-10,-11,26,43,65,37,-18
60,-9,-12,28,43,65,37,-17
61,-8,-11,28,43,65,37,-15
61,-8,-12,28,45,63,37,-15
62,-8,-13,26,46,62,39,-15
63,-7,-14,25,46,62,40,-14
64,-5,-15,24,46,62,41,-15
64,-3,-14,25,45,62,41,-10
64,-1,-13,27,46,62,41,-9
63,-1,-12,28,46,62,40,-9
63,-1,-12,28,46,64,40,-9
63,-2,-13,27,46,65,40,-9
64,-2,-13,26,46,66,40,-9
65,0,-12,26,44,65,41,-8
66,0,-12,25,43,65,45,-7
66,1,-12,23,43,65,45,-6
66,1,-13,21,42,65,45,-6
65,1,-13,21,42,66,46,-7
66,0,-12,21,43,65,47,-8
67,0,-11,21,43,65,48,-7
68,0,-11,22,43,65,46,-7
67,1,-11,24,42,65,46,-6
66,3,-10,25,42,65,45,-4
66,3,-10,25,42,65,45,-4
66,2,-10,23,42,65,45,-3
67,1,-10,23,42,65,46,-3
67,0,-10,23,42,65,46,-4
68,0,-9,24,42,65,46,-4
68,0,-9,24,42,65,46,-4
67,0,-9,24,42,65,46,-4
67,0,-9,24,42,65,46,-4
67,0,-9,24,42,65,46,-4
68,0,-9,24,42,65,46,-4
67,0,-9,24,42,65,46,-4
67,0,-8,24,42,65,46,-4
67,0,-9,24,42,65,46,-4
67,0,-10,25,42,65,46,-7
67,0,-11,26,42,65,43,-7
68,0,-11,26,42,65,43,-7
67,0,-10,25,42,66,46,-7
68,0,-9,26,42,66,46,-4
68,0,-9,28,42,65,43,-7
68,0,-10,30,42,65,45,-7
68,0,-9,31,42,65,42,-7
67,0,-7,30,43,66,43,-4
67,2,-6,28,43,67,43,-3
67,4,-5,28,43,67,46,-1
68,7,-6,28,43,67,43,0
69,7,-6,28,43,67,45,1
70,7,-7,29,43,69,46,1
69,7,-8,30,43,70,46,-1
68,8,-8,31,43,71,42,0
67,10,-8,31,43,70,41,1
67,11,-7,30,43,69,43,4
68,12,-6,28,43,68,43,6
69,14,-5,27,43,69,47,7
69,16,-5,27,43,70,47,9
68,18,-6,28,43,71,45,10
68,18,-5,30,43,71,45,10
69,20,-4,32,43,70,45,12
69,22,-3,32,43,70,45,14
70,25,-3,30,42,70,46,17
70,25,-4,28,41,71,46,17
70,25,-4,27,41,70,48,17
70,24,-4,28,42,70,48,17
70,25,-3,28,42,70,48,17
69,25,-4,28,41,70,45,18
68,28,-6,29,39,70,43,19
69,30,-7,30,38,71,45,21
71,31,-7,30,37,71,46,23
72,30,-7,28,38,71,47,21
73,28,-5,28,38,71,51,19
71,25,-5,27,38,71,50,17
70,25,-5,27,38,71,48,17
70,25,-5,27,38,71,47,17
70,25,-5,27,38,71,48,17
70,23,-5,27,38,71,47,15
69,20,-5,27,38,71,47,12
68,18,-5,27,38,71,47,10
68,18,-5,27,38,71,47,10
69,17,-5,27,38,71,47,9
69,14,-5,27,38,71,47,7
68,10,-5,27,38,71,46,3
66,7,-5,28,38,71,45,1
65,4,-5,28,38,71,43,-1
64,3,-5,27,38,71,42,-2
63,2,-6,26,38,71,42,-3
63,0,-7,25,38,71,42,-6
63,-2,-9,24,38,72,42,-7
63,-3,-10,25,38,73,42,-12
62,-6,-11,26,38,72,40,-13
62,-7,-11,27,38,71,39,-15
62,-10,-10,26,38,70,39,-17
62,-12,-11,26,38,71,39,-19
61,-14,-12,27,38,72,39,-20
60,-15,-12,28,38,74,37,-21
60,-15,-12,28,38,75,37,-21
61,-16,-12,28,38,76,37,-23
60,-17,-13,27,38,76,37,-24
59,-19,-14,25,38,75,36,-25
58,-20,-15,25,38,75,35,-29
58,-21,-16,24,38,76,35,-30
58,-21,-15,24,38,76,36,-30
58,-21,-15,24,38,75,36,-30
59,-21,-15,24,38,75,36,-30
58,-21,-15,24,38,73,36,-30
57,-20,-15,24,38,73,35,-29
57,-18,-15,24,38,73,34,-28
56,-17,-15,24,38,75,34,-26
55,-17,-15,24,38,75,34,-26
56,-17,-15,24,38,75,34,-26
57,-17,-16,24,38,75,35,-25
58,-14,-15,24,38,74,36,-24
58,-12,-14,25,38,72,35,-19
58,-10,-13,27,38,72,35,-18
57,-10,-12,27,38,72,35,-18
57,-10,-11,28,38,72,35,-18
57,-10,-12,28,38,72,35,-18
57,-9,-12,28,38,72,34,-17
55,-8,-12,27,38,71,32,-15
55,-6,-11,27,38,71,32,-14
56,-5,-11,26,38,71,34,-13
58,-4,-10,25,38,71,37,-12
59,-4,-9,25,38,71,39,-9
60,-3,-8,25,38,71,39,-9
59,-4,-7,27,38,71,36,-9
59,-4,-7,28,38,71,36,-9
59,-4,-6,28,38,71,36,-9
59,-4,-5,28,38,71,39,-9
59,-4,-5,27,39,71,39,-9
59,-4,-5,27,40,70,39,-9
59,-3,-6,28,41,70,36,-9
59,-3,-6,29,42,70,36,-9
59,-4,-6,28,43,70,36,-9
59,-4,-5,28,43,70,39,-9
59,-4,-6,28,43,70,36,-9
58,-2,-7,29,43,70,36,-8
59,0,-8,31,43,70,34,-8
61,0,-9,31,43,70,35,-8
62,0,-8,31,43,70,37,-8
63,0,-8,31,43,70,37,-8
62,0,-8,31,43,70,36,-7
61,2,-8,31,42,70,36,-6
62,3,-8,31,42,70,36,-4
63,4,-8,31,41,70,37,-3
64,6,-8,31,41,70,39,-2
64,8,-8,31,41,70,37,-1
64,9,-8,31,41,70,39,1
65,10,-8,31,42,70,39,1
66,11,-8,31,42,70,40,2
68,13,-8,31,43,70,41,4
68,15,-8,31,43,70,42,6
68,18,-7,32,43,70,42,8
69,21,-7,32,43,70,42,13
69,22,-6,33,43,70,43,14
70,25,-5,33,43,70,43,17
71,27,-5,34,43,70,45,18
71,30,-5,34,43,70,45,21
71,32,-5,35,43,70,45,23
70,34,-6,36,43,70,43,23
70,36,-7,37,43,70,41,25
71,39,-7,37,43,70,42,28
73,42,-8,37,43,70,43,30
74,44,-7,36,43,70,45,31
75,44,-6,36,43,70,47,35
75,45,-4,36,43,70,48,35
75,46,-3,38,43,70,46,36
75,48,-3,39,43,70,46,39
75,50,-2,39,43,70,46,40
75,51,-2,38,43,70,46,41
76,51,-1,37,43,70,48,41
77,51,-1,37,43,70,50,41
77,51,-2,38,43,70,47,41
77,51,-2,39,43,71,47,41
77,51,-3,39,43,71,47,41
77,51,-3,39,43,70,47,41
77,51,-2,38,43,70,47,41
76,51,-2,38,43,70,47,41
76,52,-3,39,43,71,47,41
77,51,-3,39,43,72,47,41
78,50,-3,39,43,72,48,40
79,48,-3,40,41,72,48,39
78,46,-3,40,41,71,48,36
77,46,-3,39,41,70,47,36
76,46,-2,39,43,70,46,36
76,46,-2,39,43,72,47,36
77,44,-3,39,42,74,47,35
77,42,-4,41,39,75,46,30
77,41,-5,42,38,75,46,29
78,40,-4,41,37,74,46,29
78,40,-3,39,38,74,48,31
78,41,-2,38,39,75,48,31
77,41,-2,39,41,75,47,31
77,41,-3,40,41,75,47,31
78,41,-4,41,40,75,46,29
78,40,-4,41,39,75,46,29
78,39,-3,40,38,75,48,30
77,38,-2,39,38,76,47,29
75,37,-2,38,38,75,46,28
75,36,-2,36,38,75,47,28
74,37,-3,35,38,75,47,28
74,37,-4,35,38,75,47,28
74,37,-4,35,38,75,47,28
74,37,-3,36,38,75,47,28
75,37,-3,36,38,75,47,28
74,37,-3,35,38,75,47,28
72,37,-4,35,38,75,46,28
70,36,-4,35,38,75,43,28
69,36,-5,34,38,75,42,26
69,36,-5,34,38,76,42,26
69,35,-5,34,38,76,42,26
69,36,-5,34,38,76,42,26
69,36,-4,35,38,75,42,26
69,36,-3,35,38,75,42,26
69,36,-2,34,38,76,42,26
69,36,-2,34,38,78,42,26
69,35,-3,33,38,79,42,26
68,35,-4,34,38,79,41,26
68,35,-5,34,38,78,41,26
68,35,-5,34,38,78,41,25
69,34,-4,34,38,79,42,25
70,32,-4,34,38,79,43,23
69,30,-5,34,38,78,42,21
69,29,-5,34,38,76,42,20
68,29,-5,34,38,75,41,20
67,29,-5,34,38,75,41,20
67,29,-5,34,38,77,41,20
68,29,-5,34,38,78,41,20
68,28,-5,34,38,79,42,19
69,26,-5,35,38,79,43,18
70,25,-6,36,38,79,43,14
70,24,-7,36,38,79,41,14
70,25,-7,37,38,79,41,14
70,25,-8,38,38,80,41,14
70,25,-8,38,38,81,41,14
70,25,-8,38,38,81,41,14
71,25,-7,38,38,80,42,15
73,27,-7,39,38,80,43,17
74,27,-6,39,38,80,45,17
75,27,-7,39,38,80,46,17
75,27,-8,38,38,80,46,17
74,27,-8,38,38,80,45,17
73,28,-7,38,38,80,43,18
72,30,-5,40,38,80,41,19
73,32,-4,41,38,80,42,20
75,33,-4,41,38,80,43,23
76,34,-4,41,38,80,45,23
75,35,-4,41,38,80,43,24
74,36,-3,40,38,80,45,28
73,38,-3,40,38,80,45,29
74,40,-3,40,38,80,45,31
74,43,-4,41,39,80,42,31
75,44,-4,40,38,80,46,35
75,45,-2,39,38,80,46,35
76,46,0,39,38,80,47,36
77,47,1,39,39,80,47,40
77,50,1,39,39,80,47,42
77,51,1,39,38,80,47,43
78,52,0,39,37,80,48,42
80,53,-1,39,36,80,50,42
80,55,-2,39,37,80,50,45
79,57,-2,40,38,80,50,46
78,58,-1,42,39,80,46,47
79,59,-1,44,39,80,46,47
80,59,0,45,39,80,47,47
80,59,-1,44,39,80,48,47
79,58,0,44,38,80,47,47
78,59,0,44,37,80,46,48
77,61,-1,44,36,80,45,50
77,63,-2,43,37,80,45,51
77,63,-2,43,38,80,45,52
77,63,-2,43,39,80,45,52
76,63,-1,44,39,80,45,51
77,63,-1,45,38,81,45,52
77,63,-1,46,38,81,45,52
78,62,-2,46,38,80,43,51
77,61,-3,45,38,80,45,47
77,60,-5,43,38,80,45,46
77,59,-5,42,39,81,45,46
79,58,-5,42,39,81,46,45
79,58,-5,41,39,83,46,45
78,58,-4,41,38,84,46,45
77,58,-4,41,38,85,45,45
77,57,-4,41,37,85,45,43
77,55,-4,41,37,84,45,42
77,53,-4,41,37,83,45,40
77,52,-4,41,37,82,45,39
77,51,-4,41,38,83,45,39
77,51,-4,41,38,84,45,39
77,50,-4,41,39,84,46,40
77,48,-4,41,39,84,45,35
76,46,-5,40,39,85,45,34
75,44,-7,39,39,85,46,32
76,43,-8,38,39,84,46,31
76,41,-8,37,39,83,46,29
75,39,-8,38,39,83,45,28
72,37,-9,39,39,83,41,25
70,36,-10,40,39,83,39,24
70,35,-10,40,39,82,39,21
71,32,-10,40,38,81,40,19
71,29,-10,40,38,80,40,17
71,27,-10,40,38,80,40,14
70,25,-10,40,38,81,39,12
69,22,-10,40,38,80,39,9
69,20,-10,40,38,80,39,8
69,18,-11,41,39,81,39,7
69,16,-11,42,39,82,39,4
69,14,-11,42,39,83,39,3
68,12,-11,41,39,82,37,1
68,10,-12,40,39,81,37,-1
67,7,-13,40,38,80,36,-3
66,6,-12,41,38,80,36,-4
66,4,-13,40,38,80,36,-6
65,4,-13,39,38,81,35,-6
63,4,-15,38,38,81,34,-6
63,3,-16,39,38,80,32,-9
63,1,-17,40,38,80,31,-10
64,0,-17,40,38,80,31,-12
64,0,-16,40,38,80,31,-13
63,0,-16,40,38,80,31,-12
63,1,-17,40,38,80,30,-12
62,2,-17,40,38,80,30,-10
62,3,-16,39,38,80,32,-9
63,3,-15,38,39,80,32,-7
64,4,-15,38,39,80,34,-6
64,6,-16,39,38,80,34,-7
64,7,-16,40,38,80,31,-6
64,10,-16,39,38,80,34,-3
65,11,-15,39,39,80,35,0
66,12,-15,38,40,80,36,1
67,14,-15,38,40,80,36,3
66,18,-14,38,40,81,36,7
67,23,-14,39,39,81,36,10
67,27,-14,39,38,79,36,14
68,31,-13,40,38,77,37,18
69,34,-12,41,38,75,37,20
70,36,-12,41,38,75,40,23
72,39,-11,41,40,77,41,25
73,42,-10,43,42,79,40,28
73,45,-8,44,43,79,40,32
73,48,-7,44,43,77,40,36
73,51,-7,45,42,75,40,39
74,53,-7,44,41,75,40,40
74,56,-7,44,41,75,40,42
75,58,-7,46,41,75,41,45
75,60,-5,47,41,75,41,47
76,62,-4,48,42,75,41,48
76,63,-4,48,43,75,41,50
76,65,-4,48,43,75,42,51
77,67,-4,47,43,75,42,52
78,69,-4,48,43,75,43,54
78,70,-3,49,43,75,41,56
78,69,-2,50,41,75,41,54
78,69,-1,50,41,75,41,54
78,69,-1,49,42,75,43,57
78,69,0,49,43,75,43,57
78,69,0,50,43,75,43,57
78,69,0,50,42,75,43,57
78,69,0,50,41,75,43,57
77,69,1,49,41,75,42,57
77,69,0,47,43,75,42,57
78,69,0,46,43,75,45,57
79,68,-1,45,43,75,46,56
79,66,-2,46,43,75,45,54
78,64,-3,46,43,75,43,51
77,63,-3,47,43,75,43,50
77,61,-3,46,43,75,42,47
77,60,-2,46,43,75,43,48
78,58,-1,45,43,75,46,47
77,57,-2,45,43,75,45,46
76,55,-4,45,41,75,42,42
76,53,-6,45,41,75,42,40
76,51,-7,46,42,75,42,39
77,51,-7,44,43,75,42,39
75,51,-7,43,43,75,41,39
74,50,-6,43,42,75,42,37
73,48,-7,44,42,76,40,35
73,45,-7,45,41,77,39,32
72,43,-7,45,41,77,39,31
71,42,-7,44,42,77,37,30
71,42,-6,43,42,77,40,30
72,41,-6,42,43,79,40,29
72,39,-5,42,44,79,40,28
70,37,-5,43,43,79,39,25
68,34,-6,43,42,79,37,23
67,32,-7,42,42,79,36,21
67,30,-8,40,42,80,36,19
67,27,-10,40,43,80,36,17
67,24,-10,40,42,80,36,12
66,22,-11,41,42,80,36,9
65,20,-11,42,42,80,35,8
65,18,-11,42,43,80,34,6
64,15,-11,41,43,80,34,3
64,13,-11,41,43,80,34,1
63,10,-11,41,43,80,32,0
63,9,-11,42,43,80,32,-2
62,9,-11,41,43,79,32,-2
61,8,-12,40,43,79,31,-3
61,6,-12,40,43,79,31,-4
61,3,-12,40,43,78,31,-7
60,2,-13,40,43,77,30,-8
60,1,-14,39,43,77,30,-9
58,0,-14,38,43,79,29,-9
57,0,-15,38,43,79,28,-10
57,-1,-15,38,43,79,28,-12
58,-2,-14,38,43,79,29,-12
58,-2,-14,38,43,78,29,-13
58,-1,-14,38,43,78,29,-12
57,0,-15,38,43,77,28,-10
57,0,-15,38,43,77,28,-10
57,0,-15,38,43,77,28,-10
57,0,-15,38,43,76,28,-9
57,0,-15,38,43,76,28,-9
58,1,-15,38,43,75,29,-8
58,3,-15,38,43,75,29,-7
58,4,-15,38,43,75,29,-6
59,5,-15,38,43,75,29,-4
58,6,-15,38,43,75,29,-4
58,6,-14,38,43,75,29,-4
58,7,-14,38,43,75,29,-3
59,8,-14,38,43,75,29,-2
60,11,-15,38,43,75,30,0
60,12,-15,38,43,75,30,1
60,13,-14,38,43,75,30,2
59,14,-14,39,43,75,30,2
60,16,-13,40,43,75,30,4
60,19,-12,40,43,75,30,7
61,20,-12,40,43,75,31,8
62,20,-12,40,43,75,32,8
62,20,-11,41,43,75,31,7
62,19,-11,41,43,75,31,7
61,20,-11,41,43,75,31,7
61,20,-11,41,43,75,31,8
62,20,-11,41,43,75,31,7
62,18,-11,41,43,75,32,6
63,17,-11,41,43,75,32,4
63,17,-11,41,43,75,34,4
64,17,-11,41,43,75,34,4
64,17,-11,41,43,75,34,4
64,16,-11,41,43,75,34,3
63,15,-11,41,43,75,32,3
61,14,-12,40,43,75,31,2
60,13,-13,40,43,75,30,1
61,12,-12,40,43,75,31,0
61,10,-11,41,43,75,31,-1
62,9,-11,41,43,74,32,-2
62,8,-11,41,45,73,31,-3
61,7,-11,41,45,74,31,-3
60,7,-11,41,44,75,30,-3
59,7,-11,41,44,75,29,-3
58,6,-11,41,45,74,29,-4
59,5,-12,41,46,74,29,-6
60,3,-13,40,46,73,30,-7
61,2,-13,39,45,73,31,-8
61,2,-13,40,45,72,31,-8
61,2,-12,41,46,71,31,-8
60,2,-11,41,47,71,30,-8
60,3,-11,41,47,72,30,-7
61,6,-12,40,46,72,31,-4
61,8,-13,40,46,71,31,-3
62,9,-12,40,47,70,32,-2
62,10,-11,41,48,70,32,-1
61,11,-11,41,48,70,31,0
61,14,-11,42,47,70,31,2
62,16,-11,41,48,70,31,3
62,18,-11,41,48,71,32,6
63,20,-10,42,48,72,32,8
64,23,-10,43,46,72,31,10
65,25,-9,44,44,72,32,13
66,28,-10,45,44,71,34,15
67,30,-9,46,46,70,34,17
66,32,-8,46,47,70,34,19
66,34,-7,46,48,70,32,23
66,36,-6,46,48,70,34,25
68,39,-7,45,47,70,35,26
68,40,-7,45,47,70,35,29
70,42,-7,46,47,70,36,30
70,43,-5,47,48,70,36,31
69,45,-4,48,47,70,36,32
70,47,-3,48,47,70,36,35
71,48,-4,48,47,70,37,36
72,49,-4,48,47,70,39,36
73,49,-4,47,47,70,40,36
73,49,-4,48,47,70,39,36
72,49,-4,48,47,70,39,36
72,49,-3,49,47,70,36,36
73,50,-3,49,47,70,36,37
72,49,-3,49,47,70,39,36
72,46,-3,48,47,70,39,34
71,44,-4,48,47,70,37,32
71,43,-5,48,48,70,35,30
71,42,-5,49,48,72,35,30
70,40,-6,50,48,74,35,29
70,37,-6,51,48,75,34,24
68,34,-7,51,48,74,34,20
68,31,-8,51,48,72,30,18
68,28,-9,50,48,71,32,15
68,27,-9,50,46,71,32,14
68,26,-10,48,44,72,32,13
67,24,-10,47,45,72,32,10
67,20,-10,47,46,73,31,8
67,17,-10,47,47,74,32,4
67,14,-10,47,47,74,32,2
67,12,-10,45,46,73,34,0
65,10,-10,43,46,73,32,-1
63,8,-11,43,46,73,31,-3
61,5,-11,44,46,74,29,-6
60,2,-11,43,46,74,29,-8
60,0,-12,43,46,74,29,-10
60,-2,-13,43,46,73,28,-12
60,-3,-14,44,45,74,28,-13
59,-4,-14,44,45,75,28,-17
58,-5,-13,44,45,75,26,-15
57,-7,-12,43,46,75,25,-17
56,-7,-12,43,47,75,25,-18
55,-7,-14,44,46,75,24,-18
55,-7,-14,45,44,75,21,-19
55,-6,-15,45,43,75,21,-19
56,-7,-14,44,43,75,24,-19
56,-8,-13,43,44,75,25,-18
56,-8,-13,43,45,74,24,-18
55,-7,-13,43,45,73,24,-17
55,-6,-14,44,45,74,24,-17
55,-6,-14,45,46,75,21,-18
56,-6,-14,45,47,75,23,-18
57,-6,-15,45,47,75,23,-18
57,-5,-15,45,46,75,24,-17
57,-3,-14,45,46,75,24,-15
57,-1,-13,46,47,75,24,-14
58,0,-12,47,48,75,24,-9
58,3,-11,48,48,75,24,-7
59,5,-10,48,48,75,25,-6
60,7,-10,48,48,75,25,-3
60,9,-11,48,48,75,26,-2
61,12,-11,48,48,75,26,1
61,15,-11,48,48,75,26,3
61,18,-10,48,48,75,26,6
63,21,-10,49,48,75,28,8
64,23,-8,50,48,75,29,10
64,25,-7,51,48,75,26,12
64,28,-7,52,48,75,26,14
65,31,-7,52,48,75,28,18
65,35,-7,51,48,75,28,21
66,38,-7,51,48,75,29,24
66,40,-7,52,48,75,29,26
67,42,-7,52,48,75,29,28
68,44,-7,52,48,75,31,29
70,46,-7,52,48,75,31,31
71,49,-7,52,48,74,32,34
71,52,-8,52,48,73,32,37
72,54,-7,52,48,74,34,39
73,55,-5,51,48,75,36,42
74,55,-2,51,48,75,37,42
74,56,-1,51,48,75,39,42
75,58,-1,52,47,75,39,45
75,61,-1,53,46,75,39,47
75,63,-2,52,45,75,39,48
76,63,-1,51,46,75,40,48
76,61,0,51,47,75,40,50
76,58,0,51,48,75,40,47
75,57,0,51,48,75,39,46
75,56,0,51,47,75,39,45
74,56,0,51,45,75,39,45
75,54,0,51,45,75,39,43
76,53,0,51,46,75,40,42
76,51,0,51,47,75,40,41
75,50,0,51,46,75,39,40
74,50,0,51,45,75,37,39
73,48,0,51,43,75,37,37
72,46,0,51,43,75,36,35
72,43,-1,50,43,75,36,31
72,40,-2,50,43,75,36,29
71,38,-3,49,43,75,35,26
70,37,-3,49,43,75,37,25
69,35,-4,48,43,75,36,24
68,33,-4,47,43,75,35,21
68,31,-4,48,43,75,35,20
68,29,-5,49,43,75,32,18
66,28,-6,50,43,75,31,18
64,27,-7,52,43,75,28,14
63,25,-9,51,43,75,26,12
62,22,-10,49,43,75,28,9
61,20,-9,47,43,75,26,8
61,19,-9,45,43,77,29,7
61,18,-9,46,43,79,29,6
61,15,-9,47,43,78,26,3
60,13,-11,48,43,77,25,2
58,11,-11,49,43,77,24,0
58,10,-11,49,43,79,24,-1
58,8,-10,48,43,79,24,-3
58,7,-11,48,43,79,24,-4
58,6,-12,47,43,79,24,-4
57,5,-14,46,43,79,23,-7
57,3,-14,45,43,79,23,-9
57,2,-15,45,43,79,23,-10
58,0,-14,45,43,79,24,-12
58,0,-14,45,43,79,24,-12
57,0,-14,45,43,79,23,-12
56,0,-14,45,43,79,23,-12
57,0,-14,45,43,78,23,-13
57,-1,-14,45,43,76,24,-14
59,-3,-14,45,43,76,25,-15
58,-2,-14,45,43,77,25,-15
57,-1,-14,45,43,78,24,-14
57,0,-14,45,43,79,23,-13
57,0,-14,45,43,79,23,-12
57,0,-14,45,43,77,23,-13
56,0,-14,45,43,75,21,-12
55,3,-14,45,43,75,21,-9
55,5,-14,45,43,75,21,-8
57,6,-14,45,43,75,23,-7
58,6,-14,45,43,75,24,-7
58,6,-15,45,43,75,24,-7
58,7,-14,45,43,75,24,-6
58,9,-13,46,43,75,24,-3
59,12,-12,47,43,75,25,1
59,14,-11,48,43,75,24,2
58,16,-10,48,43,75,24,4
58,17,-10,48,43,75,24,4
59,18,-11,48,43,75,24,6
59,20,-11,48,43,75,25,8
60,22,-11,49,43,75,25,9
60,24,-11,49,43,75,25,10
59,24,-11,48,43,75,25,12
59,24,-11,48,43,75,25,10
59,23,-10,48,43,75,24,10
59,24,-10,50,44,75,25,10
61,24,-10,51,45,75,24,12
62,25,-10,52,46,75,25,13
63,26,-9,51,46,75,26,13
64,27,-8,51,45,75,26,14
63,26,-7,51,45,75,29,13
63,26,-7,51,45,75,29,13
63,25,-8,51,46,75,29,12
63,24,-8,50,46,75,28,10
62,22,-8,50,46,74,28,9
62,21,-9,50,45,73,28,8
62,20,-10,49,45,72,28,7
61,20,-10,48,46,72,26,7
61,20,-11,48,46,74,26,7
62,20,-11,48,48,75,28,7
62,18,-10,48,48,75,28,6
62,16,-10,48,48,75,28,4
61,14,-10,48,48,74,26,2
60,13,-11,48,48,73,26,1
60,13,-11,48,48,74,25,1
60,13,-11,48,48,73,25,1
60,13,-11,48,48,72,25,2
61,13,-11,48,47,70,26,1
60,13,-11,48,47,70,25,1
59,12,-11,48,47,70,25,1
57,11,-11,48,47,70,23,0
56,10,-11,48,47,70,21,-1
55,10,-11,48,47,70,21,-1
56,9,-10,48,47,70,23,-1
57,9,-11,48,47,70,23,-2
57,8,-11,48,47,70,24,-2
58,7,-11,48,47,70,24,-3
58,6,-10,48,47,70,24,-4
58,7,-10,48,47,70,24,-4
58,7,-11,48,47,70,24,-3
57,7,-12,47,47,70,23,-3
57,7,-12,47,47,70,23,-3
57,8,-12,47,47,70,23,-3
57,9,-11,48,48,70,23,-2
56,10,-10,48,48,70,21,-1
55,11,-10,48,48,70,21,0
56,10,-11,48,47,70,21,-1
56,10,-11,48,47,70,21,-1
56,10,-11,48,47,70,21,-1
56,10,-10,48,49,69,21,-1
56,10,-11,48,51,68,21,-1
56,10,-11,48,53,67,21,-1
56,10,-11,48,51,66,21,-1
56,10,-10,48,48,65,21,-1
56,10,-10,49,47,65,21,-1
56,10,-10,49,48,65,21,-1
56,10,-9,50,50,65,21,-1
57,13,-9,50,52,65,23,1
57,15,-10,49,53,65,23,3
56,16,-10,49,52,65,21,4
55,16,-10,49,52,65,20,3
55,16,-10,49,52,65,21,3
56,16,-8,50,52,65,21,4
57,17,-8,50,52,65,24,4
58,17,-10,49,52,65,24,4
57,18,-10,48,52,65,23,6
57,18,-10,49,52,65,23,6
57,19,-9,50,52,65,24,7
59,21,-9,50,52,65,25,9
60,23,-9,50,52,65,25,10
60,24,-9,50,52,65,25,10
58,25,-8,51,52,65,24,12
57,26,-7,52,54,65,21,13
57,28,-7,52,55,65,21,15
59,31,-7,52,56,65,21,18
61,34,-7,51,55,63,26,20
62,36,-7,52,56,61,25,23
62,37,-8,53,56,60,25,24
62,37,-10,54,57,59,25,24
63,37,-10,55,57,60,24,20
64,38,-10,57,57,60,24,21
65,39,-9,56,57,60,25,25
66,40,-9,56,57,60,26,25
68,40,-9,56,57,60,28,26
68,40,-8,57,57,60,29,26
68,40,-7,58,57,60,28,26
67,42,-6,59,57,60,26,28
67,44,-7,58,57,60,26,29
68,45,-8,57,57,60,28,30
68,46,-8,57,57,60,29,31
68,44,-7,57,57,60,29,30
67,42,-7,58,57,60,28,28
66,40,-8,57,57,60,26,26
66,39,-9,56,57,60,26,25
66,40,-10,55,57,60,26,24
67,40,-11,55,57,60,26,24
67,40,-10,55,57,60,28,24
67,39,-10,55,57,60,28,23
67,36,-10,55,57,59,28,20
66,34,-10,55,57,58,26,18
65,33,-10,55,57,58,25,18
65,33,-10,55,57,59,25,17
65,33,-9,54,58,59,28,19
66,32,-9,54,58,58,29,18
67,30,-10,54,58,57,30,17
68,29,-10,55,57,55,29,14
68,28,-10,55,58,54,28,13
66,28,-10,54,58,55,29,15
65,27,-9,54,57,55,28,14
64,25,-10,54,57,55,28,12
64,24,-10,55,58,55,25,9
64,25,-10,54,60,54,26,13
64,26,-8,53,61,54,26,13
64,26,-7,52,62,54,26,13
64,25,-7,51,61,54,29,13
64,25,-8,50,61,54,29,12
64,25,-10,49,61,54,29,12
64,26,-11,49,61,55,29,13
63,26,-10,50,61,54,29,13
63,27,-9,51,61,54,26,14
63,26,-9,52,61,54,26,13
64,26,-11,51,61,55,26,13
64,26,-13,51,61,55,26,10
63,26,-13,50,61,54,26,12
62,28,-12,50,61,54,25,12
61,29,-11,48,61,53,26,15
61,30,-10,48,61,52,26,17
62,31,-10,48,61,51,28,18
64,32,-10,49,62,50,29,19
65,34,-9,50,65,49,30,20
64,36,-8,50,66,49,29,21
63,37,-8,51,66,50,25,23
62,38,-8,53,66,50,25,24
63,39,-9,54,66,50,25,25
63,42,-10,55,66,49,24,25
64,43,-10,56,66,49,24,26
65,44,-10,55,66,49,25,28
65,45,-11,55,66,49,25,28
66,47,-10,55,66,49,26,30
66,49,-9,56,66,49,26,34
66,50,-8,57,66,49,26,35
66,51,-7,59,66,49,26,36
66,53,-7,59,66,49,26,37
67,55,-7,58,66,49,26,40
67,57,-7,58,66,50,28,41
68,57,-6,59,66,49,28,42
69,58,-4,61,66,49,26,42
70,60,-5,63,66,49,28,45
70,63,-5,65,66,50,25,46
69,64,-5,64,66,50,26,48
69,64,-5,63,66,49,26,48
69,64,-5,63,66,48,26,47
69,64,-5,64,66,47,26,47
68,65,-5,64,66,48,25,48
68,67,-5,63,66,49,25,51
68,69,-4,63,66,50,25,52
69,70,-3,63,66,50,26,53
71,71,-3,64,66,49,28,53
71,71,-2,65,66,49,29,54
71,71,-1,65,66,49,28,54
70,72,0,66,66,49,28,57
70,72,0,65,66,49,28,57
70,72,0,65,66,50,28,57
70,72,0,65,66,50,28,58
69,73,0,65,66,49,26,58
68,75,0,65,66,48,25,59
68,75,0,65,66,47,25,61
68,75,0,65,66,48,25,59
69,75,0,65,66,49,26,59
70,75,-1,64,66,50,26,61
70,76,-2,63,66,50,28,59
69,76,-2,63,66,49,26,61
69,75,-1,64,66,49,26,59
69,74,-1,64,66,49,26,59
69,73,-2,63,66,50,26,56
70,72,-3,62,66,49,26,56
70,72,-2,62,66,49,28,54
71,71,-2,63,66,49,28,54
71,71,-2,63,66,49,29,54
71,71,-3,62,66,49,28,53
70,70,-3,61,66,49,26,53
68,69,-3,62,66,49,25,52
66,68,-3,62,66,49,24,52
66,68,-3,62,66,49,24,52
67,68,-3,62,66,49,24,52
68,67,-3,61,66,49,25,51
67,65,-3,62,66,49,25,48
66,63,-4,63,66,49,24,46
65,61,-6,64,66,49,20,45
66,60,-6,65,66,49,21,43
67,59,-6,65,66,49,23,42
67,57,-5,64,66,49,23,41
67,56,-5,64,66,49,25,41
66,56,-6,65,66,49,21,41
65,56,-7,65,66,49,20,39
64,55,-7,65,66,50,20,37
64,54,-6,65,65,50,20,39
65,52,-7,65,65,50,21,34
66,51,-7,64,64,49,21,34
66,50,-8,64,64,49,21,32
66,50,-7,64,64,50,21,32
66,51,-8,64,63,51,21,34
66,51,-9,63,63,53,21,34
66,50,-10,62,63,54,24,32
66,50,-10,62,62,55,24,32
66,51,-10,62,62,55,24,34
66,51,-10,62,61,54,24,34
66,50,-10,62,61,54,24,32
66,50,-9,63,61,54,21,32
66,51,-7,64,61,55,21,34
65,52,-7,65,62,57,21,35
64,54,-6,65,61,58,20,39
63,54,-6,65,62,57,19,39
63,55,-7,65,61,57,19,37
65,56,-7,65,61,57,20,37
65,57,-7,65,61,58,21,39
66,60,-7,65,62,59,21,42
66,62,-6,65,62,58,21,46
67,65,-7,65,61,58,21,46
67,67,-7,66,60,58,23,48
68,69,-8,67,59,59,24,50
69,70,-9,67,59,60,23,51
70,72,-9,68,60,60,23,53
69,74,-9,70,60,59,21,54
68,75,-6,70,60,59,21,56
69,75,-4,69,59,59,23,58
71,77,-2,69,58,60,26,59
73,79,-3,68,58,60,28,62
74,82,-4,69,58,60,26,64
74,84,-4,70,57,60,26,67
75,85,-4,70,57,60,28,67
77,86,-3,69,57,60,31,68
78,86,-2,69,57,60,32,68
78,88,-1,70,57,60,31,69
77,90,0,70,57,60,29,72
77,91,0,72,57,60,29,73
78,93,0,72,57,60,30,74
80,93,0,72,57,60,31,75
80,93,0,71,57,60,32,75
80,93,0,71,57,60,31,74
80,93,0,71,57,60,31,74
80,93,0,71,57,60,31,74
81,94,0,71,57,59,32,75
83,95,-1,70,57,60,36,76
84,96,-2,69,57,61,37,76
85,96,0,70,56,63,36,78
84,96,0,72,55,63,35,76
84,96,0,72,54,63,35,76
84,95,0,72,53,64,35,76
84,96,0,72,52,65,35,76
83,97,0,72,52,65,35,78
82,99,0,72,52,65,34,79
82,100,0,72,52,65,34,81
82,101,0,72,52,65,32,81
82,100,0,72,52,65,32,80
81,100,0,72,52,65,32,80
82,101,0,72,52,65,32,81
82,102,0,72,52,65,34,83
84,103,0,72,52,65,35,84
85,104,0,72,52,66,36,84
85,104,0,72,53,68,36,85
84,105,0,72,52,70,35,86
83,107,0,72,52,70,35,86
83,107,0,72,52,70,34,87
83,107,0,72,53,70,34,86
83,107,0,72,53,70,35,86
83,107,0,72,52,70,35,86
83,107,0,72,51,69,35,86
83,107,0,72,49,70,34,86
83,107,0,72,48,72,35,86
83,107,1,71,47,74,36,89
83,107,2,69,48,75,36,89
83,107,2,69,48,75,36,89
83,107,1,70,48,75,36,89
83,107,0,72,48,75,34,86
83,107,0,73,48,75,35,86
83,107,0,73,48,75,35,86
83,107,1,73,48,75,35,89
83,107,2,72,48,75,35,89
84,107,3,70,46,75,37,90
83,107,3,68,45,76,36,89
83,105,3,68,43,79,36,87
82,102,3,68,43,80,35,85
82,100,3,68,43,81,35,83
83,98,3,68,43,80,36,81
83,97,3,68,43,80,36,80
83,95,3,68,43,80,36,79
83,93,3,68,43,82,36,76
82,90,3,69,43,84,35,74
81,89,3,69,44,85,35,73
79,87,2,69,44,86,34,72
78,85,1,69,43,85,32,69
77,82,0,67,42,85,31,67
77,79,-1,66,40,85,31,62
77,76,0,65,39,85,34,61
76,74,0,65,38,85,32,59
75,71,0,66,39,85,31,57
74,69,-3,66,39,85,29,52
73,67,-5,66,39,85,28,50
72,64,-7,66,39,86,28,46
71,61,-7,65,39,86,26,42
70,57,-6,65,39,85,25,42
69,54,-6,65,39,85,25,39
69,51,-7,64,39,86,25,34
69,48,-9,63,39,87,25,31
68,45,-10,62,39,88,25,28
67,41,-10,62,39,89,25,24
66,38,-10,62,37,89,24,21
65,35,-10,62,36,89,24,19
65,32,-11,61,36,90,24,17
66,29,-12,60,36,90,24,14
66,26,-13,60,36,90,24,10
64,23,-12,60,35,90,23,8
62,20,-13,60,34,90,21,6
61,18,-13,59,34,90,19,3
59,17,-14,59,34,90,18,2
59,15,-14,59,34,90,18,1
60,13,-14,59,34,90,19,-1
60,10,-14,59,34,90,19,-3
59,8,-14,59,34,90,18,-4
58,7,-14,59,34,90,18,-6
58,6,-14,59,34,90,18,-7
58,6,-14,59,34,91,18,-7
58,7,-14,59,34,91,18,-6
57,6,-14,58,34,90,17,-9
55,4,-15,57,34,90,15,-10
54,3,-16,57,34,90,13,-12
54,3,-17,56,34,91,13,-12
55,4,-16,57,34,92,15,-10
57,5,-14,57,34,92,17,-7
59,6,-13,57,34,92,20,-7
59,7,-13,56,35,91,20,-6
57,8,-12,55,34,91,19,-6
56,9,-11,54,34,92,18,-4
56,10,-11,54,34,93,18,-3
56,10,-11,54,35,94,18,-2
55,10,-11,54,35,95,17,-3
55,12,-11,54,34,96,17,-2
56,14,-11,54,33,96,18,0
57,16,-11,54,31,95,18,2
57,18,-12,54,30,95,19,3
57,18,-11,54,31,95,18,3
56,20,-11,55,32,95,18,6
56,22,-10,55,31,95,18,7
57,23,-10,55,30,95,19,8
59,24,-10,55,29,96,20,9
60,24,-10,55,29,96,20,9
59,24,-10,55,30,95,20,8
59,24,-10,55,31,95,20,8
59,24,-10,55,32,95,20,9
59,24,-10,55,31,95,20,9
59,24,-10,55,30,95,20,9
59,24,-11,55,29,96,20,9
59,24,-10,55,29,96,20,9
59,24,-9,57,29,96,20,10
59,24,-8,57,30,96,20,10
59,24,-8,57,30,96,20,10
59,24,-9,57,29,96,20,10
59,24,-10,57,29,96,20,9
59,24,-11,57,30,96,20,9
59,24,-12,58,29,96,18,9
59,24,-13,58,29,95,18,9
59,24,-14,59,29,96,18,9
59,24,-14,59,30,97,18,9
59,24,-14,59,30,99,18,9
59,24,-14,59,29,101,18,9
58,23,-14,59,28,101,17,8
56,22,-14,59,28,99,15,7
55,21,-14,59,29,99,14,7
54,21,-14,59,29,99,14,6
55,21,-14,59,28,100,14,6
55,21,-14,59,26,101,14,6
56,20,-14,59,25,101,15,6
56,19,-14,59,26,101,15,4
56,21,-13,57,28,101,15,6
55,21,-13,56,30,100,17,6
55,21,-13,55,30,100,17,6
55,20,-13,56,30,100,17,6
56,19,-13,57,30,101,18,4
56,20,-12,57,30,101,18,6
56,21,-11,56,30,101,18,7
56,22,-10,55,30,100,18,7
56,22,-10,55,30,100,18,7
57,22,-10,55,29,101,18,7
58,23,-10,55,28,101,19,8
59,24,-10,55,28,101,20,9
59,24,-10,55,28,101,20,9
59,24,-10,55,29,101,20,8
59,24,-10,56,30,100,20,8
59,24,-9,56,30,100,20,10
59,24,-8,55,30,101,20,12
58,25,-7,54,30,101,21,12
58,25,-6,54,30,101,21,12
59,26,-6,54,30,100,23,13
61,27,-6,55,30,101,24,14
62,28,-6,55,30,101,25,14
63,27,-7,54,30,101,26,14
63,27,-9,54,30,101,26,14
63,27,-10,54,30,101,26,14
62,28,-11,55,30,101,23,13
61,28,-10,55,30,101,21,13
59,26,-10,56,30,101,20,10
59,25,-10,56,30,101,20,10
59,24,-9,57,30,101,20,10
59,23,-9,56,30,101,20,10
60,23,-10,55,30,101,21,8
60,22,-10,55,30,101,21,7
61,21,-11,55,30,101,21,7
61,21,-11,56,30,101,23,6
62,20,-11,57,30,101,23,4
62,19,-11,56,30,101,23,4
61,19,-12,56,30,101,21,4
60,19,-13,57,30,101,19,4
59,18,-14,59,30,101,18,3
58,18,-14,59,30,101,18,1
59,16,-14,59,30,101,18,2
59,14,-13,57,30,101,18,0
60,13,-12,57,30,101,21,-1
60,12,-13,58,30,101,19,-1
60,13,-14,59,30,101,19,-1
61,14,-14,59,30,101,20,0
63,15,-13,58,30,101,21,1
64,15,-12,57,30,101,25,1
65,15,-13,57,30,101,23,1
65,15,-14,58,30,101,23,1
64,15,-14,59,30,101,23,1
63,17,-14,59,30,101,21,2
62,18,-14,59,30,101,21,4
61,19,-14,59,30,101,20,4
62,20,-14,59,30,101,20,3
63,21,-14,59,30,99,21,6
64,22,-12,59,30,97,23,7
64,25,-10,59,29,96,23,9
63,26,-8,60,29,96,21,10
62,28,-8,61,30,97,21,13
63,30,-8,60,30,98,21,14
64,32,-8,59,30,99,21,18
65,33,-7,58,30,98,25,20
65,33,-7,58,30,97,26,20
65,33,-7,58,29,96,26,19
65,32,-7,58,29,96,26,19
65,33,-7,58,29,96,25,19
64,35,-7,59,29,96,24,20
63,36,-6,59,29,96,24,23
63,36,-5,60,30,96,24,23
64,34,-4,61,30,96,23,20
65,33,-4,61,29,96,23,19
65,32,-4,61,29,96,24,19
65,33,-5,59,29,96,25,19
65,33,-7,58,30,95,26,19
66,32,-7,58,31,95,26,18
65,29,-7,58,31,95,25,17
65,28,-7,58,31,95,25,14
64,26,-7,58,31,95,25,13
64,25,-7,58,32,95,25,12
64,23,-7,58,32,95,24,10
63,21,-7,58,32,95,24,8
62,19,-7,58,32,95,24,7
62,18,-6,59,33,95,23,6
62,16,-7,58,34,95,23,4
61,14,-8,57,34,95,23,2
61,13,-9,56,33,95,21,1
60,13,-10,55,32,95,21,-1
59,13,-11,55,33,95,20,-1
59,12,-10,55,34,95,20,-1
59,11,-10,55,34,95,20,-2
60,10,-10,55,33,95,21,-2
60,11,-10,55,32,95,21,-2
60,13,-10,55,33,95,21,-1
60,13,-10,55,34,95,21,0
60,13,-10,55,35,95,21,-1
60,13,-10,55,35,95,21,-1
59,14,-10,55,35,95,20,0
58,16,-10,55,35,95,20,1
59,18,-10,55,34,95,20,3
60,19,-10,55,33,95,21,4
61,21,-10,55,32,95,21,6
61,23,-10,55,33,95,21,8
61,24,-10,55,34,95,21,9
62,26,-10,56,35,95,23,13
62,28,-9,56,35,95,23,14
62,29,-8,57,34,95,23,15
61,30,-7,57,34,95,21,17
61,31,-7,58,34,95,21,18
62,31,-7,58,35,95,23,18
64,32,-7,58,34,95,24,19
65,33,-7,58,35,95,25,19
65,33,-7,58,34,95,26,19
65,33,-7,58,34,95,25,19
65,33,-7,58,34,96,25,19
65,33,-7,58,35,96,25,19
65,33,-7,59,35,95,25,19
65,33,-8,59,34,95,23,19
65,33,-8,60,33,96,24,17
65,33,-8,59,33,97,24,19
65,33,-7,59,34,99,25,19
64,32,-7,58,34,99,24,19
62,32,-7,58,34,97,23,18
61,30,-7,58,33,97,21,17
61,29,-7,58,32,97,21,15
62,27,-7,58,32,98,23,14
63,26,-7,58,33,98,24,13
64,26,-7,58,35,98,24,13
64,26,-7,58,35,97,24,13
63,26,-7,58,35,97,24,13
63,26,-7,58,34,97,24,13
63,26,-7,58,33,99,24,13
64,26,-7,58,32,100,24,13
63,26,-7,58,31,99,24,13
63,26,-7,58,30,99,24,13
63,26,-8,57,30,99,24,13
63,26,-8,57,30,100,24,13
65,27,-8,57,30,99,25,14
66,28,-7,58,30,99,26,14
68,28,-7,58,30,98,28,15
68,29,-7,58,30,99,28,15
67,30,-7,58,30,99,28,17
66,32,-7,58,30,100,26,18
65,33,-7,58,30,100,25,19
65,33,-7,58,30,101,25,19
65,33,-7,58,30,101,25,19
66,34,-7,58,30,101,26,20
67,36,-7,58,30,100,28,21
67,39,-7,58,30,101,28,24
67,40,-7,58,30,101,28,25
67,40,-7,58,30,101,26,26
66,40,-7,58,30,101,26,25
67,39,-7,58,31,100,26,25
67,39,-7,58,31,99,26,25
67,39,-7,58,32,98,26,25
67,39,-7,58,32,99,26,25
67,39,-7,59,33,100,26,25
67,40,-6,59,32,101,26,25
67,40,-5,60,32,101,28,26
67,39,-4,60,32,100,26,25
66,38,-4,61,33,100,24,24
65,36,-5,62,34,100,23,23
65,35,-7,63,35,100,23,21
64,34,-8,64,35,100,20,18
64,32,-7,63,35,100,21,19
63,30,-6,63,34,100,21,17
63,28,-5,65,33,100,19,14
63,26,-6,66,33,100,19,13
62,25,-7,66,34,100,19,10
61,24,-7,64,34,100,17,9
59,22,-8,62,34,100,18,7
57,19,-9,61,33,100,17,4
57,17,-10,61,33,100,17,3
58,15,-10,62,34,100,17,1
58,13,-10,62,35,100,15,0
59,12,-10,62,35,100,15,-1
59,12,-10,62,35,100,18,-1
58,12,-10,62,35,100,18,-2
58,10,-10,62,35,100,18,-3
57,8,-10,62,34,100,17,-6
58,6,-10,62,33,100,17,-7
58,6,-10,62,33,100,18,-7
58,6,-10,62,33,100,18,-7
59,7,-11,61,34,100,18,-6
58,7,-11,61,35,100,18,-6
58,6,-11,61,35,100,17,-7
57,6,-10,61,35,100,17,-7
57,6,-11,61,35,101,17,-7
57,5,-12,60,35,101,17,-7
56,5,-12,60,35,100,15,-8
55,5,-13,60,35,99,15,-8
55,5,-13,59,35,98,15,-8
57,5,-13,59,35,99,17,-7
58,6,-14,59,35,100,18,-7
59,6,-13,59,35,101,18,-7
58,7,-12,60,35,101,18,-6
58,6,-12,60,35,100,18,-7
58,6,-12,60,35,98,18,-7
58,6,-12,60,35,97,18,-7
59,6,-13,59,35,97,18,-7
58,6,-13,59,35,98,18,-7
57,7,-14,59,35,99,17,-6
56,9,-14,59,35,97,15,-3
56,10,-14,59,36,95,15,-3
56,9,-14,59,36,95,15,-4
57,7,-14,59,36,95,17,-6
58,7,-14,59,35,95,17,-6
57,9,-14,59,36,95,17,-4
56,10,-14,59,37,95,15,-3
55,11,-14,59,38,95,15,-2
56,10,-14,59,38,95,15,-3
56,10,-14,59,38,95,15,-3
56,10,-14,59,39,95,15,-3
54,10,-14,59,39,95,14,-3
53,9,-14,59,39,95,13,-4
52,7,-14,59,39,94,12,-6
52,7,-14,59,39,93,12,-7
53,6,-14,59,39,93,13,-7
53,7,-14,59,39,95,13,-6
52,7,-14,59,39,96,12,-6
51,8,-14,59,39,95,12,-4
51,8,-13,60,39,93,10,-6
52,8,-12,60,39,91,12,-4
53,9,-12,61,39,91,13,-4
55,10,-12,60,39,91,14,-3
56,10,-12,61,39,92,15,-3
56,10,-11,61,39,92,15,-3
55,12,-10,62,39,91,14,-1
55,14,-10,62,39,90,14,0
56,16,-10,62,39,90,15,2
57,17,-10,62,40,90,17,2
58,18,-10,62,41,90,17,3
58,19,-10,62,40,90,18,4
58,21,-10,62,39,90,17,7
58,25,-9,63,39,90,15,9
59,28,-7,64,39,90,15,12
59,30,-7,65,39,90,15,14
60,32,-6,65,39,90,17,18
61,34,-7,65,39,90,17,18
61,36,-7,65,39,90,18,20
62,37,-7,65,39,90,19,21
63,37,-7,65,40,90,19,20
63,37,-6,65,40,90,19,23
62,38,-7,65,40,90,18,21
61,40,-8,67,41,90,17,24
60,41,-9,68,43,90,14,24
60,42,-8,67,43,90,14,25
60,41,-8,67,43,90,17,25
60,41,-8,66,42,90,17,25
60,42,-8,67,42,90,14,25
60,42,-10,69,43,90,14,25
59,40,-10,69,44,90,13,24
58,38,-10,69,44,90,12,21
57,36,-10,69,44,90,12,20
58,35,-10,69,44,90,12,19
59,34,-10,69,44,90,13,18
59,33,-10,69,44,90,13,17
59,31,-10,69,44,90,13,15
58,29,-10,69,44,90,13,13
57,28,-10,69,44,90,12,12
57,26,-10,69,44,90,12,10
57,24,-9,69,44,90,12,9
56,22,-10,69,44,90,10,7
55,21,-10,68,44,88,10,6
56,20,-12,67,44,86,10,2
57,19,-13,66,44,87,12,2
57,17,-14,65,44,88,12,1
57,16,-14,66,44,90,12,0
54,15,-13,66,44,90,9,-1
53,15,-13,66,44,88,8,-1
53,14,-13,66,44,86,8,-1
54,13,-14,66,44,86,9,-2
55,12,-14,66,45,87,10,-3
56,10,-13,65,46,89,13,-4
56,10,-12,64,46,90,13,-6
56,10,-12,64,46,89,13,-3
56,10,-13,65,46,86,13,-4
55,12,-13,65,46,85,13,-3
54,13,-13,65,46,84,12,-2
53,14,-11,63,46,85,10,0
53,15,-10,62,47,85,13,1
54,15,-10,62,47,85,14,1
56,16,-11,63,47,85,13,2
57,18,-11,64,47,85,14,3
56,20,-11,63,48,85,13,6
55,21,-11,63,49,85,12,6
55,21,-11,63,49,85,12,7
56,22,-12,64,49,85,13,4
58,23,-13,65,48,85,15,6
60,23,-12,66,48,85,14,6
59,24,-10,67,49,85,14,9
58,25,-9,68,49,85,13,9
58,26,-8,68,49,85,13,10
58,29,-8,68,48,85,13,13
58,31,-9,68,48,85,13,15
59,33,-9,68,49,85,13,18
59,35,-10,68,50,85,13,18
59,36,-10,69,50,85,14,19
60,38,-10,69,51,84,14,21
61,40,-9,70,52,83,15,23
62,42,-7,71,52,83,15,25
62,43,-6,72,51,83,14,26
63,45,-6,73,50,83,15,28
64,47,-6,72,50,81,15,30
65,50,-6,72,50,80,18,32
65,52,-6,72,51,79,15,34
65,54,-5,73,51,79,15,36
65,55,-4,74,51,80,15,37
65,58,-3,75,52,80,17,40
66,60,-3,74,53,79,17,41
66,62,-3,75,53,79,18,43
67,65,-3,75,53,80,18,48
68,67,-3,75,54,81,18,51
68,69,-2,75,53,82,19,52
69,70,-2,76,53,81,20,53
70,72,-1,76,53,80,20,54
71,74,-1,76,53,80,21,57
72,76,-1,76,53,81,23,59
73,78,-2,76,53,82,23,61
74,80,-2,76,53,81,24,62
74,82,-1,76,53,80,24,64
73,83,-1,76,53,80,23,65
72,85,-1,77,53,81,23,67
72,87,0,78,53,82,23,69
73,89,0,78,53,81,23,70
75,90,1,79,53,80,25,72
76,91,0,79,53,80,25,72
75,92,0,79,53,81,25,73
74,93,0,79,53,81,24,74
75,96,0,79,53,81,24,76
76,97,0,79,54,81,25,78
77,97,0,79,54,82,26,78
78,97,0,79,53,82,28,78
78,97,0,79,52,82,28,78
77,97,0,79,51,81,26,78
77,98,0,79,52,81,26,79
77,99,0,79,54,83,26,79
77,99,0,79,54,84,26,80
77,99,0,79,52,85,26,79
76,97,0,79,50,85,25,78
75,96,0,79,49,85,23,76
73,95,0,79,50,84,21,76
73,95,0,79,51,84,21,75
74,94,0,79,52,85,24,75
74,92,1,79,52,85,24,73
73,89,0,79,52,84,20,70
71,86,-1,79,51,84,19,68
70,84,-4,79,50,84,19,63
70,82,-6,79,49,85,18,62
69,80,-6,79,48,86,18,59
69,77,-6,79,49,86,17,57
68,73,-6,79,49,86,17,53
67,70,-6,79,49,86,15,51
66,66,-7,78,49,86,15,47
65,63,-7,78,49,87,14,45
65,60,-8,77,49,89,14,40
64,57,-8,76,50,89,13,36
63,53,-9,76,51,90,12,32
62,49,-9,76,50,90,12,29
63,44,-9,76,49,90,12,25
62,41,-9,76,49,90,12,21
60,37,-10,75,49,90,10,19
58,35,-12,73,49,90,10,17
56,32,-13,72,49,90,9,14
56,29,-13,72,49,90,8,12
55,27,-13,73,49,90,8,9
54,25,-13,73,49,90,7,7
53,22,-13,72,49,90,6,4
52,20,-14,72,49,90,6,2
52,18,-14,71,49,89,4,1
52,15,-15,71,49,88,6,-3
52,14,-17,71,49,87,6,-4
51,13,-18,71,49,86,4,-6
49,12,-18,70,48,85,3,-6
49,12,-17,70,48,85,2,-6
49,12,-16,69,49,85,2,-6
49,12,-16,69,50,84,3,-6
49,12,-16,69,50,85,3,-6
49,12,-17,69,50,85,2,-6
49,12,-17,70,50,84,2,-6
49,12,-18,70,52,84,3,-6
50,12,-18,70,53,84,3,-6
49,12,-18,70,54,84,2,-6
48,13,-18,71,54,84,1,-4
48,15,-19,72,53,84,0,-3
48,17,-19,73,53,84,0,-2
49,18,-18,73,53,84,1,-1
50,20,-18,73,54,84,1,1
50,22,-18,73,53,84,1,2
50,23,-18,74,53,85,1,3
50,25,-18,75,53,85,2,4
52,27,-16,76,53,84,2,7
52,29,-16,76,53,83,3,8
53,31,-16,76,53,81,3,10
53,33,-16,76,53,82,3,13
53,36,-15,77,53,82,2,15
54,39,-13,78,53,83,2,18
55,43,-11,78,53,82,3,23
56,45,-11,78,54,81,4,25
57,46,-12,78,54,81,4,26
57,50,-13,79,54,81,6,28
58,53,-12,80,53,80,6,32
60,57,-9,81,53,79,7,36
61,59,-7,80,53,79,8,39
61,61,-5,79,54,79,10,42
62,64,-5,79,55,79,12,45
63,67,-6,79,56,79,12,48
64,71,-6,79,57,79,13,51
63,74,-6,79,56,79,12,54
64,76,-5,80,56,79,13,56
65,78,-3,81,56,79,13,58
67,80,-2,82,57,79,13,59
68,82,-2,83,56,79,14,62
69,85,-2,82,55,79,15,64
69,86,-2,83,54,79,15,65
68,87,-1,83,53,80,14,65
68,86,0,84,53,80,14,65
69,87,-1,83,53,79,15,65
71,87,-2,83,54,79,17,67
71,88,-2,82,55,79,17,67
71,87,-2,82,55,81,17,67
70,86,-2,82,54,83,15,65
69,83,-2,83,53,84,15,63
70,81,-2,83,53,83,15,61
71,80,-2,82,53,83,17,59
71,78,-2,82,54,83,17,58
70,76,-2,83,54,84,15,57
68,74,-2,83,53,85,14,54
68,73,-2,82,53,85,14,53
67,71,-3,81,53,84,15,51
67,68,-5,80,53,84,15,48
66,66,-6,79,53,84,15,47
66,64,-6,79,53,84,14,45
65,62,-6,79,53,84,13,43
64,61,-6,79,53,84,13,42
63,58,-6,79,53,84,12,40
62,56,-6,79,54,84,12,37
62,54,-6,79,53,84,12,36
61,53,-7,80,53,84,8,32
59,53,-8,82,53,84,7,32
57,51,-9,83,54,84,6,31
57,49,-10,82,54,84,4,29
57,46,-11,81,53,84,4,26
57,46,-12,81,52,84,4,24
57,47,-11,80,51,84,4,28
56,49,-10,79,52,84,4,29
56,49,-10,77,53,84,7,29
56,47,-10,77,54,84,6,28
55,46,-11,78,54,84,6,26
54,47,-13,79,53,84,2,25
54,49,-13,80,53,84,2,26
54,50,-13,80,53,84,2,28
55,50,-11,80,54,84,3,30
55,50,-10,82,53,84,3,30
54,51,-9,83,53,84,2,31
54,54,-9,83,53,84,0,34
55,55,-9,83,53,84,3,35
56,56,-9,83,53,84,4,36
57,57,-9,83,53,84,4,36
57,58,-9,83,53,84,4,37
58,61,-9,83,53,84,6,40
58,63,-9,83,54,84,6,42
57,65,-9,83,53,85,4,43
57,65,-9,83,53,85,4,43
58,66,-9,83,53,84,3,45
60,67,-9,83,54,84,7,46
61,68,-9,83,54,84,8,47
62,70,-9,82,54,86,9,48
63,71,-9,83,52,88,8,50
64,72,-8,84,51,90,8,51
64,72,-6,85,50,90,8,51
64,74,-4,85,50,88,10,54
64,76,-3,84,50,87,10,56
64,78,-3,83,49,87,10,58
66,79,-3,83,48,87,12,59
66,79,-3,83,49,89,13,59
66,79,-3,83,50,89,12,59
65,80,-3,83,52,88,10,61
64,82,-3,83,52,88,10,62
65,83,-3,83,50,88,12,62
67,84,-3,84,49,89,13,63
68,84,-4,85,48,90,14,64
68,86,-5,86,49,90,12,63
68,86,-5,86,49,90,12,63
68,86,-5,86,49,90,12,63
68,86,-6,86,49,90,12,63
67,86,-7,85,49,90,12,63
67,87,-7,84,49,90,12,64
66,87,-6,83,49,90,13,64
66,86,-6,83,49,90,12,63
65,84,-6,83,49,90,10,62
63,83,-7,83,49,90,9,61
63,83,-8,82,49,90,9,61
63,83,-8,81,49,90,9,61
64,83,-7,80,49,90,10,61
63,81,-6,80,49,90,9,61
62,79,-6,79,49,89,10,58
62,76,-6,79,49,90,10,57
62,75,-6,79,49,91,12,56
63,73,-6,79,49,93,12,53
63,72,-6,79,49,95,12,53
61,70,-6,79,49,94,10,51
61,68,-6,79,49,93,10,50
61,67,-6,79,49,93,10,48
62,66,-6,79,49,93,12,47
61,65,-6,79,49,94,10,46
60,63,-6,79,49,93,9,45
59,62,-6,79,49,93,8,43
59,61,-6,79,49,93,8,42
59,62,-6,79,48,94,8,43
58,62,-6,79,47,95,8,43
59,62,-6,79,48,95,8,43
60,62,-6,79,49,94,9,43
61,64,-6,79,49,94,10,45
63,65,-6,79,49,94,12,46
64,67,-6,79,49,94,13,48
65,69,-6,79,49,94,14,50
64,71,-6,79,49,94,13,52
64,73,-5,80,49,94,13,53
64,76,-3,81,49,94,13,56
66,79,-2,82,49,94,12,59
68,82,-2,83,49,94,14,62
69,85,-3,83,49,94,15,64
69,87,-5,85,48,94,13,64
69,89,-6,86,47,95,13,65
70,91,-4,87,46,95,13,68
70,94,-2,87,46,94,13,73
70,97,0,86,46,94,15,75
71,99,-1,86,46,94,17,78
72,100,-1,87,46,95,15,78
74,101,-1,88,45,96,17,79
74,103,0,88,44,97,18,80
73,104,0,87,44,98,17,83
73,106,0,87,44,99,15,84
72,106,0,87,45,100,15,84
72,106,0,87,44,100,15,84
72,106,0,87,44,100,15,84
72,106,0,86,44,100,18,86
73,106,0,86,45,99,18,86
74,105,1,86,45,100,19,85
76,104,0,86,45,101,20,84
77,102,0,86,44,102,21,83
77,100,0,86,43,101,21,80
76,99,1,86,42,100,21,79
76,97,1,86,41,99,21,78
76,93,0,86,40,100,21,74
76,91,0,85,40,101,21,70
75,89,-1,83,40,104,20,68
75,86,-2,83,40,104,20,65
74,82,-2,82,40,105,19,62
73,79,-2,82,40,105,19,59
72,76,-2,83,40,105,18,57
70,74,-2,83,40,105,17,54
69,72,-2,82,40,105,15,52
68,68,-3,81,40,105,14,48
68,63,-4,80,40,105,17,45
68,59,-5,79,40,105,17,41
68,55,-6,79,40,105,17,37
66,52,-7,78,40,105,15,35
64,50,-8,77,40,105,13,30
62,47,-9,76,40,105,12,28
61,44,-9,76,40,105,10,24
61,40,-10,76,40,105,10,21
61,36,-11,76,40,105,10,18
60,32,-13,75,40,105,10,14
58,29,-14,74,40,105,8,10
57,27,-14,72,40,105,9,9
56,25,-13,72,40,105,8,8
56,24,-13,73,40,105,8,6
55,22,-14,74,40,106,6,4
55,21,-15,75,40,107,6,1
54,19,-15,75,40,106,6,0
54,17,-15,75,40,105,4,-2
53,15,-15,75,40,104,4,-3
53,14,-16,75,40,105,4,-4
53,14,-17,75,40,106,4,-4
53,15,-17,74,40,107,4,-3
54,17,-17,74,40,108,4,-2
54,19,-17,74,40,107,4,0
55,21,-16,74,40,107,6,1
55,21,-15,73,40,106,6,2
56,23,-14,73,40,106,8,6
56,26,-12,72,40,106,8,8
56,28,-12,72,40,107,8,10
55,31,-14,73,40,107,8,13
55,33,-14,74,40,108,6,13
56,35,-14,76,40,107,6,14
57,37,-13,77,40,107,7,18
57,39,-11,77,40,107,7,20
57,42,-10,77,39,108,8,23
58,44,-10,77,38,108,8,25
59,46,-10,76,39,110,9,26
60,47,-11,77,40,110,9,28
62,48,-12,79,40,110,9,29
62,50,-11,80,40,109,9,30
62,52,-10,81,40,109,9,32
62,52,-7,80,40,109,9,32
62,50,-5,79,40,110,12,32
63,49,-5,79,39,110,12,31
62,48,-6,79,38,110,12,30
61,47,-7,78,37,110,10,30
61,46,-8,77,37,110,10,26
61,44,-9,76,37,110,10,25
60,42,-10,75,37,110,9,23
60,39,-9,76,37,110,9,20
59,35,-9,76,36,110,9,17
59,32,-9,76,35,110,9,13
58,28,-9,76,35,110,8,10
57,26,-10,75,35,110,8,8
57,24,-12,73,36,110,9,7
57,21,-13,72,36,112,9,3
57,18,-13,72,36,113,9,2
56,16,-13,72,36,113,9,0
54,15,-13,72,36,112,7,-1
54,14,-13,72,36,112,7,-2
55,11,-13,72,36,112,8,-4
56,10,-13,72,36,113,8,-6
56,10,-13,72,36,113,9,-6
55,12,-13,72,36,112,8,-4
54,14,-13,72,36,112,7,-2
53,14,-13,72,36,113,6,-2
53,15,-13,72,36,115,6,-1
54,15,-13,72,36,115,7,-1
55,17,-13,72,36,115,8,1
55,21,-13,72,36,115,8,3
55,25,-13,72,36,115,8,8
55,30,-12,74,36,115,8,12
57,34,-10,75,36,115,7,15
58,38,-9,76,36,115,8,19
59,41,-9,76,36,115,9,21
60,44,-9,76,36,115,9,24
61,47,-8,76,36,115,10,28
61,51,-8,77,36,115,10,31
62,55,-7,78,36,115,10,37
62,59,-7,78,36,115,12,40
63,62,-6,79,36,115,12,43
63,65,-6,79,36,115,13,46
64,67,-6,79,36,115,13,47
65,68,-6,79,36,115,14,48
65,67,-6,79,36,115,14,48
64,66,-6,79,36,115,13,47
62,66,-6,79,36,115,12,47
62,65,-6,79,36,114,12,46
63,66,-6,79,36,115,12,47
63,65,-6,79,36,116,13,46
63,63,-5,79,35,119,12,43
62,60,-6,79,32,119,10,41
61,57,-7,78,31,119,10,39
60,53,-8,77,31,118,9,34
61,50,-9,76,31,118,10,30
61,46,-9,76,31,119,10,26
60,42,-9,76,31,120,9,23
58,39,-10,75,31,120,8,20
57,34,-12,74,31,120,9,15
57,30,-13,72,31,120,9,12
57,26,-13,72,31,120,9,8
56,23,-13,72,31,120,8,6
54,20,-13,72,31,120,7,2
53,16,-13,72,31,120,6,-1
51,12,-13,73,31,120,4,-4
50,8,-13,72,31,120,3,-7
50,5,-14,71,31,120,3,-10
49,3,-16,70,31,120,3,-14
49,1,-16,69,31,120,2,-17
47,0,-16,70,31,120,1,-18
45,-2,-15,70,31,120,0,-18
44,-5,-15,70,31,120,-1,-20
44,-7,-16,69,31,120,-1,-24
44,-7,-17,69,31,120,-1,-25
44,-7,-17,69,31,120,-1,-24
44,-7,-17,69,31,120,-1,-24
44,-7,-16,69,31,120,-1,-24
44,-7,-16,69,31,120,-1,-24
44,-7,-17,69,31,120,-1,-24
44,-7,-17,69,31,120,-1,-24
44,-7,-17,69,31,120,-1,-25
44,-7,-17,69,31,120,-1,-24
43,-6,-17,69,31,120,-2,-23
42,-4,-17,69,31,120,-2,-21
42,-3,-17,69,31,120,-3,-20
43,-2,-17,69,31,120,-2,-20
43,-2,-16,69,31,120,-2,-19
43,0,-16,69,31,120,-2,-18
43,1,-16,69,31,120,-2,-17
43,2,-17,69,31,120,-2,-15
43,3,-17,69,31,120,-2,-14
45,4,-16,69,31,120,-1,-13
46,5,-16,70,31,120,0,-13
47,5,-15,71,31,120,1,-10
48,5,-14,72,31,120,2,-9
49,6,-14,72,31,119,2,-9
49,8,-13,72,31,119,3,-7
50,11,-13,72,31,118,3,-4
50,12,-13,73,31,119,3,-3
49,12,-14,74,31,119,1,-3
49,12,-14,74,31,120,1,-3
48,13,-14,74,31,120,0,-3
47,14,-15,74,31,120,-1,-3
47,16,-15,75,31,120,-1,-2
47,17,-15,77,31,120,-2,-1
50,18,-14,79,31,120,-1,-1
50,19,-13,80,31,120,0,0
51,19,-13,80,31,120,0,0
51,18,-12,79,32,119,0,1
50,19,-11,78,32,119,2,2
50,20,-10,77,33,119,1,3
49,22,-10,77,32,118,0,4
48,23,-11,78,33,118,-2,6
48,23,-12,79,34,117,-2,6
50,24,-13,78,36,117,-1,4
51,25,-13,77,36,118,2,4
52,25,-13,77,36,119,3,7
52,25,-12,78,36,120,3,7
51,24,-10,77,36,120,2,7
50,24,-9,76,34,119,1,7
49,24,-9,75,33,118,1,6
48,23,-9,75,32,118,0,6
48,22,-10,75,32,119,0,4
49,22,-11,75,32,119,0,4
49,21,-12,75,33,120,0,4
49,22,-14,75,35,120,0,2
49,22,-15,75,36,120,0,2
49,22,-15,74,35,119,0,3
50,22,-14,73,33,119,1,4
50,20,-12,74,31,118,1,3
49,19,-11,75,31,119,0,2
48,17,-12,76,31,119,0,0
47,16,-13,77,31,120,-1,0
46,16,-13,78,31,120,-3,-1
46,16,-12,78,31,120,-1,0
47,16,-10,77,31,120,-1,0
46,16,-11,76,31,120,-1,0
46,16,-13,76,31,120,-1,0
46,16,-14,78,31,120,-3,-2
47,16,-15,79,31,120,-3,-3
47,15,-15,78,31,120,-3,-3
48,14,-15,76,32,120,0,-3
49,16,-15,75,32,120,0,-2
50,18,-14,76,33,120,1,-1
50,19,-13,77,32,120,2,2
51,19,-11,78,32,120,2,2
51,19,-11,79,31,120,0,2
51,21,-12,79,31,120,0,3
52,23,-12,79,31,120,1,6
52,25,-12,78,32,120,1,7
53,28,-11,78,33,120,3,9
54,30,-12,78,34,120,2,12
55,34,-12,79,35,120,3,15
55,37,-12,81,34,120,3,17
55,40,-10,82,34,120,3,21
55,43,-8,82,35,120,3,24
56,46,-7,80,36,119,3,26
57,49,-6,79,36,118,7,31
57,53,-6,79,36,118,7,35
58,56,-5,80,36,118,8,37
59,59,-3,81,36,119,8,41
60,63,-2,82,36,120,7,43
61,66,-2,83,36,120,8,47
62,69,-3,84,36,119,8,50
62,72,-3,84,36,119,9,53
62,76,-3,83,36,119,9,56
62,79,-2,83,36,119,9,58
62,81,-2,83,36,119,9,61
63,83,-3,83,36,119,9,62
65,84,-4,84,36,119,12,64
66,86,-4,85,36,119,9,65
66,88,-4,85,36,119,12,68
65,90,-3,86,36,119,9,69
65,90,-3,87,36,119,9,69
65,90,-5,87,36,119,8,67
65,90,-5,86,36,120,9,67
66,88,-5,86,36,120,9,65
67,87,-4,86,36,119,10,64
67,86,-4,87,36,119,12,65
68,86,-4,87,36,119,12,63
68,84,-5,86,35,120,12,62
68,83,-5,86,32,121,12,59
67,80,-5,86,32,122,12,58
67,78,-5,86,31,123,10,56
67,76,-5,86,31,123,10,53
68,74,-5,86,32,123,12,52
68,72,-5,86,32,123,12,51
68,71,-5,86,32,122,12,50
68,69,-5,86,31,121,12,47
68,67,-5,86,31,120,12,46
68,65,-5,86,31,121,13,43
69,64,-5,86,31,123,13,43
69,64,-5,86,31,125,13,43
68,63,-6,86,31,125,13,42
66,62,-5,86,31,125,10,41
65,61,-5,86,31,125,9,41
65,61,-6,86,31,125,9,41
66,62,-6,86,31,125,10,41
68,63,-5,86,31,125,13,42
69,64,-5,86,31,125,13,43
69,66,-4,85,31,125,13,47
67,67,-4,85,31,125,14,47
66,68,-5,84,31,124,13,48
66,68,-4,85,31,123,10,50
67,70,-3,86,31,123,12,51
68,72,-1,86,31,123,12,53
68,75,0,86,31,124,14,56
68,76,1,86,31,125,14,59
66,78,1,86,31,125,13,61
66,79,0,86,31,125,12,61
67,80,0,86,31,125,13,62
69,81,0,86,31,125,15,63
70,81,1,86,31,125,17,63
71,82,0,86,31,125,17,63
69,83,0,86,31,125,15,64
68,84,0,86,31,125,14,65
68,86,0,86,31,125,14,68
68,87,0,86,31,125,14,68
69,87,1,86,31,125,14,68
68,86,0,86,31,125,14,68
68,86,0,86,31,125,14,68
68,86,0,86,31,125,14,68
69,86,1,86,31,125,15,68
68,86,1,86,31,125,14,68
68,86,0,87,31,125,12,65
68,86,-2,87,31,125,12,65
68,84,-3,86,31,125,12,64
69,83,-4,85,31,125,15,63
69,81,-4,83,31,125,15,61
67,79,-4,84,31,125,13,59
67,78,-4,85,31,125,10,58
67,76,-5,86,31,125,12,54
68,75,-5,86,31,125,12,53
68,72,-6,86,31,125,12,51
67,70,-5,86,31,125,12,48
67,69,-5,86,31,125,10,47
65,67,-5,86,32,126,9,46
65,65,-5,86,32,126,9,43
63,62,-5,86,32,126,8,41
62,59,-6,86,32,127,7,39
61,55,-7,85,32,128,6,35
61,53,-8,84,32,129,6,32
60,51,-9,83,32,130,7,31
60,49,-9,82,32,130,7,29
59,46,-9,83,32,130,7,26
57,43,-10,84,32,129,3,24
56,41,-10,85,32,128,2,19
54,38,-10,85,32,126,1,17
54,35,-10,84,32,127,0,17
54,34,-11,85,32,128,0,13
54,33,-12,86,32,128,0,12
53,31,-12,86,32,127,0,10
52,29,-11,86,32,126,-1,8
52,27,-11,85,32,128,-1,7
51,27,-10,84,32,130,-2,9
51,28,-11,84,32,130,-2,8
51,28,-12,83,32,129,-2,8
52,27,-12,82,32,128,-1,7
52,26,-11,81,32,128,1,8
52,26,-10,82,32,127,1,8
50,28,-9,83,32,127,0,9
50,30,-9,83,32,126,-3,12
50,32,-9,83,32,126,-2,13
51,33,-9,83,31,126,0,15
52,34,-9,83,31,125,1,15
53,36,-9,83,31,125,1,17
54,36,-9,83,31,125,2,18
54,38,-9,83,31,125,2,19
55,40,-9,83,31,125,1,21
54,42,-10,84,31,125,0,23
53,43,-10,84,31,125,0,24
54,44,-10,84,32,126,0,25
56,45,-9,83,32,127,2,25
58,45,-9,83,32,127,6,25
58,46,-9,83,32,126,6,26
57,47,-9,83,31,126,4,28
56,48,-9,83,32,126,3,29
56,48,-9,83,32,128,3,29
56,47,-9,83,32,129,4,28
57,46,-9,83,32,128,6,26
58,45,-9,83,32,127,6,25
57,45,-9,83,31,126,6,25
56,45,-9,83,32,126,4,25
54,44,-9,83,32,128,2,25
54,43,-9,83,32,128,2,24
54,42,-9,83,32,128,2,23
55,40,-9,83,32,128,1,21
54,38,-10,84,32,128,1,19
53,37,-10,84,32,129,0,18
52,36,-10,84,32,130,-1,18
51,36,-9,83,32,130,0,18
51,36,-9,82,32,130,0,17
51,36,-10,84,32,130,-2,17
50,36,-12,86,32,130,-2,14
50,36,-12,86,32,130,-6,14
50,36,-11,85,32,130,-3,14
51,34,-10,84,32,130,-2,15
53,32,-10,84,32,130,-1,14
54,32,-11,85,32,130,0,12
52,32,-12,86,32,130,-3,12
51,34,-13,86,32,130,-4,13
50,36,-12,86,32,130,-4,14
50,37,-12,86,32,130,-4,15
52,36,-12,86,31,130,-3,15
52,36,-12,86,30,131,-3,15
53,36,-12,86,30,132,-2,15
53,37,-12,86,31,131,-2,17
53,39,-12,86,31,130,-2,18
53,41,-13,86,30,130,-2,20
53,43,-12,87,28,130,-3,21
54,43,-10,86,27,130,0,21
55,44,-8,85,26,130,1,25
56,46,-8,84,27,131,1,26
56,48,-10,84,27,133,1,29
55,50,-11,85,27,135,1,28
55,50,-11,87,27,135,-1,28
56,50,-11,89,27,135,0,28
58,51,-10,88,27,134,1,29
59,52,-10,87,27,133,4,32
59,53,-10,86,27,133,4,30
59,53,-11,86,27,133,4,30
59,52,-11,85,27,133,4,30
60,51,-10,84,27,132,6,31
61,50,-9,83,27,132,8,30
61,49,-9,83,27,133,9,29
62,48,-9,83,27,135,9,28
61,46,-9,83,27,135,7,26
61,43,-9,83,27,135,8,24
60,41,-10,82,27,135,7,23
58,40,-10,81,27,135,6,21
57,40,-11,81,27,135,4,20
56,39,-12,80,27,135,4,20
56,38,-12,79,27,135,4,17
56,36,-13,79,27,135,4,14
55,33,-13,79,27,135,3,13
53,31,-13,79,27,135,2,10
52,29,-13,79,27,135,1,8
52,27,-13,80,27,135,1,7
52,25,-13,80,26,135,1,6
51,24,-12,79,25,135,0,4
50,24,-13,79,24,135,-1,4
48,23,-14,78,25,135,-2,3
48,23,-14,79,26,135,-2,3
49,22,-14,80,27,135,-2,2
50,21,-14,80,27,135,-1,2
50,21,-14,79,27,135,-1,1
50,21,-15,78,27,135,-1,2
49,22,-16,78,27,135,-2,2
48,23,-16,81,27,135,-4,3
48,23,-16,83,27,135,-4,3
50,24,-15,83,27,135,-3,4
50,26,-13,81,27,135,0,6
51,28,-12,79,27,135,0,8
50,30,-12,79,27,135,0,12
50,32,-13,79,27,135,-1,12
51,35,-14,81,27,135,0,14
52,38,-14,83,27,135,-1,17
53,41,-14,86,27,134,-2,20
54,44,-13,86,27,133,-1,21
56,46,-11,86,27,133,1,25
57,49,-9,85,27,133,2,29
58,51,-8,83,27,134,6,31
60,54,-7,83,27,135,7,34
61,58,-8,84,27,135,7,37
63,61,-8,86,27,135,8,41
65,65,-7,87,27,135,9,43
65,69,-6,87,27,135,9,47
66,72,-6,86,27,135,10,51
66,75,-5,86,27,135,10,53
67,78,-4,87,27,135,10,58
68,80,-3,88,27,135,12,59
68,82,-2,89,27,135,12,62
68,84,-1,90,27,135,12,63
68,86,-2,89,27,135,12,65
69,87,-2,89,27,135,13,67
70,89,-2,89,27,135,13,68
70,91,-2,89,27,135,13,69
68,92,-2,89,27,135,12,70
68,92,-2,89,27,135,12,70
66,91,-2,89,27,135,10,70
66,90,-2,89,27,135,9,69
65,90,-2,89,27,135,9,69
65,90,-2,89,27,135,9,69
65,90,-2,89,27,135,9,69
66,88,-2,89,27,135,9,68
65,86,-2,89,27,135,9,65
65,84,-2,90,27,135,9,64
64,83,-2,90,27,135,8,63
64,82,-2,89,27,135,8,62
64,80,-3,88,27,135,8,59
63,78,-3,88,27,135,7,58
62,77,-3,89,27,135,7,57
62,75,-4,89,27,136,7,53
62,73,-5,89,27,137,4,51
62,70,-6,87,28,138,7,48
61,66,-6,86,28,137,6,45
59,64,-5,86,27,136,4,42
59,61,-5,86,27,135,4,41
60,60,-7,85,26,136,4,39
61,59,-9,85,26,138,6,39
60,58,-11,85,26,140,6,35
58,57,-12,85,25,140,3,35
57,55,-11,85,24,140,2,32
57,53,-10,84,24,140,2,32
56,50,-11,85,25,140,1,29
55,50,-11,86,27,140,1,28
55,50,-10,85,28,140,1,28
55,50,-10,84,28,140,1,30
54,50,-11,83,28,140,0,28
52,48,-14,83,27,140,-1,26
51,47,-15,83,26,140,-2,25
51,46,-15,83,25,140,-2,24
52,46,-14,83,24,140,-1,24
51,46,-12,82,24,140,-2,24
51,47,-13,81,24,140,0,25
51,47,-14,80,26,140,0,25
52,48,-14,80,27,140,1,26
54,49,-14,81,27,140,2,26
55,50,-12,82,26,140,3,28
55,50,-10,82,26,140,3,30
55,50,-9,83,26,140,3,30
55,50,-10,84,25,140,1,30
55,50,-11,86,25,140,1,28
55,49,-12,86,24,140,-1,28
55,50,-12,86,24,140,1,28
54,51,-11,85,25,140,0,29
53,53,-10,85,26,140,-1,30
53,53,-10,84,26,140,-1,32
54,51,-10,84,25,140,0,31
55,50,-10,84,24,140,1,30
55,49,-9,83,24,140,3,29
55,50,-9,83,24,140,3,30
55,50,-9,83,25,140,3,30
55,50,-9,83,25,140,3,30
55,50,-9,83,24,140,3,30
55,50,-9,83,23,140,1,30
55,50,-9,83,23,140,3,30
56,49,-9,83,23,140,3,29
56,48,-9,82,25,140,3,29
56,47,-10,82,26,140,4,28
57,46,-10,82,27,139,4,26
57,46,-10,82,27,138,6,26
58,46,-10,81,26,138,6,26
58,46,-11,80,26,139,6,26
56,45,-12,79,26,139,4,23
54,44,-13,79,27,138,2,23
53,43,-13,79,26,138,2,21
54,43,-12,79,25,139,2,21
54,43,-12,79,22,139,2,21
55,44,-12,79,22,139,3,23
55,44,-13,79,22,138,3,23
55,44,-13,79,24,137,3,23
55,44,-13,79,26,137,3,23
54,43,-13,79,27,137,2,21
54,43,-13,79,28,138,2,21
53,43,-13,79,28,138,2,21
53,43,-13,79,27,137,2,21
54,42,-13,79,27,137,2,20
54,41,-12,79,27,137,2,19
55,41,-12,79,28,138,3,19
55,40,-12,79,27,140,3,19
55,40,-13,79,27,140,3,19
55,40,-13,79,27,139,3,19
55,40,-12,79,27,137,3,19
55,40,-11,81,28,137,3,21
54,42,-10,82,27,136,2,23
54,43,-10,82,27,137,2,24
53,43,-11,81,28,137,1,24
53,43,-12,80,28,137,1,24
53,43,-12,80,28,137,1,23
54,43,-10,81,27,137,2,24
54,44,-10,82,26,139,2,24
56,46,-9,83,26,140,3,26
56,49,-9,83,25,140,1,29
55,50,-9,83,25,139,1,30
54,50,-9,82,26,138,2,30
55,49,-8,81,26,138,3,29
55,49,-7,80,27,140,3,29
56,50,-7,80,28,140,4,30
57,53,-7,80,27,140,4,32
57,55,-7,80,26,138,7,37
57,56,-7,80,25,137,7,39
56,57,-7,80,26,137,6,39
57,57,-7,80,26,138,4,36
58,57,-7,80,25,138,6,36
58,57,-7,80,25,137,6,36
58,57,-7,81,25,137,6,36
57,57,-7,81,25,138,4,36
57,56,-7,81,25,140,4,36
57,56,-7,80,25,139,7,36
56,57,-8,79,24,137,4,36
56,57,-9,80,24,135,4,36
57,56,-10,82,24,135,4,36
58,55,-11,82,25,135,6,35
58,53,-12,80,26,135,6,32
58,51,-11,78,25,135,6,31
56,50,-10,77,25,137,6,30
55,50,-9,77,26,138,6,30
54,50,-9,78,27,140,4,30
55,50,-9,78,28,140,4,30
56,48,-10,77,27,140,6,29
57,47,-10,76,26,138,7,28
57,46,-9,76,25,137,7,26
58,46,-9,75,26,137,8,26
57,45,-9,76,27,137,7,25
57,43,-10,76,28,138,7,24
57,42,-10,77,28,138,7,23
57,41,-11,77,27,137,7,21
56,41,-10,77,27,137,6,21
55,40,-10,76,27,137,6,21
55,39,-9,76,28,136,6,20
56,39,-9,76,27,136,6,20
56,39,-9,76,27,137,6,20
56,39,-9,76,27,137,6,20
56,39,-9,76,27,138,6,20
56,39,-10,76,27,137,6,20
56,39,-10,77,27,137,6,20
56,39,-11,77,27,136,6,20
56,39,-10,77,27,135,6,20
55,39,-10,76,27,135,6,20
55,40,-9,76,27,135,4,20
55,40,-9,76,27,135,6,21
56,41,-9,76,27,135,7,21
58,42,-10,76,27,135,8,23
58,44,-10,76,27,135,8,25
58,46,-9,76,27,135,8,26
57,46,-9,76,27,135,7,26
57,46,-9,76,27,135,7,26
57,45,-9,76,27,135,7,26
57,45,-9,76,27,135,7,26
58,46,-10,76,27,135,8,26
57,46,-10,76,27,136,7,26
58,46,-9,76,27,137,8,26
57,46,-9,76,27,136,7,26
57,45,-9,77,27,135,7,26
57,45,-9,78,27,135,7,26
57,46,-9,79,27,135,7,26
58,46,-10,79,27,135,6,26
57,46,-10,80,27,135,4,26
56,44,-12,80,27,135,4,25
55,43,-13,80,27,135,3,21
55,42,-13,79,27,135,3,20
57,43,-12,78,27,135,4,24
59,44,-11,78,27,135,8,25
60,43,-12,79,27,135,7,24
59,41,-12,79,27,135,7,21
57,39,-13,79,27,135,6,18
56,38,-13,79,27,135,4,17
56,39,-13,79,27,135,3,18
56,39,-13,79,27,135,4,18
55,39,-13,79,27,135,3,18
54,38,-13,79,27,135,2,17
54,36,-12,79,27,135,2,18
55,34,-12,78,27,135,3,15
55,33,-12,78,27,135,3,14
56,32,-12,78,27,135,3,14
55,32,-12,79,27,135,3,14
54,32,-12,79,27,135,2,14
54,32,-12,79,27,135,2,14
54,32,-12,78,27,135,2,14
55,32,-11,77,27,135,6,14
54,32,-10,77,27,135,4,14
53,32,-10,77,27,135,3,13
51,30,-11,79,27,135,0,12
50,30,-12,79,27,135,-1,12
50,29,-13,78,27,135,-1,9
50,29,-13,75,27,135,1,12
50,30,-13,72,27,135,3,12
50,30,-13,72,27,135,3,12
50,30,-13,72,27,135,3,12
51,28,-13,73,27,135,3,10
50,26,-13,73,27,135,3,8
49,24,-13,73,27,135,2,7
48,23,-13,73,27,135,2,6
48,23,-14,72,27,135,2,6
49,22,-14,71,27,135,2,4
49,20,-15,70,27,135,2,2
49,16,-16,70,27,135,3,-2
48,13,-18,71,27,135,2,-6
47,11,-19,72,27,135,-1,-7
46,10,-19,72,27,135,-2,-7
45,10,-18,71,27,135,0,-8
45,8,-17,71,27,135,0,-9
45,6,-18,70,27,135,0,-12
44,4,-18,69,27,135,-1,-13
44,3,-20,69,27,135,-1,-14
44,1,-21,69,27,135,-1,-18
45,0,-22,71,27,135,-2,-19
46,0,-23,71,27,135,-1,-20
46,0,-23,70,27,135,-1,-20
45,0,-24,69,27,135,-2,-20
44,-1,-24,69,27,135,-3,-21
45,-3,-23,70,27,135,-2,-23
46,-4,-23,71,27,135,-1,-24
48,-5,-22,71,27,135,0,-24
48,-4,-21,71,27,135,0,-24
47,-2,-22,71,28,133,-1,-21
47,0,-21,71,31,131,0,-19
48,1,-21,72,32,130,0,-18
49,2,-20,73,32,129,0,-15
49,4,-20,73,32,130,1,-15
49,6,-20,73,32,130,0,-12
49,8,-20,73,32,130,1,-9
51,11,-19,74,32,130,2,-7
52,15,-18,75,32,130,3,-3
52,18,-17,76,32,130,1,0
53,22,-16,77,32,130,2,2
54,25,-14,76,32,130,4,6
56,29,-12,75,32,130,7,10
57,33,-11,75,32,130,8,14
59,37,-10,75,32,130,9,18
60,41,-10,75,32,130,10,23
61,46,-10,76,32,130,10,26
62,50,-9,76,32,130,12,30
63,54,-8,77,32,130,12,34
64,57,-7,78,32,130,13,39
65,59,-6,79,32,130,14,41
66,62,-5,79,32,130,15,43
67,65,-6,79,32,130,15,46
68,68,-6,79,32,130,17,48
69,71,-6,79,32,130,18,52
70,74,-5,80,32,130,18,54
71,78,-3,81,32,130,19,58
72,81,-2,82,32,128,18,61
72,85,-2,83,33,126,18,64
74,88,-2,83,34,126,19,67
75,90,-2,82,33,128,20,69
75,92,-2,82,32,130,20,70
75,94,-2,82,32,130,20,73
75,96,-2,83,31,130,20,74
76,97,-2,82,32,130,21,75
77,97,-2,82,32,130,23,76
78,97,-2,82,33,130,23,76
79,98,-2,82,34,130,24,76
81,99,-2,82,33,129,25,78
81,101,-2,82,32,128,25,79
80,103,-2,82,32,128,25,81
78,104,-2,82,32,128,23,81
76,103,-2,82,32,129,21,80
75,101,-2,82,32,130,20,79
77,98,-2,82,32,130,21,76
77,97,-2,83,32,130,23,75
77,97,-2,82,32,130,21,75
75,96,-2,82,32,130,20,74
73,93,-2,82,32,130,19,73
72,90,-2,83,32,130,18,69
71,86,-2,83,32,130,17,65
71,83,-2,82,32,130,17,63
71,80,-3,81,32,130,19,61
71,78,-5,80,32,130,19,58
70,75,-6,79,32,130,19,56
69,71,-6,79,32,130,18,52
67,67,-6,79,32,130,15,48
66,62,-5,79,32,130,14,43
65,57,-6,79,32,130,14,40
65,54,-7,78,32,130,14,36
65,52,-8,77,32,130,14,31
65,50,-9,76,32,130,14,30
64,47,-9,76,32,131,13,28
62,45,-9,76,32,132,12,25
61,42,-10,75,32,131,10,23
61,40,-12,74,32,130,13,21
60,37,-13,72,32,130,12,19
61,34,-14,72,32,131,13,15
61,32,-13,72,32,133,13,13
59,29,-13,72,32,135,12,12
58,28,-13,72,32,135,10,10
57,28,-13,73,32,134,9,10
57,28,-13,73,32,133,9,10
57,28,-13,72,32,133,9,10
57,28,-12,71,32,133,9,10
56,28,-12,69,32,134,10,9
55,27,-12,69,32,133,10,9
55,27,-12,70,32,133,8,9
55,27,-12,71,32,133,8,9
55,27,-12,72,32,134,7,9
54,26,-11,71,32,135,7,8
53,26,-11,70,32,135,6,8
54,26,-11,70,32,134,8,8
54,26,-11,70,32,134,9,8
54,26,-11,70,32,134,7,8
53,26,-11,70,32,134,8,8
52,26,-11,70,32,134,7,8
52,25,-10,69,32,134,7,9
53,24,-9,68,32,134,8,9
54,22,-10,69,32,134,9,7
55,21,-11,70,32,134,10,4
55,21,-12,72,32,134,8,4
55,21,-13,72,32,134,8,4
54,21,-12,72,32,135,7,3
54,19,-12,71,32,135,7,2
54,18,-13,70,32,134,7,1
53,17,-14,71,30,135,6,0
53,16,-14,72,29,135,6,-1
53,14,-14,72,29,135,6,-2
53,14,-13,73,30,136,6,-2
54,14,-13,73,31,137,7,-1
53,15,-13,72,31,138,6,-1
53,15,-12,72,30,139,6,-1
53,14,-12,71,28,139,6,-2
53,14,-13,70,28,138,6,-2
53,15,-15,70,27,138,6,-1
54,15,-16,70,27,138,7,-3
56,16,-16,70,28,139,9,-2
58,17,-16,71,28,140,10,-1
58,18,-15,70,27,140,10,1
57,18,-14,69,27,140,9,2
55,20,-12,69,28,140,10,2
55,21,-11,70,28,140,10,3
56,22,-12,70,27,140,9,4
57,24,-13,70,26,140,9,7
57,26,-13,70,25,140,9,8
57,28,-13,72,25,140,9,10
58,29,-12,72,24,140,10,12
59,31,-12,72,23,140,12,13
59,33,-12,71,23,141,12,14
58,35,-11,70,23,144,10,17
57,36,-10,70,23,145,12,18
57,39,-10,69,23,145,12,21
59,40,-10,69,23,145,13,24
60,41,-10,69,23,145,14,24
61,41,-10,69,23,145,14,25
61,42,-10,69,23,145,15,25
62,44,-9,70,23,145,17,28
62,47,-7,71,23,145,17,30
61,48,-6,72,23,145,13,31
61,49,-6,72,23,145,13,31
63,49,-6,72,23,145,14,31
65,50,-6,72,23,145,15,32
66,50,-6,72,23,145,17,32
66,51,-6,72,23,145,18,34
65,52,-6,72,23,145,17,34
65,52,-6,72,23,145,17,35
64,53,-6,72,23,145,15,35
64,54,-6,72,23,145,15,36
64,54,-6,72,23,145,15,36
64,53,-6,72,23,145,15,35
65,52,-6,72,23,145,17,35
65,51,-6,72,23,145,17,34
66,51,-6,72,23,145,17,34
66,50,-6,72,23,145,17,32
66,50,-6,72,23,145,17,32
66,51,-6,72,23,145,17,34
65,51,-6,72,23,145,17,34
66,51,-6,72,23,144,17,34
66,49,-6,72,23,145,18,31
68,47,-6,72,23,147,19,30
68,46,-6,72,23,149,19,29
68,46,-6,72,23,150,19,29
68,46,-6,72,23,148,19,29
68,46,-6,72,23,147,19,29
68,46,-6,72,23,146,19,29
68,46,-6,73,23,148,19,29
68,46,-6,72,23,150,19,29
67,46,-7,71,23,150,20,29
66,45,-8,69,22,150,19,28
65,45,-7,68,21,150,19,28
65,44,-6,70,22,150,18,26
64,43,-6,72,23,150,18,26
64,44,-7,72,24,150,15,28
64,45,-9,70,23,150,18,29
62,47,-10,68,21,150,17,30
61,48,-10,68,20,150,15,30
61,48,-10,69,20,150,15,31
61,48,-8,70,20,150,15,31
63,49,-7,71,20,150,17,31
65,50,-7,71,19,151,18,32
65,50,-8,70,18,151,19,32
65,50,-10,69,18,152,19,32
64,50,-10,68,18,151,18,32
63,50,-10,69,18,151,17,32
61,50,-10,69,18,151,15,32
61,49,-10,69,18,153,15,31
61,48,-10,69,18,155,15,31
61,48,-10,69,19,155,15,30
62,48,-10,69,18,155,15,31
61,48,-10,69,18,155,15,30
61,46,-10,69,18,155,15,29
61,44,-10,70,19,155,14,25
60,41,-11,71,19,155,12,23
59,39,-11,72,18,155,12,20
58,37,-12,72,17,155,10,18
57,34,-14,71,15,155,9,15
56,32,-16,70,14,155,9,10
56,29,-17,70,13,155,8,9
56,27,-17,69,14,155,8,7
54,25,-17,69,14,155,7,4
53,22,-18,68,14,155,6,2
52,19,-19,67,14,155,4,0
50,17,-20,66,14,155,6,-2
50,14,-21,66,14,156,6,-4
49,10,-20,66,14,157,4,-7
48,7,-20,66,14,157,3,-10
47,4,-20,66,14,157,3,-13
47,0,-21,65,14,155,3,-17
47,-2,-23,64,14,155,3,-19
46,-4,-24,63,14,155,2,-24
44,-7,-24,63,14,157,1,-26
42,-9,-24,63,14,157,-1,-29
40,-11,-24,63,14,157,-2,-30
40,-13,-25,62,14,156,-2,-32
39,-15,-25,61,14,155,-1,-34
39,-18,-24,58,14,155,-1,-34
40,-19,-23,57,14,155,2,-35
40,-21,-24,56,14,155,2,-36
40,-21,-25,57,14,155,0,-37
38,-22,-26,57,14,155,-2,-41
37,-23,-25,57,14,155,-3,-41
36,-23,-25,57,14,155,-3,-41
36,-23,-25,57,14,155,-3,-39
37,-23,-25,57,14,155,-3,-39
37,-23,-25,56,14,155,-1,-39
36,-23,-25,57,14,155,-3,-39
36,-23,-25,57,14,155,-3,-41
37,-23,-26,58,15,155,-3,-41
38,-22,-26,58,15,155,-2,-41
39,-21,-25,57,16,155,-1,-37
40,-20,-25,56,16,155,1,-36
39,-18,-24,56,15,154,1,-34
40,-16,-23,57,15,153,1,-32
40,-13,-22,58,14,153,0,-30
40,-10,-21,59,15,153,0,-28
41,-7,-21,59,15,153,0,-25
41,-5,-21,59,15,152,0,-21
43,-2,-21,59,14,151,1,-20
44,0,-20,60,14,150,3,-18
45,2,-19,60,15,150,3,-13
46,6,-18,61,16,151,4,-9
46,9,-19,63,17,150,2,-8
47,13,-19,65,17,150,3,-6
48,16,-19,65,17,150,3,-2
49,19,-18,64,17,150,4,0
50,23,-17,63,16,150,8,6
52,26,-16,63,15,150,9,8
53,30,-14,65,15,150,8,12
54,33,-14,66,16,150,8,15
54,36,-13,66,17,150,8,17
54,38,-13,66,17,150,9,19
56,41,-13,65,17,150,10,21
58,44,-14,66,18,150,13,25
60,47,-14,65,18,150,14,28
61,50,-13,66,18,150,15,30
61,52,-12,67,18,150,15,32
62,54,-11,68,18,150,15,34
63,55,-10,69,18,150,17,37
64,56,-9,69,18,150,18,39
65,60,-8,68,18,150,18,41
65,63,-8,67,18,150,19,45
66,67,-9,68,18,150,19,48
68,69,-10,69,18,150,21,50
70,70,-9,70,18,150,23,51
70,72,-6,70,17,150,23,52
71,74,-3,69,16,150,23,57
70,78,-3,69,17,150,23,61
70,80,-4,69,18,151,23,63
71,82,-4,70,19,152,24,64
73,83,-4,70,19,152,25,65
75,85,-2,70,18,151,28,67
77,87,0,71,18,151,29,69
77,89,0,72,17,151,29,70
76,91,0,72,17,154,28,73
76,93,0,72,17,155,28,74
76,95,0,72,18,154,29,76
78,97,0,72,19,153,29,78
79,99,0,74,19,153,30,80
80,101,1,76,18,155,29,81
79,103,3,76,17,155,29,85
79,104,4,75,15,155,31,86
80,104,4,75,15,155,31,87
80,105,3,75,16,155,31,87
80,106,3,76,17,155,29,89
79,108,2,76,17,155,28,87
79,109,2,77,18,155,28,91
79,110,2,76,18,155,29,92
81,111,3,76,18,155,30,92
81,111,3,76,17,155,30,92
81,111,2,76,16,155,30,91
81,111,1,78,15,155,30,90
81,111,0,79,14,156,30,90
81,111,0,79,14,157,28,91
80,111,0,79,14,157,28,91
80,110,0,79,14,156,29,90
80,108,0,79,14,156,29,89
80,106,0,79,14,156,29,86
80,105,0,78,14,159,29,85
80,104,0,77,14,160,29,84
80,103,-1,77,14,161,29,84
80,101,-2,76,14,160,29,81
79,97,-2,75,14,160,29,78
78,93,-3,75,14,160,28,75
78,90,-3,75,14,160,28,72
78,87,-3,75,14,160,28,69
78,84,-3,75,14,160,28,64
76,82,-4,74,14,160,26,62
74,79,-4,73,14,160,24,59
72,75,-5,73,14,160,21,56
71,70,-5,73,14,160,21,51
70,65,-6,72,14,160,21,46
71,61,-7,71,14,160,24,42
71,57,-9,70,14,160,24,40
70,54,-10,69,14,160,23,36
68,51,-10,69,14,160,21,34
66,47,-10,69,14,160,19,30
65,42,-10,68,14,160,19,25
64,38,-12,67,14,160,18,19
63,34,-13,66,14,160,17,15
61,30,-13,65,14,160,15,12
58,28,-13,65,14,160,13,9
57,24,-14,65,14,160,12,7
57,21,-16,64,14,160,14,3
57,18,-17,62,14,160,14,1
56,16,-17,62,14,160,13,0
55,15,-17,62,14,160,13,-1
54,14,-17,62,14,160,10,-1
52,13,-17,62,14,160,9,-3
51,10,-17,62,14,160,9,-4
50,10,-17,62,14,160,8,-6
50,10,-17,62,14,160,8,-6
51,12,-17,62,14,160,9,-4
52,14,-17,62,14,160,9,-2
53,15,-17,62,14,160,10,-1
53,16,-17,62,14,159,10,0
52,18,-17,62,14,158,9,1
52,19,-17,62,14,157,9,2
52,22,-16,63,14,158,9,4
53,25,-14,65,14,159,8,7
53,28,-13,65,14,160,8,9
54,30,-13,66,14,160,8,12
55,33,-13,66,16,159,9,14
57,35,-13,65,18,157,12,17
57,38,-13,65,18,157,12,19
58,42,-14,65,18,158,12,23
60,45,-13,66,17,159,14,26
62,48,-12,67,16,159,15,29
64,51,-10,68,16,158,18,34
64,54,-10,69,16,158,18,36
63,56,-9,69,15,158,17,39
63,58,-10,69,14,158,17,40
64,60,-10,69,14,158,17,41
65,62,-10,68,14,158,19,43
65,64,-10,68,14,159,19,45
65,65,-10,69,16,159,18,47
65,67,-8,70,17,158,18,48
66,67,-7,71,18,157,19,48
68,65,-7,71,18,157,21,46
70,64,-7,71,17,158,23,46
69,64,-8,71,17,160,23,45
68,63,-8,70,17,160,21,45
67,62,-8,70,17,160,20,43
65,60,-9,70,17,160,19,42
65,58,-10,69,17,160,18,40
65,55,-10,69,17,160,18,37
65,54,-10,69,17,160,18,36
65,52,-10,69,17,160,18,35
65,50,-10,69,18,160,18,32
63,47,-9,69,18,160,17,30
61,44,-10,69,19,160,15,26
60,41,-10,68,19,160,14,24
59,39,-12,67,19,160,14,20
59,36,-13,66,19,160,13,18
58,33,-14,65,19,160,13,14
57,30,-13,65,19,160,12,12
56,26,-13,66,19,160,10,8
55,23,-13,66,19,160,10,6
54,21,-13,66,19,160,9,3
53,18,-13,65,19,160,8,1
52,16,-14,65,19,160,8,0
52,14,-15,64,19,160,9,-2
51,11,-15,64,19,160,9,-4
51,9,-16,63,19,160,9,-6
51,8,-17,62,19,160,9,-7
50,7,-17,62,19,160,8,-8
49,7,-17,62,19,160,7,-8
47,6,-17,62,19,160,6,-9
46,3,-17,63,19,160,4,-12
46,0,-17,62,19,160,4,-14
46,0,-18,62,19,160,4,-15
46,-1,-20,60,19,160,4,-18
46,-1,-21,59,19,160,4,-18
46,0,-21,58,19,160,7,-18
46,0,-19,57,19,160,7,-15
46,0,-17,58,19,160,7,-15
46,-1,-17,58,19,159,6,-17
46,0,-18,58,19,158,6,-15
46,0,-18,57,19,158,6,-15
46,0,-18,57,19,159,6,-15
46,0,-18,56,19,159,6,-15
46,0,-17,55,19,159,8,-15
46,0,-17,56,19,157,7,-15
46,0,-17,56,18,155,7,-15
46,0,-18,56,18,155,7,-15
46,0,-17,55,18,155,8,-15
46,-1,-17,55,18,155,8,-17
46,0,-17,55,18,155,9,-15
46,0,-18,57,18,155,7,-15
47,0,-20,58,18,155,8,-14
48,0,-21,59,18,155,7,-17
49,0,-20,59,18,155,7,-17
50,1,-20,58,18,155,10,-13
49,3,-19,57,18,155,9,-12
48,4,-20,57,18,155,8,-10
47,5,-20,59,18,155,6,-12
48,6,-20,60,18,155,6,-12
49,6,-18,62,18,155,7,-9
48,7,-17,62,18,155,6,-8
47,9,-17,63,18,155,6,-7
46,10,-17,62,18,155,4,-6
46,11,-17,62,18,155,4,-4
47,11,-17,62,18,155,6,-4
48,11,-17,62,18,155,7,-4
49,12,-17,62,18,155,7,-4
49,12,-17,62,18,155,7,-3
49,12,-17,62,18,155,7,-3
49,12,-17,62,18,155,7,-3
49,12,-17,62,18,155,7,-3
49,12,-16,61,18,155,7,-3
49,12,-16,61,18,155,7,-3
49,12,-16,61,18,155,7,-4
48,11,-16,61,18,155,6,-4
48,11,-15,60,18,155,8,-4
48,12,-14,59,18,155,8,-2
47,11,-14,58,18,155,8,-2
47,9,-14,59,18,155,7,-4
47,7,-14,59,18,155,7,-7
47,5,-14,59,18,155,7,-7
47,5,-14,59,18,155,8,-8
48,5,-14,59,18,155,8,-7
48,5,-13,59,18,155,8,-8
49,4,-14,59,18,155,9,-9
49,2,-15,57,18,155,9,-13
49,2,-16,57,18,155,9,-13
49,3,-16,57,19,155,9,-12
48,4,-15,57,18,155,8,-10
48,4,-14,58,18,155,8,-9
49,3,-15,58,19,155,9,-12
50,2,-16,59,19,155,10,-13
50,1,-16,59,19,155,10,-14
50,0,-15,59,18,155,10,-14
50,1,-14,58,18,155,9,-13
49,3,-14,58,17,155,9,-12
49,5,-16,58,17,155,9,-10
50,7,-17,58,17,155,10,-8
52,8,-17,58,17,155,12,-7
52,8,-16,58,18,155,12,-7
51,9,-16,58,18,155,10,-7
50,11,-16,58,19,155,9,-4
50,13,-17,58,19,155,10,-3
52,14,-17,57,19,155,12,-2
53,14,-16,58,18,155,13,-1
53,16,-15,60,18,155,13,0
52,18,-14,60,19,155,12,1
51,18,-15,60,18,155,10,2
50,19,-15,60,18,155,10,2
51,19,-16,61,18,155,8,2
51,21,-16,61,18,155,9,3
52,23,-17,62,18,155,9,6
52,25,-17,62,18,155,9,8
53,26,-17,62,18,155,10,8
53,26,-17,62,18,155,10,8
52,25,-17,62,19,155,9,8
52,25,-17,62,18,155,9,8
52,26,-17,62,18,155,9,8
52,25,-17,62,18,155,9,8
53,24,-17,62,19,155,10,7
54,22,-16,61,19,155,12,6
55,21,-16,61,18,155,12,4
55,21,-16,61,17,155,13,3
55,21,-17,62,15,155,12,4
54,21,-16,61,14,155,12,4
53,20,-15,60,13,155,13,3
53,18,-14,59,14,155,13,3
54,16,-14,58,14,155,13,2
53,15,-14,59,14,155,13,1
53,14,-14,59,14,156,13,0
54,14,-14,59,14,156,13,0
54,14,-14,59,14,157,13,0
54,14,-14,59,14,157,14,0
54,14,-14,59,14,157,14,0
54,13,-14,59,14,158,14,-1
55,12,-14,59,14,159,14,-2
56,10,-14,59,14,158,15,-3
56,10,-14,59,14,158,15,-3
56,10,-14,59,14,158,15,-3
56,10,-14,59,14,158,15,-3
56,10,-14,59,14,158,15,-3
56,10,-14,59,14,158,15,-3
56,10,-14,58,14,158,15,-3
56,10,-14,59,14,159,15,-3
55,11,-13,60,14,160,14,-2
54,13,-11,61,14,159,13,0
54,14,-10,62,14,157,13,0
53,15,-10,62,14,157,13,1
53,15,-10,62,14,158,13,1
53,14,-10,62,14,160,13,0
53,14,-10,62,14,161,13,0
53,15,-10,62,14,160,13,1
54,17,-10,62,14,160,13,2
54,19,-10,62,14,160,14,4
55,21,-10,62,14,160,14,6
55,22,-10,62,14,160,14,7
55,21,-10,62,14,160,14,7
55,21,-10,62,14,160,14,6
55,21,-10,62,14,160,14,6
55,21,-11,63,14,160,12,6
55,21,-11,64,14,160,12,7
55,21,-12,64,14,160,12,6
55,21,-13,65,14,160,12,4
55,21,-13,66,14,160,9,4
55,21,-13,66,14,160,10,4
55,21,-14,66,14,160,10,4
55,21,-14,65,14,160,12,4
55,21,-16,63,14,160,12,4
55,22,-17,63,14,160,12,4
55,21,-16,63,14,160,12,4
55,20,-16,64,14,160,13,3
56,18,-16,64,14,160,13,1
56,16,-17,63,14,160,13,0
57,16,-17,62,14,160,14,0
56,16,-16,61,14,160,13,0
55,16,-15,61,14,160,12,-1
53,15,-16,61,14,160,10,-1
53,14,-17,62,14,160,10,-1
54,14,-18,62,14,160,12,-4
55,12,-18,61,14,160,13,-3
55,10,-17,60,14,160,12,-6
53,8,-17,58,14,160,13,-7
52,8,-17,57,14,160,12,-7
51,8,-18,57,14,160,12,-7
52,7,-18,57,14,160,12,-8
52,4,-17,57,14,160,12,-10
51,2,-16,56,14,160,12,-13
50,1,-17,55,14,160,13,-14
50,1,-18,56,14,160,9,-13
50,1,-19,57,14,160,9,-13
50,1,-20,58,14,160,10,-13
51,0,-20,58,14,160,12,-14
51,0,-18,57,14,160,12,-15
50,-2,-17,55,14,160,13,-17
49,-3,-17,55,14,160,12,-18
48,-3,-18,57,14,160,8,-18
48,-4,-20,58,14,160,8,-19
48,-5,-20,58,14,160,9,-20
49,-5,-19,57,14,160,9,-20
49,-5,-18,56,14,160,9,-20
48,-4,-17,55,14,160,10,-19
48,-4,-17,55,14,160,10,-19
49,-5,-18,56,14,160,9,-20
48,-4,-17,56,14,160,9,-19
48,-4,-17,56,14,160,8,-19
48,-5,-18,56,14,160,8,-20
48,-4,-18,56,14,160,9,-19
50,-3,-19,57,14,160,9,-19
51,-3,-19,58,14,160,12,-18
52,-2,-18,58,14,160,13,-18
53,-2,-17,58,14,160,13,-18
53,-2,-16,57,14,160,13,-17
53,0,-17,56,14,160,13,-15
54,2,-17,55,14,160,15,-13
54,3,-17,56,14,160,14,-12
54,4,-16,57,14,160,14,-10
55,5,-16,59,14,160,15,-10
56,6,-16,60,14,160,15,-9
56,9,-14,60,14,160,15,-6
55,12,-14,59,14,160,15,-2
55,14,-14,59,14,160,15,0
56,16,-14,60,14,160,15,0
57,17,-15,60,14,160,17,1
57,18,-14,60,14,160,17,2
57,21,-14,59,14,160,17,3
58,23,-14,60,14,160,17,6
58,25,-15,62,14,160,14,8
57,27,-14,62,14,160,14,9
58,29,-14,61,14,160,15,10
59,29,-13,60,14,160,18,14
61,31,-13,61,14,160,19,15
61,32,-14,63,14,160,17,14
59,33,-14,65,14,160,14,15
58,35,-14,66,14,160,13,17
58,35,-13,66,14,160,13,17
58,35,-13,66,14,160,13,17
58,35,-13,65,14,160,13,17
58,35,-13,65,14,160,13,17
59,33,-14,66,14,160,13,15
60,32,-13,66,14,160,14,14
61,31,-13,65,14,160,15,13
61,30,-13,65,14,160,15,12
60,29,-13,65,14,160,14,12
58,28,-13,66,14,160,13,10
58,27,-13,66,14,160,13,9
58,25,-13,65,14,160,13,8
58,22,-14,65,14,160,13,6
58,20,-16,63,14,160,14,2
58,18,-17,62,14,160,15,1
57,16,-17,62,14,160,14,0
57,15,-17,62,14,160,14,-1
57,13,-17,62,14,160,14,-2
56,10,-17,62,14,160,13,-4
55,8,-17,62,14,160,13,-7
55,6,-17,62,14,160,12,-9
55,4,-17,62,14,160,12,-10
54,2,-18,61,14,160,12,-13
54,1,-18,61,14,160,12,-13
53,0,-19,60,14,160,10,-17
52,-1,-20,60,14,160,9,-19
52,-2,-20,59,14,160,9,-19
52,-2,-21,59,14,160,10,-19
53,-2,-21,59,14,160,10,-19
53,-2,-21,59,14,160,10,-19
53,-2,-20,59,14,160,10,-19
52,-2,-21,59,14,160,10,-19
52,-1,-20,59,14,160,9,-19
51,0,-21,59,14,160,9,-17
50,1,-21,59,14,160,8,-15
50,2,-21,59,14,160,8,-15
50,1,-20,61,14,160,8,-15
50,1,-18,61,14,160,8,-14
50,1,-16,61,16,160,8,-14
51,2,-14,60,16,160,12,-13
52,4,-14,59,15,160,12,-8
53,7,-14,58,14,160,13,-7
52,8,-14,58,15,160,12,-6
51,8,-14,59,18,160,12,-4
51,9,-13,60,19,160,10,-4
51,11,-11,61,18,160,12,-2
52,14,-11,61,17,160,12,0
52,16,-12,61,16,160,12,2
51,18,-12,62,16,160,9,3
51,19,-11,63,16,160,8,4
52,20,-11,63,17,160,9,4
54,21,-10,62,18,159,10,6
55,21,-11,63,19,159,12,6
56,21,-13,65,19,158,13,4
55,21,-13,65,19,158,12,4
55,21,-13,65,19,158,12,4
54,22,-12,65,19,158,12,7
54,23,-13,64,19,158,10,6
54,22,-14,65,19,158,12,6
55,21,-15,65,19,157,9,4
55,21,-15,65,18,156,10,3
55,21,-14,65,17,156,10,3
55,21,-14,65,17,156,12,4
55,22,-15,64,18,157,12,4
55,21,-16,63,18,156,12,4
54,19,-17,62,19,155,12,2
54,17,-16,61,19,155,10,0
53,14,-16,61,18,155,10,-1
53,14,-16,61,18,155,10,-2
54,14,-16,61,18,155,12,-2
55,13,-15,60,19,155,14,-2
55,12,-14,59,18,155,14,-1
54,10,-14,59,18,155,13,-3
53,9,-14,57,18,155,13,-4
52,8,-16,56,18,155,12,-7
52,8,-17,56,18,155,12,-7
52,8,-18,56,18,155,12,-7
50,7,-20,58,18,155,10,-8
49,6,-21,59,18,155,7,-10
47,6,-21,59,18,155,6,-12
47,5,-20,58,18,155,8,-12
48,4,-19,57,18,155,8,-10
49,3,-19,57,18,155,9,-12
50,1,-18,56,18,155,10,-13
49,0,-18,56,18,155,9,-14
48,0,-17,55,18,155,10,-14
47,0,-17,55,18,155,10,-14
46,0,-18,56,18,155,7,-15
46,0,-18,56,18,155,7,-15
46,-1,-18,56,18,154,6,-17
46,0,-17,55,19,153,8,-15
46,0,-18,56,19,152,7,-15
46,0,-18,56,19,152,6,-15
46,0,-17,55,18,152,8,-15
46,0,-17,55,18,153,9,-15
47,0,-18,56,18,153,7,-15
48,0,-18,57,20,153,8,-15
48,0,-20,58,22,152,8,-14
48,2,-20,59,23,151,7,-15
48,4,-20,58,22,150,8,-13
47,6,-20,58,20,150,8,-9
47,6,-20,58,20,150,8,-9
48,5,-20,59,21,150,6,-12
47,5,-21,59,23,150,6,-12
46,7,-21,59,24,150,4,-10
46,8,-21,59,23,150,4,-9
46,10,-21,59,23,150,4,-7
46,11,-20,59,23,150,4,-7
47,11,-20,60,23,150,6,-7
47,10,-19,60,23,150,6,-7
47,10,-18,61,23,150,6,-4
48,11,-18,61,23,150,6,-4
48,13,-17,62,23,150,7,-2
47,15,-17,62,23,150,6,-1
47,16,-17,62,23,150,4,0
46,16,-17,62,23,150,4,0
46,16,-17,62,23,150,4,0
46,16,-17,62,23,150,4,0
46,16,-17,62,23,150,4,0
46,16,-17,62,23,150,4,0
47,15,-17,62,23,150,6,-1
48,13,-17,62,23,150,7,-2
49,12,-17,62,23,150,7,-4
49,12,-17,62,23,150,7,-4
49,12,-17,62,23,149,7,-3
49,12,-17,62,23,148,7,-3
49,12,-17,62,23,148,7,-3
50,11,-17,62,23,149,7,-4
51,9,-17,62,23,149,8,-7
51,8,-17,62,23,148,9,-7
52,7,-17,62,23,147,9,-8
52,8,-17,62,23,145,9,-7
51,8,-17,62,23,144,9,-7
52,8,-17,62,23,145,9,-7
52,8,-17,62,24,145,9,-7
52,7,-17,62,25,145,9,-8
51,8,-17,62,25,145,9,-7
51,9,-17,62,23,145,8,-7
50,11,-17,62,22,145,8,-4
50,13,-17,62,22,145,8,-3
52,14,-17,63,23,145,9,-2
54,14,-17,62,25,145,10,-2
55,15,-17,62,26,145,13,-1
56,18,-17,62,26,144,13,1
56,22,-17,63,26,145,13,4
56,26,-16,64,26,144,13,8
57,28,-14,65,27,144,13,10
57,30,-12,65,28,144,14,12
57,33,-12,65,28,144,14,17
57,36,-13,65,28,144,14,17
58,38,-13,65,28,144,14,19
59,40,-14,66,28,144,13,21
60,43,-13,67,28,144,14,24
61,47,-11,68,28,144,14,28
61,52,-9,69,27,144,15,34
63,56,-9,68,26,144,17,37
65,60,-9,68,26,145,18,41
66,63,-9,68,26,145,19,45
66,66,-7,68,27,145,19,47
67,70,-5,69,28,144,20,51
68,73,-3,70,28,143,20,56
69,77,-4,70,27,143,21,59
69,80,-4,70,26,143,21,62
70,81,-5,71,26,144,23,62
71,83,-4,72,26,145,24,64
72,84,-2,72,27,145,24,67
72,86,0,72,28,144,25,68
73,89,0,72,28,143,25,70
75,90,0,73,27,143,26,72
75,92,-1,74,26,143,24,74
74,93,-2,74,26,143,24,74
75,94,-1,73,26,143,26,75
76,93,0,72,28,144,28,74
77,92,0,72,28,144,29,73
77,91,0,72,28,145,29,73
76,91,0,72,26,145,29,72
75,91,0,72,25,145,28,72
75,91,0,72,26,144,28,73
76,91,0,72,28,144,28,73
76,90,0,71,28,145,29,72
77,87,-1,70,27,144,31,69
76,84,-2,69,24,145,30,65
75,80,-2,70,23,145,28,63
74,78,-2,69,22,145,26,61
73,76,-2,69,23,146,28,59
73,73,-3,68,23,147,28,56
72,71,-3,68,23,147,28,53
72,67,-4,68,23,147,28,51
71,64,-6,67,23,147,26,45
70,60,-8,67,23,147,25,42
68,56,-7,66,23,147,24,39
66,53,-7,66,23,148,21,35
66,49,-6,65,23,148,21,34
65,46,-7,64,23,149,20,29
63,42,-9,63,23,150,19,25
62,38,-10,62,23,150,20,21
61,35,-10,62,23,150,19,19
60,32,-10,62,23,150,19,15
60,28,-10,62,23,150,19,13
59,25,-11,61,23,150,18,9
57,21,-13,60,23,150,17,6
56,18,-14,59,23,150,15,3
56,17,-14,58,23,150,15,2
55,15,-14,59,23,150,14,1
54,13,-14,59,23,150,14,0
54,11,-14,59,23,150,13,-2
53,9,-14,59,23,150,13,-4
52,7,-14,59,23,150,12,-6
51,6,-14,59,23,150,10,-7
50,3,-14,59,23,150,10,-9
50,1,-14,59,23,150,10,-10
50,1,-14,59,23,150,10,-12
50,1,-14,59,23,150,10,-12
50,1,-14,59,23,150,10,-10
50,1,-14,59,23,150,10,-12
50,0,-14,59,23,150,10,-12
50,1,-14,59,23,150,10,-10
50,3,-14,59,23,150,10,-9
51,6,-14,59,23,150,10,-7
51,7,-14,59,23,150,12,-6
52,8,-14,59,23,150,12,-4
52,10,-14,59,23,150,12,-3
53,12,-14,59,23,150,13,-1
53,14,-14,59,23,150,13,0
54,15,-14,59,22,150,13,1
54,17,-13,59,21,150,13,2
54,18,-13,60,22,150,14,3
55,21,-12,60,23,150,14,6
56,24,-13,60,23,150,15,8
56,26,-12,60,23,150,15,10
56,29,-11,61,23,150,15,13
56,32,-10,62,23,150,15,15
57,34,-10,62,24,150,17,18
59,36,-10,62,23,150,18,20
60,39,-10,62,21,150,18,23
59,43,-10,62,20,150,18,25
59,45,-10,62,20,150,18,28
60,47,-10,62,20,150,19,30
62,49,-9,63,19,150,19,31
64,51,-9,64,18,150,20,34
66,54,-8,64,18,150,21,36
66,57,-7,65,19,150,21,39
66,59,-7,65,20,150,21,41
66,61,-7,65,20,150,21,42
66,62,-7,66,19,150,21,43
68,63,-8,67,18,150,23,45
70,65,-8,67,18,150,23,46
72,66,-9,68,18,151,25,47
73,68,-10,69,19,154,25,50
72,70,-9,70,19,155,24,51
71,71,-7,72,18,155,24,52
71,71,-6,72,18,155,21,52
71,71,-6,72,18,155,21,51
71,71,-6,72,18,155,21,51
71,71,-6,72,18,155,21,51
71,71,-6,72,19,155,21,51
71,71,-6,72,18,155,21,51
72,70,-7,72,18,155,23,51
72,67,-7,73,18,155,21,48
70,65,-7,74,19,155,21,46
69,61,-7,73,19,155,20,43
68,59,-6,72,19,156,19,41
67,57,-7,71,18,159,20,40
67,55,-9,71,15,160,20,37
67,52,-11,71,14,161,19,31
66,47,-10,70,14,160,20,28
65,43,-10,69,15,160,19,25
63,39,-10,68,16,160,17,23
61,36,-12,67,16,160,15,17
60,32,-13,66,14,160,14,14
59,28,-14,66,14,160,13,9
57,23,-14,65,14,160,12,6
57,18,-15,65,14,160,12,2
56,14,-16,64,14,160,13,-2
54,10,-16,63,14,160,12,-4
52,7,-15,63,14,160,9,-8
50,3,-14,62,14,160,8,-12
50,0,-15,61,14,160,8,-15
49,-4,-16,58,14,160,9,-19
49,-8,-16,57,14,160,9,-23
48,-11,-17,56,14,160,8,-26
47,-14,-17,55,14,160,9,-28
46,-14,-18,56,14,160,7,-29
45,-14,-17,56,14,160,6,-28
44,-13,-17,56,14,160,4,-28
42,-13,-17,56,14,160,3,-28
42,-14,-18,56,14,160,3,-28
42,-14,-18,57,14,160,3,-28
44,-13,-18,57,14,160,4,-28
45,-11,-18,57,14,160,6,-25
45,-9,-18,56,14,160,6,-24
44,-7,-18,56,14,160,6,-21
44,-5,-20,57,14,160,4,-20
45,-3,-20,59,14,160,3,-20
46,0,-20,61,14,160,4,-17
48,4,-18,62,14,160,7,-10
50,9,-17,62,14,160,7,-7
50,13,-17,62,14,160,8,-3
50,17,-17,62,14,160,8,0
51,21,-16,64,14,160,8,3
52,24,-14,65,14,160,9,6
53,27,-13,65,14,160,8,9
53,31,-13,66,14,160,8,13
53,36,-13,66,14,160,8,17
54,39,-13,65,14,160,8,20
55,43,-13,65,14,160,10,24
58,45,-13,66,14,160,12,26
60,47,-12,66,14,160,14,28
61,49,-12,67,14,160,15,30
62,52,-11,68,14,160,15,31
62,54,-10,68,14,160,17,36
63,55,-10,69,14,160,17,37
63,55,-10,69,14,160,17,37
64,54,-10,69,14,160,18,36
64,54,-10,69,14,160,18,36
64,53,-10,69,14,160,18,35
65,52,-9,69,14,160,18,35
65,52,-10,69,14,160,19,34
65,50,-10,68,14,160,18,32
64,48,-12,67,14,160,18,29
63,45,-13,66,14,160,17,26
63,43,-14,65,14,160,17,24
62,40,-14,66,14,160,17,21
62,39,-13,66,14,160,17,20
62,37,-13,66,14,160,17,19
63,37,-13,65,14,160,17,19
63,36,-13,65,14,160,19,17
63,33,-12,64,14,161,19,15
62,32,-13,65,14,162,19,13
61,30,-12,64,14,162,18,14
60,31,-11,63,14,162,17,15
60,30,-10,62,14,161,19,14
60,28,-10,62,14,160,19,13
60,26,-10,62,14,160,19,10
61,26,-10,62,13,160,19,10
61,28,-10,62,11,160,19,13
61,30,-10,62,9,160,19,14
61,31,-10,62,9,160,19,15
61,30,-10,62,9,162,20,14
61,31,-10,62,10,164,19,15
60,32,-10,62,11,165,19,15
59,33,-10,62,12,166,18,18
60,35,-10,62,12,165,18,19
61,36,-10,62,12,165,19,20
62,39,-10,62,10,165,20,23
63,41,-10,62,10,165,21,24
63,43,-10,62,9,165,21,26
63,45,-10,62,9,165,21,28
63,47,-9,63,10,165,19,30
63,49,-7,64,10,165,19,31
63,51,-6,65,10,165,19,36
64,53,-6,65,9,165,19,37
64,55,-7,65,10,165,20,37
64,56,-7,65,10,165,20,39
65,58,-6,65,10,165,20,42
65,60,-5,66,10,165,21,45
67,62,-5,66,10,165,21,46
68,63,-5,66,10,165,24,47
69,64,-5,67,10,165,24,47
69,65,-4,67,10,165,24,48
67,67,-3,68,10,165,23,50
66,68,-2,69,10,165,21,51
67,69,-3,68,10,165,21,52
68,69,-3,68,10,165,24,52
69,70,-3,68,10,165,24,53
69,70,-3,68,10,166,24,53
69,69,-3,68,10,166,24,52
68,69,-3,68,10,165,24,52
68,69,-3,68,10,165,23,52
68,68,-3,68,10,165,23,52
67,68,-3,68,10,167,23,52
66,68,-3,68,10,169,21,52
67,68,-3,68,10,170,21,52
66,68,-3,68,10,171,21,52
66,66,-2,69,10,170,21,50
66,64,-3,68,10,170,21,47
65,61,-4,68,10,170,21,45
65,57,-6,67,10,170,20,39
65,54,-8,67,10,170,21,36
65,52,-8,66,10,170,21,34
65,49,-7,66,10,170,21,31
65,46,-6,65,10,170,20,31
63,43,-6,65,10,170,19,29
62,41,-7,65,10,170,18,24
61,38,-8,65,10,170,17,21
60,34,-10,64,10,170,17,18
59,31,-11,64,10,170,15,15
59,28,-11,63,10,170,15,12
59,25,-10,62,10,170,15,9
58,22,-10,62,10,170,17,7
57,18,-10,62,10,170,17,3
56,14,-10,62,10,170,15,0
54,12,-11,61,10,170,14,-2
54,9,-13,60,10,170,14,-3
54,7,-14,59,10,170,14,-6
54,5,-14,59,10,170,13,-9
53,3,-14,59,10,170,13,-9
51,1,-13,59,10,170,12,-10
51,0,-14,59,10,170,12,-13
51,-1,-15,59,10,170,12,-17
52,-2,-18,60,10,169,10,-17
53,-2,-19,61,10,168,10,-19
53,-2,-18,61,10,169,10,-17
53,-2,-17,61,10,170,10,-17
52,-2,-16,61,10,170,10,-17
52,-1,-16,61,10,170,9,-17
51,0,-17,62,10,170,9,-14
50,1,-17,62,10,170,8,-13
50,1,-17,62,10,170,8,-13
50,1,-17,62,10,170,8,-14
50,1,-17,62,10,170,8,-14
49,3,-17,62,10,170,7,-12
49,5,-17,63,10,170,7,-10
49,6,-17,62,10,170,7,-9
50,7,-18,62,10,170,8,-8
51,7,-17,63,10,170,8,-8
52,8,-16,64,10,170,9,-7
52,8,-15,64,10,170,9,-7
52,8,-14,65,10,170,9,-7
51,8,-15,65,10,170,7,-7
52,8,-15,66,10,170,7,-8
52,8,-16,68,10,170,7,-8
51,8,-16,69,10,170,4,-9
51,8,-16,69,10,171,4,-7
52,8,-15,68,10,170,7,-7
52,7,-16,68,10,168,6,-8
52,4,-16,69,11,167,6,-13
51,2,-17,68,12,167,4,-15
50,1,-18,66,13,168,6,-15
50,1,-18,64,12,169,6,-15
49,0,-18,62,10,167,7,-14
48,-1,-18,63,10,166,6,-17
48,-3,-18,64,11,165,3,-20
48,-4,-19,65,13,165,4,-21
47,-6,-20,64,14,165,3,-23
46,-8,-21,61,13,165,4,-25
46,-10,-22,61,11,165,4,-26
46,-11,-23,61,10,165,6,-28
47,-12,-23,61,10,165,6,-29
46,-12,-22,61,12,165,4,-29
44,-13,-21,59,12,165,2,-29
42,-14,-20,59,12,165,1,-30
42,-14,-21,59,11,165,1,-30
43,-14,-21,59,11,165,2,-30
43,-13,-21,59,12,165,2,-30
44,-13,-21,59,12,165,2,-29
44,-13,-20,59,12,165,2,-30
44,-13,-21,59,11,165,3,-30
45,-12,-21,59,11,165,3,-29
46,-10,-20,59,11,165,4,-28
45,-8,-19,60,12,165,4,-25
44,-7,-18,61,12,165,3,-21
44,-7,-17,62,11,165,2,-21
44,-7,-17,63,10,165,2,-23
44,-7,-17,62,9,165,3,-21
45,-5,-17,62,9,165,3,-20
45,-2,-17,62,11,165,3,-18
46,-1,-17,62,13,165,4,-17
46,0,-17,62,14,165,4,-15
46,0,-17,62,14,165,4,-15
46,-1,-17,62,14,165,4,-17
46,-1,-17,62,14,165,4,-17
46,0,-17,62,14,164,4,-15
47,0,-17,62,14,163,6,-15
49,1,-17,62,13,164,7,-14
50,1,-17,62,12,165,8,-13
50,2,-18,61,13,166,8,-13
50,1,-18,61,14,165,8,-14
50,1,-18,61,14,164,8,-14
50,1,-18,61,14,163,8,-13
50,1,-19,60,14,163,8,-15
50,1,-20,59,14,165,8,-15
50,1,-21,59,14,166,8,-15
52,1,-20,59,13,166,9,-17
53,0,-20,60,12,165,10,-17
52,1,-19,61,13,163,9,-17
50,1,-18,61,14,162,8,-13
50,1,-18,61,14,160,8,-13
50,1,-17,62,14,160,8,-14
50,1,-17,62,14,160,8,-13
49,3,-17,63,14,160,7,-12
48,4,-18,63,14,160,4,-13
47,5,-18,64,14,160,3,-12
47,6,-18,63,14,160,3,-12
47,6,-17,63,14,160,6,-9
49,6,-17,62,14,160,7,-9
50,7,-17,62,14,160,8,-8
51,8,-17,62,14,160,9,-7
52,8,-18,62,14,160,9,-7
52,8,-17,63,14,160,9,-7
52,7,-16,64,14,160,9,-8
51,8,-14,65,14,160,7,-7
51,9,-13,65,14,160,7,-6
51,11,-13,66,14,160,7,-4
51,13,-13,66,14,160,7,-3
51,14,-14,67,14,160,7,-2
52,14,-16,68,14,160,8,-2
53,16,-16,69,14,160,6,-2
51,17,-16,69,14,160,4,1
51,18,-16,68,14,160,6,1
51,19,-16,68,14,160,6,2
52,20,-16,68,14,160,7,2
54,21,-15,68,14,160,9,3
55,21,-15,67,14,160,10,4
55,21,-14,66,14,160,10,4
55,21,-14,67,14,160,10,4
54,22,-15,67,14,160,9,4
54,23,-15,68,14,160,8,6
53,24,-15,67,14,160,8,6
54,23,-14,67,14,160,8,6
54,22,-14,66,14,160,9,4
55,21,-13,65,14,160,10,4
55,21,-13,65,14,160,10,4
54,21,-13,66,14,160,8,3
52,19,-13,66,14,160,8,2
52,18,-14,66,14,160,7,1
52,16,-14,65,14,160,9,-1
52,14,-15,64,14,160,9,-2
51,13,-16,63,14,160,8,-3
50,11,-16,63,14,160,8,-4
50,7,-16,63,14,160,8,-8
49,3,-16,63,14,160,7,-12
47,0,-17,62,14,160,6,-15
47,-2,-17,62,14,160,6,-18
46,-4,-18,61,14,160,4,-19
46,-7,-19,60,14,160,4,-24
45,-11,-21,59,14,160,3,-28
43,-15,-21,59,14,160,2,-31
42,-20,-20,59,14,160,1,-36
41,-24,-20,59,14,160,1,-40
41,-28,-21,58,14,160,1,-43
40,-32,-23,57,14,161,2,-47
39,-37,-24,56,14,160,1,-51
37,-40,-24,55,14,158,0,-54
36,-42,-23,55,14,157,-1,-57
36,-44,-23,54,14,157,-1,-58
36,-46,-24,54,14,159,-1,-61
35,-49,-25,54,14,160,-2,-62
34,-51,-25,55,14,159,-2,-64
34,-53,-25,55,15,157,-2,-67
34,-54,-25,55,16,157,-2,-67
34,-54,-25,55,17,156,-2,-67
33,-53,-25,55,18,156,-3,-67
32,-52,-25,56,17,155,-4,-65
32,-50,-24,56,17,155,-4,-64
32,-48,-24,56,17,155,-4,-62
33,-46,-25,55,18,155,-3,-59
34,-44,-24,56,19,155,-3,-58
35,-41,-23,57,19,155,-2,-56
36,-39,-21,58,19,155,-3,-53
37,-34,-21,59,18,155,-2,-48
39,-29,-21,59,18,155,-1,-45
40,-25,-20,59,19,155,0,-41
41,-20,-19,60,18,155,1,-36
43,-15,-18,61,18,155,2,-30
45,-10,-17,62,18,155,3,-25
46,-6,-17,62,18,155,4,-21
46,-2,-17,62,18,155,4,-18
47,2,-16,63,18,155,6,-13
49,7,-14,65,18,155,7,-8
50,10,-14,65,18,155,6,-4
52,14,-13,66,18,155,7,-2
53,17,-12,67,18,155,8,0
54,21,-11,68,18,155,9,6
55,25,-10,69,18,155,9,9
56,28,-10,69,18,155,10,12
56,29,-10,69,18,155,10,13
56,29,-10,69,18,155,10,13
56,29,-10,69,18,155,10,13
56,29,-10,69,18,155,10,14
57,31,-10,69,18,155,12,14
58,31,-10,69,18,155,13,15
59,31,-9,68,18,155,13,15
58,29,-7,66,19,155,14,13
57,28,-7,65,18,155,14,12
56,28,-6,65,18,155,13,14
57,28,-7,65,18,155,13,12
57,27,-7,65,19,155,14,12
58,25,-7,65,19,155,15,10
58,23,-7,65,18,155,15,8
58,21,-6,65,18,155,14,8
57,18,-7,65,17,155,14,3
56,17,-7,64,16,155,13,2
54,15,-9,63,15,155,12,1
54,13,-10,62,14,155,14,0
55,12,-10,62,13,155,14,-1
56,10,-10,62,14,155,15,-3
55,9,-10,62,15,155,14,-3
53,9,-10,62,16,155,13,-4
52,8,-10,62,15,155,12,-4
51,8,-10,62,14,155,10,-4
51,8,-10,62,14,155,12,-4
53,7,-10,62,14,157,13,-7
54,5,-10,62,14,158,14,-8
54,4,-10,62,14,159,14,-9
54,4,-10,62,14,159,13,-8
52,6,-11,61,14,159,12,-7
51,8,-12,60,14,160,12,-4
51,8,-12,60,14,160,10,-4
52,8,-11,61,14,160,12,-4
52,8,-11,61,14,160,12,-6
52,7,-12,60,14,160,12,-6
51,8,-12,60,14,160,12,-4
51,9,-11,61,14,160,10,-4
50,11,-10,62,14,160,9,-2
50,13,-10,62,14,160,10,-1
50,14,-10,62,14,160,10,0
51,13,-10,62,14,160,9,-1
51,13,-10,62,14,160,12,-1
52,14,-11,61,14,160,12,0
52,14,-12,60,14,160,12,0
52,14,-14,59,14,160,12,0
50,13,-14,58,14,160,10,-3
49,12,-14,60,14,160,9,-3
49,12,-14,62,14,160,7,-3
49,12,-14,64,14,160,7,-3
49,12,-13,64,14,160,7,-3
49,12,-13,63,14,160,7,-3
49,12,-13,61,15,160,7,-2
49,12,-14,61,16,160,9,-3
49,13,-16,61,16,160,7,-3
49,12,-17,62,16,160,7,-4
49,10,-15,63,16,160,7,-6
48,7,-12,62,15,160,6,-6
48,5,-11,61,14,160,8,-7
47,5,-12,60,14,160,8,-8
47,5,-14,60,14,160,8,-9
47,6,-15,60,14,160,8,-9
48,6,-15,60,14,160,8,-9
48,4,-14,60,14,160,8,-10
49,2,-14,60,14,160,9,-13
48,0,-14,60,14,160,9,-14
49,0,-15,60,16,160,9,-14
49,0,-15,60,18,160,9,-14
50,1,-16,61,19,160,8,-14
48,0,-17,62,18,160,7,-14
47,0,-18,63,16,160,6,-15
47,0,-17,63,14,160,6,-15
48,0,-17,62,13,160,6,-14
50,1,-17,62,14,160,8,-14
50,1,-17,62,16,160,8,-14
50,1,-18,62,16,160,8,-13
49,3,-17,62,15,160,7,-12
48,4,-16,64,14,160,6,-10
47,5,-15,64,14,161,6,-10
47,5,-14,65,14,162,3,-9
47,6,-14,65,14,162,3,-9
48,7,-15,65,14,162,4,-8
49,10,-15,64,14,160,7,-6
49,11,-14,65,14,160,7,-4
49,13,-14,65,14,161,4,-3
50,14,-14,66,14,162,6,-2
50,17,-14,67,14,163,6,0
51,18,-14,67,14,162,6,1
51,19,-14,67,14,162,7,2
50,19,-14,66,14,162,6,2
50,19,-14,67,14,162,6,2
50,20,-15,68,14,161,6,2
51,21,-16,68,14,160,4,3
53,22,-16,68,14,160,8,4
54,23,-15,67,14,161,9,6
53,24,-14,66,14,164,8,7
51,25,-14,66,14,165,7,7
50,24,-13,65,14,166,4,7
49,22,-13,65,14,165,4,4
50,20,-14,66,14,165,6,3
52,19,-14,66,14,165,7,2
54,20,-14,66,14,165,9,3
55,21,-13,65,14,165,10,4
54,21,-13,65,14,165,9,3
52,20,-13,65,14,165,7,2
50,19,-13,65,14,165,6,2
50,18,-13,65,14,165,6,1
50,19,-13,65,14,165,6,2
51,19,-13,65,14,165,7,2
51,19,-13,65,14,165,6,2
51,19,-13,65,14,165,6,2
50,19,-13,65,14,165,6,2
50,18,-13,65,14,165,6,1
51,18,-13,65,14,165,7,1
52,20,-13,65,14,165,7,2
53,22,-13,65,14,165,8,4
53,24,-13,65,14,165,8,7
53,25,-13,66,14,165,8,8
54,26,-13,66,14,165,8,8
55,27,-13,66,14,165,9,9
56,29,-13,65,14,165,10,10
56,32,-14,65,14,165,10,14
56,35,-13,66,14,165,10,17
57,38,-12,67,14,165,12,19
57,40,-10,68,14,164,12,23
57,42,-10,69,14,163,12,25
58,44,-9,69,14,164,12,28
59,47,-10,69,14,165,13,30
60,51,-10,68,14,165,14,34
61,54,-10,69,14,165,15,36
62,57,-9,70,14,165,17,39
63,58,-7,71,14,165,17,40
64,60,-6,72,14,165,15,42
65,62,-6,72,14,165,15,43
64,63,-6,72,14,165,15,43
64,64,-6,72,14,165,15,46
64,66,-6,72,14,165,15,47
65,68,-6,72,14,165,17,48
66,68,-6,72,14,165,18,50
67,68,-6,72,14,165,18,50
67,68,-6,72,14,165,18,50
67,68,-6,72,14,165,18,48
67,68,-6,72,14,165,18,48
67,68,-6,72,14,165,18,48
66,68,-6,72,14,165,18,50
66,68,-6,72,14,165,18,50
67,68,-6,72,14,165,18,48
68,67,-7,72,14,165,18,48
68,65,-7,73,14,165,19,46
69,64,-7,73,14,165,20,45
68,63,-7,73,14,165,19,45
68,63,-7,72,14,165,19,45
67,63,-7,73,14,165,18,45
66,62,-8,75,14,165,17,43
65,62,-9,76,14,165,14,41
65,61,-10,76,14,165,14,40
65,61,-10,76,14,165,14,41
65,61,-9,76,14,165,14,41
65,62,-9,76,14,165,14,41
65,61,-9,76,14,165,14,41
65,61,-10,76,14,165,14,41
65,62,-9,76,14,165,14,41
64,63,-9,76,14,165,13,42
63,64,-9,76,14,165,12,43
63,66,-9,76,14,165,12,45
63,67,-9,76,14,165,13,46
65,67,-9,76,14,166,14,46
67,68,-10,75,14,166,15,46
67,68,-9,76,14,167,15,47
66,69,-8,77,14,166,15,48
65,71,-7,78,14,166,14,52
64,72,-6,79,14,165,13,53
64,73,-5,79,14,165,13,53
64,72,-6,79,14,165,13,52
64,72,-6,79,14,166,13,52
65,73,-6,79,14,166,14,53
66,75,-6,79,14,167,15,56
68,77,-6,79,14,168,17,57
68,76,-6,79,14,169,17,57
67,75,-6,79,14,169,15,54
67,74,-5,78,14,169,15,54
67,74,-4,78,14,168,15,54
68,75,-5,78,14,167,17,54
68,75,-6,79,14,167,17,56
68,75,-6,79,14,169,17,56
69,75,-6,79,14,170,17,56
69,74,-6,79,14,170,18,54
69,71,-5,79,14,170,18,52
68,69,-6,79,14,170,17,50
67,68,-7,78,14,170,15,48
66,68,-8,77,14,170,15,47
67,68,-9,76,14,170,15,47
68,67,-10,75,14,170,17,46
67,65,-9,76,15,170,17,43
66,62,-9,76,14,170,15,41
65,61,-9,76,14,170,14,40
65,61,-9,76,14,170,14,40
65,61,-9,76,15,170,14,41
65,62,-9,76,15,170,14,41
65,61,-9,76,14,170,14,41
65,61,-9,76,13,170,14,40
65,61,-9,76,13,170,14,41
64,62,-9,76,13,170,13,41
64,63,-9,76,14,170,13,42
63,64,-9,76,15,170,13,43
63,65,-9,76,15,170,12,43
62,65,-9,76,14,170,12,45
62,66,-9,76,14,170,12,45
62,66,-9,76,14,170,12,45
62,66,-9,76,15,170,12,45
62,66,-9,76,15,170,12,45
63,66,-9,76,14,170,12,45
63,64,-9,76,13,170,13,43
63,62,-9,76,13,170,12,41
62,60,-9,76,13,170,10,40
61,59,-9,76,14,170,10,39
61,58,-9,76,15,170,10,37
61,58,-9,76,15,170,10,37
63,57,-9,76,15,170,12,36
63,55,-9,76,13,170,13,35
63,53,-9,76,11,170,12,32
62,50,-9,76,10,170,12,30
61,46,-9,76,9,170,10,26
61,43,-10,75,10,170,10,24
60,41,-12,73,11,170,12,23
59,40,-13,72,11,170,10,21
58,39,-13,72,12,170,10,20
58,36,-13,72,12,170,10,18
57,33,-13,72,11,170,9,14
57,30,-14,72,11,170,9,12
57,28,-15,70,10,170,9,10
57,26,-16,69,9,170,9,7
57,24,-17,69,10,170,9,4
56,22,-17,69,11,170,9,3
55,21,-16,69,12,170,8,2
55,21,-16,69,13,170,8,2
54,21,-16,69,12,170,7,2
54,21,-17,69,11,170,7,1
54,21,-17,69,10,170,7,1
53,20,-17,69,9,170,6,1
51,19,-17,69,9,170,4,0
51,19,-16,69,10,170,4,0
50,20,-16,69,11,170,3,1
50,21,-16,69,13,170,3,1
51,22,-17,69,14,170,4,3
52,24,-17,69,14,170,4,3
52,25,-16,69,13,170,4,4
52,25,-15,70,12,170,4,7
51,25,-14,72,12,170,4,7
51,25,-13,72,12,170,4,7
50,26,-13,73,12,170,3,8
50,28,-13,72,13,170,3,10
50,30,-13,72,13,170,3,12
50,30,-13,72,14,170,3,12
50,30,-13,72,14,170,3,12
50,29,-13,72,15,170,3,12
50,29,-13,72,15,170,3,12
50,29,-14,72,15,170,3,12
50,30,-14,71,14,170,3,12
51,30,-15,71,13,170,3,12
52,31,-16,70,13,170,4,10
53,31,-16,69,14,170,6,10
53,32,-17,69,14,170,6,12
54,32,-17,69,14,170,7,12
54,32,-16,69,14,170,7,12
54,32,-15,70,13,170,7,14
54,32,-15,71,13,170,7,14
54,32,-14,71,14,170,7,14
53,33,-15,71,15,170,6,14
52,35,-14,71,15,170,6,17
53,37,-14,72,14,170,6,18
54,38,-13,72,14,170,7,19
56,39,-13,72,14,170,8,20
56,39,-13,72,15,170,8,20
55,40,-13,72,14,170,8,21
54,42,-13,72,14,170,7,23
54,43,-13,72,14,169,7,24
55,45,-13,72,14,169,8,26
57,46,-13,72,14,168,9,26
58,48,-13,72,14,169,10,29
59,50,-12,73,14,169,10,30
60,51,-10,75,14,170,9,31
60,52,-9,76,14,170,9,31
59,52,-9,76,14,170,9,32
58,54,-9,76,14,170,8,34
58,56,-9,76,14,170,8,36
60,58,-9,76,14,170,9,37
61,59,-9,76,14,170,10,39
61,59,-9,76,14,170,10,39
61,59,-9,76,14,170,10,39
61,59,-9,76,14,170,10,39
62,59,-9,76,14,170,10,39
62,60,-9,76,14,169,12,40
63,60,-9,76,14,169,12,40
63,60,-9,76,15,168,12,40
62,60,-9,76,14,169,10,40
61,59,-9,76,14,169,10,39
61,59,-9,76,14,170,10,39
62,60,-9,76,15,170,12,39
64,61,-9,76,15,170,13,40
65,62,-9,76,14,170,13,41
64,61,-9,76,13,170,13,40
63,58,-9,76,11,170,12,37
62,56,-9,76,11,170,12,36
62,56,-9,76,13,170,12,36
64,57,-9,76,14,170,13,36
64,57,-9,76,14,170,13,36
65,56,-9,76,13,170,14,36
64,55,-9,76,13,170,13,35
63,54,-9,76,14,170,13,34
63,54,-9,76,15,170,13,34
63,55,-9,76,15,170,12,35
63,55,-9,76,13,170,13,35
63,54,-9,76,11,170,13,34
63,54,-9,76,10,170,13,34
63,54,-9,76,11,170,13,34
63,55,-9,76,11,170,13,35
64,55,-9,76,11,170,13,35
63,54,-9,76,10,170,13,34
62,54,-9,76,10,170,12,34
61,54,-9,76,10,170,10,34
61,54,-9,76,10,170,10,34
60,53,-10,75,10,172,9,32
60,51,-11,74,10,174,9,31
61,49,-11,74,10,175,13,29
61,47,-11,74,10,176,10,28
60,46,-11,74,10,175,12,28
59,46,-12,73,10,175,12,28
58,46,-13,72,10,175,10,26
58,46,-13,72,10,175,10,26
58,44,-13,72,10,175,10,25
58,42,-13,72,10,175,10,23
57,40,-13,72,10,175,9,20
56,39,-13,72,10,175,8,20
56,39,-13,72,10,175,8,20
57,38,-13,72,10,175,9,19
57,36,-13,72,10,175,9,18
57,34,-13,72,10,175,9,15
57,33,-13,72,10,175,9,14
56,33,-13,72,10,175,8,14
56,34,-13,72,10,175,9,15
57,34,-13,72,10,175,9,15
58,34,-13,72,10,175,10,15
58,35,-13,73,10,175,10,17
57,36,-13,72,10,176,9,18
57,38,-13,72,10,177,9,19
57,39,-13,72,9,178,9,20
58,41,-13,73,8,179,10,21
59,43,-13,73,9,180,10,24
60,45,-13,72,10,180,12,26
60,49,-12,71,10,180,12,29
61,51,-11,71,11,180,12,31
62,54,-11,72,10,180,14,34
64,57,-10,75,10,180,13,36
66,60,-9,76,9,180,14,40
67,64,-9,76,8,180,15,43
67,67,-9,76,8,180,15,46
68,70,-9,76,8,180,17,48
69,74,-8,77,8,180,18,52
70,78,-7,78,8,180,19,58
71,83,-6,79,8,180,19,62
72,86,-6,79,7,180,19,65
72,89,-6,79,6,180,20,68
74,92,-5,80,5,180,21,70
75,94,-3,81,5,180,23,73
76,98,-2,82,6,180,21,76
76,100,-2,83,6,180,21,79
76,102,-2,83,6,180,21,80
77,105,-1,83,5,180,21,83
79,108,0,84,6,180,23,87
80,110,0,86,6,180,24,90
81,111,1,86,6,180,25,90
81,111,1,86,6,180,26,91
81,111,0,86,6,180,26,90
81,111,0,86,6,180,25,90
79,110,0,86,6,180,24,90
78,109,1,86,6,181,23,89
78,107,0,86,6,182,23,87
78,105,0,86,6,183,23,85
79,103,0,86,6,184,24,83
79,99,1,86,6,185,24,80
77,96,1,86,6,185,23,76
76,92,0,86,6,185,21,74
75,89,0,85,6,185,20,68
75,86,0,84,6,185,20,65
74,82,-2,82,6,185,19,62
72,78,-3,81,4,185,20,58
69,74,-5,80,2,186,18,54
67,70,-6,79,1,187,15,51
66,66,-6,79,1,187,14,47
65,62,-6,79,1,188,14,43
64,57,-7,78,1,189,13,39
63,53,-8,77,1,190,12,32
61,48,-9,76,1,191,10,28
60,43,-11,74,1,191,10,24
60,39,-12,73,1,190,12,20
59,36,-13,72,1,190,10,18
58,33,-13,72,1,190,10,14
57,30,-13,72,1,190,9,12
56,27,-13,73,1,190,8,9
54,25,-13,72,1,190,7,7
54,23,-14,72,1,190,7,6
54,21,-15,70,1,190,7,3
53,18,-17,70,1,190,6,-1
53,16,-17,69,1,190,6,-2
51,14,-17,69,1,190,4,-4
50,13,-17,69,1,190,4,-6
50,11,-16,69,1,190,3,-7
51,9,-17,70,1,190,4,-8
51,8,-17,71,1,190,4,-9
51,7,-18,71,1,190,4,-10
49,6,-19,69,1,190,2,-12
47,6,-19,68,1,190,1,-12
47,5,-19,67,1,190,3,-12
47,5,-19,67,1,190,3,-12
48,5,-19,67,1,190,3,-12
47,6,-20,66,1,190,3,-12
47,6,-20,66,1,190,3,-12
47,5,-20,66,1,190,3,-12
47,5,-19,67,1,190,1,-12
47,5,-18,68,1,190,1,-12
47,6,-17,68,1,190,1,-12
47,7,-17,69,1,190,1,-10
47,9,-16,69,1,190,1,-8
47,11,-16,69,1,190,1,-7
48,12,-16,69,1,190,2,-6
48,12,-16,69,1,190,2,-6
49,13,-17,69,1,190,2,-4
49,15,-17,69,1,190,2,-3
49,18,-16,69,1,190,3,-1
49,20,-15,70,1,190,2,3
50,22,-14,72,1,190,3,4
50,24,-13,72,1,190,3,6
50,26,-13,73,1,190,3,8
51,29,-13,72,1,190,4,12
53,32,-13,72,1,190,6,14
54,36,-13,72,1,190,6,17
55,39,-13,72,1,190,7,20
56,41,-13,72,1,190,8,23
57,43,-12,73,1,190,9,24
58,45,-10,75,1,190,8,26
59,47,-9,76,1,190,8,28
60,49,-9,76,1,190,9,29
60,51,-9,76,1,190,9,31
59,52,-9,76,1,190,9,32
59,53,-9,76,1,190,9,32
60,53,-10,75,1,190,9,34
62,54,-11,74,1,190,12,34
64,55,-12,74,1,190,15,35
63,55,-11,74,1,190,14,35
62,54,-11,74,1,190,12,34
61,53,-10,75,1,190,10,32
60,51,-11,74,1,190,12,31
61,49,-13,72,1,190,13,29
60,47,-14,72,1,190,12,28
59,46,-13,72,1,190,10,26
59,45,-13,73,1,190,10,25
59,43,-13,73,1,190,10,24
59,40,-13,72,1,190,12,21
59,37,-14,71,1,190,12,18
59,33,-15,71,1,190,12,14
59,31,-15,70,1,190,10,13
58,29,-15,70,1,190,10,10
57,27,-15,70,1,190,10,9
57,24,-16,69,1,190,9,4
57,21,-17,69,1,190,9,2
57,18,-17,69,1,190,9,-1
57,17,-17,69,1,190,10,-1
56,16,-16,69,1,190,9,-2
54,15,-16,69,1,190,7,-3
52,14,-17,69,1,190,6,-4
52,12,-17,69,1,190,6,-6
54,11,-17,69,1,190,7,-7
54,10,-17,69,1,190,8,-8
55,9,-17,69,1,190,8,-8
54,8,-17,69,1,190,7,-9
53,9,-16,69,1,190,6,-9
52,10,-16,69,1,190,6,-8
53,13,-16,69,1,190,6,-6
53,14,-17,69,1,190,7,-3
54,15,-17,69,1,190,7,-3
54,15,-16,69,1,190,7,-3
53,15,-16,70,1,190,7,-3
53,16,-15,71,1,190,6,-1
51,17,-14,71,1,190,4,1
51,18,-14,72,1,190,4,1
52,20,-13,72,1,190,6,3
53,22,-13,72,2,190,6,4
53,24,-13,72,3,190,6,7
53,25,-13,72,3,190,6,8
53,26,-13,73,3,190,6,8
54,26,-12,73,2,190,7,8
55,27,-12,74,1,190,8,9
57,30,-12,73,1,190,9,12
58,33,-11,74,1,190,10,14
58,35,-10,75,1,190,8,17
58,35,-9,76,2,190,8,17
58,35,-9,76,2,190,8,17
59,36,-9,76,3,190,8,18
60,39,-9,76,3,190,9,20
60,41,-9,76,3,190,9,23
60,42,-9,76,3,190,9,23
60,41,-9,76,2,190,10,23
61,42,-9,76,2,190,10,23
63,43,-9,76,3,190,13,24
63,45,-9,76,3,190,13,25
62,47,-9,76,2,190,12,28
61,48,-9,76,2,190,10,28
61,49,-9,76,2,190,10,29
62,49,-9,76,3,190,12,29
64,49,-9,76,3,190,13,30
64,50,-9,76,2,190,13,30
64,49,-9,76,1,190,13,30
63,48,-9,76,0,190,12,29
62,48,-9,76,1,190,12,29
61,48,-9,76,3,190,10,29
62,48,-9,76,5,190,12,29
61,48,-9,76,6,190,10,28
61,46,-9,76,7,190,10,26
61,44,-9,76,6,190,10,24
60,41,-10,75,6,190,9,21
59,39,-12,74,6,190,12,20
59,36,-13,73,6,190,10,18
58,35,-13,73,6,190,10,17
58,33,-13,72,7,190,10,14
57,30,-14,72,6,190,9,12
56,26,-15,71,5,190,8,6
55,21,-18,70,3,190,8,2
54,17,-18,71,1,190,7,-2
54,13,-19,72,0,190,4,-4
54,10,-19,73,1,190,4,-8
53,7,-19,72,3,190,3,-10
51,3,-20,71,4,190,2,-14
49,0,-21,69,4,190,3,-19
47,-3,-22,68,3,190,1,-23
46,-7,-22,68,3,190,1,-26
45,-11,-23,68,4,190,0,-30
44,-14,-22,67,5,190,-1,-34
43,-17,-22,66,5,190,-2,-34
42,-20,-22,66,3,190,-2,-39
42,-22,-23,66,2,190,-3,-40
41,-24,-24,65,2,190,-1,-42
40,-26,-24,63,3,190,-2,-45
39,-27,-24,62,4,190,-3,-45
39,-27,-24,63,5,190,-3,-45
39,-27,-25,64,5,190,-3,-45
39,-27,-25,65,5,190,-3,-45
39,-27,-25,64,6,190,-3,-45
39,-26,-24,63,6,190,-3,-43
39,-23,-24,63,6,190,-3,-41
39,-20,-24,63,6,190,-3,-39
39,-17,-24,63,6,189,-3,-36
38,-15,-23,64,6,188,-4,-31
37,-12,-22,65,6,187,-4,-29
38,-9,-20,66,6,186,-4,-26
39,-6,-19,68,6,185,-6,-24
41,-3,-18,68,6,185,-4,-21
42,-1,-18,68,6,185,-3,-19
43,2,-18,68,6,185,-2,-15
43,6,-18,68,6,185,-2,-12
43,10,-18,70,6,185,-2,-8
43,13,-17,73,6,185,-4,-6
43,16,-16,74,6,185,-4,-2
45,19,-15,75,6,185,-3,0
46,22,-15,76,6,185,-1,2
48,25,-16,76,6,185,-1,4
48,27,-16,76,6,185,0,7
49,28,-16,75,6,185,0,8
49,31,-15,75,6,185,0,10
50,33,-14,76,6,185,1,13
50,36,-13,78,6,185,0,14
51,36,-12,80,6,185,0,15
52,37,-13,80,6,185,1,15
53,37,-14,78,6,185,1,15
53,37,-15,77,6,185,1,17
54,38,-15,77,6,185,2,17
55,38,-15,77,6,185,3,17
56,37,-15,77,6,185,4,17
56,36,-15,75,6,185,6,14
56,33,-15,75,6,185,6,12
55,31,-15,75,6,185,6,10
56,29,-16,76,6,187,6,8
55,28,-16,76,6,188,3,7
54,26,-16,76,6,188,4,6
53,24,-16,76,6,187,3,4
53,22,-16,76,6,185,3,2
52,20,-16,76,6,185,1,0
52,18,-16,76,6,185,3,-1
51,15,-18,75,6,185,2,-3
50,12,-19,74,6,185,1,-6
49,10,-20,73,6,185,1,-8
47,7,-20,73,6,185,-1,-10
47,6,-20,73,6,185,-1,-12
48,4,-21,72,6,185,0,-15
48,2,-22,71,6,185,0,-18
48,-1,-24,70,6,185,0,-20
46,-4,-24,69,6,185,-1,-24
45,-7,-23,69,6,185,-2,-26
44,-7,-24,70,6,185,-3,-26
44,-7,-24,71,6,185,-3,-26
43,-8,-26,72,6,185,-4,-29
41,-9,-27,73,6,185,-8,-30
40,-9,-27,74,6,185,-9,-31
39,-10,-27,74,6,185,-9,-31
40,-10,-27,73,6,185,-9,-31
40,-9,-28,72,6,185,-9,-31
40,-9,-28,72,6,185,-9,-31
40,-10,-28,72,6,185,-9,-31
39,-10,-28,72,6,185,-9,-31
40,-9,-29,71,6,185,-7,-31
41,-9,-29,71,6,185,-6,-30
43,-8,-29,71,6,185,-7,-29
44,-7,-30,72,6,185,-6,-29
45,-7,-31,72,6,185,-4,-29
44,-7,-32,72,6,185,-6,-31
43,-6,-33,73,6,185,-6,-30
42,-4,-34,73,6,185,-7,-29
42,-3,-34,74,6,185,-9,-28
42,-4,-34,74,6,185,-9,-28
43,-4,-34,73,6,185,-7,-29
42,-4,-33,74,5,185,-9,-28
42,-3,-33,74,4,185,-9,-28
41,-5,-34,74,3,185,-10,-29
40,-7,-35,73,2,185,-8,-31
40,-10,-36,71,1,185,-9,-34
39,-11,-37,70,1,185,-10,-35
37,-11,-37,70,1,186,-12,-37
36,-12,-38,72,1,186,-12,-37
36,-14,-40,73,1,185,-14,-40
36,-16,-41,73,1,184,-14,-41
35,-18,-43,72,1,184,-15,-45
35,-19,-44,71,1,184,-15,-47
35,-21,-46,69,1,185,-15,-48
35,-22,-46,68,1,186,-13,-50
34,-24,-48,68,0,186,-14,-51
32,-26,-50,68,-1,185,-18,-54
31,-26,-53,68,-2,185,-19,-56
29,-27,-56,67,-1,184,-20,-58
29,-29,-57,65,-2,183,-20,-61
28,-32,-58,65,-3,182,-21,-63
28,-34,-60,65,-3,181,-21,-64
27,-35,-63,65,-3,181,-21,-68
26,-35,-66,65,-3,181,-23,-68
25,-36,-68,63,-3,181,-24,-70
24,-36,-70,61,-3,181,-25,-72
23,-37,-71,60,-3,181,-26,-72
22,-38,-73,60,-3,181,-26,-73
21,-38,-76,60,-3,180,-28,-75
20,-39,-79,58,-3,177,-29,-76
18,-39,-82,57,-5,176,-30,-79
18,-40,-85,56,-6,176,-30,-79
17,-41,-88,56,-7,176,-31,-83
16,-41,-90,56,-7,177,-35,-83
14,-42,-91,55,-8,175,-34,-84
12,-43,-93,53,-9,173,-35,-86
10,-44,-96,50,-9,171,-37,-87
9,-46,-98,48,-9,171,-36,-90
9,-50,-100,47,-8,171,-36,-92
9,-53,-102,45,-9,172,-36,-97
8,-55,-104,43,-10,171,-36,-100
7,-58,-108,40,-12,170,-36,-102
4,-61,-111,37,-14,169,-39,-108
1,-65,-113,35,-14,167,-41,-112
-1,-70,-115,33,-14,166,-41,-115
-3,-76,-118,31,-14,166,-42,-123
-4,-82,-120,29,-14,164,-43,-129
-6,-89,-122,27,-16,162,-43,-135
-8,-96,-123,26,-18,160,-45,-142
-12,-104,-125,24,-19,159,-48,-151
-16,-112,-127,22,-20,158,-52,-158
-19,-121,-129,21,-20,158,-54,-167
-21,-131,-131,19,-19,157,-54,-175
-24,-141,-134,19,-19,156,-58,-187
-28,-152,-137,18,-20,154,-62,-197
-32,-163,-139,18,-21,153,-65,-211
-36,-175,-140,17,-23,152,-69,-220
-39,-187,-142,16,-25,151,-72,-231
-43,-198,-144,16,-25,150,-75,-245
-46,-210,-146,16,-25,148,-78,-256
-49,-223,-148,17,-25,148,-80,-267
-51,-235,-150,18,-25,146,-84,-280
-54,-249,-152,19,-25,145,-86,-294
-57,-263,-156,20,-25,143,-91,-308
-61,-278,-160,21,-25,143,-96,-324
-64,-290,-163,23,-27,143,-98,-338
-66,-303,-166,24,-28,144,-103,-349
-68,-314,-170,25,-30,144,-107,-362
-71,-326,-174,26,-30,143,-109,-374
-75,-337,-178,26,-30,143,-115,-388
-80,-348,-184,26,-31,143,-119,-400
-83,-359,-190,25,-33,144,-123,-412
-86,-369,-198,25,-34,144,-128,-424
-89,-379,-205,24,-35,144,-131,-434
-93,-386,-212,23,-36,144,-135,-446
-97,-393,-219,21,-38,144,-139,-454
-101,-399,-227,18,-40,144,-142,-462
-104,-404,-236,15,-41,144,-145,-469
-106,-409,-245,10,-43,144,-146,-478
-109,-413,-255,3,-44,144,-147,-484
-113,-416,-264,-2,-46,144,-151,-489
-118,-418,-274,-8,-48,145,-152,-495
-123,-419,-285,-14,-50,144,-157,-499
-128,-421,-294,-23,-54,144,-157,-505
-132,-421,-303,-32,-56,142,-158,-507
-135,-421,-310,-41,-58,140,-157,-507
-138,-419,-318,-50,-60,138,-157,-507
-142,-416,-326,-58,-61,137,-158,-506
-145,-412,-335,-67,-63,136,-157,-505
-148,-408,-342,-75,-66,134,-157,-504
-151,-404,-346,-84,-69,133,-156,-500
-154,-400,-349,-92,-71,130,-156,-496
-156,-394,-351,-99,-74,126,-153,-491
-158,-387,-352,-105,-75,122,-153,-485
-158,-380,-352,-109,-77,117,-152,-478
-158,-372,-351,-113,-79,112,-150,-468
-156,-364,-348,-116,-81,107,-144,-458
-155,-355,-343,-119,-83,102,-140,-449
-152,-346,-338,-120,-85,98,-137,-438
-149,-336,-331,-119,-86,93,-133,-427
-144,-326,-321,-117,-87,87,-129,-415
-140,-316,-311,-114,-89,80,-123,-401
-135,-305,-299,-109,-91,72,-120,-388
-130,-295,-287,-104,-93,65,-115,-373
-123,-283,-274,-96,-94,59,-111,-357
-117,-269,-260,-89,-94,54,-107,-341
-109,-256,-242,-80,-94,48,-101,-322
-102,-243,-224,-71,-94,42,-96,-306
-94,-230,-206,-61,-95,35,-90,-288
-86,-216,-188,-51,-97,28,-85,-268
-77,-202,-169,-40,-99,21,-79,-249
-68,-189,-149,-29,-101,16,-74,-231
-59,-175,-128,-17,-102,12,-68,-209
-48,-162,-107,-5,-102,8,-61,-191
-38,-147,-86,7,-101,4,-54,-170
-28,-132,-64,20,-99,0,-47,-151
-19,-118,-43,33,-97,-4,-41,-130
-10,-103,-21,45,-97,-8,-36,-109
-1,-88,0,57,-98,-11,-30,-90
8,-74,22,69,-99,-13,-24,-68
17,-61,44,81,-99,-15,-18,-50
26,-48,65,95,-98,-16,-13,-31
35,-36,85,108,-97,-18,-9,-13
45,-24,105,120,-97,-18,-3,4
54,-12,124,131,-97,-18,2,19
62,-3,143,142,-97,-18,9,35
69,7,162,152,-96,-18,13,51
75,17,179,162,-94,-18,15,64
82,26,194,172,-93,-17,20,78
90,35,208,182,-92,-15,25,90
99,42,222,191,-90,-14,30,103
106,48,237,200,-89,-12,35,113
112,54,250,207,-88,-10,40,123
116,59,260,214,-88,-7,41,130
119,65,267,220,-87,-5,42,137
123,70,275,226,-85,-3,45,145
126,74,283,230,-83,-1,46,151
130,77,288,233,-81,1,48,156
132,79,292,235,-79,5,51,158
134,82,292,236,-77,10,51,161
135,85,292,236,-76,14,52,163
136,86,291,235,-73,18,54,164
136,87,289,233,-71,20,54,166
133,87,285,230,-68,24,52,164
130,86,280,226,-65,28,51,162
126,86,274,220,-63,31,50,159
123,87,267,214,-61,35,50,158
121,88,260,207,-60,38,50,157
118,87,252,198,-57,42,50,155
113,86,243,189,-54,45,47,151
108,85,231,180,-52,49,47,147
103,84,220,171,-50,52,45,141
97,83,208,161,-49,54,42,139
92,82,198,152,-47,57,40,134
87,80,186,142,-44,58,40,130
83,78,173,132,-41,59,39,123
79,75,161,122,-38,61,36,118
75,73,149,113,-36,62,35,112
71,71,138,106,-35,64,34,107
66,68,127,100,-34,65,32,101
62,65,117,93,-31,65,29,93
59,62,106,87,-28,65,25,89
56,58,96,82,-25,65,25,80
52,54,86,77,-23,65,21,74
49,50,79,74,-22,65,19,68
46,45,71,73,-21,65,17,59
45,40,65,72,-19,64,13,53
44,36,59,72,-17,65,13,46
43,31,54,72,-14,65,10,40
43,25,50,74,-11,64,9,35
42,20,47,75,-10,63,7,26
42,14,44,78,-9,60,4,19
42,8,42,81,-9,59,3,14
43,3,40,85,-8,58,2,7
45,-3,39,88,-7,59,1,1
46,-10,39,92,-7,59,0,-7
46,-15,40,95,-6,59,-2,-12
46,-19,41,97,-4,58,-2,-15
46,-23,41,101,-2,58,-3,-19
47,-28,41,104,-1,60,-4,-23
47,-33,42,108,0,62,-7,-28
47,-38,42,110,0,64,-7,-32
47,-42,44,112,0,64,-7,-36
48,-45,46,114,0,63,-8,-39
48,-48,48,115,-1,64,-8,-42
47,-51,50,116,-1,65,-9,-42
45,-54,51,117,0,67,-10,-45
44,-57,52,116,0,68,-12,-47
43,-59,53,116,2,70,-13,-50
42,-60,53,115,3,71,-12,-51
41,-59,54,112,4,72,-12,-47
40,-57,54,109,4,74,-10,-46
38,-56,54,107,4,77,-10,-45
36,-57,52,106,4,79,-12,-46
35,-58,51,104,4,81,-13,-46
34,-57,50,102,5,83,-12,-46
33,-55,48,98,4,85,-13,-43
32,-53,47,95,4,86,-12,-42
30,-50,45,92,5,87,-13,-42
29,-48,42,90,6,88,-12,-40
28,-47,39,88,7,89,-13,-41
28,-46,35,83,8,91,-10,-40
28,-43,32,80,9,92,-10,-37
28,-39,30,77,10,92,-9,-34
28,-36,28,75,10,92,-9,-34
28,-34,25,74,10,93,-9,-31
28,-31,22,72,10,95,-8,-31
28,-28,19,70,11,96,-7,-28
28,-25,17,68,14,97,-7,-25
28,-22,14,65,15,98,-7,-24
29,-20,12,63,16,99,-6,-23
30,-18,11,61,15,100,-3,-20
31,-16,8,60,15,100,-2,-19
31,-14,6,60,15,100,-2,-19
32,-12,4,61,15,101,-3,-18
33,-10,3,61,17,101,-2,-15
34,-8,2,61,19,101,-2,-17
34,-7,0,59,20,101,-1,-15
35,-5,-1,59,21,101,0,-13
36,-3,-2,60,20,101,0,-12
36,-1,-3,61,20,101,-2,-12
37,1,-3,62,20,101,-1,-9
38,4,-4,63,20,101,0,-7
39,6,-5,65,20,101,-1,-4
41,7,-7,65,21,101,0,-6
42,8,-7,65,24,101,1,-6
43,10,-6,65,25,101,2,-1
43,12,-7,65,25,101,1,-1
42,14,-7,66,25,101,1,0
43,14,-9,68,25,101,-1,0
43,14,-10,69,25,101,0,0
44,17,-9,70,25,101,1,2
45,19,-9,70,25,101,1,4
46,21,-9,70,25,101,2,6
45,22,-8,70,27,101,1,7
46,24,-8,72,28,101,0,8
46,25,-7,74,28,101,0,9
46,25,-8,75,28,101,0,9
47,26,-8,75,28,101,-1,8
46,26,-8,75,29,101,0,10
46,27,-7,73,30,100,0,10
46,27,-6,72,30,100,0,10
46,26,-6,72,30,100,2,10
47,26,-6,72,30,101,2,10
46,25,-6,72,30,101,0,9
45,25,-7,74,30,100,-1,9
46,23,-9,75,30,101,0,6
47,22,-10,75,30,101,-1,4
48,23,-11,74,30,101,0,6
47,22,-10,73,30,101,1,4
46,21,-10,72,30,101,0,3
45,19,-12,72,30,101,-1,2
44,17,-13,72,30,101,-1,0
43,15,-14,73,30,101,-2,-1
43,14,-13,73,30,101,-2,-2
43,12,-11,72,30,101,-2,-3
44,11,-10,70,30,101,1,-4
45,10,-11,68,30,101,1,-6
45,9,-13,67,30,101,1,-6
45,10,-14,67,30,101,1,-6
45,10,-15,67,30,101,1,-6
45,10,-15,68,30,101,1,-6
45,10,-15,68,30,101,1,-6
45,9,-15,68,30,101,1,-6
45,10,-15,68,30,101,1,-6
45,9,-16,68,30,101,1,-6
45,10,-16,68,30,101,-1,-6
45,10,-16,69,30,101,-1,-8
45,10,-17,70,30,101,-1,-8
45,9,-17,69,30,101,-1,-8
45,9,-17,69,30,101,-1,-9
45,10,-16,69,30,101,-1,-8
46,12,-16,70,30,100,0,-6
46,14,-15,71,30,101,0,-2
46,16,-14,71,30,102,0,0
47,17,-14,72,30,104,1,0
47,18,-13,72,30,104,1,1
47,21,-13,72,30,102,1,3
47,24,-13,72,30,101,1,6
48,27,-13,72,30,101,1,9
49,29,-13,72,31,102,2,10
49,30,-13,72,32,102,2,12
49,31,-13,72,33,101,2,13
49,33,-12,73,34,101,2,14
50,35,-10,75,35,102,1,17
52,39,-9,76,35,103,2,20
53,42,-9,76,35,103,3,23
53,43,-9,76,35,102,3,24
53,43,-9,76,35,102,3,24
53,43,-9,76,34,102,3,24
54,45,-9,76,33,103,4,25
55,48,-9,76,32,104,4,28
55,49,-9,76,32,105,4,29
54,50,-9,76,32,105,4,30
53,49,-9,76,32,105,3,29
54,49,-9,76,33,105,4,29
55,50,-8,77,34,105,6,30
55,50,-8,77,34,105,6,30
54,49,-8,77,33,105,4,29
52,48,-9,76,33,105,2,28
51,47,-9,76,33,105,1,28
50,47,-10,75,32,104,1,28
51,47,-9,76,32,103,1,28
50,45,-9,76,30,104,1,25
50,43,-9,76,30,105,1,24
49,41,-9,76,30,105,0,21
49,40,-10,75,30,104,0,20
49,38,-12,73,30,103,2,19
48,36,-13,72,30,104,1,18
46,33,-13,72,30,105,0,15
45,31,-13,72,30,106,-1,12
45,28,-13,72,30,106,-1,10
45,25,-13,73,30,105,-1,8
45,22,-13,72,30,105,-1,4
45,19,-14,72,30,105,-1,2
45,16,-15,70,30,105,-1,0
44,13,-17,69,30,105,-1,-4
43,10,-18,68,30,105,-2,-8
42,8,-18,68,30,105,-3,-9
40,5,-19,67,30,105,-4,-13
39,2,-19,67,30,105,-3,-15
40,0,-20,66,30,105,-2,-18
39,-2,-20,66,30,105,-3,-20
39,-5,-20,66,30,105,-3,-23
37,-7,-20,66,30,105,-4,-25
36,-10,-20,66,30,105,-6,-28
36,-12,-20,66,30,105,-7,-29
34,-13,-20,66,30,105,-7,-30
33,-14,-21,66,31,105,-9,-30
32,-14,-21,65,32,105,-9,-31
32,-16,-21,65,32,105,-9,-32
32,-18,-21,65,32,105,-9,-35
32,-20,-21,66,31,105,-9,-36
32,-21,-20,66,30,105,-9,-36
32,-20,-20,66,30,105,-9,-36
33,-19,-20,66,30,105,-8,-36
33,-18,-20,66,30,105,-8,-34
32,-16,-20,66,32,105,-9,-32
32,-15,-20,66,34,105,-9,-31
32,-14,-20,66,35,105,-9,-31
32,-12,-20,66,34,105,-9,-29
33,-10,-19,67,33,105,-9,-28
33,-8,-19,67,33,106,-10,-25
34,-6,-18,68,35,105,-10,-23
34,-3,-17,68,35,104,-10,-20
34,0,-17,69,35,101,-10,-18
34,2,-17,69,35,101,-9,-15
35,4,-17,69,35,100,-9,-14
37,6,-16,69,35,100,-8,-12
38,9,-16,70,35,101,-7,-8
38,12,-15,71,35,101,-7,-3
38,15,-14,71,35,100,-7,-1
38,17,-14,72,35,100,-7,0
39,19,-13,72,35,100,-7,2
40,22,-13,73,35,100,-4,4
42,24,-13,73,35,100,-3,7
44,26,-13,72,35,100,-2,8
45,28,-12,71,35,100,-1,10
46,31,-11,70,35,101,2,13
46,33,-10,70,35,101,2,14
47,34,-12,71,35,100,1,15
47,34,-13,72,35,100,1,15
47,34,-13,73,35,100,1,15
47,33,-13,73,35,101,1,15
48,34,-13,72,35,102,1,15
48,34,-13,72,35,102,2,15
49,35,-13,72,35,102,2,17
50,36,-13,73,35,101,3,17
50,35,-13,72,35,101,2,17
49,33,-13,72,35,102,2,14
49,31,-13,72,35,103,2,13
50,29,-13,72,35,104,3,12
51,28,-13,72,35,105,4,10
51,27,-13,72,35,105,4,9
51,25,-14,72,35,105,4,7
51,22,-14,71,35,105,4,4
50,20,-15,71,35,105,3,3
49,18,-16,70,35,105,2,-1
48,17,-16,69,35,105,1,-2
48,15,-17,69,35,105,1,-3
48,14,-17,69,35,105,2,-4
49,12,-17,69,35,105,3,-6
50,12,-17,69,35,105,3,-6
48,11,-16,69,35,105,2,-7
46,10,-15,70,35,105,0,-6
45,10,-15,71,35,105,-1,-6
44,10,-15,70,35,105,-1,-6
45,9,-16,69,35,105,-1,-8
45,10,-17,69,35,105,-1,-8
45,10,-17,69,35,105,-1,-8
45,10,-17,69,35,105,-1,-8
45,10,-17,69,35,105,0,-8
45,10,-16,69,35,105,-1,-8
43,9,-16,70,35,105,-2,-9
42,8,-15,71,35,105,-3,-7
42,8,-14,71,35,105,-3,-8
42,8,-14,71,35,105,-3,-7
43,9,-14,71,35,105,-2,-7
44,9,-15,71,35,105,-1,-7
43,9,-16,70,35,105,-2,-9
42,8,-16,69,35,104,-3,-9
42,8,-17,69,35,103,-3,-9
42,8,-17,69,35,102,-3,-9
42,8,-16,69,35,103,-3,-9
41,7,-16,69,35,104,-3,-10
41,7,-16,69,35,105,-4,-10
41,7,-17,69,35,105,-4,-10
41,7,-17,69,34,105,-4,-10
40,7,-17,69,33,105,-4,-10
41,7,-16,69,34,105,-4,-10
41,7,-16,69,35,105,-3,-10
42,6,-17,69,35,105,-3,-12
41,3,-18,68,35,104,-3,-14
40,1,-18,68,35,104,-4,-15
39,0,-17,68,35,103,-6,-17
40,0,-17,69,35,104,-4,-18
41,-1,-18,68,35,104,-4,-19
42,-3,-19,67,35,105,-1,-20
41,-4,-20,66,35,105,-2,-21
39,-6,-21,66,35,105,-3,-24
39,-8,-20,66,35,105,-3,-25
39,-10,-20,66,35,105,-3,-26
40,-10,-20,66,35,105,-2,-28
40,-10,-20,66,35,105,-2,-26
40,-9,-20,66,35,105,-2,-26
40,-9,-20,66,35,105,-2,-26
40,-10,-20,66,35,105,-2,-26
39,-10,-19,67,35,105,-3,-26
40,-10,-19,67,35,105,-2,-26
41,-9,-19,67,35,105,-3,-25
42,-7,-19,67,35,105,-1,-24
43,-4,-19,67,35,105,-2,-21
42,-3,-20,67,35,105,-3,-20
41,-3,-19,67,35,105,-3,-20
41,-3,-18,68,35,105,-3,-20
42,-3,-17,69,35,105,-3,-20
42,-1,-16,70,35,105,-3,-19
43,1,-17,70,35,105,-2,-15
43,3,-17,69,35,105,-2,-14
44,3,-16,68,35,105,-1,-12
44,2,-15,68,35,104,1,-13
44,1,-14,67,35,103,1,-14
44,1,-14,67,35,102,0,-14
44,3,-14,67,35,101,0,-12
44,4,-15,68,35,102,1,-12
46,5,-16,68,35,104,0,-10
47,5,-16,68,35,105,3,-9
48,5,-15,67,35,106,4,-9
48,5,-14,67,35,104,3,-9
47,5,-14,68,35,102,3,-9
47,5,-13,70,35,100,1,-10
47,5,-13,71,35,100,1,-9
47,6,-14,71,35,100,1,-9
47,6,-14,72,35,101,1,-9
47,5,-14,73,35,102,1,-10
47,5,-13,72,35,104,1,-10
47,6,-12,72,35,105,1,-9
48,7,-11,71,35,106,1,-8
49,10,-11,71,35,105,2,-6
49,12,-11,71,35,105,3,-3
50,12,-11,71,35,105,3,-3
49,12,-11,70,35,105,4,-3
48,13,-10,69,35,105,3,-1
47,15,-10,69,35,105,3,1
48,17,-10,69,35,105,3,2
49,18,-10,69,35,105,4,3
50,19,-10,69,35,105,6,4
50,20,-10,69,35,105,6,6
50,22,-10,69,35,105,6,7
51,25,-10,69,35,105,7,9
52,25,-10,69,35,105,7,10
53,26,-9,70,35,106,8,10
53,27,-8,70,35,107,8,12
54,29,-7,71,35,107,9,13
55,30,-7,72,35,107,9,14
55,32,-6,72,35,107,8,15
55,32,-6,72,35,107,7,15
54,32,-6,72,35,108,7,17
53,33,-6,72,35,109,6,17
52,35,-6,72,35,110,6,19
52,36,-6,72,35,110,4,20
52,37,-6,72,35,110,4,20
52,35,-6,72,35,110,4,19
51,33,-7,71,35,110,7,17
50,32,-9,70,35,110,6,15
50,31,-10,69,36,110,6,14
49,30,-10,69,35,110,4,14
49,28,-10,69,35,110,4,13
48,27,-10,69,35,110,3,10
48,25,-9,69,36,110,3,9
48,23,-10,68,36,110,3,7
48,21,-11,68,35,110,3,3
48,18,-13,68,34,110,3,1
47,15,-16,68,34,110,1,-1
46,12,-17,69,34,110,1,-6
46,10,-17,69,35,110,0,-8
46,8,-18,69,34,110,1,-9
46,7,-18,68,32,110,1,-10
46,5,-18,68,32,110,0,-13
44,3,-18,68,33,110,-1,-14
42,1,-18,66,34,110,-1,-15
43,0,-19,65,34,110,0,-18
43,-4,-20,65,32,110,0,-21
43,-7,-20,66,31,110,0,-24
41,-9,-20,66,31,110,-1,-26
40,-10,-20,66,32,110,-2,-28
39,-10,-20,66,32,110,-3,-26
39,-9,-20,66,32,110,-3,-26
40,-10,-20,66,31,110,-2,-26
41,-11,-20,66,30,110,-1,-28
42,-13,-21,66,30,110,-1,-29
42,-13,-21,66,30,110,-1,-29
41,-11,-20,66,31,110,-1,-28
40,-10,-20,65,31,110,-2,-26
40,-9,-19,64,30,110,-2,-26
40,-10,-18,64,31,110,-2,-26
40,-10,-18,64,31,111,-2,-28
40,-9,-19,65,31,112,-2,-26
40,-7,-21,66,31,112,-2,-25
41,-5,-21,66,31,112,-1,-23
42,-3,-19,65,31,111,-1,-20
42,-3,-17,65,32,110,-1,-18
41,-2,-15,66,32,110,-2,-17
40,0,-14,67,32,110,-2,-15
40,1,-14,67,31,110,-3,-14
40,3,-14,66,31,110,-2,-12
42,6,-14,66,32,110,-1,-9
43,7,-15,67,34,110,0,-8
44,9,-15,68,34,110,1,-7
44,11,-15,68,33,110,1,-4
42,14,-14,67,32,110,-1,-2
41,17,-14,67,32,110,-2,0
41,19,-15,67,33,110,-2,2
43,20,-15,67,35,110,-1,2
46,21,-15,68,36,110,2,4
46,24,-15,68,36,110,2,6
46,25,-16,68,36,110,2,8
46,27,-16,68,36,110,2,9
46,28,-15,68,35,110,1,9
46,29,-16,68,34,110,0,12
47,32,-16,69,33,110,1,10
48,34,-17,69,32,110,1,13
47,34,-17,69,33,110,1,13
47,34,-16,69,34,110,1,13
47,34,-16,70,35,110,1,13
49,34,-15,71,34,110,2,15
50,36,-15,72,34,110,3,17
51,36,-14,72,34,110,4,18
52,36,-12,72,33,110,4,18
52,36,-10,70,32,110,7,18
52,36,-10,69,31,110,7,20
52,36,-9,69,32,110,7,20
51,36,-10,69,32,110,7,20
51,36,-10,69,32,110,6,20
52,36,-10,69,32,110,7,20
53,37,-10,69,32,110,8,20
55,38,-10,69,32,110,9,21
56,39,-9,70,32,110,10,23
55,40,-8,70,31,110,10,24
54,42,-7,70,31,112,9,25
53,43,-5,69,31,112,8,25
53,43,-4,69,31,113,8,29
54,44,-4,70,31,112,9,29
56,46,-3,70,31,113,10,31
57,49,-3,69,31,114,13,34
57,51,-3,68,31,115,13,36
56,53,-3,68,31,115,13,37
56,55,-3,69,31,115,13,39
58,57,-3,68,31,115,14,41
59,58,-3,68,31,115,15,42
60,60,-3,69,31,115,17,43
61,62,-3,70,31,115,14,46
61,65,-5,71,31,115,15,46
61,67,-6,72,31,115,13,48
61,69,-7,72,31,115,13,50
60,70,-6,73,31,115,12,51
59,70,-5,73,31,115,10,51
60,70,-5,73,31,115,12,51
61,71,-5,73,31,115,13,52
63,72,-5,74,31,116,14,52
63,71,-3,75,31,117,14,52
62,69,-3,75,31,118,14,52
62,67,-3,75,31,119,13,48
62,66,-5,73,31,120,14,47
62,65,-6,72,31,120,14,46
62,64,-7,72,31,120,15,45
62,61,-6,72,31,120,13,43
61,58,-6,72,31,120,13,40
61,55,-6,72,31,120,13,37
60,51,-6,72,31,120,12,34
59,47,-7,71,31,120,13,30
57,44,-8,70,31,120,10,26
55,40,-10,69,31,120,9,23
54,36,-10,68,31,120,8,19
53,32,-10,68,31,120,8,15
53,27,-11,68,31,120,8,12
52,24,-11,67,31,120,7,7
50,20,-12,66,31,120,6,3
48,15,-14,65,31,120,3,-1
46,10,-16,63,31,120,4,-6
45,6,-17,62,31,120,3,-9
43,3,-17,62,31,120,2,-12
41,0,-17,62,31,120,0,-15
39,-3,-17,63,31,120,-1,-18
39,-6,-17,62,31,120,-1,-21
39,-9,-18,61,31,120,-1,-24
39,-10,-19,61,31,120,-1,-28
37,-11,-21,59,31,120,-3,-29
35,-13,-21,58,31,120,-4,-30
33,-15,-21,59,31,120,-6,-32
33,-18,-20,59,31,120,-6,-34
33,-18,-20,61,31,120,-7,-34
32,-16,-20,61,31,120,-7,-32
32,-15,-21,61,31,120,-7,-31
32,-14,-21,61,31,120,-8,-31
31,-14,-21,59,31,120,-8,-31
30,-14,-21,59,31,120,-9,-30
30,-12,-20,59,31,120,-9,-29
31,-10,-20,59,31,120,-8,-26
32,-8,-20,60,31,120,-7,-25
32,-7,-21,61,31,120,-7,-24
32,-5,-21,63,31,120,-10,-23
31,-4,-22,63,31,120,-10,-21
31,-3,-21,61,31,120,-8,-20
32,-1,-19,61,31,120,-7,-19
33,1,-18,61,31,120,-7,-14
34,3,-18,61,31,120,-6,-12
36,4,-17,62,31,120,-4,-10
36,4,-17,63,31,120,-3,-10
36,4,-17,62,31,120,-3,-10
36,6,-17,62,31,120,-4,-9
36,8,-18,63,31,120,-4,-7
37,10,-18,63,32,120,-6,-8
39,12,-18,64,33,120,-3,-6
41,14,-18,64,34,120,-2,-4
42,15,-17,63,36,120,1,-1
42,15,-17,62,36,120,0,-1
40,16,-17,62,34,120,0,0
41,17,-17,62,33,120,0,0
41,18,-17,63,33,120,0,1
43,20,-16,64,35,120,1,2
44,20,-15,64,36,120,2,3
45,20,-14,65,35,120,1,3
46,21,-14,65,33,120,3,3
46,23,-14,65,32,120,2,6
46,26,-14,65,34,120,2,8
46,27,-13,66,36,120,1,9
46,28,-13,66,37,119,1,9
47,28,-13,65,36,118,2,9
49,28,-13,65,36,118,4,10
50,29,-13,66,34,119,4,12
50,31,-13,66,34,119,4,13
50,33,-13,65,35,118,4,14
50,36,-14,65,36,117,6,17
50,38,-13,66,36,116,6,19
51,40,-12,67,36,118,7,21
52,42,-10,68,36,119,7,25
53,43,-10,69,36,121,8,26
54,45,-10,69,36,120,9,28
54,47,-10,69,36,118,9,30
55,50,-9,70,35,116,9,32
55,52,-7,71,34,115,9,35
56,54,-6,72,34,116,8,36
57,56,-6,73,36,117,9,39
58,57,-6,72,36,116,10,40
58,60,-6,72,36,115,10,41
59,62,-6,72,36,115,10,43
60,64,-6,72,34,116,12,45
61,65,-6,72,32,117,13,46
62,65,-6,72,33,118,15,47
63,66,-5,71,35,119,17,47
63,65,-4,71,36,119,17,47
64,66,-4,72,35,120,17,47
63,68,-4,73,33,120,14,48
62,69,-5,73,32,120,13,50
60,70,-5,72,32,120,14,51
60,70,-5,71,32,120,13,51
61,68,-4,70,32,120,14,52
62,67,-4,70,32,120,15,50
62,65,-4,70,33,120,15,48
63,65,-4,71,32,120,17,48
63,66,-6,71,32,120,17,47
63,66,-6,72,31,120,14,47
62,66,-6,72,31,120,13,47
61,65,-5,71,31,120,15,46
60,63,-3,70,31,120,14,46
60,61,-3,70,31,120,13,45
61,59,-5,71,31,120,14,41
62,57,-7,71,31,120,15,39
63,56,-8,69,31,120,17,37
62,54,-7,66,31,120,18,36
60,53,-7,65,31,120,17,35
59,52,-7,66,31,120,15,35
60,51,-8,68,31,120,14,34
61,50,-10,69,31,120,14,32
61,47,-10,69,31,121,14,30
59,46,-10,69,31,122,13,29
57,45,-10,69,31,121,12,28
57,46,-10,69,31,120,12,29
57,46,-10,69,31,121,12,29
58,46,-10,69,31,122,12,29
56,45,-10,69,31,123,10,28
54,44,-11,68,31,124,9,24
53,43,-12,67,31,124,8,24
53,43,-12,67,31,123,7,24
53,43,-11,68,31,122,8,26
54,42,-10,68,31,121,9,25
55,40,-10,68,31,122,10,24
56,39,-10,68,31,123,10,23
56,38,-10,68,31,125,10,21
56,39,-10,68,31,125,10,21
56,39,-10,68,31,125,10,23
56,39,-11,68,31,125,10,23
56,39,-11,68,31,125,10,23
56,39,-10,68,31,125,10,21
56,39,-9,69,31,125,10,23
56,39,-10,69,31,125,10,23
56,39,-10,68,31,125,10,23
56,39,-10,68,31,125,10,21
54,38,-11,68,31,125,9,21
53,37,-11,68,31,125,8,19
52,36,-11,68,31,125,7,18
52,35,-12,66,31,125,7,17
54,33,-12,65,31,125,10,15
54,32,-12,64,31,125,12,14
52,32,-13,65,31,125,9,14
50,32,-13,65,31,125,6,13
49,31,-13,66,31,125,4,13
50,31,-13,66,31,125,4,13
50,29,-13,65,31,125,6,12
50,27,-13,65,31,125,6,9
49,25,-13,65,31,125,4,7
48,23,-13,66,31,125,4,6
48,23,-13,66,31,125,3,6
48,23,-13,65,31,125,4,6
48,21,-14,65,31,125,3,3
47,18,-16,63,31,125,6,1
46,16,-17,62,31,125,4,0
46,16,-17,62,31,125,4,-1
46,16,-17,62,31,125,4,0
46,16,-17,62,31,125,4,0
46,16,-17,62,31,125,4,0
46,16,-17,62,31,125,4,0
46,16,-17,62,31,125,4,0
46,16,-17,62,31,125,4,0
46,16,-17,62,31,125,4,0
46,16,-17,62,31,125,4,0
46,16,-17,62,31,125,4,-1
46,16,-17,62,31,125,4,0
47,18,-17,62,31,125,6,1
48,21,-17,62,31,125,6,4
48,23,-17,62,31,125,6,6
48,23,-17,62,31,125,6,6
48,23,-17,62,31,125,6,6
48,23,-17,62,31,125,6,6
48,25,-17,63,31,125,6,7
49,27,-17,63,31,125,7,9
50,30,-17,62,31,125,8,12
51,31,-16,61,31,125,8,13
51,32,-15,59,31,125,10,14
51,34,-14,59,31,125,10,18
50,36,-13,61,31,125,10,19
50,38,-12,62,31,125,7,21
50,40,-11,63,31,125,7,23
50,41,-10,62,31,125,10,24
52,43,-10,62,31,125,9,25
53,43,-11,63,31,125,10,26
54,43,-11,64,31,125,10,26
53,44,-11,63,31,125,9,28
51,46,-10,62,32,126,8,29
51,47,-10,62,32,126,10,30
50,47,-11,63,32,126,8,30
51,47,-11,64,32,126,8,30
51,47,-10,65,32,127,8,30
51,47,-8,65,32,127,8,30
51,47,-8,64,32,127,8,30
50,47,-8,63,32,126,8,30
51,47,-9,63,31,125,8,30
52,48,-8,64,31,124,9,30
53,48,-7,65,31,125,9,30
52,48,-6,65,31,125,9,32
51,47,-6,65,31,125,8,32
50,47,-7,65,31,125,8,30
50,47,-7,65,31,125,7,30
51,47,-7,65,31,125,8,30
52,48,-6,65,31,126,9,32
54,49,-7,65,32,127,10,31
55,50,-7,65,32,128,12,32
55,50,-6,65,32,127,12,35
55,50,-7,65,31,126,12,32
55,50,-7,65,31,125,12,32
55,50,-7,65,31,126,12,32
55,50,-6,65,32,126,12,34
55,50,-6,65,32,128,12,34
55,50,-7,65,32,129,12,32
55,50,-7,64,32,130,12,32
54,51,-8,64,32,130,12,34
54,51,-7,64,32,130,10,34
54,51,-7,65,32,130,10,34
54,50,-6,66,32,130,12,35
55,50,-6,65,32,130,12,35
56,50,-7,64,32,130,13,32
57,50,-9,63,32,130,13,32
56,50,-10,62,32,130,15,32
55,50,-10,62,32,130,14,32
55,50,-10,62,32,130,14,32
55,49,-10,62,32,130,14,31
55,50,-10,62,31,130,14,32
55,50,-10,62,29,130,14,32
55,50,-10,62,28,130,14,32
56,48,-10,62,28,130,14,31
56,46,-10,62,29,130,15,29
56,44,-10,62,30,130,14,28
55,44,-10,62,31,130,14,26
54,44,-10,62,31,130,13,26
55,44,-10,62,30,130,14,28
55,43,-10,62,29,130,14,26
56,41,-11,61,29,130,15,24
56,39,-11,61,29,130,15,23
56,38,-11,61,30,130,15,21
56,39,-12,61,31,130,14,21
56,39,-12,60,32,130,14,23
56,39,-12,60,32,130,15,23
56,39,-12,60,30,130,15,23
56,39,-12,60,30,130,14,21
56,39,-12,60,30,130,15,23
56,39,-12,60,32,130,15,23
56,39,-12,60,32,130,14,23
55,39,-12,61,32,130,14,21
56,39,-11,61,30,130,15,21
57,40,-11,61,30,130,15,23
58,42,-11,61,30,130,17,25
58,44,-10,62,31,130,17,28
58,46,-10,62,32,130,17,29
57,46,-10,62,32,130,17,29
57,45,-10,62,32,130,17,28
57,45,-11,63,32,130,14,28
57,45,-11,64,32,130,14,28
57,47,-11,65,32,130,13,30
57,49,-10,66,31,130,13,31
58,51,-9,65,30,130,14,34
59,53,-8,63,30,130,15,35
59,53,-9,63,30,130,15,35
59,52,-10,65,32,130,15,35
59,52,-10,67,32,130,13,34
59,52,-8,68,31,130,13,34
59,52,-7,67,30,131,15,35
59,53,-7,66,29,132,15,35
59,52,-9,65,28,131,15,35
59,52,-10,66,27,130,15,35
59,52,-9,66,27,130,15,35
59,52,-8,67,26,130,15,35
59,53,-8,67,27,130,15,35
59,52,-9,68,28,131,13,34
60,51,-10,67,28,132,14,34
61,49,-10,66,29,132,17,31
61,48,-9,66,28,131,18,31
62,48,-8,67,28,132,18,30
62,48,-8,68,27,133,15,30
62,48,-8,68,27,133,15,31
61,48,-7,67,27,133,18,31
60,49,-6,65,27,133,17,34
59,49,-6,65,27,133,15,34
58,48,-9,65,27,134,15,30
58,46,-12,66,27,135,13,28
58,46,-13,66,27,135,12,26
58,46,-12,65,27,135,14,29
57,45,-10,65,27,134,14,28
57,45,-10,64,27,133,14,28
56,45,-10,63,28,133,13,28
56,45,-11,63,28,133,13,28
56,45,-10,62,29,134,15,28
57,43,-10,62,28,135,15,26
57,41,-11,63,28,135,14,24
56,39,-12,65,27,135,13,23
54,38,-13,65,27,135,12,19
53,37,-13,64,27,135,9,18
52,36,-13,62,27,135,9,18
51,34,-13,61,27,135,10,18
50,31,-13,59,27,135,9,15
49,29,-13,59,27,135,8,13
47,28,-14,59,27,135,7,12
46,26,-15,60,27,135,7,8
46,23,-15,60,27,135,7,6
46,20,-15,60,27,135,6,3
45,17,-14,59,27,135,6,2
44,14,-13,59,27,135,4,0
43,12,-14,59,27,135,3,-1
43,10,-15,57,27,135,3,-6
43,7,-16,57,27,135,3,-8
43,4,-17,56,27,135,3,-12
43,1,-17,55,27,135,6,-14
42,-1,-17,55,27,135,6,-17
41,-3,-18,54,27,135,4,-18
39,-6,-20,53,27,135,3,-20
39,-8,-21,52,27,135,3,-23
39,-12,-21,52,27,135,2,-26
39,-14,-21,52,28,135,2,-29
39,-16,-21,53,28,135,2,-30
38,-17,-21,52,29,135,2,-31
38,-18,-22,51,28,135,2,-32
37,-21,-24,50,28,135,1,-37
37,-23,-25,49,27,135,1,-39
37,-23,-24,49,27,135,1,-39
37,-23,-23,50,27,135,1,-39
37,-23,-23,50,27,135,1,-39
35,-24,-23,50,28,135,0,-40
34,-25,-24,50,29,135,-1,-40
32,-25,-24,50,30,135,-2,-41
32,-26,-23,50,29,135,-3,-41
32,-26,-22,51,28,135,-2,-41
34,-25,-22,51,27,135,-1,-37
35,-22,-21,52,27,135,-1,-36
35,-20,-21,52,27,135,0,-34
34,-18,-21,52,27,135,-1,-32
34,-18,-21,52,27,135,-1,-32
34,-19,-21,52,27,135,-1,-32
34,-19,-21,52,27,135,-1,-34
36,-18,-21,52,29,135,0,-32
36,-16,-21,52,30,135,1,-30
36,-13,-21,52,30,135,1,-28
36,-12,-21,52,29,135,0,-26
36,-12,-21,52,29,135,0,-26
37,-12,-21,52,30,133,1,-26
37,-11,-21,52,32,131,1,-25
37,-9,-20,53,32,130,1,-24
38,-8,-18,54,31,130,1,-23
38,-7,-17,55,30,131,1,-21
38,-7,-17,56,30,132,0,-21
38,-7,-17,56,32,131,0,-21
39,-5,-17,55,32,130,2,-20
40,-3,-17,55,32,130,3,-19
42,-3,-17,55,32,130,4,-18
42,-3,-17,56,32,130,3,-18
41,-3,-17,55,32,130,4,-18
41,-3,-17,55,32,130,4,-18
42,-3,-17,55,32,130,4,-19
43,-2,-17,55,32,130,6,-18
44,0,-17,55,32,130,7,-15
44,2,-17,55,32,130,7,-13
44,3,-17,55,32,130,7,-12
43,3,-17,55,32,130,6,-12
43,3,-17,55,32,130,6,-12
43,3,-17,55,32,130,6,-12
44,3,-17,55,32,130,7,-12
46,4,-17,55,32,130,9,-10
47,5,-17,55,32,130,9,-9
47,7,-17,55,32,130,9,-8
46,8,-17,55,32,130,8,-7
45,10,-17,55,32,130,7,-6
44,10,-17,55,32,130,7,-6
45,9,-17,55,32,130,8,-7
46,8,-17,55,32,130,8,-7
46,8,-17,55,32,130,8,-7
45,9,-17,55,32,130,8,-7
45,9,-17,55,32,130,8,-7
46,9,-17,55,32,130,8,-7
46,7,-17,55,32,130,9,-8
47,5,-17,55,32,130,9,-9
47,5,-17,55,32,130,10,-10
48,5,-17,55,32,130,10,-9
48,6,-17,55,32,130,10,-9
47,5,-17,55,32,130,9,-9
46,5,-17,55,32,130,8,-10
45,3,-17,55,31,130,8,-12
44,2,-17,55,30,130,7,-13
45,0,-17,55,30,130,8,-15
44,-1,-17,55,30,130,7,-17
43,-3,-18,56,31,130,4,-18
42,-3,-18,56,32,130,3,-18
41,-3,-17,56,32,130,2,-18
40,-3,-17,55,32,130,3,-19
39,-6,-17,55,32,130,3,-21
39,-8,-17,56,32,130,1,-23
40,-10,-18,57,32,130,1,-24
40,-10,-19,58,32,130,1,-25
39,-10,-20,57,32,130,0,-25
37,-11,-21,57,32,130,-1,-28
36,-13,-21,57,32,130,-1,-30
37,-15,-22,58,32,130,-3,-31
38,-16,-21,58,32,130,0,-32
39,-17,-21,57,32,130,0,-32
38,-17,-21,56,32,130,0,-32
37,-17,-22,56,32,130,0,-32
36,-17,-24,56,32,130,-1,-34
36,-18,-25,56,32,130,-2,-34
35,-18,-23,55,32,130,-2,-35
34,-18,-22,54,32,130,-1,-35
35,-18,-21,53,32,130,0,-35
36,-18,-22,54,32,130,-2,-34
36,-18,-23,54,32,130,-1,-34
36,-18,-23,54,32,130,-1,-34
36,-17,-22,53,32,130,0,-34
36,-16,-21,53,32,130,0,-30
37,-15,-22,53,32,130,1,-31
38,-15,-22,54,32,130,2,-31
38,-16,-22,53,32,130,2,-32
37,-15,-21,53,32,130,1,-29
37,-13,-21,52,32,130,1,-28
37,-11,-21,52,32,130,1,-26
37,-11,-21,52,32,130,1,-25
37,-11,-21,52,32,130,1,-26
38,-11,-21,52,32,130,2,-25
39,-10,-21,52,32,130,2,-25
40,-10,-21,52,32,130,3,-24
40,-9,-21,52,32,130,3,-24
40,-9,-21,52,32,130,3,-24
40,-10,-21,52,32,130,3,-24
40,-10,-21,53,32,130,3,-24
40,-10,-20,53,32,130,3,-24
40,-9,-20,53,32,130,3,-24
40,-9,-20,53,32,130,3,-24
40,-10,-20,53,32,130,3,-24
40,-10,-19,54,32,130,3,-24
40,-10,-19,54,32,130,3,-24
40,-9,-19,54,32,130,3,-24
40,-10,-19,54,32,130,4,-24
40,-10,-18,54,32,130,3,-24
38,-11,-17,55,32,130,2,-25
37,-11,-17,56,32,130,-1,-26
37,-11,-17,56,32,130,-1,-25
38,-11,-17,55,32,130,2,-25
40,-11,-17,55,32,130,4,-25
42,-12,-17,55,32,130,6,-26
43,-14,-17,56,32,130,3,-28
43,-14,-17,55,32,130,6,-29
42,-14,-17,55,32,129,6,-28
42,-14,-17,55,32,128,6,-28
43,-14,-17,55,32,128,6,-28
42,-14,-17,55,32,128,6,-28
42,-14,-17,55,32,129,6,-28
42,-14,-17,56,33,130,3,-28
43,-14,-17,55,34,130,6,-29
42,-14,-17,55,33,129,6,-28
41,-12,-17,55,32,128,4,-26
41,-11,-17,56,32,126,2,-25
40,-10,-17,56,32,126,2,-25
41,-11,-17,55,32,126,4,-26
41,-12,-18,54,32,126,4,-26
41,-12,-20,53,32,125,4,-26
40,-11,-21,53,32,125,4,-25
40,-10,-20,53,31,125,3,-24
40,-10,-20,53,31,125,3,-24
40,-10,-20,53,32,125,3,-24
40,-10,-21,53,33,125,3,-24
40,-10,-21,52,35,125,3,-24
40,-9,-21,52,35,125,3,-24
40,-9,-21,52,33,125,3,-24
40,-11,-21,52,32,125,4,-25
42,-13,-21,52,31,125,6,-28
42,-14,-21,52,31,125,6,-28
43,-14,-21,52,31,125,6,-28
43,-12,-21,52,31,125,6,-26
43,-11,-21,52,32,125,7,-25
43,-12,-21,52,33,125,7,-26
43,-13,-21,52,33,125,6,-28
42,-13,-21,52,33,125,6,-28
41,-11,-21,52,32,125,4,-25
40,-10,-20,51,31,125,3,-24
40,-9,-20,51,31,125,3,-24
40,-10,-20,51,32,125,4,-25
41,-11,-21,52,33,125,4,-26
41,-12,-21,53,34,125,4,-26
42,-13,-21,52,35,125,6,-26
42,-14,-20,51,35,125,6,-28
42,-14,-20,50,35,125,8,-28
42,-14,-19,50,36,125,8,-28
43,-14,-19,50,36,124,8,-28
43,-14,-19,50,37,124,8,-28
42,-14,-19,50,36,124,8,-28
41,-15,-19,50,36,124,7,-29
40,-15,-18,49,35,125,6,-29
39,-15,-18,48,34,125,6,-30
40,-16,-18,48,35,125,6,-30
39,-16,-18,48,36,124,6,-30
39,-16,-18,49,36,124,4,-30
38,-16,-18,49,36,124,4,-30
38,-16,-18,49,36,124,4,-28
38,-17,-18,48,36,124,4,-30
39,-18,-18,48,36,124,6,-31
40,-19,-18,49,36,124,6,-32
40,-20,-18,49,36,124,6,-31
40,-20,-18,49,36,124,6,-31
40,-19,-18,48,36,124,6,-32
40,-19,-19,48,36,124,6,-34
40,-20,-19,48,36,125,7,-34
40,-20,-18,48,36,125,7,-34
40,-20,-17,47,36,124,8,-31
40,-19,-17,46,36,123,8,-30
40,-19,-18,46,36,123,8,-30
40,-19,-18,47,36,122,6,-32
39,-18,-18,48,36,123,4,-31
38,-17,-18,49,36,123,4,-29
38,-16,-18,49,36,123,4,-28
39,-15,-18,48,36,123,6,-29
41,-14,-18,48,36,122,7,-29
43,-14,-18,49,36,122,8,-26
43,-14,-18,49,36,122,8,-26
42,-14,-18,48,36,122,8,-28
42,-13,-18,48,36,121,7,-28
43,-11,-18,49,37,120,8,-24
44,-10,-17,50,38,120,9,-23
45,-8,-15,51,38,121,10,-20
44,-6,-14,52,37,122,9,-18
42,-4,-14,52,36,121,7,-17
41,-3,-14,52,36,120,7,-17
42,-3,-14,52,36,119,7,-17
43,-2,-14,51,36,119,8,-15
44,0,-14,52,36,119,9,-13
44,2,-13,53,36,120,9,-10
43,3,-12,54,36,120,7,-9
43,3,-12,54,36,119,7,-9
44,3,-13,53,36,119,7,-9
44,5,-13,53,36,119,9,-8
44,7,-12,53,36,119,9,-6
44,9,-11,54,36,119,7,-4
45,10,-11,55,36,119,7,-3
45,10,-11,54,36,119,8,-3
45,10,-12,54,36,120,10,-3
45,9,-10,53,36,120,9,-2
45,10,-9,54,36,119,10,-1
45,10,-10,54,36,119,8,-1
45,10,-11,54,36,120,7,-3
44,10,-12,52,36,121,9,-3
45,10,-12,49,36,122,12,-3
46,10,-11,48,36,123,13,-1
48,11,-10,49,36,123,14,0
49,12,-9,50,36,123,15,0
50,12,-9,50,36,124,17,1
49,12,-9,50,36,125,15,1
49,12,-10,49,36,125,15,0
49,12,-10,48,36,124,15,0
49,12,-11,48,36,124,15,0
49,12,-12,50,36,124,14,-1
49,12,-13,51,36,124,13,-1
49,12,-13,51,36,124,13,-1
49,12,-13,51,36,124,13,-1
49,12,-12,50,36,124,14,-1
49,12,-12,49,36,124,15,0
49,12,-11,48,36,124,15,1
49,12,-10,48,36,124,15,0
49,12,-11,49,36,124,15,0
49,12,-12,49,36,124,15,0
51,13,-12,50,36,124,15,-1
52,14,-12,49,36,124,18,2
52,15,-11,49,36,124,18,3
50,17,-12,49,36,124,17,4
48,17,-12,50,36,124,13,2
47,17,-12,49,36,124,14,4
46,16,-11,49,36,124,13,4
48,17,-10,48,36,124,14,4
50,18,-10,48,36,124,17,6
50,19,-11,48,36,124,17,6
51,19,-12,49,36,124,18,7
51,19,-13,50,36,124,15,4
51,18,-13,50,36,124,15,3
51,18,-12,50,36,124,15,3
50,19,-12,49,36,124,17,6
50,20,-11,49,36,124,17,7
49,22,-12,49,36,125,15,9
48,23,-12,50,36,125,13,8
48,23,-13,50,36,124,13,8
48,23,-12,50,36,124,13,8
48,23,-12,49,36,124,14,9
48,23,-11,48,36,125,15,10
50,24,-11,48,36,126,17,10
51,25,-11,48,36,126,18,12
52,25,-11,48,36,126,19,13
53,26,-11,48,36,124,19,13
53,26,-11,48,36,124,19,13
52,25,-11,48,36,126,19,13
52,25,-11,48,36,128,19,13
52,25,-11,48,36,129,19,13
53,26,-11,48,36,129,19,13
53,26,-11,48,36,128,19,13
52,25,-11,48,36,127,19,13
52,25,-11,48,36,127,18,12
51,24,-11,49,36,128,17,12
50,24,-12,50,36,128,14,9
49,24,-13,50,36,129,14,8
48,23,-12,50,36,130,13,8
48,23,-11,49,36,130,15,9
49,21,-10,49,36,129,15,9
50,20,-11,48,36,129,17,7
51,19,-13,48,36,129,18,4
51,19,-15,47,36,129,18,4
51,18,-15,47,36,129,18,3
50,17,-15,47,37,129,17,2
50,14,-14,47,36,129,17,0
50,12,-14,47,36,129,17,-1
49,11,-14,46,37,129,15,-2
48,11,-15,46,37,129,14,-2
46,11,-16,46,37,129,13,-2
45,10,-17,47,36,129,12,-3
45,8,-17,48,35,130,10,-4
46,7,-18,49,35,130,12,-7
47,6,-17,47,35,130,14,-7
48,5,-15,46,35,130,15,-7
48,5,-14,45,35,130,15,-7
47,5,-15,46,34,130,14,-7
46,4,-17,47,33,130,13,-8
44,4,-18,49,32,130,9,-10
44,4,-17,48,32,130,9,-9
46,4,-15,46,32,130,13,-8
47,5,-13,46,32,130,14,-7
48,5,-13,46,32,130,15,-6
48,5,-13,46,32,130,15,-7
47,5,-14,46,32,130,14,-7
46,6,-15,45,32,130,13,-7
46,8,-15,45,32,130,13,-4
46,10,-14,45,32,130,13,-3
48,12,-14,45,32,130,14,-2
49,12,-14,45,32,130,15,-1
50,12,-14,45,32,130,17,-1
49,12,-14,45,32,130,15,-1
48,13,-14,45,32,129,15,0
47,15,-13,46,32,130,14,1
46,16,-13,46,32,131,13,3
46,17,-13,46,32,133,13,2
46,16,-14,45,32,134,13,2
47,16,-14,45,32,135,14,2
46,16,-14,45,32,135,13,2
46,16,-14,45,32,134,13,2
46,16,-14,45,32,134,13,2
47,16,-14,45,32,134,14,2
47,16,-14,45,32,134,14,2
46,16,-15,45,32,134,13,2
45,16,-14,45,32,134,12,1
43,15,-14,46,32,134,10,1
42,14,-14,45,32,134,9,0
43,12,-16,44,32,134,13,-1
44,10,-17,43,32,134,13,-3
45,10,-18,43,32,134,13,-3
45,10,-18,44,32,134,13,-3
43,9,-18,45,32,134,10,-4
43,7,-18,45,32,134,10,-7
43,4,-18,45,32,134,10,-8
43,3,-20,45,32,134,10,-12
43,2,-21,46,32,134,10,-13
43,1,-22,46,32,134,10,-14
42,-1,-22,45,32,134,9,-17
42,-3,-21,45,32,134,9,-18
41,-3,-20,44,32,134,9,-18
40,-4,-20,44,32,134,8,-19
39,-6,-21,44,32,134,7,-20
39,-8,-21,43,32,134,7,-23
41,-11,-22,41,32,134,10,-25
42,-13,-22,39,32,134,12,-28
41,-14,-22,38,32,134,12,-29
40,-16,-22,38,32,134,10,-30
39,-16,-22,39,32,134,9,-30
38,-16,-22,39,31,135,8,-30
38,-16,-22,39,30,135,8,-30
38,-17,-22,38,29,134,9,-30
39,-18,-22,38,30,133,9,-31
40,-19,-22,38,30,133,10,-32
41,-20,-22,38,30,133,12,-34
41,-21,-22,38,30,134,12,-35
40,-21,-22,38,31,135,10,-35
38,-22,-22,38,32,135,8,-36
37,-23,-22,38,32,134,7,-36
36,-23,-22,38,32,134,7,-36
36,-23,-22,38,32,134,7,-36
37,-23,-22,38,32,134,7,-36
37,-23,-22,38,32,134,7,-36
37,-21,-22,38,32,134,8,-35
38,-18,-22,38,32,134,8,-32
38,-17,-22,38,32,134,9,-30
38,-16,-22,38,32,134,8,-30
38,-16,-22,38,32,134,9,-30
38,-16,-21,39,32,134,9,-30
39,-16,-21,39,32,134,9,-30
40,-16,-21,39,32,134,10,-30
40,-15,-22,38,32,134,10,-29
41,-13,-22,38,32,134,10,-28
42,-10,-21,39,32,134,12,-25
43,-8,-21,39,32,134,13,-20
44,-7,-19,41,32,134,13,-19
44,-7,-18,42,32,134,14,-19
44,-7,-18,42,30,135,14,-19
45,-5,-18,42,30,135,14,-18
46,-3,-18,42,31,135,15,-15
46,-1,-18,42,32,134,15,-14
46,0,-18,42,32,133,15,-13
45,0,-18,42,30,133,14,-12
44,2,-18,42,28,133,13,-10
44,3,-18,42,29,133,14,-9
46,5,-18,42,30,133,15,-8
47,5,-18,42,32,133,17,-8
48,6,-18,42,31,133,17,-7
47,7,-17,43,31,133,17,-6
46,7,-15,44,30,133,13,-6
46,6,-15,45,30,133,13,-7
47,6,-15,44,30,131,14,-7
49,6,-15,43,29,131,18,-7
50,7,-14,43,29,131,19,-3
51,9,-14,43,31,131,20,-2
51,10,-14,44,32,131,20,-1
50,10,-14,45,32,130,17,-2
50,11,-14,44,30,131,19,0
49,12,-12,43,29,133,18,0
49,12,-10,43,29,133,18,1
51,13,-10,42,30,134,19,1
52,14,-10,42,30,133,23,2
53,14,-11,42,31,133,21,2
53,16,-10,42,31,132,21,4
52,18,-9,44,31,130,20,6
52,19,-7,44,32,129,20,9
53,21,-7,45,32,130,21,10
54,22,-7,45,32,130,23,12
55,25,-7,44,32,130,23,14
55,27,-7,44,32,130,24,17
56,29,-7,44,32,130,24,18
56,32,-7,45,32,131,24,20
57,34,-7,44,32,132,25,23
58,37,-7,44,32,133,26,25
60,39,-8,45,32,133,28,28
60,42,-7,44,32,133,28,30
61,44,-7,44,31,133,28,31
61,46,-7,44,30,133,28,34
62,48,-8,45,31,134,29,35
63,49,-8,45,32,135,30,36
64,51,-7,44,32,135,31,39
64,53,-7,43,32,134,31,40
64,55,-6,43,32,134,32,41
63,55,-7,43,32,134,30,42
63,55,-7,44,31,135,30,41
63,54,-8,45,29,135,30,41
63,54,-8,45,29,135,30,41
63,54,-7,44,30,135,30,41
63,55,-7,44,31,135,30,41
63,55,-7,44,30,135,30,41
64,55,-8,45,29,135,30,41
65,54,-7,44,27,135,31,41
65,52,-7,44,27,135,31,40
65,50,-7,44,27,135,31,37
64,47,-7,45,27,135,31,35
64,45,-7,44,27,134,31,32
64,44,-7,44,27,135,31,31
63,43,-7,44,27,137,30,31
62,41,-7,45,27,138,29,29
62,39,-7,45,27,138,29,26
61,36,-7,44,27,137,29,24
61,32,-8,44,27,137,29,21
60,30,-10,42,27,138,28,17
58,27,-11,41,27,139,29,14
57,24,-11,41,27,140,28,12
56,22,-11,41,27,140,26,9
56,20,-11,41,27,140,26,8
56,18,-11,41,27,140,26,6
56,17,-11,41,27,140,26,4
56,14,-11,41,27,140,26,2
55,12,-11,42,27,140,26,0
54,10,-11,41,27,140,25,-1
53,9,-12,40,27,140,24,-2
50,7,-14,39,27,140,21,-3
49,5,-14,38,27,140,20,-6
49,3,-15,38,27,140,20,-8
50,1,-15,38,27,140,20,-9
48,0,-14,38,27,140,20,-9
47,0,-14,38,27,140,19,-10
46,-1,-15,38,27,140,18,-12
48,-3,-16,37,27,140,19,-14
48,-4,-17,36,27,140,19,-17
47,-5,-18,35,27,140,19,-18
45,-7,-19,34,27,140,19,-19
45,-8,-19,35,27,140,17,-20
46,-10,-18,35,28,140,18,-21
47,-11,-18,35,27,140,19,-23
47,-12,-18,35,27,140,21,-24
46,-12,-19,35,27,140,18,-24
43,-13,-19,35,28,140,15,-25
42,-14,-18,35,28,140,14,-25
43,-14,-18,33,27,140,17,-24
44,-14,-17,32,26,141,19,-24
45,-14,-17,31,26,142,21,-24
44,-14,-17,32,26,141,19,-24
42,-15,-17,33,27,140,17,-24
39,-16,-17,33,28,140,14,-25
38,-16,-17,33,28,140,13,-25
38,-17,-16,33,27,140,13,-26
39,-16,-16,32,27,140,13,-25
39,-16,-16,30,27,140,15,-25
38,-16,-17,30,28,140,15,-25
38,-16,-16,30,27,140,15,-25
40,-16,-16,31,27,140,17,-25
42,-16,-15,32,27,140,19,-25
43,-16,-15,32,28,140,20,-25
43,-15,-15,31,27,140,20,-24
43,-14,-15,31,27,140,19,-24
42,-14,-15,31,27,140,19,-23
42,-14,-15,32,28,140,19,-24
42,-14,-16,32,28,140,19,-24
43,-14,-15,31,27,140,19,-23
43,-12,-14,30,26,140,19,-21
44,-9,-13,28,25,140,23,-17
44,-7,-12,27,26,140,23,-15
44,-7,-12,28,27,140,23,-14
43,-6,-13,28,28,140,21,-14
42,-5,-13,29,27,140,18,-13
42,-3,-13,29,26,140,18,-12
43,-2,-12,28,25,140,21,-10
44,-1,-12,27,25,140,23,-9
46,-1,-12,27,26,140,24,-9
48,0,-12,27,26,140,26,-8
49,1,-12,28,26,140,26,-7
49,2,-12,27,25,140,26,-6
49,4,-12,28,26,140,26,-3
50,5,-12,28,26,140,28,-3
51,6,-12,28,27,140,29,-2
52,6,-12,28,28,140,30,-2
52,7,-12,27,28,140,29,-1
51,9,-11,27,28,140,29,0
51,12,-10,27,27,140,29,2
52,14,-8,28,27,140,30,6
53,14,-7,29,28,140,30,7
54,15,-7,30,27,140,31,8
54,17,-7,30,27,140,31,9
54,19,-8,30,27,140,31,9
55,21,-8,31,27,140,30,10
55,22,-8,31,27,140,30,12
55,21,-8,31,27,140,30,12
55,21,-8,31,27,140,30,10
55,21,-8,31,27,140,30,10
55,22,-8,31,27,140,30,12
55,23,-8,31,27,140,30,13
56,24,-8,31,27,140,30,13
55,23,-8,31,27,140,30,13
55,22,-8,31,27,140,30,12
55,21,-8,31,27,140,30,10
55,21,-8,31,27,140,30,10
55,21,-8,31,27,140,30,10
55,21,-8,31,27,140,30,12
55,21,-8,31,27,140,30,10
53,21,-8,31,27,140,29,10
52,19,-8,31,27,140,28,9
52,18,-9,30,27,140,29,8
53,16,-10,29,27,140,30,6
53,14,-10,29,27,140,30,4
52,14,-11,28,27,140,30,4
50,13,-12,28,27,140,28,3
49,13,-12,27,27,140,28,3
49,12,-12,27,27,140,26,2
48,10,-12,28,27,140,26,1
48,7,-12,28,27,140,26,-1
48,5,-12,28,27,140,25,-3
47,5,-12,27,27,140,25,-3
47,5,-12,28,28,140,25,-3
47,6,-12,27,27,140,25,-2
48,4,-12,28,27,140,26,-3
49,2,-12,28,27,140,28,-6
50,1,-12,28,28,140,28,-7
50,1,-13,27,28,140,28,-7
50,1,-13,26,27,140,29,-7
52,0,-13,25,26,141,30,-7
51,0,-14,25,26,142,29,-7
50,0,-15,27,26,141,29,-9
49,0,-16,28,27,140,25,-9
48,0,-17,29,28,140,24,-9
48,0,-16,29,28,140,24,-9
49,0,-15,28,27,140,25,-9
50,1,-14,28,27,139,28,-9
50,1,-13,27,27,138,28,-7
50,1,-13,28,28,138,28,-7
50,1,-13,29,27,138,26,-7
50,1,-14,30,27,139,26,-9
50,1,-14,31,27,140,25,-8
49,3,-15,31,27,140,25,-7
48,4,-16,32,27,140,24,-6
48,5,-15,32,27,140,24,-4
49,6,-14,30,27,139,25,-4
50,7,-13,28,27,138,29,-1
51,9,-12,27,27,138,29,0
50,10,-12,28,27,138,28,1
49,12,-13,28,27,139,28,2
50,13,-13,29,27,140,25,3
52,14,-13,28,28,140,30,4
53,15,-13,28,28,138,30,6
54,14,-13,28,28,136,31,4
54,14,-13,29,27,135,29,4
53,14,-13,28,27,134,30,4
54,17,-12,28,27,135,31,7
54,19,-12,27,29,135,31,9
55,21,-12,27,30,135,32,10
55,22,-12,27,31,135,32,12
55,21,-12,28,30,135,32,12
55,21,-12,28,29,135,32,10
55,21,-12,27,29,135,32,10
55,21,-12,28,31,135,32,10
55,21,-12,28,32,134,32,10
54,21,-12,28,32,134,31,10
55,21,-12,28,32,134,32,10
56,22,-12,27,32,134,32,12
58,23,-10,27,32,134,35,13
59,24,-8,26,32,134,37,15
60,24,-8,25,32,134,39,15
60,23,-7,25,32,134,39,15
59,24,-7,25,32,134,37,15
58,25,-6,26,32,134,37,17
57,26,-5,27,32,134,36,18
56,28,-5,27,32,134,35,19
56,29,-6,27,32,134,35,20
57,30,-7,27,32,134,34,21
59,32,-7,28,32,134,35,23
59,33,-6,28,32,135,36,24
59,34,-5,28,32,135,39,25
59,34,-5,27,32,134,37,25
58,35,-5,27,32,133,37,25
57,36,-6,28,32,133,34,26
56,38,-7,29,32,133,32,29
57,39,-7,30,32,134,34,30
59,41,-7,30,32,135,35,31
60,42,-7,30,32,135,36,32
60,41,-7,29,32,134,36,31
60,41,-7,30,32,134,36,31
59,42,-6,30,32,134,36,32
60,44,-6,31,32,134,36,34
61,46,-6,31,32,134,37,36
62,47,-7,31,32,134,36,37
62,48,-8,31,32,134,36,35
62,48,-8,31,32,134,36,36
61,48,-8,31,32,134,35,36
61,48,-8,31,32,134,35,35
62,46,-8,31,32,134,36,34
64,45,-8,31,32,134,37,32
65,44,-8,31,32,134,39,31
64,43,-8,31,32,134,37,31
64,44,-8,31,32,134,37,31
64,44,-8,31,32,134,37,32
65,44,-8,31,32,134,39,31
65,43,-8,31,32,134,39,31
66,41,-8,31,32,134,40,29
66,39,-8,30,32,134,41,28
65,36,-9,30,32,134,41,25
64,34,-10,29,32,134,40,23
63,32,-9,30,32,134,40,21
62,31,-8,31,32,134,36,20
61,29,-7,31,32,134,36,18
61,27,-8,31,32,134,35,17
61,24,-9,30,32,134,37,13
61,21,-11,28,32,134,37,10
61,18,-12,27,32,134,37,8
60,15,-12,27,32,134,37,6
59,12,-12,27,32,134,36,3
58,10,-12,28,32,134,35,1
57,7,-11,28,32,134,35,-1
57,6,-12,27,32,134,35,-2
56,3,-13,27,32,134,34,-4
55,0,-14,25,32,134,32,-8
54,-3,-15,24,32,134,32,-13
54,-5,-16,24,32,134,32,-15
54,-7,-15,24,32,135,31,-17
52,-8,-15,24,32,135,30,-18
50,-10,-15,25,32,134,28,-17
48,-11,-15,24,32,133,26,-21
48,-14,-16,23,32,133,29,-23
49,-16,-18,22,32,133,30,-25
49,-17,-19,21,32,134,29,-26
47,-19,-19,21,32,135,28,-28
46,-20,-19,21,32,135,28,-29
46,-21,-19,21,32,134,28,-30
47,-22,-19,21,32,134,28,-31
48,-22,-19,21,32,134,29,-31
48,-22,-19,21,32,134,29,-31
47,-22,-19,21,32,135,28,-30
47,-22,-19,21,32,135,28,-31
48,-22,-19,21,32,134,29,-31
47,-22,-19,21,34,133,28,-30
47,-21,-18,20,35,131,28,-30
46,-21,-17,18,35,130,30,-28
46,-21,-17,18,34,131,29,-28
46,-20,-18,20,34,131,28,-29
47,-19,-19,21,33,131,28,-28
48,-17,-20,21,32,130,29,-26
49,-15,-19,21,32,130,29,-24
49,-14,-19,21,33,130,29,-23
48,-13,-18,22,35,130,29,-23
46,-11,-18,22,37,130,28,-21
46,-11,-16,22,37,130,26,-18
46,-11,-14,21,37,129,28,-19
46,-11,-13,20,35,130,29,-19
47,-11,-13,19,34,130,30,-19
48,-11,-14,20,34,130,30,-19
49,-10,-14,21,34,130,29,-18
49,-8,-14,22,36,130,29,-15
48,-7,-14,21,36,129,28,-14
47,-6,-14,20,37,129,30,-13
47,-5,-13,20,37,129,30,-13
47,-5,-12,20,36,129,30,-13
48,-5,-12,21,36,129,30,-13
48,-4,-12,21,36,129,31,-12
49,-5,-12,21,37,129,31,-13
49,-6,-12,21,36,129,31,-13
49,-6,-12,21,36,129,31,-14
49,-6,-12,21,36,129,31,-14
49,-5,-12,21,36,129,31,-13
48,-4,-12,21,36,129,30,-13
48,-4,-12,21,36,129,30,-13
48,-4,-12,21,36,129,30,-13
48,-5,-12,21,36,129,31,-13
49,-6,-12,21,36,129,31,-14
50,-8,-12,21,36,129,32,-15
51,-9,-12,21,36,129,34,-17
50,-8,-12,21,36,129,32,-15
49,-6,-12,21,36,129,31,-14
48,-5,-12,20,36,129,30,-13
48,-4,-13,20,36,129,30,-12
49,-4,-14,19,36,129,31,-12
51,-3,-13,20,36,129,34,-10
52,-2,-12,20,36,129,35,-10
53,-2,-12,21,36,129,35,-10
53,-2,-12,21,36,129,35,-10
52,-2,-12,21,36,129,35,-10
52,-2,-12,21,37,129,35,-10
52,-2,-12,21,36,129,35,-10
53,-2,-12,21,36,129,35,-10
54,-1,-12,21,36,129,36,-9
54,0,-12,21,37,129,36,-8
54,0,-12,21,37,129,36,-7
53,1,-12,21,36,129,35,-7
53,2,-12,21,35,130,35,-6
53,3,-12,21,35,130,35,-4
54,4,-12,21,35,130,36,-4
54,4,-12,21,36,129,36,-4
54,3,-12,21,37,129,36,-4
54,3,-12,21,37,129,36,-4
54,3,-12,21,36,129,36,-4
54,4,-12,21,36,129,36,-4
54,3,-12,21,36,129,35,-4
54,4,-12,21,37,129,36,-4
55,4,-12,21,36,129,37,-3
57,5,-12,21,36,129,39,-2
58,6,-12,21,36,129,40,-2
58,8,-12,21,36,129,40,-1
57,8,-12,21,37,129,39,0
57,8,-12,21,36,129,39,0
57,8,-12,21,36,129,39,0
57,9,-12,21,36,130,39,0
57,9,-12,20,37,130,39,1
57,9,-12,21,37,129,39,0
57,7,-11,22,37,129,36,-1
58,6,-10,23,35,130,37,0
59,6,-10,22,33,131,37,0
59,6,-10,22,32,133,37,0
58,6,-11,22,33,133,37,-2
57,6,-10,22,35,132,36,0
55,4,-10,22,35,130,35,-1
54,3,-10,23,34,129,34,-2
54,3,-9,23,33,129,34,-2
54,4,-9,24,33,130,34,-2
54,4,-10,23,33,130,34,-2
54,3,-11,22,32,131,34,-4
55,3,-12,21,32,132,37,-4
56,1,-12,20,32,132,37,-7
56,0,-12,21,32,132,37,-8
54,-2,-12,21,32,132,36,-9
52,-2,-12,21,32,133,35,-10
52,-2,-12,21,32,134,34,-10
53,-2,-12,20,32,135,35,-10
54,-3,-13,20,32,135,36,-12
54,-5,-13,19,32,134,36,-13
54,-7,-13,20,32,133,36,-14
52,-8,-14,19,32,133,35,-15
51,-9,-14,18,32,133,34,-17
51,-10,-16,18,32,134,34,-18
51,-13,-16,17,32,135,34,-20
51,-15,-16,17,32,135,34,-21
49,-15,-16,18,32,134,32,-23
49,-16,-16,18,32,134,31,-23
49,-15,-16,18,32,134,31,-23
50,-17,-16,17,32,134,32,-24
51,-18,-16,18,32,134,34,-25
52,-19,-16,18,32,134,35,-26
52,-20,-16,18,32,134,34,-26
50,-21,-16,18,32,134,34,-28
49,-21,-16,18,32,134,31,-28
47,-22,-16,18,32,134,30,-29
47,-22,-16,18,32,134,30,-29
47,-22,-16,18,32,134,30,-29
47,-22,-16,18,32,134,30,-29
48,-22,-16,18,32,134,30,-29
47,-22,-16,18,32,134,30,-29
47,-22,-16,18,32,134,30,-29
47,-22,-16,18,32,134,30,-29
47,-22,-16,18,32,134,30,-29
47,-23,-16,18,32,134,30,-29
47,-22,-16,18,32,134,30,-29
47,-21,-16,18,32,134,30,-28
46,-19,-16,18,32,134,29,-25
45,-18,-16,18,32,134,29,-25
45,-18,-16,18,32,135,28,-25
44,-18,-16,18,32,135,28,-25
45,-17,-16,18,32,134,28,-24
45,-16,-16,17,32,134,28,-23
46,-14,-16,18,32,134,29,-20
47,-12,-16,18,32,135,30,-19
47,-11,-16,18,32,136,30,-19
47,-11,-16,17,32,137,30,-19
46,-11,-15,16,32,136,29,-19
46,-11,-15,16,32,135,29,-19
47,-11,-12,16,31,135,31,-17
47,-10,-10,17,30,135,32,-15
48,-10,-10,17,29,135,34,-15
49,-10,-11,17,28,135,34,-15
50,-9,-12,16,28,135,35,-14
50,-8,-12,16,29,135,35,-13
49,-6,-11,16,30,135,34,-12
49,-5,-10,16,31,135,34,-10
48,-4,-11,15,32,134,32,-10
48,-4,-11,15,32,134,32,-10
48,-5,-11,16,33,134,34,-10
49,-5,-10,16,32,135,34,-10
48,-5,-10,16,30,135,34,-10
48,-4,-10,16,28,135,32,-10
48,-4,-10,16,27,134,32,-10
48,-4,-11,17,28,135,32,-10
48,-4,-12,19,31,137,30,-13
48,-4,-13,21,32,138,30,-13
48,-4,-13,20,32,137,30,-13
48,-5,-14,18,30,137,31,-13
48,-5,-14,16,29,137,34,-13
48,-5,-14,15,30,137,34,-13
48,-4,-14,16,31,138,32,-12
48,-4,-15,17,31,138,30,-13
48,-5,-16,18,31,139,31,-13
49,-6,-16,18,31,139,31,-14
50,-7,-16,18,32,140,32,-15
50,-9,-16,18,32,140,32,-17
51,-9,-16,18,31,140,34,-17
51,-9,-16,18,29,140,34,-17
51,-9,-16,18,29,140,34,-17
51,-8,-16,18,30,140,34,-15
50,-9,-16,18,31,140,32,-17
50,-10,-16,18,31,139,32,-17
48,-11,-16,18,31,140,30,-18
47,-11,-16,18,30,140,30,-19
46,-11,-16,18,29,140,29,-19
46,-11,-16,18,28,140,29,-19
47,-13,-16,18,27,140,30,-20
49,-14,-16,18,27,140,31,-21
50,-15,-16,18,28,140,32,-23
49,-16,-16,18,28,140,31,-23
48,-16,-16,18,28,140,30,-23
46,-17,-16,18,27,140,29,-24
46,-19,-16,18,27,140,29,-25
46,-21,-16,18,27,140,30,-28
47,-22,-16,18,27,140,30,-29
48,-22,-16,18,27,140,30,-29
47,-22,-16,18,27,140,30,-29
47,-22,-16,18,27,140,30,-29
48,-23,-16,18,28,140,31,-30
49,-25,-16,18,27,140,32,-31
50,-27,-16,18,27,140,32,-32
50,-26,-16,18,28,140,32,-32
49,-25,-16,18,28,140,32,-31
49,-25,-15,17,28,140,31,-31
49,-25,-15,17,27,140,31,-31
50,-26,-14,16,26,140,35,-31
50,-27,-15,16,25,140,34,-32
50,-27,-15,17,25,140,32,-34
49,-27,-16,18,26,140,31,-32
47,-26,-16,18,26,140,30,-32
47,-24,-16,18,26,140,30,-30
47,-22,-15,16,25,140,30,-29
48,-21,-14,14,24,140,32,-28
48,-22,-13,14,24,140,32,-26
47,-22,-13,15,25,140,32,-29
47,-23,-15,16,27,140,30,-29
47,-22,-16,17,28,140,30,-29
48,-20,-18,17,28,140,30,-26
49,-18,-18,17,27,140,31,-24
49,-16,-17,16,27,140,32,-23
49,-15,-15,16,27,140,34,-21
48,-14,-13,15,28,140,34,-21
47,-13,-13,15,27,140,32,-20
46,-11,-14,16,27,140,31,-19
46,-11,-16,17,27,140,29,-18
47,-11,-16,18,27,140,30,-19
46,-11,-16,18,27,140,29,-19
46,-11,-16,18,27,140,29,-18
46,-10,-16,18,27,140,29,-18
46,-10,-16,18,27,140,29,-18
46,-10,-16,18,27,140,29,-18
46,-10,-16,18,27,140,29,-18
45,-8,-16,18,27,140,28,-17
44,-7,-16,18,27,140,28,-15
43,-7,-16,18,27,140,26,-14
44,-7,-16,18,27,140,26,-15
45,-8,-16,18,27,140,28,-17
47,-9,-16,18,27,140,30,-17
48,-10,-16,18,27,140,31,-18
48,-11,-16,18,27,141,31,-18
47,-11,-16,18,28,142,30,-19
46,-11,-16,18,28,142,29,-19
46,-11,-16,18,28,142,29,-19
47,-11,-16,17,28,142,30,-19
47,-10,-16,17,28,142,30,-18
46,-11,-16,17,27,141,29,-19
46,-14,-16,18,27,140,29,-20
45,-16,-16,18,27,139,29,-23
45,-18,-16,17,27,140,28,-25
45,-18,-17,17,28,141,28,-25
45,-18,-17,16,28,142,28,-25
45,-20,-18,15,28,141,28,-26
44,-22,-19,15,27,140,28,-31
43,-24,-19,14,28,139,26,-32
42,-26,-19,14,28,140,28,-35
41,-28,-19,14,27,140,26,-36
41,-29,-19,14,26,142,25,-37
41,-32,-19,14,25,143,25,-40
41,-34,-19,14,23,144,25,-42
41,-36,-19,14,22,143,26,-43
40,-38,-19,14,22,142,24,-46
40,-38,-19,14,23,140,24,-46
40,-38,-19,14,25,140,26,-45
39,-39,-19,14,26,140,25,-46
38,-41,-19,14,26,140,21,-48
38,-43,-19,14,24,140,21,-51
38,-45,-19,14,23,140,21,-52
38,-45,-20,14,23,140,25,-52
39,-45,-20,13,25,140,25,-52
38,-45,-21,13,25,141,25,-52
38,-45,-20,13,25,142,25,-52
38,-45,-20,14,24,143,25,-52
38,-45,-19,14,23,142,23,-52
38,-45,-19,14,23,141,23,-52
39,-45,-19,14,25,140,23,-52
39,-44,-19,14,26,140,25,-51
40,-42,-19,14,26,140,26,-48
41,-39,-19,14,26,141,25,-47
40,-38,-19,14,26,142,24,-46
39,-38,-19,14,26,142,24,-45
39,-36,-19,14,27,141,23,-43
39,-35,-19,14,28,141,25,-42
40,-32,-19,14,28,141,26,-40
41,-31,-19,14,28,140,25,-39
42,-29,-19,15,27,140,25,-37
43,-27,-18,15,27,140,26,-32
45,-24,-17,16,28,140,28,-30
46,-23,-17,17,27,140,29,-29
46,-21,-16,17,27,140,30,-28
46,-19,-16,18,27,140,29,-25
45,-16,-16,18,27,140,29,-23
46,-13,-16,17,27,140,29,-20
47,-11,-16,17,27,140,30,-19
48,-10,-15,18,27,140,30,-18
49,-8,-13,20,27,140,31,-15
50,-6,-12,21,27,140,32,-14
50,-3,-12,21,27,140,32,-12
50,-1,-12,21,27,140,32,-9
50,0,-12,21,27,140,32,-8
50,1,-12,21,27,140,32,-7
52,2,-12,21,27,140,34,-6
53,5,-12,21,27,140,35,-3
54,8,-12,21,27,140,36,-1
54,9,-12,21,27,140,36,1
55,10,-12,21,27,140,37,1
55,10,-12,21,27,140,37,1
56,10,-13,21,27,140,35,1
55,12,-14,21,27,140,35,2
55,14,-14,22,27,140,35,4
55,15,-12,23,27,140,35,6
56,17,-10,23,27,140,35,9
57,17,-8,24,27,140,36,9
57,17,-8,24,27,140,36,9
57,17,-9,23,27,140,36,9
58,17,-10,23,27,140,37,7
58,16,-10,22,27,140,37,9
59,15,-10,22,27,140,37,8
59,14,-11,22,27,140,37,4
58,13,-11,21,27,140,40,4
57,11,-11,21,27,140,39,2
56,10,-11,21,27,140,37,1
55,10,-11,22,27,140,35,1
55,11,-11,21,27,140,35,2
56,10,-12,21,27,140,37,1
57,10,-12,21,27,140,39,1
57,7,-12,21,28,141,39,-1
57,5,-12,21,28,141,39,-2
55,4,-12,21,28,141,37,-3
54,3,-12,21,28,141,36,-4
55,3,-12,21,28,141,36,-4
55,2,-12,21,28,141,37,-6
54,0,-12,21,27,140,36,-7
53,0,-12,21,26,140,35,-8
52,-2,-12,21,25,140,35,-9
52,-2,-12,21,26,140,35,-10
53,-3,-12,21,27,140,35,-10
52,-4,-12,21,28,141,35,-12
50,-5,-12,21,28,143,32,-13
49,-5,-12,21,28,143,31,-13
48,-5,-12,21,28,144,31,-13
48,-6,-12,21,27,143,31,-14
49,-8,-13,20,26,143,31,-15
50,-9,-15,18,26,142,32,-17
50,-10,-16,18,26,140,32,-18
49,-10,-16,17,27,139,31,-18
48,-10,-16,17,26,140,31,-18
47,-11,-16,18,24,140,30,-19
46,-11,-16,18,23,140,29,-19
46,-11,-16,17,24,140,29,-19
47,-11,-16,17,26,140,30,-19
48,-12,-16,18,26,141,30,-19
48,-14,-16,18,25,144,31,-21
48,-16,-16,18,23,145,30,-23
46,-18,-16,17,22,145,30,-25
46,-19,-17,16,23,144,29,-25
45,-19,-17,16,23,143,29,-26
46,-19,-17,16,23,141,29,-26
46,-20,-16,17,23,141,29,-26
46,-21,-15,18,23,142,30,-28
47,-22,-17,17,23,144,30,-29
48,-22,-19,15,23,144,31,-31
48,-22,-20,14,23,144,34,-31
47,-22,-19,14,23,144,32,-31
46,-23,-18,15,23,143,29,-29
45,-24,-17,16,23,143,28,-30
43,-25,-17,16,23,142,26,-31
43,-25,-18,15,24,142,26,-31
43,-25,-19,14,25,143,26,-34
44,-26,-19,15,25,145,28,-34
45,-28,-18,15,25,145,29,-34
46,-28,-18,15,24,145,29,-35
46,-29,-19,14,25,145,29,-37
46,-29,-19,14,25,145,31,-37
46,-29,-19,14,25,145,31,-37
46,-29,-19,14,24,145,29,-37
46,-29,-19,14,23,145,29,-37
46,-29,-19,14,22,145,29,-37
46,-29,-19,14,22,145,31,-37
46,-29,-20,14,23,145,29,-37
46,-29,-19,14,25,145,29,-37
46,-29,-18,14,26,144,31,-35
46,-29,-17,14,26,144,31,-35
46,-29,-16,15,25,145,31,-35
45,-27,-15,16,23,145,29,-34
44,-26,-16,17,22,145,28,-32
44,-26,-17,17,23,145,28,-32
44,-26,-17,16,23,145,28,-32
43,-26,-16,15,23,145,29,-32
44,-25,-15,16,23,145,28,-31
45,-24,-15,17,23,145,28,-30
46,-23,-15,17,23,145,29,-29
47,-22,-15,17,23,145,30,-29
47,-22,-15,16,24,145,30,-29
47,-22,-15,16,25,145,30,-29
49,-21,-15,17,24,145,31,-28
50,-21,-16,18,23,144,34,-28
52,-19,-16,18,23,144,34,-26
51,-18,-16,17,23,143,34,-25
50,-17,-16,17,23,144,32,-24
49,-15,-16,18,23,144,31,-23
49,-13,-15,18,23,145,32,-20
50,-11,-13,20,23,145,32,-18
51,-9,-12,21,23,145,34,-17
51,-8,-12,21,24,145,34,-15
51,-7,-12,21,25,145,34,-15
51,-5,-12,21,24,145,34,-13
51,-3,-12,21,23,145,34,-10
51,-1,-12,21,23,145,34,-9
51,0,-12,21,23,145,32,-9
51,0,-12,21,23,145,34,-8
52,1,-12,21,23,145,34,-7
53,3,-12,21,23,145,35,-6
54,3,-12,21,23,145,36,-4
54,4,-12,21,24,145,36,-3
54,5,-12,21,25,145,35,-3
52,6,-12,21,25,145,34,-2
52,8,-12,21,25,145,34,-1
53,9,-12,21,24,145,35,0
54,10,-12,21,24,145,36,1
56,10,-12,21,25,145,37,1
56,10,-11,22,26,145,36,1
56,10,-11,22,27,144,35,1
56,10,-11,21,27,144,37,1
56,10,-12,21,26,144,37,1
55,12,-12,21,25,145,36,3
54,14,-11,21,24,145,34,4
54,13,-10,22,25,145,34,6
55,12,-10,23,26,145,34,4
56,10,-10,23,27,144,35,3
56,10,-10,23,26,145,35,3
56,10,-9,24,25,145,35,3
56,10,-8,24,25,145,35,3
56,10,-8,24,26,144,35,3
56,10,-8,24,28,144,35,3
56,10,-9,24,27,144,35,3
56,10,-9,24,25,145,35,3
56,10,-8,24,22,145,35,3
56,10,-9,24,22,145,35,3
56,11,-9,24,23,145,36,3
56,10,-9,24,25,145,35,3
55,8,-9,24,25,145,35,2
54,7,-8,24,24,145,34,1
53,7,-9,24,23,145,32,0
52,7,-9,24,23,145,31,0
52,7,-9,24,23,145,31,0
53,7,-8,24,23,145,32,0
53,7,-8,24,23,145,32,0
53,6,-9,24,23,145,32,0
52,5,-9,23,23,145,31,-1
50,3,-10,22,23,145,30,-2
49,3,-11,22,23,145,29,-6
49,2,-11,21,23,145,29,-6
50,1,-11,22,23,145,30,-6
50,1,-11,22,23,145,30,-7
50,1,-11,21,23,145,30,-7
50,1,-12,21,24,145,32,-7
50,1,-12,21,25,145,32,-7
50,1,-12,21,24,145,32,-7
50,1,-12,21,23,145,32,-6
50,1,-12,21,23,145,32,-6
50,1,-12,21,23,145,32,-7
51,0,-12,21,23,145,34,-8
52,-1,-12,21,23,145,34,-9
52,-2,-12,21,23,145,35,-10
51,-3,-12,21,24,145,34,-10
51,-3,-12,21,25,145,34,-12
51,-5,-12,21,26,144,34,-13
51,-7,-13,20,27,144,34,-15
51,-9,-14,19,26,145,34,-17
51,-9,-14,19,24,145,34,-17
51,-9,-15,18,24,145,34,-17
52,-10,-16,18,24,145,34,-18
52,-12,-16,17,25,145,35,-19
53,-14,-16,17,24,145,35,-20
52,-14,-16,18,23,145,35,-21
51,-14,-16,18,24,145,34,-21
50,-14,-16,18,26,145,32,-21
49,-15,-16,18,28,144,32,-23
50,-17,-16,18,28,144,32,-24
51,-18,-16,18,28,144,34,-25
52,-19,-16,18,27,144,34,-26
52,-20,-16,18,26,145,34,-26
51,-20,-16,18,25,145,34,-26
50,-21,-17,18,23,145,32,-28
49,-21,-17,19,23,145,30,-30
48,-21,-18,20,25,145,29,-30
48,-22,-18,20,26,144,29,-31
47,-22,-18,20,27,144,28,-31
47,-22,-18,20,27,144,28,-31
47,-22,-18,20,26,145,28,-31
47,-22,-18,20,26,145,28,-30
47,-22,-17,19,27,144,28,-30
47,-22,-17,18,28,144,30,-29
47,-22,-17,19,28,144,30,-29
46,-23,-17,19,28,144,28,-31
46,-23,-18,20,28,144,26,-31
45,-23,-18,20,27,144,26,-32
45,-23,-17,19,26,144,26,-32
45,-24,-17,18,26,145,28,-30
44,-24,-16,18,26,144,28,-30
45,-24,-16,18,27,144,28,-30
46,-23,-16,18,28,144,29,-29
47,-22,-16,18,28,144,30,-29
48,-22,-16,18,28,144,30,-29
48,-22,-16,18,28,144,30,-29
47,-23,-16,18,28,144,30,-29
47,-22,-16,18,28,144,30,-29
47,-21,-16,18,28,144,30,-28
46,-19,-16,18,28,144,29,-26
44,-18,-16,18,28,144,28,-25
45,-18,-16,17,28,144,28,-25
46,-18,-16,18,28,144,29,-24
48,-16,-16,18,28,144,31,-23
49,-14,-16,18,28,144,31,-21
47,-12,-16,17,28,144,30,-19
46,-11,-15,16,28,144,29,-19
46,-11,-14,16,28,144,31,-18
48,-11,-14,17,28,144,30,-18
50,-10,-13,19,28,144,32,-18
51,-9,-12,21,28,144,34,-17
50,-7,-12,21,28,144,30,-15
49,-6,-12,21,28,144,31,-14
49,-5,-12,21,28,144,31,-13
49,-3,-12,21,28,144,31,-12
50,-1,-12,21,28,144,32,-9
50,0,-12,21,28,144,32,-8
50,1,-12,21,28,144,32,-6
51,2,-12,21,28,144,34,-6
53,3,-12,21,28,144,35,-4
54,4,-12,21,28,144,36,-4
53,5,-12,21,28,144,35,-3
53,6,-12,21,28,144,35,-2
53,9,-12,21,28,144,35,0
54,11,-12,21,28,144,35,2
54,13,-12,21,28,144,36,3
54,14,-12,21,28,144,35,4
53,15,-12,21,28,144,35,6
54,15,-12,21,28,144,36,6
56,16,-12,21,28,144,37,7
57,18,-12,20,28,144,39,8
57,19,-12,21,28,144,39,9
56,20,-11,22,28,145,36,9
55,20,-10,24,28,145,35,10
55,21,-10,25,28,145,35,10
55,21,-10,25,28,143,34,10
55,21,-12,24,28,141,35,12
55,21,-12,25,27,139,34,10
55,21,-11,25,27,139,35,10
55,21,-10,26,27,141,35,10
55,21,-10,26,28,143,35,10
55,21,-11,26,29,145,32,10
55,21,-12,25,30,145,32,12
55,21,-11,24,29,143,35,10
56,20,-10,23,28,141,35,12
57,18,-10,22,27,140,36,10
57,17,-10,23,28,141,36,9
57,17,-10,23,28,143,36,9
58,17,-10,23,28,143,37,9
57,17,-11,22,28,143,36,7
57,17,-12,21,28,143,39,7
57,17,-12,20,28,144,39,7
58,17,-12,21,28,145,39,7
58,16,-12,21,28,145,40,7
58,15,-12,21,28,144,40,6
58,14,-12,21,28,144,40,4
57,12,-12,21,28,144,39,3
56,10,-12,21,28,144,37,1
55,10,-12,21,28,144,37,1
56,10,-12,21,28,144,37,1
56,10,-12,21,28,144,37,1
56,11,-12,21,28,144,37,2
56,10,-12,21,28,144,37,1
56,9,-12,21,28,144,37,0
56,6,-12,21,28,144,37,-2
56,5,-12,21,28,144,37,-3
55,4,-12,21,28,144,37,-4
54,4,-12,21,28,144,36,-4
54,4,-12,21,28,144,36,-3
54,4,-12,21,28,144,36,-4
55,3,-12,21,28,144,36,-4
55,0,-12,21,28,144,36,-8
54,-1,-12,21,28,144,36,-9
53,-2,-12,21,28,144,35,-10
52,-2,-12,21,28,144,34,-10
52,-3,-13,20,28,144,34,-10
51,-4,-15,18,28,144,34,-12
51,-5,-16,18,28,144,34,-13
51,-7,-16,17,28,144,34,-14
51,-7,-16,17,28,144,34,-15
51,-8,-16,18,28,144,34,-15
50,-9,-16,18,28,144,32,-17
49,-10,-16,18,28,144,31,-18
48,-10,-16,18,28,144,31,-18
48,-10,-16,18,28,144,31,-18
49,-10,-16,18,28,144,31,-17
49,-10,-16,18,28,144,31,-17
49,-10,-16,18,28,144,31,-18
47,-12,-17,18,28,145,30,-19
47,-13,-17,19,29,145,28,-23
47,-13,-18,20,29,144,28,-23
48,-13,-18,20,30,143,29,-23
50,-13,-19,21,30,143,30,-23
51,-12,-19,21,29,143,31,-21
50,-11,-19,21,29,144,30,-21
48,-10,-19,21,28,145,29,-20
48,-10,-19,21,28,145,29,-19
49,-9,-19,21,28,144,29,-19
50,-9,-19,21,28,144,31,-19
51,-9,-19,21,28,144,31,-19
51,-9,-19,21,28,145,31,-19
50,-9,-19,21,28,144,31,-19
50,-7,-19,21,28,144,30,-18
49,-6,-19,21,28,144,30,-15
50,-4,-19,21,28,145,30,-14
51,-3,-18,22,28,145,31,-13
53,-2,-16,23,28,144,32,-12
52,-1,-15,24,28,143,30,-12
51,0,-15,25,28,143,29,-8
50,1,-15,24,28,143,28,-9
50,1,-15,24,28,144,28,-8
51,2,-15,24,28,145,29,-8
53,3,-15,24,28,145,31,-7
54,4,-15,24,28,145,31,-6
54,5,-15,24,28,144,31,-6
53,7,-15,24,28,144,30,-3
52,8,-15,24,29,144,29,-3
51,9,-15,24,30,143,29,-2
50,9,-15,24,29,141,29,-2
51,9,-16,24,28,140,29,-2
52,10,-15,24,28,140,30,-1
54,11,-14,25,28,141,31,2
54,13,-13,27,29,143,31,3
54,15,-13,26,29,145,31,6
53,15,-14,25,30,145,30,6
53,14,-15,25,31,143,30,4
53,14,-14,25,30,141,30,4
53,14,-14,25,30,139,30,4
54,14,-14,25,29,140,31,4
53,14,-15,25,29,141,30,4
53,14,-15,24,28,143,30,2
53,14,-15,24,28,143,30,2
53,14,-15,24,29,142,30,2
53,14,-15,24,30,141,30,2
53,14,-15,24,31,141,30,2
53,15,-15,24,30,142,30,3
53,14,-16,24,29,142,30,2
54,14,-15,25,29,143,31,2
54,13,-16,24,29,143,31,1
55,12,-15,24,28,144,32,1
56,11,-15,24,28,145,32,2
55,11,-15,25,28,145,32,0
54,10,-16,26,28,145,31,-1
53,8,-18,26,28,145,30,-2
53,7,-19,26,28,144,30,-3
53,5,-21,25,28,143,31,-6
54,3,-21,24,28,143,31,-9
53,3,-22,24,28,143,30,-9
51,2,-22,24,28,144,29,-10
50,1,-21,23,28,145,28,-8
50,0,-21,23,28,145,29,-9
52,-1,-21,23,28,144,30,-12
53,-2,-21,23,28,144,30,-13
51,-3,-20,22,28,144,29,-13
49,-4,-19,21,28,144,30,-14
48,-4,-19,21,28,144,29,-14
48,-5,-19,21,28,144,28,-15
49,-6,-19,21,28,144,29,-15
50,-7,-19,21,28,144,31,-18
51,-9,-19,21,28,144,31,-19
50,-10,-19,21,28,144,30,-19
48,-11,-19,21,28,144,29,-20
47,-11,-19,21,28,144,28,-20
46,-11,-19,21,28,144,26,-21
46,-11,-19,21,28,144,28,-20
46,-11,-19,21,28,144,28,-21
46,-11,-18,22,28,144,28,-20
47,-11,-16,23,28,144,28,-20
47,-11,-16,23,28,144,28,-20
47,-11,-18,22,28,144,28,-20
45,-12,-19,21,28,144,26,-21
43,-13,-19,21,28,144,24,-23
42,-14,-19,21,28,144,23,-24
42,-14,-19,21,28,144,23,-24
44,-13,-19,21,28,144,25,-23
46,-12,-19,21,28,144,26,-21
46,-11,-19,21,28,144,26,-21
46,-12,-19,21,28,144,26,-21
45,-12,-19,21,28,144,26,-21
45,-12,-19,21,28,144,26,-21
46,-11,-19,21,28,144,26,-21
47,-11,-19,21,28,144,28,-20
47,-11,-19,21,28,144,28,-20
46,-11,-19,21,28,144,28,-21
46,-11,-19,21,28,144,28,-20
46,-11,-19,21,28,144,28,-20
47,-11,-19,21,28,144,28,-20
46,-11,-19,21,28,144,28,-21
47,-12,-19,21,28,144,28,-21
46,-11,-19,21,28,144,28,-20
46,-10,-19,21,28,144,26,-20
45,-8,-19,21,28,144,25,-18
44,-7,-20,22,28,144,23,-17
44,-7,-21,23,28,144,23,-17
44,-7,-21,24,28,144,23,-19
44,-7,-21,24,28,144,23,-19
44,-7,-21,24,28,144,23,-19
44,-7,-21,24,28,144,23,-19
44,-7,-21,24,26,144,23,-19
44,-7,-21,23,26,145,23,-19
44,-7,-21,23,25,145,23,-19
45,-7,-21,24,25,145,23,-19
44,-7,-20,25,25,145,23,-17
43,-8,-18,25,24,145,21,-18
41,-8,-17,24,25,145,19,-18
40,-10,-18,22,26,145,21,-19
40,-11,-19,21,28,144,21,-21
41,-12,-19,21,28,144,23,-21
42,-14,-19,21,26,144,23,-23
43,-14,-19,21,24,145,24,-24
44,-15,-20,22,23,145,23,-24
44,-17,-20,23,22,145,23,-26
43,-19,-20,22,23,145,23,-28
42,-20,-20,21,23,145,23,-29
41,-20,-19,21,23,145,21,-29
40,-21,-19,21,23,145,21,-30
41,-21,-19,21,23,145,23,-30
41,-24,-19,21,23,145,23,-32
41,-26,-20,20,23,145,23,-35
40,-28,-21,19,23,145,21,-36
40,-29,-23,18,23,145,21,-37
40,-30,-23,18,23,145,21,-37
41,-30,-22,18,23,145,23,-39
42,-31,-21,19,23,145,23,-39
41,-31,-21,19,23,145,23,-39
41,-32,-21,19,23,145,23,-40
41,-34,-22,18,23,145,23,-41
40,-36,-22,18,23,145,21,-43
40,-36,-21,19,23,145,21,-43
39,-35,-21,19,23,145,20,-42
38,-33,-21,19,23,145,20,-41
38,-32,-20,20,23,145,20,-40
39,-33,-19,21,23,145,20,-41
39,-33,-19,21,23,145,21,-41
40,-32,-19,21,23,145,21,-40
40,-30,-19,21,23,145,21,-39
40,-28,-19,21,23,145,21,-36
39,-27,-19,21,23,145,21,-35
40,-26,-19,21,23,145,21,-35
42,-25,-19,21,23,145,23,-34
43,-24,-18,20,23,145,24,-32
43,-21,-17,21,23,145,24,-30
44,-18,-16,23,23,145,25,-25
45,-16,-16,24,23,145,24,-25
46,-13,-15,25,23,145,25,-23
47,-12,-14,23,23,145,28,-19
48,-10,-13,21,23,144,29,-18
49,-8,-13,21,23,144,29,-15
48,-5,-14,23,23,143,29,-13
48,-1,-15,24,23,144,26,-12
48,1,-16,25,23,144,26,-9
49,3,-16,24,23,145,26,-7
50,5,-16,24,23,145,28,-6
50,7,-15,24,23,145,28,-3
51,10,-14,25,23,145,29,1
51,12,-13,27,23,145,29,2
52,13,-12,27,23,145,30,3
53,14,-11,28,23,145,30,4
54,17,-12,28,23,145,31,7
55,19,-12,27,23,145,32,9
55,21,-12,27,23,145,32,10
55,21,-12,27,23,145,32,12
55,21,-12,27,23,145,32,12
56,21,-11,28,23,145,34,12
57,23,-11,28,23,145,35,13
59,25,-10,29,23,145,36,14
59,27,-11,28,23,145,36,17
59,27,-11,28,23,145,36,17
59,27,-12,27,24,145,36,17
59,25,-12,27,25,145,35,14
59,24,-12,27,24,145,36,13
59,23,-12,28,23,145,36,13
59,24,-12,28,23,145,36,13
59,25,-12,27,23,145,35,14
58,25,-12,27,23,145,35,15
58,25,-12,27,23,145,35,14
59,24,-11,28,23,145,35,14
59,24,-11,28,24,145,36,13
60,24,-10,29,25,145,36,13
60,22,-11,28,24,145,36,12
60,20,-11,28,23,145,36,10
59,18,-12,27,23,145,36,8
58,17,-12,27,23,145,35,7
57,16,-12,27,23,145,35,7
58,15,-12,28,23,145,35,6
59,15,-12,28,23,145,36,6
60,14,-12,27,23,145,36,4
60,13,-12,27,23,145,36,3
59,12,-12,27,23,145,36,3
57,11,-12,27,23,145,34,2
56,10,-12,28,23,145,32,1
56,10,-12,27,23,145,32,1
57,10,-12,27,23,145,34,1
57,9,-12,27,23,145,34,0
56,7,-12,28,23,145,34,-1
55,5,-11,28,23,145,32,-2
54,4,-12,27,23,145,32,-3
54,3,-13,26,23,145,31,-4
53,3,-14,25,23,145,30,-4
51,2,-14,25,23,145,29,-6
51,0,-14,26,24,145,29,-8
52,-1,-14,26,25,145,30,-9
52,-2,-14,26,25,145,30,-9
51,-2,-14,25,26,145,29,-10
48,-2,-15,25,25,145,26,-13
47,-3,-16,24,25,145,25,-13
48,-4,-15,24,24,145,26,-14
49,-6,-15,24,23,145,29,-14
48,-7,-14,23,22,145,29,-14
46,-7,-14,22,23,145,26,-15
45,-9,-14,22,24,145,25,-17
46,-10,-15,23,26,144,26,-18
47,-11,-15,24,28,144,25,-20
47,-12,-16,24,28,144,25,-21
46,-12,-15,24,27,144,26,-19
43,-13,-14,23,25,145,24,-20
42,-13,-13,21,25,145,23,-20
42,-14,-13,21,25,145,23,-21
43,-15,-13,22,27,144,24,-23
44,-17,-14,23,27,144,25,-24
45,-18,-15,24,27,144,24,-26
45,-18,-16,24,26,145,24,-28
45,-18,-17,24,26,145,24,-28
45,-18,-17,23,26,145,26,-26
45,-18,-16,23,26,145,25,-26
44,-18,-17,23,26,144,25,-28
43,-19,-18,22,26,144,24,-28
43,-19,-19,21,26,143,24,-28
42,-19,-19,21,27,143,24,-29
43,-19,-19,21,28,144,24,-28
43,-19,-19,21,28,145,24,-28
44,-18,-19,21,27,145,25,-28
45,-18,-19,21,26,143,25,-26
45,-18,-19,21,25,141,26,-26
45,-18,-19,21,25,140,26,-28
45,-18,-19,21,26,141,26,-28
45,-18,-19,21,27,141,25,-26
44,-17,-19,21,27,141,25,-26
43,-15,-19,21,28,140,24,-24
44,-13,-19,21,28,140,25,-23
45,-12,-19,21,28,140,26,-21
47,-11,-19,21,27,140,28,-20
47,-11,-19,21,27,140,28,-20
46,-10,-18,22,28,140,26,-20
46,-10,-18,22,27,140,26,-19
46,-8,-17,23,27,140,26,-18
48,-6,-16,24,27,140,26,-17
49,-5,-15,24,27,140,26,-15
48,-4,-15,24,27,140,26,-14
47,-3,-15,24,27,140,25,-13
48,-1,-15,24,27,140,26,-12
49,0,-15,24,27,140,26,-10
49,1,-15,24,27,140,28,-8
50,3,-16,24,27,140,28,-7
49,5,-15,24,27,140,28,-6
50,7,-14,25,27,140,28,-1
52,8,-13,27,27,140,29,-1
53,9,-12,27,28,140,31,0
54,11,-11,28,28,140,31,2
54,13,-12,28,27,140,31,3
53,14,-12,27,27,140,30,4
53,15,-12,27,27,140,30,6
54,15,-12,27,28,140,31,6
55,17,-12,28,29,140,32,7
56,20,-12,28,29,140,32,9
57,22,-12,27,29,140,34,12
58,23,-12,27,28,140,35,13
58,25,-12,28,27,140,35,14
57,27,-10,28,27,140,34,15
57,28,-10,29,28,140,34,17
56,28,-9,30,28,140,34,18
57,28,-9,30,29,140,34,17
57,28,-9,30,30,140,34,17
57,28,-8,30,32,139,34,17
57,28,-8,30,32,139,34,18
58,29,-9,30,32,139,35,18
59,30,-9,30,31,140,36,19
60,30,-9,30,30,140,36,19
61,30,-10,29,31,140,37,19
61,31,-10,29,32,139,37,20
60,32,-10,29,32,139,36,20
59,33,-10,29,31,139,36,23
58,35,-9,30,30,140,35,23
58,35,-9,30,31,140,35,24
58,35,-9,30,32,139,35,23
58,35,-8,31,33,139,32,23
58,35,-8,31,32,139,32,23
59,35,-8,31,31,140,32,24
59,35,-9,30,29,140,36,24
60,35,-10,29,28,140,36,24
60,36,-9,30,29,140,36,24
60,36,-8,30,30,140,36,24
61,36,-8,31,32,139,35,25
60,37,-8,31,32,138,35,25
59,37,-8,31,31,138,34,25
59,37,-8,31,31,138,34,25
59,37,-8,31,31,138,32,25
59,39,-8,31,32,136,32,26
58,40,-8,31,32,134,32,28
58,41,-8,31,32,134,32,29
59,41,-8,31,32,136,34,29
60,41,-8,31,32,138,34,29
60,41,-8,30,32,138,36,29
59,41,-8,31,32,137,34,29
58,40,-7,32,32,137,32,31
58,40,-6,33,32,137,32,30
57,40,-5,34,32,138,31,30
57,40,-4,34,32,137,31,30
58,40,-4,34,32,137,32,30
59,41,-5,34,32,137,34,31
60,42,-5,34,32,138,34,31
60,41,-5,34,32,140,34,31
59,40,-4,34,32,140,32,31
57,40,-4,34,32,138,31,30
57,40,-5,34,32,136,31,30
57,40,-6,33,32,134,31,30
57,39,-7,32,32,134,31,30
57,38,-8,31,34,134,32,26
59,36,-8,30,35,134,35,25
60,36,-8,31,35,134,34,24
60,35,-8,31,34,135,34,24
59,35,-8,31,33,136,32,24
58,35,-8,31,34,137,32,23
58,35,-8,31,35,136,32,23
58,35,-8,31,36,135,32,23
58,35,-8,31,37,134,32,24
58,35,-8,31,37,134,32,23
59,33,-8,31,37,134,34,21
60,32,-8,31,37,134,34,20
61,31,-8,31,37,134,35,20
60,31,-8,31,37,134,35,20
60,32,-8,31,37,134,34,20
60,32,-8,31,37,134,34,21
60,32,-8,30,37,134,36,21
60,32,-9,30,37,134,36,20
60,31,-9,30,37,134,36,20
61,31,-9,30,37,134,37,19
61,31,-10,30,37,134,37,20
60,31,-10,29,37,134,36,20
60,32,-10,29,37,134,36,20
60,32,-10,29,37,134,36,20
60,31,-8,30,37,134,36,20
61,32,-9,31,37,134,35,20
60,32,-10,31,37,134,34,20
60,32,-13,31,37,134,34,20
61,31,-13,32,37,134,35,18
61,30,-12,32,37,134,35,19
61,31,-11,31,37,134,35,19
61,31,-10,31,37,134,35,19
59,30,-9,30,37,134,34,19
58,29,-8,30,37,134,35,18
58,29,-8,31,37,134,32,18
59,29,-8,31,37,134,34,18
60,30,-8,31,37,134,34,19
59,32,-8,31,37,134,34,20
57,32,-8,31,37,134,31,20
56,31,-8,31,37,134,32,20
56,30,-8,31,37,134,30,19
56,29,-9,32,37,134,30,18
56,29,-11,33,37,134,30,18
56,29,-11,34,37,134,29,18
57,28,-12,35,37,134,29,15
57,28,-12,35,37,134,29,15
57,28,-11,34,37,134,29,17
57,28,-11,34,37,134,29,17
57,28,-11,35,37,134,29,18
57,28,-12,35,37,134,29,15
57,28,-11,34,37,134,29,17
57,28,-11,34,37,134,29,17
57,28,-11,35,37,134,29,18
57,28,-11,35,37,134,29,18
57,28,-11,34,37,134,29,17
56,26,-13,33,37,134,29,13
55,23,-14,32,37,134,30,10
55,21,-14,32,37,134,30,8
55,21,-13,33,37,134,28,8
55,21,-13,33,37,134,28,8
55,21,-14,32,37,134,30,9
54,21,-15,31,37,134,29,8
52,19,-15,31,37,134,28,7
51,17,-16,32,37,134,26,4
52,15,-16,32,37,134,25,3
53,14,-16,32,37,134,26,2
54,15,-16,32,37,134,26,3
54,14,-17,32,37,134,26,2
53,13,-18,33,37,134,26,1
52,10,-18,34,37,134,25,-3
51,8,-19,35,37,134,23,-4
52,7,-19,35,37,134,23,-6
53,7,-19,35,37,134,24,-6
53,5,-18,34,37,134,26,-8
53,3,-18,34,37,134,26,-9
51,2,-17,33,37,134,25,-8
50,1,-17,32,37,134,24,-8
49,1,-16,32,37,134,23,-9
50,0,-15,31,37,134,25,-10
50,-2,-15,31,37,134,26,-13
50,-3,-15,31,37,134,26,-13
50,-4,-15,32,37,134,25,-14
49,-5,-16,32,37,134,23,-15
47,-5,-17,32,37,134,20,-15
45,-6,-18,33,37,134,19,-17
44,-7,-18,35,37,134,18,-19
44,-7,-18,35,37,134,18,-19
44,-7,-18,33,37,134,18,-17
45,-7,-17,32,37,134,19,-17
45,-8,-18,31,37,134,21,-18
44,-10,-19,32,37,134,18,-21
43,-11,-21,32,37,134,17,-24
42,-13,-22,32,37,134,17,-25
42,-14,-22,32,37,134,17,-25
42,-14,-22,31,37,134,17,-25
43,-14,-22,32,37,134,17,-25
43,-14,-22,32,37,134,17,-25
43,-14,-22,32,37,134,17,-25
43,-14,-22,31,37,134,17,-25
42,-14,-22,31,37,135,17,-26
41,-14,-22,31,37,136,15,-26
41,-15,-22,31,37,136,15,-26
41,-14,-22,31,37,135,15,-26
42,-14,-22,31,37,135,17,-25
43,-14,-22,31,37,135,17,-25
41,-14,-22,31,37,136,15,-26
39,-16,-22,31,37,136,14,-28
38,-16,-22,31,37,135,13,-28
38,-16,-22,31,37,135,13,-28
38,-17,-22,32,37,136,13,-29
39,-17,-22,31,37,136,14,-29
39,-18,-22,31,37,136,14,-29
39,-19,-22,31,37,136,14,-30
40,-20,-22,32,36,136,15,-31
40,-21,-22,32,36,136,15,-31
41,-21,-22,31,35,137,15,-31
41,-20,-22,30,36,138,15,-31
41,-21,-22,28,37,138,18,-31
40,-22,-21,29,38,137,17,-34
39,-24,-21,30,38,136,17,-35
38,-25,-20,30,37,136,15,-36
38,-26,-20,29,36,137,15,-37
38,-26,-19,28,36,137,15,-35
38,-25,-19,28,36,137,15,-34
39,-24,-19,28,35,136,17,-32
40,-22,-19,28,35,136,17,-31
41,-21,-19,28,35,137,18,-30
41,-21,-19,28,35,137,18,-30
40,-21,-19,28,35,137,18,-30
40,-19,-19,28,35,137,17,-28
40,-17,-19,28,34,137,17,-26
41,-15,-19,28,33,138,18,-24
42,-14,-18,28,33,139,19,-24
43,-14,-18,28,34,140,19,-23
43,-12,-18,28,34,140,20,-21
43,-9,-19,28,34,139,20,-19
44,-5,-19,28,32,140,20,-15
46,-2,-18,28,32,140,21,-13
47,0,-18,29,32,139,23,-10
48,2,-16,30,34,138,24,-8
50,4,-15,31,34,138,25,-6
51,7,-14,32,34,137,26,-3
51,9,-14,32,32,137,26,-1
50,13,-14,32,32,138,26,1
50,16,-13,33,32,138,24,4
51,21,-12,34,33,140,24,8
52,24,-12,34,34,139,25,13
53,27,-12,35,35,138,26,14
54,31,-11,35,36,136,26,19
54,33,-10,35,37,136,26,21
54,36,-10,36,37,137,26,24
54,38,-9,36,36,140,26,26
55,40,-9,37,36,140,28,29
56,43,-9,39,36,138,26,30
57,44,-9,39,35,137,26,32
57,46,-9,39,34,138,28,34
57,47,-8,38,32,139,29,34
56,48,-8,38,32,140,28,36
56,50,-8,38,32,140,29,37
57,52,-8,38,32,139,30,39
59,52,-8,38,32,139,31,40
60,52,-8,38,32,139,31,40
59,53,-6,39,32,139,31,40
59,52,-5,40,32,139,29,40
59,52,-5,40,32,139,29,39
60,51,-6,39,32,139,31,39
61,50,-8,38,32,139,32,37
61,48,-8,37,32,139,34,35
61,46,-8,38,32,139,34,34
61,43,-8,38,32,139,32,31
60,41,-8,38,32,139,31,29
60,41,-8,38,32,139,31,29
60,41,-8,37,32,139,32,29
61,40,-7,37,32,140,32,29
60,38,-7,37,32,140,32,26
60,36,-7,36,32,139,32,24
60,33,-7,36,32,139,31,21
60,32,-7,36,32,139,31,20
59,30,-9,36,32,140,31,19
58,28,-10,36,32,140,31,18
58,27,-11,35,32,142,30,17
58,25,-11,35,32,143,30,14
57,23,-11,34,32,143,30,13
55,21,-11,34,32,143,28,10
53,18,-12,35,32,142,26,6
52,16,-11,35,32,143,25,7
53,14,-11,35,32,144,26,4
53,12,-11,34,32,144,26,2
52,10,-13,34,32,144,25,-1
51,7,-15,34,32,144,24,-3
48,6,-15,33,32,144,21,-4
46,4,-14,33,32,144,20,-6
45,3,-14,32,32,144,19,-8
45,0,-15,32,32,144,19,-9
46,-1,-18,33,33,144,19,-12
46,-3,-19,34,32,144,20,-15
45,-5,-19,35,32,144,17,-18
43,-7,-18,35,32,144,14,-20
41,-9,-18,35,33,144,15,-21
41,-11,-18,35,33,144,15,-23
41,-13,-19,34,32,144,15,-25
41,-14,-21,33,31,144,15,-26
39,-15,-22,32,29,144,14,-28
39,-16,-22,31,29,144,13,-28
39,-18,-22,31,31,144,13,-29
39,-20,-22,32,32,144,13,-31
38,-21,-21,32,33,144,13,-32
37,-23,-22,32,33,144,12,-35
36,-25,-22,31,33,144,10,-36
35,-28,-23,30,32,144,10,-39
35,-29,-23,30,31,144,10,-40
35,-30,-23,31,31,144,10,-41
35,-30,-22,31,32,144,10,-40
35,-29,-23,31,32,144,10,-40
33,-30,-25,29,32,144,9,-42
32,-32,-25,28,32,144,8,-45
32,-33,-26,28,31,144,7,-46
32,-35,-26,28,31,144,8,-47
33,-36,-26,29,32,144,9,-48
32,-37,-26,29,32,144,8,-50
31,-38,-27,30,31,144,7,-51
29,-39,-27,29,31,144,6,-51
28,-39,-26,29,31,144,4,-51
29,-39,-26,29,29,144,4,-51
29,-39,-27,30,28,144,6,-51
29,-39,-28,31,27,144,6,-51
29,-39,-28,32,28,144,3,-51
29,-39,-29,32,28,144,3,-51
29,-39,-29,32,28,144,3,-53
29,-39,-28,31,28,144,6,-51
29,-39,-27,30,28,144,4,-51
28,-39,-25,28,28,144,4,-51
29,-39,-25,28,28,144,7,-51
31,-38,-26,28,28,144,7,-51
32,-37,-27,30,28,144,8,-50
33,-36,-27,32,28,144,7,-48
32,-35,-27,33,28,144,6,-47
32,-34,-27,34,28,144,6,-46
32,-32,-26,35,28,144,6,-45
33,-30,-25,35,28,144,7,-42
34,-28,-25,35,28,144,7,-41
34,-27,-25,35,28,144,7,-40
34,-25,-25,36,28,144,7,-39
34,-22,-25,35,28,144,7,-36
36,-19,-25,35,28,144,9,-32
38,-17,-24,34,28,144,10,-31
39,-15,-23,35,28,144,12,-29
40,-13,-22,36,28,144,13,-25
41,-11,-21,38,28,144,10,-25
41,-8,-21,39,28,144,10,-23
40,-5,-22,39,28,144,10,-19
40,-2,-22,38,28,144,10,-17
42,0,-22,38,28,144,12,-14
43,3,-22,38,28,144,13,-12
45,6,-22,39,28,144,14,-9
46,8,-21,40,28,144,15,-4
46,10,-19,41,28,144,15,-3
47,13,-18,42,28,144,17,-1
48,15,-18,42,28,144,18,1
49,18,-18,42,28,144,18,3
50,20,-17,43,28,144,19,6
51,22,-15,43,28,144,19,7
51,25,-13,44,28,144,19,12
51,27,-13,44,28,144,19,14
51,29,-14,44,28,144,19,15
51,30,-14,44,28,144,20,14
52,32,-15,45,28,144,19,15
53,33,-14,46,28,144,19,18
54,36,-12,47,28,144,20,23
55,38,-11,48,28,144,20,24
56,39,-10,49,28,144,21,24
56,39,-11,49,28,144,21,25
55,40,-11,48,28,144,21,26
55,42,-11,46,28,145,23,28
56,45,-10,44,28,145,24,30
57,46,-10,45,28,144,25,31
58,46,-10,47,28,144,23,31
58,46,-10,48,26,144,23,31
57,45,-10,48,25,145,23,30
57,45,-10,47,25,146,23,30
57,46,-9,46,26,147,25,31
58,46,-9,46,26,146,25,31
59,46,-9,46,26,145,26,31
61,47,-9,46,25,145,28,32
61,47,-9,46,23,144,28,32
59,46,-10,47,22,145,25,31
57,46,-11,49,23,145,23,31
57,45,-11,49,23,146,23,30
57,46,-11,48,23,146,23,31
58,45,-11,46,24,146,23,30
59,45,-12,44,25,147,26,30
58,44,-13,44,25,148,25,30
57,44,-13,45,25,150,23,29
55,42,-13,46,24,150,21,25
55,40,-13,46,23,149,20,24
55,39,-14,45,23,147,21,23
56,38,-14,45,23,147,21,21
56,38,-14,45,23,148,21,21
56,39,-15,45,23,149,21,23
56,39,-14,45,23,149,21,23
56,39,-14,45,23,148,21,23
56,38,-14,45,23,148,21,21
57,35,-14,45,23,148,23,19
55,33,-14,45,23,149,21,17
54,32,-14,45,23,150,20,17
54,32,-14,45,23,150,20,17
54,32,-14,45,23,150,20,17
54,32,-14,45,23,149,20,17
54,32,-14,45,23,148,20,17
54,32,-14,45,23,148,20,17
54,32,-14,45,23,148,20,17
55,32,-14,45,23,149,20,17
54,32,-14,45,23,150,20,17
53,32,-14,46,23,150,19,15
51,30,-14,47,23,150,18,14
50,29,-14,48,23,150,17,13
50,28,-14,47,23,150,17,12
51,27,-14,46,23,150,18,12
52,26,-14,45,23,150,18,10
52,25,-14,45,23,150,19,10
52,25,-14,45,23,149,19,9
53,25,-14,45,23,148,19,10
53,26,-14,45,23,148,19,10
52,25,-14,45,23,148,19,10
51,25,-14,45,23,149,18,9
50,24,-14,45,23,150,17,8
48,23,-14,45,23,150,15,8
48,23,-14,45,23,150,14,8
48,23,-15,44,23,150,14,8
47,22,-17,43,23,149,17,7
46,20,-18,42,23,148,15,4
46,17,-18,41,23,148,15,3
46,16,-18,42,23,148,15,2
47,16,-18,42,23,149,15,2
47,16,-18,42,23,150,17,2
46,14,-18,42,23,150,15,0
45,13,-18,42,24,150,14,-1
44,11,-18,42,25,150,13,-2
44,10,-18,42,25,150,13,-3
45,10,-18,42,25,150,14,-3
45,9,-18,42,24,150,14,-3
45,10,-18,42,23,150,14,-3
45,10,-18,42,23,150,14,-3
45,10,-18,42,23,150,14,-3
44,8,-18,42,23,150,14,-6
44,5,-18,41,23,150,13,-8
43,3,-19,41,23,150,13,-9
43,2,-19,40,23,150,13,-10
43,3,-19,41,23,150,13,-9
43,3,-18,41,23,149,13,-9
42,2,-19,41,23,148,12,-10
40,1,-19,40,23,148,10,-12
39,0,-19,41,23,148,9,-12
39,0,-18,42,23,149,8,-12
39,0,-18,42,23,150,9,-12
40,0,-19,41,23,150,10,-13
41,-2,-20,40,23,150,10,-14
40,-3,-21,39,23,150,10,-17
39,-5,-21,39,23,150,9,-18
37,-6,-20,39,23,150,8,-18
37,-6,-20,40,23,150,7,-18
37,-5,-20,40,23,150,7,-18
38,-5,-20,41,23,150,8,-18
38,-7,-20,42,23,149,8,-19
38,-8,-20,43,23,148,6,-20
37,-9,-20,42,23,148,7,-21
37,-10,-20,41,23,148,7,-23
36,-11,-21,40,23,148,7,-26
36,-12,-22,41,23,148,7,-26
36,-12,-23,42,23,148,4,-26
34,-13,-23,42,23,148,3,-28
33,-14,-25,42,23,147,2,-28
31,-14,-25,42,23,145,0,-29
32,-15,-25,42,23,144,1,-29
32,-15,-25,42,23,145,1,-29
32,-14,-25,42,23,145,1,-29
30,-15,-25,42,23,145,0,-29
28,-17,-25,42,23,145,-2,-31
28,-18,-25,42,23,145,-2,-32
29,-20,-25,43,23,145,-1,-34
30,-21,-25,42,23,145,-1,-35
31,-21,-26,41,23,145,0,-35
30,-21,-28,40,23,145,0,-37
28,-22,-28,39,23,145,-2,-37
27,-23,-29,39,23,145,-3,-39
26,-24,-28,39,23,145,-2,-40
26,-25,-28,38,23,145,-1,-41
27,-27,-26,36,23,145,-1,-40
28,-28,-25,36,23,145,2,-41
28,-28,-25,35,23,145,2,-41
28,-28,-25,35,23,145,2,-41
28,-28,-25,35,24,145,2,-41
29,-29,-25,35,25,145,2,-42
30,-31,-25,35,25,145,3,-43
31,-32,-25,35,23,145,4,-45
31,-32,-25,35,22,145,4,-45
31,-32,-25,35,23,145,4,-45
31,-32,-25,35,24,145,4,-45
30,-31,-25,35,26,145,3,-43
29,-29,-25,35,28,144,3,-42
29,-28,-25,35,28,143,3,-41
31,-26,-25,35,28,142,4,-40
32,-25,-25,35,28,142,6,-39
33,-23,-25,35,28,142,7,-36
34,-21,-24,36,28,143,7,-35
34,-19,-23,37,28,143,4,-32
35,-16,-22,38,28,143,6,-30
35,-14,-21,39,28,144,6,-29
36,-12,-22,39,28,144,7,-26
36,-10,-22,39,28,143,7,-25
36,-7,-22,38,28,141,7,-21
36,-4,-21,39,27,140,7,-19
37,-2,-20,39,27,139,7,-14
38,0,-19,41,27,140,8,-13
39,2,-19,43,27,140,9,-10
41,5,-20,45,27,140,8,-10
42,8,-21,45,27,140,9,-7
43,10,-22,46,27,140,10,-6
43,12,-22,45,27,140,10,-3
43,14,-21,45,27,140,9,-2
42,15,-20,46,27,140,9,-1
41,16,-19,48,27,140,6,0
40,17,-18,49,27,140,6,2
40,17,-17,49,27,140,6,2
41,17,-18,48,28,140,6,0
42,17,-19,48,28,140,7,0
43,16,-19,47,27,140,8,0
43,14,-20,46,27,140,8,-1
43,14,-20,47,27,140,8,-2
42,14,-19,47,28,140,7,-2
43,13,-19,47,29,140,8,-3
44,10,-20,47,29,140,9,-4
44,8,-20,45,29,140,12,-7
44,5,-20,44,28,140,12,-9
43,3,-19,43,27,140,10,-9
44,1,-19,43,27,140,13,-12
44,0,-18,42,28,140,13,-13
44,-1,-18,42,27,140,13,-14
44,-2,-18,42,27,140,13,-15
44,-3,-18,42,28,139,13,-17
43,-6,-18,42,29,137,13,-18
43,-8,-18,42,31,137,13,-20
41,-9,-18,42,31,136,12,-21
40,-10,-18,42,31,137,10,-21
39,-10,-18,42,29,138,9,-21
40,-10,-18,42,28,140,10,-21
40,-9,-18,42,29,140,10,-21
40,-9,-19,41,31,140,10,-21
40,-9,-19,41,32,139,10,-21
40,-10,-18,40,33,140,10,-21
39,-10,-16,39,32,140,12,-23
40,-10,-15,37,32,139,13,-20
41,-9,-16,37,32,138,13,-19
42,-6,-18,37,32,137,14,-19
43,-4,-18,38,32,138,14,-17
42,-3,-17,39,32,139,12,-15
41,-3,-16,40,32,140,12,-15
41,-2,-16,40,32,138,10,-14
41,0,-17,41,32,136,12,-13
42,2,-18,41,32,134,12,-10
42,4,-18,42,32,134,12,-8
42,6,-17,43,32,134,12,-7
43,7,-16,43,32,135,12,-6
43,9,-15,44,32,135,10,-4
44,11,-16,44,32,134,13,-2
43,13,-15,44,32,134,10,-1
44,14,-15,45,32,134,12,0
46,15,-14,45,32,134,13,1
46,16,-15,46,32,134,13,2
46,17,-16,46,32,134,13,2
45,19,-17,47,32,134,12,4
46,21,-17,48,32,134,10,6
46,22,-18,49,32,134,10,7
46,22,-18,49,32,134,12,4
46,21,-18,49,32,134,10,6
45,21,-18,48,32,134,10,3
46,22,-18,48,32,134,12,4
48,23,-18,48,32,134,13,6
49,23,-18,49,32,134,13,8
48,23,-18,49,32,134,13,8
46,22,-18,48,32,134,10,4
45,21,-19,48,32,134,10,3
45,19,-19,47,32,134,9,2
46,17,-19,48,32,134,10,1
46,16,-18,48,32,134,12,0
46,16,-18,49,32,134,12,2
46,16,-17,48,32,134,12,2
47,15,-17,47,32,134,14,1
48,14,-17,47,32,135,15,0
50,12,-17,47,32,135,17,-1
49,12,-18,49,32,134,14,-2
48,11,-18,49,32,134,13,-4
46,10,-18,48,32,135,10,-4
45,10,-17,47,32,136,12,-3
44,10,-16,47,32,137,12,-3
44,10,-17,47,32,138,12,-3
45,10,-18,48,32,138,10,-6
46,10,-18,49,32,138,10,-4
48,11,-18,48,32,137,13,-4
49,12,-17,48,32,136,14,-2
50,12,-16,47,32,135,17,-1
48,14,-17,48,32,134,13,0
47,15,-18,48,32,134,12,1
46,16,-18,48,32,135,10,0
46,17,-18,49,32,135,12,2
47,18,-17,50,32,134,12,3
48,20,-15,51,32,134,12,6
48,23,-14,52,32,134,13,8
48,25,-14,52,32,134,12,9
48,27,-14,52,32,134,13,12
48,29,-14,52,32,134,13,13
49,31,-14,52,32,134,13,15
49,32,-14,52,32,134,13,17
49,35,-14,52,32,134,13,19
50,37,-14,52,32,134,14,21
50,39,-14,52,32,134,14,23
49,40,-13,53,32,134,13,24
49,41,-12,53,32,134,13,24
50,43,-12,54,32,134,12,25
50,45,-11,54,32,134,12,28
50,47,-11,55,32,134,12,30
51,48,-10,55,32,134,13,30
52,48,-10,55,32,134,13,31
54,49,-10,55,32,134,15,31
54,50,-10,55,32,134,15,32
54,49,-11,54,32,134,15,31
54,47,-13,53,32,134,18,30
54,45,-14,52,32,134,18,28
54,43,-14,51,32,135,18,26
54,43,-14,52,32,135,18,26
54,43,-14,52,32,134,17,26
54,42,-14,52,32,134,17,25
54,40,-14,51,32,134,17,23
53,37,-15,51,32,135,17,20
53,35,-15,51,32,135,17,19
52,33,-15,51,32,137,15,17
51,31,-15,50,32,138,15,15
50,28,-16,50,32,139,14,12
49,24,-18,49,32,139,14,8
49,19,-18,48,32,138,13,2
48,15,-18,49,32,137,13,1
47,13,-18,49,32,136,12,-1
46,10,-19,48,32,137,10,-6
45,7,-20,46,32,138,12,-8
44,3,-21,45,32,138,12,-12
43,0,-22,45,32,138,10,-15
43,-3,-21,45,32,139,10,-18
41,-5,-21,45,32,139,9,-20
40,-8,-21,45,32,140,8,-23
40,-11,-21,45,32,140,8,-26
39,-15,-22,46,32,140,7,-29
37,-17,-22,46,32,139,3,-30
35,-18,-22,46,32,138,1,-32
33,-20,-22,46,32,138,0,-34
32,-21,-22,46,32,137,1,-35
31,-24,-22,46,32,137,-1,-37
31,-26,-24,48,32,137,-1,-42
30,-28,-25,49,32,138,-4,-43
28,-28,-25,49,32,139,-6,-43
28,-28,-25,50,32,140,-7,-43
28,-28,-25,49,32,140,-7,-43
28,-28,-24,49,32,138,-3,-43
28,-28,-25,47,32,136,-3,-43
28,-28,-25,46,32,134,-3,-43
28,-28,-26,46,32,134,-3,-43
28,-28,-28,46,32,134,-3,-43
28,-28,-28,46,32,135,-3,-43
28,-28,-27,47,32,135,-4,-43
28,-27,-25,47,32,134,-4,-42
28,-24,-23,46,32,134,-4,-37
28,-22,-22,45,32,134,-2,-35
29,-21,-22,44,32,134,-1,-35
30,-21,-21,45,32,134,-1,-35
30,-21,-21,45,32,134,0,-35
31,-21,-21,46,32,134,-1,-35
32,-18,-22,46,32,134,-1,-32
32,-16,-23,47,32,134,0,-30
32,-15,-23,47,32,134,-1,-29
31,-14,-24,48,32,134,-1,-31
32,-14,-25,49,32,134,-3,-31
32,-13,-25,49,32,134,-3,-30
32,-10,-25,49,32,134,-2,-28
34,-8,-24,49,32,134,-1,-25
35,-7,-24,49,32,134,-1,-24
35,-5,-25,49,32,134,0,-21
36,-3,-25,49,32,134,0,-20
35,-1,-24,49,32,134,-1,-19
35,-1,-23,50,32,134,-1,-19
36,-1,-22,51,32,134,0,-17
38,0,-21,52,32,134,1,-15
38,1,-21,53,32,134,2,-13
38,3,-21,52,32,134,1,-12
37,4,-21,52,32,134,1,-10
36,5,-21,52,32,134,0,-10
36,4,-21,52,32,134,0,-10
37,4,-21,52,32,134,1,-10
38,5,-21,52,32,135,2,-9
39,6,-21,52,32,135,3,-9
40,7,-21,52,32,134,3,-8
39,6,-21,52,32,133,2,-9
38,5,-21,52,32,133,2,-9
37,5,-21,52,32,133,1,-10
37,4,-21,52,32,134,1,-10
36,5,-21,52,32,134,0,-10
36,5,-21,52,32,133,0,-10
37,5,-21,52,32,133,1,-10
38,3,-21,52,32,133,1,-12
37,1,-21,52,32,133,1,-14
36,0,-21,52,32,133,0,-15
35,-2,-21,52,32,132,0,-17
36,-3,-21,52,32,130,0,-18
36,-4,-21,53,32,130,1,-19
36,-6,-21,52,32,131,0,-20
35,-7,-22,51,32,133,-1,-21
34,-9,-23,50,32,135,-1,-26
35,-11,-24,49,32,135,-1,-28
36,-14,-25,49,32,133,0,-30
35,-17,-25,49,32,130,0,-34
33,-20,-25,49,31,130,-2,-36
32,-22,-24,49,30,131,-3,-39
32,-24,-25,49,30,133,-3,-40
32,-25,-25,49,31,134,-2,-41
33,-27,-25,50,32,133,-2,-42
33,-29,-25,51,32,132,-2,-45
32,-31,-27,51,32,131,-3,-46
31,-32,-28,51,32,131,-3,-50
31,-32,-30,50,32,131,-3,-50
30,-32,-31,49,32,131,-4,-50
29,-33,-31,48,32,130,-4,-50
28,-34,-30,48,32,130,-6,-52
27,-36,-30,48,32,130,-7,-52
27,-36,-32,50,32,130,-7,-53
27,-36,-32,50,32,130,-7,-53
28,-37,-31,48,32,130,-6,-53
28,-37,-29,47,32,130,-3,-52
28,-37,-28,46,32,130,-3,-52
27,-36,-29,46,32,130,-4,-51
26,-35,-29,47,32,130,-8,-52
26,-34,-29,47,32,130,-8,-52
26,-35,-29,47,32,130,-8,-52
27,-35,-29,47,32,130,-7,-52
27,-35,-29,46,32,130,-6,-50
26,-33,-29,46,32,130,-6,-48
25,-32,-29,46,32,130,-7,-47
24,-30,-29,48,32,130,-9,-48
23,-30,-27,50,32,130,-10,-46
24,-30,-26,50,32,130,-9,-46
25,-30,-25,50,32,130,-8,-46
27,-29,-25,50,33,129,-7,-45
27,-27,-27,51,33,128,-7,-42
27,-25,-28,52,33,127,-9,-42
26,-24,-28,53,34,126,-10,-42
25,-24,-28,53,34,126,-10,-42
25,-24,-27,51,35,126,-8,-40
26,-24,-26,50,35,125,-8,-40
26,-24,-26,50,35,125,-8,-40
26,-24,-26,51,34,125,-8,-40
25,-24,-27,51,33,125,-8,-40
25,-24,-27,51,33,125,-8,-40
25,-24,-26,50,35,125,-8,-40
25,-24,-24,50,36,124,-8,-40
25,-24,-23,50,36,124,-8,-40
25,-24,-23,50,35,125,-8,-40
26,-24,-24,50,35,125,-8,-40
26,-24,-24,50,34,125,-8,-40
26,-24,-25,49,34,125,-8,-40
25,-24,-25,49,34,125,-8,-40
25,-24,-25,49,33,125,-8,-40
26,-24,-24,49,33,125,-8,-40
26,-25,-24,49,33,125,-8,-41
27,-27,-25,49,32,125,-7,-42
28,-28,-25,49,31,125,-7,-43
28,-28,-25,49,31,125,-6,-43
28,-28,-25,49,32,125,-6,-43
28,-28,-25,49,33,125,-6,-43
28,-28,-25,49,33,125,-6,-43
28,-28,-24,49,33,124,-7,-43
28,-28,-25,49,33,123,-7,-43
28,-28,-25,49,33,122,-6,-43
30,-27,-25,49,33,122,-4,-42
31,-26,-24,49,33,122,-3,-41
31,-26,-24,49,33,122,-3,-42
30,-27,-25,49,33,121,-4,-42
28,-28,-25,48,33,120,-3,-43
28,-28,-26,48,32,120,-7,-43
28,-28,-26,48,32,120,-7,-43
28,-28,-25,49,33,120,-6,-43
29,-29,-25,48,34,120,-3,-45
29,-30,-25,48,36,120,-3,-45
28,-29,-26,48,36,119,-3,-45
28,-28,-27,49,36,119,-6,-43
28,-28,-28,50,36,119,-6,-43
28,-29,-27,50,36,119,-6,-45
29,-30,-26,50,36,119,-6,-45
29,-29,-25,50,36,120,-6,-45
28,-28,-25,50,36,120,-6,-43
28,-28,-27,52,36,119,-6,-43
28,-28,-28,52,36,118,-9,-46
27,-28,-27,52,36,118,-9,-43
27,-29,-25,50,36,118,-7,-45
27,-29,-25,49,36,119,-7,-45
26,-29,-24,49,36,118,-6,-45
25,-29,-25,49,36,118,-8,-45
26,-29,-25,49,36,119,-8,-45
27,-29,-25,49,36,119,-7,-45
28,-28,-25,49,36,118,-7,-43
27,-28,-25,49,36,116,-7,-43
27,-29,-25,49,36,115,-7,-45
27,-29,-25,49,36,116,-7,-45
28,-28,-25,49,36,117,-7,-43
28,-28,-25,49,36,116,-6,-43
28,-28,-25,49,36,115,-6,-43
28,-28,-25,49,37,114,-6,-43
28,-28,-25,49,37,115,-7,-43
27,-28,-25,49,37,116,-7,-43
26,-29,-25,49,36,117,-8,-45
27,-28,-25,49,37,116,-7,-43
28,-28,-25,49,38,115,-7,-43
28,-28,-25,49,38,114,-6,-43
28,-28,-25,49,38,115,-6,-43
28,-28,-25,49,37,116,-6,-43
29,-27,-25,49,38,117,-4,-42
31,-26,-25,49,38,118,-3,-41
32,-26,-25,49,37,117,-2,-41
33,-26,-25,49,36,115,-2,-41
32,-25,-25,49,36,114,-2,-41
32,-25,-25,49,36,115,-3,-40
30,-23,-25,49,36,116,-4,-39
30,-21,-25,49,36,118,-4,-37
30,-21,-25,49,36,118,-4,-37
30,-21,-25,49,36,117,-4,-37
30,-21,-24,49,36,115,-4,-37
30,-22,-24,49,36,114,-4,-39
30,-21,-24,49,36,115,-4,-37
30,-19,-25,49,36,115,-4,-35
31,-17,-25,49,36,115,-3,-32
32,-14,-24,49,36,115,-3,-31
32,-14,-24,50,36,115,-3,-31
32,-15,-23,50,37,115,-3,-31
32,-15,-22,51,38,115,-3,-31
32,-13,-22,51,37,115,-3,-28
33,-10,-21,52,36,115,-2,-25
33,-8,-21,52,35,115,-2,-23
33,-8,-21,52,35,115,-2,-23
33,-8,-21,52,36,115,-2,-23
33,-8,-21,53,37,115,-2,-23
34,-6,-20,53,37,115,-2,-21
35,-3,-20,53,37,115,-1,-19
35,-1,-20,53,38,115,-1,-17
34,0,-19,54,39,115,-1,-15
34,0,-18,54,39,115,-1,-15
35,1,-17,55,39,115,-1,-14
36,3,-17,56,39,115,-2,-12
37,4,-17,56,40,114,-1,-10
37,5,-17,55,41,114,1,-10
36,5,-17,55,40,114,0,-10
36,4,-17,55,39,115,0,-12
37,4,-17,56,39,115,-1,-10
37,7,-17,55,39,115,1,-9
37,9,-17,55,40,115,1,-7
37,10,-17,55,41,114,1,-6
36,11,-17,55,41,114,0,-4
37,10,-17,55,40,114,1,-6
38,11,-17,55,40,114,1,-4
39,11,-17,55,40,114,2,-4
39,11,-17,55,41,114,2,-4
38,11,-17,55,40,114,2,-4
38,11,-17,55,41,114,2,-4
38,11,-17,55,40,114,2,-4
38,11,-17,55,40,114,2,-4
38,11,-17,55,40,114,1,-4
38,12,-17,55,41,114,2,-4
39,11,-17,55,41,114,2,-4
39,10,-17,55,40,114,2,-6
39,7,-17,55,39,115,2,-8
38,5,-17,55,37,115,2,-9
37,5,-17,56,37,115,-1,-10
36,4,-17,55,39,115,0,-10
35,4,-17,55,41,114,-1,-12
34,2,-17,55,41,114,-1,-13
34,0,-17,56,40,114,-3,-15
35,-2,-17,56,39,115,-3,-18
34,-3,-18,56,39,115,-3,-19
33,-5,-18,54,39,115,-2,-20
32,-5,-20,53,40,115,-3,-20
32,-7,-21,53,41,114,-3,-23
32,-10,-22,53,41,114,-2,-26
32,-13,-23,55,40,114,-4,-29
32,-14,-24,56,40,114,-6,-31
31,-15,-24,57,40,114,-6,-32
31,-17,-25,56,41,114,-6,-34
31,-19,-25,55,40,114,-6,-35
30,-21,-27,54,41,114,-7,-37
28,-23,-28,53,40,114,-8,-41
28,-25,-28,52,40,114,-9,-42
28,-26,-28,52,40,114,-9,-45
28,-28,-28,53,41,114,-8,-46
28,-28,-28,53,41,114,-8,-46
28,-30,-28,53,40,115,-8,-47
27,-32,-28,52,39,115,-9,-50
27,-35,-28,52,39,115,-9,-52
25,-36,-28,52,39,115,-10,-53
23,-37,-28,52,40,115,-13,-53
22,-37,-28,52,41,114,-13,-54
22,-37,-28,52,41,115,-13,-54
23,-37,-28,52,40,115,-13,-53
22,-37,-28,52,40,114,-13,-54
21,-38,-28,52,40,113,-14,-56
20,-39,-28,52,41,111,-15,-56
20,-39,-28,52,40,110,-15,-56
20,-38,-28,52,40,109,-15,-56
21,-39,-28,52,40,110,-14,-56
22,-39,-28,52,40,110,-14,-56
22,-39,-28,52,40,110,-13,-56
23,-39,-28,52,40,110,-13,-56
23,-38,-28,52,40,110,-13,-54
23,-37,-28,52,40,110,-13,-53
22,-37,-28,52,40,110,-13,-54
22,-37,-28,52,40,110,-14,-54
22,-38,-28,52,40,110,-14,-54
23,-37,-28,52,40,110,-13,-54
23,-36,-28,52,40,110,-13,-53
25,-35,-28,52,40,109,-10,-52
26,-35,-28,52,40,110,-9,-52
27,-35,-28,52,40,110,-9,-52
27,-35,-28,53,40,110,-9,-52
26,-35,-28,53,40,109,-9,-52
26,-34,-28,52,40,110,-10,-51
25,-32,-28,52,40,110,-12,-50
24,-31,-28,52,39,110,-12,-48
24,-30,-28,53,38,110,-12,-48
24,-30,-29,54,37,110,-12,-48
25,-30,-29,54,36,110,-10,-47
26,-30,-28,54,38,111,-10,-47
27,-29,-28,53,39,112,-9,-47
27,-28,-29,53,40,113,-9,-46
28,-28,-29,54,40,112,-8,-46
28,-28,-28,54,38,111,-8,-46
28,-28,-27,54,38,110,-8,-46
28,-28,-25,55,38,111,-8,-43
28,-28,-25,55,38,113,-9,-43
28,-28,-26,54,37,113,-8,-43
29,-28,-27,54,36,113,-7,-46
31,-26,-27,54,36,113,-6,-43
32,-25,-26,54,35,115,-4,-40
32,-24,-25,55,36,115,-4,-40
31,-23,-24,56,36,115,-6,-39
30,-22,-24,56,37,113,-7,-39
30,-21,-24,56,38,111,-7,-37
29,-21,-24,56,37,112,-7,-37
30,-21,-24,56,36,113,-7,-37
31,-20,-24,56,36,113,-6,-36
33,-19,-24,56,36,112,-4,-35
34,-19,-24,56,36,110,-3,-35
34,-19,-24,56,36,109,-3,-35
34,-19,-23,57,35,110,-3,-35
35,-18,-23,57,36,111,-2,-34
36,-16,-23,57,36,112,-1,-32
37,-14,-23,57,37,111,-1,-30
36,-12,-21,58,37,110,-3,-29
35,-12,-21,58,37,110,-4,-29
35,-11,-21,58,37,110,-4,-28
35,-9,-22,58,39,110,-4,-26
36,-6,-22,58,40,110,-4,-24
36,-3,-21,59,41,110,-3,-21
37,-1,-20,59,40,109,-2,-19
38,0,-20,59,40,110,-2,-18
39,0,-21,59,40,110,-2,-17
39,2,-21,59,40,110,-2,-15
39,4,-21,59,40,109,-1,-13
39,6,-19,60,40,110,-1,-12
40,8,-18,61,40,110,-1,-7
40,11,-17,62,40,110,-1,-4
41,14,-17,63,40,110,0,-2
42,17,-17,62,40,110,0,0
43,20,-17,62,40,110,1,2
44,21,-17,62,40,110,2,3
45,22,-16,63,40,110,3,4
45,25,-14,65,40,110,1,7
45,28,-13,66,40,110,1,9
45,31,-13,66,40,110,1,13
46,33,-13,65,40,110,2,15
47,36,-14,65,40,110,3,17
49,38,-13,65,40,110,4,19
50,41,-12,67,40,110,6,21
52,44,-11,68,40,110,7,24
53,47,-10,69,40,110,7,30
53,50,-9,69,40,110,8,32
53,53,-10,69,40,110,8,35
54,54,-10,69,40,110,8,36
55,56,-10,69,40,110,9,37
57,58,-9,69,40,110,10,40
58,61,-9,68,40,110,12,42
59,64,-9,68,40,110,13,45
59,66,-8,68,40,110,13,47
59,68,-7,68,40,110,13,48
59,68,-5,69,40,110,13,50
58,69,-4,70,40,110,12,52
58,71,-5,72,40,110,12,51
58,72,-6,72,40,110,9,53
58,74,-5,71,40,110,12,54
57,75,-4,70,40,110,12,57
57,74,-4,69,40,110,10,57
57,74,-5,71,40,110,12,54
58,74,-6,72,40,110,9,54
58,74,-7,72,40,110,9,54
57,74,-6,72,40,110,9,54
56,73,-6,72,40,110,8,53
54,72,-6,72,40,110,7,52
54,71,-7,71,40,110,8,52
55,69,-9,70,40,110,9,50
55,65,-10,69,40,110,9,46
54,62,-10,69,40,110,8,43
52,57,-10,69,40,110,7,39
50,54,-10,69,40,110,6,36
49,52,-10,68,40,110,4,34
48,50,-11,68,40,110,3,30
46,46,-12,67,40,110,1,26
44,42,-12,66,40,110,0,23
43,37,-13,66,40,110,0,18
43,32,-14,66,40,109,-1,13
42,27,-15,66,40,110,-1,9
41,22,-17,65,40,111,-2,4
40,18,-18,63,39,112,-1,1
38,12,-19,62,39,113,-2,-7
36,6,-20,61,39,113,-4,-12
33,1,-21,61,40,113,-6,-17
32,-3,-22,61,39,112,-7,-21
32,-8,-23,60,37,112,-8,-25
30,-14,-25,59,36,112,-9,-30
28,-18,-27,58,36,113,-10,-37
27,-23,-29,58,37,115,-12,-41
27,-28,-30,57,38,115,-12,-46
25,-33,-30,57,38,115,-13,-51
23,-39,-31,57,37,115,-14,-56
22,-43,-31,56,37,115,-17,-59
21,-47,-31,56,36,114,-17,-63
21,-51,-32,55,36,112,-17,-69
20,-55,-33,54,36,111,-18,-73
18,-58,-35,53,37,111,-19,-76
16,-62,-35,53,37,112,-19,-79
16,-66,-35,53,37,113,-21,-83
16,-68,-35,53,38,113,-20,-85
16,-70,-35,53,39,112,-21,-86
14,-71,-35,53,40,110,-23,-87
13,-72,-35,53,41,109,-24,-89
11,-73,-35,53,40,109,-25,-90
12,-76,-35,53,40,110,-25,-92
12,-78,-35,53,40,110,-24,-93
13,-78,-35,53,40,110,-24,-93
12,-77,-35,53,40,110,-24,-93
12,-76,-35,53,40,110,-25,-92
12,-74,-35,53,40,110,-24,-90
13,-72,-35,53,40,108,-24,-87
14,-70,-35,53,40,106,-23,-86
13,-69,-35,53,40,105,-24,-86
12,-68,-35,53,40,104,-24,-85
12,-66,-35,53,39,105,-21,-83
13,-64,-35,53,40,105,-24,-80
15,-61,-34,54,42,105,-21,-78
16,-57,-32,55,44,104,-21,-74
17,-53,-31,56,44,104,-20,-69
18,-50,-30,55,43,104,-20,-67
18,-47,-30,55,42,104,-19,-63
19,-43,-30,55,42,104,-19,-61
19,-39,-30,57,43,104,-19,-56
19,-35,-29,59,43,104,-18,-52
20,-31,-27,60,42,104,-18,-48
22,-28,-26,59,40,105,-15,-46
24,-23,-26,58,41,105,-14,-41
24,-19,-27,58,43,104,-14,-37
25,-15,-26,60,43,103,-17,-34
25,-11,-25,62,43,102,-15,-30
27,-7,-24,63,43,102,-14,-26
28,-3,-24,63,44,102,-13,-24
29,-1,-24,63,45,102,-12,-21
29,0,-22,64,45,101,-12,-17
30,3,-21,64,43,100,-12,-14
32,5,-20,64,43,100,-9,-12
33,8,-21,64,43,100,-9,-10
33,10,-21,65,43,100,-9,-8
33,12,-21,66,43,100,-9,-6
33,14,-20,66,43,100,-9,-4
34,15,-20,66,44,100,-8,-3
36,15,-20,66,44,100,-7,-3
36,15,-21,66,43,100,-6,-3
36,15,-21,66,43,100,-7,-3
36,15,-20,66,43,100,-7,-3
35,15,-19,67,44,100,-9,-3
36,16,-18,68,45,99,-8,-3
37,16,-18,68,44,100,-7,-2
39,17,-19,67,43,100,-6,-1
39,17,-20,66,43,100,-3,-1
37,17,-21,66,43,100,-6,-2
36,16,-20,66,44,100,-7,-2
36,15,-20,66,45,99,-7,-3
37,14,-20,66,45,99,-6,-4
37,13,-20,66,44,100,-4,-6
37,13,-20,66,43,100,-4,-6
37,14,-20,66,43,100,-6,-4
36,14,-20,66,43,100,-6,-4
37,13,-20,66,44,100,-6,-6
38,11,-20,66,45,100,-4,-7
39,11,-20,66,45,100,-4,-7
39,11,-20,66,44,100,-4,-7
38,11,-20,66,44,100,-4,-7
37,10,-20,66,44,100,-6,-8
35,9,-20,66,45,100,-7,-9
34,9,-20,66,45,100,-8,-9
34,10,-20,66,44,100,-8,-8
35,13,-20,66,43,100,-7,-4
36,16,-20,66,43,100,-7,-3
36,16,-20,66,43,100,-7,-2
36,15,-20,66,44,100,-7,-3
36,14,-20,66,44,100,-6,-4
37,14,-20,66,43,100,-6,-4
38,15,-20,66,43,101,-4,-3
39,17,-20,66,43,102,-3,-2
40,18,-20,66,43,101,-3,-1
40,18,-20,66,42,100,-2,-1
40,18,-19,67,42,99,-2,-1
40,18,-19,67,43,100,-3,-1
40,18,-19,67,43,101,-3,-1
40,18,-20,66,43,102,-3,-1
40,18,-20,67,42,101,-4,-1
40,18,-18,68,41,100,-6,-1
40,18,-17,69,41,99,-6,-1
40,18,-16,69,41,100,-6,-1
40,18,-16,69,40,101,-6,-1
40,18,-17,69,40,102,-6,-1
40,18,-17,70,40,103,-4,-1
40,18,-18,71,40,104,-6,-1
40,18,-19,72,40,104,-7,-1
40,18,-19,70,40,105,-6,-1
40,18,-19,68,40,105,-4,-1
40,18,-19,67,40,105,-4,-1
40,18,-19,67,40,105,-3,-1
39,17,-19,67,40,105,-3,-1
37,16,-19,68,40,104,-8,-2
36,16,-18,68,40,103,-8,-3
35,15,-16,69,40,103,-9,-3
35,14,-16,69,40,104,-9,-4
35,13,-18,69,40,104,-9,-4
35,13,-20,68,40,104,-9,-6
35,13,-21,67,40,102,-9,-4
35,14,-21,67,40,100,-9,-4
35,15,-20,67,39,99,-9,-3
35,15,-20,68,39,100,-9,-3
36,16,-20,69,40,102,-8,-3
36,15,-21,70,40,104,-8,-3
36,15,-21,69,42,104,-9,-3
36,15,-20,68,42,104,-8,-3
36,16,-20,66,41,101,-7,-3
36,18,-20,66,40,100,-7,-1
36,19,-21,66,40,100,-7,0
36,20,-21,66,41,99,-6,1
37,20,-20,66,42,100,-6,1
37,21,-19,67,41,100,-7,1
38,21,-18,68,40,101,-7,2
39,23,-17,69,39,102,-6,3
39,25,-16,69,40,101,-6,6
39,28,-16,69,41,100,-6,7
39,28,-17,69,42,100,-6,8
39,29,-17,69,41,100,-6,8
40,30,-16,69,40,100,-4,9
42,30,-17,69,40,100,-3,9
43,31,-17,69,41,100,-2,10
43,32,-16,69,43,100,-3,12
42,34,-15,70,44,100,-3,15
42,36,-14,72,44,100,-3,18
43,38,-13,72,43,100,-2,19
45,38,-13,73,43,100,-1,19
46,38,-13,73,42,100,0,19
46,39,-13,73,42,100,0,19
46,40,-13,72,42,100,0,21
46,43,-13,72,41,100,-1,23
46,44,-13,73,40,100,0,25
46,45,-14,74,39,100,-2,25
46,45,-15,75,39,100,-2,23
46,45,-16,75,39,100,-2,23
46,44,-15,75,40,100,-2,23
46,44,-14,76,41,100,-2,23
47,44,-13,77,42,101,-2,25
46,45,-13,77,41,101,-2,25
46,46,-13,78,41,101,-4,24
45,47,-13,78,41,101,-6,25
45,47,-13,79,42,101,-6,25
45,47,-12,80,41,101,-6,25
44,48,-12,80,40,101,-6,26
44,49,-13,79,40,102,-6,26
44,49,-14,79,40,104,-6,26
45,48,-14,79,40,105,-4,26
46,46,-14,79,39,105,-4,24
45,44,-14,78,40,104,-6,23
44,43,-15,77,42,102,-6,21
43,42,-16,76,43,101,-6,20
43,41,-17,76,44,101,-7,19
43,39,-16,76,43,101,-4,18
43,36,-16,76,42,102,-6,15
42,34,-15,75,41,103,-6,13
41,32,-16,74,42,103,-7,10
40,30,-18,73,42,101,-7,9
40,28,-19,72,41,100,-7,8
41,25,-19,72,39,100,-7,4
41,23,-18,71,39,101,-4,3
41,20,-17,70,41,101,-4,1
40,18,-17,70,44,102,-6,-1
39,16,-19,70,45,102,-6,-3
39,14,-21,68,43,101,-6,-4
38,11,-21,68,42,101,-7,-7
37,9,-21,67,42,100,-7,-9
37,7,-20,66,43,100,-6,-10
37,5,-20,66,43,100,-6,-13
37,4,-21,67,42,100,-8,-13
35,4,-22,69,40,100,-9,-15
33,3,-23,69,40,100,-13,-17
31,2,-23,69,41,100,-13,-18
31,0,-22,68,41,100,-13,-20
32,-1,-22,68,42,100,-12,-21
33,-2,-23,69,43,100,-10,-23
33,-3,-24,70,44,100,-13,-23
32,-3,-24,70,44,100,-14,-23
31,-4,-24,70,43,100,-15,-24
31,-3,-23,69,42,100,-15,-24
32,-3,-23,69,42,100,-12,-23
33,-2,-22,68,42,100,-10,-23
34,-2,-21,68,43,100,-10,-20
33,-2,-21,67,42,100,-10,-20
33,-1,-20,66,40,100,-8,-19
33,0,-20,66,40,100,-9,-17
32,2,-21,66,41,100,-9,-15
32,3,-20,66,43,100,-9,-14
32,2,-19,67,43,100,-12,-15
32,2,-18,68,43,100,-12,-15
32,2,-17,69,42,100,-12,-15
32,3,-16,69,42,100,-13,-14
32,6,-16,69,43,100,-12,-12
33,8,-17,69,43,100,-10,-10
34,9,-17,69,43,100,-10,-9
34,9,-17,69,43,100,-10,-9
33,10,-16,69,44,100,-10,-8
33,12,-17,69,45,100,-10,-6
35,15,-17,69,45,99,-9,-3
36,16,-17,69,45,100,-8,-3
36,15,-17,69,44,100,-8,-3
36,15,-17,69,43,100,-9,-3
35,17,-17,69,43,100,-9,-2
35,19,-17,69,42,100,-9,0
36,21,-17,69,42,100,-8,2
37,22,-16,69,42,100,-7,2
38,22,-16,69,43,100,-7,2
37,22,-16,69,43,100,-8,2
37,23,-17,69,44,100,-8,3
37,25,-17,69,45,100,-8,6
38,27,-16,69,45,100,-7,7
39,29,-16,70,44,100,-6,8
40,31,-15,71,44,100,-6,13
41,33,-14,71,44,100,-4,14
41,35,-14,72,45,100,-4,17
40,36,-13,72,45,100,-4,17
40,37,-13,72,45,100,-6,18
40,39,-13,72,44,100,-4,20
43,42,-13,73,43,100,-3,23
45,44,-13,73,43,100,-1,25
46,46,-13,72,43,100,0,26
45,48,-13,72,44,100,-1,28
44,49,-13,72,45,100,-2,29
44,49,-13,73,45,100,-2,29
45,50,-14,73,44,100,-3,30
47,50,-14,74,44,100,-2,30
49,51,-13,75,44,100,0,31
50,52,-12,77,45,100,1,31
50,52,-12,78,44,100,-1,32
50,52,-11,78,44,100,-1,31
48,51,-10,77,44,100,0,31
48,51,-10,76,44,100,-1,31
48,52,-10,76,44,100,-1,31
49,51,-11,76,44,100,0,31
49,50,-12,76,44,100,0,30
49,47,-11,77,44,100,0,28
48,45,-11,77,44,100,-1,25
47,45,-11,76,44,100,-2,25
46,45,-11,75,44,100,-2,25
46,44,-11,74,44,100,0,25
46,43,-11,74,44,100,0,24
46,40,-11,74,44,100,0,21
45,39,-12,74,44,100,-1,19
43,37,-13,73,44,100,-2,18
43,35,-13,72,44,100,-3,17
43,33,-13,72,44,100,-3,14
43,31,-13,73,44,100,-2,13
43,31,-13,73,44,100,-2,13
43,31,-13,72,44,100,-2,13
43,32,-13,72,44,100,-2,13
43,32,-13,72,44,100,-2,13
43,31,-13,73,44,100,-2,13
41,30,-14,74,44,100,-6,12
40,30,-14,74,44,100,-7,12
41,30,-14,74,44,100,-7,12
42,30,-14,74,44,100,-6,12
42,31,-14,74,44,100,-6,12
40,31,-15,74,44,100,-8,10
37,32,-16,75,44,100,-10,10
36,32,-16,76,44,100,-10,12
38,34,-16,76,44,100,-9,13
39,35,-16,76,44,100,-8,14
39,35,-16,76,44,100,-8,14
38,34,-16,76,44,100,-9,13
37,33,-16,76,44,100,-10,12
36,32,-16,76,44,100,-13,12
36,33,-16,76,44,100,-10,12
36,33,-16,76,44,100,-10,13
37,33,-16,76,44,100,-10,12
38,32,-16,76,44,100,-9,10
38,30,-16,76,44,100,-10,9
38,28,-16,76,44,100,-9,8
36,27,-17,75,44,100,-10,7
36,25,-19,74,44,100,-12,4
35,22,-20,73,44,100,-12,2
35,20,-20,72,44,100,-12,0
35,17,-20,73,44,100,-12,-2
34,14,-20,73,44,100,-13,-4
34,12,-20,73,44,100,-13,-6
33,10,-20,73,44,100,-13,-8
34,9,-20,73,44,100,-13,-9
33,7,-20,73,44,100,-13,-12
33,4,-20,73,44,100,-13,-14
32,2,-19,73,44,100,-14,-15
32,2,-20,73,44,100,-14,-15
32,2,-21,72,44,100,-14,-18
31,1,-22,71,44,100,-15,-18
29,0,-22,71,44,100,-17,-19
28,0,-21,72,44,100,-18,-20
28,0,-20,72,44,100,-18,-18
29,0,-21,72,44,100,-17,-19
31,1,-21,72,44,100,-15,-18
32,2,-21,72,44,100,-14,-18
32,3,-20,72,44,100,-14,-14
31,5,-20,73,44,100,-15,-13
31,7,-20,73,44,100,-15,-10
32,9,-20,73,44,100,-14,-9
32,11,-20,73,44,100,-14,-7
32,13,-20,73,44,100,-14,-6
32,15,-20,73,44,100,-14,-6
33,17,-20,73,44,100,-14,-3
33,19,-20,73,44,100,-14,-2
33,21,-19,74,44,100,-14,1
33,23,-17,75,44,100,-14,3
33,25,-16,76,44,100,-13,4
35,26,-17,78,44,100,-14,6
35,27,-19,79,44,100,-14,4
35,26,-20,80,44,98,-17,3
35,26,-20,80,44,96,-17,3
35,26,-19,79,44,95,-14,3
35,26,-18,79,44,95,-14,3
35,26,-19,79,44,96,-14,3
35,26,-19,79,44,97,-17,3
35,26,-19,79,44,98,-14,3
35,27,-18,79,44,99,-14,4
35,26,-17,78,44,99,-14,6
36,25,-18,78,44,98,-13,4
35,22,-20,78,44,96,-14,0
35,20,-22,78,44,95,-14,-1
33,20,-24,77,44,96,-15,-2
33,20,-23,76,44,96,-15,-2
33,20,-22,75,44,97,-15,-2
33,18,-21,74,45,97,-14,-3
32,15,-21,74,45,98,-14,-6
31,13,-21,75,44,98,-17,-8
32,12,-22,75,44,97,-17,-8
32,12,-22,75,44,97,-17,-8
33,11,-22,76,45,96,-15,-9
32,10,-23,76,46,96,-17,-10
31,8,-23,76,46,95,-18,-13
30,7,-22,76,45,94,-19,-13
30,6,-22,75,44,95,-19,-14
31,5,-22,76,44,95,-18,-15
31,3,-22,75,45,95,-18,-17
29,0,-22,73,46,95,-17,-19
28,0,-23,71,46,94,-18,-20
28,0,-23,70,44,95,-18,-20
28,0,-23,70,44,95,-18,-19
28,0,-22,71,44,95,-18,-19
29,0,-22,71,46,94,-17,-20
28,-1,-23,70,46,94,-18,-21
28,-2,-24,69,46,94,-18,-23
28,-2,-24,70,45,95,-18,-23
28,-2,-23,70,44,95,-18,-21
29,-2,-23,70,44,95,-17,-23
29,-3,-24,69,44,95,-17,-23
27,-4,-24,69,44,95,-19,-24
25,-4,-24,70,44,95,-20,-24
24,-3,-22,71,44,95,-21,-23
26,-3,-20,70,44,95,-18,-21
29,-3,-19,69,44,95,-14,-20
30,-2,-20,69,45,95,-14,-20
29,-1,-21,70,46,94,-14,-21
28,0,-21,71,46,95,-18,-20
28,0,-20,71,46,95,-18,-18
28,0,-19,70,46,94,-15,-18
29,0,-18,70,46,93,-14,-17
31,3,-19,72,47,91,-15,-15
31,5,-19,72,49,91,-15,-13
30,6,-19,72,49,93,-15,-12
30,7,-19,72,47,94,-17,-12
30,8,-19,72,46,95,-17,-9
31,10,-19,73,46,95,-15,-8
32,13,-20,73,47,94,-14,-8
33,14,-20,73,49,94,-14,-7
33,16,-20,73,49,94,-13,-2
34,18,-20,73,48,95,-13,-1
35,21,-19,74,46,95,-12,1
36,21,-19,75,45,95,-13,1
37,22,-19,76,46,94,-12,0
36,23,-19,78,46,93,-13,1
36,25,-19,79,47,93,-13,2
36,27,-19,80,47,93,-15,4
37,28,-19,80,47,93,-14,6
39,28,-20,80,47,93,-13,6
41,29,-20,80,47,93,-10,7
42,30,-20,80,48,93,-9,7
43,32,-19,80,49,93,-9,9
42,34,-20,80,48,93,-10,10
41,36,-20,80,46,93,-10,12
40,36,-20,80,44,94,-12,13
40,36,-20,80,44,94,-12,12
41,35,-20,80,44,93,-12,12
41,36,-20,80,44,93,-10,12
42,36,-20,80,44,92,-10,13
42,37,-20,80,44,92,-9,13
42,36,-20,80,44,91,-10,13
41,35,-20,80,44,90,-10,12
41,34,-20,80,44,91,-10,10
42,34,-20,80,44,92,-10,10
41,34,-20,80,44,93,-10,10
41,36,-20,80,44,94,-10,12
41,36,-20,80,44,93,-12,13
41,36,-19,79,44,92,-8,12
42,34,-17,77,44,91,-8,13
42,34,-16,76,44,92,-6,13
41,34,-16,76,44,93,-6,13
41,35,-16,76,44,94,-7,14
41,36,-16,76,44,93,-7,14
42,36,-16,76,44,92,-6,14
42,37,-16,76,44,90,-6,15
42,38,-16,76,44,89,-8,17
42,40,-16,76,44,90,-6,19
42,42,-15,75,46,91,-6,20
43,43,-15,75,46,93,-4,21
45,45,-16,75,46,94,-3,24
45,47,-16,76,45,94,-3,25
44,49,-15,77,44,93,-6,26
44,51,-14,79,44,92,-6,29
45,53,-13,79,44,92,-6,30
46,55,-13,79,44,92,-4,32
47,58,-12,79,44,91,-3,35
47,61,-12,80,44,90,-4,40
46,63,-10,82,45,90,-4,42
46,65,-9,83,46,90,-6,43
46,67,-9,83,45,90,-4,46
47,69,-9,83,44,90,-3,47
48,72,-9,83,43,90,-3,51
49,76,-9,83,44,90,-2,53
49,79,-9,82,45,90,-2,56
50,81,-9,83,46,90,-2,58
50,83,-8,83,45,90,-2,59
50,85,-6,85,44,90,-3,62
51,87,-5,86,44,90,-2,64
53,89,-5,86,44,90,-1,65
54,89,-5,86,44,90,0,65
54,89,-5,86,44,90,0,65
54,89,-5,86,44,90,0,65
54,90,-5,86,44,90,-1,67
54,91,-5,86,44,90,0,68
56,93,-6,86,44,90,1,69
57,94,-5,86,44,90,1,70
57,94,-4,85,45,90,2,73
57,93,-3,83,46,90,4,72
57,93,-2,83,45,90,4,72
58,92,-2,82,45,91,4,70
58,92,-2,82,44,92,6,70
59,92,-2,83,44,92,6,70
58,91,-3,83,44,92,4,70
57,90,-3,83,44,92,4,68
57,87,-3,83,44,92,4,67
57,85,-3,83,44,93,3,64
57,84,-2,83,44,92,3,64
56,83,-3,83,44,92,3,62
56,80,-5,84,44,93,3,58
54,79,-8,83,44,93,2,56
54,77,-8,82,44,93,1,54
53,75,-8,81,44,93,1,53
53,73,-8,81,44,93,1,51
52,70,-7,81,44,94,0,48
51,65,-7,81,44,95,0,43
50,62,-7,80,44,95,-1,41
49,60,-9,81,44,95,-2,39
48,57,-11,80,44,95,-3,36
46,54,-12,79,44,95,-4,34
46,50,-12,78,44,94,-4,30
46,46,-12,78,44,93,-4,26
46,43,-12,79,44,93,-4,23
46,39,-13,80,44,93,-4,18
44,37,-13,79,44,95,-6,17
42,36,-12,79,44,95,-8,17
40,36,-11,78,44,95,-9,17
39,35,-12,78,44,94,-10,15
39,32,-13,78,45,93,-10,12
38,30,-15,77,46,93,-10,9
39,29,-16,76,46,92,-10,8
39,28,-17,76,46,91,-8,8
39,28,-16,76,46,92,-8,8
39,29,-16,76,46,93,-8,8
38,30,-16,76,47,94,-10,9
37,32,-16,76,48,93,-10,10
36,33,-16,76,49,93,-10,12
36,33,-16,76,49,93,-10,12
37,32,-16,76,49,94,-10,12
36,33,-16,76,49,94,-10,12
36,35,-16,76,49,93,-12,13
35,36,-16,76,49,93,-12,14
34,37,-16,76,49,93,-13,15
34,36,-16,76,49,92,-13,15
35,36,-16,76,49,91,-12,14
35,36,-16,76,49,90,-12,15
34,36,-16,76,49,91,-13,15
33,35,-16,76,49,93,-13,14
33,32,-17,77,49,93,-17,12
32,31,-18,78,49,93,-17,9
33,30,-18,79,49,92,-17,9
33,29,-18,78,49,90,-15,9
33,27,-18,76,49,90,-17,7
32,23,-20,75,49,90,-17,1
29,19,-21,76,49,90,-19,-2
28,15,-22,77,49,90,-20,-6
28,11,-22,78,49,90,-23,-9
28,7,-23,77,49,90,-20,-13
28,3,-23,76,49,90,-20,-17
27,0,-24,75,49,90,-20,-20
26,-3,-26,74,49,90,-21,-25
24,-5,-27,74,49,90,-23,-28
23,-8,-27,73,49,90,-24,-30
22,-11,-27,73,49,90,-25,-32
22,-15,-27,73,49,90,-25,-36
21,-19,-26,74,49,90,-25,-40
20,-21,-27,73,49,90,-26,-42
18,-23,-28,72,49,90,-29,-43
17,-25,-29,71,49,90,-28,-46
17,-27,-30,70,49,90,-28,-47
17,-29,-30,70,49,90,-28,-50
16,-30,-30,70,49,90,-28,-50
16,-30,-30,70,50,89,-28,-50
16,-29,-30,70,50,89,-28,-50
16,-28,-30,70,50,89,-28,-48
16,-26,-29,71,49,90,-29,-46
15,-25,-28,72,50,89,-31,-45
15,-22,-28,72,52,90,-31,-43
16,-21,-28,72,54,90,-30,-41
18,-18,-28,72,54,89,-29,-39
19,-14,-27,73,54,88,-28,-36
20,-10,-27,73,54,86,-28,-32
21,-6,-27,73,53,85,-26,-29
22,-3,-26,74,54,84,-25,-25
25,0,-24,75,53,84,-23,-20
26,4,-23,77,53,84,-21,-17
28,9,-23,77,53,84,-20,-12
30,13,-23,76,54,85,-19,-7
31,17,-23,76,55,85,-18,-3
32,20,-22,77,55,84,-17,-1
34,24,-21,79,55,83,-17,2
36,28,-20,80,55,81,-15,6
37,33,-20,80,56,79,-14,9
38,37,-19,80,58,79,-14,14
39,42,-18,81,58,79,-13,18
39,45,-17,82,58,79,-13,21
41,48,-16,83,58,79,-12,26
41,51,-15,83,58,79,-10,29
42,53,-16,83,58,79,-10,30
41,54,-16,83,58,79,-12,31
41,57,-16,83,58,79,-12,34
42,59,-15,84,58,79,-10,35
45,61,-13,86,58,79,-10,37
46,62,-12,86,58,79,-8,39
47,62,-12,86,58,79,-8,39
46,61,-11,86,58,79,-7,39
46,61,-11,85,58,79,-7,39
46,62,-11,85,58,79,-7,39
46,61,-12,86,58,79,-7,37
46,59,-12,86,58,79,-9,36
45,57,-12,86,58,79,-9,34
46,56,-12,86,58,79,-9,32
45,55,-12,86,58,78,-9,32
45,55,-12,86,58,78,-10,32
44,53,-13,86,58,78,-10,30
43,50,-15,84,58,78,-9,28
42,48,-16,83,58,78,-10,26
41,46,-16,83,58,78,-10,24
41,45,-16,83,58,78,-12,23
41,44,-15,83,58,78,-10,21
42,42,-16,83,58,78,-10,20
43,40,-17,82,58,78,-9,17
41,37,-18,81,58,78,-10,14
39,35,-19,80,58,79,-13,12
38,33,-20,79,58,79,-14,9
37,32,-20,80,58,79,-14,9
38,30,-19,80,58,79,-14,7
38,28,-19,80,58,79,-14,6
37,25,-20,80,58,79,-14,3
37,23,-21,79,58,79,-14,1
37,23,-22,77,58,79,-12,1
37,21,-23,77,58,79,-12,0
37,20,-23,76,58,79,-12,-1
36,18,-23,76,58,79,-13,-3
36,16,-23,77,58,79,-13,-4
36,15,-23,77,57,79,-13,-6
36,15,-23,76,57,79,-13,-6
36,14,-23,76,56,79,-13,-7
37,14,-23,77,57,79,-12,-7
36,14,-23,77,58,79,-13,-7
36,15,-23,76,58,79,-13,-6
36,15,-23,76,58,79,-13,-6
37,16,-23,77,57,79,-12,-4
38,18,-22,77,56,79,-12,-3
38,21,-21,79,57,79,-13,-1
38,24,-19,80,56,79,-13,2
39,27,-19,80,55,79,-13,4
39,30,-20,80,53,79,-12,7
40,34,-19,80,53,79,-12,10
41,38,-19,80,53,79,-10,14
42,42,-17,82,53,79,-9,18
43,46,-16,83,53,79,-9,24
45,51,-14,84,53,79,-8,29
46,56,-13,85,53,79,-7,32
46,61,-12,86,53,79,-9,39
46,67,-12,86,53,79,-9,43
46,72,-11,88,53,79,-9,47
46,75,-10,89,53,80,-9,51
48,78,-9,90,53,80,-8,56
49,81,-8,90,53,79,-7,58
50,85,-7,90,53,79,-6,62
50,88,-8,91,53,80,-6,65
51,91,-8,92,53,81,-7,65
51,93,-8,92,53,83,-7,67
52,93,-7,93,53,84,-7,69
52,93,-7,94,53,85,-7,69
51,93,-8,95,53,85,-7,67
50,93,-10,94,53,85,-8,67
49,90,-12,94,53,84,-9,64
48,87,-12,93,53,83,-9,62
47,83,-12,93,54,83,-10,58
47,78,-13,92,53,83,-10,53
47,74,-14,91,53,84,-10,47
45,69,-16,90,53,85,-12,42
43,64,-17,89,54,85,-14,37
41,57,-18,88,54,84,-15,31
39,48,-19,87,53,84,-15,24
38,40,-20,86,52,84,-17,15
36,32,-22,85,50,84,-18,7
35,26,-24,83,49,85,-18,2
34,19,-24,80,48,85,-17,-4
33,10,-25,77,48,85,-15,-13
31,1,-26,74,49,85,-18,-20
28,-6,-29,73,49,85,-20,-28
25,-12,-31,73,49,85,-23,-36
23,-20,-32,73,48,85,-24,-43
21,-28,-33,72,48,85,-26,-51
18,-38,-33,70,48,85,-28,-59
16,-45,-33,68,48,85,-28,-67
14,-50,-34,67,48,85,-30,-70
14,-54,-35,66,48,85,-30,-74
12,-58,-35,66,48,85,-31,-79
11,-63,-35,65,48,85,-32,-83
10,-66,-36,65,48,85,-34,-85
8,-68,-37,64,48,85,-35,-87
8,-69,-38,64,48,83,-32,-89
8,-69,-38,64,48,82,-32,-87
9,-68,-36,64,48,82,-31,-87
9,-66,-34,65,48,83,-31,-85
9,-64,-32,65,48,84,-31,-81
9,-61,-32,65,48,85,-31,-79
10,-57,-32,65,48,83,-31,-75
11,-54,-32,66,48,82,-32,-72
13,-49,-31,68,48,80,-31,-68
14,-43,-29,69,48,79,-30,-62
15,-36,-28,70,48,80,-29,-56
16,-28,-27,71,48,80,-28,-48
17,-19,-26,72,48,80,-28,-37
20,-11,-25,73,48,80,-28,-30
22,-3,-24,75,48,80,-25,-23
25,5,-22,78,48,80,-23,-14
27,14,-21,79,48,80,-23,-7
30,23,-20,80,48,80,-21,1
32,31,-18,81,48,80,-19,8
33,38,-17,82,48,80,-18,14
35,47,-15,84,48,80,-17,25
38,57,-13,85,48,80,-14,34
41,65,-12,86,48,80,-13,41
44,72,-11,87,48,80,-10,47
46,77,-10,89,48,80,-9,52
49,82,-9,90,48,80,-7,59
51,87,-8,90,48,80,-4,64
52,92,-9,89,48,80,-3,65
52,96,-8,90,48,80,-4,72
52,98,-7,91,48,80,-4,74
53,100,-6,92,48,80,-3,75
54,101,-6,92,48,80,-2,76
55,101,-7,91,48,80,-2,76
55,101,-8,90,48,81,-2,76
54,99,-9,90,48,82,-2,73
54,97,-9,90,48,81,-2,70
52,92,-9,90,48,80,-3,67
50,86,-9,89,48,80,-6,63
48,80,-9,87,48,80,-8,57
46,75,-9,87,48,80,-7,52
45,69,-10,86,48,80,-8,45
44,62,-12,84,48,80,-9,39
43,54,-14,83,48,81,-9,31
41,45,-15,82,48,82,-10,23
39,36,-16,80,49,81,-10,15
38,28,-17,80,48,82,-14,7
36,19,-18,79,48,83,-13,-2
33,10,-21,78,49,85,-15,-10
31,1,-23,77,49,85,-17,-18
28,-7,-25,75,49,85,-19,-29
25,-17,-27,73,48,85,-21,-37
22,-26,-28,72,47,85,-25,-46
20,-33,-29,71,47,85,-24,-53
18,-40,-30,71,47,85,-26,-59
16,-46,-30,71,47,85,-28,-65
14,-53,-31,70,45,85,-29,-72
14,-60,-32,68,44,85,-30,-78
13,-66,-34,67,43,85,-30,-85
12,-71,-35,66,44,85,-31,-90
10,-73,-36,66,45,85,-32,-92
8,-75,-38,68,45,85,-37,-93
6,-77,-39,68,45,85,-39,-97
4,-78,-41,68,46,85,-40,-98
3,-79,-42,67,47,85,-41,-100
3,-78,-41,67,48,83,-39,-98
4,-77,-39,67,49,81,-39,-97
5,-75,-37,68,48,80,-40,-93
5,-72,-36,69,48,80,-40,-91
6,-68,-36,69,48,80,-39,-87
6,-65,-36,69,48,79,-39,-84
6,-60,-34,69,48,79,-36,-80
7,-56,-32,70,48,78,-39,-76
8,-51,-31,71,48,79,-37,-69
8,-46,-31,72,48,79,-37,-64
9,-41,-32,72,48,79,-36,-63
11,-37,-32,74,48,77,-35,-58
13,-32,-31,76,49,75,-35,-54
15,-25,-30,77,50,74,-34,-48
15,-18,-30,77,50,75,-34,-42
15,-12,-30,77,50,75,-34,-36
17,-8,-30,77,50,75,-32,-32
18,-5,-29,78,51,75,-31,-28
20,-3,-28,79,53,75,-29,-25
21,0,-27,80,53,75,-30,-23
22,3,-26,80,53,75,-28,-19
23,6,-25,79,53,75,-28,-17
23,8,-24,78,53,75,-26,-14
23,8,-24,78,53,73,-26,-14
23,8,-25,79,53,71,-26,-14
23,8,-26,80,52,70,-26,-14
24,6,-27,81,52,69,-28,-17
24,4,-26,80,52,70,-29,-18
23,2,-25,79,52,70,-28,-20
22,0,-24,77,52,70,-28,-21
22,-2,-24,77,52,70,-25,-21
21,-5,-24,78,52,70,-28,-25
21,-8,-24,78,52,70,-29,-30
20,-12,-24,78,52,70,-30,-34
19,-15,-25,76,52,70,-28,-36
18,-18,-26,74,52,70,-29,-40
18,-22,-27,73,52,70,-29,-42
17,-25,-27,73,52,70,-30,-46
15,-28,-27,74,52,70,-31,-48
14,-30,-27,73,52,70,-32,-51
13,-32,-28,72,52,70,-34,-52
14,-33,-29,72,52,70,-32,-53
15,-34,-29,71,52,70,-29,-53
16,-35,-29,71,52,70,-28,-54
16,-36,-30,71,52,70,-28,-56
15,-36,-31,71,52,70,-31,-56
15,-35,-31,73,52,70,-31,-57
15,-32,-30,74,52,70,-31,-52
17,-28,-28,75,52,70,-30,-48
18,-24,-28,75,52,70,-29,-45
20,-20,-28,75,52,70,-28,-41
21,-15,-28,76,52,70,-29,-37
22,-9,-27,78,52,70,-28,-31
24,-2,-26,80,52,70,-26,-25
26,4,-25,82,53,70,-26,-18
27,10,-24,83,53,70,-25,-12
29,17,-22,84,53,70,-24,-6
31,24,-20,86,52,69,-23,1
32,31,-19,87,52,68,-21,8
34,37,-18,88,53,67,-21,13
36,44,-17,89,54,66,-20,19
37,50,-15,90,56,65,-19,25
39,57,-14,91,57,65,-18,31
41,65,-13,92,57,65,-17,41
43,71,-12,93,57,65,-14,47
45,76,-10,94,57,65,-13,51
47,79,-9,96,57,65,-13,54
49,80,-8,96,57,65,-12,56
49,82,-8,97,57,65,-10,57
49,84,-8,97,57,65,-10,59
48,86,-8,97,57,65,-12,61
47,85,-8,97,57,65,-13,59
47,83,-9,96,57,65,-13,58
48,80,-9,96,57,65,-12,54
49,76,-10,95,57,65,-10,51
48,72,-10,95,57,65,-12,47
45,66,-12,95,57,65,-14,42
43,60,-13,95,57,65,-17,35
41,53,-15,94,57,65,-18,28
41,45,-17,94,57,65,-18,21
40,37,-19,93,57,65,-19,10
38,28,-22,91,57,65,-20,3
36,19,-24,90,57,65,-23,-4
33,10,-25,88,57,65,-21,-13
31,1,-26,87,57,65,-24,-23
28,-7,-27,86,57,65,-26,-31
25,-15,-28,85,57,65,-29,-39
21,-24,-29,84,57,65,-32,-47
19,-32,-31,83,57,65,-31,-54
18,-40,-32,82,57,65,-32,-62
16,-46,-33,81,57,65,-34,-68
14,-52,-34,79,57,65,-36,-75
12,-57,-36,78,57,65,-39,-79
10,-62,-37,77,57,65,-40,-84
9,-66,-37,77,57,65,-40,-87
8,-69,-37,77,57,65,-41,-90
8,-69,-37,77,57,65,-42,-91
7,-69,-37,77,57,65,-42,-91
7,-69,-37,77,57,65,-42,-90
7,-68,-37,77,57,63,-42,-90
6,-66,-37,77,57,61,-43,-87
4,-64,-37,77,57,60,-46,-85
3,-60,-37,77,58,59,-46,-81
5,-55,-37,77,60,59,-45,-78
6,-51,-36,78,61,60,-43,-74
7,-46,-34,79,62,60,-42,-69
7,-41,-34,80,62,59,-42,-62
9,-34,-33,81,61,58,-41,-56
10,-27,-32,81,61,56,-40,-50
12,-20,-30,82,61,54,-39,-43
14,-14,-28,83,63,54,-37,-37
15,-7,-26,83,64,54,-36,-29
18,0,-25,83,65,55,-34,-23
21,5,-23,83,65,54,-31,-18
25,11,-22,84,65,53,-26,-12
29,17,-20,86,66,51,-24,-4
31,24,-18,88,66,51,-24,1
32,30,-17,89,66,51,-23,7
34,37,-15,90,66,51,-21,14
35,44,-14,91,66,50,-20,20
38,50,-13,92,66,49,-19,28
40,56,-12,93,66,49,-17,32
42,61,-11,93,66,49,-14,37
44,66,-10,94,66,50,-13,42
44,71,-9,96,66,50,-15,47
45,76,-8,96,66,49,-15,52
46,80,-8,96,66,49,-14,56
47,83,-8,97,67,49,-13,58
49,86,-7,97,68,49,-12,61
50,89,-6,99,68,49,-9,63
51,91,-5,100,69,49,-9,68
51,93,-4,100,68,49,-9,69
52,93,-5,100,68,49,-9,69
52,93,-6,101,67,49,-10,67
53,94,-6,101,66,49,-10,68
53,94,-5,101,66,49,-10,68
53,94,-5,101,66,50,-8,70
53,92,-5,100,66,50,-8,68
53,91,-6,99,66,50,-7,64
54,89,-7,97,66,49,-7,63
54,87,-8,97,66,49,-7,62
53,85,-9,96,66,50,-8,59
52,83,-8,96,68,51,-8,58
52,80,-8,97,68,53,-8,54
52,77,-8,97,68,53,-8,52
52,73,-8,97,67,53,-8,48
52,71,-8,97,66,52,-8,46
51,68,-8,96,66,51,-8,43
51,66,-9,96,66,51,-9,42
51,65,-10,95,67,52,-8,41
52,64,-9,96,68,53,-8,41
52,65,-8,96,68,54,-8,41
50,66,-8,97,68,54,-9,42
50,68,-8,97,67,53,-10,43
50,69,-8,96,66,53,-9,45
51,72,-8,96,66,53,-9,48
52,76,-8,97,66,52,-8,52
52,80,-7,97,67,50,-8,56
53,85,-6,99,67,50,-8,59
53,89,-4,100,68,51,-7,65
54,93,-4,100,68,53,-7,69
54,96,-5,100,67,54,-7,72
54,100,-5,101,67,53,-7,73
53,104,-5,102,68,51,-10,76
53,107,-4,104,69,50,-10,80
53,110,-3,106,70,52,-13,83
53,111,-3,107,71,54,-13,84
53,111,-4,107,71,54,-13,83
52,109,-6,106,71,54,-13,81
50,106,-7,104,71,54,-15,79
47,101,-8,104,71,54,-15,74
45,95,-9,102,72,54,-17,69
42,86,-11,101,71,54,-19,58
39,76,-12,99,70,54,-21,50
36,65,-14,97,67,54,-25,39
32,54,-16,96,66,54,-25,29
30,40,-19,96,66,54,-30,14
27,26,-23,94,68,54,-32,1
23,10,-26,92,68,55,-34,-15
20,-6,-29,88,68,56,-36,-31
16,-23,-32,85,67,56,-37,-46
12,-39,-35,83,66,55,-41,-63
8,-55,-38,81,66,55,-43,-78
5,-71,-41,80,66,55,-47,-95
1,-86,-44,78,67,56,-50,-108
-2,-100,-46,75,67,56,-51,-122
-5,-113,-48,72,66,55,-53,-135
-8,-124,-50,69,66,54,-53,-146
-10,-135,-51,67,66,54,-54,-156
-11,-144,-52,65,66,54,-54,-163
-13,-151,-52,64,66,54,-56,-169
-15,-156,-52,64,66,54,-57,-174
-17,-158,-54,64,66,54,-59,-177
-18,-158,-55,64,66,54,-61,-177
-19,-156,-55,63,66,53,-62,-174
-20,-153,-54,62,66,52,-62,-172
-19,-148,-53,63,66,51,-61,-167
-18,-140,-52,65,66,50,-61,-161
-17,-132,-51,67,66,50,-62,-152
-15,-122,-50,68,67,49,-61,-144
-14,-111,-47,68,68,49,-59,-131
-13,-98,-45,70,69,49,-58,-119
-10,-86,-43,72,70,49,-56,-108
-6,-74,-41,73,71,50,-53,-95
-3,-60,-40,75,71,49,-50,-83
0,-46,-38,76,71,48,-50,-69
3,-33,-36,78,71,46,-47,-58
5,-21,-33,80,70,44,-45,-43
8,-10,-31,83,70,44,-42,-34
10,0,-28,85,71,44,-42,-24
13,11,-25,87,70,44,-40,-12
17,21,-24,89,70,44,-37,-3
20,29,-22,90,70,44,-36,4
23,36,-22,90,70,44,-34,10
26,42,-21,91,70,44,-31,15
28,47,-20,92,70,44,-29,20
30,50,-19,93,70,44,-28,23
31,52,-18,94,70,44,-26,25
31,52,-18,93,70,44,-28,25
31,52,-19,93,70,44,-28,25
32,51,-19,93,70,44,-26,24
32,50,-19,93,71,44,-26,23
32,46,-18,93,70,44,-25,20
33,42,-18,93,70,44,-25,15
33,37,-19,93,71,46,-24,10
33,31,-20,93,71,48,-24,6
32,25,-21,91,71,49,-25,0
30,18,-22,90,70,50,-28,-6
28,11,-24,89,70,49,-28,-12
27,4,-25,88,69,49,-28,-18
26,-1,-26,87,69,49,-28,-26
25,-7,-27,86,68,49,-29,-31
23,-12,-28,85,68,50,-31,-36
21,-17,-29,84,68,49,-32,-41
19,-22,-30,83,68,49,-35,-46
17,-28,-31,83,69,49,-34,-51
15,-34,-32,82,69,49,-36,-57
14,-39,-33,81,68,49,-37,-61
12,-42,-33,80,67,49,-37,-63
10,-44,-33,81,66,50,-40,-65
9,-46,-33,81,66,49,-41,-67
7,-47,-33,80,66,49,-43,-68
6,-47,-35,79,66,49,-43,-70
5,-47,-36,78,66,50,-45,-70
6,-47,-36,78,66,50,-43,-70
6,-47,-35,79,66,49,-43,-70
6,-47,-33,80,66,48,-43,-69
6,-47,-33,81,66,48,-43,-68
6,-45,-33,81,66,48,-43,-67
7,-43,-33,81,66,49,-43,-64
7,-41,-33,80,66,48,-42,-62
8,-38,-33,80,66,46,-42,-61
8,-36,-33,81,66,46,-42,-58
8,-33,-32,81,66,47,-42,-56
9,-30,-31,83,66,49,-43,-53
9,-28,-30,84,66,49,-43,-51
10,-26,-29,84,66,48,-42,-48
10,-24,-29,84,66,46,-42,-47
11,-21,-30,84,66,45,-42,-45
11,-19,-30,84,65,45,-42,-42
12,-17,-30,85,65,44,-41,-40
13,-15,-30,86,65,44,-40,-39
14,-14,-28,87,65,45,-40,-37
14,-14,-27,88,65,45,-40,-37
14,-13,-26,88,65,45,-40,-37
14,-11,-27,88,65,44,-41,-36
15,-10,-28,89,65,44,-40,-34
16,-8,-28,88,65,44,-40,-32
16,-7,-27,88,65,44,-40,-32
16,-7,-26,88,65,44,-37,-31
17,-6,-25,88,65,45,-37,-29
18,-5,-25,88,65,45,-35,-28
20,-4,-25,88,65,45,-34,-26
20,-5,-25,87,65,44,-34,-28
20,-5,-26,87,65,44,-34,-30
21,-4,-26,87,65,45,-32,-29
22,-1,-26,87,66,46,-32,-26
22,0,-25,87,66,48,-32,-21
22,1,-25,88,66,47,-32,-20
23,2,-25,88,66,46,-31,-20
25,3,-25,88,66,47,-30,-19
25,5,-25,87,66,47,-30,-18
24,7,-26,87,66,47,-30,-18
24,7,-26,87,66,46,-31,-18
23,8,-26,87,66,46,-31,-17
23,10,-25,87,66,48,-31,-13
23,12,-25,88,66,49,-31,-12
23,13,-25,88,66,48,-31,-9
24,14,-24,89,66,48,-31,-9
25,14,-23,90,65,48,-32,-9
25,14,-22,90,62,49,-31,-9
25,14,-22,90,61,50,-31,-9
25,14,-23,89,61,50,-30,-8
25,15,-24,89,61,49,-30,-8
25,15,-24,89,61,48,-30,-8
25,14,-23,90,61,48,-30,-8
25,12,-22,90,61,48,-32,-10
24,10,-22,91,61,49,-32,-13
23,8,-23,90,61,50,-34,-15
22,7,-24,89,61,50,-32,-15
21,5,-25,88,61,50,-34,-18
21,3,-25,88,61,50,-34,-19
21,1,-25,89,61,50,-34,-21
21,0,-26,89,61,50,-35,-25
21,-3,-27,89,61,50,-35,-28
20,-4,-27,88,61,50,-34,-29
20,-5,-26,87,61,50,-34,-30
18,-5,-26,87,61,50,-35,-30
17,-6,-26,87,61,49,-36,-29
17,-8,-26,87,61,47,-37,-30
17,-10,-26,87,61,46,-36,-35
18,-11,-26,87,61,46,-36,-35
18,-12,-26,87,61,47,-35,-36
18,-11,-26,87,61,48,-35,-35
18,-11,-26,87,61,49,-36,-35
18,-12,-26,87,61,49,-36,-36
18,-12,-26,87,61,48,-35,-36
20,-10,-26,87,61,47,-34,-35
20,-8,-26,87,61,46,-34,-32
20,-6,-26,87,61,45,-34,-31
20,-4,-26,87,61,45,-34,-29
21,-3,-26,87,61,46,-32,-28
22,-2,-26,87,61,47,-32,-26
22,0,-26,87,61,46,-32,-25
22,2,-26,87,61,45,-32,-20
22,3,-26,87,61,45,-32,-19
23,6,-26,87,61,45,-31,-19
23,7,-26,87,61,45,-31,-18
22,10,-26,87,61,45,-31,-15
23,12,-25,87,62,45,-31,-12
24,14,-25,88,63,45,-30,-9
25,14,-25,88,62,45,-30,-8
25,15,-25,88,61,45,-30,-8
24,16,-25,87,61,45,-30,-7
25,18,-26,87,61,45,-30,-8
26,19,-26,87,61,45,-29,-7
27,20,-26,87,61,45,-28,-6
28,20,-26,87,61,45,-28,-3
27,21,-26,87,61,45,-28,-3
26,21,-26,87,61,45,-29,-4
26,21,-26,87,61,45,-29,-4
26,21,-26,87,61,45,-29,-4
26,21,-26,87,61,44,-29,-4
26,21,-26,87,61,43,-29,-4
27,21,-26,87,60,43,-28,-4
27,21,-27,88,61,43,-28,-4
27,21,-27,88,62,45,-30,-4
26,21,-28,89,64,44,-31,-6
25,20,-28,89,65,44,-31,-6
25,20,-27,88,66,43,-31,-6
25,20,-26,88,66,42,-30,-6
25,20,-25,88,65,41,-30,-3
25,21,-25,88,65,40,-30,-3
25,21,-26,89,65,39,-32,-6
25,20,-26,90,65,39,-32,-6
25,20,-24,90,65,40,-31,-3
26,20,-23,90,65,40,-31,-3
26,21,-23,90,65,40,-29,-2
26,23,-25,90,65,39,-31,-1
25,24,-26,92,65,39,-32,-2
24,25,-26,93,65,39,-35,-1
25,26,-25,94,65,39,-35,0
26,28,-24,93,65,39,-31,1
27,31,-25,93,65,39,-30,3
28,33,-25,92,65,40,-30,4
28,34,-25,93,65,39,-29,7
28,36,-24,94,65,39,-31,8
28,38,-23,96,65,39,-31,12
29,39,-22,97,65,40,-31,10
30,40,-22,98,65,40,-30,14
31,41,-22,97,65,39,-29,15
31,43,-22,97,65,38,-29,17
31,45,-22,97,65,38,-29,18
32,47,-22,97,65,39,-29,20
33,48,-22,97,65,39,-28,21
33,48,-22,97,65,38,-26,21
33,48,-22,97,65,36,-26,21
33,48,-22,97,65,35,-28,20
33,48,-22,97,65,34,-28,20
33,48,-22,97,65,35,-28,20
33,48,-22,97,65,35,-28,20
33,48,-22,97,65,35,-28,20
33,48,-22,97,65,35,-28,21
33,49,-22,97,65,35,-28,21
34,48,-22,97,65,35,-26,21
34,46,-22,97,65,35,-26,19
34,44,-22,97,65,35,-26,18
33,42,-22,97,65,35,-28,15
32,41,-22,97,65,35,-28,15
31,41,-22,97,65,35,-29,14
31,39,-22,97,65,35,-29,13
30,37,-22,97,67,35,-30,10
30,35,-22,97,68,34,-30,9
30,34,-22,97,68,34,-30,8
30,34,-22,97,67,35,-30,8
28,34,-22,97,65,35,-31,8
27,33,-22,97,64,35,-32,7
26,32,-22,97,65,35,-34,7
26,32,-22,97,67,35,-34,6
26,32,-22,97,68,35,-34,6
26,32,-22,97,69,34,-34,6
25,32,-22,97,68,33,-34,7
26,32,-22,97,67,31,-34,7
27,33,-22,97,67,30,-32,7
29,34,-22,97,67,31,-31,8
30,34,-22,97,68,32,-30,8
30,35,-21,98,69,32,-30,9
29,36,-20,99,70,34,-30,10
29,38,-19,100,70,34,-34,12
29,40,-20,99,70,34,-32,13
30,40,-19,100,70,33,-32,14
30,41,-19,100,70,32,-31,14
30,42,-18,101,70,32,-32,15
30,44,-18,101,70,32,-32,18
31,46,-18,101,70,33,-31,19
32,47,-18,100,70,34,-31,20
32,48,-18,100,70,35,-30,20
32,47,-18,100,70,34,-31,20
31,47,-18,100,70,32,-31,20
30,45,-18,101,70,31,-31,18
31,43,-18,101,69,31,-31,15
32,40,-18,100,68,32,-30,13
34,38,-19,100,68,33,-29,12
34,37,-20,99,69,33,-26,12
33,36,-21,98,69,31,-26,10
32,34,-21,98,68,30,-28,8
31,32,-21,97,67,31,-29,7
31,30,-22,97,65,33,-29,4
31,27,-22,97,65,35,-29,2
30,25,-23,97,65,36,-29,-2
29,23,-23,96,65,35,-30,-3
28,22,-24,95,65,33,-31,-4
27,21,-25,95,65,33,-32,-4
27,20,-25,94,65,33,-32,-6
28,18,-26,94,65,34,-31,-8
29,17,-26,94,65,35,-30,-8
27,17,-25,94,65,35,-32,-8
25,18,-25,94,65,35,-35,-8
22,18,-25,94,65,35,-36,-7
21,19,-26,94,65,35,-37,-7
21,20,-26,94,65,35,-37,-6
22,22,-26,94,65,35,-36,-4
23,25,-25,94,64,35,-36,-2
23,27,-25,94,63,35,-36,0
24,29,-25,94,63,35,-35,2
24,32,-26,94,65,35,-35,4
25,36,-26,94,65,35,-35,8
25,39,-25,94,65,35,-34,10
26,42,-25,95,65,35,-34,13
26,45,-24,95,64,35,-34,15
25,48,-23,96,63,36,-34,19
26,51,-23,97,63,37,-34,21
26,53,-22,97,64,36,-34,25
27,56,-22,97,64,35,-32,28
28,59,-22,97,63,35,-31,31
30,61,-22,97,63,35,-30,34
30,63,-22,97,63,35,-30,35
30,63,-22,97,64,35,-30,35
30,63,-22,98,65,35,-30,35
31,64,-22,100,65,35,-31,32
33,65,-21,101,65,35,-30,36
34,65,-19,101,65,35,-29,37
35,66,-19,100,65,34,-29,37
34,66,-20,99,65,33,-29,37
32,65,-20,101,65,33,-30,36
31,64,-21,102,65,34,-31,34
31,64,-21,102,65,34,-31,32
31,64,-21,102,65,33,-31,34
31,64,-21,101,65,32,-31,34
30,63,-22,101,65,30,-32,32
30,62,-23,101,65,29,-32,31
32,60,-24,100,65,30,-31,30
32,59,-23,99,65,30,-30,29
33,59,-21,98,65,30,-28,31
32,59,-21,98,65,30,-28,31
32,59,-20,98,65,30,-28,31
32,59,-20,100,65,30,-30,31
32,59,-21,101,65,30,-30,31
32,59,-23,101,65,30,-30,29
32,59,-25,101,65,30,-30,29
32,59,-26,101,65,30,-32,29
32,59,-25,101,65,30,-32,29
32,58,-24,102,65,30,-32,28
32,59,-23,103,64,30,-32,29
32,60,-22,103,65,28,-32,30
32,63,-22,104,66,26,-32,32
33,65,-21,104,68,25,-32,34
34,66,-21,104,69,24,-31,35
34,65,-22,104,70,25,-31,35
34,65,-21,104,69,25,-31,35
33,67,-21,104,69,25,-32,36
33,69,-22,104,69,25,-31,39
35,72,-22,104,69,25,-30,40
36,72,-21,104,69,25,-30,41
36,72,-21,105,69,25,-30,41
35,73,-19,106,69,25,-30,45
34,75,-18,108,69,25,-31,46
34,77,-19,109,70,24,-34,46
36,79,-19,109,71,23,-31,47
37,79,-19,108,71,23,-30,47
38,79,-19,108,71,24,-30,47
37,80,-19,108,71,24,-31,48
36,82,-19,109,71,23,-32,50
35,83,-19,108,72,21,-32,51
35,83,-18,108,73,20,-31,53
35,83,-18,107,74,19,-30,53
35,83,-18,107,74,19,-30,53
35,83,-18,107,74,20,-30,53
35,83,-18,108,74,20,-30,53
35,83,-18,108,74,20,-31,53
35,83,-18,107,74,19,-30,53
36,85,-18,108,74,18,-30,54
37,87,-18,108,74,18,-29,57
37,88,-18,107,75,17,-29,57
37,89,-18,107,75,16,-29,58
37,89,-18,107,75,15,-29,58
38,91,-18,108,75,14,-28,61
38,93,-17,108,77,14,-28,62
39,95,-17,108,78,14,-30,64
38,97,-17,108,79,14,-28,65
39,97,-17,109,79,14,-29,65
41,99,-16,109,79,15,-28,67
43,101,-15,110,78,14,-26,69
44,104,-14,111,79,13,-25,72
44,106,-14,111,79,11,-25,74
43,107,-14,111,78,10,-25,75
44,109,-13,112,78,9,-25,76
45,112,-12,112,78,9,-24,80
47,115,-11,113,79,10,-21,83
50,119,-11,114,82,9,-20,86
52,123,-11,114,83,9,-18,92
54,127,-10,115,83,9,-17,96
55,131,-8,116,82,10,-15,100
56,136,-6,116,81,9,-14,103
57,142,-5,117,81,8,-14,109
58,148,-3,119,83,6,-14,117
62,155,-3,121,83,6,-12,123
65,162,-1,123,83,6,-10,130
67,169,0,123,83,6,-8,136
68,176,1,122,83,5,-7,142
70,184,3,122,83,4,-4,152
73,192,4,123,83,4,-2,159
76,201,5,124,83,4,0,168
78,210,6,126,83,4,0,175
80,218,6,129,83,4,1,184
82,226,7,131,83,4,0,190
84,234,10,132,82,4,2,198
86,243,13,132,83,4,6,208
88,251,15,133,84,4,7,216
89,259,16,134,86,4,6,223
90,266,17,136,87,4,7,229
90,272,18,137,88,4,7,238
90,278,19,138,88,4,7,242
90,282,20,138,88,4,7,246
91,286,19,138,87,4,7,250
92,289,18,139,87,2,6,250
92,289,17,140,88,1,6,250
91,286,17,140,88,0,6,247
90,282,17,140,88,1,4,244
89,277,16,139,87,0,3,239
87,271,15,138,87,0,2,234
86,264,13,136,87,0,3,228
83,256,11,134,89,0,1,218
81,244,9,132,91,0,0,207
78,230,7,130,92,0,-3,195
75,216,4,128,92,-2,-3,179
71,201,2,126,92,-4,-7,166
66,185,0,123,92,-5,-10,151
62,168,-3,120,93,-5,-12,135
58,149,-7,117,95,-5,-15,115
54,129,-11,114,97,-5,-17,95
48,108,-15,112,97,-7,-21,76
42,88,-19,108,97,-9,-26,54
36,66,-22,105,98,-10,-30,35
30,44,-27,102,100,-11,-35,13
24,22,-31,100,101,-12,-40,-7
18,0,-36,97,102,-14,-45,-29
13,-21,-39,95,102,-16,-47,-48
7,-41,-41,92,104,-17,-52,-69
2,-60,-43,89,106,-19,-53,-87
-3,-80,-46,87,108,-21,-58,-104
-8,-98,-50,85,109,-22,-63,-124
-14,-115,-53,83,110,-25,-68,-140
-18,-129,-55,81,111,-27,-70,-152
-22,-141,-57,79,112,-29,-73,-166
-26,-151,-58,78,113,-31,-76,-174
-30,-161,-60,76,114,-32,-80,-184
-33,-168,-61,75,115,-34,-80,-190
-35,-173,-63,74,116,-37,-81,-195
-36,-176,-64,73,118,-39,-84,-197
-38,-177,-64,73,120,-41,-84,-198
-38,-177,-62,74,122,-43,-85,-198
-39,-177,-61,75,124,-44,-85,-198
-39,-174,-61,75,125,-46,-89,-196
-39,-168,-61,75,127,-48,-86,-190
-39,-161,-61,75,128,-50,-86,-184
-37,-153,-60,76,129,-52,-86,-177
-34,-144,-58,77,130,-55,-84,-168
-31,-133,-57,79,131,-57,-81,-158
-29,-120,-55,81,133,-58,-79,-145
-27,-107,-53,83,134,-59,-80,-133
-26,-95,-50,85,136,-61,-79,-122
-24,-83,-48,87,137,-64,-78,-111
-20,-69,-46,89,138,-65,-75,-96
-15,-55,-44,90,137,-66,-73,-83
-10,-41,-42,92,137,-66,-68,-69
-7,-26,-39,94,137,-67,-65,-54
-3,-13,-37,97,138,-68,-64,-42
-1,0,-35,99,140,-70,-63,-30
2,11,-33,101,141,-72,-59,-19
6,23,-31,102,142,-72,-56,-6
10,34,-29,104,142,-72,-54,3
13,45,-28,105,141,-72,-52,13
16,55,-26,107,141,-72,-50,23
19,65,-24,108,141,-72,-47,31
22,74,-22,110,141,-73,-45,42
25,81,-21,111,141,-74,-45,48
27,87,-20,112,141,-75,-42,54
28,91,-19,113,141,-75,-41,58
29,95,-18,114,141,-76,-40,62
31,99,-18,114,141,-77,-39,65
32,103,-18,115,141,-77,-37,69
35,106,-18,114,141,-76,-36,72
36,107,-18,114,141,-76,-34,73
37,107,-17,113,141,-76,-34,75
38,107,-17,113,141,-77,-32,74
39,107,-17,113,141,-76,-31,73
42,107,-18,114,141,-76,-29,73
43,106,-17,113,141,-77,-28,72
45,105,-16,112,141,-76,-24,74
45,104,-15,111,141,-76,-24,73
45,103,-14,111,141,-76,-24,72
46,102,-14,111,141,-77,-23,70
46,102,-14,111,141,-77,-23,70
46,101,-15,111,141,-76,-23,69
46,102,-15,111,141,-75,-23,70
47,104,-15,111,141,-75,-21,72
48,106,-13,112,142,-75,-21,74
49,109,-11,112,141,-76,-20,79
50,112,-9,112,141,-76,-19,81
51,116,-8,112,140,-75,-18,85
53,120,-8,112,140,-74,-17,89
54,125,-6,113,140,-74,-17,93
54,131,-4,114,140,-74,-17,101
54,138,-2,115,140,-74,-17,108
54,146,-1,116,139,-75,-17,114
55,153,-2,118,139,-75,-15,122
57,160,-2,119,139,-75,-15,128
59,166,-1,121,139,-73,-14,134
60,172,0,121,139,-72,-14,139
60,177,0,123,138,-71,-13,142
60,180,0,124,137,-72,-15,146
61,183,0,124,137,-72,-15,148
61,184,0,124,137,-71,-15,150
62,185,0,123,137,-70,-14,151
61,184,0,124,137,-68,-14,150
60,182,0,124,137,-68,-17,148
57,178,-1,123,137,-68,-18,145
55,173,-3,121,137,-68,-18,139
54,165,-4,119,137,-67,-19,130
54,156,-6,118,137,-67,-19,122
53,145,-8,116,136,-66,-19,112
51,133,-10,115,134,-65,-19,101
48,120,-12,113,133,-64,-21,86
43,105,-15,110,132,-64,-26,73
38,90,-18,108,132,-64,-28,59
34,73,-20,105,133,-64,-31,41
30,56,-23,103,133,-63,-35,26
27,39,-25,101,132,-61,-35,10
24,21,-29,98,132,-61,-37,-7
21,5,-32,94,132,-61,-40,-21
18,-10,-35,92,132,-61,-40,-39
15,-25,-37,90,132,-61,-42,-52
11,-38,-39,89,132,-61,-46,-64
7,-50,-41,87,132,-61,-48,-75
3,-60,-42,85,132,-61,-50,-85
1,-69,-43,83,132,-61,-52,-92
0,-76,-41,82,132,-61,-51,-100
0,-81,-40,81,132,-61,-52,-103
0,-83,-40,81,132,-61,-52,-106
-1,-83,-40,81,132,-62,-53,-106
-1,-79,-40,81,132,-63,-52,-102
0,-74,-40,81,132,-64,-52,-97
1,-66,-39,82,132,-65,-51,-90
3,-55,-38,83,132,-66,-48,-78
5,-42,-36,85,132,-66,-48,-65
8,-27,-33,88,132,-66,-46,-52
12,-9,-30,90,132,-66,-43,-34
18,10,-26,93,132,-66,-41,-15
24,32,-21,96,132,-66,-36,7
29,57,-16,100,133,-68,-31,29
35,83,-11,105,136,-70,-29,56
41,111,-7,110,137,-71,-25,81
46,140,-4,114,137,-72,-23,109
52,168,0,118,137,-72,-18,135
58,196,5,122,137,-71,-17,163
64,225,9,126,137,-71,-12,191
70,252,13,130,137,-71,-8,217
78,278,17,133,137,-72,-2,242
84,301,22,137,137,-72,1,263
89,323,25,141,137,-71,4,285
92,342,28,145,137,-71,6,303
96,359,28,148,137,-71,6,318
99,372,29,151,137,-72,9,330
102,380,30,153,137,-72,9,338
103,385,32,153,137,-71,10,343
103,385,31,152,137,-70,10,343
102,379,29,151,137,-68,12,338
101,369,27,149,137,-66,10,325
99,354,25,146,137,-66,9,312
96,335,21,144,137,-67,8,294
91,310,18,140,137,-67,4,269
84,283,12,136,137,-65,1,245
76,251,7,130,138,-63,-4,213
70,216,0,125,137,-62,-8,179
63,178,-5,119,136,-62,-10,142
55,137,-11,114,134,-61,-15,104
46,96,-18,108,133,-60,-20,65
37,54,-25,101,132,-58,-26,24
26,11,-32,94,131,-57,-35,-17
16,-31,-40,88,130,-56,-41,-58
6,-74,-47,81,128,-56,-47,-100
-3,-114,-54,75,128,-55,-53,-139
-11,-151,-60,68,126,-53,-58,-174
-19,-185,-65,62,125,-51,-63,-206
-28,-218,-69,57,124,-50,-68,-238
-37,-247,-73,53,123,-51,-74,-264
-45,-272,-77,48,123,-51,-79,-288
-52,-292,-80,45,123,-51,-84,-308
-57,-308,-84,42,123,-51,-87,-323
-63,-321,-87,40,123,-51,-91,-336
-67,-329,-90,41,123,-51,-97,-345
-72,-332,-91,42,124,-51,-102,-347
-75,-330,-91,43,123,-51,-104,-347
-76,-325,-90,43,122,-50,-106,-340
-77,-316,-88,44,120,-51,-109,-333
-77,-304,-86,46,118,-52,-109,-322
-76,-289,-83,48,118,-54,-108,-308
-74,-272,-81,51,119,-56,-107,-290
-71,-253,-77,54,122,-56,-107,-273
-67,-232,-75,57,123,-56,-103,-251
-63,-209,-71,60,124,-55,-102,-230
-58,-185,-67,63,123,-56,-98,-206
-52,-161,-63,67,123,-57,-96,-184
-46,-137,-59,71,123,-59,-90,-159
-39,-113,-56,76,123,-61,-86,-137
-33,-90,-53,80,122,-61,-84,-117
-27,-68,-50,84,122,-61,-81,-96
-21,-46,-46,87,123,-61,-76,-75
-16,-26,-41,89,123,-61,-72,-54
-10,-7,-37,92,123,-61,-65,-36
-3,9,-33,94,122,-61,-63,-19
1,24,-30,97,123,-61,-58,-6
7,36,-28,99,125,-61,-53,6
12,46,-26,101,126,-61,-48,17
16,55,-24,102,128,-61,-47,25
19,62,-21,102,127,-61,-42,31
21,68,-20,101,125,-61,-40,39
25,72,-19,101,122,-61,-37,42
29,74,-17,101,122,-61,-34,45
33,74,-15,101,123,-60,-30,47
35,74,-13,101,123,-60,-25,47
36,72,-11,101,123,-59,-25,46
35,70,-11,100,123,-58,-26,43
35,66,-11,100,122,-57,-25,40
36,61,-13,99,120,-56,-24,36
38,56,-14,98,118,-54,-23,31
38,52,-14,96,116,-52,-20,28
37,49,-13,94,115,-51,-21,24
35,45,-13,92,114,-50,-20,20
34,40,-14,90,114,-49,-21,17
34,35,-15,90,114,-47,-21,10
34,29,-15,90,112,-46,-21,7
33,26,-16,90,111,-44,-23,3
32,25,-17,89,109,-42,-24,2
31,24,-18,88,108,-40,-24,1
30,21,-19,87,106,-39,-23,-1
29,19,-19,86,105,-37,-24,-2
28,19,-19,86,103,-35,-24,-2
28,20,-19,87,101,-33,-24,-1
28,22,-19,87,100,-31,-25,0
28,24,-20,86,100,-30,-25,2
28,26,-19,87,100,-29,-25,3
28,29,-18,87,99,-28,-24,7
29,33,-17,89,97,-27,-26,9
30,36,-17,91,95,-25,-25,13
32,39,-18,93,94,-24,-26,15
32,43,-18,94,92,-23,-26,17
32,48,-18,95,91,-21,-26,20
32,53,-18,95,90,-20,-26,28
32,57,-17,95,91,-19,-26,31
33,60,-16,96,92,-20,-25,34
34,62,-15,97,91,-20,-24,36
35,64,-15,97,90,-20,-26,39
36,66,-15,97,88,-19,-25,40
37,68,-15,97,86,-18,-21,41
38,68,-15,97,86,-16,-23,42
38,68,-15,97,86,-14,-23,42
37,68,-15,97,87,-14,-21,41
36,65,-16,96,86,-14,-23,39
35,62,-17,95,86,-14,-24,36
34,59,-17,95,86,-15,-25,32
33,55,-18,94,87,-14,-25,30
32,52,-18,93,86,-13,-25,24
32,47,-20,92,85,-11,-26,20
31,41,-21,91,83,-10,-26,15
30,35,-22,90,82,-9,-28,9
29,28,-23,90,82,-9,-26,3
28,22,-24,89,82,-10,-26,-2
27,16,-25,88,82,-10,-28,-7
27,10,-25,87,82,-10,-28,-13
26,3,-26,86,82,-9,-29,-19
23,-1,-26,85,82,-9,-31,-24
20,-5,-27,84,82,-9,-31,-30
18,-7,-28,82,82,-9,-34,-31
17,-10,-28,81,82,-9,-35,-31
17,-12,-28,81,82,-9,-35,-34
17,-14,-28,83,82,-9,-35,-39
16,-17,-29,84,82,-9,-37,-41
14,-18,-30,84,82,-10,-39,-41
13,-16,-30,84,82,-10,-40,-40
12,-14,-29,84,82,-10,-41,-37
12,-11,-29,84,82,-9,-41,-35
13,-9,-30,84,82,-9,-40,-34
14,-6,-30,83,82,-10,-40,-31
14,-2,-29,84,82,-11,-40,-28
14,2,-28,85,82,-13,-40,-23
14,6,-27,86,82,-14,-40,-19
15,11,-26,87,81,-14,-39,-14
18,17,-26,87,82,-14,-36,-9
21,23,-26,87,82,-14,-34,-1
22,28,-25,88,83,-14,-32,3
24,32,-23,89,84,-14,-31,7
24,37,-22,90,83,-14,-32,10
25,43,-22,90,82,-14,-32,17
26,50,-22,90,82,-14,-31,23
28,55,-21,91,81,-14,-30,28
30,60,-20,92,82,-14,-28,31
32,63,-19,93,82,-14,-26,35
34,67,-18,94,83,-14,-25,39
35,71,-18,95,83,-14,-24,43
36,75,-16,96,84,-14,-23,47
37,77,-15,97,84,-14,-21,50
39,79,-15,97,83,-14,-23,52
40,81,-15,97,83,-14,-21,53
41,83,-15,97,83,-14,-18,56
42,85,-15,97,83,-14,-18,57
42,87,-15,97,83,-14,-18,59
43,88,-15,97,83,-15,-19,61
43,88,-14,97,82,-16,-19,61
45,89,-14,98,81,-16,-18,61
46,90,-13,99,81,-15,-17,62
47,90,-12,100,83,-14,-15,62
48,91,-12,100,86,-14,-14,63
48,91,-12,98,86,-14,-14,63
47,91,-12,97,85,-16,-13,63
47,90,-12,95,83,-17,-13,64
48,91,-12,95,83,-17,-13,64
48,91,-12,95,83,-16,-13,64
47,91,-13,95,83,-16,-13,63
46,90,-13,94,82,-16,-14,62
45,89,-12,93,82,-16,-13,63
44,87,-12,93,83,-17,-13,62
45,85,-11,93,85,-17,-13,59
45,83,-11,93,85,-17,-13,58
43,83,-12,93,83,-18,-14,57
41,82,-13,95,82,-19,-18,54
40,81,-14,96,83,-19,-19,53
39,79,-16,96,83,-19,-19,52
39,77,-16,94,83,-19,-20,50
38,74,-15,93,82,-19,-18,47
38,71,-16,92,81,-19,-19,45
38,69,-17,92,81,-19,-20,42
38,68,-19,94,83,-19,-20,40
37,68,-19,94,85,-19,-21,39
35,66,-18,93,86,-19,-23,37
34,64,-18,93,87,-19,-25,37
33,61,-17,92,86,-19,-25,35
32,59,-18,93,85,-19,-26,34
31,58,-18,93,84,-19,-28,30
30,57,-19,94,85,-19,-28,29
29,55,-19,94,86,-19,-29,28
28,52,-18,94,86,-19,-30,25
28,50,-19,93,85,-19,-30,23
27,50,-20,92,84,-19,-30,23
26,49,-21,92,85,-19,-31,21
26,48,-21,91,86,-19,-31,20
25,46,-21,91,86,-19,-31,19
25,43,-21,91,86,-19,-32,17
24,41,-22,90,86,-19,-34,14
23,39,-22,90,86,-19,-34,12
24,36,-23,90,86,-19,-31,10
24,35,-22,90,86,-19,-34,8
23,33,-22,90,86,-19,-34,7
23,31,-22,90,86,-19,-34,6
23,28,-22,90,86,-19,-34,3
22,25,-24,89,86,-19,-32,0
21,21,-25,88,86,-19,-34,-3
20,17,-26,87,86,-19,-34,-7
20,13,-26,87,86,-19,-34,-9
21,10,-26,87,86,-19,-32,-14
22,7,-27,86,86,-20,-32,-18
20,4,-28,85,86,-21,-34,-20
18,1,-29,84,86,-21,-35,-24
18,-1,-30,84,86,-21,-36,-26
18,-4,-30,84,86,-19,-36,-29
18,-7,-31,83,86,-19,-34,-31
16,-10,-31,81,86,-19,-35,-35
15,-13,-30,79,86,-20,-36,-37
15,-15,-29,78,86,-21,-34,-37
15,-17,-28,77,86,-22,-34,-37
16,-18,-29,77,86,-23,-32,-39
17,-18,-30,77,86,-22,-32,-42
17,-18,-31,78,86,-22,-32,-41
16,-17,-32,78,86,-23,-32,-40
14,-15,-31,78,86,-24,-34,-39
14,-14,-30,77,86,-24,-35,-37
14,-14,-29,77,86,-25,-35,-35
14,-12,-28,78,88,-25,-35,-34
16,-9,-28,80,88,-24,-35,-34
17,-7,-29,81,87,-24,-35,-31
18,-4,-28,82,86,-24,-34,-29
18,-2,-28,82,86,-24,-34,-26
18,0,-27,81,87,-26,-34,-21
20,4,-26,80,89,-27,-32,-18
21,8,-26,80,89,-28,-29,-14
21,11,-27,80,88,-28,-29,-12
22,14,-26,80,87,-28,-30,-9
23,18,-25,81,87,-29,-30,-6
24,21,-24,83,89,-29,-28,-2
26,25,-23,84,90,-29,-26,0
27,28,-24,84,90,-29,-25,3
28,32,-24,85,89,-29,-25,7
28,35,-22,85,87,-29,-25,9
28,37,-21,86,86,-29,-25,13
27,39,-20,87,85,-29,-28,15
28,41,-20,89,85,-29,-28,14
28,43,-21,89,85,-29,-28,17
29,45,-21,88,86,-29,-26,19
29,46,-20,87,88,-29,-26,21
29,46,-21,88,89,-29,-26,19
28,45,-21,90,89,-29,-26,19
28,45,-20,90,87,-28,-26,19
29,46,-19,90,86,-27,-26,21
31,45,-18,88,87,-28,-25,20
32,44,-18,87,89,-29,-21,19
33,42,-19,86,90,-29,-20,18
33,40,-19,87,90,-29,-20,17
33,38,-19,87,89,-29,-20,14
33,36,-19,87,88,-29,-20,13
32,34,-19,86,88,-29,-21,10
31,32,-19,86,87,-29,-21,8
31,29,-19,86,87,-29,-23,7
31,27,-19,87,87,-29,-23,4
30,25,-19,87,89,-29,-23,2
29,23,-19,86,90,-29,-24,1
28,22,-20,86,91,-29,-25,0
27,20,-21,85,91,-29,-25,-1
27,18,-21,85,90,-29,-26,-3
26,15,-22,84,90,-29,-26,-8
26,13,-22,83,90,-29,-26,-9
26,13,-23,83,90,-29,-26,-10
25,13,-23,83,90,-29,-26,-9
25,14,-22,83,90,-29,-28,-8
25,15,-22,83,90,-29,-28,-8
25,15,-22,83,90,-29,-28,-8
25,14,-23,83,90,-29,-28,-8
25,14,-23,83,90,-31,-28,-8
25,14,-23,83,90,-33,-28,-8
25,14,-23,83,90,-34,-28,-9
25,14,-23,83,90,-35,-28,-8
24,16,-23,83,90,-34,-28,-8
23,18,-23,83,90,-34,-29,-6
22,19,-23,83,90,-34,-30,-4
22,19,-23,83,90,-34,-30,-4
22,19,-23,83,90,-34,-30,-4
23,18,-23,83,90,-34,-29,-6
24,19,-23,83,90,-35,-29,-4
24,20,-24,85,91,-36,-29,-3
23,21,-25,86,92,-37,-31,-3
21,21,-25,86,93,-38,-32,-3
21,20,-24,85,94,-39,-31,-3
22,19,-23,84,95,-39,-30,-4
24,17,-23,84,95,-39,-29,-6
24,16,-24,85,95,-39,-29,-8
24,14,-24,85,95,-39,-29,-9
22,13,-23,84,95,-39,-30,-10
21,11,-22,83,95,-39,-31,-12
21,8,-22,83,95,-39,-31,-14
21,5,-23,84,95,-39,-31,-17
21,2,-25,84,95,-39,-30,-20
21,0,-27,83,95,-39,-31,-23
20,-3,-27,81,95,-39,-31,-25
19,-6,-27,80,95,-39,-32,-28
18,-10,-26,80,95,-39,-32,-31
18,-13,-27,81,95,-39,-34,-35
17,-16,-28,81,95,-39,-35,-40
16,-19,-30,79,95,-39,-32,-42
14,-21,-30,77,95,-39,-34,-45
13,-24,-32,78,94,-40,-35,-47
11,-26,-32,79,94,-41,-39,-50
10,-29,-32,80,95,-42,-40,-52
9,-32,-31,78,96,-43,-39,-54
9,-33,-31,76,98,-44,-39,-56
10,-36,-32,75,99,-44,-39,-58
10,-38,-35,75,100,-44,-39,-59
9,-39,-36,75,100,-45,-39,-63
7,-41,-36,76,99,-46,-41,-64
7,-41,-36,77,99,-48,-43,-64
8,-40,-36,76,99,-49,-40,-64
9,-40,-36,76,99,-50,-39,-64
9,-39,-35,75,99,-50,-39,-62
8,-38,-34,74,101,-49,-40,-61
7,-36,-33,74,103,-50,-41,-58
7,-35,-34,74,104,-50,-40,-57
8,-34,-35,75,104,-50,-40,-56
10,-33,-36,76,104,-51,-39,-58
9,-32,-36,77,104,-52,-41,-57
9,-30,-35,77,104,-53,-41,-54
9,-28,-33,78,104,-54,-39,-51
10,-27,-32,78,104,-54,-39,-50
10,-26,-31,79,104,-54,-41,-48
9,-25,-32,80,105,-55,-41,-48
8,-23,-32,82,105,-56,-42,-46
8,-21,-31,83,105,-57,-45,-45
9,-18,-31,83,105,-58,-43,-42
11,-16,-30,84,107,-58,-42,-40
13,-14,-29,84,108,-58,-40,-39
14,-14,-29,84,109,-59,-40,-37
14,-13,-30,84,108,-60,-40,-37
14,-11,-30,84,108,-60,-39,-36
15,-10,-30,84,108,-60,-37,-34
16,-8,-28,83,108,-60,-35,-32
16,-7,-28,82,108,-59,-35,-31
15,-7,-28,82,108,-60,-36,-31
15,-7,-28,82,108,-61,-36,-31
17,-7,-28,82,108,-63,-35,-31
19,-5,-28,82,108,-65,-32,-30
19,-3,-28,82,108,-65,-32,-29
18,-1,-28,82,108,-65,-32,-26
18,0,-28,82,108,-65,-34,-23
17,0,-26,82,108,-65,-35,-23
17,0,-25,82,108,-65,-34,-23
17,0,-25,81,108,-65,-35,-23
18,0,-26,80,108,-65,-31,-23
19,0,-27,80,108,-65,-32,-23
20,0,-27,80,108,-65,-31,-21
21,2,-27,80,109,-65,-31,-20
20,4,-26,80,110,-65,-30,-18
19,5,-26,80,109,-65,-31,-17
18,6,-26,80,108,-65,-31,-17
19,5,-26,80,108,-65,-31,-17
20,6,-27,80,109,-65,-29,-17
22,7,-26,80,110,-65,-28,-15
23,9,-25,81,109,-65,-29,-14
22,10,-24,83,108,-65,-30,-13
21,10,-23,83,108,-65,-30,-13
21,11,-22,84,108,-65,-31,-12
22,12,-22,83,108,-65,-30,-10
24,14,-23,83,108,-65,-29,-9
24,16,-23,83,108,-65,-28,-7
23,18,-23,83,108,-65,-29,-6
22,19,-22,83,108,-65,-30,-4
22,19,-22,83,108,-65,-30,-4
22,19,-23,83,108,-65,-30,-4
24,19,-23,83,108,-65,-29,-4
25,20,-22,83,108,-65,-28,-3
26,22,-22,84,108,-65,-26,-2
25,24,-20,86,108,-65,-28,2
24,25,-19,86,108,-65,-29,3
24,25,-19,87,108,-65,-29,3
25,26,-19,87,108,-65,-28,3
27,27,-19,86,108,-65,-26,4
28,29,-19,86,109,-65,-25,6
27,31,-19,86,111,-65,-26,8
26,32,-19,87,111,-65,-26,8
25,32,-19,86,110,-65,-28,8
25,32,-19,86,109,-65,-28,9
26,34,-19,86,110,-65,-26,10
27,37,-19,86,112,-65,-26,13
27,39,-19,86,112,-66,-25,14
28,39,-19,86,111,-67,-25,15
27,39,-19,86,110,-66,-25,15
27,39,-19,86,109,-65,-25,14
27,39,-19,86,110,-65,-25,14
27,39,-19,86,110,-65,-25,14
27,39,-19,86,111,-65,-26,15
27,39,-19,86,111,-65,-25,14
28,39,-19,86,112,-65,-25,15
28,39,-19,87,110,-66,-25,15
27,39,-19,87,109,-66,-26,15
26,38,-19,87,109,-66,-28,14
25,37,-19,86,111,-66,-28,13
24,35,-19,87,112,-66,-29,12
25,33,-19,87,113,-67,-28,9
25,32,-20,87,113,-66,-30,9
25,32,-21,87,112,-65,-30,6
23,31,-23,86,112,-66,-31,6
22,28,-24,85,113,-68,-30,3
21,26,-23,83,113,-70,-31,1
21,24,-22,83,112,-70,-31,-1
21,22,-22,83,112,-70,-31,0
21,20,-23,83,113,-69,-31,-3
21,18,-25,84,114,-70,-31,-6
21,16,-27,84,116,-72,-34,-9
20,13,-28,85,117,-74,-35,-12
19,11,-29,85,118,-75,-35,-14
18,9,-29,85,117,-75,-35,-17
19,7,-29,84,117,-75,-35,-18
19,5,-30,84,117,-75,-35,-19
18,4,-30,84,117,-75,-36,-20
16,3,-30,84,117,-75,-37,-21
15,2,-29,84,119,-77,-39,-23
16,1,-29,84,120,-79,-37,-23
16,0,-30,84,122,-80,-37,-24
17,0,-30,84,122,-81,-36,-25
16,-1,-30,84,122,-82,-37,-26
14,-2,-30,84,123,-84,-39,-28
13,-3,-30,84,125,-85,-40,-28
13,-3,-30,84,126,-86,-40,-28
13,-3,-30,84,127,-85,-40,-28
13,-3,-30,84,126,-85,-40,-28
13,-3,-30,84,126,-87,-40,-28
13,-3,-30,84,126,-89,-40,-28
14,-4,-30,84,126,-90,-40,-29
14,-7,-29,83,126,-90,-39,-31
14,-8,-28,83,126,-90,-37,-32
13,-9,-28,83,127,-90,-37,-34
12,-9,-29,83,129,-92,-39,-34
12,-9,-30,83,130,-94,-41,-34
12,-9,-31,83,131,-95,-41,-34
13,-8,-30,82,131,-96,-37,-32
14,-8,-29,82,131,-97,-37,-32
13,-8,-29,83,132,-99,-37,-32
13,-9,-29,83,133,-100,-40,-34
11,-9,-29,83,134,-101,-41,-34
11,-10,-28,83,135,-101,-40,-34
11,-10,-28,82,135,-101,-40,-34
11,-10,-27,81,135,-100,-40,-32
12,-10,-26,80,137,-101,-39,-32
13,-9,-26,80,138,-102,-36,-31
14,-6,-26,80,140,-104,-35,-29
14,-4,-26,81,140,-106,-37,-26
14,-3,-25,81,140,-106,-37,-26
13,-3,-25,81,140,-106,-39,-25
14,-1,-25,81,141,-107,-37,-24
14,0,-26,81,143,-109,-37,-21
15,2,-28,81,144,-111,-36,-20
15,3,-29,82,144,-112,-36,-21
15,5,-28,83,144,-111,-36,-19
16,7,-27,83,144,-111,-35,-15
16,9,-25,84,144,-111,-35,-13
16,11,-25,85,144,-111,-36,-12
15,13,-25,86,144,-112,-39,-10
15,14,-26,87,144,-115,-39,-9
17,15,-26,87,144,-116,-37,-10
18,16,-26,87,144,-116,-36,-9
19,18,-26,87,144,-116,-35,-7
19,21,-26,87,144,-116,-35,-6
20,22,-26,87,144,-116,-35,-3
20,24,-26,87,144,-116,-34,-3
20,25,-25,88,144,-116,-34,0
21,27,-25,88,144,-116,-34,2
21,29,-23,88,144,-116,-32,4
23,31,-21,87,144,-115,-31,6
25,32,-19,87,144,-116,-28,8
25,33,-19,86,146,-116,-28,9
24,36,-19,87,148,-116,-29,12
25,37,-19,87,148,-116,-28,13
26,38,-19,87,148,-116,-28,14
27,39,-19,87,146,-116,-26,14
28,39,-19,87,146,-116,-25,15
28,41,-20,87,147,-116,-25,17
28,43,-19,87,147,-117,-25,19
29,46,-17,87,147,-117,-24,21
31,47,-14,86,148,-118,-23,24
32,47,-12,86,148,-118,-21,25
32,49,-12,86,149,-119,-21,26
32,51,-12,86,149,-119,-21,29
31,54,-12,86,149,-118,-23,31
33,58,-11,87,149,-116,-21,35
36,61,-10,89,149,-116,-19,37
37,64,-8,90,148,-116,-18,42
38,67,-9,90,148,-116,-17,43
37,72,-9,90,147,-116,-17,47
39,76,-8,90,148,-116,-17,53
41,82,-7,90,147,-116,-14,58
44,86,-4,89,145,-116,-10,63
47,92,-2,90,144,-116,-7,70
48,99,0,90,144,-116,-8,76
49,107,0,91,145,-116,-7,84
50,115,1,92,146,-115,-6,91
53,123,2,93,146,-114,-4,98
55,131,3,95,144,-113,-2,108
57,140,4,97,144,-112,-2,114
58,149,3,100,144,-111,-2,123
59,159,4,101,144,-111,-3,131
61,169,4,103,144,-111,-2,141
63,178,6,104,144,-111,0,150
64,186,8,105,144,-111,0,158
66,193,10,107,144,-111,0,164
67,199,11,108,144,-111,1,170
68,206,13,109,144,-112,2,177
69,213,12,109,144,-111,2,183
70,217,11,110,144,-110,3,186
72,219,10,112,144,-108,2,189
72,220,9,113,144,-106,2,187
72,219,9,113,144,-106,2,186
70,216,9,113,145,-106,1,184
68,212,8,112,145,-106,-1,180
66,205,7,110,144,-107,-2,174
64,196,5,109,143,-106,-1,166
61,185,3,107,141,-104,-3,155
58,170,1,105,140,-102,-7,140
54,154,-1,103,140,-101,-9,124
51,135,-5,101,140,-101,-13,104
48,115,-10,98,140,-101,-13,87
43,95,-13,94,140,-101,-17,65
38,72,-16,90,140,-101,-19,46
32,47,-19,87,140,-101,-21,23
26,21,-23,84,140,-101,-26,-2
21,-4,-27,82,140,-101,-30,-26
16,-30,-31,79,140,-101,-35,-52
10,-55,-35,75,138,-101,-37,-75
3,-79,-40,71,137,-101,-41,-100
-2,-102,-44,66,136,-100,-47,-120
-8,-125,-48,62,136,-98,-50,-144
-13,-147,-50,58,137,-98,-52,-163
-17,-166,-53,56,137,-98,-54,-184
-22,-184,-56,53,137,-100,-58,-200
-26,-197,-60,50,137,-101,-61,-212
-30,-208,-62,49,137,-101,-63,-224
-32,-215,-63,47,137,-101,-65,-231
-34,-220,-63,47,137,-101,-67,-235
-36,-221,-63,47,137,-101,-69,-236
-37,-220,-63,48,137,-101,-70,-235
-38,-217,-62,47,138,-100,-70,-233
-38,-210,-61,48,140,-101,-72,-227
-37,-199,-61,50,140,-103,-70,-214
-36,-185,-59,53,140,-104,-72,-201
-35,-169,-58,57,140,-106,-73,-186
-34,-151,-55,61,140,-106,-73,-170
-32,-133,-52,65,139,-106,-73,-153
-28,-113,-49,67,140,-107,-70,-134
-24,-92,-46,69,141,-109,-69,-114
-19,-70,-42,72,143,-111,-64,-95
-15,-49,-39,75,144,-112,-62,-73
-11,-29,-36,79,145,-111,-61,-54
-8,-10,-33,83,144,-111,-61,-37
-4,8,-32,87,144,-111,-59,-20
0,26,-29,90,144,-111,-56,-1
3,42,-27,93,144,-111,-54,13
7,55,-25,95,144,-111,-52,25
9,67,-22,97,144,-111,-50,37
12,75,-21,98,144,-112,-47,46
14,81,-21,98,144,-112,-45,51
16,83,-20,99,144,-113,-46,53
17,84,-19,100,144,-113,-45,53
18,83,-19,100,144,-113,-43,53
20,80,-20,100,144,-113,-42,50
21,75,-21,99,144,-112,-41,45
21,68,-21,97,144,-112,-39,39
21,60,-21,96,143,-111,-39,31
20,50,-21,93,141,-110,-36,23
20,40,-22,91,139,-111,-37,13
18,28,-25,88,139,-111,-36,2
17,16,-27,86,139,-111,-36,-10
16,3,-29,85,140,-109,-37,-21
15,-7,-30,83,140,-107,-39,-32
13,-19,-32,81,140,-106,-39,-42
10,-29,-34,80,138,-105,-40,-54
8,-39,-36,79,136,-105,-42,-63
6,-48,-37,77,135,-104,-43,-72
5,-56,-37,75,135,-104,-42,-78
3,-62,-37,72,135,-103,-43,-85
1,-68,-37,71,133,-101,-43,-87
0,-72,-37,70,132,-101,-45,-91
0,-74,-39,69,130,-100,-46,-95
-1,-73,-40,68,130,-100,-46,-95
-2,-72,-41,67,130,-100,-47,-92
-2,-70,-40,68,131,-101,-47,-91
-2,-68,-38,69,130,-101,-47,-90
-2,-64,-37,70,130,-100,-47,-86
-2,-59,-37,70,129,-100,-47,-79
-3,-53,-37,70,129,-100,-48,-74
-3,-47,-36,71,129,-100,-48,-69
-3,-41,-35,72,128,-100,-48,-63
-1,-35,-34,73,127,-100,-48,-57
0,-28,-33,74,126,-98,-47,-51
2,-21,-32,75,126,-98,-46,-45
3,-14,-31,76,127,-99,-45,-39
5,-8,-29,78,127,-100,-43,-32
6,-1,-28,79,126,-100,-42,-24
7,3,-26,80,125,-99,-41,-19
9,7,-25,81,125,-98,-42,-17
10,10,-24,83,125,-99,-41,-13
12,14,-24,85,126,-100,-40,-9
13,18,-25,86,126,-100,-40,-6
15,22,-26,87,125,-99,-39,-4
17,25,-26,86,125,-98,-37,1
18,28,-24,84,125,-98,-34,2
20,29,-22,85,125,-98,-32,3
21,30,-21,87,125,-99,-32,4
23,30,-20,88,125,-99,-31,4
25,31,-21,87,125,-98,-30,6
26,32,-22,85,125,-98,-26,7
25,32,-22,84,125,-98,-28,7
26,32,-21,85,125,-98,-26,9
27,33,-19,86,125,-98,-26,9
29,34,-19,87,125,-98,-24,10
30,33,-19,87,125,-97,-23,10
31,33,-19,87,125,-97,-23,9
31,34,-19,86,125,-98,-23,10
31,35,-19,86,125,-98,-21,12
32,36,-19,86,125,-98,-21,13
34,37,-19,87,125,-98,-20,14
35,39,-18,88,125,-97,-21,15
36,42,-16,89,125,-97,-20,18
36,46,-15,90,125,-97,-20,21
37,49,-15,90,126,-95,-19,24
38,52,-15,90,126,-95,-18,28
38,55,-14,90,126,-95,-18,30
39,59,-12,91,126,-95,-18,36
41,64,-11,91,126,-95,-15,40
43,69,-10,93,126,-95,-14,45
46,74,-10,94,126,-95,-12,50
47,79,-10,96,126,-95,-13,54
47,85,-9,96,126,-95,-13,59
47,91,-8,97,126,-95,-13,65
49,97,-7,97,126,-95,-12,70
51,103,-6,99,126,-95,-9,75
53,108,-5,100,126,-95,-8,83
54,112,-4,100,126,-95,-7,86
55,116,-3,101,126,-95,-6,90
56,120,-2,102,126,-95,-8,93
56,123,-1,103,126,-95,-8,96
55,126,-1,103,126,-95,-8,98
55,128,-1,103,125,-95,-8,101
56,130,-1,104,124,-95,-8,103
56,130,-2,104,124,-95,-7,103
56,128,-3,104,124,-95,-8,101
54,125,-4,102,125,-94,-9,96
52,121,-5,100,125,-92,-9,95
50,116,-5,99,124,-90,-10,90
47,110,-6,99,123,-90,-13,83
45,104,-7,97,122,-90,-15,76
42,97,-9,96,121,-90,-18,70
40,87,-11,94,121,-90,-19,62
37,77,-13,92,121,-90,-19,52
34,66,-15,90,121,-90,-23,40
30,54,-18,88,121,-90,-25,29
26,42,-20,86,121,-90,-28,18
21,29,-23,83,121,-90,-31,4
18,16,-25,81,121,-90,-34,-7
14,3,-27,79,121,-90,-35,-19
11,-9,-29,78,121,-90,-37,-31
7,-20,-31,76,121,-90,-41,-43
2,-30,-34,74,121,-90,-45,-53
0,-40,-36,72,121,-90,-46,-62
-2,-49,-37,70,121,-90,-47,-70
-4,-57,-38,68,121,-90,-48,-78
-6,-65,-39,67,121,-90,-48,-86
-8,-70,-40,66,120,-91,-51,-91
-11,-74,-41,67,121,-93,-53,-95
-14,-76,-41,67,122,-95,-58,-97
-15,-77,-41,67,124,-96,-59,-98
-16,-78,-41,67,126,-95,-59,-98
-15,-78,-41,67,126,-95,-59,-98
-14,-75,-41,67,126,-95,-58,-96
-14,-71,-41,67,126,-95,-57,-92
-13,-65,-40,68,126,-95,-57,-87
-13,-59,-39,69,126,-95,-57,-81
-12,-53,-37,70,126,-95,-57,-76
-11,-45,-36,71,126,-95,-56,-67
-9,-35,-35,72,126,-95,-53,-58
-7,-25,-33,74,126,-95,-54,-48
-5,-16,-30,77,125,-96,-52,-40
-2,-7,-27,79,125,-97,-51,-29
0,2,-25,82,125,-98,-50,-20
3,11,-24,83,125,-99,-47,-12
4,19,-23,83,125,-100,-46,-4
7,26,-22,84,125,-100,-45,1
9,34,-21,84,125,-99,-42,8
13,42,-21,86,125,-98,-39,15
16,49,-21,87,125,-97,-39,21
17,54,-20,88,125,-96,-37,29
19,57,-19,90,126,-95,-36,31
20,58,-18,90,126,-95,-35,32
20,59,-18,90,126,-95,-35,34
21,59,-18,89,126,-95,-34,34
21,58,-20,87,126,-95,-34,32
22,57,-20,87,126,-95,-32,31
23,54,-21,88,126,-95,-32,26
24,48,-20,88,126,-95,-31,24
23,42,-19,87,126,-94,-31,18
23,36,-19,87,126,-93,-30,13
23,30,-20,86,126,-94,-30,7
23,25,-22,84,126,-94,-29,0
22,19,-24,83,124,-94,-30,-4
21,12,-27,82,122,-93,-31,-10
19,6,-28,82,121,-93,-32,-17
18,0,-27,81,120,-92,-34,-23
16,-7,-27,80,121,-92,-35,-30
14,-14,-27,79,121,-91,-35,-35
12,-19,-29,78,121,-92,-36,-41
10,-24,-30,77,122,-93,-39,-47
9,-26,-30,77,123,-95,-40,-50
7,-29,-31,76,124,-95,-40,-52
6,-32,-32,75,125,-95,-41,-54
5,-34,-32,75,125,-95,-42,-57
4,-35,-31,75,126,-95,-43,-57
3,-34,-31,76,126,-95,-45,-56
2,-33,-31,76,126,-95,-46,-56
2,-32,-31,76,126,-95,-46,-54
3,-30,-31,76,126,-95,-45,-53
4,-27,-30,76,125,-97,-43,-50
6,-23,-30,77,125,-99,-41,-46
8,-19,-30,77,126,-100,-40,-42
9,-15,-30,77,126,-101,-39,-39
10,-10,-29,78,125,-100,-39,-32
10,-5,-27,79,125,-100,-39,-28
12,0,-26,80,126,-100,-37,-23
13,4,-26,80,127,-100,-36,-18
15,9,-26,80,129,-100,-34,-14
16,13,-25,81,130,-101,-35,-9
18,18,-24,82,130,-102,-34,-6
20,21,-23,83,130,-104,-31,-2
22,26,-21,85,130,-104,-30,3
23,30,-20,86,130,-103,-30,7
24,35,-19,86,130,-102,-29,12
25,39,-19,87,130,-103,-28,15
27,43,-19,87,130,-104,-26,19
29,46,-19,86,130,-105,-24,21
31,48,-19,86,130,-105,-23,24
32,51,-19,87,130,-106,-21,26
32,53,-18,88,130,-105,-24,28
34,54,-16,89,130,-105,-23,29
35,55,-15,90,130,-104,-21,30
35,55,-15,90,130,-103,-21,30
35,54,-15,90,130,-104,-21,29
35,54,-16,90,130,-105,-21,29
36,56,-15,90,130,-106,-20,30
37,58,-14,89,130,-106,-19,32
37,60,-14,88,130,-105,-17,36
37,61,-14,88,130,-104,-17,37
38,63,-14,88,130,-102,-17,39
38,65,-15,89,130,-101,-18,39
39,66,-15,90,130,-102,-18,40
39,68,-14,90,130,-103,-18,42
39,70,-13,90,130,-104,-18,46
39,72,-11,90,130,-104,-15,48
39,76,-10,90,130,-103,-15,51
39,79,-9,90,130,-102,-17,54
39,84,-8,89,130,-101,-15,61
40,88,-8,90,130,-101,-15,64
40,91,-8,91,130,-100,-15,67
39,93,-7,93,130,-100,-18,69
39,95,-7,94,130,-100,-18,70
39,97,-6,94,130,-101,-18,73
41,101,-5,93,130,-101,-17,75
43,104,-5,93,130,-100,-12,79
44,106,-5,93,130,-100,-12,80
44,106,-5,93,129,-100,-12,81
44,106,-5,93,129,-100,-14,81
44,106,-5,93,129,-100,-14,81
44,105,-4,93,128,-100,-13,80
45,104,-5,93,127,-101,-10,80
44,103,-6,92,126,-100,-12,78
44,100,-7,90,125,-99,-12,75
43,97,-9,90,125,-97,-12,73
43,94,-9,89,126,-95,-12,68
44,90,-9,90,126,-95,-12,67
44,87,-8,90,126,-95,-10,64
44,84,-8,90,126,-95,-12,61
42,80,-10,89,126,-95,-13,56
41,76,-11,87,126,-95,-14,51
40,71,-12,86,126,-95,-14,47
40,68,-13,86,126,-95,-14,43
40,65,-12,86,126,-95,-14,41
39,63,-12,87,126,-94,-15,40
38,62,-11,87,126,-93,-17,39
36,62,-11,87,126,-94,-18,39
36,61,-11,87,126,-94,-18,37
37,61,-12,86,125,-94,-18,37
36,62,-11,87,124,-93,-18,39
36,62,-10,89,124,-92,-18,39
35,64,-9,90,124,-93,-19,40
33,67,-8,90,125,-93,-21,45
33,70,-8,90,126,-92,-21,48
34,75,-8,90,126,-90,-20,52
35,80,-8,90,126,-90,-19,57
36,84,-8,92,126,-90,-20,61
36,88,-8,93,126,-90,-20,62
36,91,-8,94,126,-90,-21,65
36,94,-8,96,126,-90,-23,68
36,97,-8,97,126,-90,-23,70
36,100,-8,97,126,-90,-23,73
36,101,-8,97,126,-90,-24,74
36,101,-8,97,126,-90,-24,74
36,101,-8,97,126,-90,-24,74
36,100,-8,97,126,-90,-23,73
36,97,-10,96,126,-90,-23,70
35,93,-12,96,126,-90,-24,64
34,88,-14,96,126,-90,-25,59
32,82,-15,96,126,-90,-26,54
30,75,-16,96,126,-90,-29,47
28,68,-18,95,126,-90,-30,41
27,58,-19,93,126,-90,-31,30
26,47,-21,91,126,-90,-31,20
24,36,-24,89,126,-90,-31,9
21,23,-26,87,126,-90,-34,-3
18,10,-28,85,126,-90,-36,-15
15,-3,-31,83,126,-90,-39,-28
13,-18,-32,81,126,-90,-39,-42
9,-33,-34,79,125,-90,-41,-58
5,-48,-37,77,122,-89,-45,-72
2,-61,-39,75,121,-88,-45,-83
0,-73,-41,73,121,-88,-47,-95
-1,-84,-43,71,121,-88,-48,-107
-3,-95,-45,70,121,-88,-50,-117
-5,-106,-46,68,121,-89,-50,-126
-8,-115,-48,68,121,-90,-52,-135
-11,-122,-49,67,121,-90,-54,-141
-14,-128,-50,65,121,-90,-57,-150
-14,-133,-50,63,121,-90,-54,-152
-13,-137,-49,61,121,-90,-53,-156
-13,-139,-49,61,121,-90,-53,-156
-14,-137,-50,63,121,-90,-54,-156
-15,-134,-51,64,121,-90,-57,-155
-16,-131,-52,65,121,-90,-58,-152
-15,-126,-51,65,121,-90,-58,-147
-13,-120,-49,67,121,-90,-56,-139
-10,-111,-47,67,122,-90,-54,-131
-8,-101,-46,68,125,-90,-52,-122
-7,-89,-44,68,126,-92,-51,-111
-4,-77,-43,71,126,-94,-51,-97
-1,-64,-40,74,126,-95,-48,-85
1,-50,-37,77,126,-96,-48,-73
4,-35,-34,80,126,-95,-46,-59
7,-20,-32,82,126,-95,-43,-43
9,-5,-29,84,126,-95,-45,-30
12,7,-27,86,126,-95,-41,-18
16,20,-25,88,126,-95,-39,-3
20,32,-23,90,126,-95,-35,7
24,44,-21,91,126,-95,-34,18
27,56,-19,93,126,-95,-30,29
29,67,-18,95,126,-95,-29,41
32,76,-16,96,126,-95,-26,48
35,83,-15,97,126,-95,-24,54
37,86,-15,97,126,-95,-24,58
38,90,-14,98,126,-95,-23,62
39,92,-12,99,126,-95,-21,63
41,92,-11,100,126,-95,-20,64
42,91,-12,99,126,-95,-20,63
41,89,-14,98,126,-95,-20,61
40,85,-15,97,125,-95,-19,57
38,79,-15,97,124,-95,-21,52
36,72,-15,97,122,-95,-23,46
34,64,-16,96,123,-95,-25,37
31,54,-18,95,124,-95,-26,29
28,44,-19,93,124,-93,-29,17
25,33,-21,91,123,-91,-32,7
22,22,-24,89,121,-92,-32,-2
19,11,-26,87,120,-93,-35,-14
16,0,-28,85,121,-95,-37,-24
12,-11,-31,83,121,-94,-41,-35
8,-23,-32,81,121,-92,-42,-46
5,-35,-34,80,121,-90,-45,-59
3,-45,-36,78,121,-90,-46,-69
0,-55,-38,76,121,-90,-48,-78
-2,-64,-39,74,121,-90,-50,-85
-6,-72,-40,71,121,-90,-52,-93
-8,-79,-42,70,121,-90,-52,-100
-10,-86,-43,69,121,-90,-54,-106
-12,-91,-43,69,121,-90,-56,-113
-14,-96,-43,69,121,-90,-57,-115
-16,-99,-42,69,121,-90,-59,-118
-17,-101,-42,68,121,-90,-59,-119
-18,-102,-43,67,121,-90,-61,-120
-18,-102,-45,66,121,-91,-61,-123
-18,-102,-45,64,121,-92,-58,-120
-19,-101,-43,64,121,-93,-59,-119
-20,-98,-42,66,121,-94,-61,-117
-21,-94,-42,69,121,-94,-64,-114
-21,-90,-43,70,121,-93,-65,-112
-21,-86,-43,70,121,-93,-64,-106
-19,-80,-42,68,121,-93,-62,-101
-17,-75,-41,68,121,-94,-61,-96
-15,-69,-40,68,121,-95,-58,-91
-13,-65,-40,70,121,-95,-57,-86
-12,-59,-39,73,121,-95,-58,-81
-10,-51,-38,75,121,-95,-57,-74
-7,-44,-37,78,120,-94,-57,-68
-5,-37,-37,77,121,-95,-54,-61
-3,-30,-36,76,122,-96,-51,-56
-2,-24,-34,75,123,-98,-51,-47
0,-17,-32,77,124,-100,-48,-41
2,-9,-31,80,124,-100,-48,-34
4,-1,-31,83,124,-100,-48,-26
7,6,-30,84,125,-100,-46,-19
10,12,-29,84,126,-100,-43,-13
11,19,-28,85,126,-100,-42,-7
12,25,-27,86,125,-100,-41,-1
14,33,-26,87,125,-100,-40,4
16,39,-25,87,125,-100,-39,13
18,45,-25,88,125,-100,-36,18
21,50,-23,89,125,-100,-34,23
22,54,-23,90,125,-100,-32,26
23,59,-22,90,125,-100,-35,31
23,63,-22,90,125,-100,-35,35
24,66,-21,91,125,-101,-34,37
26,67,-20,92,125,-100,-31,37
27,67,-20,93,125,-99,-30,39
28,67,-21,92,125,-97,-30,39
28,68,-21,91,126,-95,-30,39
27,67,-21,90,126,-95,-29,39
27,65,-19,89,125,-95,-29,39
26,63,-19,87,124,-95,-26,36
26,60,-19,86,123,-95,-28,34
26,57,-19,86,122,-95,-28,31
26,54,-19,87,122,-95,-28,29
25,49,-19,87,122,-95,-28,24
24,44,-19,87,121,-95,-29,19
22,38,-20,86,121,-95,-30,14
20,32,-21,85,121,-95,-32,8
19,27,-23,83,121,-93,-32,2
18,22,-24,82,121,-91,-34,-2
17,17,-25,81,121,-90,-35,-7
16,13,-26,80,121,-90,-32,-9
15,9,-26,80,121,-90,-34,-14
15,5,-26,80,121,-90,-34,-18
14,1,-27,79,121,-90,-35,-21
13,-3,-29,78,121,-90,-36,-25
12,-7,-30,77,121,-90,-37,-32
10,-10,-30,76,121,-90,-39,-35
9,-13,-30,77,121,-90,-39,-37
9,-15,-30,77,121,-90,-39,-39
9,-16,-30,76,121,-90,-39,-40
9,-19,-31,76,121,-91,-39,-42
9,-21,-31,75,121,-92,-39,-45
10,-22,-31,76,121,-91,-39,-45
11,-22,-30,76,121,-92,-37,-45
12,-21,-30,77,121,-93,-36,-45
12,-19,-30,77,121,-95,-36,-42
12,-17,-30,77,121,-95,-36,-41
12,-14,-30,77,121,-95,-36,-37
13,-10,-29,78,121,-95,-35,-32
15,-6,-27,79,121,-95,-34,-29
17,-3,-26,80,121,-95,-32,-25
18,0,-27,81,121,-95,-34,-21
19,6,-27,81,121,-95,-32,-17
20,12,-27,83,121,-95,-31,-12
22,19,-25,83,121,-95,-30,-4
24,25,-23,84,121,-95,-29,1
27,33,-21,84,120,-96,-25,7
30,41,-20,86,120,-97,-23,17
32,49,-18,88,121,-97,-24,24
35,58,-17,89,122,-97,-21,32
37,67,-14,91,124,-98,-20,41
40,77,-13,93,125,-99,-17,52
43,88,-11,94,124,-98,-14,62
46,100,-10,96,123,-96,-14,73
49,110,-9,98,124,-95,-12,83
51,120,-8,99,125,-96,-9,92
54,130,-7,99,126,-98,-7,101
56,140,-5,100,126,-101,-6,112
57,149,-3,101,125,-101,-4,120
59,160,-2,104,126,-99,-6,130
61,169,0,106,126,-97,-3,139
64,177,1,108,126,-95,-3,146
66,183,2,109,124,-95,-2,151
68,189,2,111,122,-95,0,157
70,195,2,113,121,-95,-1,162
71,201,2,114,120,-95,0,168
71,206,3,115,121,-95,0,173
72,208,5,115,121,-93,1,174
73,209,5,116,121,-91,1,178
73,209,5,116,121,-90,2,178
73,209,4,115,121,-90,1,175
72,208,3,114,121,-90,1,174
71,206,3,114,121,-90,0,173
71,202,3,113,121,-90,0,168
70,195,2,113,120,-90,-1,163
67,188,1,112,119,-90,-3,156
64,180,0,111,118,-88,-3,148
60,171,-2,109,117,-86,-7,140
57,162,-4,106,117,-85,-9,129
55,151,-7,104,116,-84,-10,120
53,139,-8,104,116,-85,-10,109
49,126,-9,102,116,-85,-14,97
46,113,-11,100,116,-85,-17,83
41,99,-15,97,117,-85,-20,69
36,84,-18,95,117,-83,-23,56
31,68,-20,92,116,-81,-26,40
27,52,-23,90,115,-80,-29,24
22,36,-26,87,114,-79,-32,8
18,20,-29,84,113,-79,-36,-6
13,3,-32,81,114,-80,-37,-21
9,-13,-34,79,113,-80,-41,-39
5,-29,-37,77,112,-80,-45,-54
0,-45,-40,74,112,-79,-46,-69
-3,-59,-44,71,112,-79,-51,-84
-9,-73,-47,68,112,-79,-53,-97
-14,-88,-49,66,112,-79,-57,-109
-17,-102,-50,65,112,-79,-61,-125
-20,-114,-52,63,112,-80,-63,-136
-23,-126,-54,62,112,-80,-65,-147
-25,-137,-56,60,112,-80,-64,-157
-28,-147,-58,58,112,-79,-68,-168
-31,-155,-60,57,112,-79,-70,-177
-33,-162,-61,55,112,-80,-72,-183
-35,-168,-62,54,112,-81,-70,-187
-36,-172,-62,54,112,-83,-73,-191
-39,-175,-62,54,112,-84,-76,-195
-40,-178,-62,54,112,-84,-78,-197
-42,-179,-62,54,111,-85,-78,-198
-42,-179,-62,54,112,-86,-76,-197
-41,-177,-62,54,113,-88,-79,-196
-40,-174,-61,55,115,-90,-78,-194
-40,-171,-60,57,116,-90,-78,-190
-40,-166,-58,58,117,-90,-78,-186
-39,-160,-57,59,116,-89,-78,-179
-36,-153,-56,60,116,-90,-75,-172
-34,-145,-55,61,116,-91,-73,-164
-31,-136,-54,62,116,-93,-73,-157
-28,-128,-52,63,116,-93,-70,-148
-27,-119,-49,64,116,-93,-69,-139
-24,-109,-46,65,116,-93,-65,-129
-20,-97,-44,66,116,-94,-63,-119
-16,-86,-42,67,116,-95,-59,-106
-13,-75,-40,68,116,-95,-57,-96
-10,-63,-38,69,116,-94,-54,-85
-8,-51,-36,72,116,-94,-53,-72
-5,-39,-34,74,116,-94,-52,-61
0,-27,-31,76,116,-94,-48,-50
4,-16,-29,78,116,-94,-43,-37
9,-4,-27,79,116,-94,-40,-26
12,7,-26,80,116,-94,-36,-15
15,18,-25,81,116,-94,-36,-6
18,28,-23,83,116,-94,-34,3
22,38,-20,86,116,-94,-30,14
26,47,-18,88,116,-94,-29,23
30,57,-16,90,116,-94,-26,31
32,65,-14,91,116,-94,-24,39
35,73,-13,92,116,-94,-21,48
38,81,-12,93,116,-94,-19,56
40,90,-10,94,116,-94,-17,64
44,99,-10,95,116,-94,-15,72
48,106,-8,96,116,-94,-12,79
51,112,-7,98,116,-94,-9,85
54,118,-6,99,116,-94,-7,90
57,123,-5,100,116,-95,-4,96
59,128,-5,100,116,-95,-3,101
61,132,-4,100,116,-94,-1,104
62,135,-3,101,116,-93,0,107
63,138,-2,102,116,-91,0,111
64,142,-1,103,116,-90,-1,114
65,145,0,103,116,-89,-1,117
65,147,0,103,116,-90,0,118
65,147,-1,103,116,-90,0,119
65,147,-2,102,115,-90,1,118
64,146,-3,101,114,-89,1,118
62,145,-5,100,114,-89,0,117
61,144,-5,100,115,-90,-1,115
61,141,-4,100,115,-90,-1,113
60,137,-5,100,115,-90,-2,109
57,131,-6,99,114,-89,-4,102
56,124,-7,97,113,-89,-6,96
54,118,-8,97,112,-89,-7,90
52,111,-10,96,111,-89,-8,83
50,102,-11,94,111,-89,-8,75
47,92,-13,93,112,-89,-10,65
44,81,-14,91,112,-89,-13,53
40,71,-16,90,111,-89,-17,43
37,61,-18,88,111,-89,-19,35
32,49,-20,86,111,-89,-21,24
28,38,-22,82,111,-89,-25,14
24,25,-24,80,111,-89,-26,1
20,13,-26,78,111,-89,-30,-9
15,1,-29,78,111,-90,-34,-20
12,-10,-31,76,111,-90,-37,-34
7,-21,-32,74,111,-89,-39,-45
3,-32,-33,71,111,-89,-42,-54
-2,-43,-34,69,111,-89,-45,-64
-7,-53,-36,68,112,-90,-50,-73
-12,-61,-39,67,111,-90,-53,-84
-15,-68,-41,65,111,-91,-57,-90
-17,-75,-42,64,111,-92,-58,-96
-19,-80,-43,63,111,-93,-61,-101
-21,-85,-44,61,112,-94,-61,-106
-24,-89,-45,59,115,-95,-62,-109
-26,-91,-46,59,116,-95,-64,-111
-27,-92,-47,59,116,-94,-65,-114
-28,-93,-47,60,115,-95,-67,-114
-29,-92,-47,59,114,-94,-67,-114
-29,-91,-46,59,114,-94,-67,-111
-29,-90,-47,58,115,-94,-67,-109
-28,-87,-47,60,116,-95,-67,-109
-27,-83,-47,62,116,-96,-67,-106
-25,-79,-46,63,115,-98,-65,-102
-24,-75,-45,64,115,-99,-64,-97
-23,-71,-44,64,115,-100,-64,-92
-23,-65,-43,65,117,-100,-64,-87
-21,-58,-42,66,119,-100,-63,-81
-19,-53,-40,68,120,-100,-63,-75
-16,-48,-38,69,121,-99,-61,-72
-14,-42,-37,70,121,-100,-58,-65
-10,-35,-37,71,120,-101,-56,-58
-7,-27,-36,71,120,-103,-52,-51
-4,-20,-35,72,120,-104,-50,-43
-2,-13,-34,73,122,-105,-48,-37
-1,-6,-32,75,124,-105,-50,-31
0,0,-31,76,125,-105,-48,-25
2,5,-29,78,126,-104,-46,-18
5,10,-27,79,125,-105,-43,-13
8,14,-26,80,125,-106,-41,-9
11,19,-26,80,124,-108,-39,-4
13,25,-27,80,125,-110,-36,0
16,29,-26,80,125,-110,-34,4
18,33,-25,81,126,-110,-35,8
19,36,-24,83,127,-110,-32,10
21,39,-23,83,126,-110,-31,13
24,42,-22,84,125,-110,-29,15
26,44,-22,83,124,-110,-26,17
27,46,-23,83,124,-110,-26,19
28,48,-23,83,125,-110,-25,21
28,50,-23,83,127,-110,-25,23
29,52,-22,83,128,-110,-24,25
30,52,-22,84,128,-110,-23,25
31,52,-20,86,126,-110,-23,28
31,52,-19,86,125,-110,-23,26
30,52,-19,87,124,-110,-23,26
31,52,-19,87,125,-110,-23,26
32,53,-19,86,125,-110,-21,28
34,54,-19,86,125,-110,-20,29
35,55,-19,86,125,-110,-19,30
34,56,-19,87,125,-110,-19,30
34,56,-19,86,125,-110,-20,30
34,56,-19,87,125,-110,-19,30
35,57,-19,87,125,-110,-19,31
36,59,-19,87,125,-110,-18,34
37,61,-19,86,125,-110,-18,35
38,62,-19,86,125,-110,-17,36
39,63,-19,87,125,-110,-15,37
41,66,-19,89,125,-110,-17,40
42,70,-19,91,123,-109,-18,41
42,74,-18,92,122,-109,-18,47
43,77,-16,92,121,-109,-14,50
44,80,-14,91,121,-109,-13,52
46,84,-13,92,122,-109,-12,58
47,89,-12,93,124,-110,-10,63
48,93,-11,93,125,-110,-10,67
48,96,-10,94,125,-110,-9,69
50,99,-10,96,123,-109,-10,73
51,103,-10,97,122,-109,-9,76
53,107,-9,98,122,-109,-8,79
54,111,-8,99,122,-109,-7,83
54,114,-6,99,123,-109,-7,86
56,117,-5,100,122,-110,-6,91
59,120,-4,100,122,-110,-3,93
61,122,-4,100,121,-109,-1,95
61,124,-5,100,121,-108,-1,97
62,127,-5,100,120,-106,0,100
64,129,-5,100,120,-105,1,102
67,131,-5,99,120,-104,3,104
68,132,-4,100,120,-104,4,104
69,132,-3,101,120,-105,6,104
69,134,-2,102,120,-105,3,107
69,136,-1,103,120,-104,3,108
70,138,0,103,120,-104,3,111
70,139,-1,103,121,-105,4,112
71,140,-1,103,120,-105,6,112
73,140,-1,103,119,-104,7,112
74,140,-1,103,117,-103,8,113
74,140,-1,103,115,-101,8,113
74,141,-2,102,115,-99,8,113
75,143,-2,102,115,-99,10,115
75,146,-2,102,116,-99,10,118
76,148,-2,102,115,-99,12,119
76,148,-2,102,115,-98,12,119
75,148,-2,102,116,-97,9,119
75,148,-1,103,116,-97,8,120
75,151,0,103,115,-96,8,123
75,155,-1,103,115,-95,9,125
75,157,-2,102,112,-94,9,128
75,159,-2,102,111,-94,10,129
74,160,-2,102,111,-95,8,130
75,162,-1,103,111,-94,8,133
76,164,-1,103,111,-93,9,135
76,166,-1,103,111,-91,9,136
76,166,-1,103,111,-90,9,136
75,168,-1,103,111,-89,8,137
74,169,-1,103,111,-89,7,139
75,172,-1,103,111,-90,8,141
75,174,-1,103,111,-90,8,144
75,175,0,103,111,-89,8,144
74,176,-1,103,111,-89,7,145
74,177,-2,104,111,-89,7,146
74,179,-4,105,111,-89,4,145
73,180,-4,107,111,-89,4,146
72,180,-3,108,111,-89,3,146
72,180,-2,109,111,-89,2,148
72,179,-1,110,111,-89,3,148
73,180,0,110,111,-89,4,148
73,180,0,110,111,-89,4,150
73,181,-1,110,111,-89,3,150
72,182,-1,110,111,-89,3,151
72,183,-1,110,111,-89,2,151
72,182,0,110,111,-89,3,151
73,181,-1,110,111,-90,3,150
73,180,-1,110,111,-90,4,150
72,179,0,110,111,-89,3,148
71,179,-1,110,111,-89,2,147
68,178,-1,110,111,-90,0,147
68,177,-1,110,111,-91,0,146
68,175,0,110,111,-93,0,145
69,173,0,110,111,-93,0,142
68,172,-1,110,111,-91,0,141
67,171,-2,109,111,-90,-1,140
65,168,-3,108,111,-89,-2,135
64,164,-4,107,111,-89,-3,131
63,159,-4,106,111,-89,-4,128
62,155,-5,105,111,-89,-4,123
61,150,-7,104,111,-90,-6,119
60,146,-7,104,111,-91,-4,115
57,141,-8,103,111,-91,-7,111
55,135,-9,102,111,-91,-9,106
53,128,-10,101,111,-90,-10,97
51,122,-12,99,111,-89,-12,91
50,115,-14,98,111,-89,-13,85
48,108,-15,97,111,-89,-14,79
45,101,-16,96,111,-90,-14,73
41,92,-18,93,112,-89,-19,64
37,83,-19,89,112,-89,-20,56
33,72,-21,87,111,-89,-23,43
31,64,-23,86,110,-90,-23,36
28,56,-24,85,108,-89,-25,29
25,49,-24,83,107,-89,-28,21
21,41,-26,80,107,-88,-30,14
16,32,-28,78,108,-87,-34,7
12,24,-30,77,110,-88,-37,-3
9,15,-31,76,110,-89,-40,-10
7,5,-33,75,110,-90,-42,-20
3,-3,-35,73,109,-89,-42,-28
0,-11,-36,71,110,-90,-46,-35
-3,-19,-37,71,111,-89,-48,-43
-7,-27,-37,70,112,-89,-52,-51
-11,-35,-39,69,112,-89,-56,-59
-14,-42,-41,67,112,-90,-58,-65
-16,-48,-43,65,111,-91,-58,-72
-18,-53,-44,64,111,-93,-59,-76
-21,-58,-45,64,111,-94,-62,-81
-24,-63,-46,63,111,-95,-64,-87
-27,-68,-47,62,111,-96,-67,-92
-29,-71,-48,61,112,-98,-69,-95
-31,-74,-48,60,114,-99,-72,-97
-32,-75,-48,61,115,-100,-72,-100
-32,-77,-48,61,116,-100,-72,-100
-33,-77,-48,61,117,-101,-73,-101
-34,-77,-48,60,119,-102,-74,-101
-36,-77,-48,61,120,-105,-75,-100
-37,-75,-47,61,120,-106,-76,-98
-37,-74,-46,63,120,-108,-76,-97
-36,-72,-44,64,121,-109,-75,-93
-34,-71,-44,64,122,-111,-74,-92
-33,-67,-45,64,125,-113,-73,-90
-32,-63,-45,64,126,-114,-72,-85
-31,-58,-44,64,128,-115,-72,-81
-29,-54,-43,65,129,-116,-70,-76
-27,-49,-42,66,131,-118,-68,-73
-24,-44,-41,67,133,-120,-68,-68
-21,-39,-40,67,133,-122,-64,-64
-18,-34,-40,68,133,-124,-62,-59
-16,-29,-39,69,134,-125,-61,-54
-14,-23,-38,71,135,-126,-58,-48
-11,-18,-36,72,137,-127,-56,-42
-8,-13,-34,72,138,-128,-53,-37
-5,-9,-32,71,138,-130,-51,-31
-3,-6,-30,70,138,-131,-47,-28
-1,-3,-29,71,139,-132,-45,-26
0,0,-28,72,141,-133,-46,-23
3,3,-27,73,142,-135,-43,-19
6,8,-27,74,143,-137,-40,-15
9,10,-27,73,144,-139,-37,-13
11,12,-27,73,146,-140,-35,-10
13,13,-26,74,147,-141,-34,-9
14,15,-24,75,148,-142,-32,-6
15,18,-23,76,147,-144,-32,-3
16,20,-23,77,147,-145,-31,-1
17,22,-23,77,147,-145,-30,0
18,22,-23,76,148,-146,-29,0
20,23,-23,76,151,-146,-28,1
21,24,-23,77,151,-147,-26,1
23,25,-23,76,152,-148,-25,2
24,26,-23,76,152,-149,-24,3
26,27,-23,77,151,-150,-23,4
27,27,-22,77,151,-151,-21,4
28,27,-21,79,151,-151,-23,4
28,28,-20,80,151,-150,-23,6
29,30,-19,80,151,-150,-21,7
29,32,-19,80,151,-150,-21,9
29,34,-20,80,151,-151,-21,10
30,35,-20,80,151,-150,-21,12
31,36,-20,80,151,-150,-20,12
32,37,-20,79,151,-150,-19,14
32,39,-19,80,151,-151,-19,15
33,42,-18,81,151,-151,-19,18
33,44,-17,82,152,-150,-18,20
34,47,-16,83,152,-148,-17,24
35,49,-15,83,151,-147,-17,26
35,51,-16,83,150,-148,-17,29
36,53,-16,83,149,-148,-17,30
36,56,-16,83,148,-149,-15,32
37,58,-16,83,148,-148,-15,35
38,61,-15,84,148,-146,-14,37
40,63,-13,85,148,-145,-13,40
40,64,-12,86,147,-145,-14,40
40,65,-12,86,147,-145,-14,41
40,68,-12,86,147,-145,-14,43
41,70,-12,86,147,-145,-14,46
42,71,-12,86,147,-145,-13,47
43,71,-12,86,147,-145,-12,47
43,71,-12,86,147,-145,-12,46
42,70,-12,86,147,-146,-13,46
42,70,-12,86,147,-145,-13,46
43,71,-12,86,147,-144,-12,46
43,71,-12,86,147,-142,-12,47
42,71,-12,86,148,-142,-13,47
41,70,-13,85,147,-142,-12,46
40,68,-14,84,146,-142,-12,43
40,65,-15,84,144,-141,-12,41
39,63,-14,84,142,-140,-13,40
38,62,-15,84,142,-140,-14,39
36,61,-15,83,142,-140,-17,37
34,59,-16,83,143,-140,-18,35
34,56,-16,83,143,-140,-18,32
34,53,-16,83,142,-140,-18,30
34,50,-17,82,142,-140,-18,25
32,47,-18,81,142,-140,-19,23
31,45,-18,81,142,-140,-20,20
29,42,-17,82,142,-140,-21,18
28,40,-17,82,142,-140,-23,15
28,37,-18,81,143,-139,-23,14
28,36,-19,80,143,-137,-23,12
27,33,-20,79,142,-135,-24,9
26,30,-20,79,142,-135,-25,7
25,28,-19,80,141,-135,-25,4
24,25,-19,80,140,-135,-26,3
23,24,-20,80,139,-135,-28,2
21,24,-21,79,138,-135,-29,1
20,23,-22,78,138,-135,-28,1
19,23,-23,77,138,-135,-29,1
20,23,-23,76,138,-135,-28,1
21,21,-23,76,138,-134,-26,0
21,20,-23,77,138,-133,-26,-2
20,19,-23,77,138,-132,-28,-2
18,20,-24,78,138,-132,-31,-3
17,21,-24,78,138,-132,-32,-3
17,20,-24,77,136,-131,-32,-3
18,19,-24,77,134,-130,-29,-2
19,18,-24,77,134,-130,-30,-6
20,19,-25,79,134,-130,-30,-4
20,19,-26,80,135,-130,-30,-4
21,18,-27,80,135,-130,-31,-6
21,18,-27,80,134,-130,-30,-6
22,18,-26,80,133,-130,-28,-6
22,19,-26,80,133,-130,-28,-4
22,20,-26,80,133,-130,-28,-3
22,21,-27,80,133,-130,-30,-3
21,20,-26,80,133,-130,-29,-3
21,18,-26,80,133,-130,-29,-6
19,17,-26,80,133,-130,-30,-7
18,16,-26,80,133,-130,-31,-7
18,16,-26,80,133,-130,-31,-7
18,16,-26,80,133,-130,-31,-7
18,16,-26,80,133,-130,-31,-7
18,16,-26,80,133,-130,-31,-7
18,16,-26,80,133,-130,-31,-7
18,16,-26,80,133,-130,-31,-7
18,16,-26,80,133,-128,-31,-7
18,16,-27,80,133,-128,-34,-7
18,16,-26,80,133,-129,-31,-7
18,16,-26,80,133,-130,-31,-8
18,16,-26,80,133,-129,-32,-7
18,18,-25,81,133,-127,-34,-6
18,20,-25,82,133,-125,-34,-3
19,22,-25,81,133,-125,-34,-2
20,23,-24,80,133,-125,-30,-1
20,23,-22,80,133,-125,-30,1
19,24,-20,80,133,-126,-30,2
19,26,-19,80,133,-126,-30,3
20,28,-19,80,133,-127,-30,6
21,30,-20,80,133,-126,-29,7
22,32,-20,80,134,-126,-28,8
23,34,-20,80,133,-125,-28,10
23,36,-19,80,132,-125,-28,13
24,39,-20,80,130,-125,-26,15
25,41,-20,80,129,-125,-26,17
25,43,-19,80,128,-125,-26,18
25,44,-19,80,129,-125,-25,19
25,45,-20,80,130,-125,-25,20
27,46,-20,80,131,-125,-24,21
28,46,-20,80,130,-125,-23,21
28,47,-19,80,129,-125,-23,23
28,48,-18,81,129,-125,-23,24
28,50,-18,81,129,-125,-23,25
29,51,-18,81,129,-125,-21,26
30,53,-19,80,129,-125,-21,28
31,53,-20,80,129,-125,-20,28
31,52,-20,80,129,-125,-20,28
31,51,-20,80,129,-125,-20,26
32,49,-19,80,129,-125,-19,24
33,48,-19,80,129,-123,-18,24
33,48,-20,80,129,-122,-18,23
33,48,-20,80,129,-120,-18,23
33,48,-20,80,129,-119,-18,24
33,49,-20,80,129,-120,-18,24
34,48,-20,80,128,-122,-18,24
34,47,-20,80,127,-122,-18,23
34,44,-20,80,127,-123,-18,20
32,42,-20,80,128,-123,-19,18
32,41,-21,81,129,-123,-19,17
32,41,-21,81,129,-122,-19,17
31,41,-21,81,127,-121,-20,18
31,41,-20,80,127,-121,-20,18
32,42,-20,80,127,-122,-19,18
33,42,-20,80,129,-125,-19,18
35,43,-20,80,129,-126,-17,19
36,44,-20,80,129,-125,-17,19
36,44,-20,80,127,-123,-15,20
35,45,-19,80,127,-122,-17,20
35,47,-19,80,127,-123,-17,23
36,50,-19,80,128,-124,-15,25
36,52,-20,80,129,-125,-15,28
36,54,-20,79,129,-125,-15,29
36,55,-19,80,129,-125,-15,30
36,58,-18,81,129,-125,-15,32
37,61,-17,82,129,-125,-15,36
36,65,-16,83,129,-125,-15,41
36,68,-16,83,129,-125,-15,45
36,72,-16,83,129,-125,-17,47
36,74,-16,83,129,-125,-15,50
37,77,-15,84,129,-125,-15,52
38,79,-13,85,130,-125,-14,54
40,82,-12,86,131,-125,-15,57
40,85,-12,86,132,-125,-15,59
40,87,-12,86,133,-125,-15,62
40,90,-12,86,133,-125,-15,64
40,93,-12,86,134,-126,-14,67
42,95,-12,86,133,-127,-13,69
42,97,-12,86,133,-128,-13,70
42,99,-12,86,133,-129,-13,72
43,99,-11,87,133,-130,-13,73
44,100,-11,88,133,-130,-12,73
45,101,-11,87,133,-130,-10,74
46,101,-12,86,133,-130,-9,74
47,102,-12,86,133,-130,-8,75
47,102,-12,86,133,-130,-9,75
46,102,-12,86,133,-130,-9,75
45,101,-12,86,134,-130,-10,74
44,99,-12,86,135,-130,-10,72
44,97,-12,86,136,-131,-12,70
44,95,-13,85,137,-132,-9,68
45,93,-13,85,137,-133,-8,67
44,90,-13,86,138,-134,-12,64
43,87,-12,86,138,-135,-12,61
42,83,-13,85,138,-135,-10,58
41,80,-14,84,138,-135,-12,54
40,77,-16,83,138,-135,-13,52
40,73,-16,83,138,-136,-13,48
39,69,-16,83,139,-137,-13,45
39,64,-17,82,140,-138,-13,39
37,60,-18,81,140,-139,-14,35
36,57,-19,80,140,-140,-15,31
34,52,-20,79,140,-140,-18,28
33,48,-21,79,141,-140,-19,24
31,43,-22,78,142,-140,-18,19
30,38,-23,77,142,-142,-19,14
28,33,-23,76,142,-143,-20,10
28,28,-24,75,142,-144,-20,6
26,23,-26,74,143,-144,-21,-1
24,17,-27,73,144,-144,-24,-6
21,12,-27,73,144,-144,-26,-12
18,7,-27,73,144,-145,-29,-15
15,2,-28,72,144,-146,-31,-20
13,-2,-29,71,145,-147,-31,-24
11,-6,-30,70,146,-147,-32,-28
10,-10,-31,70,147,-147,-34,-32
9,-15,-32,69,147,-147,-35,-36
7,-20,-33,68,147,-148,-37,-43
3,-24,-34,67,147,-150,-40,-47
2,-28,-34,67,147,-150,-41,-51
0,-33,-34,67,147,-150,-42,-56
0,-38,-35,66,147,-150,-42,-59
0,-42,-36,64,147,-150,-41,-63
-2,-45,-37,64,147,-150,-42,-67
-3,-47,-38,64,147,-149,-45,-69
-5,-50,-38,64,147,-148,-46,-72
-6,-53,-38,63,147,-147,-46,-74
-6,-55,-38,61,147,-147,-46,-75
-6,-55,-37,61,147,-147,-46,-75
-6,-55,-36,61,147,-147,-46,-75
-6,-55,-37,61,147,-147,-46,-75
-6,-55,-38,62,147,-147,-47,-75
-6,-55,-38,61,147,-147,-46,-75
-6,-55,-36,60,147,-146,-45,-75
-6,-53,-35,59,147,-146,-43,-72
-5,-50,-34,60,147,-145,-43,-69
-4,-48,-35,61,147,-145,-45,-67
-4,-46,-36,61,147,-145,-45,-68
-3,-44,-36,61,147,-145,-43,-65
-2,-39,-35,60,147,-145,-41,-59
-1,-35,-35,59,147,-145,-40,-54
0,-30,-34,60,148,-145,-39,-51
0,-26,-33,61,147,-145,-39,-47
1,-23,-32,62,146,-145,-37,-43
2,-20,-31,63,144,-145,-39,-41
4,-16,-32,64,142,-145,-37,-37
5,-12,-32,65,142,-145,-36,-34
7,-8,-31,65,142,-145,-35,-30
9,-4,-28,66,142,-145,-32,-26
11,0,-27,66,142,-145,-31,-20
13,2,-27,66,142,-145,-29,-18
14,4,-27,66,142,-145,-28,-15
15,7,-27,66,143,-144,-28,-14
15,9,-26,68,142,-141,-28,-12
15,11,-25,69,141,-140,-28,-9
14,12,-24,69,139,-140,-30,-8
14,14,-23,70,137,-140,-30,-7
15,14,-23,70,137,-140,-30,-7
17,15,-24,69,137,-140,-29,-6
18,16,-24,69,138,-140,-28,-4
18,17,-24,69,138,-138,-26,-4
19,16,-23,70,136,-136,-26,-4
19,15,-24,69,134,-135,-26,-6
18,12,-24,69,133,-134,-26,-8
18,10,-24,69,133,-134,-28,-10
17,10,-24,69,133,-133,-29,-10
16,9,-24,69,133,-131,-29,-12
16,9,-23,70,132,-130,-29,-12
17,9,-24,69,131,-129,-28,-12
18,7,-24,69,130,-130,-26,-13
19,5,-24,69,129,-130,-26,-14
20,3,-24,70,129,-130,-25,-17
20,2,-23,70,128,-128,-25,-18
20,0,-23,70,129,-126,-25,-19
19,0,-25,68,129,-125,-24,-20
18,0,-26,67,127,-124,-24,-20
17,0,-27,67,125,-124,-25,-20
17,0,-26,68,124,-125,-25,-20
17,0,-24,67,123,-125,-25,-20
17,0,-23,66,124,-124,-25,-20
17,0,-23,65,124,-123,-25,-20
18,0,-24,66,124,-121,-25,-20
17,-1,-25,68,124,-120,-25,-21
17,-1,-25,69,124,-119,-28,-21
17,0,-25,68,124,-119,-25,-20
17,0,-26,68,124,-120,-26,-20
17,0,-26,68,124,-120,-26,-19
17,0,-26,67,122,-119,-26,-20
16,0,-26,66,122,-119,-26,-19
15,1,-25,64,123,-119,-25,-18
15,3,-24,62,124,-120,-25,-18
15,3,-24,62,124,-120,-25,-17
16,3,-25,64,123,-119,-24,-17
17,4,-25,67,121,-118,-25,-15
18,6,-25,69,121,-117,-26,-14
19,9,-24,69,121,-116,-26,-12
19,11,-22,69,121,-115,-24,-9
19,14,-22,68,120,-115,-24,-7
19,15,-22,68,119,-114,-24,-6
19,17,-23,69,119,-114,-26,-4
20,19,-24,70,120,-115,-25,-2
21,22,-24,69,120,-114,-24,0
22,26,-23,70,119,-113,-24,3
22,30,-22,71,118,-112,-23,7
23,34,-21,72,117,-111,-23,10
24,37,-20,73,116,-110,-21,13
26,40,-20,73,117,-109,-20,19
28,44,-20,72,116,-109,-19,23
29,49,-20,73,115,-109,-18,24
30,54,-20,75,115,-109,-19,29
31,58,-20,78,115,-109,-19,32
32,62,-20,80,115,-109,-19,36
33,65,-20,80,115,-109,-19,39
35,69,-19,80,115,-109,-17,42
37,73,-18,81,115,-109,-15,47
39,78,-17,82,116,-109,-13,51
40,82,-16,83,116,-110,-13,57
41,86,-16,83,116,-111,-12,61
43,89,-16,83,117,-112,-10,63
44,93,-16,83,118,-113,-9,67
46,97,-16,83,119,-114,-7,70
46,100,-16,83,119,-114,-8,73
46,103,-14,84,120,-114,-8,75
46,105,-14,85,121,-115,-7,78
47,108,-13,85,123,-115,-7,80
49,111,-14,85,124,-118,-6,83
50,113,-13,86,125,-120,-7,85
50,115,-13,86,126,-122,-7,86
50,115,-12,86,127,-123,-7,87
50,117,-12,86,129,-124,-6,89
51,119,-12,86,129,-125,-6,91
52,121,-13,87,129,-126,-4,92
52,122,-14,87,130,-128,-4,93
51,123,-14,89,131,-129,-6,95
50,124,-15,90,133,-130,-9,93
49,126,-15,90,135,-132,-9,95
49,126,-15,89,137,-133,-7,95
50,127,-13,87,138,-134,-7,97
51,127,-11,88,138,-136,-6,98
50,127,-10,90,137,-137,-7,97
50,126,-10,90,137,-138,-7,97
50,124,-10,90,139,-140,-7,96
50,123,-10,89,141,-140,-6,95
51,123,-10,88,142,-140,-6,95
50,123,-9,89,143,-140,-6,95
50,122,-8,90,143,-140,-7,96
50,121,-9,90,142,-140,-7,92
49,120,-9,90,142,-141,-7,91
49,119,-9,90,142,-144,-8,93
47,119,-8,90,142,-145,-8,93
47,119,-8,90,144,-146,-9,93
47,119,-9,90,146,-145,-8,91
48,118,-10,88,147,-145,-8,90
50,116,-11,87,148,-145,-7,89
50,115,-10,87,147,-145,-7,87
49,114,-9,87,147,-145,-4,89
47,113,-8,86,147,-145,-7,87
46,113,-8,85,147,-145,-8,87
45,112,-9,83,147,-145,-8,86
46,111,-9,82,147,-145,-6,86
48,110,-9,83,147,-145,-3,84
48,108,-9,83,147,-147,-6,84
48,108,-9,83,147,-148,-6,83
48,108,-9,83,147,-149,-3,83
48,108,-9,83,147,-148,-3,84
48,108,-9,83,147,-147,-3,84
48,108,-8,84,147,-148,-6,84
48,108,-7,84,147,-149,-6,84
48,108,-8,83,147,-150,-6,83
49,107,-9,83,147,-151,-6,83
49,106,-9,83,147,-150,-4,81
50,106,-8,84,147,-150,-4,81
50,106,-7,85,147,-149,-4,81
49,107,-6,85,147,-148,-6,83
48,108,-7,85,147,-147,-6,83
48,109,-7,86,147,-146,-6,84
49,109,-7,87,148,-145,-6,84
50,108,-7,88,147,-145,-6,83
51,106,-7,88,145,-145,-4,81
52,105,-6,87,144,-145,-2,80
53,105,-6,86,142,-144,-2,80
54,106,-7,85,142,-141,-1,81
54,107,-8,84,142,-139,0,81
55,107,-8,84,141,-137,0,83
55,107,-7,85,139,-135,0,83
55,106,-7,85,136,-133,0,81
55,106,-7,84,134,-132,0,81
55,106,-7,84,133,-130,0,81
55,106,-7,85,133,-129,0,81
55,106,-7,85,132,-126,0,81
55,106,-7,84,130,-123,0,81
55,106,-9,83,127,-121,0,81
55,107,-9,83,126,-119,2,81
55,107,-9,83,124,-118,2,83
55,107,-9,83,122,-116,2,81
55,107,-8,82,121,-114,2,81
55,106,-8,82,119,-113,2,81
56,107,-8,82,118,-111,2,81
56,107,-8,81,117,-109,3,83
55,109,-7,80,115,-107,2,84
54,110,-6,79,113,-105,3,87
54,112,-6,79,112,-104,3,89
56,112,-6,79,111,-104,4,89
57,112,-6,79,110,-104,6,89
58,111,-6,79,109,-102,7,89
58,111,-6,79,107,-100,7,89
58,112,-6,79,106,-99,7,89
58,111,-6,79,106,-99,7,89
58,111,-6,79,106,-99,7,89
57,112,-6,79,106,-99,6,89
57,112,-4,80,104,-97,7,90
58,113,-3,81,102,-97,7,90
60,115,-2,82,101,-97,6,92
60,117,-3,82,101,-98,6,93
59,119,-3,81,101,-99,6,96
58,120,-3,81,101,-98,4,96
58,120,-2,82,101,-97,4,96
58,120,-2,82,101,-97,4,96
59,121,-2,83,101,-97,6,97
59,122,-3,83,102,-98,6,98
59,124,-5,85,103,-99,6,100
59,126,-5,86,104,-99,3,100
59,127,-5,87,103,-99,3,101
59,128,-4,88,104,-98,3,103
60,130,-3,88,105,-98,3,104
60,133,-3,87,106,-99,4,108
61,135,-3,88,106,-100,4,109
61,137,-3,89,105,-102,4,112
62,139,-2,89,106,-104,6,113
63,140,-1,90,107,-104,7,115
64,142,-2,89,109,-105,7,117
65,144,-2,89,110,-106,8,118
65,147,-2,89,111,-107,8,120
65,149,-2,89,112,-108,8,123
66,152,-1,90,112,-108,9,125
67,155,0,92,113,-109,8,129
68,159,1,92,114,-110,8,131
69,160,1,93,115,-112,9,133
68,161,1,93,116,-114,8,134
68,161,1,92,118,-116,8,134
67,163,1,92,119,-118,7,135
67,165,1,92,120,-119,7,137
67,166,1,92,121,-121,7,137
66,166,1,92,122,-123,7,137
66,164,1,93,123,-124,7,136
67,163,1,93,124,-125,7,135
67,162,1,92,125,-126,8,134
67,160,0,92,127,-128,7,133
65,157,0,90,128,-129,6,130
64,152,-2,89,128,-130,7,125
63,146,-3,88,129,-130,7,120
63,140,-4,87,130,-131,7,114
61,134,-5,86,132,-133,4,107
58,130,-6,86,133,-134,2,102
56,124,-7,85,133,-135,0,97
54,118,-8,84,133,-137,-1,92
52,111,-8,82,134,-138,0,85
51,104,-9,80,136,-139,-1,79
50,97,-9,79,138,-140,0,73
47,89,-10,77,138,-140,-2,65
44,80,-11,75,137,-141,-4,57
40,71,-12,74,137,-143,-6,48
37,62,-13,72,139,-145,-8,41
35,55,-14,72,141,-146,-9,34
33,48,-15,71,142,-146,-12,25
31,41,-17,69,142,-147,-13,19
28,36,-18,68,142,-148,-15,14
25,30,-19,67,142,-149,-19,9
23,24,-20,66,143,-150,-19,4
21,18,-21,66,144,-150,-19,-1
20,14,-21,65,145,-150,-20,-4
18,10,-23,64,146,-150,-23,-8
16,7,-24,63,146,-150,-25,-13
13,4,-24,62,147,-151,-26,-15
12,1,-23,62,147,-151,-28,-17
12,0,-22,61,147,-152,-26,-19
12,-2,-22,61,147,-151,-26,-20
11,-2,-22,61,146,-150,-26,-20
9,-2,-23,62,145,-150,-30,-20
7,-3,-24,61,144,-150,-30,-20
7,-3,-23,59,143,-150,-30,-20
7,-2,-23,57,144,-150,-29,-20
7,-2,-23,57,144,-149,-28,-20
8,0,-24,58,142,-147,-30,-18
9,0,-24,61,140,-145,-28,-18
11,0,-23,61,139,-143,-26,-17
11,0,-21,61,137,-141,-26,-18
10,0,-22,61,137,-140,-28,-18
10,0,-22,61,136,-138,-28,-17
12,1,-23,61,135,-137,-26,-17
14,2,-22,61,133,-134,-24,-15
15,3,-21,60,131,-133,-23,-15
15,3,-21,60,130,-131,-23,-14
15,3,-22,61,129,-130,-23,-14
15,3,-23,62,128,-127,-25,-15
15,2,-24,63,127,-126,-25,-18
17,0,-24,63,125,-125,-24,-20
18,0,-24,63,124,-124,-23,-20
17,-1,-24,63,124,-123,-23,-21
17,0,-24,63,124,-121,-23,-20
17,0,-24,63,123,-119,-23,-20
18,-1,-24,63,121,-119,-23,-21
20,-3,-24,63,119,-119,-20,-23
20,-4,-24,63,119,-119,-20,-24
19,-6,-24,63,119,-118,-21,-25
17,-7,-24,62,118,-115,-23,-26
16,-7,-25,62,116,-114,-24,-26
15,-7,-25,61,115,-114,-25,-26
15,-7,-25,62,114,-114,-25,-26
16,-7,-25,62,115,-115,-24,-26
16,-7,-25,62,115,-114,-24,-26
16,-7,-25,62,115,-113,-24,-26
15,-7,-25,62,115,-111,-25,-26
15,-7,-25,61,114,-109,-25,-26
15,-7,-26,61,112,-108,-25,-26
16,-7,-27,60,110,-109,-23,-28
15,-7,-28,59,110,-109,-23,-26
15,-7,-28,59,110,-109,-23,-26
16,-7,-28,59,110,-109,-23,-26
16,-7,-27,60,110,-109,-21,-26
16,-7,-26,61,110,-108,-24,-26
15,-7,-25,61,110,-105,-25,-26
15,-7,-25,61,111,-104,-25,-26
15,-5,-26,61,110,-104,-25,-25
15,-4,-26,61,109,-104,-25,-24
17,-2,-25,61,108,-104,-24,-23
17,-1,-24,62,107,-104,-23,-21
17,0,-25,62,107,-102,-24,-19
15,2,-25,61,107,-101,-25,-18
15,3,-25,61,106,-100,-25,-18
15,3,-24,62,105,-101,-25,-18
14,3,-24,63,106,-100,-25,-17
14,4,-24,63,106,-99,-26,-15
14,6,-24,63,106,-99,-25,-14
15,8,-24,63,106,-99,-25,-12
16,10,-24,63,106,-99,-24,-10
17,12,-24,63,106,-99,-24,-9
18,14,-24,63,106,-99,-23,-7
18,16,-24,63,106,-99,-23,-6
20,18,-24,62,106,-99,-21,-3
21,19,-24,63,106,-99,-20,-2
21,21,-23,64,106,-99,-20,1
20,23,-21,65,106,-99,-20,3
20,25,-21,66,106,-99,-20,4
21,27,-20,66,106,-99,-20,7
21,30,-20,66,106,-99,-20,9
22,32,-20,66,106,-99,-19,10
23,34,-21,66,106,-99,-18,13
25,37,-21,67,106,-99,-19,15
25,39,-21,70,106,-99,-19,15
25,43,-21,72,106,-99,-21,19
24,47,-20,73,106,-99,-21,23
25,49,-19,72,106,-99,-21,26
28,50,-18,71,106,-98,-17,28
30,52,-18,71,106,-99,-15,29
30,54,-18,71,106,-100,-14,31
29,55,-19,72,107,-102,-18,32
28,56,-20,73,108,-104,-19,32
28,55,-20,73,108,-104,-18,32
30,55,-19,72,108,-104,-17,32
32,57,-18,72,108,-104,-15,34
32,59,-18,71,109,-104,-13,35
31,58,-18,70,110,-104,-13,35
30,56,-17,70,111,-104,-14,32
30,54,-16,69,110,-105,-15,31
30,52,-16,69,110,-108,-14,29
31,52,-17,69,110,-109,-14,29
32,51,-18,69,110,-109,-13,29
31,49,-20,68,110,-109,-13,26
30,47,-21,68,110,-109,-14,25
29,45,-21,67,110,-109,-15,23
29,44,-21,66,112,-109,-13,23
29,42,-20,66,114,-109,-13,20
29,40,-20,66,115,-109,-13,19
28,37,-20,66,115,-109,-13,15
28,35,-21,66,115,-109,-14,13
26,33,-21,65,115,-109,-15,12
26,32,-22,64,115,-109,-15,12
25,32,-23,63,115,-110,-17,12
26,32,-23,64,115,-111,-15,12
26,31,-22,64,115,-112,-15,10
26,28,-22,64,115,-113,-15,8
26,26,-22,64,115,-114,-15,6
24,25,-23,63,115,-114,-17,4
23,26,-23,63,115,-114,-19,6
22,28,-23,64,114,-114,-19,8
23,31,-21,65,115,-114,-19,9
25,32,-20,66,116,-114,-17,10
26,32,-20,66,118,-114,-15,10
26,32,-20,66,119,-116,-15,12
26,34,-20,66,120,-118,-15,13
26,36,-21,66,119,-119,-15,15
28,39,-20,66,119,-120,-14,18
28,40,-19,67,119,-119,-15,19
29,42,-18,68,119,-119,-15,20
30,43,-16,69,120,-119,-14,21
30,46,-16,69,121,-119,-14,24
32,50,-17,69,122,-119,-13,28
35,53,-17,69,123,-121,-10,30
36,55,-17,69,123,-123,-9,32
37,58,-15,70,124,-124,-8,37
37,61,-14,72,124,-125,-8,40
37,64,-13,72,124,-125,-8,42
39,67,-13,72,124,-124,-7,45
41,70,-13,72,124,-124,-4,48
43,73,-13,72,124,-124,-3,51
45,76,-12,73,124,-125,-2,53
46,80,-10,75,123,-126,-2,57
48,84,-9,76,124,-128,-1,61
50,87,-9,76,125,-129,0,64
52,90,-9,76,127,-130,2,67
53,92,-8,77,128,-130,2,68
53,93,-7,78,129,-130,2,72
53,97,-6,79,129,-130,3,75
54,101,-6,79,130,-130,3,79
56,105,-6,79,130,-131,4,83
58,109,-6,79,130,-132,7,86
59,111,-5,80,130,-133,8,89
61,114,-3,81,131,-133,9,91
62,116,-2,82,133,-134,8,93
63,119,-2,83,133,-135,9,95
63,121,-2,83,133,-135,9,97
64,123,-2,82,133,-134,9,98
65,125,-2,82,132,-136,10,101
67,127,-2,82,133,-138,13,103
68,130,-2,83,134,-140,13,106
68,131,-2,82,136,-140,14,107
68,132,-2,82,138,-140,13,107
68,133,-2,83,138,-140,13,108
68,136,-2,83,137,-140,13,111
68,137,-2,82,137,-141,14,112
69,137,-2,82,137,-143,14,112
70,135,-2,83,139,-145,15,111
71,133,-3,83,141,-145,17,108
72,133,-3,83,142,-145,17,108
71,133,-3,84,141,-145,15,108
70,133,-3,83,140,-145,15,108
69,133,-2,83,140,-145,14,108
69,132,-2,82,142,-145,14,107
69,130,-3,82,142,-145,14,106
69,128,-3,81,142,-145,17,104
68,126,-4,81,142,-145,15,102
67,125,-5,80,142,-145,14,101
66,123,-6,79,142,-145,14,98
65,121,-6,79,142,-145,13,97
65,119,-6,79,142,-145,13,95
64,117,-6,79,142,-145,12,93
63,115,-6,79,142,-145,12,92
63,113,-5,79,142,-145,10,90
62,111,-6,79,142,-145,10,87
61,108,-7,78,142,-145,9,86
60,106,-8,77,142,-145,9,81
59,102,-9,76,142,-145,8,78
58,98,-9,76,142,-145,7,74
57,94,-9,76,142,-145,6,70
54,91,-9,76,142,-145,3,68
53,88,-10,75,141,-144,2,65
52,86,-12,73,140,-144,4,63
52,83,-13,72,141,-143,4,61
53,79,-13,72,140,-144,4,56
52,74,-13,72,139,-143,4,52
50,71,-13,72,137,-141,2,50
48,69,-13,72,137,-140,1,47
47,68,-13,72,137,-139,0,46
47,66,-13,72,138,-140,0,45
47,64,-13,72,138,-140,0,42
46,61,-13,72,138,-140,-1,41
44,60,-13,72,137,-140,-2,40
43,60,-13,72,137,-140,-2,39
44,60,-13,72,137,-140,-2,40
46,61,-13,72,138,-140,-1,40
47,62,-13,72,138,-140,1,41
48,65,-13,72,137,-140,1,43
49,67,-13,72,136,-140,1,46
49,69,-13,72,134,-140,2,47
49,71,-13,72,133,-140,2,50
50,73,-13,72,132,-139,2,51
52,76,-12,74,133,-138,4,54
54,80,-10,75,133,-136,4,57
56,85,-9,76,133,-135,6,62
58,89,-9,76,133,-134,7,65
59,93,-9,76,133,-134,8,70
60,99,-8,77,133,-135,9,75
61,104,-7,78,133,-135,9,83
63,110,-6,79,133,-134,10,87
64,114,-6,79,133,-134,12,91
65,117,-6,79,133,-135,13,93
65,120,-5,80,133,-135,13,97
66,123,-3,81,133,-134,12,100
66,125,-2,82,132,-133,12,101
66,126,-2,83,130,-131,12,102
67,127,-2,83,129,-130,13,103
68,128,-2,82,128,-129,14,103
70,129,-2,82,128,-130,15,104
71,129,-2,82,129,-130,17,104
70,127,-2,82,129,-130,15,103
69,124,-2,83,128,-130,14,101
67,121,-2,83,128,-130,13,97
65,117,-2,83,129,-130,12,93
64,114,-3,82,129,-130,10,90
63,110,-5,80,128,-128,10,87
61,105,-7,78,127,-126,10,83
60,98,-9,77,125,-124,9,74
58,92,-9,76,124,-124,8,68
57,85,-9,76,123,-124,6,62
55,78,-9,76,124,-125,4,56
52,71,-10,75,124,-125,2,50
49,63,-12,74,124,-124,0,42
46,55,-14,71,124,-123,0,35
43,49,-15,69,122,-121,-2,29
40,43,-14,67,121,-119,-3,24
36,37,-14,66,119,-119,-7,18
33,30,-15,66,119,-119,-9,12
31,23,-16,65,119,-119,-10,4
29,15,-18,63,119,-119,-10,-1
27,8,-18,61,119,-120,-12,-7
25,2,-19,60,119,-119,-14,-15
23,-3,-20,59,119,-118,-15,-20
22,-9,-21,59,120,-116,-17,-26
20,-14,-22,58,119,-114,-18,-31
17,-19,-23,57,118,-114,-18,-36
14,-24,-25,55,116,-114,-20,-40
12,-28,-26,54,115,-114,-23,-43
11,-31,-26,54,114,-115,-24,-46
10,-33,-27,53,115,-114,-25,-51
9,-36,-28,53,115,-113,-25,-53
8,-39,-28,53,115,-111,-26,-56
7,-40,-28,53,115,-109,-28,-57
6,-42,-28,52,115,-109,-29,-58
5,-42,-29,52,115,-109,-29,-59
3,-43,-30,50,115,-109,-29,-59
3,-43,-31,49,114,-109,-29,-59
2,-44,-32,49,112,-109,-30,-61
0,-45,-32,49,110,-108,-31,-62
0,-46,-31,49,110,-108,-32,-62
-1,-45,-31,49,110,-107,-34,-62
-1,-42,-31,49,110,-108,-32,-59
0,-39,-32,49,110,-107,-32,-57
0,-39,-32,49,110,-106,-31,-56
1,-39,-32,49,111,-104,-31,-56
1,-39,-31,49,111,-104,-31,-57
0,-39,-31,49,110,-104,-31,-56
1,-37,-31,49,109,-104,-30,-54
2,-34,-32,49,107,-104,-30,-52
2,-32,-32,49,106,-104,-30,-50
2,-31,-31,49,107,-104,-30,-48
1,-29,-30,50,107,-104,-31,-47
1,-27,-29,52,107,-104,-34,-46
1,-25,-28,53,106,-104,-32,-43
2,-23,-28,53,105,-104,-32,-41
2,-21,-28,53,105,-104,-32,-40
3,-21,-28,52,105,-104,-31,-40
3,-18,-28,52,106,-104,-31,-37
5,-15,-28,53,106,-104,-30,-35
6,-13,-27,54,105,-104,-29,-32
7,-12,-27,57,105,-104,-30,-31
9,-11,-26,58,105,-104,-29,-31
10,-10,-27,59,105,-104,-28,-30
10,-8,-27,60,106,-104,-26,-28
11,-6,-26,61,106,-104,-29,-26
12,-4,-25,61,105,-104,-28,-24
13,-2,-25,61,105,-104,-28,-23
14,-2,-25,61,106,-104,-25,-23
17,-3,-25,62,107,-103,-24,-23
19,-3,-24,63,109,-104,-21,-24
20,-4,-24,63,110,-106,-20,-24
21,-5,-24,63,111,-107,-20,-25
20,-5,-25,62,110,-107,-20,-25
18,-5,-25,61,110,-106,-23,-25
17,-6,-26,61,110,-106,-23,-26
17,-8,-27,60,110,-107,-24,-28
17,-10,-27,60,110,-108,-21,-30
17,-12,-27,60,110,-109,-21,-31
17,-14,-28,59,110,-109,-21,-34
16,-16,-28,59,110,-109,-21,-35
15,-19,-28,59,110,-109,-23,-37
13,-21,-29,58,110,-109,-24,-40
11,-25,-29,57,110,-109,-25,-43
10,-29,-30,57,110,-109,-28,-47
9,-32,-31,57,110,-109,-28,-50
8,-35,-31,56,112,-109,-29,-52
7,-37,-31,56,114,-110,-30,-54
5,-40,-32,55,115,-111,-31,-59
3,-43,-34,54,115,-112,-32,-62
1,-46,-35,53,115,-113,-35,-65
0,-49,-35,53,115,-114,-34,-68
-1,-51,-35,53,115,-114,-37,-70
-1,-54,-35,53,115,-114,-37,-72
-1,-56,-35,53,115,-114,-37,-74
-2,-58,-36,52,115,-114,-36,-76
-3,-59,-36,52,115,-114,-37,-76
-4,-59,-37,51,115,-114,-39,-76
-5,-60,-37,50,115,-114,-39,-78
-6,-62,-38,50,115,-114,-40,-79
-6,-65,-38,50,115,-114,-40,-83
-6,-66,-38,50,115,-114,-40,-83
-6,-65,-38,50,115,-114,-40,-83
-7,-63,-38,50,115,-114,-40,-80
-7,-61,-39,49,115,-114,-40,-79
-6,-60,-38,50,115,-114,-40,-78
-6,-59,-37,50,115,-114,-40,-76
-6,-57,-36,52,115,-114,-40,-75
-6,-55,-35,53,115,-114,-42,-73
-5,-53,-34,53,115,-114,-41,-72
-5,-50,-35,53,115,-114,-41,-69
-4,-49,-35,53,115,-114,-40,-68
-4,-46,-35,53,115,-114,-37,-64
-3,-41,-35,53,115,-114,-40,-61
-2,-37,-34,54,114,-116,-39,-57
0,-34,-32,55,114,-118,-36,-53
1,-32,-31,56,114,-119,-35,-50
2,-29,-31,57,114,-118,-35,-47
2,-25,-31,57,114,-117,-35,-46
3,-21,-31,56,114,-118,-34,-40
4,-16,-31,56,114,-118,-32,-35
6,-13,-30,55,114,-117,-31,-32
7,-10,-30,55,114,-116,-30,-30
9,-7,-30,55,115,-115,-29,-28
10,-4,-30,57,115,-117,-28,-24
11,0,-29,58,115,-119,-26,-20
13,3,-28,60,114,-119,-28,-17
13,6,-26,60,114,-119,-26,-14
14,8,-26,61,115,-119,-26,-13
15,9,-25,61,116,-119,-25,-12
16,10,-25,62,118,-119,-25,-10
16,13,-24,62,119,-119,-24,-8
17,15,-24,63,120,-119,-24,-6
18,18,-24,63,119,-119,-23,-3
18,20,-24,63,119,-119,-23,-1
18,22,-24,63,119,-121,-23,0
20,23,-24,63,119,-123,-21,1
21,24,-24,63,119,-124,-20,1
23,24,-23,63,119,-125,-18,4
24,25,-22,64,119,-124,-18,4
24,27,-21,65,119,-124,-18,7
23,29,-21,65,119,-124,-18,8
24,31,-20,66,119,-124,-18,10
25,32,-20,66,120,-124,-17,12
28,33,-20,66,121,-126,-14,12
29,34,-20,66,122,-128,-13,13
29,34,-19,67,122,-129,-15,13
29,36,-18,68,123,-130,-15,15
29,38,-17,69,123,-129,-15,17
30,40,-16,69,123,-129,-14,19
31,41,-16,69,124,-129,-13,19
33,42,-17,69,124,-131,-12,20
34,43,-17,69,125,-133,-10,21
35,45,-16,69,126,-134,-10,23
36,48,-15,70,127,-134,-9,28
36,50,-14,72,128,-135,-9,30
37,51,-13,73,128,-136,-8,30
38,51,-13,73,128,-137,-7,30
39,51,-13,72,128,-138,-6,31
40,52,-13,72,128,-137,-6,31
40,54,-13,73,127,-138,-6,34
40,56,-13,73,128,-139,-6,36
41,58,-13,72,129,-139,-4,37
42,59,-12,72,131,-139,-4,39
43,60,-11,70,133,-140,-1,39
43,60,-10,69,133,-141,-1,41
43,59,-9,69,133,-142,-1,41
44,61,-10,69,132,-142,0,42
45,63,-10,69,132,-142,1,43
46,65,-10,69,132,-142,1,46
46,67,-10,69,132,-143,2,47
47,68,-9,70,132,-144,2,50
49,70,-8,70,132,-144,3,51
49,72,-7,71,132,-144,3,53
49,75,-7,72,132,-144,4,54
50,77,-6,72,132,-144,2,57
50,79,-6,72,132,-144,2,59
51,81,-6,72,132,-144,3,61
53,83,-6,72,133,-144,7,63
55,86,-6,72,133,-144,7,65
56,88,-5,73,132,-144,8,67
57,91,-3,75,132,-144,8,69
58,93,-2,75,133,-144,9,74
61,97,-3,76,134,-145,12,78
63,102,-3,75,135,-144,14,83
65,106,-2,75,136,-144,15,85
67,108,-1,76,136,-145,17,89
68,111,0,78,136,-146,19,90
69,113,0,79,137,-147,17,92
71,118,0,80,137,-148,18,97
72,122,0,81,137,-147,19,101
73,127,2,82,137,-146,20,104
75,132,3,82,137,-145,21,109
77,136,3,82,137,-144,24,113
79,140,3,83,137,-144,25,117
80,143,3,84,137,-145,24,119
81,145,4,86,137,-145,25,122
83,148,5,88,137,-145,26,124
85,151,5,89,137,-144,29,128
87,154,4,89,137,-144,29,130
89,157,5,90,137,-144,30,133
90,160,6,90,137,-144,30,135
90,164,7,90,137,-144,31,141
91,167,9,90,136,-144,34,144
93,169,9,89,135,-144,35,146
95,171,10,88,135,-144,37,147
96,173,10,88,135,-145,39,150
97,176,9,89,134,-145,39,152
97,178,8,91,134,-144,37,153
97,178,8,92,134,-143,37,155
97,178,9,92,134,-141,37,155
97,178,10,90,134,-140,40,153
97,178,11,88,133,-139,40,153
98,178,10,87,133,-139,42,153
97,178,9,87,133,-140,40,155
97,177,7,87,133,-140,39,153
95,175,7,88,133,-140,37,151
94,172,7,87,133,-139,36,148
93,169,7,86,133,-140,36,146
93,165,8,85,133,-140,37,142
91,160,7,85,133,-140,36,137
88,155,7,84,133,-138,34,134
86,150,5,83,133,-136,31,129
83,145,3,81,132,-135,29,122
81,139,1,79,130,-134,28,117
79,133,0,79,128,-134,28,111
76,125,0,78,128,-134,25,103
73,118,-1,76,128,-134,23,96
69,109,-3,75,128,-134,19,86
66,100,-5,73,128,-134,17,79
63,91,-7,71,128,-134,15,70
59,81,-9,70,128,-134,13,61
55,70,-10,68,128,-134,9,51
49,59,-12,67,128,-134,4,39
43,49,-13,66,128,-134,0,29
38,40,-14,65,128,-135,-2,20
34,31,-17,62,128,-134,-6,13
30,22,-19,60,128,-133,-9,2
26,12,-22,58,128,-131,-13,-6
22,2,-23,57,128,-130,-14,-15
17,-7,-24,56,128,-129,-19,-25
13,-16,-25,55,128,-130,-21,-32
10,-24,-28,53,128,-130,-25,-42
6,-31,-30,50,128,-130,-26,-50
2,-39,-32,49,128,-130,-30,-56
0,-46,-33,48,128,-129,-32,-63
-3,-53,-34,47,128,-130,-35,-69
-6,-59,-34,45,128,-131,-37,-74
-9,-63,-34,45,128,-133,-37,-78
-11,-65,-34,45,128,-134,-42,-80
-13,-68,-35,46,128,-135,-43,-84
-15,-71,-36,45,128,-134,-46,-87
-15,-74,-38,44,128,-134,-46,-91
-16,-76,-39,43,128,-134,-43,-92
-17,-78,-39,43,128,-134,-45,-95
-18,-79,-39,43,128,-134,-46,-96
-19,-80,-39,43,128,-134,-47,-96
-20,-80,-39,43,128,-134,-50,-96
-20,-80,-39,43,128,-134,-47,-96
-19,-80,-38,42,128,-134,-47,-96
-19,-80,-37,41,128,-134,-47,-93
-19,-80,-36,40,129,-134,-47,-93
-20,-80,-36,40,130,-134,-47,-93
-19,-79,-36,41,130,-135,-47,-93
-18,-79,-37,41,130,-135,-46,-93
-16,-79,-36,41,128,-134,-43,-93
-14,-81,-36,40,128,-133,-42,-95
-12,-82,-36,40,128,-131,-39,-95
-12,-82,-35,39,129,-130,-39,-95
-13,-82,-35,39,128,-130,-39,-95
-12,-82,-35,39,127,-129,-39,-95
-11,-83,-36,39,125,-128,-37,-96
-11,-84,-35,39,124,-126,-37,-97
-12,-86,-35,39,123,-125,-37,-100
-13,-88,-36,39,122,-124,-39,-101
-13,-90,-36,40,120,-124,-40,-102
-13,-91,-35,39,119,-123,-39,-103
-12,-92,-34,38,119,-121,-39,-104
-13,-93,-33,37,119,-119,-36,-106
-14,-95,-32,36,119,-117,-37,-106
-14,-97,-32,36,118,-115,-37,-107
-14,-99,-32,35,116,-114,-37,-109
-14,-101,-32,35,115,-114,-37,-111
-14,-104,-32,35,115,-114,-37,-113
-15,-105,-32,36,115,-113,-39,-114
-15,-107,-33,37,115,-111,-39,-118
-14,-108,-34,37,114,-109,-40,-119
-14,-107,-34,36,112,-108,-37,-118
-14,-107,-35,34,110,-109,-37,-118
-15,-106,-35,33,110,-109,-39,-118
-15,-106,-35,33,110,-109,-39,-118
-15,-106,-34,34,110,-109,-39,-117
-15,-106,-33,36,110,-109,-39,-115
-15,-106,-32,36,110,-109,-39,-115
-15,-106,-33,35,110,-109,-39,-115
-15,-106,-35,33,110,-109,-39,-118
-15,-106,-36,32,110,-109,-36,-118
-16,-105,-36,32,110,-109,-40,-117
-17,-103,-37,33,110,-109,-40,-114
-16,-101,-37,34,110,-109,-40,-113
-15,-100,-37,33,112,-108,-39,-112
-14,-99,-36,32,114,-109,-37,-112
-14,-98,-36,32,115,-111,-37,-111
-15,-96,-36,32,115,-113,-39,-108
-14,-95,-35,33,115,-114,-39,-107
-13,-93,-35,34,115,-114,-37,-106
-13,-91,-35,33,114,-114,-36,-103
-13,-90,-35,33,115,-114,-37,-102
-14,-89,-35,33,116,-115,-39,-102
-14,-88,-34,34,118,-118,-39,-101
-14,-86,-34,36,119,-119,-37,-100
-13,-85,-36,37,120,-120,-39,-98
-12,-83,-36,38,119,-119,-37,-97
-12,-82,-36,39,119,-119,-37,-96
-11,-81,-36,39,119,-119,-37,-95
-10,-80,-35,39,119,-119,-36,-93
-9,-79,-35,39,119,-119,-35,-93
-7,-78,-36,39,119,-119,-34,-92
-6,-76,-36,39,119,-119,-32,-90
-6,-74,-36,39,121,-119,-32,-89
-7,-72,-35,40,123,-119,-34,-86
-8,-71,-33,41,125,-119,-35,-85
-7,-69,-32,42,125,-119,-36,-84
-6,-67,-31,43,123,-119,-35,-81
-6,-65,-32,43,121,-119,-35,-80
-5,-64,-33,43,119,-119,-35,-79
-6,-62,-33,43,119,-118,-35,-78
-5,-60,-33,44,119,-117,-35,-75
-3,-57,-34,44,119,-116,-32,-73
-2,-54,-34,45,120,-115,-34,-70
-1,-52,-33,46,119,-115,-32,-68
0,-49,-31,46,119,-114,-30,-65
0,-45,-28,46,120,-115,-29,-59
1,-41,-28,46,120,-115,-28,-56
3,-37,-28,46,119,-114,-26,-52
5,-34,-27,47,118,-113,-25,-48
7,-29,-26,48,116,-112,-25,-45
7,-25,-25,49,115,-113,-25,-41
10,-22,-24,49,114,-112,-23,-39
12,-21,-23,50,115,-111,-20,-37
14,-18,-22,51,115,-109,-19,-32
15,-14,-21,52,115,-109,-18,-29
17,-9,-21,52,115,-109,-17,-24
19,-4,-21,52,114,-109,-14,-20
21,-1,-21,52,112,-109,-13,-17
24,0,-20,53,110,-109,-10,-14
26,3,-18,54,110,-109,-8,-12
28,7,-17,56,110,-109,-9,-9
29,10,-17,56,110,-109,-8,-6
29,13,-17,55,110,-109,-6,-3
29,16,-17,55,110,-109,-6,-1
30,18,-16,56,110,-109,-7,1
33,20,-15,58,110,-109,-4,2
36,21,-14,59,110,-109,-2,6
38,22,-13,59,110,-109,-1,7
38,23,-12,58,110,-109,-1,7
37,23,-12,57,110,-109,0,8
37,24,-13,58,110,-109,-1,9
38,24,-14,59,110,-109,0,9
39,24,-14,59,110,-109,1,8
40,24,-13,58,110,-109,1,8
41,24,-12,57,110,-109,3,8
40,23,-13,58,110,-109,1,8
39,23,-14,59,110,-108,0,8
38,23,-14,59,110,-106,-1,8
38,22,-13,58,110,-106,-1,7
38,21,-13,57,110,-107,-1,6
38,18,-14,57,110,-108,1,3
37,16,-14,56,110,-107,1,2
36,15,-14,56,110,-106,0,1
34,14,-12,57,110,-106,-2,0
32,14,-12,57,110,-107,-3,-1
32,12,-12,58,110,-107,-6,-2
33,10,-14,57,110,-108,-4,-3
34,8,-15,55,110,-108,-2,-4
33,8,-15,53,110,-108,-2,-6
31,7,-15,52,110,-109,-4,-6
30,7,-14,52,110,-109,-3,-7
30,5,-14,52,110,-109,-2,-8
32,3,-14,52,110,-109,-1,-9
31,1,-14,52,110,-109,-2,-12
30,0,-14,52,110,-109,-3,-13
28,0,-14,52,110,-109,-4,-13
28,0,-14,52,112,-108,-4,-13
28,0,-14,52,114,-109,-4,-13
28,0,-14,52,115,-111,-4,-13
29,-1,-14,52,115,-113,-3,-14
30,-3,-14,52,115,-114,-3,-15
31,-3,-14,52,115,-115,-2,-17
31,-4,-13,53,116,-114,-2,-17
31,-4,-12,53,118,-114,-2,-17
30,-4,-12,54,119,-115,-4,-17
31,-3,-12,54,119,-116,-4,-17
32,-2,-12,54,119,-118,-3,-15
32,0,-11,54,121,-119,-3,-13
32,2,-11,54,122,-120,-3,-10
32,2,-10,55,123,-121,-3,-10
32,2,-9,56,124,-122,-3,-8
33,3,-8,57,125,-124,-2,-8
34,5,-7,58,126,-126,-1,-6
35,7,-7,59,128,-128,-1,-3
36,9,-7,59,130,-129,0,-2
37,11,-7,58,132,-130,0,-1
38,13,-6,57,133,-131,2,1
40,16,-4,56,133,-133,4,3
41,18,-2,56,135,-134,6,8
43,20,0,57,137,-135,8,9
44,21,0,58,137,-137,9,10
45,22,0,58,137,-138,7,12
45,25,-1,59,138,-139,8,14
46,27,0,61,139,-140,8,15
46,29,1,61,141,-140,8,18
47,32,3,62,142,-141,9,23
48,36,3,61,143,-143,9,26
49,39,3,61,144,-145,10,29
49,40,3,61,145,-145,10,30
50,42,3,61,147,-145,12,31
51,43,4,63,147,-145,12,34
51,46,5,63,148,-146,13,35
52,48,6,64,148,-148,14,37
54,50,7,65,148,-148,13,39
54,51,8,66,150,-149,13,40
54,53,9,67,151,-150,13,41
52,54,10,68,151,-151,12,45
52,54,10,68,152,-151,12,46
54,55,10,68,152,-151,13,43
55,55,10,68,151,-150,14,46
55,55,10,67,151,-149,14,46
55,55,12,67,151,-148,17,46
56,56,14,68,151,-149,14,47
57,56,16,68,151,-150,18,50
56,57,17,68,152,-151,17,50
55,56,17,67,152,-151,17,50
54,55,17,67,151,-150,15,48
54,53,18,69,151,-149,14,46
54,51,19,70,151,-147,15,45
54,49,21,70,153,-146,15,43
53,48,23,68,155,-145,14,43
51,46,24,67,157,-146,15,42
51,43,24,67,157,-146,14,40
51,40,25,68,157,-146,12,37
51,37,26,69,157,-144,13,34
51,34,28,69,157,-142,13,34
51,32,30,68,157,-141,14,31
49,28,32,68,157,-140,13,28
47,24,33,68,157,-141,12,26
46,20,36,69,157,-141,10,23
46,15,38,68,157,-141,12,20
46,10,40,69,157,-141,13,17
46,6,41,69,157,-141,13,12
44,1,43,70,157,-141,12,8
42,-3,45,71,157,-141,9,6
40,-9,48,72,157,-140,8,0
38,-16,51,72,158,-137,6,-3
36,-23,54,72,159,-136,4,-10
35,-30,57,72,159,-136,6,-14
33,-36,59,73,159,-137,4,-20
32,-44,61,75,159,-136,1,-26
32,-53,64,76,159,-135,1,-32
30,-62,67,78,160,-133,0,-41
28,-72,71,78,160,-132,-2,-48
27,-82,74,79,160,-131,-3,-54
25,-92,77,82,160,-130,-4,-64
22,-101,79,85,160,-128,-7,-73
20,-111,84,88,162,-127,-10,-79
17,-121,89,91,163,-125,-13,-86
15,-133,96,94,163,-123,-14,-95
14,-144,101,98,163,-121,-18,-106
13,-157,106,102,163,-118,-19,-114
12,-169,111,106,163,-115,-21,-123
11,-181,117,111,163,-113,-23,-134
9,-193,123,118,164,-111,-26,-144
8,-205,130,125,164,-108,-30,-152
7,-217,136,133,164,-106,-35,-163
7,-230,142,141,164,-104,-36,-173
9,-243,149,149,164,-101,-39,-183
11,-255,156,158,164,-97,-40,-191
12,-266,164,169,165,-93,-42,-201
13,-276,171,180,165,-90,-46,-208
14,-287,179,194,165,-86,-51,-218
17,-298,188,208,166,-83,-53,-227
22,-309,197,224,166,-79,-56,-234
27,-319,206,239,166,-75,-57,-242
33,-328,215,256,166,-72,-61,-249
39,-335,224,275,166,-68,-63,-256
46,-342,234,296,168,-64,-67,-260
54,-349,243,319,170,-59,-68,-266
63,-355,253,344,172,-54,-73,-272
73,-360,262,369,173,-49,-74,-277
84,-365,270,395,173,-43,-78,-280
96,-368,277,422,173,-36,-80,-284
110,-372,285,451,173,-30,-81,-290
125,-376,294,482,173,-25,-83,-294
141,-380,303,515,174,-20,-84,-299
159,-382,311,551,176,-14,-85,-301
177,-383,317,589,178,-6,-87,-306
198,-384,321,627,179,2,-90,-312
219,-384,325,666,180,10,-90,-314
242,-384,328,707,180,18,-91,-318
265,-382,331,749,181,26,-92,-323
289,-378,333,793,181,34,-95,-324
315,-374,334,839,180,44,-96,-327
343,-369,334,885,179,55,-97,-329
372,-362,333,932,179,67,-96,-330
401,-355,331,980,179,77,-95,-332
431,-346,327,1029,178,88,-96,-330
462,-337,321,1079,177,100,-97,-334
495,-326,315,1130,176,112,-96,-333
529,-314,309,1180,173,125,-95,-330
563,-300,302,1230,171,137,-92,-328
597,-285,292,1279,168,150,-90,-325
631,-269,282,1328,166,166,-89,-323
665,-253,271,1376,162,182,-86,-319
700,-236,259,1424,159,198,-84,-314
734,-217,247,1470,154,215,-79,-311
768,-198,234,1515,149,232,-76,-305
801,-179,220,1558,143,249,-72,-299
832,-159,207,1599,136,266,-70,-291
864,-139,193,1638,130,285,-65,-284
895,-119,177,1675,123,305,-59,-278
925,-98,162,1709,115,325,-56,-271
951,-77,146,1739,107,345,-51,-260
975,-55,130,1766,97,365,-47,-252
997,-35,115,1790,87,386,-45,-241
1018,-14,100,1811,78,407,-40,-234
1037,4,86,1830,68,429,-36,-223
1053,22,74,1843,57,451,-32,-213
1065,41,63,1853,43,473,-29,-202
1074,60,54,1858,30,495,-25,-190
1081,78,44,1860,17,517,-23,-178
1086,94,36,1857,3,539,-19,-166
1088,109,27,1849,-11,561,-14,-153
1087,123,21,1836,-26,585,-9,-144
1084,136,16,1820,-41,608,-3,-131
1078,148,13,1799,-55,631,0,-118
1070,159,12,1774,-71,653,4,-103
1059,169,13,1746,-86,675,9,-90
1044,177,15,1713,-104,697,17,-78
1028,185,18,1678,-122,720,21,-64
1008,192,21,1639,-138,741,25,-51
987,198,25,1598,-155,763,28,-39
964,203,32,1554,-172,784,32,-23
940,210,40,1506,-190,807,37,-8
916,217,50,1456,-207,829,47,9
889,225,61,1403,-223,850,53,30
861,232,71,1350,-239,869,59,48
832,238,83,1296,-255,887,63,64
803,244,95,1241,-272,906,70,84
775,253,107,1185,-289,925,78,106
748,264,120,1128,-304,945,85,129
721,277,134,1071,-318,963,96,155
696,292,148,1015,-331,980,106,183
672,308,162,961,-345,997,114,212
650,327,176,907,-358,1014,128,242
628,350,191,854,-371,1029,137,277
607,374,206,804,-383,1044,150,312
590,402,219,755,-393,1057,163,352
577,433,232,709,-404,1071,179,391
567,469,244,666,-413,1084,196,437
560,509,257,625,-421,1098,213,484
556,554,271,587,-429,1111,233,537
555,604,283,552,-437,1122,253,590
556,658,295,520,-444,1132,273,653
560,717,305,491,-451,1142,294,712
569,782,317,465,-458,1152,318,781
581,852,329,443,-462,1163,341,854
598,928,342,425,-466,1173,369,931
620,1011,355,411,-469,1183,396,1016
645,1100,368,401,-471,1192,427,1104
674,1198,381,393,-474,1199,458,1201
706,1302,393,390,-477,1206,489,1301
741,1414,407,390,-480,1212,522,1411
783,1534,421,396,-481,1219,559,1525
829,1663,437,404,-482,1226,598,1647
878,1800,453,415,-482,1233,639,1777
930,1947,469,429,-483,1241,679,1919
986,2104,487,447,-484,1247,721,2067
1044,2270,506,469,-485,1254,765,2225
1108,2447,527,493,-485,1261,809,2391
1175,2633,549,521,-485,1266,858,2565
1246,2829,573,550,-484,1272,908,2752
1319,3037,598,584,-485,1278,958,2946
1395,3255,625,621,-487,1285,1009,3153
1474,3483,652,661,-488,1291,1062,3368
1556,3723,679,704,-489,1298,1114,3591
1639,3973,707,747,-491,1305,1168,3827
1724,4233,737,792,-493,1311,1224,4069
1810,4502,768,840,-495,1318,1278,4322
1898,4780,802,891,-498,1325,1333,4583
1988,5066,835,943,-500,1332,1389,4850
2079,5357,868,997,-502,1341,1444,5123
2170,5655,902,1050,-505,1351,1500,5402
2259,5959,936,1104,-510,1361,1555,5688
2348,6268,972,1159,-516,1371,1608,5977
2437,6578,1007,1215,-522,1381,1660,6266
2523,6887,1040,1271,-528,1392,1711,6555
2609,7193,1072,1326,-534,1403,1760,6838
2693,7494,1103,1379,-540,1416,1809,7119
2775,7790,1135,1431,-548,1428,1856,7396
2853,8078,1166,1481,-557,1441,1903,7665
2927,8358,1194,1530,-568,1454,1944,7925
2997,8626,1221,1576,-578,1468,1983,8174
3065,8879,1246,1620,-589,1483,2023,8410
3129,9115,1269,1662,-599,1500,2060,8630
3187,9332,1290,1700,-611,1517,2094,8832
3240,9529,1307,1735,-625,1534,2124,9013
3327,9855,1332,1791,-652,1570,2174,9159
3361,9980,1341,1812,-667,1589,2196,9160
3388,10000,1347,1828,-683,1608,2211,9160
3409,10000,1350,1839,-702,1628,2226,9160
3423,10000,1351,1845,-721,1647,2237,9160
3430,10000,1348,1846,-739,1668,2241,9160
3429,10000,1341,1843,-757,1690,2241,9160
3421,10000,1329,1834,-776,1712,2235,9160
3404,10000,1315,1820,-797,1734,2224,9160
3380,9930,1299,1800,-818,1756,2211,9160
3349,9788,1279,1774,-840,1780,2192,9160
3311,9616,1256,1744,-860,1803,2170,9072
3266,9416,1230,1710,-882,1827,2144,8883
3212,9189,1202,1671,-905,1850,2116,8669
3153,8935,1172,1626,-930,1873,2083,8431
3087,8657,1140,1578,-954,1897,2048,8170
3016,8358,1105,1526,-979,1921,2010,7890
2939,8040,1068,1472,-1002,1945,1967,7593
2857,7705,1028,1414,-1026,1969,1920,7280
2769,7356,988,1352,-1051,1991,1872,6952
2677,6993,947,1288,-1077,2014,1821,6613
2580,6620,904,1222,-1101,2037,1766,6262
2481,6238,861,1156,-1126,2059,1707,5904
2378,5853,818,1089,-1149,2081,1646,5545
2272,5465,775,1021,-1172,2101,1586,5182
2165,5077,730,953,-1195,2121,1521,4820
2056,4693,685,885,-1217,2139,1457,4460
1947,4314,640,819,-1239,2157,1391,4104
1839,3943,596,754,-1259,2175,1324,3756
1729,3581,555,690,-1279,2193,1257,3415
1619,3230,515,628,-1298,2210,1187,3087
1511,2891,476,566,-1316,2226,1120,2771
1404,2565,437,507,-1333,2240,1053,2465
1301,2254,400,451,-1350,2254,986,2171
1200,1960,363,399,-1366,2268,919,1895
1102,1684,329,348,-1380,2280,854,1635
1007,1428,296,301,-1392,2291,792,1395
916,1189,264,257,-1403,2301,731,1169
828,968,234,216,-1413,2312,670,959
745,764,206,178,-1424,2322,612,766
667,580,180,144,-1434,2331,557,592
592,414,155,113,-1443,2338,504,433
521,265,132,85,-1450,2343,452,292
455,133,111,60,-1455,2348,404,164
393,16,90,37,-1460,2353,356,52
338,-85,72,16,-1465,2359,316,-45
287,-172,55,-1,-1469,2364,278,-129
241,-245,40,-16,-1472,2368,241,-202
197,-307,25,-29,-1475,2370,207,-261
157,-358,12,-39,-1477,2373,173,-312
120,-398,1,-47,-1480,2376,142,-355
88,-430,-9,-54,-1481,2379,115,-385
60,-453,-18,-60,-1482,2382,91,-410
37,-469,-26,-65,-1483,2385,72,-429
16,-480,-34,-69,-1483,2386,53,-441
-2,-486,-40,-72,-1482,2388,36,-449
-18,-487,-46,-72,-1482,2388,21,-452
-32,-486,-50,-72,-1481,2389,7,-455
-44,-482,-56,-70,-1479,2390,-6,-454
-53,-476,-60,-69,-1478,2392,-17,-450
-60,-469,-64,-69,-1477,2393,-23,-444
-65,-460,-67,-68,-1475,2394,-26,-438
-68,-451,-68,-67,-1474,2393,-32,-429
-71,-442,-70,-65,-1472,2393,-37,-423
-73,-433,-72,-63,-1472,2393,-40,-416
-74,-424,-74,-62,-1472,2393,-42,-410
-75,-417,-75,-61,-1473,2393,-43,-404
-76,-410,-77,-60,-1472,2393,-45,-397
-75,-405,-77,-59,-1470,2393,-46,-393
-75,-402,-79,-58,-1469,2393,-46,-393
-74,-399,-80,-57,-1468,2393,-47,-389
-72,-397,-81,-55,-1467,2393,-46,-386
-70,-395,-82,-54,-1466,2393,-43,-388
-70,-395,-82,-54,-1464,2393,-43,-388
-71,-395,-82,-54,-1463,2393,-45,-388
-72,-397,-82,-54,-1462,2391,-46,-389
-73,-398,-82,-54,-1463,2389,-46,-390
-72,-400,-82,-54,-1461,2388,-46,-393
-72,-404,-82,-54,-1460,2387,-45,-395
-71,-408,-83,-55,-1458,2388,-45,-399
-72,-412,-83,-55,-1457,2388,-45,-404
-73,-415,-83,-55,-1458,2388,-46,-406
-74,-419,-83,-56,-1458,2386,-47,-410
-75,-421,-84,-57,-1459,2384,-47,-411
-75,-423,-85,-57,-1458,2383,-48,-413
-76,-425,-86,-58,-1456,2382,-48,-415
-77,-427,-86,-57,-1455,2382,-50,-417
-78,-430,-85,-57,-1453,2383,-51,-421
-79,-433,-85,-57,-1453,2382,-51,-423
-80,-435,-85,-57,-1453,2381,-52,-424
-80,-435,-86,-57,-1452,2379,-52,-424
-80,-434,-86,-57,-1450,2377,-52,-423
-80,-433,-85,-57,-1449,2377,-52,-422
-81,-432,-84,-59,-1449,2378,-51,-422
-81,-432,-84,-60,-1449,2377,-51,-422
-82,-431,-83,-60,-1449,2376,-52,-418
-83,-430,-83,-60,-1448,2374,-53,-417
-84,-427,-82,-59,-1445,2372,-53,-416
-84,-425,-80,-58,-1444,2371,-54,-413
-83,-422,-79,-58,-1444,2372,-53,-410
-82,-419,-79,-58,-1444,2372,-52,-408
-80,-416,-79,-58,-1445,2372,-51,-405
-79,-412,-79,-57,-1444,2371,-50,-401
-80,-409,-78,-57,-1443,2370,-51,-399
-81,-405,-77,-57,-1441,2370,-51,-395
-80,-402,-76,-56,-1439,2370,-51,-390
-78,-400,-76,-55,-1439,2371,-51,-388
-74,-396,-75,-55,-1439,2370,-47,-384
-72,-392,-75,-54,-1440,2369,-46,-380
-71,-389,-75,-54,-1440,2367,-45,-378
-71,-386,-75,-54,-1439,2366,-45,-374
-70,-382,-75,-55,-1439,2367,-43,-372
-68,-378,-75,-55,-1439,2367,-42,-368
-65,-374,-75,-54,-1439,2368,-40,-363
-64,-369,-74,-54,-1439,2369,-39,-360
-62,-366,-72,-52,-1439,2368,-36,-356
-60,-363,-71,-51,-1439,2367,-35,-354
-58,-360,-70,-52,-1439,2367,-34,-351
-56,-357,-70,-52,-1439,2367,-32,-349
-55,-352,-71,-52,-1439,2367,-31,-344
-54,-348,-70,-53,-1439,2367,-30,-340
-53,-343,-69,-54,-1439,2367,-26,-334
-51,-339,-67,-54,-1439,2367,-25,-330
-50,-336,-65,-53,-1439,2367,-24,-327
-48,-332,-64,-52,-1439,2367,-23,-322
-46,-328,-64,-51,-1439,2367,-21,-318
-44,-324,-65,-51,-1439,2367,-19,-316
-43,-320,-65,-51,-1439,2367,-18,-312
-41,-315,-65,-52,-1439,2367,-17,-307
-40,-310,-63,-53,-1439,2367,-15,-301
-38,-306,-62,-54,-1439,2367,-12,-297
-36,-302,-61,-55,-1439,2367,-9,-294
-34,-298,-61,-55,-1439,2367,-8,-290
-33,-293,-61,-55,-1439,2367,-8,-285
-32,-287,-61,-55,-1439,2367,-7,-280
-30,-280,-61,-56,-1439,2367,-4,-273
-28,-274,-58,-57,-1439,2367,-1,-266
-26,-268,-57,-58,-1439,2367,1,-260
-24,-262,-57,-58,-1439,2367,2,-255
-21,-256,-57,-58,-1439,2367,4,-250
-19,-250,-57,-59,-1439,2367,6,-244
-18,-244,-55,-60,-1439,2367,9,-235
-16,-237,-54,-61,-1439,2367,10,-229
-14,-231,-52,-62,-1439,2367,14,-224
-12,-224,-51,-64,-1439,2367,17,-216
-11,-217,-50,-66,-1439,2367,19,-208
-10,-209,-48,-68,-1439,2367,20,-201
-9,-201,-47,-70,-1439,2367,23,-191
-8,-193,-46,-73,-1439,2367,26,-184
-7,-186,-43,-75,-1439,2367,29,-175
-6,-178,-40,-79,-1439,2367,32,-167
-5,-170,-38,-81,-1439,2367,35,-159
-5,-161,-35,-85,-1439,2367,37,-148
-4,-152,-32,-88,-1439,2367,40,-137
-3,-143,-28,-91,-1439,2366,43,-128
-2,-134,-25,-95,-1439,2366,46,-119
-1,-124,-22,-99,-1439,2365,50,-108
-1,-114,-18,-103,-1439,2365,53,-96
-2,-104,-13,-109,-1440,2365,57,-83
-3,-94,-9,-115,-1440,2364,61,-72
-3,-85,-3,-119,-1440,2362,62,-61
-4,-76,2,-124,-1440,2362,65,-51
-5,-66,9,-129,-1439,2362,68,-37
-8,-55,16,-135,-1438,2362,70,-23
-10,-44,23,-143,-1438,2362,74,-8
-12,-34,30,-150,-1438,2362,76,3
-15,-24,37,-156,-1438,2362,79,17
-18,-16,45,-162,-1438,2362,83,29
-23,-7,53,-169,-1437,2360,83,41
-28,1,60,-175,-1436,2358,81,51
-34,9,67,-182,-1435,2357,83,63
-39,17,76,-189,-1435,2356,83,74
-43,25,86,-195,-1435,2357,86,86
-46,32,96,-202,-1434,2357,86,100
-51,38,106,-208,-1432,2355,89,109
-56,44,116,-215,-1431,2353,89,119
-63,48,125,-221,-1431,2352,89,128
-69,52,134,-227,-1431,2351,87,136
-75,56,143,-234,-1429,2352,89,144
-81,59,151,-240,-1427,2352,87,151
-86,61,159,-245,-1426,2350,87,158
-91,62,168,-250,-1426,2348,86,163
-97,61,176,-254,-1425,2346,86,166
-103,59,184,-258,-1423,2346,83,168
-108,56,191,-261,-1420,2346,83,168
-112,52,197,-264,-1418,2345,80,167
-118,47,203,-267,-1415,2342,78,167
-123,41,208,-270,-1413,2341,78,163
-127,35,211,-272,-1411,2340,74,158
-130,28,213,-273,-1409,2341,74,153
-132,19,214,-273,-1405,2340,72,145
-135,7,215,-271,-1402,2339,67,135
-138,-4,214,-267,-1398,2336,62,123
-140,-18,211,-262,-1394,2335,58,108
-141,-32,209,-258,-1391,2334,56,93
-141,-46,206,-254,-1387,2334,52,78
-140,-61,201,-249,-1384,2333,51,62
-139,-77,194,-244,-1380,2331,47,45
-136,-94,185,-236,-1376,2329,43,23
-133,-112,174,-228,-1373,2328,40,2
-130,-131,162,-220,-1371,2328,37,-20
-126,-150,150,-211,-1367,2328,32,-45
-120,-169,137,-201,-1363,2328,31,-69
-114,-188,123,-190,-1359,2328,28,-92
-107,-208,107,-178,-1354,2327,24,-120
-101,-230,90,-166,-1351,2327,21,-148
-93,-251,72,-153,-1348,2327,18,-178
-85,-272,53,-140,-1344,2327,14,-206
-76,-292,34,-126,-1340,2327,9,-233
-66,-312,14,-112,-1336,2326,8,-262
-57,-330,-5,-96,-1333,2326,3,-290
-47,-349,-25,-80,-1329,2326,0,-318
-38,-368,-47,-64,-1326,2326,-4,-347
-28,-388,-69,-49,-1324,2326,-6,-377
-17,-407,-91,-35,-1321,2325,-8,-402
-6,-425,-111,-21,-1319,2325,-9,-430
3,-442,-131,-7,-1315,2325,-13,-457
13,-457,-151,7,-1311,2325,-14,-479
23,-471,-172,22,-1308,2325,-19,-504
33,-484,-192,36,-1306,2324,-20,-527
44,-497,-212,49,-1306,2324,-21,-546
54,-509,-231,61,-1305,2324,-23,-567
62,-520,-248,72,-1304,2324,-26,-587
70,-531,-264,83,-1302,2324,-28,-605
77,-539,-278,95,-1301,2324,-29,-620
84,-548,-291,104,-1300,2324,-31,-633
91,-555,-304,112,-1300,2324,-32,-646
97,-561,-315,118,-1300,2324,-31,-659
100,-566,-325,125,-1301,2324,-34,-668
102,-569,-333,130,-1302,2324,-36,-676
104,-571,-339,135,-1304,2325,-40,-679
106,-572,-343,138,-1305,2324,-40,-682
108,-572,-345,140,-1307,2323,-40,-686
110,-572,-347,140,-1309,2322,-39,-684
108,-571,-347,138,-1311,2321,-37,-683
104,-569,-345,135,-1314,2322,-39,-679
100,-567,-341,132,-1316,2321,-41,-676
95,-563,-335,129,-1319,2321,-43,-671
90,-560,-328,124,-1322,2320,-43,-664
84,-557,-321,116,-1325,2321,-42,-657
77,-553,-313,107,-1328,2321,-42,-648
68,-549,-304,96,-1332,2320,-43,-640
58,-545,-293,83,-1335,2318,-43,-629
48,-541,-279,69,-1338,2317,-42,-618
36,-536,-265,56,-1342,2316,-43,-605
23,-532,-251,42,-1345,2317,-46,-595
10,-529,-236,28,-1348,2317,-46,-583
-2,-525,-219,12,-1351,2316,-45,-571
-16,-522,-200,-5,-1355,2314,-45,-560
-31,-519,-182,-24,-1359,2313,-43,-545
-46,-518,-164,-43,-1363,2313,-45,-533
-62,-517,-145,-61,-1365,2312,-45,-524
-77,-517,-126,-81,-1366,2310,-43,-512
-93,-517,-106,-101,-1368,2309,-42,-501
-110,-516,-86,-122,-1371,2309,-42,-490
-128,-517,-67,-141,-1373,2308,-43,-479
-147,-519,-47,-161,-1375,2306,-48,-469
-164,-521,-27,-181,-1375,2303,-48,-461
-180,-524,-7,-203,-1375,2301,-47,-452
-196,-528,11,-224,-1375,2299,-45,-445
-213,-532,29,-245,-1375,2298,-46,-440
-229,-536,47,-264,-1376,2296,-46,-432
-245,-539,64,-283,-1376,2294,-47,-426
-260,-542,82,-300,-1376,2293,-47,-419
-275,-545,99,-316,-1374,2291,-47,-411
-288,-549,115,-332,-1372,2290,-48,-405
-301,-552,129,-348,-1370,2288,-50,-402
-313,-556,142,-362,-1368,2285,-48,-397
-323,-560,154,-374,-1365,2283,-50,-394
-332,-564,166,-384,-1361,2280,-50,-393
-340,-567,178,-393,-1357,2279,-50,-389
-347,-569,189,-401,-1354,2277,-50,-384
-352,-570,198,-407,-1351,2275,-50,-380
-354,-571,204,-412,-1347,2272,-47,-379
-356,-572,209,-415,-1342,2269,-43,-378
-356,-573,213,-417,-1336,2266,-45,-375
-354,-572,215,-417,-1332,2264,-42,-373
-351,-570,216,-414,-1328,2262,-40,-372
-345,-568,216,-409,-1325,2261,-36,-372
-337,-565,216,-403,-1319,2259,-34,-369
-328,-562,214,-396,-1313,2256,-30,-368
-318,-557,211,-388,-1306,2254,-25,-366
-304,-552,205,-377,-1300,2252,-19,-366
-289,-545,198,-365,-1295,2251,-14,-363
-271,-537,190,-350,-1290,2250,-7,-361
-252,-527,181,-333,-1284,2249,-1,-358
-230,-516,171,-316,-1278,2248,4,-355
-206,-505,159,-299,-1271,2246,15,-351
-180,-494,147,-280,-1264,2244,25,-350
-153,-481,134,-260,-1258,2243,36,-344
-124,-466,122,-238,-1252,2243,48,-339
-92,-450,108,-216,-1246,2243,64,-334
-57,-433,94,-193,-1242,2243,79,-327
-22,-415,80,-169,-1238,2240,96,-319
15,-395,65,-144,-1232,2238,113,-312
54,-373,50,-119,-1226,2237,130,-300
97,-350,35,-93,-1219,2237,152,-288
143,-324,21,-68,-1213,2239,178,-274
191,-295,8,-43,-1209,2239,202,-257
240,-264,-2,-17,-1206,2239,231,-235
290,-231,-11,9,-1203,2237,262,-213
343,-196,-19,35,-1199,2235,291,-187
400,-158,-25,60,-1195,2235,329,-158
460,-115,-30,84,-1192,2236,368,-123
522,-66,-30,108,-1189,2237,411,-83
586,-12,-28,132,-1187,2239,457,-34
654,46,-22,157,-1185,2240,505,20
727,112,-13,182,-1183,2239,560,80
805,185,0,207,-1181,2238,618,148
888,266,14,230,-1181,2239,683,228
974,357,35,253,-1182,2240,751,317
1064,460,60,277,-1183,2242,822,418
1161,575,90,302,-1183,2243,903,533
1266,704,126,328,-1183,2244,990,664
1377,847,167,353,-1184,2245,1085,809
1496,1006,214,378,-1186,2247,1185,971
1623,1183,268,403,-1189,2248,1295,1153
1758,1382,328,431,-1191,2251,1413,1357
1903,1603,395,461,-1193,2253,1539,1585
2058,1849,469,493,-1196,2255,1673,1835
2224,2120,549,528,-1198,2258,1818,2115
2401,2421,637,565,-1201,2259,1972,2423
2590,2752,734,607,-1205,2262,2136,2761
2792,3117,840,652,-1208,2264,2312,3133
3010,3516,954,701,-1211,2268,2501,3540
3242,3952,1074,755,-1214,2272,2701,3984
3491,4429,1203,812,-1217,2275,2915,4467
3754,4949,1343,874,-1220,2278,3140,4991
4025,5507,1492,943,-1223,2282,3374,5556
4305,6105,1650,1019,-1226,2287,3610,6159
4618,6759,1817,1101,-1229,2294,3875,6816
4986,7484,1992,1189,-1233,2300,4187,7542
5371,8259,2179,1284,-1238,2306,4511,8318
5660,9016,2376,1388,-1243,2312,4747,9079
5731,9685,2581,1500,-1247,2320,4791,9205
5524,10000,2795,1620,-1251,2331,4582,9201
5222,10000,3019,1748,-1255,2341,4284,9195
4880,10000,3252,1885,-1259,2351,3946,9190
4513,10000,3496,2030,-1264,2361,3585,9183
4133,10000,3748,2185,-1268,2373,3205,9177
3773,10000,4009,2349,-1274,2386,2843,9171
3513,10000,4278,2519,-1279,2400,2568,9166
3419,10000,4553,2699,-1285,2416,2442,9164
3419,10000,4836,2888,-1290,2433,2401,9162
3431,10000,5126,3087,-1297,2451,2362,9162
3441,10000,5424,3294,-1306,2470,2323,9161
3432,10000,5728,3508,-1315,2491,2260,9160
3423,10000,6038,3728,-1325,2515,2197,9160
3422,10000,6352,3954,-1335,2540,2137,9159
3423,10000,6665,4183,-1345,2566,2081,9157
3423,10000,6980,4416,-1357,2593,2019,9156
3423,10000,7305,4661,-1371,2622,1954,9155
3423,10000,7647,4923,-1387,2653,1883,9154
3423,10000,7984,5184,-1407,2688,1811,9153
3423,10000,8261,5394,-1427,2724,1754,9151
3423,10000,8432,5511,-1449,2764,1727,9151
3423,10000,8482,5522,-1473,2804,1732,9151
3423,10000,8498,5505,-1499,2846,1745,9151
3423,10000,8498,5474,-1528,2891,1760,9151
3423,10000,8511,5458,-1559,2938,1773,9153
3423,10000,8532,5450,-1593,2988,1781,9153
3423,10000,8547,5442,-1630,3040,1789,9153
3423,10000,8557,5431,-1671,3095,1798,9153
3423,10000,8565,5421,-1717,3152,1805,9153
3423,10000,8573,5412,-1767,3210,1811,9153
3423,10000,8578,5406,-1820,3270,1816,9153
3423,10000,8582,5402,-1875,3333,1818,9153
3423,10000,8586,5398,-1935,3399,1821,9153
3423,10000,8589,5394,-1999,3465,1825,9153
3423,10000,8591,5392,-2069,3534,1825,9153
3423,10000,8592,5391,-2143,3603,1827,9153
3423,10000,8591,5392,-2222,3674,1825,9153
3423,10000,8589,5394,-2304,3746,1825,9153
3423,10000,8586,5398,-2390,3820,1821,9153
3423,10000,8581,5403,-2480,3895,1818,9153
3423,10000,8576,5409,-2575,3971,1814,9153
3423,10000,8569,5416,-2675,4048,1807,9153
3423,10000,8562,5424,-2779,4125,1803,9153
3423,10000,8553,5434,-2887,4202,1794,9153
3423,10000,8543,5445,-2999,4277,1787,9153
3423,10000,8532,5457,-3115,4352,1778,9153
3423,10000,8520,5470,-3235,4428,1767,9151
3423,10000,8507,5485,-3358,4504,1756,9151
3423,10000,8493,5501,-3484,4579,1745,9151
3423,10000,8478,5518,-3613,4652,1732,9151
3423,10000,8462,5536,-3745,4724,1720,9151
3423,10000,8445,5554,-3879,4795,1705,9151
3423,10000,8428,5573,-4016,4866,1691,9150
3423,10000,8409,5594,-4155,4934,1676,9150
3423,10000,8389,5616,-4296,5001,1660,9150
3423,10000,8368,5640,-4439,5065,1643,9150
3423,10000,8346,5664,-4582,5127,1624,9149
3423,10000,8324,5688,-4725,5186,1606,9149
3423,10000,8303,5712,-4870,5244,1589,9149
3423,10000,8281,5736,-5015,5299,1571,9149
3423,10000,8258,5762,-5160,5352,1551,9148
3423,10000,8234,5789,-5304,5403,1530,9148
3423,10000,8210,5815,-5448,5450,1513,9148
3423,10000,8187,5841,-5591,5496,1492,9148
3423,10000,8164,5866,-5734,5539,1475,9147
3423,10000,8141,5891,-5875,5581,1455,9147
3423,10000,8119,5916,-6014,5620,1438,9147
3423,10000,8097,5941,-6153,5657,1419,9147
3423,10000,8075,5965,-6289,5691,1402,9145
3423,10000,8053,5989,-6422,5724,1384,9145
3423,10000,8031,6013,-6552,5755,1366,9145
3423,10000,8010,6037,-6681,5783,1348,9144
3423,10000,7992,6059,-6807,5810,1333,9144
3423,10000,7972,6078,-6931,5833,1317,9144
3423,10000,7950,6094,-7050,5855,1303,9144
3423,10000,7927,6108,-7166,5876,1290,9144
3423,10000,7916,6133,-7280,5895,1275,9143
3423,10000,7909,6160,-7392,5912,1259,9143
3423,10000,7895,6176,-7502,5927,1248,9143
3423,10000,7825,6139,-7608,5941,1252,9143
3423,10000,7665,6021,-7710,5955,1284,9144
3423,10000,7444,5848,-7807,5969,1330,9144
3423,10000,7208,5659,-7902,5980,1384,9145
3423,10000,6987,5483,-7994,5990,1435,9147
3423,10000,6783,5319,-8084,5998,1481,9147
3423,10000,6581,5157,-8170,6005,1529,9148
3423,10000,6378,4991,-8253,6013,1575,9149
3423,10000,6176,4826,-8333,6020,1622,9149
3422,10000,5980,4665,-8411,6026,1671,9150
3423,10000,5789,4506,-8485,6032,1718,9151
3429,10000,5603,4351,-8557,6039,1767,9151
3434,10000,5421,4200,-8625,6044,1817,9153
3426,10000,5245,4053,-8691,6047,1854,9154
3419,10000,5074,3909,-8756,6049,1890,9154
3419,10000,4909,3770,-8818,6051,1931,9155
3486,10000,4749,3635,-8877,6054,2032,9156
3649,10000,4594,3504,-8932,6058,2220,9160
3863,10000,4444,3376,-8985,6061,2453,9164
4074,10000,4298,3252,-9037,6065,2683,9168
4251,10000,4157,3132,-9088,6067,2880,9171
4406,10000,4022,3016,-9137,6069,3057,9175
4556,10000,3890,2904,-9184,6070,3228,9177
4709,10000,3762,2796,-9228,6071,3399,9181
4861,10000,3639,2692,-9270,6072,3568,9183
5008,10000,3520,2591,-9311,6074,3733,9186
5149,10000,3405,2494,-9351,6076,3891,9189
5287,10000,3292,2399,-9389,6078,4044,9192
5419,10000,3183,2307,-9425,6078,4190,9194
5547,10000,3079,2220,-9459,6079,4333,9197
5669,9975,2979,2137,-9491,6079,4470,9199
5788,9779,2883,2057,-9521,6079,4600,9201
5902,9591,2790,1979,-9551,6081,4729,9204
6010,9409,2700,1903,-9581,6082,4850,9205
6108,9231,2612,1828,-9610,6083,4962,9208
6201,9059,2527,1759,-9631,6083,5068,9131
6304,8903,2445,1693,-9643,6083,5182,8968
6405,8754,2366,1630,-9645,6083,5295,8810
6494,8607,2291,1568,-9645,6082,5399,8655
6519,8428,2219,1508,-9643,6080,5443,8473
6404,8172,2149,1450,-9644,6078,5357,8218
6194,7869,2079,1394,-9644,6077,5186,7918
5963,7560,2012,1340,-9645,6077,4997,7613
5762,7277,1947,1289,-9645,6077,4834,7331
5594,7018,1886,1240,-9645,6076,4699,7076
5437,6772,1827,1193,-9645,6075,4574,6832
5277,6532,1771,1148,-9645,6074,4445,6594
5116,6297,1717,1105,-9645,6073,4314,6362
4960,6069,1664,1064,-9645,6072,4185,6136
4808,5850,1612,1024,-9645,6072,4062,5919
4660,5637,1562,986,-9645,6072,3942,5706
4518,5432,1514,949,-9645,6072,3824,5504
4381,5236,1467,913,-9645,6072,3714,5308
4249,5048,1422,878,-9645,6071,3606,5122
4122,4868,1380,843,-9645,6070,3504,4945
4000,4694,1339,811,-9645,6069,3404,4770
3882,4525,1299,782,-9645,6068,3308,4604
3770,4363,1260,753,-9645,6068,3214,4443
3661,4208,1223,724,-9645,6067,3127,4289
3557,4059,1187,696,-9645,6067,3040,4140
3456,3915,1152,670,-9645,6067,2960,3997
3358,3776,1119,645,-9645,6067,2880,3859
3264,3642,1087,622,-9645,6067,2801,3725
3173,3514,1056,599,-9645,6067,2727,3597
3085,3390,1026,576,-9645,6067,2656,3475
3001,3272,997,553,-9645,6067,2587,3357
2920,3157,969,532,-9645,6067,2520,3244
2842,3047,941,512,-9645,6068,2456,3134
2765,2940,914,494,-9645,6067,2392,3027
2692,2838,889,477,-9645,6067,2331,2926
2622,2739,866,459,-9645,6066,2274,2826
2555,2644,843,441,-9645,6065,2218,2732
2489,2554,819,424,-9645,6066,2164,2641
2425,2466,796,408,-9645,6067,2111,2553
2363,2382,774,394,-9645,6067,2061,2469
2303,2300,753,380,-9645,6067,2010,2387
2247,2221,733,367,-9645,6068,1962,2307
2192,2144,713,353,-9645,6068,1919,2230
2138,2070,692,339,-9645,6067,1872,2154
2085,2000,673,325,-9645,6066,1829,2086
2035,1932,656,313,-9645,6064,1788,2016
1987,1867,640,302,-9645,6064,1749,1951
1940,1803,623,291,-9645,6066,1710,1888
1893,1742,606,281,-9645,6067,1668,1826
1847,1683,590,270,-9645,6068,1632,1766
1804,1624,575,260,-9645,6067,1596,1707
1764,1568,560,249,-9645,6066,1562,1651
1724,1514,546,240,-9645,6065,1529,1597
1685,1463,533,231,-9645,6066,1496,1545
1645,1414,520,224,-9645,6067,1461,1495
1607,1365,508,216,-9645,6067,1429,1446
1571,1318,496,207,-9645,6068,1400,1400
1536,1272,484,198,-9645,6067,1370,1353
1502,1227,471,190,-9645,6067,1344,1307
1470,1184,458,182,-9645,6067,1317,1263
1438,1143,447,176,-9645,6067,1289,1223
1408,1103,436,169,-9645,6067,1263,1181
1377,1065,426,162,-9645,6067,1236,1145
1348,1028,417,156,-9645,6067,1213,1108
1321,992,408,149,-9645,6067,1191,1070
1294,957,398,143,-9645,6067,1169,1036
1268,923,388,137,-9645,6067,1146,999
1242,890,379,132,-9645,6067,1123,968
1216,859,370,127,-9645,6067,1102,937
1191,829,362,122,-9645,6067,1080,907
1167,798,354,117,-9645,6067,1060,874
1144,769,346,112,-9645,6067,1040,844
1122,740,337,106,-9645,6067,1022,815
1101,713,328,101,-9645,6067,1004,788
1080,687,320,95,-9645,6067,987,762
1060,661,313,91,-9645,6067,969,736
1041,636,306,87,-9645,6067,955,710
1023,612,299,84,-9645,6067,939,686
1005,589,294,79,-9645,6067,924,662
987,567,288,75,-9645,6067,909,639
969,545,281,71,-9645,6067,893,617
951,523,275,68,-9645,6067,877,595
935,501,268,66,-9645,6067,863,572
919,480,262,63,-9645,6067,849,551
905,461,256,59,-9645,6067,838,531
891,443,250,55,-9645,6067,826,512
877,425,244,51,-9645,6067,815,495
862,406,238,48,-9645,6067,803,476
849,387,234,45,-9645,6067,791,456
835,370,230,43,-9645,6067,778,438
822,353,225,41,-9645,6067,766,422
809,337,219,37,-9645,6067,758,406
796,322,213,33,-9645,6067,747,389
783,307,208,30,-9645,6067,734,373
771,292,205,28,-9645,6067,723,360
760,278,202,28,-9645,6067,714,344
748,263,198,27,-9645,6067,704,330
737,249,195,24,-9645,6067,695,314
725,236,190,21,-9645,6067,686,302
714,223,186,18,-9645,6067,676,289
704,210,182,15,-9645,6067,668,277
694,198,179,14,-9645,6067,660,263
684,188,176,13,-9645,6067,651,253
675,177,173,10,-9645,6067,643,241
667,165,170,8,-9645,6067,636,230
659,153,167,6,-9645,6067,628,217
651,142,164,4,-9645,6067,621,207
642,133,159,3,-9645,6067,614,196
633,123,155,2,-9645,6069,605,185
625,113,152,0,-9645,6070,600,175
617,103,150,-2,-9645,6070,593,167
610,94,148,-4,-9645,6070,587,158
603,86,146,-6,-9645,6068,583,150
596,78,143,-7,-9645,6068,577,141
589,69,139,-7,-9645,6069,568,131
580,60,136,-8,-9645,6069,561,122
572,51,134,-10,-9645,6069,554,112
566,43,132,-13,-9645,6068,550,104
560,36,129,-14,-9645,6067,544,98
554,29,126,-15,-9645,6067,539,89
548,22,123,-15,-9645,6068,534,84
541,16,121,-15,-9645,6069,526,75
535,10,119,-16,-9645,6069,522,69
529,2,119,-17,-9645,6069,517,62
524,-3,117,-19,-9645,6068,512,56
519,-10,115,-21,-9645,6067,507,50
513,-16,114,-22,-9645,6067,502,42
507,-21,111,-24,-9645,6067,500,37
502,-28,109,-25,-9645,6067,495,31
498,-35,108,-27,-9645,6067,491,25
493,-41,106,-29,-9645,6067,488,19
488,-47,105,-30,-9645,6067,485,12
483,-52,104,-30,-9645,6067,480,7
478,-58,101,-31,-9645,6067,473,1
473,-64,98,-31,-9645,6067,469,-6
469,-70,96,-32,-9645,6069,466,-10
464,-75,94,-32,-9645,6071,462,-18
460,-80,93,-33,-9645,6072,457,-23
455,-84,92,-34,-9645,6071,454,-26
452,-89,91,-36,-9645,6070,452,-30
449,-94,90,-37,-9645,6070,450,-36
446,-100,89,-38,-9645,6070,448,-41
440,-105,87,-39,-9645,6070,443,-46
435,-109,85,-39,-9645,6070,438,-52
431,-112,82,-39,-9645,6070,434,-54
428,-116,79,-39,-9645,6070,429,-61
426,-121,78,-40,-9645,6070,430,-65
423,-125,77,-42,-9645,6070,427,-69
419,-129,77,-42,-9645,6070,423,-73
415,-132,76,-43,-9645,6070,419,-75
411,-135,74,-44,-9645,6069,417,-79
408,-139,73,-45,-9645,6069,413,-84
405,-143,73,-46,-9645,6069,411,-87
402,-147,72,-46,-9645,6071,411,-91
398,-151,71,-47,-9645,6072,407,-95
395,-155,69,-47,-9645,6073,402,-98
392,-159,67,-46,-9645,6073,399,-104
390,-162,66,-44,-9645,6072,395,-107
388,-165,67,-45,-9645,6071,395,-109
385,-167,66,-46,-9645,6070,393,-112
382,-171,65,-49,-9645,6071,390,-115
379,-174,64,-49,-9645,6072,388,-119
376,-177,63,-48,-9645,6072,385,-122
373,-179,62,-48,-9645,6072,383,-123
371,-181,61,-49,-9645,6072,380,-125
368,-184,60,-50,-9645,6072,378,-130
365,-188,59,-51,-9645,6072,378,-134
363,-191,59,-51,-9645,6072,374,-136
362,-193,59,-51,-9645,6072,372,-137
361,-195,57,-51,-9645,6072,372,-140
359,-197,55,-52,-9645,6072,371,-142
358,-200,54,-52,-9645,6072,369,-147
355,-202,53,-52,-9645,6072,366,-148
352,-204,52,-51,-9645,6072,363,-151
350,-206,51,-52,-9645,6072,362,-153
349,-209,50,-53,-9645,6072,361,-156
348,-212,49,-54,-9645,6072,360,-158
346,-213,48,-54,-9645,6072,358,-159
344,-215,49,-54,-9645,6072,357,-161
342,-216,49,-54,-9645,6072,355,-162
340,-219,49,-54,-9645,6072,354,-164
338,-221,47,-55,-9645,6072,351,-169
336,-224,46,-56,-9645,6072,350,-170
335,-225,45,-57,-9645,6072,351,-173
333,-226,45,-57,-9645,6072,349,-173
331,-228,45,-57,-9645,6072,347,-175
328,-231,44,-58,-9645,6072,345,-178
327,-234,42,-59,-9645,6072,344,-180
325,-237,40,-59,-9645,6072,343,-185
324,-238,39,-59,-9645,6072,339,-186
322,-239,39,-58,-9645,6072,338,-187
321,-239,38,-57,-9645,6072,335,-187
319,-240,38,-57,-9645,6072,335,-189
318,-242,38,-57,-9645,6072,333,-190
315,-242,38,-57,-9645,6072,332,-191
313,-244,39,-57,-9645,6072,329,-192
313,-246,38,-57,-9645,6072,329,-194
312,-248,37,-58,-9645,6072,328,-196
312,-250,36,-60,-9645,6072,328,-201
311,-252,34,-60,-9645,6072,327,-201
309,-252,34,-61,-9645,6072,325,-202
307,-253,34,-60,-9645,6072,324,-202
307,-253,35,-61,-9645,6072,323,-203
306,-254,36,-61,-9645,6072,325,-201
306,-256,36,-62,-9645,6072,325,-203
305,-259,35,-61,-9645,6072,324,-206
303,-261,35,-61,-9645,6072,321,-211
302,-263,34,-60,-9645,6072,319,-212
301,-263,34,-60,-9645,6072,318,-212
300,-263,34,-61,-9645,6072,317,-212
299,-263,35,-62,-9645,6072,318,-211
298,-265,34,-63,-9645,6072,318,-214
297,-266,34,-62,-9645,6072,317,-216
297,-267,33,-62,-9645,6072,317,-216
297,-269,33,-64,-9645,6072,317,-218
296,-271,33,-66,-9645,6072,318,-219
294,-272,33,-67,-9645,6072,317,-220
293,-274,32,-65,-9645,6072,313,-222
292,-274,31,-63,-9645,6072,312,-223
291,-275,31,-63,-9645,6072,312,-223
290,-275,31,-65,-9645,6072,311,-223
289,-275,31,-66,-9645,6072,310,-223
288,-276,29,-67,-9645,6072,311,-224
286,-277,28,-67,-9645,6072,307,-225
285,-280,27,-67,-9645,6072,306,-230
285,-282,27,-67,-9645,6072,306,-231
285,-284,27,-67,-9645,6072,306,-234
284,-285,28,-67,-9645,6072,306,-234
284,-285,27,-67,-9645,6072,305,-234
282,-285,27,-67,-9645,6072,303,-235
281,-286,26,-68,-9645,6072,302,-236
279,-288,26,-68,-9645,6072,301,-238
277,-289,26,-68,-9645,6072,300,-238
276,-289,27,-67,-9645,6072,299,-238
276,-289,26,-68,-9645,6072,299,-238
276,-289,25,-69,-9645,6072,300,-239
275,-290,24,-70,-9645,6072,300,-239
274,-291,23,-70,-9645,6072,299,-240
273,-292,23,-69,-9645,6072,295,-241
272,-292,22,-69,-9645,6072,295,-241
271,-292,22,-68,-9645,6071,294,-241
269,-293,22,-69,-9645,6070,291,-242
269,-295,22,-69,-9645,6071,291,-244
269,-297,23,-69,-9645,6072,292,-246
271,-298,23,-70,-9645,6072,296,-247
271,-298,22,-71,-9645,6072,296,-247
269,-299,20,-72,-9645,6072,295,-250
267,-300,19,-72,-9645,6072,292,-251
266,-301,18,-72,-9645,6072,289,-251
266,-301,17,-71,-9645,6072,289,-251
266,-301,17,-70,-9645,6072,290,-251
266,-301,16,-69,-9645,6072,290,-251
265,-301,16,-69,-9645,6072,289,-252
263,-303,17,-70,-9645,6072,286,-253
262,-303,18,-71,-9645,6072,285,-253
262,-303,18,-71,-9645,6072,285,-253
262,-303,18,-71,-9645,6072,285,-253
261,-304,17,-70,-9645,6072,284,-255
259,-305,17,-70,-9645,6072,283,-256
258,-306,17,-70,-9645,6072,281,-256
258,-306,17,-70,-9645,6072,281,-257
258,-306,16,-70,-9645,6072,281,-257
256,-307,16,-71,-9645,6072,280,-257
255,-307,15,-71,-9645,6072,279,-260
254,-308,15,-71,-9645,6072,278,-261
254,-310,16,-70,-9645,6072,279,-260
255,-311,17,-69,-9645,6072,279,-261
256,-312,17,-69,-9645,6072,280,-262
256,-313,16,-70,-9645,6072,280,-263
256,-313,15,-71,-9645,6072,280,-264
256,-312,14,-72,-9645,6072,280,-264
256,-312,14,-72,-9645,6072,280,-264
256,-313,15,-71,-9645,6072,280,-264
255,-313,17,-70,-9645,6072,279,-263
253,-314,17,-70,-9645,6072,278,-264
252,-315,15,-71,-9645,6072,277,-264
252,-315,14,-72,-9645,6072,277,-267
252,-315,14,-72,-9645,6072,277,-267
252,-315,14,-72,-9645,6072,277,-267
252,-315,14,-72,-9645,6072,277,-267
252,-315,13,-73,-9645,6072,277,-267
252,-315,14,-72,-9645,6072,277,-267
252,-315,15,-71,-9645,6072,278,-267
252,-316,17,-70,-9645,6072,277,-266
252,-318,17,-69,-9645,6072,277,-267
250,-319,16,-70,-9645,6072,275,-268
250,-319,15,-71,-9645,6072,275,-268
251,-319,14,-72,-9645,6072,275,-271
252,-319,14,-72,-9645,6072,277,-271
252,-319,15,-71,-9645,6072,277,-271
250,-319,16,-70,-9645,6072,275,-268
249,-320,15,-71,-9645,6072,274,-272
249,-320,14,-72,-9645,6072,274,-272
249,-319,13,-73,-9645,6072,274,-271
248,-318,13,-73,-9645,6072,273,-269
248,-318,13,-73,-9645,6072,273,-269
248,-319,13,-73,-9645,6072,273,-271
249,-320,13,-73,-9645,6072,274,-272
250,-320,13,-73,-9645,6072,275,-272
249,-320,13,-73,-9645,6072,274,-272
248,-320,13,-73,-9645,6072,273,-272
246,-321,13,-73,-9645,6072,272,-273
245,-323,13,-73,-9645,6072,271,-274
246,-325,13,-73,-9645,6072,272,-275
246,-325,13,-73,-9645,6072,274,-275
246,-323,13,-73,-9645,6072,273,-274
245,-322,13,-73,-9645,6072,271,-273
245,-322,12,-72,-9645,6072,271,-273
245,-322,12,-72,-9645,6072,271,-273
246,-323,12,-72,-9645,6072,272,-274
246,-324,12,-74,-9645,6072,272,-275
245,-325,12,-75,-9645,6072,273,-277
243,-326,11,-75,-9645,6072,271,-278
242,-327,11,-75,-9645,6072,271,-278
242,-327,11,-75,-9645,6072,269,-278
242,-327,10,-75,-9645,6072,271,-278
242,-327,11,-75,-9645,6072,271,-278
242,-327,10,-75,-9645,6072,271,-278
242,-326,10,-75,-9645,6072,271,-278
242,-327,10,-76,-9645,6072,271,-278
241,-327,9,-77,-9645,6072,269,-278
239,-328,9,-77,-9645,6072,267,-279
238,-329,9,-76,-9645,6072,267,-280
237,-329,11,-75,-9645,6072,266,-280
238,-329,12,-74,-9645,6072,266,-280
238,-329,12,-74,-9645,6072,267,-280
238,-329,10,-75,-9645,6072,267,-280
238,-329,8,-75,-9645,6072,266,-280
238,-329,8,-75,-9645,6072,266,-283
237,-329,8,-75,-9645,6072,263,-283
238,-329,8,-75,-9645,6072,264,-281
238,-330,7,-74,-9645,6072,264,-283
238,-331,7,-74,-9645,6072,264,-284
238,-332,7,-74,-9645,6072,264,-284
237,-332,9,-75,-9645,6072,263,-283
235,-331,10,-75,-9645,6072,262,-281
234,-331,10,-74,-9645,6072,261,-281
234,-331,8,-73,-9645,6072,261,-284
233,-332,7,-72,-9645,6072,260,-285
234,-332,7,-73,-9645,6072,261,-285
233,-332,7,-74,-9645,6072,260,-285
234,-332,8,-75,-9645,6072,261,-284
234,-332,8,-75,-9645,6072,261,-284
233,-332,7,-73,-9645,6072,260,-285
233,-332,6,-73,-9645,6072,260,-285
232,-333,6,-72,-9645,6072,258,-285
231,-333,6,-72,-9645,6072,258,-286
230,-334,6,-73,-9645,6072,257,-286
230,-334,6,-73,-9645,6072,257,-286
229,-334,6,-73,-9645,6072,256,-288
229,-335,6,-72,-9645,6072,256,-288
229,-334,6,-72,-9645,6072,256,-288
230,-334,6,-72,-9645,6072,257,-286
231,-334,6,-72,-9645,6072,257,-286
231,-334,6,-72,-9645,6072,258,-286
231,-334,6,-72,-9645,6072,257,-286
231,-333,6,-72,-9645,6072,258,-286
232,-332,6,-73,-9645,6072,258,-285
234,-333,6,-73,-9645,6072,261,-286
236,-334,6,-73,-9645,6072,262,-286
236,-336,6,-72,-9645,6072,263,-289
236,-336,6,-72,-9645,6072,263,-289
236,-336,6,-73,-9645,6072,263,-289
236,-336,7,-73,-9645,6072,262,-289
236,-336,7,-74,-9645,6072,263,-289
236,-336,8,-75,-9645,6072,263,-289
236,-336,9,-75,-9645,6072,264,-286
235,-336,9,-76,-9645,6072,263,-286
233,-338,10,-76,-9645,6072,262,-289
233,-340,10,-76,-9645,6072,262,-290
232,-340,9,-76,-9645,6072,262,-290
232,-340,9,-76,-9645,6072,262,-290
232,-339,9,-76,-9645,6072,262,-289
232,-338,10,-76,-9645,6072,261,-288
232,-338,9,-76,-9645,6072,261,-288
231,-338,9,-76,-9645,6072,261,-289
232,-339,9,-76,-9645,6072,261,-289
233,-340,9,-76,-9645,6072,262,-290
233,-340,9,-76,-9645,6072,262,-290
232,-340,9,-76,-9645,6072,262,-290
232,-339,10,-76,-9645,6072,261,-289
232,-338,9,-76,-9645,6072,261,-288
232,-338,9,-76,-9645,6072,261,-288
231,-339,9,-76,-9645,6072,261,-289
231,-339,10,-76,-9645,6072,260,-290
230,-339,10,-76,-9645,6072,260,-290
230,-339,9,-76,-9645,6072,260,-289
231,-339,8,-75,-9645,6072,261,-289
232,-338,8,-74,-9645,6072,260,-290
232,-338,7,-75,-9645,6072,260,-290
232,-339,8,-75,-9645,6072,258,-291
230,-339,8,-75,-9645,6072,260,-289
229,-340,8,-75,-9645,6072,256,-292
228,-341,8,-74,-9645,6072,256,-292
228,-341,7,-74,-9645,6072,256,-292
229,-340,6,-75,-9645,6072,257,-292
229,-340,5,-76,-9645,6072,257,-292
229,-340,4,-77,-9645,6072,258,-292
229,-340,4,-76,-9645,6072,256,-292
229,-342,5,-76,-9645,6072,257,-294
230,-343,5,-77,-9645,6072,260,-295
230,-345,5,-78,-9645,6072,260,-297
230,-346,5,-78,-9645,6072,260,-297
230,-346,5,-76,-9645,6072,257,-297
230,-345,5,-74,-9645,6072,257,-297
230,-345,4,-74,-9645,6072,257,-297
230,-345,4,-76,-9645,6072,257,-297
230,-345,4,-78,-9645,6072,260,-297
230,-345,3,-78,-9645,6072,260,-297
230,-345,4,-78,-9645,6072,260,-297
230,-345,5,-77,-9645,6072,260,-297
230,-345,7,-76,-9645,6072,260,-297
230,-345,9,-76,-9645,6072,260,-295
230,-346,9,-77,-9645,6072,260,-295
230,-346,8,-77,-9645,6072,260,-295
230,-345,8,-78,-9645,6072,260,-295
230,-344,8,-78,-9645,6072,260,-294
229,-344,7,-78,-9645,6072,258,-296
229,-343,6,-77,-9645,6072,258,-295
228,-342,6,-75,-9645,6072,256,-294
228,-341,6,-75,-9645,6072,255,-294
227,-341,5,-76,-9645,6072,255,-294
227,-341,4,-78,-9645,6072,257,-294
228,-341,4,-78,-9645,6072,257,-294
227,-341,4,-78,-9645,6072,257,-294
227,-341,4,-78,-9645,6072,257,-292
228,-341,4,-78,-9645,6072,257,-294
229,-343,4,-79,-9645,6072,258,-295
229,-344,5,-78,-9645,6072,258,-296
229,-344,5,-76,-9645,6072,256,-296
228,-342,5,-74,-9645,6072,256,-294
228,-342,6,-72,-9645,6072,255,-294
228,-342,6,-72,-9645,6072,256,-294
228,-343,6,-73,-9645,6072,256,-295
228,-342,6,-73,-9645,6072,256,-294
228,-341,6,-73,-9645,6072,255,-294
228,-341,6,-73,-9645,6072,255,-294
227,-343,5,-73,-9645,6072,255,-295
227,-344,4,-74,-9645,6072,255,-296
226,-343,5,-73,-9645,6072,253,-295
226,-343,6,-73,-9645,6072,253,-295
226,-343,6,-72,-9645,6072,253,-295
226,-345,7,-72,-9645,6072,253,-297
225,-346,6,-73,-9645,6072,253,-297
225,-346,5,-73,-9645,6072,252,-299
225,-347,4,-74,-9645,6072,253,-299
226,-347,4,-75,-9645,6072,253,-299
226,-348,3,-76,-9645,6072,253,-300
226,-348,3,-77,-9645,6072,253,-300
226,-348,4,-77,-9645,6072,256,-300
226,-348,4,-76,-9645,6072,253,-300
226,-349,4,-75,-9645,6072,253,-300
227,-350,4,-75,-9645,6072,255,-301
227,-350,4,-77,-9645,6072,255,-302
228,-351,4,-78,-9645,6072,258,-302
228,-351,3,-77,-9645,6072,256,-302
228,-351,3,-76,-9645,6072,256,-305
227,-350,3,-76,-9645,6072,255,-303
228,-351,3,-77,-9645,6072,256,-302
228,-352,4,-78,-9645,6072,258,-303
228,-352,3,-77,-9645,6072,256,-303
228,-351,3,-76,-9645,6072,256,-302
227,-349,3,-76,-9645,6072,255,-302
226,-348,3,-76,-9645,6072,253,-301
226,-347,3,-76,-9645,6072,253,-301
226,-348,3,-76,-9645,6072,253,-301
226,-348,3,-76,-9645,6072,253,-302
226,-348,3,-76,-9645,6072,253,-300
226,-348,3,-77,-9645,6072,253,-300
226,-348,4,-77,-9645,6072,256,-300
226,-348,3,-77,-9645,6072,253,-300
226,-348,3,-76,-9645,6072,253,-300
226,-348,3,-76,-9645,6072,253,-301
226,-348,3,-76,-9645,6072,253,-301
226,-348,3,-76,-9645,6072,253,-301
226,-348,3,-76,-9645,6072,253,-301
226,-348,3,-76,-9645,6072,253,-301
226,-348,3,-76,-9645,6072,253,-302
226,-348,3,-76,-9645,6072,253,-301
225,-346,3,-76,-9645,6072,252,-300
224,-345,3,-76,-9645,6072,252,-299
225,-345,3,-76,-9645,6072,252,-299
225,-346,3,-76,-9645,6072,252,-300
224,-349,3,-76,-9645,6072,252,-302
224,-350,3,-76,-9645,6072,252,-303
223,-350,3,-76,-9645,6072,251,-303
223,-350,3,-76,-9645,6072,251,-303
223,-350,3,-76,-9645,6072,251,-303
224,-349,3,-76,-9645,6072,252,-302
224,-349,3,-76,-9645,6072,252,-302
225,-348,3,-76,-9645,6072,252,-302
224,-349,3,-76,-9645,6072,252,-302
224,-349,3,-76,-9645,6072,251,-303
223,-350,3,-76,-9645,6072,251,-303
223,-350,3,-76,-9645,6072,251,-303
223,-350,3,-76,-9645,6072,251,-303
223,-350,3,-76,-9645,6072,251,-303
224,-349,3,-76,-9645,6072,252,-302
225,-348,3,-76,-9645,6072,252,-302
225,-348,3,-76,-9645,6072,253,-302
225,-348,3,-76,-9645,6072,252,-302
224,-349,3,-76,-9645,6072,252,-302
225,-348,3,-76,-9645,6072,252,-302
226,-348,3,-76,-9645,6072,253,-302
226,-347,3,-76,-9645,6072,253,-301
226,-347,3,-76,-9645,6073,253,-301
226,-348,3,-76,-9645,6074,253,-301
226,-348,3,-76,-9645,6074,253,-302
226,-348,3,-77,-9645,6074,253,-300
226,-347,4,-77,-9645,6073,256,-299
225,-347,4,-78,-9645,6072,255,-299
225,-346,4,-78,-9645,6072,255,-297
225,-346,4,-78,-9645,6072,255,-297
225,-346,4,-78,-9645,6072,255,-299
225,-346,3,-77,-9645,6072,252,-299
225,-346,3,-76,-9645,6072,252,-301
225,-346,2,-75,-9645,6072,252,-300
226,-346,3,-76,-9645,6072,253,-300
225,-347,3,-77,-9645,6072,253,-299
224,-348,4,-77,-9645,6072,255,-300
222,-348,3,-77,-9645,6072,250,-300
221,-349,3,-76,-9645,6072,250,-300
221,-349,3,-76,-9645,6072,249,-303
221,-350,3,-76,-9645,6072,250,-303
222,-350,3,-76,-9645,6072,250,-305
222,-350,3,-76,-9645,6072,250,-305
222,-350,3,-76,-9645,6072,250,-303
222,-350,3,-76,-9645,6072,250,-303
222,-350,2,-76,-9645,6072,250,-303
222,-350,2,-76,-9645,6072,250,-303
222,-350,3,-76,-9645,6072,250,-303
222,-350,3,-76,-9645,6072,250,-303
222,-350,3,-76,-9645,6072,250,-303
222,-350,2,-76,-9645,6072,250,-303
222,-350,1,-77,-9645,6072,250,-303
222,-350,1,-77,-9645,6072,250,-303
222,-350,2,-77,-9645,6072,250,-303
222,-350,2,-76,-9645,6072,250,-303
222,-350,1,-76,-9645,6072,250,-303
222,-350,0,-77,-9645,6072,250,-303
222,-350,0,-77,-9645,6072,250,-303
222,-350,0,-77,-9645,6072,250,-303
222,-350,0,-78,-9645,6072,250,-303
222,-350,0,-79,-9645,6072,252,-303
222,-350,0,-78,-9645,6072,250,-303
222,-350,1,-77,-9645,6072,250,-303
222,-350,1,-77,-9645,6072,250,-303
222,-350,0,-78,-9645,6072,250,-303
222,-350,0,-78,-9645,6072,250,-303
222,-350,1,-77,-9645,6072,250,-303
222,-350,2,-76,-9645,6072,250,-303
222,-350,3,-75,-9645,6072,250,-303
